[ 82, 15, 0,[ 37, 84, 83, 68, 87, 52]],

[ 37, 95, 1,[ 82, 39, 35, 42, 36, 38, 96]],

[ 84, 15, 0,[ 72, 96, 85, 82, 61, 40]],

[ 27, 25, 0,[ 28, 29, 25]],

[ 73, 25, 0,[ 80, 75, 74]],

[ 59, 15, 0,[ 60, 57, 61, 4, 51]],

[ 78, 25, 0,[ 76, 57, 79, 20]],

[ 69, 15, 0,[ 70, 67]],

[ 16, 25, 0,[ 14, 17, 18, 15]],

[ 64, 25, 0,[ 35, 65, 66]],

[ 56, 15, 0,[ 58, 54, 43, 11, 23]],

[ 46, 15, 0,[ 35, 17, 44, 48, 5]],

[ 17, 25, 1,[ 16, 66, 91, 46, 29, 19]],

[ 61, 95, 1,[ 62, 60, 9, 88, 59, 84, 26]],

[ 75, 25, 0,[ 80, 31, 24, 74, 73]],

[ 86, 25, 0,[ 87, 29]],

[ 93, 15, 0,[ 62, 42]],

[ 0, 15, 0,[ 2, 1, 44]],

[ 51, 15, 0,[ 32, 49, 8, 59]],

[ 62, 15, 0,[ 61, 93, 22, 44]],

[ 9, 35, 0,[ 10, 8, 61]],

[ 90, 15, 0,[ 31, 8, 89, 68]],

[ 94, 25, 0,[ 72, 87, 91, 97]],

[ 42, 15, 0,[ 37, 44, 40, 93, 81]],

[ 38, 15, 0,[ 37, 39, 40]],

[ 70, 15, 0,[ 1, 69, 99]],

[ 96, 35, 1,[ 68, 37, 30, 84, 97, 12, 33]],

[ 12, 35, 0,[ 11, 96, 36]],

[ 52, 25, 1,[ 10, 26, 66, 82, 50, 48, 31]],

[ 4, 15, 0,[ 59, 6, 65]],

[ 55, 15, 0,[ 41, 53, 54]],

[ 95, 15, 0,[ 54, 6, 85, 92]],

[ 22, 15, 0,[ 92, 5, 20, 62]],

[ 3, 25, 0,[ 81, 77]],

[ 1, 15, 0,[ 0, 70, 89]],

[ 30, 25, 0,[ 28, 96, 31]],

[ 6, 15, 0,[ 8, 4, 99, 95, 5]],

[ 76, 25, 0,[ 74, 77, 78, 35, 13]],

[ 54, 15, 0,[ 55, 95, 53, 56]],

[ 2, 25, 0,[ 72, 66, 0]],

[ 21, 25, 0,[ 23, 19, 20]],

[ 91, 25, 0,[ 94, 77, 17]],

[ 79, 25, 0,[ 24, 78, 98, 80]],

[ 24, 25, 0,[ 79, 26, 23, 68, 75, 63]],

[ 25, 25, 0,[ 27, 23, 34]],

[ 20, 25, 0,[ 18, 22, 21, 78]],

[ 26, 25, 0,[ 19, 61, 52, 24]],

[ 97, 15, 0,[ 98, 67, 96, 80, 94, 99]],

[ 23, 25, 0,[ 21, 24, 56, 25, 72]],

[ 68, 15, 0,[ 24, 96, 82, 90, 48, 32]],

[ 44, 15, 0,[ 46, 45, 43, 42, 0, 62]],

[ 10, 35, 0,[ 11, 9, 52, 13, 8]],

[ 48, 15, 0,[ 46, 13, 68, 52, 47]],

[ 43, 15, 0,[ 44, 85, 56]],

[ 49, 15, 0,[ 47, 51, 50]],

[ 14, 25, 0,[ 16]],

[ 28, 25, 0,[ 30, 27]],

[ 35, 35, 1,[ 63, 46, 64, 76, 34, 37, 33]],

[ 50, 35, 0,[ 49, 52, 8]],

[ 77, 25, 0,[ 3, 91, 76]],

[ 74, 25, 0,[ 72, 73, 75, 76]],

[ 80, 5, 1,[ 79, 81, 15, 73, 75, 97]],

[ 39, 15, 0,[ 41, 37, 88, 38]],

[ 63, 35, 0,[ 71, 24, 35]],

[ 89, 15, 1,[ 87, 58, 47, 90, 15, 88, 1]],

[ 18, 25, 0,[ 16, 19, 20]],

[ 19, 25, 0,[ 17, 18, 26, 21, 81]],

[ 71, 15, 0,[ 81, 63, 32, 45]],

[ 40, 15, 0,[ 42, 41, 38, 84]],

[ 47, 15, 0,[ 49, 48, 89]],

[ 29, 25, 0,[ 86, 17, 27, 13]],

[ 15, 15, 0,[ 16, 80, 89]],

[ 45, 15, 0,[ 44, 71]],

[ 65, 25, 0,[ 66, 64, 4]],

[ 11, 35, 0,[ 12, 10, 56]],

[ 7, 35, 0,[ 8]],

[ 98, 15, 0,[ 97, 79]],

[ 99, 15, 0,[ 31, 6, 67, 97, 70]],

[ 36, 95, 0,[ 12, 37, 81]],

[ 8, 35, 1,[ 7, 10, 50, 90, 9, 51, 6]],

[ 57, 15, 0,[ 59, 78, 58]],

[ 88, 15, 0,[ 89, 39, 61, 32]],

[ 13, 25, 0,[ 10, 48, 29, 76]],

[ 32, 15, 0,[ 71, 31, 88, 51, 68]],

[ 83, 15, 0,[ 82, 85, 92]],

[ 53, 15, 0,[ 55, 54]],

[ 81, 25, 0,[ 71, 3, 19, 36, 42, 80]],

[ 92, 15, 0,[ 83, 95, 22, 60]],

[ 33, 35, 0,[ 31, 96, 34, 35]],

[ 58, 15, 0,[ 57, 89, 56]],

[ 67, 15, 0,[ 69, 97, 99]],

[ 41, 15, 0,[ 39, 55, 40]],

[ 85, 15, 0,[ 84, 43, 83, 95]],

[ 31, 25, 1,[ 90, 30, 75, 99, 52, 33, 32]],

[ 34, 35, 0,[ 25, 35, 33]],

[ 87, 25, 0,[ 82, 89, 86, 94]],

[ 5, 15, 0,[ 22, 46, 6]],

[ 60, 15, 0,[ 92, 61, 59]],

[ 72, 25, 0,[ 2, 23, 94, 74, 84]],

[ 66, 25, 0,[ 52, 2, 64, 65, 17]],

