[ 21, 65, 0,[ 19, 20, 23]],

[ 35, 65, 0,[ 33, 63, 37, 34, 46, 76, 64]],

[ 37, 65, 0,[ 39, 38, 96, 82, 35, 42, 36]],

[ 74, 65, 0,[ 72, 73, 76, 75]],

[ 77, 65, 0,[ 3, 76, 91]],

[ 51, 65, 0,[ 8, 59, 49, 32]],

[ 81, 65, 0,[ 80, 19, 42, 36, 3, 71]],

[ 43, 65, 0,[ 44, 85, 56]],

[ 25, 65, 0,[ 34, 23, 27]],

[ 96, 65, 0,[ 68, 33, 30, 97, 37, 84, 12]],

[ 33, 65, 0,[ 35, 31, 34, 96]],

[ 65, 65, 0,[ 4, 66, 64]],

[ 46, 65, 0,[ 5, 44, 35, 17, 48]],

[ 52, 65, 0,[ 66, 50, 82, 48, 10, 26, 31]],

[ 34, 65, 0,[ 35, 33, 25]],

[ 24, 65, 0,[ 68, 26, 75, 63, 23, 79]],

[ 49, 65, 0,[ 47, 50, 51]],

[ 31, 65, 0,[ 32, 52, 90, 99, 33, 75, 30]],

[ 86, 5, 1,[ 87, 29]],

[ 91, 65, 0,[ 77, 17, 94]],

[ 67, 65, 0,[ 69, 99, 97]],

[ 73, 65, 0,[ 74, 75, 80]],

[ 41, 55, 1,[ 39, 40, 55]],

[ 29, 65, 0,[ 13, 86, 27, 17]],

[ 58, 65, 0,[ 89, 57, 56]],

[ 45, 75, 1,[ 71, 44]],

[ 80, 65, 0,[ 81, 15, 75, 97, 79, 73]],

[ 0, 65, 0,[ 1, 2, 44]],

[ 99, 65, 0,[ 31, 97, 70, 6, 67]],

[ 36, 65, 0,[ 37, 81, 12]],

[ 64, 65, 0,[ 66, 35, 65]],

[ 4, 65, 0,[ 6, 59, 65]],

[ 85, 65, 0,[ 83, 95, 43, 84]],

[ 48, 65, 0,[ 47, 52, 46, 68, 13]],

[ 63, 65, 0,[ 24, 35, 71]],

[ 28, 25, 1,[ 27, 30]],

[ 98, 65, 1,[ 97, 79]],

[ 60, 65, 0,[ 59, 61, 92]],

[ 89, 65, 0,[ 88, 90, 58, 15, 87, 1, 47]],

[ 55, 5, 0,[ 54, 53, 41]],

[ 5, 65, 0,[ 46, 6, 22]],

[ 2, 65, 0,[ 66, 72, 0]],

[ 69, 65, 1,[ 67, 70]],

[ 26, 65, 0,[ 19, 24, 61, 52]],

[ 62, 65, 0,[ 93, 22, 44, 61]],

[ 32, 65, 0,[ 88, 68, 51, 31, 71]],

[ 82, 65, 0,[ 84, 68, 37, 52, 83, 87]],

[ 20, 65, 0,[ 18, 21, 78, 22]],

[ 92, 65, 0,[ 95, 60, 22, 83]],

[ 38, 65, 0,[ 40, 37, 39]],

[ 68, 65, 0,[ 90, 24, 96, 32, 82, 48]],

[ 71, 65, 0,[ 63, 81, 32, 45]],

[ 9, 65, 0,[ 8, 61, 10]],

[ 94, 65, 0,[ 87, 97, 72, 91]],

[ 93, 65, 1,[ 42, 62]],

[ 79, 65, 0,[ 80, 78, 24, 98]],

[ 83, 65, 0,[ 85, 82, 92]],

[ 15, 65, 0,[ 16, 89, 80]],

[ 18, 65, 0,[ 16, 20, 19]],

[ 72, 65, 0,[ 2, 94, 74, 84, 23]],

[ 23, 65, 0,[ 24, 72, 25, 21, 56]],

[ 19, 65, 0,[ 26, 17, 81, 18, 21]],

[ 8, 65, 0,[ 90, 7, 51, 50, 9, 6, 10]],

[ 39, 65, 0,[ 88, 41, 38, 37]],

[ 14, 5, 1,[ 16]],

[ 47, 65, 0,[ 49, 48, 89]],

[ 66, 65, 0,[ 65, 64, 52, 17, 2]],

[ 10, 65, 0,[ 11, 9, 13, 8, 52]],

[ 27, 65, 0,[ 29, 28, 25]],

[ 90, 65, 0,[ 89, 31, 8, 68]],

[ 70, 65, 0,[ 1, 69, 99]],

[ 30, 65, 0,[ 96, 28, 31]],

[ 12, 65, 0,[ 96, 11, 36]],

[ 97, 65, 0,[ 99, 94, 80, 67, 96, 98]],

[ 75, 65, 0,[ 31, 74, 73, 24, 80]],

[ 44, 65, 0,[ 46, 45, 0, 42, 62, 43]],

[ 1, 65, 0,[ 0, 70, 89]],

[ 16, 65, 0,[ 15, 14, 18, 17]],

[ 17, 65, 0,[ 29, 46, 91, 66, 16, 19]],

[ 13, 65, 0,[ 29, 76, 48, 10]],

[ 84, 65, 0,[ 85, 82, 61, 40, 72, 96]],

[ 59, 65, 0,[ 61, 4, 60, 57, 51]],

[ 56, 65, 0,[ 11, 54, 23, 58, 43]],

[ 3, 75, 1,[ 77, 81]],

[ 6, 65, 0,[ 95, 4, 5, 8, 99]],

[ 42, 65, 0,[ 44, 40, 37, 93, 81]],

[ 40, 65, 0,[ 41, 42, 84, 38]],

[ 7, 5, 0,[ 8]],

[ 22, 65, 0,[ 92, 62, 20, 5]],

[ 76, 65, 0,[ 74, 77, 35, 13, 78]],

[ 78, 65, 0,[ 57, 76, 20, 79]],

[ 88, 65, 0,[ 89, 61, 32, 39]],

[ 54, 65, 0,[ 95, 53, 56, 55]],

[ 87, 65, 0,[ 94, 86, 89, 82]],

[ 61, 65, 0,[ 62, 59, 9, 88, 84, 26, 60]],

[ 57, 65, 0,[ 78, 59, 58]],

[ 95, 65, 0,[ 92, 85, 54, 6]],

[ 53, 35, 1,[ 55, 54]],

[ 50, 65, 0,[ 49, 52, 8]],

[ 11, 65, 0,[ 10, 56, 12]],

