[ 87, 15, 1,[ 86, 82, 94, 89]],

[ 14, 95, 0,[ 16]],

[ 99, 25, 1,[ 97, 70, 67, 6, 31]],

[ 51, 25, 0,[ 49, 59, 32, 8]],

[ 69, 65, 0,[ 67, 70]],

[ 6, 45, 1,[ 99, 4, 5, 8, 95]],

[ 24, 65, 1,[ 63, 68, 23, 75, 26, 79]],

[ 81, 75, 1,[ 42, 36, 80, 3, 19, 71]],

[ 4, 35, 0,[ 65, 6, 59]],

[ 64, 65, 0,[ 35, 65, 66]],

[ 61, 35, 1,[ 60, 59, 26, 84, 62, 9, 88]],

[ 3, 75, 0,[ 81, 77]],

[ 79, 45, 1,[ 98, 24, 80, 78]],

[ 59, 35, 1,[ 4, 61, 57, 60, 51]],

[ 96, 35, 1,[ 84, 97, 68, 37, 12, 30, 33]],

[ 15, 95, 0,[ 80, 89, 16]],

[ 52, 25, 1,[ 50, 82, 10, 48, 26, 66, 31]],

[ 76, 25, 1,[ 74, 13, 35, 78, 77]],

[ 41, 65, 0,[ 40, 39, 55]],

[ 20, 85, 1,[ 18, 21, 78, 22]],

[ 58, 25, 0,[ 57, 89, 56]],

[ 31, 5, 1,[ 52, 75, 90, 33, 32, 99, 30]],

[ 10, 5, 1,[ 11, 52, 8, 9, 13]],

[ 93, 55, 0,[ 42, 62]],

[ 98, 65, 0,[ 97, 79]],

[ 95, 45, 0,[ 85, 6, 92, 54]],

[ 34, 15, 0,[ 35, 25, 33]],

[ 21, 85, 0,[ 19, 23, 20]],

[ 71, 25, 0,[ 63, 32, 81, 45]],

[ 83, 35, 0,[ 92, 85, 82]],

[ 97, 65, 1,[ 99, 94, 67, 96, 80, 98]],

[ 67, 65, 0,[ 97, 99, 69]],

[ 0, 75, 0,[ 1, 44, 2]],

[ 46, 65, 1,[ 5, 17, 35, 48, 44]],

[ 23, 55, 1,[ 21, 25, 56, 72, 24]],

[ 44, 45, 1,[ 43, 45, 0, 46, 62, 42]],

[ 53, 65, 0,[ 54, 55]],

[ 91, 75, 0,[ 17, 77, 94]],

[ 11, 5, 0,[ 56, 10, 12]],

[ 35, 15, 1,[ 46, 33, 76, 34, 63, 64, 37]],

[ 7, 45, 0,[ 8]],

[ 19, 45, 1,[ 26, 81, 21, 18, 17]],

[ 89, 25, 1,[ 87, 58, 15, 47, 90, 1, 88]],

[ 85, 55, 1,[ 83, 43, 84, 95]],

[ 90, 55, 1,[ 89, 31, 68, 8]],

[ 73, 85, 0,[ 75, 74, 80]],

[ 92, 15, 1,[ 83, 95, 60, 22]],

[ 77, 25, 0,[ 91, 3, 76]],

[ 66, 65, 1,[ 65, 64, 52, 17, 2]],

[ 9, 45, 0,[ 8, 61, 10]],

[ 12, 35, 0,[ 96, 11, 36]],

[ 40, 55, 1,[ 84, 42, 41, 38]],

[ 72, 65, 1,[ 23, 94, 2, 84, 74]],

[ 80, 85, 1,[ 15, 75, 73, 79, 97, 81]],

[ 27, 5, 0,[ 28, 29, 25]],

[ 25, 5, 0,[ 34, 23, 27]],

[ 57, 35, 0,[ 78, 59, 58]],

[ 13, 5, 0,[ 10, 48, 29, 76]],

[ 30, 35, 0,[ 31, 28, 96]],

[ 1, 75, 0,[ 0, 70, 89]],

[ 26, 65, 1,[ 61, 19, 24, 52]],

[ 32, 25, 1,[ 31, 88, 68, 71, 51]],

[ 2, 65, 0,[ 72, 66, 0]],

[ 28, 35, 0,[ 27, 30]],

[ 86, 5, 0,[ 29, 87]],

[ 43, 45, 0,[ 85, 56, 44]],

[ 29, 5, 1,[ 86, 13, 17, 27]],

[ 70, 75, 0,[ 69, 99, 1]],

[ 65, 65, 0,[ 4, 64, 66]],

[ 42, 55, 1,[ 44, 93, 37, 81, 40]],

[ 47, 25, 0,[ 89, 48, 49]],

[ 56, 25, 1,[ 23, 43, 54, 58, 11]],

[ 74, 85, 1,[ 72, 76, 75, 73]],

[ 75, 35, 1,[ 31, 24, 74, 80, 73]],

[ 36, 65, 0,[ 81, 12, 37]],

[ 16, 95, 1,[ 15, 14, 17, 18]],

[ 54, 65, 1,[ 95, 56, 53, 55]],

[ 5, 45, 0,[ 6, 46, 22]],

[ 49, 25, 0,[ 47, 51, 50]],

[ 68, 25, 1,[ 96, 24, 48, 82, 32, 90]],

[ 37, 65, 1,[ 82, 39, 96, 38, 35, 42, 36]],

[ 8, 45, 1,[ 51, 7, 50, 10, 9, 90, 6]],

[ 17, 75, 1,[ 46, 29, 16, 91, 66, 19]],

[ 18, 45, 0,[ 16, 20, 19]],

[ 88, 85, 1,[ 61, 39, 89, 32]],

[ 82, 35, 1,[ 68, 87, 52, 83, 37, 84]],

[ 45, 45, 0,[ 71, 44]],

[ 60, 35, 0,[ 92, 61, 59]],

[ 48, 75, 1,[ 47, 68, 46, 52, 13]],

[ 63, 15, 0,[ 24, 35, 71]],

[ 62, 45, 0,[ 22, 44, 61, 93]],

[ 84, 55, 1,[ 61, 85, 72, 40, 96, 82]],

[ 50, 25, 0,[ 49, 8, 52]],

[ 55, 65, 0,[ 41, 54, 53]],

[ 22, 25, 1,[ 20, 92, 5, 62]],

[ 39, 65, 1,[ 37, 41, 38, 88]],

[ 38, 65, 0,[ 40, 39, 37]],

[ 94, 25, 1,[ 87, 72, 97, 91]],

[ 78, 65, 1,[ 20, 57, 76, 79]],

[ 33, 25, 1,[ 31, 35, 34, 96]],

