[ 38, 5, 0,[ 40, 37, 39]],

[ 68, 5, 0,[ 48, 32, 96, 90, 24, 82]],

[ 51, 5, 0,[ 59, 8, 32, 49]],

[ 10, 5, 0,[ 9, 52, 11, 8, 13]],

[ 0, 5, 0,[ 1, 44, 2]],

[ 28, 85, 1,[ 27, 30]],

[ 46, 5, 0,[ 35, 5, 17, 44, 48]],

[ 54, 5, 0,[ 55, 53, 95, 56]],

[ 22, 5, 0,[ 20, 92, 62, 5]],

[ 21, 5, 0,[ 23, 20, 19]],

[ 8, 5, 0,[ 10, 9, 6, 90, 7, 50, 51]],

[ 23, 5, 0,[ 56, 24, 72, 25, 21]],

[ 58, 5, 0,[ 56, 89, 57]],

[ 71, 5, 0,[ 32, 63, 81, 45]],

[ 31, 5, 0,[ 32, 33, 52, 30, 99, 90, 75]],

[ 78, 5, 0,[ 76, 57, 79, 20]],

[ 60, 5, 0,[ 61, 92, 59]],

[ 82, 5, 0,[ 84, 87, 68, 37, 83, 52]],

[ 66, 5, 0,[ 65, 52, 17, 64, 2]],

[ 76, 5, 0,[ 77, 35, 74, 78, 13]],

[ 89, 5, 0,[ 88, 1, 15, 58, 47, 90, 87]],

[ 2, 5, 0,[ 72, 66, 0]],

[ 33, 5, 0,[ 31, 96, 35, 34]],

[ 17, 5, 0,[ 16, 46, 91, 66, 29, 19]],

[ 3, 15, 1,[ 81, 77]],

[ 44, 5, 0,[ 0, 43, 62, 46, 42, 45]],

[ 94, 5, 0,[ 72, 97, 91, 87]],

[ 13, 5, 0,[ 29, 48, 76, 10]],

[ 11, 5, 0,[ 10, 12, 56]],

[ 5, 5, 0,[ 46, 22, 6]],

[ 65, 5, 0,[ 66, 64, 4]],

[ 72, 5, 0,[ 23, 94, 74, 84, 2]],

[ 18, 5, 0,[ 16, 20, 19]],

[ 57, 5, 0,[ 59, 58, 78]],

[ 93, 85, 1,[ 42, 62]],

[ 61, 5, 0,[ 88, 62, 60, 9, 26, 84, 59]],

[ 87, 5, 0,[ 94, 86, 89, 82]],

[ 75, 5, 0,[ 24, 74, 73, 31, 80]],

[ 56, 5, 0,[ 58, 23, 54, 43, 11]],

[ 39, 5, 0,[ 41, 37, 38, 88]],

[ 96, 5, 0,[ 33, 37, 12, 30, 68, 97, 84]],

[ 37, 5, 0,[ 42, 38, 39, 82, 96, 35, 36]],

[ 62, 5, 0,[ 61, 22, 93, 44]],

[ 20, 5, 0,[ 78, 22, 18, 21]],

[ 9, 5, 0,[ 10, 61, 8]],

[ 86, 75, 1,[ 29, 87]],

[ 90, 5, 0,[ 8, 89, 31, 68]],

[ 48, 5, 0,[ 46, 47, 13, 68, 52]],

[ 1, 5, 0,[ 0, 70, 89]],

[ 14, 5, 0,[ 16]],

[ 7, 5, 1,[ 8]],

[ 26, 5, 0,[ 19, 52, 24, 61]],

[ 34, 5, 0,[ 35, 33, 25]],

[ 45, 85, 1,[ 71, 44]],

[ 83, 5, 0,[ 82, 92, 85]],

[ 81, 5, 0,[ 3, 36, 80, 71, 42, 19]],

[ 67, 5, 0,[ 97, 99, 69]],

[ 30, 5, 0,[ 31, 28, 96]],

[ 43, 5, 0,[ 44, 56, 85]],

[ 40, 5, 0,[ 42, 84, 38, 41]],

[ 50, 5, 0,[ 8, 52, 49]],

[ 63, 5, 0,[ 35, 24, 71]],

[ 80, 5, 0,[ 75, 81, 15, 79, 97, 73]],

[ 98, 15, 1,[ 97, 79]],

[ 77, 5, 0,[ 91, 76, 3]],

[ 88, 5, 0,[ 61, 32, 89, 39]],

[ 35, 5, 0,[ 63, 64, 46, 76, 37, 33, 34]],

[ 74, 5, 0,[ 75, 73, 72, 76]],

[ 84, 5, 0,[ 61, 85, 96, 82, 40, 72]],

[ 55, 5, 0,[ 54, 53, 41]],

[ 16, 5, 0,[ 15, 14, 18, 17]],

[ 25, 5, 0,[ 34, 27, 23]],

[ 92, 5, 0,[ 22, 95, 83, 60]],

[ 73, 5, 0,[ 80, 75, 74]],

[ 64, 5, 0,[ 66, 65, 35]],

[ 69, 5, 1,[ 70, 67]],

[ 19, 5, 0,[ 81, 18, 26, 17, 21]],

[ 4, 5, 0,[ 59, 65, 6]],

[ 47, 5, 0,[ 48, 89, 49]],

[ 12, 5, 0,[ 36, 96, 11]],

[ 6, 5, 0,[ 4, 5, 8, 99, 95]],

[ 95, 5, 0,[ 6, 92, 85, 54]],

[ 91, 5, 0,[ 17, 77, 94]],

[ 24, 5, 0,[ 75, 26, 79, 68, 63, 23]],

[ 49, 5, 0,[ 47, 51, 50]],

[ 41, 5, 0,[ 55, 39, 40]],

[ 79, 5, 0,[ 80, 78, 24, 98]],

[ 99, 5, 0,[ 6, 67, 97, 70, 31]],

[ 53, 35, 1,[ 55, 54]],

[ 42, 5, 0,[ 37, 81, 93, 40, 44]],

[ 70, 5, 0,[ 1, 99, 69]],

[ 29, 5, 0,[ 17, 86, 27, 13]],

[ 97, 5, 0,[ 80, 99, 96, 94, 67, 98]],

[ 52, 5, 0,[ 66, 82, 26, 10, 50, 31, 48]],

[ 85, 5, 0,[ 43, 95, 83, 84]],

[ 32, 5, 0,[ 31, 71, 88, 51, 68]],

[ 15, 5, 0,[ 16, 89, 80]],

[ 36, 65, 1,[ 12, 37, 81]],

[ 59, 5, 0,[ 4, 57, 51, 60, 61]],

[ 27, 5, 0,[ 28, 25, 29]],

