[ 0, 55, 0,[ 2, 1, 44]],

[ 31, 55, 0,[ 52, 30, 32, 99, 33, 75, 90]],

[ 53, 25, 1,[ 54, 55]],

[ 90, 55, 0,[ 31, 68, 89, 8]],

[ 91, 55, 0,[ 77, 17, 94]],

[ 61, 55, 0,[ 26, 62, 88, 60, 9, 84, 59]],

[ 60, 55, 0,[ 92, 61, 59]],

[ 40, 55, 0,[ 38, 84, 41, 42]],

[ 2, 55, 0,[ 0, 72, 66]],

[ 80, 55, 0,[ 81, 75, 15, 97, 79, 73]],

[ 8, 55, 0,[ 6, 10, 7, 90, 51, 50, 9]],

[ 15, 55, 0,[ 80, 89, 16]],

[ 17, 55, 0,[ 29, 91, 16, 19, 46, 66]],

[ 10, 55, 0,[ 9, 8, 11, 52, 13]],

[ 88, 55, 0,[ 89, 61, 39, 32]],

[ 56, 55, 0,[ 11, 43, 23, 58, 54]],

[ 48, 55, 0,[ 13, 47, 46, 52, 68]],

[ 73, 55, 0,[ 74, 80, 75]],

[ 16, 55, 0,[ 14, 17, 18, 15]],

[ 82, 55, 0,[ 37, 87, 68, 52, 84, 83]],

[ 49, 55, 0,[ 50, 51, 47]],

[ 6, 55, 0,[ 5, 4, 8, 99, 95]],

[ 33, 55, 0,[ 31, 96, 34, 35]],

[ 20, 55, 0,[ 22, 18, 78, 21]],

[ 76, 55, 0,[ 74, 35, 13, 77, 78]],

[ 75, 55, 0,[ 80, 73, 31, 24, 74]],

[ 93, 95, 1,[ 42, 62]],

[ 24, 55, 0,[ 75, 79, 68, 63, 23, 26]],

[ 54, 25, 0,[ 53, 56, 55, 95]],

[ 84, 55, 0,[ 82, 72, 96, 85, 40, 61]],

[ 3, 45, 1,[ 77, 81]],

[ 45, 25, 1,[ 71, 44]],

[ 96, 55, 0,[ 37, 68, 30, 97, 12, 84, 33]],

[ 4, 55, 0,[ 6, 59, 65]],

[ 67, 55, 0,[ 97, 69, 99]],

[ 21, 55, 0,[ 19, 20, 23]],

[ 32, 55, 0,[ 68, 51, 31, 71, 88]],

[ 14, 85, 1,[ 16]],

[ 34, 55, 0,[ 33, 25, 35]],

[ 63, 55, 0,[ 35, 71, 24]],

[ 58, 55, 0,[ 56, 89, 57]],

[ 46, 55, 0,[ 48, 5, 17, 35, 44]],

[ 13, 55, 0,[ 29, 10, 48, 76]],

[ 57, 55, 0,[ 58, 59, 78]],

[ 78, 55, 0,[ 20, 76, 79, 57]],

[ 99, 55, 0,[ 67, 6, 70, 31, 97]],

[ 83, 55, 0,[ 92, 85, 82]],

[ 41, 55, 0,[ 39, 55, 40]],

[ 19, 55, 0,[ 21, 81, 17, 18, 26]],

[ 18, 55, 0,[ 20, 16, 19]],

[ 26, 55, 0,[ 61, 52, 24, 19]],

[ 85, 55, 0,[ 95, 83, 84, 43]],

[ 42, 55, 0,[ 40, 81, 37, 93, 44]],

[ 92, 55, 0,[ 83, 95, 60, 22]],

[ 89, 55, 0,[ 90, 87, 47, 15, 88, 58, 1]],

[ 23, 55, 0,[ 56, 25, 21, 24, 72]],

[ 37, 55, 0,[ 38, 42, 82, 96, 35, 39, 36]],

[ 29, 55, 0,[ 17, 27, 13, 86]],

[ 69, 85, 1,[ 67, 70]],

[ 25, 55, 0,[ 23, 27, 34]],

[ 86, 25, 1,[ 87, 29]],

[ 97, 55, 0,[ 94, 98, 67, 80, 99, 96]],

[ 35, 55, 0,[ 64, 76, 34, 46, 37, 63, 33]],

[ 59, 55, 0,[ 51, 60, 61, 57, 4]],

[ 44, 55, 0,[ 46, 42, 43, 62, 0, 45]],

[ 1, 55, 0,[ 89, 0, 70]],

[ 28, 85, 1,[ 27, 30]],

[ 68, 55, 0,[ 32, 90, 96, 82, 24, 48]],

[ 11, 55, 0,[ 12, 56, 10]],

[ 81, 55, 0,[ 36, 71, 80, 3, 42, 19]],

[ 39, 55, 0,[ 38, 88, 37, 41]],

[ 38, 55, 0,[ 40, 39, 37]],

[ 79, 55, 0,[ 98, 78, 80, 24]],

[ 62, 55, 0,[ 44, 22, 93, 61]],

[ 12, 55, 0,[ 96, 11, 36]],

[ 22, 55, 0,[ 62, 92, 20, 5]],

[ 72, 55, 0,[ 2, 94, 23, 84, 74]],

[ 51, 55, 0,[ 49, 8, 59, 32]],

[ 50, 55, 0,[ 8, 49, 52]],

[ 65, 55, 0,[ 64, 66, 4]],

[ 98, 65, 1,[ 97, 79]],

[ 7, 65, 0,[ 8]],

[ 70, 55, 0,[ 99, 1, 69]],

[ 52, 55, 0,[ 50, 66, 82, 10, 26, 31, 48]],

[ 47, 55, 0,[ 49, 48, 89]],

[ 64, 55, 0,[ 65, 66, 35]],

[ 87, 55, 0,[ 82, 86, 89, 94]],

[ 55, 25, 1,[ 54, 53, 41]],

[ 27, 55, 0,[ 28, 25, 29]],

[ 66, 55, 0,[ 2, 65, 64, 52, 17]],

[ 71, 55, 0,[ 45, 81, 63, 32]],

[ 94, 55, 0,[ 72, 97, 87, 91]],

[ 74, 55, 0,[ 72, 76, 75, 73]],

[ 43, 55, 0,[ 56, 44, 85]],

[ 30, 55, 0,[ 31, 28, 96]],

[ 9, 55, 0,[ 10, 61, 8]],

[ 95, 55, 0,[ 6, 54, 92, 85]],

[ 5, 55, 0,[ 46, 22, 6]],

[ 77, 55, 0,[ 76, 3, 91]],

[ 36, 55, 0,[ 37, 12, 81]],

