[ 54, 55, 1,[ 55, 56, 95, 53]],

[ 82, 45, 1,[ 37, 84, 87, 68, 52, 83]],

[ 73, 35, 0,[ 80, 74, 75]],

[ 9, 95, 0,[ 8, 10, 61]],

[ 28, 15, 0,[ 30, 27]],

[ 46, 75, 1,[ 44, 17, 48, 5, 35]],

[ 94, 65, 1,[ 97, 72, 87, 91]],

[ 47, 35, 0,[ 49, 48, 89]],

[ 7, 15, 0,[ 8]],

[ 95, 55, 1,[ 6, 92, 54, 85]],

[ 44, 15, 1,[ 0, 46, 42, 62, 43, 45]],

[ 1, 15, 0,[ 0, 89, 70]],

[ 78, 85, 0,[ 57, 79, 76, 20]],

[ 11, 55, 0,[ 12, 10, 56]],

[ 33, 55, 1,[ 96, 31, 34, 35]],

[ 71, 15, 0,[ 63, 32, 45, 81]],

[ 20, 95, 1,[ 21, 78, 18, 22]],

[ 90, 5, 1,[ 8, 31, 68, 89]],

[ 14, 55, 0,[ 16]],

[ 98, 35, 0,[ 79, 97]],

[ 26, 25, 1,[ 19, 52, 24, 61]],

[ 40, 5, 1,[ 42, 41, 84, 38]],

[ 55, 5, 0,[ 53, 54, 41]],

[ 15, 15, 0,[ 89, 16, 80]],

[ 56, 75, 1,[ 43, 11, 58, 54, 23]],

[ 4, 85, 0,[ 65, 6, 59]],

[ 42, 35, 1,[ 93, 37, 44, 81, 40]],

[ 60, 25, 0,[ 92, 59, 61]],

[ 85, 35, 0,[ 95, 43, 83, 84]],

[ 30, 55, 0,[ 28, 96, 31]],

[ 92, 25, 1,[ 22, 95, 60, 83]],

[ 2, 75, 0,[ 0, 72, 66]],

[ 29, 85, 0,[ 13, 86, 17, 27]],

[ 48, 35, 1,[ 52, 46, 13, 68, 47]],

[ 84, 35, 1,[ 72, 85, 40, 82, 61, 96]],

[ 52, 55, 1,[ 26, 66, 50, 31, 82, 10, 48]],

[ 22, 45, 1,[ 62, 20, 5, 92]],

[ 69, 85, 0,[ 67, 70]],

[ 24, 95, 1,[ 23, 63, 68, 26, 79, 75]],

[ 70, 15, 0,[ 1, 69, 99]],

[ 97, 75, 1,[ 99, 96, 67, 80, 98, 94]],

[ 45, 15, 0,[ 71, 44]],

[ 96, 55, 1,[ 84, 97, 68, 33, 12, 30, 37]],

[ 27, 65, 0,[ 25, 29, 28]],

[ 88, 95, 1,[ 89, 39, 61, 32]],

[ 23, 85, 1,[ 56, 25, 72, 21, 24]],

[ 99, 55, 1,[ 6, 97, 70, 67, 31]],

[ 76, 85, 1,[ 35, 77, 74, 78, 13]],

[ 13, 85, 1,[ 76, 29, 48, 10]],

[ 50, 35, 0,[ 52, 8, 49]],

[ 21, 85, 0,[ 23, 19, 20]],

[ 72, 75, 1,[ 23, 2, 74, 94, 84]],

[ 12, 55, 0,[ 96, 11, 36]],

[ 65, 85, 0,[ 64, 66, 4]],

[ 61, 15, 1,[ 84, 62, 9, 59, 88, 26, 60]],

[ 8, 75, 1,[ 10, 9, 90, 50, 51, 7, 6]],

[ 43, 35, 0,[ 85, 44, 56]],

[ 93, 95, 0,[ 42, 62]],

[ 10, 55, 1,[ 13, 52, 11, 9, 8]],

[ 51, 15, 1,[ 32, 59, 8, 49]],

[ 18, 75, 0,[ 20, 16, 19]],

[ 62, 15, 1,[ 93, 61, 44, 22]],

[ 57, 35, 0,[ 59, 78, 58]],

[ 80, 75, 1,[ 79, 81, 97, 75, 15, 73]],

[ 6, 45, 1,[ 5, 95, 99, 4, 8]],

[ 75, 95, 1,[ 31, 80, 73, 24, 74]],

[ 49, 35, 0,[ 51, 50, 47]],

[ 89, 35, 1,[ 58, 87, 47, 88, 15, 1, 90]],

[ 83, 95, 0,[ 82, 92, 85]],

[ 0, 15, 0,[ 2, 1, 44]],

[ 25, 65, 0,[ 34, 27, 23]],

[ 38, 85, 0,[ 39, 40, 37]],

[ 35, 25, 1,[ 76, 37, 33, 64, 46, 34, 63]],

[ 19, 55, 1,[ 18, 26, 17, 81, 21]],

[ 63, 85, 0,[ 35, 71, 24]],

[ 58, 35, 0,[ 56, 57, 89]],

[ 16, 65, 1,[ 18, 15, 14, 17]],

[ 91, 65, 0,[ 77, 17, 94]],

[ 39, 25, 1,[ 41, 38, 37, 88]],

[ 67, 25, 0,[ 97, 99, 69]],

[ 66, 75, 1,[ 65, 17, 52, 2, 64]],

[ 41, 5, 0,[ 39, 40, 55]],

[ 86, 55, 0,[ 29, 87]],

[ 81, 55, 1,[ 19, 36, 71, 42, 3, 80]],

[ 5, 45, 0,[ 22, 46, 6]],

[ 36, 55, 0,[ 37, 12, 81]],

[ 64, 85, 0,[ 65, 35, 66]],

[ 32, 45, 1,[ 51, 88, 68, 71, 31]],

[ 87, 25, 1,[ 89, 94, 82, 86]],

[ 74, 85, 1,[ 72, 73, 76, 75]],

[ 59, 25, 1,[ 51, 57, 4, 60, 61]],

[ 68, 65, 1,[ 24, 96, 90, 32, 48, 82]],

[ 34, 5, 0,[ 25, 33, 35]],

[ 31, 45, 1,[ 90, 33, 75, 99, 30, 52, 32]],

[ 3, 25, 0,[ 81, 77]],

[ 17, 85, 1,[ 16, 91, 19, 66, 29, 46]],

[ 79, 85, 0,[ 78, 24, 98, 80]],

[ 53, 75, 0,[ 54, 55]],

[ 77, 65, 0,[ 91, 3, 76]],

[ 37, 55, 1,[ 42, 38, 39, 96, 36, 35, 82]],

