[ 16, 65, 1,[ 14, 18, 15, 17]],

[ 95, 15, 1,[ 85, 92, 54, 6]],

[ 91, 65, 0,[ 94, 17, 77]],

[ 92, 25, 1,[ 95, 22, 83, 60]],

[ 44, 25, 1,[ 42, 46, 0, 62, 45, 43]],

[ 7, 95, 0,[ 8]],

[ 50, 25, 0,[ 49, 8, 52]],

[ 33, 25, 1,[ 35, 96, 31, 34]],

[ 46, 55, 1,[ 5, 48, 17, 35, 44]],

[ 37, 55, 1,[ 82, 35, 39, 96, 36, 38, 42]],

[ 34, 5, 0,[ 25, 35, 33]],

[ 66, 35, 1,[ 65, 17, 2, 52, 64]],

[ 18, 85, 0,[ 19, 20, 16]],

[ 9, 95, 0,[ 8, 10, 61]],

[ 19, 85, 1,[ 26, 21, 81, 17, 18]],

[ 28, 35, 0,[ 30, 27]],

[ 60, 55, 0,[ 61, 59, 92]],

[ 81, 55, 1,[ 3, 80, 42, 36, 71, 19]],

[ 89, 15, 1,[ 90, 1, 47, 87, 15, 58, 88]],

[ 63, 25, 0,[ 24, 71, 35]],

[ 32, 95, 1,[ 88, 51, 31, 71, 68]],

[ 98, 45, 0,[ 97, 79]],

[ 90, 25, 1,[ 68, 31, 8, 89]],

[ 20, 35, 1,[ 18, 21, 78, 22]],

[ 77, 25, 0,[ 3, 76, 91]],

[ 3, 55, 0,[ 77, 81]],

[ 12, 55, 0,[ 36, 11, 96]],

[ 78, 5, 1,[ 76, 79, 20, 57]],

[ 62, 25, 0,[ 93, 61, 22, 44]],

[ 23, 85, 1,[ 24, 21, 25, 56, 72]],

[ 57, 55, 0,[ 59, 78, 58]],

[ 51, 55, 1,[ 59, 32, 49, 8]],

[ 30, 35, 0,[ 28, 96, 31]],

[ 67, 75, 0,[ 69, 99, 97]],

[ 14, 65, 0,[ 16]],

[ 55, 75, 0,[ 53, 41, 54]],

[ 56, 25, 1,[ 23, 11, 54, 58, 43]],

[ 40, 15, 0,[ 42, 41, 84, 38]],

[ 21, 85, 0,[ 23, 20, 19]],

[ 72, 85, 1,[ 23, 74, 2, 94, 84]],

[ 82, 75, 1,[ 68, 83, 52, 37, 87, 84]],

[ 0, 25, 0,[ 2, 1, 44]],

[ 73, 75, 0,[ 74, 75, 80]],

[ 5, 55, 0,[ 6, 22, 46]],

[ 38, 15, 0,[ 37, 39, 40]],

[ 27, 35, 0,[ 28, 29, 25]],

[ 25, 5, 0,[ 27, 34, 23]],

[ 84, 35, 1,[ 85, 40, 96, 61, 82, 72]],

[ 68, 35, 1,[ 82, 32, 48, 24, 96, 90]],

[ 17, 65, 1,[ 29, 46, 91, 16, 19, 66]],

[ 11, 45, 0,[ 12, 10, 56]],

[ 58, 15, 0,[ 57, 56, 89]],

[ 86, 85, 0,[ 29, 87]],

[ 41, 15, 0,[ 39, 55, 40]],

[ 43, 25, 0,[ 85, 44, 56]],

[ 39, 15, 0,[ 41, 37, 88, 38]],

[ 87, 85, 1,[ 94, 82, 86, 89]],

[ 35, 5, 1,[ 34, 37, 64, 76, 46, 33, 63]],

[ 96, 55, 1,[ 12, 84, 37, 30, 97, 33, 68]],

[ 59, 55, 1,[ 51, 57, 4, 60, 61]],

[ 45, 25, 0,[ 71, 44]],

[ 85, 95, 1,[ 43, 83, 84, 95]],

[ 42, 15, 1,[ 81, 44, 40, 37, 93]],

[ 97, 45, 1,[ 67, 94, 96, 98, 99, 80]],

[ 74, 15, 1,[ 72, 75, 73, 76]],

[ 26, 5, 1,[ 52, 61, 19, 24]],

[ 99, 75, 1,[ 6, 31, 97, 67, 70]],

[ 4, 55, 0,[ 59, 6, 65]],

[ 29, 35, 1,[ 86, 27, 13, 17]],

[ 88, 15, 1,[ 61, 32, 89, 39]],

[ 6, 95, 1,[ 8, 99, 4, 5, 95]],

[ 93, 25, 0,[ 62, 42]],

[ 75, 75, 1,[ 73, 31, 80, 24, 74]],

[ 10, 45, 1,[ 13, 8, 11, 52, 9]],

[ 79, 65, 1,[ 98, 80, 78, 24]],

[ 13, 65, 1,[ 10, 29, 48, 76]],

[ 31, 95, 1,[ 32, 33, 90, 75, 30, 52, 99]],

[ 47, 35, 0,[ 89, 49, 48]],

[ 64, 35, 0,[ 65, 35, 66]],

[ 49, 25, 0,[ 47, 51, 50]],

[ 54, 75, 1,[ 56, 53, 55, 95]],

[ 22, 25, 0,[ 92, 5, 20, 62]],

[ 53, 75, 0,[ 55, 54]],

[ 52, 25, 1,[ 50, 48, 66, 10, 26, 31, 82]],

[ 24, 25, 1,[ 75, 23, 63, 68, 79, 26]],

[ 8, 95, 1,[ 50, 6, 51, 90, 10, 9, 7]],

[ 65, 35, 0,[ 66, 64, 4]],

[ 48, 35, 1,[ 47, 52, 68, 13, 46]],

[ 76, 25, 1,[ 74, 13, 78, 77, 35]],

[ 71, 25, 0,[ 63, 81, 32, 45]],

[ 80, 95, 1,[ 79, 15, 75, 81, 73, 97]],

[ 94, 95, 1,[ 87, 72, 97, 91]],

[ 70, 75, 0,[ 1, 99, 69]],

[ 61, 65, 1,[ 62, 60, 88, 59, 26, 9, 84]],

[ 1, 75, 0,[ 89, 0, 70]],

[ 2, 85, 0,[ 72, 66, 0]],

[ 15, 65, 0,[ 89, 80, 16]],

[ 36, 55, 0,[ 12, 81, 37]],

[ 69, 75, 0,[ 67, 70]],

[ 83, 75, 0,[ 82, 85, 92]],

