[ 66, 25, 0,[ 64, 17, 52, 65, 2]],

[ 0, 15, 0,[ 1, 44, 2]],

[ 70, 25, 0,[ 99, 1, 69]],

[ 42, 85, 0,[ 81, 93, 37, 40, 44]],

[ 91, 85, 0,[ 94, 17, 77]],

[ 67, 25, 0,[ 69, 99, 97]],

[ 83, 55, 0,[ 82, 92, 85]],

[ 43, 5, 1,[ 85, 56, 44]],

[ 38, 55, 0,[ 37, 40, 39]],

[ 56, 15, 0,[ 54, 58, 23, 43, 11]],

[ 90, 15, 0,[ 68, 89, 8, 31]],

[ 78, 45, 0,[ 76, 20, 79, 57]],

[ 35, 35, 0,[ 37, 33, 46, 64, 34, 63, 76]],

[ 41, 55, 0,[ 55, 39, 40]],

[ 69, 25, 1,[ 70, 67]],

[ 95, 25, 0,[ 92, 85, 54, 6]],

[ 5, 25, 0,[ 22, 46, 6]],

[ 15, 15, 0,[ 80, 89, 16]],

[ 64, 35, 0,[ 35, 66, 65]],

[ 85, 55, 0,[ 95, 84, 83, 43]],

[ 20, 45, 0,[ 21, 22, 18, 78]],

[ 55, 15, 0,[ 53, 41, 54]],

[ 52, 25, 0,[ 26, 31, 48, 82, 10, 50, 66]],

[ 16, 35, 0,[ 14, 18, 17, 15]],

[ 17, 35, 0,[ 16, 46, 29, 91, 66, 19]],

[ 11, 25, 0,[ 56, 10, 12]],

[ 8, 25, 0,[ 50, 6, 51, 7, 9, 90, 10]],

[ 53, 15, 1,[ 54, 55]],

[ 62, 85, 0,[ 44, 61, 22, 93]],

[ 77, 45, 0,[ 3, 91, 76]],

[ 81, 65, 0,[ 36, 42, 3, 80, 71, 19]],

[ 75, 45, 0,[ 24, 74, 73, 31, 80]],

[ 31, 15, 0,[ 90, 75, 32, 33, 99, 30, 52]],

[ 27, 35, 0,[ 25, 28, 29]],

[ 40, 55, 0,[ 38, 41, 84, 42]],

[ 19, 75, 0,[ 17, 21, 18, 81, 26]],

[ 89, 15, 0,[ 90, 87, 47, 58, 1, 15, 88]],

[ 84, 55, 0,[ 85, 61, 96, 72, 40, 82]],

[ 24, 45, 0,[ 75, 26, 79, 68, 23, 63]],

[ 46, 35, 0,[ 5, 17, 48, 44, 35]],

[ 22, 45, 0,[ 20, 62, 5, 92]],

[ 45, 5, 1,[ 44, 71]],

[ 6, 25, 0,[ 95, 4, 8, 99, 5]],

[ 54, 15, 0,[ 95, 53, 55, 56]],

[ 86, 35, 1,[ 29, 87]],

[ 21, 45, 0,[ 19, 23, 20]],

[ 36, 55, 0,[ 37, 12, 81]],

[ 98, 45, 1,[ 79, 97]],

[ 57, 85, 0,[ 58, 78, 59]],

[ 65, 25, 0,[ 66, 64, 4]],

[ 63, 35, 0,[ 35, 71, 24]],

[ 47, 15, 0,[ 49, 48, 89]],

[ 4, 25, 0,[ 6, 59, 65]],

[ 74, 45, 0,[ 75, 72, 73, 76]],

[ 26, 75, 0,[ 61, 52, 19, 24]],

[ 23, 45, 0,[ 25, 21, 72, 56, 24]],

[ 92, 25, 0,[ 22, 95, 60, 83]],

[ 99, 25, 0,[ 6, 67, 97, 31, 70]],

[ 93, 85, 1,[ 62, 42]],

[ 10, 25, 0,[ 11, 8, 9, 13, 52]],

[ 30, 15, 0,[ 96, 31, 28]],

[ 72, 85, 0,[ 2, 84, 94, 23, 74]],

[ 44, 85, 0,[ 62, 0, 46, 45, 42, 43]],

[ 71, 65, 0,[ 32, 45, 81, 63]],

[ 7, 45, 1,[ 8]],

[ 59, 85, 0,[ 60, 51, 57, 61, 4]],

[ 87, 15, 0,[ 89, 86, 94, 82]],

[ 82, 55, 0,[ 87, 83, 52, 68, 37, 84]],

[ 88, 85, 0,[ 32, 39, 61, 89]],

[ 28, 95, 1,[ 30, 27]],

[ 37, 55, 0,[ 96, 42, 36, 35, 39, 82, 38]],

[ 49, 95, 0,[ 47, 51, 50]],

[ 13, 25, 0,[ 76, 29, 48, 10]],

[ 1, 15, 0,[ 70, 89, 0]],

[ 18, 75, 0,[ 20, 16, 19]],

[ 34, 35, 0,[ 25, 33, 35]],

[ 79, 45, 0,[ 24, 78, 98, 80]],

[ 61, 85, 0,[ 88, 9, 26, 62, 84, 59, 60]],

[ 33, 15, 0,[ 34, 35, 96, 31]],

[ 50, 25, 0,[ 49, 52, 8]],

[ 76, 45, 0,[ 13, 74, 77, 35, 78]],

[ 97, 45, 0,[ 96, 98, 94, 67, 80, 99]],

[ 58, 15, 0,[ 56, 57, 89]],

[ 48, 25, 0,[ 47, 13, 52, 68, 46]],

[ 73, 45, 0,[ 74, 80, 75]],

[ 3, 95, 1,[ 77, 81]],

[ 29, 35, 0,[ 86, 27, 17, 13]],

[ 25, 35, 0,[ 34, 27, 23]],

[ 32, 95, 0,[ 71, 68, 51, 88, 31]],

[ 9, 25, 0,[ 10, 61, 8]],

[ 94, 85, 0,[ 91, 97, 72, 87]],

[ 51, 95, 0,[ 8, 49, 59, 32]],

[ 12, 55, 0,[ 11, 96, 36]],

[ 14, 35, 0,[ 16]],

[ 80, 45, 0,[ 97, 79, 15, 73, 75, 81]],

[ 39, 55, 0,[ 37, 88, 38, 41]],

[ 60, 85, 0,[ 59, 92, 61]],

[ 2, 25, 0,[ 72, 0, 66]],

[ 68, 55, 0,[ 48, 82, 24, 96, 32, 90]],

[ 96, 55, 0,[ 30, 84, 97, 12, 33, 37, 68]],

