[ 21, 85, 0,[ 23, 19, 20]],

[ 3, 85, 0,[ 81, 77]],

[ 40, 85, 0,[ 38, 42, 84, 41]],

[ 20, 85, 0,[ 78, 22, 18, 21]],

[ 41, 85, 0,[ 40, 55, 39]],

[ 26, 85, 0,[ 24, 19, 52, 61]],

[ 54, 35, 0,[ 55, 53, 95, 56]],

[ 84, 45, 1,[ 82, 85, 40, 61, 72, 96]],

[ 17, 85, 0,[ 66, 46, 16, 19, 91, 29]],

[ 32, 85, 0,[ 88, 71, 68, 51, 31]],

[ 28, 85, 0,[ 27, 30]],

[ 87, 5, 0,[ 94, 86, 89, 82]],

[ 23, 85, 0,[ 56, 25, 24, 72, 21]],

[ 16, 85, 0,[ 18, 15, 14, 17]],

[ 51, 5, 0,[ 32, 59, 49, 8]],

[ 55, 35, 0,[ 53, 41, 54]],

[ 71, 85, 0,[ 81, 45, 63, 32]],

[ 83, 35, 0,[ 85, 82, 92]],

[ 80, 5, 0,[ 79, 15, 97, 75, 73, 81]],

[ 6, 5, 0,[ 99, 4, 5, 8, 95]],

[ 47, 5, 0,[ 49, 89, 48]],

[ 96, 35, 1,[ 33, 37, 12, 68, 97, 30, 84]],

[ 2, 5, 0,[ 66, 72, 0]],

[ 10, 35, 0,[ 11, 8, 9, 52, 13]],

[ 38, 85, 0,[ 39, 37, 40]],

[ 42, 85, 0,[ 81, 93, 40, 37, 44]],

[ 11, 35, 0,[ 12, 56, 10]],

[ 24, 85, 0,[ 75, 23, 79, 63, 68, 26]],

[ 69, 5, 0,[ 67, 70]],

[ 25, 85, 0,[ 23, 34, 27]],

[ 88, 85, 0,[ 61, 32, 89, 39]],

[ 66, 5, 0,[ 64, 65, 2, 17, 52]],

[ 58, 35, 0,[ 89, 56, 57]],

[ 30, 85, 0,[ 28, 96, 31]],

[ 86, 5, 0,[ 29, 87]],

[ 15, 45, 0,[ 89, 80, 16]],

[ 92, 35, 0,[ 83, 95, 22, 60]],

[ 68, 85, 0,[ 32, 48, 82, 96, 90, 24]],

[ 49, 5, 0,[ 51, 50, 47]],

[ 73, 5, 0,[ 75, 74, 80]],

[ 82, 95, 1,[ 84, 37, 87, 52, 68, 83]],

[ 94, 5, 0,[ 87, 91, 97, 72]],

[ 95, 35, 0,[ 85, 6, 54, 92]],

[ 81, 85, 0,[ 19, 80, 42, 71, 36, 3]],

[ 59, 5, 0,[ 61, 57, 4, 51, 60]],

[ 14, 85, 0,[ 16]],

[ 1, 5, 0,[ 89, 0, 70]],

[ 93, 85, 0,[ 42, 62]],

[ 34, 85, 0,[ 33, 25, 35]],

[ 62, 35, 0,[ 93, 44, 22, 61]],

[ 12, 35, 0,[ 96, 11, 36]],

[ 19, 85, 0,[ 81, 17, 26, 21, 18]],

[ 48, 35, 0,[ 52, 13, 47, 46, 68]],

[ 78, 5, 0,[ 57, 76, 79, 20]],

[ 5, 35, 0,[ 22, 46, 6]],

[ 99, 5, 0,[ 6, 70, 97, 31, 67]],

[ 56, 35, 0,[ 11, 58, 23, 43, 54]],

[ 27, 85, 0,[ 28, 25, 29]],

[ 53, 35, 0,[ 54, 55]],

[ 7, 5, 0,[ 8]],

[ 65, 5, 0,[ 4, 66, 64]],

[ 29, 85, 0,[ 27, 86, 17, 13]],

[ 4, 5, 0,[ 59, 65, 6]],

[ 31, 85, 1,[ 52, 90, 32, 30, 33, 99, 75]],

[ 76, 5, 0,[ 78, 35, 74, 13, 77]],

[ 43, 35, 0,[ 56, 44, 85]],

[ 89, 45, 1,[ 47, 90, 58, 15, 1, 87, 88]],

[ 74, 5, 0,[ 75, 76, 73, 72]],

[ 72, 5, 0,[ 2, 94, 84, 23, 74]],

[ 64, 5, 0,[ 35, 66, 65]],

[ 36, 85, 0,[ 81, 12, 37]],

[ 90, 85, 0,[ 68, 89, 31, 8]],

[ 44, 35, 0,[ 46, 62, 42, 0, 45, 43]],

[ 57, 5, 0,[ 58, 59, 78]],

[ 67, 5, 0,[ 97, 99, 69]],

[ 46, 35, 0,[ 48, 35, 5, 17, 44]],

[ 33, 85, 0,[ 35, 96, 31, 34]],

[ 52, 35, 1,[ 10, 48, 50, 31, 82, 66, 26]],

[ 8, 5, 1,[ 6, 90, 50, 7, 9, 51, 10]],

[ 97, 5, 0,[ 96, 99, 67, 94, 98, 80]],

[ 39, 85, 0,[ 38, 41, 88, 37]],

[ 98, 5, 0,[ 97, 79]],

[ 77, 5, 0,[ 91, 3, 76]],

[ 60, 35, 0,[ 61, 59, 92]],

[ 13, 35, 0,[ 29, 76, 48, 10]],

[ 35, 25, 1,[ 34, 76, 37, 33, 63, 46, 64]],

[ 91, 5, 0,[ 94, 77, 17]],

[ 0, 5, 0,[ 2, 1, 44]],

[ 9, 5, 0,[ 10, 61, 8]],

[ 45, 35, 0,[ 44, 71]],

[ 75, 5, 0,[ 73, 80, 31, 24, 74]],

[ 50, 5, 0,[ 49, 52, 8]],

[ 85, 35, 0,[ 83, 95, 84, 43]],

[ 37, 85, 1,[ 42, 82, 35, 38, 39, 96, 36]],

[ 22, 35, 0,[ 92, 5, 62, 20]],

[ 18, 85, 0,[ 19, 16, 20]],

[ 79, 5, 0,[ 24, 78, 98, 80]],

[ 63, 85, 0,[ 35, 71, 24]],

[ 70, 5, 0,[ 69, 99, 1]],

[ 61, 15, 1,[ 26, 9, 60, 84, 62, 88, 59]],

