[ 11, 25, 0,[ 12, 10, 56]],

[ 77, 55, 0,[ 3, 76, 91]],

[ 14, 65, 0,[ 16]],

[ 36, 15, 0,[ 12, 37, 81]],

[ 42, 65, 1,[ 40, 44, 93, 81, 37]],

[ 48, 5, 1,[ 68, 13, 47, 46, 52]],

[ 78, 25, 1,[ 57, 76, 79, 20]],

[ 41, 75, 0,[ 40, 55, 39]],

[ 59, 45, 1,[ 60, 61, 57, 51, 4]],

[ 51, 25, 1,[ 32, 49, 8, 59]],

[ 69, 25, 0,[ 67, 70]],

[ 37, 75, 1,[ 39, 42, 82, 96, 36, 38, 35]],

[ 88, 55, 1,[ 89, 39, 32, 61]],

[ 25, 95, 0,[ 34, 27, 23]],

[ 1, 95, 0,[ 70, 89, 0]],

[ 76, 55, 1,[ 74, 77, 78, 13, 35]],

[ 82, 45, 1,[ 68, 37, 84, 87, 83, 52]],

[ 92, 85, 1,[ 83, 95, 22, 60]],

[ 72, 65, 1,[ 2, 84, 94, 74, 23]],

[ 74, 65, 1,[ 75, 72, 73, 76]],

[ 70, 25, 0,[ 69, 99, 1]],

[ 18, 75, 0,[ 16, 19, 20]],

[ 99, 25, 1,[ 97, 6, 70, 67, 31]],

[ 66, 45, 1,[ 64, 52, 65, 17, 2]],

[ 45, 55, 0,[ 71, 44]],

[ 4, 45, 0,[ 59, 65, 6]],

[ 3, 15, 0,[ 81, 77]],

[ 30, 15, 0,[ 96, 31, 28]],

[ 94, 65, 0,[ 91, 72, 87, 97]],

[ 57, 45, 0,[ 58, 59, 78]],

[ 34, 15, 0,[ 25, 35, 33]],

[ 35, 15, 1,[ 76, 33, 34, 46, 37, 63, 64]],

[ 17, 25, 1,[ 29, 19, 46, 91, 16, 66]],

[ 12, 15, 0,[ 96, 11, 36]],

[ 29, 35, 1,[ 27, 13, 86, 17]],

[ 6, 85, 1,[ 95, 99, 8, 4, 5]],

[ 7, 5, 0,[ 8]],

[ 22, 15, 1,[ 5, 92, 20, 62]],

[ 63, 15, 0,[ 35, 71, 24]],

[ 67, 25, 0,[ 97, 69, 99]],

[ 89, 95, 1,[ 88, 90, 58, 87, 15, 47, 1]],

[ 15, 95, 0,[ 16, 80, 89]],

[ 47, 95, 0,[ 49, 89, 48]],

[ 40, 45, 1,[ 38, 41, 42, 84]],

[ 95, 85, 0,[ 54, 85, 6, 92]],

[ 23, 95, 1,[ 56, 72, 25, 21, 24]],

[ 83, 45, 0,[ 85, 82, 92]],

[ 56, 45, 1,[ 54, 23, 43, 11, 58]],

[ 86, 5, 0,[ 87, 29]],

[ 38, 75, 0,[ 40, 39, 37]],

[ 91, 25, 0,[ 94, 17, 77]],

[ 26, 55, 1,[ 19, 61, 24, 52]],

[ 53, 15, 0,[ 55, 54]],

[ 90, 65, 1,[ 31, 89, 68, 8]],

[ 0, 55, 0,[ 44, 1, 2]],

[ 93, 65, 0,[ 42, 62]],

[ 31, 25, 1,[ 33, 90, 32, 30, 75, 99, 52]],

[ 46, 5, 1,[ 5, 48, 44, 17, 35]],

[ 13, 55, 0,[ 48, 10, 76, 29]],

[ 39, 75, 0,[ 37, 88, 41, 38]],

[ 19, 75, 1,[ 18, 81, 21, 17, 26]],

[ 71, 35, 1,[ 81, 32, 45, 63]],

[ 80, 95, 1,[ 81, 79, 73, 75, 15, 97]],

[ 75, 5, 1,[ 73, 24, 74, 80, 31]],

[ 55, 75, 0,[ 54, 41, 53]],

[ 49, 25, 0,[ 50, 47, 51]],

[ 33, 35, 1,[ 34, 31, 35, 96]],

[ 96, 15, 1,[ 33, 68, 37, 12, 30, 97, 84]],

[ 62, 15, 1,[ 22, 93, 61, 44]],

[ 2, 45, 0,[ 66, 72, 0]],

[ 58, 95, 0,[ 56, 57, 89]],

[ 8, 5, 1,[ 7, 90, 50, 51, 6, 10, 9]],

[ 61, 35, 1,[ 62, 59, 88, 60, 26, 9, 84]],

[ 9, 5, 0,[ 61, 8, 10]],

[ 81, 15, 1,[ 80, 71, 36, 42, 19, 3]],

[ 60, 35, 0,[ 61, 59, 92]],

[ 65, 45, 0,[ 64, 4, 66]],

[ 79, 25, 1,[ 24, 80, 78, 98]],

[ 32, 95, 1,[ 31, 88, 71, 51, 68]],

[ 87, 5, 1,[ 89, 86, 82, 94]],

[ 50, 25, 0,[ 52, 49, 8]],

[ 54, 15, 1,[ 56, 55, 53, 95]],

[ 16, 65, 1,[ 18, 15, 17, 14]],

[ 24, 55, 1,[ 63, 79, 68, 75, 26, 23]],

[ 52, 25, 1,[ 50, 10, 66, 82, 31, 48, 26]],

[ 21, 75, 0,[ 23, 19, 20]],

[ 98, 25, 0,[ 79, 97]],

[ 10, 25, 1,[ 8, 52, 13, 9, 11]],

[ 68, 35, 1,[ 48, 24, 96, 32, 82, 90]],

[ 73, 95, 0,[ 75, 74, 80]],

[ 84, 25, 1,[ 96, 82, 85, 72, 40, 61]],

[ 64, 45, 0,[ 65, 66, 35]],

[ 20, 75, 0,[ 18, 22, 78, 21]],

[ 85, 35, 1,[ 43, 95, 84, 83]],

[ 28, 5, 0,[ 27, 30]],

[ 5, 85, 0,[ 22, 46, 6]],

[ 43, 35, 0,[ 56, 44, 85]],

[ 44, 55, 1,[ 43, 0, 62, 45, 42, 46]],

[ 97, 25, 1,[ 96, 99, 80, 94, 98, 67]],

[ 27, 5, 0,[ 28, 29, 25]],

