[ 66, 45, 0,[ 64, 65, 52, 17, 2]],

[ 49, 55, 0,[ 47, 50, 51]],

[ 14, 75, 0,[ 16]],

[ 3, 25, 0,[ 81, 77]],

[ 9, 15, 0,[ 61, 10, 8]],

[ 40, 85, 0,[ 84, 42, 41, 38]],

[ 5, 15, 0,[ 46, 22, 6]],

[ 83, 85, 0,[ 92, 85, 82]],

[ 92, 25, 0,[ 83, 60, 95, 22]],

[ 30, 25, 0,[ 96, 28, 31]],

[ 62, 65, 0,[ 44, 93, 22, 61]],

[ 87, 55, 0,[ 89, 82, 94, 86]],

[ 2, 45, 0,[ 72, 0, 66]],

[ 80, 15, 0,[ 75, 97, 79, 73, 81, 15]],

[ 79, 15, 0,[ 98, 78, 80, 24]],

[ 90, 5, 0,[ 68, 89, 31, 8]],

[ 71, 25, 0,[ 63, 32, 45, 81]],

[ 36, 15, 0,[ 12, 81, 37]],

[ 52, 65, 1,[ 10, 50, 48, 82, 66, 26, 31]],

[ 21, 75, 0,[ 20, 23, 19]],

[ 76, 95, 0,[ 77, 78, 74, 13, 35]],

[ 37, 65, 1,[ 36, 38, 82, 96, 42, 35, 39]],

[ 65, 45, 0,[ 64, 66, 4]],

[ 0, 25, 0,[ 1, 2, 44]],

[ 88, 15, 0,[ 61, 32, 39, 89]],

[ 22, 55, 0,[ 62, 20, 5, 92]],

[ 58, 55, 0,[ 89, 57, 56]],

[ 39, 85, 0,[ 88, 37, 38, 41]],

[ 26, 65, 0,[ 24, 61, 52, 19]],

[ 53, 95, 0,[ 54, 55]],

[ 10, 15, 0,[ 8, 11, 9, 52, 13]],

[ 60, 25, 0,[ 59, 61, 92]],

[ 6, 15, 0,[ 8, 4, 95, 5, 99]],

[ 35, 85, 1,[ 33, 34, 63, 64, 37, 76, 46]],

[ 91, 5, 0,[ 94, 17, 77]],

[ 55, 35, 0,[ 41, 54, 53]],

[ 50, 5, 0,[ 8, 52, 49]],

[ 24, 95, 0,[ 79, 63, 26, 23, 75, 68]],

[ 38, 85, 0,[ 37, 40, 39]],

[ 56, 75, 0,[ 54, 58, 23, 11, 43]],

[ 33, 25, 0,[ 34, 96, 31, 35]],

[ 29, 95, 0,[ 86, 13, 27, 17]],

[ 78, 95, 0,[ 79, 57, 20, 76]],

[ 41, 85, 0,[ 39, 40, 55]],

[ 72, 45, 0,[ 2, 84, 23, 74, 94]],

[ 51, 25, 0,[ 32, 49, 59, 8]],

[ 69, 85, 0,[ 67, 70]],

[ 59, 25, 0,[ 4, 57, 51, 61, 60]],

[ 85, 45, 0,[ 84, 43, 95, 83]],

[ 81, 25, 1,[ 42, 19, 36, 71, 80, 3]],

[ 32, 25, 0,[ 71, 51, 31, 68, 88]],

[ 68, 5, 0,[ 48, 96, 90, 32, 82, 24]],

[ 13, 95, 0,[ 76, 48, 29, 10]],

[ 67, 15, 0,[ 69, 99, 97]],

[ 48, 55, 0,[ 68, 47, 52, 46, 13]],

[ 96, 5, 1,[ 37, 33, 84, 30, 68, 12, 97]],

[ 7, 5, 0,[ 8]],

[ 23, 75, 0,[ 21, 24, 56, 25, 72]],

[ 18, 55, 0,[ 20, 19, 16]],

[ 45, 25, 0,[ 44, 71]],

[ 97, 15, 0,[ 98, 94, 99, 80, 67, 96]],

[ 99, 15, 0,[ 31, 97, 67, 6, 70]],

[ 57, 25, 0,[ 59, 78, 58]],

[ 11, 15, 0,[ 10, 12, 56]],

[ 77, 25, 0,[ 3, 76, 91]],

[ 82, 65, 0,[ 83, 52, 68, 37, 84, 87]],

[ 12, 15, 0,[ 96, 11, 36]],

[ 8, 85, 1,[ 7, 51, 6, 10, 90, 9, 50]],

[ 1, 5, 0,[ 89, 70, 0]],

[ 47, 55, 0,[ 89, 49, 48]],

[ 34, 75, 0,[ 35, 25, 33]],

[ 54, 75, 0,[ 53, 56, 95, 55]],

[ 63, 95, 0,[ 71, 35, 24]],

[ 89, 5, 1,[ 58, 1, 90, 15, 47, 88, 87]],

[ 93, 15, 0,[ 62, 42]],

[ 46, 85, 0,[ 48, 5, 17, 44, 35]],

[ 15, 15, 0,[ 80, 16, 89]],

[ 86, 95, 0,[ 29, 87]],

[ 98, 15, 0,[ 97, 79]],

[ 95, 65, 0,[ 85, 54, 6, 92]],

[ 20, 55, 0,[ 78, 18, 21, 22]],

[ 94, 55, 0,[ 91, 72, 87, 97]],

[ 27, 75, 0,[ 29, 28, 25]],

[ 16, 15, 0,[ 14, 15, 17, 18]],

[ 84, 45, 1,[ 85, 61, 40, 72, 82, 96]],

[ 70, 5, 0,[ 99, 1, 69]],

[ 74, 95, 0,[ 73, 75, 76, 72]],

[ 75, 95, 0,[ 31, 73, 24, 80, 74]],

[ 31, 95, 1,[ 99, 32, 52, 90, 75, 33, 30]],

[ 61, 65, 1,[ 62, 59, 84, 60, 9, 26, 88]],

[ 43, 95, 0,[ 56, 85, 44]],

[ 42, 25, 0,[ 44, 37, 93, 40, 81]],

[ 25, 75, 0,[ 34, 27, 23]],

[ 4, 25, 0,[ 6, 65, 59]],

[ 44, 25, 0,[ 46, 43, 62, 42, 45, 0]],

[ 17, 95, 0,[ 46, 91, 16, 66, 19, 29]],

[ 73, 95, 0,[ 75, 80, 74]],

[ 28, 55, 0,[ 30, 27]],

[ 64, 45, 0,[ 35, 66, 65]],

[ 19, 35, 0,[ 81, 18, 21, 26, 17]],

