[ 10, 45, 1,[ 9, 52, 8, 11, 13]],

[ 21, 95, 0,[ 20, 23, 19]],

[ 43, 65, 0,[ 85, 56, 44]],

[ 71, 45, 1,[ 63, 32, 81, 45]],

[ 38, 45, 0,[ 39, 40, 37]],

[ 53, 45, 0,[ 54, 55]],

[ 50, 95, 0,[ 49, 8, 52]],

[ 42, 45, 1,[ 81, 40, 93, 37, 44]],

[ 3, 65, 0,[ 81, 77]],

[ 20, 95, 0,[ 78, 21, 18, 22]],

[ 89, 25, 1,[ 1, 90, 47, 58, 88, 15, 87]],

[ 12, 45, 0,[ 36, 96, 11]],

[ 85, 45, 0,[ 83, 95, 43, 84]],

[ 40, 85, 1,[ 38, 41, 42, 84]],

[ 15, 25, 0,[ 16, 80, 89]],

[ 26, 95, 1,[ 24, 52, 61, 19]],

[ 9, 45, 0,[ 61, 10, 8]],

[ 95, 45, 0,[ 54, 85, 92, 6]],

[ 96, 15, 1,[ 30, 37, 68, 12, 97, 84, 33]],

[ 57, 75, 0,[ 59, 58, 78]],

[ 32, 55, 1,[ 88, 51, 31, 71, 68]],

[ 13, 85, 1,[ 76, 10, 48, 29]],

[ 72, 85, 1,[ 23, 2, 84, 94, 74]],

[ 8, 95, 1,[ 9, 50, 90, 51, 6, 10, 7]],

[ 70, 95, 0,[ 1, 69, 99]],

[ 94, 75, 1,[ 91, 87, 72, 97]],

[ 28, 15, 0,[ 30, 27]],

[ 22, 25, 1,[ 62, 5, 92, 20]],

[ 36, 45, 0,[ 37, 12, 81]],

[ 79, 85, 1,[ 98, 80, 24, 78]],

[ 0, 25, 0,[ 44, 2, 1]],

[ 56, 65, 1,[ 43, 58, 23, 54, 11]],

[ 14, 25, 0,[ 16]],

[ 77, 65, 0,[ 3, 91, 76]],

[ 88, 95, 1,[ 61, 39, 89, 32]],

[ 5, 25, 0,[ 46, 6, 22]],

[ 54, 45, 1,[ 56, 55, 53, 95]],

[ 7, 95, 0,[ 8]],

[ 18, 95, 0,[ 19, 20, 16]],

[ 76, 85, 1,[ 74, 35, 78, 77, 13]],

[ 39, 35, 1,[ 41, 88, 37, 38]],

[ 37, 45, 1,[ 42, 39, 96, 36, 38, 82, 35]],

[ 78, 75, 1,[ 76, 20, 57, 79]],

[ 4, 85, 0,[ 65, 59, 6]],

[ 35, 15, 1,[ 46, 33, 63, 37, 34, 64, 76]],

[ 99, 95, 1,[ 67, 31, 97, 70, 6]],

[ 16, 25, 1,[ 17, 14, 18, 15]],

[ 33, 15, 1,[ 96, 35, 34, 31]],

[ 34, 15, 0,[ 25, 35, 33]],

[ 59, 85, 1,[ 60, 4, 61, 57, 51]],

[ 27, 15, 0,[ 25, 28, 29]],

[ 52, 95, 1,[ 26, 82, 31, 48, 50, 10, 66]],

[ 65, 55, 0,[ 66, 4, 64]],

[ 74, 85, 0,[ 75, 72, 76, 73]],

[ 49, 65, 0,[ 47, 51, 50]],

[ 81, 65, 1,[ 36, 19, 3, 80, 71, 42]],

[ 68, 95, 1,[ 90, 82, 24, 48, 96, 32]],

[ 48, 35, 1,[ 47, 52, 13, 46, 68]],

[ 84, 95, 1,[ 72, 61, 82, 85, 96, 40]],

[ 60, 45, 0,[ 61, 59, 92]],

[ 63, 5, 0,[ 24, 71, 35]],

[ 98, 65, 0,[ 97, 79]],

[ 2, 85, 0,[ 66, 0, 72]],

[ 61, 25, 1,[ 9, 84, 59, 88, 26, 62, 60]],

[ 87, 75, 0,[ 94, 82, 89, 86]],

[ 66, 55, 1,[ 2, 52, 17, 65, 64]],

[ 67, 95, 0,[ 99, 97, 69]],

[ 11, 45, 0,[ 12, 56, 10]],

[ 97, 65, 1,[ 96, 99, 98, 67, 80, 94]],

[ 93, 45, 0,[ 42, 62]],

[ 17, 65, 1,[ 16, 46, 19, 66, 91, 29]],

[ 58, 65, 0,[ 56, 89, 57]],

[ 92, 45, 1,[ 22, 60, 95, 83]],

[ 91, 65, 0,[ 77, 17, 94]],

[ 62, 25, 1,[ 61, 22, 44, 93]],

[ 55, 45, 0,[ 41, 53, 54]],

[ 30, 15, 0,[ 28, 31, 96]],

[ 31, 45, 1,[ 30, 90, 52, 75, 32, 99, 33]],

[ 23, 15, 1,[ 21, 56, 25, 24, 72]],

[ 82, 5, 1,[ 37, 87, 83, 84, 52, 68]],

[ 45, 45, 0,[ 44, 71]],

[ 51, 65, 1,[ 49, 59, 8, 32]],

[ 73, 85, 0,[ 75, 80, 74]],

[ 1, 25, 0,[ 0, 70, 89]],

[ 29, 65, 1,[ 13, 17, 27, 86]],

[ 90, 25, 1,[ 8, 68, 89, 31]],

[ 80, 35, 1,[ 75, 15, 79, 97, 73, 81]],

[ 44, 75, 1,[ 62, 42, 45, 0, 43, 46]],

[ 83, 45, 0,[ 82, 85, 92]],

[ 24, 5, 1,[ 79, 63, 26, 23, 68, 75]],

[ 64, 55, 0,[ 35, 65, 66]],

[ 19, 95, 1,[ 17, 18, 81, 21, 26]],

[ 46, 25, 1,[ 48, 17, 44, 35, 5]],

[ 41, 45, 0,[ 39, 55, 40]],

[ 75, 75, 1,[ 74, 80, 24, 73, 31]],

[ 25, 15, 0,[ 27, 34, 23]],

[ 6, 65, 1,[ 95, 8, 5, 4, 99]],

[ 69, 95, 0,[ 70, 67]],

[ 47, 65, 0,[ 48, 49, 89]],

[ 86, 65, 0,[ 29, 87]],

