[ 57, 5, 0,[ 78, 59, 58]],

[ 47, 5, 0,[ 89, 48, 49]],

[ 86, 75, 1,[ 87, 29]],

[ 50, 5, 0,[ 8, 49, 52]],

[ 14, 85, 1,[ 16]],

[ 94, 5, 0,[ 87, 91, 97, 72]],

[ 0, 5, 0,[ 1, 44, 2]],

[ 39, 5, 0,[ 38, 37, 41, 88]],

[ 29, 5, 0,[ 17, 13, 86, 27]],

[ 3, 55, 1,[ 77, 81]],

[ 72, 5, 0,[ 2, 23, 74, 84, 94]],

[ 89, 5, 0,[ 90, 1, 15, 87, 47, 88, 58]],

[ 34, 5, 0,[ 33, 35, 25]],

[ 23, 5, 0,[ 21, 72, 56, 25, 24]],

[ 4, 5, 0,[ 65, 6, 59]],

[ 22, 5, 0,[ 62, 5, 20, 92]],

[ 62, 5, 0,[ 61, 44, 22, 93]],

[ 85, 5, 0,[ 43, 84, 83, 95]],

[ 16, 5, 0,[ 17, 15, 18, 14]],

[ 38, 5, 0,[ 39, 37, 40]],

[ 30, 5, 0,[ 96, 28, 31]],

[ 90, 5, 0,[ 31, 68, 89, 8]],

[ 76, 5, 0,[ 74, 35, 13, 77, 78]],

[ 58, 5, 0,[ 57, 56, 89]],

[ 97, 5, 0,[ 98, 96, 99, 67, 94, 80]],

[ 46, 5, 0,[ 5, 17, 35, 48, 44]],

[ 18, 5, 0,[ 16, 20, 19]],

[ 20, 5, 0,[ 78, 22, 21, 18]],

[ 70, 5, 0,[ 1, 69, 99]],

[ 11, 5, 0,[ 12, 56, 10]],

[ 81, 5, 0,[ 80, 42, 36, 71, 19, 3]],

[ 40, 5, 0,[ 38, 41, 84, 42]],

[ 60, 5, 0,[ 61, 92, 59]],

[ 36, 5, 0,[ 12, 81, 37]],

[ 9, 5, 0,[ 61, 10, 8]],

[ 69, 55, 1,[ 70, 67]],

[ 35, 5, 0,[ 46, 63, 37, 76, 34, 33, 64]],

[ 10, 5, 0,[ 11, 9, 8, 13, 52]],

[ 44, 5, 0,[ 62, 46, 45, 42, 43, 0]],

[ 91, 5, 0,[ 94, 17, 77]],

[ 68, 5, 0,[ 24, 90, 82, 32, 48, 96]],

[ 32, 5, 0,[ 31, 51, 68, 88, 71]],

[ 84, 5, 0,[ 61, 82, 72, 40, 96, 85]],

[ 64, 5, 0,[ 66, 35, 65]],

[ 24, 5, 0,[ 23, 68, 75, 26, 63, 79]],

[ 87, 5, 0,[ 86, 89, 94, 82]],

[ 17, 5, 0,[ 91, 46, 66, 19, 16, 29]],

[ 88, 5, 0,[ 61, 39, 32, 89]],

[ 54, 5, 0,[ 53, 56, 55, 95]],

[ 45, 5, 1,[ 44, 71]],

[ 63, 5, 0,[ 35, 24, 71]],

[ 82, 5, 0,[ 84, 83, 68, 37, 87, 52]],

[ 33, 5, 0,[ 31, 96, 34, 35]],

[ 6, 5, 0,[ 99, 5, 95, 4, 8]],

[ 43, 5, 0,[ 56, 44, 85]],

[ 48, 5, 0,[ 52, 13, 46, 47, 68]],

[ 31, 5, 0,[ 52, 30, 99, 90, 75, 33, 32]],

[ 77, 5, 0,[ 91, 76, 3]],

[ 59, 5, 0,[ 51, 61, 4, 57, 60]],

[ 74, 5, 0,[ 75, 73, 72, 76]],

[ 37, 5, 0,[ 35, 96, 36, 39, 38, 82, 42]],

[ 75, 5, 0,[ 73, 80, 74, 31, 24]],

[ 78, 5, 0,[ 20, 57, 76, 79]],

[ 96, 5, 0,[ 84, 30, 97, 37, 12, 68, 33]],

[ 19, 5, 0,[ 26, 21, 81, 17, 18]],

[ 93, 65, 1,[ 42, 62]],

[ 98, 75, 1,[ 79, 97]],

[ 7, 95, 0,[ 8]],

[ 49, 5, 0,[ 51, 50, 47]],

[ 55, 5, 0,[ 53, 41, 54]],

[ 26, 5, 0,[ 19, 61, 24, 52]],

[ 79, 5, 0,[ 24, 98, 80, 78]],

[ 41, 5, 0,[ 40, 39, 55]],

[ 71, 5, 0,[ 45, 81, 63, 32]],

[ 25, 35, 1,[ 23, 34, 27]],

[ 56, 5, 0,[ 43, 58, 23, 11, 54]],

[ 5, 5, 0,[ 6, 22, 46]],

[ 2, 5, 0,[ 66, 72, 0]],

[ 83, 5, 0,[ 82, 92, 85]],

[ 99, 5, 0,[ 97, 6, 67, 31, 70]],

[ 80, 5, 0,[ 75, 97, 81, 15, 79, 73]],

[ 13, 5, 0,[ 76, 48, 10, 29]],

[ 65, 5, 0,[ 64, 4, 66]],

[ 27, 25, 0,[ 29, 25, 28]],

[ 21, 5, 0,[ 19, 23, 20]],

[ 28, 25, 1,[ 27, 30]],

[ 92, 5, 0,[ 60, 95, 83, 22]],

[ 95, 5, 0,[ 54, 92, 85, 6]],

[ 15, 5, 0,[ 89, 16, 80]],

[ 51, 5, 0,[ 32, 8, 59, 49]],

[ 67, 5, 0,[ 97, 69, 99]],

[ 52, 5, 0,[ 48, 10, 31, 26, 66, 82, 50]],

[ 1, 5, 0,[ 0, 89, 70]],

[ 61, 5, 0,[ 84, 9, 59, 26, 60, 62, 88]],

[ 73, 5, 0,[ 75, 80, 74]],

[ 42, 5, 0,[ 81, 37, 44, 93, 40]],

[ 53, 45, 1,[ 55, 54]],

[ 12, 5, 0,[ 11, 36, 96]],

[ 8, 5, 0,[ 50, 90, 6, 9, 51, 7, 10]],

[ 66, 5, 0,[ 65, 2, 17, 52, 64]],

