[ 62, 85, 0,[ 61, 22, 93, 44]],

[ 50, 85, 0,[ 49, 8, 52]],

[ 53, 45, 1,[ 54, 55]],

[ 11, 85, 0,[ 12, 10, 56]],

[ 66, 85, 0,[ 2, 17, 64, 52, 65]],

[ 79, 85, 0,[ 24, 98, 80, 78]],

[ 99, 85, 0,[ 97, 67, 70, 6, 31]],

[ 2, 85, 0,[ 0, 66, 72]],

[ 67, 85, 0,[ 69, 99, 97]],

[ 90, 85, 0,[ 31, 68, 8, 89]],

[ 27, 85, 0,[ 29, 28, 25]],

[ 4, 85, 0,[ 59, 6, 65]],

[ 9, 85, 0,[ 10, 8, 61]],

[ 82, 85, 0,[ 52, 87, 84, 83, 68, 37]],

[ 24, 85, 0,[ 79, 68, 23, 63, 26, 75]],

[ 80, 85, 0,[ 79, 75, 15, 81, 73, 97]],

[ 37, 85, 0,[ 38, 35, 39, 36, 96, 42, 82]],

[ 32, 85, 0,[ 88, 51, 31, 71, 68]],

[ 63, 85, 0,[ 24, 71, 35]],

[ 84, 85, 0,[ 72, 96, 82, 85, 40, 61]],

[ 6, 85, 0,[ 4, 95, 5, 8, 99]],

[ 92, 85, 0,[ 60, 22, 83, 95]],

[ 57, 85, 0,[ 58, 78, 59]],

[ 70, 85, 0,[ 69, 1, 99]],

[ 8, 85, 0,[ 6, 9, 50, 7, 90, 10, 51]],

[ 76, 85, 0,[ 77, 35, 78, 74, 13]],

[ 71, 85, 0,[ 63, 81, 32, 45]],

[ 87, 85, 0,[ 94, 89, 86, 82]],

[ 65, 75, 1,[ 64, 66, 4]],

[ 36, 85, 0,[ 81, 37, 12]],

[ 64, 85, 0,[ 35, 66, 65]],

[ 23, 85, 0,[ 56, 72, 24, 25, 21]],

[ 56, 85, 0,[ 43, 54, 11, 58, 23]],

[ 88, 85, 0,[ 32, 39, 89, 61]],

[ 42, 85, 0,[ 44, 81, 93, 37, 40]],

[ 45, 95, 1,[ 71, 44]],

[ 5, 85, 0,[ 46, 22, 6]],

[ 52, 85, 0,[ 31, 82, 48, 66, 26, 10, 50]],

[ 49, 85, 0,[ 51, 47, 50]],

[ 40, 85, 0,[ 42, 38, 84, 41]],

[ 77, 85, 0,[ 3, 76, 91]],

[ 29, 85, 0,[ 17, 27, 86, 13]],

[ 25, 85, 0,[ 27, 34, 23]],

[ 95, 85, 0,[ 6, 85, 92, 54]],

[ 78, 85, 0,[ 79, 57, 76, 20]],

[ 93, 85, 1,[ 42, 62]],

[ 74, 85, 0,[ 76, 75, 73, 72]],

[ 7, 85, 0,[ 8]],

[ 44, 85, 0,[ 43, 62, 46, 42, 45, 0]],

[ 72, 85, 0,[ 74, 2, 94, 23, 84]],

[ 28, 65, 1,[ 27, 30]],

[ 19, 85, 0,[ 81, 26, 17, 18, 21]],

[ 68, 85, 0,[ 32, 90, 48, 96, 24, 82]],

[ 10, 85, 0,[ 8, 9, 52, 13, 11]],

[ 94, 85, 0,[ 91, 72, 97, 87]],

[ 43, 85, 0,[ 44, 85, 56]],

[ 75, 85, 0,[ 31, 80, 74, 73, 24]],

[ 38, 85, 0,[ 37, 40, 39]],

[ 26, 85, 0,[ 52, 61, 24, 19]],

[ 51, 85, 0,[ 32, 8, 59, 49]],

[ 13, 85, 0,[ 10, 76, 48, 29]],

[ 86, 85, 1,[ 29, 87]],

[ 30, 85, 0,[ 28, 31, 96]],

[ 83, 85, 0,[ 92, 82, 85]],

[ 97, 85, 0,[ 99, 94, 96, 98, 67, 80]],

[ 0, 85, 0,[ 1, 44, 2]],

[ 14, 35, 1,[ 16]],

[ 58, 85, 0,[ 56, 57, 89]],

[ 59, 85, 0,[ 4, 61, 51, 57, 60]],

[ 34, 85, 0,[ 35, 25, 33]],

[ 1, 85, 0,[ 70, 0, 89]],

[ 48, 85, 0,[ 47, 52, 68, 46, 13]],

[ 33, 85, 0,[ 31, 34, 96, 35]],

[ 31, 85, 0,[ 52, 75, 33, 99, 90, 32, 30]],

[ 3, 5, 1,[ 81, 77]],

[ 46, 85, 0,[ 44, 5, 35, 17, 48]],

[ 91, 85, 0,[ 17, 77, 94]],

[ 20, 85, 0,[ 22, 78, 18, 21]],

[ 35, 85, 0,[ 76, 37, 64, 63, 46, 33, 34]],

[ 54, 85, 0,[ 55, 95, 53, 56]],

[ 47, 85, 0,[ 49, 48, 89]],

[ 89, 85, 0,[ 87, 15, 90, 58, 88, 47, 1]],

[ 55, 85, 0,[ 54, 41, 53]],

[ 81, 85, 0,[ 71, 19, 36, 42, 80, 3]],

[ 60, 85, 0,[ 59, 92, 61]],

[ 98, 55, 1,[ 79, 97]],

[ 12, 85, 0,[ 36, 11, 96]],

[ 96, 85, 0,[ 33, 30, 68, 84, 97, 37, 12]],

[ 16, 85, 0,[ 17, 15, 14, 18]],

[ 18, 85, 0,[ 20, 16, 19]],

[ 41, 85, 0,[ 39, 55, 40]],

[ 21, 85, 0,[ 19, 20, 23]],

[ 39, 85, 0,[ 41, 37, 38, 88]],

[ 73, 85, 0,[ 74, 75, 80]],

[ 17, 85, 0,[ 29, 16, 19, 66, 91, 46]],

[ 15, 85, 0,[ 16, 80, 89]],

[ 61, 85, 0,[ 59, 26, 60, 84, 88, 9, 62]],

[ 69, 55, 1,[ 67, 70]],

[ 22, 85, 0,[ 62, 92, 5, 20]],

[ 85, 85, 0,[ 43, 84, 83, 95]],

