[ 66, 65, 0,[ 65, 2, 64, 17, 52]],

[ 54, 65, 1,[ 53, 56, 95, 55]],

[ 74, 45, 1,[ 75, 73, 76, 72]],

[ 84, 55, 0,[ 61, 72, 85, 40, 96, 82]],

[ 50, 65, 1,[ 52, 8, 49]],

[ 69, 25, 1,[ 70, 67]],

[ 43, 95, 1,[ 44, 85, 56]],

[ 72, 45, 0,[ 74, 23, 94, 84, 2]],

[ 92, 45, 0,[ 95, 22, 83, 60]],

[ 57, 75, 1,[ 58, 78, 59]],

[ 52, 65, 0,[ 10, 66, 50, 31, 82, 26, 48]],

[ 29, 25, 1,[ 27, 13, 17, 86]],

[ 98, 35, 1,[ 79, 97]],

[ 59, 25, 0,[ 57, 4, 51, 61, 60]],

[ 93, 95, 1,[ 42, 62]],

[ 61, 25, 0,[ 62, 9, 88, 26, 84, 59, 60]],

[ 64, 65, 1,[ 35, 65, 66]],

[ 87, 95, 1,[ 94, 89, 86, 82]],

[ 91, 55, 1,[ 94, 17, 77]],

[ 19, 35, 0,[ 17, 26, 81, 21, 18]],

[ 78, 75, 0,[ 57, 79, 76, 20]],

[ 60, 85, 1,[ 59, 92, 61]],

[ 26, 15, 1,[ 24, 52, 19, 61]],

[ 31, 65, 0,[ 33, 99, 90, 75, 32, 30, 52]],

[ 51, 25, 0,[ 32, 49, 8, 59]],

[ 99, 65, 0,[ 31, 6, 67, 97, 70]],

[ 79, 65, 0,[ 80, 78, 98, 24]],

[ 67, 95, 1,[ 69, 99, 97]],

[ 39, 45, 0,[ 37, 88, 41, 38]],

[ 56, 95, 0,[ 23, 11, 43, 58, 54]],

[ 41, 25, 1,[ 39, 40, 55]],

[ 38, 75, 1,[ 40, 37, 39]],

[ 10, 25, 0,[ 13, 52, 8, 11, 9]],

[ 36, 85, 1,[ 81, 37, 12]],

[ 20, 35, 0,[ 21, 78, 18, 22]],

[ 76, 45, 0,[ 77, 35, 78, 74, 13]],

[ 97, 65, 0,[ 67, 96, 98, 80, 94, 99]],

[ 48, 65, 0,[ 13, 52, 46, 68, 47]],

[ 42, 45, 0,[ 44, 81, 37, 40, 93]],

[ 44, 45, 0,[ 0, 46, 62, 45, 42, 43]],

[ 47, 85, 1,[ 89, 49, 48]],

[ 55, 85, 1,[ 53, 41, 54]],

[ 46, 65, 0,[ 44, 5, 17, 48, 35]],

[ 86, 45, 1,[ 29, 87]],

[ 12, 85, 1,[ 96, 36, 11]],

[ 68, 15, 0,[ 24, 48, 32, 82, 90, 96]],

[ 0, 45, 1,[ 1, 44, 2]],

[ 14, 25, 1,[ 16]],

[ 81, 35, 0,[ 71, 3, 36, 80, 19, 42]],

[ 53, 55, 1,[ 54, 55]],

[ 15, 75, 1,[ 89, 16, 80]],

[ 94, 45, 0,[ 97, 87, 91, 72]],

[ 88, 25, 0,[ 89, 32, 39, 61]],

[ 22, 35, 0,[ 62, 5, 92, 20]],

[ 35, 45, 0,[ 64, 46, 34, 63, 33, 37, 76]],

[ 17, 65, 0,[ 16, 29, 19, 46, 66, 91]],

[ 82, 55, 0,[ 83, 37, 52, 87, 68, 84]],

[ 4, 25, 1,[ 65, 6, 59]],

[ 75, 65, 0,[ 24, 74, 80, 31, 73]],

[ 89, 65, 0,[ 1, 90, 47, 58, 88, 15, 87]],

[ 96, 15, 0,[ 97, 30, 84, 68, 37, 12, 33]],

[ 21, 35, 1,[ 19, 23, 20]],

[ 7, 25, 0,[ 8]],

[ 70, 75, 1,[ 69, 99, 1]],

[ 13, 25, 0,[ 48, 29, 10, 76]],

[ 95, 45, 0,[ 54, 6, 92, 85]],

[ 40, 55, 0,[ 38, 41, 42, 84]],

[ 33, 45, 1,[ 31, 34, 96, 35]],

[ 8, 25, 0,[ 6, 90, 51, 9, 50, 10, 7]],

[ 77, 5, 1,[ 3, 91, 76]],

[ 90, 65, 0,[ 68, 31, 89, 8]],

[ 6, 25, 0,[ 4, 5, 8, 99, 95]],

[ 49, 15, 1,[ 51, 47, 50]],

[ 80, 65, 0,[ 75, 79, 15, 81, 73, 97]],

[ 9, 25, 1,[ 61, 8, 10]],

[ 37, 45, 0,[ 82, 38, 35, 36, 42, 39, 96]],

[ 73, 5, 1,[ 74, 80, 75]],

[ 58, 15, 1,[ 89, 57, 56]],

[ 83, 35, 1,[ 82, 92, 85]],

[ 71, 35, 0,[ 63, 81, 32, 45]],

[ 25, 85, 1,[ 27, 34, 23]],

[ 62, 25, 0,[ 61, 93, 44, 22]],

[ 30, 15, 1,[ 28, 31, 96]],

[ 11, 45, 1,[ 10, 56, 12]],

[ 32, 15, 0,[ 68, 71, 51, 88, 31]],

[ 1, 55, 1,[ 89, 0, 70]],

[ 23, 15, 0,[ 25, 56, 24, 72, 21]],

[ 27, 95, 1,[ 28, 25, 29]],

[ 24, 15, 0,[ 26, 68, 23, 63, 75, 79]],

[ 63, 35, 1,[ 24, 71, 35]],

[ 85, 55, 0,[ 84, 43, 83, 95]],

[ 2, 75, 1,[ 0, 72, 66]],

[ 16, 35, 0,[ 18, 14, 15, 17]],

[ 3, 25, 1,[ 81, 77]],

[ 34, 25, 1,[ 25, 35, 33]],

[ 28, 95, 1,[ 27, 30]],

[ 45, 75, 1,[ 71, 44]],

[ 65, 75, 1,[ 64, 66, 4]],

[ 5, 35, 1,[ 6, 46, 22]],

[ 18, 35, 1,[ 19, 16, 20]],

