[ 73, 35, 0,[ 74, 80, 75]],

[ 97, 85, 1,[ 80, 67, 99, 96, 94, 98]],

[ 76, 45, 1,[ 77, 74, 35, 78, 13]],

[ 89, 15, 1,[ 90, 47, 88, 15, 1, 87, 58]],

[ 4, 55, 0,[ 6, 65, 59]],

[ 62, 55, 1,[ 44, 93, 22, 61]],

[ 28, 75, 0,[ 30, 27]],

[ 45, 15, 0,[ 71, 44]],

[ 24, 45, 1,[ 68, 79, 26, 75, 23, 63]],

[ 67, 35, 0,[ 99, 97, 69]],

[ 84, 65, 1,[ 85, 82, 72, 61, 40, 96]],

[ 51, 35, 0,[ 8, 49, 59, 32]],

[ 53, 35, 0,[ 55, 54]],

[ 9, 75, 0,[ 61, 8, 10]],

[ 48, 35, 1,[ 47, 68, 13, 52, 46]],

[ 8, 35, 1,[ 6, 10, 50, 9, 51, 90, 7]],

[ 20, 75, 1,[ 78, 21, 22, 18]],

[ 38, 75, 0,[ 40, 39, 37]],

[ 40, 95, 0,[ 38, 42, 41, 84]],

[ 56, 65, 1,[ 43, 11, 58, 23, 54]],

[ 1, 85, 0,[ 0, 70, 89]],

[ 63, 85, 0,[ 71, 24, 35]],

[ 91, 35, 0,[ 77, 94, 17]],

[ 86, 25, 0,[ 29, 87]],

[ 88, 5, 1,[ 61, 39, 89, 32]],

[ 27, 55, 0,[ 29, 28, 25]],

[ 52, 85, 1,[ 50, 31, 48, 66, 26, 82, 10]],

[ 42, 85, 1,[ 81, 37, 93, 40, 44]],

[ 29, 35, 1,[ 17, 86, 13, 27]],

[ 99, 65, 1,[ 67, 97, 31, 6, 70]],

[ 23, 25, 1,[ 25, 72, 21, 56, 24]],

[ 21, 15, 0,[ 20, 19, 23]],

[ 35, 55, 1,[ 34, 46, 76, 33, 63, 37, 64]],

[ 14, 25, 0,[ 16]],

[ 49, 95, 0,[ 50, 47, 51]],

[ 92, 35, 1,[ 60, 95, 83, 22]],

[ 37, 65, 1,[ 38, 42, 39, 82, 35, 96, 36]],

[ 58, 65, 0,[ 89, 56, 57]],

[ 69, 25, 0,[ 67, 70]],

[ 66, 15, 1,[ 52, 65, 2, 64, 17]],

[ 83, 5, 0,[ 92, 85, 82]],

[ 79, 85, 1,[ 80, 98, 78, 24]],

[ 0, 45, 0,[ 1, 44, 2]],

[ 41, 55, 0,[ 55, 40, 39]],

[ 30, 75, 0,[ 96, 28, 31]],

[ 44, 45, 1,[ 42, 62, 43, 0, 46, 45]],

[ 70, 65, 0,[ 1, 69, 99]],

[ 43, 35, 0,[ 44, 56, 85]],

[ 12, 15, 0,[ 96, 11, 36]],

[ 36, 65, 0,[ 12, 81, 37]],

[ 75, 35, 1,[ 80, 74, 24, 31, 73]],

[ 22, 85, 0,[ 5, 62, 92, 20]],

[ 64, 55, 0,[ 65, 66, 35]],

[ 71, 25, 0,[ 63, 32, 45, 81]],

[ 54, 75, 1,[ 95, 56, 55, 53]],

[ 95, 85, 1,[ 85, 6, 54, 92]],

[ 11, 85, 0,[ 10, 12, 56]],

[ 94, 55, 1,[ 87, 97, 72, 91]],

[ 85, 85, 1,[ 95, 43, 84, 83]],

[ 93, 85, 0,[ 42, 62]],

[ 90, 15, 1,[ 89, 8, 68, 31]],

[ 26, 15, 0,[ 52, 24, 19, 61]],

[ 15, 5, 0,[ 80, 89, 16]],

[ 16, 35, 1,[ 14, 17, 15, 18]],

[ 59, 35, 1,[ 57, 61, 51, 4, 60]],

[ 57, 95, 0,[ 78, 59, 58]],

[ 5, 85, 0,[ 22, 46, 6]],

[ 6, 85, 1,[ 8, 4, 95, 99, 5]],

[ 50, 45, 0,[ 49, 8, 52]],

[ 65, 55, 0,[ 66, 64, 4]],

[ 32, 35, 1,[ 68, 71, 31, 88, 51]],

[ 3, 95, 0,[ 81, 77]],

[ 72, 85, 1,[ 74, 94, 84, 23, 2]],

[ 13, 65, 1,[ 76, 48, 10, 29]],

[ 10, 25, 1,[ 52, 11, 8, 9, 13]],

[ 55, 85, 0,[ 41, 53, 54]],

[ 47, 55, 0,[ 89, 48, 49]],

[ 34, 55, 0,[ 33, 35, 25]],

[ 60, 35, 0,[ 59, 61, 92]],

[ 68, 35, 1,[ 96, 48, 90, 32, 82, 24]],

[ 46, 65, 1,[ 48, 35, 17, 5, 44]],

[ 18, 95, 0,[ 19, 20, 16]],

[ 74, 35, 1,[ 72, 76, 75, 73]],

[ 77, 35, 0,[ 91, 76, 3]],

[ 33, 55, 1,[ 96, 34, 35, 31]],

[ 96, 35, 1,[ 37, 97, 68, 84, 30, 33, 12]],

[ 82, 95, 1,[ 68, 37, 52, 87, 83, 84]],

[ 2, 45, 0,[ 72, 0, 66]],

[ 80, 75, 1,[ 79, 15, 73, 81, 97, 75]],

[ 61, 15, 1,[ 62, 60, 59, 88, 9, 26, 84]],

[ 98, 85, 0,[ 79, 97]],

[ 81, 65, 1,[ 71, 36, 42, 3, 80, 19]],

[ 25, 55, 0,[ 23, 27, 34]],

[ 17, 35, 1,[ 66, 16, 46, 19, 91, 29]],

[ 78, 25, 1,[ 57, 76, 79, 20]],

[ 7, 65, 0,[ 8]],

[ 19, 15, 1,[ 21, 17, 26, 81, 18]],

[ 31, 95, 1,[ 33, 30, 52, 32, 90, 75, 99]],

[ 39, 25, 1,[ 41, 88, 38, 37]],

[ 87, 25, 1,[ 94, 89, 82, 86]],

