[ 53, 5, 0,[ 54, 55]],

[ 97, 5, 0,[ 98, 94, 67, 80, 99, 96]],

[ 4, 5, 0,[ 6, 65, 59]],

[ 37, 95, 1,[ 35, 82, 38, 36, 96, 42, 39]],

[ 28, 5, 0,[ 30, 27]],

[ 45, 5, 0,[ 44, 71]],

[ 38, 75, 0,[ 37, 40, 39]],

[ 91, 5, 0,[ 17, 77, 94]],

[ 11, 5, 0,[ 56, 12, 10]],

[ 63, 5, 0,[ 24, 35, 71]],

[ 1, 5, 0,[ 0, 89, 70]],

[ 48, 5, 0,[ 52, 46, 68, 47, 13]],

[ 84, 75, 1,[ 85, 82, 40, 61, 72, 96]],

[ 98, 5, 0,[ 97, 79]],

[ 88, 5, 0,[ 39, 61, 89, 32]],

[ 70, 5, 0,[ 99, 1, 69]],

[ 36, 5, 0,[ 37, 81, 12]],

[ 92, 5, 0,[ 95, 22, 83, 60]],

[ 18, 5, 0,[ 19, 16, 20]],

[ 32, 5, 0,[ 71, 31, 88, 51, 68]],

[ 27, 5, 0,[ 28, 29, 25]],

[ 14, 5, 0,[ 16]],

[ 52, 55, 1,[ 66, 26, 48, 10, 31, 50, 82]],

[ 76, 5, 0,[ 78, 13, 74, 77, 35]],

[ 12, 5, 0,[ 36, 96, 11]],

[ 2, 5, 0,[ 0, 66, 72]],

[ 99, 5, 0,[ 97, 31, 6, 70, 67]],

[ 78, 5, 0,[ 79, 20, 76, 57]],

[ 86, 5, 0,[ 29, 87]],

[ 87, 5, 0,[ 82, 86, 94, 89]],

[ 34, 5, 0,[ 33, 25, 35]],

[ 26, 5, 0,[ 61, 52, 24, 19]],

[ 62, 5, 0,[ 93, 61, 22, 44]],

[ 47, 5, 0,[ 48, 89, 49]],

[ 90, 55, 0,[ 31, 8, 68, 89]],

[ 42, 5, 0,[ 37, 93, 81, 44, 40]],

[ 54, 5, 0,[ 53, 95, 56, 55]],

[ 10, 5, 0,[ 13, 52, 11, 8, 9]],

[ 44, 15, 1,[ 46, 62, 43, 0, 45, 42]],

[ 50, 95, 0,[ 52, 49, 8]],

[ 60, 5, 0,[ 92, 59, 61]],

[ 93, 5, 0,[ 62, 42]],

[ 56, 5, 0,[ 43, 11, 23, 54, 58]],

[ 24, 5, 0,[ 23, 75, 79, 63, 26, 68]],

[ 64, 5, 0,[ 35, 65, 66]],

[ 79, 5, 0,[ 78, 98, 80, 24]],

[ 35, 5, 1,[ 37, 63, 34, 46, 64, 76, 33]],

[ 41, 75, 0,[ 55, 40, 39]],

[ 68, 5, 0,[ 90, 48, 82, 32, 24, 96]],

[ 39, 75, 0,[ 41, 88, 37, 38]],

[ 6, 5, 0,[ 99, 8, 95, 5, 4]],

[ 57, 5, 0,[ 59, 58, 78]],

[ 55, 5, 0,[ 53, 41, 54]],

[ 5, 5, 0,[ 6, 46, 22]],

[ 31, 55, 1,[ 32, 90, 33, 99, 30, 75, 52]],

[ 3, 5, 0,[ 77, 81]],

[ 8, 95, 1,[ 51, 50, 9, 6, 90, 7, 10]],

[ 61, 5, 1,[ 9, 88, 62, 84, 26, 59, 60]],

[ 94, 5, 0,[ 97, 72, 91, 87]],

[ 43, 5, 0,[ 85, 44, 56]],

[ 13, 5, 0,[ 29, 48, 76, 10]],

[ 58, 5, 0,[ 57, 56, 89]],

[ 73, 5, 0,[ 74, 75, 80]],

[ 96, 5, 1,[ 12, 33, 84, 37, 97, 30, 68]],

[ 66, 5, 0,[ 64, 2, 52, 65, 17]],

[ 83, 5, 0,[ 92, 82, 85]],

[ 17, 5, 0,[ 19, 66, 46, 16, 29, 91]],

[ 40, 75, 0,[ 41, 38, 84, 42]],

[ 30, 5, 0,[ 96, 28, 31]],

[ 16, 5, 0,[ 17, 18, 14, 15]],

[ 89, 35, 1,[ 87, 1, 90, 47, 88, 58, 15]],

[ 49, 5, 0,[ 47, 50, 51]],

[ 71, 5, 0,[ 45, 63, 81, 32]],

[ 51, 5, 0,[ 59, 32, 49, 8]],

[ 21, 5, 0,[ 20, 19, 23]],

[ 0, 5, 0,[ 2, 1, 44]],

[ 95, 5, 0,[ 6, 92, 85, 54]],

[ 82, 5, 0,[ 68, 83, 84, 87, 52, 37]],

[ 85, 5, 0,[ 84, 43, 83, 95]],

[ 72, 5, 0,[ 2, 74, 84, 23, 94]],

[ 9, 5, 0,[ 61, 8, 10]],

[ 75, 5, 0,[ 31, 80, 74, 24, 73]],

[ 25, 5, 0,[ 27, 34, 23]],

[ 19, 5, 0,[ 18, 21, 17, 81, 26]],

[ 74, 5, 0,[ 73, 75, 72, 76]],

[ 81, 5, 0,[ 3, 71, 42, 36, 80, 19]],

[ 80, 5, 0,[ 15, 73, 75, 79, 81, 97]],

[ 69, 5, 0,[ 67, 70]],

[ 46, 5, 0,[ 5, 35, 48, 44, 17]],

[ 23, 5, 0,[ 56, 72, 21, 25, 24]],

[ 33, 5, 0,[ 31, 35, 34, 96]],

[ 20, 5, 0,[ 78, 21, 22, 18]],

[ 65, 5, 0,[ 64, 4, 66]],

[ 59, 5, 0,[ 61, 51, 4, 60, 57]],

[ 77, 5, 0,[ 76, 91, 3]],

[ 29, 5, 0,[ 27, 17, 86, 13]],

[ 67, 5, 0,[ 69, 97, 99]],

[ 15, 5, 0,[ 80, 89, 16]],

[ 7, 95, 0,[ 8]],

[ 22, 5, 0,[ 92, 20, 62, 5]],

