[ 20, 35, 0,[ 78, 18, 21, 22]],

[ 17, 25, 1,[ 29, 46, 66, 19, 91, 16]],

[ 55, 25, 0,[ 41, 53, 54]],

[ 74, 65, 0,[ 72, 75, 76, 73]],

[ 60, 55, 0,[ 61, 92, 59]],

[ 85, 55, 0,[ 95, 84, 83, 43]],

[ 80, 65, 0,[ 97, 15, 79, 81, 75, 73]],

[ 79, 65, 0,[ 24, 80, 78, 98]],

[ 18, 15, 0,[ 19, 16, 20]],

[ 97, 25, 0,[ 67, 96, 98, 94, 80, 99]],

[ 10, 15, 0,[ 8, 13, 9, 52, 11]],

[ 21, 15, 0,[ 19, 20, 23]],

[ 86, 35, 0,[ 87, 29]],

[ 70, 25, 0,[ 1, 99, 69]],

[ 31, 85, 1,[ 52, 75, 90, 33, 30, 99, 32]],

[ 95, 55, 0,[ 92, 54, 85, 6]],

[ 41, 75, 0,[ 40, 39, 55]],

[ 93, 25, 0,[ 62, 42]],

[ 63, 65, 0,[ 24, 35, 71]],

[ 39, 15, 0,[ 41, 37, 38, 88]],

[ 25, 15, 0,[ 34, 27, 23]],

[ 24, 65, 0,[ 68, 26, 79, 75, 63, 23]],

[ 47, 35, 0,[ 49, 48, 89]],

[ 11, 25, 0,[ 12, 56, 10]],

[ 98, 65, 0,[ 97, 79]],

[ 0, 5, 0,[ 44, 1, 2]],

[ 94, 25, 0,[ 97, 91, 87, 72]],

[ 69, 25, 0,[ 70, 67]],

[ 72, 15, 0,[ 23, 84, 94, 74, 2]],

[ 68, 35, 0,[ 90, 24, 48, 96, 32, 82]],

[ 56, 25, 0,[ 43, 11, 54, 23, 58]],

[ 45, 5, 0,[ 71, 44]],

[ 92, 55, 0,[ 60, 22, 83, 95]],

[ 87, 35, 0,[ 94, 89, 86, 82]],

[ 89, 35, 1,[ 15, 1, 47, 58, 88, 90, 87]],

[ 27, 25, 0,[ 25, 29, 28]],

[ 2, 15, 0,[ 0, 72, 66]],

[ 52, 15, 1,[ 31, 10, 66, 50, 48, 82, 26]],

[ 28, 55, 0,[ 27, 30]],

[ 44, 5, 0,[ 45, 62, 42, 0, 46, 43]],

[ 15, 25, 0,[ 16, 80, 89]],

[ 58, 35, 0,[ 89, 56, 57]],

[ 48, 5, 0,[ 68, 52, 47, 46, 13]],

[ 64, 15, 0,[ 65, 35, 66]],

[ 65, 15, 0,[ 66, 4, 64]],

[ 50, 15, 0,[ 49, 8, 52]],

[ 66, 15, 0,[ 65, 64, 2, 17, 52]],

[ 42, 25, 0,[ 37, 81, 44, 40, 93]],

[ 30, 55, 0,[ 31, 28, 96]],

[ 59, 55, 0,[ 61, 4, 57, 60, 51]],

[ 62, 55, 0,[ 93, 61, 44, 22]],

[ 35, 65, 1,[ 76, 63, 33, 34, 46, 64, 37]],

[ 16, 25, 0,[ 14, 18, 15, 17]],

[ 40, 75, 0,[ 84, 41, 38, 42]],

[ 6, 55, 0,[ 5, 8, 99, 95, 4]],

[ 73, 65, 0,[ 75, 74, 80]],

[ 54, 25, 0,[ 95, 53, 55, 56]],

[ 75, 65, 0,[ 80, 24, 73, 74, 31]],

[ 3, 95, 0,[ 81, 77]],

[ 49, 85, 0,[ 47, 51, 50]],

[ 91, 25, 0,[ 94, 17, 77]],

[ 67, 25, 0,[ 99, 69, 97]],

[ 23, 15, 0,[ 56, 21, 24, 25, 72]],

[ 36, 95, 0,[ 37, 12, 81]],

[ 14, 25, 0,[ 16]],

[ 81, 95, 1,[ 80, 3, 19, 42, 71, 36]],

[ 7, 15, 0,[ 8]],

[ 9, 15, 0,[ 8, 61, 10]],

[ 71, 95, 0,[ 32, 81, 45, 63]],

[ 13, 5, 0,[ 48, 76, 10, 29]],

[ 88, 35, 0,[ 32, 61, 39, 89]],

[ 77, 5, 0,[ 76, 3, 91]],

[ 32, 85, 0,[ 88, 31, 51, 71, 68]],

[ 12, 55, 0,[ 36, 11, 96]],

[ 84, 55, 0,[ 85, 72, 61, 82, 96, 40]],

[ 51, 85, 0,[ 8, 32, 59, 49]],

[ 53, 25, 0,[ 55, 54]],

[ 46, 5, 0,[ 17, 44, 35, 48, 5]],

[ 8, 15, 1,[ 51, 9, 10, 6, 50, 7, 90]],

[ 57, 55, 0,[ 58, 78, 59]],

[ 37, 15, 1,[ 36, 35, 38, 82, 42, 39, 96]],

[ 96, 55, 1,[ 37, 30, 97, 84, 12, 33, 68]],

[ 5, 55, 0,[ 6, 46, 22]],

[ 1, 35, 0,[ 70, 0, 89]],

[ 19, 15, 0,[ 21, 17, 18, 81, 26]],

[ 29, 25, 0,[ 86, 17, 13, 27]],

[ 76, 5, 0,[ 13, 35, 77, 74, 78]],

[ 82, 15, 0,[ 84, 87, 83, 52, 37, 68]],

[ 22, 55, 0,[ 5, 92, 20, 62]],

[ 61, 55, 1,[ 26, 9, 60, 88, 84, 59, 62]],

[ 26, 15, 0,[ 19, 24, 61, 52]],

[ 4, 55, 0,[ 59, 6, 65]],

[ 38, 15, 0,[ 40, 39, 37]],

[ 83, 15, 0,[ 85, 92, 82]],

[ 34, 85, 0,[ 25, 35, 33]],

[ 43, 5, 0,[ 56, 44, 85]],

[ 90, 35, 0,[ 68, 31, 8, 89]],

[ 33, 85, 0,[ 96, 31, 35, 34]],

[ 99, 25, 0,[ 97, 6, 31, 70, 67]],

[ 78, 35, 0,[ 57, 20, 76, 79]],

