[ 92, 55, 0,[ 22, 60, 83, 95]],

[ 83, 55, 0,[ 82, 92, 85]],

[ 48, 55, 0,[ 52, 46, 68, 13, 47]],

[ 84, 55, 0,[ 96, 40, 82, 85, 72, 61]],

[ 63, 55, 0,[ 24, 71, 35]],

[ 87, 55, 0,[ 82, 86, 89, 94]],

[ 17, 55, 0,[ 91, 66, 19, 29, 46, 16]],

[ 39, 55, 0,[ 88, 37, 38, 41]],

[ 64, 55, 0,[ 66, 65, 35]],

[ 71, 55, 0,[ 32, 81, 63, 45]],

[ 65, 55, 0,[ 64, 66, 4]],

[ 12, 55, 0,[ 96, 36, 11]],

[ 5, 55, 0,[ 22, 46, 6]],

[ 69, 25, 1,[ 70, 67]],

[ 80, 55, 0,[ 15, 73, 75, 81, 79, 97]],

[ 2, 55, 0,[ 0, 72, 66]],

[ 37, 55, 0,[ 36, 35, 39, 82, 42, 38, 96]],

[ 11, 55, 0,[ 56, 10, 12]],

[ 25, 55, 0,[ 23, 27, 34]],

[ 94, 55, 0,[ 91, 87, 72, 97]],

[ 50, 55, 0,[ 49, 52, 8]],

[ 98, 25, 1,[ 79, 97]],

[ 35, 55, 0,[ 64, 46, 63, 33, 34, 37, 76]],

[ 70, 55, 0,[ 1, 99, 69]],

[ 90, 55, 0,[ 89, 68, 8, 31]],

[ 78, 55, 0,[ 79, 76, 57, 20]],

[ 32, 55, 0,[ 31, 51, 68, 71, 88]],

[ 21, 55, 0,[ 19, 23, 20]],

[ 89, 55, 0,[ 88, 90, 58, 15, 47, 87, 1]],

[ 54, 55, 0,[ 53, 95, 55, 56]],

[ 58, 55, 0,[ 57, 56, 89]],

[ 53, 45, 1,[ 54, 55]],

[ 20, 55, 0,[ 78, 21, 22, 18]],

[ 0, 55, 0,[ 1, 44, 2]],

[ 16, 55, 0,[ 15, 18, 14, 17]],

[ 27, 15, 1,[ 28, 25, 29]],

[ 23, 55, 0,[ 24, 56, 21, 72, 25]],

[ 77, 55, 0,[ 3, 91, 76]],

[ 7, 55, 0,[ 8]],

[ 33, 55, 0,[ 35, 31, 34, 96]],

[ 15, 55, 0,[ 80, 89, 16]],

[ 97, 55, 0,[ 99, 80, 98, 94, 96, 67]],

[ 34, 55, 0,[ 25, 33, 35]],

[ 51, 55, 0,[ 8, 32, 49, 59]],

[ 74, 55, 0,[ 75, 72, 76, 73]],

[ 41, 55, 0,[ 55, 40, 39]],

[ 46, 55, 0,[ 17, 44, 48, 5, 35]],

[ 3, 95, 1,[ 81, 77]],

[ 19, 55, 0,[ 21, 18, 26, 17, 81]],

[ 49, 55, 0,[ 51, 47, 50]],

[ 26, 55, 0,[ 24, 61, 19, 52]],

[ 28, 55, 1,[ 30, 27]],

[ 10, 55, 0,[ 11, 52, 8, 13, 9]],

[ 45, 55, 1,[ 44, 71]],

[ 29, 55, 0,[ 86, 13, 27, 17]],

[ 36, 55, 0,[ 81, 12, 37]],

[ 91, 55, 0,[ 94, 77, 17]],

[ 59, 55, 0,[ 61, 57, 51, 4, 60]],

[ 61, 55, 0,[ 59, 84, 26, 9, 88, 62, 60]],

[ 31, 55, 0,[ 30, 99, 90, 75, 32, 52, 33]],

[ 40, 55, 0,[ 84, 38, 42, 41]],

[ 8, 55, 0,[ 6, 10, 7, 51, 90, 9, 50]],

[ 93, 55, 1,[ 62, 42]],

[ 75, 55, 0,[ 74, 73, 80, 31, 24]],

[ 95, 55, 0,[ 6, 54, 92, 85]],

[ 4, 55, 0,[ 65, 59, 6]],

[ 60, 55, 0,[ 59, 92, 61]],

[ 44, 55, 0,[ 45, 42, 43, 62, 0, 46]],

[ 30, 55, 0,[ 28, 96, 31]],

[ 72, 55, 0,[ 94, 74, 23, 2, 84]],

[ 62, 55, 0,[ 93, 61, 44, 22]],

[ 14, 5, 1,[ 16]],

[ 68, 55, 0,[ 90, 82, 48, 24, 96, 32]],

[ 85, 55, 0,[ 84, 95, 83, 43]],

[ 66, 55, 0,[ 65, 64, 2, 52, 17]],

[ 38, 55, 0,[ 39, 37, 40]],

[ 43, 55, 0,[ 85, 44, 56]],

[ 82, 55, 0,[ 37, 68, 87, 52, 84, 83]],

[ 55, 55, 0,[ 54, 53, 41]],

[ 86, 95, 1,[ 29, 87]],

[ 9, 55, 0,[ 61, 8, 10]],

[ 96, 55, 0,[ 33, 30, 97, 84, 12, 68, 37]],

[ 42, 55, 0,[ 44, 40, 93, 81, 37]],

[ 88, 55, 0,[ 39, 89, 61, 32]],

[ 81, 55, 0,[ 19, 71, 80, 42, 3, 36]],

[ 13, 55, 0,[ 76, 48, 29, 10]],

[ 99, 55, 0,[ 97, 70, 67, 31, 6]],

[ 73, 55, 0,[ 74, 80, 75]],

[ 52, 55, 0,[ 48, 50, 66, 26, 31, 10, 82]],

[ 24, 55, 0,[ 23, 79, 68, 75, 63, 26]],

[ 57, 55, 0,[ 78, 58, 59]],

[ 67, 55, 0,[ 97, 69, 99]],

[ 6, 55, 0,[ 4, 5, 99, 95, 8]],

[ 47, 55, 0,[ 48, 49, 89]],

[ 56, 55, 0,[ 54, 43, 11, 23, 58]],

[ 18, 55, 0,[ 19, 20, 16]],

[ 76, 55, 0,[ 13, 74, 78, 77, 35]],

[ 22, 55, 0,[ 62, 20, 92, 5]],

[ 1, 55, 0,[ 89, 70, 0]],

[ 79, 55, 0,[ 80, 78, 24, 98]],

