[ 21, 25, 1,[ 20, 23, 19]],

[ 37, 75, 0,[ 35, 82, 42, 96, 39, 38, 36]],

[ 27, 65, 1,[ 25, 28, 29]],

[ 24, 85, 0,[ 26, 63, 79, 75, 68, 23]],

[ 4, 95, 1,[ 65, 59, 6]],

[ 60, 35, 1,[ 92, 61, 59]],

[ 88, 85, 1,[ 32, 89, 39, 61]],

[ 5, 75, 1,[ 46, 6, 22]],

[ 3, 85, 1,[ 77, 81]],

[ 55, 75, 1,[ 54, 41, 53]],

[ 31, 55, 0,[ 99, 75, 52, 30, 32, 90, 33]],

[ 62, 25, 1,[ 44, 61, 93, 22]],

[ 95, 25, 0,[ 85, 54, 6, 92]],

[ 48, 75, 0,[ 47, 13, 68, 52, 46]],

[ 96, 75, 0,[ 30, 12, 84, 33, 97, 37, 68]],

[ 90, 15, 1,[ 31, 8, 89, 68]],

[ 36, 95, 1,[ 12, 37, 81]],

[ 87, 75, 0,[ 94, 86, 89, 82]],

[ 26, 45, 0,[ 24, 52, 61, 19]],

[ 93, 45, 1,[ 62, 42]],

[ 49, 5, 1,[ 47, 50, 51]],

[ 38, 25, 1,[ 40, 39, 37]],

[ 35, 75, 0,[ 37, 33, 46, 34, 64, 76, 63]],

[ 29, 35, 0,[ 17, 13, 86, 27]],

[ 17, 35, 0,[ 91, 16, 19, 29, 66, 46]],

[ 86, 65, 1,[ 29, 87]],

[ 7, 55, 0,[ 8]],

[ 66, 45, 0,[ 65, 64, 17, 52, 2]],

[ 64, 65, 1,[ 65, 35, 66]],

[ 74, 75, 0,[ 75, 76, 72, 73]],

[ 34, 95, 1,[ 35, 33, 25]],

[ 12, 95, 1,[ 11, 96, 36]],

[ 61, 25, 0,[ 84, 88, 62, 60, 59, 26, 9]],

[ 89, 15, 0,[ 1, 90, 15, 47, 87, 88, 58]],

[ 1, 35, 1,[ 89, 0, 70]],

[ 91, 5, 1,[ 77, 94, 17]],

[ 59, 25, 0,[ 57, 61, 4, 60, 51]],

[ 32, 55, 0,[ 68, 88, 71, 51, 31]],

[ 52, 45, 0,[ 82, 10, 66, 50, 31, 26, 48]],

[ 84, 75, 0,[ 40, 61, 85, 82, 72, 96]],

[ 77, 35, 1,[ 91, 76, 3]],

[ 0, 85, 1,[ 44, 2, 1]],

[ 82, 75, 0,[ 83, 52, 84, 87, 68, 37]],

[ 11, 25, 1,[ 12, 56, 10]],

[ 9, 25, 1,[ 8, 10, 61]],

[ 75, 55, 0,[ 24, 74, 73, 31, 80]],

[ 98, 55, 1,[ 97, 79]],

[ 83, 55, 1,[ 82, 85, 92]],

[ 51, 55, 0,[ 8, 49, 59, 32]],

[ 28, 15, 1,[ 30, 27]],

[ 76, 75, 0,[ 77, 13, 78, 74, 35]],

[ 78, 85, 1,[ 76, 79, 57, 20]],

[ 69, 5, 1,[ 70, 67]],

[ 73, 15, 1,[ 80, 75, 74]],

[ 25, 95, 1,[ 34, 27, 23]],

[ 63, 85, 1,[ 71, 24, 35]],

[ 14, 15, 1,[ 16]],

[ 30, 75, 1,[ 96, 31, 28]],

[ 68, 75, 0,[ 82, 32, 24, 48, 96, 90]],

[ 44, 75, 0,[ 42, 43, 45, 62, 46, 0]],

[ 41, 45, 1,[ 55, 40, 39]],

[ 13, 75, 0,[ 29, 10, 48, 76]],

[ 23, 85, 0,[ 24, 25, 21, 72, 56]],

[ 43, 95, 1,[ 85, 56, 44]],

[ 40, 75, 0,[ 42, 84, 41, 38]],

[ 6, 55, 0,[ 5, 99, 95, 8, 4]],

[ 81, 75, 0,[ 42, 71, 19, 3, 80, 36]],

[ 97, 55, 0,[ 80, 96, 67, 94, 98, 99]],

[ 20, 65, 0,[ 78, 22, 18, 21]],

[ 70, 95, 1,[ 69, 99, 1]],

[ 65, 45, 1,[ 4, 66, 64]],

[ 54, 35, 1,[ 95, 53, 55, 56]],

[ 67, 55, 1,[ 69, 99, 97]],

[ 50, 65, 1,[ 49, 8, 52]],

[ 15, 55, 1,[ 89, 80, 16]],

[ 94, 75, 0,[ 87, 72, 91, 97]],

[ 79, 85, 0,[ 98, 78, 24, 80]],

[ 99, 55, 0,[ 31, 70, 67, 6, 97]],

[ 57, 35, 1,[ 59, 58, 78]],

[ 92, 25, 0,[ 83, 22, 60, 95]],

[ 8, 55, 0,[ 50, 10, 90, 9, 6, 51, 7]],

[ 45, 95, 1,[ 71, 44]],

[ 80, 55, 0,[ 15, 97, 79, 73, 75, 81]],

[ 18, 85, 1,[ 20, 16, 19]],

[ 2, 55, 1,[ 72, 66, 0]],

[ 46, 75, 0,[ 44, 17, 5, 48, 35]],

[ 33, 75, 0,[ 34, 35, 31, 96]],

[ 42, 75, 0,[ 37, 93, 40, 81, 44]],

[ 47, 75, 1,[ 49, 48, 89]],

[ 39, 75, 0,[ 38, 41, 37, 88]],

[ 71, 55, 0,[ 81, 45, 63, 32]],

[ 56, 85, 0,[ 11, 58, 23, 43, 54]],

[ 53, 95, 1,[ 54, 55]],

[ 58, 85, 1,[ 56, 57, 89]],

[ 16, 5, 1,[ 17, 15, 18, 14]],

[ 85, 75, 0,[ 43, 83, 84, 95]],

[ 10, 55, 0,[ 9, 8, 13, 11, 52]],

[ 72, 75, 0,[ 84, 74, 94, 2, 23]],

[ 22, 65, 0,[ 20, 62, 5, 92]],

[ 19, 75, 0,[ 21, 26, 18, 81, 17]],

