[ 67, 25, 0,[ 69, 97, 99]],

[ 77, 45, 0,[ 3, 91, 76]],

[ 57, 65, 0,[ 58, 78, 59]],

[ 13, 45, 0,[ 29, 76, 10, 48]],

[ 22, 65, 0,[ 20, 92, 62, 5]],

[ 61, 65, 1,[ 84, 9, 62, 26, 88, 59, 60]],

[ 90, 65, 0,[ 89, 68, 31, 8]],

[ 44, 75, 0,[ 42, 62, 46, 43, 45, 0]],

[ 92, 65, 0,[ 83, 60, 22, 95]],

[ 81, 95, 1,[ 42, 3, 36, 71, 80, 19]],

[ 55, 25, 0,[ 41, 53, 54]],

[ 9, 75, 0,[ 8, 10, 61]],

[ 87, 45, 0,[ 94, 82, 89, 86]],

[ 5, 65, 0,[ 46, 6, 22]],

[ 20, 85, 0,[ 18, 78, 22, 21]],

[ 49, 45, 0,[ 51, 50, 47]],

[ 71, 95, 0,[ 45, 63, 32, 81]],

[ 23, 35, 0,[ 24, 25, 72, 21, 56]],

[ 45, 75, 0,[ 71, 44]],

[ 21, 35, 0,[ 23, 19, 20]],

[ 62, 65, 0,[ 61, 22, 44, 93]],

[ 69, 95, 0,[ 70, 67]],

[ 0, 75, 0,[ 1, 2, 44]],

[ 63, 45, 0,[ 71, 24, 35]],

[ 34, 25, 0,[ 35, 25, 33]],

[ 99, 25, 0,[ 97, 6, 31, 67, 70]],

[ 74, 45, 0,[ 72, 73, 75, 76]],

[ 88, 65, 0,[ 61, 89, 39, 32]],

[ 33, 65, 0,[ 34, 35, 96, 31]],

[ 2, 45, 0,[ 66, 72, 0]],

[ 25, 25, 0,[ 34, 27, 23]],

[ 47, 45, 0,[ 89, 49, 48]],

[ 43, 75, 0,[ 44, 56, 85]],

[ 51, 65, 0,[ 8, 32, 59, 49]],

[ 64, 25, 0,[ 65, 35, 66]],

[ 96, 75, 1,[ 12, 33, 37, 84, 97, 30, 68]],

[ 14, 85, 0,[ 16]],

[ 86, 45, 0,[ 87, 29]],

[ 1, 45, 0,[ 0, 89, 70]],

[ 37, 55, 1,[ 82, 35, 39, 96, 38, 42, 36]],

[ 97, 25, 0,[ 98, 96, 99, 67, 80, 94]],

[ 18, 85, 0,[ 19, 16, 20]],

[ 26, 45, 0,[ 52, 24, 61, 19]],

[ 42, 55, 0,[ 93, 44, 37, 81, 40]],

[ 12, 75, 0,[ 11, 36, 96]],

[ 17, 95, 0,[ 16, 46, 66, 91, 29, 19]],

[ 59, 65, 0,[ 60, 61, 4, 51, 57]],

[ 95, 75, 0,[ 92, 85, 6, 54]],

[ 91, 95, 0,[ 17, 77, 94]],

[ 40, 55, 0,[ 84, 41, 42, 38]],

[ 66, 45, 0,[ 65, 64, 17, 2, 52]],

[ 31, 65, 1,[ 32, 99, 90, 30, 75, 33, 52]],

[ 65, 45, 0,[ 4, 64, 66]],

[ 68, 65, 0,[ 24, 48, 82, 32, 90, 96]],

[ 85, 65, 0,[ 95, 43, 83, 84]],

[ 73, 25, 0,[ 75, 74, 80]],

[ 11, 35, 0,[ 10, 12, 56]],

[ 50, 45, 0,[ 49, 52, 8]],

[ 60, 65, 0,[ 61, 59, 92]],

[ 83, 65, 0,[ 82, 92, 85]],

[ 84, 65, 0,[ 85, 40, 82, 61, 72, 96]],

[ 10, 75, 0,[ 9, 8, 52, 11, 13]],

[ 35, 25, 1,[ 64, 76, 46, 33, 37, 63, 34]],

[ 72, 35, 0,[ 94, 74, 23, 2, 84]],

[ 38, 55, 0,[ 37, 39, 40]],

[ 53, 25, 0,[ 55, 54]],

[ 48, 45, 0,[ 68, 52, 46, 47, 13]],

[ 15, 25, 0,[ 80, 89, 16]],

[ 6, 75, 0,[ 99, 5, 8, 95, 4]],

[ 19, 95, 0,[ 18, 17, 81, 21, 26]],

[ 7, 75, 0,[ 8]],

[ 39, 55, 0,[ 88, 38, 37, 41]],

[ 70, 95, 0,[ 99, 69, 1]],

[ 82, 65, 0,[ 68, 52, 84, 87, 83, 37]],

[ 16, 85, 0,[ 14, 18, 15, 17]],

[ 80, 25, 0,[ 73, 79, 75, 97, 15, 81]],

[ 30, 65, 0,[ 96, 28, 31]],

[ 29, 25, 0,[ 17, 13, 27, 86]],

[ 78, 45, 0,[ 57, 20, 76, 79]],

[ 98, 25, 0,[ 97, 79]],

[ 8, 75, 1,[ 7, 50, 6, 51, 10, 90, 9]],

[ 36, 55, 0,[ 81, 37, 12]],

[ 58, 45, 0,[ 89, 56, 57]],

[ 75, 45, 0,[ 74, 80, 73, 24, 31]],

[ 79, 45, 0,[ 98, 80, 24, 78]],

[ 93, 55, 0,[ 62, 42]],

[ 46, 95, 0,[ 17, 44, 5, 48, 35]],

[ 52, 45, 1,[ 66, 10, 31, 50, 26, 48, 82]],

[ 89, 45, 1,[ 58, 87, 90, 47, 88, 15, 1]],

[ 28, 65, 0,[ 27, 30]],

[ 76, 45, 0,[ 74, 13, 77, 78, 35]],

[ 54, 25, 0,[ 56, 53, 95, 55]],

[ 3, 95, 0,[ 77, 81]],

[ 27, 25, 0,[ 28, 25, 29]],

[ 41, 55, 0,[ 40, 39, 55]],

[ 32, 65, 0,[ 88, 68, 51, 71, 31]],

[ 24, 45, 1,[ 75, 79, 68, 63, 23, 26]],

[ 56, 35, 0,[ 54, 58, 23, 43, 11]],

[ 4, 75, 0,[ 6, 65, 59]],

[ 94, 35, 0,[ 97, 72, 87, 91]],

