[ 45, 35, 0,[ 71, 44]],

[ 53, 15, 0,[ 54, 55]],

[ 86, 35, 0,[ 29, 87]],

[ 92, 35, 1,[ 60, 83, 95, 22]],

[ 35, 25, 1,[ 76, 33, 37, 64, 34, 46, 63]],

[ 42, 95, 1,[ 93, 40, 81, 37, 44]],

[ 69, 65, 0,[ 67, 70]],

[ 62, 95, 0,[ 93, 61, 22, 44]],

[ 93, 95, 0,[ 42, 62]],

[ 3, 45, 0,[ 81, 77]],

[ 74, 5, 1,[ 75, 72, 73, 76]],

[ 66, 35, 1,[ 64, 52, 65, 2, 17]],

[ 83, 35, 0,[ 82, 85, 92]],

[ 63, 35, 0,[ 71, 35, 24]],

[ 17, 85, 1,[ 16, 29, 46, 66, 19, 91]],

[ 41, 15, 0,[ 40, 39, 55]],

[ 60, 35, 0,[ 59, 92, 61]],

[ 78, 95, 1,[ 20, 57, 76, 79]],

[ 89, 45, 1,[ 88, 58, 47, 15, 87, 1, 90]],

[ 71, 35, 1,[ 32, 81, 63, 45]],

[ 31, 25, 1,[ 90, 99, 32, 30, 75, 52, 33]],

[ 61, 75, 1,[ 26, 84, 9, 62, 59, 60, 88]],

[ 6, 95, 1,[ 95, 99, 5, 4, 8]],

[ 47, 85, 0,[ 48, 89, 49]],

[ 28, 25, 0,[ 30, 27]],

[ 51, 55, 1,[ 32, 59, 49, 8]],

[ 64, 35, 0,[ 35, 65, 66]],

[ 67, 65, 0,[ 99, 97, 69]],

[ 32, 55, 1,[ 71, 68, 31, 88, 51]],

[ 16, 5, 1,[ 17, 18, 15, 14]],

[ 5, 45, 0,[ 22, 6, 46]],

[ 88, 65, 1,[ 32, 61, 89, 39]],

[ 27, 25, 0,[ 29, 28, 25]],

[ 98, 75, 0,[ 79, 97]],

[ 10, 65, 1,[ 13, 9, 8, 11, 52]],

[ 2, 35, 0,[ 0, 66, 72]],

[ 65, 35, 0,[ 66, 4, 64]],

[ 48, 85, 1,[ 47, 68, 46, 52, 13]],

[ 23, 25, 1,[ 72, 56, 21, 24, 25]],

[ 94, 65, 1,[ 72, 87, 91, 97]],

[ 0, 35, 0,[ 2, 44, 1]],

[ 97, 75, 1,[ 99, 67, 98, 80, 96, 94]],

[ 29, 35, 0,[ 17, 27, 13, 86]],

[ 40, 15, 1,[ 42, 38, 84, 41]],

[ 49, 85, 0,[ 51, 50, 47]],

[ 55, 15, 0,[ 41, 53, 54]],

[ 87, 35, 1,[ 94, 86, 89, 82]],

[ 68, 25, 1,[ 24, 48, 96, 90, 32, 82]],

[ 82, 45, 1,[ 37, 52, 84, 87, 68, 83]],

[ 33, 25, 0,[ 31, 34, 96, 35]],

[ 44, 95, 1,[ 42, 43, 46, 0, 45, 62]],

[ 12, 85, 0,[ 11, 96, 36]],

[ 9, 75, 0,[ 10, 61, 8]],

[ 25, 25, 0,[ 34, 27, 23]],

[ 36, 85, 0,[ 12, 81, 37]],

[ 46, 65, 1,[ 5, 35, 44, 48, 17]],

[ 56, 85, 1,[ 23, 58, 11, 43, 54]],

[ 8, 85, 1,[ 51, 6, 9, 7, 90, 10, 50]],

[ 11, 85, 0,[ 56, 10, 12]],

[ 22, 45, 1,[ 20, 92, 62, 5]],

[ 90, 75, 1,[ 89, 8, 68, 31]],

[ 38, 85, 0,[ 39, 40, 37]],

[ 24, 15, 1,[ 75, 26, 68, 63, 23, 79]],

[ 20, 55, 1,[ 21, 18, 78, 22]],

[ 13, 35, 1,[ 29, 48, 76, 10]],

[ 85, 25, 0,[ 83, 95, 84, 43]],

[ 7, 85, 0,[ 8]],

[ 57, 45, 0,[ 59, 58, 78]],

[ 73, 5, 0,[ 74, 75, 80]],

[ 26, 65, 1,[ 52, 61, 19, 24]],

[ 54, 15, 1,[ 53, 55, 56, 95]],

[ 15, 45, 0,[ 16, 80, 89]],

[ 14, 5, 0,[ 16]],

[ 18, 75, 0,[ 20, 19, 16]],

[ 72, 75, 1,[ 84, 74, 23, 2, 94]],

[ 58, 45, 0,[ 89, 57, 56]],

[ 99, 65, 1,[ 97, 6, 31, 70, 67]],

[ 1, 35, 0,[ 70, 0, 89]],

[ 37, 85, 1,[ 38, 39, 42, 96, 35, 82, 36]],

[ 95, 25, 1,[ 85, 6, 92, 54]],

[ 50, 85, 0,[ 49, 8, 52]],

[ 80, 15, 1,[ 81, 73, 75, 97, 79, 15]],

[ 77, 65, 0,[ 76, 91, 3]],

[ 59, 35, 1,[ 61, 57, 4, 51, 60]],

[ 4, 35, 0,[ 59, 65, 6]],

[ 34, 25, 0,[ 25, 33, 35]],

[ 30, 25, 0,[ 28, 96, 31]],

[ 76, 15, 1,[ 35, 78, 13, 77, 74]],

[ 79, 75, 1,[ 78, 98, 80, 24]],

[ 75, 5, 1,[ 73, 24, 74, 80, 31]],

[ 19, 75, 1,[ 81, 26, 18, 17, 21]],

[ 81, 45, 1,[ 36, 80, 42, 71, 19, 3]],

[ 70, 65, 0,[ 99, 1, 69]],

[ 43, 95, 0,[ 85, 56, 44]],

[ 52, 25, 1,[ 50, 82, 48, 26, 31, 66, 10]],

[ 96, 55, 1,[ 68, 84, 33, 37, 12, 30, 97]],

[ 91, 65, 0,[ 94, 17, 77]],

[ 84, 55, 1,[ 96, 72, 85, 82, 61, 40]],

[ 21, 75, 0,[ 19, 20, 23]],

[ 39, 85, 0,[ 38, 41, 37, 88]],

