[ 54, 95, 0,[ 56, 55, 95, 53]],

[ 51, 95, 0,[ 59, 32, 8, 49]],

[ 99, 95, 0,[ 6, 67, 31, 70, 97]],

[ 27, 95, 0,[ 29, 28, 25]],

[ 33, 95, 0,[ 31, 96, 35, 34]],

[ 19, 95, 0,[ 81, 17, 18, 26, 21]],

[ 70, 95, 0,[ 69, 1, 99]],

[ 48, 95, 0,[ 47, 13, 52, 68, 46]],

[ 31, 95, 0,[ 99, 52, 75, 32, 33, 90, 30]],

[ 39, 95, 0,[ 41, 38, 37, 88]],

[ 97, 95, 0,[ 67, 98, 99, 96, 80, 94]],

[ 18, 95, 0,[ 16, 19, 20]],

[ 13, 95, 0,[ 29, 10, 76, 48]],

[ 75, 95, 0,[ 73, 80, 74, 31, 24]],

[ 0, 95, 0,[ 1, 2, 44]],

[ 43, 95, 0,[ 44, 85, 56]],

[ 76, 95, 0,[ 13, 77, 35, 78, 74]],

[ 84, 95, 0,[ 72, 85, 82, 96, 40, 61]],

[ 21, 95, 0,[ 23, 20, 19]],

[ 41, 95, 0,[ 39, 55, 40]],

[ 92, 95, 0,[ 95, 60, 22, 83]],

[ 50, 95, 1,[ 49, 52, 8]],

[ 98, 95, 1,[ 97, 79]],

[ 73, 95, 0,[ 80, 74, 75]],

[ 88, 95, 0,[ 39, 89, 32, 61]],

[ 91, 95, 0,[ 77, 94, 17]],

[ 4, 95, 0,[ 6, 59, 65]],

[ 57, 95, 0,[ 59, 58, 78]],

[ 62, 95, 0,[ 93, 22, 44, 61]],

[ 78, 95, 0,[ 76, 79, 57, 20]],

[ 82, 95, 0,[ 52, 83, 84, 68, 87, 37]],

[ 14, 45, 0,[ 16]],

[ 80, 95, 0,[ 73, 15, 97, 81, 75, 79]],

[ 32, 95, 0,[ 31, 51, 71, 68, 88]],

[ 47, 95, 0,[ 49, 89, 48]],

[ 95, 95, 0,[ 92, 85, 54, 6]],

[ 89, 95, 0,[ 87, 15, 88, 58, 47, 1, 90]],

[ 5, 95, 0,[ 6, 46, 22]],

[ 77, 95, 0,[ 76, 91, 3]],

[ 86, 45, 1,[ 29, 87]],

[ 16, 95, 0,[ 15, 17, 14, 18]],

[ 74, 95, 0,[ 75, 72, 76, 73]],

[ 24, 95, 0,[ 68, 63, 75, 26, 23, 79]],

[ 6, 95, 0,[ 5, 95, 8, 4, 99]],

[ 25, 95, 0,[ 27, 23, 34]],

[ 37, 95, 0,[ 96, 82, 36, 42, 35, 38, 39]],

[ 90, 95, 0,[ 8, 89, 31, 68]],

[ 30, 95, 0,[ 31, 96, 28]],

[ 49, 95, 0,[ 51, 47, 50]],

[ 58, 95, 0,[ 89, 57, 56]],

[ 85, 95, 0,[ 83, 84, 43, 95]],

[ 96, 95, 0,[ 84, 30, 12, 33, 37, 97, 68]],

[ 34, 95, 0,[ 35, 25, 33]],

[ 65, 95, 0,[ 64, 4, 66]],

[ 68, 95, 0,[ 90, 24, 96, 32, 82, 48]],

[ 15, 95, 0,[ 89, 16, 80]],

[ 81, 95, 0,[ 80, 19, 71, 36, 3, 42]],

[ 36, 95, 0,[ 12, 37, 81]],

[ 55, 95, 0,[ 53, 54, 41]],

[ 1, 95, 0,[ 89, 0, 70]],

[ 60, 95, 0,[ 92, 59, 61]],

[ 83, 95, 0,[ 82, 85, 92]],

[ 20, 95, 0,[ 18, 78, 22, 21]],

[ 69, 45, 1,[ 70, 67]],

[ 66, 95, 0,[ 2, 64, 65, 17, 52]],

[ 28, 35, 1,[ 30, 27]],

[ 72, 95, 0,[ 74, 94, 23, 84, 2]],

[ 9, 95, 0,[ 8, 61, 10]],

[ 46, 95, 0,[ 17, 5, 35, 44, 48]],

[ 3, 5, 1,[ 81, 77]],

[ 38, 95, 0,[ 39, 40, 37]],

[ 7, 75, 1,[ 8]],

[ 17, 95, 0,[ 66, 16, 91, 46, 19, 29]],

[ 8, 95, 0,[ 51, 6, 50, 90, 7, 10, 9]],

[ 64, 95, 0,[ 65, 66, 35]],

[ 63, 95, 0,[ 35, 71, 24]],

[ 35, 95, 0,[ 46, 64, 76, 37, 63, 33, 34]],

[ 10, 95, 0,[ 13, 11, 52, 9, 8]],

[ 52, 95, 0,[ 50, 10, 26, 66, 48, 82, 31]],

[ 29, 95, 0,[ 13, 27, 86, 17]],

[ 79, 95, 0,[ 98, 78, 80, 24]],

[ 12, 95, 0,[ 11, 96, 36]],

[ 42, 95, 0,[ 40, 44, 37, 81, 93]],

[ 59, 95, 0,[ 60, 57, 4, 51, 61]],

[ 22, 95, 0,[ 62, 92, 20, 5]],

[ 94, 95, 0,[ 91, 72, 97, 87]],

[ 56, 95, 0,[ 11, 23, 43, 54, 58]],

[ 93, 55, 1,[ 42, 62]],

[ 44, 95, 0,[ 62, 43, 42, 46, 45, 0]],

[ 26, 95, 0,[ 61, 52, 24, 19]],

[ 67, 95, 0,[ 69, 99, 97]],

[ 87, 95, 0,[ 94, 82, 86, 89]],

[ 71, 95, 0,[ 45, 63, 81, 32]],

[ 45, 65, 1,[ 71, 44]],

[ 23, 95, 0,[ 21, 72, 24, 56, 25]],

[ 61, 95, 0,[ 26, 88, 84, 59, 60, 9, 62]],

[ 53, 55, 1,[ 54, 55]],

[ 11, 95, 0,[ 10, 12, 56]],

[ 40, 95, 0,[ 38, 41, 42, 84]],

[ 2, 95, 0,[ 72, 0, 66]],

