[ 31, 95, 1,[ 30, 33, 90, 52, 99, 75, 32]],

[ 50, 15, 0,[ 8, 49, 52]],

[ 20, 15, 0,[ 78, 18, 22, 21]],

[ 47, 15, 0,[ 48, 89, 49]],

[ 86, 15, 0,[ 29, 87]],

[ 61, 75, 1,[ 84, 88, 9, 59, 60, 26, 62]],

[ 42, 95, 0,[ 93, 40, 37, 44, 81]],

[ 5, 45, 0,[ 22, 46, 6]],

[ 89, 65, 1,[ 58, 47, 88, 87, 90, 15, 1]],

[ 85, 45, 0,[ 95, 43, 84, 83]],

[ 67, 25, 0,[ 97, 69, 99]],

[ 91, 15, 0,[ 77, 94, 17]],

[ 74, 15, 0,[ 73, 76, 75, 72]],

[ 41, 45, 0,[ 39, 40, 55]],

[ 49, 15, 0,[ 50, 51, 47]],

[ 78, 15, 0,[ 57, 76, 20, 79]],

[ 96, 45, 1,[ 33, 97, 37, 84, 12, 68, 30]],

[ 10, 45, 0,[ 13, 8, 11, 9, 52]],

[ 16, 95, 0,[ 14, 17, 15, 18]],

[ 71, 95, 0,[ 45, 32, 63, 81]],

[ 92, 45, 0,[ 83, 95, 60, 22]],

[ 4, 45, 0,[ 6, 59, 65]],

[ 2, 95, 0,[ 0, 72, 66]],

[ 99, 25, 0,[ 6, 70, 97, 31, 67]],

[ 57, 45, 0,[ 78, 58, 59]],

[ 23, 15, 0,[ 24, 25, 56, 21, 72]],

[ 54, 45, 0,[ 53, 55, 95, 56]],

[ 94, 15, 0,[ 72, 87, 91, 97]],

[ 55, 45, 0,[ 41, 54, 53]],

[ 12, 45, 0,[ 11, 36, 96]],

[ 3, 95, 0,[ 81, 77]],

[ 80, 5, 1,[ 97, 15, 73, 81, 75, 79]],

[ 46, 95, 0,[ 5, 44, 35, 17, 48]],

[ 53, 45, 0,[ 55, 54]],

[ 82, 65, 1,[ 52, 68, 83, 84, 37, 87]],

[ 6, 45, 0,[ 4, 8, 5, 95, 99]],

[ 83, 45, 0,[ 85, 92, 82]],

[ 14, 95, 0,[ 16]],

[ 98, 15, 0,[ 79, 97]],

[ 29, 15, 0,[ 27, 17, 13, 86]],

[ 75, 15, 0,[ 24, 80, 73, 31, 74]],

[ 32, 45, 0,[ 31, 68, 71, 51, 88]],

[ 37, 25, 1,[ 38, 35, 42, 82, 36, 39, 96]],

[ 17, 95, 0,[ 19, 16, 46, 29, 91, 66]],

[ 11, 45, 0,[ 12, 10, 56]],

[ 84, 45, 0,[ 61, 85, 72, 96, 40, 82]],

[ 62, 95, 0,[ 22, 61, 44, 93]],

[ 24, 15, 0,[ 26, 68, 23, 75, 79, 63]],

[ 90, 45, 0,[ 8, 89, 31, 68]],

[ 18, 95, 0,[ 19, 16, 20]],

[ 63, 95, 0,[ 35, 24, 71]],

[ 64, 95, 0,[ 66, 35, 65]],

[ 7, 45, 0,[ 8]],

[ 39, 45, 0,[ 88, 41, 38, 37]],

[ 93, 95, 0,[ 42, 62]],

[ 22, 45, 0,[ 62, 20, 5, 92]],

[ 59, 45, 0,[ 51, 61, 4, 57, 60]],

[ 48, 15, 0,[ 13, 68, 47, 52, 46]],

[ 0, 95, 0,[ 44, 2, 1]],

[ 34, 95, 0,[ 25, 35, 33]],

[ 72, 15, 0,[ 74, 84, 94, 23, 2]],

[ 52, 15, 1,[ 82, 10, 31, 48, 66, 50, 26]],

[ 21, 15, 0,[ 19, 20, 23]],

[ 95, 45, 0,[ 6, 92, 85, 54]],

[ 65, 95, 0,[ 4, 66, 64]],

[ 8, 45, 1,[ 90, 10, 7, 51, 6, 9, 50]],

[ 73, 15, 0,[ 75, 80, 74]],

[ 68, 45, 0,[ 82, 24, 32, 48, 90, 96]],

[ 51, 45, 0,[ 32, 8, 59, 49]],

[ 88, 45, 0,[ 61, 89, 32, 39]],

[ 25, 15, 0,[ 34, 23, 27]],

[ 33, 95, 0,[ 35, 31, 34, 96]],

[ 44, 95, 0,[ 46, 42, 62, 0, 43, 45]],

[ 45, 95, 0,[ 71, 44]],

[ 1, 65, 0,[ 0, 70, 89]],

[ 19, 95, 0,[ 17, 18, 26, 81, 21]],

[ 56, 45, 0,[ 23, 43, 54, 58, 11]],

[ 66, 95, 0,[ 17, 52, 64, 65, 2]],

[ 87, 15, 0,[ 86, 94, 82, 89]],

[ 60, 45, 0,[ 59, 92, 61]],

[ 79, 15, 0,[ 24, 78, 98, 80]],

[ 30, 15, 0,[ 96, 31, 28]],

[ 27, 15, 0,[ 25, 29, 28]],

[ 97, 15, 0,[ 98, 67, 80, 96, 99, 94]],

[ 15, 65, 0,[ 89, 80, 16]],

[ 36, 45, 0,[ 12, 37, 81]],

[ 69, 25, 0,[ 70, 67]],

[ 13, 15, 0,[ 76, 48, 10, 29]],

[ 9, 45, 0,[ 8, 10, 61]],

[ 58, 45, 0,[ 89, 57, 56]],

[ 77, 15, 0,[ 76, 91, 3]],

[ 76, 15, 0,[ 78, 74, 35, 13, 77]],

[ 28, 15, 0,[ 27, 30]],

[ 38, 45, 0,[ 37, 40, 39]],

[ 43, 45, 0,[ 44, 85, 56]],

[ 70, 25, 0,[ 1, 69, 99]],

[ 40, 45, 0,[ 38, 41, 84, 42]],

[ 26, 15, 0,[ 19, 61, 52, 24]],

[ 35, 95, 1,[ 37, 76, 63, 34, 46, 64, 33]],

[ 81, 95, 0,[ 71, 80, 3, 36, 19, 42]],

