[ 35, 75, 1,[ 63, 37, 76, 34, 33, 46, 64]],

[ 0, 25, 0,[ 1, 44, 2]],

[ 23, 55, 0,[ 25, 56, 21, 72, 24]],

[ 46, 55, 0,[ 17, 48, 44, 35, 5]],

[ 50, 85, 0,[ 49, 52, 8]],

[ 97, 55, 0,[ 98, 96, 99, 80, 67, 94]],

[ 2, 25, 0,[ 72, 0, 66]],

[ 5, 55, 0,[ 22, 6, 46]],

[ 41, 55, 0,[ 39, 40, 55]],

[ 59, 55, 0,[ 51, 61, 4, 60, 57]],

[ 64, 25, 0,[ 66, 65, 35]],

[ 99, 55, 0,[ 31, 6, 70, 97, 67]],

[ 69, 55, 0,[ 70, 67]],

[ 57, 55, 0,[ 58, 78, 59]],

[ 39, 55, 0,[ 41, 88, 37, 38]],

[ 90, 55, 0,[ 89, 31, 8, 68]],

[ 21, 55, 0,[ 19, 23, 20]],

[ 74, 55, 0,[ 75, 76, 73, 72]],

[ 77, 55, 0,[ 76, 3, 91]],

[ 65, 25, 0,[ 64, 4, 66]],

[ 11, 55, 0,[ 56, 10, 12]],

[ 24, 55, 0,[ 79, 26, 68, 23, 63, 75]],

[ 26, 55, 0,[ 52, 24, 61, 19]],

[ 29, 55, 0,[ 13, 86, 27, 17]],

[ 51, 55, 0,[ 49, 59, 8, 32]],

[ 45, 85, 0,[ 44, 71]],

[ 19, 55, 0,[ 21, 26, 17, 18, 81]],

[ 8, 35, 1,[ 51, 9, 7, 6, 90, 50, 10]],

[ 98, 55, 0,[ 79, 97]],

[ 80, 55, 0,[ 15, 73, 81, 75, 79, 97]],

[ 86, 55, 0,[ 87, 29]],

[ 61, 15, 1,[ 9, 62, 26, 60, 84, 59, 88]],

[ 85, 55, 0,[ 43, 84, 95, 83]],

[ 47, 55, 0,[ 49, 48, 89]],

[ 71, 55, 0,[ 32, 45, 81, 63]],

[ 63, 55, 0,[ 35, 24, 71]],

[ 43, 55, 0,[ 56, 85, 44]],

[ 44, 85, 1,[ 42, 62, 0, 45, 43, 46]],

[ 14, 55, 0,[ 16]],

[ 27, 55, 0,[ 29, 25, 28]],

[ 81, 55, 1,[ 42, 80, 71, 19, 3, 36]],

[ 1, 25, 0,[ 89, 0, 70]],

[ 96, 5, 1,[ 68, 33, 84, 97, 12, 30, 37]],

[ 18, 55, 0,[ 20, 19, 16]],

[ 94, 55, 0,[ 91, 97, 87, 72]],

[ 4, 55, 0,[ 6, 59, 65]],

[ 82, 55, 0,[ 87, 68, 84, 52, 37, 83]],

[ 17, 55, 0,[ 66, 19, 91, 46, 29, 16]],

[ 13, 55, 0,[ 48, 29, 76, 10]],

[ 32, 55, 0,[ 31, 51, 88, 68, 71]],

[ 67, 55, 0,[ 97, 69, 99]],

[ 54, 55, 0,[ 55, 95, 53, 56]],

[ 89, 25, 1,[ 47, 1, 58, 88, 15, 90, 87]],

[ 7, 35, 0,[ 8]],

[ 38, 55, 0,[ 40, 39, 37]],

[ 79, 55, 0,[ 24, 98, 78, 80]],

[ 16, 55, 0,[ 17, 14, 18, 15]],

[ 93, 55, 0,[ 62, 42]],

[ 37, 35, 1,[ 96, 35, 36, 38, 42, 82, 39]],

[ 53, 55, 0,[ 55, 54]],

[ 92, 55, 0,[ 95, 60, 83, 22]],

[ 87, 55, 0,[ 86, 94, 89, 82]],

[ 95, 55, 0,[ 85, 54, 92, 6]],

[ 84, 55, 0,[ 82, 96, 85, 72, 61, 40]],

[ 55, 55, 0,[ 54, 41, 53]],

[ 25, 55, 0,[ 34, 27, 23]],

[ 12, 55, 0,[ 96, 11, 36]],

[ 3, 55, 0,[ 81, 77]],

[ 60, 55, 0,[ 59, 61, 92]],

[ 15, 55, 0,[ 16, 80, 89]],

[ 36, 55, 0,[ 81, 12, 37]],

[ 83, 55, 0,[ 92, 82, 85]],

[ 6, 55, 0,[ 4, 95, 8, 99, 5]],

[ 66, 25, 0,[ 64, 52, 65, 2, 17]],

[ 68, 55, 0,[ 82, 90, 24, 48, 96, 32]],

[ 62, 55, 0,[ 44, 22, 61, 93]],

[ 42, 55, 0,[ 93, 44, 81, 40, 37]],

[ 49, 55, 0,[ 47, 51, 50]],

[ 48, 55, 0,[ 52, 46, 68, 13, 47]],

[ 73, 55, 0,[ 74, 80, 75]],

[ 75, 55, 0,[ 74, 73, 80, 24, 31]],

[ 9, 15, 0,[ 61, 10, 8]],

[ 31, 55, 1,[ 33, 75, 30, 52, 32, 99, 90]],

[ 10, 55, 0,[ 52, 11, 13, 9, 8]],

[ 34, 55, 0,[ 25, 33, 35]],

[ 33, 55, 0,[ 34, 31, 35, 96]],

[ 70, 55, 0,[ 69, 99, 1]],

[ 72, 55, 0,[ 94, 74, 2, 23, 84]],

[ 20, 55, 0,[ 22, 78, 18, 21]],

[ 52, 85, 1,[ 26, 10, 82, 48, 31, 66, 50]],

[ 58, 55, 0,[ 56, 57, 89]],

[ 91, 55, 0,[ 77, 94, 17]],

[ 40, 55, 0,[ 42, 38, 84, 41]],

[ 56, 55, 0,[ 43, 11, 54, 23, 58]],

[ 22, 55, 0,[ 62, 92, 5, 20]],

[ 88, 55, 0,[ 32, 61, 89, 39]],

[ 76, 55, 0,[ 35, 77, 78, 13, 74]],

[ 78, 55, 0,[ 76, 20, 79, 57]],

[ 30, 55, 0,[ 31, 28, 96]],

[ 28, 55, 0,[ 27, 30]],

