[ 72, 15, 0,[ 74, 84, 2, 94, 23]],

[ 18, 15, 0,[ 20, 19, 16]],

[ 21, 15, 0,[ 23, 20, 19]],

[ 2, 65, 0,[ 66, 72, 0]],

[ 22, 15, 0,[ 62, 92, 20, 5]],

[ 41, 95, 0,[ 40, 55, 39]],

[ 77, 15, 0,[ 76, 3, 91]],

[ 91, 15, 0,[ 77, 94, 17]],

[ 35, 65, 1,[ 76, 46, 34, 63, 37, 64, 33]],

[ 88, 15, 0,[ 32, 89, 39, 61]],

[ 29, 15, 0,[ 17, 86, 13, 27]],

[ 66, 65, 0,[ 52, 2, 17, 65, 64]],

[ 19, 15, 0,[ 18, 21, 26, 17, 81]],

[ 49, 15, 0,[ 50, 51, 47]],

[ 26, 15, 0,[ 52, 61, 19, 24]],

[ 7, 95, 0,[ 8]],

[ 20, 15, 0,[ 21, 22, 78, 18]],

[ 71, 15, 0,[ 81, 45, 63, 32]],

[ 50, 95, 0,[ 49, 8, 52]],

[ 89, 65, 1,[ 15, 47, 87, 88, 1, 90, 58]],

[ 30, 15, 0,[ 96, 28, 31]],

[ 36, 45, 0,[ 81, 37, 12]],

[ 13, 15, 0,[ 10, 48, 76, 29]],

[ 39, 95, 0,[ 38, 88, 41, 37]],

[ 55, 15, 0,[ 41, 53, 54]],

[ 59, 15, 0,[ 61, 57, 60, 51, 4]],

[ 24, 15, 0,[ 63, 75, 68, 23, 79, 26]],

[ 67, 15, 0,[ 99, 69, 97]],

[ 82, 15, 0,[ 83, 52, 68, 87, 37, 84]],

[ 27, 15, 0,[ 29, 25, 28]],

[ 74, 15, 0,[ 75, 73, 76, 72]],

[ 38, 95, 0,[ 37, 39, 40]],

[ 10, 15, 0,[ 9, 52, 13, 8, 11]],

[ 81, 55, 1,[ 3, 80, 42, 36, 19, 71]],

[ 34, 65, 0,[ 35, 33, 25]],

[ 99, 15, 0,[ 67, 97, 6, 70, 31]],

[ 47, 15, 0,[ 49, 89, 48]],

[ 31, 55, 1,[ 90, 33, 32, 52, 75, 30, 99]],

[ 15, 15, 0,[ 16, 89, 80]],

[ 70, 15, 0,[ 1, 99, 69]],

[ 25, 15, 0,[ 27, 23, 34]],

[ 68, 15, 0,[ 24, 90, 48, 32, 96, 82]],

[ 44, 15, 0,[ 45, 42, 0, 62, 43, 46]],

[ 14, 15, 0,[ 16]],

[ 96, 15, 1,[ 33, 30, 97, 12, 84, 68, 37]],

[ 9, 15, 0,[ 61, 8, 10]],

[ 45, 15, 0,[ 44, 71]],

[ 92, 15, 0,[ 83, 60, 22, 95]],

[ 40, 95, 0,[ 84, 38, 42, 41]],

[ 5, 15, 0,[ 6, 46, 22]],

[ 46, 15, 0,[ 5, 48, 17, 44, 35]],

[ 94, 15, 0,[ 91, 72, 97, 87]],

[ 83, 15, 0,[ 92, 85, 82]],

[ 16, 15, 0,[ 15, 18, 17, 14]],

[ 76, 15, 0,[ 78, 77, 13, 35, 74]],

[ 23, 15, 0,[ 72, 24, 56, 25, 21]],

[ 28, 15, 0,[ 27, 30]],

[ 90, 15, 0,[ 8, 68, 89, 31]],

[ 54, 15, 0,[ 55, 56, 53, 95]],

[ 69, 15, 0,[ 67, 70]],

[ 78, 15, 0,[ 79, 76, 57, 20]],

[ 64, 65, 0,[ 65, 35, 66]],

[ 56, 15, 0,[ 58, 54, 43, 11, 23]],

[ 43, 15, 0,[ 85, 44, 56]],

[ 58, 15, 0,[ 89, 56, 57]],

[ 3, 15, 0,[ 77, 81]],

[ 87, 15, 0,[ 86, 82, 89, 94]],

[ 63, 15, 0,[ 35, 24, 71]],

[ 95, 15, 0,[ 85, 92, 6, 54]],

[ 93, 15, 0,[ 42, 62]],

[ 80, 15, 0,[ 79, 15, 81, 97, 73, 75]],

[ 57, 15, 0,[ 78, 59, 58]],

[ 11, 15, 0,[ 10, 12, 56]],

[ 33, 65, 0,[ 34, 96, 31, 35]],

[ 42, 15, 0,[ 81, 93, 40, 44, 37]],

[ 32, 15, 0,[ 71, 51, 31, 68, 88]],

[ 17, 15, 0,[ 46, 66, 16, 29, 91, 19]],

[ 79, 15, 0,[ 78, 98, 24, 80]],

[ 85, 15, 0,[ 43, 84, 83, 95]],

[ 62, 15, 0,[ 22, 61, 93, 44]],

[ 60, 15, 0,[ 59, 92, 61]],

[ 37, 45, 1,[ 42, 35, 96, 39, 82, 36, 38]],

[ 51, 15, 0,[ 32, 8, 49, 59]],

[ 97, 15, 0,[ 67, 99, 96, 94, 98, 80]],

[ 8, 95, 1,[ 6, 50, 51, 10, 90, 9, 7]],

[ 53, 15, 0,[ 55, 54]],

[ 84, 85, 1,[ 61, 96, 40, 72, 85, 82]],

[ 52, 75, 1,[ 10, 26, 48, 50, 31, 66, 82]],

[ 98, 15, 0,[ 97, 79]],

[ 61, 15, 1,[ 9, 60, 26, 62, 88, 59, 84]],

[ 75, 15, 0,[ 31, 74, 80, 24, 73]],

[ 4, 15, 0,[ 65, 59, 6]],

[ 86, 15, 0,[ 29, 87]],

[ 6, 15, 0,[ 8, 95, 5, 4, 99]],

[ 65, 65, 0,[ 66, 4, 64]],

[ 48, 15, 0,[ 13, 47, 52, 68, 46]],

[ 73, 15, 0,[ 75, 80, 74]],

[ 0, 65, 0,[ 44, 2, 1]],

[ 12, 15, 0,[ 11, 36, 96]],

[ 1, 65, 0,[ 70, 89, 0]],

