[ 10, 25, 1,[ 13, 11, 9, 52, 8]],

[ 34, 35, 0,[ 33, 25, 35]],

[ 37, 15, 1,[ 38, 82, 42, 35, 39, 36, 96]],

[ 23, 35, 1,[ 21, 24, 25, 72, 56]],

[ 8, 55, 1,[ 50, 6, 9, 7, 51, 10, 90]],

[ 45, 65, 0,[ 44, 71]],

[ 15, 65, 0,[ 16, 89, 80]],

[ 47, 65, 0,[ 89, 49, 48]],

[ 17, 45, 1,[ 29, 91, 16, 46, 66, 19]],

[ 73, 5, 0,[ 80, 74, 75]],

[ 67, 25, 0,[ 69, 99, 97]],

[ 49, 55, 0,[ 47, 50, 51]],

[ 22, 45, 1,[ 5, 92, 62, 20]],

[ 86, 45, 0,[ 87, 29]],

[ 20, 65, 1,[ 22, 78, 21, 18]],

[ 83, 95, 0,[ 82, 92, 85]],

[ 3, 15, 0,[ 77, 81]],

[ 21, 35, 0,[ 19, 20, 23]],

[ 19, 35, 1,[ 21, 17, 26, 18, 81]],

[ 18, 35, 0,[ 16, 20, 19]],

[ 85, 35, 1,[ 84, 43, 95, 83]],

[ 50, 55, 0,[ 49, 8, 52]],

[ 51, 35, 1,[ 8, 32, 49, 59]],

[ 55, 85, 0,[ 41, 54, 53]],

[ 81, 15, 1,[ 3, 71, 36, 19, 42, 80]],

[ 96, 25, 1,[ 84, 12, 68, 97, 30, 33, 37]],

[ 16, 45, 0,[ 18, 15, 17, 14]],

[ 0, 65, 0,[ 44, 2, 1]],

[ 12, 25, 0,[ 96, 36, 11]],

[ 69, 25, 0,[ 70, 67]],

[ 27, 5, 0,[ 25, 28, 29]],

[ 58, 65, 0,[ 89, 57, 56]],

[ 53, 65, 0,[ 54, 55]],

[ 5, 25, 0,[ 22, 46, 6]],

[ 13, 65, 1,[ 29, 10, 76, 48]],

[ 52, 65, 1,[ 66, 10, 26, 50, 48, 82, 31]],

[ 92, 15, 1,[ 22, 60, 83, 95]],

[ 74, 15, 1,[ 75, 72, 73, 76]],

[ 93, 15, 0,[ 42, 62]],

[ 39, 75, 1,[ 37, 88, 41, 38]],

[ 6, 65, 1,[ 8, 95, 5, 4, 99]],

[ 84, 5, 1,[ 82, 96, 85, 72, 61, 40]],

[ 24, 35, 1,[ 79, 63, 75, 26, 68, 23]],

[ 61, 35, 1,[ 84, 9, 59, 26, 62, 60, 88]],

[ 70, 95, 0,[ 69, 1, 99]],

[ 80, 45, 1,[ 75, 15, 73, 97, 81, 79]],

[ 4, 65, 0,[ 6, 65, 59]],

[ 71, 65, 1,[ 45, 63, 32, 81]],

[ 26, 35, 0,[ 52, 61, 19, 24]],

[ 77, 65, 0,[ 3, 76, 91]],

[ 78, 95, 1,[ 57, 76, 79, 20]],

[ 95, 45, 1,[ 54, 6, 92, 85]],

[ 63, 35, 0,[ 24, 71, 35]],

[ 60, 35, 0,[ 61, 92, 59]],

[ 43, 65, 0,[ 56, 44, 85]],

[ 32, 75, 1,[ 51, 88, 31, 68, 71]],

[ 29, 5, 1,[ 17, 86, 27, 13]],

[ 11, 25, 0,[ 10, 56, 12]],

[ 99, 95, 1,[ 31, 97, 70, 67, 6]],

[ 94, 65, 1,[ 91, 87, 72, 97]],

[ 97, 25, 1,[ 80, 99, 94, 98, 96, 67]],

[ 42, 15, 1,[ 93, 40, 44, 81, 37]],

[ 98, 25, 0,[ 79, 97]],

[ 89, 65, 1,[ 15, 87, 90, 88, 47, 1, 58]],

[ 28, 5, 0,[ 30, 27]],

[ 48, 5, 1,[ 47, 52, 68, 46, 13]],

[ 64, 65, 0,[ 65, 35, 66]],

[ 65, 65, 0,[ 4, 64, 66]],

[ 31, 35, 1,[ 32, 30, 33, 75, 90, 99, 52]],

[ 54, 65, 0,[ 56, 95, 55, 53]],

[ 46, 25, 1,[ 17, 44, 35, 48, 5]],

[ 44, 65, 1,[ 46, 43, 42, 45, 62, 0]],

[ 36, 15, 0,[ 37, 81, 12]],

[ 2, 65, 0,[ 66, 72, 0]],

[ 90, 75, 1,[ 31, 89, 68, 8]],

[ 38, 15, 0,[ 40, 39, 37]],

[ 9, 35, 0,[ 61, 10, 8]],

[ 76, 65, 1,[ 77, 74, 78, 13, 35]],

[ 79, 85, 1,[ 80, 98, 24, 78]],

[ 57, 95, 0,[ 58, 59, 78]],

[ 14, 45, 0,[ 16]],

[ 1, 65, 0,[ 70, 89, 0]],

[ 35, 35, 1,[ 34, 63, 76, 64, 46, 33, 37]],

[ 33, 85, 1,[ 35, 31, 34, 96]],

[ 40, 15, 0,[ 38, 41, 42, 84]],

[ 75, 5, 1,[ 24, 31, 73, 74, 80]],

[ 91, 65, 0,[ 94, 17, 77]],

[ 68, 85, 1,[ 48, 96, 24, 32, 90, 82]],

[ 72, 45, 1,[ 84, 2, 23, 94, 74]],

[ 88, 15, 1,[ 61, 89, 39, 32]],

[ 30, 25, 0,[ 96, 31, 28]],

[ 87, 45, 1,[ 82, 89, 94, 86]],

[ 62, 65, 0,[ 93, 44, 22, 61]],

[ 7, 55, 0,[ 8]],

[ 82, 95, 1,[ 83, 84, 37, 87, 68, 52]],

[ 41, 85, 0,[ 39, 55, 40]],

[ 66, 65, 1,[ 2, 52, 65, 64, 17]],

[ 59, 85, 1,[ 57, 61, 60, 51, 4]],

[ 25, 35, 0,[ 27, 34, 23]],

[ 56, 65, 1,[ 54, 23, 43, 11, 58]],

