[ 6, 35, 1,[ 99, 95, 5, 8, 4]],

[ 38, 35, 0,[ 37, 40, 39]],

[ 86, 65, 0,[ 87, 29]],

[ 27, 65, 0,[ 29, 28, 25]],

[ 10, 5, 1,[ 8, 9, 52, 11, 13]],

[ 42, 65, 1,[ 93, 81, 37, 40, 44]],

[ 74, 75, 0,[ 76, 73, 75, 72]],

[ 99, 65, 1,[ 67, 6, 31, 97, 70]],

[ 52, 5, 1,[ 26, 66, 50, 10, 48, 31, 82]],

[ 55, 75, 0,[ 54, 53, 41]],

[ 16, 35, 1,[ 18, 15, 17, 14]],

[ 80, 85, 1,[ 15, 81, 79, 75, 97, 73]],

[ 4, 35, 0,[ 65, 6, 59]],

[ 34, 65, 0,[ 35, 33, 25]],

[ 88, 35, 1,[ 61, 89, 39, 32]],

[ 9, 35, 0,[ 61, 8, 10]],

[ 85, 5, 0,[ 83, 84, 95, 43]],

[ 61, 35, 1,[ 26, 59, 62, 88, 60, 9, 84]],

[ 22, 15, 1,[ 62, 5, 20, 92]],

[ 71, 75, 0,[ 81, 63, 32, 45]],

[ 46, 75, 1,[ 17, 44, 48, 35, 5]],

[ 72, 25, 1,[ 94, 23, 84, 74, 2]],

[ 24, 75, 1,[ 68, 79, 26, 75, 23, 63]],

[ 78, 25, 1,[ 57, 79, 20, 76]],

[ 12, 15, 0,[ 96, 36, 11]],

[ 30, 65, 0,[ 96, 28, 31]],

[ 93, 65, 0,[ 42, 62]],

[ 45, 75, 0,[ 71, 44]],

[ 82, 5, 1,[ 87, 68, 52, 84, 83, 37]],

[ 75, 75, 1,[ 73, 24, 31, 74, 80]],

[ 11, 95, 0,[ 10, 56, 12]],

[ 73, 75, 0,[ 75, 80, 74]],

[ 76, 35, 1,[ 74, 78, 13, 77, 35]],

[ 21, 85, 0,[ 19, 20, 23]],

[ 0, 25, 0,[ 1, 44, 2]],

[ 92, 75, 1,[ 22, 95, 83, 60]],

[ 49, 5, 0,[ 51, 50, 47]],

[ 48, 5, 1,[ 13, 52, 68, 46, 47]],

[ 60, 35, 0,[ 59, 61, 92]],

[ 43, 5, 0,[ 56, 85, 44]],

[ 67, 25, 0,[ 69, 97, 99]],

[ 47, 5, 0,[ 48, 89, 49]],

[ 28, 65, 0,[ 30, 27]],

[ 59, 85, 1,[ 60, 4, 57, 51, 61]],

[ 50, 5, 0,[ 52, 8, 49]],

[ 98, 5, 0,[ 97, 79]],

[ 20, 85, 1,[ 78, 22, 21, 18]],

[ 3, 75, 0,[ 77, 81]],

[ 81, 75, 1,[ 3, 80, 36, 71, 42, 19]],

[ 54, 75, 1,[ 95, 53, 56, 55]],

[ 68, 5, 1,[ 82, 96, 48, 24, 32, 90]],

[ 19, 15, 1,[ 18, 81, 17, 21, 26]],

[ 25, 65, 0,[ 34, 27, 23]],

[ 84, 65, 1,[ 82, 96, 40, 61, 85, 72]],

[ 69, 25, 0,[ 70, 67]],

[ 64, 65, 0,[ 65, 35, 66]],

[ 95, 45, 1,[ 85, 54, 6, 92]],

[ 66, 65, 1,[ 52, 2, 65, 17, 64]],

[ 37, 15, 1,[ 38, 39, 35, 96, 42, 36, 82]],

[ 39, 35, 1,[ 38, 41, 88, 37]],

[ 8, 15, 1,[ 7, 6, 50, 10, 90, 51, 9]],

[ 96, 25, 1,[ 68, 97, 12, 37, 84, 30, 33]],

[ 77, 75, 0,[ 76, 3, 91]],

[ 58, 95, 0,[ 56, 89, 57]],

[ 91, 75, 0,[ 94, 17, 77]],

[ 35, 65, 1,[ 37, 46, 63, 64, 34, 33, 76]],

[ 2, 25, 0,[ 0, 72, 66]],

[ 36, 15, 0,[ 37, 81, 12]],

[ 89, 95, 1,[ 47, 58, 87, 15, 1, 90, 88]],

[ 87, 15, 1,[ 94, 82, 86, 89]],

[ 5, 35, 0,[ 6, 22, 46]],

[ 7, 15, 0,[ 8]],

[ 83, 5, 0,[ 82, 85, 92]],

[ 17, 75, 1,[ 46, 16, 66, 19, 91, 29]],

[ 44, 5, 1,[ 0, 45, 42, 46, 43, 62]],

[ 31, 75, 1,[ 30, 90, 75, 99, 33, 52, 32]],

[ 65, 65, 0,[ 64, 66, 4]],

[ 40, 75, 1,[ 84, 41, 42, 38]],

[ 97, 25, 1,[ 80, 99, 94, 98, 96, 67]],

[ 90, 5, 0,[ 89, 31, 8, 68]],

[ 63, 75, 0,[ 35, 24, 71]],

[ 53, 75, 0,[ 55, 54]],

[ 32, 75, 1,[ 71, 88, 51, 68, 31]],

[ 14, 35, 0,[ 16]],

[ 51, 15, 0,[ 8, 32, 49, 59]],

[ 1, 25, 0,[ 70, 89, 0]],

[ 29, 65, 1,[ 13, 86, 17, 27]],

[ 18, 15, 0,[ 19, 20, 16]],

[ 57, 95, 0,[ 58, 59, 78]],

[ 15, 85, 0,[ 80, 16, 89]],

[ 33, 35, 1,[ 96, 31, 35, 34]],

[ 26, 65, 1,[ 19, 24, 61, 52]],

[ 23, 85, 1,[ 21, 56, 24, 25, 72]],

[ 56, 95, 1,[ 23, 43, 11, 54, 58]],

[ 94, 65, 1,[ 87, 72, 97, 91]],

[ 62, 95, 1,[ 22, 44, 93, 61]],

[ 41, 75, 0,[ 40, 55, 39]],

[ 13, 55, 1,[ 76, 10, 48, 29]],

[ 79, 5, 1,[ 78, 80, 98, 24]],

[ 70, 25, 0,[ 1, 69, 99]],

