[ 41, 65, 0,[ 55, 40, 39]],

[ 74, 75, 1,[ 72, 75, 73, 76]],

[ 48, 75, 1,[ 68, 46, 13, 52, 47]],

[ 40, 65, 1,[ 38, 84, 41, 42]],

[ 84, 95, 1,[ 61, 85, 96, 72, 40, 82]],

[ 49, 45, 0,[ 51, 50, 47]],

[ 14, 95, 0,[ 16]],

[ 12, 15, 0,[ 36, 96, 11]],

[ 8, 65, 1,[ 9, 51, 7, 10, 90, 6, 50]],

[ 52, 85, 1,[ 82, 48, 31, 66, 26, 50, 10]],

[ 1, 65, 0,[ 70, 89, 0]],

[ 56, 15, 1,[ 58, 23, 11, 43, 54]],

[ 89, 65, 1,[ 47, 90, 87, 1, 15, 88, 58]],

[ 13, 65, 1,[ 48, 10, 29, 76]],

[ 75, 85, 1,[ 24, 73, 74, 80, 31]],

[ 31, 95, 1,[ 33, 99, 75, 52, 90, 30, 32]],

[ 28, 15, 0,[ 30, 27]],

[ 92, 65, 1,[ 95, 83, 22, 60]],

[ 55, 65, 0,[ 41, 54, 53]],

[ 5, 95, 0,[ 22, 6, 46]],

[ 78, 75, 1,[ 57, 79, 20, 76]],

[ 60, 45, 0,[ 59, 92, 61]],

[ 27, 15, 0,[ 29, 28, 25]],

[ 80, 5, 1,[ 15, 73, 97, 81, 75, 79]],

[ 94, 45, 0,[ 97, 72, 91, 87]],

[ 68, 25, 1,[ 82, 32, 48, 96, 24, 90]],

[ 58, 65, 0,[ 89, 56, 57]],

[ 88, 25, 1,[ 89, 32, 61, 39]],

[ 72, 35, 1,[ 23, 84, 94, 2, 74]],

[ 18, 5, 0,[ 16, 20, 19]],

[ 39, 15, 1,[ 38, 41, 88, 37]],

[ 7, 65, 0,[ 8]],

[ 77, 45, 0,[ 91, 76, 3]],

[ 69, 75, 0,[ 70, 67]],

[ 42, 65, 1,[ 44, 40, 93, 37, 81]],

[ 90, 35, 1,[ 68, 89, 8, 31]],

[ 23, 25, 1,[ 56, 24, 21, 72, 25]],

[ 3, 45, 0,[ 81, 77]],

[ 20, 5, 1,[ 78, 22, 21, 18]],

[ 47, 65, 0,[ 49, 48, 89]],

[ 67, 15, 0,[ 97, 69, 99]],

[ 22, 65, 1,[ 62, 20, 92, 5]],

[ 35, 75, 1,[ 63, 34, 46, 37, 64, 76, 33]],

[ 21, 15, 0,[ 23, 20, 19]],

[ 37, 55, 1,[ 96, 35, 36, 42, 38, 39, 82]],

[ 73, 5, 0,[ 80, 75, 74]],

[ 38, 55, 0,[ 39, 40, 37]],

[ 16, 95, 1,[ 14, 17, 15, 18]],

[ 53, 65, 0,[ 55, 54]],

[ 2, 15, 0,[ 0, 66, 72]],

[ 81, 45, 1,[ 36, 19, 42, 80, 71, 3]],

[ 43, 65, 0,[ 85, 56, 44]],

[ 9, 65, 0,[ 8, 61, 10]],

[ 59, 45, 1,[ 61, 57, 51, 4, 60]],

[ 85, 95, 1,[ 43, 83, 95, 84]],

[ 17, 35, 1,[ 66, 29, 16, 91, 46, 19]],

[ 96, 15, 1,[ 12, 37, 97, 30, 68, 84, 33]],

[ 33, 75, 0,[ 34, 31, 96, 35]],

[ 0, 65, 0,[ 2, 1, 44]],

[ 25, 15, 0,[ 23, 27, 34]],

[ 54, 65, 1,[ 95, 55, 53, 56]],

[ 95, 55, 1,[ 6, 92, 85, 54]],

[ 4, 65, 0,[ 65, 6, 59]],

[ 65, 65, 0,[ 4, 66, 64]],

[ 62, 65, 0,[ 93, 61, 22, 44]],

[ 30, 95, 0,[ 96, 31, 28]],

[ 6, 95, 1,[ 99, 8, 4, 5, 95]],

[ 34, 75, 0,[ 33, 35, 25]],

[ 24, 55, 1,[ 23, 63, 79, 26, 68, 75]],

[ 79, 95, 1,[ 78, 80, 24, 98]],

[ 99, 75, 1,[ 97, 67, 6, 70, 31]],

[ 50, 85, 0,[ 8, 49, 52]],

[ 45, 65, 0,[ 71, 44]],

[ 86, 85, 0,[ 87, 29]],

[ 10, 35, 1,[ 8, 13, 11, 52, 9]],

[ 11, 15, 0,[ 10, 12, 56]],

[ 32, 5, 1,[ 71, 88, 31, 51, 68]],

[ 61, 95, 1,[ 60, 62, 84, 26, 59, 88, 9]],

[ 64, 75, 0,[ 35, 65, 66]],

[ 19, 15, 1,[ 81, 26, 18, 17, 21]],

[ 83, 65, 0,[ 85, 82, 92]],

[ 44, 65, 1,[ 45, 43, 62, 46, 0, 42]],

[ 15, 65, 0,[ 80, 89, 16]],

[ 57, 65, 0,[ 58, 59, 78]],

[ 29, 85, 1,[ 27, 86, 17, 13]],

[ 26, 35, 1,[ 52, 61, 24, 19]],

[ 70, 75, 0,[ 1, 99, 69]],

[ 76, 35, 1,[ 77, 35, 78, 13, 74]],

[ 93, 65, 0,[ 62, 42]],

[ 98, 15, 0,[ 79, 97]],

[ 36, 55, 0,[ 37, 81, 12]],

[ 46, 25, 1,[ 5, 48, 35, 17, 44]],

[ 82, 25, 1,[ 68, 52, 83, 37, 84, 87]],

[ 87, 65, 0,[ 86, 89, 94, 82]],

[ 91, 45, 0,[ 77, 17, 94]],

[ 51, 45, 0,[ 8, 59, 49, 32]],

[ 71, 75, 1,[ 63, 32, 81, 45]],

[ 66, 15, 1,[ 64, 52, 65, 17, 2]],

[ 97, 15, 1,[ 94, 80, 98, 99, 96, 67]],

[ 63, 75, 0,[ 24, 71, 35]],

