[ 18, 85, 0,[ 20, 16, 19]],

[ 28, 85, 0,[ 30, 27]],

[ 78, 15, 0,[ 20, 57, 79, 76]],

[ 90, 45, 0,[ 8, 68, 31, 89]],

[ 2, 15, 0,[ 72, 66, 0]],

[ 12, 15, 0,[ 36, 11, 96]],

[ 48, 65, 0,[ 46, 47, 13, 68, 52]],

[ 37, 25, 1,[ 96, 39, 35, 36, 38, 82, 42]],

[ 81, 55, 0,[ 42, 19, 36, 71, 80, 3]],

[ 80, 55, 0,[ 73, 15, 97, 81, 79, 75]],

[ 26, 65, 0,[ 24, 19, 52, 61]],

[ 76, 15, 0,[ 13, 77, 74, 78, 35]],

[ 3, 25, 0,[ 77, 81]],

[ 66, 85, 0,[ 65, 64, 2, 17, 52]],

[ 19, 85, 0,[ 81, 26, 17, 18, 21]],

[ 69, 95, 0,[ 70, 67]],

[ 79, 65, 0,[ 80, 24, 78, 98]],

[ 74, 55, 0,[ 76, 73, 72, 75]],

[ 31, 25, 1,[ 33, 30, 52, 75, 32, 90, 99]],

[ 16, 85, 0,[ 17, 15, 14, 18]],

[ 55, 15, 0,[ 53, 41, 54]],

[ 54, 5, 0,[ 56, 55, 95, 53]],

[ 42, 95, 0,[ 44, 93, 81, 40, 37]],

[ 45, 35, 0,[ 71, 44]],

[ 87, 65, 0,[ 94, 86, 82, 89]],

[ 67, 55, 0,[ 97, 99, 69]],

[ 43, 55, 0,[ 44, 56, 85]],

[ 52, 65, 1,[ 82, 26, 31, 50, 66, 48, 10]],

[ 9, 45, 0,[ 10, 8, 61]],

[ 92, 95, 0,[ 22, 83, 95, 60]],

[ 85, 15, 0,[ 43, 84, 95, 83]],

[ 84, 5, 1,[ 61, 82, 72, 96, 85, 40]],

[ 6, 85, 0,[ 95, 5, 99, 8, 4]],

[ 7, 75, 0,[ 8]],

[ 56, 5, 0,[ 54, 11, 58, 43, 23]],

[ 70, 5, 0,[ 1, 99, 69]],

[ 24, 65, 0,[ 63, 79, 68, 26, 75, 23]],

[ 68, 65, 0,[ 96, 32, 90, 24, 82, 48]],

[ 33, 65, 0,[ 35, 31, 34, 96]],

[ 22, 95, 0,[ 20, 92, 5, 62]],

[ 86, 45, 0,[ 29, 87]],

[ 27, 85, 0,[ 25, 29, 28]],

[ 49, 85, 0,[ 50, 51, 47]],

[ 13, 45, 0,[ 29, 48, 76, 10]],

[ 95, 75, 0,[ 85, 92, 54, 6]],

[ 41, 15, 0,[ 55, 40, 39]],

[ 62, 95, 0,[ 93, 61, 22, 44]],

[ 51, 85, 0,[ 8, 32, 49, 59]],

[ 73, 55, 0,[ 75, 80, 74]],

[ 17, 85, 0,[ 16, 46, 91, 29, 19, 66]],

[ 99, 35, 0,[ 67, 6, 70, 31, 97]],

[ 8, 45, 1,[ 7, 90, 50, 6, 9, 51, 10]],

[ 63, 85, 0,[ 35, 71, 24]],

[ 59, 85, 0,[ 60, 4, 51, 57, 61]],

[ 30, 25, 0,[ 31, 28, 96]],

[ 82, 65, 0,[ 52, 87, 83, 68, 37, 84]],

[ 83, 45, 0,[ 85, 82, 92]],

[ 93, 95, 0,[ 62, 42]],

[ 5, 85, 0,[ 22, 46, 6]],

[ 44, 95, 0,[ 46, 42, 0, 43, 45, 62]],

[ 40, 5, 0,[ 84, 38, 42, 41]],

[ 94, 65, 0,[ 91, 97, 87, 72]],

[ 14, 85, 0,[ 16]],

[ 11, 5, 0,[ 12, 10, 56]],

[ 39, 15, 0,[ 41, 88, 38, 37]],

[ 60, 85, 0,[ 61, 59, 92]],

[ 0, 75, 0,[ 1, 2, 44]],

[ 71, 55, 0,[ 63, 45, 32, 81]],

[ 47, 65, 0,[ 48, 49, 89]],

[ 50, 35, 0,[ 49, 52, 8]],

[ 10, 45, 0,[ 8, 11, 13, 9, 52]],

[ 88, 95, 0,[ 61, 32, 39, 89]],

[ 15, 5, 0,[ 16, 89, 80]],

[ 64, 85, 0,[ 66, 65, 35]],

[ 89, 95, 1,[ 58, 87, 88, 15, 90, 1, 47]],

[ 53, 45, 0,[ 54, 55]],

[ 61, 85, 1,[ 26, 60, 9, 84, 88, 62, 59]],

[ 75, 55, 0,[ 80, 73, 24, 31, 74]],

[ 38, 5, 0,[ 40, 37, 39]],

[ 58, 95, 0,[ 56, 57, 89]],

[ 46, 85, 0,[ 17, 5, 44, 35, 48]],

[ 72, 5, 0,[ 94, 2, 74, 23, 84]],

[ 1, 55, 0,[ 70, 0, 89]],

[ 35, 85, 1,[ 64, 46, 34, 37, 76, 33, 63]],

[ 65, 85, 0,[ 64, 4, 66]],

[ 21, 25, 0,[ 23, 20, 19]],

[ 20, 15, 0,[ 78, 18, 22, 21]],

[ 91, 65, 0,[ 77, 17, 94]],

[ 34, 65, 0,[ 35, 25, 33]],

[ 4, 85, 0,[ 6, 65, 59]],

[ 57, 95, 0,[ 78, 58, 59]],

[ 23, 5, 0,[ 56, 72, 21, 24, 25]],

[ 36, 75, 0,[ 37, 12, 81]],

[ 32, 25, 0,[ 88, 71, 68, 51, 31]],

[ 97, 75, 1,[ 96, 94, 67, 99, 98, 80]],

[ 96, 65, 1,[ 68, 97, 84, 37, 30, 12, 33]],

[ 25, 5, 0,[ 34, 23, 27]],

[ 98, 95, 0,[ 79, 97]],

[ 77, 95, 0,[ 3, 91, 76]],

[ 29, 45, 0,[ 13, 17, 86, 27]],

