[ 75, 45, 1,[ 3, 25, 46]],

[ 73, 65, 0,[ 92, 54, 5]],

[ 9, 85, 0,[ 63, 87, 99]],

[ 54, 95, 0,[ 78, 15, 73, 96]],

[ 12, 95, 0,[ 96, 71, 99]],

[ 87, 25, 1,[ 7, 15, 34, 9, 41]],

[ 26, 5, 1,[ 69, 50, 51, 80]],

[ 78, 5, 1,[ 54, 19, 96]],

[ 7, 35, 0,[ 1, 37, 87]],

[ 95, 55, 1,[ 63, 57, 60, 84, 77]],

[ 89, 95, 1,[ 69, 41, 61, 38, 50, 34]],

[ 11, 95, 0,[ 6, 82, 72]],

[ 5, 45, 0,[ 3, 18, 68, 93, 73, 14]],

[ 59, 45, 1,[ 63, 65, 49, 14, 48]],

[ 35, 15, 1,[ 61, 88, 60, 85, 74, 79, 83]],

[ 63, 35, 0,[ 9, 59, 90, 95]],

[ 45, 95, 0,[ 46, 96, 70]],

[ 39, 85, 1,[ 61, 97, 3, 22]],

[ 94, 35, 0,[ 46, 47, 40]],

[ 99, 85, 1,[ 9, 38, 17, 34, 66, 12]],

[ 71, 95, 1,[ 12, 81, 0]],

[ 93, 5, 0,[ 84, 5, 44]],

[ 58, 35, 0,[ 62, 80, 32]],

[ 74, 25, 1,[ 35, 83, 85]],

[ 60, 35, 0,[ 35, 95, 25]],

[ 23, 65, 1,[ 67, 97, 25]],

[ 34, 35, 0,[ 99, 89, 87]],

[ 61, 35, 1,[ 80, 35, 84, 33, 89, 39]],

[ 72, 25, 1,[ 69, 16, 11, 57, 28]],

[ 52, 25, 1,[ 31, 0, 18]],

[ 81, 75, 1,[ 15, 47, 65, 71]],

[ 69, 45, 0,[ 72, 26, 89]],

[ 36, 5, 0,[ 92, 55, 84, 4]],

[ 32, 45, 1,[ 10, 43, 58]],

[ 49, 35, 0,[ 59, 50, 13, 10]],

[ 2, 35, 0,[ 46, 51, 47]],

[ 98, 35, 0,[ 80, 96]],

[ 16, 95, 0,[ 51, 40, 72, 91]],

[ 1, 35, 0,[ 7, 10, 48]],

[ 83, 45, 0,[ 74, 35, 48]],

[ 51, 5, 1,[ 64, 16, 20, 2, 26]],

[ 84, 55, 1,[ 95, 93, 36, 61]],

[ 55, 95, 0,[ 62, 43, 36]],

[ 28, 85, 0,[ 31, 72]],

[ 91, 35, 0,[ 96, 76, 16]],

[ 62, 55, 1,[ 70, 55, 86, 58]],

[ 25, 45, 0,[ 64, 23, 60, 13, 75]],

[ 30, 95, 0,[ 86, 40, 10]],

[ 0, 35, 0,[ 24, 71, 52]],

[ 17, 95, 1,[ 99, 48, 68]],

[ 8, 45, 1,[ 56, 21, 31]],

[ 3, 45, 0,[ 39, 5, 75]],

[ 85, 75, 1,[ 57, 35, 56, 74, 20]],

[ 79, 45, 1,[ 35, 88, 66]],

[ 40, 95, 1,[ 94, 88, 16, 30]],

[ 50, 95, 0,[ 26, 49, 89]],

[ 33, 95, 1,[ 61, 66, 47]],

[ 82, 5, 1,[ 53, 67, 11]],

[ 14, 45, 0,[ 5, 59, 29]],

[ 13, 5, 1,[ 25, 49, 77]],

[ 80, 35, 1,[ 98, 58, 26, 61]],

[ 65, 35, 0,[ 19, 59, 81]],

[ 64, 35, 0,[ 68, 51, 25]],

[ 31, 85, 1,[ 68, 28, 8, 52]],

[ 24, 85, 1,[ 42, 86, 0]],

[ 38, 5, 0,[ 99, 89]],

[ 56, 45, 1,[ 76, 8, 85]],

[ 70, 35, 0,[ 62, 45]],

[ 27, 35, 0,[ 66, 44, 6]],

[ 66, 35, 1,[ 33, 99, 27, 79]],

[ 92, 65, 1,[ 6, 36, 73]],

[ 86, 45, 0,[ 30, 62, 24]],

[ 41, 45, 0,[ 46, 89, 87]],

[ 96, 75, 1,[ 18, 45, 78, 54, 91, 67, 98, 43, 12]],

[ 42, 35, 1,[ 22, 24]],

[ 67, 35, 0,[ 82, 21, 23, 96]],

[ 10, 25, 1,[ 1, 49, 20, 32, 30, 21]],

[ 29, 95, 1,[ 6, 97, 14]],

[ 4, 45, 0,[ 68, 97, 36]],

[ 90, 25, 1,[ 19, 63]],

[ 22, 25, 1,[ 53, 42, 39]],

[ 47, 35, 0,[ 81, 2, 33, 94]],

[ 77, 35, 0,[ 95, 37, 13]],

[ 97, 35, 1,[ 29, 23, 39, 4]],

[ 46, 65, 1,[ 94, 41, 45, 75, 2, 18]],

[ 53, 35, 0,[ 22, 82, 15]],

[ 43, 45, 0,[ 55, 32, 96]],

[ 18, 35, 0,[ 5, 96, 52, 46]],

[ 20, 5, 0,[ 85, 51, 10]],

[ 44, 5, 1,[ 93, 68, 37, 27]],

[ 19, 35, 1,[ 76, 78, 90, 65]],

[ 37, 95, 1,[ 44, 7, 77]],

[ 6, 95, 1,[ 27, 29, 11, 92]],

[ 57, 25, 0,[ 85, 72, 95]],

[ 15, 45, 0,[ 53, 87, 54, 81]],

[ 48, 45, 1,[ 1, 17, 83, 59]],

[ 68, 15, 1,[ 31, 17, 64, 44, 5, 4]],

[ 21, 35, 0,[ 8, 10, 67]],

[ 76, 85, 1,[ 91, 19, 56]],

[ 88, 35, 0,[ 79, 40, 35]],

