[ 86, 65, 1,[ 41, 62, 14, 11, 63, 57, 46, 55, 0, 29, 18]],

[ 38, 35, 0,[ 98, 16, 69, 53, 20]],

[ 63, 65, 0,[ 3, 76, 86]],

[ 2, 35, 0,[ 49, 8, 58]],

[ 53, 75, 1,[ 4, 66, 56, 58, 79, 94, 97, 31, 22, 5, 7, 38, 27, 71]],

[ 98, 35, 1,[ 38, 82, 3]],

[ 47, 75, 0,[ 42, 56, 34]],

[ 7, 75, 0,[ 54, 17, 53]],

[ 84, 95, 0,[ 54, 45, 21]],

[ 3, 45, 1,[ 42, 17, 34, 92, 48, 81, 98, 97, 12, 10, 63, 39, 89, 55, 73, 68]],

[ 93, 35, 1,[ 45, 0, 1, 29]],

[ 5, 35, 0,[ 69, 30, 53]],

[ 77, 35, 0,[ 35, 33, 89]],

[ 4, 55, 0,[ 40, 24, 53]],

[ 25, 35, 0,[ 83, 15, 24, 23, 45]],

[ 42, 45, 0,[ 3, 47, 80]],

[ 29, 35, 0,[ 18, 86, 51, 93]],

[ 1, 95, 1,[ 60, 93, 8]],

[ 30, 35, 0,[ 12, 5, 14, 26]],

[ 82, 75, 0,[ 56, 32, 54, 98]],

[ 11, 35, 0,[ 45, 86, 74]],

[ 56, 75, 0,[ 28, 82, 47, 53]],

[ 90, 35, 0,[ 64, 72, 76]],

[ 96, 35, 0,[ 69, 49, 31, 73]],

[ 35, 55, 0,[ 28, 87, 77]],

[ 54, 75, 0,[ 84, 7, 95, 20, 82]],

[ 0, 35, 0,[ 60, 93, 86]],

[ 34, 55, 0,[ 36, 28, 47, 3]],

[ 70, 35, 0,[ 14, 24, 66]],

[ 8, 65, 0,[ 1, 2, 18]],

[ 46, 35, 0,[ 49, 86, 50]],

[ 66, 35, 0,[ 70, 53, 61]],

[ 89, 35, 0,[ 77, 44, 3]],

[ 19, 15, 0,[ 33, 14, 97]],

[ 69, 85, 1,[ 43, 15, 96, 80, 38, 16, 85, 78, 79, 5]],

[ 59, 35, 0,[ 74, 51, 49]],

[ 92, 35, 0,[ 85, 51, 45, 57, 3]],

[ 14, 15, 1,[ 15, 91, 52, 30, 19, 74, 72, 70, 43, 41, 86, 48]],

[ 43, 55, 0,[ 95, 69, 14, 87]],

[ 31, 75, 0,[ 96, 53, 13]],

[ 9, 35, 0,[ 99, 45, 73]],

[ 99, 35, 0,[ 41, 9, 78]],

[ 41, 15, 0,[ 99, 14, 86]],

[ 49, 35, 0,[ 91, 2, 59, 46, 33, 96]],

[ 62, 35, 0,[ 10, 16, 86]],

[ 95, 75, 0,[ 43, 71, 54]],

[ 94, 35, 0,[ 28, 53, 20]],

[ 97, 45, 0,[ 53, 3, 19]],

[ 40, 55, 0,[ 28, 4, 87]],

[ 67, 35, 0,[ 21, 64, 50]],

[ 58, 35, 0,[ 80, 2, 64, 53]],

[ 51, 35, 0,[ 92, 59, 29]],

[ 91, 35, 0,[ 26, 49, 14]],

[ 6, 35, 0,[ 45, 32, 44, 16]],

[ 27, 75, 0,[ 17, 53, 55, 52]],

[ 37, 35, 0,[ 83, 68]],

[ 12, 35, 0,[ 3, 72, 30]],

[ 28, 55, 1,[ 56, 88, 34, 64, 94, 35, 40, 36, 23]],

[ 68, 35, 0,[ 57, 76, 44, 3, 37]],

[ 79, 75, 0,[ 69, 13, 53]],

[ 71, 75, 0,[ 95, 53, 13]],

[ 26, 35, 0,[ 30, 91, 21]],

[ 81, 35, 0,[ 3, 78, 75, 45]],

[ 65, 65, 0,[ 18, 23, 88]],

[ 87, 55, 0,[ 35, 40, 43]],

[ 16, 35, 0,[ 69, 38, 62, 6]],

[ 74, 35, 0,[ 39, 11, 14, 59]],

[ 75, 35, 0,[ 81, 15, 60]],

[ 33, 35, 0,[ 77, 19, 49]],

[ 22, 75, 0,[ 53, 24]],

[ 60, 35, 0,[ 75, 1, 0]],

[ 17, 75, 0,[ 45, 32, 27, 3, 7]],

[ 78, 35, 0,[ 69, 99, 81]],

[ 85, 85, 0,[ 92, 69]],

[ 39, 35, 0,[ 3, 74, 15]],

[ 73, 35, 0,[ 9, 96, 3]],

[ 52, 75, 0,[ 27, 14]],

[ 13, 75, 0,[ 71, 31, 24, 79]],

[ 21, 35, 0,[ 67, 84, 26]],

[ 57, 35, 0,[ 68, 86, 92]],

[ 72, 35, 0,[ 90, 12, 14]],

[ 20, 35, 0,[ 48, 38, 94, 54, 83]],

[ 36, 55, 0,[ 34, 28, 88]],

[ 50, 35, 0,[ 67, 46, 10]],

[ 61, 35, 0,[ 66]],

[ 88, 55, 0,[ 28, 65, 36]],

[ 64, 35, 0,[ 67, 58, 28, 90]],

[ 32, 75, 0,[ 6, 82, 17]],

[ 48, 35, 0,[ 20, 14, 3]],

[ 15, 35, 0,[ 39, 14, 75, 69, 25]],

[ 76, 35, 0,[ 68, 63, 90]],

[ 18, 65, 0,[ 29, 65, 86, 8]],

[ 83, 35, 0,[ 20, 25, 37]],

[ 55, 45, 0,[ 86, 3, 27]],

[ 24, 35, 0,[ 22, 13, 70, 4, 25]],

[ 23, 65, 0,[ 65, 28, 25]],

[ 80, 85, 0,[ 58, 42, 69]],

[ 45, 95, 1,[ 92, 93, 6, 17, 11, 25, 9, 84, 81]],

[ 44, 35, 0,[ 89, 68, 6]],

[ 10, 35, 0,[ 50, 62, 3]],

