[ 11, 5, 0,[ 18, 4, 37]],

[ 29, 5, 0,[ 9, 35, 18]],

[ 62, 5, 0,[ 26, 31]],

[ 48, 5, 0,[ 85, 76, 41, 58]],

[ 7, 5, 0,[ 93, 44, 6, 37]],

[ 58, 5, 0,[ 67, 48, 47, 59]],

[ 64, 5, 0,[ 69, 36, 32]],

[ 1, 5, 0,[ 95, 33, 98]],

[ 3, 5, 0,[ 81, 68, 59]],

[ 55, 5, 0,[ 65, 32, 37, 53, 33]],

[ 59, 5, 0,[ 3, 58, 52]],

[ 88, 5, 0,[ 32, 66, 84, 65, 98]],

[ 91, 5, 0,[ 66, 35, 61]],

[ 70, 5, 0,[ 37, 4, 19]],

[ 41, 5, 0,[ 50, 36, 48, 2]],

[ 93, 5, 0,[ 92, 52, 7]],

[ 97, 35, 1,[ 81, 52, 96]],

[ 31, 95, 1,[ 92, 95, 99, 10, 33, 49, 62, 74, 52, 25]],

[ 63, 5, 0,[ 19, 42, 50, 71, 60, 5]],

[ 34, 5, 0,[ 43, 89, 71]],

[ 14, 5, 0,[ 17, 96, 52]],

[ 40, 5, 0,[ 22, 94, 77, 82]],

[ 17, 95, 1,[ 87, 78, 13, 22, 72, 14]],

[ 2, 5, 0,[ 27, 96, 41]],

[ 94, 5, 0,[ 40, 8, 51, 33, 21, 25]],

[ 9, 5, 0,[ 8, 29, 15]],

[ 77, 5, 0,[ 40, 35, 20, 30]],

[ 66, 5, 0,[ 91, 88, 89]],

[ 68, 5, 0,[ 46, 86, 3]],

[ 35, 5, 1,[ 5, 90, 29, 77, 37, 30, 91]],

[ 47, 5, 0,[ 57, 96, 58]],

[ 10, 5, 0,[ 22, 44, 31]],

[ 73, 5, 0,[ 37, 44, 24]],

[ 71, 5, 0,[ 51, 34, 63]],

[ 15, 5, 0,[ 74, 49, 19, 9]],

[ 16, 5, 0,[ 51, 92, 46, 83, 67]],

[ 6, 5, 0,[ 7, 81, 80]],

[ 57, 5, 0,[ 82, 47, 28]],

[ 95, 5, 0,[ 61, 1, 31]],

[ 67, 5, 0,[ 79, 58, 16, 96]],

[ 28, 5, 0,[ 26, 19, 57]],

[ 32, 5, 0,[ 88, 64, 55]],

[ 0, 5, 0,[ 49, 39, 25]],

[ 49, 5, 0,[ 45, 0, 18, 15, 31]],

[ 20, 5, 0,[ 89, 8, 77, 5]],

[ 21, 5, 0,[ 94, 76, 82]],

[ 60, 5, 0,[ 81, 74, 24, 37, 63]],

[ 38, 5, 0,[ 89, 72, 69]],

[ 42, 5, 0,[ 63]],

[ 37, 85, 1,[ 35, 7, 70, 73, 44, 96, 76, 12, 11, 55, 60]],

[ 52, 75, 1,[ 31, 97, 14, 96, 59, 93, 78]],

[ 80, 5, 0,[ 6, 96, 75]],

[ 81, 5, 0,[ 6, 89, 50, 60, 97, 86, 3]],

[ 51, 5, 0,[ 71, 94, 16]],

[ 50, 5, 0,[ 81, 63, 41]],

[ 19, 5, 0,[ 28, 15, 63, 70, 4]],

[ 85, 5, 0,[ 53, 48, 98]],

[ 18, 5, 0,[ 49, 11, 29, 90]],

[ 82, 5, 0,[ 40, 21, 57]],

[ 75, 5, 0,[ 54, 80, 87]],

[ 61, 15, 1,[ 99, 91, 95, 98, 69]],

[ 96, 85, 1,[ 54, 47, 80, 2, 72, 67, 37, 97, 14, 52]],

[ 33, 5, 0,[ 31, 56, 94, 55, 1]],

[ 22, 5, 0,[ 17, 10, 45, 40]],

[ 23, 5, 0,[ 86, 54, 84, 69]],

[ 78, 5, 0,[ 52, 17, 99]],

[ 24, 5, 0,[ 43, 60, 84, 30, 79, 73]],

[ 12, 5, 0,[ 84, 37, 54]],

[ 84, 5, 0,[ 12, 23, 4, 88, 24]],

[ 36, 5, 0,[ 64, 41, 92]],

[ 99, 5, 0,[ 78, 31, 61, 83]],

[ 72, 5, 0,[ 17, 39, 96, 38]],

[ 90, 5, 0,[ 98, 18, 35, 44]],

[ 45, 5, 0,[ 49, 92, 22]],

[ 30, 5, 0,[ 77, 35, 24]],

[ 83, 5, 0,[ 99, 16, 76]],

[ 25, 5, 0,[ 0, 31, 94]],

[ 4, 5, 0,[ 19, 70, 84, 11]],

[ 69, 5, 0,[ 61, 64, 23, 38, 56]],

[ 74, 5, 0,[ 31, 15, 60]],

[ 13, 5, 0,[ 17, 5, 43]],

[ 65, 5, 0,[ 55, 39, 88]],

[ 26, 5, 0,[ 27, 62, 28]],

[ 87, 5, 0,[ 75, 98, 17]],

[ 79, 5, 0,[ 8, 67, 24]],

[ 89, 45, 1,[ 81, 20, 38, 66, 34]],

[ 8, 25, 1,[ 20, 79, 9, 94]],

[ 98, 5, 0,[ 61, 1, 90, 88, 87, 85]],

[ 46, 5, 0,[ 68, 16, 44]],

[ 54, 5, 0,[ 96, 75, 12, 23]],

[ 53, 5, 0,[ 27, 85, 55]],

[ 44, 5, 0,[ 90, 56, 73, 46, 27, 37, 7, 10]],

[ 86, 5, 0,[ 23, 68, 81]],

[ 27, 5, 0,[ 53, 26, 2, 44]],

[ 76, 5, 0,[ 21, 48, 83, 37]],

[ 39, 5, 0,[ 72, 0, 65]],

[ 43, 5, 0,[ 34, 13, 24]],

[ 5, 5, 0,[ 13, 63, 20, 35]],

[ 92, 5, 0,[ 45, 31, 16, 36, 93]],

[ 56, 5, 0,[ 33, 44, 69]],

