[ 33, 75, 0,[ 2, 48, 45, 4]],

[ 97, 25, 0,[ 77, 36, 19]],

[ 25, 55, 1,[ 96, 98, 6, 3, 76]],

[ 28, 95, 1,[ 78, 71, 63, 47, 99]],

[ 36, 75, 1,[ 12, 56, 97, 2]],

[ 40, 5, 0,[ 1, 7, 64]],

[ 70, 75, 1,[ 71, 52, 82, 89, 66]],

[ 32, 25, 0,[ 4, 46, 90]],

[ 69, 55, 1,[ 14, 56, 52]],

[ 66, 25, 0,[ 27, 94, 70]],

[ 43, 85, 1,[ 57, 13, 83]],

[ 16, 45, 0,[ 35, 54, 3]],

[ 37, 95, 0,[ 50, 47, 1]],

[ 45, 75, 1,[ 26, 78, 73, 33]],

[ 77, 25, 1,[ 97, 56, 64]],

[ 82, 55, 0,[ 61, 67, 70]],

[ 41, 95, 1,[ 42, 73, 63]],

[ 23, 45, 0,[ 0, 20, 85]],

[ 92, 35, 0,[ 91, 14, 21, 57]],

[ 52, 25, 0,[ 70, 84, 27, 69]],

[ 20, 45, 0,[ 21, 87, 59, 23]],

[ 54, 35, 1,[ 94, 96, 16, 80]],

[ 59, 25, 0,[ 20, 21, 34]],

[ 34, 95, 1,[ 87, 59, 30, 7, 64]],

[ 15, 55, 1,[ 39, 87, 79, 88]],

[ 65, 95, 1,[ 6, 19, 2]],

[ 4, 25, 1,[ 32, 33, 9]],

[ 91, 25, 1,[ 92, 61, 38]],

[ 58, 45, 1,[ 67, 30, 3, 79]],

[ 30, 25, 1,[ 9, 78, 58, 89, 34]],

[ 72, 45, 0,[ 7, 21, 80]],

[ 47, 15, 1,[ 28, 37]],

[ 89, 75, 0,[ 60, 70, 30]],

[ 62, 25, 1,[ 44, 24, 83, 22]],

[ 55, 55, 1,[ 94, 0, 53, 75]],

[ 12, 65, 1,[ 36, 21, 8, 48]],

[ 81, 25, 0,[ 85, 13, 11, 50]],

[ 17, 45, 0,[ 60, 19, 73]],

[ 75, 95, 0,[ 27, 83, 55]],

[ 73, 55, 1,[ 10, 41, 99, 17, 39, 45]],

[ 95, 45, 0,[ 88, 42, 5, 63]],

[ 78, 45, 0,[ 45, 30, 28, 10]],

[ 61, 45, 0,[ 5, 82, 91, 76]],

[ 10, 45, 0,[ 78, 73, 90]],

[ 5, 95, 1,[ 46, 95, 61]],

[ 76, 75, 0,[ 61, 22, 25]],

[ 64, 5, 1,[ 57, 77, 40, 84, 34]],

[ 14, 55, 1,[ 69, 74, 92, 26, 29]],

[ 8, 75, 0,[ 93, 11, 12]],

[ 49, 35, 1,[ 93, 53, 27, 13]],

[ 13, 25, 0,[ 49, 43, 81]],

[ 68, 45, 0,[ 93, 1, 90]],

[ 67, 35, 1,[ 58, 38, 82]],

[ 27, 95, 1,[ 52, 31, 66, 49, 75]],

[ 22, 25, 0,[ 63, 76, 62, 24]],

[ 18, 65, 1,[ 74, 3]],

[ 86, 35, 1,[ 19, 2, 1, 44]],

[ 11, 85, 1,[ 84, 81, 74, 8]],

[ 98, 45, 1,[ 25, 46, 35]],

[ 9, 25, 1,[ 48, 29, 4, 30]],

[ 71, 45, 0,[ 99, 28, 70]],

[ 48, 45, 0,[ 9, 33, 12]],

[ 50, 65, 1,[ 26, 6, 37, 79, 81]],

[ 63, 45, 1,[ 95, 22, 28, 41]],

[ 84, 45, 0,[ 64, 52, 11, 29]],

[ 44, 55, 0,[ 79, 62, 86]],

[ 87, 95, 0,[ 15, 34, 20]],

[ 94, 25, 0,[ 66, 51, 54, 55]],

[ 21, 75, 1,[ 92, 20, 51, 12, 72, 59]],

[ 57, 35, 1,[ 92, 64, 43]],

[ 74, 95, 0,[ 14, 18, 11]],

[ 19, 45, 0,[ 86, 97, 17, 65]],

[ 53, 5, 1,[ 55, 56, 49]],

[ 80, 45, 0,[ 72, 83, 54]],

[ 99, 45, 0,[ 73, 28, 71]],

[ 51, 25, 1,[ 21, 83, 94]],

[ 56, 25, 0,[ 38, 36, 69, 77, 53, 96]],

[ 90, 95, 1,[ 35, 10, 68, 32]],

[ 93, 15, 1,[ 8, 49, 68]],

[ 46, 95, 0,[ 32, 98, 5]],

[ 60, 35, 1,[ 17, 89, 0]],

[ 96, 25, 0,[ 56, 54, 25]],

[ 79, 45, 0,[ 15, 58, 44, 50, 88]],

[ 2, 25, 1,[ 33, 65, 36, 86]],

[ 31, 25, 0,[ 26, 27]],

[ 6, 95, 0,[ 25, 50, 65]],

[ 39, 45, 1,[ 83, 15, 73]],

[ 0, 15, 1,[ 55, 23, 60]],

[ 24, 25, 0,[ 62, 22]],

[ 38, 75, 1,[ 91, 56, 67]],

[ 42, 45, 0,[ 95, 41, 85]],

[ 83, 75, 1,[ 51, 75, 80, 39, 43, 62]],

[ 1, 45, 1,[ 40, 37, 68, 86]],

[ 35, 45, 0,[ 16, 90, 98]],

[ 88, 45, 0,[ 95, 79, 15]],

[ 26, 75, 0,[ 50, 14, 45, 31]],

[ 7, 25, 0,[ 40, 34, 72]],

[ 29, 95, 0,[ 9, 14, 84]],

[ 3, 25, 1,[ 16, 25, 58, 18]],

[ 85, 75, 1,[ 23, 81, 42]],

