[ 30, 45, 1,[ 92, 88, 24, 32, 18]],

[ 96, 5, 0,[ 65, 19, 20, 40]],

[ 31, 5, 0,[ 41, 18, 25, 92]],

[ 35, 5, 0,[ 53, 41, 67]],

[ 9, 5, 1,[ 83, 38]],

[ 18, 5, 1,[ 30, 27, 86, 31, 68, 60]],

[ 66, 85, 0,[ 76, 38, 49]],

[ 53, 15, 1,[ 35, 81, 69]],

[ 72, 95, 0,[ 65, 3, 78, 40]],

[ 97, 75, 0,[ 86, 45, 21]],

[ 73, 45, 1,[ 93, 79, 21, 49]],

[ 95, 15, 0,[ 38, 32, 83]],

[ 48, 5, 0,[ 56, 19, 98]],

[ 88, 45, 1,[ 17, 30, 76]],

[ 89, 5, 0,[ 59, 84, 13, 63]],

[ 11, 95, 1,[ 71, 40, 63, 46]],

[ 47, 25, 1,[ 6, 62, 32, 10]],

[ 33, 65, 0,[ 55, 93, 94]],

[ 6, 25, 0,[ 12, 47, 92]],

[ 2, 65, 1,[ 21, 42, 10, 4]],

[ 19, 5, 0,[ 96, 54, 48]],

[ 65, 75, 1,[ 50, 96, 72, 68, 81]],

[ 43, 55, 1,[ 5, 77, 17]],

[ 29, 35, 0,[ 1, 14]],

[ 90, 65, 0,[ 25, 44, 76]],

[ 58, 75, 1,[ 56, 23, 59, 22]],

[ 32, 15, 0,[ 21, 30, 95, 38, 22, 47]],

[ 38, 35, 1,[ 66, 95, 32, 7, 79, 9]],

[ 5, 55, 1,[ 49, 25, 85, 43]],

[ 99, 5, 0,[ 8, 91, 39, 52]],

[ 23, 75, 0,[ 58, 94, 93]],

[ 81, 15, 0,[ 53, 65, 67]],

[ 85, 95, 0,[ 5, 3]],

[ 16, 65, 0,[ 59, 51, 0]],

[ 54, 55, 0,[ 15, 19, 83, 4]],

[ 70, 5, 1,[ 45, 50, 44]],

[ 83, 85, 1,[ 95, 54, 9]],

[ 76, 85, 0,[ 52, 66, 79, 62, 90, 88]],

[ 17, 85, 0,[ 57, 88, 43]],

[ 37, 5, 0,[ 15, 51, 3]],

[ 91, 65, 1,[ 99, 51, 4]],

[ 24, 45, 0,[ 82, 30, 27]],

[ 71, 65, 0,[ 11, 42, 15, 51]],

[ 60, 5, 1,[ 18, 41, 98]],

[ 51, 65, 1,[ 37, 91, 16, 71]],

[ 42, 65, 0,[ 2, 71, 64]],

[ 12, 55, 1,[ 6, 74, 87]],

[ 93, 65, 1,[ 77, 23, 73, 33, 46]],

[ 36, 95, 1,[ 22, 62]],

[ 56, 75, 0,[ 15, 48, 58]],

[ 25, 25, 1,[ 90, 31, 5]],

[ 50, 55, 1,[ 70, 65, 55]],

[ 80, 65, 0,[ 27, 61, 64]],

[ 40, 15, 1,[ 72, 96, 11]],

[ 26, 85, 1,[ 59, 0, 8]],

[ 3, 95, 1,[ 37, 10, 72, 85]],

[ 44, 5, 0,[ 70, 98, 90]],

[ 61, 15, 0,[ 28, 80, 63]],

[ 0, 95, 1,[ 26, 16, 74]],

[ 10, 5, 0,[ 47, 3, 2]],

[ 79, 85, 0,[ 76, 38, 73]],

[ 74, 35, 0,[ 0, 12, 1]],

[ 39, 5, 0,[ 98, 99, 34]],

[ 1, 35, 1,[ 29, 74, 57]],

[ 68, 65, 0,[ 49, 65, 18]],

[ 14, 55, 1,[ 55, 52, 29]],

[ 82, 5, 0,[ 28, 34, 24]],

[ 75, 5, 0,[ 28, 46]],

[ 45, 25, 1,[ 52, 70, 97]],

[ 41, 95, 1,[ 31, 60, 87, 78, 35]],

[ 84, 5, 0,[ 89, 4, 7]],

[ 64, 85, 1,[ 34, 42, 80]],

[ 87, 15, 0,[ 12, 98, 41]],

[ 63, 5, 1,[ 89, 11, 61]],

[ 98, 75, 1,[ 60, 39, 87, 48, 78, 44]],

[ 15, 75, 1,[ 56, 37, 92, 54, 71]],

[ 22, 55, 0,[ 32, 36, 58, 67]],

[ 59, 85, 0,[ 58, 20, 16, 89, 26, 94]],

[ 69, 45, 1,[ 46, 53, 57]],

[ 7, 5, 0,[ 86, 84, 38, 55]],

[ 94, 5, 0,[ 23, 33, 59, 4]],

[ 27, 55, 1,[ 24, 18, 80, 13]],

[ 34, 85, 1,[ 67, 82, 64, 39]],

[ 52, 55, 0,[ 45, 99, 76, 14]],

[ 21, 15, 1,[ 2, 77, 97, 32, 73]],

[ 13, 65, 1,[ 8, 27, 89]],

[ 46, 5, 0,[ 93, 75, 11, 69]],

[ 49, 65, 1,[ 5, 20, 68, 66, 73]],

[ 77, 25, 1,[ 21, 93, 43]],

[ 62, 85, 0,[ 47, 36, 76]],

[ 8, 5, 0,[ 26, 99, 13]],

[ 92, 5, 0,[ 30, 31, 6, 15]],

[ 67, 35, 1,[ 34, 22, 81, 35]],

[ 78, 95, 0,[ 98, 72, 41]],

[ 55, 65, 1,[ 14, 50, 7, 33]],

[ 57, 35, 1,[ 1, 17, 69]],

[ 4, 15, 1,[ 91, 94, 84, 2, 54]],

[ 20, 85, 1,[ 59, 49, 96]],

[ 86, 5, 1,[ 7, 97, 18]],

[ 28, 35, 1,[ 75, 82, 61]],

