[ 0, 5, 0,[ 69, 86, 93]],

[ 45, 15, 0,[ 40, 22, 33]],

[ 80, 5, 1,[ 78, 29, 32, 68]],

[ 41, 5, 0,[ 58, 78, 57, 69]],

[ 94, 5, 0,[ 90, 28, 26]],

[ 1, 5, 0,[ 96, 87]],

[ 37, 5, 1,[ 63, 71, 74]],

[ 68, 15, 1,[ 78, 80, 10, 27, 53, 83, 91]],

[ 77, 5, 0,[ 30, 88, 93]],

[ 76, 65, 1,[ 22, 63, 74]],

[ 39, 15, 0,[ 16, 53, 48]],

[ 61, 5, 1,[ 56, 48, 87]],

[ 47, 85, 0,[ 44, 42, 66]],

[ 62, 55, 1,[ 64, 34, 49, 52]],

[ 23, 15, 1,[ 58, 72, 15, 3]],

[ 67, 5, 0,[ 14, 70, 50]],

[ 69, 5, 0,[ 25, 24, 41, 0]],

[ 51, 5, 1,[ 88, 18, 10]],

[ 11, 5, 0,[ 48, 87, 60]],

[ 34, 5, 0,[ 84, 62, 13, 12]],

[ 46, 65, 1,[ 29, 2, 36, 82]],

[ 95, 85, 1,[ 48, 10, 55]],

[ 90, 95, 1,[ 24, 33, 94, 96]],

[ 92, 65, 1,[ 30, 81, 60]],

[ 4, 35, 0,[ 44, 6, 89]],

[ 24, 25, 1,[ 72, 69, 59, 90]],

[ 27, 25, 0,[ 58, 84, 68]],

[ 88, 55, 1,[ 77, 81, 51, 43]],

[ 79, 45, 1,[ 89, 63, 25, 44, 19]],

[ 50, 5, 0,[ 73, 53, 67]],

[ 83, 75, 0,[ 59, 68, 48]],

[ 54, 45, 1,[ 18, 64, 21, 33, 75]],

[ 16, 5, 1,[ 28, 39, 44]],

[ 8, 25, 1,[ 56, 21, 98]],

[ 40, 65, 1,[ 98, 75, 45]],

[ 13, 5, 1,[ 34, 44, 84]],

[ 52, 55, 1,[ 62, 87, 30]],

[ 98, 25, 0,[ 8, 55, 40, 53]],

[ 21, 25, 0,[ 54, 73, 8]],

[ 65, 45, 0,[ 64, 99, 32]],

[ 70, 5, 0,[ 67, 97, 15]],

[ 38, 55, 0,[ 84, 96, 35, 18]],

[ 57, 75, 0,[ 12, 41, 48]],

[ 78, 95, 1,[ 68, 41, 29, 80]],

[ 59, 55, 1,[ 24, 83, 72]],

[ 12, 75, 0,[ 34, 57, 48]],

[ 56, 35, 1,[ 17, 61, 8, 5]],

[ 28, 5, 0,[ 94, 60, 93, 58, 7, 16]],

[ 15, 55, 0,[ 23, 70, 9]],

[ 18, 5, 0,[ 14, 30, 51, 38, 54]],

[ 22, 25, 1,[ 45, 26, 76]],

[ 36, 65, 0,[ 5, 89, 46]],

[ 84, 25, 1,[ 34, 13, 7, 38, 49, 27]],

[ 42, 35, 1,[ 47, 75, 81, 71, 55, 25, 96, 86]],

[ 71, 35, 0,[ 37, 10, 42]],

[ 93, 5, 0,[ 28, 0, 89, 30, 77]],

[ 5, 65, 0,[ 56, 36]],

[ 66, 15, 1,[ 99, 85, 47, 17]],

[ 9, 55, 0,[ 6, 73, 15, 20]],

[ 44, 85, 1,[ 47, 4, 16, 79, 13]],

[ 17, 95, 1,[ 56, 73, 66]],

[ 91, 5, 0,[ 64, 81, 68]],

[ 32, 95, 1,[ 80, 65, 97]],

[ 60, 5, 0,[ 11, 85, 92, 26, 28]],

[ 81, 5, 1,[ 91, 19, 42, 92, 88]],

[ 7, 15, 0,[ 28, 89, 84]],

[ 48, 75, 1,[ 39, 3, 83, 12, 95, 61, 57, 11]],

[ 97, 5, 1,[ 99, 32, 70]],

[ 55, 85, 0,[ 98, 42, 95]],

[ 64, 55, 0,[ 62, 20, 65, 91, 54]],

[ 86, 5, 0,[ 42, 0, 74]],

[ 75, 65, 1,[ 40, 54, 42]],

[ 3, 15, 0,[ 48, 53, 23]],

[ 6, 35, 1,[ 35, 4, 9, 20]],

[ 25, 5, 0,[ 79, 69, 42]],

[ 49, 55, 0,[ 73, 84, 62]],

[ 35, 95, 1,[ 2, 6, 19, 38]],

[ 31, 75, 1,[ 14, 74, 72]],

[ 99, 45, 1,[ 65, 66, 97]],

[ 29, 75, 1,[ 80, 78, 46]],

[ 63, 5, 0,[ 79, 76, 37]],

[ 87, 5, 1,[ 61, 1, 52, 11]],

[ 82, 5, 1,[ 46, 58, 43]],

[ 96, 55, 1,[ 1, 42, 38, 90]],

[ 85, 5, 0,[ 60, 66]],

[ 10, 85, 1,[ 71, 51, 68, 95]],

[ 58, 5, 0,[ 82, 41, 27, 28, 23]],

[ 14, 5, 0,[ 67, 18, 31]],

[ 26, 25, 1,[ 60, 94, 22]],

[ 20, 55, 0,[ 6, 64, 9]],

[ 43, 55, 0,[ 88, 73, 82]],

[ 72, 25, 1,[ 23, 24, 31, 59]],

[ 33, 15, 1,[ 90, 54, 45]],

[ 19, 45, 1,[ 79, 35, 81]],

[ 73, 55, 0,[ 17, 9, 21, 50, 49, 43]],

[ 53, 15, 0,[ 3, 39, 98, 50, 68]],

[ 30, 5, 0,[ 77, 18, 52, 92, 93]],

[ 2, 95, 0,[ 35, 46, 74]],

[ 89, 15, 1,[ 7, 93, 79, 36, 4]],

[ 74, 5, 1,[ 76, 37, 31, 86, 2]],

