[ 49, 45, 1,[ 78, 47, 54, 75, 29]],

[ 99, 65, 0,[ 40, 67, 3]],

[ 56, 95, 0,[ 30, 96, 0]],

[ 52, 35, 0,[ 67, 48, 72]],

[ 98, 5, 1,[ 64, 34, 21, 18]],

[ 58, 5, 1,[ 13, 36, 60]],

[ 36, 35, 1,[ 58, 18, 35]],

[ 62, 5, 1,[ 87, 69, 82]],

[ 39, 35, 1,[ 17, 70, 4]],

[ 67, 95, 1,[ 90, 52, 99]],

[ 82, 65, 0,[ 46, 24, 62]],

[ 92, 55, 0,[ 16, 28, 31, 93, 89, 75]],

[ 78, 95, 1,[ 49, 18, 64, 31]],

[ 5, 85, 1,[ 44, 11, 16]],

[ 97, 45, 0,[ 45, 15, 81]],

[ 33, 55, 0,[ 2, 81, 70]],

[ 0, 15, 1,[ 54, 56, 44]],

[ 83, 95, 1,[ 76, 17, 61, 38, 35]],

[ 64, 25, 1,[ 78, 98, 81]],

[ 2, 85, 1,[ 33, 17, 79, 34, 10]],

[ 70, 55, 1,[ 30, 39, 3, 59, 77, 33, 84]],

[ 22, 75, 1,[ 88, 8, 69, 95, 91]],

[ 65, 75, 1,[ 85, 72, 53]],

[ 66, 5, 0,[ 20, 60, 7, 59]],

[ 34, 65, 1,[ 68, 77, 98, 2]],

[ 72, 75, 0,[ 65, 25, 28, 52, 69]],

[ 38, 35, 1,[ 42, 83, 19, 29]],

[ 14, 5, 0,[ 59, 86, 10]],

[ 31, 55, 0,[ 30, 92, 78]],

[ 40, 85, 0,[ 99, 91, 57]],

[ 21, 85, 1,[ 51, 43, 98]],

[ 57, 85, 1,[ 40, 11, 9]],

[ 23, 85, 0,[ 68, 26, 55]],

[ 68, 5, 0,[ 96, 4, 34, 55, 23]],

[ 16, 65, 0,[ 5, 24, 92]],

[ 79, 85, 0,[ 75, 13, 2]],

[ 44, 5, 0,[ 19, 0, 1, 10, 41, 5]],

[ 12, 5, 1,[ 50, 48, 80, 11]],

[ 48, 35, 0,[ 12, 52, 93]],

[ 30, 75, 1,[ 31, 80, 56, 70]],

[ 43, 5, 1,[ 25, 32, 21, 20, 73]],

[ 60, 85, 1,[ 58, 66, 9]],

[ 93, 55, 1,[ 48, 92, 1]],

[ 37, 45, 0,[ 27, 47, 18]],

[ 76, 95, 0,[ 83, 8, 69]],

[ 17, 85, 0,[ 39, 83, 2]],

[ 91, 45, 1,[ 40, 94, 22]],

[ 63, 75, 1,[ 26, 54]],

[ 45, 5, 1,[ 18, 97, 55]],

[ 10, 85, 0,[ 2, 14, 44, 24]],

[ 32, 45, 0,[ 43, 55, 13]],

[ 41, 5, 1,[ 50, 71, 44, 27]],

[ 11, 95, 1,[ 57, 6, 5, 12]],

[ 87, 15, 0,[ 86, 62, 42]],

[ 27, 35, 1,[ 37, 61, 41, 6]],

[ 7, 45, 1,[ 90, 19, 66]],

[ 51, 85, 0,[ 21, 95, 71]],

[ 18, 65, 1,[ 37, 36, 98, 53, 78, 45]],

[ 54, 45, 0,[ 63, 49, 0]],

[ 47, 45, 1,[ 35, 88, 37, 49]],

[ 80, 5, 0,[ 12, 30, 42]],

[ 50, 5, 1,[ 41, 3, 12]],

[ 24, 65, 0,[ 82, 10, 3, 16]],

[ 53, 35, 1,[ 86, 18, 65]],

[ 73, 75, 1,[ 74, 43, 26]],

[ 8, 75, 0,[ 84, 76, 22]],

[ 1, 95, 1,[ 93, 44]],

[ 95, 85, 0,[ 26, 22, 51, 61]],

[ 81, 45, 0,[ 64, 97, 33]],

[ 94, 45, 0,[ 91, 46, 15]],

[ 84, 55, 0,[ 8, 70, 71]],

[ 25, 25, 1,[ 19, 43, 72]],

[ 88, 65, 0,[ 47, 22, 20]],

[ 89, 55, 0,[ 92, 46]],

[ 13, 45, 1,[ 32, 85, 79, 58]],

[ 61, 85, 0,[ 95, 83, 27]],

[ 35, 45, 0,[ 47, 36, 83]],

[ 28, 95, 1,[ 72, 20, 92]],

[ 86, 15, 1,[ 53, 85, 96, 87, 14]],

[ 6, 35, 0,[ 11, 4, 27]],

[ 26, 85, 0,[ 95, 23, 73, 63]],

[ 77, 95, 1,[ 70, 69, 34]],

[ 29, 45, 0,[ 49, 15, 38]],

[ 9, 95, 1,[ 57, 90, 60]],

[ 85, 45, 0,[ 65, 13, 86]],

[ 74, 95, 0,[ 4, 15, 73]],

[ 59, 5, 0,[ 66, 70, 14]],

[ 19, 5, 0,[ 7, 25, 44, 38]],

[ 42, 15, 0,[ 87, 80, 38]],

[ 90, 95, 0,[ 9, 67, 7]],

[ 69, 65, 1,[ 76, 72, 22, 77, 62]],

[ 55, 35, 1,[ 23, 32, 68, 45]],

[ 15, 95, 1,[ 29, 94, 74, 97]],

[ 20, 65, 0,[ 66, 88, 43, 3, 28]],

[ 4, 15, 1,[ 39, 74, 6, 68]],

[ 75, 45, 0,[ 92, 49, 79]],

[ 46, 55, 0,[ 94, 82, 89]],

[ 96, 95, 0,[ 86, 56, 68]],

[ 3, 65, 1,[ 99, 50, 20, 24, 70]],

[ 71, 15, 1,[ 41, 84, 51]],

