[ 69, 35, 0,[ 75, 26, 45]],

[ 24, 45, 1,[ 23, 45, 18]],

[ 53, 65, 0,[ 95, 87, 94]],

[ 32, 55, 1,[ 71, 29, 51]],

[ 17, 65, 1,[ 64, 8, 13]],

[ 73, 35, 0,[ 48, 12, 70]],

[ 29, 85, 1,[ 32, 38, 9, 20]],

[ 94, 65, 1,[ 0, 21, 53]],

[ 31, 35, 1,[ 89, 82, 49, 77]],

[ 14, 65, 0,[ 40, 81, 87, 44]],

[ 85, 15, 1,[ 90, 83, 89, 42]],

[ 62, 15, 1,[ 38, 98, 6]],

[ 46, 55, 1,[ 76, 68, 42]],

[ 10, 25, 1,[ 47, 86, 34, 68, 4]],

[ 75, 35, 1,[ 69, 22, 41]],

[ 65, 45, 0,[ 3, 58, 41, 66]],

[ 36, 45, 0,[ 61, 83, 74, 91]],

[ 16, 15, 1,[ 63, 55, 27, 23]],

[ 48, 35, 1,[ 50, 19, 25, 73]],

[ 88, 75, 0,[ 66, 20, 19]],

[ 26, 35, 1,[ 84, 23, 69]],

[ 4, 25, 0,[ 11, 10, 2, 78]],

[ 9, 35, 0,[ 30, 29, 97]],

[ 56, 35, 1,[ 51, 43, 79, 54]],

[ 35, 65, 1,[ 1, 74, 77]],

[ 74, 45, 1,[ 5, 36, 35, 37]],

[ 92, 75, 0,[ 0, 66, 5, 59]],

[ 89, 35, 1,[ 1, 31, 40, 85]],

[ 83, 85, 0,[ 36, 72, 93, 85]],

[ 93, 85, 0,[ 6, 28, 83]],

[ 13, 55, 1,[ 77, 15, 57, 17, 33]],

[ 81, 95, 1,[ 99, 59, 14]],

[ 86, 25, 0,[ 23, 10, 42]],

[ 23, 75, 1,[ 16, 26, 8, 24, 86]],

[ 42, 5, 1,[ 37, 46, 86, 85, 7]],

[ 25, 95, 0,[ 48, 55, 95]],

[ 22, 85, 0,[ 71, 75, 33]],

[ 2, 85, 0,[ 20, 52, 4]],

[ 78, 15, 1,[ 4, 50, 79, 40]],

[ 33, 75, 1,[ 91, 13, 87, 27, 22]],

[ 34, 25, 0,[ 10, 84, 44]],

[ 50, 65, 0,[ 87, 48, 78]],

[ 60, 5, 0,[ 80, 21, 12]],

[ 68, 55, 1,[ 10, 67, 46]],

[ 11, 95, 0,[ 15, 67, 4, 58]],

[ 77, 5, 0,[ 80, 35, 31, 13]],

[ 66, 45, 1,[ 92, 65, 88]],

[ 84, 35, 1,[ 39, 26, 0, 98, 34, 47]],

[ 99, 85, 1,[ 3, 81, 40]],

[ 8, 65, 1,[ 17, 23, 55]],

[ 21, 65, 0,[ 94, 60, 71, 5]],

[ 38, 55, 0,[ 29, 18, 62]],

[ 80, 5, 1,[ 59, 19, 1, 77, 60]],

[ 55, 15, 0,[ 16, 25, 12, 8]],

[ 1, 5, 0,[ 89, 80, 35]],

[ 6, 45, 1,[ 93, 62, 52]],

[ 90, 95, 1,[ 49, 85, 82]],

[ 63, 85, 0,[ 12, 41, 16]],

[ 96, 45, 1,[ 44, 98, 95]],

[ 51, 55, 1,[ 39, 32, 56]],

[ 39, 85, 1,[ 84, 51, 82]],

[ 76, 25, 1,[ 58, 46, 43]],

[ 41, 85, 0,[ 54, 63, 75, 65]],

[ 87, 65, 1,[ 53, 33, 14, 50, 72]],

[ 58, 45, 0,[ 76, 65, 11]],

[ 61, 25, 1,[ 36, 37, 30]],

[ 43, 35, 0,[ 56, 76, 57]],

[ 5, 75, 0,[ 74, 92, 21]],

[ 49, 35, 0,[ 70, 31, 90]],

[ 20, 85, 0,[ 2, 72, 29, 88]],

[ 27, 15, 0,[ 33, 64, 57, 67, 16]],

[ 7, 95, 0,[ 82, 15, 42]],

[ 67, 95, 0,[ 52, 27, 82, 11, 68]],

[ 30, 55, 0,[ 61, 9, 12, 47]],

[ 72, 35, 1,[ 87, 83, 20]],

[ 0, 75, 0,[ 94, 92, 84]],

[ 47, 55, 0,[ 30, 84, 10]],

[ 45, 35, 0,[ 69, 70, 54, 24]],

[ 59, 95, 1,[ 92, 80, 81]],

[ 95, 95, 1,[ 25, 53, 96]],

[ 82, 95, 1,[ 7, 90, 39, 31, 67]],

[ 79, 35, 0,[ 56, 98, 78]],

[ 54, 95, 1,[ 41, 45, 56]],

[ 98, 35, 0,[ 62, 96, 84, 79]],

[ 40, 85, 1,[ 78, 89, 99, 14]],

[ 28, 95, 0,[ 93, 18, 91]],

[ 52, 15, 1,[ 6, 67, 2]],

[ 71, 85, 1,[ 22, 32, 21]],

[ 15, 95, 0,[ 11, 13, 7]],

[ 19, 75, 1,[ 88, 80, 48]],

[ 70, 35, 0,[ 45, 49, 73]],

[ 44, 25, 1,[ 34, 96, 14]],

[ 18, 55, 0,[ 38, 28, 24]],

[ 3, 85, 0,[ 97, 65, 99]],

[ 91, 75, 0,[ 28, 36, 33]],

[ 57, 55, 0,[ 43, 27, 13]],

[ 97, 35, 1,[ 9, 3, 64]],

[ 12, 55, 0,[ 73, 63, 60, 30, 55]],

[ 37, 35, 1,[ 74, 61, 42]],

[ 64, 35, 0,[ 27, 17, 97]],

