[ 29, 15, 0,[ 59, 16, 12, 52]],

[ 15, 15, 0,[ 69, 62, 46]],

[ 66, 5, 0,[ 80, 10, 50, 30]],

[ 56, 5, 0,[ 60, 23, 77]],

[ 63, 15, 0,[ 1, 67, 19]],

[ 49, 85, 0,[ 64, 46, 26]],

[ 23, 5, 0,[ 56, 75, 53]],

[ 6, 85, 0,[ 43, 32, 24]],

[ 95, 5, 0,[ 14, 38, 69, 84]],

[ 11, 15, 0,[ 93, 87, 20, 5]],

[ 86, 5, 0,[ 83, 71, 39, 55]],

[ 67, 5, 0,[ 41, 63, 91]],

[ 55, 15, 0,[ 51, 86, 22, 73]],

[ 84, 15, 0,[ 31, 95, 74]],

[ 25, 85, 0,[ 78, 73, 64]],

[ 37, 85, 1,[ 52, 85, 96, 90]],

[ 19, 15, 0,[ 61, 21, 9, 63]],

[ 76, 5, 0,[ 94, 32, 60, 92]],

[ 81, 25, 1,[ 22, 2, 17]],

[ 91, 65, 0,[ 61, 65, 67]],

[ 38, 5, 0,[ 28, 44, 95, 32]],

[ 14, 5, 0,[ 43, 47, 95]],

[ 5, 15, 0,[ 11, 89, 3]],

[ 13, 35, 0,[ 27, 28, 62]],

[ 43, 15, 0,[ 45, 6, 14]],

[ 0, 5, 0,[ 83, 68, 12, 78]],

[ 73, 85, 0,[ 55, 33, 25]],

[ 16, 15, 0,[ 72, 29, 31]],

[ 82, 55, 0,[ 52, 80, 65, 99]],

[ 87, 15, 0,[ 34, 58, 11]],

[ 30, 5, 0,[ 66, 59, 1]],

[ 50, 35, 0,[ 51, 66, 96]],

[ 21, 15, 0,[ 48, 80, 19, 72]],

[ 90, 5, 0,[ 40, 17, 37]],

[ 75, 85, 0,[ 39, 7, 54, 51, 23]],

[ 22, 15, 0,[ 71, 55, 77, 81, 36]],

[ 57, 5, 0,[ 41, 44, 89, 54]],

[ 94, 5, 0,[ 8, 4, 76]],

[ 12, 5, 0,[ 29, 70, 0]],

[ 39, 55, 0,[ 88, 75, 86]],

[ 24, 85, 0,[ 33, 6, 7, 85]],

[ 18, 85, 0,[ 26, 7, 88]],

[ 9, 15, 0,[ 19, 51, 68, 99]],

[ 46, 15, 0,[ 65, 78, 49, 15]],

[ 35, 5, 1,[ 10, 40, 70]],

[ 31, 15, 1,[ 16, 52, 84, 8]],

[ 98, 5, 0,[ 59, 79, 61]],

[ 26, 35, 0,[ 18, 71, 49]],

[ 47, 5, 0,[ 14, 3, 1, 7, 89]],

[ 58, 35, 0,[ 97, 87, 28]],

[ 62, 5, 0,[ 15, 79, 13, 17]],

[ 97, 35, 0,[ 64, 58, 48]],

[ 53, 5, 0,[ 41, 74, 23, 93]],

[ 40, 5, 0,[ 85, 90, 35, 8]],

[ 69, 15, 0,[ 95, 15, 44]],

[ 1, 5, 0,[ 47, 30, 63]],

[ 79, 5, 0,[ 62, 92, 98]],

[ 92, 5, 0,[ 79, 41, 76]],

[ 4, 5, 0,[ 65, 94, 3]],

[ 10, 35, 0,[ 35, 77, 66, 61, 20]],

[ 99, 5, 0,[ 2, 82, 9]],

[ 52, 55, 1,[ 70, 88, 29, 82, 37, 31]],

[ 51, 15, 0,[ 55, 9, 50, 75]],

[ 88, 55, 0,[ 18, 70, 39, 52, 34, 42]],

[ 36, 15, 0,[ 59, 45, 42, 22]],

[ 96, 35, 1,[ 37, 50, 8, 2]],

[ 71, 35, 0,[ 22, 86, 26]],

[ 65, 15, 0,[ 82, 4, 46, 91]],

[ 7, 85, 0,[ 68, 27, 18, 75, 24, 47]],

[ 33, 85, 0,[ 83, 24, 73]],

[ 77, 35, 0,[ 22, 10, 56]],

[ 45, 15, 0,[ 42, 36, 43]],

[ 70, 55, 0,[ 88, 12, 35, 52]],

[ 27, 85, 0,[ 20, 7, 54, 13, 48]],

[ 89, 5, 1,[ 47, 5, 57]],

[ 28, 35, 0,[ 58, 13, 38]],

[ 17, 5, 0,[ 81, 62, 90]],

[ 80, 5, 0,[ 21, 82, 66]],

[ 60, 5, 0,[ 72, 56, 76]],

[ 34, 5, 0,[ 87, 3, 88]],

[ 48, 35, 0,[ 27, 97, 21]],

[ 61, 65, 1,[ 19, 91, 74, 98, 10]],

[ 64, 85, 0,[ 49, 97, 25]],

[ 8, 35, 1,[ 40, 96, 31, 94]],

[ 42, 15, 0,[ 88, 36, 45]],

[ 41, 5, 0,[ 57, 67, 53, 92]],

[ 44, 15, 1,[ 57, 69, 38]],

[ 20, 15, 0,[ 11, 10, 27]],

[ 59, 15, 0,[ 30, 29, 36, 98]],

[ 93, 65, 0,[ 72, 11, 53]],

[ 32, 5, 0,[ 76, 6, 38]],

[ 3, 5, 0,[ 47, 34, 5, 4]],

[ 68, 85, 0,[ 7, 0, 9]],

[ 85, 85, 0,[ 37, 24, 40]],

[ 74, 65, 0,[ 84, 61, 53]],

[ 72, 65, 0,[ 16, 93, 21, 60]],

[ 83, 5, 0,[ 33, 86, 0]],

[ 2, 5, 0,[ 81, 99, 96]],

[ 54, 85, 0,[ 75, 27, 57]],

[ 78, 5, 0,[ 0, 46, 25]],

