[ 2, 45, 0,[ 53, 67, 20]],

[ 87, 55, 0,[ 41, 21, 50]],

[ 94, 45, 0,[ 98, 18, 13]],

[ 32, 45, 0,[ 21, 22, 75, 38, 5]],

[ 91, 5, 0,[ 98, 43, 25]],

[ 18, 25, 0,[ 36, 58, 14, 33, 57, 94]],

[ 49, 5, 0,[ 99, 60, 59]],

[ 5, 95, 0,[ 86, 32, 14, 48]],

[ 0, 45, 0,[ 75, 83, 96]],

[ 37, 55, 1,[ 35, 33, 8, 41]],

[ 22, 45, 0,[ 74, 4, 32]],

[ 78, 5, 0,[ 67, 4, 93, 19, 92]],

[ 14, 95, 0,[ 73, 4, 64, 18, 5]],

[ 19, 5, 0,[ 70, 78, 76]],

[ 20, 45, 0,[ 48, 2, 44]],

[ 24, 45, 0,[ 65, 80, 81]],

[ 6, 55, 0,[ 33, 3, 54]],

[ 39, 45, 0,[ 53, 42, 48, 62]],

[ 30, 95, 0,[ 16, 47, 63, 17, 74]],

[ 56, 25, 0,[ 77, 28, 11]],

[ 31, 5, 1,[ 71, 52, 8, 98, 27]],

[ 36, 25, 0,[ 69, 84, 18]],

[ 64, 95, 0,[ 14, 58, 59]],

[ 3, 55, 0,[ 6, 9, 8]],

[ 34, 25, 0,[ 58, 4, 26]],

[ 65, 45, 0,[ 26, 24, 70, 84, 42]],

[ 21, 95, 0,[ 77, 32, 87]],

[ 63, 95, 0,[ 85, 30, 13]],

[ 1, 95, 0,[ 73, 99, 38, 95]],

[ 45, 25, 0,[ 62, 61, 26]],

[ 69, 45, 0,[ 36, 73, 62, 83]],

[ 57, 55, 0,[ 85, 82, 18]],

[ 15, 25, 0,[ 90, 28, 93]],

[ 44, 95, 0,[ 20, 86, 26]],

[ 10, 5, 0,[ 29, 11, 81]],

[ 95, 45, 0,[ 76, 50, 1, 7, 89]],

[ 72, 5, 0,[ 50, 90, 97]],

[ 23, 25, 0,[ 29, 35, 38]],

[ 93, 5, 0,[ 78, 15, 25]],

[ 26, 5, 0,[ 34, 98, 45, 65, 44]],

[ 68, 45, 0,[ 83, 54, 58]],

[ 58, 25, 0,[ 64, 62, 34, 68, 18, 66]],

[ 51, 25, 0,[ 99, 61, 40]],

[ 97, 95, 1,[ 54, 72, 7]],

[ 66, 5, 0,[ 58, 43, 89, 52]],

[ 50, 45, 0,[ 87, 72, 95, 54]],

[ 13, 45, 0,[ 7, 63, 94, 9]],

[ 89, 45, 1,[ 60, 54, 95, 66]],

[ 83, 45, 0,[ 68, 0, 69]],

[ 70, 45, 0,[ 19, 61, 25, 65]],

[ 38, 45, 0,[ 1, 23, 32]],

[ 12, 25, 0,[ 60, 86, 80]],

[ 73, 95, 0,[ 14, 1, 69, 86]],

[ 60, 5, 0,[ 89, 49, 90, 12]],

[ 17, 95, 0,[ 30, 74, 81]],

[ 71, 5, 0,[ 11, 31, 79]],

[ 88, 25, 0,[ 40, 16, 82]],

[ 99, 25, 0,[ 49, 51, 1]],

[ 40, 5, 0,[ 48, 88, 51, 62]],

[ 77, 95, 0,[ 56, 43, 21, 96]],

[ 84, 95, 0,[ 65, 79, 52, 92, 36]],

[ 42, 45, 0,[ 65, 39, 55]],

[ 48, 5, 0,[ 39, 40, 5, 20]],

[ 9, 45, 0,[ 3, 13, 27]],

[ 28, 25, 0,[ 15, 56, 80, 85, 79]],

[ 4, 95, 0,[ 34, 22, 78, 14, 46]],

[ 62, 45, 0,[ 45, 69, 39, 58, 40, 46]],

[ 86, 95, 0,[ 41, 5, 73, 12, 44]],

[ 11, 5, 0,[ 71, 10, 56, 33]],

[ 52, 5, 1,[ 31, 47, 55, 82, 84, 66]],

[ 74, 95, 0,[ 22, 30, 17]],

[ 76, 55, 0,[ 19, 85, 95, 8]],

[ 61, 25, 1,[ 46, 45, 70, 55, 51]],

[ 81, 95, 0,[ 17, 10, 67, 24]],

[ 25, 5, 0,[ 91, 70, 93]],

[ 35, 25, 1,[ 79, 37, 23]],

[ 85, 95, 0,[ 76, 57, 63, 28]],

[ 55, 25, 0,[ 42, 61, 52]],

[ 80, 25, 0,[ 59, 53, 28, 12, 24]],

[ 82, 55, 1,[ 52, 88, 57]],

[ 29, 25, 0,[ 16, 23, 10]],

[ 96, 95, 1,[ 77, 0, 90]],

[ 33, 55, 0,[ 6, 18, 37, 11]],

[ 53, 25, 0,[ 39, 80, 2]],

[ 47, 5, 0,[ 30, 52, 8]],

[ 59, 95, 0,[ 49, 64, 80]],

[ 27, 5, 0,[ 92, 9, 31]],

[ 75, 45, 0,[ 0, 32, 16]],

[ 67, 45, 0,[ 78, 2, 81]],

[ 46, 45, 0,[ 4, 62, 61]],

[ 41, 55, 0,[ 37, 86, 87]],

[ 8, 55, 1,[ 76, 3, 31, 47, 37]],

[ 43, 95, 0,[ 91, 77, 66]],

[ 7, 45, 0,[ 95, 13, 97]],

[ 92, 95, 0,[ 84, 78, 27]],

[ 98, 5, 0,[ 26, 94, 91, 31]],

[ 16, 25, 0,[ 75, 88, 30, 29]],

[ 90, 5, 0,[ 72, 60, 96, 15]],

[ 79, 25, 0,[ 84, 71, 35, 28]],

[ 54, 45, 0,[ 50, 68, 6, 89, 97]],

