[ 43, 25, 0,[ 38, 6, 87, 84]],

[ 8, 25, 1,[ 10, 37, 34, 50]],

[ 67, 25, 0,[ 71, 37, 79]],

[ 51, 15, 1,[ 59, 23, 99]],

[ 85, 65, 1,[ 84, 28, 66]],

[ 87, 35, 1,[ 35, 12, 43, 50, 9, 7, 48, 39]],

[ 30, 15, 0,[ 89, 46, 66]],

[ 84, 55, 1,[ 46, 43, 18, 85]],

[ 52, 45, 1,[ 98, 70, 53, 27]],

[ 76, 65, 1,[ 39, 69, 19]],

[ 11, 85, 0,[ 46, 74, 80]],

[ 2, 75, 0,[ 0, 71, 21, 68]],

[ 17, 25, 1,[ 49, 6, 80, 7, 72, 93, 19, 16, 77]],

[ 99, 85, 1,[ 51, 33, 34, 53, 45]],

[ 82, 55, 1,[ 64, 12, 44]],

[ 95, 55, 0,[ 27, 37, 91]],

[ 34, 15, 0,[ 60, 8, 99, 37]],

[ 3, 35, 0,[ 21, 78, 90, 89, 29]],

[ 72, 15, 1,[ 68, 17, 42]],

[ 19, 5, 1,[ 76, 17, 0]],

[ 40, 95, 1,[ 91, 5, 61]],

[ 38, 15, 0,[ 50, 26, 43]],

[ 7, 95, 0,[ 87, 50, 17]],

[ 37, 75, 1,[ 95, 80, 92, 67, 34, 8]],

[ 53, 15, 0,[ 52, 74, 99]],

[ 14, 15, 0,[ 23, 97]],

[ 64, 15, 0,[ 82, 81, 48]],

[ 12, 15, 0,[ 82, 87, 75]],

[ 26, 35, 1,[ 90, 69, 41, 38, 4]],

[ 0, 15, 0,[ 19, 2, 35, 55, 57]],

[ 1, 15, 0,[ 88, 54, 92, 68]],

[ 66, 5, 1,[ 15, 33, 83, 58, 85, 30, 94, 62, 13]],

[ 47, 35, 0,[ 89, 44]],

[ 96, 95, 1,[ 33, 35, 88]],

[ 39, 15, 0,[ 87, 5, 76]],

[ 58, 15, 0,[ 31, 68, 66]],

[ 35, 95, 1,[ 96, 86, 87, 0]],

[ 68, 35, 1,[ 1, 58, 41, 2, 72]],

[ 21, 95, 0,[ 56, 3, 2]],

[ 59, 55, 1,[ 51, 62, 13]],

[ 56, 85, 1,[ 57, 21, 94, 5]],

[ 6, 25, 1,[ 17, 43, 25]],

[ 91, 95, 0,[ 15, 40, 95, 79]],

[ 28, 65, 0,[ 85, 24, 29, 98]],

[ 88, 45, 1,[ 9, 65, 96, 73, 1]],

[ 71, 45, 1,[ 48, 2, 67, 89]],

[ 48, 35, 1,[ 93, 87, 64, 71]],

[ 94, 35, 1,[ 20, 56, 83, 9, 66]],

[ 4, 25, 0,[ 26, 60, 24]],

[ 9, 35, 0,[ 94, 87, 88, 62, 78]],

[ 97, 75, 1,[ 83, 14, 86, 63]],

[ 32, 5, 1,[ 18, 36, 45, 73, 42]],

[ 89, 35, 1,[ 10, 71, 93, 30, 3, 47]],

[ 44, 95, 1,[ 50, 47, 25, 82]],

[ 49, 15, 0,[ 17, 46, 18]],

[ 16, 15, 1,[ 17, 24]],

[ 73, 15, 0,[ 86, 88, 32, 46]],

[ 78, 65, 1,[ 36, 9, 20, 3]],

[ 55, 35, 0,[ 74, 23, 0]],

[ 57, 15, 0,[ 56, 54, 0, 25]],

[ 90, 15, 1,[ 69, 26, 3]],

[ 41, 35, 0,[ 74, 68, 26]],

[ 24, 25, 1,[ 16, 70, 4, 28]],

[ 83, 15, 0,[ 66, 94, 97]],

[ 75, 65, 1,[ 63, 12]],

[ 86, 15, 0,[ 73, 35, 97, 20]],

[ 62, 15, 1,[ 9, 59, 66]],

[ 33, 15, 0,[ 99, 96, 66]],

[ 61, 15, 1,[ 31, 40, 42]],

[ 29, 75, 1,[ 3, 31, 28]],

[ 50, 15, 0,[ 38, 7, 8, 87, 44]],

[ 31, 75, 1,[ 18, 70, 58, 61, 29]],

[ 80, 35, 1,[ 37, 17, 11]],

[ 27, 35, 0,[ 54, 95, 52]],

[ 15, 15, 0,[ 66, 91]],

[ 45, 15, 0,[ 99, 98, 32]],

[ 60, 95, 0,[ 74, 34, 4]],

[ 69, 35, 0,[ 76, 90, 26]],

[ 98, 45, 0,[ 45, 52, 28]],

[ 23, 5, 1,[ 55, 14, 77, 51]],

[ 92, 65, 1,[ 22, 37, 1]],

[ 25, 25, 0,[ 57, 44, 6]],

[ 13, 15, 1,[ 66, 74, 59]],

[ 5, 15, 0,[ 39, 40, 56]],

[ 36, 15, 0,[ 10, 32, 78]],

[ 63, 65, 0,[ 65, 75, 97]],

[ 79, 25, 1,[ 81, 22, 67, 91]],

[ 10, 35, 1,[ 89, 36, 8]],

[ 46, 85, 1,[ 81, 22, 73, 77, 49, 84, 30, 11]],

[ 93, 35, 0,[ 17, 89, 48]],

[ 81, 65, 1,[ 64, 46, 79]],

[ 42, 15, 1,[ 61, 32, 72]],

[ 70, 15, 0,[ 31, 52, 24]],

[ 65, 15, 0,[ 63, 88]],

[ 74, 55, 1,[ 13, 11, 53, 55, 60, 41]],

[ 22, 85, 0,[ 92, 46, 79]],

[ 77, 35, 0,[ 46, 17, 23]],

[ 54, 75, 1,[ 1, 27, 57]],

[ 20, 15, 0,[ 86, 78, 94]],

[ 18, 15, 0,[ 49, 31, 32, 84]],

