[ 50, 5, 1,[ 15, 20, 78]],

[ 85, 25, 0,[ 0, 22, 3]],

[ 84, 55, 0,[ 94, 9, 73]],

[ 7, 55, 0,[ 13, 19, 41, 88]],

[ 52, 75, 0,[ 61, 17, 93]],

[ 21, 25, 1,[ 32, 15, 76, 91]],

[ 29, 75, 0,[ 16, 56, 59]],

[ 0, 65, 1,[ 58, 85, 34]],

[ 42, 35, 0,[ 97, 11, 44, 86]],

[ 58, 95, 1,[ 0, 99, 53]],

[ 53, 15, 1,[ 58, 34, 57]],

[ 81, 95, 0,[ 36, 94, 2]],

[ 1, 45, 1,[ 6, 18, 99, 49]],

[ 83, 75, 1,[ 82, 31, 75]],

[ 10, 65, 0,[ 31, 5, 92]],

[ 13, 55, 0,[ 7, 51, 30]],

[ 57, 5, 1,[ 62, 91, 64, 53, 69]],

[ 89, 55, 0,[ 22, 26, 19]],

[ 36, 65, 1,[ 81, 73, 38]],

[ 31, 65, 0,[ 59, 83, 10, 70]],

[ 18, 25, 1,[ 43, 1, 33]],

[ 35, 55, 0,[ 19, 66, 98]],

[ 24, 45, 0,[ 96, 17, 38, 71]],

[ 98, 65, 1,[ 35, 78, 54, 60]],

[ 65, 25, 1,[ 80, 86, 60, 47]],

[ 64, 5, 1,[ 49, 48, 94, 57]],

[ 17, 45, 0,[ 28, 52, 24]],

[ 9, 55, 1,[ 39, 73, 46, 28, 84]],

[ 47, 85, 1,[ 65, 25, 79, 30, 26]],

[ 26, 55, 0,[ 63, 5, 89, 47]],

[ 40, 65, 1,[ 75, 32, 72, 43]],

[ 14, 65, 1,[ 38, 59, 90, 3]],

[ 34, 65, 1,[ 53, 0, 69]],

[ 68, 55, 0,[ 27, 39, 45]],

[ 93, 95, 1,[ 12, 79, 52, 76, 4]],

[ 56, 95, 0,[ 29, 70, 60]],

[ 97, 15, 0,[ 88, 42, 78]],

[ 37, 55, 0,[ 46, 88, 90]],

[ 78, 75, 1,[ 62, 50, 97, 98]],

[ 86, 35, 1,[ 42, 65, 22]],

[ 71, 75, 0,[ 24, 11, 61]],

[ 25, 55, 1,[ 33, 48, 12, 47, 66]],

[ 79, 95, 0,[ 66, 93, 47]],

[ 20, 25, 0,[ 67, 50, 69]],

[ 15, 25, 1,[ 22, 2, 21, 50]],

[ 60, 95, 1,[ 98, 56, 94, 65, 45]],

[ 73, 35, 1,[ 36, 84, 90, 9]],

[ 54, 65, 0,[ 67, 98, 87]],

[ 63, 95, 1,[ 44, 26, 66]],

[ 43, 65, 1,[ 62, 40, 18]],

[ 70, 55, 1,[ 31, 56, 95, 4]],

[ 33, 5, 1,[ 3, 18, 25]],

[ 12, 95, 1,[ 72, 25, 93]],

[ 82, 15, 0,[ 83, 27, 51]],

[ 51, 15, 0,[ 30, 74, 13, 82]],

[ 16, 75, 0,[ 29, 76, 5]],

[ 80, 85, 0,[ 23, 65, 88]],

[ 30, 55, 1,[ 13, 51, 47]],

[ 27, 55, 1,[ 82, 19, 68]],

[ 77, 35, 1,[ 8, 48, 46, 55]],

[ 55, 55, 1,[ 77, 75, 90]],

[ 99, 95, 0,[ 58, 1, 91]],

[ 23, 85, 0,[ 92, 39, 41, 80]],

[ 46, 55, 0,[ 11, 9, 77, 37]],

[ 59, 65, 0,[ 8, 31, 29, 14]],

[ 3, 25, 1,[ 14, 67, 33, 85]],

[ 28, 95, 1,[ 17, 62, 9]],

[ 96, 45, 0,[ 41, 24, 91]],

[ 8, 35, 0,[ 59, 61, 77]],

[ 11, 65, 1,[ 42, 71, 46]],

[ 62, 55, 1,[ 28, 78, 57, 43]],

[ 5, 75, 1,[ 26, 16, 10]],

[ 75, 65, 0,[ 55, 40, 83]],

[ 19, 55, 0,[ 7, 27, 89, 35]],

[ 61, 75, 0,[ 8, 52, 71]],

[ 38, 15, 1,[ 24, 14, 36]],

[ 22, 25, 0,[ 86, 15, 89, 85]],

[ 49, 55, 1,[ 1, 94, 64]],

[ 48, 55, 0,[ 77, 25, 64]],

[ 6, 65, 0,[ 72, 1, 44]],

[ 90, 55, 0,[ 14, 55, 73, 37]],

[ 95, 55, 0,[ 87, 4, 70]],

[ 45, 15, 1,[ 60, 76, 68]],

[ 66, 55, 0,[ 63, 25, 35, 79]],

[ 39, 55, 0,[ 23, 9, 68, 88]],

[ 74, 35, 0,[ 92, 87, 51]],

[ 94, 95, 0,[ 84, 81, 49, 64, 60]],

[ 67, 25, 1,[ 20, 3, 54]],

[ 44, 95, 0,[ 63, 6, 42]],

[ 41, 45, 1,[ 7, 23, 96]],

[ 87, 35, 1,[ 54, 95, 32, 74]],

[ 69, 85, 1,[ 92, 34, 2, 20, 57]],

[ 72, 65, 0,[ 6, 40, 12]],

[ 2, 75, 1,[ 15, 81, 69]],

[ 32, 25, 0,[ 87, 21, 40]],

[ 4, 65, 1,[ 70, 93, 95]],

[ 91, 35, 1,[ 21, 57, 99, 96]],

[ 88, 15, 1,[ 97, 7, 37, 80, 39]],

[ 92, 85, 0,[ 10, 69, 23, 74]],

[ 76, 95, 0,[ 21, 45, 93, 16]],

