[ 18, 15, 0,[ 28, 84, 17]],

[ 85, 65, 0,[ 80, 53, 3]],

[ 48, 15, 0,[ 44, 92, 36, 49]],

[ 77, 5, 0,[ 86, 3, 43]],

[ 33, 45, 0,[ 3, 58, 7]],

[ 83, 5, 0,[ 86, 4, 66]],

[ 27, 45, 0,[ 81, 7, 46]],

[ 25, 5, 0,[ 54, 86, 43]],

[ 56, 15, 0,[ 37, 62, 38]],

[ 10, 15, 0,[ 11, 28, 78]],

[ 6, 55, 0,[ 62, 73, 28]],

[ 64, 45, 0,[ 86, 98, 5]],

[ 17, 15, 0,[ 18, 28, 40, 19]],

[ 69, 45, 1,[ 53, 93, 96, 78, 75, 63]],

[ 58, 15, 0,[ 33, 76, 7]],

[ 91, 75, 0,[ 53, 73, 61]],

[ 7, 45, 1,[ 27, 50, 61, 58, 33, 89, 67, 4, 44]],

[ 88, 15, 0,[ 74, 44, 86]],

[ 54, 15, 0,[ 96, 39, 25]],

[ 82, 75, 0,[ 37, 61, 47, 86]],

[ 35, 65, 0,[ 20, 29, 3]],

[ 50, 45, 0,[ 98, 7, 13]],

[ 36, 15, 0,[ 87, 48, 42]],

[ 95, 15, 0,[ 52, 8, 98]],

[ 89, 15, 0,[ 7, 8, 38]],

[ 21, 45, 0,[ 28, 16, 93]],

[ 80, 45, 0,[ 68, 85, 5]],

[ 28, 55, 1,[ 38, 73, 6, 21, 99, 0, 68, 17, 70, 10, 94, 87, 12, 93, 67, 59, 32, 18]],

[ 31, 15, 0,[ 87, 3, 32]],

[ 4, 15, 0,[ 7, 87, 83]],

[ 16, 45, 0,[ 21, 12, 0]],

[ 92, 5, 0,[ 93, 86, 48]],

[ 49, 15, 0,[ 48, 53, 5]],

[ 60, 15, 0,[ 53, 15, 1]],

[ 9, 15, 0,[ 86, 8, 3]],

[ 5, 45, 1,[ 49, 80, 29, 81, 97, 53, 84, 23, 64, 19]],

[ 53, 75, 1,[ 69, 99, 22, 98, 11, 41, 85, 5, 91, 47, 43, 65, 60, 13, 49]],

[ 46, 45, 0,[ 12, 27, 3]],

[ 51, 15, 0,[ 26, 79, 42, 2]],

[ 52, 15, 0,[ 3, 95, 86, 34]],

[ 96, 15, 0,[ 54, 26, 69]],

[ 41, 75, 0,[ 24, 22, 99, 53]],

[ 94, 15, 0,[ 26, 70, 28]],

[ 59, 15, 0,[ 62, 19, 28]],

[ 71, 15, 0,[ 45, 68, 65, 14, 86]],

[ 72, 5, 0,[ 1, 86]],

[ 42, 15, 0,[ 51, 23, 36]],

[ 24, 15, 0,[ 41, 55, 0, 37]],

[ 37, 15, 0,[ 82, 56, 24]],

[ 22, 75, 0,[ 29, 41, 53]],

[ 15, 15, 0,[ 60, 3, 55]],

[ 47, 75, 0,[ 3, 82, 53]],

[ 12, 45, 0,[ 46, 16, 28]],

[ 78, 15, 0,[ 10, 45, 69]],

[ 32, 15, 0,[ 31, 28, 98]],

[ 57, 15, 0,[ 76, 11, 75]],

[ 62, 15, 0,[ 59, 3, 56, 6, 39]],

[ 81, 45, 0,[ 5, 27, 3]],

[ 87, 15, 0,[ 28, 4, 31, 36]],

[ 63, 55, 0,[ 73, 74, 69]],

[ 3, 65, 1,[ 1, 90, 9, 35, 33, 15, 52, 47, 77, 85, 46, 81, 31, 13, 2, 62]],

[ 79, 15, 0,[ 51, 45, 84]],

[ 44, 15, 0,[ 88, 48, 7]],

[ 13, 65, 0,[ 3, 53, 50, 20]],

[ 11, 15, 0,[ 57, 10, 98, 53]],

[ 38, 15, 0,[ 97, 89, 56, 28]],

[ 97, 15, 0,[ 5, 38]],

[ 2, 15, 0,[ 51, 3, 14]],

[ 39, 15, 0,[ 54, 76, 62, 86]],

[ 86, 5, 1,[ 70, 83, 52, 93, 25, 55, 39, 82, 88, 9, 71, 72, 92, 34, 64, 77]],

[ 1, 15, 0,[ 3, 72, 60]],

[ 98, 15, 1,[ 32, 11, 53, 64, 50, 95]],

[ 30, 15, 0,[ 55, 67, 74]],

[ 84, 15, 0,[ 18, 79, 5]],

[ 20, 65, 0,[ 40, 35, 13]],

[ 67, 55, 0,[ 7, 28, 30]],

[ 76, 15, 0,[ 39, 57, 58]],

[ 14, 15, 0,[ 71, 2, 66]],

[ 43, 5, 0,[ 25, 77, 73, 53]],

[ 26, 15, 0,[ 51, 94, 96, 34]],

[ 55, 15, 0,[ 40, 30, 86, 23, 15, 24]],

[ 61, 75, 0,[ 91, 82, 7]],

[ 93, 45, 1,[ 92, 69, 28, 86, 21]],

[ 40, 15, 0,[ 20, 55, 17, 65]],

[ 68, 45, 0,[ 28, 71, 80]],

[ 90, 5, 0,[ 66, 75, 3]],

[ 70, 5, 0,[ 66, 28, 94, 86]],

[ 66, 5, 0,[ 83, 90, 14, 70]],

[ 29, 45, 0,[ 22, 5, 35]],

[ 8, 15, 0,[ 89, 95, 9]],

[ 34, 15, 0,[ 52, 26, 86]],

[ 23, 15, 0,[ 5, 55, 42]],

[ 75, 5, 0,[ 69, 90, 57]],

[ 0, 45, 0,[ 28, 16, 24]],

[ 65, 15, 0,[ 53, 40, 71]],

[ 73, 55, 0,[ 43, 63, 6, 91, 28]],

[ 45, 15, 1,[ 78, 79, 71]],

[ 19, 15, 0,[ 74, 5, 59, 17]],

[ 74, 15, 0,[ 88, 63, 19, 30]],

[ 99, 75, 0,[ 28, 41, 53]],

