[ 12, 15, 1,[ 51, 20, 90]],

[ 26, 5, 0,[ 11, 54, 87]],

[ 99, 45, 0,[ 22, 78, 16]],

[ 19, 5, 0,[ 63, 97, 60]],

[ 60, 85, 1,[ 7, 19, 73]],

[ 13, 95, 0,[ 80, 33, 62]],

[ 51, 5, 0,[ 72, 63, 12, 56]],

[ 6, 45, 0,[ 43, 70, 3]],

[ 14, 35, 0,[ 49, 31, 77, 75]],

[ 81, 45, 0,[ 67, 53, 80]],

[ 23, 45, 0,[ 32, 34, 84]],

[ 79, 45, 0,[ 94, 32, 66]],

[ 69, 65, 1,[ 57, 33, 65, 47]],

[ 33, 95, 0,[ 84, 78, 13, 69]],

[ 73, 45, 1,[ 77, 60, 66]],

[ 82, 95, 0,[ 86, 96, 57]],

[ 48, 55, 0,[ 76, 3, 37]],

[ 98, 55, 1,[ 83, 93, 70, 56]],

[ 28, 25, 1,[ 65, 97, 27]],

[ 90, 45, 0,[ 12, 86, 17, 40]],

[ 65, 85, 1,[ 69, 87, 28, 9]],

[ 46, 15, 0,[ 30, 55, 93]],

[ 16, 65, 1,[ 99, 15, 58, 10]],

[ 8, 45, 0,[ 71, 80, 29]],

[ 91, 15, 1,[ 34, 62, 45]],

[ 17, 45, 0,[ 90, 7, 41]],

[ 4, 45, 1,[ 45, 31, 52, 47]],

[ 27, 65, 1,[ 42, 40, 59, 93, 28]],

[ 67, 25, 1,[ 58, 81, 2, 49]],

[ 43, 45, 1,[ 54, 2, 6, 38]],

[ 3, 15, 1,[ 6, 0, 48]],

[ 35, 25, 0,[ 97, 50, 30]],

[ 39, 45, 0,[ 55, 75]],

[ 10, 45, 0,[ 37, 32, 16, 57]],

[ 37, 45, 0,[ 10, 48, 40]],

[ 49, 95, 1,[ 14, 67, 1]],

[ 40, 25, 1,[ 27, 85, 90, 37]],

[ 15, 85, 1,[ 85, 16, 84, 88]],

[ 29, 85, 0,[ 61, 0, 8]],

[ 83, 45, 1,[ 61, 95, 98, 2, 96]],

[ 92, 65, 0,[ 62, 25, 21]],

[ 1, 95, 1,[ 22, 89, 49]],

[ 21, 85, 1,[ 85, 58, 36, 92, 38]],

[ 9, 55, 1,[ 24, 54, 65]],

[ 88, 55, 1,[ 87, 15, 85]],

[ 64, 35, 1,[ 68, 0, 11, 53]],

[ 57, 95, 1,[ 82, 69, 10]],

[ 5, 65, 1,[ 72, 96, 97]],

[ 50, 65, 1,[ 24, 35, 55, 75]],

[ 45, 45, 1,[ 4, 70, 91]],

[ 30, 15, 1,[ 46, 7, 35]],

[ 38, 65, 1,[ 43, 66, 21]],

[ 75, 35, 0,[ 50, 39, 14]],

[ 20, 45, 0,[ 22, 68, 12]],

[ 94, 45, 0,[ 79, 59]],

[ 54, 95, 1,[ 62, 9, 26, 43]],

[ 36, 35, 1,[ 7, 21, 85, 72]],

[ 56, 45, 0,[ 55, 51, 98]],

[ 41, 55, 1,[ 68, 52, 17]],

[ 70, 45, 1,[ 6, 98, 45]],

[ 62, 95, 0,[ 91, 92, 13, 54]],

[ 61, 45, 0,[ 25, 83, 34, 29]],

[ 93, 95, 1,[ 27, 46, 98]],

[ 59, 65, 0,[ 94, 18, 27]],

[ 96, 45, 0,[ 83, 82, 5, 24]],

[ 72, 35, 0,[ 5, 36, 89, 51]],

[ 80, 45, 0,[ 81, 8, 13]],

[ 66, 45, 0,[ 73, 38, 79]],

[ 11, 45, 1,[ 55, 71, 26, 64]],

[ 34, 55, 1,[ 61, 91, 23]],

[ 25, 65, 1,[ 92, 53, 61, 87]],

[ 32, 45, 0,[ 10, 79, 23]],

[ 71, 45, 0,[ 11, 8, 44]],

[ 42, 85, 0,[ 27, 0, 44]],

[ 7, 85, 1,[ 17, 60, 36, 30]],

[ 44, 45, 0,[ 71, 63, 42]],

[ 52, 5, 0,[ 41, 4, 87]],

[ 0, 85, 1,[ 95, 29, 3, 64, 89, 42]],

[ 58, 85, 1,[ 21, 16, 67]],

[ 68, 55, 0,[ 64, 41, 20]],

[ 89, 95, 0,[ 1, 72, 0]],

[ 63, 5, 1,[ 44, 19, 51, 78]],

[ 18, 35, 1,[ 59, 47, 86]],

[ 22, 45, 0,[ 99, 20, 76, 1]],

[ 95, 85, 0,[ 0, 86, 83]],

[ 31, 5, 0,[ 14, 4, 87]],

[ 86, 75, 1,[ 95, 18, 90, 82]],

[ 55, 45, 1,[ 50, 56, 39, 11, 46]],

[ 53, 55, 1,[ 64, 81, 25]],

[ 47, 25, 1,[ 18, 4, 69]],

[ 85, 95, 1,[ 77, 21, 36, 88, 40, 15]],

[ 74, 95, 0,[ 24, 77]],

[ 97, 25, 0,[ 35, 19, 28, 5]],

[ 84, 95, 0,[ 33, 23, 15]],

[ 77, 95, 1,[ 74, 14, 85, 73]],

[ 87, 5, 1,[ 88, 52, 65, 31, 76, 25, 26]],

[ 2, 5, 1,[ 43, 83, 67]],

[ 24, 65, 0,[ 96, 50, 74, 9]],

[ 76, 5, 0,[ 22, 48, 87]],

[ 78, 95, 0,[ 63, 99, 33]],

