[ 91, 5, 0,[ 77, 74, 52]],

[ 85, 5, 0,[ 3, 10, 41]],

[ 3, 5, 0,[ 51, 85, 21]],

[ 57, 5, 0,[ 36]],

[ 28, 5, 0,[ 56, 35, 9]],

[ 0, 5, 0,[ 2]],

[ 79, 5, 0,[ 66, 58, 23, 36]],

[ 55, 5, 0,[ 86, 54, 37, 81, 52, 29]],

[ 54, 5, 0,[ 55, 5, 89]],

[ 50, 5, 0,[ 4, 14, 23]],

[ 44, 5, 0,[ 34, 45, 59, 43]],

[ 24, 45, 1,[ 74, 70, 43, 67, 8, 60, 77, 86, 38, 66]],

[ 37, 45, 1,[ 35, 55, 96, 1, 8]],

[ 9, 5, 0,[ 28, 7, 63, 61]],

[ 17, 5, 0,[ 61, 52]],

[ 21, 5, 0,[ 69, 76, 3]],

[ 52, 15, 1,[ 31, 91, 55, 13, 76, 70, 17, 88, 95]],

[ 94, 5, 0,[ 56, 68, 80]],

[ 41, 5, 0,[ 25, 29, 31, 85]],

[ 30, 5, 0,[ 1, 87, 80, 13]],

[ 1, 5, 0,[ 30, 8, 37]],

[ 99, 5, 0,[ 40, 90, 68]],

[ 81, 5, 0,[ 55, 18, 19]],

[ 59, 5, 0,[ 44, 45, 51, 47]],

[ 39, 5, 0,[ 46, 62, 92, 58, 35]],

[ 98, 5, 0,[ 89, 14, 97]],

[ 89, 75, 1,[ 60, 25, 67, 54, 63, 88, 98]],

[ 43, 5, 0,[ 24, 44, 7]],

[ 46, 5, 0,[ 90, 5, 38, 39, 95]],

[ 8, 85, 1,[ 1, 11, 37, 42, 45, 34, 68, 24, 73, 83, 40]],

[ 80, 35, 1,[ 48, 58, 86, 64, 94, 30, 78, 11, 33]],

[ 6, 5, 0,[ 4, 97, 13, 56]],

[ 78, 5, 0,[ 80, 19, 14]],

[ 82, 5, 0,[ 73, 87, 16, 42]],

[ 95, 5, 0,[ 77, 46, 52]],

[ 69, 5, 0,[ 18, 21, 76]],

[ 11, 5, 0,[ 10, 80, 8]],

[ 96, 5, 1,[ 12, 15, 37, 63, 75]],

[ 47, 5, 0,[ 59, 49, 34, 23]],

[ 25, 5, 0,[ 41, 88, 89]],

[ 65, 5, 0,[ 67, 5, 64]],

[ 76, 5, 0,[ 52, 31, 69, 21]],

[ 45, 5, 0,[ 8, 44, 59, 71]],

[ 66, 5, 0,[ 79, 24, 16]],

[ 67, 5, 0,[ 26, 89, 24, 65]],

[ 10, 5, 0,[ 85, 20, 11]],

[ 48, 5, 0,[ 80, 90, 49]],

[ 27, 5, 0,[ 15, 62, 71]],

[ 29, 5, 0,[ 55, 35, 41]],

[ 35, 25, 1,[ 29, 37, 26, 40, 36, 90, 39, 28]],

[ 61, 25, 1,[ 84, 22, 32, 60, 17, 9]],

[ 23, 5, 0,[ 19, 47, 79, 50, 60]],

[ 88, 5, 0,[ 89, 25, 52, 32]],

[ 4, 5, 0,[ 2, 6, 50]],

[ 31, 55, 1,[ 33, 41, 12, 52, 53, 76]],

[ 5, 5, 0,[ 83, 65, 54, 46, 22]],

[ 38, 5, 0,[ 46, 49, 20, 83, 24]],

[ 53, 5, 0,[ 93, 56, 31]],

[ 13, 5, 0,[ 6, 32, 30, 52, 92]],

[ 51, 5, 0,[ 59, 3]],

[ 16, 5, 0,[ 19, 82, 66]],

[ 62, 5, 0,[ 27, 39, 93]],

[ 18, 5, 0,[ 69, 15, 81, 77]],

[ 63, 5, 0,[ 96, 9, 89]],

[ 56, 5, 0,[ 2, 6, 28, 53, 94]],

[ 40, 5, 0,[ 8, 99, 35]],

[ 34, 5, 0,[ 44, 8, 47]],

[ 64, 5, 0,[ 72, 65, 80]],

[ 58, 5, 0,[ 26, 80, 79, 39]],

[ 70, 5, 0,[ 24, 52, 42]],

[ 90, 5, 0,[ 46, 35, 48, 99]],

[ 93, 5, 0,[ 2, 74, 53, 22, 62]],

[ 15, 5, 0,[ 96, 18, 27]],

[ 74, 5, 0,[ 75, 93, 91, 7, 92, 24]],

[ 26, 5, 0,[ 67, 58, 35]],

[ 36, 5, 0,[ 79, 35, 72, 57]],

[ 72, 5, 0,[ 64, 36, 49, 60]],

[ 71, 5, 0,[ 45, 27, 42]],

[ 73, 5, 0,[ 82, 7, 8]],

[ 68, 5, 0,[ 8, 99, 94]],

[ 83, 5, 0,[ 5, 8, 38]],

[ 19, 5, 0,[ 23, 78, 16, 81, 20]],

[ 84, 5, 0,[ 97, 61, 14]],

[ 32, 5, 0,[ 88, 13, 61]],

[ 87, 5, 0,[ 82, 92, 30]],

[ 12, 5, 0,[ 75, 96, 31]],

[ 7, 5, 0,[ 73, 74, 14, 9, 43]],

[ 2, 5, 0,[ 4, 56, 0, 93]],

[ 20, 5, 0,[ 19, 38, 10]],

[ 97, 5, 0,[ 84, 6, 98]],

[ 14, 5, 0,[ 84, 50, 98, 78, 7]],

[ 75, 5, 0,[ 12, 96, 74]],

[ 92, 5, 0,[ 87, 74, 39, 13]],

[ 60, 5, 0,[ 24, 72, 89, 61, 23]],

[ 49, 5, 0,[ 72, 47, 38, 48]],

[ 22, 5, 0,[ 5, 61, 93]],

[ 77, 5, 0,[ 18, 24, 95, 91]],

[ 33, 5, 0,[ 31, 80]],

[ 86, 5, 0,[ 55, 80, 24]],

[ 42, 5, 0,[ 8, 82, 70, 71]],

