[ 17, 25, 1,[ 53, 67, 78, 2, 5, 63]],

[ 78, 35, 0,[ 19, 93, 17]],

[ 23, 45, 1,[ 40, 55, 8, 1]],

[ 61, 75, 1,[ 85, 50, 97, 28, 6]],

[ 93, 45, 0,[ 58, 83, 62, 78]],

[ 89, 85, 1,[ 80, 51, 12]],

[ 32, 25, 1,[ 52, 43, 74, 47, 24]],

[ 25, 35, 0,[ 62, 24, 64]],

[ 66, 15, 1,[ 59, 36, 11, 43]],

[ 28, 35, 0,[ 85, 61, 2, 82]],

[ 65, 45, 0,[ 82, 0, 49, 50]],

[ 86, 35, 0,[ 55, 39, 19]],

[ 50, 45, 0,[ 65, 61, 70]],

[ 16, 65, 1,[ 36, 96, 3, 5, 91, 64]],

[ 57, 45, 0,[ 10, 56, 69, 53]],

[ 47, 35, 0,[ 26, 32, 13]],

[ 51, 15, 1,[ 38, 89, 7]],

[ 84, 45, 1,[ 76, 31, 80, 63]],

[ 98, 45, 0,[ 7, 30, 88, 95]],

[ 36, 45, 0,[ 66, 16, 91]],

[ 68, 85, 1,[ 46, 27, 74, 59]],

[ 11, 5, 0,[ 66, 60, 90]],

[ 67, 45, 0,[ 17, 92, 60]],

[ 0, 45, 0,[ 4, 65, 69, 75]],

[ 80, 65, 1,[ 89, 84, 9, 37]],

[ 74, 45, 1,[ 32, 79, 68]],

[ 26, 35, 1,[ 19, 47]],

[ 10, 25, 1,[ 69, 57, 21]],

[ 70, 45, 0,[ 8, 50, 15]],

[ 34, 35, 0,[ 59, 33, 7]],

[ 18, 85, 0,[ 73, 22]],

[ 58, 85, 0,[ 79, 93, 27]],

[ 72, 5, 1,[ 2, 97, 29]],

[ 73, 45, 0,[ 52, 15, 18, 20]],

[ 33, 35, 1,[ 39, 12, 34]],

[ 56, 45, 1,[ 57, 62, 82]],

[ 15, 45, 0,[ 88, 73, 70]],

[ 87, 35, 0,[ 81, 82, 40, 31]],

[ 41, 45, 0,[ 13, 46, 42]],

[ 12, 35, 0,[ 88, 33, 89]],

[ 55, 35, 0,[ 35, 86, 23]],

[ 1, 85, 0,[ 44, 23, 6]],

[ 95, 55, 1,[ 46, 97, 98]],

[ 29, 85, 1,[ 72, 88, 76]],

[ 21, 35, 0,[ 10, 3, 43]],

[ 54, 55, 1,[ 24, 91, 4]],

[ 91, 45, 0,[ 16, 36, 54]],

[ 62, 95, 1,[ 93, 56, 25]],

[ 7, 15, 0,[ 98, 3, 34, 46, 51]],

[ 39, 55, 1,[ 33, 31, 52, 86]],

[ 31, 65, 1,[ 39, 84, 27, 87]],

[ 6, 85, 1,[ 99, 61, 1]],

[ 52, 35, 1,[ 39, 32, 73, 81, 37]],

[ 40, 15, 1,[ 23, 44, 87]],

[ 97, 45, 1,[ 61, 72, 79, 95]],

[ 71, 45, 0,[ 82, 46, 38]],

[ 5, 25, 0,[ 16, 17]],

[ 43, 35, 0,[ 82, 21, 66, 32]],

[ 49, 45, 0,[ 65, 48, 90]],

[ 14, 65, 0,[ 22, 44, 42]],

[ 24, 35, 1,[ 94, 25, 54, 32]],

[ 38, 45, 0,[ 22, 44, 71, 51]],

[ 30, 95, 0,[ 98, 45, 75]],

[ 75, 95, 1,[ 0, 20, 77, 30]],

[ 22, 75, 1,[ 14, 38, 18]],

[ 2, 35, 0,[ 17, 72, 28]],

[ 64, 85, 0,[ 63, 16, 25]],

[ 69, 45, 0,[ 27, 57, 10, 0]],

[ 82, 35, 1,[ 71, 43, 56, 28, 83, 87, 65]],

[ 94, 45, 1,[ 24, 90, 9]],

[ 45, 45, 0,[ 13, 35, 30]],

[ 46, 65, 1,[ 41, 71, 7, 95, 77, 68]],

[ 37, 85, 1,[ 52, 80, 42, 99]],

[ 53, 45, 0,[ 48, 17, 57]],

[ 60, 45, 0,[ 11, 67, 44]],

[ 83, 45, 0,[ 93, 82, 19]],

[ 44, 65, 1,[ 60, 38, 1, 40, 14]],

[ 63, 45, 0,[ 84, 17, 64]],

[ 90, 5, 1,[ 94, 11, 49]],

[ 19, 35, 1,[ 26, 78, 86, 83]],

[ 3, 45, 0,[ 16, 21, 7]],

[ 96, 95, 1,[ 16, 4, 79]],

[ 8, 5, 1,[ 70, 59, 23, 85]],

[ 4, 45, 0,[ 0, 96, 81, 54]],

[ 27, 85, 0,[ 69, 68, 58, 31]],

[ 79, 85, 1,[ 58, 97, 74, 96]],

[ 35, 85, 1,[ 45, 88, 55]],

[ 13, 75, 1,[ 47, 45, 41]],

[ 42, 25, 1,[ 14, 76, 41, 37]],

[ 92, 85, 0,[ 48, 67, 88]],

[ 85, 85, 0,[ 8, 61, 28]],

[ 77, 45, 0,[ 75, 46, 88]],

[ 76, 45, 1,[ 29, 42, 84]],

[ 9, 45, 0,[ 88, 80, 94]],

[ 81, 5, 1,[ 52, 87, 4]],

[ 48, 85, 1,[ 49, 92, 53]],

[ 59, 65, 1,[ 66, 68, 34, 8]],

[ 88, 75, 1,[ 12, 35, 92, 98, 15, 77, 29, 9]],

[ 99, 45, 1,[ 37, 20, 6]],

[ 20, 45, 1,[ 99, 73, 75]],

