[ 61, 85, 0,[ 4, 14, 47]],

[ 82, 15, 0,[ 17, 15, 41]],

[ 99, 35, 0,[ 72, 79, 87]],

[ 42, 85, 0,[ 73, 39, 12]],

[ 0, 25, 1,[ 50, 37, 28, 78, 23]],

[ 48, 85, 0,[ 1, 98, 11]],

[ 50, 45, 1,[ 27, 62, 0]],

[ 66, 85, 0,[ 67, 84, 19, 87]],

[ 83, 75, 1,[ 81, 98, 92]],

[ 90, 35, 0,[ 49, 3, 34]],

[ 36, 35, 1,[ 60, 13, 39]],

[ 71, 85, 0,[ 73, 64, 4]],

[ 93, 65, 1,[ 96, 45, 11]],

[ 58, 45, 1,[ 3, 28, 98]],

[ 20, 85, 0,[ 45, 53, 54]],

[ 18, 85, 1,[ 9, 3, 53]],

[ 14, 35, 0,[ 92, 38, 61]],

[ 47, 55, 1,[ 51, 61]],

[ 65, 45, 1,[ 84, 5, 25, 22]],

[ 77, 75, 1,[ 62, 70, 7, 59]],

[ 95, 85, 0,[ 25, 67, 53]],

[ 49, 35, 1,[ 90, 8, 31, 35]],

[ 94, 25, 0,[ 5, 79, 2]],

[ 59, 85, 0,[ 26, 12, 77]],

[ 69, 35, 1,[ 55, 51, 80, 19]],

[ 31, 35, 0,[ 27, 5, 49]],

[ 68, 35, 0,[ 53, 67, 55]],

[ 37, 85, 0,[ 34, 86, 0]],

[ 5, 45, 1,[ 94, 31, 65, 70, 24, 73]],

[ 1, 45, 1,[ 10, 17, 48]],

[ 56, 25, 0,[ 28, 91]],

[ 96, 85, 0,[ 93, 22, 55]],

[ 24, 45, 0,[ 79, 64, 5]],

[ 97, 35, 0,[ 87, 2, 43]],

[ 87, 55, 1,[ 99, 97, 66, 16]],

[ 79, 25, 1,[ 24, 99, 74, 63, 6, 94]],

[ 15, 65, 1,[ 17, 81, 82, 40, 35, 63, 30]],

[ 21, 75, 1,[ 2, 53, 67]],

[ 52, 85, 0,[ 46, 44, 4]],

[ 62, 85, 0,[ 43, 77, 50]],

[ 75, 85, 0,[ 89, 45, 34]],

[ 25, 95, 1,[ 40, 95, 86, 65, 35]],

[ 73, 15, 1,[ 5, 42, 71]],

[ 13, 85, 0,[ 41, 88, 36]],

[ 22, 85, 1,[ 41, 96, 65, 67]],

[ 84, 85, 0,[ 66, 65, 11]],

[ 26, 85, 0,[ 59, 16, 7]],

[ 60, 85, 1,[ 36, 70, 23]],

[ 33, 85, 0,[ 12, 98]],

[ 86, 95, 1,[ 32, 25, 37]],

[ 70, 55, 1,[ 77, 5, 60]],

[ 76, 15, 0,[ 34, 46, 85]],

[ 16, 85, 0,[ 26, 87, 54]],

[ 98, 55, 1,[ 48, 58, 33, 6, 83]],

[ 64, 65, 1,[ 71, 7, 24]],

[ 63, 85, 1,[ 43, 15, 79]],

[ 4, 25, 1,[ 52, 61, 19, 71]],

[ 11, 95, 1,[ 84, 93, 48, 78, 3]],

[ 54, 35, 1,[ 16, 74, 30, 20]],

[ 43, 35, 1,[ 97, 44, 63, 62, 91, 88]],

[ 85, 35, 0,[ 76, 92]],

[ 30, 85, 1,[ 67, 54, 15]],

[ 80, 35, 0,[ 69, 57, 27, 89]],

[ 51, 85, 0,[ 69, 47, 12]],

[ 46, 15, 0,[ 3, 76, 52]],

[ 88, 85, 0,[ 27, 43, 13]],

[ 12, 45, 1,[ 10, 42, 81, 33, 59, 51]],

[ 6, 55, 0,[ 98, 79, 29]],

[ 29, 85, 0,[ 6, 55, 17]],

[ 28, 25, 1,[ 58, 56, 0]],

[ 9, 85, 1,[ 18, 3, 8]],

[ 38, 85, 1,[ 41, 91, 14]],

[ 81, 85, 0,[ 15, 12, 83]],

[ 17, 85, 0,[ 82, 1, 15, 29]],

[ 10, 45, 0,[ 12, 1, 78]],

[ 57, 55, 1,[ 45, 80]],

[ 27, 65, 1,[ 80, 44, 88, 31, 50]],

[ 7, 5, 1,[ 77, 64, 26, 91]],

[ 72, 85, 0,[ 8, 53, 99]],

[ 89, 35, 0,[ 67, 75, 80]],

[ 34, 5, 1,[ 78, 90, 75, 40, 76, 37]],

[ 91, 15, 1,[ 56, 43, 7, 38]],

[ 3, 85, 1,[ 90, 18, 46, 58, 9, 11]],

[ 45, 25, 1,[ 20, 93, 75, 57]],

[ 41, 15, 1,[ 22, 13, 32, 38, 82]],

[ 92, 35, 1,[ 83, 14, 85]],

[ 23, 85, 0,[ 0, 60, 44]],

[ 8, 85, 0,[ 32, 9, 72, 49]],

[ 53, 75, 1,[ 20, 72, 21, 95, 18, 68]],

[ 35, 35, 0,[ 49, 15, 25]],

[ 19, 85, 0,[ 69, 4, 66]],

[ 39, 85, 1,[ 36, 42, 67]],

[ 32, 55, 0,[ 41, 8, 86]],

[ 2, 15, 1,[ 21, 97, 94]],

[ 44, 85, 0,[ 27, 23, 52, 43]],

[ 40, 95, 0,[ 15, 25, 34]],

[ 78, 25, 0,[ 11, 34, 10, 0]],

[ 67, 15, 1,[ 95, 21, 89, 66, 68, 39, 30, 22, 55]],

[ 74, 25, 0,[ 79, 54]],

[ 55, 35, 1,[ 96, 67, 68, 29, 69]],

