[ 46, 65, 0,[ 2, 65, 69, 30, 64]],

[ 11, 95, 0,[ 62, 52, 1]],

[ 61, 75, 1,[ 50, 35, 88, 63]],

[ 94, 55, 0,[ 22, 31, 33]],

[ 57, 65, 0,[ 51, 25, 85]],

[ 19, 65, 0,[ 39, 85, 49, 5, 76, 56]],

[ 86, 55, 0,[ 39, 18, 31, 25]],

[ 5, 75, 0,[ 19, 69, 83]],

[ 67, 75, 0,[ 20, 99, 28]],

[ 28, 75, 0,[ 67, 92, 58, 47]],

[ 3, 75, 0,[ 47, 83, 43]],

[ 78, 75, 0,[ 95, 60, 75]],

[ 66, 15, 0,[ 8, 39, 58]],

[ 42, 75, 0,[ 54, 77, 32, 62]],

[ 82, 75, 0,[ 93, 21, 90]],

[ 37, 35, 1,[ 25, 36, 0, 9, 1, 29]],

[ 92, 75, 0,[ 28, 18, 75]],

[ 84, 65, 0,[ 91, 97, 39]],

[ 72, 65, 0,[ 71, 55, 18]],

[ 73, 75, 0,[ 56, 70, 74]],

[ 40, 15, 0,[ 51, 8, 79, 55]],

[ 99, 55, 0,[ 67, 9, 96, 33]],

[ 90, 75, 0,[ 75, 82, 41]],

[ 39, 65, 0,[ 86, 19, 84, 66]],

[ 26, 75, 0,[ 47, 33, 54]],

[ 13, 65, 0,[ 49, 75, 6, 45]],

[ 91, 75, 0,[ 83, 7, 84]],

[ 17, 65, 0,[ 16, 27, 15, 97]],

[ 21, 65, 0,[ 27, 98, 93, 41, 82]],

[ 83, 75, 0,[ 91, 5, 70, 3, 54]],

[ 20, 75, 0,[ 67, 98, 10]],

[ 34, 75, 0,[ 47]],

[ 88, 65, 0,[ 89, 15, 61]],

[ 51, 65, 0,[ 97, 40, 57]],

[ 8, 15, 1,[ 40, 66, 27, 75, 68, 12, 38, 54]],

[ 59, 75, 0,[ 70, 80, 0]],

[ 68, 75, 0,[ 8, 0, 48]],

[ 75, 15, 0,[ 8, 78, 92, 31, 13, 90]],

[ 98, 65, 0,[ 21, 62, 79, 20, 89]],

[ 45, 65, 0,[ 76, 71, 80, 13]],

[ 6, 65, 0,[ 80, 89, 13]],

[ 15, 65, 0,[ 88, 17, 32]],

[ 27, 15, 0,[ 22, 7, 8, 56, 21, 17]],

[ 65, 65, 0,[ 46, 95, 77]],

[ 18, 75, 0,[ 86, 87, 92, 72]],

[ 4, 55, 0,[ 60, 96, 85]],

[ 23, 55, 0,[ 60, 12, 31]],

[ 54, 75, 0,[ 83, 42, 26, 8, 81]],

[ 96, 55, 1,[ 63, 99, 4, 10, 74, 32]],

[ 10, 55, 0,[ 30, 9, 20, 96, 14]],

[ 32, 75, 0,[ 15, 42, 96]],

[ 62, 65, 0,[ 42, 11, 98, 0]],

[ 33, 55, 0,[ 26, 64, 94, 99]],

[ 56, 75, 0,[ 73, 27, 19]],

[ 76, 65, 0,[ 29, 45, 19]],

[ 36, 35, 0,[ 44, 37, 14]],

[ 60, 75, 0,[ 78, 4, 49, 23]],

[ 70, 75, 0,[ 59, 0, 83, 89, 73]],

[ 74, 55, 0,[ 73, 7, 96]],

[ 49, 65, 0,[ 19, 13, 97, 60]],

[ 2, 65, 0,[ 87, 22, 25, 46]],

[ 25, 65, 0,[ 86, 2, 37, 57, 24]],

[ 43, 55, 0,[ 3, 52, 31, 77]],

[ 9, 55, 0,[ 99, 87, 10, 37]],

[ 35, 75, 1,[ 97, 61, 52]],

[ 77, 75, 0,[ 65, 42, 43]],

[ 30, 75, 0,[ 10, 48, 46]],

[ 47, 75, 0,[ 3, 34, 26, 48, 28]],

[ 38, 15, 0,[ 24, 44, 1, 8]],

[ 41, 75, 0,[ 21, 90]],

[ 53, 65, 0,[ 79, 7, 29, 97]],

[ 71, 65, 0,[ 97, 45, 72, 95]],

[ 22, 65, 0,[ 94, 27, 2, 44]],

[ 7, 75, 0,[ 53, 91, 74, 27]],

[ 29, 35, 0,[ 53, 76, 37]],

[ 97, 65, 1,[ 35, 12, 49, 17, 53, 84, 51, 71]],

[ 89, 65, 1,[ 6, 70, 88, 50, 98]],

[ 55, 55, 0,[ 40, 72, 31]],

[ 48, 75, 0,[ 68, 30, 47, 63, 69]],

[ 87, 65, 0,[ 9, 18, 2]],

[ 16, 55, 0,[ 1, 17, 31]],

[ 52, 95, 1,[ 11, 35, 93, 81, 14, 31, 43]],

[ 85, 65, 0,[ 57, 4, 19]],

[ 63, 75, 0,[ 48, 96, 61]],

[ 14, 95, 0,[ 36, 10, 52]],

[ 69, 75, 0,[ 46, 5, 48]],

[ 64, 65, 0,[ 33, 58, 46]],

[ 1, 35, 0,[ 81, 38, 37, 11, 16]],

[ 44, 75, 0,[ 22, 24, 36, 38]],

[ 80, 65, 0,[ 59, 45, 6]],

[ 81, 75, 1,[ 52, 1, 54]],

[ 58, 75, 0,[ 28, 66, 64]],

[ 93, 95, 0,[ 21, 52, 82]],

[ 95, 65, 0,[ 65, 78, 71]],

[ 79, 65, 0,[ 53, 98, 40]],

[ 31, 55, 1,[ 50, 16, 94, 43, 86, 23, 55, 52, 75]],

[ 50, 55, 0,[ 89, 31, 61]],

[ 24, 75, 0,[ 25, 38, 44]],

[ 0, 75, 0,[ 68, 59, 37, 70, 62]],

[ 12, 65, 0,[ 97, 23, 8]],

