[ 6, 25, 0,[ 68, 72, 9]],

[ 19, 25, 0,[ 20, 4, 54]],

[ 42, 45, 0,[ 3, 88, 63, 58]],

[ 69, 15, 1,[ 26, 48, 33]],

[ 10, 65, 0,[ 56, 48, 91, 97]],

[ 51, 95, 0,[ 55, 5, 47]],

[ 75, 75, 0,[ 5, 78, 15, 91]],

[ 52, 25, 0,[ 90, 78, 29, 87, 82]],

[ 15, 85, 1,[ 89, 75]],

[ 38, 25, 1,[ 30, 33, 11, 41]],

[ 26, 15, 0,[ 76, 88, 69]],

[ 82, 25, 0,[ 24, 74, 52, 14]],

[ 83, 65, 1,[ 60, 37]],

[ 53, 5, 1,[ 14, 39, 92]],

[ 11, 95, 1,[ 95, 38, 70]],

[ 88, 45, 1,[ 26, 42, 79, 59]],

[ 29, 35, 0,[ 70, 36, 52]],

[ 54, 85, 0,[ 48, 41, 19, 81, 18]],

[ 37, 75, 0,[ 83, 21, 3]],

[ 0, 25, 1,[ 74, 23, 86]],

[ 59, 65, 0,[ 84, 50, 56, 88]],

[ 87, 25, 0,[ 52, 12, 81]],

[ 45, 95, 1,[ 93, 27, 16]],

[ 20, 35, 1,[ 19, 23, 50]],

[ 50, 65, 1,[ 8, 20, 59]],

[ 39, 5, 0,[ 8, 53, 43]],

[ 44, 55, 0,[ 79, 58, 96, 18]],

[ 12, 25, 1,[ 3, 87]],

[ 77, 25, 1,[ 85, 16, 47, 90, 46]],

[ 8, 5, 0,[ 99, 17, 39, 55, 50]],

[ 48, 85, 0,[ 40, 10, 54, 69]],

[ 1, 45, 1,[ 24, 32, 35, 81]],

[ 40, 85, 1,[ 48, 64, 72, 24]],

[ 46, 25, 0,[ 97, 77, 94]],

[ 34, 15, 1,[ 57, 86, 7]],

[ 84, 65, 0,[ 97, 25, 59]],

[ 17, 95, 0,[ 35, 8, 57]],

[ 78, 75, 0,[ 66, 35, 52, 75]],

[ 4, 25, 1,[ 60, 19, 27]],

[ 90, 25, 0,[ 77, 52, 5, 98]],

[ 97, 65, 0,[ 10, 84, 46]],

[ 25, 65, 1,[ 71, 84, 89]],

[ 98, 35, 1,[ 81, 93, 90]],

[ 43, 75, 1,[ 39, 47, 3]],

[ 31, 25, 0,[ 14, 74, 7]],

[ 27, 95, 1,[ 3, 45, 81, 63, 4]],

[ 70, 65, 1,[ 2, 11, 28, 85, 29, 49]],

[ 56, 65, 0,[ 59, 10, 65]],

[ 99, 5, 0,[ 8, 86, 21]],

[ 80, 95, 0,[ 96, 93, 28]],

[ 18, 55, 1,[ 44, 57, 54]],

[ 58, 85, 1,[ 44, 42, 3]],

[ 49, 25, 1,[ 72, 70, 30, 96, 32]],

[ 94, 25, 0,[ 74, 79, 46]],

[ 67, 35, 1,[ 62, 13, 89]],

[ 79, 85, 1,[ 95, 94, 88, 44]],

[ 14, 25, 0,[ 82, 31, 53]],

[ 7, 45, 1,[ 34, 31, 5]],

[ 65, 75, 1,[ 91, 56, 30, 32]],

[ 64, 25, 1,[ 36, 76, 40]],

[ 47, 35, 1,[ 51, 77, 43, 21]],

[ 92, 65, 0,[ 53, 13, 68]],

[ 28, 95, 1,[ 13, 80, 70, 22, 91]],

[ 35, 95, 0,[ 17, 1, 78]],

[ 23, 35, 0,[ 5, 20, 0]],

[ 5, 75, 1,[ 7, 75, 51, 23, 90]],

[ 74, 25, 0,[ 82, 31, 0, 94, 9]],

[ 3, 75, 1,[ 43, 42, 58, 27, 37, 12, 57]],

[ 13, 65, 1,[ 28, 92, 67]],

[ 63, 5, 1,[ 42, 60, 27]],

[ 60, 65, 1,[ 41, 4, 83, 63]],

[ 41, 85, 1,[ 38, 54, 60, 62, 93]],

[ 95, 15, 0,[ 2, 79, 11, 66]],

[ 85, 25, 0,[ 16, 70, 77]],

[ 21, 85, 1,[ 37, 61, 22, 47, 99]],

[ 36, 35, 1,[ 29, 64, 93]],

[ 91, 35, 1,[ 10, 75, 65, 28]],

[ 86, 5, 1,[ 0, 99, 34]],

[ 30, 35, 1,[ 49, 38, 65]],

[ 71, 65, 0,[ 25, 9, 93]],

[ 32, 25, 0,[ 65, 1, 49]],

[ 61, 25, 0,[ 68, 16, 21]],

[ 55, 95, 1,[ 73, 51, 8]],

[ 66, 15, 0,[ 78, 95, 76]],

[ 22, 85, 0,[ 73, 21, 28]],

[ 73, 55, 1,[ 55, 22, 24]],

[ 16, 25, 0,[ 61, 85, 77, 45]],

[ 9, 35, 1,[ 6, 76, 71, 74]],

[ 2, 5, 1,[ 33, 70, 95]],

[ 33, 15, 0,[ 2, 38, 69]],

[ 76, 15, 0,[ 66, 26, 9, 64]],

[ 93, 75, 1,[ 62, 45, 41, 71, 98, 80, 36]],

[ 96, 25, 0,[ 49, 44, 80]],

[ 89, 65, 0,[ 15, 25, 67]],

[ 24, 85, 0,[ 40, 1, 73, 82]],

[ 81, 35, 0,[ 27, 87, 54, 1, 98]],

[ 68, 25, 0,[ 6, 92, 61]],

[ 57, 95, 1,[ 3, 17, 18, 34]],

[ 62, 85, 1,[ 41, 93, 67]],

[ 72, 25, 0,[ 49, 40, 6]],

