[ 41, 45, 0,[ 29, 31, 32]],

[ 1, 75, 0,[ 90, 73, 50, 55, 89]],

[ 10, 85, 1,[ 24, 68, 83, 36, 66]],

[ 76, 55, 1,[ 97, 46, 56, 17]],

[ 96, 15, 1,[ 31, 2, 28]],

[ 29, 85, 1,[ 32, 65, 41, 33]],

[ 35, 25, 1,[ 14, 34, 15]],

[ 75, 95, 1,[ 8, 93, 82, 54, 68]],

[ 48, 85, 1,[ 74, 91, 79]],

[ 5, 75, 0,[ 22, 59, 42]],

[ 34, 25, 0,[ 74, 35, 64]],

[ 86, 75, 0,[ 72, 42, 50]],

[ 6, 55, 1,[ 59, 99, 33]],

[ 60, 5, 0,[ 44, 3, 61]],

[ 45, 35, 0,[ 44, 16, 20]],

[ 56, 55, 1,[ 16, 79, 76]],

[ 62, 95, 0,[ 98, 17, 72]],

[ 52, 55, 1,[ 80, 15, 91, 68]],

[ 85, 15, 1,[ 84, 33, 7, 81, 93, 92]],

[ 14, 75, 0,[ 35, 2, 90]],

[ 55, 75, 0,[ 16, 12, 1]],

[ 80, 35, 1,[ 31, 43, 52]],

[ 13, 75, 1,[ 57, 67, 39]],

[ 16, 75, 1,[ 56, 45, 3, 55]],

[ 3, 45, 0,[ 60, 46, 94, 16]],

[ 22, 15, 1,[ 89, 12, 5]],

[ 77, 95, 0,[ 83, 58, 70]],

[ 78, 55, 0,[ 39, 89, 94]],

[ 67, 15, 0,[ 72, 70, 13]],

[ 91, 55, 0,[ 52, 48, 57]],

[ 20, 65, 1,[ 11, 42, 45]],

[ 36, 65, 0,[ 37, 82, 10]],

[ 57, 15, 0,[ 91, 13, 23]],

[ 26, 55, 0,[ 44, 94]],

[ 38, 45, 0,[ 37, 87, 58, 47]],

[ 30, 55, 0,[ 25, 92, 37]],

[ 74, 65, 1,[ 43, 34, 48, 17]],

[ 7, 75, 0,[ 2, 19, 85]],

[ 21, 45, 0,[ 2, 18, 46]],

[ 51, 85, 1,[ 68, 19, 46]],

[ 4, 5, 0,[ 28, 43, 79]],

[ 65, 35, 0,[ 50, 29, 92]],

[ 93, 95, 0,[ 85, 98, 75]],

[ 59, 75, 1,[ 5, 0, 6, 88]],

[ 43, 35, 0,[ 80, 74, 4]],

[ 84, 75, 1,[ 27, 85, 2]],

[ 39, 75, 0,[ 78, 81, 13]],

[ 46, 45, 1,[ 51, 76, 11, 9, 21, 3]],

[ 33, 65, 1,[ 18, 29, 9, 73, 85, 6, 19]],

[ 90, 75, 1,[ 1, 40, 14]],

[ 88, 15, 1,[ 27, 37, 59]],

[ 11, 65, 0,[ 92, 20, 46]],

[ 61, 5, 1,[ 60, 97, 44]],

[ 63, 85, 0,[ 81, 42, 49]],

[ 50, 75, 0,[ 1, 86, 65]],

[ 69, 45, 0,[ 95, 24, 32]],

[ 23, 15, 1,[ 70, 31, 98, 57]],

[ 54, 5, 1,[ 75, 19, 2]],

[ 40, 85, 0,[ 81, 90, 82]],

[ 94, 55, 1,[ 26, 78, 3, 53]],

[ 97, 55, 1,[ 76, 61, 87]],

[ 2, 75, 0,[ 54, 7, 96, 14, 21, 84]],

[ 71, 35, 1,[ 24, 72, 44, 73]],

[ 95, 55, 1,[ 25, 18, 82, 69]],

[ 72, 95, 1,[ 86, 12, 62, 71, 67]],

[ 32, 45, 1,[ 69, 29, 47, 41]],

[ 8, 25, 1,[ 27, 49, 0, 75]],

[ 0, 75, 0,[ 8, 58, 59]],

[ 98, 95, 0,[ 93, 23, 62]],

[ 42, 75, 1,[ 5, 20, 86, 9, 63]],

[ 89, 35, 1,[ 22, 1, 78]],

[ 87, 15, 1,[ 38, 97, 19]],

[ 28, 5, 0,[ 53, 96, 4]],

[ 17, 35, 1,[ 62, 49, 76, 74]],

[ 12, 15, 0,[ 72, 22, 55]],

[ 99, 95, 1,[ 47, 79, 6]],

[ 79, 5, 1,[ 48, 99, 56, 4, 53]],

[ 37, 65, 1,[ 88, 36, 30, 38]],

[ 66, 35, 1,[ 64, 10, 70]],

[ 70, 15, 0,[ 23, 66, 67, 77]],

[ 49, 85, 0,[ 8, 63, 17, 24]],

[ 31, 75, 1,[ 41, 96, 23, 80, 24]],

[ 64, 25, 0,[ 34, 66, 15]],

[ 15, 25, 0,[ 52, 35, 64]],

[ 53, 5, 0,[ 79, 28, 94]],

[ 27, 25, 0,[ 84, 8, 88]],

[ 18, 45, 0,[ 21, 95, 33]],

[ 24, 15, 1,[ 31, 10, 71, 69, 49]],

[ 83, 95, 0,[ 10, 77, 82]],

[ 9, 65, 0,[ 42, 33, 46]],

[ 73, 65, 0,[ 71, 1, 33]],

[ 25, 55, 0,[ 30, 95, 82]],

[ 92, 35, 1,[ 11, 65, 85, 30]],

[ 19, 95, 1,[ 33, 54, 7, 51, 87]],

[ 82, 95, 1,[ 95, 75, 25, 36, 83, 40]],

[ 68, 85, 1,[ 51, 75, 52, 10]],

[ 44, 35, 1,[ 45, 61, 60, 26, 71]],

[ 47, 45, 0,[ 99, 32, 38]],

[ 58, 95, 0,[ 0, 77, 38]],

[ 81, 85, 1,[ 40, 63, 85, 39]],

