[ 23, 45, 0,[ 99, 75, 63]],

[ 44, 95, 0,[ 25, 51, 53, 75, 34]],

[ 21, 35, 1,[ 26, 61, 60, 14, 87]],

[ 71, 95, 0,[ 90, 77, 27, 51]],

[ 25, 55, 1,[ 95, 15, 72, 44]],

[ 54, 5, 0,[ 9, 59, 91]],

[ 91, 85, 1,[ 46, 36, 54, 94, 42]],

[ 80, 95, 0,[ 69, 75, 51, 93]],

[ 65, 5, 1,[ 64, 15, 49, 1]],

[ 27, 95, 1,[ 46, 12, 71]],

[ 97, 95, 0,[ 86, 70, 5, 73]],

[ 96, 65, 0,[ 67, 40, 99]],

[ 41, 25, 1,[ 45, 1, 30]],

[ 36, 85, 1,[ 91, 88, 72, 52]],

[ 37, 5, 0,[ 40, 59, 13]],

[ 64, 45, 1,[ 74, 35, 65]],

[ 8, 25, 0,[ 55, 87, 77]],

[ 33, 15, 0,[ 28, 83, 18]],

[ 74, 55, 1,[ 92, 55, 64]],

[ 79, 95, 0,[ 9, 88, 56]],

[ 7, 95, 1,[ 19, 67, 11]],

[ 72, 65, 0,[ 25, 36, 40]],

[ 49, 55, 1,[ 86, 50, 65]],

[ 73, 95, 1,[ 2, 66, 97]],

[ 46, 55, 0,[ 20, 27, 31, 91]],

[ 3, 55, 1,[ 5, 15, 86]],

[ 6, 5, 0,[ 32, 78, 42, 43]],

[ 51, 95, 0,[ 9, 80, 44, 81, 71]],

[ 5, 55, 1,[ 48, 97, 98, 3, 63]],

[ 40, 65, 1,[ 29, 34, 99, 72, 37, 96]],

[ 20, 55, 0,[ 17, 29, 46, 56]],

[ 55, 25, 1,[ 74, 8, 90, 0]],

[ 75, 95, 0,[ 44, 23, 80, 4]],

[ 81, 55, 0,[ 35, 51, 17]],

[ 13, 95, 0,[ 88, 37, 47]],

[ 84, 55, 0,[ 10, 90, 85, 19]],

[ 99, 5, 0,[ 59, 40, 96, 23]],

[ 47, 35, 1,[ 95, 13, 17, 87]],

[ 86, 65, 1,[ 97, 3, 26, 49]],

[ 57, 75, 1,[ 59, 24, 0, 68]],

[ 12, 25, 1,[ 22, 27, 39]],

[ 22, 55, 1,[ 12, 59]],

[ 2, 65, 1,[ 70, 73, 39, 29]],

[ 29, 15, 1,[ 20, 40, 2]],

[ 60, 65, 1,[ 21, 68, 50]],

[ 85, 55, 0,[ 1, 94, 84]],

[ 52, 65, 0,[ 16, 36, 0]],

[ 15, 65, 1,[ 65, 3, 25, 90]],

[ 66, 55, 0,[ 73, 18, 32, 10]],

[ 11, 25, 1,[ 58, 98, 18, 7]],

[ 98, 15, 1,[ 5, 11, 28, 93]],

[ 26, 35, 0,[ 31, 86, 77, 21]],

[ 68, 75, 0,[ 57, 30, 60]],

[ 78, 5, 0,[ 94, 6, 70]],

[ 95, 55, 0,[ 47, 30, 25]],

[ 42, 5, 0,[ 91, 82, 6]],

[ 50, 75, 1,[ 34, 49, 60]],

[ 19, 55, 0,[ 76, 84, 7, 9]],

[ 14, 35, 0,[ 21, 45, 62]],

[ 34, 25, 1,[ 50, 40, 44, 82, 4]],

[ 10, 55, 0,[ 84, 66, 58]],

[ 89, 55, 0,[ 56, 30, 53]],

[ 28, 15, 1,[ 98, 92, 33]],

[ 77, 15, 1,[ 71, 26, 8]],

[ 48, 95, 0,[ 63, 38, 5]],

[ 56, 55, 0,[ 79, 20, 89]],

[ 63, 45, 1,[ 48, 5, 23]],

[ 38, 95, 1,[ 0, 48, 16]],

[ 90, 65, 0,[ 15, 84, 71, 55]],

[ 93, 25, 1,[ 88, 98, 80]],

[ 35, 55, 0,[ 92, 64, 81, 39]],

[ 18, 75, 1,[ 11, 69, 33, 66]],

[ 59, 5, 0,[ 22, 57, 54, 99, 37]],

[ 61, 55, 0,[ 83, 94, 21]],

[ 0, 65, 1,[ 38, 52, 55, 57]],

[ 94, 55, 0,[ 91, 61, 78, 85]],

[ 16, 55, 0,[ 45, 52, 38]],

[ 76, 75, 0,[ 1, 43, 19]],

[ 31, 55, 0,[ 46, 70, 26]],

[ 87, 5, 1,[ 47, 8, 58, 21]],

[ 30, 55, 1,[ 68, 69, 41, 95, 89]],

[ 70, 15, 1,[ 78, 31, 97, 2]],

[ 17, 35, 0,[ 20, 62, 47, 81]],

[ 4, 65, 1,[ 62, 75, 34, 53]],

[ 53, 55, 1,[ 4, 44, 89]],

[ 39, 55, 0,[ 12, 2, 35]],

[ 58, 25, 1,[ 10, 87, 11, 82]],

[ 45, 45, 1,[ 14, 16, 41]],

[ 92, 95, 1,[ 74, 1, 35, 28]],

[ 43, 95, 1,[ 24, 88, 76, 6]],

[ 67, 45, 1,[ 32, 96, 7]],

[ 82, 25, 0,[ 34, 42, 58]],

[ 69, 35, 1,[ 18, 80, 30]],

[ 1, 75, 1,[ 85, 92, 41, 76, 65]],

[ 62, 35, 0,[ 17, 4, 14, 83]],

[ 9, 45, 1,[ 79, 19, 51, 54]],

[ 88, 95, 0,[ 13, 43, 93, 36, 79]],

[ 83, 25, 1,[ 33, 62, 61]],

[ 24, 95, 0,[ 57, 43]],

[ 32, 55, 0,[ 6, 67, 66]],

