[ 34, 25, 1,[ 20, 19, 26, 83, 14, 79, 82]],

[ 68, 5, 0,[ 72, 14, 9, 55, 17, 15]],

[ 21, 15, 1,[ 56, 43, 77, 47]],

[ 67, 25, 1,[ 29, 85, 8, 74]],

[ 94, 15, 0,[ 35, 80, 39]],

[ 56, 95, 0,[ 21, 63, 22]],

[ 51, 65, 0,[ 40, 6, 10]],

[ 87, 15, 1,[ 54, 30, 18]],

[ 74, 75, 1,[ 44, 67, 11, 88, 58, 31]],

[ 53, 65, 1,[ 81, 26, 77]],

[ 9, 95, 1,[ 3, 68, 84, 31]],

[ 31, 45, 0,[ 74, 30, 9]],

[ 39, 15, 0,[ 94, 20, 0]],

[ 58, 15, 1,[ 48, 74, 27]],

[ 13, 65, 0,[ 90, 71]],

[ 3, 55, 1,[ 9, 10, 59, 91]],

[ 63, 85, 1,[ 45, 61, 56]],

[ 49, 45, 1,[ 7, 16, 70, 15, 72, 48]],

[ 42, 65, 0,[ 12, 60, 0]],

[ 19, 95, 0,[ 86, 34, 55]],

[ 82, 15, 0,[ 98, 34, 33]],

[ 5, 5, 1,[ 25, 76, 41, 16]],

[ 11, 55, 1,[ 27, 74, 43]],

[ 62, 15, 0,[ 78, 1, 96]],

[ 20, 15, 0,[ 39, 34]],

[ 27, 5, 1,[ 11, 58, 4, 28, 36]],

[ 45, 15, 1,[ 71, 63, 0]],

[ 44, 15, 0,[ 26, 86, 74]],

[ 37, 65, 0,[ 10, 65, 18]],

[ 29, 95, 0,[ 24, 40, 85, 67]],

[ 66, 5, 0,[ 50, 17, 33]],

[ 36, 15, 1,[ 92, 85, 60, 27]],

[ 70, 95, 1,[ 57, 99, 49, 79, 73]],

[ 71, 5, 1,[ 92, 13, 45]],

[ 91, 65, 1,[ 93, 78, 75, 3]],

[ 57, 65, 1,[ 86, 70, 80]],

[ 98, 35, 1,[ 95, 82]],

[ 32, 95, 0,[ 65, 2, 86]],

[ 78, 65, 0,[ 12, 62, 91]],

[ 24, 15, 0,[ 90, 8, 28, 29]],

[ 84, 95, 0,[ 9, 96, 81]],

[ 64, 45, 1,[ 97, 61, 40]],

[ 92, 55, 1,[ 71, 93, 36, 65, 50]],

[ 72, 25, 0,[ 68, 46, 49]],

[ 86, 45, 1,[ 19, 32, 73, 25, 44, 28, 57]],

[ 16, 95, 0,[ 5, 49, 41]],

[ 90, 65, 0,[ 13, 0, 24]],

[ 46, 25, 0,[ 72, 2, 88]],

[ 60, 95, 1,[ 18, 36, 42]],

[ 59, 15, 0,[ 83, 3, 0]],

[ 30, 25, 1,[ 31, 87, 7]],

[ 61, 5, 0,[ 64, 63, 80]],

[ 52, 15, 0,[ 14, 54, 99]],

[ 69, 85, 1,[ 33, 35, 12, 38]],

[ 17, 5, 0,[ 66, 68]],

[ 22, 25, 1,[ 40, 56, 15]],

[ 10, 65, 0,[ 51, 37, 3]],

[ 81, 95, 0,[ 53, 84, 35]],

[ 40, 65, 0,[ 43, 64, 51, 22, 29]],

[ 79, 25, 0,[ 34, 70, 95]],

[ 80, 15, 0,[ 94, 57, 61]],

[ 48, 95, 0,[ 58, 75, 49]],

[ 75, 95, 0,[ 48, 91, 97]],

[ 28, 35, 1,[ 86, 27, 24]],

[ 50, 5, 1,[ 92, 66, 7]],

[ 8, 15, 0,[ 67, 54, 24]],

[ 0, 75, 1,[ 59, 42, 39, 90, 45]],

[ 65, 55, 1,[ 92, 32, 37]],

[ 38, 5, 1,[ 96, 83, 69]],

[ 85, 5, 0,[ 67, 29, 36]],

[ 25, 55, 1,[ 5, 14, 86]],

[ 15, 55, 1,[ 68, 49, 23, 22]],

[ 76, 15, 0,[ 97, 5, 23, 47]],

[ 99, 95, 0,[ 73, 47, 70, 52]],

[ 4, 15, 1,[ 27, 26, 55]],

[ 23, 15, 0,[ 76, 15, 43]],

[ 41, 95, 1,[ 47, 16, 5]],

[ 96, 15, 0,[ 62, 84, 38]],

[ 95, 15, 0,[ 79, 2, 98]],

[ 6, 25, 0,[ 77, 89, 51]],

[ 77, 5, 1,[ 6, 53, 21, 88]],

[ 14, 45, 1,[ 52, 68, 25, 34]],

[ 33, 15, 0,[ 66, 82, 69]],

[ 73, 25, 1,[ 86, 70, 99]],

[ 89, 55, 0,[ 83, 6]],

[ 26, 15, 1,[ 4, 34, 53, 44]],

[ 97, 15, 0,[ 75, 76, 64]],

[ 18, 5, 1,[ 37, 60, 87]],

[ 93, 35, 1,[ 88, 92, 91]],

[ 83, 15, 1,[ 1, 38, 89, 59, 34]],

[ 55, 65, 1,[ 88, 19, 12, 68, 4]],

[ 1, 85, 1,[ 43, 83, 62, 12]],

[ 47, 65, 1,[ 41, 99, 76, 21]],

[ 7, 25, 0,[ 50, 30, 49]],

[ 54, 15, 0,[ 87, 8, 52]],

[ 12, 5, 1,[ 55, 69, 1, 78, 42]],

[ 88, 5, 0,[ 77, 55, 46, 93, 74]],

[ 43, 15, 1,[ 40, 1, 21, 23, 11]],

[ 35, 5, 0,[ 81, 94, 69]],

[ 2, 95, 1,[ 46, 32, 95]],

