[ 32, 5, 0,[ 8, 58, 35, 52]],

[ 25, 25, 1,[ 62, 8, 26, 71]],

[ 43, 95, 1,[ 22, 48, 53]],

[ 17, 95, 0,[ 2, 39, 22]],

[ 18, 15, 1,[ 70, 60, 88]],

[ 86, 45, 1,[ 27, 67, 75, 60, 72]],

[ 97, 25, 0,[ 26, 64, 34, 28]],

[ 68, 5, 0,[ 66, 6]],

[ 71, 5, 0,[ 1, 55, 25]],

[ 99, 35, 0,[ 49, 40, 81]],

[ 67, 5, 1,[ 86, 87, 35, 16]],

[ 19, 75, 0,[ 48, 36, 15]],

[ 65, 15, 1,[ 24, 33, 29]],

[ 14, 35, 0,[ 48, 59, 40, 49]],

[ 58, 65, 1,[ 32, 63, 57]],

[ 95, 85, 1,[ 20, 42, 82, 38, 81]],

[ 48, 5, 0,[ 19, 43, 44, 14, 84, 90]],

[ 50, 45, 1,[ 63, 96, 77, 78]],

[ 54, 25, 1,[ 31, 29, 46]],

[ 12, 15, 1,[ 7, 70, 0]],

[ 79, 35, 0,[ 23, 24]],

[ 74, 55, 0,[ 64, 38, 0]],

[ 21, 75, 1,[ 83, 31, 77, 46]],

[ 59, 35, 0,[ 94, 14]],

[ 8, 5, 0,[ 11, 32, 25]],

[ 56, 5, 0,[ 52, 66, 34]],

[ 29, 25, 0,[ 30, 54, 65]],

[ 57, 15, 1,[ 58, 30, 85, 38]],

[ 7, 75, 1,[ 47, 12, 88]],

[ 34, 25, 1,[ 97, 56, 15, 37, 11, 3]],

[ 53, 35, 1,[ 85, 37, 43]],

[ 23, 35, 0,[ 49, 92, 79]],

[ 78, 55, 1,[ 50, 0, 91]],

[ 22, 95, 0,[ 55, 17, 43]],

[ 75, 45, 0,[ 64, 86]],

[ 45, 5, 1,[ 39, 42, 82, 28]],

[ 83, 25, 1,[ 41, 1, 9, 51, 85, 21, 42]],

[ 31, 25, 0,[ 84, 54, 21]],

[ 73, 95, 1,[ 6, 76, 93, 40, 62]],

[ 44, 5, 0,[ 11, 91, 48, 26]],

[ 39, 75, 0,[ 45, 36, 17]],

[ 76, 95, 0,[ 73, 49, 4]],

[ 94, 95, 0,[ 62, 59, 89]],

[ 33, 65, 0,[ 69, 13, 65]],

[ 9, 5, 1,[ 38, 77, 83]],

[ 77, 55, 1,[ 21, 37, 9, 50, 80]],

[ 64, 35, 1,[ 74, 10, 97, 75]],

[ 55, 85, 1,[ 71, 2, 22, 89, 5]],

[ 87, 35, 1,[ 24, 92, 67]],

[ 37, 55, 0,[ 34, 53, 77]],

[ 3, 55, 1,[ 16, 49, 34]],

[ 70, 55, 1,[ 18, 96, 12, 81]],

[ 49, 35, 1,[ 3, 14, 23, 76, 99, 93]],

[ 72, 65, 0,[ 91, 90, 86]],

[ 38, 55, 1,[ 74, 57, 95, 9]],

[ 28, 65, 1,[ 97, 45, 92]],

[ 82, 65, 0,[ 45, 95, 13]],

[ 96, 65, 0,[ 50, 70, 69]],

[ 93, 45, 1,[ 73, 13, 49, 5]],

[ 63, 55, 1,[ 58, 50, 1]],

[ 16, 5, 0,[ 3, 67]],

[ 69, 65, 1,[ 96, 91, 33]],

[ 6, 95, 0,[ 46, 73, 68]],

[ 0, 5, 1,[ 78, 24, 74, 12]],

[ 1, 5, 1,[ 63, 83, 71, 62]],

[ 41, 25, 1,[ 83, 27, 90, 30]],

[ 35, 5, 0,[ 84, 67, 32]],

[ 42, 85, 0,[ 95, 45, 83]],

[ 2, 5, 1,[ 55, 60, 17]],

[ 90, 65, 0,[ 41, 72, 48, 4]],

[ 20, 75, 0,[ 66, 36, 95]],

[ 80, 5, 0,[ 77, 61, 52]],

[ 10, 35, 0,[ 64, 92, 11]],

[ 51, 5, 0,[ 83, 61, 11]],

[ 81, 55, 0,[ 95, 99, 70]],

[ 89, 95, 0,[ 55, 98, 94]],

[ 13, 65, 0,[ 33, 93, 82]],

[ 61, 5, 0,[ 15, 80, 51]],

[ 85, 25, 0,[ 83, 53, 57]],

[ 92, 35, 0,[ 87, 23, 28, 10]],

[ 66, 5, 0,[ 56, 20, 68]],

[ 91, 65, 1,[ 72, 84, 78, 69, 44]],

[ 46, 95, 0,[ 98, 6, 54, 21]],

[ 62, 95, 0,[ 94, 25, 1, 73]],

[ 60, 45, 1,[ 86, 2, 18]],

[ 84, 5, 0,[ 35, 31, 48, 91]],

[ 15, 35, 1,[ 34, 5, 19, 61]],

[ 36, 75, 1,[ 39, 19, 20]],

[ 27, 55, 1,[ 41, 86]],

[ 30, 45, 1,[ 57, 29, 41]],

[ 11, 5, 1,[ 8, 10, 44, 34, 51]],

[ 40, 35, 0,[ 73, 14, 99]],

[ 52, 5, 0,[ 32, 56, 80]],

[ 24, 35, 0,[ 87, 0, 65, 79]],

[ 47, 45, 1,[ 4, 98, 7]],

[ 4, 15, 1,[ 47, 90, 76]],

[ 5, 95, 1,[ 93, 15, 55]],

[ 98, 95, 1,[ 89, 46, 47]],

[ 88, 25, 1,[ 7, 18]],

[ 26, 55, 1,[ 97, 44, 25]],

