[ 70, 15, 1,[ 34, 83, 89]],

[ 69, 95, 1,[ 47, 29, 32, 19]],

[ 76, 65, 0,[ 18, 89]],

[ 65, 35, 1,[ 19, 35, 59, 32]],

[ 67, 5, 1,[ 57, 63, 54]],

[ 1, 25, 1,[ 51, 62, 26]],

[ 57, 95, 1,[ 67, 75, 51]],

[ 74, 15, 0,[ 0, 68, 91]],

[ 12, 45, 1,[ 5, 71]],

[ 80, 25, 0,[ 86, 87, 22]],

[ 31, 45, 0,[ 72, 18, 5, 50]],

[ 79, 65, 0,[ 49, 41, 98]],

[ 48, 25, 0,[ 71, 13, 9, 78]],

[ 7, 65, 0,[ 55, 13, 86]],

[ 78, 25, 1,[ 48, 77, 61]],

[ 98, 65, 1,[ 10, 79, 38]],

[ 14, 65, 1,[ 53, 72, 2]],

[ 2, 15, 1,[ 30, 14, 91]],

[ 61, 5, 0,[ 78, 96, 63, 21, 38]],

[ 85, 5, 0,[ 50, 60, 15]],

[ 26, 15, 0,[ 25, 6, 1, 9]],

[ 35, 45, 0,[ 82, 65, 50]],

[ 18, 55, 1,[ 31, 76, 42]],

[ 21, 35, 1,[ 82, 81, 61]],

[ 10, 45, 0,[ 9, 45, 88, 98]],

[ 34, 45, 1,[ 36, 92, 70]],

[ 66, 5, 0,[ 23, 81, 86]],

[ 84, 65, 0,[ 60, 68, 89]],

[ 64, 15, 1,[ 83, 28, 97, 47]],

[ 43, 95, 1,[ 13, 4, 59, 22]],

[ 68, 15, 0,[ 84, 36, 74, 39, 59]],

[ 63, 65, 1,[ 5, 67, 61]],

[ 94, 65, 0,[ 93, 30, 25]],

[ 86, 65, 1,[ 28, 7, 32, 80, 66]],

[ 5, 95, 1,[ 11, 12, 23, 63, 31]],

[ 41, 85, 1,[ 16, 79, 87, 47]],

[ 13, 65, 0,[ 48, 43, 7]],

[ 97, 25, 0,[ 49, 60, 64, 9]],

[ 17, 45, 0,[ 55, 8]],

[ 4, 25, 1,[ 77, 43, 29]],

[ 36, 45, 1,[ 75, 46, 68, 34]],

[ 95, 5, 1,[ 23, 73, 56]],

[ 62, 45, 0,[ 1, 81, 92]],

[ 33, 65, 1,[ 44, 50, 75]],

[ 11, 15, 1,[ 83, 0, 5]],

[ 23, 5, 0,[ 66, 5, 55, 95]],

[ 40, 5, 0,[ 45, 73, 20]],

[ 93, 45, 1,[ 44, 94, 39]],

[ 54, 5, 1,[ 67, 8, 42]],

[ 37, 35, 0,[ 51, 58, 3]],

[ 96, 5, 0,[ 61, 56, 90]],

[ 15, 5, 1,[ 85, 89, 45]],

[ 83, 65, 1,[ 70, 11, 64, 46]],

[ 59, 15, 0,[ 68, 65, 43]],

[ 73, 25, 1,[ 24, 95, 40, 90]],

[ 92, 45, 0,[ 87, 9, 34, 62]],

[ 22, 5, 0,[ 45, 38, 43, 80]],

[ 29, 15, 0,[ 4, 0, 69]],

[ 52, 45, 0,[ 9, 58, 81]],

[ 58, 95, 1,[ 37, 46, 52, 90]],

[ 53, 25, 1,[ 42, 14, 27]],

[ 8, 5, 0,[ 17, 54, 3]],

[ 42, 55, 0,[ 18, 54, 53]],

[ 20, 55, 1,[ 40, 16, 50, 27]],

[ 87, 25, 0,[ 92, 41, 39, 80]],

[ 45, 5, 1,[ 10, 19, 40, 15, 22]],

[ 90, 15, 0,[ 58, 96, 73]],

[ 89, 65, 0,[ 84, 70, 15, 76]],

[ 77, 15, 1,[ 4, 99, 78, 38]],

[ 99, 15, 0,[ 88, 77, 81]],

[ 50, 45, 1,[ 20, 31, 24, 0, 85, 88, 33, 35]],

[ 44, 65, 0,[ 93, 91, 33]],

[ 27, 45, 1,[ 53, 3, 20]],

[ 28, 65, 1,[ 86, 6, 64]],

[ 72, 85, 0,[ 31, 3, 14]],

[ 32, 65, 0,[ 65, 69, 0, 86]],

[ 16, 65, 0,[ 20, 41]],

[ 82, 15, 0,[ 21, 81, 35]],

[ 75, 45, 0,[ 57, 36, 6, 33]],

[ 46, 15, 0,[ 83, 36, 58]],

[ 6, 15, 0,[ 28, 26, 75]],

[ 71, 25, 0,[ 48, 12, 49]],

[ 91, 15, 1,[ 44, 2, 74, 39]],

[ 25, 5, 1,[ 94, 26, 51]],

[ 47, 15, 1,[ 24, 64, 69, 41]],

[ 51, 15, 0,[ 57, 25, 1, 37]],

[ 81, 5, 0,[ 62, 52, 21, 66, 82, 99]],

[ 55, 35, 1,[ 7, 23, 17]],

[ 3, 85, 1,[ 8, 27, 72, 37]],

[ 30, 15, 1,[ 56, 94, 2]],

[ 38, 45, 1,[ 61, 22, 98, 77]],

[ 9, 85, 1,[ 10, 97, 92, 52, 26, 48]],

[ 39, 15, 0,[ 87, 68, 91, 93]],

[ 49, 25, 1,[ 97, 71, 79]],

[ 56, 5, 0,[ 95, 96, 30]],

[ 0, 55, 1,[ 32, 11, 74, 29, 50]],

[ 19, 95, 0,[ 65, 45, 69]],

[ 60, 35, 1,[ 97, 84, 85]],

[ 24, 45, 0,[ 47, 73, 50]],

[ 88, 15, 1,[ 10, 50, 99]],

