[ 50, 35, 1,[ 89, 45, 47]],

[ 13, 25, 0,[ 80, 16, 39]],

[ 77, 35, 1,[ 46, 92, 16]],

[ 4, 25, 1,[ 65, 68, 90]],

[ 45, 65, 1,[ 27, 21, 50, 2]],

[ 68, 15, 0,[ 86, 4, 18]],

[ 0, 85, 1,[ 76, 1, 23]],

[ 11, 85, 1,[ 46, 90]],

[ 76, 45, 0,[ 0, 9, 79]],

[ 85, 15, 0,[ 84, 93]],

[ 44, 15, 0,[ 8, 21, 22]],

[ 46, 25, 0,[ 11, 77, 2]],

[ 71, 75, 1,[ 26, 3, 54, 59]],

[ 2, 25, 1,[ 67, 34, 45, 46, 92, 10]],

[ 51, 15, 0,[ 41, 88, 78]],

[ 12, 15, 1,[ 67, 20, 99, 84]],

[ 23, 25, 0,[ 22, 0, 78]],

[ 69, 85, 1,[ 48, 70, 43]],

[ 78, 55, 1,[ 51, 91, 14, 26, 23, 62, 56, 99, 61, 17, 3]],

[ 40, 35, 0,[ 89, 56]],

[ 34, 25, 1,[ 15, 2, 24]],

[ 52, 25, 0,[ 7, 53]],

[ 93, 5, 1,[ 43, 85, 92, 37]],

[ 59, 15, 0,[ 96, 71, 56, 72]],

[ 66, 15, 0,[ 55, 94, 28]],

[ 3, 5, 1,[ 29, 78, 8, 32, 71, 30]],

[ 6, 75, 0,[ 79, 19, 98]],

[ 41, 25, 1,[ 51, 64, 39, 62, 35]],

[ 74, 35, 0,[ 65, 39, 42]],

[ 38, 95, 1,[ 64, 86, 80, 87]],

[ 72, 15, 0,[ 59, 89, 49]],

[ 73, 75, 1,[ 53, 63, 42]],

[ 80, 15, 0,[ 48, 1, 38, 13]],

[ 7, 55, 1,[ 52, 83, 37]],

[ 95, 85, 1,[ 81, 82, 31]],

[ 60, 75, 1,[ 98, 14, 20, 9]],

[ 97, 25, 0,[ 36, 90, 83]],

[ 9, 55, 1,[ 91, 76, 60]],

[ 89, 35, 0,[ 94, 40, 50, 72]],

[ 29, 25, 0,[ 18, 3, 1]],

[ 33, 15, 0,[ 30, 25, 58]],

[ 54, 35, 0,[ 17, 58, 71]],

[ 90, 25, 0,[ 97, 82, 4, 11]],

[ 64, 15, 1,[ 38, 87, 41, 53]],

[ 18, 45, 1,[ 68, 83, 29]],

[ 31, 15, 0,[ 53, 95, 49]],

[ 83, 35, 1,[ 18, 7, 97, 47, 61, 57]],

[ 56, 15, 0,[ 78, 59, 40, 15]],

[ 58, 15, 1,[ 30, 54, 33]],

[ 88, 65, 0,[ 75, 91, 51]],

[ 42, 75, 0,[ 98, 74, 73]],

[ 55, 45, 1,[ 81, 66, 87, 24]],

[ 10, 35, 0,[ 19, 63, 2]],

[ 47, 25, 1,[ 50, 83, 61]],

[ 94, 85, 0,[ 89, 63, 66]],

[ 86, 85, 1,[ 38, 39, 68, 24]],

[ 39, 25, 1,[ 13, 70, 41, 65, 74, 86]],

[ 81, 35, 0,[ 5, 95, 96, 55]],

[ 65, 35, 1,[ 39, 4, 74]],

[ 75, 85, 0,[ 88, 98, 43]],

[ 53, 5, 1,[ 31, 27, 64, 73, 52]],

[ 84, 15, 0,[ 57, 85, 12]],

[ 61, 15, 0,[ 47, 83, 78]],

[ 28, 15, 1,[ 66, 96, 16]],

[ 82, 25, 0,[ 70, 95, 90]],

[ 70, 45, 1,[ 39, 82, 69]],

[ 48, 15, 0,[ 98, 80, 69]],

[ 19, 75, 0,[ 17, 6, 10]],

[ 27, 75, 1,[ 45, 8, 53]],

[ 1, 65, 1,[ 0, 80, 29]],

[ 21, 85, 1,[ 44, 45, 16]],

[ 17, 25, 0,[ 19, 16, 78, 54]],

[ 43, 15, 1,[ 93, 69, 36, 79, 75]],

[ 57, 25, 1,[ 83, 84, 87]],

[ 62, 35, 0,[ 5, 78, 41]],

[ 22, 15, 0,[ 23, 44, 92, 99]],

[ 26, 15, 0,[ 78, 71, 49]],

[ 20, 65, 1,[ 60, 12]],

[ 35, 15, 0,[ 36, 41]],

[ 15, 15, 1,[ 32, 34, 56]],

[ 36, 15, 1,[ 43, 35, 97, 25]],

[ 92, 15, 0,[ 77, 22, 93, 2]],

[ 30, 35, 1,[ 32, 58, 3, 33]],

[ 99, 35, 0,[ 22, 5, 12, 78]],

[ 24, 15, 0,[ 86, 55, 34]],

[ 32, 25, 0,[ 30, 3, 15]],

[ 14, 25, 0,[ 25, 60, 78]],

[ 5, 35, 1,[ 37, 99, 81, 62]],

[ 91, 75, 1,[ 78, 9, 88]],

[ 37, 25, 0,[ 7, 5, 93]],

[ 8, 65, 0,[ 3, 27, 44]],

[ 96, 15, 0,[ 28, 81, 59]],

[ 25, 25, 1,[ 33, 14, 36]],

[ 49, 15, 1,[ 31, 26, 72]],

[ 87, 25, 0,[ 55, 57, 64, 38]],

[ 63, 45, 1,[ 94, 73, 10]],

[ 79, 45, 0,[ 43, 6, 76]],

[ 98, 95, 1,[ 6, 42, 60, 48, 75, 67]],

[ 67, 25, 1,[ 12, 98, 2]],

[ 16, 5, 1,[ 17, 77, 13, 28, 21]],

