[ 48, 65, 0,[ 14, 39, 81, 42]],

[ 56, 25, 0,[ 9, 69, 24, 45, 86, 87]],

[ 70, 25, 0,[ 86]],

[ 77, 25, 0,[ 74, 66, 27]],

[ 29, 25, 0,[ 14, 53, 28]],

[ 65, 25, 0,[ 69, 30, 7, 75]],

[ 6, 25, 0,[ 69, 86, 14]],

[ 13, 25, 0,[ 53, 62, 79]],

[ 11, 25, 0,[ 53, 69, 72]],

[ 68, 65, 0,[ 86, 53, 28]],

[ 71, 65, 0,[ 14, 87, 49]],

[ 89, 25, 0,[ 34, 59]],

[ 31, 25, 0,[ 14, 86, 17, 62]],

[ 42, 65, 0,[ 93, 48, 83]],

[ 91, 25, 0,[ 58, 34]],

[ 90, 25, 0,[ 60, 38, 74, 12, 14]],

[ 69, 25, 1,[ 44, 97, 27, 32, 96, 11, 35, 84, 17, 0, 6, 76, 65, 40, 37, 56, 98, 93, 26]],

[ 4, 25, 0,[ 72, 53, 14]],

[ 8, 65, 0,[ 60, 61, 83]],

[ 54, 25, 0,[ 72, 86]],

[ 25, 25, 0,[ 34, 21, 86]],

[ 95, 25, 0,[ 58, 52, 86]],

[ 18, 65, 0,[ 21, 53, 14]],

[ 83, 65, 0,[ 8, 33, 59, 35, 42]],

[ 5, 25, 0,[ 3, 67, 53, 94]],

[ 21, 85, 1,[ 76, 18, 57, 25, 78, 87, 28, 23]],

[ 85, 65, 0,[ 53, 14, 86]],

[ 55, 25, 0,[ 53, 47, 86]],

[ 58, 25, 0,[ 91, 95, 38]],

[ 12, 65, 0,[ 3, 14, 90]],

[ 19, 65, 0,[ 14, 3, 86]],

[ 45, 65, 1,[ 3, 56, 22]],

[ 64, 25, 0,[ 53, 14, 60]],

[ 96, 25, 0,[ 14, 98, 69]],

[ 1, 25, 0,[ 3, 99]],

[ 93, 85, 1,[ 22, 60, 42, 69, 63, 39, 35, 44, 10, 50, 16, 94]],

[ 10, 65, 0,[ 14, 93, 27]],

[ 15, 65, 0,[ 3, 43, 0]],

[ 7, 25, 0,[ 3, 65, 47]],

[ 99, 25, 0,[ 1, 14, 28]],

[ 82, 25, 0,[ 32, 73, 43]],

[ 38, 25, 0,[ 20, 58, 80, 79, 90]],

[ 66, 25, 0,[ 9, 77, 24]],

[ 84, 25, 0,[ 86, 14, 69]],

[ 40, 25, 0,[ 17, 69]],

[ 51, 65, 0,[ 67, 14, 3]],

[ 98, 65, 1,[ 96, 69, 32]],

[ 27, 25, 0,[ 53, 10, 88, 69, 77]],

[ 52, 25, 0,[ 53, 86, 95]],

[ 26, 25, 0,[ 61, 86, 69]],

[ 94, 25, 0,[ 14, 93, 5, 73]],

[ 80, 25, 0,[ 28, 38, 14]],

[ 33, 25, 0,[ 35, 83]],

[ 74, 25, 0,[ 90, 87, 77]],

[ 88, 65, 0,[ 14, 27, 86]],

[ 57, 65, 0,[ 86, 21, 53]],

[ 50, 65, 0,[ 14, 86, 93]],

[ 92, 65, 0,[ 14, 2, 86]],

[ 87, 25, 0,[ 56, 21, 74, 71]],

[ 61, 25, 0,[ 26, 8]],

[ 3, 85, 1,[ 19, 36, 51, 7, 45, 12, 37, 15, 20, 5, 2, 1]],

[ 14, 15, 1,[ 17, 96, 6, 44, 51, 16, 92, 4, 48, 19, 12, 71, 29, 2, 31, 18, 50, 78, 30, 85, 84, 88, 64, 94, 99, 80, 46, 10, 97, 81, 41, 90, 72]],

[ 73, 25, 0,[ 82, 53, 94]],

[ 63, 25, 0,[ 75, 93]],

[ 41, 25, 0,[ 53, 14, 86]],

[ 44, 65, 0,[ 93, 69, 14]],

[ 78, 25, 0,[ 53, 21, 14]],

[ 86, 95, 1,[ 6, 41, 85, 81, 36, 9, 39, 57, 92, 70, 56, 88, 67, 46, 52, 95, 17, 23, 50, 55, 25, 26, 30, 54, 62, 19, 49, 84, 31, 68, 97]],

[ 36, 65, 0,[ 86, 53, 3]],

[ 17, 25, 0,[ 14, 86, 69, 31, 40]],

[ 60, 25, 0,[ 93, 64, 90, 8]],

[ 75, 25, 0,[ 65, 63, 53]],

[ 34, 25, 0,[ 91, 53, 25, 89]],

[ 23, 25, 0,[ 86, 21, 16]],

[ 37, 25, 0,[ 69, 3, 76]],

[ 16, 65, 0,[ 93, 14, 23]],

[ 72, 25, 0,[ 54, 4, 14, 11]],

[ 20, 65, 0,[ 3, 38, 49]],

[ 39, 25, 0,[ 93, 48, 86]],

[ 59, 65, 0,[ 0, 89, 83, 28]],

[ 53, 25, 1,[ 41, 34, 75, 78, 24, 29, 52, 57, 11, 47, 73, 9, 68, 36, 55, 28, 4, 85, 64, 27, 5, 43, 18, 13, 22]],

[ 30, 65, 0,[ 65, 86, 14]],

[ 81, 65, 0,[ 14, 48, 79, 86]],

[ 2, 25, 0,[ 92, 14, 3]],

[ 32, 25, 0,[ 69, 98, 82]],

[ 47, 25, 0,[ 7, 55, 53]],

[ 24, 25, 0,[ 56, 53, 66]],

[ 9, 25, 0,[ 86, 53, 56, 66]],

[ 49, 65, 0,[ 20, 86, 71]],

[ 28, 65, 1,[ 21, 53, 59, 80, 68, 29, 99]],

[ 79, 25, 0,[ 13, 38, 81]],

[ 22, 25, 0,[ 53, 93, 45]],

[ 35, 65, 0,[ 93, 33, 69, 83]],

[ 43, 65, 0,[ 15, 82, 53]],

[ 97, 25, 0,[ 86, 14, 69]],

[ 62, 25, 0,[ 13, 86, 31]],

[ 0, 25, 0,[ 59, 15, 69]],

[ 76, 25, 0,[ 37, 21, 69]],

[ 67, 25, 0,[ 86, 51, 5]],

[ 46, 25, 0,[ 86, 14]],

