[ 27, 85, 0,[ 44, 52, 32, 29, 25, 19, 76]],

[ 93, 85, 1,[ 80, 18, 72, 65, 59]],

[ 26, 85, 0,[ 12, 55, 80]],

[ 79, 85, 0,[ 2, 31, 69]],

[ 90, 85, 0,[ 63, 33]],

[ 51, 85, 0,[ 3, 92, 74]],

[ 71, 85, 0,[ 40, 34, 88]],

[ 65, 85, 0,[ 75, 93, 86, 8, 88]],

[ 17, 85, 0,[ 33, 7, 4]],

[ 20, 85, 0,[ 53, 22, 12]],

[ 2, 85, 0,[ 44, 79, 0, 98]],

[ 29, 85, 0,[ 46, 27, 14]],

[ 86, 25, 1,[ 72, 81, 65, 28, 63]],

[ 73, 85, 0,[ 16, 82]],

[ 40, 85, 0,[ 71, 36, 41, 96, 10, 0]],

[ 82, 85, 0,[ 42, 35, 3, 73]],

[ 66, 85, 0,[ 32, 94, 81]],

[ 22, 85, 0,[ 20, 11, 62]],

[ 52, 85, 0,[ 27, 60, 49]],

[ 77, 85, 0,[ 67, 6, 84, 30]],

[ 23, 85, 0,[ 53, 11, 24]],

[ 30, 85, 0,[ 33, 56, 77]],

[ 75, 85, 0,[ 21, 80, 65]],

[ 94, 85, 0,[ 66, 55, 87, 3]],

[ 34, 85, 0,[ 1, 45, 71]],

[ 60, 85, 0,[ 52, 46, 43, 32]],

[ 54, 85, 0,[ 83, 14, 95, 96]],

[ 4, 85, 0,[ 59, 1, 17, 28]],

[ 1, 85, 0,[ 18, 4, 34]],

[ 58, 85, 0,[ 7, 64, 18, 36, 53]],

[ 45, 25, 1,[ 69, 38, 12, 19, 9, 57, 34, 61]],

[ 61, 85, 0,[ 97, 21, 45]],

[ 50, 85, 0,[ 89, 21, 49]],

[ 33, 85, 0,[ 10, 17, 30, 90, 7]],

[ 88, 85, 0,[ 84, 13, 65, 99, 71]],

[ 46, 85, 0,[ 60, 29, 57, 85]],

[ 53, 35, 1,[ 20, 5, 58, 23]],

[ 74, 85, 0,[ 6, 32, 37, 51, 63, 56]],

[ 70, 85, 0,[ 69, 98, 99]],

[ 12, 85, 0,[ 26, 20, 45]],

[ 67, 85, 0,[ 77, 89, 98]],

[ 3, 55, 1,[ 51, 7, 99, 62, 78, 94, 8, 82]],

[ 21, 95, 1,[ 75, 36, 39, 61, 50, 13, 98]],

[ 28, 25, 1,[ 98, 86, 35, 4, 25]],

[ 69, 15, 1,[ 35, 45, 79, 59, 68, 70]],

[ 55, 85, 0,[ 49, 94, 26]],

[ 62, 85, 0,[ 3, 22, 6]],

[ 99, 85, 0,[ 98, 70, 3, 88]],

[ 44, 85, 0,[ 2, 91, 27, 48]],

[ 64, 85, 0,[ 13, 47, 81, 58]],

[ 84, 85, 0,[ 24, 77, 88]],

[ 32, 85, 0,[ 87, 72, 60, 74, 66, 27]],

[ 78, 85, 0,[ 47, 81, 15, 3]],

[ 7, 35, 1,[ 33, 63, 3, 58, 16, 48, 81, 17, 83]],

[ 95, 85, 0,[ 54, 6, 85]],

[ 47, 85, 0,[ 5, 64, 81, 78]],

[ 39, 85, 0,[ 21, 91, 49]],

[ 36, 85, 0,[ 40, 58, 21, 85]],

[ 5, 85, 0,[ 18, 53, 47]],

[ 8, 85, 0,[ 3, 65, 81]],

[ 97, 85, 0,[ 80, 61, 68, 31]],

[ 42, 85, 0,[ 82, 81, 98]],

[ 19, 85, 0,[ 31, 45, 27]],

[ 83, 85, 0,[ 54, 7, 92]],

[ 49, 85, 0,[ 39, 52, 0, 50, 9, 55]],

[ 31, 85, 0,[ 79, 19, 97]],

[ 91, 85, 0,[ 44, 39, 10]],

[ 56, 85, 0,[ 11, 74, 30]],

[ 25, 85, 0,[ 28, 96, 27]],

[ 59, 85, 0,[ 69, 4, 93]],

[ 14, 85, 0,[ 57, 29, 54, 24]],

[ 89, 85, 0,[ 67, 76, 50]],

[ 11, 85, 0,[ 23, 22, 35, 56]],

[ 35, 85, 0,[ 69, 28, 82, 11]],

[ 15, 85, 0,[ 78]],

[ 81, 85, 0,[ 47, 64, 7, 86, 42, 78, 8, 66]],

[ 43, 85, 0,[ 92, 60, 38]],

[ 0, 85, 0,[ 38, 2, 49, 40]],

[ 9, 85, 0,[ 18, 45, 49]],

[ 48, 85, 0,[ 68, 44, 7, 41]],

[ 92, 85, 0,[ 51, 83, 87, 18, 43]],

[ 24, 85, 0,[ 23, 14, 84]],

[ 41, 85, 0,[ 48, 98, 40]],

[ 57, 85, 0,[ 46, 45, 14]],

[ 6, 85, 0,[ 95, 37, 62, 77, 74]],

[ 38, 85, 0,[ 0, 45, 43]],

[ 18, 85, 0,[ 58, 5, 1, 9, 92, 93]],

[ 16, 85, 0,[ 7, 76, 73]],

[ 80, 85, 0,[ 93, 97, 26, 75]],

[ 76, 85, 0,[ 16, 96, 27, 89]],

[ 96, 85, 0,[ 54, 76, 40, 37, 25]],

[ 98, 65, 1,[ 21, 99, 70, 42, 41, 67, 28, 2]],

[ 87, 85, 0,[ 94, 92, 32]],

[ 85, 85, 0,[ 95, 46, 36]],

[ 63, 85, 0,[ 90, 86, 7, 74]],

[ 13, 85, 0,[ 21, 88, 64]],

[ 72, 85, 0,[ 32, 93, 86]],

[ 68, 85, 0,[ 48, 69, 97]],

[ 10, 85, 0,[ 40, 33, 91]],

[ 37, 85, 0,[ 6, 74, 96]],

