[ 20, 85, 0,[ 5, 98, 31]],

[ 81, 85, 0,[ 86, 65, 93]],

[ 3, 65, 1,[ 55, 78, 34, 56, 35, 95, 60, 58]],

[ 31, 85, 0,[ 45, 37, 72, 50, 20, 27]],

[ 85, 65, 0,[ 13, 58, 98]],

[ 29, 85, 0,[ 27, 14, 65]],

[ 57, 85, 0,[ 52, 61, 98]],

[ 99, 65, 0,[ 86, 60, 87]],

[ 73, 65, 0,[ 76, 21]],

[ 64, 25, 1,[ 19, 49, 2, 38]],

[ 49, 45, 0,[ 59, 64, 88]],

[ 74, 85, 0,[ 17, 18, 98]],

[ 87, 65, 0,[ 9, 99, 41, 62, 8]],

[ 77, 85, 0,[ 7, 69, 53]],

[ 30, 55, 0,[ 45, 2, 72]],

[ 63, 65, 0,[ 36, 80, 93]],

[ 51, 85, 0,[ 67, 66, 5, 69, 80]],

[ 36, 65, 0,[ 86, 63, 70]],

[ 89, 65, 0,[ 80, 93, 13]],

[ 16, 85, 0,[ 33, 37, 45]],

[ 78, 45, 0,[ 53, 90, 3]],

[ 23, 45, 0,[ 93, 35, 9]],

[ 86, 65, 1,[ 42, 36, 26, 99, 81, 94, 22, 2, 76, 43]],

[ 52, 85, 0,[ 93, 57, 25, 45]],

[ 62, 65, 0,[ 87, 15]],

[ 6, 45, 0,[ 46, 7, 38]],

[ 0, 85, 0,[ 18, 67, 76, 12]],

[ 79, 55, 0,[ 4, 12, 45, 98, 83]],

[ 95, 65, 0,[ 96, 34, 3]],

[ 56, 65, 0,[ 98, 84, 3]],

[ 43, 45, 0,[ 86, 53, 93]],

[ 33, 45, 0,[ 84, 16, 91, 94]],

[ 15, 65, 0,[ 28, 62, 17]],

[ 96, 55, 0,[ 95, 68, 45]],

[ 70, 55, 0,[ 36, 39, 83]],

[ 72, 55, 0,[ 31, 30, 44]],

[ 88, 45, 0,[ 24, 92, 22, 49]],

[ 22, 65, 0,[ 86, 88, 50]],

[ 42, 65, 0,[ 41, 8, 86]],

[ 54, 45, 0,[ 39, 18]],

[ 75, 85, 0,[ 69, 17, 28]],

[ 91, 45, 0,[ 33, 93, 68]],

[ 26, 65, 0,[ 86, 76]],

[ 38, 45, 0,[ 64, 46, 6]],

[ 90, 45, 0,[ 24, 45, 78]],

[ 35, 45, 0,[ 23, 3, 53]],

[ 92, 85, 0,[ 88, 97, 37]],

[ 5, 85, 0,[ 20, 98, 51, 71]],

[ 28, 65, 1,[ 11, 75, 21, 15, 68, 80]],

[ 80, 65, 0,[ 63, 89, 51, 28]],

[ 94, 45, 0,[ 86, 33]],

[ 46, 45, 0,[ 45, 38, 6]],

[ 59, 45, 0,[ 7, 49, 67]],

[ 68, 45, 0,[ 91, 96, 9, 28]],

[ 82, 85, 0,[ 65, 61, 71]],

[ 71, 85, 0,[ 82, 5, 45]],

[ 69, 85, 1,[ 75, 27, 77, 12, 51, 50, 34, 14, 60]],

[ 25, 65, 0,[ 58, 52]],

[ 37, 85, 0,[ 31, 16, 92]],

[ 17, 85, 0,[ 15, 21, 14, 74, 61, 75, 2]],

[ 41, 65, 0,[ 42, 87, 97]],

[ 61, 85, 0,[ 17, 82, 57, 66]],

[ 32, 45, 0,[]],

[ 93, 85, 1,[ 8, 23, 81, 40, 4, 91, 11, 43, 52, 63, 1, 89]],

[ 13, 65, 0,[ 89, 85, 7, 45]],

[ 8, 85, 0,[ 87, 93, 47, 42]],

[ 9, 45, 0,[ 68, 23, 87]],

[ 21, 65, 0,[ 28, 73, 17]],

[ 48, 85, 0,[ 10]],

[ 34, 65, 0,[ 69, 3, 95]],

[ 24, 45, 0,[ 88, 90, 11]],

[ 39, 45, 0,[ 54, 70, 11, 45]],

[ 4, 55, 0,[ 79, 93, 45]],

[ 40, 85, 0,[ 97, 93, 44]],

[ 66, 85, 0,[ 51, 61, 45]],

[ 60, 65, 0,[ 69, 99, 3]],

[ 50, 85, 0,[ 31, 69, 22]],

[ 47, 85, 0,[ 45, 8, 98]],

[ 2, 55, 0,[ 30, 86, 17, 64]],

[ 65, 85, 0,[ 98, 81, 29, 82]],

[ 10, 85, 0,[ 48, 18, 98]],

[ 53, 45, 1,[ 77, 18, 35, 43, 78]],

[ 44, 55, 0,[ 40, 45, 72, 83]],

[ 84, 65, 0,[ 45, 33, 56]],

[ 55, 55, 0,[ 83, 45, 3]],

[ 58, 65, 0,[ 3, 25, 85]],

[ 97, 85, 0,[ 14, 92, 40, 41]],

[ 12, 85, 0,[ 79, 0, 69]],

[ 76, 65, 0,[ 26, 1, 86, 0, 73]],

[ 45, 55, 1,[ 55, 84, 47, 39, 19, 96, 16, 4, 13, 52, 7, 46, 79, 31, 66, 1, 30, 71, 44, 90]],

[ 19, 55, 0,[ 64, 45]],

[ 98, 85, 1,[ 57, 20, 85, 10, 74, 47, 56, 65, 79, 5]],

[ 7, 65, 1,[ 45, 77, 6, 13, 59]],

[ 83, 55, 0,[ 44, 55, 79, 70]],

[ 11, 45, 0,[ 24, 28, 93, 39]],

[ 18, 85, 0,[ 0, 74, 54, 53, 10]],

[ 14, 85, 0,[ 17, 69, 29, 97]],

[ 27, 85, 0,[ 31, 69, 29]],

[ 1, 55, 0,[ 45, 93, 76]],

[ 67, 85, 0,[ 51, 59, 0]],

