[ 30, 5, 0,[ 84, 6, 47]],

[ 78, 55, 0,[ 79, 17, 25, 71]],

[ 22, 45, 0,[ 56, 15, 0]],

[ 14, 45, 0,[ 84, 98, 92]],

[ 45, 55, 1,[ 98, 51, 52]],

[ 15, 55, 0,[ 33, 68, 22]],

[ 95, 5, 0,[ 65, 60, 71]],

[ 18, 35, 0,[ 74, 5, 90, 73, 76, 61]],

[ 85, 35, 0,[ 96, 94, 12]],

[ 54, 35, 0,[ 73, 39, 29]],

[ 12, 35, 0,[ 81, 36, 85, 40]],

[ 90, 55, 0,[ 3, 18, 68]],

[ 69, 85, 1,[ 53, 99, 7, 93, 48, 91]],

[ 72, 35, 0,[ 67, 73, 75]],

[ 29, 45, 0,[ 54, 44, 49]],

[ 80, 35, 0,[ 48, 10, 61]],

[ 96, 5, 0,[ 47, 85, 27]],

[ 36, 45, 1,[ 73, 37, 97, 12, 31]],

[ 7, 35, 1,[ 0, 89, 69]],

[ 67, 85, 0,[ 72, 26, 89, 41]],

[ 60, 5, 0,[ 79, 16, 95, 93, 26]],

[ 79, 55, 0,[ 59, 60, 78]],

[ 74, 35, 0,[ 93, 99, 18]],

[ 91, 85, 0,[ 42, 81, 16, 69, 58]],

[ 31, 35, 0,[ 57, 36, 58]],

[ 33, 15, 0,[ 28, 43, 15, 26, 8]],

[ 13, 55, 0,[ 32, 77, 24]],

[ 65, 85, 0,[ 21, 42, 95]],

[ 6, 55, 0,[ 32, 73, 30]],

[ 39, 5, 0,[ 47, 54, 88]],

[ 57, 35, 0,[ 31, 50, 99]],

[ 26, 5, 0,[ 60, 67, 33]],

[ 16, 85, 0,[ 60, 91, 41]],

[ 49, 45, 0,[ 29, 19, 87]],

[ 37, 45, 0,[ 36, 75, 44, 66, 8]],

[ 2, 35, 0,[ 52, 4, 42]],

[ 40, 35, 0,[ 83, 56, 12, 93]],

[ 5, 15, 0,[ 18, 34, 92, 56]],

[ 51, 5, 0,[ 20, 47, 45, 75]],

[ 64, 35, 0,[ 63, 86, 76]],

[ 89, 35, 0,[ 67, 82, 21, 7]],

[ 53, 75, 1,[ 69, 44, 38, 94, 3]],

[ 11, 15, 0,[ 41, 75, 21]],

[ 21, 35, 0,[ 20, 89, 34, 65, 11]],

[ 44, 5, 0,[ 53, 29, 37, 47]],

[ 62, 85, 0,[ 82, 46, 84]],

[ 8, 45, 0,[ 33, 37, 42]],

[ 4, 35, 0,[ 76, 17, 2]],

[ 94, 15, 0,[ 85, 28, 53, 50]],

[ 0, 45, 0,[ 22, 66, 41, 7]],

[ 10, 55, 0,[ 80, 55, 32]],

[ 84, 15, 0,[ 30, 28, 14, 62]],

[ 98, 35, 1,[ 45, 14, 9, 63]],

[ 48, 85, 0,[ 69, 88, 80, 87]],

[ 77, 85, 0,[ 19, 25, 13]],

[ 97, 35, 0,[ 23, 36, 63]],

[ 17, 5, 0,[ 47, 78, 4]],

[ 50, 35, 0,[ 20, 9, 57, 94]],

[ 34, 15, 0,[ 19, 5, 28, 21]],

[ 41, 85, 0,[ 0, 16, 46, 67, 11]],

[ 38, 75, 0,[ 23, 86, 53]],

[ 19, 85, 0,[ 34, 77, 49, 92]],

[ 28, 15, 1,[ 70, 33, 94, 71, 34, 84]],

[ 83, 35, 0,[ 40, 46, 59]],

[ 82, 35, 0,[ 89, 62, 43]],

[ 75, 15, 0,[ 11, 37, 72, 27, 51]],

[ 25, 45, 0,[ 78, 24, 1, 77]],

[ 87, 15, 0,[ 49, 71, 48]],

[ 73, 35, 0,[ 18, 36, 6, 54, 72]],

[ 20, 35, 0,[ 51, 55, 21, 50]],

[ 32, 55, 0,[ 10, 70, 13, 27, 35, 6]],

[ 55, 5, 0,[ 10, 20, 88]],

[ 1, 35, 0,[ 25, 52, 46]],

[ 76, 35, 0,[ 18, 4, 64]],

[ 42, 85, 0,[ 65, 8, 91, 2]],

[ 56, 45, 0,[ 5, 22, 40]],

[ 81, 35, 0,[ 12, 91, 3]],

[ 70, 55, 0,[ 32, 28]],

[ 43, 5, 0,[ 82, 35, 33]],

[ 88, 5, 0,[ 48, 55, 39]],

[ 71, 15, 0,[ 95, 28, 78, 87]],

[ 92, 45, 0,[ 14, 19, 5]],

[ 46, 85, 0,[ 61, 86, 83, 41, 1, 62]],

[ 23, 35, 0,[ 9, 97, 38]],

[ 59, 55, 0,[ 3, 83, 79]],

[ 66, 5, 0,[ 37, 0, 47]],

[ 35, 5, 0,[ 43, 32, 58, 24]],

[ 52, 35, 0,[ 2, 45, 1]],

[ 61, 35, 0,[ 9, 80, 46, 18]],

[ 63, 35, 0,[ 98, 64, 97, 68]],

[ 27, 15, 0,[ 32, 96, 75]],

[ 9, 35, 0,[ 23, 98, 61, 50]],

[ 99, 35, 0,[ 69, 57, 74]],

[ 47, 5, 0,[ 51, 44, 39, 30, 66, 96, 17]],

[ 93, 5, 1,[ 69, 40, 74, 60]],

[ 24, 45, 0,[ 35, 25, 13]],

[ 3, 55, 1,[ 81, 90, 59, 53]],

[ 68, 55, 0,[ 15, 63, 90]],

[ 86, 45, 1,[ 46, 38, 64]],

[ 58, 5, 0,[ 91, 35, 31]],

