[ 79, 55, 0,[ 16, 34, 44]],

[ 98, 35, 0,[ 55, 96, 61]],

[ 5, 25, 0,[ 48, 12, 6, 38, 88]],

[ 40, 25, 0,[ 89, 96, 59]],

[ 35, 65, 1,[ 37, 60, 97, 95, 45, 24, 59, 53, 34, 23, 87, 29, 33, 2]],

[ 57, 25, 0,[ 90, 89, 20]],

[ 76, 25, 0,[ 71, 96, 59]],

[ 0, 25, 0,[ 53, 20, 44]],

[ 12, 25, 0,[ 5, 8, 96]],

[ 64, 25, 0,[ 3, 52, 81]],

[ 86, 25, 0,[ 60, 30, 90]],

[ 66, 95, 0,[ 96, 44, 85]],

[ 21, 25, 0,[ 43, 65, 68, 38, 47]],

[ 54, 55, 0,[ 72, 61, 34]],

[ 3, 25, 0,[ 96, 64, 73, 14]],

[ 91, 25, 0,[ 31, 73, 89, 85]],

[ 41, 25, 0,[ 39, 63]],

[ 83, 25, 0,[ 31, 75, 65]],

[ 13, 95, 0,[ 96, 37, 52]],

[ 26, 25, 0,[ 77]],

[ 4, 65, 0,[ 14, 44, 78]],

[ 61, 35, 1,[ 1, 69, 36, 30, 54, 8, 27, 20, 46, 56, 98, 52, 50, 10]],

[ 36, 25, 0,[ 61, 49, 94]],

[ 34, 55, 0,[ 35, 68, 79, 54]],

[ 88, 25, 0,[ 5, 31, 92]],

[ 17, 85, 1,[ 77, 96, 62, 99]],

[ 39, 25, 0,[ 90, 41, 10]],

[ 24, 25, 0,[ 81, 96, 35, 84]],

[ 44, 55, 1,[ 48, 7, 89, 92, 62, 0, 10, 72, 94, 45, 67, 79, 27, 66, 4, 73, 63, 42]],

[ 90, 25, 0,[ 39, 57, 86, 96]],

[ 20, 25, 0,[ 57, 61, 87, 0]],

[ 32, 25, 0,[ 10, 18, 96]],

[ 60, 25, 0,[ 35, 86, 93]],

[ 29, 25, 0,[ 35, 74, 7]],

[ 52, 25, 1,[ 31, 22, 13, 62, 6, 61, 28, 64]],

[ 84, 25, 0,[ 24, 59, 8]],

[ 38, 25, 0,[ 85, 21, 5]],

[ 18, 25, 0,[ 69, 32, 55, 45]],

[ 33, 65, 0,[ 35, 78, 8]],

[ 93, 95, 0,[ 19, 96, 60]],

[ 47, 25, 0,[ 21, 31, 50]],

[ 89, 25, 1,[ 57, 68, 8, 72, 91, 40, 63, 44]],

[ 80, 25, 0,[ 59, 11]],

[ 31, 85, 1,[ 83, 91, 85, 88, 52, 47]],

[ 87, 65, 0,[ 20, 35, 8]],

[ 48, 25, 0,[ 5, 44, 69]],

[ 65, 25, 0,[ 83, 8, 21]],

[ 1, 25, 0,[ 61, 49]],

[ 70, 25, 0,[ 23, 62, 77, 25]],

[ 94, 25, 0,[ 44, 14, 36]],

[ 97, 85, 0,[ 72, 35, 37]],

[ 43, 55, 0,[ 72, 21, 96]],

[ 8, 35, 1,[ 61, 65, 96, 87, 53, 84, 33, 6, 12, 89, 15]],

[ 22, 25, 0,[ 50, 75, 52]],

[ 75, 25, 0,[ 22, 74, 83, 53]],

[ 37, 85, 1,[ 97, 35, 13, 58, 96]],

[ 72, 55, 0,[ 44, 97, 89, 43, 54]],

[ 69, 25, 0,[ 67, 48, 61, 18, 59]],

[ 77, 25, 0,[ 70, 26, 17]],

[ 68, 25, 0,[ 89, 34, 21]],

[ 62, 25, 0,[ 44, 70, 17, 52]],

[ 14, 25, 0,[ 4, 3, 94]],

[ 56, 35, 0,[ 92, 95, 61]],

[ 53, 25, 0,[ 0, 8, 75, 35]],

[ 28, 25, 0,[ 71, 96, 23, 52]],

[ 71, 25, 0,[ 11, 76, 28]],

[ 2, 95, 0,[ 35, 96, 99]],

[ 82, 85, 0,[]],

[ 73, 25, 0,[ 3, 91, 44]],

[ 11, 25, 0,[ 71, 80, 27]],

[ 42, 55, 0,[ 44, 19, 96]],

[ 99, 85, 0,[ 16, 17, 2]],

[ 95, 95, 0,[ 56, 35, 51]],

[ 30, 35, 0,[ 61, 86, 55]],

[ 50, 25, 0,[ 22, 61, 47]],

[ 92, 25, 0,[ 44, 56, 88]],

[ 85, 95, 0,[ 91, 31, 66, 96, 38]],

[ 49, 25, 0,[ 1, 36, 7]],

[ 67, 25, 0,[ 7, 44, 69]],

[ 59, 25, 0,[ 40, 69, 76, 80, 35, 84]],

[ 74, 25, 0,[ 29, 51, 75]],

[ 6, 25, 0,[ 52, 5, 8]],

[ 96, 95, 1,[ 66, 43, 15, 17, 32, 13, 46, 90, 2, 28, 98, 24, 40, 51, 12, 42, 76, 16, 93, 8, 3, 37, 85]],

[ 63, 25, 0,[ 41, 89, 44]],

[ 19, 55, 0,[ 16, 93, 42, 81]],

[ 81, 25, 0,[ 19, 24, 64]],

[ 15, 35, 0,[ 7, 96, 8]],

[ 23, 25, 0,[ 28, 70, 35]],

[ 9, 55, 0,[]],

[ 25, 85, 0,[ 70, 58]],

[ 16, 55, 0,[ 19, 99, 79, 96]],

[ 45, 55, 0,[ 35, 44, 18]],

[ 46, 35, 0,[ 96, 61, 78]],

[ 58, 85, 0,[ 25, 7, 37]],

[ 55, 35, 0,[ 30, 98, 18]],

[ 10, 25, 0,[ 39, 61, 32, 44]],

[ 78, 65, 0,[ 46, 33, 4]],

[ 7, 25, 0,[ 58, 29, 44, 49, 15, 67]],

[ 27, 25, 0,[ 44, 61, 11]],

[ 51, 95, 0,[ 96, 95, 74]],

