[ 50, 25, 1,[ 23, 10, 0]],

[ 79, 95, 0,[ 4, 98, 66]],

[ 53, 55, 1,[ 42, 72, 67]],

[ 72, 15, 0,[ 51, 45, 52, 53, 75]],

[ 31, 95, 0,[ 57, 65, 6]],

[ 75, 95, 0,[ 64, 72, 4]],

[ 43, 35, 1,[ 25, 38, 60]],

[ 2, 75, 1,[ 5, 24, 97]],

[ 84, 15, 0,[ 91, 28, 98]],

[ 3, 5, 1,[ 13, 76, 62]],

[ 42, 75, 0,[ 10, 53, 47, 82]],

[ 97, 35, 0,[ 2, 90, 88]],

[ 24, 15, 0,[ 2, 21, 7]],

[ 92, 85, 0,[ 44, 73, 99, 40, 70]],

[ 15, 25, 1,[ 73, 87, 82, 18]],

[ 37, 15, 0,[ 25, 7, 66, 91, 33, 27]],

[ 39, 85, 0,[ 93, 73, 38]],

[ 78, 95, 1,[ 66, 34, 91, 4]],

[ 94, 55, 0,[ 54, 20, 63, 49]],

[ 28, 45, 1,[ 56, 87, 58, 84, 80]],

[ 98, 65, 1,[ 36, 55, 29, 79, 84]],

[ 27, 85, 1,[ 59, 37, 82]],

[ 77, 85, 1,[ 45, 44, 81, 48]],

[ 49, 85, 1,[ 47, 94, 51]],

[ 57, 65, 1,[ 20, 31, 62]],

[ 85, 5, 1,[ 89, 26, 64]],

[ 17, 35, 0,[ 32, 81, 1, 70, 9, 12, 52]],

[ 99, 65, 0,[ 1, 13, 18, 38, 92, 60]],

[ 71, 85, 0,[ 74, 11, 64]],

[ 81, 95, 0,[ 77, 17, 41]],

[ 89, 75, 0,[ 76, 52, 85, 60]],

[ 11, 85, 1,[ 22, 71, 26]],

[ 56, 95, 0,[ 16, 28, 83]],

[ 61, 95, 0,[ 65, 5, 68, 16, 96]],

[ 45, 45, 1,[ 72, 77, 8]],

[ 70, 55, 1,[ 17, 10, 92]],

[ 80, 75, 0,[ 64, 28, 69]],

[ 33, 15, 0,[ 46, 7, 37]],

[ 10, 35, 0,[ 58, 23, 70, 35, 42, 0, 50]],

[ 95, 15, 0,[ 35, 65, 19]],

[ 41, 95, 1,[ 81, 8, 59]],

[ 63, 25, 1,[ 94, 93, 62]],

[ 82, 35, 0,[ 42, 27, 55, 15]],

[ 64, 25, 1,[ 80, 85, 75, 71, 16]],

[ 22, 55, 1,[ 11, 83, 86]],

[ 52, 65, 0,[ 89, 72, 51, 17]],

[ 19, 15, 0,[ 6, 51, 95]],

[ 96, 95, 0,[ 13, 61, 55, 88]],

[ 51, 15, 0,[ 49, 93, 19, 52, 72]],

[ 74, 85, 0,[ 83, 23, 71]],

[ 5, 25, 1,[ 68, 90, 61, 2]],

[ 65, 55, 1,[ 61, 95, 31, 90]],

[ 7, 5, 1,[ 14, 62, 33, 21, 37, 24, 34]],

[ 73, 5, 1,[ 92, 39, 15, 46]],

[ 0, 55, 1,[ 44, 50, 10]],

[ 58, 5, 1,[ 1, 28, 10]],

[ 44, 85, 0,[ 67, 0, 92, 77]],

[ 66, 95, 0,[ 78, 37, 79]],

[ 18, 15, 1,[ 15, 14, 54, 99]],

[ 48, 95, 0,[ 6, 25, 77]],

[ 55, 95, 1,[ 82, 8, 96, 98]],

[ 34, 35, 1,[ 12, 78, 7]],

[ 87, 55, 1,[ 28, 67, 69, 35, 15]],

[ 62, 55, 0,[ 88, 7, 63, 3, 57]],

[ 69, 85, 1,[ 87, 80, 68]],

[ 40, 75, 0,[ 6, 76, 92]],

[ 47, 35, 1,[ 42, 14, 49]],

[ 32, 35, 0,[ 17, 12, 36]],

[ 21, 55, 1,[ 86, 7, 24]],

[ 14, 65, 0,[ 18, 7, 30, 47]],

[ 4, 45, 1,[ 79, 78, 75]],

[ 91, 45, 1,[ 84, 78, 37]],

[ 26, 75, 0,[ 85, 36, 11]],

[ 23, 55, 0,[ 50, 6, 74, 10]],

[ 16, 95, 0,[ 56, 64, 61]],

[ 54, 55, 0,[ 18, 94, 38]],

[ 88, 35, 1,[ 97, 62, 96]],

[ 6, 95, 0,[ 19, 48, 23, 31, 40]],

[ 30, 75, 1,[ 67, 20, 14]],

[ 12, 75, 1,[ 34, 32, 17]],

[ 35, 35, 0,[ 95, 60, 10, 87]],

[ 36, 95, 1,[ 26, 32, 98]],

[ 59, 85, 0,[ 41, 68, 27, 90]],

[ 83, 95, 1,[ 22, 74, 56]],

[ 93, 15, 1,[ 63, 39, 51]],

[ 25, 55, 1,[ 48, 43, 37]],

[ 13, 65, 0,[ 3, 99, 96]],

[ 29, 65, 0,[ 98, 68]],

[ 38, 65, 1,[ 43, 99, 54, 39]],

[ 9, 75, 1,[ 8, 1, 17]],

[ 76, 75, 0,[ 40, 89, 3]],

[ 46, 85, 0,[ 33, 73, 1]],

[ 67, 55, 1,[ 30, 53, 1, 87, 44]],

[ 1, 45, 1,[ 99, 9, 67, 46, 58, 20, 17]],

[ 90, 15, 1,[ 5, 97, 65, 59]],

[ 20, 55, 0,[ 94, 1, 57, 30]],

[ 60, 85, 1,[ 43, 99, 35, 89]],

[ 68, 85, 0,[ 61, 59, 29, 5, 69]],

[ 8, 65, 0,[ 45, 55, 9, 86, 41]],

[ 86, 45, 1,[ 21, 8, 22]],

