[ 45, 15, 1,[ 56, 77, 25]],

[ 32, 15, 0,[ 58, 5, 85]],

[ 40, 75, 0,[ 47, 63, 74]],

[ 71, 95, 1,[ 17, 42, 35, 1]],

[ 93, 95, 1,[ 20, 55, 59]],

[ 91, 5, 1,[ 48, 97]],

[ 28, 45, 1,[ 41, 50, 5]],

[ 48, 95, 0,[ 6, 79, 91]],

[ 50, 45, 1,[ 44, 18, 97, 28]],

[ 47, 95, 1,[ 53, 51, 49, 22, 52, 19, 40]],

[ 19, 65, 0,[ 41, 47, 64]],

[ 2, 45, 1,[ 25, 92, 14]],

[ 34, 45, 1,[ 90, 26, 5]],

[ 8, 15, 0,[ 27, 42, 41, 68]],

[ 99, 95, 0,[ 87, 26, 38]],

[ 38, 35, 1,[ 68, 85, 99, 1]],

[ 3, 15, 1,[ 80, 61, 72, 10, 69]],

[ 67, 95, 1,[ 78, 16, 55, 26]],

[ 36, 85, 1,[ 72, 77, 30]],

[ 42, 15, 0,[ 71, 8, 52]],

[ 18, 45, 1,[ 50, 65, 98]],

[ 56, 15, 0,[ 5, 45, 83]],

[ 68, 45, 0,[ 9, 78, 38, 8]],

[ 70, 35, 1,[ 75, 54, 66]],

[ 64, 35, 1,[ 19, 24, 44, 63]],

[ 15, 75, 1,[ 66, 86, 59]],

[ 23, 75, 0,[ 62, 69]],

[ 55, 95, 1,[ 93, 67, 76, 7, 90, 65]],

[ 74, 75, 0,[ 40, 63, 60]],

[ 72, 95, 0,[ 41, 3, 36]],

[ 57, 95, 1,[ 12, 76, 82]],

[ 52, 35, 0,[ 78, 47, 42]],

[ 1, 95, 1,[ 71, 38, 60]],

[ 0, 55, 1,[ 46, 37, 76]],

[ 60, 55, 1,[ 1, 54, 74, 65]],

[ 59, 95, 0,[ 79, 93, 29, 82, 15]],

[ 89, 55, 0,[ 86, 31, 41]],

[ 16, 95, 0,[ 13, 67, 58, 80]],

[ 76, 95, 0,[ 57, 0, 79, 55]],

[ 58, 95, 1,[ 16, 98, 32]],

[ 46, 95, 0,[ 0, 13, 33]],

[ 33, 95, 0,[ 61, 20, 46]],

[ 5, 15, 1,[ 56, 28, 92, 81, 32, 41, 34, 69, 62]],

[ 6, 95, 0,[ 48, 27, 31]],

[ 25, 45, 1,[ 37, 2, 78, 45, 65]],

[ 77, 85, 1,[ 36, 24, 45]],

[ 86, 5, 1,[ 15, 89]],

[ 69, 25, 1,[ 87, 23, 3, 5]],

[ 78, 45, 1,[ 25, 52, 68, 67]],

[ 80, 95, 0,[ 3, 16, 21]],

[ 87, 95, 0,[ 99, 69, 53]],

[ 95, 15, 0,[ 27, 12, 73]],

[ 66, 35, 0,[ 15, 70, 83]],

[ 4, 55, 1,[ 49, 94, 43]],

[ 92, 15, 1,[ 5, 83, 2]],

[ 62, 15, 1,[ 11, 23, 94, 5]],

[ 22, 95, 0,[ 47, 54, 96]],

[ 81, 95, 0,[ 5, 39, 29]],

[ 53, 25, 1,[ 87, 39, 47]],

[ 54, 95, 1,[ 22, 70, 60, 13]],

[ 11, 5, 1,[ 62, 41, 97]],

[ 44, 65, 0,[ 17, 64, 50]],

[ 21, 95, 1,[ 61, 80, 98]],

[ 10, 95, 0,[ 84, 61, 3]],

[ 96, 95, 0,[ 82, 90, 22]],

[ 24, 65, 0,[ 85, 77, 64, 39]],

[ 90, 95, 0,[ 34, 96, 55]],

[ 26, 95, 0,[ 34, 67, 99]],

[ 85, 65, 0,[ 24, 38, 32]],

[ 27, 15, 1,[ 8, 95, 6]],

[ 51, 15, 1,[ 30, 73, 47]],

[ 94, 55, 0,[ 4, 62]],

[ 29, 95, 0,[ 59, 81, 88]],

[ 9, 45, 1,[ 39, 43, 82, 73, 68]],

[ 73, 95, 1,[ 95, 51, 7, 9]],

[ 12, 95, 1,[ 30, 95, 57]],

[ 63, 75, 1,[ 40, 74, 64]],

[ 75, 55, 0,[ 70, 41, 88]],

[ 61, 95, 0,[ 33, 3, 21, 97, 10]],

[ 88, 95, 0,[ 29, 75]],

[ 31, 95, 0,[ 89, 14, 6]],

[ 41, 35, 1,[ 11, 72, 89, 28, 75, 5, 8, 19]],

[ 7, 95, 1,[ 43, 55, 73]],

[ 82, 95, 0,[ 57, 59, 96, 9, 37]],

[ 39, 95, 0,[ 24, 53, 30, 9, 81]],

[ 49, 5, 1,[ 17, 47, 4]],

[ 37, 95, 0,[ 25, 0, 82]],

[ 83, 25, 1,[ 92, 56, 66]],

[ 17, 95, 0,[ 49, 44, 71]],

[ 35, 95, 0,[ 71, 20]],

[ 97, 5, 0,[ 50, 61, 91, 11]],

[ 30, 95, 1,[ 12, 51, 39, 36]],

[ 98, 15, 1,[ 21, 18, 58]],

[ 14, 95, 0,[ 31, 84, 2]],

[ 20, 95, 0,[ 33, 93, 35]],

[ 79, 95, 0,[ 76, 59, 48]],

[ 13, 95, 0,[ 16, 54, 46]],

[ 43, 95, 1,[ 9, 4, 7]],

[ 84, 95, 0,[ 14, 10]],

[ 65, 65, 1,[ 60, 55, 25, 18]],

