[ 74, 95, 0,[ 68, 17, 2, 64]],

[ 38, 65, 0,[ 32, 48, 33]],

[ 32, 65, 1,[ 38, 55, 18, 0]],

[ 48, 65, 1,[ 35, 60, 38, 61]],

[ 99, 55, 1,[ 18, 46, 14]],

[ 42, 85, 1,[ 89, 36, 1, 79, 35]],

[ 56, 85, 1,[ 50, 8, 25]],

[ 25, 85, 0,[ 54, 56, 47]],

[ 96, 85, 1,[ 47, 43, 77]],

[ 24, 15, 1,[ 6, 57, 87, 49]],

[ 60, 65, 0,[ 20, 48, 95, 45, 36]],

[ 79, 85, 0,[ 47, 75, 42, 59]],

[ 75, 95, 1,[ 11, 41, 79, 9]],

[ 69, 15, 0,[ 53, 66, 80]],

[ 5, 35, 0,[ 89, 35, 57]],

[ 87, 65, 1,[ 8, 24, 16, 40, 72, 13]],

[ 13, 35, 1,[ 87, 17, 4, 22]],

[ 72, 5, 1,[ 62, 44, 65, 87, 80]],

[ 67, 95, 0,[ 84, 94, 41, 35, 86]],

[ 23, 75, 1,[ 93, 76, 39]],

[ 27, 85, 0,[ 85, 21, 31]],

[ 66, 15, 1,[ 98, 28, 69]],

[ 86, 45, 0,[ 88, 71, 67, 59, 37]],

[ 95, 65, 0,[ 55, 60, 97]],

[ 63, 95, 0,[ 77, 70, 6, 22]],

[ 76, 35, 1,[ 23, 0, 90, 68, 78]],

[ 33, 75, 1,[ 71, 4, 38, 19]],

[ 83, 65, 0,[ 43, 73, 45, 77]],

[ 89, 85, 1,[ 31, 42, 88, 5]],

[ 45, 65, 0,[ 83, 60, 73, 91]],

[ 90, 35, 1,[ 10, 26, 34, 76]],

[ 82, 45, 1,[ 43, 52, 85]],

[ 41, 95, 0,[ 67, 75, 71]],

[ 28, 15, 0,[ 15, 66, 92]],

[ 51, 75, 1,[ 8, 61]],

[ 3, 15, 0,[ 68, 84, 11]],

[ 55, 65, 0,[ 30, 32, 12, 95]],

[ 31, 85, 1,[ 62, 27, 89]],

[ 18, 45, 0,[ 32, 65, 99]],

[ 93, 75, 0,[ 23, 71, 85]],

[ 7, 55, 0,[ 15, 12, 10]],

[ 52, 15, 1,[ 44, 82, 10]],

[ 50, 55, 0,[ 81, 40, 56]],

[ 20, 15, 1,[ 21, 60, 46]],

[ 29, 5, 1,[ 91, 61, 39]],

[ 40, 55, 1,[ 87, 58, 1, 50, 30]],

[ 65, 45, 0,[ 72, 78, 18, 37]],

[ 80, 15, 1,[ 54, 58, 69, 72]],

[ 53, 15, 0,[ 49, 69, 11]],

[ 0, 65, 0,[ 76, 32, 39]],

[ 61, 35, 1,[ 29, 51, 48]],

[ 46, 85, 1,[ 20, 62, 99, 59]],

[ 57, 65, 0,[ 73, 26, 5, 24]],

[ 11, 15, 0,[ 75, 3, 53]],

[ 6, 65, 1,[ 63, 24, 1, 12]],

[ 88, 5, 1,[ 86, 89, 44]],

[ 94, 95, 1,[ 67, 64, 49, 78]],

[ 16, 85, 1,[ 37, 22, 87]],

[ 10, 55, 1,[ 90, 7, 52]],

[ 39, 65, 0,[ 0, 29, 23]],

[ 62, 5, 1,[ 46, 98, 31, 72]],

[ 9, 95, 0,[ 84, 77, 75]],

[ 64, 95, 0,[ 77, 94, 74]],

[ 12, 65, 0,[ 6, 26, 7, 55]],

[ 15, 15, 0,[ 7, 28, 70, 4]],

[ 14, 15, 0,[ 84, 97, 99]],

[ 43, 65, 0,[ 96, 83, 97, 82]],

[ 73, 65, 0,[ 45, 83, 57]],

[ 49, 15, 0,[ 24, 53, 94]],

[ 8, 75, 1,[ 30, 51, 87, 56]],

[ 19, 25, 1,[ 33, 34, 92]],

[ 85, 85, 1,[ 82, 27, 93]],

[ 58, 55, 0,[ 37, 40, 80]],

[ 44, 5, 1,[ 72, 52, 88]],

[ 91, 5, 0,[ 29, 45, 98]],

[ 36, 15, 0,[ 84, 42, 60]],

[ 35, 35, 1,[ 67, 42, 48, 5]],

[ 2, 55, 0,[ 92, 74, 54]],

[ 81, 95, 1,[ 50, 70]],

[ 17, 5, 1,[ 37, 13, 74]],

[ 4, 15, 0,[ 33, 13, 15, 21]],

[ 84, 15, 1,[ 67, 9, 14, 36, 3]],

[ 54, 75, 1,[ 25, 2, 80]],

[ 26, 95, 1,[ 12, 57, 90]],

[ 97, 65, 1,[ 14, 95, 43]],

[ 77, 95, 0,[ 83, 34, 63, 9, 96, 64]],

[ 78, 45, 0,[ 76, 65, 94]],

[ 92, 55, 1,[ 2, 19, 28]],

[ 59, 55, 1,[ 79, 86, 46]],

[ 71, 25, 1,[ 41, 93, 33, 86]],

[ 30, 55, 0,[ 8, 40, 55]],

[ 70, 95, 0,[ 15, 63, 81]],

[ 47, 85, 0,[ 79, 96, 25]],

[ 21, 15, 0,[ 4, 27, 20]],

[ 37, 45, 1,[ 17, 65, 58, 86, 16]],

[ 34, 25, 0,[ 77, 19, 90]],

[ 98, 5, 0,[ 91, 62, 66]],

[ 1, 85, 0,[ 6, 40, 42]],

[ 22, 35, 1,[ 13, 16, 63]],

[ 68, 65, 1,[ 3, 76, 74]],

[ 35, 95, 1,[ 54, 90, 91, 33, 24]],

[ 59, 15, 0,[ 10, 49, 68, 4]],

[ 6, 15, 0,[ 71, 13, 63]],

[ 76, 15, 0,[ 43, 71, 53]],

[ 83, 15, 0,[ 64, 60, 77]],

[ 57, 15, 0,[ 75, 4, 51, 85]],

[ 16, 15, 0,[ 69, 65, 12, 63]],

[ 13, 15, 0,[ 6, 49, 10, 82, 64]],

[ 79, 15, 0,[ 54, 56, 43, 87, 3]],

[ 30, 15, 0,[ 50, 11, 96, 9, 31, 95]],

[ 14, 15, 0,[ 28, 19]],

[ 25, 15, 0,[ 1, 21, 23]],

[ 86, 15, 0,[ 9, 15]],

[ 42, 15, 0,[ 78, 40, 1, 53]],

[ 43, 15, 0,[ 76, 79, 48, 92]],

[ 99, 15, 0,[ 51, 66, 44]],

[ 41, 15, 0,[ 84, 29, 61]],

[ 89, 65, 1,[ 46, 2, 85]],

[ 1, 15, 0,[ 8, 42, 25, 80]],

[ 60, 15, 0,[ 85, 83, 69]],

[ 69, 15, 0,[ 16, 38, 60]],

[ 62, 15, 0,[ 7, 68, 26]],

[ 5, 15, 0,[ 18, 81, 92]],

[ 56, 15, 0,[ 49, 79, 28]],

[ 64, 15, 0,[ 13, 83, 90]],

[ 24, 25, 1,[ 35, 73]],

[ 67, 15, 0,[ 68, 91, 72]],

[ 71, 15, 0,[ 6, 76, 20, 36, 87]],

[ 37, 75, 1,[ 8, 52, 61]],

[ 84, 15, 0,[ 41, 40, 58, 45]],

[ 92, 15, 0,[ 5, 21, 31, 43]],

[ 52, 45, 1,[ 80, 12, 10, 37]],

[ 4, 15, 0,[ 98, 57, 59]],

[ 45, 15, 0,[ 84, 44, 58]],

[ 46, 15, 0,[ 82, 63, 95, 89]],

[ 58, 15, 0,[ 40, 45, 84]],

[ 12, 15, 0,[ 23, 17, 52, 16, 11]],

[ 48, 15, 0,[ 49, 39, 43]],

[ 80, 15, 0,[ 2, 52, 1]],

[ 78, 15, 0,[ 42, 18, 32, 33]],

[ 29, 15, 0,[ 41, 33, 18]],

[ 54, 15, 0,[ 35, 74, 79]],

[ 66, 15, 0,[ 3, 22, 96, 99, 44]],

[ 7, 15, 0,[ 26, 38, 62, 65, 75]],

[ 31, 55, 1,[ 81, 92, 30]],

[ 73, 15, 0,[ 77, 8, 24]],

[ 32, 15, 0,[ 78, 96]],

[ 55, 15, 0,[ 82, 3, 74]],

[ 17, 15, 0,[ 12, 15, 20]],

[ 63, 15, 0,[ 46, 16, 6]],

[ 82, 15, 0,[ 46, 55, 94, 13]],

[ 38, 15, 0,[ 7, 69, 77]],

[ 11, 15, 0,[ 12, 30]],

[ 23, 15, 0,[ 25, 93, 12]],

[ 87, 15, 0,[ 71, 79, 72]],

[ 75, 15, 0,[ 7, 57, 28]],

[ 93, 15, 0,[ 50, 23, 88, 74]],

[ 26, 15, 0,[ 20, 33, 62, 7]],

[ 90, 15, 0,[ 64, 22, 35]],

[ 10, 15, 0,[ 59, 52, 13]],

[ 68, 15, 0,[ 47, 36, 70, 62, 67, 59]],

[ 0, 15, 0,[ 21, 98]],

[ 40, 15, 0,[ 84, 42, 58]],

[ 33, 15, 0,[ 35, 29, 26, 78]],

[ 27, 15, 0,[ 96, 34, 72, 51, 70]],

[ 19, 15, 0,[ 98, 77, 14, 18]],

[ 47, 15, 0,[ 68, 44, 28]],

[ 15, 15, 0,[ 18, 86, 17]],

[ 18, 15, 0,[ 5, 98, 78, 15, 36, 29, 19]],

[ 44, 15, 0,[ 45, 99, 66, 47]],

[ 81, 35, 1,[ 5, 31, 88, 95]],

[ 9, 15, 0,[ 95, 30, 86]],

[ 39, 15, 0,[ 61, 95, 48]],

[ 65, 15, 0,[ 7, 16]],

[ 96, 65, 1,[ 32, 66, 30, 27]],

[ 28, 15, 0,[ 47, 14, 75, 56]],

[ 8, 25, 1,[ 1, 37, 73, 50]],

[ 97, 15, 0,[ 98, 91, 77]],

[ 53, 15, 0,[ 95, 76, 42]],

[ 77, 15, 0,[ 38, 97, 73, 94, 83, 19]],

[ 21, 15, 0,[ 34, 92, 0, 94, 25]],

[ 51, 15, 0,[ 57, 99, 27]],

[ 36, 15, 0,[ 18, 68, 71]],

[ 95, 15, 0,[ 70, 30, 46, 9, 39, 81, 53]],

[ 2, 15, 0,[ 88, 89, 34, 80]],

[ 3, 15, 0,[ 79, 66, 55]],

[ 34, 15, 0,[ 21, 22, 2, 27]],

[ 20, 15, 0,[ 17, 71, 26]],

[ 22, 15, 0,[ 90, 66, 34]],

[ 61, 85, 1,[ 39, 37, 41]],

[ 74, 15, 0,[ 55, 54, 93]],

[ 98, 15, 0,[ 19, 0, 18, 97, 4]],

[ 94, 15, 0,[ 21, 82, 77]],

[ 70, 15, 0,[ 95, 68, 27]],

[ 88, 15, 0,[ 2, 93, 81]],

[ 85, 15, 0,[ 60, 57, 89]],

[ 50, 15, 0,[ 93, 8, 30]],

[ 49, 15, 0,[ 56, 59, 13, 48]],

[ 72, 15, 0,[ 27, 87, 67]],

[ 91, 15, 0,[ 67, 97, 35]],

