[ 13, 65, 0,[ 72, 10, 94, 26]],

[ 26, 65, 0,[ 13, 64, 22, 85]],

[ 20, 45, 0,[ 71, 80, 43]],

[ 95, 65, 0,[ 7, 62, 53]],

[ 98, 65, 1,[ 41, 78, 31]],

[ 51, 55, 0,[ 6, 99, 54]],

[ 89, 65, 0,[ 59, 61, 49, 40]],

[ 54, 95, 0,[ 51, 24, 34, 96]],

[ 30, 35, 1,[ 63, 21, 88]],

[ 58, 15, 1,[ 72, 78, 35]],

[ 90, 25, 0,[ 77, 56, 73]],

[ 41, 25, 1,[ 9, 32, 57, 98, 83, 37]],

[ 22, 65, 0,[ 16, 26, 1]],

[ 39, 25, 0,[ 56, 3, 15]],

[ 75, 65, 0,[ 72, 1, 97]],

[ 15, 45, 1,[ 39, 67, 70]],

[ 55, 65, 1,[ 82, 84, 68, 45, 7]],

[ 2, 25, 1,[ 83, 63, 33]],

[ 48, 95, 0,[ 31, 76, 14]],

[ 8, 95, 0,[ 71, 24, 36]],

[ 33, 25, 0,[ 2, 69]],

[ 36, 5, 1,[ 8, 92, 0]],

[ 64, 45, 1,[ 26, 87, 92]],

[ 96, 15, 0,[ 29, 10, 54]],

[ 7, 65, 1,[ 44, 95, 55]],

[ 44, 65, 0,[ 21, 79, 7]],

[ 77, 85, 1,[ 62, 69, 90]],

[ 9, 85, 1,[ 12, 87, 41, 46, 35]],

[ 3, 55, 1,[ 84, 11, 39]],

[ 72, 65, 0,[ 58, 80, 73, 75, 13]],

[ 16, 95, 1,[ 24, 82, 22]],

[ 97, 65, 0,[ 6, 75, 50]],

[ 42, 95, 0,[ 93, 46, 35]],

[ 85, 55, 0,[ 99, 26, 88]],

[ 31, 95, 0,[ 98, 81, 48, 62]],

[ 57, 35, 1,[ 12, 41, 37]],

[ 93, 95, 1,[ 42, 71, 65]],

[ 91, 25, 1,[ 73, 27]],

[ 50, 65, 1,[ 97, 76, 28]],

[ 68, 65, 0,[ 24, 55, 78]],

[ 6, 55, 0,[ 51, 97, 70]],

[ 62, 65, 0,[ 31, 77, 95, 46]],

[ 65, 95, 1,[ 93, 0, 37]],

[ 17, 65, 0,[ 61, 76, 84]],

[ 60, 65, 1,[ 56, 99, 34]],

[ 24, 95, 0,[ 8, 68, 54, 16]],

[ 53, 15, 1,[ 94, 95, 92]],

[ 27, 75, 1,[ 43, 32, 91, 99]],

[ 81, 95, 0,[ 38, 31, 86]],

[ 80, 45, 0,[ 52, 20, 72]],

[ 4, 25, 1,[ 99, 45, 79]],

[ 99, 55, 0,[ 85, 18, 27, 51, 4, 60, 25]],

[ 71, 45, 1,[ 29, 8, 93, 20]],

[ 47, 25, 1,[ 94, 10, 25]],

[ 46, 65, 0,[ 62, 23, 42, 9]],

[ 79, 65, 0,[ 88, 4, 44]],

[ 70, 15, 1,[ 15, 61, 49, 6]],

[ 40, 65, 0,[ 76, 89]],

[ 14, 75, 0,[ 73, 48, 86]],

[ 52, 95, 0,[ 69, 43, 80, 25]],

[ 1, 65, 1,[ 28, 22, 75]],

[ 32, 85, 0,[ 5, 41, 27]],

[ 86, 65, 1,[ 81, 14, 73]],

[ 78, 55, 1,[ 74, 58, 0, 98, 68]],

[ 45, 25, 1,[ 4, 43, 55]],

[ 61, 65, 0,[ 89, 70, 17]],

[ 29, 15, 0,[ 59, 71, 96]],

[ 88, 65, 0,[ 30, 85, 79]],

[ 74, 75, 1,[ 78, 84, 69]],

[ 12, 35, 1,[ 9, 73, 57]],

[ 82, 65, 0,[ 16, 55]],

[ 28, 65, 1,[ 1, 50, 87]],

[ 92, 45, 1,[ 5, 64, 53, 36, 38]],

[ 18, 85, 1,[ 19, 5, 99]],

[ 87, 55, 1,[ 28, 9, 64]],

[ 11, 95, 1,[ 38, 3, 69]],

[ 63, 75, 1,[ 2, 10, 30]],

[ 37, 25, 0,[ 41, 57, 56, 65]],

[ 69, 25, 1,[ 52, 33, 74, 11, 77]],

[ 35, 95, 0,[ 42, 9, 58]],

[ 5, 85, 1,[ 32, 67, 34, 18, 92]],

[ 25, 55, 1,[ 52, 99, 47]],

[ 21, 5, 1,[ 30, 44, 19]],

[ 34, 15, 1,[ 5, 60, 54]],

[ 23, 65, 0,[ 46, 67, 66]],

[ 19, 85, 0,[ 49, 21, 18]],

[ 73, 75, 1,[ 91, 14, 66, 86, 72, 12, 90]],

[ 56, 25, 0,[ 90, 60, 37, 39]],

[ 10, 55, 0,[ 67, 47, 96, 63, 13]],

[ 49, 45, 1,[ 89, 70, 19]],

[ 66, 65, 0,[ 23, 73, 84]],

[ 76, 65, 0,[ 17, 40, 48, 50]],

[ 38, 95, 1,[ 83, 81, 11, 92]],

[ 0, 35, 1,[ 78, 36, 65]],

[ 83, 95, 1,[ 38, 41, 2]],

[ 43, 95, 1,[ 45, 20, 52, 27]],

[ 94, 65, 0,[ 53, 13, 47]],

[ 67, 55, 1,[ 10, 5, 15, 23]],

[ 84, 65, 0,[ 17, 66, 74, 55, 3]],

[ 59, 65, 0,[ 29, 89]],

