[ 22, 25, 1,[ 79, 62, 92]],

[ 20, 35, 1,[ 25, 21, 11]],

[ 24, 95, 1,[ 23, 56, 37]],

[ 14, 85, 0,[ 77, 67, 85]],

[ 78, 25, 1,[ 76, 50, 74]],

[ 21, 85, 0,[ 26, 20, 80]],

[ 61, 65, 1,[ 46, 23, 92]],

[ 74, 25, 1,[ 73, 78, 75]],

[ 47, 85, 0,[ 2, 49, 67, 89, 48]],

[ 18, 85, 0,[ 75, 57, 19, 30]],

[ 76, 95, 1,[ 35, 78, 55, 95, 77, 10]],

[ 96, 85, 1,[ 57, 87, 68, 77]],

[ 77, 85, 0,[ 76, 15, 14, 96]],

[ 17, 75, 1,[ 46, 89, 26]],

[ 55, 85, 0,[ 71, 76, 84]],

[ 29, 85, 0,[ 13, 25, 44]],

[ 51, 85, 1,[ 59, 3, 79]],

[ 35, 15, 1,[ 64, 76, 43]],

[ 9, 85, 0,[ 59, 7, 85, 11]],

[ 52, 85, 1,[ 48, 66, 41, 37]],

[ 0, 85, 0,[ 98, 83, 6, 63]],

[ 6, 95, 1,[ 0, 95, 48]],

[ 97, 85, 1,[ 72, 27, 56, 82]],

[ 93, 85, 0,[ 84, 3]],

[ 73, 85, 0,[ 59, 32, 74, 42]],

[ 59, 85, 1,[ 73, 51, 9]],

[ 41, 85, 0,[ 52, 1, 50]],

[ 10, 75, 1,[ 31, 76, 7]],

[ 40, 85, 0,[ 37, 84, 58]],

[ 38, 85, 0,[ 94, 34, 1]],

[ 63, 85, 0,[ 90, 49, 0]],

[ 90, 85, 1,[ 89, 5, 81, 63]],

[ 60, 85, 0,[ 62, 92, 81]],

[ 4, 85, 0,[ 65, 42, 30, 53]],

[ 48, 95, 1,[ 6, 68, 47, 13, 52]],

[ 53, 85, 0,[ 54, 4, 98]],

[ 84, 85, 1,[ 93, 40, 55, 82]],

[ 49, 85, 0,[ 50, 63, 47]],

[ 43, 85, 0,[ 35, 68, 85]],

[ 5, 85, 0,[ 46, 90, 64]],

[ 81, 95, 1,[ 60, 79, 71, 90, 19]],

[ 7, 85, 0,[ 75, 10, 58, 9]],

[ 98, 85, 0,[ 53, 33, 0]],

[ 3, 85, 0,[ 51, 93, 94]],

[ 67, 85, 0,[ 14, 47, 71]],

[ 64, 85, 0,[ 35, 65, 2, 82, 66, 5]],

[ 68, 75, 1,[ 43, 48, 96, 8]],

[ 85, 85, 0,[ 43, 14, 9]],

[ 1, 85, 0,[ 38, 41, 70, 87, 27]],

[ 56, 85, 1,[ 97, 54, 42, 24]],

[ 65, 85, 0,[ 64, 31, 4]],

[ 79, 35, 1,[ 51, 81, 22]],

[ 2, 85, 0,[ 11, 47, 64]],

[ 15, 85, 0,[ 12, 77, 80]],

[ 16, 35, 1,[ 28, 30, 91]],

[ 13, 45, 1,[ 89, 29, 48]],

[ 26, 65, 1,[ 17, 21, 69]],

[ 58, 85, 0,[ 86, 40, 7]],

[ 54, 85, 0,[ 53, 25, 56]],

[ 30, 85, 0,[ 18, 16, 4]],

[ 71, 95, 1,[ 55, 67, 81]],

[ 99, 45, 1,[ 88, 36, 45]],

[ 95, 95, 1,[ 6, 76, 44]],

[ 27, 85, 0,[ 1, 70, 97]],

[ 45, 85, 0,[ 28, 99, 36]],

[ 92, 65, 1,[ 33, 60, 91, 61, 22]],

[ 75, 15, 1,[ 28, 7, 74, 31, 18]],

[ 72, 85, 1,[ 97, 23, 94]],

[ 37, 85, 1,[ 40, 39, 52, 24]],

[ 46, 85, 1,[ 5, 61, 17]],

[ 42, 85, 1,[ 73, 56, 4, 70, 8]],

[ 33, 85, 1,[ 92, 98, 32]],

[ 12, 85, 0,[ 15, 8, 80, 86]],

[ 31, 15, 1,[ 10, 65, 75]],

[ 36, 85, 0,[ 69, 88, 45, 99]],

[ 80, 85, 1,[ 21, 12, 15]],

[ 88, 85, 0,[ 36, 32, 99]],

[ 89, 85, 1,[ 83, 13, 17, 90, 47]],

[ 50, 85, 0,[ 34, 41, 8, 78, 49]],

[ 39, 85, 1,[ 37, 83, 57]],

[ 86, 85, 0,[ 12, 44, 58]],

[ 23, 45, 1,[ 61, 72, 24]],

[ 83, 85, 0,[ 89, 0, 39]],

[ 28, 85, 0,[ 16, 45, 75]],

[ 34, 85, 0,[ 57, 50, 38]],

[ 66, 85, 1,[ 64, 52, 11]],

[ 62, 15, 1,[ 22, 44, 60]],

[ 44, 65, 1,[ 29, 62, 86, 95]],

[ 8, 85, 1,[ 12, 68, 50, 42]],

[ 19, 75, 1,[ 18, 81]],

[ 91, 85, 0,[ 94, 16, 92]],

[ 82, 25, 1,[ 64, 87, 97, 84]],

[ 57, 85, 0,[ 18, 34, 39, 96]],

[ 94, 75, 1,[ 72, 91, 38, 3]],

[ 32, 85, 1,[ 33, 73, 88]],

[ 70, 85, 0,[ 27, 69, 42, 1]],

[ 25, 85, 0,[ 54, 29, 20]],

[ 69, 85, 0,[ 36, 26, 70]],

[ 11, 85, 0,[ 66, 9, 2, 20]],

[ 87, 85, 1,[ 82, 96, 1]],

