[ 13, 95, 1,[ 4, 89, 30, 44]],

[ 11, 15, 0,[ 66, 53, 92]],

[ 27, 65, 0,[ 46, 10, 52]],

[ 67, 75, 0,[ 65, 82, 3]],

[ 85, 55, 1,[ 36, 49, 5]],

[ 49, 55, 0,[ 85, 70, 55, 15]],

[ 74, 45, 1,[ 4, 30, 26]],

[ 42, 5, 1,[ 41, 52, 20]],

[ 19, 15, 1,[ 56, 14, 88, 35]],

[ 62, 25, 1,[ 48, 54, 40]],

[ 56, 35, 1,[ 96, 19, 83]],

[ 25, 75, 0,[ 61, 57, 76]],

[ 73, 15, 0,[ 29, 70, 0]],

[ 34, 95, 0,[ 29, 54, 10, 18]],

[ 37, 95, 1,[ 28, 38, 47]],

[ 80, 5, 1,[ 79, 45]],

[ 66, 75, 1,[ 90, 11, 50]],

[ 51, 75, 1,[ 75, 36, 78, 22]],

[ 60, 95, 0,[ 59, 68, 77, 33]],

[ 52, 75, 1,[ 42, 27]],

[ 12, 85, 0,[ 39, 65, 50]],

[ 9, 55, 0,[ 1, 6, 63]],

[ 5, 15, 0,[ 85, 29, 61]],

[ 20, 5, 1,[ 42, 89, 8]],

[ 83, 65, 0,[ 56, 90, 59]],

[ 45, 75, 0,[ 58, 80, 33]],

[ 24, 5, 1,[ 15, 71, 81, 2]],

[ 65, 85, 0,[ 12, 67, 79, 71, 75]],

[ 16, 85, 0,[ 32, 95, 40]],

[ 79, 85, 1,[ 68, 65, 99, 80, 41]],

[ 53, 15, 0,[ 81, 36, 11, 98]],

[ 28, 95, 0,[ 37, 96, 50]],

[ 30, 95, 0,[ 13, 74, 93]],

[ 44, 85, 1,[ 50, 22, 13]],

[ 4, 45, 0,[ 59, 74, 82, 13]],

[ 15, 65, 0,[ 48, 49, 24, 97]],

[ 46, 55, 1,[ 84, 32, 27, 48]],

[ 3, 55, 0,[ 0, 67, 55]],

[ 29, 95, 0,[ 34, 5, 59, 73, 91]],

[ 14, 95, 0,[ 38, 19, 57]],

[ 77, 95, 0,[ 60, 95]],

[ 89, 15, 1,[ 82, 20, 13]],

[ 70, 15, 0,[ 6, 73, 49]],

[ 41, 85, 0,[ 86, 42, 43, 79, 97]],

[ 61, 75, 1,[ 25, 98, 72, 5]],

[ 26, 45, 1,[ 74, 17, 6, 94]],

[ 78, 75, 0,[ 23, 51, 6]],

[ 40, 85, 1,[ 91, 62, 16]],

[ 43, 15, 0,[ 41, 18, 10]],

[ 63, 55, 0,[ 9, 35, 31]],

[ 96, 35, 1,[ 56, 28, 92]],

[ 72, 75, 1,[ 35, 91, 61, 32, 94, 1]],

[ 57, 95, 0,[ 14, 64, 25]],

[ 22, 95, 1,[ 92, 51, 44]],

[ 98, 75, 0,[ 53, 75, 61]],

[ 21, 65, 0,[ 58, 71, 87]],

[ 2, 75, 0,[ 23, 24, 17]],

[ 1, 55, 0,[ 35, 17, 72, 9]],

[ 50, 85, 0,[ 95, 66, 44, 99, 28, 12]],

[ 76, 65, 1,[ 25, 93, 6]],

[ 6, 55, 1,[ 76, 26, 9, 78, 70]],

[ 71, 85, 1,[ 24, 65, 94, 90, 21]],

[ 91, 95, 0,[ 72, 29, 40]],

[ 84, 55, 1,[ 47, 46, 35]],

[ 93, 5, 0,[ 30, 76]],

[ 88, 5, 1,[ 86, 19, 58, 7]],

[ 33, 95, 1,[ 55, 60, 45]],

[ 94, 75, 1,[ 72, 71, 26]],

[ 17, 75, 1,[ 26, 69, 1, 2]],

[ 99, 85, 1,[ 50, 59, 79]],

[ 36, 55, 0,[ 85, 51, 87, 53]],

[ 38, 95, 0,[ 64, 14, 37]],

[ 0, 15, 0,[ 64, 3, 73]],

[ 75, 65, 1,[ 98, 51, 65]],

[ 58, 75, 0,[ 45, 21, 88]],

[ 87, 55, 0,[ 36, 21, 39, 47]],

[ 92, 95, 1,[ 96, 11, 22]],

[ 59, 65, 1,[ 29, 99, 4, 60, 83]],

[ 97, 65, 1,[ 15, 41, 7]],

[ 10, 25, 1,[ 27, 34, 43]],

[ 82, 45, 1,[ 67, 18, 89, 4]],

[ 55, 55, 0,[ 3, 33, 49]],

[ 64, 95, 0,[ 38, 31, 0, 57]],

[ 31, 15, 1,[ 63, 7, 54, 64]],

[ 95, 95, 1,[ 50, 16, 77]],

[ 18, 45, 0,[ 82, 34, 43]],

[ 35, 55, 1,[ 1, 63, 19, 72, 84]],

[ 32, 85, 1,[ 39, 72, 16, 46]],

[ 86, 85, 0,[ 41, 88]],

[ 90, 55, 0,[ 83, 66, 71]],

[ 39, 15, 1,[ 12, 32, 87]],

[ 47, 55, 0,[ 37, 84, 87]],

[ 68, 45, 1,[ 60, 23, 79]],

[ 54, 55, 1,[ 62, 34, 31]],

[ 8, 15, 1,[ 20, 69]],

[ 81, 15, 1,[ 53, 7, 24]],

[ 7, 15, 0,[ 88, 81, 97, 31]],

[ 48, 25, 1,[ 23, 15, 69, 46, 62]],

[ 23, 35, 1,[ 2, 68, 48, 78]],

[ 69, 95, 0,[ 48, 17, 8]],

[ 98, 75, 0,[ 13, 59, 8, 69]],

[ 15, 75, 0,[ 24, 6, 50]],

[ 17, 75, 0,[ 93, 95, 59]],

[ 12, 75, 0,[ 13, 94, 99, 29]],

[ 50, 75, 0,[ 15, 81, 32]],

[ 38, 75, 0,[ 3, 37, 94, 19]],

[ 78, 75, 0,[ 88, 63, 67]],

[ 89, 25, 1,[ 0, 36, 25]],

[ 84, 75, 0,[ 36, 14, 53]],

[ 54, 75, 0,[ 57, 41, 92]],

[ 75, 75, 0,[ 3, 2]],

[ 28, 75, 0,[ 72, 29, 22]],

[ 30, 75, 0,[ 81, 59, 86]],

[ 2, 75, 0,[ 20, 82, 55, 75]],

[ 10, 75, 0,[ 1, 34, 35]],

[ 60, 75, 0,[ 33, 25, 55]],

[ 41, 75, 0,[ 39, 99, 5, 54]],

[ 76, 75, 0,[ 49, 87, 82]],

[ 91, 75, 0,[ 70, 21, 96]],

[ 42, 75, 0,[ 81, 44, 88]],

[ 32, 75, 0,[ 50, 62, 88]],

[ 95, 75, 0,[ 77, 17, 11]],

[ 86, 75, 0,[ 30, 97]],

[ 79, 75, 0,[ 46, 64, 96]],

[ 64, 75, 0,[ 49, 9, 79]],

[ 16, 75, 0,[ 4, 90, 3]],

[ 83, 75, 0,[ 11, 39, 4]],

[ 13, 75, 0,[ 97, 98, 51, 12]],

[ 56, 75, 0,[ 51, 71, 39]],

[ 7, 75, 0,[ 45, 5, 0]],

[ 77, 75, 0,[ 58, 57, 95, 5]],

[ 51, 75, 0,[ 70, 93, 72, 13, 56, 45]],

[ 81, 75, 0,[ 42, 50, 30]],

[ 37, 25, 1,[ 62, 73, 38]],

[ 71, 75, 0,[ 8, 82, 56, 72]],

[ 8, 25, 1,[ 63, 98, 6, 26, 71]],

[ 39, 75, 0,[ 41, 83, 56, 52]],

[ 25, 75, 0,[ 89, 29, 60, 93]],

[ 73, 75, 0,[ 97, 37, 22]],

[ 5, 75, 0,[ 41, 77, 7]],

[ 24, 85, 1,[ 9, 87, 15]],

[ 87, 75, 0,[ 76, 24, 82]],

[ 45, 75, 0,[ 51, 46, 7]],

[ 34, 75, 0,[ 68, 27, 47, 10, 33]],

[ 72, 75, 0,[ 71, 51, 28, 14]],

[ 9, 75, 0,[ 24, 66, 64]],

[ 11, 75, 0,[ 83, 95, 26, 14, 90]],

[ 70, 75, 0,[ 47, 65, 91, 51]],

[ 29, 75, 0,[ 25, 28, 12, 90]],

[ 6, 75, 0,[ 15, 99, 8]],

[ 19, 75, 0,[ 38, 74, 40]],

[ 96, 35, 1,[ 91, 66, 57, 79]],

[ 44, 75, 0,[ 65, 42, 85]],

[ 69, 75, 0,[ 92, 98, 55]],

[ 59, 75, 0,[ 49, 98, 17, 52, 30]],

[ 90, 75, 0,[ 16, 29, 11]],

[ 88, 75, 0,[ 42, 47, 78, 32]],

[ 67, 75, 0,[ 36, 78, 61]],

[ 36, 75, 0,[ 84, 89, 67]],

[ 3, 75, 0,[ 1, 38, 16, 75]],

[ 93, 75, 0,[ 94, 25, 43, 17, 51, 20]],

[ 53, 75, 0,[ 62, 84, 63]],

[ 63, 75, 0,[ 8, 53, 78]],

[ 65, 75, 0,[ 92, 44, 70]],

[ 49, 75, 0,[ 76, 59, 64]],

[ 4, 75, 0,[ 46, 16, 83]],

[ 48, 75, 0,[ 14, 82, 80]],

[ 35, 35, 1,[ 10, 18, 40, 85]],

[ 46, 75, 0,[ 45, 79, 4, 21]],

[ 33, 75, 0,[ 60, 27, 34, 18]],

[ 66, 75, 0,[ 55, 9, 96]],

[ 23, 75, 0,[ 0, 43, 52]],

[ 40, 75, 0,[ 35, 19, 62, 68]],

[ 80, 75, 1,[ 74, 48, 61]],

[ 31, 35, 1,[ 74, 62, 0]],

[ 22, 75, 0,[ 62, 28, 73, 68]],

[ 0, 75, 0,[ 7, 89, 26, 31, 1, 23]],

[ 68, 75, 0,[ 22, 40, 34]],

[ 21, 75, 0,[ 58, 46, 91]],

[ 97, 75, 0,[ 13, 73, 86]],

[ 85, 75, 0,[ 44, 35, 57]],

[ 57, 75, 0,[ 85, 77, 96, 54, 58]],

[ 18, 75, 0,[ 33, 55, 35]],

[ 62, 75, 0,[ 22, 32, 37, 31, 53, 40]],

[ 27, 75, 0,[ 33, 94, 34]],

[ 58, 75, 0,[ 77, 21, 57]],

[ 99, 75, 0,[ 6, 41, 12]],

[ 47, 75, 0,[ 70, 34, 88]],

[ 94, 75, 0,[ 93, 38, 12, 27]],

[ 55, 75, 0,[ 66, 60, 74, 18, 2, 69]],

[ 1, 75, 0,[ 10, 0, 3]],

[ 26, 75, 0,[ 0, 11, 8]],

[ 14, 75, 0,[ 84, 48, 11, 72]],

[ 43, 75, 0,[ 23, 61, 93]],

[ 52, 75, 1,[ 23, 39, 59]],

[ 74, 75, 0,[ 19, 31, 55, 80]],

[ 92, 75, 0,[ 69, 54, 65]],

[ 20, 75, 0,[ 2, 93]],

[ 61, 85, 1,[ 67, 80, 43]],

[ 82, 75, 0,[ 2, 87, 76, 48, 71]],

