[ 80, 95, 0,[ 15, 73, 97]],

[ 60, 95, 0,[ 72, 61, 87]],

[ 24, 95, 0,[ 68, 79, 75, 23]],

[ 25, 95, 0,[ 27, 23, 71, 34, 43]],

[ 12, 95, 0,[ 96, 11, 17]],

[ 59, 95, 0,[ 2, 36, 57, 4]],

[ 47, 95, 1,[ 4, 85, 37]],

[ 82, 95, 0,[ 68, 73, 48]],

[ 53, 95, 1,[ 33, 72, 55]],

[ 87, 95, 0,[ 1, 89, 60, 48, 94]],

[ 21, 95, 0,[ 19, 20, 71]],

[ 20, 95, 0,[ 18, 21, 22]],

[ 6, 95, 0,[ 4, 99, 5]],

[ 48, 95, 0,[ 13, 52, 82, 46, 87]],

[ 65, 95, 0,[ 14, 36, 64]],

[ 34, 95, 0,[ 25, 4, 10]],

[ 17, 95, 0,[ 64, 66, 19, 12]],

[ 18, 95, 0,[ 52, 20, 19]],

[ 36, 95, 0,[ 81, 65, 0, 59, 78]],

[ 9, 95, 0,[ 70, 61, 8]],

[ 58, 95, 0,[ 89, 35]],

[ 95, 95, 0,[ 23, 54, 85, 92]],

[ 0, 95, 0,[ 54, 30, 36, 1, 40]],

[ 98, 95, 1,[ 56, 73, 97]],

[ 91, 95, 0,[ 77, 90, 52]],

[ 27, 95, 0,[ 28, 29, 25, 94]],

[ 38, 95, 0,[ 37, 88, 40, 39]],

[ 3, 95, 1,[ 45, 77, 70]],

[ 8, 95, 0,[ 9, 94, 50, 51, 90]],

[ 66, 95, 0,[ 2, 92, 17, 64, 52]],

[ 4, 95, 0,[ 34, 69, 47, 6, 11, 59]],

[ 54, 95, 0,[ 95, 0, 77, 41]],

[ 28, 95, 1,[ 7, 27, 2]],

[ 77, 95, 0,[ 3, 91, 54]],

[ 22, 95, 0,[ 20, 92]],

[ 74, 95, 0,[ 76, 11, 75, 72]],

[ 79, 95, 0,[ 68, 41, 24]],

[ 73, 95, 0,[ 86, 80, 98, 82]],

[ 57, 95, 0,[ 59, 67, 30]],

[ 88, 95, 0,[ 61, 38, 78]],

[ 92, 95, 0,[ 66, 1, 22, 95]],

[ 51, 95, 0,[ 49, 8, 32]],

[ 41, 95, 0,[ 32, 79, 54, 55]],

[ 99, 95, 0,[ 31, 6, 97]],

[ 15, 95, 0,[ 89, 80, 10]],

[ 64, 95, 0,[ 65, 26, 17, 35, 66]],

[ 93, 95, 1,[ 7, 29, 62]],

[ 2, 95, 0,[ 28, 59, 49, 66]],

[ 32, 95, 0,[ 51, 41, 16, 31]],

[ 31, 95, 0,[ 99, 90, 26, 32]],

[ 33, 95, 0,[ 53, 16, 76, 43, 5]],

[ 61, 95, 0,[ 88, 62, 60, 84, 9]],

[ 69, 95, 1,[ 44, 4, 78]],

[ 70, 95, 0,[ 9, 63, 3]],

[ 56, 95, 0,[ 43, 98]],

[ 81, 95, 0,[ 19, 42, 36]],

[ 90, 95, 0,[ 89, 8, 14, 31, 91]],

[ 55, 95, 0,[ 41, 53, 37]],

[ 16, 95, 0,[ 33, 32, 5]],

[ 50, 95, 0,[ 46, 86, 8]],

[ 71, 95, 0,[ 25, 21, 63]],

[ 49, 95, 0,[ 51, 7, 2]],

[ 89, 95, 0,[ 58, 90, 15, 87]],

[ 85, 95, 0,[ 95, 83, 47, 45]],

[ 30, 95, 0,[ 96, 57, 0]],

[ 45, 95, 1,[ 3, 85, 44]],

[ 43, 95, 0,[ 33, 56, 25]],

[ 68, 95, 0,[ 82, 24, 79]],

[ 46, 95, 0,[ 50, 13, 48]],

[ 26, 95, 0,[ 64, 19, 31]],

[ 7, 95, 1,[ 93, 49, 83, 28]],

[ 19, 95, 0,[ 18, 26, 81, 17, 21]],

[ 76, 95, 0,[ 74, 35, 33, 13]],

[ 35, 95, 0,[ 64, 58, 63, 76]],

[ 83, 95, 0,[ 85, 39, 7, 52]],

[ 14, 95, 0,[ 90, 65, 67]],

[ 67, 95, 0,[ 57, 14, 13]],

[ 84, 95, 0,[ 13, 72, 61]],

[ 63, 95, 0,[ 70, 71, 35]],

[ 75, 95, 0,[ 86, 74, 24]],

[ 72, 95, 0,[ 74, 53, 60, 84]],

[ 39, 95, 0,[ 38, 83, 5]],

[ 78, 95, 0,[ 36, 88, 69]],

[ 86, 95, 1,[ 75, 73, 50]],

[ 97, 95, 0,[ 99, 80, 96, 98]],

[ 40, 95, 0,[ 0, 38, 42]],

[ 5, 95, 0,[ 33, 39, 6, 16]],

[ 44, 95, 0,[ 69, 45, 62, 42]],

[ 37, 95, 0,[ 38, 55, 47, 94]],

[ 94, 95, 0,[ 37, 87, 27, 8]],

[ 62, 95, 0,[ 61, 93, 44]],

[ 29, 95, 0,[ 13, 27, 93]],

[ 23, 95, 0,[ 24, 95, 25]],

[ 11, 95, 0,[ 12, 74, 4]],

[ 96, 95, 0,[ 30, 97, 12]],

[ 10, 95, 0,[ 15, 34]],

[ 52, 95, 0,[ 83, 91, 48, 66, 18]],

[ 1, 95, 0,[ 92, 87, 0]],

[ 13, 95, 0,[ 46, 29, 48, 76, 84, 67]],

[ 42, 95, 0,[ 44, 40, 81]],

