[ 13, 75, 0,[ 76, 37, 0, 72, 82]],

[ 14, 75, 0,[ 51, 62, 52]],

[ 10, 75, 0,[ 31, 4, 76]],

[ 38, 75, 0,[ 91, 8, 80]],

[ 86, 75, 0,[ 79, 34, 36]],

[ 22, 75, 0,[ 62, 48, 46, 40]],

[ 91, 75, 0,[ 38, 37, 94]],

[ 50, 75, 0,[ 41, 25, 8]],

[ 24, 65, 1,[ 11, 99, 92, 81]],

[ 17, 75, 0,[ 62, 90, 19]],

[ 34, 75, 0,[ 86, 98, 53]],

[ 48, 75, 0,[ 0, 22, 85]],

[ 18, 75, 0,[ 49, 42, 23]],

[ 29, 75, 0,[ 6, 57, 97]],

[ 46, 75, 0,[ 44, 9, 98, 22]],

[ 97, 75, 0,[ 99, 29, 61, 64]],

[ 11, 75, 0,[ 59, 42, 24]],

[ 16, 75, 0,[ 40, 63, 5]],

[ 77, 75, 0,[ 52, 35, 72]],

[ 54, 75, 0,[ 94, 28]],

[ 6, 75, 0,[ 31, 51, 29]],

[ 76, 75, 0,[ 10, 23, 13]],

[ 44, 75, 0,[ 42, 72, 95, 46]],

[ 59, 75, 0,[ 70, 84, 94, 11]],

[ 36, 75, 0,[ 86, 32, 30]],

[ 96, 85, 1,[ 40, 47]],

[ 37, 5, 1,[ 2, 91, 13]],

[ 53, 75, 0,[ 31, 33, 65, 89, 34, 21]],

[ 30, 75, 0,[ 78, 28, 67, 36]],

[ 49, 75, 0,[ 15, 18, 81]],

[ 69, 75, 0,[ 7, 25, 88, 19]],

[ 93, 75, 0,[ 32, 52, 67, 31, 51]],

[ 27, 75, 0,[ 74, 0, 4]],

[ 90, 75, 0,[ 17, 47, 65]],

[ 87, 75, 0,[ 74, 47, 8]],

[ 83, 75, 0,[ 47, 4, 95, 98]],

[ 72, 75, 0,[ 13, 77, 44]],

[ 12, 75, 0,[ 7, 68, 45, 84]],

[ 80, 75, 0,[ 31, 9, 38]],

[ 74, 75, 0,[ 87, 27, 43]],

[ 98, 75, 0,[ 34, 83, 46, 68]],

[ 70, 75, 0,[ 41, 59, 31]],

[ 66, 75, 0,[ 20, 21, 79, 35]],

[ 21, 75, 0,[ 53, 63, 66, 31]],

[ 25, 75, 0,[ 9, 69, 23, 50, 73]],

[ 7, 75, 0,[ 64, 12, 69]],

[ 75, 75, 0,[ 39, 85, 65]],

[ 89, 35, 1,[ 53, 78, 88]],

[ 60, 75, 0,[ 4, 3, 26]],

[ 45, 75, 0,[ 12, 79, 26]],

[ 64, 75, 0,[ 47, 97, 7]],

[ 8, 35, 1,[ 94, 87, 38, 26, 50]],

[ 67, 75, 0,[ 30, 19, 93]],

[ 47, 75, 0,[ 87, 96, 39, 64, 83, 90]],

[ 61, 95, 1,[ 95, 97, 5]],

[ 65, 75, 0,[ 58, 75, 90, 53]],

[ 85, 75, 0,[ 26, 15, 48, 75]],

[ 94, 75, 0,[ 8, 54, 91, 59]],

[ 52, 95, 1,[ 14, 93, 82, 77, 55]],

[ 0, 75, 0,[ 27, 13, 48]],

[ 84, 35, 1,[ 59, 12, 39]],

[ 56, 75, 0,[ 1, 57, 28]],

[ 4, 75, 0,[ 1, 60, 83, 27, 10]],

[ 23, 75, 0,[ 76, 25, 18]],

[ 95, 75, 0,[ 3, 44, 61, 83]],

[ 33, 75, 0,[ 53, 73, 1]],

[ 71, 75, 0,[ 3, 5, 88]],

[ 92, 75, 0,[ 39, 2, 24]],

[ 9, 75, 0,[ 46, 80, 25]],

[ 43, 75, 0,[ 74, 3, 99]],

[ 58, 75, 0,[ 15, 65]],

[ 2, 75, 0,[ 92, 37, 26]],

[ 41, 75, 0,[ 40, 50, 99, 70]],

[ 63, 75, 0,[ 21, 81, 16]],

[ 26, 75, 0,[ 8, 45, 2, 85, 60]],

[ 78, 75, 0,[ 30, 89, 20]],

[ 68, 75, 0,[ 12, 98, 3]],

[ 20, 75, 0,[ 78, 35, 73, 32, 66]],

[ 62, 75, 0,[ 17, 14, 22]],

[ 57, 75, 0,[ 55, 56, 29]],

[ 82, 75, 0,[ 13, 35, 52]],

[ 55, 75, 0,[ 57, 52, 39]],

[ 15, 75, 0,[ 49, 85, 58]],

[ 19, 75, 0,[ 67, 17, 69]],

[ 79, 75, 0,[ 45, 66, 86]],

[ 51, 75, 0,[ 93, 14, 6]],

[ 81, 75, 0,[ 63, 24, 49]],

[ 42, 75, 0,[ 11, 18, 44]],

[ 5, 75, 0,[ 61, 71, 16]],

[ 88, 75, 0,[ 40, 89, 71, 69]],

[ 28, 75, 0,[ 54, 30, 56]],

[ 99, 75, 0,[ 43, 97, 24, 41]],

[ 1, 75, 0,[ 33, 56, 4]],

[ 39, 75, 0,[ 75, 84, 55, 92, 47]],

[ 73, 75, 0,[ 25, 33, 20]],

[ 3, 75, 0,[ 71, 68, 95, 43, 60]],

[ 32, 75, 0,[ 93, 36, 20]],

[ 31, 85, 1,[ 70, 80, 10, 93, 21, 53, 6]],

[ 40, 75, 0,[ 16, 22, 41, 88, 96]],

[ 35, 75, 1,[ 77, 82, 66, 20]],

