[ 3, 35, 0,[ 80, 73, 75]],

[ 41, 35, 0,[ 51, 54]],

[ 42, 35, 0,[ 14, 77, 40, 37]],

[ 63, 35, 0,[ 93, 11, 71]],

[ 2, 35, 0,[ 66, 74]],

[ 34, 35, 0,[ 31, 53, 97]],

[ 30, 35, 0,[ 49, 84, 88]],

[ 19, 35, 0,[ 24, 59, 54]],

[ 45, 35, 0,[ 20, 38, 33, 60, 88]],

[ 97, 35, 0,[ 44, 23, 34]],

[ 18, 35, 0,[ 16, 11, 71]],

[ 56, 35, 0,[ 54, 77, 11]],

[ 7, 35, 0,[ 48, 90, 49]],

[ 62, 35, 0,[ 44, 22]],

[ 27, 35, 0,[ 90, 22, 35]],

[ 35, 95, 1,[ 27, 64, 76]],

[ 79, 35, 0,[ 94, 83, 77]],

[ 91, 35, 0,[ 33, 93, 15]],

[ 67, 35, 0,[ 70, 74, 99]],

[ 71, 35, 0,[ 38, 63, 18, 81, 39]],

[ 28, 35, 0,[ 87, 33, 96, 98]],

[ 70, 35, 0,[ 21, 99, 69, 67]],

[ 25, 35, 0,[ 98, 37, 55]],

[ 55, 35, 0,[ 31, 21, 25, 54]],

[ 64, 35, 0,[ 35, 66, 47]],

[ 65, 35, 0,[ 81, 66, 87]],

[ 9, 35, 0,[ 59, 4, 10]],

[ 10, 35, 0,[ 9, 58, 16, 52]],

[ 66, 35, 0,[ 64, 2, 17, 23, 65]],

[ 87, 35, 0,[ 32, 65, 28, 89]],

[ 54, 35, 0,[ 41, 19, 17, 56, 55]],

[ 29, 35, 0,[ 86, 69, 17]],

[ 39, 35, 0,[ 88, 76, 71]],

[ 94, 35, 0,[ 77, 95, 79, 22]],

[ 31, 65, 1,[ 69, 95, 55, 34]],

[ 23, 35, 0,[ 97, 73, 66, 24]],

[ 46, 35, 0,[ 44, 5, 48]],

[ 40, 35, 0,[ 0, 42, 84]],

[ 80, 35, 1,[ 73, 3, 81]],

[ 75, 35, 0,[ 24, 3]],

[ 43, 35, 0,[ 57, 44, 99]],

[ 26, 35, 0,[ 92, 4, 61]],

[ 8, 5, 1,[ 90, 89, 6]],

[ 61, 85, 1,[ 84, 26, 88]],

[ 48, 35, 0,[ 46, 52, 7]],

[ 36, 35, 0,[ 14, 37, 81, 15, 52]],

[ 98, 35, 0,[ 28, 58, 25]],

[ 72, 35, 0,[ 13, 84, 44]],

[ 24, 35, 0,[ 19, 23, 68, 75]],

[ 15, 35, 0,[ 36, 50, 91]],

[ 22, 35, 0,[ 62, 88, 27, 94]],

[ 82, 35, 0,[ 11, 86, 32, 52]],

[ 33, 35, 0,[ 45, 28, 91]],

[ 37, 85, 1,[ 25, 36, 50, 42]],

[ 59, 35, 0,[ 57, 9, 19]],

[ 83, 35, 0,[ 93, 79, 85]],

[ 4, 35, 0,[ 9, 26, 13, 50, 6]],

[ 95, 35, 0,[ 31, 94, 6]],

[ 78, 35, 0,[ 1, 57, 20]],

[ 20, 35, 0,[ 45, 69, 78]],

[ 88, 35, 0,[ 30, 22, 45, 39, 12, 61]],

[ 52, 45, 1,[ 10, 82, 50, 93, 48, 60, 36]],

[ 38, 35, 0,[ 45, 71]],

[ 57, 35, 0,[ 51, 78, 43, 59, 92]],

[ 0, 35, 0,[ 86, 40, 44, 1]],

[ 93, 35, 0,[ 83, 63, 91, 52]],

[ 12, 35, 0,[ 86, 53, 88]],

[ 1, 35, 0,[ 0, 89, 78]],

[ 16, 35, 0,[ 14, 10, 18]],

[ 89, 25, 1,[ 1, 8, 87, 90]],

[ 90, 35, 0,[ 8, 89, 27, 7]],

[ 13, 35, 0,[ 76, 72, 4]],

[ 50, 35, 0,[ 68, 15, 4, 52, 37]],

[ 76, 35, 0,[ 35, 13, 39]],

[ 85, 35, 0,[ 58, 84, 83]],

[ 96, 55, 1,[ 28]],

[ 60, 35, 0,[ 45, 81, 52]],

[ 32, 35, 0,[ 74, 87, 82]],

[ 44, 35, 0,[ 43, 0, 72, 46, 62, 97]],

[ 99, 35, 0,[ 67, 43, 70]],

[ 77, 35, 0,[ 56, 79, 94, 42]],

[ 6, 35, 0,[ 8, 95, 5, 4]],

[ 74, 35, 0,[ 2, 67, 32]],

[ 81, 35, 0,[ 80, 60, 71, 65, 36]],

[ 53, 35, 0,[ 47, 12, 5, 34]],

[ 84, 55, 1,[ 30, 61, 72, 85, 40]],

[ 49, 35, 0,[ 51, 30, 7]],

[ 11, 35, 0,[ 18, 82, 56, 63]],

[ 92, 35, 0,[ 73, 57, 26]],

[ 17, 35, 0,[ 54, 66, 29]],

[ 68, 35, 0,[ 50, 69, 24]],

[ 73, 35, 0,[ 92, 23, 80, 3]],

[ 51, 35, 0,[ 57, 41, 49]],

[ 86, 35, 0,[ 82, 12, 0, 29]],

[ 47, 35, 0,[ 53, 64]],

[ 21, 35, 0,[ 55, 70]],

[ 58, 35, 0,[ 85, 98, 10]],

[ 69, 35, 0,[ 68, 20, 29, 31, 70]],

[ 5, 35, 0,[ 53, 46, 6]],

[ 14, 35, 0,[ 16, 36, 42]],

