[ 63, 35, 0,[ 71, 24, 35]],

[ 89, 35, 0,[ 15, 90, 1, 88, 87]],

[ 12, 35, 0,[ 11, 38, 33]],

[ 64, 35, 0,[ 65, 90, 66]],

[ 10, 35, 0,[ 8, 13, 11, 52, 9]],

[ 5, 35, 0,[ 22, 6, 46]],

[ 51, 35, 0,[ 59, 32]],

[ 70, 35, 0,[ 72, 1, 59]],

[ 84, 35, 0,[ 96, 85, 72, 82, 40]],

[ 78, 35, 0,[ 56, 76, 34]],

[ 7, 95, 1,[ 48, 8, 60, 75]],

[ 25, 35, 0,[ 34, 23, 27]],

[ 23, 35, 0,[ 56, 25, 24, 72]],

[ 9, 35, 0,[ 61, 10, 8]],

[ 27, 35, 0,[ 29, 25, 28]],

[ 67, 25, 1,[ 97, 69, 92]],

[ 58, 35, 0,[ 57, 56]],

[ 18, 35, 0,[ 20, 16]],

[ 65, 35, 0,[ 85, 4, 64]],

[ 36, 35, 0,[ 53, 81, 37]],

[ 91, 35, 0,[ 77, 94, 17]],

[ 13, 35, 0,[ 29, 10, 48, 76]],

[ 3, 25, 1,[ 81, 69, 45]],

[ 93, 75, 1,[ 17, 62, 42]],

[ 75, 35, 0,[ 74, 73, 7, 31, 80, 24]],

[ 54, 35, 0,[ 95, 26, 53]],

[ 26, 35, 0,[ 24, 19, 52, 54]],

[ 38, 35, 0,[ 12, 37, 20, 40]],

[ 98, 55, 1,[ 79, 97]],

[ 43, 35, 0,[ 44, 85, 56]],

[ 8, 35, 0,[ 7, 6, 10, 9, 50, 90]],

[ 19, 35, 0,[ 21, 81, 26]],

[ 83, 35, 0,[ 85, 82, 92]],

[ 88, 35, 0,[ 89, 39]],

[ 90, 35, 0,[ 8, 68, 64, 89, 31]],

[ 11, 35, 0,[ 12, 56, 10, 86]],

[ 21, 35, 0,[ 46, 19, 20]],

[ 4, 35, 0,[ 59, 6, 77, 65]],

[ 15, 35, 0,[ 37, 89, 55, 16]],

[ 77, 35, 0,[ 91, 76, 4]],

[ 17, 35, 0,[ 93, 91, 46, 16, 66, 29]],

[ 16, 35, 0,[ 18, 17, 15]],

[ 39, 35, 0,[ 37, 41, 88]],

[ 95, 35, 0,[ 6, 92, 54, 85]],

[ 28, 55, 1,[ 27, 30, 80]],

[ 73, 35, 0,[ 80, 74, 75]],

[ 61, 35, 0,[ 9, 60, 62]],

[ 82, 35, 0,[ 84, 83, 37, 68, 87, 52]],

[ 74, 35, 0,[ 72, 73, 75, 76]],

[ 41, 35, 0,[ 39, 44, 40]],

[ 47, 35, 0,[ 48, 40, 49]],

[ 72, 35, 0,[ 70, 2, 74, 84, 94, 23]],

[ 45, 55, 1,[ 3, 71, 44]],

[ 80, 35, 0,[ 97, 14, 81, 73, 75, 99, 79, 28]],

[ 59, 35, 0,[ 70, 4, 57, 60, 51]],

[ 40, 35, 0,[ 47, 41, 84, 38, 42]],

[ 81, 35, 0,[ 19, 3, 80, 42, 36, 71]],

[ 44, 35, 0,[ 46, 45, 41, 43, 62, 0]],

[ 20, 35, 0,[ 18, 38, 57, 21]],

[ 6, 35, 0,[ 4, 8, 99, 5, 95]],

[ 56, 35, 0,[ 11, 58, 43, 23, 78]],

[ 62, 35, 0,[ 61, 93, 44, 22]],

[ 68, 35, 0,[ 48, 32, 96, 82, 24, 90]],

[ 50, 35, 0,[ 49, 8, 52]],

[ 34, 35, 0,[ 14, 35, 78, 25]],

[ 31, 35, 0,[ 30, 90, 32, 75, 33]],

[ 30, 35, 0,[ 28, 31, 96]],

[ 29, 35, 0,[ 17, 13, 86, 27]],

[ 69, 25, 1,[ 3, 67, 32]],

[ 32, 35, 0,[ 51, 68, 69, 31]],

[ 24, 35, 0,[ 68, 63, 79, 26, 23, 75]],

[ 37, 35, 0,[ 36, 38, 82, 42, 39, 15]],

[ 52, 35, 0,[ 82, 48, 10, 55, 50, 26]],

[ 33, 35, 0,[ 12, 14, 31, 35, 96]],

[ 0, 35, 0,[ 44, 1, 2]],

[ 66, 35, 0,[ 2, 17, 64]],

[ 53, 5, 1,[ 54, 86, 36]],

[ 87, 35, 0,[ 86, 89, 94, 82]],

[ 46, 35, 0,[ 17, 5, 21, 48, 44]],

[ 71, 35, 0,[ 45, 63, 81]],

[ 99, 35, 0,[ 6, 80, 97, 55]],

[ 76, 35, 0,[ 35, 78, 77, 13, 74]],

[ 1, 35, 0,[ 89, 70, 0]],

[ 96, 35, 0,[ 33, 68, 30, 84]],

[ 49, 35, 0,[ 50, 47]],

[ 35, 35, 0,[ 76, 63, 34, 33]],

[ 57, 35, 0,[ 59, 58, 20]],

[ 60, 35, 0,[ 7, 61, 59]],

[ 92, 35, 0,[ 83, 67, 22, 95]],

[ 2, 35, 0,[ 0, 72, 66]],

[ 48, 35, 0,[ 52, 13, 47, 68, 46, 7]],

[ 85, 35, 0,[ 65, 95, 83, 84, 43]],

[ 14, 35, 0,[ 80, 33, 34]],

[ 94, 35, 0,[ 72, 91, 87]],

[ 22, 35, 0,[ 5, 62, 92]],

[ 42, 35, 0,[ 40, 37, 81, 93]],

[ 79, 35, 0,[ 24, 98, 80]],

[ 55, 35, 0,[ 99, 15, 52]],

[ 97, 35, 0,[ 99, 80, 67, 98]],

[ 86, 25, 1,[ 29, 11, 53, 87]],

