[ 20, 45, 0,[ 69, 56, 66]],

[ 39, 45, 0,[ 8, 89, 72]],

[ 47, 45, 0,[ 69, 82, 60]],

[ 71, 45, 0,[ 17, 96, 55, 21]],

[ 72, 45, 0,[ 39, 69, 84]],

[ 73, 45, 0,[ 50, 36, 56]],

[ 57, 45, 0,[ 7, 35, 65]],

[ 54, 45, 0,[ 29, 25, 16]],

[ 31, 45, 0,[ 46, 62, 59]],

[ 11, 45, 0,[ 17, 88, 45, 38]],

[ 79, 45, 0,[ 21, 44, 89]],

[ 75, 45, 0,[ 0, 2, 24]],

[ 64, 45, 0,[ 15, 63, 80]],

[ 35, 45, 0,[ 57, 3, 17]],

[ 16, 45, 0,[ 34, 76, 29, 54]],

[ 42, 45, 0,[ 33, 14, 4, 37, 77]],

[ 44, 45, 0,[ 13, 49, 79]],

[ 94, 45, 0,[ 55, 95, 40, 53, 48]],

[ 99, 45, 0,[ 28, 70, 62, 1]],

[ 56, 45, 0,[ 20, 73, 52, 15, 92]],

[ 38, 45, 0,[ 11, 23]],

[ 87, 45, 0,[ 65, 82, 74]],

[ 7, 5, 1,[ 57, 25, 17]],

[ 81, 45, 0,[ 9, 1, 14]],

[ 96, 45, 0,[ 46, 5, 71, 6]],

[ 90, 45, 0,[ 78, 68, 51, 74]],

[ 27, 45, 0,[ 82, 6, 12]],

[ 18, 45, 0,[ 19, 45, 49, 74, 30]],

[ 25, 45, 0,[ 80, 7, 54, 19]],

[ 15, 45, 0,[ 56, 64, 61]],

[ 51, 45, 0,[ 90, 85, 22]],

[ 48, 45, 0,[ 94, 55, 58]],

[ 84, 45, 0,[ 91, 83, 72, 22, 98]],

[ 8, 45, 0,[ 36, 39, 9]],

[ 91, 45, 0,[ 84, 97, 19]],

[ 50, 45, 0,[ 66, 89, 73]],

[ 12, 45, 0,[ 27, 33, 36]],

[ 46, 45, 0,[ 85, 31, 96, 52]],

[ 66, 45, 0,[ 65, 50, 22, 20]],

[ 24, 45, 0,[ 63, 23, 75]],

[ 78, 45, 0,[ 90, 34, 97, 88]],

[ 92, 45, 0,[ 95, 56, 32]],

[ 55, 45, 0,[ 48, 94, 71]],

[ 13, 45, 0,[ 93, 76, 44, 29]],

[ 19, 45, 0,[ 18, 32, 91, 25]],

[ 61, 45, 0,[ 67, 15, 58]],

[ 97, 45, 0,[ 91, 78, 65]],

[ 63, 45, 0,[ 24, 64]],

[ 86, 75, 1,[ 68, 33]],

[ 98, 55, 1,[ 36, 5, 10, 84]],

[ 32, 45, 0,[ 92, 43, 19]],

[ 37, 45, 0,[ 42, 67, 6, 77]],

[ 69, 35, 1,[ 47, 20, 72, 4]],

[ 83, 45, 0,[ 62, 84, 43]],

[ 23, 45, 0,[ 38, 34, 24]],

[ 40, 45, 0,[ 0, 77, 94]],

[ 5, 45, 0,[ 96, 98, 88]],

[ 1, 45, 0,[ 10, 81, 99]],

[ 80, 45, 0,[ 25, 29, 64]],

[ 21, 45, 0,[ 26, 71, 68, 79]],

[ 62, 45, 0,[ 99, 67, 83, 31]],

[ 68, 45, 0,[ 86, 52, 33, 90, 21]],

[ 77, 45, 0,[ 37, 42, 40]],

[ 10, 45, 0,[ 98, 41, 4, 3, 1]],

[ 26, 45, 0,[ 2, 30, 21]],

[ 65, 45, 0,[ 66, 57, 97, 87]],

[ 82, 45, 0,[ 34, 47, 87, 27]],

[ 43, 45, 0,[ 83, 32, 34, 59]],

[ 76, 45, 0,[ 16, 0, 13]],

[ 53, 45, 1,[ 93, 3, 94]],

[ 74, 45, 0,[ 87, 29, 18, 90]],

[ 52, 45, 0,[ 56, 68, 46]],

[ 45, 95, 1,[ 11, 18, 59]],

[ 36, 45, 0,[ 8, 70, 12, 98, 73, 41]],

[ 29, 45, 0,[ 80, 74, 13, 54, 16]],

[ 22, 45, 0,[ 66, 51, 28, 84]],

[ 95, 45, 0,[ 70, 92, 94]],

[ 49, 45, 0,[ 44, 18, 0]],

[ 0, 45, 0,[ 40, 76, 75, 49]],

[ 93, 85, 1,[ 53, 58, 13]],

[ 85, 45, 0,[ 51, 89, 46]],

[ 2, 45, 0,[ 75, 26, 30]],

[ 4, 45, 0,[ 10, 69, 42]],

[ 3, 95, 1,[ 53, 60, 10, 35]],

[ 41, 45, 0,[ 36, 9, 10]],

[ 67, 85, 1,[ 61, 37, 62]],

[ 28, 95, 1,[ 14, 22, 99]],

[ 88, 45, 0,[ 78, 5, 11]],

[ 59, 45, 0,[ 31, 43, 45]],

[ 70, 45, 0,[ 95, 99, 36]],

[ 34, 45, 0,[ 78, 23, 43, 16, 82]],

[ 6, 45, 0,[ 96, 37, 27, 60]],

[ 30, 45, 0,[ 18, 26, 2]],

[ 60, 45, 0,[ 6, 58, 3, 47]],

[ 14, 45, 0,[ 28, 81, 42]],

[ 9, 45, 0,[ 8, 41, 81]],

[ 89, 45, 0,[ 50, 39, 79, 85]],

[ 17, 45, 0,[ 11, 7, 71, 35]],

[ 33, 45, 0,[ 86, 42, 12, 68]],

[ 58, 45, 0,[ 93, 48, 60, 61]],

