[ 5, 85, 0,[ 78, 48, 59, 56, 94]],

[ 27, 85, 0,[ 75, 82, 74]],

[ 39, 85, 0,[ 0, 15, 36, 28]],

[ 58, 85, 0,[ 65, 92, 99]],

[ 97, 25, 1,[ 10, 35, 38, 75]],

[ 18, 85, 0,[ 41, 46, 70]],

[ 41, 85, 0,[ 74, 66, 18, 7, 3]],

[ 87, 85, 1,[ 37, 92, 96, 16]],

[ 68, 35, 1,[ 31, 44, 73]],

[ 2, 15, 0,[ 49, 50, 10]],

[ 48, 35, 1,[ 89, 44, 5, 49]],

[ 51, 45, 1,[ 3, 71, 91]],

[ 22, 35, 1,[ 47, 80, 79, 72]],

[ 65, 85, 0,[ 15, 24, 34, 58]],

[ 16, 85, 1,[ 87, 64, 32]],

[ 59, 5, 1,[ 5, 0, 23]],

[ 32, 85, 1,[ 16, 12, 73, 19]],

[ 84, 85, 1,[ 61, 33, 95, 69]],

[ 81, 25, 1,[ 10, 99, 80]],

[ 21, 85, 0,[ 52, 62, 91, 10]],

[ 72, 85, 1,[ 98, 28, 22]],

[ 23, 85, 1,[ 25, 79, 59]],

[ 82, 75, 1,[ 27, 1, 34, 28]],

[ 9, 85, 0,[ 30, 29, 76]],

[ 56, 85, 1,[ 5, 93, 20]],

[ 54, 15, 1,[ 25, 37, 95, 8, 11, 43]],

[ 61, 45, 1,[ 70, 40, 63, 84]],

[ 43, 15, 0,[ 54, 75, 35]],

[ 99, 85, 1,[ 58, 81, 11, 31]],

[ 3, 85, 0,[ 37, 41, 51]],

[ 34, 85, 0,[ 82, 85, 65]],

[ 62, 15, 1,[ 90, 21, 78]],

[ 91, 85, 0,[ 76, 21, 4, 51]],

[ 15, 85, 0,[ 39, 65, 17]],

[ 46, 85, 1,[ 8, 13, 18]],

[ 8, 95, 1,[ 54, 6, 46]],

[ 83, 25, 0,[ 66, 40, 55]],

[ 11, 85, 0,[ 99, 6, 54]],

[ 79, 85, 1,[ 23, 22, 4, 20]],

[ 78, 85, 0,[ 62, 14, 5]],

[ 12, 35, 0,[ 76, 45, 32]],

[ 47, 85, 0,[ 22, 7, 95]],

[ 38, 85, 0,[ 97, 92]],

[ 94, 85, 1,[ 40, 5, 36, 88]],

[ 19, 85, 1,[ 86, 32, 24, 42, 45, 67]],

[ 44, 25, 1,[ 67, 68, 48]],

[ 69, 85, 0,[ 64, 71, 84]],

[ 14, 85, 0,[ 85, 78, 73]],

[ 17, 85, 1,[ 15, 88, 42]],

[ 52, 85, 1,[ 21, 63, 67]],

[ 86, 85, 0,[ 30, 19]],

[ 49, 15, 0,[ 2, 48, 35]],

[ 92, 85, 1,[ 87, 58, 38]],

[ 75, 85, 1,[ 97, 27, 43]],

[ 63, 15, 0,[ 61, 33, 52]],

[ 85, 85, 1,[ 34, 64, 14]],

[ 20, 15, 1,[ 56, 55, 79]],

[ 71, 85, 0,[ 69, 42, 76, 51, 1]],

[ 31, 35, 1,[ 99, 68, 7]],

[ 7, 85, 0,[ 31, 41, 26, 47]],

[ 73, 85, 0,[ 32, 14, 68]],

[ 26, 5, 1,[ 60, 7, 76]],

[ 28, 85, 0,[ 39, 72, 82]],

[ 60, 25, 0,[ 74, 26, 13]],

[ 70, 85, 0,[ 29, 18, 61, 93]],

[ 10, 35, 1,[ 2, 97, 81, 21]],

[ 36, 85, 0,[ 39, 53, 94, 90]],

[ 57, 85, 0,[ 0, 30, 29]],

[ 89, 95, 1,[ 95, 30, 48]],

[ 33, 15, 1,[ 63, 84, 25]],

[ 35, 25, 1,[ 49, 50, 40, 43, 97]],

[ 96, 5, 1,[ 87, 50, 98, 55]],

[ 53, 85, 0,[ 76, 64, 36]],

[ 64, 85, 0,[ 16, 24, 85, 69, 6, 53]],

[ 88, 65, 1,[ 66, 67, 94, 17]],

[ 95, 85, 1,[ 25, 47, 54, 84, 89]],

[ 1, 85, 0,[ 71, 80, 82]],

[ 29, 85, 0,[ 70, 57, 9]],

[ 90, 85, 0,[ 62, 30, 77, 36]],

[ 45, 85, 0,[ 67, 12, 19]],

[ 74, 75, 1,[ 60, 27, 41]],

[ 55, 25, 0,[ 83, 96, 20]],

[ 80, 95, 1,[ 1, 77, 81, 22]],

[ 30, 85, 0,[ 9, 6, 24, 89, 90, 57, 86]],

[ 67, 85, 0,[ 52, 19, 44, 45, 88]],

[ 98, 65, 0,[ 37, 72, 96]],

[ 40, 25, 1,[ 83, 35, 61, 94]],

[ 4, 85, 0,[ 79, 91]],

[ 6, 95, 1,[ 11, 64, 77, 8, 30]],

[ 37, 85, 1,[ 54, 87, 3, 98]],

[ 42, 85, 1,[ 71, 19, 17]],

[ 76, 85, 1,[ 12, 53, 26, 66, 71, 91, 9]],

[ 13, 85, 1,[ 46, 93, 60]],

[ 0, 85, 0,[ 39, 57, 59]],

[ 93, 85, 0,[ 56, 13, 70]],

[ 50, 25, 0,[ 2, 96, 35]],

[ 66, 85, 1,[ 41, 83, 76, 88]],

[ 24, 85, 1,[ 30, 65, 19, 64]],

[ 77, 5, 0,[ 90, 80, 6]],

[ 25, 15, 0,[ 23, 95, 54, 33]],

