[ 5, 75, 0,[ 6, 59, 21]],

[ 1, 75, 0,[ 92, 15, 71, 47]],

[ 86, 35, 1,[ 29, 31, 87]],

[ 36, 75, 0,[ 12, 56, 30, 61]],

[ 26, 75, 0,[ 19, 63, 69]],

[ 94, 75, 0,[ 11, 44, 85]],

[ 90, 75, 0,[ 95, 89, 76]],

[ 19, 75, 0,[ 22, 8, 4, 26]],

[ 72, 75, 0,[ 2, 45, 84, 92]],

[ 13, 75, 0,[ 60, 23, 70, 21]],

[ 96, 75, 0,[ 16, 51, 84, 33]],

[ 70, 75, 0,[ 66, 69, 13, 99]],

[ 43, 75, 0,[ 42, 21, 76, 28]],

[ 24, 75, 0,[ 68, 17, 8]],

[ 11, 75, 0,[ 48, 94, 89]],

[ 15, 75, 0,[ 45, 1, 18]],

[ 45, 65, 1,[ 18, 72, 28, 15]],

[ 33, 75, 0,[ 98, 35, 96]],

[ 47, 75, 0,[ 28, 67, 58, 14, 1]],

[ 89, 75, 0,[ 88, 90, 57, 11]],

[ 3, 75, 1,[ 50, 23, 22, 41]],

[ 38, 75, 0,[ 73, 67, 2, 78]],

[ 98, 35, 1,[ 0, 79, 81, 33]],

[ 54, 75, 0,[ 12, 16, 8, 41]],

[ 60, 75, 0,[ 13, 75, 64]],

[ 17, 75, 0,[ 49, 91, 25, 29, 24, 51]],

[ 95, 75, 0,[ 75, 6, 90, 57]],

[ 63, 75, 0,[ 81, 44, 48, 87, 26]],

[ 10, 75, 0,[ 85, 59, 57, 8]],

[ 9, 75, 0,[ 25, 93, 83, 8]],

[ 64, 75, 0,[ 35, 46, 60]],

[ 51, 75, 0,[ 17, 58, 96]],

[ 82, 75, 0,[ 59, 27, 83]],

[ 8, 75, 0,[ 10, 9, 6, 19, 81, 54, 80, 24]],

[ 81, 75, 0,[ 63, 8, 98]],

[ 2, 75, 0,[ 37, 38, 72]],

[ 16, 75, 0,[ 31, 54, 96]],

[ 87, 75, 0,[ 63, 37, 86]],

[ 48, 75, 0,[ 63, 11, 7]],

[ 22, 75, 0,[ 20, 35, 19, 3]],

[ 46, 75, 0,[ 58, 64, 32]],

[ 92, 75, 0,[ 78, 72, 1]],

[ 30, 75, 0,[ 71, 12, 36]],

[ 40, 75, 0,[ 66, 78]],

[ 37, 75, 0,[ 87, 74, 39, 2, 18]],

[ 29, 75, 0,[ 17, 86, 42]],

[ 97, 75, 0,[ 74, 52, 85]],

[ 27, 75, 0,[ 93, 23, 82, 62]],

[ 49, 75, 0,[ 7, 17, 53]],

[ 71, 75, 0,[ 32, 79, 1, 30]],

[ 62, 75, 0,[ 27, 53, 61]],

[ 76, 75, 0,[ 43, 90, 75, 23]],

[ 14, 75, 0,[ 39, 47, 31]],

[ 34, 75, 0,[ 21, 80, 35]],

[ 66, 75, 0,[ 40, 65, 70, 52]],

[ 85, 75, 0,[ 10, 94, 97]],

[ 23, 75, 0,[ 27, 13, 3, 76]],

[ 32, 75, 0,[ 46, 71, 77, 88]],

[ 77, 75, 0,[ 91, 55, 32]],

[ 74, 75, 0,[ 37, 53, 97]],

[ 52, 75, 0,[ 97, 41, 31, 66]],

[ 25, 75, 0,[ 99, 9, 17]],

[ 59, 75, 0,[ 61, 39, 10, 4, 5, 82]],

[ 55, 75, 0,[ 20, 84, 77]],

[ 6, 75, 0,[ 8, 68, 5, 4, 95]],

[ 83, 75, 0,[ 9, 18, 82]],

[ 41, 75, 0,[ 54, 52, 3]],

[ 28, 75, 1,[ 43, 45, 47]],

[ 61, 75, 0,[ 62, 88, 36, 91, 59]],

[ 18, 75, 0,[ 15, 37, 83, 78, 45]],

[ 0, 75, 0,[ 91, 98, 44]],

[ 7, 55, 1,[ 68, 49, 48, 44]],

[ 78, 75, 0,[ 38, 18, 40, 92]],

[ 56, 75, 0,[ 39, 73, 36]],

[ 65, 75, 0,[ 39, 66, 57]],

[ 12, 75, 0,[ 30, 93, 36, 54]],

[ 42, 75, 0,[ 29, 43, 58]],

[ 57, 75, 0,[ 10, 89, 65, 95]],

[ 67, 75, 0,[ 38, 47, 69]],

[ 79, 75, 0,[ 71, 50, 98]],

[ 21, 75, 0,[ 75, 43, 34, 88, 5, 13]],

[ 84, 75, 0,[ 55, 96, 72]],

[ 88, 75, 0,[ 21, 32, 89, 61]],

[ 75, 75, 0,[ 73, 60, 21, 76, 95]],

[ 4, 75, 0,[ 59, 6, 19]],

[ 44, 75, 0,[ 0, 63, 94, 7]],

[ 53, 75, 1,[ 49, 62, 74]],

[ 31, 75, 0,[ 16, 52, 14, 86]],

[ 93, 75, 1,[ 27, 9, 12]],

[ 39, 75, 0,[ 65, 14, 37, 56, 59]],

[ 20, 75, 0,[ 35, 22, 55]],

[ 68, 75, 0,[ 6, 7, 24]],

[ 73, 5, 1,[ 38, 56, 75]],

[ 69, 75, 1,[ 26, 70, 50, 67]],

[ 35, 75, 0,[ 64, 20, 22, 33, 34, 99]],

[ 91, 75, 0,[ 0, 77, 17, 61]],

[ 99, 75, 0,[ 25, 35, 70]],

[ 58, 75, 0,[ 42, 51, 46, 47]],

[ 50, 75, 0,[ 3, 69, 79]],

[ 80, 75, 0,[ 34, 8]],

