[ 34, 25, 0,[ 77, 3, 35, 45]],

[ 44, 25, 0,[ 86, 43, 42, 28, 46]],

[ 40, 25, 0,[ 42, 41, 38]],

[ 52, 25, 0,[ 48, 31, 8]],

[ 93, 35, 1,[ 56, 90, 42]],

[ 72, 25, 0,[ 1, 63, 23, 2]],

[ 77, 25, 0,[ 34, 91]],

[ 18, 25, 0,[ 20, 45, 89]],

[ 78, 25, 0,[ 76, 47]],

[ 42, 25, 0,[ 40, 44, 33, 93]],

[ 68, 25, 0,[ 32, 27, 82]],

[ 54, 25, 0,[ 2, 17, 75]],

[ 0, 25, 0,[ 1, 2]],

[ 75, 25, 0,[ 24, 54, 31, 74]],

[ 25, 25, 1,[ 29, 82, 10, 9]],

[ 38, 25, 0,[ 39, 40, 26, 16, 67]],

[ 50, 25, 0,[ 14, 86, 49]],

[ 69, 25, 1,[ 36, 70, 66]],

[ 41, 25, 0,[ 11, 39, 40]],

[ 59, 25, 0,[ 57, 61, 51]],

[ 66, 25, 0,[ 17, 69, 65, 64, 79]],

[ 51, 25, 0,[ 59, 49, 67, 56]],

[ 64, 25, 0,[ 19, 73, 66]],

[ 61, 25, 0,[ 59, 60]],

[ 84, 25, 0,[ 30, 85, 3]],

[ 26, 25, 0,[ 19, 27, 38]],

[ 19, 25, 0,[ 21, 17, 64, 26]],

[ 24, 25, 0,[ 75, 23, 73]],

[ 37, 25, 0,[ 96, 4, 35, 82]],

[ 97, 25, 0,[ 80, 94, 99, 96]],

[ 99, 25, 0,[ 97, 6, 60, 31]],

[ 92, 25, 0,[ 65, 58, 22]],

[ 82, 25, 0,[ 37, 68, 25]],

[ 90, 25, 0,[ 8, 89, 93, 31, 73]],

[ 36, 25, 0,[ 12, 69, 16]],

[ 14, 25, 0,[ 81, 50, 83]],

[ 31, 25, 0,[ 75, 52, 90, 99]],

[ 89, 25, 0,[ 18, 15, 90]],

[ 94, 25, 0,[ 3, 91, 97, 87]],

[ 9, 25, 0,[ 8, 25, 10, 23]],

[ 30, 25, 0,[ 6, 28, 84]],

[ 15, 25, 0,[ 83, 80, 16, 89, 27]],

[ 27, 25, 0,[ 68, 13, 26, 62, 15]],

[ 67, 25, 0,[ 3, 51, 38]],

[ 3, 85, 1,[ 74, 84, 81, 85, 94, 34, 67]],

[ 33, 25, 0,[ 96, 42, 80]],

[ 86, 25, 1,[ 87, 44, 50, 29]],

[ 12, 25, 0,[ 96, 11, 36]],

[ 22, 25, 0,[ 20, 92]],

[ 58, 25, 0,[ 92, 57, 29]],

[ 81, 25, 0,[ 3, 14, 71]],

[ 62, 25, 0,[ 27, 6]],

[ 47, 25, 0,[ 78, 57, 48]],

[ 16, 25, 0,[ 38, 15, 17, 36]],

[ 7, 65, 1,[ 8, 1, 21, 83]],

[ 49, 25, 0,[ 51, 50, 83]],

[ 46, 25, 0,[ 48, 44, 5, 35]],

[ 56, 25, 0,[ 43, 93, 51]],

[ 96, 25, 0,[ 98, 37, 12, 33, 97]],

[ 29, 25, 0,[ 58, 53, 25, 86]],

[ 13, 25, 0,[ 76, 27, 11]],

[ 53, 25, 1,[ 29, 55, 60]],

[ 98, 25, 1,[ 95, 65, 96]],

[ 28, 25, 1,[ 30, 44]],

[ 76, 25, 0,[ 13, 78, 35]],

[ 5, 25, 0,[ 46, 20, 6]],

[ 45, 65, 1,[ 34, 18, 55]],

[ 87, 25, 0,[ 86, 88, 94]],

[ 2, 25, 0,[ 72, 0, 54]],

[ 73, 25, 0,[ 70, 64, 90, 24]],

[ 10, 25, 0,[ 9, 11, 25]],

[ 83, 25, 0,[ 15, 49, 7, 14]],

[ 8, 25, 0,[ 7, 9, 90, 6, 52]],

[ 23, 25, 0,[ 72, 9, 24]],

[ 80, 25, 0,[ 15, 33, 97]],

[ 57, 25, 0,[ 58, 20, 47, 59]],

[ 32, 25, 0,[ 68, 88, 71]],

[ 70, 25, 0,[ 73, 11, 69]],

[ 4, 25, 0,[ 63, 37, 11]],

[ 79, 25, 0,[ 66, 11, 88]],

[ 95, 25, 0,[ 98, 6, 71]],

[ 39, 25, 0,[ 38, 41, 88]],

[ 63, 25, 0,[ 72, 4]],

[ 85, 25, 0,[ 3, 43, 84]],

[ 11, 25, 0,[ 70, 12, 41, 13, 10, 4, 79]],

[ 20, 25, 0,[ 22, 18, 5, 57]],

[ 88, 25, 0,[ 79, 87, 32, 39]],

[ 55, 25, 0,[ 53, 45]],

[ 65, 25, 0,[ 92, 98, 66]],

[ 6, 25, 0,[ 30, 8, 99, 5, 95, 62]],

[ 71, 25, 0,[ 95, 32, 81]],

[ 17, 25, 0,[ 19, 54, 91, 66, 16]],

[ 21, 25, 0,[ 19, 74, 7]],

[ 43, 25, 0,[ 44, 56, 85]],

[ 1, 25, 0,[ 7, 72, 0]],

[ 91, 25, 0,[ 77, 17, 94]],

[ 74, 25, 0,[ 21, 3, 75]],

[ 60, 25, 0,[ 61, 99, 53]],

[ 48, 25, 0,[ 46, 52, 47]],

[ 35, 25, 0,[ 34, 37, 46, 76]],

