[ 50, 45, 1,[ 9, 98]],

[ 17, 55, 0,[ 97, 65, 35, 60]],

[ 65, 75, 1,[ 17, 29, 12]],

[ 95, 45, 0,[ 58, 44, 42, 15]],

[ 60, 55, 1,[ 83, 17, 77, 37]],

[ 16, 45, 0,[ 5, 19, 54, 41, 80, 85]],

[ 2, 5, 1,[ 0, 42, 45]],

[ 14, 5, 0,[ 30, 21, 20]],

[ 70, 85, 1,[ 77, 26]],

[ 75, 25, 0,[ 22, 29, 98, 66]],

[ 26, 25, 1,[ 25, 70, 59, 23]],

[ 31, 45, 0,[ 61, 12, 89]],

[ 29, 25, 0,[ 75, 65, 64, 36]],

[ 86, 45, 1,[ 35, 7, 5]],

[ 76, 55, 0,[ 22, 33, 39, 32]],

[ 15, 45, 1,[ 83, 94, 96, 95]],

[ 64, 85, 1,[ 28, 29, 12]],

[ 3, 65, 1,[ 35, 6, 81]],

[ 1, 55, 1,[ 12, 25, 62]],

[ 91, 55, 1,[ 69, 18, 80, 77, 62]],

[ 56, 25, 0,[ 58, 72, 80, 22]],

[ 79, 45, 0,[ 66, 72, 96]],

[ 20, 45, 0,[ 14, 66]],

[ 47, 65, 1,[ 8, 7, 11, 39]],

[ 11, 5, 1,[ 66, 53, 4, 47]],

[ 44, 45, 0,[ 43, 95, 93]],

[ 57, 55, 1,[ 71, 9, 77]],

[ 67, 65, 1,[ 84, 34, 9]],

[ 51, 45, 0,[ 92, 87, 99, 62]],

[ 53, 85, 1,[ 11, 45, 49]],

[ 97, 45, 0,[ 17, 92, 46]],

[ 41, 15, 1,[ 55, 16, 78]],

[ 49, 25, 1,[ 68, 53, 90]],

[ 93, 35, 1,[ 10, 74, 44]],

[ 62, 45, 1,[ 1, 42, 51, 90, 91]],

[ 74, 85, 0,[ 54, 93]],

[ 18, 85, 1,[ 91, 59, 90, 73]],

[ 92, 65, 1,[ 52, 97, 51]],

[ 71, 55, 0,[ 68, 57, 5]],

[ 96, 45, 0,[ 79, 40, 15]],

[ 39, 55, 0,[ 37, 30, 76, 47]],

[ 73, 95, 1,[ 18, 48, 30]],

[ 36, 85, 1,[ 85, 21, 29, 4]],

[ 45, 45, 1,[ 53, 38, 0, 87, 2]],

[ 6, 65, 0,[ 27, 3, 90]],

[ 0, 35, 1,[ 45, 59, 2, 32]],

[ 66, 45, 0,[ 79, 11, 75, 20, 19, 38]],

[ 88, 25, 0,[ 55, 35, 84]],

[ 37, 55, 0,[ 60, 24, 39]],

[ 83, 25, 1,[ 13, 15, 60]],

[ 32, 55, 0,[ 0, 23, 99, 76, 28]],

[ 30, 5, 1,[ 14, 39, 73]],

[ 68, 85, 0,[ 63, 49, 71, 23]],

[ 72, 25, 0,[ 79, 24, 84, 56, 58]],

[ 13, 45, 1,[ 83, 22, 84]],

[ 4, 55, 1,[ 10, 33, 11, 36, 61]],

[ 82, 15, 0,[ 28, 99, 46]],

[ 87, 75, 1,[ 33, 45, 51, 63]],

[ 69, 55, 1,[ 61, 91, 63]],

[ 35, 45, 0,[ 3, 86, 88, 17]],

[ 48, 45, 0,[ 89, 94, 73]],

[ 40, 75, 0,[ 7, 96, 34]],

[ 94, 45, 0,[ 48, 34, 15]],

[ 52, 75, 0,[ 34, 19, 78, 92, 24]],

[ 34, 75, 1,[ 94, 25, 5, 40, 8, 52, 33, 67]],

[ 84, 25, 0,[ 13, 33, 7, 88, 72, 67]],

[ 99, 45, 0,[ 82, 51, 32]],

[ 85, 45, 0,[ 16, 89, 78, 36]],

[ 78, 45, 0,[ 85, 52, 41]],

[ 98, 65, 1,[ 75, 81, 50]],

[ 19, 45, 0,[ 16, 52, 21, 66]],

[ 90, 45, 0,[ 62, 6, 38, 18, 49]],

[ 42, 45, 0,[ 95, 62, 2]],

[ 21, 5, 1,[ 36, 19, 14]],

[ 63, 45, 1,[ 87, 69, 28, 68]],

[ 46, 45, 0,[ 10, 82, 97]],

[ 38, 45, 1,[ 66, 45, 90]],

[ 5, 65, 1,[ 86, 34, 16, 71]],

[ 24, 75, 0,[ 72, 52, 37]],

[ 7, 15, 1,[ 84, 40, 47, 86]],

[ 22, 25, 0,[ 76, 13, 75, 56]],

[ 43, 25, 1,[ 44, 10]],

[ 28, 15, 1,[ 32, 63, 64, 82]],

[ 77, 45, 1,[ 70, 91, 57, 60]],

[ 55, 55, 1,[ 88, 41, 23]],

[ 33, 45, 1,[ 4, 84, 87, 76, 34]],

[ 80, 25, 0,[ 91, 56, 16]],

[ 61, 55, 0,[ 4, 69, 27, 31]],

[ 25, 5, 1,[ 26, 34, 1]],

[ 8, 75, 0,[ 27, 34, 47]],

[ 27, 55, 1,[ 8, 61, 6]],

[ 10, 25, 0,[ 43, 4, 46, 93]],

[ 54, 85, 0,[ 58, 16, 74, 23]],

[ 59, 85, 0,[ 0, 18, 26]],

[ 12, 75, 1,[ 1, 31, 65, 64]],

[ 23, 85, 0,[ 68, 26, 32, 54, 55]],

[ 9, 85, 1,[ 81, 89, 67, 57, 50]],

[ 89, 45, 0,[ 31, 48, 9, 85]],

[ 58, 35, 1,[ 72, 95, 56, 54]],

[ 81, 65, 0,[ 3, 9, 98]],

