[ 77, 15, 1,[ 0, 55, 61]],

[ 4, 65, 1,[ 46, 70, 74, 1, 15]],

[ 11, 15, 1,[ 26, 54, 0, 31]],

[ 9, 75, 1,[ 53, 82, 39, 81]],

[ 8, 25, 0,[ 60, 31, 42, 72]],

[ 78, 85, 0,[ 41, 57, 97, 50]],

[ 96, 35, 0,[ 87, 2]],

[ 30, 25, 1,[ 48, 26, 73]],

[ 34, 5, 1,[ 16, 49, 18]],

[ 71, 55, 0,[ 29, 46, 6]],

[ 58, 75, 1,[ 35, 83]],

[ 52, 25, 0,[ 75, 27, 28]],

[ 92, 5, 1,[ 18, 68, 62]],

[ 48, 85, 0,[ 30, 76, 56, 35]],

[ 20, 25, 1,[ 95, 93, 56]],

[ 36, 85, 1,[ 15, 51, 7, 81]],

[ 90, 65, 0,[ 37, 93, 38, 94]],

[ 23, 65, 0,[ 91, 83, 2]],

[ 12, 45, 1,[ 44, 64, 1]],

[ 0, 75, 1,[ 77, 11, 47]],

[ 68, 35, 0,[ 43, 65, 92]],

[ 97, 65, 0,[ 78, 37, 62]],

[ 62, 65, 0,[ 92, 97, 16]],

[ 59, 85, 0,[ 88, 95, 87, 50, 33]],

[ 31, 75, 0,[ 11, 8, 55]],

[ 21, 95, 1,[ 87, 3, 49, 99]],

[ 53, 15, 1,[ 19, 9, 86]],

[ 76, 85, 0,[ 29, 14, 48]],

[ 95, 85, 0,[ 85, 20, 59]],

[ 98, 55, 1,[ 42, 10, 54]],

[ 84, 5, 0,[ 50, 5, 29]],

[ 69, 45, 1,[ 45, 93, 14]],

[ 82, 65, 0,[ 63, 28, 9, 13]],

[ 81, 25, 0,[ 73, 66, 9, 36]],

[ 64, 5, 1,[ 12, 35, 79, 24]],

[ 41, 25, 1,[ 61, 89, 80, 78]],

[ 79, 35, 0,[ 67, 85, 5, 42, 64, 49]],

[ 75, 55, 0,[ 54, 52, 3]],

[ 93, 5, 1,[ 57, 69, 20, 90]],

[ 51, 65, 0,[ 83, 36]],

[ 1, 35, 1,[ 80, 4, 12]],

[ 32, 85, 0,[ 94, 45, 63]],

[ 49, 55, 1,[ 79, 34, 21, 40]],

[ 43, 85, 1,[ 22, 86, 68]],

[ 13, 65, 0,[ 91, 47, 82]],

[ 60, 45, 1,[ 57, 56, 8, 38]],

[ 46, 55, 0,[ 71, 4]],

[ 35, 65, 0,[ 64, 29, 58, 48, 70]],

[ 27, 85, 1,[ 37, 66, 52, 42, 24]],

[ 63, 5, 1,[ 82, 85, 22, 32]],

[ 74, 65, 0,[ 4, 42, 57]],

[ 39, 65, 0,[ 9, 55, 40]],

[ 65, 85, 1,[ 17, 68, 72]],

[ 54, 55, 0,[ 11, 75, 98, 87, 17, 19]],

[ 66, 25, 0,[ 81, 27, 7]],

[ 16, 65, 0,[ 62, 34, 37]],

[ 56, 85, 0,[ 60, 48, 20]],

[ 29, 85, 0,[ 84, 5, 71, 76, 35]],

[ 17, 55, 0,[ 54, 3, 65]],

[ 70, 25, 1,[ 4, 47, 35]],

[ 88, 85, 0,[ 86, 38, 59]],

[ 40, 35, 1,[ 73, 49, 33, 39]],

[ 19, 5, 0,[ 73, 53, 54]],

[ 55, 85, 1,[ 77, 31, 39]],

[ 5, 5, 1,[ 84, 79, 29]],

[ 15, 5, 1,[ 36, 4, 7]],

[ 91, 85, 1,[ 13, 18, 23]],

[ 72, 55, 0,[ 65, 8]],

[ 2, 45, 1,[ 22, 96, 23]],

[ 94, 65, 0,[ 44, 32, 90]],

[ 85, 65, 1,[ 95, 79, 28, 63]],

[ 10, 15, 0,[ 38, 18, 98]],

[ 57, 35, 1,[ 60, 78, 93, 74]],

[ 24, 25, 0,[ 27, 87, 64]],

[ 99, 95, 0,[ 21, 83, 61]],

[ 7, 5, 0,[ 66, 36, 15]],

[ 33, 95, 1,[ 40, 59, 6, 80]],

[ 28, 35, 1,[ 85, 82, 52]],

[ 73, 85, 1,[ 81, 30, 40, 19]],

[ 67, 85, 1,[ 25, 79, 42, 6]],

[ 50, 75, 1,[ 78, 84, 59]],

[ 86, 5, 1,[ 88, 53, 43, 44]],

[ 25, 75, 1,[ 14, 26, 67]],

[ 26, 75, 0,[ 6, 25, 30, 11]],

[ 14, 55, 1,[ 25, 69, 76]],

[ 6, 75, 0,[ 67, 26, 33, 71]],

[ 45, 65, 1,[ 32, 44, 89, 69]],

[ 37, 65, 0,[ 97, 90, 16, 27]],

[ 38, 65, 1,[ 10, 88, 60, 90]],

[ 89, 45, 0,[ 44, 41, 45]],

[ 80, 65, 0,[ 1, 33, 41]],

[ 83, 15, 1,[ 23, 58, 99, 51]],

[ 42, 35, 0,[ 27, 74, 67, 8, 98, 79]],

[ 22, 85, 1,[ 2, 43, 63]],

[ 18, 95, 1,[ 91, 34, 10, 92]],

[ 87, 85, 0,[ 54, 21, 96, 24, 59]],

[ 3, 5, 1,[ 75, 21, 17, 47]],

[ 61, 95, 0,[ 99, 41, 77]],

[ 44, 45, 0,[ 94, 45, 12, 86, 89]],

[ 47, 95, 1,[ 0, 3, 70, 13]],

