[ 80, 95, 0,[ 40, 52, 98]],

[ 94, 15, 1,[ 45, 83, 57]],

[ 42, 65, 0,[ 32, 27, 91]],

[ 43, 55, 1,[ 45, 5, 95]],

[ 96, 5, 0,[ 48, 83, 49]],

[ 64, 65, 1,[ 20, 11, 8]],

[ 74, 15, 0,[ 58, 77, 59]],

[ 73, 95, 1,[ 77, 37, 26]],

[ 69, 35, 1,[ 24, 90, 87, 83]],

[ 92, 25, 0,[ 63, 78, 47]],

[ 11, 25, 1,[ 64, 50, 44]],

[ 10, 65, 0,[ 5, 17, 4]],

[ 44, 95, 0,[ 72, 11, 68]],

[ 63, 75, 1,[ 36, 92, 39, 70, 3]],

[ 0, 95, 1,[ 12, 46, 68, 4, 76]],

[ 68, 95, 0,[ 0, 16, 44, 20]],

[ 98, 15, 1,[ 90, 80, 89]],

[ 33, 35, 0,[ 18, 47, 23]],

[ 82, 35, 0,[ 1, 71, 47, 2]],

[ 83, 95, 1,[ 96, 39, 69, 94, 14]],

[ 36, 65, 1,[ 75, 85, 63]],

[ 32, 95, 0,[ 47, 46, 42]],

[ 40, 35, 0,[ 13, 81, 80]],

[ 14, 25, 1,[ 75, 83, 19, 8]],

[ 81, 35, 0,[ 84, 40, 49]],

[ 28, 15, 1,[ 38, 53, 95, 27]],

[ 54, 75, 0,[ 39, 79, 17]],

[ 57, 85, 1,[ 94, 26, 29]],

[ 87, 25, 0,[ 49, 41, 69]],

[ 19, 75, 0,[ 39, 14, 15, 50]],

[ 5, 55, 1,[ 10, 6, 43]],

[ 45, 5, 1,[ 61, 18, 13, 94, 43]],

[ 71, 85, 1,[ 82, 95, 16]],

[ 84, 35, 0,[ 93, 9, 81]],

[ 37, 75, 0,[ 25, 73, 70, 29]],

[ 49, 85, 1,[ 87, 96, 62, 81]],

[ 76, 25, 0,[ 18, 41, 0]],

[ 66, 65, 0,[ 97, 60, 99, 50]],

[ 38, 85, 1,[ 2, 28, 34, 86]],

[ 86, 85, 1,[ 38, 8, 61]],

[ 7, 55, 0,[ 9, 3, 27]],

[ 6, 55, 0,[ 5, 4, 9]],

[ 56, 65, 0,[ 26, 99, 30, 70]],

[ 70, 35, 1,[ 37, 35, 63, 56]],

[ 46, 95, 0,[ 32, 15, 0]],

[ 88, 25, 0,[ 51, 16, 22]],

[ 58, 25, 1,[ 91, 74, 89]],

[ 17, 75, 0,[ 54, 10, 34, 90]],

[ 97, 65, 0,[ 66, 55, 24]],

[ 55, 85, 1,[ 24, 3, 97, 48]],

[ 93, 15, 1,[ 84, 31, 30, 53]],

[ 1, 15, 1,[ 82, 35, 20, 91, 67]],

[ 25, 45, 1,[ 22, 72, 37]],

[ 77, 25, 1,[ 75, 74, 65, 30, 73]],

[ 26, 65, 0,[ 56, 57, 73, 23]],

[ 79, 5, 1,[ 54, 53, 61]],

[ 35, 5, 0,[ 70, 1]],

[ 59, 15, 0,[ 65, 74, 4]],

[ 3, 15, 1,[ 7, 55, 63]],

[ 95, 95, 0,[ 43, 28, 71, 18]],

[ 12, 5, 1,[ 16, 15, 0]],

[ 29, 55, 1,[ 57, 91, 37]],

[ 72, 95, 0,[ 44, 25, 21]],

[ 16, 95, 0,[ 12, 88, 71, 68]],

[ 22, 55, 1,[ 91, 88, 25]],

[ 23, 65, 0,[ 26, 53, 33]],

[ 15, 45, 1,[ 12, 19, 46]],

[ 67, 15, 1,[ 1, 41, 78]],

[ 65, 25, 1,[ 77, 59, 9, 52]],

[ 99, 65, 0,[ 56, 66, 4]],

[ 50, 95, 1,[ 11, 85, 66, 19]],

[ 60, 35, 1,[ 31, 66, 9]],

[ 41, 15, 1,[ 67, 76, 21, 87]],

[ 30, 35, 1,[ 93, 56, 77]],

[ 85, 65, 0,[ 2, 50, 36]],

[ 24, 5, 0,[ 55, 97, 69]],

[ 90, 75, 0,[ 17, 48, 98, 69]],

[ 48, 75, 0,[ 96, 55, 90]],

[ 9, 15, 1,[ 84, 60, 65, 6, 7]],

[ 18, 15, 1,[ 76, 95, 33, 45]],

[ 75, 65, 0,[ 36, 77, 14]],

[ 34, 35, 1,[ 17, 47, 38]],

[ 20, 5, 0,[ 64, 68, 1]],

[ 52, 95, 0,[ 65, 21, 80]],

[ 51, 25, 0,[ 88, 62, 78]],

[ 21, 5, 1,[ 72, 41, 52]],

[ 62, 75, 1,[ 49, 51]],

[ 4, 85, 1,[ 99, 0, 10, 59, 6]],

[ 47, 85, 1,[ 82, 32, 92, 34, 33]],

[ 2, 35, 1,[ 38, 85, 13, 82]],

[ 13, 35, 0,[ 45, 40, 2]],

[ 27, 95, 1,[ 42, 28, 91, 7]],

[ 78, 25, 0,[ 92, 51, 67]],

[ 8, 35, 0,[ 14, 64, 86]],

[ 91, 25, 1,[ 27, 29, 58, 22, 1, 42]],

[ 39, 75, 0,[ 83, 19, 89, 63, 54]],

[ 89, 75, 0,[ 98, 58, 39]],

[ 53, 5, 1,[ 93, 28, 79, 23]],

[ 31, 35, 0,[ 60, 93]],

[ 61, 45, 0,[ 86, 79, 45]],

