[ 66, 95, 0,[ 19, 4, 17]],

[ 36, 95, 0,[ 11, 83, 64, 72, 27, 52, 10, 51]],

[ 92, 95, 0,[ 43, 31, 73]],

[ 7, 95, 0,[ 50, 65, 56, 48]],

[ 55, 95, 0,[ 52, 61, 38]],

[ 33, 95, 0,[ 81, 16, 34]],

[ 6, 95, 0,[ 69, 3, 99]],

[ 1, 95, 0,[ 29, 76, 37, 21]],

[ 18, 95, 0,[ 96, 45, 48]],

[ 71, 95, 0,[ 57, 68, 65]],

[ 75, 95, 0,[ 86, 49]],

[ 15, 95, 0,[ 52, 77, 91]],

[ 45, 95, 0,[ 81, 90, 18, 22]],

[ 54, 95, 0,[ 40, 53, 70, 89]],

[ 99, 95, 0,[ 3, 39, 83, 6]],

[ 95, 95, 0,[ 26, 13, 73, 8]],

[ 48, 95, 0,[ 76, 18, 7, 21]],

[ 37, 45, 1,[ 42, 12, 1]],

[ 47, 95, 0,[ 72, 77, 40, 12, 82]],

[ 49, 95, 0,[ 97, 65, 59, 75, 20, 46, 29]],

[ 57, 95, 0,[ 71, 32, 28]],

[ 23, 95, 0,[ 2, 42, 10]],

[ 69, 95, 0,[ 16, 81, 6]],

[ 8, 45, 1,[ 95, 38, 41, 5]],

[ 89, 45, 1,[ 59, 54, 97, 74]],

[ 20, 95, 0,[ 49, 68, 50, 63]],

[ 16, 95, 0,[ 77, 52, 33, 69, 80, 28]],

[ 41, 95, 0,[ 31, 14, 11, 8]],

[ 26, 95, 0,[ 95, 40, 61]],

[ 38, 95, 0,[ 55, 8, 25, 24]],

[ 4, 95, 0,[ 66, 87, 84, 19]],

[ 10, 95, 0,[ 61, 36, 23]],

[ 80, 85, 1,[ 0, 82, 16]],

[ 28, 95, 0,[ 43, 98, 57, 16]],

[ 44, 95, 0,[ 30, 63]],

[ 91, 95, 0,[ 96, 32, 73, 15]],

[ 78, 95, 0,[ 25, 30, 67, 70]],

[ 21, 95, 0,[ 9, 48, 86, 1]],

[ 34, 95, 0,[ 33, 5, 30]],

[ 11, 95, 0,[ 41, 24, 36]],

[ 87, 95, 0,[ 42, 4, 59]],

[ 72, 95, 0,[ 51, 36, 47]],

[ 59, 95, 0,[ 87, 43, 31, 89, 49]],

[ 25, 95, 0,[ 74, 38, 13, 62, 78]],

[ 24, 95, 0,[ 82, 81, 11, 38, 3]],

[ 29, 95, 0,[ 1, 46, 49]],

[ 90, 95, 0,[ 45]],

[ 61, 75, 1,[ 62, 55, 26, 10]],

[ 13, 95, 0,[ 95, 79, 25]],

[ 74, 95, 0,[ 25, 89, 64]],

[ 98, 95, 0,[ 28, 39, 83]],

[ 96, 65, 1,[ 18, 35, 91]],

[ 27, 95, 0,[ 40, 36, 83]],

[ 42, 95, 0,[ 87, 32, 37, 23]],

[ 40, 95, 0,[ 26, 47, 54, 27]],

[ 19, 95, 0,[ 66, 22, 4, 84]],

[ 53, 95, 0,[ 51, 2, 54]],

[ 52, 95, 1,[ 16, 55, 15, 36]],

[ 9, 95, 0,[ 73, 21, 76]],

[ 86, 95, 0,[ 21, 94, 75]],

[ 22, 95, 0,[ 63, 45, 19]],

[ 67, 95, 0,[ 12, 17, 78]],

[ 56, 95, 0,[ 50, 7, 65]],

[ 32, 95, 0,[ 91, 42, 57]],

[ 0, 95, 0,[ 88, 80, 68]],

[ 2, 95, 0,[ 5, 53, 23, 93]],

[ 79, 95, 0,[ 13, 68]],

[ 17, 85, 1,[ 67, 94, 66]],

[ 43, 95, 0,[ 92, 70, 28, 59]],

[ 81, 95, 0,[ 69, 33, 45, 24]],

[ 83, 95, 0,[ 98, 99, 27, 36]],

[ 70, 95, 0,[ 78, 43, 54]],

[ 5, 95, 0,[ 34, 2, 8]],

[ 76, 95, 0,[ 1, 9, 48]],

[ 30, 95, 0,[ 44, 34, 78]],

[ 77, 95, 0,[ 16, 47, 97, 15]],

[ 35, 75, 1,[ 64, 96, 88]],

[ 50, 95, 0,[ 7, 20, 56]],

[ 93, 95, 0,[ 58, 2, 62]],

[ 62, 95, 0,[ 61, 25, 93]],

[ 65, 95, 0,[ 7, 56, 71, 49]],

[ 82, 95, 0,[ 47, 24, 80]],

[ 3, 95, 0,[ 24, 99, 6]],

[ 64, 95, 0,[ 46, 74, 36, 35]],

[ 68, 95, 0,[ 0, 20, 79, 71]],

[ 84, 95, 0,[ 19, 58, 4]],

[ 39, 95, 0,[ 12, 98, 99]],

[ 14, 95, 0,[ 88, 12, 41]],

[ 46, 95, 0,[ 29, 64, 49]],

[ 12, 95, 0,[ 67, 47, 60, 14, 39, 37]],

[ 94, 95, 0,[ 51, 17, 86]],

[ 97, 95, 0,[ 89, 77, 49]],

[ 88, 95, 0,[ 0, 35, 14, 85]],

[ 58, 95, 0,[ 51, 93, 84]],

[ 31, 15, 1,[ 59, 41, 92]],

[ 63, 95, 0,[ 22, 85, 20, 44]],

[ 51, 95, 0,[ 53, 94, 72, 36, 58]],

[ 60, 95, 0,[ 12, 73]],

[ 85, 95, 0,[ 63, 88]],

[ 73, 95, 0,[ 91, 9, 92, 60, 95]],

[ 84, 45, 0,[ 93, 0, 98, 24, 66, 2, 31]],

[ 75, 45, 0,[ 78, 47, 28]],

[ 62, 45, 0,[ 34, 74, 57]],

[ 26, 45, 0,[ 78, 42, 32]],

[ 97, 95, 1,[ 58, 9]],

[ 34, 45, 0,[ 49, 74, 62]],

[ 27, 45, 0,[ 11, 82, 1]],

[ 5, 45, 0,[ 99, 88, 71]],

[ 94, 45, 0,[ 16, 66, 20, 73]],

[ 53, 45, 0,[ 96, 10, 44]],

[ 44, 45, 0,[ 53, 33, 14, 52, 13]],

[ 54, 45, 0,[ 36, 72, 18]],

[ 96, 85, 1,[ 43, 61, 59, 53]],

[ 29, 45, 0,[ 61, 66, 46]],

[ 47, 45, 0,[ 68, 89, 39, 75, 11]],

[ 20, 45, 0,[ 93, 38, 94]],

[ 50, 45, 0,[ 18, 46, 19, 12]],

[ 18, 45, 0,[ 50, 77, 54]],

[ 41, 45, 0,[ 1, 92, 63]],

[ 42, 45, 0,[ 74, 26, 66]],

[ 57, 45, 0,[ 88, 62, 9]],

[ 2, 45, 0,[ 70, 82, 84]],

[ 4, 45, 0,[ 13, 91, 46]],

[ 16, 45, 0,[ 94, 65, 3]],

[ 55, 45, 0,[ 81, 79, 22]],

[ 65, 45, 0,[ 61, 16, 19]],

[ 81, 45, 0,[ 55, 39, 70]],

[ 52, 25, 1,[ 44, 86, 98]],

[ 30, 45, 0,[ 79, 88, 8]],

[ 79, 45, 0,[ 30, 55, 58, 17, 89]],

[ 19, 45, 0,[ 65, 76, 50]],

[ 92, 45, 0,[ 41, 38, 59]],

[ 48, 45, 0,[ 70]],

[ 39, 45, 0,[ 81, 85, 47, 90]],

[ 21, 45, 0,[ 59, 93, 72]],

[ 78, 45, 0,[ 75, 46, 26, 12]],

[ 38, 45, 0,[ 20, 92, 8, 49, 68]],

[ 7, 45, 0,[ 63, 87, 25]],

[ 17, 45, 0,[ 36, 37, 79, 76, 77]],

[ 32, 45, 0,[ 23, 87, 80, 26]],

[ 95, 45, 0,[ 67, 58, 40, 56]],

[ 88, 45, 0,[ 31, 5, 57, 30]],

[ 76, 45, 0,[ 6, 85, 19, 17]],

[ 13, 45, 0,[ 91, 4, 70, 44]],

[ 12, 45, 0,[ 50, 23, 3, 78]],

[ 90, 45, 0,[ 39, 36]],

[ 82, 45, 0,[ 27, 80, 2]],

[ 71, 45, 0,[ 51, 5, 99]],

[ 80, 45, 0,[ 82, 32, 45]],

[ 83, 45, 0,[ 25, 14, 69]],

[ 85, 45, 0,[ 63, 76, 39]],

[ 63, 45, 0,[ 72, 86, 85, 7, 41, 74]],

[ 72, 45, 0,[ 54, 63, 21]],

[ 9, 45, 0,[ 25, 97, 64, 57, 67]],

[ 22, 45, 0,[ 1, 55, 67]],

[ 69, 45, 0,[ 83, 73, 43]],

[ 70, 45, 0,[ 81, 48, 2, 13]],

[ 66, 45, 0,[ 24, 94, 29, 42, 84]],

[ 59, 45, 0,[ 92, 96, 21]],

[ 87, 45, 0,[ 32, 7, 24]],

[ 98, 45, 0,[ 84, 52]],

[ 51, 45, 0,[ 36, 10, 71]],

[ 35, 55, 1,[ 15, 46, 60]],

[ 61, 55, 1,[ 96, 65, 29]],

[ 67, 45, 0,[ 95, 22, 9]],

[ 37, 55, 1,[ 0, 17]],

[ 25, 45, 0,[ 83, 3, 7, 9]],

[ 33, 45, 0,[ 73, 44, 86]],

[ 86, 45, 0,[ 63, 33, 52]],

[ 43, 45, 0,[ 96, 69, 40]],

[ 11, 45, 0,[ 27, 8, 47]],

[ 15, 45, 0,[ 23, 64, 35]],

[ 3, 45, 0,[ 56, 89, 25, 12, 16]],

[ 1, 45, 0,[ 68, 10, 41, 22, 27]],

[ 23, 45, 0,[ 15, 12, 32]],

[ 36, 45, 0,[ 54, 17, 90, 51, 56]],

[ 99, 45, 0,[ 0, 5, 71]],

[ 0, 45, 0,[ 99, 37, 28, 84]],

[ 93, 45, 0,[ 84, 21, 20]],

[ 40, 45, 0,[ 43, 95]],

[ 49, 45, 0,[ 34, 38, 58, 31]],

[ 68, 15, 1,[ 1, 38, 47]],

[ 91, 45, 0,[ 8, 13, 4]],

[ 31, 85, 1,[ 88, 49, 84]],

[ 8, 95, 1,[ 11, 64, 38, 30, 91]],

[ 14, 45, 0,[ 83, 44]],

[ 45, 45, 0,[ 6, 80, 46]],

[ 64, 45, 0,[ 9, 15, 8]],

[ 77, 45, 0,[ 17, 28, 10, 18]],

[ 24, 45, 0,[ 87, 84, 66]],

[ 60, 45, 0,[ 35, 58, 6]],

[ 10, 45, 0,[ 77, 53, 1, 51]],

[ 58, 45, 0,[ 73, 60, 49, 95, 79, 97]],

[ 56, 45, 0,[ 95, 3, 36]],

[ 46, 45, 0,[ 78, 4, 45, 29, 50, 35]],

[ 6, 45, 0,[ 76, 60, 45]],

[ 28, 45, 0,[ 75, 0, 77]],

[ 89, 45, 1,[ 3, 47, 79]],

[ 74, 45, 0,[ 62, 34, 42, 63]],

[ 73, 45, 0,[ 58, 69, 33, 94]],

