[ 8, 95, 0,[ 68, 43, 34, 98]],

[ 19, 5, 0,[ 9, 24, 22, 63]],

[ 14, 95, 0,[ 96, 72, 76, 75]],

[ 72, 45, 0,[ 14, 75, 95]],

[ 47, 55, 1,[ 61, 13, 66]],

[ 69, 95, 1,[ 64, 91, 53]],

[ 15, 95, 1,[ 94, 46, 10]],

[ 49, 75, 1,[ 60, 39, 25]],

[ 30, 25, 1,[ 87, 36, 66]],

[ 38, 45, 1,[ 79, 70, 91]],

[ 93, 5, 1,[ 28, 9, 95]],

[ 44, 5, 0,[ 53, 21, 77, 23]],

[ 9, 75, 1,[ 92, 71, 19, 59, 93]],

[ 7, 25, 1,[ 31, 6]],

[ 27, 95, 1,[ 21, 12, 99, 79, 62, 74, 87, 57, 17, 48]],

[ 70, 45, 1,[ 59, 1, 38]],

[ 97, 15, 0,[ 41, 68, 35]],

[ 57, 65, 1,[ 84, 89, 27]],

[ 51, 65, 1,[ 73, 80, 82]],

[ 2, 5, 1,[ 50, 62, 75]],

[ 88, 75, 0,[ 81, 83, 13]],

[ 67, 5, 1,[ 89, 17, 54]],

[ 82, 95, 0,[ 33, 6, 81, 51]],

[ 58, 85, 1,[ 35, 84, 32]],

[ 98, 95, 1,[ 8, 68, 28, 31]],

[ 3, 75, 1,[ 84, 96]],

[ 94, 85, 0,[ 0, 89, 78, 15]],

[ 10, 5, 0,[ 1, 15, 77]],

[ 6, 55, 0,[ 82, 7, 16]],

[ 85, 55, 0,[ 37, 29, 36]],

[ 52, 65, 0,[ 20, 25, 87]],

[ 83, 45, 1,[ 11, 76, 88]],

[ 77, 15, 1,[ 10, 99, 44]],

[ 20, 75, 1,[ 0, 52, 21, 18]],

[ 75, 45, 0,[ 72, 2, 14]],

[ 24, 65, 0,[ 19, 78, 41]],

[ 11, 35, 1,[ 80, 83, 32, 50, 48, 12, 5]],

[ 25, 35, 1,[ 59, 42, 90, 49, 52]],

[ 89, 35, 0,[ 67, 57, 28, 94]],

[ 86, 65, 1,[ 56, 54, 73]],

[ 5, 95, 1,[ 50, 11, 74]],

[ 16, 55, 0,[ 31, 64, 6, 33]],

[ 32, 35, 0,[ 58, 11, 80]],

[ 12, 35, 1,[ 45, 27, 11, 22]],

[ 18, 5, 1,[ 20, 35, 37, 42]],

[ 79, 85, 1,[ 65, 78, 27, 38, 99]],

[ 61, 5, 0,[ 47]],

[ 84, 25, 0,[ 57, 3, 58]],

[ 63, 35, 1,[ 66, 36, 19]],

[ 76, 95, 0,[ 40, 83, 59, 14]],

[ 66, 15, 0,[ 30, 91, 47, 63, 1]],

[ 21, 55, 1,[ 20, 27, 44, 34]],

[ 42, 65, 0,[ 92, 18, 25]],

[ 4, 85, 1,[ 71, 43, 90]],

[ 50, 15, 1,[ 2, 5, 11]],

[ 73, 15, 1,[ 51, 36, 86]],

[ 35, 15, 0,[ 18, 23, 58, 97]],

[ 81, 75, 0,[ 88, 82, 96]],

[ 23, 95, 0,[ 44, 39, 35]],

[ 34, 55, 1,[ 21, 29, 8]],

[ 59, 5, 0,[ 70, 76, 9, 25]],

[ 37, 55, 0,[ 18, 45, 85]],

[ 74, 75, 0,[ 27, 5, 0]],

[ 60, 75, 1,[ 71, 49, 31]],

[ 92, 5, 0,[ 9, 42, 96]],

[ 95, 75, 1,[ 72, 93, 26]],

[ 53, 85, 1,[ 69, 44, 56]],

[ 91, 15, 1,[ 55, 38, 69, 66]],

[ 13, 75, 0,[ 43, 88, 47]],

[ 54, 95, 0,[ 86, 67, 68]],

[ 36, 25, 1,[ 73, 78, 63, 85, 30]],

[ 62, 85, 0,[ 55, 2, 27]],

[ 45, 5, 1,[ 12, 37, 40]],

[ 17, 85, 0,[ 40, 67, 27]],

[ 1, 55, 1,[ 66, 40, 46, 70, 10]],

[ 90, 5, 0,[ 4, 43, 25]],

[ 55, 85, 1,[ 62, 91, 65]],

[ 99, 25, 0,[ 79, 27, 77]],

[ 78, 45, 1,[ 24, 36, 79, 94]],

[ 28, 35, 1,[ 93, 98, 89]],

[ 96, 5, 0,[ 3, 81, 92, 14]],

[ 41, 45, 1,[ 29, 97, 40, 24]],

[ 48, 45, 0,[ 56, 27, 11]],

[ 46, 95, 0,[ 15, 1, 68]],

[ 29, 65, 1,[ 34, 85, 41]],

[ 68, 95, 0,[ 46, 8, 97, 98, 54]],

[ 0, 45, 1,[ 94, 20, 74]],

[ 56, 5, 0,[ 53, 48, 86]],

[ 26, 25, 0,[ 95, 39, 33]],

[ 43, 35, 1,[ 8, 13, 4, 90]],

[ 39, 95, 0,[ 49, 65, 23, 26]],

[ 80, 35, 0,[ 32, 51, 11]],

[ 64, 85, 1,[ 16, 69]],

[ 65, 55, 1,[ 39, 55, 79]],

[ 31, 55, 0,[ 7, 16, 60, 98]],

[ 22, 65, 0,[ 12, 19, 87]],

[ 40, 15, 0,[ 76, 41, 17, 45, 1]],

[ 71, 45, 0,[ 60, 9, 4]],

[ 87, 45, 0,[ 27, 30, 52, 22]],

[ 33, 95, 0,[ 16, 82, 26]],

