[ 17, 55, 0,[ 30, 24, 46]],

[ 34, 55, 0,[ 37, 76, 72, 55]],

[ 99, 55, 0,[ 38, 10, 14]],

[ 30, 55, 0,[ 89, 36, 86, 25, 53, 17]],

[ 7, 25, 1,[ 32, 66, 74]],

[ 69, 15, 1,[ 64, 72, 58, 8, 71]],

[ 88, 55, 0,[ 96, 3, 10, 78, 9]],

[ 16, 55, 0,[ 71, 32, 4, 70, 35, 96]],

[ 56, 55, 0,[ 51, 85, 90]],

[ 49, 55, 0,[ 83, 71, 91]],

[ 38, 55, 0,[ 46, 21, 99]],

[ 24, 55, 0,[ 17, 21, 78]],

[ 35, 55, 0,[ 52, 16, 39, 3]],

[ 13, 55, 0,[ 95, 62, 57]],

[ 98, 25, 1,[ 36, 83, 20, 80]],

[ 67, 55, 0,[ 18, 71, 45]],

[ 20, 55, 0,[ 74, 98, 31]],

[ 23, 55, 0,[ 36, 74, 86]],

[ 6, 55, 0,[ 71, 9, 93]],

[ 50, 55, 1,[ 82, 72, 46]],

[ 59, 55, 0,[ 15, 4, 48, 36]],

[ 4, 55, 0,[ 59, 84, 43, 16]],

[ 61, 55, 0,[ 86, 40, 41, 97]],

[ 63, 55, 0,[ 31, 65, 48, 2, 55, 37]],

[ 21, 55, 0,[ 41, 38, 47, 24]],

[ 18, 55, 0,[ 97, 67, 48]],

[ 75, 55, 0,[ 54, 66, 78, 72]],

[ 1, 55, 0,[ 45, 81, 28]],

[ 74, 55, 0,[ 23, 20, 57, 92, 7]],

[ 41, 55, 0,[ 29, 21, 61]],

[ 14, 55, 0,[ 87, 96, 99]],

[ 36, 55, 0,[ 98, 23, 30, 59]],

[ 62, 55, 0,[ 46, 13, 29]],

[ 47, 55, 0,[ 21, 97, 93]],

[ 71, 55, 0,[ 69, 49, 6, 90, 16, 67, 32]],

[ 97, 55, 0,[ 18, 61, 47, 60]],

[ 92, 55, 0,[ 27, 79, 74]],

[ 15, 55, 0,[ 59, 32, 77]],

[ 9, 55, 0,[ 88, 76, 6]],

[ 42, 55, 0,[ 10, 78, 8]],

[ 85, 55, 0,[ 56, 45, 31]],

[ 51, 55, 0,[ 60, 56, 40]],

[ 43, 55, 0,[ 4, 91, 77]],

[ 70, 55, 0,[ 91, 79, 16, 52]],

[ 31, 55, 0,[ 85, 63, 80, 20]],

[ 87, 55, 0,[ 14]],

[ 57, 55, 0,[ 74, 13, 39, 60]],

[ 82, 55, 0,[ 83, 89, 2, 50]],

[ 12, 55, 0,[ 54, 52, 45]],

[ 72, 55, 0,[ 34, 75, 69, 50]],

[ 29, 55, 0,[ 94, 41, 62]],

[ 93, 85, 1,[ 11, 68, 8, 6, 47]],

[ 8, 55, 0,[ 93, 42, 69]],

[ 45, 55, 1,[ 12, 67, 85, 1]],

[ 0, 55, 0,[ 54, 26, 22]],

[ 66, 55, 0,[ 75, 5, 7]],

[ 64, 55, 0,[ 73, 58, 54, 69]],

[ 80, 55, 0,[ 31, 98, 91]],

[ 78, 55, 0,[ 42, 24, 88, 75]],

[ 10, 55, 0,[ 42, 88, 99]],

[ 26, 55, 0,[ 22, 0, 54]],

[ 79, 55, 0,[ 28, 81, 92, 70]],

[ 27, 55, 0,[ 52, 92, 76]],

[ 5, 55, 0,[ 91, 95, 66]],

[ 65, 55, 0,[ 63, 44]],

[ 77, 55, 0,[ 91, 43, 73, 33, 25, 15]],

[ 19, 55, 0,[ 90, 44, 68]],

[ 68, 55, 0,[ 19, 93, 22, 94, 40]],

[ 52, 55, 0,[ 27, 70, 35, 12]],

[ 11, 55, 0,[ 33, 2, 93]],

[ 28, 35, 1,[ 89, 79, 55, 53, 1]],

[ 86, 55, 1,[ 23, 61, 30, 84]],

[ 2, 55, 0,[ 63, 90, 11, 82]],

[ 94, 55, 0,[ 68, 29, 32]],

[ 84, 55, 0,[ 86, 37, 4]],

[ 3, 85, 1,[ 88, 35, 90]],

[ 96, 55, 0,[ 88, 16, 14]],

[ 39, 55, 0,[ 35, 53, 57]],

[ 55, 55, 0,[ 34, 63, 28]],

[ 83, 55, 0,[ 98, 49, 82]],

[ 81, 55, 0,[ 73, 79, 1]],

[ 40, 55, 0,[ 51, 61, 68]],

[ 22, 55, 0,[ 68, 26, 0]],

[ 44, 55, 0,[ 19, 65, 25]],

[ 46, 55, 0,[ 58, 62, 50, 38, 17]],

[ 91, 55, 0,[ 43, 77, 80, 49, 5, 70]],

[ 33, 55, 0,[ 53, 11, 77]],

[ 60, 55, 0,[ 57, 97, 51]],

[ 32, 55, 0,[ 16, 15, 95, 71, 7, 94]],

[ 25, 55, 0,[ 30, 44, 77]],

[ 58, 55, 0,[ 64, 69, 46]],

[ 37, 55, 0,[ 34, 63, 84]],

[ 48, 55, 0,[ 59, 18, 63]],

[ 95, 55, 0,[ 13, 32, 5]],

[ 90, 55, 0,[ 3, 56, 2, 71, 19]],

[ 76, 55, 0,[ 9, 34, 27]],

[ 53, 65, 1,[ 28, 33, 39, 30]],

[ 73, 55, 0,[ 64, 77, 81]],

[ 54, 55, 0,[ 26, 64, 0, 12, 75]],

[ 89, 55, 0,[ 82, 30, 28]],

