[ 79, 85, 0,[ 47, 4, 92, 51]],

[ 1, 55, 1,[ 91, 73, 20]],

[ 85, 65, 0,[ 8, 59, 94, 32, 31]],

[ 89, 75, 0,[ 78, 49, 10, 27, 99]],

[ 71, 45, 1,[ 38, 65, 88]],

[ 45, 95, 1,[ 99, 66, 33, 9]],

[ 52, 95, 0,[ 65, 24, 93]],

[ 40, 65, 0,[ 54, 72, 31]],

[ 74, 65, 0,[ 28, 54, 65]],

[ 80, 85, 0,[ 67, 25, 17]],

[ 43, 45, 1,[ 16, 25, 63, 13]],

[ 29, 45, 0,[ 3, 64, 5]],

[ 26, 35, 1,[ 2, 21, 81]],

[ 92, 25, 0,[ 79, 20, 8]],

[ 18, 85, 1,[ 82, 22, 69, 27]],

[ 36, 25, 1,[ 81, 99, 97]],

[ 91, 95, 1,[ 72, 76, 59, 1]],

[ 15, 65, 1,[ 87, 11, 83]],

[ 56, 65, 0,[ 99, 19, 30]],

[ 22, 65, 0,[ 30, 69, 82, 18]],

[ 65, 85, 1,[ 52, 71, 74]],

[ 0, 75, 1,[ 78, 77, 9, 95, 86]],

[ 9, 65, 1,[ 0, 19, 67, 37, 45]],

[ 61, 65, 0,[ 34, 93, 87]],

[ 68, 65, 0,[ 98, 75, 5]],

[ 60, 65, 1,[ 31, 99, 58]],

[ 34, 5, 1,[ 97, 5, 61]],

[ 50, 85, 1,[ 51, 49, 16, 57]],

[ 46, 45, 0,[ 4, 84, 3, 69]],

[ 72, 5, 0,[ 40, 91, 30]],

[ 99, 65, 0,[ 45, 36, 89, 56, 60]],

[ 31, 65, 0,[ 85, 60, 40, 41]],

[ 12, 65, 1,[ 86, 3, 58]],

[ 3, 45, 1,[ 46, 29, 12, 58, 7]],

[ 59, 85, 0,[ 76, 85, 91]],

[ 67, 35, 1,[ 9, 14, 96, 80]],

[ 98, 65, 1,[ 24, 42, 68]],

[ 33, 95, 0,[ 64, 17, 45]],

[ 7, 35, 0,[ 55, 3, 41]],

[ 17, 85, 0,[ 33, 5, 62, 80]],

[ 39, 5, 0,[ 70, 13, 30]],

[ 24, 65, 0,[ 52, 98, 90]],

[ 53, 85, 1,[ 64, 86, 81]],

[ 16, 5, 0,[ 50, 69, 43]],

[ 69, 5, 1,[ 18, 22, 16, 6, 46]],

[ 55, 35, 1,[ 62, 94, 41, 7]],

[ 73, 95, 1,[ 90, 1, 93, 96]],

[ 64, 35, 1,[ 29, 33, 78, 49, 53, 94]],

[ 38, 35, 1,[ 76, 20, 71]],

[ 76, 35, 0,[ 91, 38, 59]],

[ 75, 65, 0,[ 44, 48, 68]],

[ 84, 85, 0,[ 95, 58, 46]],

[ 51, 85, 0,[ 79, 63, 50]],

[ 4, 15, 1,[ 11, 46, 96, 79, 14]],

[ 32, 65, 0,[ 20, 85, 48]],

[ 41, 75, 1,[ 8, 7, 35, 31, 55]],

[ 11, 25, 1,[ 62, 19, 15, 4]],

[ 88, 85, 1,[ 78, 6, 71]],

[ 19, 65, 0,[ 56, 9, 13, 11]],

[ 77, 35, 1,[ 0, 57, 2]],

[ 97, 25, 0,[ 36, 83, 57, 34, 90, 23]],

[ 23, 65, 0,[ 6, 37, 20, 97]],

[ 49, 5, 1,[ 64, 50, 89]],

[ 25, 5, 1,[ 80, 43, 8, 6]],

[ 86, 35, 1,[ 12, 0, 53]],

[ 48, 65, 0,[ 75, 58, 66, 32]],

[ 27, 75, 1,[ 10, 89, 18]],

[ 70, 45, 1,[ 39, 66, 78]],

[ 82, 65, 0,[ 22, 18, 44]],

[ 54, 65, 0,[ 40, 47, 74, 87]],

[ 93, 95, 1,[ 73, 61, 52]],

[ 2, 85, 1,[ 77, 42, 21, 26]],

[ 90, 95, 0,[ 73, 97, 24]],

[ 5, 15, 1,[ 68, 34, 66, 29, 17]],

[ 66, 65, 0,[ 5, 48, 45, 70]],

[ 96, 65, 0,[ 4, 73, 67]],

[ 94, 45, 1,[ 85, 64, 55]],

[ 20, 65, 1,[ 32, 1, 92, 38, 23]],

[ 10, 75, 0,[ 27, 89, 30]],

[ 28, 65, 1,[ 42, 74, 44]],

[ 42, 65, 0,[ 28, 2, 98]],

[ 44, 65, 0,[ 82, 75, 28]],

[ 13, 65, 0,[ 19, 39, 43]],

[ 83, 55, 1,[ 97, 15]],

[ 78, 75, 0,[ 0, 64, 89, 88, 70]],

[ 81, 65, 0,[ 26, 53, 36]],

[ 6, 85, 0,[ 69, 88, 23, 25]],

[ 37, 65, 0,[ 23, 47, 9]],

[ 47, 5, 1,[ 79, 54, 37]],

[ 30, 55, 1,[ 10, 22, 56, 39, 72]],

[ 58, 25, 1,[ 3, 48, 12, 60, 84]],

[ 35, 85, 0,[ 21, 41]],

[ 62, 85, 1,[ 11, 17, 55]],

[ 95, 85, 0,[ 0, 84]],

[ 14, 5, 1,[ 67, 4]],

[ 8, 25, 0,[ 85, 41, 25, 92]],

[ 21, 45, 1,[ 26, 2, 35]],

[ 63, 65, 1,[ 43, 87, 51]],

[ 57, 25, 1,[ 50, 97, 77]],

[ 87, 65, 0,[ 63, 54, 61, 15]],

[ 3, 85, 0,[ 81, 55, 77]],

[ 58, 85, 0,[ 73, 89, 56]],

[ 5, 85, 0,[ 38, 22, 0]],

[ 91, 85, 0,[ 17, 94, 98]],

[ 31, 5, 1,[ 90, 75, 99, 15, 30]],

[ 39, 85, 0,[ 37, 88, 38, 49]],

[ 54, 85, 0,[ 53, 42, 55]],

[ 6, 85, 0,[ 8, 99, 95, 40, 86, 12, 4]],

[ 4, 85, 0,[ 65, 6, 11]],

[ 36, 85, 0,[ 12, 37, 81]],

[ 74, 85, 0,[ 72, 96, 73]],

[ 12, 85, 0,[ 36, 6, 45]],

[ 21, 85, 0,[ 14, 20, 19]],

[ 69, 85, 0,[ 14, 67, 43]],

[ 57, 85, 0,[ 63, 11, 78]],

[ 76, 85, 0,[ 13, 77, 65]],

[ 45, 85, 0,[ 12, 64, 71, 44]],

[ 10, 85, 0,[ 11, 8, 52]],

[ 81, 55, 1,[ 71, 3, 36, 42]],

[ 61, 25, 1,[ 9, 88, 60, 59, 26]],

[ 35, 85, 1,[ 43, 64, 37]],

[ 16, 85, 0,[ 8, 15, 18, 7]],

[ 52, 85, 1,[ 26, 48, 66, 10]],

[ 28, 85, 0,[ 18, 47, 30]],

[ 79, 85, 0,[ 90, 7, 98, 80]],

[ 93, 85, 0,[ 56, 62, 42]],

[ 84, 85, 0,[ 72, 82, 85]],

[ 94, 85, 0,[ 87, 91, 72, 64]],

[ 70, 85, 0,[ 63, 1, 99]],

[ 34, 85, 0,[ 25, 9, 11, 33]],

[ 98, 85, 0,[ 95, 91, 97, 79]],

[ 64, 85, 0,[ 45, 35, 94]],

[ 14, 85, 0,[ 72, 69, 42, 21]],

[ 30, 85, 0,[ 41, 28, 96, 31]],

[ 38, 85, 0,[ 33, 5, 86, 39]],

[ 75, 85, 0,[ 7, 73, 31]],

[ 46, 85, 0,[ 48, 44, 17]],

[ 25, 85, 0,[ 23, 27, 34]],

[ 2, 85, 0,[ 72, 0, 66]],

[ 27, 85, 0,[ 73, 25, 32, 29]],

[ 7, 85, 0,[ 79, 75, 16, 1]],

[ 41, 85, 0,[ 22, 55, 30]],

[ 33, 85, 0,[ 34, 38]],

[ 24, 85, 0,[ 83, 23, 63]],

[ 29, 85, 0,[ 13, 15, 27, 17]],

[ 67, 85, 0,[ 99, 97, 69]],

[ 44, 85, 0,[ 42, 62, 46, 45]],

[ 62, 85, 0,[ 44, 93, 22]],

[ 96, 65, 1,[ 68, 74, 37, 30]],

[ 86, 85, 0,[ 38, 6, 19, 87]],

[ 13, 85, 0,[ 29, 48, 76]],

[ 51, 85, 0,[ 8, 40]],

[ 15, 85, 0,[ 16, 31, 29]],

[ 66, 85, 0,[ 2, 52, 65]],

[ 37, 5, 1,[ 96, 36, 39, 35]],

[ 23, 85, 0,[ 72, 24, 56, 25]],

[ 32, 85, 0,[ 8, 27, 71]],

[ 26, 85, 0,[ 49, 52, 61, 19]],

[ 92, 85, 0,[ 95, 60, 83]],

[ 90, 85, 0,[ 68, 31, 79]],

[ 95, 85, 0,[ 6, 92, 98]],

[ 80, 85, 0,[ 73, 79, 11]],

[ 99, 85, 0,[ 97, 67, 70, 31, 6]],

[ 82, 85, 0,[ 68, 84, 87]],

[ 40, 85, 0,[ 51, 42, 6]],

[ 71, 85, 0,[ 32, 63, 81, 45]],

[ 49, 85, 0,[ 50, 39, 26]],

[ 85, 85, 0,[ 84, 43, 83]],

[ 88, 85, 0,[ 89, 39, 61]],

[ 1, 85, 0,[ 7, 70, 89]],

[ 60, 85, 0,[ 59, 92, 61]],

[ 11, 85, 0,[ 34, 10, 43, 80, 57, 4]],

[ 47, 85, 0,[ 89, 28, 48]],

[ 22, 85, 0,[ 62, 77, 5, 41]],

[ 68, 85, 0,[ 90, 82, 96, 48]],

[ 72, 85, 0,[ 23, 84, 94, 14, 74, 2]],

[ 43, 85, 0,[ 85, 35, 69, 11, 42]],

[ 9, 85, 0,[ 34, 61, 8]],

[ 48, 85, 0,[ 13, 68, 52, 47, 46]],

[ 18, 85, 0,[ 59, 16, 20, 28]],

[ 78, 85, 0,[ 57, 20, 50]],

[ 77, 85, 0,[ 22, 76, 3]],

[ 65, 85, 0,[ 4, 66, 76]],

[ 53, 85, 0,[ 73, 54, 55]],

[ 50, 85, 0,[ 8, 49, 78]],

[ 83, 85, 0,[ 85, 24, 92]],

[ 17, 85, 0,[ 19, 91, 46, 29]],

[ 8, 65, 1,[ 32, 50, 6, 51, 0, 10, 9, 16]],

[ 63, 85, 0,[ 57, 71, 70, 24]],

[ 87, 85, 0,[ 82, 89, 86, 94]],

[ 0, 85, 0,[ 8, 5, 2]],

[ 55, 85, 0,[ 53, 41, 54, 3]],

[ 20, 85, 0,[ 21, 78, 18]],

[ 19, 85, 0,[ 26, 86, 21, 17]],

[ 56, 85, 0,[ 23, 93, 58]],

[ 73, 85, 0,[ 53, 75, 80, 58, 27, 74]],

[ 97, 85, 1,[ 98, 67, 99]],

[ 89, 85, 1,[ 47, 58, 1, 88, 87]],

[ 42, 85, 0,[ 43, 40, 93, 14, 81, 44, 54]],

[ 59, 85, 0,[ 60, 18, 61]],

