[ 91, 25, 1,[ 10, 23]],

[ 36, 25, 1,[ 77, 17, 89, 4]],

[ 99, 5, 0,[ 10, 5, 0]],

[ 42, 45, 0,[ 19, 74, 50, 43]],

[ 49, 45, 1,[ 5, 21, 30]],

[ 66, 15, 0,[ 59, 12, 0, 43]],

[ 65, 55, 1,[ 44, 3, 13]],

[ 95, 45, 0,[ 13, 38, 7]],

[ 21, 65, 1,[ 50, 49, 84, 7, 47]],

[ 64, 35, 1,[ 18, 5, 48, 44]],

[ 58, 45, 1,[ 75, 85, 44]],

[ 18, 85, 1,[ 64, 4, 55]],

[ 51, 35, 1,[ 11, 40, 5]],

[ 2, 45, 1,[ 93, 11, 97]],

[ 19, 45, 0,[ 42, 94, 9, 83]],

[ 44, 35, 0,[ 65, 58, 25, 64]],

[ 82, 45, 0,[ 54, 96, 11]],

[ 34, 75, 1,[ 23, 62, 73, 87, 86]],

[ 72, 45, 0,[ 87, 57, 59]],

[ 10, 5, 0,[ 91, 99, 0]],

[ 11, 95, 1,[ 32, 51, 2, 82]],

[ 88, 45, 0,[ 90, 67, 15]],

[ 25, 35, 1,[ 44, 85, 73, 3, 92]],

[ 39, 65, 0,[ 80, 69, 33]],

[ 24, 35, 0,[ 14, 87, 0, 41, 16]],

[ 38, 95, 1,[ 95, 46, 22, 48]],

[ 45, 65, 1,[ 71, 75, 40, 61]],

[ 15, 45, 1,[ 48, 30, 79, 88, 60]],

[ 85, 45, 1,[ 25, 58, 57, 56]],

[ 1, 15, 1,[ 9, 22, 4]],

[ 7, 65, 0,[ 63, 27, 21, 95]],

[ 75, 45, 0,[ 58, 45, 43]],

[ 43, 15, 1,[ 66, 75, 42]],

[ 73, 45, 1,[ 84, 25, 34]],

[ 83, 75, 1,[ 96, 19, 8]],

[ 6, 35, 0,[ 27, 50, 16]],

[ 9, 15, 1,[ 26, 19, 1]],

[ 80, 65, 0,[ 67, 59, 12, 39]],

[ 77, 65, 1,[ 89, 28, 36]],

[ 94, 45, 0,[ 76, 19]],

[ 3, 45, 1,[ 98, 25, 65]],

[ 33, 45, 0,[ 70, 13, 39]],

[ 52, 45, 0,[ 31, 40, 26]],

[ 60, 15, 1,[ 70, 74, 15]],

[ 30, 15, 1,[ 22, 68, 86, 15, 37, 49]],

[ 93, 15, 1,[ 2, 76, 70]],

[ 8, 35, 0,[ 5, 83, 16]],

[ 87, 75, 0,[ 34, 72, 41, 57, 24]],

[ 68, 15, 0,[ 98, 30, 47, 17, 16]],

[ 4, 85, 1,[ 57, 36, 18, 1, 13]],

[ 16, 35, 1,[ 24, 8, 68, 71, 6]],

[ 96, 45, 0,[ 83, 82, 28, 46]],

[ 53, 15, 1,[ 62, 90, 32]],

[ 56, 45, 0,[ 76, 55, 85]],

[ 27, 45, 1,[ 6, 7, 20, 26]],

[ 55, 45, 1,[ 18, 56, 90]],

[ 57, 45, 1,[ 85, 72, 4, 67, 87]],

[ 98, 25, 1,[ 92, 3, 68]],

[ 14, 25, 1,[ 24, 63, 86]],

[ 54, 45, 0,[ 82, 40, 61]],

[ 41, 85, 1,[ 24, 87, 97]],

[ 47, 45, 1,[ 68, 21, 20]],

[ 86, 25, 1,[ 14, 31, 34, 29, 30]],

[ 90, 45, 0,[ 88, 55, 53]],

[ 74, 45, 0,[ 32, 60, 42]],

[ 81, 45, 0,[ 29, 37, 23]],

[ 20, 45, 0,[ 27, 47, 70]],

[ 59, 45, 0,[ 80, 72, 66]],

[ 50, 65, 1,[ 42, 21, 6]],

[ 62, 45, 1,[ 34, 53, 84]],

[ 61, 45, 0,[ 54, 78, 45]],

[ 28, 5, 1,[ 69, 77, 96]],

[ 92, 25, 0,[ 98, 25, 26]],

[ 23, 75, 0,[ 78, 34, 81, 91]],

[ 17, 15, 0,[ 35, 68, 36]],

[ 12, 15, 1,[ 66, 80, 69]],

[ 32, 45, 0,[ 53, 74, 84, 11]],

[ 46, 45, 0,[ 38, 97, 96]],

[ 0, 5, 1,[ 35, 31, 10, 99, 24, 84, 66]],

[ 40, 45, 0,[ 45, 51, 54, 52]],

[ 22, 15, 0,[ 1, 38, 30]],

[ 79, 25, 1,[ 15, 78, 71, 63]],

[ 76, 45, 0,[ 56, 93, 94]],

[ 35, 5, 0,[ 17, 0, 29]],

[ 63, 95, 1,[ 79, 14, 7]],

[ 29, 45, 0,[ 81, 35, 86]],

[ 69, 85, 1,[ 12, 28, 39]],

[ 97, 45, 0,[ 2, 41, 46]],

[ 71, 25, 0,[ 45, 16, 79]],

[ 70, 55, 1,[ 93, 60, 20, 33]],

[ 31, 5, 0,[ 52, 86, 0]],

[ 78, 55, 1,[ 61, 79, 23]],

[ 89, 25, 0,[ 77, 5, 36]],

[ 37, 5, 0,[ 81, 5, 30]],

[ 13, 45, 0,[ 33, 95, 4, 65]],

[ 5, 5, 1,[ 89, 37, 99, 49, 8, 51, 64]],

[ 84, 5, 0,[ 32, 62, 21, 73, 0]],

[ 48, 45, 0,[ 64, 38, 15]],

[ 26, 45, 0,[ 92, 52, 9, 27]],

[ 67, 75, 1,[ 80, 88, 57]],

