[ 5, 55, 1,[ 40, 41, 77]],

[ 34, 85, 1,[ 38, 36, 48]],

[ 60, 75, 1,[ 23, 42, 11, 75]],

[ 90, 5, 0,[ 94, 97, 44, 2]],

[ 59, 95, 0,[ 88, 47, 84]],

[ 35, 45, 0,[ 54, 72, 98]],

[ 15, 65, 1,[ 76, 49, 86, 95]],

[ 21, 25, 1,[ 40, 3, 48, 25]],

[ 26, 75, 0,[ 91, 30, 4]],

[ 33, 65, 0,[ 79, 45, 75, 70]],

[ 54, 15, 1,[ 35, 95, 52]],

[ 66, 45, 0,[ 79, 10, 27]],

[ 27, 45, 1,[ 98, 66, 70]],

[ 11, 55, 1,[ 96, 8, 44, 60]],

[ 79, 65, 1,[ 45, 66, 92, 33, 2]],

[ 51, 45, 0,[ 55, 95, 10, 69]],

[ 89, 45, 0,[ 86, 65, 53]],

[ 0, 35, 1,[ 24, 99, 61]],

[ 75, 85, 0,[ 33, 60, 53]],

[ 40, 65, 0,[ 5, 21, 73]],

[ 23, 85, 0,[ 9, 62, 60]],

[ 70, 95, 1,[ 27, 19, 33, 85]],

[ 16, 55, 0,[ 29, 56]],

[ 62, 85, 0,[ 69, 52, 23]],

[ 30, 65, 1,[ 26, 14, 22, 25]],

[ 39, 95, 0,[ 92, 95, 81]],

[ 65, 95, 1,[ 89, 68]],

[ 68, 5, 0,[ 87, 73, 9, 65, 44]],

[ 10, 45, 0,[ 51, 78, 66]],

[ 77, 45, 1,[ 20, 22, 50, 5]],

[ 12, 35, 1,[ 19, 2, 93]],

[ 83, 15, 1,[ 41, 61, 55, 43]],

[ 24, 95, 0,[ 0, 81, 85, 38]],

[ 81, 95, 0,[ 13, 93, 24, 50, 39]],

[ 57, 95, 1,[ 32, 37, 71]],

[ 18, 95, 1,[ 69, 17, 88]],

[ 87, 55, 0,[ 68, 76, 74]],

[ 85, 95, 0,[ 47, 70, 24]],

[ 31, 55, 0,[ 42, 48, 56]],

[ 67, 35, 1,[ 13, 48, 61]],

[ 80, 25, 0,[ 38, 73, 94, 6]],

[ 25, 25, 1,[ 21, 30, 63]],

[ 94, 85, 1,[ 80, 72, 90]],

[ 95, 45, 1,[ 54, 78, 39, 15, 51]],

[ 76, 35, 0,[ 15, 87, 45]],

[ 13, 95, 0,[ 7, 81, 91, 67, 50]],

[ 7, 25, 1,[ 13, 8, 1, 37]],

[ 55, 5, 1,[ 8, 83, 51]],

[ 96, 85, 0,[ 11, 82, 52]],

[ 84, 95, 0,[ 14, 59, 29]],

[ 46, 5, 0,[ 98, 19, 3]],

[ 47, 75, 1,[ 59, 85, 50, 20]],

[ 99, 75, 0,[ 28, 0, 4]],

[ 29, 35, 1,[ 84, 16, 72, 43, 6]],

[ 72, 45, 0,[ 94, 35, 29, 86]],

[ 78, 85, 0,[ 82, 95, 10]],

[ 36, 85, 1,[ 1, 34, 69]],

[ 56, 55, 0,[ 16, 31, 58]],

[ 4, 65, 1,[ 26, 82, 99, 28]],

[ 50, 35, 1,[ 81, 13, 47, 53, 77]],

[ 73, 95, 1,[ 80, 68, 40]],

[ 82, 85, 0,[ 78, 4, 96]],

[ 52, 85, 0,[ 54, 96, 62]],

[ 37, 75, 0,[ 57, 38, 7]],

[ 1, 95, 1,[ 36, 92, 7]],

[ 71, 65, 0,[ 3, 20, 57]],

[ 49, 75, 1,[ 15, 74, 9]],

[ 58, 95, 1,[ 63, 56, 6, 88]],

[ 6, 25, 0,[ 58, 80, 29, 74]],

[ 9, 5, 1,[ 49, 68, 23]],

[ 63, 25, 1,[ 25, 2, 58]],

[ 38, 5, 1,[ 37, 34, 80, 24]],

[ 91, 55, 1,[ 26, 32, 13]],

[ 42, 85, 0,[ 31, 98, 60]],

[ 20, 75, 0,[ 47, 77, 71]],

[ 88, 65, 1,[ 58, 18, 59, 43]],

[ 17, 45, 0,[ 86, 41, 18]],

[ 98, 95, 1,[ 35, 46, 27, 42]],

[ 53, 35, 1,[ 89, 64, 75, 50]],

[ 32, 85, 0,[ 57, 91]],

[ 14, 95, 0,[ 30, 84, 2]],

[ 2, 45, 1,[ 90, 79, 12, 63, 14]],

[ 97, 5, 0,[ 41, 19, 90]],

[ 64, 15, 1,[ 93, 53, 69]],

[ 74, 55, 0,[ 6, 87, 49]],

[ 43, 15, 1,[ 29, 88, 83]],

[ 19, 5, 0,[ 70, 46, 12, 97]],

[ 48, 55, 0,[ 34, 21, 31, 67]],

[ 41, 85, 1,[ 17, 5, 97, 83]],

[ 61, 15, 0,[ 83, 67, 0]],

[ 22, 55, 0,[ 30, 77, 28]],

[ 3, 45, 1,[ 46, 21, 71]],

[ 93, 15, 1,[ 64, 81, 12]],

[ 86, 5, 1,[ 72, 89, 15, 17]],

[ 44, 5, 0,[ 68, 11, 90]],

[ 69, 95, 1,[ 18, 51, 36, 62, 64]],

[ 92, 65, 0,[ 79, 1, 39]],

[ 8, 65, 0,[ 55, 7, 11]],

[ 45, 85, 1,[ 76, 79, 33]],

[ 28, 85, 1,[ 4, 22, 99]],

