[ 73, 65, 0,[ 7, 77]],

[ 1, 65, 0,[ 43, 2, 29]],

[ 92, 65, 1,[ 15, 63, 49]],

[ 84, 65, 1,[ 95, 87, 29]],

[ 95, 65, 1,[ 37, 84, 6, 74, 83]],

[ 4, 65, 0,[ 16, 67, 98]],

[ 82, 65, 1,[ 32, 52, 66]],

[ 56, 65, 1,[ 76, 48, 86]],

[ 12, 65, 0,[ 67, 71]],

[ 21, 65, 0,[ 64, 70, 78]],

[ 32, 65, 1,[ 54, 13, 82, 72, 91]],

[ 78, 65, 0,[ 21, 87, 68, 26, 69]],

[ 34, 65, 0,[ 36, 93, 42]],

[ 0, 65, 0,[ 51, 87, 66]],

[ 76, 65, 1,[ 75, 56, 37]],

[ 45, 65, 0,[ 60, 88, 80]],

[ 8, 5, 1,[ 81, 48, 65]],

[ 19, 65, 1,[ 74, 47, 22]],

[ 2, 65, 0,[ 1, 36, 97, 30]],

[ 24, 35, 1,[ 74, 71, 91]],

[ 39, 65, 1,[ 93, 70]],

[ 35, 65, 1,[ 50, 70]],

[ 42, 65, 1,[ 34, 70, 59, 91]],

[ 17, 75, 1,[ 61, 94]],

[ 58, 65, 0,[ 44, 55]],

[ 93, 65, 0,[ 34, 77, 22, 39, 90, 54]],

[ 27, 65, 0,[ 49, 90, 67]],

[ 55, 65, 0,[ 66, 43, 58]],

[ 51, 65, 0,[ 85, 72, 0]],

[ 94, 65, 1,[ 17, 53, 64]],

[ 6, 15, 1,[ 95, 20, 52, 69]],

[ 18, 65, 0,[ 47, 98, 46, 89]],

[ 74, 65, 0,[ 95, 19, 10, 26, 24]],

[ 53, 65, 0,[ 41, 94, 90]],

[ 10, 35, 1,[ 74, 62, 72]],

[ 26, 65, 0,[ 13, 74, 89, 78]],

[ 68, 65, 1,[ 78, 31, 23]],

[ 80, 15, 1,[ 69, 45, 96]],

[ 46, 65, 1,[ 18, 16, 3]],

[ 31, 65, 1,[ 68, 33, 43, 29]],

[ 23, 25, 1,[ 52, 68]],

[ 29, 65, 1,[ 31, 84, 1]],

[ 28, 65, 0,[ 75, 90, 61]],

[ 60, 65, 0,[ 45, 44, 96, 52]],

[ 40, 65, 1,[ 7, 69, 14]],

[ 71, 75, 1,[ 12, 24, 5, 41]],

[ 63, 65, 0,[ 11, 36, 92, 47, 30]],

[ 91, 65, 0,[ 24, 11, 32, 42]],

[ 69, 65, 0,[ 78, 22, 40, 80, 6]],

[ 65, 65, 0,[ 8, 15, 98]],

[ 9, 65, 0,[ 57, 5]],

[ 20, 65, 1,[ 66, 6, 25]],

[ 48, 25, 1,[ 97, 8, 56]],

[ 61, 65, 1,[ 28, 59, 17, 30, 38]],

[ 52, 55, 1,[ 82, 23, 60, 6]],

[ 67, 65, 0,[ 27, 12, 4]],

[ 99, 65, 1,[ 59, 98, 85]],

[ 11, 65, 0,[ 63, 91]],

[ 44, 35, 1,[ 60, 58, 49]],

[ 38, 65, 0,[ 61, 49, 47]],

[ 5, 65, 0,[ 71, 36, 9]],

[ 37, 65, 1,[ 95, 76]],

[ 43, 65, 0,[ 1, 55, 31, 15]],

[ 79, 95, 1,[ 86, 88, 54]],

[ 50, 65, 0,[ 75, 3, 35]],

[ 75, 65, 1,[ 76, 28, 50]],

[ 22, 65, 0,[ 19, 93, 69]],

[ 36, 65, 0,[ 63, 5, 34, 57, 2]],

[ 64, 65, 0,[ 21, 14, 94]],

[ 30, 65, 0,[ 61, 2, 63]],

[ 87, 65, 1,[ 84, 0, 78, 81]],

[ 57, 65, 0,[ 86, 36, 9]],

[ 90, 65, 1,[ 97, 14, 85, 53, 28, 3, 27, 93]],

[ 97, 15, 1,[ 48, 2, 90]],

[ 33, 65, 1,[ 62, 25, 31]],

[ 25, 65, 0,[ 7, 20, 33]],

[ 66, 65, 1,[ 55, 20, 0, 82]],

[ 98, 65, 0,[ 99, 65, 4, 18]],

[ 47, 65, 0,[ 18, 19, 63, 38]],

[ 89, 45, 1,[ 88, 26, 18]],

[ 14, 65, 0,[ 85, 40, 64, 90]],

[ 54, 65, 1,[ 32, 79, 93]],

[ 62, 65, 1,[ 33, 10, 83]],

[ 70, 65, 0,[ 21, 42, 77, 35, 39]],

[ 86, 65, 0,[ 57, 56, 79]],

[ 77, 65, 0,[ 70, 93, 73]],

[ 41, 65, 0,[ 13, 53, 71]],

[ 16, 55, 1,[ 83, 46, 4]],

[ 7, 65, 0,[ 40, 25, 73]],

[ 15, 65, 0,[ 43, 65, 92]],

[ 85, 65, 1,[ 51, 96, 90, 99, 14]],

[ 49, 65, 0,[ 27, 38, 92, 44]],

[ 72, 75, 1,[ 51, 10, 32]],

[ 13, 75, 1,[ 41, 32, 26]],

[ 96, 65, 1,[ 80, 85, 60]],

[ 81, 15, 1,[ 87, 59, 8]],

[ 83, 65, 0,[ 16, 95, 62]],

[ 3, 65, 0,[ 46, 90, 50]],

[ 59, 15, 1,[ 99, 61, 81, 42]],

[ 88, 45, 1,[ 45, 89, 79]],

