[ 85, 45, 0,[ 7, 70, 73]],

[ 90, 45, 0,[ 15, 33, 5]],

[ 52, 95, 1,[ 67, 99, 42]],

[ 95, 45, 0,[ 96, 14, 89]],

[ 88, 45, 0,[ 57, 92]],

[ 2, 45, 0,[ 20, 47, 11]],

[ 18, 45, 0,[ 50, 37, 66, 17]],

[ 82, 45, 0,[ 16, 22, 19, 63]],

[ 71, 45, 0,[ 70, 41, 45]],

[ 45, 45, 0,[ 65, 9, 10, 71, 96]],

[ 60, 45, 0,[ 76, 0, 41]],

[ 10, 45, 0,[ 50, 45, 8, 3]],

[ 65, 45, 0,[ 45, 72, 22]],

[ 80, 45, 0,[ 86, 54, 98, 8]],

[ 1, 45, 0,[ 43, 15, 48]],

[ 54, 45, 0,[ 9, 80, 50]],

[ 72, 45, 0,[ 65, 70, 39]],

[ 58, 45, 0,[ 75, 56, 26, 9]],

[ 38, 45, 0,[ 56, 77, 28]],

[ 67, 45, 0,[ 23, 57, 44, 52]],

[ 50, 45, 0,[ 54, 18, 10, 23]],

[ 64, 45, 0,[ 79, 26, 6]],

[ 63, 45, 0,[ 81, 82, 87]],

[ 37, 45, 1,[ 17, 92, 34, 18]],

[ 66, 45, 0,[ 68, 18, 98]],

[ 8, 85, 1,[ 10, 80, 62]],

[ 96, 65, 1,[ 45, 46, 95]],

[ 35, 5, 1,[ 92, 89, 79]],

[ 43, 45, 0,[ 42, 28, 57, 1]],

[ 27, 45, 0,[ 48, 15, 22, 17]],

[ 6, 45, 0,[ 23, 24, 64, 30, 61]],

[ 48, 45, 0,[ 81, 27, 1, 21, 73]],

[ 47, 45, 0,[ 97, 2, 0, 68]],

[ 74, 45, 0,[ 77, 32, 87]],

[ 25, 45, 0,[ 94, 87, 77]],

[ 0, 45, 0,[ 59, 22, 47, 60, 34, 7]],

[ 44, 45, 0,[ 16, 87, 67]],

[ 32, 45, 0,[ 74, 94, 92]],

[ 73, 45, 0,[ 29, 48, 85]],

[ 70, 45, 0,[ 46, 72, 71, 85]],

[ 30, 45, 0,[ 39, 6, 89]],

[ 92, 45, 0,[ 32, 35, 37, 88]],

[ 57, 45, 0,[ 43, 67, 14, 99, 88]],

[ 15, 45, 0,[ 84, 19, 27, 90, 1]],

[ 26, 45, 0,[ 64, 41, 58, 12, 31]],

[ 31, 55, 1,[ 83, 26, 91]],

[ 4, 45, 0,[ 13, 34, 51]],

[ 28, 45, 0,[ 43, 68, 38]],

[ 13, 45, 0,[ 4, 91, 21]],

[ 40, 45, 0,[ 79, 61, 81]],

[ 5, 45, 0,[ 23, 90, 46]],

[ 33, 45, 0,[ 90, 78, 76, 3, 16]],

[ 81, 45, 0,[ 40, 63, 48]],

[ 91, 45, 0,[ 93, 13, 31]],

[ 39, 45, 0,[ 30, 72, 55, 69, 36]],

[ 97, 55, 1,[ 76, 56, 47, 93]],

[ 3, 45, 0,[ 20, 33, 10]],

[ 24, 45, 0,[ 46, 6, 36]],

[ 16, 45, 0,[ 33, 82, 86, 44]],

[ 69, 45, 0,[ 39, 12, 59]],

[ 12, 45, 0,[ 83, 69, 26]],

[ 56, 45, 0,[ 97, 58, 38]],

[ 21, 45, 0,[ 48, 94, 13, 75]],

[ 84, 45, 0,[ 51, 15, 49, 36]],

[ 14, 45, 0,[ 57, 95, 9]],

[ 83, 45, 0,[ 12, 31, 55]],

[ 61, 95, 1,[ 40, 11, 6]],

[ 51, 45, 0,[ 4, 84, 59]],

[ 36, 45, 0,[ 24, 39, 98, 84]],

[ 46, 45, 0,[ 96, 70, 24, 5]],

[ 99, 45, 0,[ 52, 53, 42, 57]],

[ 41, 45, 0,[ 60, 26, 29, 71]],

[ 89, 75, 1,[ 30, 35, 95]],

[ 77, 45, 0,[ 53, 19, 68, 78, 74, 25, 38]],

[ 20, 45, 0,[ 2, 94, 3, 75]],

[ 29, 45, 0,[ 41, 73, 7]],

[ 7, 45, 0,[ 29, 0, 85]],

[ 98, 45, 0,[ 66, 36, 80]],

[ 9, 45, 0,[ 14, 54, 45, 58]],

[ 19, 45, 0,[ 82, 77, 15]],

[ 94, 45, 0,[ 21, 20, 25, 32]],

[ 49, 45, 0,[ 62, 11, 84]],

[ 75, 45, 0,[ 58, 21, 20]],

[ 86, 45, 0,[ 80, 62, 16]],

[ 17, 35, 1,[ 37, 27, 18]],

[ 59, 45, 0,[ 0, 69, 51]],

[ 22, 45, 0,[ 27, 82, 65, 0]],

[ 87, 45, 0,[ 44, 93, 74, 63, 25]],

[ 11, 45, 0,[ 2, 61, 49]],

[ 42, 45, 0,[ 52, 43, 99]],

[ 76, 45, 0,[ 97, 55, 60, 33]],

[ 79, 45, 0,[ 35, 40, 64, 78]],

[ 93, 45, 0,[ 91, 97, 87]],

[ 55, 45, 0,[ 39, 76, 83]],

[ 78, 45, 0,[ 79, 77, 33]],

[ 34, 45, 0,[ 0, 4, 37]],

[ 62, 45, 0,[ 8, 49, 86]],

[ 23, 45, 0,[ 50, 5, 67, 6]],

[ 53, 45, 0,[ 77, 99]],

[ 68, 45, 0,[ 47, 77, 28, 66]],

[ 76, 45, 0,[ 94, 64, 9, 91]],

[ 41, 45, 0,[ 43, 42, 37, 48]],

[ 7, 45, 0,[ 35, 81, 87, 73, 52]],

[ 12, 45, 0,[ 15, 63, 54]],

[ 88, 45, 0,[ 23, 28, 6, 0]],

[ 51, 45, 0,[ 72, 47, 91]],

[ 0, 45, 0,[ 88, 78, 18]],

[ 92, 45, 0,[ 36, 20, 53]],

[ 86, 45, 0,[ 32, 24, 45, 1, 9]],

[ 18, 45, 0,[ 17, 0, 46]],

[ 34, 45, 0,[ 3, 32, 55, 84]],

[ 19, 45, 0,[ 44, 48, 89, 29]],

[ 26, 45, 0,[ 27, 69, 71]],

[ 69, 45, 0,[ 22, 26, 61]],

[ 99, 45, 0,[ 17, 66, 95, 30, 28, 22]],

[ 94, 45, 0,[ 80, 45, 10, 38, 76, 96, 71]],

[ 67, 45, 0,[ 87, 29, 44, 15, 78, 39]],

[ 38, 45, 0,[ 94, 70, 25]],

[ 33, 45, 0,[ 97, 28, 90]],

[ 84, 45, 0,[ 34, 32, 98]],

[ 50, 45, 0,[ 40, 21, 14]],

[ 74, 45, 0,[ 43, 10, 89]],

[ 30, 45, 0,[ 49, 61, 99]],

[ 14, 45, 0,[ 36, 35, 50, 70]],

[ 16, 45, 0,[ 79, 43, 31, 80, 62]],

[ 57, 45, 0,[ 83, 39, 96]],

[ 71, 45, 0,[ 58, 26, 82, 94]],

[ 40, 45, 0,[ 50, 65, 62]],

[ 96, 35, 1,[ 94, 57]],

[ 25, 45, 0,[ 8, 38, 6, 78, 77, 81]],

[ 35, 75, 1,[ 70, 7, 14]],

[ 59, 45, 0,[ 85, 55, 13]],

[ 95, 45, 0,[ 22, 99, 27]],

[ 11, 45, 0,[ 4, 77, 87, 52]],

[ 58, 45, 0,[ 71, 79, 91]],

[ 91, 45, 0,[ 49, 53, 58, 51, 44, 76]],

[ 1, 45, 0,[ 86, 79]],

[ 72, 45, 0,[ 65, 54, 31, 51]],

[ 36, 45, 0,[ 92, 47, 37, 14]],

[ 24, 45, 0,[ 86, 48, 83]],

[ 46, 45, 0,[ 29, 10, 18, 60]],

[ 80, 15, 1,[ 83, 16, 94]],

[ 65, 45, 0,[ 72, 40, 23, 68, 56]],

[ 73, 45, 0,[ 77, 7, 15]],

[ 82, 45, 0,[ 71, 21, 2]],

[ 66, 45, 0,[ 70, 99, 60]],

[ 79, 45, 0,[ 1, 2, 58, 16]],

[ 32, 45, 0,[ 34, 86, 5, 84, 53]],

[ 81, 45, 0,[ 7, 87, 25]],

[ 62, 45, 0,[ 87, 16, 40]],

[ 63, 45, 0,[ 20, 12, 2]],

[ 4, 45, 0,[ 45, 11, 97]],

[ 39, 45, 0,[ 57, 83, 67]],

[ 29, 45, 0,[ 67, 19, 46]],

[ 27, 45, 0,[ 26, 93, 95]],

[ 44, 15, 1,[ 91, 67, 19]],

[ 98, 45, 0,[ 90, 61, 84]],

[ 61, 15, 1,[ 98, 30, 69]],

[ 21, 45, 0,[ 82, 50, 55]],

[ 77, 45, 0,[ 25, 68, 11, 73, 56]],

[ 70, 45, 0,[ 38, 35, 14, 66]],

[ 75, 45, 0,[ 97, 85, 13]],

[ 20, 45, 0,[ 63, 92]],

[ 85, 45, 0,[ 93, 8, 75, 59]],

[ 47, 45, 0,[ 51, 36, 5]],

[ 17, 45, 0,[ 99, 18, 42]],

[ 8, 35, 1,[ 45, 85, 25]],

[ 56, 45, 0,[ 65, 49, 77, 83]],

[ 31, 5, 1,[ 68, 16, 72]],

[ 43, 45, 0,[ 53, 16, 41, 74]],

[ 83, 45, 0,[ 24, 80, 39, 57, 56]],

[ 60, 45, 0,[ 46, 66, 90]],

[ 22, 45, 0,[ 42, 95, 99, 69]],

[ 45, 45, 0,[ 64, 86, 8, 94, 4]],

[ 53, 45, 0,[ 43, 91, 92, 32]],

[ 52, 5, 1,[ 11, 7, 23]],

[ 90, 45, 0,[ 60, 98, 93, 33]],

[ 10, 45, 0,[ 46, 74, 94]],

[ 54, 45, 0,[ 72, 6, 12]],

[ 6, 45, 0,[ 3, 88, 54, 25]],

[ 28, 45, 0,[ 88, 99, 33]],

[ 5, 45, 0,[ 89, 32, 47]],

[ 2, 45, 0,[ 63, 82, 79]],

[ 78, 45, 0,[ 25, 67, 0]],

[ 93, 45, 0,[ 90, 85, 27]],

[ 87, 45, 0,[ 67, 7, 11, 81, 62]],

[ 55, 45, 0,[ 59, 21, 34]],

[ 89, 55, 1,[ 19, 74, 5, 37]],

[ 9, 45, 0,[ 76, 86, 37]],

[ 23, 45, 0,[ 88, 52, 65]],

[ 42, 45, 0,[ 41, 22, 17]],

[ 37, 35, 1,[ 41, 9, 89, 36]],

[ 97, 45, 0,[ 4, 33, 75]],

[ 3, 45, 0,[ 13, 34, 6]],

[ 48, 45, 0,[ 19, 24, 41]],

[ 68, 45, 0,[ 65, 77, 31]],

[ 13, 45, 0,[ 3, 75, 59]],

[ 49, 45, 0,[ 30, 91, 56]],

[ 64, 45, 0,[ 15, 45, 76]],

[ 15, 45, 0,[ 73, 67, 12, 64]],

