[ 7, 45, 0,[ 10, 80, 67]],

[ 9, 65, 1,[ 63, 68, 16]],

[ 6, 45, 0,[ 56, 62, 17]],

[ 74, 45, 0,[ 3, 78, 88]],

[ 15, 65, 1,[ 97, 71, 94]],

[ 80, 45, 0,[ 18, 83, 7, 35]],

[ 39, 45, 0,[ 38, 51, 99, 26]],

[ 26, 45, 0,[ 94, 31, 39]],

[ 31, 45, 0,[ 41, 96, 26, 93]],

[ 38, 5, 1,[ 14, 79, 39, 65]],

[ 11, 45, 1,[ 25, 64, 43]],

[ 85, 45, 0,[ 64, 30, 21, 4, 67, 58]],

[ 55, 5, 1,[ 41, 2, 83, 76]],

[ 18, 45, 1,[ 80, 93, 32]],

[ 87, 5, 0,[ 65, 53, 45]],

[ 36, 75, 1,[ 60, 4, 72]],

[ 40, 45, 0,[ 86, 89, 95, 46]],

[ 59, 45, 0,[ 81, 82, 47]],

[ 41, 65, 1,[ 35, 66, 31, 55]],

[ 81, 45, 0,[ 33, 59, 84]],

[ 88, 45, 1,[ 74, 97, 84, 96, 76]],

[ 96, 45, 0,[ 88, 31, 21]],

[ 82, 45, 0,[ 59, 47]],

[ 98, 55, 1,[ 79, 63, 49]],

[ 3, 35, 1,[ 12, 42, 74]],

[ 4, 45, 1,[ 22, 85, 36]],

[ 91, 75, 1,[ 56, 58, 72]],

[ 68, 45, 0,[ 42, 9, 45, 86]],

[ 34, 85, 1,[ 33, 73, 78, 71]],

[ 37, 45, 0,[ 24, 76, 17]],

[ 90, 45, 0,[ 50, 72, 69]],

[ 17, 45, 0,[ 23, 66, 51, 6, 37]],

[ 1, 65, 1,[ 47, 57, 49, 93]],

[ 93, 15, 1,[ 1, 18, 31]],

[ 19, 45, 0,[ 92, 10, 25, 73]],

[ 27, 45, 1,[ 71, 24, 67]],

[ 5, 5, 1,[ 84, 21, 8]],

[ 86, 15, 1,[ 24, 69, 40, 68]],

[ 99, 95, 0,[ 62, 39, 25]],

[ 52, 45, 0,[ 54, 29]],

[ 58, 95, 1,[ 92, 85, 20, 91]],

[ 10, 45, 0,[ 19, 53, 2, 7]],

[ 69, 45, 1,[ 8, 90, 86]],

[ 65, 85, 1,[ 46, 38, 87]],

[ 60, 75, 1,[ 8, 77, 36]],

[ 67, 35, 1,[ 7, 48, 85, 27]],

[ 94, 95, 1,[ 26, 15, 95, 47]],

[ 2, 65, 1,[ 10, 55, 45]],

[ 20, 55, 1,[ 61, 63, 58]],

[ 48, 45, 0,[ 16, 67, 21]],

[ 84, 45, 0,[ 57, 88, 5, 47, 81]],

[ 50, 15, 1,[ 83, 90, 75, 45]],

[ 53, 5, 1,[ 10, 16, 44, 87, 42]],

[ 64, 95, 1,[ 8, 44, 85, 11, 62]],

[ 33, 45, 0,[ 34, 92, 12, 81]],

[ 13, 45, 0,[ 75, 12, 25]],

[ 29, 45, 0,[ 76, 52, 70, 79, 32]],

[ 76, 45, 0,[ 55, 29, 37, 88]],

[ 12, 45, 1,[ 3, 33, 13]],

[ 79, 5, 0,[ 98, 38, 29]],

[ 24, 45, 0,[ 27, 86, 57, 37]],

[ 78, 85, 0,[ 54, 28, 34, 74]],

[ 57, 15, 1,[ 1, 84, 24]],

[ 25, 75, 1,[ 11, 19, 13, 89, 99]],

[ 44, 95, 0,[ 0, 64, 53]],

[ 16, 45, 0,[ 9, 53, 48]],

[ 43, 75, 1,[ 23, 45, 11]],

[ 21, 75, 1,[ 5, 14, 96, 48, 85]],

[ 72, 75, 0,[ 36, 91, 90, 45]],

[ 77, 15, 1,[ 47, 60, 51]],

[ 49, 45, 1,[ 45, 1, 56, 98]],

[ 28, 85, 1,[ 78, 89]],

[ 75, 45, 0,[ 30, 50, 13]],

[ 71, 45, 0,[ 27, 15, 34]],

[ 42, 45, 0,[ 68, 3, 53]],

[ 23, 45, 0,[ 43, 70, 17]],

[ 22, 95, 1,[ 54, 14, 4]],

[ 63, 35, 1,[ 9, 20, 98]],

[ 56, 45, 0,[ 49, 61, 6, 91]],

[ 73, 5, 1,[ 19, 34, 32]],

[ 32, 45, 0,[ 97, 29, 73, 18, 66]],

[ 92, 45, 0,[ 58, 33, 19]],

[ 35, 45, 0,[ 61, 80, 41]],

[ 61, 45, 0,[ 35, 56, 20]],

[ 97, 45, 0,[ 15, 32, 88, 70]],

[ 30, 45, 1,[ 0, 75, 85]],

[ 14, 55, 1,[ 38, 21, 22]],

[ 54, 55, 1,[ 52, 78, 22]],

[ 95, 45, 1,[ 40, 8, 94]],

[ 62, 95, 0,[ 6, 99, 64]],

[ 51, 45, 0,[ 17, 77, 39]],

[ 47, 95, 1,[ 59, 77, 94, 1, 82, 84]],

[ 83, 25, 1,[ 55, 50, 80]],

[ 66, 45, 0,[ 41, 17, 46, 32]],

[ 89, 45, 0,[ 25, 28, 40]],

[ 0, 95, 1,[ 30, 44]],

[ 8, 45, 0,[ 60, 95, 5, 64, 69]],

[ 46, 45, 0,[ 40, 65, 66]],

[ 45, 55, 1,[ 68, 49, 72, 87, 43, 50, 2]],

[ 70, 25, 1,[ 23, 97, 29]],

[ 44, 35, 0,[ 42, 45, 46]],

[ 47, 35, 0,[ 5, 98, 97, 93]],

[ 1, 35, 0,[ 73, 57, 89, 11, 70, 65]],

[ 56, 35, 0,[ 4, 76, 58]],

[ 2, 35, 0,[ 72, 4, 84]],

[ 84, 35, 0,[ 2, 61, 17]],

[ 20, 35, 0,[ 18, 33, 87, 21]],

[ 95, 35, 0,[ 85, 6, 54]],

[ 60, 35, 0,[ 28, 92, 59]],

[ 27, 35, 0,[ 25, 15, 14]],

[ 68, 35, 1,[ 82, 48, 50, 96, 32]],

[ 16, 35, 0,[ 15, 94, 14]],

[ 77, 35, 0,[ 23, 76]],

[ 45, 35, 0,[ 71, 44, 70]],

[ 73, 35, 0,[ 1, 75, 74]],

[ 52, 35, 1,[ 10, 31]],

[ 43, 35, 0,[ 8, 28, 78, 12]],

[ 59, 35, 0,[ 51, 4, 60, 57]],

[ 82, 35, 0,[ 37, 83, 68]],

[ 46, 35, 0,[ 63, 44, 48]],

[ 34, 35, 0,[ 33, 35, 3, 25]],

[ 41, 35, 0,[ 39, 35, 64]],

[ 49, 35, 0,[ 92, 6, 11]],

[ 81, 35, 1,[ 42, 36, 53]],

[ 88, 35, 0,[ 7, 91, 32]],

[ 87, 35, 0,[ 20, 94, 86]],

[ 15, 35, 0,[ 37, 16, 27, 89]],

[ 10, 35, 0,[ 11, 52, 66]],

[ 6, 35, 0,[ 95, 49, 4, 55, 5]],

[ 35, 35, 1,[ 41, 34, 33]],

[ 54, 35, 0,[ 33, 95, 3]],

[ 80, 35, 0,[ 70, 79, 7]],

[ 65, 35, 0,[ 58, 66, 1]],

[ 50, 35, 0,[ 8, 61, 68]],

[ 21, 35, 0,[ 23, 20, 19]],

[ 74, 35, 0,[ 72, 73, 76]],

[ 39, 35, 0,[ 12, 41, 37]],

[ 5, 35, 0,[ 47, 6, 22]],

[ 64, 35, 0,[ 26, 66, 55, 41]],

[ 90, 35, 0,[ 89, 23, 37]],

[ 25, 35, 0,[ 34, 28, 27]],

[ 8, 5, 1,[ 51, 50, 43]],

[ 7, 35, 0,[ 30, 80, 55, 42, 88]],

[ 93, 35, 0,[ 12, 96, 47, 62]],

[ 96, 35, 1,[ 68, 30, 93]],

[ 9, 35, 0,[ 75, 61, 85]],

[ 86, 35, 0,[ 4, 29, 87]],

[ 48, 35, 0,[ 92, 13, 46, 68]],

[ 76, 35, 0,[ 74, 56, 77, 13]],

[ 37, 65, 1,[ 82, 78, 42, 15, 0, 38, 90, 39]],

[ 55, 35, 0,[ 7, 6, 64]],

[ 0, 35, 0,[ 37, 72]],

[ 79, 35, 0,[ 80, 98, 69]],

[ 97, 35, 0,[ 58, 47, 67]],

[ 62, 35, 0,[ 22, 93, 24]],

[ 67, 35, 0,[ 69, 97, 99]],

[ 89, 35, 1,[ 1, 90, 15]],

[ 33, 35, 0,[ 63, 35, 34, 31, 54, 20]],

[ 38, 35, 0,[ 37, 36, 40]],

[ 63, 35, 0,[ 46, 14, 33]],

[ 19, 35, 0,[ 26, 18, 21]],

[ 83, 35, 0,[ 85, 40, 82]],

[ 94, 35, 0,[ 29, 16, 87]],

[ 72, 35, 0,[ 74, 23, 2, 0]],

[ 26, 35, 0,[ 19, 24, 64]],

[ 53, 35, 0,[ 85, 81, 66]],

[ 71, 35, 0,[ 91, 32, 45]],

[ 28, 35, 0,[ 60, 25, 43]],

[ 12, 35, 0,[ 93, 32, 39, 43]],

[ 42, 35, 0,[ 7, 81, 37, 44]],

[ 92, 35, 0,[ 49, 22, 48, 91, 60]],

[ 98, 35, 0,[ 79, 3, 47]],

[ 18, 35, 0,[ 20, 29, 19]],

[ 69, 35, 0,[ 67, 70, 13, 79]],

[ 29, 35, 0,[ 18, 86, 13, 94]],

[ 17, 35, 0,[ 84, 4, 66]],

[ 3, 35, 0,[ 34, 54, 98]],

[ 75, 35, 0,[ 73, 24, 9]],

[ 23, 35, 0,[ 72, 90, 24, 77, 21]],

[ 11, 35, 0,[ 1, 49, 10]],

[ 14, 35, 0,[ 63, 16, 27]],

[ 61, 35, 1,[ 9, 84, 50]],

[ 99, 35, 0,[ 67, 30, 70]],

[ 70, 35, 0,[ 69, 99, 1, 80, 45]],

[ 91, 35, 0,[ 88, 71, 92]],

[ 78, 35, 0,[ 37, 57, 43]],

[ 85, 35, 0,[ 95, 9, 83, 53]],

[ 57, 35, 0,[ 59, 31, 78, 1]],

[ 36, 35, 0,[ 81, 38]],

[ 24, 35, 0,[ 26, 62, 75, 23]],

[ 30, 35, 0,[ 99, 7, 96]],

[ 66, 35, 0,[ 53, 17, 10, 64, 65]],

[ 13, 35, 0,[ 48, 69, 29, 76]],

[ 4, 35, 0,[ 6, 17, 2, 56, 59, 86]],

[ 22, 35, 0,[ 92, 62, 5]],

[ 31, 25, 1,[ 57, 33, 52]],

[ 40, 35, 0,[ 32, 83, 38]],

[ 58, 35, 0,[ 97, 65, 56]],

[ 32, 35, 0,[ 68, 40, 71, 12, 51, 88]],

[ 51, 35, 0,[ 59, 8, 32]],

