[ 73, 65, 0,[ 86, 88, 83]],

[ 2, 65, 0,[ 50, 20, 5]],

[ 33, 55, 1,[ 24, 47, 9, 38]],

[ 79, 65, 1,[ 57, 94, 27]],

[ 56, 25, 1,[ 90, 22, 85]],

[ 15, 65, 0,[ 92, 67, 60]],

[ 38, 65, 0,[ 5, 66, 33]],

[ 68, 5, 1,[ 44, 43, 96]],

[ 46, 65, 1,[ 64, 81, 3, 80, 17]],

[ 37, 65, 1,[ 9, 62, 32]],

[ 89, 45, 1,[ 82, 85, 17]],

[ 0, 65, 0,[ 98, 88, 47, 39]],

[ 52, 65, 1,[ 53, 23, 75, 30]],

[ 39, 45, 1,[ 91, 0, 77, 59]],

[ 49, 65, 0,[ 81, 18, 34]],

[ 95, 35, 1,[ 82, 90, 75, 67]],

[ 1, 65, 0,[ 84, 13, 10]],

[ 62, 65, 0,[ 37, 41, 90]],

[ 54, 65, 1,[ 58, 29, 7]],

[ 57, 65, 0,[ 79, 5, 63]],

[ 86, 65, 0,[ 59, 73, 42]],

[ 80, 35, 1,[ 19, 46, 28]],

[ 92, 5, 1,[ 15, 25, 21]],

[ 6, 65, 1,[ 3, 70, 11, 42, 44]],

[ 3, 65, 0,[ 91, 46, 6]],

[ 5, 65, 0,[ 74, 57, 38, 60, 22, 2]],

[ 32, 15, 1,[ 42, 37, 19, 99]],

[ 78, 65, 0,[ 82, 48, 4]],

[ 24, 65, 1,[ 26, 23, 33]],

[ 22, 65, 1,[ 61, 56, 34, 5]],

[ 42, 85, 1,[ 6, 86, 32, 50]],

[ 70, 65, 0,[ 76, 20, 30, 6]],

[ 97, 25, 1,[ 19, 25, 93]],

[ 93, 65, 0,[ 59, 77, 97, 43]],

[ 82, 25, 1,[ 95, 78, 65, 12, 63, 69, 89, 72, 7]],

[ 58, 65, 0,[ 54, 16, 10]],

[ 53, 65, 0,[ 44, 60, 52]],

[ 35, 65, 1,[ 83, 8, 55]],

[ 60, 65, 0,[ 53, 5, 15]],

[ 29, 65, 0,[ 54, 98, 84]],

[ 4, 65, 0,[ 18, 9, 78, 23]],

[ 55, 65, 0,[ 59, 35, 11]],

[ 50, 65, 0,[ 13, 71, 42, 2]],

[ 99, 65, 1,[ 71, 32, 11, 61]],

[ 84, 65, 1,[ 29, 7, 1, 8]],

[ 63, 65, 0,[ 82, 64, 88, 57]],

[ 41, 65, 0,[ 75, 62, 87]],

[ 34, 65, 0,[ 49, 83, 22]],

[ 8, 55, 1,[ 84, 26, 12, 35]],

[ 26, 65, 0,[ 25, 43, 8, 24, 90]],

[ 19, 5, 1,[ 32, 97, 80, 28]],

[ 30, 65, 0,[ 9, 70, 52]],

[ 65, 65, 0,[ 23, 82, 45, 21]],

[ 76, 65, 1,[ 48, 70, 12]],

[ 36, 65, 0,[ 18, 20, 87]],

[ 91, 65, 0,[ 3, 39, 14]],

[ 45, 65, 0,[ 69, 65, 31]],

[ 74, 65, 1,[ 5, 72]],

[ 67, 65, 0,[ 95, 18, 15]],

[ 88, 25, 1,[ 63, 73, 0]],

[ 27, 65, 0,[ 14, 79, 40]],

[ 90, 65, 1,[ 72, 26, 47, 62, 56, 95]],

[ 7, 65, 0,[ 54, 84, 82]],

[ 44, 65, 1,[ 68, 53, 6]],

[ 31, 65, 1,[ 25, 14, 45]],

[ 98, 65, 0,[ 96, 29, 0]],

[ 40, 45, 1,[ 23, 94, 27]],

[ 11, 65, 0,[ 55, 96, 6, 99]],

[ 69, 65, 0,[ 82, 51, 45]],

[ 14, 65, 0,[ 91, 31, 27]],

[ 9, 65, 0,[ 33, 4, 37, 30]],

[ 94, 45, 1,[ 79, 40]],

[ 28, 65, 0,[ 66, 19, 80]],

[ 20, 55, 1,[ 2, 36, 81, 70, 48]],

[ 23, 65, 1,[ 52, 40, 51, 65, 24, 4]],

[ 21, 65, 0,[ 65, 92, 13, 77]],

[ 17, 85, 1,[ 89, 18, 46]],

[ 47, 65, 0,[ 90, 0, 33]],

[ 87, 65, 0,[ 36, 41, 66, 61]],

[ 10, 55, 1,[ 1, 13, 58]],

[ 96, 85, 1,[ 68, 11, 98]],

[ 75, 15, 1,[ 41, 52, 95]],

[ 13, 65, 1,[ 1, 10, 21, 50]],

[ 83, 65, 0,[ 73, 35, 34]],

[ 71, 5, 1,[ 77, 99, 50]],

[ 16, 15, 1,[ 58, 64]],

[ 85, 65, 1,[ 64, 89, 56]],

[ 64, 65, 0,[ 16, 46, 85, 63]],

[ 72, 75, 1,[ 74, 82, 90]],

[ 25, 65, 0,[ 31, 48, 97, 26, 92]],

[ 81, 65, 1,[ 49, 46, 20]],

[ 18, 65, 0,[ 67, 49, 36, 17, 4]],

[ 61, 85, 1,[ 99, 87, 22]],

[ 66, 95, 1,[ 38, 87, 28]],

[ 48, 85, 1,[ 78, 20, 25, 76]],

[ 77, 65, 0,[ 39, 71, 93, 21]],

[ 12, 65, 0,[ 82, 8, 76]],

[ 51, 65, 1,[ 23, 59, 69]],

[ 43, 65, 0,[ 68, 26, 93]],

[ 59, 65, 1,[ 86, 39, 93, 51, 55]],

