[ 17, 45, 1,[ 22, 31, 67]],

[ 65, 25, 0,[ 86, 97, 87]],

[ 95, 25, 0,[ 9, 39, 71, 86]],

[ 46, 25, 1,[ 85, 74, 43, 30]],

[ 15, 25, 0,[ 57, 1, 52]],

[ 53, 25, 0,[ 32, 10, 40]],

[ 56, 95, 1,[ 29, 49, 86, 57]],

[ 59, 65, 1,[ 76, 13]],

[ 24, 45, 1,[ 82, 13, 99]],

[ 45, 25, 0,[ 50, 69, 83]],

[ 51, 95, 1,[ 52, 29, 31]],

[ 90, 85, 1,[ 63, 23, 36, 96, 67, 25, 29]],

[ 54, 85, 1,[ 2, 78, 47]],

[ 66, 45, 1,[ 63, 80, 85]],

[ 49, 25, 0,[ 28, 75, 85, 56]],

[ 3, 55, 0,[ 11, 61, 97]],

[ 87, 25, 0,[ 68, 71, 74, 91, 65]],

[ 80, 85, 1,[ 66, 23, 14]],

[ 41, 25, 0,[ 5, 76]],

[ 83, 25, 0,[ 73, 2, 45]],

[ 8, 45, 1,[ 39, 86, 92]],

[ 32, 25, 1,[ 94, 53, 10]],

[ 31, 45, 1,[ 17, 50, 63, 51]],

[ 29, 25, 1,[ 56, 90, 51]],

[ 4, 25, 0,[ 38, 91, 98, 7]],

[ 26, 85, 1,[ 81, 42, 1, 61, 77]],

[ 30, 25, 0,[ 86, 46, 11]],

[ 38, 25, 0,[ 13, 6, 4, 27]],

[ 40, 25, 1,[ 35, 98, 53, 86]],

[ 71, 25, 1,[ 94, 87, 95]],

[ 81, 85, 1,[ 44, 23, 0, 26]],

[ 6, 25, 1,[ 38, 22, 72]],

[ 33, 35, 1,[ 36, 35, 55]],

[ 82, 25, 1,[ 27, 96, 24]],

[ 60, 25, 0,[ 88, 27, 79]],

[ 25, 25, 0,[ 52, 68, 90]],

[ 28, 25, 0,[ 49, 75, 13]],

[ 57, 25, 0,[ 15, 23, 56]],

[ 63, 85, 0,[ 66, 31, 90]],

[ 20, 5, 1,[ 47, 78, 22, 42]],

[ 62, 25, 0,[ 9, 7, 73, 85]],

[ 55, 85, 0,[ 14, 2, 33]],

[ 2, 25, 0,[ 55, 83, 54]],

[ 43, 25, 0,[ 58, 91, 46]],

[ 64, 25, 0,[ 5, 58]],

[ 10, 65, 1,[ 53, 34, 77, 32]],

[ 72, 25, 1,[ 6, 7, 75, 74]],

[ 58, 25, 0,[ 92, 64, 43, 12]],

[ 5, 25, 0,[ 64, 89, 41]],

[ 91, 25, 0,[ 87, 43, 4, 16]],

[ 19, 85, 1,[ 44, 0, 23]],

[ 47, 5, 0,[ 20, 85, 54]],

[ 94, 25, 1,[ 71, 84, 32]],

[ 68, 95, 1,[ 25, 87]],

[ 98, 25, 0,[ 40, 50, 4]],

[ 75, 25, 1,[ 72, 49, 28]],

[ 77, 85, 0,[ 26, 10, 14]],

[ 61, 55, 1,[ 26, 3, 48, 88]],

[ 78, 65, 1,[ 20, 69, 54, 34]],

[ 85, 55, 1,[ 47, 62, 66, 46, 49]],

[ 84, 25, 1,[ 94, 86, 89]],

[ 23, 85, 1,[ 80, 19, 90, 81, 57]],

[ 73, 25, 0,[ 83, 62]],

[ 0, 25, 0,[ 19, 81, 37]],

[ 13, 85, 1,[ 21, 24, 28, 39, 59, 38]],

[ 86, 25, 0,[ 70, 40, 65, 84, 95, 56, 30, 8]],

[ 76, 25, 1,[ 41, 59, 96, 1]],

[ 18, 25, 0,[ 89, 92, 42, 1]],

[ 67, 5, 0,[ 36, 90, 17]],

[ 42, 85, 1,[ 20, 18, 26]],

[ 12, 25, 0,[ 50, 69, 58]],

[ 99, 25, 1,[ 89, 24, 14]],

[ 44, 85, 1,[ 89, 19, 81]],

[ 9, 25, 0,[ 95, 62, 93]],

[ 39, 25, 0,[ 95, 13, 8]],

[ 48, 25, 1,[ 69, 52, 70, 61]],

[ 37, 25, 1,[ 11, 0, 14]],

[ 97, 25, 1,[ 3, 79, 35, 65]],

[ 16, 35, 1,[ 36, 70, 91]],

[ 96, 25, 1,[ 82, 90, 76]],

[ 7, 25, 0,[ 72, 62, 4]],

[ 50, 25, 0,[ 31, 98, 12, 45]],

[ 1, 25, 0,[ 15, 26, 76, 18]],

[ 14, 85, 0,[ 37, 55, 80, 77, 99]],

[ 93, 25, 0,[ 89, 27, 9]],

[ 89, 25, 1,[ 93, 5, 84, 99, 18, 44]],

[ 92, 25, 0,[ 18, 8, 58]],

[ 88, 55, 1,[ 60, 22, 61]],

[ 36, 5, 0,[ 33, 67, 16, 90, 79]],

[ 52, 25, 1,[ 15, 51, 25, 48]],

[ 27, 25, 0,[ 82, 74, 60, 38, 93]],

[ 22, 95, 1,[ 6, 88, 20, 79, 17]],

[ 74, 55, 1,[ 27, 87, 46, 72]],

[ 69, 25, 0,[ 48, 78, 45, 12]],

[ 34, 95, 0,[ 78, 10]],

[ 21, 25, 0,[ 79, 13]],

[ 79, 25, 1,[ 21, 36, 97, 60, 22]],

[ 11, 25, 0,[ 37, 30, 3]],

[ 35, 45, 1,[ 33, 97, 40]],

[ 70, 25, 0,[ 48, 86, 16]],

