[ 53, 5, 0,[ 33, 82, 97]],

[ 78, 5, 1,[ 86, 73, 11, 45]],

[ 24, 65, 1,[ 88, 74, 11]],

[ 23, 45, 1,[ 6, 14, 34]],

[ 21, 65, 0,[ 55, 89, 54, 17]],

[ 42, 25, 1,[ 39, 87, 34]],

[ 55, 65, 0,[ 21, 12, 69, 26, 59, 28]],

[ 2, 25, 0,[ 52, 16, 25]],

[ 89, 55, 1,[ 16, 30, 71, 21]],

[ 72, 15, 1,[ 62, 46, 6, 76, 17]],

[ 1, 95, 0,[ 31, 60, 92, 75]],

[ 91, 65, 0,[ 44, 96, 74, 30]],

[ 97, 55, 1,[ 41, 10, 53, 33]],

[ 52, 35, 1,[ 80, 25, 65, 2]],

[ 90, 65, 1,[ 3, 27, 49]],

[ 35, 75, 1,[ 34, 58, 49]],

[ 86, 75, 0,[ 19, 10, 78]],

[ 79, 25, 1,[ 50, 37, 65]],

[ 85, 45, 1,[ 4, 22, 50, 58, 87]],

[ 32, 65, 1,[ 10, 45, 19]],

[ 99, 45, 1,[ 14, 40, 61]],

[ 77, 95, 0,[ 47, 71, 98]],

[ 16, 65, 1,[ 89, 2, 15, 51]],

[ 92, 45, 0,[ 27, 1, 56, 0]],

[ 0, 45, 0,[ 46, 18, 92]],

[ 36, 15, 0,[ 66, 63]],

[ 68, 85, 1,[ 10, 61]],

[ 82, 75, 1,[ 53, 40, 54, 29]],

[ 81, 75, 1,[ 10, 93, 46, 39, 19]],

[ 26, 45, 1,[ 55, 7, 64]],

[ 96, 45, 1,[ 41, 25, 37, 91]],

[ 33, 25, 1,[ 53, 97, 84]],

[ 7, 15, 0,[ 9, 60, 26]],

[ 56, 55, 1,[ 58, 92, 41]],

[ 58, 55, 0,[ 85, 35, 25, 56]],

[ 13, 75, 1,[ 12, 94, 95]],

[ 46, 85, 1,[ 72, 0, 81]],

[ 65, 35, 0,[ 52, 59, 29, 79]],

[ 10, 45, 1,[ 81, 97, 94, 86, 32, 68]],

[ 6, 35, 1,[ 72, 25, 23, 71]],

[ 61, 85, 1,[ 51, 99, 39, 68]],

[ 70, 95, 0,[ 54, 47, 15]],

[ 22, 5, 1,[ 85, 76, 94, 31, 83]],

[ 31, 25, 1,[ 74, 1, 22]],

[ 98, 95, 0,[ 38, 43, 60, 77]],

[ 18, 45, 0,[ 66, 93, 0]],

[ 12, 95, 0,[ 47, 13, 55, 5]],

[ 8, 35, 1,[ 40, 64, 57]],

[ 9, 15, 0,[ 62, 7, 66, 39, 95]],

[ 50, 45, 0,[ 85, 79, 39]],

[ 40, 25, 1,[ 99, 82, 8]],

[ 83, 75, 0,[ 22, 20, 49]],

[ 4, 75, 0,[ 80, 93, 85, 37]],

[ 5, 95, 0,[ 12, 30, 11]],

[ 69, 25, 0,[ 57, 25, 55]],

[ 43, 95, 0,[ 93, 98, 38]],

[ 60, 95, 0,[ 28, 7, 1, 62, 98]],

[ 57, 25, 0,[ 69, 44, 8]],

[ 19, 75, 1,[ 14, 32, 81, 86]],

[ 3, 15, 0,[ 95, 90, 38]],

[ 94, 5, 0,[ 13, 22, 64, 10]],

[ 84, 45, 1,[ 33, 66, 88, 48]],

[ 62, 95, 0,[ 72, 9, 60]],

[ 27, 95, 0,[ 15, 92, 90]],

[ 39, 15, 1,[ 50, 42, 61, 88, 81, 9]],

[ 29, 95, 1,[ 82, 54, 65]],

[ 47, 95, 0,[ 77, 70, 12]],

[ 93, 45, 0,[ 4, 18, 81, 43]],

[ 45, 85, 0,[ 32, 78, 48, 63]],

[ 54, 25, 1,[ 49, 29, 82, 70, 21]],

[ 75, 75, 1,[ 51, 63, 1]],

[ 95, 15, 0,[ 13, 3, 9]],

[ 38, 95, 0,[ 34, 98, 3, 43]],

[ 30, 65, 0,[ 91, 5, 89]],

[ 66, 65, 1,[ 9, 36, 51, 84, 18]],

[ 41, 5, 0,[ 96, 97, 56]],

[ 44, 95, 1,[ 91, 57, 67]],

[ 11, 95, 0,[ 78, 5, 24]],

[ 64, 55, 0,[ 8, 94, 26]],

[ 34, 25, 0,[ 23, 38, 42, 35]],

[ 28, 95, 0,[ 59, 55, 60]],

[ 63, 15, 0,[ 45, 36, 75, 17]],

[ 49, 75, 0,[ 54, 83, 90, 35]],

[ 37, 55, 1,[ 79, 4, 20, 96]],

[ 76, 15, 1,[ 72, 14, 22]],

[ 67, 95, 0,[ 44, 48, 88]],

[ 51, 55, 1,[ 75, 16, 66, 61]],

[ 74, 5, 1,[ 24, 31, 91, 48]],

[ 20, 15, 1,[ 37, 88, 83]],

[ 80, 5, 1,[ 4, 52, 73]],

[ 17, 15, 1,[ 63, 21, 72]],

[ 59, 85, 1,[ 28, 55, 65]],

[ 88, 15, 1,[ 24, 39, 84, 67, 20]],

[ 15, 95, 0,[ 73, 16, 27, 70]],

[ 48, 45, 1,[ 74, 84, 67, 45]],

[ 71, 25, 0,[ 6, 89, 77]],

[ 14, 95, 0,[ 99, 76, 23, 19]],

[ 87, 25, 1,[ 42, 85, 73]],

[ 25, 25, 0,[ 52, 2, 58, 69, 6, 96]],

[ 73, 95, 0,[ 87, 80, 78, 15]],

