[ 60, 55, 0,[ 50, 27, 23]],

[ 89, 5, 1,[ 23, 36, 35]],

[ 55, 55, 0,[ 4, 28, 41]],

[ 96, 35, 1,[ 4, 32, 1, 53]],

[ 39, 45, 0,[ 44, 48, 51, 24]],

[ 88, 5, 1,[ 63, 92, 45]],

[ 51, 25, 1,[ 39, 70, 64]],

[ 84, 75, 1,[ 79, 7, 34, 59]],

[ 75, 15, 1,[ 22, 82, 49]],

[ 54, 75, 1,[ 29, 57, 37]],

[ 83, 65, 0,[ 73, 66, 1]],

[ 52, 25, 1,[ 6, 73, 14]],

[ 73, 45, 0,[ 29, 83, 82, 46, 52]],

[ 97, 25, 1,[ 93, 41, 8, 49]],

[ 98, 75, 0,[ 64, 78, 8]],

[ 61, 45, 1,[ 41, 50, 76]],

[ 95, 65, 1,[ 36, 5, 82]],

[ 59, 15, 1,[ 84, 93, 37, 99]],

[ 49, 75, 0,[ 0, 75, 36, 97]],

[ 62, 5, 1,[ 94, 0, 90]],

[ 23, 45, 1,[ 60, 89, 65]],

[ 13, 5, 1,[ 90, 70, 91, 26, 4]],

[ 68, 25, 1,[ 87, 78, 17, 79]],

[ 46, 95, 1,[ 65, 40, 73]],

[ 24, 25, 1,[ 39, 27, 42]],

[ 42, 25, 1,[ 7, 24, 15]],

[ 74, 45, 0,[ 16, 12, 9]],

[ 41, 55, 0,[ 61, 97, 55, 5]],

[ 44, 15, 1,[ 48, 40, 39]],

[ 48, 5, 1,[ 21, 44, 30, 39, 99]],

[ 25, 45, 0,[ 67, 58, 79]],

[ 66, 25, 1,[ 30, 83, 17]],

[ 77, 95, 0,[ 32, 56, 81]],

[ 90, 55, 1,[ 13, 37, 62]],

[ 71, 45, 1,[ 1, 27, 93]],

[ 19, 65, 1,[ 43, 35, 14, 53]],

[ 64, 75, 0,[ 63, 51, 98, 87]],

[ 40, 45, 0,[ 58, 44, 46]],

[ 45, 75, 0,[ 50, 15, 88]],

[ 53, 45, 0,[ 34, 96, 19]],

[ 56, 35, 1,[ 29, 35, 77, 87]],

[ 29, 5, 0,[ 73, 54, 56, 80]],

[ 34, 45, 0,[ 84, 53, 47, 81]],

[ 78, 45, 1,[ 85, 98, 68]],

[ 20, 65, 1,[ 85, 33, 91]],

[ 80, 85, 1,[ 76, 92, 29]],

[ 0, 75, 0,[ 49, 62, 36]],

[ 5, 25, 0,[ 41, 95, 3]],

[ 17, 5, 1,[ 43, 68, 66]],

[ 18, 15, 0,[ 33, 93, 69]],

[ 15, 75, 0,[ 43, 45, 42]],

[ 57, 45, 0,[ 12, 54, 47, 10]],

[ 8, 85, 1,[ 97, 72, 2, 98]],

[ 7, 25, 0,[ 42, 69, 84]],

[ 10, 25, 1,[ 28, 57, 65, 26]],

[ 9, 45, 0,[ 74, 82, 11]],

[ 21, 65, 0,[ 86, 48, 94, 31]],

[ 72, 55, 1,[ 63, 27, 8]],

[ 79, 25, 1,[ 84, 68, 25]],

[ 31, 45, 1,[ 85, 21]],

[ 65, 45, 0,[ 12, 10, 23, 46]],

[ 70, 65, 0,[ 51, 85, 13]],

[ 99, 15, 1,[ 37, 59, 48]],

[ 43, 65, 0,[ 38, 19, 15, 17]],

[ 63, 75, 0,[ 64, 72, 88, 81]],

[ 86, 45, 0,[ 37, 21, 14]],

[ 81, 45, 1,[ 63, 34, 77]],

[ 76, 95, 1,[ 69, 67, 61, 80]],

[ 87, 55, 1,[ 68, 64, 56]],

[ 27, 55, 0,[ 71, 60, 24, 72]],

[ 37, 75, 1,[ 59, 22, 90, 99, 86, 54]],

[ 36, 75, 0,[ 0, 89, 49, 95]],

[ 93, 5, 0,[ 18, 59, 71, 97]],

[ 14, 45, 0,[ 19, 86, 52]],

[ 94, 35, 1,[ 21, 38, 62]],

[ 26, 55, 1,[ 10, 2, 13]],

[ 38, 65, 0,[ 1, 43, 94]],

[ 12, 45, 0,[ 57, 65, 16, 74]],

[ 35, 15, 1,[ 56, 19, 89]],

[ 28, 25, 0,[ 10, 55, 16]],

[ 30, 45, 0,[ 66, 48, 11]],

[ 85, 25, 1,[ 31, 20, 70, 78]],

[ 47, 45, 0,[ 2, 34, 57]],

[ 6, 85, 1,[ 52, 50]],

[ 3, 25, 0,[ 58, 33, 5]],

[ 58, 25, 0,[ 40, 25, 3]],

[ 11, 45, 0,[ 50, 30, 9]],

[ 1, 65, 0,[ 96, 22, 83, 38, 71]],

[ 92, 85, 1,[ 88, 33, 80, 2]],

[ 50, 75, 0,[ 45, 60, 6, 11, 61]],

[ 2, 45, 0,[ 67, 8, 26, 92, 47]],

[ 32, 45, 1,[ 96, 91, 77]],

[ 4, 15, 0,[ 55, 13, 96]],

[ 22, 15, 0,[ 37, 75, 1]],

[ 91, 65, 0,[ 13, 20, 32]],

[ 69, 15, 0,[ 18, 7, 76]],

[ 82, 15, 1,[ 73, 95, 9, 75]],

[ 67, 45, 0,[ 25, 76, 2]],

[ 33, 25, 1,[ 18, 92, 3, 16, 20]],

[ 16, 45, 1,[ 74, 12, 28, 33]],

