[ 23, 45, 0,[ 22, 98, 89]],

[ 58, 35, 1,[ 53, 69, 85, 61]],

[ 31, 45, 0,[ 97, 72, 12, 36, 64]],

[ 0, 75, 1,[ 53, 9, 2]],

[ 86, 95, 1,[ 40, 19, 91, 98, 57, 26]],

[ 50, 45, 1,[ 59, 64, 70, 44, 54]],

[ 94, 45, 0,[ 41, 77, 19]],

[ 37, 45, 0,[ 76, 55, 7]],

[ 48, 45, 0,[ 17, 15, 97]],

[ 74, 5, 1,[ 66, 12, 89]],

[ 34, 45, 1,[ 33, 84, 51, 19]],

[ 62, 45, 0,[ 14, 82, 51, 96]],

[ 17, 45, 0,[ 48, 11, 15]],

[ 84, 45, 0,[ 34, 1, 43]],

[ 6, 45, 0,[ 75, 51, 93, 68]],

[ 90, 45, 0,[ 85, 78, 67, 65]],

[ 65, 75, 1,[ 69, 90, 24]],

[ 42, 45, 0,[ 24, 52, 83]],

[ 11, 95, 1,[ 27, 17, 30]],

[ 47, 45, 1,[ 18, 68, 20]],

[ 30, 15, 1,[ 12, 75, 2, 98, 11]],

[ 66, 45, 0,[ 74, 12, 4, 3]],

[ 28, 45, 1,[ 13, 14, 63]],

[ 38, 75, 1,[ 26, 16, 10]],

[ 54, 45, 1,[ 50, 36, 7, 70]],

[ 20, 45, 0,[ 76, 64, 47, 88]],

[ 96, 45, 0,[ 62, 21, 29, 46]],

[ 59, 45, 0,[ 41, 50, 93]],

[ 71, 45, 1,[ 82, 14, 98, 81]],

[ 97, 45, 0,[ 48, 80, 43, 31]],

[ 79, 45, 0,[ 39, 19, 18]],

[ 43, 35, 1,[ 84, 97, 53]],

[ 52, 45, 0,[ 16, 73, 42, 40]],

[ 40, 45, 0,[ 1, 86, 52]],

[ 85, 45, 0,[ 32, 99, 58, 90, 55]],

[ 93, 55, 1,[ 78, 87, 59, 9, 6]],

[ 69, 45, 1,[ 65, 27, 58]],

[ 81, 45, 0,[ 71, 9, 22]],

[ 29, 45, 0,[ 96, 80, 87]],

[ 15, 35, 1,[ 17, 48, 1]],

[ 76, 45, 0,[ 37, 5, 20, 60]],

[ 95, 45, 0,[ 22, 63, 8, 14, 24]],

[ 27, 75, 1,[ 11, 57, 69]],

[ 33, 45, 0,[ 8, 34, 63]],

[ 83, 75, 1,[ 25, 42, 26]],

[ 35, 45, 0,[ 88, 60, 53]],

[ 9, 75, 1,[ 0, 88, 81, 93]],

[ 5, 15, 1,[ 10, 49, 76, 13]],

[ 73, 95, 1,[ 18, 52, 25]],

[ 8, 45, 0,[ 95, 33, 24]],

[ 51, 45, 0,[ 34, 62, 7, 6]],

[ 19, 45, 0,[ 79, 86, 34, 94]],

[ 22, 15, 1,[ 23, 95, 81]],

[ 72, 45, 0,[ 49, 31, 82]],

[ 80, 45, 0,[ 78, 29, 97]],

[ 36, 35, 1,[ 92, 54, 31]],

[ 41, 65, 1,[ 94, 45, 59, 61]],

[ 32, 45, 0,[ 56, 2, 46, 85]],

[ 56, 45, 0,[ 21, 32, 61]],

[ 12, 25, 1,[ 74, 66, 30, 39, 31]],

[ 21, 45, 1,[ 14, 56, 44, 96]],

[ 2, 45, 1,[ 13, 32, 30, 0]],

[ 77, 95, 1,[ 44, 94, 45]],

[ 26, 45, 0,[ 86, 49, 83, 38]],

[ 57, 75, 1,[ 27, 86, 67]],

[ 24, 45, 0,[ 42, 8, 95, 65]],

[ 92, 45, 0,[ 36, 39, 88]],

[ 99, 45, 0,[ 49, 1, 85]],

[ 89, 45, 0,[ 74, 23, 10]],

[ 91, 85, 1,[ 86, 13, 3]],

[ 44, 45, 0,[ 50, 77, 21]],

[ 67, 15, 1,[ 13, 4, 57, 90, 3]],

[ 45, 75, 1,[ 41, 60, 77]],

[ 16, 45, 1,[ 63, 52, 38]],

[ 14, 45, 1,[ 62, 21, 95, 71, 28]],

[ 70, 65, 1,[ 50, 49, 54]],

[ 25, 95, 1,[ 83, 73, 60, 75]],

[ 3, 75, 1,[ 66, 67, 91]],

[ 55, 45, 1,[ 37, 53, 85, 13]],

[ 98, 15, 1,[ 71, 86, 23, 30]],

[ 75, 45, 0,[ 25, 30, 6]],

[ 46, 45, 0,[ 49, 96, 32]],

[ 63, 45, 1,[ 95, 33, 16, 28]],

[ 64, 45, 1,[ 20, 68, 50, 31]],

[ 61, 45, 0,[ 56, 41, 58]],

[ 39, 45, 0,[ 12, 92, 79]],

[ 7, 45, 0,[ 51, 37, 87, 54]],

[ 49, 85, 1,[ 70, 5, 46, 72, 99, 26]],

[ 1, 45, 1,[ 40, 15, 84, 99]],

[ 78, 45, 1,[ 93, 80, 90]],

[ 87, 45, 0,[ 7, 93, 29]],

[ 10, 45, 0,[ 5, 89, 38]],

[ 4, 55, 1,[ 67, 82, 66]],

[ 88, 45, 0,[ 20, 9, 35, 92]],

[ 53, 35, 1,[ 0, 35, 43, 55, 58]],

[ 82, 45, 0,[ 4, 62, 71, 72]],

[ 13, 45, 0,[ 5, 91, 55, 2, 67, 28]],

[ 60, 35, 1,[ 35, 45, 25, 76]],

[ 68, 45, 0,[ 6, 47, 64]],

[ 18, 25, 1,[ 47, 73, 79]],

