[ 36, 5, 1,[ 10, 57, 32, 0]],

[ 62, 15, 0,[ 14, 23, 85]],

[ 87, 25, 0,[ 70, 97, 9]],

[ 64, 15, 1,[ 28, 46, 37, 67]],

[ 99, 15, 0,[ 20, 80, 84, 61]],

[ 51, 15, 0,[ 78, 56, 27, 18, 28, 88]],

[ 40, 15, 0,[ 27, 17, 70]],

[ 85, 15, 0,[ 62, 37, 2, 33]],

[ 73, 65, 1,[ 76, 91, 53, 25]],

[ 39, 15, 0,[ 70, 60, 31]],

[ 66, 15, 0,[ 63, 50, 8]],

[ 34, 25, 1,[ 70, 63, 60]],

[ 82, 15, 0,[ 31, 56]],

[ 75, 15, 0,[ 15, 12, 46]],

[ 0, 25, 1,[ 1, 3, 83, 36]],

[ 16, 15, 0,[ 31, 10, 11]],

[ 27, 15, 1,[ 40, 51, 45, 30, 81, 90, 38]],

[ 3, 65, 1,[ 19, 0, 74, 11]],

[ 5, 85, 1,[ 47, 19, 14]],

[ 74, 55, 1,[ 3, 30, 17]],

[ 32, 45, 0,[ 95, 37, 36]],

[ 19, 85, 0,[ 3, 98, 5]],

[ 76, 55, 0,[ 73, 9, 2]],

[ 83, 35, 1,[ 77, 0, 54]],

[ 45, 15, 1,[ 27, 98, 52]],

[ 50, 5, 1,[ 72, 66, 1, 26, 29]],

[ 67, 85, 1,[ 64, 93, 98]],

[ 63, 15, 1,[ 66, 49, 34, 92]],

[ 58, 35, 1,[ 53]],

[ 29, 15, 0,[ 50, 91, 68]],

[ 9, 15, 1,[ 87, 17, 42, 76]],

[ 68, 15, 0,[ 29, 31, 35]],

[ 47, 25, 1,[ 7, 79, 5]],

[ 13, 85, 0,[ 94, 55, 98]],

[ 11, 95, 1,[ 94, 16, 77, 3, 44]],

[ 78, 15, 0,[ 38, 51, 41]],

[ 86, 5, 1,[ 35, 60, 24, 98, 84]],

[ 95, 15, 1,[ 26, 77, 32]],

[ 2, 95, 1,[ 76, 85]],

[ 46, 15, 0,[ 96, 75, 64]],

[ 77, 15, 1,[ 55, 95, 56, 11, 22, 83]],

[ 26, 55, 0,[ 20, 50, 95, 41, 54]],

[ 37, 15, 0,[ 85, 32, 64]],

[ 70, 45, 1,[ 87, 34, 39, 40]],

[ 41, 55, 1,[ 78, 26, 20]],

[ 43, 75, 1,[ 89, 4, 59]],

[ 6, 15, 0,[ 61, 10, 89]],

[ 79, 75, 1,[ 15, 35, 48, 65, 47]],

[ 80, 15, 0,[ 96, 12, 8, 99, 90]],

[ 94, 15, 0,[ 13, 11, 81, 21]],

[ 93, 75, 1,[ 67, 31, 49, 57]],

[ 89, 5, 0,[ 7, 6, 43]],

[ 30, 15, 1,[ 49, 27, 74]],

[ 12, 15, 1,[ 17, 33, 80, 75]],

[ 42, 15, 0,[ 52, 65, 9]],

[ 65, 15, 1,[ 59, 42, 79]],

[ 56, 15, 0,[ 77, 21, 82, 51]],

[ 54, 55, 1,[ 26, 83, 92]],

[ 96, 15, 0,[ 80, 46, 22]],

[ 88, 15, 0,[ 51, 33, 23]],

[ 15, 15, 1,[ 79, 17, 75]],

[ 52, 15, 0,[ 45, 42, 38]],

[ 17, 15, 0,[ 9, 15, 74, 40, 12]],

[ 4, 15, 1,[ 43, 44, 72, 69]],

[ 24, 15, 0,[ 86]],

[ 57, 45, 1,[ 38, 36, 93]],

[ 33, 15, 0,[ 88, 85, 12]],

[ 10, 15, 0,[ 36, 16, 6]],

[ 59, 15, 0,[ 65, 71, 97, 43]],

[ 1, 75, 1,[ 60, 50, 0]],

[ 69, 75, 1,[ 4, 22, 14]],

[ 35, 15, 0,[ 86, 68, 48, 79]],

[ 22, 15, 1,[ 77, 44, 25, 96, 69]],

[ 55, 15, 1,[ 53, 77, 13]],

[ 14, 55, 0,[ 62, 5, 92, 69]],

[ 20, 55, 0,[ 41, 99, 26]],

[ 49, 15, 1,[ 30, 93, 63]],

[ 53, 15, 1,[ 73, 58, 55]],

[ 98, 95, 1,[ 19, 86, 13, 45, 67]],

[ 28, 15, 1,[ 51, 7, 64]],

[ 18, 15, 1,[ 21, 51, 8]],

[ 92, 25, 0,[ 54, 63, 14]],

[ 31, 15, 0,[ 39, 93, 7, 16, 68, 82]],

[ 81, 15, 0,[ 94, 27, 23]],

[ 84, 15, 0,[ 99, 90, 86]],

[ 72, 15, 0,[ 21, 50, 4]],

[ 60, 75, 1,[ 1, 34, 39, 86]],

[ 7, 15, 1,[ 31, 28, 89, 47]],

[ 25, 15, 1,[ 22, 48, 73]],

[ 44, 15, 0,[ 11, 22, 4]],

[ 38, 15, 1,[ 27, 52, 78, 57]],

[ 8, 15, 0,[ 80, 66, 18]],

[ 91, 15, 1,[ 73, 29, 21, 61]],

[ 90, 15, 0,[ 84, 80, 27]],

[ 61, 15, 0,[ 91, 6, 99]],

[ 48, 15, 0,[ 35, 25, 79]],

[ 97, 15, 0,[ 59, 87, 71]],

[ 23, 15, 0,[ 81, 88, 62, 71]],

[ 21, 15, 1,[ 56, 94, 72, 18, 91]],

[ 71, 95, 1,[ 97, 59, 23]],

