[ 29, 75, 1,[ 42, 59, 35, 21]],

[ 41, 85, 1,[ 33, 62, 84, 0]],

[ 28, 25, 1,[ 38, 46, 88]],

[ 50, 35, 1,[ 36, 0, 87, 85]],

[ 42, 15, 0,[ 5, 89, 96, 29]],

[ 30, 25, 1,[ 58, 37, 49]],

[ 58, 55, 1,[ 30, 3]],

[ 16, 15, 0,[ 22, 76, 84]],

[ 54, 65, 1,[ 14, 9, 33, 71]],

[ 31, 35, 0,[ 51, 95, 0, 22]],

[ 80, 35, 0,[ 98, 60, 62]],

[ 14, 65, 0,[ 71, 54, 13]],

[ 21, 35, 1,[ 71, 67, 29]],

[ 34, 55, 1,[ 79, 93, 7]],

[ 10, 55, 0,[ 81, 4, 76, 69]],

[ 85, 25, 1,[ 99, 94, 50]],

[ 43, 15, 1,[ 5, 76, 17, 8, 72, 4]],

[ 56, 35, 0,[ 98, 11, 18, 7]],

[ 64, 15, 1,[ 37, 96, 71]],

[ 39, 35, 0,[ 51, 79, 98, 60]],

[ 55, 35, 1,[ 73, 11, 75, 78, 97, 96]],

[ 33, 35, 0,[ 20, 97, 54, 41]],

[ 3, 45, 1,[ 73, 92, 58, 37]],

[ 4, 55, 1,[ 19, 43, 10]],

[ 19, 35, 0,[ 59, 77, 90, 4]],

[ 45, 95, 1,[ 46, 44, 60]],

[ 67, 5, 1,[ 21, 15, 46]],

[ 99, 25, 0,[ 23, 84, 93, 85]],

[ 27, 25, 1,[ 44, 46, 91]],

[ 65, 15, 1,[ 40, 90, 94, 8]],

[ 44, 35, 0,[ 49, 45, 27, 48]],

[ 76, 15, 0,[ 7, 10, 43, 40, 16]],

[ 92, 65, 0,[ 1, 3, 59, 9]],

[ 15, 55, 1,[ 40, 74, 67]],

[ 22, 35, 0,[ 16, 31, 72, 86]],

[ 35, 35, 0,[ 53, 81, 29]],

[ 37, 15, 0,[ 30, 89, 3, 64, 6]],

[ 62, 35, 0,[ 41, 80, 12]],

[ 23, 25, 0,[ 99, 93, 90, 70, 96]],

[ 69, 55, 1,[ 61, 10, 95, 68]],

[ 26, 35, 0,[ 73, 6]],

[ 46, 25, 0,[ 28, 75, 27, 82, 67, 45]],

[ 5, 15, 1,[ 42, 7, 43]],

[ 78, 25, 1,[ 17, 55, 8]],

[ 75, 35, 0,[ 55, 25, 46]],

[ 40, 15, 0,[ 65, 76, 6, 15]],

[ 48, 35, 0,[ 83, 1, 97, 44]],

[ 13, 35, 0,[ 73, 68, 83, 14]],

[ 60, 65, 1,[ 80, 52, 45, 39, 86]],

[ 12, 65, 1,[ 83, 62]],

[ 88, 75, 0,[ 28, 63, 91]],

[ 53, 95, 1,[ 25, 35]],

[ 38, 35, 1,[ 9, 71, 28]],

[ 79, 95, 0,[ 8, 98, 39, 34, 17]],

[ 74, 65, 0,[ 9, 2, 15, 61]],

[ 32, 35, 0,[ 66, 73, 83]],

[ 6, 15, 0,[ 40, 26, 37]],

[ 95, 35, 0,[ 31, 69, 25]],

[ 91, 65, 1,[ 82, 27, 88]],

[ 81, 35, 0,[ 57, 2, 35, 10]],

[ 52, 75, 0,[ 60, 63, 11]],

[ 98, 45, 1,[ 80, 56, 79, 39, 94]],

[ 70, 75, 1,[ 18, 23, 2]],

[ 77, 35, 1,[ 93, 19, 25]],

[ 94, 35, 0,[ 85, 98, 65, 36]],

[ 49, 35, 1,[ 44, 24, 30, 1]],

[ 61, 35, 0,[ 74, 69, 47]],

[ 89, 15, 0,[ 37, 20, 42]],

[ 36, 35, 1,[ 83, 50, 66, 94]],

[ 17, 95, 0,[ 78, 86, 79, 43]],

[ 84, 35, 0,[ 41, 16, 99]],

[ 96, 15, 0,[ 55, 42, 64, 23]],

[ 63, 15, 1,[ 88, 24, 52]],

[ 24, 35, 0,[ 49, 63, 18]],

[ 2, 75, 1,[ 81, 70, 74]],

[ 93, 5, 1,[ 77, 34, 23, 47, 99]],

[ 0, 35, 1,[ 50, 41, 31]],

[ 25, 35, 1,[ 77, 95, 53, 75]],

[ 90, 35, 0,[ 65, 23, 19]],

[ 86, 95, 1,[ 60, 22, 17]],

[ 72, 35, 0,[ 22, 43]],

[ 20, 95, 1,[ 89, 59, 33]],

[ 57, 5, 1,[ 66, 82, 81]],

[ 8, 15, 0,[ 78, 79, 43, 65]],

[ 73, 85, 1,[ 55, 32, 26, 3, 13]],

[ 51, 35, 0,[ 31, 39, 82]],

[ 59, 95, 0,[ 20, 92, 19, 29]],

[ 83, 45, 1,[ 13, 12, 32, 36, 48]],

[ 71, 65, 1,[ 14, 54, 64, 21, 38]],

[ 11, 95, 1,[ 55, 52, 56, 68]],

[ 97, 35, 0,[ 55, 33, 48]],

[ 1, 35, 1,[ 92, 48, 49]],

[ 9, 65, 1,[ 74, 54, 38, 92]],

[ 18, 85, 1,[ 24, 56, 70]],

[ 68, 95, 0,[ 11, 69, 13]],

[ 66, 35, 0,[ 57, 32, 36]],

[ 87, 95, 0,[ 47, 50]],

[ 47, 5, 1,[ 93, 87, 61]],

[ 82, 35, 0,[ 51, 91, 57, 46]],

[ 7, 65, 1,[ 34, 76, 56, 5]],

[ 21, 65, 0,[ 23, 20, 89]],

[ 91, 65, 0,[ 74, 53, 70, 77]],

[ 74, 65, 0,[ 37, 72, 91, 83]],

[ 36, 65, 0,[ 38, 12, 37]],

[ 86, 65, 0,[ 38, 33, 88, 7]],

[ 62, 65, 0,[ 44, 71, 22, 61, 66]],

[ 64, 65, 0,[ 2, 84, 6]],

[ 69, 65, 0,[ 67, 29, 14]],

[ 99, 65, 0,[ 67, 97, 22, 94]],

[ 24, 65, 0,[ 63, 26, 68, 75]],

[ 13, 65, 0,[ 48, 7, 10, 29]],

[ 20, 65, 0,[ 83, 21, 29]],

[ 59, 65, 0,[ 4, 61, 82, 51, 76, 57]],

[ 58, 65, 0,[ 89, 71, 56, 43]],

[ 68, 65, 1,[ 96, 24, 3, 32, 82, 90, 48]],

[ 31, 65, 1,[ 90, 32, 75]],

[ 38, 65, 0,[ 86, 36, 37, 87, 40]],

[ 4, 65, 0,[ 19, 59, 48]],

[ 41, 65, 0,[ 39, 40, 63]],

[ 5, 65, 0,[ 18, 22, 96]],

[ 1, 65, 0,[ 14, 70, 15]],

[ 53, 65, 0,[ 54, 91, 93, 12]],

[ 8, 65, 1,[ 9, 77, 6, 90]],

[ 28, 65, 0,[ 40, 33, 14]],

[ 14, 65, 0,[ 1, 28, 75, 69]],

[ 11, 65, 0,[ 10, 12]],

[ 84, 65, 0,[ 64, 92, 85, 61, 94]],

[ 80, 65, 0,[ 97, 75, 15]],

[ 33, 65, 0,[ 28, 35, 17, 86, 96, 29, 7]],

[ 92, 65, 0,[ 84, 73, 9, 45]],

[ 98, 65, 0,[ 97, 57, 19]],

[ 79, 65, 0,[ 52, 73, 78]],

[ 67, 65, 0,[ 99, 69, 51]],

[ 61, 65, 1,[ 60, 59, 84, 26, 62, 88]],

[ 27, 65, 0,[ 30, 37, 25]],

[ 81, 65, 0,[ 42, 49, 19]],

[ 2, 65, 0,[ 60, 65, 72, 71, 64, 0]],

[ 97, 65, 0,[ 80, 98, 99, 50]],

[ 60, 65, 0,[ 3, 43, 61, 2, 40]],

[ 50, 65, 0,[ 49, 78, 97]],

[ 85, 65, 0,[ 70, 84, 95]],

[ 42, 65, 0,[ 81, 47, 40]],

[ 89, 25, 1,[ 90, 88, 58, 21]],

[ 82, 65, 0,[ 59, 87, 68]],

[ 47, 65, 0,[ 15, 42, 32]],

[ 17, 65, 0,[ 6, 30, 33]],

[ 57, 65, 0,[ 59, 35, 98]],

[ 48, 65, 0,[ 52, 4, 46, 68, 13]],

[ 37, 65, 1,[ 96, 27, 74, 36, 38, 39]],

[ 10, 65, 0,[ 13, 11, 9, 52]],

[ 43, 65, 0,[ 58, 44, 60]],

[ 75, 65, 0,[ 31, 80, 24, 14]],

[ 22, 65, 0,[ 62, 5, 70, 99]],

[ 56, 65, 0,[ 49, 23, 58]],

[ 94, 65, 0,[ 84, 99, 30]],

[ 83, 65, 0,[ 74, 77, 20]],

[ 9, 65, 0,[ 10, 92, 8]],

[ 63, 65, 0,[ 24, 41, 35]],

[ 35, 95, 1,[ 33, 57, 63]],

[ 30, 65, 0,[ 94, 27, 96, 76, 17]],

[ 45, 65, 0,[ 92, 29]],

[ 93, 65, 0,[ 53, 39, 55]],

[ 54, 65, 0,[ 16, 53, 55]],

[ 3, 65, 0,[ 90, 60, 68]],

[ 0, 65, 0,[ 2, 44]],

[ 73, 65, 0,[ 95, 92, 79]],

[ 72, 65, 0,[ 74, 34, 2]],

[ 52, 65, 1,[ 79, 10, 66, 48, 26]],

[ 12, 65, 0,[ 11, 36, 53]],

[ 7, 65, 0,[ 33, 86, 13]],

[ 76, 65, 0,[ 30, 78, 59]],

[ 71, 65, 0,[ 58, 62, 2]],

[ 66, 65, 0,[ 52, 62, 65]],

[ 51, 65, 0,[ 59, 67, 49, 32]],

[ 90, 65, 0,[ 89, 68, 8, 3, 87, 65, 31]],

[ 88, 65, 0,[ 32, 39, 61, 89, 86]],

[ 46, 65, 0,[ 44, 48, 65]],

[ 65, 65, 0,[ 90, 66, 2, 34, 46]],

[ 32, 65, 0,[ 88, 31, 47, 51, 68]],

[ 95, 65, 0,[ 6, 73, 85]],

[ 15, 65, 0,[ 1, 16, 47, 80]],

[ 78, 65, 0,[ 76, 16, 79, 50]],

[ 25, 65, 0,[ 23, 55, 27, 34]],

[ 40, 65, 0,[ 38, 60, 28, 42, 41]],

[ 55, 65, 0,[ 54, 25, 93]],

[ 18, 65, 0,[ 19, 16, 5]],

[ 29, 65, 0,[ 20, 45, 13, 33, 69]],

[ 49, 65, 0,[ 81, 56, 50, 51]],

[ 34, 65, 0,[ 65, 72, 25]],

[ 87, 65, 0,[ 38, 82, 90]],

[ 96, 45, 1,[ 68, 37, 30, 33, 5]],

[ 77, 65, 0,[ 8, 91, 83]],

[ 26, 65, 0,[ 19, 61, 24, 52]],

[ 70, 65, 0,[ 1, 85, 22, 91]],

[ 44, 55, 1,[ 0, 43, 46, 62]],

[ 19, 65, 0,[ 26, 81, 98, 4, 18]],

[ 23, 65, 0,[ 21, 56, 25]],

[ 39, 65, 0,[ 93, 37, 88, 41]],

[ 6, 65, 0,[ 8, 17, 64, 95]],

[ 16, 65, 0,[ 15, 78, 54, 18]],

