[ 75, 85, 0,[ 34, 22, 23]],

[ 24, 95, 1,[ 33, 11, 1]],

[ 92, 85, 0,[ 22, 42, 89, 10, 40, 41]],

[ 30, 85, 0,[ 79, 67, 57]],

[ 4, 85, 0,[ 86, 37, 89, 53]],

[ 80, 85, 0,[ 55, 73, 56]],

[ 12, 85, 0,[ 11, 26, 68]],

[ 73, 85, 0,[ 23, 39, 26, 80, 96]],

[ 55, 85, 0,[ 80, 28, 18]],

[ 53, 85, 0,[ 4, 51, 54, 31]],

[ 36, 85, 0,[ 46, 56, 66]],

[ 63, 85, 0,[ 52, 1, 98]],

[ 65, 85, 0,[ 98, 2, 43, 7, 94]],

[ 98, 85, 0,[ 14, 65, 63, 31]],

[ 17, 95, 1,[ 16, 29, 49, 71]],

[ 38, 85, 0,[ 41, 3, 81]],

[ 95, 85, 0,[ 39, 19, 99]],

[ 14, 85, 0,[ 71, 16, 98, 67]],

[ 11, 85, 0,[ 22, 56, 12, 24]],

[ 21, 85, 0,[ 46, 52, 23]],

[ 33, 85, 0,[ 57, 90, 24, 46]],

[ 2, 85, 0,[ 5, 65, 52]],

[ 37, 5, 1,[ 76, 84, 4, 66]],

[ 31, 85, 1,[ 27, 53, 98, 15]],

[ 57, 85, 0,[ 97, 70, 49, 9, 78, 33, 30, 20]],

[ 44, 85, 0,[ 0, 47, 48, 35, 9, 62]],

[ 59, 85, 0,[ 81, 70, 1]],

[ 74, 85, 0,[ 87, 32, 56]],

[ 96, 85, 1,[ 67, 73, 77]],

[ 18, 85, 0,[ 28, 19, 55]],

[ 35, 85, 1,[ 20, 76, 44]],

[ 9, 85, 0,[ 57, 44, 61]],

[ 56, 85, 0,[ 36, 41, 13, 80, 43, 11, 23, 74]],

[ 0, 85, 0,[ 87, 19, 44]],

[ 79, 85, 0,[ 85, 30]],

[ 39, 85, 0,[ 90, 73, 95]],

[ 70, 85, 0,[ 59, 62, 57]],

[ 66, 85, 0,[ 58, 36, 40, 37]],

[ 68, 85, 0,[ 43, 12, 60]],

[ 42, 85, 0,[ 91, 92, 99]],

[ 54, 85, 0,[ 53, 78, 69, 48]],

[ 13, 85, 0,[ 10, 56, 88]],

[ 93, 85, 0,[ 52, 83, 6, 62]],

[ 25, 85, 0,[ 34, 7, 26]],

[ 34, 85, 0,[ 7, 25, 32, 75]],

[ 3, 85, 0,[ 90, 38, 82]],

[ 10, 85, 0,[ 94, 92, 13]],

[ 29, 85, 0,[ 17, 69, 50]],

[ 82, 85, 0,[ 64, 3, 58]],

[ 1, 85, 0,[ 59, 24, 63, 72]],

[ 72, 85, 0,[ 1, 5, 76]],

[ 83, 85, 0,[ 93, 85, 64]],

[ 15, 85, 0,[ 31, 5, 89]],

[ 28, 85, 0,[ 18, 26, 55, 81]],

[ 88, 85, 0,[ 61, 50, 13]],

[ 76, 85, 0,[ 35, 37, 72]],

[ 19, 85, 0,[ 95, 18, 0, 81]],

[ 16, 85, 0,[ 43, 17, 14]],

[ 40, 85, 0,[ 92, 84, 66]],

[ 45, 85, 0,[ 51, 77, 6]],

[ 84, 85, 0,[ 37, 40, 64]],

[ 97, 85, 0,[ 85, 57, 99, 50]],

[ 51, 85, 0,[ 45, 53, 87]],

[ 81, 85, 0,[ 28, 27, 38, 59, 91, 19]],

[ 61, 45, 1,[ 9, 60, 88, 62]],

[ 46, 85, 0,[ 21, 5, 33, 36]],

[ 71, 85, 0,[ 14, 60, 17]],

[ 58, 85, 0,[ 66, 62, 69, 82, 89]],

[ 69, 85, 0,[ 49, 54, 29, 58]],

[ 26, 85, 0,[ 5, 12, 25, 28, 73]],

[ 87, 85, 0,[ 74, 0, 51]],

[ 47, 85, 0,[ 64, 44]],

[ 32, 85, 0,[ 34, 74, 86]],

[ 6, 85, 0,[ 5, 93, 8, 45]],

[ 77, 85, 0,[ 8, 45, 96, 48]],

[ 23, 85, 0,[ 73, 75, 20, 56, 21]],

[ 85, 85, 0,[ 97, 79, 83]],

[ 60, 85, 0,[ 61, 71, 68]],

[ 99, 85, 0,[ 97, 95, 42]],

[ 90, 85, 0,[ 3, 33, 39]],

[ 20, 85, 0,[ 23, 35, 57]],

[ 52, 45, 1,[ 2, 93, 21, 63]],

[ 41, 85, 0,[ 38, 92, 56]],

[ 64, 85, 0,[ 47, 83, 84, 82]],

[ 7, 85, 0,[ 34, 8, 25, 65]],

[ 62, 85, 0,[ 70, 58, 61, 44, 93]],

[ 48, 85, 0,[ 54, 44, 77]],

[ 50, 85, 0,[ 88, 29, 91, 97]],

[ 27, 85, 0,[ 81, 78, 31]],

[ 78, 85, 0,[ 57, 27, 54]],

[ 22, 85, 0,[ 75, 92, 94, 11]],

[ 86, 85, 0,[ 32, 94, 4]],

[ 91, 85, 0,[ 81, 50, 42]],

[ 49, 85, 0,[ 69, 17, 57]],

[ 67, 85, 0,[ 30, 5, 14, 96]],

[ 89, 95, 1,[ 15, 4, 58, 92]],

[ 94, 85, 0,[ 86, 10, 22, 65]],

[ 8, 55, 1,[ 6, 7, 77]],

[ 43, 85, 0,[ 56, 68, 16, 65]],

[ 5, 85, 0,[ 2, 72, 15, 6, 26, 46, 67]],

