[ 93, 15, 0,[ 23, 67, 18, 68]],

[ 16, 45, 1,[ 57, 37, 32]],

[ 33, 65, 1,[ 50, 42, 15, 65]],

[ 0, 35, 0,[ 96, 78, 18]],

[ 88, 15, 0,[ 36, 51, 84, 42]],

[ 12, 15, 0,[ 24, 69, 84]],

[ 62, 45, 0,[ 75, 70]],

[ 94, 15, 0,[ 80, 30, 18]],

[ 67, 95, 0,[ 77, 71, 25, 93]],

[ 80, 55, 1,[ 73, 94, 51]],

[ 15, 15, 0,[ 61, 97, 30, 33]],

[ 27, 15, 0,[ 89, 26, 9]],

[ 19, 95, 1,[ 26, 13, 81]],

[ 42, 65, 1,[ 33, 88, 89]],

[ 4, 35, 0,[ 2, 74, 18]],

[ 6, 75, 1,[ 30, 37, 71, 60, 7]],

[ 14, 85, 0,[ 34, 48, 35, 95]],

[ 47, 5, 0,[ 64, 20, 82]],

[ 74, 15, 1,[ 53, 31, 60, 70, 4, 18]],

[ 34, 85, 0,[ 14, 45, 92, 96]],

[ 32, 75, 1,[ 44, 16, 1]],

[ 51, 85, 0,[ 80, 88, 66, 29]],

[ 53, 45, 0,[ 74, 11, 54]],

[ 91, 75, 0,[ 99, 43, 85]],

[ 98, 15, 0,[ 44, 49, 77]],

[ 99, 25, 1,[ 41, 91, 5]],

[ 45, 45, 0,[ 9, 79, 34]],

[ 87, 25, 1,[ 41, 2, 10]],

[ 75, 15, 1,[ 62, 69, 59]],

[ 68, 15, 1,[ 93, 1, 70]],

[ 39, 85, 1,[ 36, 72, 73]],

[ 38, 85, 0,[ 57, 86, 10]],

[ 64, 15, 0,[ 46, 23, 47]],

[ 89, 75, 1,[ 61, 40, 42, 27]],

[ 57, 25, 0,[ 16, 43, 85, 56, 38, 46]],

[ 65, 45, 0,[ 33, 76, 17]],

[ 28, 45, 0,[ 70, 83, 78]],

[ 18, 15, 0,[ 74, 76, 0, 93, 83, 4, 94]],

[ 5, 5, 0,[ 73, 99, 8]],

[ 48, 65, 1,[ 55, 14, 59]],

[ 84, 25, 1,[ 12, 9, 88]],

[ 86, 75, 0,[ 38, 35]],

[ 85, 35, 1,[ 91, 52, 57]],

[ 66, 45, 1,[ 51, 61, 31, 2]],

[ 90, 85, 1,[ 9, 70, 3]],

[ 23, 85, 1,[ 93, 64, 52]],

[ 37, 65, 1,[ 54, 16, 6]],

[ 60, 45, 0,[ 74, 11, 6, 55]],

[ 31, 75, 1,[ 79, 74, 66]],

[ 97, 45, 1,[ 15, 24, 72]],

[ 20, 55, 1,[ 47, 96, 40]],

[ 76, 85, 1,[ 18, 59, 21, 65, 22]],

[ 35, 45, 1,[ 13, 86, 14]],

[ 71, 95, 1,[ 8, 67, 6]],

[ 52, 55, 1,[ 23, 85, 17]],

[ 29, 45, 1,[ 17, 51, 95]],

[ 43, 95, 0,[ 77, 57, 91, 7]],

[ 24, 85, 1,[ 82, 22, 97, 56, 12]],

[ 95, 45, 1,[ 58, 46, 29, 14]],

[ 44, 15, 1,[ 98, 58, 32, 8]],

[ 59, 25, 1,[ 76, 48, 75]],

[ 46, 55, 1,[ 57, 64, 95]],

[ 17, 15, 1,[ 65, 1, 52, 29]],

[ 21, 25, 0,[ 76, 54, 22]],

[ 56, 45, 1,[ 57, 3, 24]],

[ 92, 65, 1,[ 25, 81, 79, 34]],

[ 49, 15, 0,[ 3, 41, 98, 13]],

[ 1, 5, 0,[ 17, 32, 68]],

[ 79, 5, 1,[ 92, 45, 31]],

[ 3, 15, 0,[ 90, 49, 56, 72]],

[ 78, 5, 1,[ 0, 28, 63]],

[ 61, 35, 1,[ 89, 66, 15]],

[ 54, 75, 1,[ 73, 37, 21, 53]],

[ 82, 45, 1,[ 55, 47, 24]],

[ 2, 35, 0,[ 81, 4, 66, 87]],

[ 22, 65, 1,[ 76, 21, 24]],

[ 10, 85, 1,[ 87, 63, 38]],

[ 96, 45, 1,[ 0, 26, 20, 34]],

[ 77, 95, 0,[ 36, 98, 67, 43]],

[ 70, 45, 0,[ 90, 28, 74, 68, 62]],

[ 40, 95, 0,[ 20, 89]],

[ 25, 95, 0,[ 9, 92, 67]],

[ 58, 5, 0,[ 8, 81, 44, 95]],

[ 9, 95, 0,[ 7, 90, 25, 27, 84, 45]],

[ 73, 95, 0,[ 39, 54, 80, 5]],

[ 83, 15, 0,[ 18, 69, 28]],

[ 30, 15, 0,[ 15, 94, 6]],

[ 26, 85, 1,[ 19, 27, 96]],

[ 55, 85, 0,[ 82, 60, 48]],

[ 11, 45, 0,[ 63, 53, 60]],

[ 81, 85, 1,[ 92, 58, 19, 69, 2]],

[ 63, 45, 0,[ 10, 11, 78]],

[ 36, 15, 0,[ 39, 77, 88]],

[ 69, 15, 0,[ 12, 75, 81, 83]],

[ 8, 35, 1,[ 71, 58, 44, 5]],

[ 7, 95, 0,[ 9, 6, 43]],

[ 13, 55, 1,[ 35, 49, 19]],

[ 41, 15, 0,[ 87, 99, 49]],

[ 72, 55, 1,[ 97, 3, 39, 50]],

[ 50, 45, 0,[ 72, 33]],

