[ 59, 95, 1,[ 27, 67, 15, 39]],

[ 84, 65, 1,[ 28, 49, 30, 78]],

[ 62, 95, 1,[ 66, 72, 8, 76, 82, 3]],

[ 54, 25, 1,[ 19, 65, 43]],

[ 1, 85, 0,[ 52, 39, 43]],

[ 78, 75, 0,[ 47, 28, 84, 87, 86]],

[ 67, 95, 0,[ 59, 13, 31]],

[ 96, 65, 1,[ 29, 61, 89, 0]],

[ 82, 75, 1,[ 83, 60, 30, 55, 62]],

[ 42, 85, 1,[ 83, 38, 77, 89, 99, 64]],

[ 4, 75, 0,[ 28, 47, 13]],

[ 45, 75, 0,[ 10, 0, 12]],

[ 88, 45, 0,[ 15, 51, 34]],

[ 52, 35, 1,[ 24, 1, 65]],

[ 10, 95, 1,[ 23, 79, 45]],

[ 7, 75, 0,[ 5, 18, 6, 81]],

[ 28, 25, 0,[ 84, 78, 37, 4]],

[ 34, 85, 0,[ 88, 39, 9]],

[ 25, 15, 0,[ 60, 75, 31]],

[ 70, 15, 0,[ 21, 61, 16]],

[ 46, 95, 1,[ 57, 39, 91]],

[ 31, 65, 1,[ 43, 25, 67, 56]],

[ 49, 75, 0,[ 84, 15]],

[ 80, 65, 1,[ 14, 95, 12]],

[ 57, 25, 0,[ 86, 33, 46, 71, 40]],

[ 41, 75, 0,[ 75, 81, 93]],

[ 39, 75, 1,[ 46, 81, 34, 59, 1]],

[ 98, 25, 0,[ 35, 65, 16]],

[ 21, 15, 0,[ 73, 70, 95, 66]],

[ 48, 25, 1,[ 13, 95, 5]],

[ 76, 55, 1,[ 66, 62, 51]],

[ 71, 65, 1,[ 65, 57, 36, 22]],

[ 16, 25, 0,[ 32, 70, 98, 22]],

[ 36, 45, 0,[ 19, 71, 6, 51]],

[ 93, 75, 0,[ 41, 63, 94, 83, 40, 17]],

[ 90, 95, 1,[ 3, 72, 55, 50]],

[ 24, 35, 1,[ 32, 52, 55]],

[ 65, 25, 0,[ 30, 98, 15, 71, 52, 26, 54]],

[ 2, 45, 0,[ 29, 91, 51]],

[ 50, 65, 0,[ 90, 44, 74]],

[ 9, 65, 0,[ 73, 27, 11, 34, 40]],

[ 26, 25, 1,[ 23, 65]],

[ 30, 5, 0,[ 82, 65, 84, 27]],

[ 20, 55, 1,[ 33, 75, 74]],

[ 33, 5, 1,[ 6, 57, 53, 20]],

[ 43, 85, 0,[ 54, 68, 1, 31]],

[ 37, 45, 1,[ 35, 29, 28]],

[ 72, 85, 1,[ 90, 97, 62]],

[ 53, 15, 0,[ 95, 92, 33]],

[ 97, 45, 1,[ 72, 92, 35]],

[ 29, 75, 1,[ 96, 63, 58, 37, 2]],

[ 38, 95, 0,[ 61, 66, 42]],

[ 32, 65, 1,[ 16, 77, 24]],

[ 60, 15, 0,[ 61, 99, 82, 25]],

[ 27, 65, 0,[ 11, 9, 59, 30]],

[ 15, 75, 0,[ 88, 44, 49, 59, 65]],

[ 35, 75, 1,[ 97, 17, 98, 63, 37]],

[ 99, 65, 1,[ 22, 42, 60]],

[ 11, 65, 0,[ 19, 9, 27]],

[ 58, 95, 0,[ 29, 85, 12, 3]],

[ 74, 5, 0,[ 51, 50, 20]],

[ 14, 5, 0,[ 0, 56, 80]],

[ 47, 95, 0,[ 63, 78, 4]],

[ 12, 75, 0,[ 45, 58, 80]],

[ 95, 15, 0,[ 8, 53, 94, 48, 21, 80]],

[ 17, 55, 1,[ 61, 93, 35]],

[ 64, 45, 0,[ 42, 68, 13]],

[ 18, 75, 0,[ 7, 13]],

[ 23, 45, 1,[ 26, 79, 10]],

[ 75, 95, 1,[ 41, 20, 25]],

[ 19, 85, 1,[ 36, 54, 11]],

[ 83, 75, 0,[ 82, 93, 42]],

[ 56, 25, 1,[ 31, 69, 14]],

[ 68, 85, 1,[ 43, 64, 91, 69]],

[ 3, 45, 0,[ 62, 58, 90]],

[ 22, 95, 1,[ 71, 16, 99]],

[ 73, 15, 0,[ 92, 9, 21]],

[ 92, 75, 1,[ 97, 53, 73]],

[ 0, 95, 0,[ 96, 14, 45]],

[ 44, 75, 1,[ 86, 15, 50, 13]],

[ 63, 95, 0,[ 35, 85, 93, 29, 47]],

[ 51, 35, 1,[ 74, 2, 88, 76, 36]],

[ 89, 55, 1,[ 42, 66, 96]],

[ 69, 15, 0,[ 68, 56, 5]],

[ 85, 25, 1,[ 87, 77, 58, 63]],

[ 40, 45, 1,[ 57, 9, 93, 91]],

[ 5, 15, 0,[ 48, 69, 7]],

[ 91, 45, 0,[ 46, 2, 40, 68]],

[ 55, 75, 0,[ 24, 90, 82]],

[ 13, 5, 1,[ 18, 67, 48, 44, 64, 4]],

[ 81, 45, 1,[ 41, 39, 7]],

[ 66, 75, 1,[ 79, 38, 89, 62, 21, 76]],

[ 8, 45, 1,[ 95, 86, 62]],

[ 79, 15, 1,[ 66, 10, 23]],

[ 87, 45, 1,[ 78, 94, 85]],

[ 6, 5, 1,[ 36, 7, 33]],

[ 77, 45, 0,[ 42, 32, 85]],

[ 61, 15, 1,[ 38, 96, 60, 70, 17]],

[ 94, 85, 1,[ 93, 95, 87]],

[ 86, 75, 0,[ 8, 78, 44, 57]],

