[ 46, 15, 0,[ 14, 83, 48, 43]],

[ 34, 15, 1,[ 25, 33, 35, 20]],

[ 42, 15, 0,[ 40, 93, 81, 90]],

[ 14, 15, 0,[ 11, 0, 46, 54, 51]],

[ 68, 15, 0,[ 47, 69, 90, 32, 48]],

[ 25, 65, 1,[ 94, 27, 56, 34]],

[ 2, 15, 1,[ 69, 45, 37]],

[ 80, 15, 0,[ 60, 73, 81]],

[ 96, 15, 0,[ 33, 30, 83, 50]],

[ 48, 15, 0,[ 68, 46, 79, 86]],

[ 57, 15, 1,[ 78, 15, 7, 59]],

[ 36, 55, 1,[ 76, 12, 71]],

[ 45, 95, 1,[ 51, 2, 74]],

[ 52, 15, 0,[ 18, 10, 66, 9]],

[ 65, 15, 1,[ 64, 13, 85]],

[ 70, 75, 1,[ 63, 92, 12, 55, 69]],

[ 83, 15, 1,[ 96, 46, 98]],

[ 85, 15, 0,[ 65, 95]],

[ 35, 15, 0,[ 49, 34, 37]],

[ 43, 15, 1,[ 46, 44, 76]],

[ 97, 15, 0,[ 99, 7, 49]],

[ 39, 15, 0,[ 47, 54, 38, 5]],

[ 87, 15, 0,[ 94, 86]],

[ 28, 25, 1,[ 53, 27, 86]],

[ 4, 5, 1,[ 23, 59, 6]],

[ 99, 15, 0,[ 97, 1, 67, 6]],

[ 32, 15, 0,[ 68, 31]],

[ 61, 15, 0,[ 62, 63, 60, 84]],

[ 93, 15, 1,[ 13, 42]],

[ 22, 15, 0,[ 62, 5, 66]],

[ 72, 15, 0,[ 30, 84, 67]],

[ 76, 15, 0,[ 9, 36, 77, 95, 43]],

[ 60, 15, 1,[ 61, 21, 80]],

[ 67, 15, 1,[ 69, 72, 99]],

[ 51, 35, 1,[ 14, 45, 59]],

[ 27, 25, 1,[ 25, 28, 81]],

[ 5, 25, 1,[ 39, 22, 74]],

[ 33, 15, 0,[ 34, 18, 96]],

[ 16, 55, 1,[ 15, 41, 17]],

[ 91, 55, 1,[ 49, 12, 17, 92]],

[ 90, 15, 0,[ 68, 8, 42]],

[ 24, 15, 0,[ 66, 75, 26]],

[ 84, 15, 0,[ 40, 61, 72]],

[ 56, 15, 0,[ 58, 11, 25]],

[ 37, 15, 0,[ 82, 2, 3, 35]],

[ 6, 15, 0,[ 4, 99, 82, 8, 95]],

[ 53, 25, 1,[ 28, 81, 78]],

[ 7, 75, 1,[ 57, 1, 97]],

[ 95, 15, 0,[ 85, 6, 76, 98]],

[ 77, 15, 1,[ 40, 3, 76, 66]],

[ 18, 15, 1,[ 52, 33, 8]],

[ 47, 85, 1,[ 39, 68, 89, 9, 8]],

[ 86, 15, 1,[ 28, 20, 94, 88, 87, 48]],

[ 23, 15, 0,[ 4, 38, 21]],

[ 66, 15, 0,[ 30, 24, 22, 52, 77]],

[ 59, 15, 0,[ 57, 51, 4]],

[ 31, 15, 0,[ 49, 32, 75]],

[ 98, 75, 1,[ 82, 95, 83]],

[ 71, 15, 0,[ 81, 63, 36]],

[ 9, 75, 1,[ 47, 52, 76]],

[ 15, 15, 1,[ 79, 57, 16]],

[ 88, 15, 0,[ 89, 86]],

[ 8, 15, 0,[ 47, 10, 92, 6, 50, 90, 18]],

[ 11, 15, 1,[ 56, 14, 10]],

[ 29, 15, 0,[ 17, 82, 13]],

[ 89, 15, 0,[ 47, 88]],

[ 92, 15, 0,[ 70, 8, 91]],

[ 12, 75, 1,[ 91, 70, 36]],

[ 81, 15, 0,[ 71, 27, 53, 42, 19, 79, 80]],

[ 19, 15, 0,[ 81, 26, 21]],

[ 38, 15, 1,[ 39, 41, 23]],

[ 17, 15, 0,[ 16, 29, 91]],

[ 40, 95, 1,[ 42, 41, 77, 84]],

[ 30, 5, 1,[ 66, 96, 72]],

[ 79, 15, 0,[ 15, 48, 81]],

[ 64, 15, 1,[ 65, 41, 0]],

[ 44, 15, 0,[ 0, 43, 62]],

[ 63, 65, 1,[ 61, 71, 70]],

[ 54, 15, 0,[ 55, 14, 39, 74, 20]],

[ 74, 75, 1,[ 45, 54, 5]],

[ 0, 55, 1,[ 14, 69, 44, 64]],

[ 49, 15, 1,[ 97, 35, 91, 31, 50]],

[ 73, 15, 1,[ 75, 3, 58, 80]],

[ 3, 15, 1,[ 73, 37, 77]],

[ 58, 75, 1,[ 75, 73, 56]],

[ 94, 15, 0,[ 86, 25, 87]],

[ 69, 15, 1,[ 55, 78, 67, 0, 70, 68, 2]],

[ 82, 15, 0,[ 98, 6, 29, 37]],

[ 62, 15, 1,[ 22, 61, 44]],

[ 26, 15, 0,[ 1, 19, 24]],

[ 50, 5, 1,[ 49, 96, 8]],

[ 75, 15, 0,[ 24, 73, 58, 31, 1]],

[ 78, 15, 1,[ 53, 57, 69]],

[ 13, 15, 0,[ 93, 10, 65, 29]],

[ 1, 15, 1,[ 99, 7, 75, 26]],

[ 10, 15, 0,[ 52, 8, 11, 13]],

[ 55, 15, 1,[ 70, 54, 69]],

[ 21, 15, 1,[ 60, 23, 19]],

[ 41, 5, 1,[ 38, 16, 64, 40]],

[ 20, 15, 0,[ 34, 86, 54]],

