[ 73, 65, 0,[ 17, 18, 43]],

[ 92, 65, 0,[ 36, 71, 55]],

[ 16, 65, 0,[ 18, 19, 76]],

[ 58, 65, 0,[ 74, 60, 45]],

[ 23, 65, 0,[ 30, 13, 68]],

[ 84, 65, 0,[ 10, 74, 75]],

[ 36, 65, 0,[ 66, 57, 87, 92]],

[ 35, 65, 0,[ 15, 65, 18, 24]],

[ 27, 65, 0,[ 77, 61, 37]],

[ 61, 65, 0,[ 8, 27, 50, 45]],

[ 19, 65, 0,[ 60, 16, 88, 49, 55]],

[ 26, 65, 0,[ 20, 34, 54]],

[ 13, 65, 0,[ 32, 48, 1, 23]],

[ 41, 65, 0,[ 72, 99, 93, 80]],

[ 96, 65, 0,[ 62, 52, 95, 0]],

[ 5, 65, 0,[ 80, 22, 38]],

[ 15, 65, 1,[ 35, 12, 34]],

[ 75, 65, 0,[ 31, 52, 71, 91, 84, 86]],

[ 10, 65, 0,[ 77, 46, 25, 84, 74]],

[ 29, 65, 0,[ 53, 68, 21]],

[ 6, 65, 0,[ 39, 25, 91]],

[ 9, 65, 0,[ 76, 50, 7]],

[ 98, 65, 1,[ 48, 7, 72]],

[ 30, 65, 0,[ 97, 60, 42, 23]],

[ 62, 65, 0,[ 42, 56, 78, 96]],

[ 22, 65, 0,[ 39, 5, 44]],

[ 55, 65, 0,[ 19, 0, 54, 66, 92]],

[ 51, 65, 0,[ 85, 67, 11]],

[ 72, 65, 0,[ 98, 41]],

[ 60, 65, 0,[ 19, 58, 8, 20, 30]],

[ 64, 65, 0,[ 94, 14, 38]],

[ 54, 65, 0,[ 55, 26, 90]],

[ 1, 65, 0,[ 59, 13, 11]],

[ 42, 65, 0,[ 62, 79, 80, 30]],

[ 24, 65, 0,[ 35, 4, 21, 28]],

[ 94, 65, 0,[ 77, 64, 47]],

[ 43, 65, 0,[ 8, 87, 56, 11, 73, 63]],

[ 99, 65, 0,[ 39, 41]],

[ 12, 65, 0,[ 46, 47, 28, 81, 15, 49]],

[ 57, 65, 0,[ 70, 95, 36]],

[ 2, 65, 0,[ 71, 83, 38]],

[ 76, 65, 0,[ 9, 86, 16, 74]],

[ 91, 65, 0,[ 90, 75, 6]],

[ 31, 65, 0,[ 45, 82, 75]],

[ 44, 65, 0,[ 33, 22, 65]],

[ 83, 65, 0,[ 46, 48, 21, 2]],

[ 47, 65, 0,[ 67, 63, 40, 12, 94]],

[ 67, 65, 0,[ 51, 45, 47]],

[ 37, 65, 0,[ 17, 4, 45, 27]],

[ 4, 65, 0,[ 37, 56, 24]],

[ 85, 65, 0,[ 51, 3, 0, 82]],

[ 86, 95, 1,[ 76, 89, 75]],

[ 45, 15, 1,[ 58, 31, 61, 67, 37]],

[ 11, 65, 0,[ 43, 51, 65, 1]],

[ 40, 65, 0,[ 69, 47, 63]],

[ 87, 65, 0,[ 97, 43, 34, 78, 36]],

[ 97, 65, 0,[ 3, 30, 33, 87]],

[ 14, 65, 0,[ 20, 81, 17, 64, 53]],

[ 95, 65, 0,[ 96, 57]],

[ 17, 65, 0,[ 73, 37, 14]],

[ 82, 65, 0,[ 90, 85, 59, 31, 66]],

[ 48, 65, 0,[ 83, 98, 13]],

[ 69, 85, 1,[ 40, 93]],

[ 65, 65, 0,[ 44, 35, 11]],

[ 7, 65, 1,[ 9, 98, 79]],

[ 34, 65, 0,[ 87, 15, 26]],

[ 56, 65, 0,[ 43, 62, 4, 53]],

[ 81, 65, 0,[ 12, 14, 21]],

[ 46, 65, 0,[ 83, 10, 12]],

[ 74, 65, 0,[ 10, 84, 58, 76]],

[ 93, 65, 1,[ 41, 69, 71]],

[ 59, 65, 0,[ 1, 88, 82]],

[ 70, 65, 0,[ 3, 57]],

[ 66, 65, 0,[ 55, 36, 82]],

[ 39, 65, 0,[ 6, 18, 22, 99]],

[ 88, 65, 0,[ 19, 59]],

[ 25, 65, 0,[ 50, 6, 10]],

[ 32, 65, 0,[ 13, 68, 79]],

[ 18, 65, 0,[ 35, 39, 52, 73, 16]],

[ 90, 65, 0,[ 54, 82, 91]],

[ 89, 65, 0,[ 38, 86, 28]],

[ 20, 65, 0,[ 26, 14, 60]],

[ 38, 65, 0,[ 2, 89, 5, 64]],

[ 80, 65, 0,[ 41, 5, 42]],

[ 50, 65, 0,[ 9, 61, 25]],

[ 77, 65, 0,[ 27, 28, 94, 10]],

[ 63, 65, 0,[ 43, 47, 49, 40]],

[ 8, 65, 0,[ 61, 60, 43]],

[ 28, 75, 1,[ 89, 24, 12, 77]],

[ 52, 65, 0,[ 96, 75, 18]],

[ 71, 65, 0,[ 75, 92, 93, 2]],

[ 53, 25, 1,[ 56, 29, 14]],

[ 0, 65, 0,[ 55, 96, 85]],

[ 3, 65, 1,[ 97, 70, 85, 33]],

[ 68, 65, 0,[ 23, 29, 79, 32]],

[ 33, 65, 0,[ 97, 44, 3]],

[ 49, 65, 0,[ 12, 19, 63]],

[ 21, 65, 0,[ 81, 24, 83, 29]],

[ 79, 65, 0,[ 42, 7, 32, 68]],

[ 78, 65, 0,[ 62, 87]],

