[ 90, 75, 0,[ 7, 11, 40]],

[ 10, 75, 0,[ 87, 85, 47, 93]],

[ 81, 75, 0,[ 79, 33, 52]],

[ 31, 75, 0,[ 45, 27, 69, 79, 86]],

[ 74, 75, 0,[ 9, 58, 93]],

[ 20, 75, 0,[ 92, 12, 13, 65, 73, 34]],

[ 50, 75, 0,[ 72, 58, 71]],

[ 80, 75, 0,[ 54, 97, 68, 45]],

[ 88, 75, 0,[ 7, 76, 72]],

[ 75, 75, 0,[ 22, 64, 44, 60]],

[ 76, 75, 0,[ 99, 29, 12, 88]],

[ 44, 75, 0,[ 75, 0, 15]],

[ 60, 75, 0,[ 75, 41, 27]],

[ 16, 75, 0,[ 7, 41, 95]],

[ 6, 75, 0,[ 25, 85, 82]],

[ 30, 75, 0,[ 48, 65, 87]],

[ 11, 75, 0,[ 32, 34, 90, 95, 96, 29]],

[ 54, 75, 0,[ 62, 80, 89, 97]],

[ 66, 75, 0,[ 69, 49, 9]],

[ 14, 75, 0,[ 18, 94, 84, 62]],

[ 98, 85, 1,[ 47, 93, 28]],

[ 72, 75, 0,[ 50, 36, 38, 88, 40]],

[ 23, 75, 0,[ 8, 59, 97]],

[ 19, 75, 0,[ 69, 13, 63, 61]],

[ 62, 75, 0,[ 54, 47, 14]],

[ 93, 35, 1,[ 74, 22, 98, 10]],

[ 5, 75, 0,[ 57, 7, 56]],

[ 77, 75, 0,[ 48, 18, 4]],

[ 73, 75, 0,[ 18, 71, 20]],

[ 41, 75, 0,[ 46, 17, 16, 60]],

[ 68, 75, 0,[ 80, 37, 9]],

[ 57, 75, 0,[ 83, 5, 67]],

[ 12, 75, 0,[ 76, 27, 58, 20]],

[ 0, 55, 1,[ 44, 24, 51]],

[ 59, 75, 0,[ 67, 23]],

[ 34, 75, 0,[ 8, 78, 11, 20, 39]],

[ 83, 75, 0,[ 1, 87, 57, 25, 49]],

[ 48, 75, 0,[ 3, 77, 30]],

[ 4, 75, 0,[ 46, 99, 1, 77, 29]],

[ 38, 75, 0,[ 92, 72, 82]],

[ 13, 75, 0,[ 20, 37, 19]],

[ 29, 75, 0,[ 4, 11, 76]],

[ 95, 75, 0,[ 46, 16, 11]],

[ 43, 75, 0,[ 35, 86, 39]],

[ 89, 75, 0,[ 54, 35, 71]],

[ 99, 75, 0,[ 87, 76, 4]],

[ 58, 75, 0,[ 12, 91, 50, 74]],

[ 33, 75, 0,[ 55, 81, 52, 63, 78]],

[ 63, 75, 0,[ 2, 91, 33, 97, 19]],

[ 92, 75, 0,[ 20, 82, 38]],

[ 8, 75, 0,[ 86, 34, 23]],

[ 35, 75, 0,[ 61, 43, 89]],

[ 47, 75, 0,[ 56, 10, 98, 62]],

[ 79, 75, 0,[ 81, 42, 31, 51]],

[ 36, 75, 0,[ 72, 9, 96]],

[ 85, 75, 0,[ 10, 24, 82, 6]],

[ 21, 75, 0,[ 17, 64, 65, 39]],

[ 67, 75, 0,[ 37, 71, 59, 57, 56]],

[ 96, 75, 0,[ 36, 11]],

[ 69, 75, 1,[ 31, 66, 24, 19, 3]],

[ 91, 75, 0,[ 63, 58, 15]],

[ 61, 75, 0,[ 19, 15, 35, 18]],

[ 37, 75, 0,[ 26, 67, 13, 68]],

[ 78, 75, 0,[ 34, 33, 70]],

[ 70, 75, 0,[ 78, 51, 28]],

[ 18, 75, 0,[ 77, 14, 61, 73]],

[ 84, 75, 0,[ 94, 14, 1]],

[ 51, 75, 0,[ 79, 0, 70]],

[ 15, 75, 0,[ 61, 91, 44]],

[ 53, 65, 1,[ 28, 82, 26]],

[ 39, 75, 0,[ 43, 34, 21]],

[ 46, 75, 0,[ 4, 55, 41, 95]],

[ 25, 75, 0,[ 6, 2, 83]],

[ 26, 75, 0,[ 22, 37, 53]],

[ 64, 75, 0,[ 86, 21, 75]],

[ 49, 75, 0,[ 66, 32, 83, 22]],

[ 27, 75, 0,[ 32, 60, 12, 31]],

[ 94, 75, 0,[ 42, 14, 84]],

[ 71, 75, 0,[ 73, 89, 50, 67]],

[ 32, 75, 0,[ 27, 11, 49]],

[ 56, 75, 0,[ 5, 47, 67]],

[ 9, 75, 0,[ 74, 68, 36, 66]],

[ 1, 75, 0,[ 84, 4, 83]],

[ 3, 45, 1,[ 69, 48, 2]],

[ 40, 75, 0,[ 72, 90, 7]],

[ 82, 75, 0,[ 53, 92, 85, 6, 38]],

[ 22, 75, 0,[ 93, 26, 75, 49]],

[ 2, 75, 0,[ 63, 3, 25]],

[ 52, 75, 0,[ 33, 86, 81]],

[ 28, 75, 1,[ 70, 24, 98, 53]],

[ 24, 75, 0,[ 85, 69, 28, 0]],

[ 42, 75, 0,[ 94, 79, 55]],

[ 87, 75, 0,[ 10, 30, 99, 83]],

[ 45, 75, 1,[ 31, 80]],

[ 55, 75, 0,[ 46, 42, 33]],

[ 86, 55, 1,[ 8, 52, 17, 31, 64, 43]],

[ 97, 75, 0,[ 63, 23, 80, 54]],

[ 7, 25, 1,[ 16, 40, 5, 88, 90]],

[ 17, 75, 0,[ 21, 86, 41]],

[ 65, 75, 0,[ 20, 21, 30]],

