[ 4, 45, 1,[ 83, 71, 76, 39]],

[ 42, 35, 0,[ 9, 94, 14]],

[ 63, 75, 1,[ 19, 37, 77]],

[ 29, 35, 0,[ 9, 50, 66]],

[ 57, 5, 1,[ 24, 87, 58]],

[ 97, 45, 0,[ 49, 3, 13]],

[ 56, 5, 0,[ 61, 34, 88, 69]],

[ 22, 55, 0,[ 18, 45, 51]],

[ 94, 35, 0,[ 42, 98, 55]],

[ 27, 85, 1,[ 79, 37, 73, 6]],

[ 1, 55, 1,[ 53, 6, 74, 91]],

[ 0, 55, 1,[ 83, 20, 68]],

[ 39, 5, 0,[ 4, 80, 17]],

[ 19, 85, 0,[ 63, 98, 25]],

[ 70, 25, 1,[ 37, 66, 16, 43, 31, 2]],

[ 45, 55, 1,[ 59, 40, 10, 22]],

[ 41, 5, 1,[ 52, 99, 68, 64]],

[ 44, 35, 0,[ 91, 21, 7, 90]],

[ 12, 65, 1,[ 36, 20, 85]],

[ 68, 55, 0,[ 41, 96, 59, 0, 7]],

[ 87, 5, 0,[ 28, 26, 57, 67]],

[ 85, 5, 0,[ 86, 15, 12, 32]],

[ 3, 45, 1,[ 17, 97, 88, 83]],

[ 48, 5, 0,[ 58, 38, 60, 96, 30, 92]],

[ 89, 75, 0,[ 33, 74, 73]],

[ 64, 45, 1,[ 18, 41, 90]],

[ 14, 5, 1,[ 51, 42, 76]],

[ 10, 5, 0,[ 45, 84, 81, 46, 32]],

[ 93, 45, 1,[ 65, 60, 9]],

[ 36, 35, 1,[ 82, 12]],

[ 53, 75, 1,[ 1, 15, 71]],

[ 18, 95, 1,[ 95, 64, 40, 22, 24]],

[ 82, 35, 0,[ 2, 36]],

[ 52, 5, 0,[ 77, 95, 58, 41]],

[ 90, 35, 1,[ 64, 44, 35, 33, 50]],

[ 86, 75, 1,[ 85, 83, 72]],

[ 71, 75, 1,[ 5, 4, 53]],

[ 61, 5, 0,[ 49, 56, 99]],

[ 13, 45, 0,[ 55, 91, 97]],

[ 96, 35, 0,[ 68, 48, 83, 79]],

[ 51, 5, 1,[ 22, 17, 14]],

[ 5, 25, 1,[ 71, 28, 54, 99]],

[ 73, 45, 1,[ 92, 30, 34, 89, 27]],

[ 11, 5, 1,[ 43, 26, 55, 62, 32]],

[ 65, 45, 1,[ 93, 92, 30]],

[ 75, 85, 0,[ 15, 25, 47]],

[ 79, 75, 0,[ 33, 27, 96]],

[ 25, 85, 1,[ 19, 98, 75]],

[ 81, 35, 0,[ 10, 92, 23]],

[ 55, 35, 1,[ 13, 11, 69, 94]],

[ 23, 35, 0,[ 78, 83, 81]],

[ 30, 45, 1,[ 65, 48, 73]],

[ 32, 5, 0,[ 11, 10, 85]],

[ 84, 5, 0,[ 10, 88, 60, 50]],

[ 67, 45, 1,[ 20, 87, 95]],

[ 88, 5, 0,[ 56, 3, 84]],

[ 95, 5, 0,[ 18, 52, 67]],

[ 16, 25, 0,[ 46, 98, 70]],

[ 50, 35, 1,[ 90, 84, 35, 29]],

[ 46, 5, 0,[ 16, 38, 10, 6]],

[ 62, 85, 1,[ 8, 11, 17]],

[ 92, 45, 0,[ 65, 48, 73, 81]],

[ 28, 15, 1,[ 87, 78, 5]],

[ 24, 95, 0,[ 18, 57, 78]],

[ 72, 35, 0,[ 43, 86, 83]],

[ 37, 25, 0,[ 70, 27, 47, 77, 63]],

[ 33, 75, 0,[ 89, 90, 79]],

[ 40, 95, 0,[ 18, 8, 47, 45]],

[ 15, 5, 1,[ 75, 53, 85]],

[ 69, 55, 1,[ 55, 56, 31]],

[ 80, 5, 0,[ 49, 39, 98, 59]],

[ 9, 35, 1,[ 42, 29, 93, 83]],

[ 74, 75, 0,[ 89, 1, 7]],

[ 66, 25, 0,[ 21, 29, 70, 2]],

[ 34, 35, 1,[ 54, 8, 56, 73]],

[ 49, 5, 1,[ 97, 17, 26, 80, 61]],

[ 60, 5, 1,[ 93, 84, 48]],

[ 6, 55, 0,[ 46, 54, 1, 27]],

[ 47, 65, 1,[ 37, 40, 75]],

[ 7, 75, 0,[ 44, 68, 74]],

[ 98, 5, 1,[ 16, 25, 19, 80, 94]],

[ 20, 45, 0,[ 38, 12, 0, 67]],

[ 35, 35, 0,[ 50, 90, 58]],

[ 78, 25, 1,[ 21, 23, 24, 28]],

[ 26, 5, 0,[ 87, 49, 11]],

[ 76, 5, 0,[ 99, 4, 14]],

[ 21, 35, 1,[ 44, 66, 78]],

[ 8, 85, 0,[ 62, 34, 40]],

[ 83, 35, 1,[ 23, 0, 96, 4, 9, 86, 72, 3]],

[ 17, 5, 0,[ 49, 62, 39, 3, 51]],

[ 91, 75, 1,[ 13, 1, 44]],

[ 31, 25, 0,[ 2, 70, 69]],

[ 43, 55, 1,[ 11, 70, 72]],

[ 2, 75, 1,[ 66, 82, 70, 31]],

[ 38, 5, 1,[ 48, 46, 20]],

[ 59, 55, 0,[ 45, 68, 80]],

[ 54, 85, 1,[ 34, 5, 6, 58]],

[ 99, 5, 0,[ 5, 76, 41, 61]],

[ 58, 55, 1,[ 57, 52, 48, 35, 54]],

[ 77, 65, 1,[ 63, 37, 52]],

