[ 21, 55, 0,[ 30, 73, 12]],

[ 31, 55, 1,[ 47, 3, 35, 52]],

[ 43, 65, 0,[ 61, 28, 47]],

[ 3, 55, 0,[ 31, 76, 7, 93]],

[ 86, 75, 0,[ 60, 78, 53, 51]],

[ 41, 65, 0,[ 51, 32, 83, 24]],

[ 54, 15, 0,[ 10, 66, 23]],

[ 62, 45, 1,[ 76, 44, 8]],

[ 33, 65, 1,[ 67, 88, 65]],

[ 58, 65, 0,[ 24, 99, 10]],

[ 57, 75, 0,[ 17, 40, 24]],

[ 70, 35, 0,[ 19, 23, 80]],

[ 96, 75, 1,[ 73, 60, 18, 67]],

[ 37, 55, 1,[ 17, 18, 81]],

[ 89, 75, 1,[ 82, 36, 46]],

[ 35, 15, 1,[ 31, 90, 14]],

[ 76, 25, 1,[ 22, 1, 0, 62, 3]],

[ 52, 45, 1,[ 31, 34, 39, 95, 72]],

[ 0, 25, 0,[ 76, 18, 47]],

[ 7, 55, 0,[ 25, 30, 3]],

[ 19, 85, 1,[ 73, 27, 81, 45, 70]],

[ 92, 15, 1,[ 56, 68, 17]],

[ 49, 65, 0,[ 25, 75, 65]],

[ 15, 75, 0,[ 79, 61, 81, 36]],

[ 32, 85, 1,[ 41, 39, 71]],

[ 71, 45, 1,[ 30, 22, 32]],

[ 73, 55, 0,[ 59, 21, 19, 96]],

[ 23, 95, 1,[ 70, 54, 94, 29, 24]],

[ 30, 55, 0,[ 21, 91, 83, 71, 7]],

[ 10, 35, 1,[ 84, 22, 54, 58]],

[ 48, 95, 1,[ 20, 9, 98]],

[ 56, 85, 1,[ 78, 92, 84, 22]],

[ 95, 5, 0,[ 75, 81, 52]],

[ 68, 95, 1,[ 97, 85, 87, 92]],

[ 79, 65, 1,[ 4, 15, 25]],

[ 39, 85, 0,[ 52, 74, 1, 32, 87]],

[ 80, 35, 1,[ 29, 70, 9]],

[ 55, 55, 0,[ 91, 2, 81]],

[ 8, 45, 1,[ 5, 66, 62, 83]],

[ 78, 5, 1,[ 56, 93, 86, 65]],

[ 16, 55, 0,[ 42, 40, 6]],

[ 5, 75, 0,[ 38, 8, 26]],

[ 24, 65, 1,[ 58, 41, 57, 23, 74, 28]],

[ 97, 25, 1,[ 18, 68, 29]],

[ 4, 65, 0,[ 77, 67, 79]],

[ 99, 45, 1,[ 58, 51, 36, 12, 2, 98]],

[ 2, 5, 0,[ 55, 99, 11]],

[ 17, 75, 1,[ 92, 59, 37, 57]],

[ 59, 55, 1,[ 17, 73, 22]],

[ 29, 75, 1,[ 80, 23, 90, 97]],

[ 40, 75, 1,[ 1, 57, 74, 16]],

[ 22, 25, 1,[ 59, 10, 56, 71, 76]],

[ 14, 75, 0,[ 64, 35]],

[ 46, 5, 1,[ 50, 67, 89]],

[ 64, 75, 0,[ 88, 63, 14, 60]],

[ 66, 15, 1,[ 54, 60, 8]],

[ 87, 85, 1,[ 63, 39, 68]],

[ 93, 85, 0,[ 3, 78, 27]],

[ 74, 5, 1,[ 11, 40, 24, 39]],

[ 11, 5, 0,[ 74, 6, 34, 2, 20]],

[ 72, 15, 1,[ 88, 9, 52]],

[ 18, 25, 0,[ 37, 96, 97, 0]],

[ 12, 85, 0,[ 99, 21, 69]],

[ 28, 65, 0,[ 69, 43, 24]],

[ 9, 95, 0,[ 48, 72, 80]],

[ 13, 35, 1,[ 26, 61, 98]],

[ 26, 25, 1,[ 5, 53, 13]],

[ 27, 85, 0,[ 45, 19, 82, 93]],

[ 67, 65, 0,[ 96, 4, 33, 46]],

[ 61, 75, 1,[ 15, 13, 43]],

[ 50, 5, 0,[ 6, 46, 77, 90]],

[ 65, 65, 0,[ 49, 33, 78]],

[ 75, 35, 1,[ 95, 83, 77, 49]],

[ 63, 75, 0,[ 20, 64, 87]],

[ 90, 45, 1,[ 85, 35, 29, 50]],

[ 98, 95, 0,[ 48, 13, 99]],

[ 85, 15, 1,[ 34, 68, 90, 82]],

[ 60, 75, 0,[ 96, 38, 86, 66, 64]],

[ 36, 75, 0,[ 99, 89, 15, 38, 53]],

[ 88, 35, 1,[ 72, 44, 33, 64]],

[ 84, 55, 1,[ 56, 10, 42]],

[ 1, 25, 0,[ 76, 39, 40]],

[ 25, 65, 0,[ 79, 49, 7]],

[ 45, 85, 0,[ 69, 19, 27]],

[ 91, 55, 0,[ 30, 42, 55]],

[ 44, 5, 1,[ 62, 20, 94, 88]],

[ 6, 5, 1,[ 11, 50, 16]],

[ 69, 85, 0,[ 12, 45, 28]],

[ 20, 65, 1,[ 44, 48, 63, 11]],

[ 53, 75, 0,[ 36, 26, 86]],

[ 34, 15, 0,[ 52, 11, 85]],

[ 83, 45, 0,[ 75, 8, 41, 30]],

[ 42, 55, 1,[ 84, 16, 91]],

[ 82, 55, 1,[ 85, 27, 89]],

[ 38, 75, 0,[ 5, 60, 36]],

[ 94, 15, 1,[ 23, 44]],

[ 81, 5, 1,[ 55, 19, 37, 95, 15]],

[ 51, 75, 0,[ 86, 41, 99]],

[ 47, 25, 0,[ 31, 0, 43]],

[ 77, 5, 0,[ 4, 50, 75]],

[ 14, 15, 0,[ 84, 5, 9]],

[ 65, 15, 0,[ 86, 26, 2, 61]],

[ 34, 15, 0,[ 40, 53, 17]],

[ 71, 15, 0,[ 89, 47, 53, 43]],

[ 87, 15, 0,[ 2, 78, 46]],

[ 61, 25, 1,[ 65, 48, 55]],

[ 53, 15, 0,[ 34, 71, 31, 1]],

[ 95, 15, 0,[ 21, 28, 80, 67, 92]],

[ 57, 15, 0,[ 27, 93, 69, 73]],

[ 97, 15, 0,[ 18, 98, 94]],

[ 24, 75, 1,[ 46, 19, 39]],

[ 62, 15, 0,[ 21, 4, 59, 40]],

[ 29, 15, 0,[ 58, 75, 59]],

[ 37, 95, 1,[ 80, 54, 58]],

[ 31, 15, 1,[ 53, 13, 27]],

[ 5, 15, 0,[ 79, 38, 14, 68]],

[ 11, 15, 0,[ 6, 40, 22, 23]],

[ 89, 25, 1,[ 15, 4, 71]],

[ 50, 15, 0,[ 91, 47, 54]],

[ 9, 15, 0,[ 63, 14, 47, 77]],

[ 98, 15, 0,[ 55, 12, 97, 25]],

[ 55, 15, 0,[ 61, 90, 98, 10]],

[ 38, 15, 0,[ 5, 32, 2]],

[ 2, 15, 0,[ 65, 36, 38, 87]],

[ 23, 15, 0,[ 8, 19, 11, 82]],

[ 93, 15, 0,[ 49, 44, 57, 20, 30]],

[ 84, 15, 0,[ 14, 21, 45]],

[ 13, 15, 0,[ 31, 54, 82]],

[ 48, 15, 0,[ 32, 61, 20]],

[ 60, 15, 0,[ 67, 74, 3]],

[ 15, 15, 0,[ 89, 49, 88]],

[ 25, 15, 0,[ 98, 72, 43, 46]],

[ 20, 15, 0,[ 93, 26, 48]],

[ 18, 15, 0,[ 97, 0, 33, 41]],

[ 16, 15, 0,[ 17, 47, 66]],

[ 12, 15, 0,[ 33, 8, 44, 7, 85, 98]],

[ 21, 15, 0,[ 62, 84, 95]],

[ 80, 95, 1,[ 37, 81, 95]],

[ 91, 15, 0,[ 56, 50, 30, 64]],

[ 92, 15, 0,[ 74, 86, 95]],

[ 42, 15, 0,[ 76, 30]],

[ 6, 15, 0,[ 85, 11, 86]],

[ 72, 15, 0,[ 99, 25, 83]],

[ 96, 25, 1,[ 41, 90, 63]],

[ 46, 15, 0,[ 25, 87, 24, 10]],

[ 79, 15, 0,[ 85, 56, 5]],

[ 32, 15, 0,[ 68, 38, 48, 70]],

[ 94, 15, 0,[ 59, 83, 97]],

[ 27, 15, 0,[ 70, 57, 31]],

[ 88, 15, 0,[ 90, 15, 43]],

[ 66, 15, 0,[ 41, 86, 16]],

[ 64, 15, 0,[ 26, 91]],

[ 73, 15, 0,[ 45, 4, 51, 57, 26]],

[ 75, 15, 0,[ 70, 29, 45]],

[ 69, 15, 0,[ 57, 52, 40]],

[ 35, 85, 1,[ 83, 0, 59]],

[ 70, 15, 0,[ 75, 27, 99, 32, 41]],

[ 54, 15, 0,[ 50, 28, 13, 37]],

[ 22, 15, 0,[ 82, 11, 8]],

[ 41, 15, 0,[ 66, 70, 18, 96]],

[ 1, 15, 0,[ 0, 67, 56, 53]],

[ 76, 15, 0,[ 42, 81, 28]],

[ 74, 15, 0,[ 92, 30, 60]],

[ 90, 15, 0,[ 96, 88, 55]],

[ 82, 15, 0,[ 23, 13, 22]],

[ 59, 15, 0,[ 94, 62, 35, 29]],

[ 33, 15, 0,[ 18, 12, 58]],

[ 26, 15, 0,[ 65, 64, 73, 51, 20]],

[ 4, 15, 0,[ 62, 73, 81, 89]],

[ 8, 45, 1,[ 23, 12, 22]],

[ 77, 15, 0,[ 9, 78, 17]],

[ 19, 15, 0,[ 23, 24, 10]],

[ 78, 15, 0,[ 77, 45, 87]],

[ 45, 15, 0,[ 78, 84, 73, 75]],

[ 30, 15, 0,[ 74, 91, 93, 42]],

[ 36, 15, 0,[ 2, 51, 39]],

[ 86, 15, 0,[ 66, 99, 6, 92, 65]],

[ 43, 15, 0,[ 88, 25, 71]],

[ 40, 15, 0,[ 11, 69, 62, 34]],

[ 52, 85, 1,[ 67, 85, 63, 69]],

[ 39, 15, 0,[ 36, 24, 17]],

[ 28, 15, 0,[ 54, 95, 76]],

[ 17, 15, 0,[ 77, 39, 16, 34]],

[ 3, 15, 0,[ 60, 0, 81]],

[ 85, 15, 0,[ 6, 79, 0, 52, 12]],

[ 63, 15, 0,[ 52, 9, 96]],

[ 81, 15, 0,[ 76, 80, 4, 3]],

[ 0, 15, 0,[ 3, 35, 85, 1, 18]],

[ 99, 15, 0,[ 86, 72, 58, 70, 44]],

[ 51, 15, 0,[ 73, 36, 26]],

[ 10, 15, 0,[ 46, 19, 55]],

[ 47, 15, 0,[ 16, 71, 50, 9]],

[ 49, 15, 0,[ 15, 93, 83]],

[ 83, 15, 0,[ 35, 72, 49, 94]],

[ 68, 15, 0,[ 32, 5, 7]],

[ 7, 15, 0,[ 68, 12]],

[ 44, 15, 0,[ 99, 93, 12]],

[ 67, 15, 0,[ 52, 1, 60, 95]],

[ 56, 15, 0,[ 91, 1, 79]],

[ 58, 15, 0,[ 99, 29, 37, 33]],

