[ 72, 5, 0,[ 84, 74, 23, 49, 2, 13]],

[ 71, 5, 0,[ 81, 45, 18, 63]],

[ 87, 5, 0,[ 86, 82, 94, 89]],

[ 32, 5, 0,[ 68, 37, 31]],

[ 92, 5, 0,[ 83, 60, 95]],

[ 78, 5, 0,[ 20, 79, 76, 86]],

[ 42, 5, 0,[ 24, 81, 37, 93]],

[ 48, 5, 0,[ 47, 68, 46, 14]],

[ 30, 5, 0,[ 62, 11, 99]],

[ 58, 5, 0,[ 85]],

[ 90, 5, 0,[ 31, 89, 8]],

[ 63, 5, 0,[ 95, 71]],

[ 53, 5, 1,[ 55, 79, 3]],

[ 98, 5, 1,[ 9, 97, 79]],

[ 50, 5, 0,[ 52, 40, 49]],

[ 73, 5, 0,[ 75, 80, 74]],

[ 12, 5, 0,[ 36, 11, 8]],

[ 27, 5, 0,[ 29, 41, 9]],

[ 29, 5, 0,[ 27, 54, 5]],

[ 37, 5, 0,[ 32, 39, 82, 38, 42]],

[ 55, 5, 0,[ 41, 53, 54]],

[ 60, 5, 0,[ 92, 59, 61]],

[ 7, 5, 1,[ 26, 65, 19]],

[ 24, 5, 0,[ 79, 42, 88, 23]],

[ 96, 5, 0,[ 4, 83, 76]],

[ 44, 5, 0,[ 51, 43, 45, 46]],

[ 10, 5, 0,[ 52, 11, 13]],

[ 22, 5, 0,[ 93, 20, 62, 67, 47]],

[ 57, 5, 0,[ 59, 36, 89]],

[ 81, 5, 0,[ 42, 71, 18, 15, 33, 36, 49]],

[ 4, 5, 0,[ 96, 65, 67, 83]],

[ 35, 5, 0,[ 46, 64, 1, 34]],

[ 74, 5, 0,[ 76, 73, 72, 75]],

[ 88, 5, 0,[ 24, 89, 61]],

[ 23, 5, 0,[ 25, 72, 24]],

[ 16, 5, 0,[ 17, 51, 14, 15]],

[ 75, 5, 0,[ 74, 80, 73]],

[ 61, 5, 0,[ 84, 88, 5, 60, 26]],

[ 39, 5, 0,[ 86, 37, 41]],

[ 41, 5, 0,[ 39, 68, 27, 55]],

[ 5, 5, 0,[ 6, 61, 29]],

[ 2, 5, 0,[ 66, 72, 51, 0]],

[ 82, 5, 0,[ 87, 52, 83, 84, 37]],

[ 54, 5, 0,[ 29, 20, 55, 56]],

[ 3, 65, 1,[ 77, 53, 45]],

[ 1, 5, 0,[ 70, 35, 14, 0]],

[ 64, 5, 0,[ 95, 25, 35]],

[ 56, 5, 0,[ 15, 54, 43]],

[ 65, 5, 0,[ 66, 7, 4]],

[ 52, 5, 0,[ 31, 10, 82, 50]],

[ 67, 5, 0,[ 9, 33, 97, 22, 4]],

[ 89, 5, 0,[ 47, 90, 57, 87, 88]],

[ 77, 5, 0,[ 76, 91, 69, 3]],

[ 6, 5, 0,[ 95, 69, 5, 99, 8]],

[ 20, 5, 0,[ 22, 54, 18, 78, 59, 21]],

[ 86, 5, 1,[ 39, 78, 91, 87]],

[ 93, 5, 1,[ 22, 42, 62]],

[ 28, 95, 1,[ 68, 43, 36, 62]],

[ 84, 5, 0,[ 85, 26, 40, 61, 72, 82]],

[ 97, 5, 0,[ 94, 98, 67, 99]],

[ 79, 5, 0,[ 98, 24, 78, 80, 53]],

[ 46, 5, 0,[ 35, 40, 44, 48]],

[ 47, 5, 1,[ 66, 48, 89, 22]],

[ 70, 5, 0,[ 69, 1, 99]],

[ 99, 5, 0,[ 30, 6, 97, 85, 70]],

[ 51, 5, 0,[ 16, 44, 2]],

[ 25, 5, 0,[ 23, 34, 64]],

[ 9, 5, 0,[ 98, 27, 8, 67]],

[ 34, 5, 0,[ 33, 25, 35]],

[ 38, 5, 0,[ 76, 37, 36]],

[ 21, 5, 0,[ 80, 19, 20]],

[ 45, 75, 1,[ 3, 44, 71]],

[ 95, 5, 0,[ 64, 63, 6, 92]],

[ 85, 5, 0,[ 84, 58, 99, 83]],

[ 49, 5, 0,[ 50, 72, 81]],

[ 0, 5, 0,[ 66, 1, 2]],

[ 8, 5, 0,[ 9, 12, 6, 90]],

[ 31, 5, 0,[ 52, 32, 90]],

[ 33, 5, 0,[ 34, 67, 81]],

[ 83, 5, 0,[ 4, 85, 92, 82, 96]],

[ 80, 5, 0,[ 75, 79, 21, 73]],

[ 76, 5, 0,[ 74, 77, 13, 96, 78, 38]],

[ 43, 5, 0,[ 56, 44, 28, 40]],

[ 69, 5, 1,[ 70, 77, 6]],

[ 15, 5, 0,[ 81, 16, 56]],

[ 36, 5, 0,[ 81, 38, 57, 28, 12, 17]],

[ 40, 5, 0,[ 46, 84, 50, 43]],

[ 91, 5, 0,[ 86, 17, 77, 94]],

[ 68, 5, 0,[ 48, 28, 32, 41]],

[ 14, 5, 0,[ 1, 48, 16]],

[ 19, 5, 0,[ 21, 7, 62]],

[ 18, 5, 0,[ 81, 71, 20]],

[ 11, 5, 0,[ 12, 10, 30]],

[ 62, 5, 0,[ 22, 28, 30, 93, 19]],

[ 17, 5, 0,[ 16, 36, 91]],

[ 13, 5, 0,[ 10, 76, 72]],

[ 66, 5, 0,[ 2, 0, 47, 65]],

[ 26, 5, 0,[ 84, 7, 61]],

[ 59, 5, 0,[ 20, 60, 57]],

[ 94, 5, 0,[ 91, 87, 97]],

