[ 8, 5, 0,[ 7, 55, 11, 5]],

[ 24, 85, 0,[ 83, 91, 57, 32]],

[ 53, 65, 1,[ 68, 81, 96]],

[ 28, 55, 1,[ 60, 1, 11, 58]],

[ 9, 65, 1,[ 78, 34, 40, 16, 58]],

[ 19, 95, 0,[ 37, 4, 76]],

[ 57, 85, 1,[ 24, 54, 42, 2]],

[ 80, 5, 0,[ 29, 87, 41]],

[ 0, 95, 1,[ 26, 90, 82]],

[ 42, 95, 0,[ 68, 96, 57, 85]],

[ 85, 95, 0,[ 69, 42, 6, 54]],

[ 66, 75, 0,[ 84, 4, 11, 94]],

[ 70, 85, 1,[ 49, 37, 86]],

[ 78, 45, 1,[ 33, 9, 93, 60]],

[ 96, 95, 0,[ 23, 42, 92, 44, 77, 53]],

[ 84, 75, 0,[ 33, 48, 95, 66]],

[ 21, 85, 1,[ 10, 34, 16, 18, 38]],

[ 68, 65, 0,[ 18, 42, 53]],

[ 91, 85, 1,[ 45, 24, 46, 83]],

[ 60, 75, 1,[ 73, 28, 78, 56, 27]],

[ 2, 35, 1,[ 50, 36, 57]],

[ 46, 35, 0,[ 91, 75, 79, 12]],

[ 41, 5, 1,[ 80, 99, 81]],

[ 5, 35, 1,[ 8, 97]],

[ 7, 5, 1,[ 20, 25, 8]],

[ 40, 35, 0,[ 27, 9, 75]],

[ 13, 75, 0,[ 52, 3, 33]],

[ 6, 5, 0,[ 97, 69, 85]],

[ 93, 85, 1,[ 94, 48, 78]],

[ 58, 35, 1,[ 88, 9, 28]],

[ 33, 75, 0,[ 84, 78, 13]],

[ 69, 5, 1,[ 23, 85, 6]],

[ 31, 95, 0,[ 35, 22, 14, 76]],

[ 43, 95, 1,[ 15, 20, 99]],

[ 27, 35, 1,[ 40, 98, 60]],

[ 62, 85, 0,[ 47, 48, 81, 29]],

[ 39, 95, 0,[ 95, 26, 72]],

[ 35, 95, 0,[ 59, 31, 73]],

[ 92, 95, 0,[ 96, 30, 54]],

[ 30, 65, 1,[ 14, 88, 92]],

[ 77, 95, 1,[ 14, 86, 96]],

[ 61, 95, 0,[ 67, 90]],

[ 11, 75, 1,[ 8, 73, 79, 66, 28]],

[ 81, 5, 0,[ 41, 62, 53]],

[ 15, 35, 1,[ 72, 43, 55]],

[ 67, 95, 1,[ 61, 45, 29]],

[ 74, 95, 1,[ 22, 37, 98, 12]],

[ 87, 35, 0,[ 80, 12, 88]],

[ 86, 85, 1,[ 70, 77, 82]],

[ 3, 15, 1,[ 13, 47, 32]],

[ 16, 35, 0,[ 88, 63, 21, 9]],

[ 44, 95, 0,[ 96, 50, 73]],

[ 54, 95, 1,[ 29, 85, 92, 57]],

[ 37, 95, 0,[ 74, 63, 70, 19]],

[ 29, 85, 1,[ 54, 80, 67, 88, 62]],

[ 20, 65, 0,[ 55, 7, 43]],

[ 36, 15, 1,[ 76, 82, 2]],

[ 65, 85, 1,[ 98, 94, 12]],

[ 4, 65, 1,[ 66, 73, 25, 19]],

[ 56, 75, 0,[ 10, 64, 22, 60]],

[ 50, 55, 1,[ 64, 71, 2, 44, 17]],

[ 17, 55, 0,[ 50, 90]],

[ 51, 75, 0,[ 83, 45, 71]],

[ 10, 75, 0,[ 79, 18, 21, 89, 56]],

[ 55, 65, 1,[ 20, 8, 97, 15]],

[ 63, 35, 1,[ 37, 25, 16, 89]],

[ 14, 95, 0,[ 77, 34, 30, 31]],

[ 38, 75, 1,[ 72, 21]],

[ 23, 15, 0,[ 69, 96, 12]],

[ 59, 95, 0,[ 52, 26, 35]],

[ 49, 35, 1,[ 70, 89, 75, 99]],

[ 95, 25, 1,[ 39, 84, 82]],

[ 45, 75, 1,[ 52, 67, 51, 91]],

[ 98, 85, 1,[ 74, 27, 65]],

[ 12, 15, 1,[ 74, 23, 99, 87, 65, 46]],

[ 79, 75, 0,[ 10, 46, 11]],

[ 88, 35, 0,[ 87, 30, 16, 29, 58]],

[ 52, 75, 0,[ 45, 59, 13]],

[ 32, 15, 0,[ 3, 24]],

[ 64, 35, 1,[ 50, 1, 56]],

[ 76, 95, 0,[ 19, 36, 31]],

[ 48, 25, 0,[ 62, 93, 84, 1]],

[ 18, 45, 1,[ 21, 10, 68]],

[ 26, 95, 0,[ 59, 0, 47, 39]],

[ 22, 95, 0,[ 31, 56, 74]],

[ 97, 5, 0,[ 6, 5, 55]],

[ 1, 25, 1,[ 64, 28, 48]],

[ 75, 35, 0,[ 40, 49, 46]],

[ 99, 5, 0,[ 71, 12, 41, 49, 43]],

[ 89, 35, 0,[ 63, 49, 10]],

[ 83, 45, 1,[ 91, 51, 24]],

[ 90, 95, 0,[ 0, 17, 61]],

[ 82, 25, 0,[ 36, 95, 0, 86]],

[ 94, 85, 0,[ 93, 66, 65]],

[ 73, 15, 1,[ 60, 44, 11, 35, 4]],

[ 72, 75, 0,[ 15, 39, 38]],

[ 47, 45, 1,[ 3, 26, 62]],

[ 25, 85, 1,[ 7, 63, 4]],

[ 71, 25, 1,[ 51, 99, 50]],

[ 34, 65, 1,[ 14, 21, 9]],

[ 90, 5, 0,[ 33, 91, 92]],

[ 37, 5, 1,[ 84, 68, 44, 83]],

[ 56, 5, 0,[ 93, 10, 6]],

[ 72, 5, 0,[ 46, 30, 84, 5, 11]],

[ 87, 5, 0,[ 55, 7, 19]],

[ 3, 5, 0,[ 44, 69, 77]],

[ 68, 5, 0,[ 37, 84]],

[ 1, 5, 0,[ 9, 58, 60]],

[ 88, 5, 0,[ 4, 6, 67]],

[ 80, 5, 0,[ 52, 26, 27]],

[ 54, 5, 0,[ 17, 64, 16]],

[ 77, 5, 0,[ 85, 62, 3]],

[ 85, 5, 0,[ 10, 45, 77]],

[ 43, 5, 0,[ 76, 12, 57]],

[ 14, 5, 0,[ 21, 84, 70]],

[ 62, 5, 0,[ 0, 74, 77]],

[ 45, 5, 0,[ 41, 85, 12]],

[ 21, 5, 0,[ 14, 32]],

[ 82, 5, 0,[ 20, 18, 52]],

[ 58, 5, 0,[ 1, 13, 31]],

[ 9, 5, 0,[ 65, 36, 1]],

[ 53, 5, 0,[ 79, 49, 22]],

[ 22, 5, 0,[ 69, 67, 53, 2, 57, 89]],

[ 48, 5, 0,[ 18, 89]],

[ 63, 5, 0,[ 29, 74, 99]],

[ 89, 5, 1,[ 47, 29, 22, 48]],

[ 41, 5, 0,[ 95, 45]],

[ 84, 5, 0,[ 59, 68, 14, 37, 72]],

[ 40, 5, 0,[ 52, 6, 95, 83, 92, 36, 93]],

[ 20, 5, 0,[ 82, 83, 86, 12]],

[ 5, 5, 0,[ 72, 29, 74]],

[ 59, 5, 0,[ 35, 84, 69]],

[ 18, 5, 0,[ 75, 48, 82, 25, 96]],

[ 42, 5, 0,[ 4, 49, 17, 23, 24]],

[ 74, 5, 0,[ 17, 62, 5, 67, 63]],

[ 15, 5, 0,[ 61, 28, 19]],

[ 57, 5, 0,[ 22, 43, 96, 66]],

[ 95, 5, 0,[ 40, 41, 25]],

[ 60, 5, 0,[ 8, 38, 1]],

[ 13, 5, 0,[ 2, 58, 32]],

[ 34, 5, 0,[ 64, 23, 38]],

[ 67, 5, 0,[ 22, 88, 74]],

[ 25, 5, 0,[ 66, 18, 95, 16]],

[ 99, 5, 0,[ 63]],

[ 75, 5, 0,[ 4, 18, 39]],

[ 28, 5, 0,[ 15, 51]],

[ 38, 5, 0,[ 65, 60, 34]],

[ 32, 5, 0,[ 13, 21, 39]],

[ 30, 5, 0,[ 36, 72, 61, 7]],

[ 27, 5, 0,[ 80, 86, 36]],

[ 81, 5, 0,[ 97, 78, 65]],

[ 23, 5, 0,[ 34, 50, 42]],

[ 51, 5, 0,[ 28, 7, 6, 11]],

[ 73, 5, 0,[ 36, 98, 19]],

[ 79, 5, 0,[ 35, 53, 0]],

[ 49, 5, 0,[ 42, 24, 53]],

[ 83, 5, 0,[ 37, 40, 20]],

[ 96, 5, 1,[ 57, 18, 47]],

[ 78, 5, 0,[ 81, 31, 17]],

[ 98, 5, 0,[ 73, 70, 8]],

[ 69, 5, 0,[ 22, 59, 3]],

[ 19, 5, 0,[ 73, 44, 15, 87, 46]],

[ 44, 5, 1,[ 3, 19, 37, 47]],

[ 17, 5, 0,[ 93, 46, 74, 78, 42, 54]],

[ 70, 5, 0,[ 98, 61, 14]],

[ 61, 75, 1,[ 70, 15, 30]],

[ 52, 5, 1,[ 80, 82, 97, 40]],

[ 12, 5, 0,[ 43, 20, 45]],

[ 55, 5, 0,[ 87]],

[ 10, 5, 0,[ 56, 33, 85]],

[ 33, 5, 0,[ 90, 10]],

[ 24, 5, 1,[ 42, 66, 49]],

[ 31, 5, 1,[ 78, 58, 97]],

[ 35, 95, 1,[ 79, 59, 71, 29]],

[ 8, 55, 1,[ 60, 98, 71]],

[ 97, 5, 0,[ 52, 31, 81, 65]],

[ 92, 5, 0,[ 50, 90, 40]],

[ 2, 5, 0,[ 22, 13, 91]],

[ 0, 5, 0,[ 79, 4, 62]],

[ 11, 5, 0,[ 94, 51, 72]],

[ 29, 5, 0,[ 63, 89, 35, 5]],

[ 76, 5, 0,[ 94, 64, 43]],

[ 6, 5, 0,[ 71, 56, 51, 88, 40]],

[ 50, 5, 0,[ 26, 23, 92]],

[ 39, 5, 0,[ 75, 32, 86]],

[ 86, 5, 0,[ 94, 20, 27, 39]],

[ 91, 5, 0,[ 16, 90, 2]],

[ 4, 5, 0,[ 75, 0, 42, 88]],

[ 64, 5, 0,[ 54, 76, 34]],

[ 26, 5, 0,[ 50, 93, 80]],

[ 66, 5, 0,[ 24, 25, 57]],

[ 71, 5, 0,[ 8, 6, 35]],

[ 65, 5, 0,[ 9, 97, 81, 38]],

[ 47, 5, 0,[ 44, 89, 96]],

[ 16, 5, 0,[ 54, 25, 91]],

[ 46, 5, 0,[ 72, 19, 17]],

[ 94, 5, 0,[ 86, 76, 11]],

[ 93, 5, 0,[ 40, 17, 56, 26]],

[ 7, 5, 0,[ 87, 51, 30]],

[ 36, 5, 0,[ 30, 40, 73, 27, 9]],

