[ 79, 45, 0,[ 64, 78, 98, 80]],

[ 64, 45, 0,[ 66, 79, 35]],

[ 86, 45, 1,[ 87, 0, 21, 29, 34]],

[ 73, 45, 0,[ 80, 53, 74, 75]],

[ 39, 45, 0,[ 63, 37, 1]],

[ 62, 45, 0,[ 61, 44, 22, 94, 60, 93]],

[ 99, 45, 0,[ 67, 70, 6, 7, 31]],

[ 38, 45, 0,[ 60, 40, 7]],

[ 29, 45, 0,[ 15, 86, 27, 17, 13]],

[ 17, 45, 0,[ 25, 46, 29, 19, 16, 91]],

[ 36, 45, 0,[ 81, 12, 69, 37]],

[ 69, 15, 1,[ 2, 70, 36]],

[ 48, 45, 0,[ 68, 46, 13, 67, 47]],

[ 84, 45, 0,[ 61, 82, 85, 96, 40]],

[ 98, 75, 1,[ 97, 22, 79]],

[ 68, 45, 0,[ 24, 90, 96, 48, 18, 82]],

[ 3, 95, 1,[ 52, 81, 59]],

[ 58, 45, 0,[ 14, 16, 57, 56, 89]],

[ 25, 55, 1,[ 80, 17, 34]],

[ 31, 45, 0,[ 52, 30, 99, 90, 33, 32, 75]],

[ 43, 45, 0,[ 56, 44, 10]],

[ 23, 45, 0,[ 24, 72, 18, 56]],

[ 50, 45, 0,[ 8, 20, 52]],

[ 32, 45, 0,[ 51, 31, 71, 88]],

[ 9, 45, 0,[ 20, 61, 8]],

[ 52, 45, 0,[ 3, 66, 26, 50, 82, 31, 10]],

[ 49, 45, 0,[ 47, 55, 1]],

[ 83, 45, 0,[ 82, 11, 85]],

[ 14, 15, 1,[ 15, 58, 16]],

[ 95, 45, 0,[ 54, 85, 6]],

[ 30, 45, 0,[ 94, 31, 28]],

[ 5, 45, 0,[ 22, 21, 6]],

[ 34, 45, 0,[ 25, 86, 35]],

[ 35, 45, 0,[ 37, 76, 64, 46, 34, 63]],

[ 42, 45, 0,[ 81, 37, 44]],

[ 67, 45, 0,[ 48, 97, 99]],

[ 41, 45, 0,[ 40]],

[ 8, 45, 0,[ 7, 90, 9, 6, 51, 50]],

[ 55, 45, 0,[ 49, 54, 53]],

[ 40, 45, 0,[ 41, 38, 84]],

[ 92, 45, 0,[ 60, 80, 22]],

[ 78, 45, 0,[ 20, 79, 76, 57]],

[ 70, 45, 0,[ 99, 69, 1]],

[ 82, 45, 0,[ 87, 68, 52, 84, 37, 83]],

[ 76, 45, 0,[ 74, 35, 78, 77]],

[ 88, 45, 0,[ 61, 89, 32]],

[ 28, 35, 1,[ 30, 24, 27]],

[ 18, 45, 0,[ 68, 23, 87]],

[ 59, 45, 0,[ 3, 61, 51, 4, 57]],

[ 13, 45, 0,[ 29, 10, 48]],

[ 61, 45, 0,[ 84, 59, 62, 93, 9, 88]],

[ 66, 45, 0,[ 64, 2, 65, 52]],

[ 46, 45, 0,[ 35, 44, 48, 17]],

[ 85, 45, 0,[ 95, 77, 83, 84]],

[ 15, 45, 0,[ 14, 29, 80]],

[ 90, 45, 0,[ 8, 31, 68, 45]],

[ 53, 75, 1,[ 73, 55, 54]],

[ 11, 45, 0,[ 12, 10, 83]],

[ 72, 45, 0,[ 74, 94, 23]],

[ 93, 5, 1,[ 61, 62]],

[ 54, 45, 0,[ 56, 53, 95, 55]],

[ 4, 45, 0,[ 65, 59, 6]],

[ 71, 45, 0,[ 32, 81, 45]],

[ 16, 45, 0,[ 58, 33, 14, 17]],

[ 6, 45, 0,[ 95, 8, 99, 4, 5]],

[ 45, 25, 1,[ 71, 44, 90]],

[ 1, 45, 0,[ 39, 0, 49, 70]],

[ 96, 45, 0,[ 33, 84, 97, 68]],

[ 89, 45, 0,[ 58, 47, 87, 88]],

[ 0, 45, 0,[ 86, 1, 2]],

[ 22, 45, 0,[ 92, 20, 5, 98, 62]],

[ 10, 45, 0,[ 27, 13, 43, 52, 11]],

[ 33, 45, 0,[ 31, 16, 96]],

[ 37, 45, 0,[ 36, 39, 42, 35, 82]],

[ 26, 45, 0,[ 52, 24, 19]],

[ 75, 45, 0,[ 80, 73, 31]],

[ 87, 45, 0,[ 18, 89, 86, 94, 82]],

[ 97, 45, 0,[ 96, 98, 67, 80]],

[ 51, 45, 0,[ 8, 32, 59]],

[ 7, 45, 0,[ 38, 20, 8, 99]],

[ 94, 45, 0,[ 72, 87, 30, 62, 91]],

[ 63, 45, 0,[ 39, 35, 24]],

[ 77, 45, 0,[ 85, 76, 65, 91]],

[ 60, 45, 0,[ 38, 62, 92]],

[ 19, 45, 0,[ 17, 26, 81]],

[ 74, 45, 0,[ 72, 76, 73]],

[ 65, 45, 0,[ 4, 66, 77]],

[ 80, 45, 0,[ 15, 73, 25, 92, 97, 79, 75]],

[ 44, 45, 0,[ 62, 42, 45, 46, 43]],

[ 27, 45, 0,[ 10, 29, 28]],

[ 91, 45, 0,[ 94, 77, 17]],

[ 57, 45, 0,[ 58, 59, 78]],

[ 12, 45, 0,[ 11, 36, 56]],

[ 20, 45, 0,[ 21, 22, 50, 78, 9, 7]],

[ 2, 45, 0,[ 66, 0, 69]],

[ 24, 45, 0,[ 63, 23, 68, 28, 26]],

[ 81, 45, 0,[ 3, 36, 19, 42, 71]],

[ 21, 45, 0,[ 20, 86, 5]],

[ 56, 45, 0,[ 43, 23, 58, 12, 54]],

[ 47, 45, 0,[ 49, 48, 89]],

