[ 7, 25, 0,[ 51, 76, 61, 30]],

[ 81, 15, 1,[ 73, 91, 88]],

[ 2, 15, 0,[ 31, 68, 87]],

[ 78, 65, 1,[ 23, 16, 40, 75]],

[ 97, 85, 1,[ 63, 3, 25]],

[ 19, 65, 1,[ 36, 71, 53]],

[ 67, 25, 0,[ 53, 37, 64, 62]],

[ 36, 25, 0,[ 68, 19, 39]],

[ 5, 25, 0,[ 6, 24, 43]],

[ 6, 95, 1,[ 5, 42, 68, 51, 44, 15]],

[ 82, 65, 1,[ 46, 64, 11]],

[ 75, 15, 1,[ 78, 73, 58]],

[ 21, 25, 0,[ 13, 84, 47]],

[ 47, 25, 0,[ 98, 23, 21, 71]],

[ 23, 35, 1,[ 47, 72, 78, 90]],

[ 38, 25, 0,[ 94, 56, 28, 13]],

[ 11, 5, 0,[ 82, 26, 1]],

[ 61, 65, 1,[ 18, 7, 87]],

[ 1, 45, 0,[ 10, 11, 84, 79, 18]],

[ 60, 75, 0,[ 59, 22, 76]],

[ 70, 25, 0,[ 85, 8, 44]],

[ 57, 25, 0,[ 37, 20, 16, 15, 72]],

[ 37, 85, 1,[ 80, 57, 0, 27, 67]],

[ 34, 25, 0,[ 79, 39, 53]],

[ 99, 45, 1,[ 71, 29, 86]],

[ 79, 25, 0,[ 34, 46, 32, 25, 1]],

[ 86, 25, 0,[ 99, 69, 77]],

[ 43, 25, 0,[ 63, 4, 5, 74]],

[ 22, 35, 1,[ 60, 58, 46]],

[ 15, 25, 0,[ 18, 57, 6]],

[ 35, 75, 1,[ 93, 48, 51]],

[ 89, 25, 1,[ 85, 40, 14, 90]],

[ 88, 75, 1,[ 76, 81, 33]],

[ 30, 25, 0,[ 12, 58, 7]],

[ 45, 25, 0,[ 74, 56, 29]],

[ 77, 25, 0,[ 26, 83, 69, 94, 86]],

[ 28, 25, 0,[ 12, 9, 38]],

[ 69, 25, 0,[ 77, 41, 86]],

[ 3, 5, 0,[ 39, 97, 26]],

[ 54, 35, 1,[ 4, 52, 76, 93]],

[ 8, 25, 1,[ 70, 91, 51]],

[ 16, 55, 1,[ 78, 57, 44]],

[ 93, 25, 0,[ 54, 35, 14, 50]],

[ 14, 25, 0,[ 48, 89, 93, 41, 44]],

[ 13, 5, 1,[ 21, 38, 98]],

[ 12, 25, 0,[ 80, 28, 30]],

[ 53, 25, 0,[ 67, 34, 27, 19, 74]],

[ 71, 25, 0,[ 0, 47, 19, 99, 31]],

[ 27, 25, 0,[ 4, 37, 53]],

[ 32, 55, 1,[ 95, 39, 79]],

[ 90, 85, 1,[ 29, 89, 23]],

[ 48, 35, 1,[ 10, 14, 35]],

[ 62, 65, 1,[ 72, 20, 67]],

[ 18, 25, 0,[ 1, 15, 61]],

[ 85, 25, 0,[ 29, 70, 89]],

[ 94, 25, 1,[ 77, 66, 38]],

[ 26, 5, 1,[ 11, 42, 77, 3]],

[ 84, 45, 1,[ 21, 1, 42, 80]],

[ 63, 25, 0,[ 97, 43, 9]],

[ 68, 15, 1,[ 6, 36, 2, 96]],

[ 64, 25, 0,[ 55, 82, 67, 0]],

[ 24, 25, 1,[ 5, 80, 50]],

[ 76, 75, 1,[ 88, 51, 60, 7, 54]],

[ 29, 25, 1,[ 90, 45, 99, 85, 65]],

[ 56, 25, 1,[ 45, 4, 38]],

[ 9, 25, 0,[ 63, 42, 66, 91, 28]],

[ 83, 25, 0,[ 77, 42, 39]],

[ 46, 35, 1,[ 79, 22, 82]],

[ 25, 85, 0,[ 79, 97, 55, 66, 98]],

[ 74, 5, 1,[ 43, 53, 49, 45]],

[ 50, 25, 0,[ 31, 55, 24, 93]],

[ 96, 55, 1,[ 33, 17, 73, 68]],

[ 42, 55, 1,[ 83, 26, 6, 84, 92, 9]],

[ 33, 55, 1,[ 96, 88, 41]],

[ 98, 25, 0,[ 13, 47, 25]],

[ 65, 25, 0,[ 49, 92, 29]],

[ 91, 25, 0,[ 9, 8, 81, 4]],

[ 73, 15, 0,[ 81, 96, 75]],

[ 80, 65, 1,[ 84, 40, 37, 39, 24, 12]],

[ 59, 95, 1,[ 92, 52, 60]],

[ 55, 25, 0,[ 25, 64, 50, 95]],

[ 51, 45, 1,[ 76, 6, 7, 35, 8]],

[ 39, 5, 1,[ 3, 87, 83, 20, 80, 32, 34, 52, 36]],

[ 31, 85, 1,[ 50, 71, 2, 95]],

[ 4, 25, 0,[ 43, 56, 91, 54, 27]],

[ 40, 65, 0,[ 80, 89, 78]],

[ 49, 25, 0,[ 17, 74, 65]],

[ 92, 35, 1,[ 42, 65, 59]],

[ 20, 25, 0,[ 57, 62, 39]],

[ 44, 5, 1,[ 16, 6, 14, 70]],

[ 95, 95, 1,[ 55, 32, 31]],

[ 10, 45, 1,[ 1, 87, 48]],

[ 41, 25, 0,[ 69, 14, 33]],

[ 87, 15, 1,[ 2, 61, 39, 10]],

[ 66, 85, 1,[ 94, 9, 25]],

[ 72, 15, 1,[ 62, 23, 57]],

[ 0, 25, 0,[ 71, 37, 64]],

[ 17, 55, 1,[ 49, 58, 96]],

[ 58, 25, 0,[ 22, 30, 17, 75]],

[ 52, 95, 1,[ 59, 39, 54]],

[ 97, 5, 0,[ 78, 16, 69, 87, 98, 34]],

[ 65, 5, 0,[ 25, 4, 69, 68, 6]],

[ 96, 35, 1,[ 54, 85, 37, 12]],

[ 28, 5, 0,[ 48, 92, 53, 77]],

[ 4, 5, 0,[ 36, 22, 65]],

[ 53, 5, 0,[ 54, 28, 77]],

[ 21, 5, 0,[ 0, 51, 6]],

[ 27, 5, 0,[ 95, 57, 15]],

[ 19, 5, 0,[ 39, 71, 69, 83]],

[ 71, 5, 0,[ 24, 45, 19]],

[ 46, 5, 0,[ 47, 51, 1, 25, 20]],

[ 54, 5, 0,[ 53, 96, 26, 35]],

[ 10, 5, 0,[ 14, 74, 67]],

[ 20, 5, 0,[ 36, 83, 5, 46, 31]],

[ 51, 5, 0,[ 46, 21]],

[ 36, 5, 0,[ 72, 84, 20, 4]],

[ 3, 5, 0,[ 41, 24, 82, 14]],

[ 47, 5, 0,[ 33, 93, 38, 83, 46]],

[ 44, 5, 0,[ 40, 62, 99]],

[ 79, 5, 0,[ 62, 55, 57]],

[ 61, 15, 1,[ 14, 74, 62, 41]],

[ 58, 5, 0,[ 67, 93, 56]],

[ 29, 5, 0,[ 66, 90, 13, 18, 25]],

[ 57, 5, 0,[ 66, 79, 81, 27]],

[ 72, 5, 0,[ 91, 36, 2]],

[ 87, 5, 0,[ 6, 7, 97, 52, 70]],

[ 75, 5, 0,[ 34, 23, 52, 0]],

[ 34, 5, 0,[ 81, 97, 13, 75]],

[ 86, 5, 0,[ 67, 41, 30, 33]],

[ 68, 5, 0,[ 31, 65, 38]],

[ 25, 5, 0,[ 65, 46, 29]],

[ 59, 5, 0,[ 22, 60, 9]],

[ 99, 5, 0,[ 90, 6, 44, 16]],

[ 2, 5, 0,[ 72, 92, 80]],

[ 37, 35, 1,[ 67, 96, 11]],

[ 13, 5, 0,[ 34, 29, 31]],

[ 42, 5, 0,[ 39, 91, 52]],

[ 15, 5, 0,[ 90, 8, 27, 32]],

[ 24, 95, 1,[ 60, 71, 3, 0, 89]],

[ 40, 5, 0,[ 12, 44, 70]],

[ 90, 5, 0,[ 99, 15, 55, 29, 88, 89]],

[ 41, 5, 0,[ 61, 3, 86]],

[ 1, 5, 0,[ 46, 91, 38]],

[ 74, 5, 0,[ 82, 10, 26, 61]],

[ 98, 5, 0,[ 97, 11, 43]],

[ 38, 5, 0,[ 68, 1, 47]],

[ 78, 5, 0,[ 97, 52, 49, 80, 89]],

[ 94, 5, 0,[ 76, 43, 14]],

[ 95, 5, 0,[ 88, 27, 66]],

[ 22, 5, 0,[ 81, 4, 59]],

[ 14, 5, 0,[ 94, 3, 61, 10, 5]],

[ 77, 5, 0,[ 28, 53, 32]],

[ 73, 5, 0,[ 17, 30, 67]],

[ 18, 5, 0,[ 84, 29, 33]],

[ 16, 5, 0,[ 97, 99, 17]],

[ 12, 5, 0,[ 40, 96, 60]],

[ 67, 5, 0,[ 86, 10, 73, 58, 37, 5]],

[ 62, 5, 0,[ 61, 44, 79]],

[ 49, 5, 0,[ 88, 78, 43]],

[ 48, 5, 0,[ 81, 82, 28]],

[ 83, 5, 0,[ 20, 19, 47, 85]],

[ 89, 15, 1,[ 24, 78, 90]],

[ 82, 5, 0,[ 48, 74, 3]],

[ 60, 5, 0,[ 9, 59, 24, 12]],

[ 30, 5, 0,[ 32, 31, 86, 73]],

[ 39, 5, 0,[ 42, 19, 92]],

[ 5, 5, 0,[ 76, 14, 20, 67, 64]],

[ 93, 5, 0,[ 58, 81, 47]],

[ 9, 5, 0,[ 59, 60, 17]],

[ 52, 75, 1,[ 78, 87, 42, 75]],

[ 70, 5, 0,[ 11, 87, 40]],

[ 76, 5, 0,[ 35, 5, 94]],

[ 11, 5, 0,[ 98, 70, 56, 37]],

[ 84, 5, 0,[ 18, 26, 36]],

[ 88, 5, 0,[ 95, 90, 49]],

[ 33, 5, 0,[ 18, 86, 47]],

[ 23, 5, 0,[ 75, 92, 56]],

[ 91, 5, 0,[ 42, 1, 72, 56]],

[ 66, 5, 0,[ 57, 29, 95]],

[ 64, 5, 0,[ 6, 45, 5]],

[ 55, 5, 0,[ 90, 7, 79]],

[ 35, 95, 1,[ 76, 54, 63]],

[ 17, 5, 0,[ 16, 73, 9]],

[ 56, 5, 0,[ 11, 91, 23, 58]],

[ 43, 5, 0,[ 94, 49, 98]],

[ 92, 5, 0,[ 23, 39, 2, 28]],

[ 7, 5, 0,[ 55, 87, 50]],

[ 85, 5, 0,[ 63, 96, 83]],

[ 32, 5, 0,[ 77, 30, 8, 15]],

[ 26, 5, 0,[ 80, 74, 84, 54]],

[ 81, 95, 1,[ 57, 48, 22, 34, 93]],

[ 69, 5, 0,[ 19, 97, 65]],

[ 63, 5, 0,[ 35, 85, 45, 50]],

[ 50, 5, 0,[ 63, 7]],

[ 80, 5, 0,[ 2, 26, 78]],

[ 0, 5, 0,[ 21, 75, 24]],

[ 45, 5, 0,[ 63, 64, 71]],

[ 8, 95, 1,[ 32, 15]],

[ 6, 5, 0,[ 21, 87, 65, 99, 64]],

[ 31, 35, 1,[ 30, 20, 13, 68]],

