[ 29, 65, 0,[ 28, 66, 39]],

[ 20, 65, 0,[ 97, 73, 37]],

[ 25, 65, 0,[ 87, 66, 71]],

[ 43, 65, 0,[ 34, 30, 12]],

[ 16, 65, 0,[ 63, 27, 88, 23, 7, 83]],

[ 40, 65, 0,[ 96, 30, 48, 57, 26, 45]],

[ 52, 65, 0,[ 19, 35, 34, 13, 72, 24, 81]],

[ 79, 65, 0,[ 63, 74, 58]],

[ 24, 65, 0,[ 91, 18, 52]],

[ 9, 65, 0,[ 44, 68, 87, 6, 14]],

[ 89, 65, 0,[ 22, 62, 94]],

[ 4, 65, 0,[ 41, 92, 85, 36, 77]],

[ 23, 65, 0,[ 16, 69, 38]],

[ 27, 65, 0,[ 2, 16]],

[ 85, 65, 0,[ 4, 12, 45]],

[ 46, 65, 0,[ 83, 95, 67]],

[ 70, 65, 0,[ 92, 94, 7]],

[ 81, 65, 0,[ 21, 5, 52]],

[ 49, 65, 0,[ 87, 1, 74]],

[ 6, 65, 0,[ 9, 41, 14]],

[ 18, 65, 0,[ 48, 24, 86]],

[ 65, 65, 0,[ 78, 31, 55]],

[ 17, 65, 0,[ 61, 50, 10]],

[ 1, 65, 0,[ 49, 30]],

[ 88, 65, 0,[ 16, 42, 47]],

[ 67, 65, 0,[ 96, 46, 39, 90]],

[ 8, 65, 0,[ 99, 47, 62, 71, 73]],

[ 93, 55, 1,[ 51, 53, 7]],

[ 15, 65, 0,[ 50, 60, 39]],

[ 36, 65, 0,[ 59, 82, 4, 42]],

[ 37, 65, 0,[ 56, 20, 74]],

[ 5, 65, 0,[ 74, 81, 66, 0]],

[ 83, 85, 1,[ 46, 3, 16]],

[ 59, 65, 0,[ 99, 36, 55]],

[ 2, 65, 0,[ 27, 62]],

[ 90, 65, 0,[ 50, 91, 67]],

[ 7, 45, 1,[ 75, 16, 70, 93, 42, 80]],

[ 56, 65, 0,[ 37, 72, 73, 77, 63]],

[ 60, 65, 0,[ 15, 45, 92]],

[ 77, 65, 0,[ 4, 56, 10, 58]],

[ 80, 65, 0,[ 30, 7, 14, 82]],

[ 75, 65, 0,[ 11, 12, 7, 72]],

[ 45, 85, 1,[ 40, 60, 33, 3, 85]],

[ 41, 65, 0,[ 86, 61, 6, 4]],

[ 33, 65, 0,[ 45, 51, 39]],

[ 74, 65, 0,[ 0, 30, 79, 49, 5, 84, 37]],

[ 55, 65, 0,[ 65, 50, 59]],

[ 63, 65, 0,[ 56, 16, 79]],

[ 26, 65, 0,[ 51, 54, 40]],

[ 12, 65, 0,[ 85, 76, 75, 43]],

[ 53, 35, 1,[ 28, 51, 93]],

[ 34, 65, 0,[ 52, 98, 43, 22]],

[ 92, 65, 0,[ 60, 4, 70]],

[ 98, 95, 1,[ 99, 34, 73, 30]],

[ 22, 65, 0,[ 89, 87, 34]],

[ 47, 65, 0,[ 44, 88, 8]],

[ 19, 65, 0,[ 78, 52, 95]],

[ 72, 65, 0,[ 52, 31, 56, 75]],

[ 42, 65, 0,[ 36, 88, 7, 10]],

[ 50, 65, 0,[ 17, 55, 15, 90]],

[ 97, 65, 0,[ 20, 51, 54]],

[ 73, 65, 0,[ 98, 20, 8, 56]],

[ 10, 65, 0,[ 42, 77, 17]],

[ 30, 65, 0,[ 80, 43, 40, 74, 1, 32, 98]],

[ 69, 75, 1,[ 57, 23, 71]],

[ 57, 65, 0,[ 40, 69, 76]],

[ 13, 65, 0,[ 91, 0, 52]],

[ 71, 65, 0,[ 25, 11, 8, 69]],

[ 66, 65, 0,[ 25, 5, 29]],

[ 11, 65, 0,[ 75, 38, 71]],

[ 95, 65, 0,[ 19, 46, 68, 58]],

[ 51, 65, 0,[ 21, 64, 26, 93, 33, 97, 53]],

[ 32, 65, 0,[ 31, 78, 30]],

[ 0, 65, 0,[ 13, 74, 5, 62]],

[ 28, 35, 1,[ 29, 53, 54]],

[ 35, 65, 0,[ 54, 94, 52]],

[ 62, 65, 0,[ 89, 8, 0, 2]],

[ 21, 65, 0,[ 81, 51, 82, 44]],

[ 38, 65, 0,[ 3, 11, 23]],

[ 94, 65, 0,[ 70, 86, 35, 89, 61]],

[ 14, 65, 0,[ 6, 31, 9, 80]],

[ 58, 65, 0,[ 77, 79, 95]],

[ 44, 65, 0,[ 47, 21, 9]],

[ 31, 65, 0,[ 72, 14, 65, 32]],

[ 39, 65, 0,[ 33, 67, 15, 29]],

[ 99, 65, 0,[ 8, 59, 98]],

[ 61, 65, 0,[ 41, 94, 17]],

[ 3, 35, 1,[ 83, 45, 38]],

[ 68, 65, 0,[ 78, 9, 95]],

[ 48, 65, 0,[ 40, 18, 91]],

[ 87, 65, 0,[ 49, 22, 9, 25]],

[ 86, 35, 1,[ 41, 94, 18]],

[ 76, 65, 0,[ 57, 12, 84]],

[ 84, 65, 0,[ 96, 76, 74]],

[ 82, 65, 0,[ 21, 36, 80]],

[ 91, 65, 0,[ 24, 48, 90, 13]],

[ 78, 65, 0,[ 19, 68, 32, 65]],

[ 96, 65, 0,[ 84, 40, 67]],

[ 54, 65, 0,[ 26, 28, 35, 97]],

[ 64, 65, 0,[ 51]],

