[ 89, 55, 0,[ 61, 2, 14]],

[ 58, 55, 0,[ 51, 52, 61]],

[ 6, 55, 0,[ 9, 65, 46, 92, 70]],

[ 83, 55, 0,[ 11, 71, 94]],

[ 11, 55, 0,[ 83, 95, 36]],

[ 51, 55, 0,[ 96, 58, 81]],

[ 75, 55, 0,[ 43, 88, 32, 7]],

[ 35, 55, 0,[ 72, 61, 4, 50, 48, 24, 85]],

[ 42, 55, 0,[ 67, 76, 98]],

[ 5, 55, 0,[ 90, 86, 1]],

[ 74, 55, 0,[ 64, 44, 23]],

[ 94, 55, 0,[ 83, 25, 92, 3]],

[ 17, 55, 0,[ 65, 16, 76]],

[ 78, 55, 0,[ 95, 38, 91]],

[ 96, 55, 0,[ 82, 63, 51, 88]],

[ 4, 55, 0,[ 98, 1, 35]],

[ 90, 55, 0,[ 5, 32, 1]],

[ 16, 55, 0,[ 0, 17, 84, 69]],

[ 92, 55, 0,[ 94, 6, 12]],

[ 49, 55, 0,[ 73, 64, 18, 62]],

[ 53, 95, 1,[ 70, 57, 71, 36, 12]],

[ 40, 55, 0,[ 54, 56]],

[ 93, 95, 1,[ 24, 23, 0, 2]],

[ 28, 5, 1,[ 14, 55, 47]],

[ 1, 55, 0,[ 5, 90, 8, 4, 59]],

[ 95, 55, 0,[ 63, 33, 26, 78, 59, 66, 11]],

[ 20, 55, 0,[ 25, 63, 30]],

[ 59, 55, 0,[ 95, 31, 1, 54]],

[ 44, 55, 0,[ 74, 43]],

[ 87, 55, 0,[ 99, 77, 34, 62]],

[ 73, 55, 0,[ 68, 21, 8, 41, 49]],

[ 23, 55, 0,[ 74, 57, 88, 93]],

[ 76, 55, 0,[ 34, 57, 42, 17]],

[ 84, 55, 0,[ 43, 68, 16]],

[ 45, 75, 1,[ 29, 55, 98]],

[ 56, 55, 0,[ 33, 79, 40]],

[ 33, 55, 0,[ 79, 56, 95]],

[ 30, 55, 0,[ 99, 37, 20, 10]],

[ 71, 55, 0,[ 53, 79, 83, 77, 15]],

[ 47, 55, 0,[ 0, 28, 72]],

[ 13, 55, 0,[ 39, 8, 27]],

[ 10, 55, 0,[ 18, 41, 30]],

[ 98, 75, 1,[ 42, 4, 27, 41, 45]],

[ 26, 55, 0,[ 54, 55, 95]],

[ 22, 55, 0,[ 77, 32]],

[ 14, 35, 1,[ 89, 2, 28]],

[ 18, 55, 0,[ 7, 10, 49]],

[ 19, 55, 0,[ 15, 79, 86, 65, 37]],

[ 62, 55, 0,[ 80, 49, 87, 37]],

[ 36, 55, 0,[ 0, 53, 11, 15]],

[ 34, 55, 0,[ 81, 87, 38, 76]],

[ 79, 55, 0,[ 19, 71, 56, 33]],

[ 46, 55, 0,[ 6, 91]],

[ 21, 55, 0,[ 55, 82, 73]],

[ 12, 55, 0,[ 53, 92, 60, 67]],

[ 72, 55, 0,[ 35, 50, 47]],

[ 91, 55, 0,[ 78, 46, 54]],

[ 64, 55, 0,[ 52, 49, 74]],

[ 27, 55, 0,[ 60, 98, 13]],

[ 29, 55, 0,[ 80, 9, 45]],

[ 43, 55, 0,[ 44, 75, 24, 9, 84]],

[ 3, 5, 1,[ 94, 38]],

[ 32, 55, 0,[ 90, 22, 75]],

[ 2, 45, 1,[ 89, 9, 93, 14]],

[ 81, 55, 0,[ 82, 69, 34, 51]],

[ 63, 55, 0,[ 95, 96, 39, 68, 20]],

[ 41, 55, 0,[ 10, 73, 98]],

[ 50, 55, 0,[ 52, 72, 35]],

[ 31, 55, 0,[ 59, 54, 66]],

[ 38, 55, 0,[ 3, 78, 48, 34]],

[ 97, 55, 0,[ 7, 85, 66]],

[ 60, 55, 0,[ 12, 27, 69]],

[ 52, 55, 0,[ 64, 50, 58]],

[ 67, 55, 0,[ 70, 12, 42]],

[ 82, 55, 0,[ 96, 81, 86, 21]],

[ 48, 55, 0,[ 0, 38, 35]],

[ 66, 55, 0,[ 97, 31, 95]],

[ 65, 55, 0,[ 17, 6, 19]],

[ 68, 55, 0,[ 63, 84, 73]],

[ 80, 55, 0,[ 55, 62, 39, 29]],

[ 77, 55, 0,[ 87, 71, 22]],

[ 55, 55, 0,[ 21, 28, 80, 45, 26]],

[ 54, 55, 0,[ 26, 91, 31, 59, 40]],

[ 57, 55, 0,[ 76, 53, 23]],

[ 85, 55, 0,[ 97, 35, 99]],

[ 8, 55, 0,[ 1, 13, 73]],

[ 0, 55, 0,[ 16, 48, 93, 47, 36]],

[ 25, 55, 0,[ 15, 94, 20]],

[ 7, 55, 0,[ 75, 97, 18]],

[ 24, 55, 0,[ 43, 93, 35]],

[ 61, 55, 0,[ 58, 89, 35]],

[ 37, 55, 0,[ 30, 19, 62]],

[ 69, 45, 1,[ 60, 16, 81]],

[ 70, 55, 0,[ 53, 67, 6]],

[ 39, 55, 0,[ 13, 80, 63]],

[ 88, 55, 0,[ 96, 23, 75]],

[ 99, 55, 0,[ 87, 30, 85]],

[ 15, 55, 0,[ 25, 71, 19, 36]],

[ 86, 65, 1,[ 19, 5, 82]],

[ 9, 55, 0,[ 2, 43, 6, 29]],

[ 49, 15, 0,[ 50, 52, 22]],

[ 75, 15, 0,[ 19, 80]],

[ 29, 15, 0,[ 77, 13, 57]],

[ 96, 55, 1,[ 12, 37, 30, 63]],

[ 9, 15, 0,[ 99, 45, 8]],

[ 14, 15, 0,[ 74, 4, 62]],

[ 5, 15, 0,[ 55, 52, 22]],

[ 72, 15, 0,[ 38, 2, 56, 78]],

[ 37, 85, 1,[ 96, 95, 88]],

[ 25, 15, 0,[ 43, 23, 0]],

[ 79, 15, 0,[ 24, 78, 80]],

[ 97, 15, 0,[ 67, 59, 52]],

[ 77, 15, 0,[ 21, 29, 24]],

[ 64, 15, 0,[ 66, 65, 27, 56]],

[ 55, 15, 0,[ 5, 70, 40]],

[ 39, 15, 0,[ 26, 74, 88]],

[ 81, 15, 0,[ 99, 53, 80, 71, 36]],

[ 46, 15, 0,[ 48, 69, 36]],

[ 42, 15, 0,[ 63, 26, 48, 74]],

[ 99, 15, 0,[ 9, 81, 21]],

[ 23, 15, 0,[ 34, 85, 25]],

[ 67, 15, 0,[ 97, 28, 87, 69]],

[ 31, 15, 1,[ 90, 52]],

[ 41, 15, 0,[ 27, 61, 43]],

[ 18, 15, 0,[ 19, 47, 34]],

[ 61, 35, 1,[ 88, 54, 41]],

[ 66, 15, 0,[ 32, 64, 17]],

[ 98, 15, 0,[ 95, 2, 65]],

[ 51, 15, 0,[ 85, 40, 7]],

[ 54, 15, 0,[ 40, 95, 38, 61, 15]],

[ 78, 15, 0,[ 20, 72, 79, 3, 86]],

[ 57, 15, 0,[ 29, 59, 56, 7, 58]],

[ 76, 15, 0,[ 13, 35]],

[ 20, 15, 0,[ 78, 22, 27]],

[ 85, 15, 0,[ 23, 15, 86, 51]],

[ 65, 15, 0,[ 64, 10, 87, 98]],

[ 21, 15, 0,[ 77, 99, 93]],

[ 40, 15, 0,[ 51, 54, 55, 84]],

[ 71, 15, 0,[ 81, 13, 45]],

[ 27, 15, 0,[ 41, 58, 64, 20]],

[ 87, 15, 0,[ 1, 26, 65, 86, 67]],

[ 89, 55, 1,[ 47, 1, 58]],

[ 90, 15, 0,[ 73, 31, 92, 8]],

[ 2, 15, 0,[ 98, 72, 60, 32]],

[ 24, 15, 0,[ 77, 79, 0, 68]],

[ 15, 15, 0,[ 85, 54, 44]],

[ 53, 15, 0,[ 81, 70]],

[ 30, 15, 0,[ 28, 70, 96]],

[ 35, 65, 1,[ 76, 34, 13]],

[ 44, 15, 0,[ 15, 47, 0]],

[ 7, 15, 0,[ 93, 57, 33, 51]],

[ 69, 15, 0,[ 46, 6, 67, 83]],

[ 13, 15, 0,[ 71, 76, 35, 29, 33, 10]],

[ 52, 15, 1,[ 49, 97, 31, 5]],

[ 0, 15, 0,[ 25, 44, 24, 62]],

[ 19, 15, 0,[ 17, 18, 75]],

[ 62, 15, 0,[ 0, 33, 14]],

[ 95, 15, 0,[ 92, 37, 98, 54]],

[ 1, 15, 0,[ 89, 87, 68]],

[ 10, 15, 0,[ 13, 8, 65, 16]],

[ 59, 15, 0,[ 97, 60, 4, 88, 57]],

[ 63, 15, 0,[ 96, 82, 42]],

[ 38, 15, 0,[ 54, 3, 72]],

[ 34, 15, 0,[ 23, 33, 18, 35]],

[ 22, 15, 0,[ 6, 5, 20, 49]],

[ 83, 15, 0,[ 82, 47, 69]],

[ 17, 15, 1,[ 43, 16, 82, 66, 19]],

[ 8, 15, 1,[ 90, 50, 10, 3, 9]],

[ 50, 15, 0,[ 11, 8, 49]],

[ 11, 15, 0,[ 12, 50]],

[ 48, 15, 0,[ 42, 12, 46]],

[ 70, 15, 0,[ 30, 53, 55, 45]],

[ 32, 15, 0,[ 66, 68, 2]],

[ 33, 15, 0,[ 62, 13, 34, 7]],

[ 56, 15, 0,[ 64, 72, 57]],

[ 88, 15, 0,[ 39, 59, 37, 61]],

[ 68, 15, 1,[ 32, 24, 1]],

[ 91, 15, 0,[ 94, 84, 3]],

[ 94, 15, 0,[ 58, 84, 91]],

[ 84, 15, 0,[ 40, 43, 91, 94]],

[ 45, 15, 0,[ 71, 9, 70]],

[ 43, 15, 0,[ 41, 84, 25, 17]],

[ 74, 15, 0,[ 39, 14, 42]],

[ 92, 15, 0,[ 90, 95, 60]],

[ 28, 15, 0,[ 67, 30, 47]],

[ 80, 15, 0,[ 75, 81, 73, 79]],

[ 86, 15, 0,[ 78, 85, 87]],

[ 36, 15, 0,[ 93, 6, 46, 81]],

[ 3, 15, 0,[ 78, 8, 91, 38]],

[ 4, 15, 0,[ 59, 6, 14]],

[ 58, 15, 0,[ 27, 57, 94, 89]],

[ 93, 15, 0,[ 7, 21, 36]],

[ 16, 15, 0,[ 17, 10]],

[ 60, 15, 0,[ 59, 92, 2]],

[ 82, 15, 0,[ 17, 83, 63]],

[ 12, 15, 0,[ 48, 96, 11]],

[ 26, 15, 0,[ 87, 39, 42]],

[ 6, 15, 0,[ 22, 36, 69, 4, 73]],

[ 73, 15, 0,[ 90, 80, 6]],

[ 47, 15, 0,[ 89, 28, 83, 18, 44]],

