[ 91, 75, 1,[ 9, 71, 32, 19]],

[ 78, 95, 0,[ 80, 54, 38, 47]],

[ 2, 5, 1,[ 62, 31, 24]],

[ 42, 85, 0,[ 28, 34, 55]],

[ 40, 45, 0,[ 59, 46]],

[ 47, 55, 1,[ 78, 36, 0, 73]],

[ 71, 75, 0,[ 56, 65, 91]],

[ 12, 65, 1,[ 30, 20, 57, 0]],

[ 34, 55, 1,[ 42, 81, 21, 11]],

[ 35, 95, 0,[ 55, 74, 87]],

[ 18, 55, 1,[ 59, 36, 37]],

[ 57, 55, 1,[ 72, 0, 62, 12]],

[ 22, 55, 0,[ 3, 74, 19]],

[ 60, 75, 1,[ 76, 1]],

[ 20, 75, 0,[ 28, 12, 80, 3]],

[ 23, 5, 0,[ 53, 73, 13]],

[ 98, 5, 1,[ 77, 4, 50]],

[ 45, 55, 1,[ 31, 49, 85]],

[ 74, 45, 1,[ 31, 69, 35, 22, 64]],

[ 52, 25, 0,[ 17, 6, 90]],

[ 94, 25, 1,[ 87, 13, 39, 81]],

[ 16, 75, 0,[ 86, 38, 80]],

[ 85, 85, 0,[ 45, 36, 41]],

[ 11, 65, 1,[ 44, 34, 1]],

[ 97, 65, 0,[ 49, 14, 10, 63]],

[ 80, 95, 0,[ 20, 78, 16]],

[ 69, 85, 1,[ 74, 39, 46, 49]],

[ 39, 95, 0,[ 44, 69, 94]],

[ 9, 55, 1,[ 4, 92, 46, 91]],

[ 61, 95, 0,[ 81, 50, 82]],

[ 66, 75, 0,[ 53, 70, 7]],

[ 31, 95, 0,[ 74, 45, 2]],

[ 79, 5, 0,[ 29, 99, 24, 37]],

[ 77, 65, 1,[ 26, 30, 98]],

[ 84, 5, 0,[ 8, 25, 37]],

[ 30, 45, 1,[ 6, 12, 26, 86, 77, 89]],

[ 62, 75, 0,[ 2, 57, 14, 7]],

[ 1, 75, 1,[ 60, 56, 11]],

[ 37, 5, 0,[ 79, 84, 18]],

[ 90, 25, 0,[ 5, 19, 52]],

[ 67, 35, 1,[ 15, 86, 95]],

[ 36, 55, 1,[ 70, 85, 18, 47]],

[ 48, 65, 0,[ 41, 53, 83]],

[ 96, 85, 0,[ 25, 51, 41]],

[ 17, 95, 0,[ 93, 50, 87, 52]],

[ 50, 95, 1,[ 98, 17, 99, 61]],

[ 41, 5, 1,[ 96, 48, 89, 85]],

[ 24, 5, 0,[ 2, 79, 53]],

[ 54, 15, 1,[ 55, 46, 78, 95]],

[ 10, 65, 0,[ 76, 5, 88, 97]],

[ 26, 45, 1,[ 77, 30, 21]],

[ 15, 85, 1,[ 65, 67, 70]],

[ 51, 45, 0,[ 64, 96]],

[ 14, 95, 1,[ 82, 97, 62, 63]],

[ 44, 85, 0,[ 0, 11, 39, 5]],

[ 70, 45, 1,[ 15, 36, 66, 89]],

[ 49, 15, 1,[ 45, 76, 97, 69]],

[ 8, 5, 0,[ 43, 99, 84]],

[ 29, 5, 0,[ 79, 68, 65]],

[ 64, 45, 1,[ 74, 51, 33]],

[ 55, 95, 1,[ 54, 42, 35]],

[ 46, 15, 0,[ 69, 40, 9, 54]],

[ 7, 75, 0,[ 62, 86, 66]],

[ 56, 55, 0,[ 58, 1, 71, 76]],

[ 59, 45, 0,[ 18, 43, 40]],

[ 72, 95, 0,[ 57, 38, 0]],

[ 81, 95, 0,[ 61, 94, 34]],

[ 86, 95, 1,[ 67, 16, 3, 30, 7, 83]],

[ 89, 65, 0,[ 70, 30, 41]],

[ 58, 5, 1,[ 56, 53, 87]],

[ 75, 5, 0,[ 13, 0, 21]],

[ 43, 55, 1,[ 59, 8, 5]],

[ 95, 45, 0,[ 67, 5, 54]],

[ 82, 35, 0,[ 21, 32, 14, 33, 61]],

[ 5, 35, 1,[ 43, 95, 90, 10, 44]],

[ 65, 95, 1,[ 29, 15, 71, 88]],

[ 93, 95, 1,[ 83, 17, 3]],

[ 0, 55, 1,[ 72, 12, 47, 57, 75, 44]],

[ 4, 35, 1,[ 27, 92, 9, 33, 98]],

[ 68, 5, 0,[ 29, 28]],

[ 28, 45, 1,[ 20, 68, 42]],

[ 83, 55, 1,[ 48, 93, 86]],

[ 25, 95, 1,[ 27, 84, 88, 96]],

[ 87, 95, 1,[ 17, 94, 35, 58]],

[ 32, 75, 0,[ 82, 91, 6]],

[ 92, 25, 0,[ 27, 9, 4]],

[ 33, 5, 0,[ 4, 64, 82]],

[ 27, 35, 1,[ 25, 92, 4]],

[ 88, 15, 1,[ 10, 65, 25]],

[ 76, 65, 0,[ 60, 10, 56, 49]],

[ 38, 65, 1,[ 72, 78, 16]],

[ 53, 45, 1,[ 24, 23, 48, 66, 58]],

[ 13, 5, 0,[ 75, 23, 73, 94]],

[ 6, 75, 0,[ 32, 30, 52]],

[ 21, 85, 1,[ 26, 82, 34, 75]],

[ 3, 15, 1,[ 20, 86, 22, 93]],

[ 73, 65, 1,[ 23, 47, 13]],

[ 63, 15, 1,[ 97, 14]],

[ 99, 5, 0,[ 50, 8, 79]],

[ 19, 25, 0,[ 90, 91, 22]],

