[ 70, 5, 0,[ 88, 50, 65]],

[ 23, 45, 1,[ 72, 28, 63, 40, 51]],

[ 78, 55, 0,[ 73, 92, 42]],

[ 67, 25, 0,[ 43, 92, 50, 58]],

[ 86, 25, 0,[ 17, 57, 27, 71]],

[ 57, 25, 0,[ 86, 89, 37, 63]],

[ 3, 85, 0,[ 32, 45, 4]],

[ 24, 35, 1,[ 98, 28, 69]],

[ 38, 85, 0,[ 8, 75, 44]],

[ 7, 85, 0,[ 26, 45, 53, 36]],

[ 43, 65, 0,[ 22, 59, 67]],

[ 79, 65, 1,[ 97, 14, 75, 95]],

[ 59, 35, 1,[ 48, 29, 43]],

[ 36, 25, 0,[ 74, 7, 37]],

[ 42, 15, 1,[ 78, 77, 99]],

[ 66, 5, 1,[ 16, 37, 12]],

[ 0, 65, 0,[ 28, 61, 72]],

[ 99, 65, 1,[ 73, 12, 49, 42]],

[ 37, 65, 1,[ 57, 66, 36]],

[ 16, 25, 1,[ 54, 66, 68, 73]],

[ 18, 55, 0,[ 4, 41, 65, 80]],

[ 95, 35, 0,[ 92, 79, 89]],

[ 74, 75, 1,[ 36, 45, 29]],

[ 51, 65, 1,[ 22, 21, 12, 68, 23, 82]],

[ 20, 85, 0,[ 31, 17, 44]],

[ 81, 55, 1,[ 53, 92, 34]],

[ 72, 25, 1,[ 0, 23, 33]],

[ 39, 25, 1,[ 15, 56, 75]],

[ 80, 25, 1,[ 90, 18, 82]],

[ 29, 5, 1,[ 74, 44, 59, 17]],

[ 71, 25, 1,[ 6, 96, 94, 86]],

[ 8, 25, 1,[ 27, 4, 19, 38]],

[ 63, 85, 0,[ 57, 97, 85, 23]],

[ 92, 95, 1,[ 60, 78, 81, 95, 67]],

[ 4, 15, 0,[ 8, 3, 18]],

[ 10, 65, 1,[ 28, 35, 30]],

[ 15, 55, 0,[ 39, 19, 65]],

[ 98, 15, 0,[ 96, 5, 24, 77]],

[ 45, 85, 0,[ 3, 7, 9, 74]],

[ 30, 25, 0,[ 90, 19, 10]],

[ 1, 85, 0,[ 47, 62, 31]],

[ 19, 85, 1,[ 8, 30, 96, 15]],

[ 52, 65, 1,[ 13, 11, 65]],

[ 35, 25, 1,[ 10, 73, 60]],

[ 53, 85, 0,[ 7, 81, 2]],

[ 41, 55, 0,[ 97, 5, 18]],

[ 11, 95, 0,[ 52, 26, 56]],

[ 14, 55, 0,[ 79, 69, 5]],

[ 58, 25, 0,[ 76, 33, 67]],

[ 94, 75, 0,[ 71, 5, 68]],

[ 44, 75, 1,[ 29, 38, 46, 20]],

[ 32, 65, 1,[ 62, 3, 2]],

[ 75, 95, 1,[ 91, 39, 79, 38, 22]],

[ 2, 85, 0,[ 83, 32, 53]],

[ 47, 75, 0,[ 64, 1, 34]],

[ 84, 95, 1,[ 33, 9, 49]],

[ 96, 95, 1,[ 71, 98, 19]],

[ 28, 85, 0,[ 24, 0, 10, 23]],

[ 97, 75, 1,[ 79, 63, 41, 54]],

[ 22, 55, 1,[ 51, 75, 43, 93]],

[ 60, 5, 0,[ 88, 92, 35, 87]],

[ 12, 25, 0,[ 46, 99, 51, 66]],

[ 40, 85, 0,[ 62, 23, 88, 50]],

[ 83, 85, 0,[ 2, 56, 21]],

[ 61, 85, 1,[ 0, 91, 56]],

[ 90, 15, 1,[ 88, 30, 80]],

[ 62, 75, 1,[ 32, 40, 1, 64]],

[ 34, 75, 0,[ 47, 81]],

[ 93, 55, 0,[ 22, 65, 5]],

[ 21, 85, 0,[ 51, 85, 83]],

[ 56, 5, 1,[ 39, 61, 83, 27, 11]],

[ 85, 35, 1,[ 13, 21, 63]],

[ 17, 55, 1,[ 29, 86, 20, 55]],

[ 91, 95, 0,[ 76, 75, 61]],

[ 54, 55, 1,[ 16, 97, 13]],

[ 9, 65, 0,[ 84, 87, 45]],

[ 65, 55, 0,[ 15, 93, 18, 70, 52]],

[ 49, 25, 0,[ 84, 46, 99]],

[ 26, 15, 1,[ 6, 31, 7, 11]],

[ 50, 25, 0,[ 70, 67, 40]],

[ 13, 85, 1,[ 85, 52, 54]],

[ 25, 5, 0,[ 88]],

[ 27, 25, 0,[ 8, 86, 56]],

[ 88, 95, 1,[ 25, 90, 40, 70, 60]],

[ 31, 85, 1,[ 26, 1, 20]],

[ 48, 75, 1,[ 59, 76, 6]],

[ 6, 35, 1,[ 26, 71, 48, 55]],

[ 33, 75, 1,[ 72, 58, 84]],

[ 76, 75, 1,[ 91, 48, 87, 58]],

[ 68, 35, 1,[ 94, 16, 51]],

[ 82, 65, 1,[ 80, 64, 51]],

[ 69, 55, 0,[ 14, 24, 73]],

[ 77, 95, 0,[ 46, 42, 89, 98]],

[ 73, 55, 0,[ 35, 55, 16, 78, 69, 99]],

[ 89, 5, 1,[ 57, 77, 95]],

[ 55, 5, 0,[ 6, 73, 17]],

[ 5, 55, 0,[ 93, 14, 98, 41, 94]],

[ 64, 85, 0,[ 82, 62, 47]],

[ 46, 45, 1,[ 77, 44, 12, 49]],

[ 87, 55, 1,[ 76, 60, 9]],

