[ 65, 15, 1,[ 48, 31, 26, 10]],

[ 32, 5, 0,[ 10, 55, 66, 92]],

[ 66, 5, 0,[ 86, 32, 5]],

[ 12, 65, 1,[ 72, 33, 95]],

[ 94, 95, 1,[ 28, 6, 96, 54]],

[ 80, 65, 0,[ 30, 9, 67]],

[ 3, 95, 1,[ 15, 8, 95]],

[ 25, 45, 1,[ 77, 50, 27]],

[ 55, 45, 1,[ 32, 22]],

[ 62, 55, 1,[ 9, 60, 57, 36]],

[ 82, 15, 0,[ 88, 99, 79]],

[ 96, 85, 0,[ 94, 72, 18]],

[ 34, 65, 1,[ 56, 29, 23]],

[ 83, 5, 1,[ 0, 64, 87, 97, 44, 35]],

[ 14, 95, 1,[ 61, 85, 59, 9]],

[ 7, 95, 0,[ 16, 98, 79]],

[ 15, 55, 1,[ 3, 99, 16]],

[ 53, 85, 1,[ 1, 98, 37]],

[ 36, 5, 1,[ 60, 47, 24, 62, 8]],

[ 40, 75, 0,[ 50, 64, 81, 77]],

[ 95, 75, 0,[ 12, 67, 3, 91, 78]],

[ 84, 95, 0,[ 77, 5, 24]],

[ 64, 85, 1,[ 83, 42, 22, 40, 17]],

[ 75, 75, 0,[ 81, 18, 77]],

[ 24, 95, 0,[ 36, 46, 84]],

[ 56, 45, 0,[ 0, 86, 34, 89]],

[ 99, 15, 0,[ 68, 43, 15, 82, 30]],

[ 76, 65, 0,[ 69, 70, 93, 19]],

[ 20, 65, 1,[ 13, 85, 45]],

[ 46, 95, 0,[ 18, 24, 5]],

[ 57, 5, 1,[ 50, 62, 27]],

[ 19, 5, 0,[ 43, 76, 92, 78]],

[ 60, 45, 1,[ 36, 26, 62]],

[ 45, 45, 1,[ 85, 20, 93]],

[ 98, 25, 1,[ 7, 90, 6, 53]],

[ 11, 5, 1,[ 31, 38, 35]],

[ 42, 45, 0,[ 97, 64, 4]],

[ 72, 75, 0,[ 58, 96, 21, 12]],

[ 13, 95, 0,[ 41, 20, 1]],

[ 93, 75, 1,[ 45, 90, 0, 76]],

[ 97, 45, 0,[ 83, 70, 1, 42]],

[ 48, 25, 0,[ 17, 2, 65]],

[ 9, 15, 1,[ 80, 62, 14]],

[ 44, 75, 0,[ 83, 8]],

[ 43, 45, 1,[ 91, 99, 19]],

[ 2, 65, 1,[ 87, 51, 48, 31]],

[ 91, 75, 1,[ 78, 43, 95]],

[ 70, 65, 1,[ 97, 59, 76]],

[ 49, 95, 1,[ 0, 54, 81]],

[ 5, 35, 1,[ 63, 66, 46, 74, 84]],

[ 90, 5, 0,[ 16, 98, 93]],

[ 81, 75, 0,[ 49, 74, 75, 40]],

[ 38, 15, 1,[ 68, 11, 54]],

[ 51, 85, 0,[ 4, 88, 2]],

[ 67, 5, 1,[ 61, 95, 80]],

[ 8, 75, 0,[ 3, 44, 79, 36]],

[ 35, 95, 0,[ 71, 83, 11]],

[ 79, 35, 1,[ 8, 7, 82]],

[ 1, 35, 1,[ 97, 13, 53, 50]],

[ 85, 35, 0,[ 45, 14, 20]],

[ 89, 95, 0,[ 26, 39, 56]],

[ 73, 65, 1,[ 52, 33, 29]],

[ 87, 75, 1,[ 22, 2, 83]],

[ 37, 55, 0,[ 53, 29, 30]],

[ 33, 5, 0,[ 73, 12, 18]],

[ 16, 5, 1,[ 90, 15, 7]],

[ 61, 25, 0,[ 14, 67]],

[ 39, 25, 0,[ 30, 58, 89]],

[ 31, 75, 0,[ 2, 11, 65]],

[ 92, 5, 0,[ 19, 32, 63]],

[ 22, 25, 0,[ 59, 87, 55, 64]],

[ 52, 15, 0,[ 68, 6, 73]],

[ 88, 15, 0,[ 82, 28, 21, 51]],

[ 26, 75, 0,[ 17, 60, 65, 89]],

[ 18, 35, 1,[ 96, 33, 46, 75]],

[ 50, 85, 1,[ 1, 57, 25, 40]],

[ 6, 45, 0,[ 52, 94, 98]],

[ 77, 85, 1,[ 40, 25, 84, 75]],

[ 69, 5, 1,[ 0, 4, 76]],

[ 74, 35, 0,[ 5, 81, 47]],

[ 4, 15, 1,[ 69, 42, 51]],

[ 59, 25, 0,[ 14, 70, 22]],

[ 21, 25, 1,[ 88, 27, 72]],

[ 10, 5, 0,[ 32, 41, 65]],

[ 58, 45, 1,[ 72, 39, 23]],

[ 28, 15, 1,[ 30, 94, 88]],

[ 47, 85, 1,[ 71, 74, 36]],

[ 71, 95, 0,[ 35, 41, 47]],

[ 54, 85, 0,[ 94, 68, 49, 63, 38]],

[ 23, 15, 0,[ 34, 58, 30]],

[ 17, 25, 0,[ 30, 64, 48, 26]],

[ 0, 95, 1,[ 93, 83, 49, 69, 56]],

[ 78, 5, 0,[ 95, 91, 19]],

[ 63, 15, 1,[ 92, 5, 54]],

[ 29, 15, 0,[ 73, 86, 34, 37]],

[ 30, 25, 1,[ 17, 23, 80, 99, 39, 28, 37]],

[ 41, 35, 1,[ 71, 68, 10, 13]],

[ 68, 75, 0,[ 38, 41, 54, 52, 99]],

[ 86, 35, 1,[ 66, 29, 56]],

[ 27, 35, 1,[ 57, 25, 21]],

