[ 48, 55, 0,[ 68, 47, 34]],

[ 13, 55, 0,[ 54, 12, 78]],

[ 93, 15, 1,[ 4, 27]],

[ 40, 55, 0,[ 52, 84, 62]],

[ 62, 55, 0,[ 94, 81, 22, 40]],

[ 79, 55, 0,[ 84, 39, 61]],

[ 14, 55, 0,[ 28, 68, 18, 86]],

[ 2, 55, 0,[ 90, 87, 0]],

[ 27, 55, 0,[ 29, 25, 28, 93]],

[ 55, 55, 0,[ 23, 76, 47, 1, 74, 41]],

[ 75, 55, 0,[ 60, 61, 46, 24]],

[ 15, 55, 0,[ 90, 65, 34, 16, 73]],

[ 24, 55, 0,[ 75, 26, 57]],

[ 32, 55, 0,[ 46, 67, 23, 5, 1, 65]],

[ 36, 55, 0,[ 37, 50, 77, 28, 3]],

[ 33, 55, 0,[ 96, 39, 5]],

[ 19, 55, 0,[ 61, 31]],

[ 64, 55, 0,[ 43, 26, 51]],

[ 95, 55, 0,[ 12, 85, 54]],

[ 31, 55, 0,[ 76, 72, 42, 70, 19]],

[ 6, 55, 0,[ 20, 8, 21]],

[ 12, 55, 0,[ 95, 44, 13, 0, 11]],

[ 26, 55, 0,[ 64, 44, 24, 58]],

[ 90, 55, 0,[ 15, 25, 2]],

[ 65, 55, 0,[ 16, 15, 32]],

[ 20, 55, 0,[ 52, 6, 84]],

[ 77, 55, 0,[ 83, 36]],

[ 57, 55, 0,[ 24, 29, 58]],

[ 3, 75, 1,[ 36, 42, 67, 1, 99]],

[ 49, 55, 0,[ 69, 42, 59]],

[ 29, 55, 0,[ 35, 17, 27, 57, 86]],

[ 16, 55, 0,[ 65, 85, 15]],

[ 25, 55, 0,[ 90, 52, 27]],

[ 44, 55, 0,[ 46, 12, 26]],

[ 35, 55, 0,[ 73, 29, 0]],

[ 98, 75, 1,[ 43, 5, 30, 97]],

[ 30, 55, 0,[ 91, 88, 98, 10]],

[ 76, 55, 0,[ 31, 67, 55]],

[ 71, 55, 0,[ 63, 45, 7, 99]],

[ 54, 55, 0,[ 81, 13, 95]],

[ 45, 75, 1,[ 71, 88, 96]],

[ 99, 55, 0,[ 71, 3, 21]],

[ 51, 55, 0,[ 22, 64, 58]],

[ 41, 55, 0,[ 55, 68, 7]],

[ 60, 55, 0,[ 78, 75, 80, 47]],

[ 89, 55, 0,[ 56, 97, 88]],

[ 94, 55, 0,[ 53, 91, 38, 62]],

[ 59, 55, 0,[ 66, 37, 49]],

[ 66, 55, 0,[ 59, 50, 18]],

[ 87, 55, 0,[ 2, 92, 72]],

[ 82, 55, 0,[ 92, 47, 83]],

[ 34, 55, 0,[ 48, 21, 7, 15]],

[ 28, 55, 1,[ 27, 92, 14, 36]],

[ 38, 55, 0,[ 4, 70, 94]],

[ 18, 55, 0,[ 14, 43, 66]],

[ 70, 55, 0,[ 31, 69, 38]],

[ 1, 55, 0,[ 55, 32, 3]],

[ 81, 55, 0,[ 54, 0, 62]],

[ 78, 55, 0,[ 13, 60, 68]],

[ 10, 55, 0,[ 46, 8, 30]],

[ 11, 55, 0,[ 12]],

[ 46, 55, 0,[ 10, 32, 44, 75]],

[ 58, 55, 0,[ 26, 57, 51]],

[ 92, 55, 0,[ 28, 82, 87]],

[ 4, 55, 0,[ 96, 61, 93, 38]],

[ 43, 55, 0,[ 56, 53, 64, 98, 18]],

[ 80, 55, 0,[ 97, 17, 60, 37]],

[ 0, 55, 0,[ 12, 35, 81, 2]],

[ 74, 55, 0,[ 55, 23, 9]],

[ 42, 55, 0,[ 49, 31, 3]],

[ 56, 55, 0,[ 63, 53, 89, 43]],

[ 91, 55, 0,[ 17, 30, 94]],

[ 53, 35, 1,[ 56, 43, 86, 94]],

[ 88, 55, 0,[ 45, 30, 89]],

[ 22, 55, 0,[ 5, 51, 62]],

[ 63, 85, 1,[ 56, 47, 71]],

[ 69, 55, 1,[ 49, 84, 70]],

[ 7, 15, 1,[ 34, 97, 71, 41]],

[ 9, 55, 0,[ 8, 47, 74]],

[ 73, 55, 0,[ 15, 97, 35]],

[ 23, 55, 0,[ 74, 55, 32, 52]],

[ 8, 55, 0,[ 6, 9, 10, 52, 50]],

[ 96, 55, 0,[ 33, 37, 4, 45]],

[ 39, 55, 0,[ 33, 37, 79]],

[ 17, 55, 0,[ 80, 29, 91]],

[ 37, 55, 0,[ 96, 80, 39, 59, 36]],

[ 5, 55, 0,[ 32, 33, 22, 98]],

[ 47, 55, 0,[ 82, 63, 72, 55, 60, 9, 48]],

[ 52, 55, 0,[ 20, 25, 40, 23, 8, 67]],

[ 83, 55, 0,[ 85, 82, 77]],

[ 97, 55, 0,[ 98, 73, 80, 7, 89]],

[ 21, 55, 0,[ 34, 6, 99]],

[ 84, 55, 0,[ 79, 20, 40, 69]],

[ 72, 55, 0,[ 87, 31, 47]],

[ 86, 85, 1,[ 53, 14, 29]],

[ 68, 55, 0,[ 78, 41, 48, 14]],

[ 61, 55, 0,[ 19, 75, 4, 79]],

[ 50, 55, 0,[ 8, 66, 36]],

[ 67, 55, 0,[ 3, 52, 76, 32]],

[ 85, 55, 0,[ 83, 95, 16]],

