[ 12, 15, 0,[ 82, 73, 22]],

[ 39, 65, 1,[ 8, 6, 77]],

[ 50, 15, 0,[ 5, 29, 6, 95, 73]],

[ 19, 25, 1,[ 86, 82, 31]],

[ 38, 15, 0,[ 66, 48, 2]],

[ 77, 15, 0,[ 41, 39, 83, 92, 1]],

[ 59, 95, 1,[ 1, 27, 70]],

[ 78, 5, 1,[ 63, 52, 28, 25, 46]],

[ 15, 85, 0,[ 18, 28, 91]],

[ 93, 15, 0,[ 46, 49, 84, 22]],

[ 64, 15, 0,[ 34, 30, 69]],

[ 61, 65, 1,[ 11, 4, 71, 72, 94]],

[ 58, 15, 0,[ 85, 87, 51]],

[ 14, 15, 0,[ 62, 90, 23]],

[ 96, 15, 1,[ 83, 5, 88, 7, 32]],

[ 29, 5, 1,[ 50, 8, 71]],

[ 87, 15, 1,[ 4, 58, 40]],

[ 76, 35, 1,[ 31, 56, 85, 6, 16]],

[ 27, 95, 0,[ 43, 59]],

[ 69, 15, 0,[ 2, 57, 64, 37]],

[ 44, 45, 1,[ 7, 48]],

[ 67, 85, 0,[ 71, 89, 94]],

[ 16, 95, 1,[ 63, 76, 20, 70]],

[ 5, 15, 0,[ 96, 50, 47]],

[ 65, 15, 0,[ 80, 98]],

[ 45, 75, 0,[ 66, 9, 17, 54]],

[ 99, 45, 1,[ 82, 37, 10]],

[ 81, 55, 1,[ 55, 28, 35]],

[ 92, 65, 1,[ 77, 2, 89]],

[ 75, 75, 1,[ 17, 90, 68, 72]],

[ 49, 15, 0,[ 93, 11, 53]],

[ 70, 95, 0,[ 59, 43, 16, 86, 97]],

[ 71, 65, 1,[ 29, 61, 2, 67, 85, 17]],

[ 33, 75, 0,[ 54, 79, 17]],

[ 51, 15, 1,[ 54, 9, 58, 37]],

[ 86, 15, 0,[ 56, 70, 43, 19]],

[ 3, 35, 0,[ 35, 79, 68]],

[ 36, 15, 0,[ 54, 40, 91]],

[ 72, 35, 1,[ 74, 25, 75, 61]],

[ 52, 5, 1,[ 20, 4, 78]],

[ 66, 15, 1,[ 38, 37, 45]],

[ 68, 85, 1,[ 3, 0, 75]],

[ 41, 15, 0,[ 77, 9, 13]],

[ 60, 5, 0,[ 21, 34, 62]],

[ 82, 45, 1,[ 19, 12, 99]],

[ 56, 65, 1,[ 31, 76, 86]],

[ 31, 15, 1,[ 76, 10, 19, 56]],

[ 83, 15, 0,[ 96, 77, 89]],

[ 24, 65, 1,[ 79, 26, 8]],

[ 23, 15, 1,[ 10, 89, 14]],

[ 48, 15, 1,[ 74, 13, 44, 38]],

[ 11, 95, 0,[ 88, 61, 49]],

[ 0, 85, 0,[ 88, 68]],

[ 30, 15, 0,[ 74, 90, 64]],

[ 95, 5, 1,[ 25, 50, 46]],

[ 1, 15, 0,[ 77, 59, 53, 91]],

[ 90, 15, 0,[ 75, 14, 57, 30]],

[ 4, 75, 0,[ 52, 87, 84, 61]],

[ 46, 5, 1,[ 95, 79, 93, 78]],

[ 94, 85, 1,[ 21, 67, 61]],

[ 79, 5, 1,[ 33, 24, 46, 42, 3]],

[ 21, 75, 0,[ 60, 94, 84]],

[ 91, 15, 0,[ 15, 36, 54, 1]],

[ 47, 15, 0,[ 5, 53, 6, 80]],

[ 8, 55, 1,[ 29, 39, 24]],

[ 17, 65, 1,[ 75, 45, 33, 71]],

[ 37, 45, 1,[ 26, 99, 13, 69, 51, 66]],

[ 7, 15, 0,[ 44, 96, 57]],

[ 22, 15, 1,[ 12, 98, 93]],

[ 18, 85, 0,[ 15, 32, 10]],

[ 84, 35, 1,[ 55, 4, 21, 93]],

[ 97, 45, 1,[ 70, 42, 73]],

[ 6, 45, 1,[ 76, 50, 47, 39]],

[ 10, 15, 1,[ 23, 31, 18, 99]],

[ 80, 15, 1,[ 47, 35, 42, 65]],

[ 2, 15, 0,[ 38, 71, 69, 92]],

[ 13, 45, 1,[ 37, 48, 9, 41]],

[ 35, 55, 1,[ 40, 81, 3, 80]],

[ 63, 75, 0,[ 16, 54, 78]],

[ 32, 85, 1,[ 18, 26, 96]],

[ 89, 15, 1,[ 83, 23, 92, 67]],

[ 28, 75, 0,[ 78, 15, 81]],

[ 57, 15, 0,[ 90, 69, 7]],

[ 40, 15, 0,[ 35, 36, 85, 87]],

[ 88, 95, 1,[ 0, 55, 11, 96]],

[ 55, 55, 0,[ 88, 81, 84]],

[ 53, 15, 0,[ 1, 47, 49]],

[ 74, 15, 1,[ 30, 48, 72, 62]],

[ 54, 85, 1,[ 36, 51, 63, 45, 33, 91]],

[ 98, 15, 0,[ 22, 20, 65]],

[ 85, 15, 0,[ 71, 40, 76, 58]],

[ 25, 45, 0,[ 95, 78, 72]],

[ 42, 35, 1,[ 97, 79, 34, 80]],

[ 20, 15, 0,[ 16, 52, 98]],

[ 9, 15, 0,[ 51, 41, 13, 45]],

[ 62, 15, 1,[ 74, 60, 14]],

[ 73, 15, 0,[ 12, 97, 50]],

[ 26, 95, 1,[ 37, 32, 24]],

[ 34, 5, 0,[ 64, 42, 60]],

[ 43, 95, 0,[ 70, 27, 86]],

