[ 31, 25, 0,[ 43, 37, 23, 97, 36]],

[ 65, 85, 1,[ 29, 27, 11, 50]],

[ 75, 15, 0,[ 89, 21, 84, 91]],

[ 73, 95, 1,[ 1, 79, 64]],

[ 86, 5, 1,[ 35, 79, 44]],

[ 85, 95, 1,[ 76, 7, 66, 14]],

[ 71, 5, 0,[ 35, 49, 66, 77, 62]],

[ 45, 75, 1,[ 60, 13, 70]],

[ 32, 15, 0,[ 83, 36, 64]],

[ 66, 25, 0,[ 16, 71, 85, 40, 96]],

[ 6, 25, 0,[ 98, 37, 28]],

[ 2, 85, 1,[ 18, 57, 63]],

[ 26, 25, 0,[ 68, 51]],

[ 10, 5, 0,[ 43, 80, 54]],

[ 35, 5, 0,[ 71, 86, 58]],

[ 79, 25, 1,[ 9, 0, 73, 86]],

[ 63, 85, 1,[ 2, 27, 8]],

[ 21, 5, 1,[ 76, 75, 24]],

[ 3, 65, 1,[ 33, 90, 58]],

[ 22, 55, 0,[ 57, 95, 67]],

[ 18, 85, 1,[ 64, 0, 2]],

[ 13, 75, 0,[ 48, 61, 45]],

[ 41, 35, 1,[ 47, 62, 94]],

[ 80, 5, 0,[ 83, 47, 10]],

[ 95, 5, 0,[ 15, 22, 14]],

[ 12, 45, 1,[ 83, 17, 51]],

[ 38, 45, 1,[ 89, 34, 57, 76]],

[ 53, 15, 1,[ 72, 5]],

[ 94, 35, 0,[ 67, 4, 41]],

[ 54, 75, 0,[ 74, 10, 61]],

[ 47, 5, 1,[ 69, 80, 74, 59, 41]],

[ 15, 45, 1,[ 95, 44, 25]],

[ 74, 25, 1,[ 47, 50, 54, 98, 24]],

[ 55, 25, 1,[ 49, 87, 23]],

[ 30, 25, 1,[ 90, 61, 68, 88]],

[ 40, 25, 0,[ 66, 78, 5]],

[ 90, 25, 0,[ 96, 30, 3]],

[ 1, 5, 1,[ 9, 73, 62]],

[ 28, 65, 1,[ 91, 62, 6, 78]],

[ 39, 5, 1,[ 11, 46, 93]],

[ 43, 95, 1,[ 10, 31, 77]],

[ 4, 35, 1,[ 56, 94, 17]],

[ 87, 25, 0,[ 70, 42, 55]],

[ 27, 25, 1,[ 58, 65, 63]],

[ 48, 75, 0,[ 13, 97, 91]],

[ 64, 65, 1,[ 32, 44, 18, 73]],

[ 59, 5, 0,[ 77, 47, 82]],

[ 76, 45, 0,[ 85, 21, 38]],

[ 19, 25, 0,[ 24, 88, 58, 84]],

[ 77, 45, 1,[ 25, 43, 92, 71, 59]],

[ 96, 25, 0,[ 66, 90, 60]],

[ 51, 25, 0,[ 12, 81, 26]],

[ 44, 5, 0,[ 86, 15, 64]],

[ 25, 25, 1,[ 15, 89, 81, 77]],

[ 50, 75, 1,[ 65, 83, 74]],

[ 23, 25, 0,[ 31, 55, 68]],

[ 11, 85, 1,[ 39, 65]],

[ 57, 75, 1,[ 22, 38, 2]],

[ 52, 15, 0,[ 7, 42]],

[ 46, 5, 0,[ 56, 39, 82]],

[ 34, 15, 1,[ 38, 58, 7]],

[ 99, 25, 0,[ 16, 20]],

[ 82, 5, 0,[ 46, 59, 93]],

[ 7, 15, 0,[ 85, 52, 34]],

[ 8, 85, 0,[ 17, 63, 37]],

[ 92, 45, 0,[ 42, 77, 0]],

[ 78, 35, 0,[ 97, 28, 40, 29]],

[ 91, 15, 1,[ 28, 75, 62, 93, 69, 48]],

[ 60, 25, 1,[ 96, 16, 45]],

[ 61, 75, 0,[ 30, 54, 13]],

[ 56, 35, 0,[ 4, 46, 67]],

[ 89, 15, 0,[ 36, 38, 25, 75]],

[ 9, 85, 1,[ 81, 1, 79]],

[ 67, 55, 1,[ 94, 56, 22]],

[ 16, 25, 0,[ 60, 99, 66]],

[ 93, 5, 1,[ 39, 82, 91, 17]],

[ 33, 25, 0,[ 3, 0, 97, 84]],

[ 42, 25, 0,[ 92, 87, 52]],

[ 97, 25, 0,[ 48, 33, 31, 78]],

[ 81, 25, 0,[ 51, 25, 9]],

[ 24, 25, 0,[ 19, 74, 21]],

[ 70, 45, 1,[ 87, 45, 14]],

[ 36, 15, 1,[ 32, 31, 89, 20]],

[ 37, 25, 0,[ 8, 6, 31]],

[ 84, 25, 0,[ 98, 75, 33, 19]],

[ 0, 85, 1,[ 33, 79, 92, 18]],

[ 5, 5, 1,[ 20, 53, 40]],

[ 17, 45, 0,[ 93, 12, 4, 8]],

[ 49, 15, 1,[ 69, 71, 55]],

[ 72, 35, 0,[ 14, 53, 29]],

[ 20, 15, 0,[ 5, 99, 36]],

[ 62, 95, 1,[ 71, 28, 1, 91, 41]],

[ 88, 25, 0,[ 30, 19, 83]],

[ 29, 35, 1,[ 65, 72, 78, 68]],

[ 14, 5, 1,[ 95, 70, 85, 72]],

[ 58, 35, 1,[ 35, 3, 19, 27, 34]],

[ 68, 25, 0,[ 30, 23, 29, 26]],

[ 83, 5, 1,[ 80, 50, 12, 88, 32]],

[ 98, 25, 1,[ 74, 84, 6]],

[ 69, 75, 1,[ 49, 91, 47]],

[ 13, 15, 0,[ 99, 16, 14]],

[ 76, 15, 0,[ 67, 27, 39, 56]],

[ 34, 15, 0,[ 91, 61, 73]],

[ 14, 15, 0,[ 13, 32, 54]],

[ 6, 15, 0,[ 69, 95, 78, 11]],

[ 36, 15, 0,[ 48, 79, 91]],

[ 58, 15, 0,[ 97, 21, 70]],

[ 0, 15, 0,[ 69, 89, 87]],

[ 99, 15, 0,[ 56, 41, 94, 13]],

[ 16, 15, 0,[ 15, 60, 13]],

[ 88, 15, 0,[ 39, 59]],

[ 95, 15, 0,[ 29, 35, 46, 67, 6]],

[ 68, 15, 0,[ 90, 19, 33]],

[ 5, 15, 0,[ 9, 87, 81]],

[ 23, 15, 0,[ 64, 35, 85, 4]],

[ 17, 15, 0,[ 62, 38, 24]],

[ 86, 15, 0,[ 29, 75, 12, 81, 87]],

[ 42, 15, 0,[ 22, 55, 26]],

[ 37, 55, 1,[ 15, 28, 47]],

[ 72, 15, 0,[ 2, 15, 75]],

[ 46, 15, 0,[ 53, 32, 95]],

[ 74, 15, 0,[ 30, 51, 2]],

[ 84, 15, 0,[ 62, 45, 54, 66]],

[ 78, 15, 0,[ 63, 33, 6, 65]],

[ 38, 15, 0,[ 67, 94, 17]],

[ 22, 15, 0,[ 62, 57, 42]],

[ 35, 35, 1,[ 95, 48, 23]],

[ 89, 95, 1,[ 65, 15, 0]],

[ 94, 15, 0,[ 38, 53, 47, 99]],

[ 48, 15, 0,[ 35, 92, 80, 36]],

[ 67, 15, 0,[ 38, 95, 76]],

[ 10, 15, 0,[ 9, 43, 60]],

[ 26, 15, 0,[ 51, 52, 42]],

[ 31, 85, 1,[ 28, 3, 82]],

[ 92, 15, 0,[ 48, 27, 19]],

[ 28, 15, 0,[ 37, 31, 2]],

[ 30, 15, 0,[ 12, 74, 8]],

[ 32, 15, 0,[ 93, 46, 14]],

[ 27, 15, 0,[ 92, 59, 76, 81]],

[ 49, 15, 0,[ 12, 71, 50]],

[ 54, 15, 0,[ 84, 14, 25]],

[ 4, 15, 0,[ 9, 45, 23]],

[ 93, 15, 0,[ 56, 79, 32]],

[ 9, 15, 0,[ 4, 5, 19, 10]],

[ 73, 15, 0,[ 20, 64, 34, 25]],

[ 15, 15, 0,[ 3, 16, 37, 72, 89]],

[ 24, 15, 1,[ 83, 77, 17]],

[ 82, 15, 0,[ 1, 31, 56]],

[ 56, 15, 0,[ 99, 93, 60, 52, 82, 76]],

[ 45, 15, 0,[ 55, 84, 98, 4]],

[ 47, 15, 0,[ 75, 94, 37, 20]],

[ 39, 15, 0,[ 88, 76, 70]],

[ 51, 15, 0,[ 26, 74, 85]],

[ 19, 15, 0,[ 68, 9, 61, 92]],

[ 96, 15, 1,[ 12, 21, 57]],

[ 7, 15, 0,[ 70, 57, 63]],

[ 33, 15, 0,[ 68, 78, 71]],

[ 83, 15, 0,[ 24, 44, 65]],

[ 40, 15, 0,[ 77, 97, 65]],

[ 90, 15, 0,[ 68, 25, 21]],

[ 50, 15, 0,[ 49, 52, 97]],

[ 1, 15, 0,[ 41, 43, 3, 69, 82]],

[ 3, 15, 0,[ 31, 1, 15]],

[ 61, 15, 1,[ 70, 44, 34, 19]],

[ 41, 15, 0,[ 99, 21, 1]],

[ 77, 15, 0,[ 11, 97, 40, 53, 24]],

[ 70, 15, 0,[ 39, 7, 18, 58, 61]],

[ 80, 5, 1,[ 48, 2]],

[ 8, 25, 1,[ 30, 25, 21]],

[ 55, 15, 0,[ 20, 42, 45, 79]],

[ 44, 15, 0,[ 83, 91, 61]],

[ 63, 15, 0,[ 7, 78, 53]],

[ 20, 15, 0,[ 73, 47, 55]],

[ 12, 15, 0,[ 49, 18, 86, 30, 96]],

[ 64, 15, 0,[ 73, 23, 2]],

[ 65, 15, 0,[ 40, 83, 89, 78]],

[ 59, 15, 0,[ 88, 27, 98]],

[ 75, 15, 0,[ 86, 72, 47]],

[ 25, 15, 0,[ 66, 90, 73, 11, 8, 54]],

[ 98, 15, 0,[ 2, 59, 45]],

[ 43, 15, 0,[ 85, 10, 1]],

[ 53, 15, 0,[ 94, 46, 77, 63]],

[ 87, 15, 0,[ 5, 29, 86, 0]],

[ 18, 15, 0,[ 70, 12, 97]],

[ 71, 15, 0,[ 33, 91, 49]],

[ 29, 15, 0,[ 95, 86, 87]],

[ 85, 15, 0,[ 43, 23, 51]],

[ 57, 15, 0,[ 7, 96, 22]],

[ 21, 15, 0,[ 41, 96, 90, 8, 58]],

[ 52, 65, 1,[ 56, 26, 50]],

[ 60, 15, 0,[ 16, 56, 10]],

[ 69, 15, 0,[ 6, 1, 0]],

[ 62, 15, 0,[ 17, 84, 22]],

[ 97, 15, 0,[ 58, 77, 40, 50, 18]],

[ 91, 15, 0,[ 44, 71, 34, 66, 36]],

[ 66, 15, 0,[ 91, 84, 25]],

[ 81, 15, 0,[ 5, 27, 86]],

[ 11, 15, 0,[ 6, 77, 25]],

[ 2, 15, 0,[ 98, 28, 80, 74, 72, 64]],

[ 79, 15, 0,[ 36, 93, 55]],

