[ 65, 45, 1,[ 93, 33, 24]],

[ 42, 35, 0,[ 25, 78, 59]],

[ 50, 65, 1,[ 80, 66, 39, 58]],

[ 73, 65, 1,[ 35, 34, 63, 41]],

[ 51, 35, 0,[ 30, 72, 57]],

[ 10, 35, 0,[ 96, 77, 2]],

[ 15, 35, 1,[ 77, 86, 23]],

[ 48, 35, 0,[ 38, 9, 41]],

[ 81, 35, 0,[ 67, 96, 23]],

[ 1, 85, 1,[ 90, 21, 0, 69]],

[ 40, 35, 1,[ 38, 75, 59, 53, 89]],

[ 80, 35, 0,[ 19, 50, 82, 0]],

[ 3, 35, 1,[ 32, 35, 92]],

[ 29, 35, 0,[ 13, 99, 82]],

[ 87, 35, 0,[ 7, 99, 98, 36]],

[ 34, 35, 1,[ 73, 5, 53]],

[ 17, 35, 0,[ 26, 56, 31, 60]],

[ 68, 35, 0,[ 93, 69, 6]],

[ 20, 35, 0,[ 76, 8, 62, 32]],

[ 99, 35, 0,[ 78, 87, 29]],

[ 25, 35, 1,[ 42, 18, 85, 70]],

[ 21, 55, 1,[ 61, 45, 1, 16]],

[ 5, 45, 1,[ 34, 84, 43]],

[ 89, 35, 0,[ 40, 8, 61]],

[ 69, 35, 1,[ 68, 1, 58]],

[ 97, 35, 0,[ 4, 74, 16]],

[ 7, 35, 0,[ 87, 71, 52, 94]],

[ 16, 35, 0,[ 97, 21, 66]],

[ 26, 35, 0,[ 95, 18, 17]],

[ 37, 35, 0,[ 33, 91]],

[ 4, 35, 1,[ 24, 41, 84, 97]],

[ 8, 35, 0,[ 20, 28, 59, 89]],

[ 53, 25, 1,[ 64, 34, 40, 28]],

[ 36, 35, 1,[ 27, 87, 90, 0]],

[ 11, 35, 1,[ 79, 49, 61]],

[ 95, 35, 0,[ 9, 26, 44]],

[ 70, 35, 1,[ 71, 92, 25]],

[ 59, 35, 0,[ 42, 40, 8]],

[ 43, 45, 1,[ 14, 5, 98]],

[ 96, 35, 0,[ 10, 81, 62]],

[ 55, 85, 1,[ 6, 54, 88, 76]],

[ 54, 55, 1,[ 33, 76, 49, 55]],

[ 88, 35, 0,[ 56, 55, 30, 57]],

[ 61, 35, 0,[ 35, 11, 89, 21]],

[ 33, 35, 0,[ 65, 37, 54]],

[ 44, 35, 0,[ 91, 95, 63]],

[ 46, 35, 0,[ 12, 47, 79]],

[ 93, 35, 1,[ 65, 39, 68]],

[ 94, 35, 1,[ 76, 75, 7]],

[ 24, 35, 0,[ 12, 65, 4]],

[ 71, 35, 1,[ 60, 7, 39, 70]],

[ 79, 35, 0,[ 74, 46, 11, 90]],

[ 18, 45, 1,[ 25, 26, 6]],

[ 60, 35, 1,[ 71, 17, 91]],

[ 27, 55, 1,[ 22, 36, 28]],

[ 62, 35, 0,[ 20, 96, 76]],

[ 19, 35, 0,[ 80, 45, 83]],

[ 56, 35, 0,[ 75, 88, 17]],

[ 82, 35, 0,[ 80, 29, 22, 2]],

[ 85, 85, 1,[ 25, 67, 86]],

[ 75, 35, 0,[ 94, 40, 56]],

[ 38, 95, 1,[ 48, 31, 40, 72]],

[ 90, 35, 0,[ 36, 79, 1]],

[ 28, 35, 1,[ 53, 27, 8]],

[ 64, 85, 1,[ 53, 92]],

[ 35, 35, 0,[ 23, 52, 73, 3, 61]],

[ 14, 35, 1,[ 43, 83, 91]],

[ 6, 35, 0,[ 18, 55, 68, 12, 13]],

[ 2, 25, 1,[ 82, 10, 9]],

[ 74, 35, 0,[ 58, 32, 97, 79]],

[ 12, 35, 1,[ 24, 6, 46]],

[ 47, 35, 1,[ 13, 46, 31]],

[ 76, 35, 0,[ 55, 94, 20, 54, 62]],

[ 22, 35, 0,[ 27, 82, 9]],

[ 0, 25, 1,[ 80, 67, 36, 1]],

[ 23, 35, 0,[ 15, 81, 35, 52]],

[ 86, 35, 1,[ 15, 84, 85]],

[ 41, 35, 1,[ 4, 57, 48, 78, 73, 72]],

[ 66, 35, 0,[ 77, 16, 50]],

[ 58, 35, 1,[ 50, 74, 69]],

[ 78, 25, 1,[ 41, 99, 42, 13]],

[ 31, 35, 0,[ 17, 47, 83, 38, 30]],

[ 52, 35, 0,[ 92, 23, 7, 35]],

[ 84, 35, 0,[ 91, 4, 86, 5]],

[ 98, 35, 1,[ 87, 43, 83]],

[ 77, 55, 1,[ 15, 66, 10]],

[ 83, 35, 1,[ 31, 14, 98, 19]],

[ 45, 35, 1,[ 19, 92, 21]],

[ 57, 35, 1,[ 41, 51, 88]],

[ 67, 5, 1,[ 81, 0, 85]],

[ 72, 35, 0,[ 38, 41, 51]],

[ 9, 45, 1,[ 22, 2, 48, 95]],

[ 49, 45, 1,[ 54, 11, 63]],

[ 91, 35, 1,[ 14, 37, 84, 60, 44]],

[ 13, 35, 0,[ 29, 78, 6, 47]],

[ 63, 55, 1,[ 49, 44, 73]],

[ 39, 35, 0,[ 50, 93, 71]],

[ 32, 35, 0,[ 3, 20, 74]],

[ 92, 35, 0,[ 3, 70, 52, 64, 45]],

[ 30, 15, 1,[ 31, 88, 51]],

