[ 36, 25, 1,[ 81, 12, 48]],

[ 60, 95, 1,[ 18, 61, 92]],

[ 92, 25, 0,[ 60, 95, 72, 63]],

[ 30, 45, 1,[ 8, 18]],

[ 74, 25, 1,[ 83, 97, 4]],

[ 46, 25, 0,[ 35, 48, 5]],

[ 6, 25, 0,[ 99, 58, 56, 4]],

[ 98, 25, 1,[ 78, 79, 90]],

[ 58, 25, 1,[ 86, 6, 40, 45, 11]],

[ 24, 25, 0,[ 57, 19, 29, 75]],

[ 90, 25, 0,[ 23, 98, 81, 39]],

[ 37, 25, 0,[ 82, 35, 96, 22, 31]],

[ 67, 35, 1,[ 99, 97, 59]],

[ 71, 25, 0,[ 83, 63, 85]],

[ 20, 25, 0,[ 21, 13, 22]],

[ 25, 95, 1,[ 34, 11, 23]],

[ 22, 55, 1,[ 20, 37, 89]],

[ 11, 25, 1,[ 12, 58, 25]],

[ 0, 55, 1,[ 82, 16, 17, 76]],

[ 62, 25, 1,[ 44, 61, 93]],

[ 73, 95, 1,[ 28, 27, 45]],

[ 7, 25, 0,[ 79, 99, 77, 41]],

[ 23, 25, 0,[ 90, 21, 25, 72]],

[ 88, 25, 0,[ 89, 32, 3, 39, 51]],

[ 51, 55, 1,[ 88, 4, 49]],

[ 82, 25, 0,[ 0, 68, 37, 87]],

[ 63, 25, 1,[ 56, 92, 71]],

[ 84, 25, 0,[ 85, 61, 40]],

[ 66, 25, 0,[ 2, 17, 64, 38, 69, 52]],

[ 49, 5, 1,[ 47, 68, 51]],

[ 96, 25, 0,[ 33, 34, 37]],

[ 79, 25, 0,[ 80, 7, 98]],

[ 27, 95, 1,[ 28, 73]],

[ 65, 25, 1,[ 64, 4, 75]],

[ 85, 25, 0,[ 71, 43, 84, 33, 95]],

[ 18, 45, 1,[ 48, 30, 60]],

[ 3, 25, 1,[ 81, 88, 91]],

[ 83, 25, 1,[ 71, 74, 5, 2]],

[ 61, 25, 0,[ 97, 62, 84, 59, 60, 75, 9, 50]],

[ 1, 25, 1,[ 26, 95, 70]],

[ 43, 25, 1,[ 85, 57, 44]],

[ 80, 25, 0,[ 79, 15, 70]],

[ 55, 15, 1,[ 40, 54]],

[ 72, 25, 0,[ 92, 23, 94]],

[ 38, 25, 1,[ 66, 45, 95]],

[ 4, 25, 1,[ 65, 6, 51, 74]],

[ 78, 25, 1,[ 50, 98, 81]],

[ 68, 25, 0,[ 32, 42, 49, 82]],

[ 19, 25, 0,[ 26, 21, 24]],

[ 64, 25, 1,[ 35, 66, 53, 65, 94]],

[ 31, 25, 0,[ 48, 37, 16]],

[ 59, 25, 0,[ 67, 41, 5, 61]],

[ 48, 25, 0,[ 31, 52, 46, 36, 47, 18]],

[ 14, 35, 1,[ 42, 35, 16]],

[ 26, 25, 0,[ 1, 81, 19]],

[ 2, 85, 1,[ 66, 28, 83]],

[ 40, 25, 0,[ 55, 58, 84, 15]],

[ 52, 25, 0,[ 66, 48, 10, 42]],

[ 93, 25, 1,[ 69, 16, 62]],

[ 34, 35, 1,[ 96, 50, 25]],

[ 94, 25, 0,[ 72, 64, 91]],

[ 91, 75, 1,[ 17, 94, 3]],

[ 10, 25, 0,[ 52, 9, 33]],

[ 28, 95, 1,[ 73, 2, 27, 53]],

[ 41, 25, 1,[ 81, 7, 59]],

[ 32, 25, 0,[ 29, 68, 88]],

[ 77, 75, 1,[ 53, 7, 76]],

[ 29, 25, 0,[ 32, 24, 86]],

[ 15, 85, 1,[ 40, 80, 13]],

[ 45, 25, 1,[ 38, 73, 58]],

[ 12, 25, 1,[ 86, 36, 11]],

[ 50, 25, 1,[ 78, 61, 34, 9]],

[ 5, 25, 1,[ 46, 59, 83]],

[ 99, 25, 0,[ 67, 7, 6]],

[ 97, 25, 0,[ 74, 61, 67]],

[ 87, 25, 0,[ 16, 86, 82]],

[ 39, 15, 1,[ 90, 88]],

[ 35, 25, 0,[ 46, 37, 14, 76, 64]],

[ 56, 25, 0,[ 6, 63]],

[ 86, 15, 1,[ 58, 29, 87, 12]],

[ 75, 25, 0,[ 61, 65, 24]],

[ 89, 25, 0,[ 88, 47, 22]],

[ 33, 25, 0,[ 96, 10, 85]],

[ 17, 25, 0,[ 0, 91, 66]],

[ 42, 25, 0,[ 44, 14, 52, 81, 68]],

[ 47, 55, 1,[ 49, 48, 89]],

[ 54, 25, 0,[ 55, 95]],

[ 53, 85, 1,[ 64, 28, 77]],

[ 8, 25, 0,[ 9, 30, 70]],

[ 69, 15, 1,[ 66, 70, 93]],

[ 9, 25, 1,[ 50, 8, 10, 61, 57]],

[ 44, 25, 0,[ 42, 62, 43]],

[ 57, 25, 1,[ 24, 9, 43]],

[ 76, 25, 0,[ 0, 35, 77]],

[ 95, 25, 0,[ 13, 54, 38, 92, 85, 1]],

[ 81, 25, 0,[ 26, 3, 42, 78, 36, 90, 41]],

[ 70, 25, 1,[ 1, 8, 80, 69]],

[ 16, 25, 0,[ 14, 31, 93, 0, 87]],

[ 13, 25, 0,[ 20, 15, 95]],

[ 21, 75, 1,[ 23, 20, 19]],

