[ 40, 55, 0,[ 48, 45, 81]],

[ 49, 55, 0,[ 39, 8, 74]],

[ 3, 65, 1,[ 74, 42, 29, 92, 41, 21, 44, 8, 72, 73, 66, 7, 58, 53]],

[ 22, 55, 0,[ 65, 86, 96]],

[ 35, 55, 0,[ 90, 67, 26, 92, 86]],

[ 44, 45, 0,[ 16, 28, 71, 14, 21, 3]],

[ 32, 55, 0,[ 88, 4]],

[ 27, 55, 0,[ 69, 11, 88]],

[ 53, 5, 1,[ 75, 76, 37, 51, 91, 73, 4, 94, 3, 74, 41, 89, 26]],

[ 73, 55, 0,[ 82, 3, 66, 53, 98]],

[ 14, 25, 1,[ 44, 38, 78, 64, 97, 9, 68, 77]],

[ 94, 35, 0,[ 98, 53, 64]],

[ 98, 15, 1,[ 5, 94, 95, 55, 20, 6, 39, 87, 21, 85, 73, 11]],

[ 78, 55, 0,[ 14, 80, 61]],

[ 6, 55, 0,[ 98, 68, 43, 45]],

[ 83, 65, 0,[ 69, 16, 38]],

[ 51, 75, 0,[ 53, 66, 69]],

[ 5, 55, 0,[ 98, 90, 65]],

[ 91, 35, 0,[ 76, 53, 28]],

[ 17, 55, 0,[ 72, 28]],

[ 89, 55, 0,[ 80, 86, 53, 1, 84]],

[ 71, 45, 0,[ 45, 44, 2]],

[ 13, 55, 0,[ 93, 56, 63]],

[ 43, 55, 0,[ 6, 86, 37]],

[ 9, 55, 0,[ 86, 59, 14]],

[ 90, 55, 0,[ 45, 35, 62, 5]],

[ 46, 55, 0,[]],

[ 92, 55, 0,[ 3, 69, 35]],

[ 59, 55, 0,[ 30, 9, 36]],

[ 63, 55, 0,[ 13, 95, 48]],

[ 84, 55, 0,[ 89, 28, 4]],

[ 37, 55, 0,[ 96, 43, 53]],

[ 52, 35, 0,[ 79, 1, 82]],

[ 74, 55, 0,[ 3, 24, 53, 49, 28]],

[ 62, 55, 0,[ 90, 93, 76, 45]],

[ 88, 55, 0,[ 99, 27, 15, 93, 32, 26, 28]],

[ 72, 55, 0,[ 3, 17, 93]],

[ 60, 55, 0,[ 54, 69, 97, 70, 55]],

[ 87, 55, 0,[ 57, 98, 42]],

[ 33, 55, 0,[ 25, 66, 69]],

[ 34, 55, 0,[ 57, 29, 70]],

[ 2, 25, 0,[ 86, 69, 71]],

[ 96, 55, 0,[ 20, 22, 54, 37, 24, 77, 10]],

[ 82, 55, 0,[ 70, 52, 73]],

[ 64, 55, 0,[ 14, 93, 80, 58, 94]],

[ 75, 75, 0,[ 99, 53, 86]],

[ 48, 55, 0,[ 40, 70, 0, 28, 63]],

[ 99, 55, 0,[ 88, 75, 97]],

[ 11, 55, 0,[ 50, 27, 98, 7]],

[ 12, 55, 0,[ 38, 28, 69]],

[ 31, 55, 0,[ 93, 42, 70]],

[ 4, 55, 0,[ 84, 53, 32]],

[ 80, 55, 0,[ 64, 89, 78]],

[ 23, 55, 0,[ 19, 70, 15]],

[ 42, 55, 0,[ 3, 87, 31]],

[ 81, 55, 0,[ 40, 70, 45]],

[ 69, 75, 1,[ 51, 8, 12, 77, 92, 30, 60, 2, 27, 33, 83]],

[ 38, 55, 0,[ 12, 14, 83]],

[ 54, 55, 0,[ 47, 96, 60]],

[ 0, 55, 0,[ 85, 48, 50]],

[ 41, 55, 0,[ 7, 3, 53]],

[ 1, 55, 0,[ 7, 97, 52, 18, 89]],

[ 20, 55, 0,[ 96, 98, 61]],

[ 36, 55, 0,[ 59, 95]],

[ 86, 85, 1,[ 2, 18, 56, 9, 89, 19, 43, 79, 22, 35, 47, 75]],

[ 66, 55, 0,[ 51, 33, 73, 3]],

[ 28, 85, 1,[ 56, 88, 10, 57, 61, 12, 48, 74, 25, 91, 17, 44, 68, 84]],

[ 97, 55, 0,[ 70, 99, 60, 1, 14]],

[ 10, 55, 0,[ 28, 96, 29]],

[ 67, 55, 0,[ 35, 70, 45]],

[ 16, 45, 0,[ 45, 83, 44]],

[ 76, 35, 0,[ 53, 91, 62]],

[ 55, 55, 0,[ 70, 98, 60]],

[ 7, 55, 0,[ 1, 11, 41, 3]],

[ 93, 55, 1,[ 88, 79, 13, 64, 62, 31, 72, 24]],

[ 39, 55, 0,[ 19, 45, 49, 98]],

[ 56, 55, 0,[ 86, 15, 13, 28]],

[ 21, 45, 0,[ 98, 3, 44]],

[ 50, 55, 0,[ 11, 70, 0]],

[ 26, 55, 0,[ 88, 35, 53]],

[ 18, 55, 0,[ 1, 86]],

[ 61, 55, 0,[ 20, 78, 28]],

[ 65, 55, 0,[ 5, 45, 22]],

[ 68, 55, 0,[ 28, 6, 14]],

[ 77, 55, 0,[ 96, 14, 69]],

[ 58, 55, 0,[ 3, 64, 70]],

[ 95, 55, 0,[ 98, 25, 63, 36]],

[ 8, 55, 0,[ 3, 69, 49]],

[ 30, 5, 0,[ 69, 45, 59]],

[ 45, 35, 1,[ 67, 62, 90, 81, 30, 65, 6, 57, 39, 71, 16, 40]],

[ 79, 35, 0,[ 52, 86, 93]],

[ 57, 55, 0,[ 28, 34, 45, 87]],

[ 25, 55, 0,[ 28, 33, 95, 85]],

[ 70, 25, 1,[ 60, 23, 29, 47, 48, 34, 55, 50, 58, 82, 81, 31, 67, 97]],

[ 19, 55, 0,[ 39, 23, 86]],

[ 85, 55, 0,[ 98, 0, 25]],

[ 24, 55, 0,[ 96, 93, 74]],

[ 47, 55, 0,[ 54, 70, 86]],

[ 29, 55, 0,[ 70, 3, 10, 34]],

[ 15, 55, 0,[ 23, 56, 88]],

[ 17, 45, 0,[ 71, 74, 12, 53]],

[ 89, 85, 0,[ 38, 77, 7, 45]],

[ 85, 55, 0,[ 49, 72, 45, 84, 27, 8]],

[ 20, 15, 0,[ 98, 45, 41]],

[ 27, 45, 0,[ 93, 85]],

[ 14, 5, 0,[ 45, 53, 10]],

[ 11, 45, 0,[ 3, 4, 10, 62]],

[ 2, 45, 0,[ 4, 98, 63]],

[ 13, 45, 0,[ 47, 94]],

[ 24, 45, 0,[ 80, 19, 44, 28]],

[ 6, 45, 0,[ 55, 99, 97]],

[ 65, 45, 0,[ 63, 98, 10, 53]],

[ 73, 45, 0,[ 64, 7, 98, 42]],

[ 38, 85, 0,[ 89, 61, 75]],

[ 55, 45, 0,[ 6, 60, 45, 76, 7]],

[ 90, 45, 0,[ 70, 95, 23]],

[ 67, 45, 0,[ 98, 68, 28, 70]],

[ 54, 25, 0,[ 9, 45, 28]],

[ 29, 45, 0,[ 93, 21, 57]],

[ 23, 45, 0,[ 53, 83, 90, 93]],

[ 82, 45, 0,[ 26, 49, 69]],

[ 32, 45, 0,[ 93, 72, 31]],

[ 15, 45, 0,[ 98, 16]],

[ 31, 45, 0,[ 9, 32]],

[ 28, 85, 1,[ 67, 70, 97, 80, 54, 46, 43, 81, 56, 24, 66]],

[ 57, 45, 0,[ 29, 46, 59, 26]],

[ 61, 85, 0,[ 19, 38, 53]],

[ 40, 45, 0,[ 45, 93, 64, 96]],

[ 75, 85, 0,[ 38, 39, 7]],

[ 47, 45, 0,[ 79, 3, 9, 13]],

[ 81, 65, 0,[ 28, 86, 68, 66]],

[ 68, 45, 0,[ 81, 77, 67]],

[ 74, 45, 0,[ 25, 17, 0, 86, 92, 56]],

[ 87, 45, 0,[ 88, 91, 69]],

[ 43, 85, 0,[ 35, 7, 1, 28]],

[ 71, 45, 0,[ 58, 17, 22, 51]],

[ 63, 45, 0,[ 65, 2, 36, 18]],

[ 30, 45, 0,[ 45, 93, 70]],

[ 79, 45, 0,[ 49, 47, 5]],

[ 78, 45, 0,[ 98, 69, 22]],

[ 66, 65, 0,[ 3, 81, 28, 41]],

[ 18, 75, 0,[ 63, 53, 86]],

[ 35, 85, 0,[ 43, 53, 51]],

[ 36, 15, 0,[ 63, 69, 53, 45]],

[ 41, 55, 0,[ 20, 66, 3]],

[ 91, 5, 0,[ 53, 87, 45]],

[ 94, 45, 0,[ 92, 13, 53]],

[ 12, 45, 0,[ 45, 17, 86]],

[ 49, 45, 0,[ 22, 79, 82, 85, 93]],

[ 97, 45, 0,[ 28, 6, 86]],

[ 19, 45, 0,[ 61, 86, 25, 24]],

[ 0, 45, 0,[ 98, 74, 86]],

[ 37, 25, 0,[ 98, 9, 53]],

[ 58, 45, 0,[ 8, 71, 53]],

[ 25, 45, 0,[ 74, 19, 48]],

[ 62, 45, 0,[ 98, 33, 11]],

[ 51, 75, 0,[ 7, 71, 35]],

[ 45, 95, 1,[ 55, 96, 20, 36, 12, 1, 40, 30, 59, 14, 54, 91, 34, 50, 4, 85, 93, 89]],

[ 22, 45, 0,[ 71, 78, 53, 49]],

[ 70, 45, 0,[ 33, 67, 90, 30, 28]],

[ 3, 25, 1,[ 47, 44, 9, 41, 98, 56, 66, 8, 11, 53]],

[ 64, 45, 0,[ 9, 73, 40]],

[ 46, 25, 0,[ 57, 28, 53]],

[ 92, 45, 0,[ 98, 94, 74]],

[ 10, 45, 0,[ 65, 86, 14, 11]],

[ 98, 15, 1,[ 62, 2, 73, 15, 3, 84, 92, 65, 0, 67, 16, 37, 72, 20, 76, 78]],

[ 52, 45, 0,[ 69, 9, 16]],

[ 76, 45, 0,[ 8, 55, 98]],

[ 99, 85, 0,[ 6, 7, 53]],

[ 88, 45, 0,[ 53, 34, 87]],

[ 77, 85, 0,[ 89, 7, 68]],

[ 95, 45, 0,[ 90, 69, 9]],

[ 26, 45, 0,[ 9, 57, 82]],

[ 39, 85, 0,[ 7, 93, 75]],

[ 50, 85, 0,[ 45, 42, 80, 7]],

[ 34, 5, 0,[ 88, 45, 53]],

[ 86, 25, 1,[ 74, 12, 4, 10, 21, 19, 18, 81, 97, 0]],

[ 93, 95, 1,[ 29, 30, 23, 49, 45, 39, 27, 32, 40]],

[ 96, 15, 0,[ 45, 69, 40]],

[ 72, 45, 0,[ 32, 85, 98]],

[ 44, 45, 0,[ 24, 3, 7]],

[ 59, 45, 0,[ 42, 57, 45]],

[ 42, 45, 0,[ 50, 73, 59]],

[ 69, 5, 1,[ 78, 84, 96, 52, 87, 82, 5, 36, 60, 95]],

[ 53, 45, 1,[ 23, 36, 61, 46, 94, 18, 3, 91, 65, 22, 99, 17, 48, 37, 34, 14, 35, 58, 88]],

[ 83, 45, 0,[ 7, 1, 23]],

[ 4, 55, 0,[ 45, 11, 2, 86]],

[ 7, 85, 1,[ 73, 89, 43, 75, 50, 44, 51, 83, 99, 77, 55, 39]],

[ 56, 45, 0,[ 28, 74, 3]],

[ 80, 45, 0,[ 24, 50, 28]],

[ 16, 45, 0,[ 98, 21, 15, 52]],

[ 84, 55, 0,[ 98, 85, 69]],

[ 9, 55, 1,[ 31, 37, 26, 52, 54, 64, 47, 95, 3]],

[ 21, 45, 0,[ 86, 16, 29]],

[ 5, 45, 0,[ 79, 69, 33]],

[ 8, 45, 0,[ 76, 85, 3, 58]],

[ 60, 45, 0,[ 55, 69]],

[ 48, 45, 0,[ 53, 25, 1]],

[ 33, 45, 0,[ 70, 62, 5]],

[ 1, 45, 0,[ 43, 45, 48, 83]],

