[ 82, 75, 0,[ 53, 10, 5]],

[ 27, 5, 0,[ 22, 72]],

[ 75, 5, 0,[ 56, 22]],

[ 16, 5, 0,[ 44, 14, 15, 67]],

[ 37, 85, 0,[ 3, 61, 28]],

[ 86, 25, 1,[ 93, 33, 61, 54, 18, 25, 96, 6, 14, 47]],

[ 25, 85, 0,[ 77, 68, 61, 86]],

[ 8, 45, 0,[ 3, 45]],

[ 97, 5, 0,[ 68, 74, 0]],

[ 46, 15, 0,[ 74, 17, 53]],

[ 79, 25, 0,[ 45, 69, 36]],

[ 80, 15, 0,[ 66, 57, 40, 98, 93]],

[ 39, 5, 0,[ 70, 28, 91, 65]],

[ 50, 55, 0,[ 18, 36, 45, 93, 7]],

[ 29, 85, 0,[ 64, 69, 71]],

[ 76, 15, 0,[ 67, 93, 60, 48, 26]],

[ 85, 15, 0,[ 17, 28, 14]],

[ 84, 15, 0,[ 90, 3, 93]],

[ 17, 15, 0,[ 46, 85, 69]],

[ 44, 5, 0,[ 16, 49, 7]],

[ 90, 25, 0,[ 58, 84, 92]],

[ 7, 85, 1,[ 63, 83, 26, 34, 54, 64, 88, 98, 57, 95, 1, 44, 69, 74, 50, 51]],

[ 58, 5, 0,[ 3, 2, 90]],

[ 78, 5, 0,[ 73, 91, 28, 32, 98]],

[ 1, 5, 0,[ 6, 52, 26, 31, 7]],

[ 93, 55, 1,[ 84, 43, 80, 67, 76, 71, 57, 89, 22, 51, 83, 86, 64, 50]],

[ 64, 5, 0,[ 7, 29, 93, 59]],

[ 18, 55, 0,[ 19, 86, 50, 11]],

[ 96, 75, 0,[ 98, 55, 86]],

[ 53, 95, 1,[ 13, 46, 92, 4, 72, 95, 10, 11, 20, 82, 21, 52]],

[ 59, 5, 0,[ 64, 69, 31]],

[ 52, 75, 0,[ 53, 91, 1]],

[ 32, 5, 0,[ 88, 31, 78]],

[ 38, 5, 0,[ 81, 3, 72]],

[ 6, 5, 0,[ 1, 86, 70]],

[ 49, 5, 0,[ 99, 44, 30]],

[ 42, 5, 0,[ 54, 12, 98]],

[ 77, 5, 0,[ 98, 40, 25, 24]],

[ 61, 75, 0,[ 91, 86, 25, 37]],

[ 14, 5, 0,[ 86, 85, 16]],

[ 23, 5, 0,[ 0, 65, 69, 66]],

[ 70, 5, 0,[ 34, 39, 62, 98, 6]],

[ 47, 75, 0,[ 20, 73, 86]],

[ 48, 5, 0,[ 74, 76, 45]],

[ 21, 75, 0,[ 4, 45, 55, 53]],

[ 72, 75, 0,[ 45, 53, 27, 38]],

[ 10, 75, 0,[ 69, 53, 82]],

[ 41, 85, 0,[ 51, 45, 62]],

[ 65, 5, 0,[ 23, 39, 13]],

[ 11, 55, 0,[ 18, 24, 53]],

[ 36, 55, 0,[ 95, 50, 45, 79]],

[ 62, 5, 0,[ 94, 70, 41]],

[ 9, 45, 0,[ 45, 83, 51]],

[ 99, 5, 0,[ 57, 87, 49]],

[ 31, 5, 0,[ 32, 91, 4, 1, 59]],

[ 35, 25, 0,[ 19, 68, 45]],

[ 81, 5, 0,[ 28, 38, 98]],

[ 4, 75, 0,[ 31, 53, 28, 21]],

[ 20, 75, 0,[ 45, 53, 47]],

[ 28, 55, 1,[ 0, 81, 39, 4, 85, 37, 26, 60, 34, 78]],

[ 2, 5, 0,[ 45, 40, 68, 58]],

[ 45, 85, 1,[ 79, 50, 8, 56, 19, 48, 2, 21, 9, 36, 41, 72, 30, 20, 43, 55, 35, 0]],

[ 63, 65, 0,[ 91, 7, 43]],

[ 91, 65, 1,[ 52, 60, 87, 31, 61, 78, 88, 94, 39, 66, 24, 5, 63]],

[ 0, 5, 0,[ 23, 28, 89, 97, 45, 73]],

[ 71, 85, 0,[ 12, 98, 29, 93]],

[ 33, 5, 0,[ 69, 15, 86]],

[ 54, 5, 0,[ 42, 7, 86]],

[ 69, 75, 1,[ 56, 51, 19, 33, 29, 23, 10, 12, 59, 79, 17, 7, 94]],

[ 57, 15, 0,[ 99, 80, 7, 93]],

[ 19, 25, 0,[ 18, 69, 45, 35, 83]],

[ 3, 25, 1,[ 8, 22, 58, 38, 84, 37, 92]],

[ 26, 15, 0,[ 1, 7, 28, 76, 89, 30]],

[ 88, 5, 0,[ 32, 91, 7]],

[ 5, 5, 0,[ 82, 22, 91]],

[ 87, 5, 0,[ 99, 91, 30]],

[ 74, 5, 0,[ 97, 46, 48, 7, 15]],

[ 12, 85, 0,[ 42, 71, 69]],

[ 60, 15, 0,[ 91, 28, 76]],

[ 40, 5, 0,[ 2, 77, 80]],

[ 24, 55, 0,[ 77, 11, 91]],

[ 22, 5, 0,[ 3, 93, 75, 5, 27]],

[ 95, 65, 0,[ 53, 36, 7]],

[ 83, 45, 0,[ 93, 7, 9, 19]],

[ 51, 65, 0,[ 93, 41, 7, 9, 69]],

[ 92, 35, 0,[ 3, 53, 90]],

[ 43, 45, 0,[ 93, 63, 45]],

[ 89, 15, 0,[ 93, 26, 0]],

[ 55, 75, 0,[ 45, 21, 96]],

[ 68, 5, 0,[ 35, 2, 97, 25]],

[ 15, 5, 0,[ 16, 33, 74]],

[ 98, 45, 1,[ 70, 81, 96, 77, 13, 80, 7, 78, 71, 42]],

[ 73, 5, 0,[ 47, 0, 78]],

[ 66, 5, 0,[ 80, 23, 91]],

[ 34, 5, 0,[ 28, 70, 7]],

[ 94, 55, 0,[ 91, 69, 62]],

[ 67, 15, 0,[ 76, 16, 93]],

[ 13, 75, 0,[ 65, 53, 98]],

[ 56, 25, 0,[ 75, 69, 45]],

[ 30, 15, 0,[ 26, 87, 49, 45]],

[ 14, 65, 1,[ 17, 72, 18, 74, 19, 94, 38, 16]],

[ 32, 25, 0,[ 86, 4, 33, 1]],

[ 66, 35, 0,[ 81, 83, 38]],

[ 34, 35, 0,[ 28, 43, 93, 6, 89]],

[ 23, 25, 0,[ 88, 39, 24]],

[ 78, 25, 0,[ 27, 19, 8]],

[ 96, 25, 0,[ 17, 37, 52]],

[ 89, 35, 0,[ 34, 91, 53]],

[ 91, 35, 0,[ 84, 93, 89]],

[ 95, 35, 0,[ 98, 70, 69]],

[ 2, 25, 0,[ 6, 64, 30]],

[ 84, 65, 0,[ 91, 63, 35, 28, 69]],

[ 64, 25, 0,[ 60, 93, 69, 2]],

[ 77, 25, 0,[ 93, 69, 53]],

[ 41, 25, 0,[ 88, 79, 11]],

[ 39, 25, 0,[ 98, 4, 93, 23]],

[ 73, 35, 0,[ 81, 12, 28]],

[ 1, 25, 0,[ 69, 32, 46]],

[ 15, 35, 0,[ 60, 31, 3]],

[ 20, 25, 0,[ 69, 17, 24]],

[ 47, 25, 0,[ 82, 97, 53]],

[ 52, 25, 0,[ 16, 96, 76, 9]],

[ 16, 25, 0,[ 52, 75, 14]],

[ 24, 25, 0,[ 93, 69, 20, 23]],

[ 42, 35, 0,[ 87, 45, 69]],

[ 13, 5, 0,[ 92, 36, 17]],

[ 61, 35, 0,[ 80, 53, 98]],

[ 30, 15, 0,[ 2, 69, 86]],

[ 9, 25, 0,[ 65, 52, 63]],

[ 11, 25, 0,[ 86, 26, 57, 41, 3]],

[ 80, 35, 0,[ 67, 61, 69, 85]],

[ 94, 35, 0,[ 35, 14, 46]],

[ 99, 25, 0,[ 57, 49, 54]],

[ 18, 95, 0,[ 68, 45, 14]],

[ 50, 25, 0,[ 98, 59, 0]],

[ 29, 25, 0,[ 86, 40, 21, 28, 85]],

[ 82, 25, 0,[ 56, 3, 25, 47, 40]],

[ 3, 5, 1,[ 46, 57, 65, 11, 82, 38, 15, 35, 8, 28, 27, 72]],

[ 37, 25, 0,[ 63, 96, 33]],

[ 35, 35, 0,[ 90, 44, 94, 3, 84]],

[ 74, 85, 0,[ 97, 93, 14]],

[ 49, 35, 0,[ 63, 99, 67, 33]],

[ 7, 25, 0,[ 45, 27, 38]],

[ 71, 35, 0,[ 10, 45, 31, 93]],

[ 87, 35, 0,[ 67, 45, 81, 42]],

[ 93, 25, 1,[ 71, 56, 77, 70, 34, 39, 91, 36, 4, 64, 62, 74, 24, 48]],

[ 65, 25, 0,[ 9, 33, 3]],

[ 12, 25, 0,[ 0, 73, 10]],

[ 4, 25, 0,[ 32, 39, 93]],

[ 62, 15, 0,[ 69, 86, 93]],

[ 97, 25, 0,[ 74, 44, 47]],

[ 26, 25, 0,[ 38, 98, 11]],

[ 19, 95, 0,[ 92, 78, 98, 14]],

[ 70, 35, 0,[ 60, 95, 93]],

[ 45, 85, 1,[ 87, 42, 18, 71, 58, 7, 67]],

[ 8, 25, 0,[ 51, 3, 78]],

[ 10, 25, 0,[ 12, 28, 71, 83, 98]],

[ 90, 5, 0,[ 35, 36, 5, 98]],

[ 40, 25, 0,[ 29, 5, 82]],

[ 54, 25, 0,[ 17, 6, 99]],

[ 22, 25, 0,[ 55, 67, 76]],

[ 75, 25, 0,[ 28, 92, 16]],

[ 81, 35, 0,[ 73, 66, 87]],

[ 63, 75, 1,[ 98, 21, 49, 46, 59, 25, 79, 9, 84, 37]],

[ 43, 35, 0,[ 34, 58, 28]],

[ 76, 25, 0,[ 52, 28, 22]],

[ 86, 55, 1,[ 62, 29, 11, 83, 30, 32, 58]],

[ 28, 55, 1,[ 84, 43, 76, 10, 75, 73, 68, 34, 3, 29, 51]],

[ 98, 75, 1,[ 50, 19, 61, 6, 26, 10, 95, 90, 63, 33, 59, 39, 85, 57]],

[ 5, 25, 0,[ 56, 40, 90]],

[ 83, 35, 0,[ 66, 86, 10]],

[ 88, 25, 0,[ 41, 23]],

[ 57, 25, 0,[ 55, 3, 11, 99, 98]],

[ 55, 25, 0,[ 69, 22, 57]],

[ 36, 5, 0,[ 93, 90, 13, 69]],

[ 48, 25, 0,[ 21, 53, 93]],

[ 92, 25, 0,[ 13, 25, 75, 19]],

[ 25, 25, 0,[ 82, 92, 63]],

[ 60, 35, 0,[ 64, 70, 15]],

[ 85, 35, 0,[ 80, 98, 29]],

[ 44, 35, 0,[ 72, 97, 35]],

[ 59, 25, 0,[ 50, 98, 63]],

[ 51, 25, 0,[ 28, 79, 8, 53]],

[ 67, 35, 0,[ 53, 45, 22, 49, 80, 87]],

[ 68, 25, 0,[ 18, 6, 28]],

[ 38, 25, 0,[ 7, 14, 26, 66, 3]],

[ 58, 75, 0,[ 45, 86, 43]],

[ 33, 25, 0,[ 98, 37, 65, 32, 49]],

[ 27, 25, 0,[ 3, 78, 7, 31]],

[ 46, 35, 0,[ 1, 63, 3, 94]],

[ 17, 25, 0,[ 14, 79, 54, 96, 13, 20]],

[ 79, 25, 0,[ 41, 63, 17, 51]],

[ 0, 25, 0,[ 53, 50, 12]],

[ 56, 25, 0,[ 5, 93, 82, 69]],

[ 21, 35, 0,[ 48, 63, 29]],

[ 6, 25, 0,[ 69, 98, 68, 54, 2, 34]],

[ 69, 75, 1,[ 64, 55, 42, 1, 95, 84, 36, 20, 30, 24, 80, 6, 56, 77, 62]],

[ 31, 35, 0,[ 15, 71, 27]],

[ 72, 35, 0,[ 44, 3, 14]],

[ 53, 35, 1,[ 51, 67, 89, 61, 0, 48, 47, 77]],

