[ 37, 55, 0,[ 46, 49]],

[ 99, 55, 0,[ 15, 88, 78]],

[ 63, 55, 1,[ 74, 46, 56, 87]],

[ 4, 5, 1,[ 56, 92, 71]],

[ 6, 55, 0,[ 73]],

[ 17, 55, 0,[ 34, 60, 45]],

[ 28, 55, 1,[ 50, 96, 22, 29, 53, 40, 68]],

[ 34, 55, 1,[ 83, 49, 64, 66, 17, 76, 31, 60, 61, 96, 20, 79]],

[ 38, 85, 1,[ 90, 87, 40, 79]],

[ 68, 55, 0,[ 28, 47, 5]],

[ 51, 5, 1,[ 32, 1]],

[ 43, 55, 1,[ 87, 82, 30]],

[ 33, 55, 1,[ 76, 97, 91]],

[ 27, 55, 1,[ 48, 42, 20, 72, 9]],

[ 79, 55, 0,[ 45, 34, 38]],

[ 45, 25, 1,[ 77, 17, 79, 14]],

[ 93, 95, 1,[ 20, 57, 81]],

[ 36, 45, 1,[ 23, 76, 50]],

[ 53, 65, 1,[ 75, 28, 87, 32, 65, 13]],

[ 0, 5, 1,[ 95, 56, 88, 54, 24]],

[ 71, 55, 0,[ 58, 4, 64]],

[ 41, 55, 1,[ 26, 67, 94, 1]],

[ 98, 55, 1,[ 57, 13, 94]],

[ 86, 45, 1,[ 48, 13, 62, 26, 89]],

[ 49, 45, 1,[ 67, 34, 37]],

[ 90, 55, 0,[ 78, 77, 38]],

[ 88, 15, 1,[ 99, 44, 0, 19]],

[ 42, 55, 0,[ 27, 2, 58, 12]],

[ 15, 55, 1,[ 80, 39, 99]],

[ 78, 55, 1,[ 99, 81, 90, 25]],

[ 56, 55, 0,[ 63, 0, 4]],

[ 74, 55, 0,[ 63, 7]],

[ 48, 55, 0,[ 21, 57, 73, 27, 86]],

[ 55, 15, 1,[ 69, 62, 7]],

[ 73, 55, 1,[ 48, 59, 32, 6]],

[ 80, 55, 0,[ 15, 77, 3]],

[ 97, 55, 0,[ 57, 70, 33]],

[ 31, 55, 0,[ 30, 50, 34]],

[ 58, 75, 1,[ 16, 71, 19, 42, 35]],

[ 57, 45, 1,[ 48, 97, 93, 95, 98, 18]],

[ 66, 55, 0,[ 60, 34]],

[ 46, 55, 0,[ 25, 63, 37, 7]],

[ 72, 55, 0,[ 47, 27, 2]],

[ 26, 55, 0,[ 41, 39, 86]],

[ 64, 15, 1,[ 62, 34, 71]],

[ 13, 55, 0,[ 98, 86, 53]],

[ 61, 55, 0,[ 39, 34, 5]],

[ 77, 5, 1,[ 23, 80, 90, 45]],

[ 14, 55, 0,[ 45, 47]],

[ 32, 55, 0,[ 73, 53, 51]],

[ 39, 55, 1,[ 61, 44, 15, 22, 26]],

[ 89, 55, 0,[ 91, 86]],

[ 70, 95, 1,[ 1, 44, 97]],

[ 24, 55, 0,[ 87, 30, 0]],

[ 19, 55, 0,[ 7, 88, 58]],

[ 60, 85, 1,[ 34, 65, 17, 66, 69]],

[ 95, 55, 0,[ 57, 0]],

[ 1, 55, 1,[ 54, 59, 70, 21, 41, 51]],

[ 76, 55, 0,[ 34, 36, 33]],

[ 9, 35, 1,[ 96, 8, 27]],

[ 54, 55, 0,[ 1, 2, 0]],

[ 81, 55, 0,[ 93, 11, 78]],

[ 11, 15, 1,[ 10, 87, 81, 59]],

[ 44, 55, 0,[ 70, 39, 88]],

[ 29, 55, 0,[ 18, 28, 2]],

[ 23, 55, 0,[ 77, 36, 18]],

[ 16, 55, 0,[ 47, 58, 91]],

[ 84, 55, 0,[ 83, 67, 25]],

[ 92, 55, 0,[ 62, 4, 69]],

[ 10, 55, 0,[ 11, 18, 30]],

[ 69, 55, 1,[ 92, 60, 55]],

[ 20, 55, 0,[ 34, 67, 93, 27]],

[ 85, 55, 0,[ 50, 30, 18]],

[ 87, 55, 1,[ 38, 24, 22, 11, 53, 63, 43]],

[ 96, 55, 0,[ 28, 9, 34]],

[ 2, 55, 1,[ 72, 42, 52, 29, 83, 54]],

[ 75, 55, 0,[ 53, 18]],

[ 83, 55, 1,[ 2, 84, 34]],

[ 50, 55, 1,[ 28, 85, 36, 31]],

[ 25, 55, 1,[ 84, 46, 78]],

[ 12, 55, 1,[ 42, 52, 5]],

[ 65, 85, 1,[ 60, 3, 53, 40]],

[ 5, 5, 1,[ 12, 68, 61]],

[ 3, 75, 1,[ 65, 80, 91]],

[ 62, 55, 0,[ 92, 86, 64, 55]],

[ 91, 55, 1,[ 8, 89, 3, 16, 35, 33]],

[ 47, 25, 1,[ 16, 72, 68, 67, 14]],

[ 8, 55, 0,[ 9, 91, 21]],

[ 35, 55, 0,[ 21, 91, 58]],

[ 67, 65, 1,[ 84, 20, 49, 47, 41]],

[ 82, 55, 0,[ 30, 43, 18]],

[ 7, 15, 1,[ 21, 46, 74, 55, 19]],

[ 18, 55, 1,[ 29, 82, 10, 57, 75, 23, 85]],

[ 94, 55, 0,[ 98, 41]],

[ 52, 55, 0,[ 12, 2]],

[ 59, 55, 0,[ 1, 73, 11]],

[ 30, 65, 1,[ 24, 31, 85, 10, 82, 43]],

[ 22, 55, 0,[ 39, 87, 28]],

[ 21, 35, 1,[ 35, 8, 7, 1, 48]],

[ 40, 55, 0,[ 28, 65, 38]],

[ 76, 75, 0,[ 67, 22, 4]],

[ 74, 75, 0,[ 33, 43, 53, 68, 73]],

[ 24, 75, 0,[ 11, 7, 77]],

[ 39, 75, 0,[ 50, 86, 42]],

[ 47, 35, 1,[ 56, 10, 3]],

[ 43, 75, 1,[ 74, 95, 28, 48, 44, 85]],

[ 70, 75, 1,[ 4, 99, 79, 75]],

[ 25, 55, 1,[ 88, 98, 6, 68]],

[ 78, 75, 0,[ 63, 11, 9]],

[ 94, 75, 0,[ 56, 53, 72, 91]],

[ 88, 75, 0,[ 25, 23, 45]],

[ 5, 75, 1,[ 0, 68, 46, 32, 33]],

[ 86, 75, 1,[ 50, 39, 46, 17]],

[ 44, 75, 0,[ 65, 91, 43]],

[ 14, 75, 0,[ 31, 36, 40]],

[ 82, 75, 0,[ 40, 41, 62]],

[ 8, 75, 0,[ 55, 54]],

[ 58, 75, 1,[ 26, 17, 72, 45]],

[ 55, 45, 1,[ 60, 8, 45]],

[ 66, 75, 0,[ 21, 71, 1]],

[ 36, 75, 1,[ 31, 0, 12, 14, 52]],

[ 50, 75, 1,[ 86, 84, 97, 39, 90, 6]],

[ 67, 75, 1,[ 69, 29, 83, 73, 11, 90, 76, 23, 35]],

[ 61, 75, 0,[ 10, 73]],

[ 31, 75, 0,[ 36, 1, 14]],

[ 15, 65, 1,[ 6, 48, 7]],

[ 38, 75, 1,[ 92, 40, 16]],

[ 18, 85, 1,[ 79, 96, 26, 64, 2]],

[ 75, 75, 0,[ 53, 89, 70]],

[ 45, 65, 1,[ 88, 46, 55, 58]],

[ 16, 75, 0,[ 38, 57]],

[ 60, 75, 1,[ 55, 26, 40]],

[ 85, 75, 1,[ 43, 48, 93]],

[ 90, 75, 0,[ 50, 67, 93, 1]],

[ 80, 75, 0,[ 9, 41]],

[ 56, 75, 0,[ 94, 47, 51]],

[ 23, 75, 0,[ 67, 88, 30]],

[ 34, 75, 1,[ 77, 62, 83]],

[ 41, 35, 1,[ 3, 80, 65, 82]],

[ 54, 75, 0,[ 64, 8, 69]],

[ 40, 75, 1,[ 96, 82, 60, 38, 14]],

[ 28, 55, 1,[ 43, 89]],

[ 12, 75, 1,[ 11, 36, 89, 20, 64]],

[ 6, 75, 0,[ 50, 25, 15]],

[ 4, 75, 1,[ 81, 70, 76]],

[ 72, 75, 0,[ 27, 94, 58]],

[ 26, 75, 0,[ 58, 52, 60, 18]],

[ 46, 75, 0,[ 86, 5, 45]],

[ 1, 5, 1,[ 31, 87, 66, 90]],

[ 64, 75, 1,[ 12, 49, 30, 18, 54]],

[ 22, 75, 1,[ 35, 13, 76]],

[ 68, 75, 0,[ 25, 5, 74]],

[ 95, 75, 0,[ 27, 43, 7]],

[ 49, 65, 1,[ 64, 93, 13, 51]],

[ 99, 75, 0,[ 32, 3, 57, 70]],

[ 83, 95, 1,[ 92, 67, 34]],

[ 53, 75, 1,[ 63, 94, 75, 74]],

[ 63, 5, 1,[ 78, 53, 10, 11]],

[ 98, 75, 1,[ 59, 25, 97, 37, 42]],

[ 27, 75, 1,[ 72, 87, 95, 81]],

[ 97, 75, 0,[ 50, 29, 98]],

[ 65, 75, 1,[ 41, 29, 44, 13]],

[ 3, 15, 1,[ 47, 59, 41, 79, 99, 21]],

[ 81, 75, 0,[ 4, 27]],

[ 51, 45, 1,[ 49, 56, 0]],

[ 84, 75, 0,[ 50]],

[ 57, 75, 1,[ 99, 96, 37, 16]],

[ 29, 75, 0,[ 65, 67, 97]],

[ 69, 85, 1,[ 59, 54, 67]],

[ 91, 5, 1,[ 44, 94, 77]],

[ 59, 75, 0,[ 3, 98, 69]],

[ 71, 75, 1,[ 66, 87, 17]],

[ 96, 75, 0,[ 18, 40, 57]],

[ 87, 75, 0,[ 1, 71, 27, 92]],

[ 13, 75, 0,[ 49, 65, 22]],

[ 89, 75, 0,[ 28, 12, 75]],

[ 30, 75, 1,[ 64, 92, 23, 73]],

[ 2, 35, 1,[ 7, 32, 18]],

[ 11, 45, 1,[ 78, 24, 37, 63, 67, 12]],

[ 17, 75, 0,[ 86, 71, 58]],

[ 93, 75, 1,[ 49, 85, 90]],

[ 77, 75, 1,[ 19, 34, 24, 42, 91, 10]],

[ 20, 75, 0,[ 21, 12]],

[ 79, 75, 0,[ 3, 70, 18]],

[ 10, 75, 0,[ 77, 61, 63, 7, 47]],

[ 9, 75, 1,[ 78, 33, 52, 80]],

[ 42, 75, 0,[ 39, 77, 98]],

[ 35, 75, 0,[ 22, 67]],

[ 92, 35, 1,[ 87, 62, 83, 30, 38]],

[ 19, 75, 0,[ 7, 21, 77]],

[ 33, 75, 0,[ 9, 74, 5]],

[ 32, 75, 0,[ 99, 2, 5]],

[ 21, 45, 1,[ 20, 66, 3, 19]],

[ 37, 75, 0,[ 98, 57, 11]],

[ 62, 75, 0,[ 34, 92, 82]],

[ 73, 15, 1,[ 74, 67, 61, 30]],

[ 52, 75, 0,[ 9, 26, 36]],

[ 48, 75, 0,[ 85, 15, 43]],

[ 7, 75, 1,[ 10, 2, 19, 15, 95, 24]],

[ 0, 55, 1,[ 36, 51, 5]],

