[ 88, 55, 0,[ 66, 28, 11, 35]],

[ 13, 85, 0,[ 51, 17, 78]],

[ 40, 15, 0,[ 36, 39, 28, 1]],

[ 96, 85, 0,[ 91, 24, 68, 19, 15]],

[ 54, 75, 0,[ 25, 95, 14, 90, 6]],

[ 80, 55, 0,[ 28, 76, 35, 75]],

[ 42, 75, 0,[ 20, 34, 78]],

[ 12, 55, 0,[ 62, 82, 28]],

[ 10, 45, 0,[ 71, 31, 23, 5]],

[ 35, 55, 0,[ 37, 80, 88, 60]],

[ 30, 45, 0,[ 37, 73, 81, 7]],

[ 29, 75, 0,[ 77, 66, 85]],

[ 44, 75, 0,[ 33, 89, 60]],

[ 4, 45, 0,[ 49, 17, 79]],

[ 69, 55, 1,[ 8, 45, 92, 79, 94]],

[ 91, 15, 0,[ 39, 96, 75]],

[ 3, 15, 1,[ 36, 47, 61]],

[ 19, 85, 0,[ 67, 50, 96, 76]],

[ 71, 75, 0,[ 6, 21, 10]],

[ 76, 85, 0,[ 87, 19, 80]],

[ 97, 15, 0,[ 23, 28, 53]],

[ 2, 55, 0,[ 22, 66, 14, 75, 11]],

[ 20, 15, 0,[ 11, 60, 42, 39]],

[ 22, 55, 0,[ 82, 2, 43, 67]],

[ 77, 75, 0,[ 86, 15, 74, 29]],

[ 34, 75, 0,[ 84, 42, 57, 63]],

[ 50, 25, 0,[ 84, 45, 19]],

[ 79, 45, 0,[ 4, 69, 1]],

[ 15, 85, 0,[ 96, 77, 74]],

[ 73, 55, 0,[ 27, 30, 83]],

[ 83, 55, 0,[ 73, 16, 31]],

[ 11, 55, 0,[ 2, 20, 88]],

[ 65, 15, 0,[ 58, 61, 78]],

[ 58, 5, 0,[ 65, 16, 72]],

[ 16, 85, 0,[ 1, 83, 58]],

[ 49, 75, 0,[ 47, 84, 4, 18]],

[ 41, 15, 0,[ 9, 52, 43]],

[ 74, 85, 0,[ 77, 98, 15]],

[ 43, 75, 0,[ 57, 48, 22, 41]],

[ 46, 85, 0,[ 27, 98, 81]],

[ 48, 75, 0,[ 43, 23, 85, 36]],

[ 93, 75, 1,[ 94, 24, 57]],

[ 95, 75, 0,[ 54, 63, 51]],

[ 60, 15, 0,[ 20, 35, 44]],

[ 70, 95, 0,[ 55, 31, 86]],

[ 82, 55, 0,[ 12, 22, 32, 8]],

[ 78, 75, 0,[ 42, 65, 13]],

[ 37, 45, 0,[ 35, 33, 86, 30]],

[ 64, 55, 0,[ 38, 85, 18]],

[ 62, 15, 0,[ 84, 8, 12]],

[ 38, 5, 0,[ 87, 25, 64]],

[ 68, 85, 0,[ 26, 96, 33]],

[ 28, 55, 1,[ 80, 99, 12, 40, 88, 97]],

[ 81, 45, 0,[ 45, 30, 46]],

[ 7, 5, 1,[ 55, 21, 30, 67, 25]],

[ 26, 75, 0,[ 89, 87, 84, 68]],

[ 84, 15, 0,[ 49, 0, 34, 62, 50, 26]],

[ 72, 5, 0,[ 52, 58, 61, 47]],

[ 21, 5, 0,[ 99, 0, 71, 7]],

[ 90, 75, 0,[ 57, 5, 54]],

[ 53, 15, 1,[ 14, 55, 32, 97, 98, 39]],

[ 39, 15, 0,[ 91, 20, 94, 40, 53]],

[ 59, 25, 0,[ 99, 17, 45]],

[ 86, 95, 1,[ 77, 27, 37, 56, 70]],

[ 98, 85, 1,[ 32, 74, 53, 5, 0, 46]],

[ 5, 15, 0,[ 90, 98, 9, 10]],

[ 87, 5, 0,[ 26, 38, 76]],

[ 47, 75, 0,[ 49, 3, 72]],

[ 61, 15, 0,[ 9, 3, 72, 65]],

[ 51, 85, 0,[ 8, 95, 13]],

[ 56, 95, 0,[ 89, 86, 8]],

[ 63, 75, 0,[ 95, 24, 34]],

[ 6, 75, 0,[ 54, 52, 92, 71]],

[ 31, 45, 0,[ 83, 10, 23, 70]],

[ 14, 55, 0,[ 54, 53, 2]],

[ 85, 75, 0,[ 64, 48, 29]],

[ 52, 75, 0,[ 41, 72, 6]],

[ 94, 75, 0,[ 39, 69, 93]],

[ 24, 75, 0,[ 63, 93, 96]],

[ 0, 15, 0,[ 84, 21, 98]],

[ 55, 15, 1,[ 70, 7, 53, 99]],

[ 66, 75, 0,[ 29, 45, 88, 2, 27]],

[ 99, 15, 0,[ 28, 55, 21, 59]],

[ 23, 45, 0,[ 97, 48, 10, 31]],

[ 9, 15, 0,[ 18, 5, 41, 61]],

[ 75, 55, 0,[ 91, 2, 80, 8]],

[ 45, 25, 1,[ 81, 59, 66, 69, 50]],

[ 1, 85, 0,[ 16, 40, 79]],

[ 92, 75, 0,[ 69, 17, 6]],

[ 89, 75, 0,[ 26, 56, 44]],

[ 33, 85, 0,[ 44, 37, 68]],

[ 57, 75, 0,[ 93, 90, 34, 43]],

[ 18, 55, 0,[ 49, 64, 9]],

[ 8, 55, 0,[ 82, 69, 51, 62, 56, 75]],

[ 36, 15, 0,[ 3, 40, 48]],

[ 27, 75, 0,[ 73, 46, 66, 86]],

[ 17, 85, 0,[ 59, 92, 4, 13]],

[ 67, 5, 0,[ 22, 7, 19]],

[ 32, 15, 0,[ 82, 98, 53]],

[ 25, 5, 0,[ 7, 54, 38]],

