[ 72, 75, 0,[ 71, 12]],

[ 76, 75, 0,[ 37, 71, 58]],

[ 58, 65, 1,[ 76, 36, 29]],

[ 43, 45, 1,[ 57, 75, 63]],

[ 10, 45, 0,[ 4, 5, 15]],

[ 96, 65, 0,[ 1, 80, 48, 83]],

[ 16, 25, 1,[ 89, 57, 34]],

[ 87, 35, 1,[ 95, 85, 14]],

[ 63, 5, 1,[ 70, 89, 43, 84]],

[ 1, 85, 1,[ 96, 70, 30]],

[ 42, 55, 0,[ 13, 68, 39, 98]],

[ 49, 15, 1,[ 30, 9, 95, 61]],

[ 6, 65, 0,[ 52, 73, 50]],

[ 75, 85, 0,[ 43, 51, 85]],

[ 9, 5, 1,[ 49, 81, 21, 38, 14]],

[ 62, 35, 0,[ 44, 73, 26]],

[ 59, 75, 0,[ 92, 98, 89]],

[ 23, 35, 0,[ 44, 35, 27]],

[ 94, 95, 0,[ 88, 78, 30]],

[ 61, 15, 0,[ 0, 49]],

[ 47, 5, 1,[ 77, 86, 74, 45]],

[ 24, 75, 0,[ 45, 22, 70]],

[ 65, 15, 1,[ 39, 92, 78, 26]],

[ 36, 75, 1,[ 12, 3, 69, 58]],

[ 31, 25, 0,[ 66, 55]],

[ 93, 85, 1,[ 73, 56, 64]],

[ 39, 15, 0,[ 29, 65, 64, 44, 42]],

[ 67, 35, 1,[ 74, 11, 86]],

[ 97, 95, 0,[ 22, 55, 60]],

[ 21, 35, 1,[ 60, 9, 95, 15, 86]],

[ 45, 75, 1,[ 24, 47, 14]],

[ 19, 95, 0,[ 15, 30, 7]],

[ 82, 35, 0,[ 56, 54, 85]],

[ 73, 65, 1,[ 6, 93, 28, 62, 2]],

[ 78, 15, 0,[ 66, 94, 65, 17]],

[ 44, 35, 0,[ 23, 39, 56, 62]],

[ 27, 75, 1,[ 23, 92, 83, 41]],

[ 17, 45, 0,[ 0, 52, 78]],

[ 41, 95, 1,[ 95, 55, 27]],

[ 55, 25, 1,[ 41, 31, 13, 97, 98]],

[ 57, 65, 1,[ 50, 16, 43]],

[ 86, 55, 1,[ 21, 67, 47, 35]],

[ 98, 85, 1,[ 55, 42, 59]],

[ 50, 85, 1,[ 13, 6, 4, 57]],

[ 2, 95, 1,[ 11, 73, 92, 79]],

[ 3, 15, 1,[ 22, 36, 5, 4]],

[ 99, 5, 0,[ 25, 79, 8]],

[ 68, 55, 0,[ 40, 42, 56]],

[ 70, 95, 1,[ 1, 24, 63]],

[ 48, 35, 0,[ 33, 96, 4]],

[ 40, 55, 0,[ 68]],

[ 8, 5, 0,[ 33, 99]],

[ 52, 45, 0,[ 17, 0, 25, 6]],

[ 90, 35, 0,[ 38, 51, 33]],

[ 13, 85, 0,[ 42, 55, 50]],

[ 56, 35, 0,[ 93, 68, 44, 82]],

[ 25, 5, 1,[ 38, 11, 52, 99]],

[ 34, 75, 1,[ 16, 12, 60]],

[ 71, 75, 0,[ 76, 32, 89, 72]],

[ 91, 95, 1,[ 81, 84, 77]],

[ 32, 55, 0,[ 15, 84, 71]],

[ 28, 75, 1,[ 60, 73, 66, 79]],

[ 85, 35, 0,[ 82, 75, 87]],

[ 51, 75, 0,[ 69, 90, 75]],

[ 33, 35, 0,[ 90, 48, 8]],

[ 5, 95, 1,[ 88, 10, 3]],

[ 80, 65, 0,[ 53, 18, 96]],

[ 64, 45, 1,[ 39, 93, 84]],

[ 4, 45, 1,[ 50, 48, 3, 10]],

[ 46, 25, 0,[ 7, 35, 29]],

[ 20, 95, 0,[ 7, 69, 60]],

[ 88, 95, 0,[ 5, 94, 18, 7]],

[ 89, 75, 0,[ 71, 16, 63, 59]],

[ 30, 95, 1,[ 1, 49, 19, 37, 18, 94]],

[ 84, 5, 0,[ 64, 32, 91, 63]],

[ 38, 35, 1,[ 25, 90, 9, 95]],

[ 77, 45, 1,[ 91, 47]],

[ 37, 95, 0,[ 30, 12, 0, 76]],

[ 22, 15, 0,[ 3, 24, 97]],

[ 74, 15, 1,[ 83, 47, 67]],

[ 66, 75, 0,[ 31, 78, 28, 53]],

[ 95, 25, 1,[ 87, 41, 21, 49, 38]],

[ 26, 75, 0,[ 62, 65, 69]],

[ 83, 65, 1,[ 81, 74, 96, 27]],

[ 12, 85, 1,[ 34, 72, 36, 37]],

[ 29, 65, 0,[ 58, 39, 46]],

[ 11, 5, 1,[ 67, 25, 54, 2]],

[ 81, 5, 0,[ 9, 91, 83]],

[ 18, 65, 1,[ 30, 80, 54, 88]],

[ 14, 75, 1,[ 87, 9, 45]],

[ 60, 95, 1,[ 34, 20, 28, 97, 21]],

[ 35, 55, 0,[ 23, 46, 86]],

[ 54, 25, 1,[ 18, 11, 82]],

[ 7, 95, 0,[ 46, 88, 20, 19]],

[ 53, 75, 1,[ 15, 66, 80]],

[ 79, 95, 0,[ 28, 99, 2]],

[ 69, 75, 1,[ 36, 51, 26, 20]],

[ 92, 65, 1,[ 2, 27, 59, 65]],

[ 15, 55, 1,[ 10, 19, 53, 32, 21]],

[ 0, 45, 1,[ 52, 17, 61, 37]],

