[ 48, 45, 0,[ 37, 94, 93]],

[ 11, 25, 0,[ 86, 28, 32, 35]],

[ 91, 25, 0,[ 54, 17, 90]],

[ 43, 65, 0,[ 27, 56, 50, 55]],

[ 63, 45, 0,[ 73, 93, 85]],

[ 88, 25, 0,[ 45, 57, 30]],

[ 37, 65, 0,[ 28, 48, 42, 77]],

[ 92, 35, 0,[ 51, 76, 13, 25]],

[ 54, 25, 0,[ 58, 28, 93, 91]],

[ 39, 65, 0,[ 97, 16, 47, 69]],

[ 33, 25, 0,[ 25, 18, 72]],

[ 38, 25, 0,[ 84, 56, 10]],

[ 9, 25, 0,[ 29, 95, 72]],

[ 10, 55, 0,[ 71, 98, 15, 38]],

[ 12, 65, 0,[ 6, 87, 20]],

[ 45, 65, 1,[ 1, 65, 30, 99, 17, 16, 88, 13]],

[ 64, 25, 0,[ 1, 7, 84]],

[ 73, 65, 0,[ 63, 46, 6]],

[ 31, 25, 0,[ 28, 75, 24, 93, 61]],

[ 25, 25, 0,[ 84, 33, 92, 53]],

[ 58, 25, 0,[ 54, 36, 74]],

[ 28, 75, 1,[ 14, 11, 31, 54, 37, 1]],

[ 86, 25, 1,[ 90, 36, 11, 79, 30, 50, 62, 29, 3, 69]],

[ 29, 25, 0,[ 86, 9, 49, 34]],

[ 17, 65, 0,[ 68, 91, 45]],

[ 93, 45, 1,[ 15, 5, 19, 63, 48, 54, 87, 66, 31, 51]],

[ 81, 65, 0,[ 62, 89, 34]],

[ 46, 65, 0,[ 68, 3, 73, 62]],

[ 15, 45, 0,[ 10, 93, 80]],

[ 60, 25, 0,[ 41, 21, 1]],

[ 3, 65, 1,[ 86, 46, 2, 99, 6]],

[ 44, 25, 0,[ 16, 7, 51]],

[ 36, 65, 0,[ 86, 58, 16, 66]],

[ 70, 25, 0,[ 26, 53, 40]],

[ 22, 65, 0,[ 0, 34, 71]],

[ 21, 25, 0,[ 83, 60, 7]],

[ 62, 65, 0,[ 86, 46, 81, 82]],

[ 40, 25, 0,[ 23, 7, 70]],

[ 53, 45, 1,[ 70, 41, 78, 25, 52, 96]],

[ 57, 55, 0,[ 87, 88, 98]],

[ 50, 25, 0,[ 14, 43, 55, 90, 86]],

[ 26, 25, 0,[ 70, 1, 51]],

[ 18, 35, 0,[ 33, 13, 55]],

[ 20, 65, 0,[ 7, 12, 97]],

[ 95, 25, 0,[ 9, 13, 68, 32]],

[ 19, 45, 0,[ 93, 16]],

[ 47, 65, 0,[ 82, 5, 39]],

[ 71, 65, 0,[ 66, 10, 22]],

[ 75, 25, 0,[ 4, 31, 76]],

[ 67, 55, 0,[ 8, 78, 98]],

[ 68, 25, 0,[ 17, 72, 46, 95]],

[ 76, 65, 0,[ 69, 92, 75]],

[ 16, 65, 0,[ 36, 44, 45, 19, 39]],

[ 66, 65, 0,[ 71, 23, 36, 42, 93]],

[ 61, 25, 0,[ 79, 69, 31]],

[ 51, 25, 0,[ 93, 92, 26, 44]],

[ 85, 55, 0,[ 63, 8, 98, 74]],

[ 14, 25, 0,[ 32, 50, 28]],

[ 34, 55, 0,[ 22, 29, 65, 81, 98]],

[ 87, 65, 0,[ 12, 57, 32, 93, 69]],

[ 5, 45, 0,[ 93, 47, 7]],

[ 30, 25, 0,[ 24, 88, 13, 86, 45]],

[ 35, 55, 0,[ 98, 11, 52]],

[ 97, 65, 0,[ 0, 20, 98, 39]],

[ 79, 25, 0,[ 98, 61, 86]],

[ 99, 65, 0,[ 45, 3, 96]],

[ 8, 55, 0,[ 85, 27, 67]],

[ 32, 25, 0,[ 87, 95, 11, 14, 98]],

[ 89, 15, 0,[ 81, 94]],

[ 77, 65, 0,[ 37, 80, 23]],

[ 24, 25, 0,[ 0, 30, 59, 31]],

[ 13, 35, 0,[ 95, 92, 18, 30, 45]],

[ 6, 65, 0,[ 12, 3, 73]],

[ 41, 25, 0,[ 53, 60, 2]],

[ 4, 25, 1,[ 84, 75, 59, 83, 27, 2]],

[ 59, 25, 0,[ 49, 24, 4]],

[ 23, 55, 0,[ 66, 40, 77, 98]],

[ 69, 55, 1,[ 27, 76, 61, 87, 39, 42, 86]],

[ 90, 25, 0,[ 50, 91, 86]],

[ 27, 65, 0,[ 69, 43, 4, 8]],

[ 98, 55, 1,[ 67, 57, 10, 85, 35, 34, 56, 23, 97, 79, 32, 72]],

[ 84, 25, 0,[ 38, 4, 64, 25]],

[ 42, 65, 0,[ 69, 37, 66]],

[ 55, 65, 0,[ 43, 18, 50]],

[ 74, 25, 0,[ 80, 52, 85, 58]],

[ 65, 65, 0,[ 45, 34, 7]],

[ 52, 25, 0,[ 74, 53, 83, 35]],

[ 83, 25, 0,[ 21, 52, 4]],

[ 94, 15, 0,[ 48, 78, 89]],

[ 80, 25, 0,[ 77, 74, 15]],

[ 1, 25, 0,[ 28, 60, 64, 45, 26]],

[ 0, 65, 0,[ 22, 24, 97]],

[ 2, 25, 0,[ 3, 41, 4]],

[ 7, 25, 1,[ 64, 5, 21, 20, 65, 44, 40]],

[ 78, 25, 0,[ 67, 53, 94]],

[ 82, 65, 0,[ 62, 96, 47]],

[ 96, 65, 0,[ 82, 53, 99]],

[ 72, 25, 0,[ 9, 68, 98, 33]],

[ 49, 25, 0,[ 29, 59]],

[ 56, 55, 0,[ 98, 43, 38]],

[ 49, 25, 0,[ 27, 72, 81, 34]],

[ 74, 25, 0,[ 83, 11, 55]],

[ 85, 25, 0,[ 0, 51, 6, 5]],

[ 64, 25, 0,[ 66, 3, 78, 22]],

[ 99, 25, 0,[ 33, 50, 1, 46, 41, 29]],

[ 17, 25, 0,[ 1, 96, 79, 71, 68]],

[ 38, 25, 0,[ 22, 93, 89]],

[ 20, 25, 0,[ 4, 52, 27]],

[ 29, 25, 0,[ 25, 47, 99, 78]],

[ 3, 75, 1,[ 28, 93, 64]],

[ 82, 25, 0,[ 15, 30, 27]],

[ 88, 25, 0,[ 69, 97, 31]],

[ 10, 25, 0,[ 19, 8, 45]],

[ 95, 25, 0,[ 70, 87, 36]],

[ 73, 25, 0,[ 60, 96, 90, 26]],

[ 76, 25, 0,[ 36, 71, 18]],

[ 16, 25, 0,[ 0, 70, 12, 4, 60, 61, 41]],

[ 60, 25, 0,[ 16, 48, 15, 36, 73]],

[ 87, 25, 0,[ 43, 62, 31, 95, 6]],

[ 41, 25, 0,[ 16, 63, 39, 90, 99]],

[ 31, 25, 0,[ 88, 62, 87, 8, 21]],

[ 24, 25, 0,[ 56, 28, 98]],

[ 79, 25, 0,[ 17, 11, 80]],

[ 83, 25, 0,[ 44, 11, 91, 74, 57]],

[ 15, 25, 0,[ 60, 53, 82]],

[ 25, 25, 0,[ 2, 29, 61]],

[ 70, 25, 0,[ 16, 80, 95]],

[ 39, 25, 0,[ 41, 69, 45]],

[ 45, 25, 1,[ 58, 23, 30, 4, 10, 39]],

[ 67, 25, 0,[ 84, 18, 71]],

[ 52, 25, 0,[ 80, 20, 98]],

[ 81, 25, 0,[ 71, 49, 9, 19]],

[ 94, 25, 0,[ 40, 1, 30]],

[ 0, 25, 0,[ 16, 42, 85]],

[ 66, 25, 0,[ 47, 53, 48, 64]],

[ 7, 25, 0,[ 84, 63, 27, 9]],

[ 48, 25, 0,[ 93, 1, 60, 66]],

[ 14, 65, 1,[ 26, 21, 33, 68, 42, 32, 55]],

[ 21, 25, 0,[ 14, 31, 56]],

[ 5, 25, 0,[ 85, 59, 98, 13]],

[ 57, 25, 0,[ 72, 80, 83]],

[ 72, 25, 0,[ 44, 98, 57, 49]],

[ 55, 25, 0,[ 93, 14, 74, 40]],

[ 4, 25, 0,[ 8, 43, 56, 69, 45, 2, 20, 16]],

[ 23, 25, 0,[ 11, 6, 45]],

[ 80, 25, 0,[ 52, 51, 57, 79, 35, 70]],

[ 86, 25, 1,[ 75, 77, 89]],

[ 65, 25, 0,[ 51, 50, 53]],

[ 6, 25, 0,[ 87, 23, 85]],

[ 97, 25, 0,[ 77, 96, 88]],

[ 43, 25, 0,[ 54, 4, 92, 87]],

[ 47, 25, 0,[ 29, 71, 66]],

[ 22, 25, 0,[ 38, 34, 64]],

[ 30, 25, 0,[ 98, 94, 19, 45, 82, 40]],

[ 27, 25, 1,[ 49, 82, 28, 20, 59, 7]],

[ 56, 25, 0,[ 4, 98, 21, 24]],

[ 71, 25, 0,[ 67, 81, 47, 17, 76, 26]],

[ 9, 25, 0,[ 61, 7, 81]],

[ 50, 25, 0,[ 99, 34, 61, 65]],

[ 59, 25, 0,[ 27, 8, 5]],

[ 62, 25, 0,[ 75, 31, 13, 87]],

[ 92, 25, 0,[ 43, 68, 91, 96]],

[ 40, 25, 0,[ 30, 94, 55]],

[ 98, 25, 1,[ 24, 52, 56, 30, 5, 72, 53]],

[ 28, 25, 1,[ 27, 2, 24, 3]],

[ 44, 25, 0,[ 72, 83, 37]],

[ 91, 25, 0,[ 93, 32, 92, 83]],

[ 78, 25, 0,[ 29, 37, 13, 64]],

[ 34, 25, 0,[ 49, 50, 54, 22]],

[ 11, 25, 0,[ 13, 83, 74, 79, 23]],

[ 32, 25, 0,[ 93, 14, 91]],

[ 33, 25, 0,[ 14, 35, 99]],

[ 36, 25, 0,[ 95, 60, 76]],

[ 75, 25, 0,[ 86, 46, 62]],

[ 96, 25, 0,[ 17, 97, 73, 92, 37]],

[ 58, 25, 0,[ 84, 53, 45]],

[ 2, 25, 0,[ 4, 53, 28, 25]],

[ 42, 25, 0,[ 0, 14, 46]],

[ 69, 45, 1,[ 88, 46, 4, 39]],

[ 89, 25, 0,[ 86, 38, 84]],

[ 13, 25, 0,[ 78, 5, 11, 12, 62]],

[ 18, 25, 0,[ 67, 90, 76]],

[ 93, 25, 1,[ 32, 38, 3, 91, 48, 55]],

[ 26, 25, 0,[ 71, 73, 14]],

[ 84, 25, 0,[ 7, 67, 89, 58]],

[ 8, 25, 0,[ 4, 10, 31, 59]],

[ 53, 25, 1,[ 98, 2, 15, 58, 65, 66, 54]],

[ 77, 25, 0,[ 86, 35, 97]],

[ 68, 25, 0,[ 14, 17, 92]],

[ 35, 25, 0,[ 63, 33, 77, 80]],

[ 54, 25, 0,[ 34, 53, 43]],

[ 90, 25, 0,[ 18, 73, 41]],

[ 12, 25, 0,[ 16, 13]],

[ 63, 25, 0,[ 35, 7, 41]],

[ 46, 25, 0,[ 99, 42, 75, 69]],

[ 1, 25, 0,[ 48, 94, 99, 17]],

[ 51, 25, 0,[ 85, 65, 80]],

[ 37, 25, 0,[ 96, 78, 44]],

[ 61, 25, 0,[ 50, 16, 9, 25]],

[ 19, 25, 0,[ 10, 30, 81]],

