[ 46, 5, 0,[ 35, 61]],

[ 75, 5, 0,[ 31, 89, 37]],

[ 6, 5, 0,[ 37, 31, 89]],

[ 71, 5, 0,[ 89, 35, 17]],

[ 19, 5, 0,[ 89, 35, 31]],

[ 98, 5, 0,[ 31, 52, 61]],

[ 89, 65, 1,[ 74, 67, 39, 19, 10, 41, 93, 25, 58, 82, 1, 84, 63, 56, 45, 49, 71, 75, 14, 83, 21, 2, 92, 18, 38, 70, 20, 0, 27, 22, 30, 13, 97, 79, 59, 80, 40, 4, 3, 81, 26, 6, 33, 11]],

[ 84, 5, 0,[ 89, 61]],

[ 81, 5, 1,[ 89, 31, 96]],

[ 85, 5, 0,[ 35, 31]],

[ 59, 5, 0,[ 89, 37, 35]],

[ 50, 5, 0,[ 31, 8]],

[ 55, 5, 0,[ 31, 35, 37]],

[ 63, 5, 0,[ 61, 17, 89]],

[ 60, 5, 0,[ 61, 37, 31]],

[ 22, 5, 0,[ 52, 89, 37]],

[ 77, 5, 0,[ 35, 37, 31]],

[ 62, 5, 0,[ 37, 8]],

[ 10, 5, 0,[ 31, 35, 89]],

[ 73, 5, 0,[ 37, 35, 31]],

[ 5, 75, 0,[ 37, 35, 87]],

[ 67, 5, 0,[ 37, 89]],

[ 83, 5, 0,[ 89, 52, 35]],

[ 79, 5, 0,[ 31, 89, 52]],

[ 42, 75, 0,[ 8, 17, 35]],

[ 18, 5, 0,[ 37, 89, 35]],

[ 36, 5, 0,[ 35, 31, 37]],

[ 2, 5, 0,[ 52, 89, 35]],

[ 21, 5, 0,[ 89, 35, 37]],

[ 9, 5, 0,[ 37, 52, 35]],

[ 27, 5, 0,[ 89, 35]],

[ 39, 5, 0,[ 89, 31, 52]],

[ 94, 5, 0,[ 31, 35, 37]],

[ 33, 5, 0,[ 31, 89]],

[ 26, 5, 0,[ 35, 31, 89]],

[ 35, 95, 1,[ 57, 59, 73, 30, 24, 82, 68, 19, 26, 12, 94, 65, 0, 1, 71, 51, 42, 16, 34, 83, 9, 21, 70, 36, 18, 5, 29, 72, 37, 3, 2, 55, 66, 46, 95, 78, 27, 54, 13, 85, 38, 47, 7, 97, 77, 53, 10, 23, 90, 44]],

[ 37, 15, 1,[ 59, 41, 22, 53, 12, 96, 69, 11, 73, 94, 62, 55, 43, 77, 75, 28, 48, 21, 36, 93, 18, 20, 88, 56, 80, 78, 32, 3, 67, 60, 9, 5, 35, 95, 7, 6, 72, 91, 65]],

[ 34, 5, 0,[ 8, 35, 31]],

[ 53, 5, 0,[ 37, 35, 8]],

[ 13, 5, 0,[ 35, 61, 89]],

[ 92, 5, 0,[ 89, 17, 61]],

[ 69, 5, 0,[ 37, 31, 8]],

[ 47, 75, 0,[ 31, 35]],

[ 8, 75, 1,[ 15, 40, 48, 34, 50, 32, 69, 16, 25, 1, 42, 53, 64, 62, 88, 45, 96, 95, 57]],

[ 58, 5, 0,[ 31, 52, 89]],

[ 57, 5, 0,[ 8, 17, 35, 43]],

[ 70, 5, 0,[ 35, 89, 31]],

[ 51, 5, 0,[ 17, 35, 29]],

[ 64, 5, 0,[ 8, 31, 52]],

[ 80, 5, 0,[ 37, 31, 89]],

[ 44, 5, 0,[ 31, 35, 52]],

[ 52, 35, 1,[ 2, 39, 96, 31, 24, 64, 83, 22, 98, 79, 78, 28, 9, 44, 29, 58]],

[ 82, 5, 0,[ 61, 35, 89]],

[ 61, 75, 1,[ 13, 46, 38, 93, 98, 66, 84, 24, 74, 82, 12, 41, 72, 60, 14, 86, 92, 68, 65, 63, 56]],

[ 54, 5, 0,[ 17, 35, 31]],

[ 78, 5, 0,[ 37, 35, 52]],

[ 65, 5, 0,[ 37, 61, 35]],

[ 29, 5, 0,[ 35, 51, 52]],

[ 0, 5, 0,[ 31, 89, 35]],

[ 48, 5, 0,[ 37, 31, 8]],

[ 87, 5, 0,[ 5]],

[ 41, 5, 0,[ 89, 61, 37]],

[ 4, 5, 0,[ 89, 31]],

[ 17, 35, 1,[ 99, 92, 63, 54, 71, 57, 91, 51, 76, 42, 88]],

[ 30, 75, 0,[ 35, 31, 89]],

[ 45, 5, 0,[ 89, 8]],

[ 40, 5, 0,[ 8, 89, 90]],

[ 12, 5, 0,[ 37, 35, 61]],

[ 15, 5, 0,[ 31, 8]],

[ 74, 5, 0,[ 31, 89, 61]],

[ 3, 5, 0,[ 37, 35, 89]],

[ 56, 5, 0,[ 89, 37, 61]],

[ 76, 5, 0,[ 17]],

[ 86, 5, 0,[ 31, 61]],

[ 93, 5, 0,[ 37, 89, 61]],

[ 99, 5, 0,[ 31, 17]],

[ 88, 5, 0,[ 37, 17, 8]],

[ 95, 5, 0,[ 37, 8, 35]],

[ 49, 5, 0,[ 31, 89]],

[ 1, 5, 0,[ 35, 89, 8]],

[ 28, 5, 0,[ 31, 37, 52]],

[ 72, 5, 0,[ 35, 61, 37]],

[ 66, 5, 0,[ 35, 61, 31]],

[ 16, 5, 0,[ 8, 31, 35]],

[ 25, 5, 0,[ 8, 31, 89]],

[ 90, 5, 0,[ 40, 31, 35]],

[ 14, 5, 0,[ 61, 31, 89]],

[ 96, 5, 1,[ 8, 81, 52, 37]],

[ 68, 5, 0,[ 35, 61]],

[ 38, 5, 0,[ 61, 89, 35]],

[ 11, 5, 0,[ 89, 37]],

[ 20, 5, 0,[ 37, 89, 31]],

[ 24, 5, 0,[ 52, 35, 61]],

[ 23, 5, 0,[ 35, 31]],

[ 32, 5, 0,[ 31, 8, 37]],

[ 43, 5, 0,[ 57, 37]],

[ 31, 55, 1,[ 36, 90, 14, 77, 49, 16, 85, 58, 80, 50, 81, 91, 4, 6, 25, 44, 60, 70, 30, 0, 55, 69, 20, 23, 98, 52, 26, 48, 74, 15, 99, 28, 34, 66, 73, 64, 79, 86, 32, 75, 54, 94, 19, 47, 10, 39, 97, 33]],

[ 91, 5, 0,[ 31, 37, 17]],

[ 7, 5, 0,[ 35, 37]],

[ 97, 5, 0,[ 31, 89, 35]],

