[ 90, 25, 1,[ 67, 91, 7]],

[ 58, 65, 0,[ 97, 9, 66]],

[ 45, 65, 0,[ 23, 29, 95]],

[ 74, 55, 1,[ 26, 64, 81, 10]],

[ 86, 45, 0,[ 7, 44, 80]],

[ 85, 65, 1,[ 96, 4, 61, 0, 75, 95]],

[ 66, 65, 1,[ 62, 58, 6]],

[ 32, 65, 1,[ 43, 31, 83, 38]],

[ 3, 65, 0,[ 39, 53, 97]],

[ 64, 55, 0,[ 30, 74, 40]],

[ 31, 85, 1,[ 69, 50, 32, 95]],

[ 30, 15, 0,[ 35, 64, 81]],

[ 69, 15, 0,[ 18, 77, 31]],

[ 5, 15, 0,[ 93, 72, 36]],

[ 79, 35, 1,[ 94, 4, 28, 92]],

[ 78, 15, 0,[ 47, 83, 87]],

[ 23, 65, 1,[ 51, 92, 41, 45]],

[ 59, 65, 1,[ 27, 76, 93]],

[ 87, 15, 1,[ 60, 29, 78, 93, 10]],

[ 38, 35, 0,[ 52, 19, 73, 41, 32]],

[ 13, 95, 1,[ 80, 34, 17]],

[ 92, 75, 1,[ 18, 79, 23]],

[ 42, 65, 1,[ 53, 16, 84]],

[ 76, 65, 1,[ 59, 50, 34]],

[ 50, 65, 0,[ 31, 37, 76]],

[ 28, 35, 0,[ 6, 79, 77]],

[ 88, 5, 1,[ 20, 82, 44]],

[ 93, 15, 0,[ 87, 5, 59]],

[ 51, 65, 1,[ 83, 23, 9, 99]],

[ 0, 25, 0,[ 57, 85, 83]],

[ 1, 55, 0,[ 16, 65, 56, 2]],

[ 46, 15, 1,[ 20, 47, 48]],

[ 39, 5, 1,[ 68, 3, 65, 94]],

[ 89, 65, 1,[ 97, 24, 11]],

[ 41, 65, 0,[ 83, 38, 23]],

[ 52, 65, 1,[ 49, 8, 38]],

[ 34, 65, 0,[ 76, 65, 36, 13]],

[ 36, 35, 0,[ 5, 34, 12, 83]],

[ 6, 25, 1,[ 67, 66, 28, 91]],

[ 99, 85, 1,[ 67, 51, 33]],

[ 33, 95, 1,[ 21, 49, 99, 37]],

[ 9, 65, 0,[ 58, 84, 51]],

[ 72, 15, 1,[ 29, 49, 20, 35, 5]],

[ 22, 85, 1,[ 14, 44, 37, 24, 20, 91]],

[ 40, 95, 0,[ 80, 17, 64]],

[ 10, 15, 1,[ 63, 74, 87]],

[ 48, 75, 1,[ 55, 46, 82]],

[ 15, 55, 0,[ 55, 70, 77]],

[ 19, 35, 1,[ 8, 12, 38]],

[ 47, 15, 0,[ 60, 78, 80, 46]],

[ 25, 55, 0,[ 73, 2, 53]],

[ 77, 55, 0,[ 68, 69, 15, 28]],

[ 70, 85, 0,[ 15, 75, 61]],

[ 56, 35, 1,[ 1, 16, 17]],

[ 44, 45, 1,[ 43, 14, 88, 62, 86, 22, 71, 57, 4]],

[ 27, 65, 0,[ 96, 37, 59]],

[ 11, 65, 0,[ 89, 53, 29]],

[ 80, 5, 1,[ 13, 61, 57, 47, 86, 40]],

[ 2, 55, 0,[ 68, 54, 1, 25]],

[ 60, 15, 0,[ 87, 47]],

[ 14, 45, 0,[ 22, 44, 20]],

[ 91, 25, 0,[ 22, 82, 90, 6]],

[ 7, 25, 0,[ 8, 90, 86]],

[ 35, 65, 1,[ 72, 83, 30]],

[ 18, 15, 0,[ 81, 69, 92]],

[ 98, 55, 0,[ 55, 26, 75]],

[ 84, 25, 1,[ 9, 73, 42, 54, 21]],

[ 54, 25, 1,[ 84, 71, 2]],

[ 67, 25, 0,[ 99, 6, 90]],

[ 20, 95, 1,[ 72, 88, 14, 22, 46]],

[ 73, 75, 0,[ 38, 84, 25]],

[ 24, 5, 1,[ 22, 21, 89]],

[ 43, 65, 0,[ 44, 32, 37]],

[ 17, 95, 1,[ 56, 13, 57, 40]],

[ 82, 5, 1,[ 48, 88, 16, 91]],

[ 49, 25, 0,[ 72, 52, 33]],

[ 71, 45, 0,[ 54, 44, 97]],

[ 68, 65, 1,[ 2, 39, 77]],

[ 21, 65, 0,[ 33, 24, 84]],

[ 75, 15, 1,[ 85, 70, 98]],

[ 61, 65, 1,[ 80, 85, 70]],

[ 96, 45, 1,[ 27, 63, 85]],

[ 12, 35, 0,[ 19, 36, 26]],

[ 83, 65, 0,[ 35, 36, 51, 78, 0, 32, 41]],

[ 95, 95, 0,[ 85, 45, 31]],

[ 37, 65, 1,[ 50, 27, 22, 33, 43]],

[ 94, 35, 1,[ 81, 39, 55, 79]],

[ 26, 55, 1,[ 12, 74, 97, 98]],

[ 29, 15, 1,[ 11, 45, 72, 87]],

[ 8, 45, 1,[ 7, 52, 19]],

[ 53, 65, 0,[ 42, 3, 25, 11]],

[ 55, 55, 0,[ 48, 94, 15, 98]],

[ 63, 75, 0,[ 10, 96]],

[ 62, 45, 1,[ 97, 66, 44]],

[ 97, 45, 1,[ 26, 62, 58, 3, 89, 71]],

[ 65, 55, 0,[ 34, 39, 1]],

[ 16, 55, 0,[ 82, 42, 56, 1]],

[ 81, 85, 1,[ 18, 74, 30, 94]],

[ 4, 65, 0,[ 79, 44, 85]],

[ 57, 95, 0,[ 17, 44, 0, 80]],

[ 23, 65, 1,[ 29, 31, 46, 27]],

[ 0, 95, 0,[ 38, 73, 1]],

[ 75, 95, 1,[ 94, 40, 56]],

[ 43, 15, 0,[ 95, 36, 77, 14]],

[ 29, 85, 1,[ 15, 23, 32, 63]],

[ 99, 85, 1,[ 82, 53, 48, 33]],

[ 26, 55, 1,[ 86, 37, 39]],

[ 86, 25, 0,[ 89, 26, 70]],

[ 42, 35, 1,[ 71, 28, 19, 73]],

[ 67, 15, 0,[ 10, 13, 3]],

[ 14, 15, 0,[ 74, 58, 43]],

[ 21, 95, 0,[ 17, 92, 28]],

[ 80, 35, 1,[ 83, 30, 27, 3, 9]],

[ 5, 75, 0,[ 79, 10]],

[ 28, 95, 0,[ 21, 32, 42]],

[ 90, 35, 0,[ 35, 77]],

[ 69, 95, 0,[ 62, 6, 24]],

[ 87, 15, 1,[ 30, 17, 74, 47, 34, 82]],

[ 4, 25, 0,[ 88, 96, 49]],

[ 35, 95, 1,[ 15, 53, 73, 90]],

[ 70, 25, 0,[ 7, 88, 86]],

[ 20, 45, 1,[ 76, 45, 2, 31]],

[ 92, 95, 1,[ 51, 61, 46, 21, 24]],

[ 12, 15, 0,[ 44, 91]],

[ 52, 95, 1,[ 65, 16, 68]],

[ 30, 15, 0,[ 59, 87, 80]],

[ 79, 95, 0,[ 9, 47, 5]],

[ 48, 35, 1,[ 60, 68, 81, 99, 16]],

[ 16, 15, 1,[ 52, 58, 48]],

[ 32, 25, 1,[ 65, 29, 50, 28, 60]],

[ 24, 95, 1,[ 53, 92, 27, 69, 7]],

[ 49, 15, 0,[ 98, 34, 4, 6]],

[ 33, 45, 0,[ 25, 40, 44, 99]],

[ 41, 15, 0,[ 59, 74, 46]],

[ 51, 55, 1,[ 92, 45, 50, 8, 39]],

[ 76, 55, 1,[ 10, 31, 20]],

[ 44, 15, 1,[ 17, 95, 93, 12, 33]],

[ 39, 55, 0,[ 31, 51, 77, 26, 40, 63]],

[ 46, 25, 1,[ 41, 84, 9, 92, 23]],

[ 2, 85, 0,[ 88, 20, 96]],

[ 82, 75, 1,[ 99, 87, 58]],

[ 6, 55, 1,[ 49, 69, 55]],

[ 77, 15, 0,[ 39, 43, 90]],

[ 37, 55, 1,[ 45, 26]],

[ 96, 25, 1,[ 2, 91, 4, 85]],

[ 85, 5, 1,[ 96, 89]],

[ 60, 55, 0,[ 91, 48, 32]],

[ 36, 55, 0,[ 64, 66, 43]],

[ 13, 45, 1,[ 67, 74, 88]],

[ 31, 45, 1,[ 76, 23, 39, 20]],

[ 63, 15, 0,[ 39, 89, 29]],

[ 64, 35, 0,[ 71, 98, 36]],

[ 71, 35, 1,[ 64, 18, 42, 66]],

[ 56, 95, 1,[ 88, 98, 68, 75]],

[ 1, 95, 0,[ 88, 0, 9]],

[ 10, 55, 1,[ 67, 5, 76, 94]],

[ 94, 95, 1,[ 10, 75, 73, 25]],

[ 91, 25, 0,[ 12, 60, 96]],

[ 97, 45, 1,[ 54, 19, 81]],

[ 55, 95, 0,[ 62, 6, 25]],

[ 93, 65, 0,[ 44, 72, 61]],

[ 83, 45, 0,[ 3, 54, 80]],

[ 57, 25, 0,[ 72, 84]],

[ 95, 15, 0,[ 8, 43, 44, 11]],

[ 15, 45, 0,[ 35, 84, 29]],

[ 11, 15, 0,[ 66, 74, 95]],

[ 50, 25, 0,[ 32, 22, 51]],

[ 8, 15, 1,[ 34, 51, 95]],

[ 73, 95, 0,[ 42, 35, 94, 0]],

[ 7, 5, 0,[ 70, 59, 24]],

[ 61, 85, 1,[ 22, 92, 93]],

[ 89, 75, 1,[ 85, 63, 86]],

[ 40, 45, 1,[ 39, 33, 75, 38]],

[ 74, 15, 1,[ 41, 11, 87, 14, 13]],

[ 38, 45, 0,[ 59, 40, 0]],

[ 45, 55, 0,[ 37, 51, 20]],

[ 78, 85, 1,[ 84, 34]],

[ 47, 95, 0,[ 88, 79, 87]],

[ 3, 35, 0,[ 80, 18, 83, 67]],

[ 84, 85, 1,[ 46, 78, 57, 15]],

[ 54, 25, 1,[ 97, 88, 83]],

[ 17, 15, 1,[ 21, 44, 87, 66]],

[ 68, 45, 1,[ 56, 48, 52]],

[ 58, 45, 0,[ 16, 82, 14]],

[ 53, 95, 0,[ 35, 24, 99]],

[ 62, 95, 1,[ 55, 69, 72]],

[ 18, 35, 0,[ 3, 71, 81]],

[ 25, 45, 0,[ 33, 94, 55]],

[ 98, 15, 0,[ 56, 64, 49]],

[ 34, 15, 0,[ 87, 8, 49, 78]],

[ 72, 65, 1,[ 57, 62, 93]],

[ 9, 95, 0,[ 1, 79, 46, 19, 80]],

[ 19, 95, 1,[ 42, 97, 9]],

[ 81, 35, 1,[ 48, 97, 18]],

[ 65, 25, 0,[ 32, 52, 22]],

[ 88, 95, 1,[ 70, 56, 47, 2, 54, 4, 13, 1]],

[ 66, 15, 1,[ 36, 11, 71, 17]],

[ 27, 5, 0,[ 23, 80, 24]],

[ 59, 55, 1,[ 41, 30, 7, 38]],

[ 22, 95, 1,[ 65, 61, 50]],

