[ 56, 15, 0,[ 35, 47, 43, 68]],

[ 82, 15, 0,[ 36, 45, 19]],

[ 61, 15, 0,[ 65, 51, 53, 11]],

[ 11, 15, 0,[ 40, 52, 61]],

[ 75, 5, 0,[ 45, 85, 84]],

[ 45, 25, 1,[ 82, 5, 75, 50, 36, 73, 97, 39]],

[ 47, 15, 0,[ 56, 46, 13, 86, 70]],

[ 9, 75, 0,[ 93, 95, 34]],

[ 10, 15, 0,[ 16, 49]],

[ 52, 15, 0,[ 59, 44, 11, 15]],

[ 49, 55, 0,[ 10, 86, 98, 48]],

[ 20, 15, 0,[ 5, 2, 98, 54, 69]],

[ 13, 15, 0,[ 47, 0, 8]],

[ 63, 15, 0,[ 21, 88, 3, 33]],

[ 78, 15, 0,[ 69, 90, 46]],

[ 25, 15, 0,[ 43, 21, 69]],

[ 80, 55, 0,[ 41, 23, 53]],

[ 79, 15, 0,[ 89, 43, 74]],

[ 17, 15, 0,[ 50, 38, 28]],

[ 50, 5, 0,[ 17, 34, 45]],

[ 23, 15, 0,[ 81, 32, 80]],

[ 72, 15, 0,[ 73, 40, 96]],

[ 42, 15, 0,[ 24, 36, 14, 29]],

[ 86, 55, 1,[ 77, 98, 68, 43, 97, 49, 8, 47]],

[ 12, 15, 0,[ 14, 88, 84]],

[ 33, 15, 0,[ 63, 85, 98, 64]],

[ 81, 15, 0,[ 84, 1, 22, 23, 44]],

[ 3, 25, 1,[ 63, 94, 73, 67, 90, 30, 74, 1, 40, 57]],

[ 93, 45, 1,[ 60, 34, 76, 9]],

[ 91, 45, 0,[ 48, 35, 83]],

[ 95, 15, 0,[ 9, 69, 18]],

[ 69, 45, 1,[ 60, 20, 24, 4, 95, 25, 78]],

[ 57, 15, 0,[ 3, 77, 6, 26]],

[ 0, 45, 0,[ 13, 48, 28, 97]],

[ 67, 15, 0,[ 73, 3, 99]],

[ 77, 15, 0,[ 57, 86, 6]],

[ 88, 15, 0,[ 63, 28, 12, 29]],

[ 90, 15, 0,[ 3, 40, 78]],

[ 65, 15, 0,[ 83, 61, 41]],

[ 5, 5, 0,[ 45, 20, 6]],

[ 30, 15, 0,[ 3, 39, 6]],

[ 43, 15, 0,[ 25, 79, 86, 26, 56]],

[ 66, 15, 0,[ 73, 38]],

[ 53, 55, 1,[ 92, 4, 22, 96, 61, 35, 80]],

[ 21, 15, 0,[ 25, 58, 63]],

[ 54, 15, 0,[ 20, 71, 62]],

[ 51, 55, 0,[ 98, 92, 61]],

[ 73, 15, 0,[ 67, 72, 3, 45, 66, 18]],

[ 26, 15, 0,[ 43, 59, 57]],

[ 71, 15, 0,[ 40, 64, 54]],

[ 24, 15, 0,[ 27, 74, 39, 69, 42]],

[ 16, 15, 0,[ 98, 10, 55, 35]],

[ 48, 45, 0,[ 91, 94, 49, 0, 55]],

[ 99, 15, 0,[ 7, 98, 89, 67]],

[ 60, 15, 0,[ 69, 70, 93]],

[ 15, 15, 0,[ 96, 68, 52]],

[ 41, 45, 0,[ 80, 31, 97, 65]],

[ 97, 95, 0,[ 41, 86, 0, 45]],

[ 87, 15, 0,[ 59, 4, 46]],

[ 92, 55, 0,[ 51, 31, 53]],

[ 55, 45, 0,[ 48, 2, 16]],

[ 38, 15, 0,[ 28, 17, 18, 66]],

[ 19, 15, 0,[ 44, 82, 62]],

[ 31, 45, 0,[ 83, 92, 41]],

[ 76, 15, 0,[ 37, 93, 8]],

[ 94, 35, 0,[ 74, 3, 48]],

[ 46, 15, 0,[ 7, 47, 87, 78]],

[ 29, 15, 0,[ 32, 88, 42]],

[ 39, 15, 0,[ 30, 45, 24]],

[ 2, 15, 0,[ 55, 20, 44]],

[ 62, 15, 0,[ 54, 14, 19]],

[ 40, 15, 0,[ 3, 11, 90, 71, 64, 72]],

[ 18, 15, 0,[ 27, 95, 73, 38]],

[ 44, 15, 0,[ 2, 19, 52, 81]],

[ 85, 15, 0,[ 89, 22, 75, 33]],

[ 1, 15, 0,[ 81, 37, 3]],

[ 8, 15, 0,[ 13, 76, 86]],

[ 89, 15, 0,[ 99, 85, 79]],

[ 4, 15, 0,[ 53, 69, 14, 59, 87]],

[ 6, 15, 0,[ 5, 77, 57, 30]],

[ 70, 15, 0,[ 7, 47, 60]],

[ 64, 15, 0,[ 40, 71, 33]],

[ 34, 75, 0,[ 93, 9, 50]],

[ 58, 15, 0,[ 28, 83, 21]],

[ 37, 15, 0,[ 28, 1, 76]],

[ 7, 15, 0,[ 70, 99, 46]],

[ 28, 75, 1,[ 58, 38, 88, 0, 17, 37]],

[ 68, 15, 0,[ 15, 56, 86]],

[ 36, 15, 0,[ 45, 82, 42]],

[ 96, 55, 0,[ 72, 15, 53]],

[ 32, 15, 0,[ 29, 74, 23]],

[ 83, 35, 1,[ 91, 31, 58, 65]],

[ 59, 15, 0,[ 4, 52, 87, 26]],

[ 22, 15, 0,[ 53, 85, 81]],

[ 84, 15, 0,[ 81, 75, 12]],

[ 27, 15, 0,[ 24, 18]],

[ 98, 15, 1,[ 20, 16, 14, 86, 99, 51, 49, 33]],

[ 14, 85, 1,[ 98, 4, 12, 42, 62]],

[ 35, 15, 0,[ 53, 56, 91, 16]],

[ 74, 15, 0,[ 3, 79, 24, 94, 32]],

[ 27, 35, 0,[ 69, 90, 38]],

[ 50, 55, 0,[ 97, 85, 90]],

[ 55, 45, 0,[ 8, 26, 60, 6]],

[ 46, 15, 0,[ 31, 8, 83, 7]],

[ 39, 45, 0,[ 7, 37, 11, 25, 47]],

[ 18, 45, 0,[ 49, 31, 82]],

[ 2, 45, 0,[ 92, 43, 80]],

[ 88, 15, 0,[ 64, 32, 16, 7]],

[ 84, 45, 0,[ 65, 14, 92, 21]],

[ 26, 15, 0,[ 53, 86, 16, 55]],

[ 9, 45, 0,[ 35, 30, 20]],

[ 42, 65, 0,[ 98, 41, 93]],

[ 81, 25, 0,[ 28, 65, 45]],

[ 51, 15, 0,[ 72, 90, 7, 38]],

[ 33, 55, 0,[ 85, 0, 29, 5]],

[ 75, 75, 0,[ 65, 98, 36]],

[ 28, 55, 1,[ 65, 29, 61, 83, 81]],

[ 20, 45, 0,[ 56, 32, 9]],

[ 17, 95, 0,[ 86]],

[ 19, 15, 0,[ 73, 57, 12, 80, 7]],

[ 24, 15, 0,[ 76, 7, 69]],

[ 96, 65, 0,[ 68, 78, 93]],

[ 99, 45, 0,[ 53, 12, 15, 14, 70, 10]],

[ 90, 45, 0,[ 51, 50, 27, 22]],

[ 37, 15, 0,[ 87, 39, 7]],

[ 59, 35, 0,[ 69, 64, 97]],

[ 16, 65, 0,[ 88, 26, 94]],

[ 43, 45, 0,[ 45, 11, 40, 2, 91]],

[ 74, 45, 0,[ 53, 70, 49]],

[ 11, 45, 0,[ 43, 78, 7, 66, 39]],

[ 77, 45, 0,[ 49, 44, 41]],

[ 45, 25, 1,[ 34, 87, 22, 43, 49, 63, 81]],

[ 47, 45, 0,[ 35, 39, 54, 89]],

[ 92, 15, 0,[ 2, 84, 7]],

[ 76, 15, 0,[ 25, 53, 91, 68, 24]],

[ 29, 15, 0,[ 53, 21, 33, 28]],

[ 21, 65, 0,[ 29, 84, 87]],

[ 93, 15, 1,[ 97, 1, 6, 13, 41, 96, 42]],

[ 58, 65, 0,[ 23, 62, 94]],

[ 65, 45, 0,[ 81, 84, 75, 28]],

[ 80, 55, 0,[ 19, 67, 2, 48]],

[ 95, 45, 0,[ 6, 70, 12]],

[ 64, 35, 0,[ 54, 3, 59, 88]],

[ 78, 65, 0,[ 96, 87, 11]],

[ 72, 35, 0,[ 69, 4, 98, 51]],

[ 3, 65, 1,[ 56, 66, 64, 68, 31, 4]],

[ 8, 35, 0,[ 69, 30, 55, 46]],

[ 56, 55, 0,[ 20, 63, 3]],

[ 73, 55, 0,[ 60, 19, 82]],

[ 57, 25, 0,[ 34, 53, 5, 19]],

[ 10, 15, 0,[ 68, 53, 99]],

[ 63, 55, 0,[ 85, 56, 45]],

[ 35, 45, 0,[ 9, 86, 47]],

[ 22, 25, 0,[ 34, 45, 90]],

[ 69, 95, 1,[ 59, 8, 72, 24, 85, 61, 27, 54]],

[ 40, 55, 0,[ 43, 67, 13]],

[ 54, 45, 0,[ 47, 64, 69, 83]],

[ 98, 45, 1,[ 75, 42, 67, 62, 72]],

[ 48, 55, 0,[ 30, 67, 80, 52]],

[ 38, 55, 0,[ 5, 27, 51]],

[ 83, 45, 0,[ 91, 46, 28, 54]],

[ 52, 55, 0,[ 0, 48]],

[ 34, 25, 0,[ 57, 22, 45]],

[ 71, 45, 0,[ 36, 62, 44]],

[ 12, 45, 0,[ 19, 95, 99]],

[ 94, 65, 0,[ 1, 58, 53, 16]],

[ 97, 65, 0,[ 93, 59, 50]],

[ 85, 55, 0,[ 68, 33, 50, 69, 63]],

[ 41, 15, 0,[ 89, 7, 44, 42, 77, 93]],

[ 36, 15, 0,[ 75, 71, 7]],

[ 0, 15, 0,[ 53, 33, 49, 52]],

[ 68, 55, 0,[ 3, 79, 76, 10, 85, 96]],

[ 7, 75, 1,[ 14, 41, 88, 24, 36, 51, 46, 92, 37, 32, 19, 39, 11]],

[ 61, 35, 0,[ 53, 69, 28]],

[ 30, 55, 0,[ 48, 8, 9]],

[ 4, 35, 0,[ 32, 3, 72]],

[ 60, 35, 1,[ 23, 55, 89, 70, 13, 73]],

[ 23, 65, 0,[ 60, 58, 87, 53]],

[ 49, 45, 0,[ 74, 0, 77, 45, 18]],

[ 67, 55, 0,[ 98, 48, 40, 80]],

[ 1, 65, 0,[ 94, 93, 82]],

[ 15, 45, 0,[ 5, 99]],

[ 62, 65, 0,[ 58, 98, 71]],

[ 79, 55, 0,[ 25, 86, 68]],

[ 53, 45, 1,[ 61, 99, 57, 0, 23, 10, 29, 76, 74, 94, 26]],

[ 5, 55, 0,[ 15, 38, 57, 33]],

[ 82, 45, 0,[ 1, 18, 73]],

[ 25, 45, 0,[ 76, 79, 39]],

[ 91, 45, 0,[ 43, 83, 76]],

[ 14, 45, 0,[ 84, 99, 7]],

[ 32, 15, 0,[ 20, 88, 7, 4]],

[ 13, 55, 0,[ 93, 40, 60]],

[ 70, 45, 0,[ 66, 74, 60, 95, 99]],

[ 44, 45, 0,[ 41, 71, 77]],

[ 89, 45, 0,[ 41, 60, 47]],

[ 86, 95, 1,[ 17, 26, 35, 79]],

[ 31, 45, 0,[ 3, 18, 46]],

[ 87, 65, 0,[ 21, 45, 23, 78, 37]],

[ 6, 45, 0,[ 93, 95, 55]],

[ 66, 45, 0,[ 70, 3, 11]],

