[ 73, 35, 0,[ 17, 54, 95]],

[ 37, 15, 1,[ 63, 27, 17]],

[ 83, 45, 0,[ 41, 88, 81, 33]],

[ 25, 35, 0,[ 76, 46, 72]],

[ 63, 35, 0,[ 37, 81, 46]],

[ 12, 55, 0,[ 78]],

[ 99, 85, 1,[ 98, 67, 1, 74]],

[ 27, 35, 0,[ 31, 37]],

[ 94, 85, 1,[ 47, 40, 52, 3, 55, 0]],

[ 7, 35, 0,[ 80, 84, 92]],

[ 47, 15, 0,[ 88, 94, 26]],

[ 62, 35, 0,[ 28, 6, 48]],

[ 89, 35, 1,[ 32, 81, 51]],

[ 38, 15, 0,[ 59, 56, 78]],

[ 19, 15, 1,[ 2, 86, 71, 29, 87]],

[ 17, 25, 1,[ 37, 41, 73, 40]],

[ 24, 5, 1,[ 71, 77, 69, 50]],

[ 45, 45, 0,[ 96, 5, 75]],

[ 34, 35, 0,[ 78, 77, 92]],

[ 31, 95, 1,[ 44, 27, 98, 11, 8]],

[ 0, 35, 0,[ 32, 96, 94]],

[ 90, 15, 0,[ 49, 96, 30]],

[ 44, 25, 1,[ 31, 53, 67, 46, 79]],

[ 53, 5, 0,[ 81, 44, 68]],

[ 3, 35, 0,[ 94, 81, 20]],

[ 35, 35, 1,[ 8, 79, 10, 87]],

[ 52, 55, 1,[ 94, 95, 70, 82]],

[ 57, 15, 0,[ 55, 48, 6]],

[ 88, 35, 1,[ 43, 83, 47]],

[ 98, 25, 0,[ 31, 99, 72]],

[ 2, 95, 0,[ 23, 19, 59]],

[ 6, 25, 1,[ 69, 62, 66, 57, 39]],

[ 79, 5, 1,[ 60, 44, 84, 35]],

[ 67, 35, 0,[ 48, 44, 99]],

[ 9, 35, 0,[ 68, 23, 15]],

[ 64, 25, 0,[ 60, 20, 82]],

[ 48, 45, 1,[ 91, 74, 57, 62, 67, 15]],

[ 28, 35, 0,[ 84, 92, 62]],

[ 32, 15, 1,[ 89, 0, 91]],

[ 51, 35, 1,[ 87, 89, 95]],

[ 65, 35, 0,[ 96, 4]],

[ 92, 95, 1,[ 28, 97, 7, 34, 49]],

[ 70, 15, 0,[ 52, 61, 56]],

[ 71, 5, 1,[ 19, 76, 24]],

[ 11, 15, 0,[ 14, 31]],

[ 84, 45, 1,[ 7, 28, 79]],

[ 21, 35, 0,[ 10, 81, 26]],

[ 36, 95, 0,[ 1, 61, 96]],

[ 60, 35, 0,[ 64, 54, 79]],

[ 76, 45, 1,[ 75, 77, 71, 25]],

[ 10, 95, 1,[ 35, 82, 21, 58]],

[ 55, 55, 0,[ 94, 57, 42]],

[ 96, 55, 1,[ 65, 36, 0, 45, 90]],

[ 86, 35, 0,[ 19, 33, 68]],

[ 58, 35, 0,[ 80, 82, 10]],

[ 14, 15, 0,[ 11, 13, 42]],

[ 1, 35, 0,[ 85, 36, 99]],

[ 72, 75, 1,[ 98, 8, 50, 25]],

[ 68, 45, 1,[ 9, 56, 18, 86, 53]],

[ 16, 35, 1,[ 59, 56]],

[ 23, 95, 1,[ 61, 66, 22, 29, 9, 2]],

[ 75, 15, 1,[ 22, 76, 39, 45, 30, 29]],

[ 82, 85, 1,[ 64, 97, 52, 58, 10]],

[ 95, 35, 1,[ 73, 42, 51, 52]],

[ 50, 35, 0,[ 56, 24, 72]],

[ 41, 95, 0,[ 83, 77, 17]],

[ 56, 15, 1,[ 16, 50, 38, 70, 68]],

[ 81, 55, 1,[ 3, 63, 21, 77, 89, 83, 15, 69, 53, 66]],

[ 59, 5, 1,[ 16, 38, 2]],

[ 39, 35, 0,[ 46, 6, 75]],

[ 78, 55, 1,[ 5, 12, 34, 38]],

[ 29, 35, 1,[ 19, 75, 23]],

[ 42, 55, 1,[ 55, 95, 14]],

[ 66, 35, 1,[ 23, 6, 81]],

[ 33, 85, 1,[ 13, 85, 86, 91, 83]],

[ 20, 45, 1,[ 26, 3, 64]],

[ 97, 35, 1,[ 82, 92, 26]],

[ 74, 45, 0,[ 48, 99, 43]],

[ 15, 5, 0,[ 81, 9, 48]],

[ 40, 15, 0,[ 87, 17, 94, 30]],

[ 46, 5, 1,[ 44, 25, 39, 63]],

[ 4, 35, 0,[ 61, 65, 80]],

[ 22, 35, 1,[ 75, 18, 23]],

[ 80, 65, 1,[ 4, 58, 43, 18, 7]],

[ 13, 25, 1,[ 5, 14, 26, 33]],

[ 87, 15, 1,[ 51, 35, 40, 19]],

[ 54, 15, 1,[ 60, 73, 93]],

[ 43, 15, 0,[ 88, 80, 26, 74]],

[ 77, 35, 0,[ 81, 41, 34, 24, 76]],

[ 8, 35, 1,[ 31, 72, 35]],

[ 69, 35, 0,[ 93, 24, 6, 81]],

[ 91, 35, 0,[ 32, 48, 33]],

[ 61, 5, 1,[ 70, 36, 23, 4, 93]],

[ 5, 35, 0,[ 78, 45, 13]],

[ 30, 15, 0,[ 40, 90, 75]],

[ 93, 15, 0,[ 69, 61, 54]],

[ 26, 15, 1,[ 21, 20, 85, 13, 47, 97, 43]],

[ 18, 5, 0,[ 22, 68, 80]],

[ 49, 45, 0,[ 90, 92, 85]],

[ 85, 5, 1,[ 26, 33, 49, 1]],

