[ 60, 65, 0,[ 8, 35]],

[ 55, 65, 0,[ 89, 8, 96]],

[ 20, 65, 0,[ 52, 83, 80]],

[ 90, 65, 0,[ 35, 8, 12]],

[ 75, 65, 0,[ 8, 37, 80]],

[ 39, 65, 0,[ 35, 80, 8]],

[ 93, 65, 0,[ 96, 52, 80]],

[ 57, 65, 0,[ 80, 52, 8]],

[ 61, 55, 1,[ 58, 27, 5, 29, 82, 74, 25, 54, 15, 46, 56, 68, 45, 10, 40, 3, 34, 99, 86]],

[ 28, 65, 0,[ 89, 80, 8]],

[ 89, 75, 1,[ 28, 19, 27, 47, 25, 62, 71, 14, 70, 15, 9, 76, 77, 94, 29, 44, 82, 55, 3, 54, 78, 30, 50, 13]],

[ 91, 65, 0,[ 96, 52, 80]],

[ 41, 65, 0,[ 37, 52, 80]],

[ 59, 65, 0,[ 80, 37, 8]],

[ 62, 65, 0,[ 89, 80, 96]],

[ 34, 65, 0,[ 61, 80, 35]],

[ 14, 65, 0,[ 52, 89]],

[ 6, 65, 0,[ 80, 8]],

[ 38, 65, 0,[ 8, 80, 35]],

[ 46, 65, 0,[ 61, 80, 8]],

[ 24, 65, 0,[ 35, 96, 8]],

[ 65, 65, 0,[ 8, 35, 52]],

[ 1, 65, 0,[ 8, 52, 35]],

[ 3, 65, 0,[ 89, 52, 61]],

[ 95, 65, 0,[ 35, 80, 37]],

[ 63, 65, 0,[ 35, 8]],

[ 17, 65, 0,[ 37, 96, 35]],

[ 15, 65, 0,[ 61, 89, 52]],

[ 88, 65, 0,[ 35]],

[ 32, 65, 0,[ 96, 8, 52]],

[ 51, 65, 0,[ 35, 52, 96]],

[ 74, 65, 0,[ 35, 8, 61]],

[ 33, 65, 0,[ 8, 80, 96]],

[ 21, 65, 0,[ 80, 96, 52]],

[ 16, 65, 0,[ 52, 80]],

[ 92, 65, 0,[ 8, 80, 96]],

[ 19, 65, 0,[ 52, 69, 89]],

[ 68, 65, 1,[ 61, 52, 80, 67]],

[ 81, 65, 0,[ 37, 80]],

[ 49, 75, 0,[ 53, 35, 37]],

[ 87, 65, 0,[ 52, 35, 80]],

[ 29, 65, 0,[ 35, 61, 89]],

[ 45, 65, 0,[ 52, 80, 61]],

[ 23, 65, 0,[ 52, 8, 35]],

[ 83, 65, 0,[ 37, 35, 20]],

[ 47, 65, 0,[ 80, 8, 89]],

[ 40, 65, 0,[ 61, 37, 52]],

[ 79, 65, 0,[ 35, 8, 52]],

[ 58, 65, 0,[ 35, 61, 52]],

[ 56, 65, 0,[ 80, 61, 8]],

[ 44, 65, 0,[ 8, 89, 52]],

[ 82, 65, 0,[ 89, 61]],

[ 64, 65, 0,[ 52, 35]],

[ 12, 75, 0,[ 90, 8, 80]],

[ 9, 65, 0,[ 89, 35, 52]],

[ 48, 65, 0,[ 8]],

[ 11, 65, 0,[ 96, 35, 52]],

[ 80, 45, 1,[ 10, 47, 36, 38, 86, 93, 39, 68, 2, 21, 56, 7, 87, 33, 34, 72, 41, 81, 91, 62, 12, 28, 75, 78, 20, 76, 66, 99, 67, 30, 54, 50, 16, 26, 53, 98, 59, 95, 57, 6, 45, 46, 92]],

[ 76, 65, 0,[ 89, 80, 35]],

[ 84, 65, 0,[ 96, 37]],

[ 54, 65, 0,[ 89, 61, 80]],

[ 25, 65, 0,[ 61, 89, 35]],

[ 53, 65, 0,[ 35, 8, 80, 49]],

[ 18, 65, 0,[ 37, 96, 8]],

[ 66, 65, 0,[ 35, 96, 80]],

[ 0, 65, 0,[ 8, 96]],

[ 13, 65, 0,[ 89, 8, 35]],

[ 31, 65, 1,[ 8, 96, 52]],

[ 27, 65, 0,[ 35, 61, 89]],

[ 35, 25, 1,[ 17, 43, 73, 79, 66, 88, 77, 95, 24, 1, 90, 27, 94, 29, 69, 53, 64, 58, 9, 63, 76, 72, 5, 51, 87, 60, 38, 11, 23, 39, 42, 78, 83, 25, 13, 34, 65, 74, 4, 49, 2, 99]],

[ 26, 65, 0,[ 8, 80, 52]],

[ 7, 65, 0,[ 37, 80, 52]],

[ 71, 65, 0,[ 89, 52]],

[ 97, 65, 0,[ 52, 96]],

[ 50, 65, 0,[ 89, 80]],

[ 52, 85, 1,[ 41, 85, 15, 1, 9, 51, 68, 93, 26, 31, 69, 42, 19, 79, 3, 70, 11, 77, 45, 91, 14, 5, 40, 64, 23, 57, 97, 16, 20, 7, 2, 4, 43, 65, 32, 71, 21, 58, 44, 87]],

[ 70, 65, 0,[ 89, 52]],

[ 8, 5, 1,[ 24, 13, 23, 36, 74, 33, 1, 55, 73, 30, 38, 79, 26, 56, 31, 47, 6, 98, 92, 4, 86, 53, 39, 65, 72, 0, 48, 85, 90, 18, 22, 75, 12, 28, 60, 46, 59, 63, 32, 57, 44]],

[ 77, 65, 0,[ 52, 35, 89]],

[ 96, 55, 1,[ 67, 92, 0, 51, 37, 21, 33, 42, 93, 31, 94, 55, 24, 11, 62, 43, 18, 84, 98, 91, 32, 22, 66, 36, 69, 17, 97]],

[ 5, 65, 0,[ 61, 52, 35]],

[ 10, 65, 0,[ 80, 61, 37]],

[ 98, 65, 0,[ 96, 8, 80]],

[ 36, 65, 0,[ 8, 80, 96]],

[ 67, 65, 0,[ 68, 80, 96]],

[ 4, 65, 0,[ 52, 35, 8]],

[ 86, 65, 0,[ 61, 80, 8]],

[ 43, 65, 0,[ 52, 96, 35]],

[ 30, 65, 0,[ 8, 89, 80]],

[ 99, 65, 0,[ 35, 80, 61]],

[ 37, 75, 1,[ 96, 41, 75, 81, 59, 83, 7, 49, 10, 17, 84, 18, 22, 40, 95]],

[ 22, 65, 0,[ 8, 37, 96]],

[ 73, 65, 0,[ 8, 35]],

[ 2, 65, 0,[ 52, 35, 80]],

[ 42, 65, 0,[ 35, 96, 52]],

[ 85, 65, 0,[ 52, 8]],

[ 69, 65, 0,[ 19, 35, 52, 96]],

[ 72, 65, 0,[ 8, 35, 80]],

[ 94, 65, 0,[ 35, 96, 89]],

[ 78, 75, 0,[ 89, 35, 80]],

