[ 82, 15, 0,[ 54, 28, 77]],

[ 58, 15, 0,[ 11, 70, 0]],

[ 94, 15, 0,[ 3, 28, 64, 60]],

[ 66, 15, 0,[ 92, 15, 87]],

[ 40, 15, 0,[ 80, 83, 93]],

[ 59, 15, 0,[ 80, 5, 74]],

[ 17, 15, 0,[ 89, 47]],

[ 52, 15, 0,[ 25, 31, 7]],

[ 97, 15, 0,[ 79, 77, 48, 44]],

[ 14, 15, 0,[ 57, 81, 28, 51]],

[ 7, 5, 1,[ 30, 8, 78, 56, 52, 81, 55, 75]],

[ 9, 15, 0,[ 11, 3, 93]],

[ 99, 15, 0,[ 39, 43, 83, 2, 5]],

[ 71, 15, 0,[ 96, 61, 35, 16]],

[ 54, 15, 0,[ 82, 85, 53]],

[ 0, 15, 0,[ 70, 58, 75]],

[ 41, 15, 0,[ 70, 31, 68]],

[ 68, 15, 0,[ 41, 85, 5]],

[ 86, 75, 1,[ 91, 36, 3, 72]],

[ 24, 15, 0,[ 83, 84, 13, 72]],

[ 74, 15, 0,[ 25, 98, 59, 35]],

[ 10, 15, 0,[ 5, 90, 89, 77, 87]],

[ 37, 15, 0,[ 38, 69, 47]],

[ 53, 85, 1,[ 30, 54, 91, 42]],

[ 95, 15, 0,[ 49, 91, 62]],

[ 57, 15, 0,[ 21, 28, 14]],

[ 98, 55, 1,[ 46, 29, 74, 87, 81, 2, 76, 6]],

[ 34, 15, 0,[ 77, 51, 22]],

[ 4, 15, 0,[ 1, 63, 39]],

[ 16, 15, 0,[ 79, 83, 71]],

[ 84, 15, 0,[ 33, 30, 24]],

[ 81, 15, 0,[ 14, 98, 7]],

[ 85, 15, 0,[ 68, 39, 54]],

[ 60, 15, 0,[ 25, 94, 11]],

[ 1, 15, 0,[ 49, 4, 65]],

[ 12, 15, 0,[ 26, 45, 8]],

[ 36, 15, 0,[ 26, 93, 86]],

[ 47, 45, 1,[ 25, 37, 17]],

[ 3, 35, 1,[ 86, 94, 13, 19, 9, 78, 77]],

[ 77, 15, 0,[ 34, 10, 82, 93, 3, 97, 15]],

[ 93, 85, 1,[ 40, 9, 19, 36, 29, 72, 45, 67, 77, 61]],

[ 28, 5, 1,[ 57, 14, 94, 27, 82, 43, 49]],

[ 21, 15, 0,[ 57, 73, 26]],

[ 45, 55, 1,[ 27, 93, 12]],

[ 51, 15, 0,[ 26, 14, 34]],

[ 92, 15, 0,[ 50, 66, 8]],

[ 96, 15, 0,[ 73, 71, 31]],

[ 33, 15, 0,[ 23, 89, 73, 84]],

[ 89, 15, 0,[ 17, 33, 10, 69, 42]],

[ 26, 15, 0,[ 36, 79, 51, 21, 12, 18]],

[ 39, 15, 0,[ 85, 4, 38, 99]],

[ 29, 15, 0,[ 93, 38, 78, 98]],

[ 56, 15, 0,[ 65, 7, 30]],

[ 42, 15, 0,[ 22, 53, 89]],

[ 79, 15, 0,[ 97, 64, 16, 26]],

[ 83, 15, 0,[ 40, 16, 6, 20, 50, 99, 24]],

[ 30, 15, 0,[ 53, 56, 84, 7]],

[ 38, 15, 0,[ 39, 29, 46, 37]],

[ 80, 15, 0,[ 59, 75, 90, 40]],

[ 46, 15, 0,[ 18, 38, 98, 44]],

[ 50, 15, 0,[ 83, 92]],

[ 23, 15, 0,[ 48, 33, 18]],

[ 15, 15, 0,[ 66, 77, 90, 91]],

[ 25, 15, 0,[ 47, 61, 70, 60, 74, 52]],

[ 5, 15, 0,[ 11, 68, 59, 10, 99]],

[ 63, 15, 0,[ 6, 4, 70]],

[ 6, 15, 0,[ 83, 98, 63]],

[ 88, 15, 0,[ 27, 22]],

[ 31, 15, 0,[ 52, 41, 96]],

[ 72, 15, 0,[ 24, 86, 93]],

[ 70, 15, 0,[ 41, 58, 25, 0, 63]],

[ 44, 15, 0,[ 35, 97, 32, 46]],

[ 90, 15, 0,[ 10, 67, 15, 80]],

[ 75, 15, 0,[ 7, 80, 0, 76]],

[ 61, 15, 0,[ 93, 25, 71]],

[ 32, 15, 0,[ 8, 44, 65]],

[ 20, 15, 0,[ 69, 91, 83]],

[ 55, 15, 0,[ 69, 7, 91]],

[ 35, 15, 0,[ 44, 74, 71]],

[ 69, 65, 1,[ 55, 37, 89, 73, 20]],

[ 91, 15, 0,[ 15, 55, 20, 95, 53, 86]],

[ 18, 15, 0,[ 64, 26, 23, 46]],

[ 62, 15, 0,[ 95, 2, 13]],

[ 48, 15, 0,[ 76, 19, 87, 67, 97, 23]],

[ 27, 15, 0,[ 45, 28, 65, 88]],

[ 2, 15, 0,[ 98, 99, 62]],

[ 11, 15, 0,[ 60, 5, 9, 58]],

[ 13, 15, 0,[ 62, 3, 24]],

[ 43, 15, 0,[ 28, 99, 49]],

[ 8, 15, 0,[ 92, 12, 7, 32]],

[ 65, 15, 0,[ 1, 56, 32, 27]],

[ 87, 15, 0,[ 10, 66, 48, 98]],

[ 64, 15, 0,[ 18, 94, 79]],

[ 49, 15, 0,[ 28, 95, 1, 76, 43]],

[ 78, 15, 0,[ 3, 7, 29]],

[ 19, 15, 0,[ 48, 93, 3]],

[ 22, 15, 0,[ 42, 88, 34]],

[ 67, 15, 0,[ 90, 48, 93]],

[ 76, 15, 0,[ 48, 73, 75, 98, 49]],

[ 73, 15, 0,[ 96, 21, 76, 33, 69]],

