[ 17, 35, 1,[ 33, 94, 14]],

[ 31, 35, 1,[ 48, 94, 93, 51, 2, 27, 80]],

[ 76, 5, 1,[ 82, 52, 54, 91]],

[ 75, 25, 1,[ 98, 5, 34]],

[ 94, 95, 1,[ 31, 52, 17, 37]],

[ 36, 15, 0,[ 23, 46, 16]],

[ 27, 45, 0,[ 78, 31, 69]],

[ 77, 25, 0,[ 11, 24, 33]],

[ 19, 5, 1,[ 47, 81, 85]],

[ 10, 65, 1,[ 53, 14, 47, 7, 73]],

[ 69, 45, 0,[ 32, 80, 27, 95]],

[ 73, 5, 0,[ 11, 33, 10]],

[ 29, 15, 1,[ 65, 38, 68]],

[ 6, 45, 1,[ 63, 12, 30, 28, 18]],

[ 15, 35, 0,[ 74, 35, 68]],

[ 18, 35, 0,[ 46, 95, 61, 6, 83]],

[ 98, 75, 0,[ 33, 91, 75, 48]],

[ 99, 5, 1,[ 39, 57, 84, 46, 16]],

[ 46, 15, 1,[ 66, 18, 36, 99, 86, 0]],

[ 60, 85, 0,[ 82, 47]],

[ 20, 95, 1,[ 87, 52, 71]],

[ 3, 95, 0,[ 50, 80, 23]],

[ 72, 75, 1,[ 82, 5, 65, 97, 49]],

[ 25, 35, 0,[ 90, 61, 96]],

[ 92, 75, 0,[ 93, 32, 35]],

[ 5, 95, 0,[ 72, 75, 97]],

[ 52, 5, 1,[ 63, 76, 20, 81, 94, 64]],

[ 65, 35, 0,[ 80, 29, 72]],

[ 47, 35, 0,[ 10, 60, 1, 19, 51]],

[ 95, 5, 0,[ 18, 69, 7]],

[ 88, 15, 1,[ 41, 12, 61, 22]],

[ 41, 75, 0,[ 8, 88, 42]],

[ 79, 75, 1,[ 59, 26, 21]],

[ 49, 15, 0,[ 90, 72, 30]],

[ 14, 95, 0,[ 10, 32, 17]],

[ 89, 45, 1,[ 37, 1, 38]],

[ 50, 35, 0,[ 33, 78, 3, 16]],

[ 67, 95, 0,[ 23, 35, 83]],

[ 26, 45, 0,[ 59, 79, 24]],

[ 78, 25, 1,[ 70, 50, 4, 93, 62, 27, 53, 91]],

[ 12, 15, 0,[ 88, 6]],

[ 82, 45, 1,[ 60, 0, 76, 72]],

[ 44, 75, 1,[ 62, 84, 13, 51]],

[ 22, 5, 1,[ 88, 43, 38, 39]],

[ 96, 5, 1,[ 86, 62, 25]],

[ 56, 75, 1,[ 66, 86, 85, 90, 43]],

[ 83, 85, 0,[ 67, 87, 18, 51]],

[ 80, 55, 1,[ 65, 31, 3, 69, 55]],

[ 21, 5, 0,[ 53, 66, 32, 79]],

[ 32, 85, 1,[ 92, 21, 14, 69, 68]],

[ 81, 45, 1,[ 45, 52, 19]],

[ 71, 85, 1,[ 20, 57, 4, 40]],

[ 2, 95, 0,[ 31, 53, 85]],

[ 4, 45, 0,[ 34, 78, 71]],

[ 68, 85, 1,[ 86, 29, 58, 15, 32]],

[ 57, 35, 0,[ 71, 99, 23]],

[ 39, 35, 1,[ 40, 99, 22]],

[ 33, 15, 1,[ 24, 73, 98, 50, 77, 17]],

[ 16, 35, 1,[ 36, 99, 50, 64]],

[ 28, 35, 0,[ 30, 42, 6]],

[ 86, 95, 0,[ 9, 56, 46, 96, 68]],

[ 62, 95, 0,[ 44, 78, 96, 58]],

[ 61, 25, 1,[ 18, 7, 88, 25]],

[ 97, 35, 1,[ 5, 72, 8]],

[ 8, 95, 1,[ 41, 97, 51]],

[ 37, 35, 1,[ 89, 0, 94]],

[ 30, 35, 0,[ 6, 28, 49, 90, 13]],

[ 54, 75, 1,[ 13, 59, 76, 84]],

[ 38, 85, 0,[ 29, 89, 70, 22]],

[ 7, 95, 0,[ 10, 95, 61]],

[ 42, 55, 1,[ 41, 28, 34, 45]],

[ 59, 35, 1,[ 26, 79, 54]],

[ 40, 95, 1,[ 71, 39, 51]],

[ 64, 75, 0,[ 52, 16, 48]],

[ 45, 35, 0,[ 81, 55, 90, 42]],

[ 35, 75, 1,[ 67, 92, 11, 34, 87, 15]],

[ 66, 35, 1,[ 56, 21, 46]],

[ 85, 85, 1,[ 19, 56, 2]],

[ 87, 15, 0,[ 83, 35, 20]],

[ 23, 45, 1,[ 3, 36, 67, 57, 55]],

[ 90, 85, 1,[ 45, 56, 43, 49, 25, 30]],

[ 53, 15, 0,[ 21, 10, 78, 2]],

[ 84, 35, 1,[ 99, 44, 54]],

[ 11, 95, 0,[ 77, 35, 73]],

[ 34, 95, 0,[ 4, 35, 42, 75]],

[ 74, 15, 1,[ 70, 15, 93]],

[ 51, 75, 1,[ 8, 47, 44, 83, 31, 40]],

[ 24, 5, 1,[ 26, 77, 33]],

[ 48, 95, 1,[ 98, 31, 64]],

[ 55, 95, 0,[ 45, 23, 80]],

[ 63, 35, 0,[ 52, 6]],

[ 93, 95, 0,[ 92, 78, 74, 31]],

[ 0, 85, 0,[ 37, 82, 46]],

[ 58, 15, 0,[ 1, 68, 62]],

[ 70, 75, 0,[ 78, 74, 38]],

[ 1, 15, 0,[ 47, 58, 89]],

[ 13, 95, 1,[ 30, 54, 44]],

[ 9, 45, 0,[ 43, 86]],

[ 91, 85, 0,[ 76, 98, 78]],

[ 43, 15, 0,[ 22, 90, 56, 9]],

