[ 46, 5, 0,[ 68, 50, 99]],

[ 75, 5, 0,[ 63, 36, 31, 15, 12]],

[ 64, 15, 0,[ 20, 69, 29, 21]],

[ 68, 5, 0,[ 3, 46, 2]],

[ 42, 55, 0,[ 17, 18, 23]],

[ 63, 5, 0,[ 17, 4, 50, 45, 75]],

[ 53, 55, 0,[ 72, 11, 18]],

[ 99, 95, 0,[ 31, 51, 46]],

[ 11, 15, 0,[ 87, 92, 53, 95]],

[ 86, 75, 0,[ 83, 97, 14]],

[ 67, 95, 0,[ 7, 65, 74, 51, 34]],

[ 93, 15, 0,[ 98, 22, 87]],

[ 57, 55, 0,[ 47, 8, 49]],

[ 84, 5, 0,[ 36, 54, 59]],

[ 95, 15, 0,[ 48, 13, 11]],

[ 79, 55, 0,[ 47, 23, 4, 18, 12]],

[ 39, 15, 0,[ 65, 50, 87]],

[ 29, 15, 0,[ 64, 81, 15]],

[ 73, 15, 0,[ 74, 58, 19]],

[ 33, 5, 0,[ 43, 38, 58]],

[ 90, 5, 0,[ 70, 40, 8]],

[ 35, 45, 1,[ 37, 14, 87, 88, 17]],

[ 78, 55, 0,[ 70, 2, 56]],

[ 12, 55, 0,[ 79, 75, 16]],

[ 38, 15, 0,[ 94, 33, 26, 4]],

[ 22, 95, 0,[ 0, 93, 10]],

[ 87, 15, 0,[ 35, 5, 39, 72, 11, 93, 85]],

[ 82, 95, 0,[ 25, 0, 58]],

[ 16, 55, 0,[ 7, 12, 37, 9]],

[ 4, 15, 0,[ 79, 38, 63]],

[ 37, 75, 1,[ 51, 16, 62, 35]],

[ 89, 65, 1,[ 58, 96, 85]],

[ 13, 65, 0,[ 91, 61, 95, 55, 26]],

[ 71, 65, 0,[ 94, 85, 52]],

[ 91, 65, 0,[ 6, 40, 13]],

[ 80, 55, 0,[ 3, 30, 41]],

[ 40, 5, 0,[ 90, 91, 1]],

[ 52, 5, 1,[ 31, 61, 71]],

[ 61, 65, 1,[ 81, 66, 13, 52]],

[ 14, 55, 0,[ 35, 86, 98]],

[ 98, 55, 0,[ 54, 14, 77, 2, 41, 93]],

[ 60, 15, 0,[ 5, 26, 56]],

[ 45, 65, 0,[ 92, 63, 62, 19]],

[ 55, 15, 0,[ 76, 8, 13]],

[ 1, 5, 0,[ 30, 43, 40]],

[ 18, 55, 0,[ 79, 15, 53, 42, 66]],

[ 66, 5, 0,[ 59, 61, 18]],

[ 65, 5, 0,[ 67, 27, 39]],

[ 28, 15, 0,[ 43, 96, 48]],

[ 72, 55, 0,[ 53, 7, 87]],

[ 77, 15, 0,[ 44, 98, 24]],

[ 20, 15, 0,[ 64, 59, 97]],

[ 76, 15, 0,[ 55, 96, 26]],

[ 41, 55, 0,[ 98, 7, 80, 85]],

[ 70, 65, 0,[ 78, 34, 94, 90]],

[ 62, 65, 0,[ 45, 37, 30, 81]],

[ 15, 15, 0,[ 18, 75, 29]],

[ 7, 55, 0,[ 69, 41, 67, 16, 72]],

[ 8, 5, 1,[ 57, 55, 58, 90]],

[ 17, 95, 1,[ 42, 35, 63]],

[ 26, 15, 0,[ 76, 60, 38, 13]],

[ 56, 75, 0,[ 78, 83, 60]],

[ 23, 55, 0,[ 9, 42, 92, 79]],

[ 10, 95, 0,[ 88, 22]],

[ 54, 55, 0,[ 84, 36, 98, 32, 81]],

[ 5, 15, 0,[ 0, 43, 60, 87, 47]],

[ 51, 95, 0,[ 67, 99, 37]],

[ 69, 65, 0,[ 74, 7, 64]],

[ 47, 55, 0,[ 5, 79, 57]],

[ 94, 65, 0,[ 38, 74, 70, 71]],

[ 0, 95, 0,[ 82, 22, 5, 25]],

[ 83, 75, 0,[ 97, 56, 86]],

[ 49, 15, 0,[ 6, 27, 57, 3]],

[ 81, 65, 1,[ 62, 54, 61, 29]],

[ 25, 95, 0,[ 27, 82, 34, 0]],

[ 3, 15, 0,[ 68, 9, 80, 49]],

[ 6, 15, 0,[ 49, 97, 91, 48]],

[ 97, 75, 0,[ 86, 88, 83, 20, 6]],

[ 85, 55, 0,[ 71, 41, 87, 89]],

[ 58, 95, 0,[ 82, 8, 33, 73, 34, 89]],

[ 24, 15, 0,[ 77, 48, 44]],

[ 36, 5, 0,[ 75, 54, 84]],

[ 59, 5, 0,[ 84, 66, 20]],

[ 30, 5, 0,[ 1, 80, 62]],

[ 74, 65, 0,[ 67, 69, 94, 73]],

[ 32, 55, 0,[ 54, 2, 50]],

[ 92, 55, 0,[ 11, 45, 23]],

[ 44, 15, 0,[ 88, 77, 24]],

[ 34, 95, 0,[ 25, 70, 67, 58]],

[ 27, 5, 0,[ 25, 65, 49]],

[ 2, 55, 0,[ 32, 78, 68, 98]],

[ 43, 5, 0,[ 1, 33, 5, 28]],

[ 31, 55, 1,[ 21, 99, 75, 52]],

[ 19, 15, 0,[ 21, 45, 73]],

[ 48, 15, 0,[ 28, 95, 6, 24]],

[ 9, 55, 0,[ 23, 16, 3]],

[ 88, 75, 0,[ 44, 97, 35, 10]],

[ 21, 15, 0,[ 31, 19, 64]],

[ 50, 5, 0,[ 46, 32, 63, 39]],

[ 96, 15, 1,[ 28, 76, 89]],

