[ 61, 25, 0,[ 0, 30, 55, 45]],

[ 37, 95, 0,[ 8, 53, 55]],

[ 62, 45, 0,[ 83, 90, 53]],

[ 96, 55, 0,[ 55, 73, 58]],

[ 76, 95, 0,[ 87, 60, 53]],

[ 66, 45, 0,[ 11, 94, 58]],

[ 2, 35, 1,[ 95, 50, 73, 23, 31]],

[ 28, 95, 1,[ 13, 31, 30]],

[ 44, 45, 0,[ 16, 87, 91, 85]],

[ 84, 25, 0,[ 25]],

[ 99, 55, 0,[ 15, 27, 51]],

[ 80, 45, 0,[ 10, 5, 90]],

[ 89, 55, 0,[ 58, 36, 35, 51]],

[ 14, 35, 1,[ 9, 1, 45]],

[ 83, 65, 1,[ 50, 17, 62, 4, 26]],

[ 0, 5, 1,[ 15, 72, 8, 61]],

[ 58, 25, 1,[ 75, 73, 78, 96, 89, 27, 66]],

[ 48, 25, 0,[ 47, 98, 74]],

[ 57, 45, 1,[ 50, 53, 5]],

[ 5, 55, 1,[ 30, 57, 80]],

[ 52, 55, 0,[ 53, 38, 55]],

[ 49, 45, 1,[ 98, 73, 79]],

[ 78, 45, 0,[ 58, 15, 55]],

[ 92, 95, 0,[ 43, 63, 55]],

[ 90, 35, 1,[ 80, 35, 62, 13]],

[ 75, 25, 0,[ 21, 51, 58]],

[ 35, 55, 0,[ 77, 89, 90]],

[ 88, 45, 0,[ 9, 51, 15]],

[ 21, 35, 1,[ 75, 68, 74, 94, 85]],

[ 33, 35, 0,[ 98, 3, 87]],

[ 63, 5, 1,[ 32, 56, 92]],

[ 25, 65, 1,[ 84, 24, 64, 32, 7]],

[ 67, 65, 1,[ 70, 4, 38]],

[ 11, 95, 1,[ 79, 6, 40, 81, 12, 56, 66, 42]],

[ 30, 25, 1,[ 13, 5, 7, 28, 91, 61]],

[ 68, 45, 0,[ 21, 36, 41]],

[ 54, 45, 0,[ 47, 32, 53]],

[ 38, 75, 1,[ 67, 17, 52]],

[ 29, 85, 0,[ 36, 98, 65]],

[ 20, 25, 0,[ 18, 1]],

[ 97, 5, 0,[ 86, 15, 23]],

[ 73, 35, 1,[ 58, 70, 42, 49, 96, 2]],

[ 17, 45, 0,[ 19, 83, 38]],

[ 9, 85, 1,[ 64, 88, 94, 69, 14, 77]],

[ 81, 25, 0,[ 65, 11, 23]],

[ 4, 65, 1,[ 67, 72, 83]],

[ 43, 45, 1,[ 24, 93, 92, 1]],

[ 23, 45, 0,[ 1, 81, 97, 2]],

[ 40, 45, 0,[ 45, 11, 77]],

[ 77, 55, 1,[ 9, 7, 35, 40, 12]],

[ 98, 5, 1,[ 74, 33, 41, 82, 48, 49, 29, 59]],

[ 70, 85, 1,[ 16, 95, 67, 73, 19]],

[ 46, 45, 0,[ 60, 53, 50]],

[ 15, 75, 1,[ 97, 99, 88, 78, 19, 0]],

[ 87, 45, 0,[ 76, 44, 33]],

[ 93, 45, 1,[ 85, 43, 55]],

[ 3, 65, 1,[ 79, 50, 1, 33]],

[ 56, 45, 0,[ 65, 11, 63]],

[ 7, 45, 0,[ 25, 30, 77]],

[ 74, 25, 0,[ 98, 21, 48]],

[ 27, 45, 1,[ 58, 99, 65]],

[ 12, 25, 1,[ 11, 86, 77]],

[ 94, 45, 0,[ 9, 21, 66]],

[ 72, 45, 0,[ 0, 4, 22]],

[ 69, 25, 1,[ 34, 60, 9, 31, 24]],

[ 55, 95, 1,[ 52, 37, 78, 93, 61, 92, 82, 96]],

[ 18, 55, 1,[ 20, 22, 24]],

[ 22, 95, 1,[ 18, 72, 34]],

[ 82, 85, 0,[ 55, 65, 98]],

[ 86, 5, 1,[ 12, 97, 26, 50]],

[ 13, 45, 0,[ 90, 30, 28]],

[ 34, 85, 1,[ 16, 69, 22]],

[ 51, 15, 1,[ 99, 88, 75, 89]],

[ 60, 55, 1,[ 76, 46, 69, 53, 71]],

[ 8, 45, 0,[ 0, 37, 53]],

[ 47, 25, 1,[ 54, 48, 10]],

[ 50, 85, 1,[ 41, 86, 3, 57, 46, 83, 2]],

[ 42, 45, 0,[ 73, 11, 53]],

[ 79, 25, 0,[ 49, 11, 3]],

[ 95, 45, 0,[ 39, 2, 70]],

[ 6, 45, 0,[ 71, 11]],

[ 85, 65, 1,[ 93, 44, 64, 21, 31]],

[ 65, 35, 1,[ 71, 29, 82, 56, 81, 27]],

[ 71, 35, 1,[ 65, 39, 26, 59, 6, 45, 60]],

[ 32, 45, 0,[ 54, 63, 25]],

[ 16, 25, 1,[ 70, 44, 34]],

[ 31, 45, 0,[ 69, 2, 28, 85]],

[ 91, 55, 1,[ 10, 30, 44]],

[ 19, 5, 0,[ 17, 15, 70]],

[ 45, 85, 1,[ 40, 61, 71, 14]],

[ 10, 45, 0,[ 47, 91, 80, 59]],

[ 24, 35, 0,[ 25, 18, 69, 43]],

[ 53, 15, 1,[ 8, 42, 52, 54, 76, 57, 62, 46, 37, 60]],

[ 36, 55, 1,[ 89, 29, 68]],

[ 26, 45, 0,[ 71, 86, 83]],

[ 59, 45, 0,[ 71, 98, 10]],

[ 64, 45, 1,[ 25, 9, 85]],

[ 41, 25, 1,[ 50, 68, 98]],

[ 1, 85, 1,[ 20, 14, 3, 23, 43]],

[ 39, 25, 0,[ 71, 95]],

