[ 6, 85, 0,[ 99, 53]],

[ 72, 85, 0,[ 89, 32, 91, 5]],

[ 47, 85, 0,[ 97, 13, 60, 55, 45, 92]],

[ 78, 85, 0,[ 49, 3, 92]],

[ 85, 85, 0,[ 82, 41, 22, 84, 29]],

[ 97, 85, 0,[ 71, 2, 47, 39]],

[ 66, 85, 0,[ 87, 57, 93, 56]],

[ 83, 85, 0,[ 81, 82, 38]],

[ 22, 85, 0,[ 60, 30, 85]],

[ 68, 85, 0,[ 87, 44]],

[ 38, 85, 0,[ 91, 94, 83, 64, 14]],

[ 49, 85, 0,[ 78, 28, 98]],

[ 5, 65, 1,[ 8, 75, 17, 72, 40, 11, 81]],

[ 57, 85, 0,[ 36, 28, 66]],

[ 53, 85, 1,[ 44, 74, 26, 6, 37, 58, 43]],

[ 29, 85, 0,[ 51, 85, 1]],

[ 69, 85, 1,[ 70, 74, 51]],

[ 40, 85, 0,[ 5, 58, 61, 71]],

[ 56, 85, 0,[ 23, 34, 66]],

[ 73, 85, 0,[ 80, 74]],

[ 7, 85, 0,[ 13, 55, 46]],

[ 95, 85, 0,[ 46, 4, 92]],

[ 87, 85, 0,[ 15, 66, 84, 68]],

[ 19, 85, 0,[ 81, 86, 17]],

[ 24, 85, 0,[ 2, 28, 0]],

[ 59, 85, 0,[ 20, 54, 60, 4]],

[ 91, 85, 0,[ 38, 72, 99, 34]],

[ 48, 85, 0,[ 10, 12, 99, 16]],

[ 35, 85, 0,[ 31, 88, 12, 60, 93]],

[ 2, 85, 0,[ 24, 97, 98]],

[ 80, 85, 0,[ 73, 77, 93, 15]],

[ 74, 85, 0,[ 73, 75, 53, 69, 0]],

[ 88, 85, 0,[ 3, 54, 35, 82]],

[ 54, 85, 0,[ 39, 59, 86, 44, 88]],

[ 75, 85, 0,[ 5, 74, 34]],

[ 30, 85, 0,[ 1, 22, 96]],

[ 58, 85, 0,[ 67, 93, 53, 40]],

[ 17, 85, 0,[ 5, 19, 10]],

[ 16, 85, 0,[ 39, 28, 45, 48]],

[ 21, 85, 0,[ 28, 45, 71]],

[ 52, 85, 0,[ 77, 55, 81, 90]],

[ 81, 85, 0,[ 42, 19, 83, 5, 52, 3]],

[ 86, 35, 1,[ 1, 19, 54, 4]],

[ 99, 85, 0,[ 48, 91, 92, 6, 90, 4]],

[ 13, 85, 0,[ 76, 7, 47]],

[ 90, 85, 0,[ 89, 99, 52]],

[ 3, 85, 1,[ 25, 78, 81, 88, 28]],

[ 9, 85, 0,[ 34, 98, 14]],

[ 61, 85, 0,[ 94, 40, 45, 26]],

[ 32, 85, 0,[ 31, 51, 72]],

[ 45, 85, 1,[ 20, 50, 21, 51, 61, 16, 47, 0]],

[ 4, 85, 0,[ 59, 86, 95, 65, 99]],

[ 92, 85, 0,[ 47, 99, 95, 78, 94]],

[ 43, 85, 0,[ 79, 82, 53]],

[ 26, 85, 0,[ 53, 63, 61]],

[ 77, 85, 0,[ 80, 63, 11, 52]],

[ 51, 85, 0,[ 45, 29, 69, 32]],

[ 39, 85, 0,[ 54, 97, 16]],

[ 46, 85, 0,[ 95, 11, 76, 7]],

[ 1, 85, 0,[ 18, 70, 30, 29, 86]],

[ 34, 85, 0,[ 9, 33, 25, 91, 56, 67, 75]],

[ 23, 85, 0,[ 20, 25, 56]],

[ 65, 85, 0,[ 27, 55, 84, 4]],

[ 82, 85, 0,[ 85, 83, 43, 88]],

[ 89, 85, 0,[ 50, 90, 12, 72]],

[ 63, 85, 0,[ 71, 77, 26]],

[ 55, 85, 0,[ 65, 47, 52, 62, 7]],

[ 50, 85, 0,[ 27, 45, 89]],

[ 18, 85, 0,[ 37, 15, 1]],

[ 64, 85, 0,[ 31, 38, 70]],

[ 94, 85, 0,[ 92, 61, 38]],

[ 41, 85, 0,[ 96, 33, 85]],

[ 11, 85, 0,[ 46, 60, 5, 77]],

[ 60, 85, 0,[ 22, 47, 11, 35, 59]],

[ 79, 85, 0,[ 98, 62, 43]],

[ 25, 85, 0,[ 3, 34, 23]],

[ 84, 85, 0,[ 87, 27, 65, 85]],

[ 76, 85, 0,[ 13, 46]],

[ 96, 85, 0,[ 36, 30, 41]],

[ 10, 85, 0,[ 48, 8, 17]],

[ 37, 85, 0,[ 18, 53, 62]],

[ 27, 85, 0,[ 50, 84, 65]],

[ 0, 85, 0,[ 74, 24, 45, 36]],

[ 93, 55, 1,[ 33, 42, 98, 66, 35, 58, 80]],

[ 31, 85, 0,[ 32, 14, 35, 64]],

[ 62, 85, 0,[ 79, 55, 37]],

[ 71, 85, 0,[ 21, 28, 97, 40, 63]],

[ 36, 85, 0,[ 57, 0, 96]],

[ 8, 85, 0,[ 67, 10, 14, 5]],

[ 42, 85, 0,[ 81, 44, 93]],

[ 44, 85, 0,[ 14, 53, 54, 68, 42]],

[ 12, 85, 0,[ 35, 89, 48]],

[ 15, 85, 0,[ 87, 80, 18]],

[ 20, 85, 0,[ 59, 45, 23]],

[ 67, 85, 0,[ 34, 58, 8]],

[ 28, 65, 1,[ 21, 71, 16, 3, 57, 24, 49]],

[ 70, 85, 0,[ 69, 1, 64]],

[ 14, 85, 1,[ 44, 8, 38, 31, 9]],

[ 33, 85, 0,[ 41, 34, 93]],

[ 98, 35, 1,[ 9, 93, 2, 79, 49]],

[ 70, 15, 0,[ 45, 30, 29, 85]],

[ 25, 15, 0,[ 49, 53, 80]],

[ 89, 15, 0,[ 97, 88, 24]],

[ 58, 15, 0,[ 38, 49, 77]],

[ 38, 25, 1,[ 86, 58, 60, 12, 78, 7]],

[ 12, 15, 0,[ 38, 96]],

[ 18, 15, 0,[ 0, 74]],

[ 87, 15, 0,[ 55, 49, 82]],

[ 57, 15, 0,[ 53, 52]],

[ 67, 15, 0,[ 42, 85, 11]],

[ 93, 15, 1,[ 94, 61, 75, 69, 53, 85, 40]],

[ 52, 15, 0,[ 54, 57, 26, 6, 96]],

[ 45, 95, 1,[ 30, 22, 13, 8, 35, 90, 70, 81, 85, 17, 55]],

[ 66, 15, 0,[ 17]],

[ 60, 15, 0,[ 59, 38]],

[ 98, 55, 1,[ 41, 99, 31, 72]],

[ 84, 15, 0,[ 86, 72, 15]],

[ 33, 15, 0,[ 75, 27]],

[ 11, 15, 0,[ 32, 29, 67]],

[ 80, 15, 0,[ 73, 77, 14, 25]],

[ 74, 15, 0,[ 50, 19, 18]],

[ 19, 15, 0,[ 74, 6, 81, 86, 46]],

[ 63, 15, 0,[ 71, 16, 72]],

[ 8, 15, 0,[ 81, 45, 50]],

[ 88, 15, 0,[ 96, 89]],

[ 32, 15, 0,[ 83, 97, 11]],

[ 0, 15, 0,[ 7, 4, 18]],

[ 71, 15, 0,[ 63, 55]],

[ 85, 15, 0,[ 93, 67, 70, 73, 45, 42]],

[ 20, 15, 0,[ 44, 53]],

[ 82, 15, 0,[ 87, 53, 47, 4]],

[ 21, 15, 0,[ 7, 59, 31]],

[ 62, 15, 0,[ 44, 15, 27, 86]],

[ 49, 15, 0,[ 72, 34, 25, 58, 87]],

[ 76, 15, 0,[ 39, 69, 2, 51]],

[ 31, 15, 0,[ 21, 48, 98]],

[ 2, 15, 0,[ 7, 76]],

[ 69, 15, 1,[ 75, 93, 76, 22]],

[ 75, 15, 0,[ 93, 69, 33]],

[ 27, 15, 0,[ 64, 62, 5, 33]],

[ 46, 15, 0,[ 19, 3]],

[ 48, 15, 0,[ 13, 51, 94, 31]],

[ 59, 15, 0,[ 60, 21, 3]],

[ 54, 15, 0,[ 24, 95, 52]],

[ 90, 15, 0,[ 24, 45]],

[ 91, 15, 0,[ 68, 23, 17]],

[ 15, 15, 0,[ 62, 42, 84, 16]],

[ 22, 15, 0,[ 69, 92, 45]],

[ 61, 15, 0,[ 35, 93, 4]],

[ 23, 15, 0,[ 56, 91, 72, 53, 36]],

[ 64, 15, 0,[ 78, 27, 10]],

[ 99, 15, 0,[ 86, 55, 98]],

[ 53, 25, 1,[ 57, 93, 82, 20, 25, 97, 23]],

[ 13, 15, 0,[ 7, 48, 45]],

[ 16, 15, 0,[ 15, 7, 63]],

[ 73, 15, 0,[ 35, 80, 85]],

[ 96, 15, 0,[ 88, 12, 52, 68]],

[ 29, 15, 0,[ 50, 6, 70, 11]],

[ 79, 15, 0,[ 47, 28]],

[ 34, 15, 0,[ 1, 49, 81]],

[ 95, 15, 0,[ 77, 54, 50]],

[ 4, 15, 0,[ 1, 0, 61, 82]],

[ 43, 15, 0,[ 41]],

[ 26, 15, 0,[ 52]],

[ 86, 45, 1,[ 38, 28, 19, 24, 99, 62, 84]],

[ 36, 15, 0,[ 81, 72, 23]],

[ 81, 15, 0,[ 8, 36, 34, 45, 19]],

[ 6, 15, 0,[ 19, 29, 52]],

[ 55, 15, 0,[ 71, 87, 99, 45]],

[ 83, 15, 0,[ 10, 32]],

[ 47, 15, 0,[ 79, 82]],

[ 41, 15, 0,[ 98, 56, 43]],

[ 56, 15, 0,[ 23, 41, 28]],

[ 30, 15, 0,[ 70, 45]],

[ 50, 15, 0,[ 74, 95, 8, 29]],

[ 94, 15, 0,[ 93, 48, 37]],

[ 65, 15, 0,[ 17]],

[ 35, 15, 0,[ 68, 61, 73, 45]],

[ 28, 95, 1,[ 40, 86, 3, 79, 56]],

[ 39, 15, 0,[ 76, 92]],

[ 78, 15, 0,[ 24, 64, 38]],

[ 5, 15, 0,[ 3, 27]],

[ 7, 15, 1,[ 3, 16, 21, 9, 13, 38, 2, 0]],

[ 97, 15, 0,[ 89, 53, 32]],

[ 14, 15, 0,[ 80, 37, 10]],

[ 10, 15, 0,[ 64, 83, 14]],

[ 3, 15, 1,[ 46, 5, 59, 28, 7]],

[ 1, 15, 0,[ 34, 4]],

[ 44, 15, 0,[ 62, 20]],

[ 17, 15, 0,[ 65, 45, 66, 91]],

[ 51, 15, 0,[ 76, 48]],

[ 24, 15, 0,[ 90, 89, 86, 54, 78]],

[ 77, 15, 0,[ 68, 95, 80, 58]],

[ 68, 15, 0,[ 77, 96, 35, 91]],

[ 72, 15, 0,[ 36, 49, 84, 23, 63, 98]],

[ 9, 15, 0,[ 7, 40]],

[ 92, 15, 0,[ 39, 22]],

[ 37, 15, 0,[ 14, 94]],

[ 42, 15, 0,[ 15, 67, 85]],

[ 40, 15, 0,[ 28, 9, 93]],

