[ 80, 25, 1,[ 16, 78, 32, 56]],

[ 29, 85, 1,[ 13, 40, 17, 98, 21, 64]],

[ 88, 75, 0,[ 79, 12, 9]],

[ 55, 35, 0,[ 47, 51, 30, 11]],

[ 78, 65, 1,[ 24, 54, 80, 22, 89, 8]],

[ 38, 15, 0,[ 15, 20, 71]],

[ 28, 35, 0,[ 86, 76, 47]],

[ 69, 85, 0,[ 85]],

[ 25, 55, 0,[ 1, 44, 68]],

[ 16, 35, 1,[ 15, 58, 61, 80]],

[ 18, 25, 0,[ 34, 91, 71]],

[ 46, 35, 1,[ 77, 45, 57]],

[ 20, 25, 1,[ 59, 73, 38, 81]],

[ 76, 15, 1,[ 24, 28, 83, 3, 22]],

[ 5, 95, 0,[ 61, 52]],

[ 32, 5, 1,[ 82, 80, 99]],

[ 17, 95, 1,[ 97, 29, 36, 99, 63, 53]],

[ 54, 65, 1,[ 81, 94, 78]],

[ 52, 5, 1,[ 56, 33, 94, 19, 5, 72]],

[ 34, 25, 0,[ 30, 53, 18, 50, 10]],

[ 59, 5, 1,[ 99, 81, 35, 20]],

[ 14, 45, 0,[ 67, 39, 50]],

[ 3, 95, 0,[ 7, 10, 76]],

[ 4, 35, 0,[ 99]],

[ 79, 75, 1,[ 11, 68, 98, 88]],

[ 12, 95, 0,[ 31, 36, 88]],

[ 82, 65, 1,[ 87, 31, 32, 57, 91, 63]],

[ 39, 45, 0,[ 60, 53, 74, 14, 9]],

[ 83, 25, 0,[ 27, 96, 76]],

[ 23, 15, 1,[ 63, 33, 56, 26]],

[ 42, 85, 1,[ 70, 90, 37]],

[ 2, 35, 0,[ 13, 90, 49]],

[ 11, 75, 0,[ 97, 55, 79]],

[ 85, 85, 0,[ 69, 7, 44]],

[ 43, 95, 0,[ 31, 37, 35]],

[ 71, 75, 0,[ 56, 92, 38, 18]],

[ 51, 35, 1,[ 66, 55, 1]],

[ 95, 75, 1,[ 93, 68, 49]],

[ 94, 65, 1,[ 72, 24, 37, 21, 54, 52]],

[ 93, 15, 0,[ 95, 65]],

[ 7, 95, 0,[ 85, 61, 3]],

[ 56, 75, 1,[ 6, 97, 23, 71, 52, 80]],

[ 10, 95, 1,[ 3, 34, 97]],

[ 98, 85, 0,[ 79, 29]],

[ 92, 5, 1,[ 66, 31, 71]],

[ 45, 65, 0,[ 91, 27, 46, 31, 65]],

[ 97, 15, 1,[ 56, 89, 10, 11, 17]],

[ 58, 25, 0,[ 16, 90, 24]],

[ 44, 55, 1,[ 85, 25, 65]],

[ 49, 35, 0,[ 2, 48, 95, 87]],

[ 74, 45, 0,[ 39, 77, 31]],

[ 61, 95, 1,[ 5, 7, 16, 1]],

[ 15, 15, 0,[ 38, 73, 0, 16]],

[ 1, 35, 0,[ 51, 61, 25]],

[ 91, 65, 0,[ 45, 82, 18]],

[ 24, 25, 1,[ 94, 78, 76, 58]],

[ 26, 25, 1,[ 27, 23, 87]],

[ 66, 35, 1,[ 51, 36, 92, 47]],

[ 70, 45, 0,[ 96, 42, 84]],

[ 19, 95, 1,[ 48, 52, 96]],

[ 72, 5, 1,[ 52, 94, 8]],

[ 30, 25, 0,[ 40, 55, 34]],

[ 47, 35, 0,[ 35, 66, 28, 55, 73]],

[ 41, 35, 0,[ 13, 67]],

[ 75, 45, 1,[ 48, 8, 35]],

[ 36, 95, 0,[ 17, 12, 66]],

[ 60, 85, 0,[ 64, 39, 62]],

[ 84, 45, 1,[ 70, 62, 21, 89]],

[ 73, 35, 0,[ 15, 47, 20]],

[ 27, 25, 0,[ 45, 26, 83]],

[ 87, 95, 1,[ 49, 26, 82]],

[ 31, 95, 1,[ 74, 82, 12, 13, 92, 43, 45, 22]],

[ 40, 35, 1,[ 30, 29, 68]],

[ 57, 65, 0,[ 8, 46, 82]],

[ 0, 15, 0,[ 15, 77]],

[ 35, 65, 1,[ 43, 59, 47, 75]],

[ 53, 45, 0,[ 34, 17, 39]],

[ 65, 15, 0,[ 6, 45, 44, 93]],

[ 99, 35, 1,[ 59, 4, 32, 17]],

[ 89, 15, 1,[ 78, 97, 84]],

[ 50, 85, 0,[ 14, 34, 62, 86]],

[ 6, 45, 1,[ 65, 90, 56]],

[ 22, 65, 1,[ 78, 31, 76]],

[ 13, 35, 1,[ 2, 41, 29, 31]],

[ 64, 85, 0,[ 60, 96, 29]],

[ 77, 35, 0,[ 74, 46, 0]],

[ 9, 85, 0,[ 88, 62, 39]],

[ 68, 45, 1,[ 95, 25, 40, 79]],

[ 21, 85, 0,[ 94, 84, 29]],

[ 63, 65, 0,[ 82, 17, 23]],

[ 90, 65, 1,[ 42, 2, 58, 6]],

[ 37, 55, 1,[ 81, 43, 42, 94]],

[ 86, 35, 0,[ 50, 28]],

[ 8, 75, 1,[ 78, 57, 33, 75, 72]],

[ 96, 95, 1,[ 83, 70, 64, 19]],

[ 67, 35, 0,[ 41, 14]],

[ 48, 35, 1,[ 75, 19, 49]],

[ 81, 65, 1,[ 54, 37, 59, 20]],

[ 33, 5, 1,[ 8, 23, 52]],

[ 62, 85, 1,[ 84, 50, 60, 9]],

