[ 37, 65, 0,[ 22, 25, 7]],

[ 30, 65, 0,[ 61, 35, 20, 68, 84]],

[ 26, 25, 0,[]],

[ 34, 25, 0,[ 56, 19, 41]],

[ 76, 75, 0,[ 6, 95, 54]],

[ 44, 75, 0,[ 33, 4, 90, 17]],

[ 86, 55, 1,[ 64, 19, 51, 17, 28]],

[ 31, 75, 0,[ 72, 23]],

[ 58, 75, 0,[ 56, 77]],

[ 66, 55, 0,[ 88, 56, 14]],

[ 8, 65, 0,[ 48, 90, 16]],

[ 1, 65, 0,[ 92, 67, 28]],

[ 12, 75, 0,[ 73, 97]],

[ 45, 55, 1,[ 94, 2, 69]],

[ 56, 55, 0,[ 50, 58, 48, 66, 34]],

[ 39, 55, 0,[ 93, 97, 43]],

[ 2, 75, 0,[ 14, 70, 45]],

[ 42, 75, 0,[ 14, 13, 95]],

[ 43, 65, 0,[ 39, 10, 36]],

[ 47, 55, 0,[ 75, 13, 96, 79]],

[ 80, 65, 0,[ 18, 7]],

[ 97, 55, 0,[ 12, 39, 74]],

[ 57, 25, 0,[ 48, 46]],

[ 14, 65, 1,[ 63, 2, 42, 93, 66]],

[ 73, 75, 0,[ 12]],

[ 0, 75, 0,[ 78, 94, 50]],

[ 83, 75, 0,[]],

[ 7, 65, 0,[ 80, 17, 37]],

[ 6, 75, 0,[ 70, 22, 76]],

[ 74, 25, 0,[ 97, 32, 54, 88]],

[ 13, 55, 0,[ 42, 11, 47]],

[ 32, 25, 0,[ 4, 85, 74]],

[ 63, 65, 0,[ 14, 69, 46]],

[ 92, 75, 0,[ 88, 1]],

[ 4, 75, 0,[ 32, 44, 51]],

[ 96, 75, 0,[ 47, 17, 18]],

[ 3, 75, 1,[ 28, 84, 27, 52, 93]],

[ 69, 5, 1,[ 81, 45, 99, 63, 98, 59]],

[ 23, 75, 0,[ 31]],

[ 81, 5, 0,[ 49, 69, 65]],

[ 71, 55, 0,[]],

[ 16, 65, 0,[ 75, 8, 67, 62]],

[ 29, 75, 0,[ 33]],

[ 90, 75, 0,[ 44, 15, 8]],

[ 59, 5, 0,[ 69, 84, 25]],

[ 98, 75, 1,[ 17, 53, 69]],

[ 40, 65, 0,[ 68]],

[ 77, 75, 0,[ 27, 22, 78, 58]],

[ 65, 75, 0,[ 85, 81, 5, 55]],

[ 93, 55, 1,[ 3, 14, 39, 28, 27]],

[ 27, 75, 1,[ 93, 3, 77]],

[ 21, 25, 0,[]],

[ 50, 55, 0,[ 0, 56, 91]],

[ 46, 25, 0,[ 57, 63, 19]],

[ 87, 55, 0,[ 89]],

[ 10, 25, 0,[ 85, 43]],

[ 68, 65, 0,[ 40, 30]],

[ 19, 25, 0,[ 75, 34, 46, 5, 86]],

[ 72, 75, 0,[ 31]],

[ 91, 55, 0,[ 94, 50, 89, 36]],

[ 78, 75, 0,[ 0, 77]],

[ 61, 65, 0,[ 54, 53, 30]],

[ 85, 25, 0,[ 32, 10, 65]],

[ 17, 75, 0,[ 7, 96, 98, 44, 86]],

[ 24, 75, 0,[]],

[ 95, 75, 0,[ 42, 76]],

[ 33, 75, 0,[ 18, 44, 29]],

[ 82, 75, 0,[]],

[ 94, 25, 0,[ 91, 45, 53, 0]],

[ 79, 55, 0,[ 99, 47]],

[ 5, 25, 0,[ 65, 19, 53]],

[ 49, 75, 0,[ 62, 81]],

[ 15, 25, 0,[ 64, 90]],

[ 84, 65, 0,[ 59, 30, 3]],

[ 51, 55, 0,[ 35, 99, 55, 86, 4]],

[ 52, 75, 0,[ 36, 3]],

[ 64, 25, 0,[ 15, 86, 20]],

[ 28, 65, 1,[ 3, 86, 93, 1, 55]],

[ 38, 55, 0,[ 35]],

[ 99, 55, 0,[ 79, 69, 51]],

[ 62, 75, 0,[ 49, 16]],

[ 22, 75, 0,[ 6, 77, 37]],

[ 89, 55, 0,[ 87, 91]],

[ 55, 75, 0,[ 28, 51, 65]],

[ 88, 75, 0,[ 66, 74, 92]],

[ 67, 65, 0,[ 16, 1, 36]],

[ 35, 55, 0,[ 30, 51, 38]],

[ 75, 25, 0,[ 19, 47, 16]],

[ 48, 55, 0,[ 56, 57, 8]],

[ 41, 75, 0,[ 70, 34]],

[ 54, 75, 0,[ 74, 76, 61]],

[ 70, 75, 0,[ 2, 41, 6]],

[ 20, 25, 0,[ 30, 64]],

[ 60, 55, 0,[]],

[ 53, 25, 1,[ 94, 98, 5, 61]],

[ 36, 65, 0,[ 52, 91, 67, 43]],

[ 11, 55, 0,[ 13]],

[ 9, 55, 0,[]],

[ 18, 75, 0,[ 33, 96, 80]],

[ 25, 5, 0,[ 37, 59]],

