[ 93, 35, 1,[ 46, 63, 67, 82, 38, 34, 40, 39]],

[ 52, 95, 0,[ 98, 26, 24]],

[ 96, 95, 0,[ 63, 0, 58]],

[ 38, 95, 0,[ 40, 56, 93, 26, 49]],

[ 27, 95, 0,[ 1, 71, 98]],

[ 20, 95, 0,[ 80, 84, 67, 41, 76]],

[ 74, 95, 0,[ 45, 24, 47]],

[ 81, 95, 0,[ 78, 4, 98]],

[ 12, 95, 0,[ 62, 77, 53]],

[ 55, 55, 0,[ 45, 7, 50]],

[ 62, 95, 0,[ 41, 98, 12]],

[ 22, 95, 0,[ 42, 53, 14, 1]],

[ 94, 95, 0,[]],

[ 95, 95, 0,[ 30, 11, 88, 25, 45]],

[ 2, 95, 0,[ 59, 84, 28]],

[ 37, 95, 0,[ 3, 85, 61]],

[ 65, 95, 0,[ 3, 60, 59, 47]],

[ 28, 65, 1,[ 2, 91, 41, 16, 73, 13, 87, 30, 33, 39, 59, 0, 71, 8, 35, 19, 88, 17, 68]],

[ 73, 95, 0,[ 23, 51, 28, 4]],

[ 29, 95, 0,[ 5, 54, 63, 18, 16]],

[ 75, 15, 0,[ 45, 25, 98]],

[ 71, 95, 0,[ 83, 27, 24, 28]],

[ 43, 95, 0,[ 79, 50, 19]],

[ 67, 95, 0,[ 93, 51, 20]],

[ 50, 95, 0,[ 43, 55, 69, 97, 53]],

[ 15, 95, 0,[ 6, 83, 16]],

[ 61, 95, 0,[ 80, 45, 37]],

[ 89, 95, 0,[ 32, 8, 5]],

[ 31, 95, 0,[ 1, 98, 80]],

[ 99, 95, 0,[ 86, 84, 72]],

[ 63, 95, 0,[ 93, 29, 96]],

[ 1, 95, 0,[ 22, 27, 31]],

[ 77, 95, 0,[ 12, 98, 13]],

[ 49, 95, 0,[ 38, 23, 39]],

[ 45, 55, 1,[ 11, 95, 74, 91, 55, 44, 61, 75]],

[ 25, 95, 0,[ 75, 95, 3, 83]],

[ 8, 95, 0,[ 66, 28, 89]],

[ 3, 95, 1,[ 90, 37, 35, 64, 18, 65, 48, 25]],

[ 21, 95, 0,[ 34, 98]],

[ 64, 95, 0,[ 33, 3, 4]],

[ 19, 95, 0,[ 43, 53, 28]],

[ 85, 95, 0,[ 83, 60, 82, 37]],

[ 88, 95, 0,[ 95, 53, 28, 51]],

[ 91, 65, 0,[ 45, 30, 28]],

[ 68, 65, 0,[ 28, 23, 83]],

[ 82, 95, 0,[ 85, 93, 42]],

[ 53, 95, 1,[ 34, 22, 88, 54, 19, 5, 50, 80, 76, 12, 32]],

[ 66, 95, 0,[ 69, 70, 8]],

[ 14, 95, 0,[ 98, 47, 22]],

[ 70, 95, 0,[ 66, 58, 36]],

[ 11, 95, 0,[ 95, 45, 35, 78]],

[ 46, 95, 0,[ 76, 72, 93]],

[ 90, 95, 0,[ 24, 3, 6, 7]],

[ 16, 95, 0,[ 15, 18, 29, 28]],

[ 76, 95, 0,[ 20, 46, 53]],

[ 17, 5, 0,[ 83, 86, 28]],

[ 34, 95, 0,[ 21, 97, 53, 84, 93]],

[ 7, 75, 1,[ 90, 55, 23]],

[ 9, 95, 0,[ 92, 13, 83]],

[ 23, 95, 0,[ 5, 7, 73, 49, 68]],

[ 18, 95, 0,[ 3, 29, 16]],

[ 13, 95, 0,[ 9, 77, 56, 28]],

[ 10, 95, 0,[ 56, 59, 69]],

[ 5, 95, 0,[ 23, 29, 89, 53]],

[ 33, 95, 0,[ 28, 64, 86]],

[ 24, 95, 0,[ 74, 52, 90, 71]],

[ 0, 95, 0,[ 57, 42, 96, 28]],

[ 26, 95, 0,[ 39, 38, 57, 52]],

[ 80, 95, 0,[ 20, 61, 53, 31]],

[ 32, 95, 0,[ 83, 89, 53]],

[ 56, 95, 0,[ 10, 38, 13]],

[ 4, 95, 0,[ 64, 98, 81, 73]],

[ 78, 95, 0,[ 11, 6, 81]],

[ 41, 95, 0,[ 20, 62, 28]],

[ 87, 5, 0,[ 84, 83, 28]],

[ 59, 95, 0,[ 10, 65, 28, 2]],

[ 42, 95, 0,[ 98, 79, 82, 22, 0]],

[ 47, 95, 0,[ 14, 65, 74]],

[ 30, 65, 0,[ 95, 28, 91]],

[ 39, 95, 0,[ 26, 49, 28, 93]],

[ 98, 15, 1,[ 48, 21, 4, 77, 92, 75, 31, 14, 42, 27, 62, 52, 81]],

[ 58, 95, 0,[ 70, 44, 96]],

[ 57, 95, 0,[ 36, 26, 0]],

[ 36, 95, 0,[ 70, 57]],

[ 51, 95, 0,[ 88, 67, 73]],

[ 92, 95, 0,[ 72, 9, 98]],

[ 40, 95, 0,[ 38, 93, 6]],

[ 79, 95, 0,[ 42, 43, 54, 69]],

[ 72, 95, 0,[ 46, 92, 99]],

[ 84, 95, 0,[ 20, 87, 99, 2, 34]],

[ 6, 95, 0,[ 15, 40, 90, 78]],

[ 69, 55, 1,[ 10, 79, 97, 66, 50]],

[ 44, 95, 0,[ 83, 58, 45]],

[ 48, 95, 0,[ 98, 54, 3]],

[ 97, 95, 0,[ 50, 69, 34]],

[ 60, 95, 0,[ 85, 65]],

[ 35, 95, 0,[ 28, 3, 11]],

[ 86, 55, 1,[ 17, 33, 99]],

[ 83, 5, 1,[ 44, 32, 25, 87, 15, 68, 17, 71, 85, 9]],

[ 54, 95, 0,[ 79, 48, 29, 53]],

