[ 36, 55, 0,[ 70, 24, 57]],

[ 58, 55, 0,[ 56, 63]],

[ 55, 15, 0,[ 34, 96, 31]],

[ 2, 95, 0,[ 19, 8]],

[ 90, 65, 1,[ 52, 76, 60, 71]],

[ 10, 75, 1,[ 15, 3, 30]],

[ 28, 45, 0,[ 46, 62]],

[ 34, 15, 0,[ 18, 77, 55, 69]],

[ 61, 5, 1,[ 97, 31, 89]],

[ 38, 55, 0,[ 22, 59, 65, 51]],

[ 73, 55, 0,[ 80, 79, 59, 43]],

[ 63, 55, 0,[ 37, 9, 58]],

[ 97, 5, 1,[ 20, 70, 61, 99]],

[ 19, 35, 1,[ 54, 2, 15]],

[ 12, 55, 0,[ 50, 35, 45, 46]],

[ 87, 45, 1,[ 3, 72, 74]],

[ 13, 95, 1,[ 99, 25, 42, 68]],

[ 0, 95, 0,[ 62, 76]],

[ 22, 35, 1,[ 15, 38, 42]],

[ 37, 15, 1,[ 52, 64, 48, 63]],

[ 15, 5, 0,[ 19, 10, 49, 67, 22]],

[ 4, 65, 0,[ 27, 24, 77]],

[ 9, 55, 0,[ 18, 63]],

[ 91, 55, 0,[ 39, 94, 95, 80]],

[ 11, 75, 0,[ 53, 1, 52, 17]],

[ 78, 5, 1,[ 96, 6, 24, 14]],

[ 48, 25, 1,[ 95, 37, 67, 16]],

[ 8, 95, 1,[ 46, 2, 20, 40]],

[ 84, 95, 1,[ 42, 96, 83, 68]],

[ 21, 55, 0,[ 49, 1, 23]],

[ 82, 5, 1,[ 85, 92, 96]],

[ 1, 75, 0,[ 11, 99, 21]],

[ 25, 55, 0,[ 29, 70, 13]],

[ 20, 55, 1,[ 8, 41, 97, 29]],

[ 67, 5, 0,[ 17, 15, 47, 48]],

[ 51, 25, 1,[ 38, 59, 86, 32]],

[ 60, 65, 0,[ 90, 5, 74]],

[ 50, 15, 0,[ 31, 14, 12]],

[ 53, 55, 0,[ 65, 11, 62]],

[ 70, 55, 0,[ 97, 25, 36]],

[ 52, 75, 1,[ 31, 11, 27, 90, 37]],

[ 76, 95, 1,[ 92, 0, 90, 72]],

[ 17, 35, 1,[ 67, 83, 11, 6]],

[ 56, 35, 1,[ 23, 58, 88]],

[ 33, 55, 1,[ 26, 75, 98, 16]],

[ 44, 65, 1,[ 88, 43, 32]],

[ 26, 55, 0,[ 93, 33, 66]],

[ 24, 65, 1,[ 39, 36, 78, 81, 66, 4]],

[ 59, 55, 1,[ 71, 73, 38, 51, 40, 68, 47]],

[ 71, 55, 1,[ 90, 59]],

[ 93, 55, 0,[ 26, 79, 88]],

[ 68, 5, 1,[ 13, 30, 84, 59, 40]],

[ 81, 55, 1,[ 24, 31]],

[ 46, 45, 1,[ 12, 28, 8]],

[ 14, 5, 0,[ 50, 74, 78]],

[ 54, 85, 1,[ 19, 95, 30, 98, 86]],

[ 64, 55, 0,[ 94, 37]],

[ 5, 55, 0,[ 32, 92, 60, 23]],

[ 39, 65, 0,[ 24, 91, 27]],

[ 62, 65, 0,[ 28, 53, 0]],

[ 40, 55, 1,[ 59, 68, 8]],

[ 79, 15, 1,[ 93, 73, 35]],

[ 41, 55, 0,[ 20, 42]],

[ 95, 15, 1,[ 69, 54, 48, 91]],

[ 27, 55, 0,[ 4, 52, 39, 6]],

[ 88, 55, 1,[ 56, 44, 93, 3]],

[ 30, 5, 0,[ 10, 54, 45, 68]],

[ 49, 5, 0,[ 15, 89, 21]],

[ 94, 55, 0,[ 7, 64, 91]],

[ 72, 75, 1,[ 76, 31, 87]],

[ 32, 55, 1,[ 51, 5, 44]],

[ 85, 55, 1,[ 6, 82, 80]],

[ 16, 5, 1,[ 98, 33, 48]],

[ 6, 55, 1,[ 85, 78, 27, 17]],

[ 96, 55, 1,[ 82, 78, 55, 84]],

[ 98, 55, 0,[ 54, 16, 33]],

[ 83, 95, 0,[ 99, 84, 17]],

[ 66, 55, 1,[ 74, 26, 24]],

[ 92, 95, 1,[ 82, 5, 76]],

[ 31, 15, 1,[ 50, 81, 55, 61, 72, 52]],

[ 80, 35, 1,[ 85, 23, 91, 73]],

[ 75, 35, 1,[ 33, 29, 57]],

[ 86, 25, 0,[ 54, 51]],

[ 18, 15, 0,[ 34, 35, 9]],

[ 43, 55, 0,[ 57, 44, 73]],

[ 89, 15, 1,[ 49, 61, 23]],

[ 65, 55, 0,[ 69, 38, 53]],

[ 29, 55, 0,[ 25, 20, 75]],

[ 3, 55, 0,[ 10, 87, 88]],

[ 77, 55, 0,[ 7, 34, 4]],

[ 57, 55, 0,[ 43, 75, 36]],

[ 42, 15, 1,[ 41, 22, 13, 84]],

[ 47, 55, 0,[ 67, 59]],

[ 23, 55, 1,[ 89, 21, 80, 56, 5]],

[ 69, 15, 0,[ 65, 34, 95]],

[ 74, 25, 1,[ 60, 14, 66, 87]],

[ 99, 95, 1,[ 97, 83, 1, 45, 13]],

[ 35, 95, 1,[ 79, 18, 12]],

[ 7, 55, 0,[ 77, 94]],

[ 45, 5, 0,[ 12, 30, 99]],

