[ 92, 95, 0,[ 84, 41, 69]],

[ 28, 25, 1,[ 33, 35, 29, 36, 50, 26, 70, 27, 42]],

[ 89, 25, 0,[ 86, 84, 0, 87]],

[ 94, 25, 0,[ 74, 3, 93]],

[ 22, 25, 0,[ 76, 15, 85, 5, 14, 23]],

[ 2, 75, 0,[ 53, 14, 44]],

[ 11, 25, 0,[ 71]],

[ 34, 25, 0,[ 24, 87]],

[ 93, 25, 1,[ 87, 80, 32, 94, 76, 58, 73, 30, 46, 65]],

[ 63, 75, 0,[ 12, 74, 14]],

[ 65, 25, 0,[ 52, 78, 14, 18, 93]],

[ 74, 25, 0,[ 63, 94]],

[ 53, 25, 1,[ 40, 56, 2, 61, 91, 31, 37, 23]],

[ 49, 55, 0,[ 9, 96, 99]],

[ 13, 25, 0,[ 90, 79]],

[ 54, 25, 0,[ 98, 60, 59, 38]],

[ 19, 25, 0,[ 64]],

[ 32, 25, 0,[ 45, 93, 52]],

[ 60, 25, 0,[ 44, 54, 9, 15]],

[ 3, 25, 1,[ 77, 10, 27, 94, 43, 8]],

[ 85, 25, 0,[ 22, 43, 35]],

[ 61, 5, 0,[ 83, 53, 20]],

[ 41, 25, 0,[ 50, 76, 92, 6]],

[ 77, 25, 0,[ 25, 3]],

[ 95, 75, 0,[ 1, 14, 45]],

[ 45, 25, 1,[ 32, 4, 95, 96]],

[ 71, 25, 0,[ 51, 11, 42, 90, 16, 66]],

[ 64, 25, 0,[ 98, 19, 55]],

[ 48, 25, 0,[ 26, 27, 56, 83, 69]],

[ 46, 25, 0,[ 10, 93, 44]],

[ 1, 25, 0,[ 56, 69, 40, 95]],

[ 24, 25, 0,[ 34, 69, 39, 79]],

[ 6, 25, 0,[ 15, 9, 41, 20]],

[ 57, 75, 0,[ 14, 97, 0, 55]],

[ 88, 25, 0,[ 80, 98, 15]],

[ 91, 55, 0,[ 9, 53, 99]],

[ 97, 75, 0,[ 14, 57]],

[ 78, 25, 0,[ 65, 40, 69]],

[ 0, 25, 0,[ 57, 89]],

[ 70, 25, 0,[ 28, 37, 66, 5]],

[ 58, 25, 0,[ 14, 93, 82, 51]],

[ 83, 25, 0,[ 61, 86, 48]],

[ 79, 25, 0,[ 98, 24, 13]],

[ 66, 25, 0,[ 71, 87, 70]],

[ 75, 25, 0,[ 47, 9, 21, 38]],

[ 98, 25, 1,[ 79, 88, 64, 54, 21, 87, 43, 68, 12, 10]],

[ 50, 25, 0,[ 67, 28, 41]],

[ 86, 25, 1,[ 25, 29, 35, 81, 89, 96, 83]],

[ 27, 25, 0,[ 48, 28, 3]],

[ 84, 25, 0,[ 81, 89, 92]],

[ 99, 25, 0,[ 43, 49, 91]],

[ 26, 25, 0,[ 39, 28, 48]],

[ 25, 95, 0,[ 86, 77, 67]],

[ 76, 25, 0,[ 22, 41, 93, 21]],

[ 8, 25, 0,[ 3, 47, 81]],

[ 82, 25, 0,[ 58, 62, 21]],

[ 9, 25, 1,[ 60, 49, 18, 90, 47, 91, 75, 16, 6]],

[ 87, 25, 0,[ 34, 66, 89, 98, 93]],

[ 38, 25, 0,[ 31, 75, 54]],

[ 14, 75, 1,[ 22, 65, 58, 57, 7, 97, 63, 2, 95, 56]],

[ 4, 25, 0,[ 33, 45]],

[ 21, 25, 0,[ 82, 76, 75, 17, 98]],

[ 47, 25, 0,[ 9, 8, 75]],

[ 67, 25, 0,[ 25, 50, 29]],

[ 5, 25, 0,[ 17, 22, 70]],

[ 52, 25, 0,[ 69, 32, 65]],

[ 35, 75, 0,[ 28, 86, 85]],

[ 42, 25, 0,[ 28, 39, 71]],

[ 16, 25, 0,[ 40, 71, 9]],

[ 55, 25, 0,[ 57, 64, 12, 23]],

[ 10, 25, 0,[ 73, 3, 98, 46]],

[ 31, 5, 0,[ 37, 38, 53]],

[ 20, 95, 0,[ 6, 69, 61]],

[ 69, 5, 1,[ 30, 92, 17, 1, 52, 20, 48, 78, 62, 24, 7]],

[ 96, 95, 0,[ 49, 45, 86]],

[ 40, 25, 0,[ 53, 16, 1, 78, 62]],

[ 29, 75, 0,[ 86, 28, 67]],

[ 44, 25, 0,[ 46, 2, 60]],

[ 68, 25, 0,[ 98, 36, 12]],

[ 39, 25, 0,[ 26, 24, 42, 18]],

[ 23, 25, 0,[ 22, 55, 53]],

[ 43, 25, 0,[ 85, 3, 99, 98]],

[ 33, 75, 0,[ 28, 80, 4]],

[ 62, 25, 0,[ 69, 82, 59, 40]],

[ 36, 75, 0,[ 28, 68]],

[ 37, 25, 0,[ 70, 51, 53, 31]],

[ 51, 25, 0,[ 37, 71, 58]],

[ 73, 25, 0,[ 93, 10, 7]],

[ 59, 25, 0,[ 62, 54, 30]],

[ 7, 95, 0,[ 73, 14, 69]],

[ 90, 25, 0,[ 71, 13, 9]],

[ 81, 25, 0,[ 8, 86, 84]],

[ 56, 25, 0,[ 48, 1, 14, 53]],

[ 15, 25, 0,[ 22, 60, 88, 6]],

[ 30, 25, 0,[ 69, 93, 59]],

[ 80, 25, 0,[ 93, 33, 88]],

[ 17, 25, 0,[ 69, 5, 21]],

[ 12, 25, 0,[ 55, 63, 68, 98]],

[ 18, 25, 0,[ 9, 65, 39]],

[ 72, 25, 0,[]],

[ 8, 95, 0,[ 96, 46, 95]],

[ 86, 65, 1,[ 34, 77, 31, 49, 52, 70, 91, 23, 89, 63, 50, 4]],

[ 46, 95, 0,[ 16, 74, 69, 8]],

[ 54, 95, 0,[ 39, 7, 89]],

[ 4, 65, 0,[ 47, 21, 37, 86, 58]],

[ 67, 95, 0,[ 87, 7, 36, 11, 41]],

[ 44, 95, 0,[ 7, 78, 56]],

[ 52, 65, 0,[ 1, 86, 17, 51]],

[ 50, 55, 0,[ 33, 86, 96, 76, 28, 23]],

[ 25, 95, 0,[ 14, 7, 59, 9]],

[ 23, 55, 0,[ 86, 50, 84]],

[ 27, 55, 0,[ 79, 42, 17, 29]],

[ 89, 65, 0,[ 86, 54, 71, 41, 62]],

[ 51, 95, 0,[ 52, 66, 74]],

[ 48, 85, 0,[ 2, 99, 28]],

[ 37, 35, 0,[ 94, 18, 4]],

[ 49, 65, 0,[ 17, 7, 86, 15]],

[ 43, 95, 0,[ 77, 30, 69]],

[ 76, 55, 0,[ 50, 72, 9, 31]],

[ 57, 95, 0,[ 84, 7]],

[ 92, 25, 0,[ 19, 64, 93]],

[ 68, 55, 0,[ 0, 38, 97, 14, 39]],

[ 0, 55, 0,[ 68, 63, 3]],

[ 12, 95, 0,[ 20, 82, 78]],

[ 87, 95, 0,[ 21, 74, 67]],

[ 45, 55, 1,[ 5, 11, 60]],

[ 59, 85, 0,[ 28, 25, 80]],

[ 88, 65, 0,[ 95, 98, 53]],

[ 91, 65, 0,[ 40, 86, 13]],

[ 11, 95, 0,[ 70, 67, 45]],

[ 97, 55, 0,[ 68, 66]],

[ 3, 95, 1,[ 60, 55, 81, 22, 0]],

[ 94, 35, 0,[ 37, 53, 18, 90]],

[ 20, 65, 0,[ 12, 93, 62, 85, 26]],

[ 60, 55, 0,[ 45, 71, 3]],

[ 38, 55, 0,[ 40, 29, 68]],

[ 34, 65, 0,[ 22, 29, 86]],

[ 40, 55, 0,[ 53, 38, 91]],

[ 31, 65, 0,[ 86, 76, 98, 75, 9]],

[ 14, 95, 0,[ 25, 68, 56]],

[ 81, 55, 0,[ 33, 10, 3]],

[ 36, 95, 0,[ 83, 67]],

[ 22, 55, 0,[ 34, 3, 96]],

[ 74, 95, 0,[ 30, 13, 93, 51, 46, 87]],

[ 61, 55, 0,[ 35, 84, 53]],

[ 35, 95, 0,[ 42, 61, 58]],

[ 96, 55, 0,[ 50, 8, 22, 82]],

[ 62, 65, 0,[ 5, 89, 20]],

[ 56, 95, 0,[ 14, 93, 70, 44]],

[ 77, 65, 0,[ 86, 43, 2, 32]],

[ 65, 85, 0,[ 32, 28, 13]],

[ 9, 95, 0,[ 76, 31, 6, 25]],

[ 72, 55, 0,[ 83, 76, 80]],

[ 6, 95, 0,[ 58, 9, 69]],

[ 24, 85, 0,[ 28, 2, 1]],

[ 2, 85, 1,[ 10, 77, 48, 24, 75]],

[ 99, 25, 0,[ 48, 58, 93]],

[ 32, 45, 0,[ 65, 1, 77]],

[ 78, 95, 0,[ 12, 44, 82]],

[ 26, 65, 0,[ 15, 16, 7, 20]],

[ 82, 95, 0,[ 28, 78, 70, 96, 12]],

[ 21, 35, 0,[ 4, 87, 90]],

[ 84, 55, 0,[ 61, 57, 23]],

[ 70, 95, 0,[ 11, 47, 56, 86, 66, 82]],

[ 47, 95, 0,[ 4, 7, 70, 10]],

[ 69, 95, 1,[ 6, 46, 43, 33]],

[ 33, 55, 0,[ 81, 50, 69]],

[ 7, 95, 1,[ 26, 13, 25, 47, 73, 49, 44, 67, 57, 83, 54]],

[ 30, 95, 0,[ 53, 74, 43]],

[ 42, 55, 0,[ 27, 35, 53]],

[ 39, 25, 0,[ 68, 93, 54]],

[ 41, 95, 0,[ 85, 67, 89]],

[ 85, 65, 0,[ 20, 90, 98, 41]],

[ 29, 55, 0,[ 27, 38, 28, 34]],

[ 63, 65, 0,[ 86, 0, 73]],

[ 19, 65, 0,[ 92, 83, 98]],

[ 93, 55, 1,[ 73, 56, 80, 39, 20, 71, 99, 55, 66, 74, 92]],

[ 64, 85, 0,[ 92, 55, 28]],

[ 28, 85, 1,[ 64, 29, 73, 48, 95, 24, 82, 50, 65, 79, 59]],

[ 17, 65, 0,[ 27, 52, 49]],

[ 53, 55, 1,[ 61, 42, 94, 88, 30, 40]],

[ 18, 35, 0,[ 37, 98, 94]],

[ 55, 25, 0,[ 93, 3, 64]],

[ 98, 75, 1,[ 85, 88, 16, 19, 18, 31]],

[ 83, 95, 0,[ 7, 72, 19, 36]],

[ 79, 85, 0,[ 15, 27, 28]],

[ 1, 45, 0,[ 24, 52, 32]],

[ 66, 95, 0,[ 70, 51, 93, 97]],

[ 16, 65, 0,[ 46, 98, 26]],

[ 5, 45, 0,[ 45, 62]],

[ 73, 85, 0,[ 93, 28, 63, 7]],

[ 15, 65, 0,[ 26, 79, 49]],

[ 13, 95, 0,[ 74, 65, 7, 91]],

[ 90, 35, 0,[ 71, 85, 21, 94]],

[ 95, 85, 0,[ 88, 8, 28, 75]],

[ 75, 85, 0,[ 31, 95, 2]],

[ 80, 25, 0,[ 72, 59, 93]],

[ 71, 25, 0,[ 60, 89, 93, 90]],

[ 10, 55, 0,[ 81, 47, 2]],

[ 58, 95, 0,[ 6, 4, 99, 35]],

