[ 99, 85, 0,[ 75, 7, 42, 17]],

[ 37, 35, 1,[ 82, 66, 17, 96, 97, 8]],

[ 58, 45, 0,[ 8, 81, 32]],

[ 76, 25, 0,[ 2, 90, 54, 55]],

[ 90, 15, 0,[ 73, 71, 76]],

[ 41, 75, 0,[ 29, 13, 38, 16]],

[ 6, 15, 0,[ 39, 40, 33]],

[ 39, 15, 0,[ 6, 66]],

[ 93, 85, 0,[ 44, 60, 46]],

[ 43, 75, 0,[ 38]],

[ 22, 25, 0,[ 28, 45, 53]],

[ 9, 15, 0,[ 70, 68, 14]],

[ 72, 15, 0,[ 0, 25, 68, 86]],

[ 77, 75, 0,[ 57, 33]],

[ 85, 75, 0,[ 62, 53, 61]],

[ 30, 35, 0,[ 98, 67, 79]],

[ 44, 85, 0,[ 93, 15]],

[ 0, 15, 0,[ 72, 35, 25]],

[ 73, 85, 0,[ 52, 90, 27]],

[ 17, 35, 0,[ 37, 99, 97]],

[ 36, 85, 0,[ 51, 75, 14]],

[ 25, 15, 0,[ 57, 0, 72]],

[ 82, 55, 1,[ 92, 53, 37, 89]],

[ 46, 85, 0,[ 3, 47, 93]],

[ 42, 25, 0,[ 27, 99, 31]],

[ 14, 75, 0,[ 61, 9, 36]],

[ 5, 75, 0,[ 29, 4, 74]],

[ 11, 45, 0,[ 2, 32, 80]],

[ 96, 15, 1,[ 52, 71, 37]],

[ 24, 15, 0,[ 74, 19]],

[ 88, 45, 0,[ 86, 47, 66, 49]],

[ 16, 45, 0,[ 50, 87, 41]],

[ 75, 85, 0,[ 13, 87, 99, 36]],

[ 84, 75, 0,[ 95]],

[ 23, 15, 0,[ 59, 49]],

[ 64, 85, 0,[ 50, 79]],

[ 3, 85, 0,[ 35, 46, 50, 12]],

[ 56, 55, 0,[ 40]],

[ 47, 45, 0,[ 46, 88, 19]],

[ 81, 15, 0,[ 91, 58]],

[ 59, 15, 0,[ 23, 35, 98]],

[ 21, 55, 0,[]],

[ 48, 75, 0,[ 33, 83, 18]],

[ 92, 55, 0,[ 67, 82]],

[ 55, 25, 0,[ 62, 33, 76]],

[ 49, 15, 0,[ 23, 54, 88]],

[ 35, 25, 1,[ 0, 3, 4, 31, 59]],

[ 67, 35, 0,[ 92, 30, 54]],

[ 53, 75, 0,[ 85, 82, 22]],

[ 98, 85, 0,[ 59, 30, 8]],

[ 74, 45, 0,[ 24, 26, 5]],

[ 54, 25, 0,[ 67, 49, 76]],

[ 4, 75, 0,[ 35, 15, 5]],

[ 27, 75, 0,[ 42, 95, 28, 73]],

[ 1, 25, 0,[ 20]],

[ 91, 15, 0,[ 83, 81, 65]],

[ 66, 45, 0,[ 37, 39, 88]],

[ 40, 55, 0,[ 6, 52, 56]],

[ 95, 75, 0,[ 84, 27]],

[ 10, 15, 0,[]],

[ 78, 25, 0,[ 13, 45, 65]],

[ 71, 15, 0,[ 68, 96, 90]],

[ 20, 25, 0,[ 1]],

[ 29, 75, 0,[ 5, 41]],

[ 86, 15, 0,[ 72, 88]],

[ 26, 45, 0,[ 74, 51, 31]],

[ 79, 25, 0,[ 30, 18, 64]],

[ 2, 25, 0,[ 76, 11]],

[ 33, 75, 0,[ 48, 77, 6, 51, 55]],

[ 69, 15, 0,[ 68, 87]],

[ 51, 45, 0,[ 36, 33, 26, 32]],

[ 32, 45, 0,[ 52, 11, 58, 51]],

[ 61, 75, 1,[ 28, 85, 14]],

[ 12, 45, 0,[ 3, 68, 89]],

[ 52, 85, 1,[ 96, 32, 73, 40]],

[ 18, 75, 0,[ 34, 79, 48]],

[ 60, 75, 0,[ 93, 15]],

[ 31, 25, 1,[ 89, 35, 26, 42]],

[ 50, 85, 0,[ 3, 83, 16, 64]],

[ 28, 75, 0,[ 27, 22, 61]],

[ 7, 85, 0,[ 80, 94, 99]],

[ 68, 15, 0,[ 69, 12, 9, 72, 71]],

[ 87, 45, 0,[ 75, 69, 16]],

[ 13, 85, 0,[ 78, 41, 75]],

[ 70, 85, 0,[ 9, 94]],

[ 97, 15, 1,[ 37, 17]],

[ 83, 75, 0,[ 91, 48, 50]],

[ 57, 15, 0,[ 25, 19, 77]],

[ 15, 75, 0,[ 60, 4, 44]],

[ 65, 25, 0,[ 45, 78, 91]],

[ 89, 45, 1,[ 82, 8, 12, 31]],

[ 8, 85, 1,[ 58, 98, 37, 89]],

[ 63, 45, 0,[]],

[ 34, 85, 0,[ 18, 94]],

[ 62, 75, 0,[ 55, 85]],

[ 38, 75, 0,[ 43, 41]],

[ 19, 15, 0,[ 24, 47, 57]],

[ 45, 25, 0,[ 78, 22, 65]],

[ 80, 45, 0,[ 11, 7]],

[ 94, 85, 0,[ 7, 34, 70]],

