[ 44, 15, 0,[ 32, 89, 27]],

[ 95, 55, 1,[ 59, 62, 73, 18, 43]],

[ 81, 55, 0,[ 21, 79, 49]],

[ 26, 65, 0,[ 77, 80, 17]],

[ 71, 5, 0,[ 1, 39, 65]],

[ 86, 95, 1,[ 53, 91, 63]],

[ 43, 25, 1,[ 95, 97, 65]],

[ 85, 15, 1,[ 90, 61, 2, 75, 33]],

[ 46, 15, 0,[ 69, 17, 42, 98]],

[ 1, 65, 1,[ 71, 78, 15, 4]],

[ 33, 5, 1,[ 47, 40, 85]],

[ 29, 45, 0,[ 57, 70, 55, 83, 28]],

[ 70, 95, 1,[ 27, 29, 93]],

[ 79, 85, 1,[ 36, 67, 81, 92, 59]],

[ 39, 5, 0,[ 72, 57, 71, 21]],

[ 14, 5, 1,[ 16, 59, 50]],

[ 24, 15, 0,[ 7, 17, 3, 42]],

[ 6, 15, 0,[ 76, 99, 89, 25, 16]],

[ 7, 15, 0,[ 24, 89, 28]],

[ 32, 15, 0,[ 44, 17, 69]],

[ 74, 25, 1,[ 96, 80, 66]],

[ 23, 5, 0,[ 5, 18, 92]],

[ 91, 85, 1,[ 12, 22, 86, 41, 15]],

[ 89, 15, 0,[ 98, 44, 6, 36, 7]],

[ 82, 85, 0,[ 40, 22, 93]],

[ 96, 35, 0,[ 87, 74, 52, 60]],

[ 63, 15, 1,[ 11, 86, 61, 99]],

[ 87, 35, 0,[ 96, 98, 73]],

[ 22, 85, 0,[ 91, 82, 10]],

[ 93, 65, 1,[ 51, 11, 62, 98, 70, 97, 82]],

[ 3, 5, 1,[ 19, 55, 83, 24, 25]],

[ 5, 65, 1,[ 52, 0, 23, 2, 17]],

[ 9, 95, 1,[ 76, 55, 78]],

[ 78, 85, 1,[ 9, 90, 1]],

[ 97, 65, 0,[ 93, 19, 43]],

[ 51, 45, 0,[ 11, 57, 93]],

[ 84, 85, 0,[ 69, 52, 54]],

[ 53, 25, 1,[ 86, 68, 16, 25]],

[ 88, 65, 0,[ 58, 41, 12]],

[ 13, 15, 0,[ 58, 64, 76]],

[ 4, 25, 1,[ 1, 37, 40]],

[ 83, 15, 1,[ 8, 29, 31, 92, 3]],

[ 19, 65, 0,[ 97, 80, 3]],

[ 27, 95, 1,[ 70, 34, 44]],

[ 36, 55, 1,[ 47, 79, 89]],

[ 40, 85, 0,[ 82, 21, 4, 33]],

[ 54, 75, 0,[ 31, 84, 20]],

[ 16, 55, 0,[ 6, 14, 53, 77]],

[ 41, 15, 1,[ 88, 72, 91]],

[ 66, 25, 0,[ 98, 74, 35]],

[ 42, 75, 0,[ 24, 62, 46]],

[ 38, 15, 1,[ 60, 35, 68]],

[ 90, 65, 0,[ 37, 47, 45, 78, 85]],

[ 61, 55, 0,[ 85, 63, 28, 47, 80]],

[ 50, 55, 1,[ 45, 14, 94]],

[ 59, 55, 0,[ 95, 79, 14]],

[ 77, 55, 1,[ 26, 16, 65, 34]],

[ 98, 35, 1,[ 89, 66, 87, 46, 93]],

[ 69, 5, 1,[ 46, 32, 84]],

[ 55, 45, 1,[ 9, 3, 29, 37]],

[ 35, 5, 0,[ 20, 66, 49, 38]],

[ 11, 15, 1,[ 8, 93, 63, 51]],

[ 52, 85, 0,[ 84, 12, 5, 96]],

[ 21, 75, 1,[ 40, 39, 81]],

[ 48, 5, 0,[ 67, 72, 75, 65]],

[ 15, 95, 1,[ 18, 94, 64, 91, 1]],

[ 2, 55, 1,[ 28, 5, 99, 85]],

[ 73, 85, 1,[ 56, 57, 95, 87]],

[ 28, 15, 1,[ 29, 2, 7, 61]],

[ 58, 45, 1,[ 88, 13, 94]],

[ 76, 15, 0,[ 9, 13, 6, 34]],

[ 57, 5, 1,[ 29, 51, 39, 73]],

[ 68, 55, 0,[ 49, 38, 53]],

[ 17, 15, 0,[ 46, 32, 24, 34, 26, 5]],

[ 67, 95, 1,[ 48, 56, 79]],

[ 80, 65, 0,[ 19, 74, 26, 61]],

[ 72, 5, 0,[ 92, 39, 41, 48]],

[ 65, 55, 1,[ 43, 71, 48, 77]],

[ 0, 65, 1,[ 5, 31, 30]],

[ 62, 45, 0,[ 93, 42, 95]],

[ 56, 35, 0,[ 73, 64, 67]],

[ 10, 65, 0,[ 30, 22, 45]],

[ 8, 85, 0,[ 11, 64, 83]],

[ 64, 25, 1,[ 15, 13, 8, 20, 56]],

[ 25, 75, 1,[ 53, 3, 6]],

[ 75, 65, 0,[ 85, 48, 30]],

[ 94, 15, 0,[ 15, 58, 50]],

[ 47, 25, 1,[ 36, 61, 90, 33, 31]],

[ 18, 45, 1,[ 23, 15, 60, 95, 20]],

[ 49, 25, 1,[ 81, 68, 35]],

[ 12, 35, 1,[ 91, 52, 88]],

[ 20, 75, 0,[ 64, 35, 18, 54]],

[ 60, 45, 1,[ 18, 96, 38]],

[ 99, 15, 0,[ 6, 2, 63]],

[ 92, 5, 0,[ 79, 83, 23, 72]],

[ 34, 95, 1,[ 77, 17, 27, 76]],

[ 31, 75, 0,[ 83, 0, 54, 47]],

[ 37, 65, 0,[ 55, 90, 4]],

[ 45, 75, 1,[ 90, 50, 10]],

[ 30, 25, 1,[ 10, 0, 75]],

[ 10, 5, 0,[ 81, 61, 11]],

[ 3, 15, 1,[ 1, 12, 41]],

[ 72, 65, 0,[ 93, 65, 80]],

[ 21, 85, 1,[ 85, 63, 0]],

[ 24, 5, 0,[ 91, 2, 33]],

[ 25, 45, 1,[ 99, 55, 90]],

[ 16, 85, 0,[ 92, 73, 86]],

[ 88, 85, 1,[ 29, 1, 81]],

[ 64, 55, 1,[ 89, 52, 51]],

[ 59, 85, 0,[ 74, 52, 22]],

[ 54, 35, 0,[ 43, 38, 83]],

[ 20, 45, 1,[ 67, 43, 6]],

[ 68, 95, 0,[ 48, 14, 97]],

[ 87, 25, 0,[ 30, 1, 34]],

[ 67, 75, 1,[ 79, 61, 74, 20, 13]],

[ 86, 65, 1,[ 48, 78, 45, 37, 16]],

[ 23, 95, 0,[ 44, 77, 78, 70, 28]],

[ 74, 85, 0,[ 67, 14, 26, 59]],

[ 8, 75, 0,[ 60, 71, 41, 4]],

[ 41, 75, 1,[ 3, 27, 6, 8]],

[ 28, 15, 1,[ 23, 31, 5]],

[ 36, 85, 1,[ 84, 1, 42]],

[ 53, 15, 1,[ 2, 82, 58]],

[ 69, 25, 1,[ 85, 39, 96, 12]],

[ 7, 85, 0,[ 84, 47, 30]],

[ 42, 95, 0,[ 36, 9]],

[ 35, 25, 0,[ 4, 14, 12]],

[ 96, 85, 0,[ 93, 66, 69]],

[ 19, 35, 0,[ 70, 0, 93]],

[ 98, 75, 1,[ 31, 95, 52]],

[ 80, 95, 0,[ 72, 38]],

[ 99, 45, 0,[ 58, 84, 25]],

[ 30, 65, 1,[ 89, 87, 7, 94]],

[ 49, 15, 1,[ 71, 90, 66, 45]],

[ 66, 45, 0,[ 96, 49, 78]],

[ 58, 85, 1,[ 92, 99, 53]],

[ 81, 5, 0,[ 10, 63, 88]],

[ 6, 65, 0,[ 20, 83, 41]],

[ 27, 85, 1,[ 39, 41]],

[ 2, 25, 1,[ 79, 24, 91, 61, 53]],

[ 50, 55, 1,[ 77, 0, 14]],

[ 11, 5, 1,[ 45, 47, 43, 10]],

[ 84, 45, 0,[ 0, 99, 36, 7]],

[ 97, 95, 0,[ 33, 4, 68]],

[ 9, 5, 1,[ 57, 42, 40]],

[ 32, 5, 0,[ 95, 75, 13]],

[ 4, 75, 1,[ 35, 8, 70, 97, 63]],

[ 95, 5, 0,[ 33, 98, 32]],

[ 61, 65, 0,[ 10, 67, 2, 40]],

[ 13, 75, 1,[ 15, 32, 67]],

[ 0, 75, 1,[ 19, 85, 84, 50, 21]],

[ 40, 65, 0,[ 61, 75, 9]],

[ 29, 85, 0,[ 37, 93, 88]],

[ 65, 15, 1,[ 93, 56, 44, 72]],

[ 12, 5, 1,[ 35, 69, 44, 3, 51]],

[ 56, 55, 0,[ 60, 65, 18]],

[ 5, 75, 1,[ 94, 28]],

[ 75, 5, 0,[ 76, 40, 32, 22]],

[ 70, 55, 1,[ 19, 23, 94, 34, 4]],

[ 15, 55, 1,[ 13, 17, 46]],

[ 34, 5, 1,[ 14, 87, 70]],

[ 92, 95, 1,[ 16, 58, 39]],

[ 60, 65, 1,[ 56, 8, 73]],

[ 17, 55, 0,[ 45, 55, 15]],

[ 91, 65, 1,[ 37, 24, 46, 2]],

[ 52, 85, 0,[ 59, 48, 98, 64, 18]],

[ 46, 85, 0,[ 15, 76, 43, 91]],

[ 37, 85, 0,[ 91, 86, 29]],

[ 78, 75, 1,[ 86, 66, 23]],

[ 31, 45, 0,[ 57, 28, 98, 47]],

[ 44, 95, 0,[ 26, 65, 23, 12]],

[ 71, 75, 0,[ 82, 38, 49, 8]],

[ 48, 85, 0,[ 68, 52, 86]],

[ 94, 55, 0,[ 5, 70, 30]],

[ 26, 95, 0,[ 44, 74, 82]],

[ 43, 95, 1,[ 11, 54, 46, 20]],

[ 45, 55, 1,[ 11, 86, 49, 17]],

[ 18, 95, 1,[ 52, 62, 56]],

[ 77, 95, 1,[ 23, 50, 90]],

[ 90, 35, 1,[ 77, 73, 25, 49]],

[ 83, 55, 1,[ 54, 14, 51, 6]],

[ 89, 75, 0,[ 64, 30, 47]],

[ 33, 5, 0,[ 1, 97, 24, 95]],

[ 47, 5, 1,[ 7, 31, 11, 79, 89]],

[ 62, 45, 0,[ 18, 85, 1]],

[ 63, 65, 1,[ 21, 81, 4]],

[ 39, 5, 0,[ 69, 76, 27, 92]],

[ 14, 55, 1,[ 83, 74, 57, 50, 22, 35, 68, 34]],

[ 22, 85, 0,[ 59, 75, 14]],

[ 55, 5, 1,[ 25, 17, 73]],

[ 57, 25, 1,[ 31, 9, 14]],

[ 85, 5, 0,[ 0, 69, 62, 21]],

[ 38, 75, 1,[ 54, 71, 51, 80]],

[ 73, 25, 1,[ 55, 60, 16, 90]],

[ 76, 5, 0,[ 75, 46, 39]],

[ 93, 95, 1,[ 29, 72, 65, 96, 19]],

[ 51, 65, 0,[ 64, 12, 38, 83]],

[ 82, 95, 0,[ 26, 53, 71]],

[ 79, 85, 0,[ 47, 67, 2]],

[ 1, 65, 1,[ 36, 87, 88, 33, 3, 62]],

