[ 50, 45, 1,[ 12, 72, 34]],

[ 97, 5, 0,[ 39, 40, 91, 68]],

[ 41, 5, 1,[ 9, 19, 95, 98, 63, 80, 65]],

[ 70, 5, 1,[ 42, 20, 2]],

[ 46, 15, 0,[ 27, 21, 67]],

[ 77, 65, 1,[ 87, 49, 30]],

[ 59, 25, 0,[ 68, 54, 44]],

[ 78, 55, 1,[ 60, 35, 26]],

[ 51, 85, 1,[ 19, 39, 80]],

[ 17, 5, 0,[ 57, 61, 83]],

[ 72, 5, 0,[ 8, 50, 0, 16]],

[ 91, 5, 1,[ 97, 1]],

[ 55, 5, 1,[ 45, 0, 31, 15]],

[ 92, 5, 0,[ 15, 9, 24]],

[ 34, 25, 1,[ 26, 68, 50, 49, 22]],

[ 81, 5, 0,[ 62, 6, 79]],

[ 39, 25, 1,[ 56, 51, 97, 22]],

[ 96, 25, 0,[ 48, 14, 60]],

[ 49, 55, 1,[ 77, 25, 67, 90, 34, 43]],

[ 76, 5, 0,[ 13, 86, 85]],

[ 85, 75, 0,[ 69, 36, 76]],

[ 86, 15, 1,[ 16, 52, 76]],

[ 82, 55, 0,[ 7, 43]],

[ 12, 15, 1,[ 50, 28, 30]],

[ 73, 75, 1,[ 31, 42, 45]],

[ 8, 5, 0,[ 9, 88, 72, 64]],

[ 60, 75, 1,[ 94, 54, 78, 32, 96]],

[ 63, 15, 1,[ 36, 41, 47]],

[ 71, 55, 0,[ 45, 99, 43]],

[ 66, 5, 0,[ 11, 32, 75, 84]],

[ 26, 5, 1,[ 62, 79, 34, 78, 4]],

[ 94, 75, 0,[ 60, 69]],

[ 16, 5, 0,[ 18, 86, 72]],

[ 15, 5, 1,[ 92, 55, 21, 37]],

[ 75, 5, 0,[ 18, 66, 53]],

[ 45, 5, 1,[ 73, 38, 74, 53, 55, 71]],

[ 99, 55, 0,[ 71, 79]],

[ 24, 5, 0,[ 40, 48, 53, 92]],

[ 19, 5, 0,[ 51, 41, 36]],

[ 30, 55, 1,[ 77, 21, 12]],

[ 90, 5, 0,[ 27, 49, 29]],

[ 37, 55, 0,[ 9, 15]],

[ 79, 5, 0,[ 99, 26, 81]],

[ 48, 5, 0,[ 69, 96, 24]],

[ 98, 5, 1,[ 41, 36, 4]],

[ 56, 45, 0,[ 93, 39, 3]],

[ 11, 65, 1,[ 62, 66, 0, 38]],

[ 74, 5, 0,[ 1, 45, 62]],

[ 65, 15, 1,[ 44, 41, 84, 64]],

[ 23, 25, 0,[ 38, 3, 54, 2]],

[ 13, 5, 1,[ 0, 5, 76, 83]],

[ 62, 5, 0,[ 81, 80, 11, 26, 74, 57]],

[ 18, 5, 1,[ 16, 75, 10, 68, 58]],

[ 84, 5, 0,[ 65, 66, 47]],

[ 2, 65, 1,[ 10, 5, 70, 87, 23]],

[ 7, 5, 0,[ 82, 47, 61]],

[ 93, 85, 1,[ 56, 61, 3, 95]],

[ 25, 5, 1,[ 33, 95, 49]],

[ 57, 85, 1,[ 62, 17, 35]],

[ 28, 15, 1,[ 9, 12, 80]],

[ 3, 95, 1,[ 93, 23, 56]],

[ 95, 5, 0,[ 93, 25, 41]],

[ 40, 5, 0,[ 97, 58, 24]],

[ 52, 5, 0,[ 42, 27, 89, 86]],

[ 20, 5, 0,[ 36, 1, 70]],

[ 5, 95, 1,[ 2, 13, 89]],

[ 10, 5, 0,[ 47, 2, 18]],

[ 35, 75, 0,[ 27, 57, 78]],

[ 6, 5, 0,[ 14, 83, 81]],

[ 47, 5, 1,[ 10, 7, 84, 63]],

[ 53, 45, 1,[ 45, 75, 24]],

[ 80, 5, 0,[ 62, 33, 28, 51, 41]],

[ 38, 5, 1,[ 22, 23, 45, 11]],

[ 36, 5, 1,[ 63, 85, 98, 19, 20]],

[ 54, 25, 1,[ 23, 60, 59]],

[ 27, 5, 1,[ 46, 90, 35, 52]],

[ 43, 95, 1,[ 82, 71, 1, 49]],

[ 89, 5, 0,[ 52, 5]],

[ 64, 55, 1,[ 65, 8, 33]],

[ 42, 5, 0,[ 73, 52, 29, 70]],

[ 32, 75, 0,[ 87, 60, 66]],

[ 21, 5, 1,[ 15, 46, 30]],

[ 87, 65, 0,[ 2, 77, 32]],

[ 83, 65, 1,[ 6, 17, 13]],

[ 22, 25, 0,[ 34, 39, 38]],

[ 44, 85, 0,[ 29, 59, 65]],

[ 0, 5, 1,[ 13, 58, 11, 72, 55]],

[ 9, 5, 1,[ 92, 8, 28, 37, 41]],

[ 58, 5, 1,[ 0, 18, 40]],

[ 68, 5, 0,[ 34, 97, 18, 59]],

[ 88, 35, 0,[ 31, 8, 67]],

[ 14, 15, 1,[ 33, 4, 96, 6]],

[ 29, 5, 0,[ 42, 90, 44]],

[ 61, 5, 0,[ 93, 7, 17]],

[ 31, 35, 0,[ 73, 88, 55]],

[ 69, 35, 1,[ 94, 48, 85]],

[ 1, 55, 1,[ 74, 91, 20, 43]],

[ 4, 5, 1,[ 26, 98, 14]],

[ 33, 5, 0,[ 25, 64, 14, 80]],

[ 67, 5, 1,[ 88, 46, 49]],

[ 9, 85, 1,[ 71, 3, 56, 4]],

[ 32, 35, 0,[ 73, 6, 53]],

[ 15, 55, 1,[ 46, 34, 7, 31, 40, 76, 30]],

[ 42, 35, 0,[ 49, 75, 28]],

[ 77, 5, 1,[ 74, 51, 3, 55]],

[ 65, 95, 1,[ 60, 71]],

[ 21, 95, 1,[ 69, 56, 59, 61, 44, 83]],

[ 48, 95, 0,[ 75, 71, 99]],

[ 97, 35, 0,[ 73, 36, 25]],

[ 44, 35, 0,[ 80, 21, 67]],

[ 6, 25, 0,[ 16, 19, 32, 95, 22]],

[ 35, 65, 0,[ 11, 58]],

[ 95, 35, 0,[ 6, 86, 51]],

[ 66, 85, 0,[ 3, 45, 98, 30]],

[ 50, 25, 1,[ 24, 13, 38]],

[ 49, 15, 1,[ 42, 8, 34, 64, 40]],

[ 28, 45, 1,[ 42, 89, 5, 24, 53]],

[ 85, 35, 1,[ 75, 36, 80]],

[ 26, 5, 1,[ 2, 19, 30, 8, 29]],

[ 88, 35, 0,[ 22, 36, 78, 96, 92]],

[ 78, 35, 0,[ 88, 57, 90]],

[ 86, 15, 1,[ 96, 7, 64, 95]],

[ 16, 65, 0,[ 2, 6, 61]],

[ 61, 85, 0,[ 21, 3, 16]],

[ 43, 85, 1,[ 53, 69, 11]],

[ 24, 5, 0,[ 50, 96, 28, 74]],

[ 52, 55, 0,[ 47, 45, 8]],

[ 76, 55, 0,[ 91, 46, 17, 15]],

[ 59, 75, 0,[ 93, 21, 38]],

[ 1, 45, 1,[ 13, 75, 70, 25]],

[ 4, 25, 1,[ 9, 22, 62, 82]],

[ 51, 45, 0,[ 18, 95, 77, 62]],

[ 27, 35, 1,[ 33, 17, 60, 5, 13, 37]],

[ 23, 25, 0,[ 81, 79, 55, 91, 87]],

[ 75, 35, 0,[ 48, 42, 85, 63, 1, 45]],

[ 79, 35, 0,[ 68, 69, 23, 25]],

[ 80, 35, 0,[ 85, 5, 44]],

[ 33, 15, 1,[ 54, 14, 27]],

[ 13, 35, 0,[ 14, 82, 68, 1, 27, 50, 20]],

[ 74, 65, 0,[ 77, 24, 41]],

[ 98, 25, 1,[ 66, 0, 55]],

[ 83, 95, 1,[ 21, 30, 20]],

[ 70, 5, 1,[ 82, 1, 91]],

[ 36, 35, 1,[ 97, 20, 88, 85, 39]],

[ 41, 35, 1,[ 67, 84, 74, 87]],

[ 46, 55, 0,[ 63, 76, 10, 15]],

[ 20, 45, 0,[ 36, 83, 13]],

[ 39, 25, 0,[ 93, 36, 0]],

[ 81, 25, 0,[ 23, 0, 55]],

[ 89, 5, 0,[ 28]],

[ 11, 15, 1,[ 12, 35, 43]],

[ 18, 15, 1,[ 25, 51, 5, 2, 72]],

[ 29, 85, 1,[ 26, 38, 99]],

[ 45, 15, 1,[ 66, 52, 75]],

[ 90, 25, 0,[ 93, 78, 58]],

[ 99, 45, 0,[ 48, 64, 29]],

[ 58, 25, 1,[ 38, 90, 35]],

[ 60, 95, 1,[ 65, 87, 27]],

[ 17, 55, 0,[ 76, 27, 0]],

[ 96, 5, 0,[ 86, 88, 24]],

[ 30, 55, 1,[ 15, 83, 26, 66, 38]],

[ 55, 15, 1,[ 81, 77, 98, 10, 23]],

[ 47, 5, 1,[ 64, 63, 52]],

[ 54, 15, 0,[ 34, 33, 73]],

[ 37, 35, 0,[ 73, 84, 27]],

[ 53, 35, 1,[ 43, 62, 32, 12, 28]],

[ 2, 55, 1,[ 18, 16, 26]],

[ 72, 35, 0,[ 18, 25, 57]],

[ 0, 25, 1,[ 81, 17, 39, 7, 98, 73]],

[ 8, 45, 0,[ 49, 52, 26]],

[ 68, 35, 0,[ 63, 79, 13]],

[ 73, 35, 1,[ 32, 54, 0, 14, 97, 37]],

[ 5, 15, 1,[ 18, 28, 80, 38, 27]],

[ 69, 35, 1,[ 21, 79, 43]],

[ 7, 55, 1,[ 0, 86, 15]],

[ 91, 5, 1,[ 76, 70, 23]],

[ 87, 25, 0,[ 60, 41, 23]],

[ 14, 35, 0,[ 33, 73, 13]],

[ 82, 35, 0,[ 70, 13, 4, 67]],

[ 93, 25, 1,[ 90, 92, 59, 39]],

[ 3, 85, 1,[ 66, 61, 77, 9]],

[ 19, 25, 0,[ 26, 6, 10, 31]],

[ 34, 5, 1,[ 92, 49, 54, 15]],

[ 71, 95, 0,[ 48, 65, 9]],

[ 92, 55, 0,[ 88, 34, 93, 94]],

[ 40, 55, 0,[ 15, 49]],

[ 31, 55, 0,[ 15, 19, 94]],

[ 12, 25, 1,[ 63, 53, 11]],

[ 57, 25, 1,[ 67, 84, 72, 78]],

[ 25, 35, 1,[ 97, 18, 79, 1, 72, 56]],

[ 84, 35, 0,[ 94, 41, 57, 37]],

[ 22, 25, 1,[ 4, 6, 88]],

[ 63, 45, 1,[ 47, 46, 75, 12, 68]],

[ 38, 95, 1,[ 5, 30, 29, 50, 59, 58]],

[ 56, 35, 0,[ 21, 9, 25]],

[ 94, 55, 1,[ 92, 31, 84]],

[ 64, 45, 1,[ 99, 86, 49, 47]],

[ 67, 25, 1,[ 41, 57, 82, 44]],

[ 10, 25, 0,[ 46, 19, 55]],

[ 62, 25, 0,[ 53, 51, 4]],

