[ 20, 15, 0,[]],

[ 92, 55, 0,[]],

[ 72, 85, 0,[ 31, 93]],

[ 6, 45, 0,[ 24, 21, 29, 78, 94]],

[ 68, 95, 0,[ 41, 40]],

[ 62, 85, 0,[ 31]],

[ 24, 15, 1,[ 28, 7, 51, 12, 1, 3, 44, 6]],

[ 73, 95, 0,[ 85, 31, 78, 15]],

[ 46, 35, 0,[]],

[ 66, 85, 0,[ 19, 27, 31]],

[ 17, 55, 0,[]],

[ 4, 45, 0,[ 35]],

[ 53, 95, 0,[ 59, 58, 74]],

[ 51, 15, 0,[ 69, 48, 24, 26, 30]],

[ 64, 45, 0,[ 7, 88, 98, 75, 18, 42]],

[ 39, 45, 0,[ 98, 48, 35]],

[ 3, 15, 0,[ 56, 24, 8, 69]],

[ 54, 95, 0,[]],

[ 98, 45, 0,[ 8, 21, 39, 64]],

[ 65, 45, 0,[]],

[ 69, 15, 0,[ 38, 51, 3]],

[ 90, 5, 0,[ 8]],

[ 14, 15, 0,[]],

[ 83, 95, 0,[]],

[ 19, 85, 0,[ 66, 52]],

[ 70, 55, 0,[]],

[ 79, 45, 0,[ 8, 35]],

[ 77, 95, 0,[ 61, 82, 26]],

[ 43, 95, 0,[ 11, 27, 8, 96]],

[ 71, 35, 0,[ 1, 93, 18]],

[ 5, 95, 0,[ 80]],

[ 44, 95, 0,[ 61, 24, 8]],

[ 33, 5, 0,[ 38, 76]],

[ 88, 45, 0,[ 64]],

[ 48, 5, 0,[ 76, 51, 39]],

[ 76, 5, 0,[ 97, 48, 33, 61]],

[ 7, 15, 0,[ 24, 61, 64]],

[ 78, 95, 0,[ 73, 6, 58]],

[ 45, 55, 0,[ 35, 11, 37]],

[ 16, 45, 0,[]],

[ 87, 45, 0,[ 52, 89, 37]],

[ 25, 55, 0,[ 9]],

[ 97, 35, 1,[ 63, 96, 49, 42, 47, 89, 41, 76]],

[ 11, 95, 0,[ 43, 45]],

[ 60, 35, 0,[]],

[ 12, 15, 0,[ 24, 89]],

[ 27, 95, 0,[ 58, 32, 66, 43]],

[ 63, 35, 0,[ 94, 97]],

[ 47, 85, 0,[ 97, 21, 31]],

[ 41, 35, 0,[ 97, 49, 68]],

[ 35, 45, 1,[ 28, 4, 37, 45, 10, 79, 39]],

[ 8, 5, 1,[ 3, 38, 80, 79, 82, 43, 44, 98, 15, 90, 42]],

[ 29, 45, 0,[ 6]],

[ 57, 95, 0,[ 61]],

[ 38, 5, 0,[ 8, 69, 33, 31]],

[ 91, 45, 0,[ 75, 28]],

[ 67, 55, 0,[]],

[ 13, 85, 0,[]],

[ 49, 35, 0,[ 97, 41]],

[ 89, 35, 1,[ 74, 97, 30, 18, 12, 87]],

[ 50, 35, 0,[]],

[ 31, 85, 1,[ 62, 82, 72, 38, 59, 47, 73, 66]],

[ 40, 95, 0,[ 68, 61, 56]],

[ 0, 55, 0,[]],

[ 52, 45, 1,[ 19, 87, 23]],

[ 59, 85, 0,[ 31, 53]],

[ 58, 95, 0,[ 53, 27, 78]],

[ 80, 95, 0,[ 61, 5, 8, 37]],

[ 95, 95, 0,[]],

[ 96, 55, 1,[ 30, 56, 43, 28, 97]],

[ 82, 85, 0,[ 77, 8, 31]],

[ 34, 85, 0,[]],

[ 23, 95, 0,[ 52, 56]],

[ 9, 55, 0,[ 25]],

[ 36, 55, 0,[ 55]],

[ 30, 15, 0,[ 89, 96, 15, 51, 75]],

[ 81, 55, 0,[]],

[ 84, 95, 0,[]],

[ 55, 55, 0,[ 36]],

[ 37, 55, 1,[ 80, 32, 87, 45, 35]],

[ 56, 95, 0,[ 96, 3, 23, 40, 74]],

[ 18, 35, 0,[ 89, 71, 64]],

[ 61, 95, 1,[ 76, 44, 80, 57, 40, 77, 7]],

[ 28, 45, 0,[ 35, 24, 91, 96]],

[ 75, 45, 0,[ 64, 30, 91]],

[ 94, 45, 0,[ 63, 6]],

[ 99, 95, 0,[]],

[ 22, 35, 0,[]],

[ 32, 95, 0,[ 27, 37]],

[ 86, 55, 0,[]],

[ 74, 95, 0,[ 53, 89, 56]],

[ 10, 45, 0,[ 35]],

[ 21, 45, 0,[ 6, 98, 47]],

[ 1, 15, 0,[ 24, 71]],

[ 26, 95, 0,[ 77, 51]],

[ 85, 95, 0,[ 73]],

[ 42, 35, 0,[ 8, 64, 97]],

[ 2, 5, 0,[]],

[ 93, 85, 0,[ 71, 72]],

[ 15, 95, 0,[ 30, 8, 73]],

