[ 81, 5, 1,[ 89, 4, 96]],

[ 25, 25, 0,[ 47, 44, 4]],

[ 3, 55, 0,[ 31, 82]],

[ 43, 45, 0,[]],

[ 62, 85, 0,[ 30]],

[ 92, 75, 0,[ 89, 32, 72]],

[ 12, 85, 0,[ 18, 70, 44, 76]],

[ 69, 5, 0,[]],

[ 68, 45, 0,[]],

[ 96, 85, 1,[ 11, 87, 37, 35, 83, 81]],

[ 36, 25, 0,[]],

[ 74, 5, 0,[]],

[ 99, 85, 0,[]],

[ 15, 5, 0,[]],

[ 23, 85, 0,[]],

[ 71, 75, 0,[]],

[ 2, 45, 0,[ 47, 35]],

[ 57, 45, 0,[ 35, 83]],

[ 6, 85, 0,[]],

[ 94, 5, 0,[]],

[ 39, 5, 0,[]],

[ 19, 25, 0,[]],

[ 14, 5, 0,[]],

[ 63, 5, 0,[]],

[ 80, 25, 0,[]],

[ 30, 85, 0,[ 70, 62]],

[ 65, 85, 0,[]],

[ 0, 45, 0,[]],

[ 72, 75, 0,[ 31, 92]],

[ 47, 25, 0,[ 25, 13, 2]],

[ 61, 25, 1,[ 32, 85, 79, 76, 44]],

[ 31, 55, 1,[ 8, 3, 72]],

[ 64, 85, 0,[]],

[ 27, 85, 0,[]],

[ 50, 25, 0,[]],

[ 11, 45, 0,[ 35, 96, 1]],

[ 37, 5, 1,[ 35, 96, 46, 8]],

[ 53, 25, 0,[]],

[ 13, 25, 0,[ 35, 54, 46, 47]],

[ 86, 55, 0,[]],

[ 82, 85, 1,[ 3, 88, 52]],

[ 24, 5, 0,[]],

[ 33, 5, 0,[]],

[ 56, 25, 0,[]],

[ 60, 5, 0,[]],

[ 1, 25, 0,[ 46, 11]],

[ 41, 75, 0,[]],

[ 32, 25, 0,[ 92, 61]],

[ 73, 25, 0,[]],

[ 46, 25, 0,[ 37, 1, 13]],

[ 17, 75, 0,[]],

[ 77, 25, 0,[]],

[ 93, 25, 0,[]],

[ 21, 25, 0,[]],

[ 45, 5, 0,[]],

[ 76, 25, 0,[ 12, 52, 61]],

[ 35, 45, 1,[ 96, 26, 2, 37, 57, 13, 11]],

[ 58, 5, 0,[]],

[ 95, 45, 0,[]],

[ 8, 85, 1,[ 89, 44, 31, 37]],

[ 67, 85, 0,[]],

[ 91, 75, 0,[]],

[ 78, 85, 0,[ 88]],

[ 49, 85, 0,[]],

[ 85, 75, 0,[ 61, 18, 89]],

[ 79, 25, 0,[ 59, 61]],

[ 5, 5, 0,[]],

[ 20, 55, 0,[]],

[ 75, 55, 0,[]],

[ 90, 45, 0,[]],

[ 40, 85, 0,[]],

[ 28, 55, 0,[]],

[ 87, 5, 0,[ 52, 96]],

[ 89, 75, 1,[ 81, 92, 8, 85]],

[ 51, 25, 0,[]],

[ 52, 5, 1,[ 87, 83, 76, 82, 9, 88, 18]],

[ 66, 85, 0,[]],

[ 59, 25, 0,[ 79]],

[ 7, 45, 0,[]],

[ 10, 55, 0,[]],

[ 34, 85, 0,[]],

[ 18, 5, 0,[ 52, 12, 85]],

[ 29, 75, 0,[]],

[ 88, 85, 0,[ 82, 78, 52]],

[ 83, 85, 0,[ 52, 96, 57]],

[ 4, 25, 0,[ 81, 25]],

[ 9, 5, 0,[ 52]],

[ 84, 5, 0,[]],

[ 48, 55, 0,[]],

[ 26, 45, 0,[ 35]],

[ 22, 75, 0,[]],

[ 98, 55, 0,[]],

[ 16, 55, 0,[]],

[ 44, 85, 0,[ 8, 61, 25, 12]],

[ 38, 55, 0,[]],

[ 70, 85, 0,[ 30, 12]],

[ 54, 25, 0,[ 13]],

[ 55, 5, 0,[]],

[ 42, 55, 0,[]],

[ 97, 5, 0,[]],

