[ 68, 75, 1,[ 48, 10, 30, 62, 13]],

[ 13, 15, 1,[ 22, 16, 68]],

[ 19, 5, 1,[ 6, 33, 80]],

[ 4, 35, 0,[ 44, 60]],

[ 14, 45, 0,[ 27, 77, 65]],

[ 38, 55, 0,[ 79, 20, 29]],

[ 66, 5, 1,[ 96, 98, 44, 75]],

[ 23, 75, 1,[ 26, 89, 57, 20]],

[ 45, 25, 0,[ 0, 49, 65]],

[ 85, 5, 1,[ 76, 75, 31]],

[ 29, 55, 1,[ 56, 69, 38, 34, 47]],

[ 16, 45, 1,[ 55, 13, 95, 82, 22]],

[ 60, 25, 0,[ 4, 94, 53]],

[ 42, 35, 1,[ 25, 44, 99, 88]],

[ 27, 95, 0,[ 81, 83, 14]],

[ 56, 25, 1,[ 8, 76, 28, 29]],

[ 53, 15, 0,[ 60, 86, 5]],

[ 84, 85, 1,[ 31, 90, 80, 50, 30, 79, 3]],

[ 77, 25, 0,[ 14, 63, 61, 12]],

[ 5, 15, 0,[ 53, 1, 61]],

[ 95, 45, 1,[ 16, 30, 90]],

[ 79, 25, 1,[ 84, 38, 69]],

[ 21, 15, 0,[ 8, 87, 58, 63]],

[ 41, 25, 0,[ 94, 93, 65]],

[ 34, 55, 0,[ 64, 49, 15, 29, 7]],

[ 12, 25, 0,[ 50, 51, 77]],

[ 51, 95, 1,[ 97, 12, 55]],

[ 78, 75, 0,[ 17, 97]],

[ 73, 25, 0,[ 9, 17, 18]],

[ 36, 75, 0,[ 32, 94, 31]],

[ 72, 15, 1,[ 10, 1, 74]],

[ 2, 35, 0,[ 24, 70, 98]],

[ 97, 75, 1,[ 25, 78, 1, 91, 51, 3]],

[ 76, 15, 1,[ 56, 85, 92]],

[ 44, 35, 1,[ 4, 66, 63, 42, 32]],

[ 87, 35, 0,[ 24, 32, 21]],

[ 9, 35, 0,[ 24, 73, 69]],

[ 50, 85, 0,[ 84, 12, 88]],

[ 24, 35, 1,[ 87, 80, 9, 6, 2]],

[ 91, 75, 0,[ 89, 97, 70]],

[ 80, 45, 1,[ 19, 48, 84, 24]],

[ 61, 25, 1,[ 35, 77, 5]],

[ 49, 25, 0,[ 45, 34]],

[ 99, 15, 1,[ 42, 28, 0, 59, 37]],

[ 83, 95, 0,[ 27, 37, 71]],

[ 70, 55, 0,[ 92, 2, 91]],

[ 25, 75, 0,[ 42, 37, 97]],

[ 22, 85, 1,[ 96, 13, 90, 16]],

[ 55, 95, 0,[ 16, 51, 32]],

[ 17, 55, 1,[ 73, 88, 78]],

[ 40, 65, 1,[ 11, 58, 46]],

[ 6, 85, 1,[ 64, 19, 52, 24]],

[ 31, 75, 1,[ 84, 33, 36, 85]],

[ 62, 35, 1,[ 59, 96, 68, 65]],

[ 10, 55, 1,[ 88, 72, 68]],

[ 74, 15, 1,[ 72, 89, 82, 81]],

[ 0, 25, 0,[ 99, 57, 45, 54]],

[ 90, 55, 1,[ 84, 95, 22]],

[ 67, 15, 0,[ 93, 20]],

[ 8, 15, 1,[ 46, 21, 15, 56, 26]],

[ 75, 45, 1,[ 43, 85, 98, 66]],

[ 33, 95, 1,[ 11, 31, 19]],

[ 57, 75, 0,[ 23, 92, 0]],

[ 59, 95, 1,[ 62, 99]],

[ 93, 15, 0,[ 41, 67]],

[ 28, 15, 0,[ 56, 99, 1]],

[ 15, 35, 0,[ 52, 8, 34]],

[ 48, 55, 1,[ 64, 68, 80]],

[ 92, 55, 1,[ 3, 70, 76, 57]],

[ 26, 15, 1,[ 71, 23, 8]],

[ 71, 85, 1,[ 7, 83, 26]],

[ 81, 35, 1,[ 27, 89, 74]],

[ 7, 25, 0,[ 18, 71, 34]],

[ 88, 45, 1,[ 50, 10, 17, 42]],

[ 82, 95, 1,[ 16, 74, 47]],

[ 54, 25, 0,[ 0, 39, 94]],

[ 98, 45, 0,[ 2, 75, 66]],

[ 52, 35, 1,[ 6, 11, 47, 15]],

[ 69, 25, 0,[ 9, 29, 79]],

[ 64, 55, 0,[ 34, 48, 6]],

[ 32, 5, 1,[ 44, 36, 87, 55]],

[ 1, 75, 0,[ 97, 72, 28, 5]],

[ 3, 85, 0,[ 84, 97, 92]],

[ 43, 35, 0,[ 75, 58, 39]],

[ 20, 55, 0,[ 23, 38, 67]],

[ 35, 35, 1,[ 58, 61, 18]],

[ 65, 45, 0,[ 45, 14, 41, 62]],

[ 63, 35, 0,[ 21, 44, 77]],

[ 86, 15, 0,[ 53]],

[ 11, 95, 0,[ 52, 33, 40]],

[ 94, 25, 1,[ 41, 60, 46, 54, 36]],

[ 37, 45, 1,[ 83, 99, 25]],

[ 96, 45, 1,[ 66, 62, 22]],

[ 58, 15, 0,[ 35, 21, 43, 40]],

[ 18, 25, 0,[ 73, 7, 35]],

[ 47, 95, 0,[ 82, 29, 52]],

[ 39, 35, 0,[ 54, 43, 89]],

[ 46, 45, 1,[ 40, 94, 8]],

[ 30, 75, 0,[ 95, 68, 84]],

[ 89, 35, 1,[ 39, 81, 91, 23, 74]],

