[ 42, 35, 0,[ 89, 30, 95, 58, 1, 60]],

[ 12, 15, 0,[ 1, 18, 31, 24]],

[ 37, 25, 0,[ 22, 15, 80, 99, 78]],

[ 40, 15, 0,[ 90, 92, 59, 21, 50]],

[ 47, 15, 0,[ 66, 62, 99, 32]],

[ 41, 15, 0,[ 84, 26, 3]],

[ 26, 35, 0,[ 41, 60, 61]],

[ 18, 15, 0,[ 44, 90, 12]],

[ 21, 15, 0,[ 39, 40]],

[ 2, 15, 0,[ 58, 20, 78]],

[ 71, 35, 0,[ 94, 66, 33]],

[ 68, 55, 0,[ 36, 0, 5, 33]],

[ 6, 15, 0,[ 55, 36, 24]],

[ 94, 55, 0,[ 11, 27, 71]],

[ 32, 15, 0,[ 14, 47, 74, 17]],

[ 10, 15, 0,[ 23, 70, 15]],

[ 23, 35, 0,[ 51, 73, 96, 10, 98, 65]],

[ 64, 15, 0,[ 36, 53, 25, 1]],

[ 3, 15, 1,[ 95, 25, 41, 80, 16, 75, 38]],

[ 97, 15, 0,[ 76, 50, 35, 56]],

[ 79, 45, 0,[ 54, 91, 39]],

[ 65, 15, 0,[ 23, 87, 9]],

[ 81, 15, 0,[ 35, 9, 45, 38]],

[ 54, 55, 0,[ 79, 39, 5, 90]],

[ 35, 15, 0,[ 63, 97, 81]],

[ 76, 15, 0,[ 7, 97, 85, 98]],

[ 13, 55, 0,[ 53, 28, 77]],

[ 57, 25, 0,[ 72, 91, 82]],

[ 53, 15, 1,[ 13, 64, 48, 44]],

[ 11, 55, 0,[ 19, 45, 94]],

[ 22, 45, 0,[ 75, 34, 37, 69]],

[ 7, 25, 0,[ 82, 84, 76]],

[ 55, 15, 0,[ 67, 6, 0]],

[ 63, 15, 0,[ 89, 62, 35]],

[ 51, 35, 0,[ 72, 23, 24]],

[ 74, 25, 0,[ 29, 32, 98, 17]],

[ 4, 35, 1,[ 62, 19, 59, 69, 82]],

[ 61, 35, 0,[ 85, 84, 26]],

[ 38, 15, 0,[ 29, 81, 30, 3]],

[ 33, 35, 0,[ 43, 68, 71]],

[ 70, 55, 0,[ 10, 60, 85]],

[ 16, 15, 0,[ 34, 82, 3]],

[ 67, 55, 0,[ 28, 55, 83]],

[ 56, 15, 0,[ 97, 27]],

[ 28, 55, 1,[ 14, 67, 60, 13]],

[ 1, 15, 0,[ 64, 42, 12]],

[ 93, 45, 1,[ 98, 80, 86]],

[ 66, 35, 0,[ 71, 77, 47, 72]],

[ 82, 25, 0,[ 57, 7, 16, 4]],

[ 88, 55, 0,[ 5, 91, 77]],

[ 78, 25, 0,[ 19, 37, 8, 2]],

[ 34, 45, 0,[ 29, 22, 16, 91]],

[ 45, 25, 1,[ 89, 81, 11]],

[ 43, 15, 0,[ 24, 77, 33]],

[ 60, 35, 0,[ 28, 48, 26, 42, 70]],

[ 25, 15, 0,[ 64, 3, 49]],

[ 96, 35, 0,[ 86, 23, 14]],

[ 49, 45, 0,[ 36, 25, 95, 75]],

[ 69, 75, 1,[ 22, 4, 58]],

[ 19, 35, 0,[ 4, 78, 11]],

[ 92, 15, 0,[ 40, 87, 75]],

[ 73, 15, 0,[ 31, 23, 24]],

[ 85, 55, 0,[ 76, 70, 61]],

[ 14, 45, 1,[ 96, 28, 32]],

[ 46, 15, 0,[ 5, 30, 24]],

[ 5, 55, 0,[ 88, 68, 50, 46, 54]],

[ 77, 35, 0,[ 13, 43, 66, 88]],

[ 52, 45, 0,[ 89, 39, 83]],

[ 75, 45, 0,[ 3, 22, 49, 92]],

[ 44, 15, 0,[ 18, 72, 53]],

[ 99, 35, 0,[ 37, 47, 59]],

[ 17, 25, 0,[ 74, 32]],

[ 30, 15, 0,[ 46, 42, 38]],

[ 58, 75, 0,[ 2, 69, 42]],

[ 84, 35, 0,[ 61, 41, 7]],

[ 89, 25, 0,[ 42, 45, 63, 52]],

[ 90, 15, 0,[ 54, 40, 18]],

[ 39, 15, 0,[ 79, 21, 86, 52, 54]],

[ 9, 15, 0,[ 65, 48, 81]],

[ 36, 45, 0,[ 64, 68, 49, 6]],

[ 87, 15, 0,[ 65, 92, 20, 31, 0]],

[ 62, 15, 0,[ 31, 63, 47, 4]],

[ 15, 15, 0,[ 83, 37, 10]],

[ 86, 15, 1,[ 39, 93, 96]],

[ 83, 45, 0,[ 15, 8, 52, 67]],

[ 24, 15, 0,[ 46, 43, 73, 12, 51, 6]],

[ 91, 45, 0,[ 34, 57, 88, 79]],

[ 8, 45, 0,[ 78, 83]],

[ 50, 15, 0,[ 97, 40, 5]],

[ 59, 35, 0,[ 99, 40, 4]],

[ 0, 15, 0,[ 55, 68, 87]],

[ 29, 45, 0,[ 74, 38, 34]],

[ 95, 15, 0,[ 42, 49, 3]],

[ 98, 25, 1,[ 23, 74, 93, 76]],

[ 48, 15, 0,[ 53, 9, 60]],

[ 27, 15, 0,[ 94, 20, 56]],

[ 72, 35, 0,[ 57, 66, 51, 44]],

[ 20, 15, 0,[ 27, 87, 2]],

[ 31, 15, 0,[ 73, 12, 87, 62]],

[ 80, 15, 0,[ 93, 37, 3]],

