[ 41, 25, 1,[ 79, 94, 84]],

[ 28, 35, 1,[ 0, 52, 32]],

[ 34, 85, 1,[ 0, 98, 42]],

[ 62, 35, 0,[ 89, 69, 0, 85]],

[ 50, 65, 1,[ 96, 2, 31, 30, 33, 9]],

[ 30, 75, 1,[ 49, 65, 95, 64, 27, 50]],

[ 3, 55, 1,[ 57, 38, 5, 42, 48]],

[ 81, 25, 0,[ 90, 45]],

[ 54, 5, 0,[ 9, 96, 67]],

[ 90, 15, 1,[ 67, 71, 58, 81, 5]],

[ 84, 65, 0,[ 69, 82, 41]],

[ 75, 75, 0,[ 47, 97]],

[ 37, 35, 0,[ 4, 12, 93]],

[ 93, 75, 1,[ 18, 37, 63]],

[ 61, 75, 0,[ 36, 14, 43]],

[ 94, 55, 1,[ 41, 91, 20]],

[ 40, 85, 0,[ 32, 15, 78, 22]],

[ 9, 5, 1,[ 50, 54, 63]],

[ 5, 85, 1,[ 69, 90, 3]],

[ 88, 85, 0,[ 12, 14, 78]],

[ 86, 55, 1,[ 56, 73, 35]],

[ 45, 25, 1,[ 81, 7, 35, 68, 38]],

[ 91, 75, 1,[ 64, 94, 7]],

[ 85, 35, 1,[ 27, 19, 62, 29, 24, 36]],

[ 6, 35, 0,[ 17, 18, 67]],

[ 97, 75, 0,[ 76, 75]],

[ 7, 85, 1,[ 45, 91, 25]],

[ 79, 75, 0,[ 18, 65, 41]],

[ 16, 45, 1,[ 38, 15, 43, 22, 39, 77, 92]],

[ 44, 25, 0,[ 0, 1, 49]],

[ 0, 55, 1,[ 34, 28, 62, 44]],

[ 96, 25, 0,[ 54, 50, 49]],

[ 53, 55, 1,[ 8, 1, 33]],

[ 67, 35, 1,[ 54, 90, 6, 25]],

[ 23, 25, 0,[ 13, 15, 77]],

[ 58, 75, 1,[ 90, 66, 29, 26, 19, 17]],

[ 48, 45, 0,[ 3, 63, 83]],

[ 82, 75, 0,[ 84, 64, 14]],

[ 22, 35, 0,[ 8, 16, 40]],

[ 66, 15, 0,[ 60, 11, 58, 2]],

[ 60, 55, 1,[ 24, 66, 72]],

[ 17, 35, 0,[ 6, 89, 58, 74]],

[ 1, 35, 1,[ 53, 44, 59, 57]],

[ 4, 35, 1,[ 99, 37, 19, 98, 51]],

[ 92, 5, 0,[ 12, 16, 57]],

[ 24, 35, 0,[ 60, 15, 85, 29]],

[ 26, 35, 0,[ 43, 29, 58]],

[ 14, 75, 0,[ 61, 88, 82]],

[ 29, 35, 0,[ 68, 58, 24, 87, 85, 26]],

[ 43, 95, 1,[ 20, 61, 13, 16, 26]],

[ 63, 45, 1,[ 80, 9, 48, 93, 27]],

[ 39, 75, 0,[ 16, 42, 36]],

[ 80, 45, 0,[ 74, 59, 63]],

[ 47, 85, 1,[ 89, 21, 75]],

[ 95, 15, 0,[ 30, 21, 73]],

[ 10, 85, 0,[ 72, 12, 32]],

[ 89, 35, 0,[ 47, 62, 17]],

[ 73, 5, 1,[ 87, 95, 57, 35, 86]],

[ 64, 35, 1,[ 82, 91, 30]],

[ 46, 85, 0,[ 55, 83, 65]],

[ 83, 85, 1,[ 48, 46, 71]],

[ 8, 35, 0,[ 21, 19, 22, 53]],

[ 74, 45, 1,[ 80, 51, 17, 70, 71, 13]],

[ 55, 15, 1,[ 46, 31, 72]],

[ 12, 5, 1,[ 37, 78, 92, 10, 88]],

[ 65, 75, 1,[ 52, 79, 30, 46]],

[ 77, 25, 1,[ 78, 16, 23]],

[ 18, 95, 1,[ 93, 79, 2, 6]],

[ 38, 75, 1,[ 45, 3, 16]],

[ 19, 35, 0,[ 58, 85, 8, 20, 4]],

[ 21, 15, 1,[ 8, 47, 95]],

[ 56, 35, 0,[ 86, 68, 2]],

[ 71, 85, 0,[ 90, 74, 83]],

[ 31, 65, 0,[ 99, 55, 50]],

[ 72, 15, 0,[ 60, 55, 10]],

[ 13, 95, 0,[ 74, 23, 43]],

[ 32, 85, 0,[ 59, 40, 10, 28]],

[ 35, 65, 0,[ 69, 73, 45, 86]],

[ 98, 85, 1,[ 33, 34, 70, 99, 4]],

[ 76, 75, 0,[ 97]],

[ 27, 35, 1,[ 30, 85, 63]],

[ 42, 85, 0,[ 3, 39, 34, 15]],

[ 52, 75, 0,[ 28, 65, 11]],

[ 49, 25, 1,[ 96, 30, 44]],

[ 57, 75, 1,[ 1, 73, 92, 3]],

[ 11, 15, 1,[ 87, 66, 70, 52]],

[ 68, 35, 0,[ 45, 56, 29]],

[ 33, 65, 0,[ 53, 50, 98]],

[ 20, 35, 0,[ 43, 19, 94]],

[ 51, 55, 0,[ 74, 25, 4]],

[ 36, 75, 1,[ 85, 61, 39]],

[ 78, 85, 1,[ 12, 40, 77, 88]],

[ 59, 85, 0,[ 32, 1, 80]],

[ 70, 45, 1,[ 11, 98, 74]],

[ 69, 65, 1,[ 35, 5, 62, 84]],

[ 99, 35, 0,[ 98, 4, 31]],

[ 87, 35, 0,[ 29, 73, 11]],

[ 15, 5, 1,[ 24, 42, 16, 23, 40]],

[ 25, 55, 1,[ 7, 67, 51]],

[ 2, 85, 1,[ 66, 56, 50, 18]],

