[ 21, 35, 0,[ 4, 39, 86]],

[ 45, 95, 1,[ 2, 97, 24, 87, 53, 84, 14]],

[ 32, 35, 0,[ 80, 69, 84]],

[ 84, 35, 0,[ 45, 85, 32]],

[ 89, 35, 0,[ 53, 63, 25, 81]],

[ 7, 5, 1,[ 52, 29, 55, 73, 10, 47]],

[ 18, 35, 0,[ 79, 49, 28]],

[ 62, 95, 0,[ 20, 93, 40]],

[ 26, 65, 0,[ 54, 43, 9]],

[ 95, 35, 0,[ 5, 77, 16]],

[ 24, 35, 0,[ 45, 1, 79, 33]],

[ 9, 5, 0,[ 26, 98, 55]],

[ 33, 35, 0,[ 24, 28, 40, 42, 27]],

[ 16, 35, 0,[ 51, 95, 57, 38, 93]],

[ 3, 85, 1,[ 36, 4, 22, 6, 85, 15, 79, 17, 30]],

[ 83, 5, 0,[ 98, 96, 59]],

[ 8, 35, 0,[ 73, 90, 94, 53]],

[ 5, 35, 1,[ 66, 23, 10, 69, 95, 93]],

[ 39, 35, 0,[ 69, 56, 21, 19]],

[ 25, 65, 0,[ 89, 17, 51]],

[ 35, 5, 0,[ 2, 93, 98]],

[ 82, 35, 0,[ 0, 61, 64]],

[ 67, 35, 0,[ 23, 15, 68]],

[ 58, 35, 0,[ 37, 31, 94]],

[ 70, 35, 0,[ 69, 65, 68]],

[ 74, 35, 0,[ 1, 96, 86]],

[ 66, 35, 0,[ 5, 60, 87]],

[ 51, 65, 0,[ 25, 20, 27, 63, 44, 43, 16, 0]],

[ 11, 35, 0,[ 46, 69, 53]],

[ 12, 35, 0,[ 19, 28, 37, 73]],

[ 15, 35, 0,[ 57, 3, 43, 54, 67]],

[ 91, 35, 0,[ 69, 73, 55]],

[ 60, 35, 0,[ 98, 34, 66]],

[ 61, 35, 0,[ 27, 82, 93]],

[ 41, 35, 0,[ 86, 43, 97]],

[ 4, 35, 0,[ 52, 3, 21, 46]],

[ 88, 35, 0,[ 34, 93, 69]],

[ 28, 35, 1,[ 18, 12, 17, 73, 31, 33, 20, 68, 0]],

[ 90, 35, 0,[ 8, 44]],

[ 97, 35, 0,[ 45, 41, 71, 57]],

[ 29, 35, 0,[ 7, 63, 72]],

[ 56, 35, 0,[ 50, 99, 39]],

[ 98, 45, 1,[ 75, 35, 42, 60, 46, 78, 83, 37, 9]],

[ 53, 35, 1,[ 96, 11, 81, 8, 1, 50, 44, 89, 71, 45]],

[ 19, 35, 0,[ 12, 39, 13]],

[ 14, 35, 0,[ 44, 45, 47]],

[ 2, 35, 0,[ 36, 85, 45, 35]],

[ 52, 35, 0,[ 69, 4, 7]],

[ 73, 35, 0,[ 28, 91, 7, 12, 8]],

[ 85, 35, 0,[ 2, 3, 84]],

[ 37, 35, 0,[ 58, 12, 98]],

[ 93, 35, 1,[ 64, 5, 61, 35, 88, 62, 76, 16, 99]],

[ 0, 35, 0,[ 51, 28, 82]],

[ 50, 35, 0,[ 53, 56]],

[ 77, 35, 0,[ 38, 95, 69]],

[ 1, 35, 0,[ 53, 74, 24]],

[ 96, 35, 0,[ 53, 83, 74]],

[ 64, 35, 0,[ 93, 82, 72]],

[ 38, 35, 0,[ 77, 16, 54, 13]],

[ 36, 35, 0,[ 48, 2, 23, 72, 3]],

[ 57, 35, 0,[ 16, 15, 97]],

[ 87, 35, 0,[ 49, 76, 66, 45]],

[ 10, 35, 0,[ 7, 78, 5]],

[ 13, 35, 0,[ 42, 19, 38]],

[ 79, 35, 0,[ 65, 18, 24, 3]],

[ 68, 35, 0,[ 28, 59, 70, 67]],

[ 31, 35, 0,[ 58, 78, 28]],

[ 20, 65, 0,[ 62, 65, 59, 28, 51]],

[ 22, 35, 0,[ 55, 3, 69]],

[ 48, 35, 0,[ 99, 75, 36]],

[ 42, 35, 0,[ 98, 33, 13, 69]],

[ 34, 35, 0,[ 60, 86, 81, 88]],

[ 71, 35, 0,[ 97, 92, 53]],

[ 72, 35, 0,[ 47, 86, 29, 64, 36]],

[ 94, 35, 0,[ 58, 80, 8]],

[ 43, 65, 0,[ 15, 26, 41, 51]],

[ 30, 35, 0,[ 6, 80, 3]],

[ 17, 35, 0,[ 25, 28, 3]],

[ 49, 35, 0,[ 18, 6, 87]],

[ 75, 35, 0,[ 86, 92, 98, 48]],

[ 92, 35, 0,[ 71, 86, 75]],

[ 65, 35, 0,[ 20, 70, 79]],

[ 23, 35, 0,[ 36, 67, 5, 69]],

[ 55, 35, 0,[ 91, 22, 7, 9]],

[ 80, 35, 0,[ 94, 86, 32, 30]],

[ 47, 35, 0,[ 7, 72, 14]],

[ 86, 35, 1,[ 80, 40, 34, 74, 72, 21, 92, 75, 41]],

[ 76, 35, 0,[ 81, 93, 87]],

[ 6, 35, 0,[ 30, 49, 3]],

[ 81, 35, 0,[ 53, 34, 76, 89]],

[ 27, 35, 0,[ 61, 51, 33]],

[ 46, 35, 0,[ 98, 11, 4]],

[ 54, 35, 0,[ 15, 38, 26]],

[ 78, 35, 0,[ 31, 10, 98]],

[ 63, 65, 0,[ 51, 29, 89]],

[ 59, 65, 0,[ 83, 20, 68]],

[ 44, 35, 0,[ 14, 90, 51, 53]],

[ 99, 35, 0,[ 48, 56, 93]],

[ 69, 95, 1,[ 52, 42, 70, 22, 77, 88, 39, 91, 23, 11, 5, 32]],

[ 40, 35, 0,[ 33, 62, 86]],

[ 96, 15, 0,[ 48, 29, 52, 54, 3]],

[ 26, 15, 0,[ 2, 53, 91, 30]],

[ 4, 15, 0,[ 41, 29, 55]],

[ 87, 15, 0,[ 19, 60, 98, 56]],

[ 39, 15, 0,[ 97, 80, 77]],

[ 74, 15, 0,[ 66, 13, 36, 63]],

[ 62, 15, 0,[ 54, 51, 61]],

[ 79, 15, 0,[ 9, 41, 5, 93]],

[ 50, 15, 0,[ 76, 45, 93, 31]],

[ 10, 15, 0,[ 55, 57, 78]],

[ 86, 15, 1,[ 2, 59, 45]],

[ 18, 15, 0,[ 16, 84, 30, 49]],

[ 99, 15, 0,[ 81, 94, 42]],

[ 84, 15, 0,[ 94, 61, 18, 5]],

[ 89, 15, 0,[ 49, 15, 22]],

[ 0, 15, 0,[ 27, 23, 90]],

[ 81, 15, 0,[ 19, 67, 33, 99]],

[ 63, 15, 0,[ 74, 82, 94, 98, 32]],

[ 88, 15, 0,[ 24, 1, 49]],

[ 2, 15, 0,[ 26, 86, 51]],

[ 31, 15, 0,[ 20, 50, 6]],

[ 98, 15, 1,[ 63, 68, 40, 47, 58, 87]],

[ 41, 15, 0,[ 4, 79, 25, 55]],

[ 52, 15, 0,[ 65, 1, 96]],

[ 44, 15, 0,[ 45, 11, 78]],

[ 45, 35, 1,[ 50, 86, 44, 21]],

[ 85, 15, 0,[ 20, 58, 66, 28]],

[ 78, 15, 0,[ 28, 54, 44, 10]],

[ 73, 15, 0,[ 59, 12, 23]],

[ 3, 15, 1,[ 9, 46, 35, 96, 80]],

[ 95, 15, 0,[ 38, 65, 82]],

[ 43, 15, 0,[ 11, 59, 53, 27, 22]],

[ 22, 15, 0,[ 43, 89, 75, 90]],

[ 21, 15, 0,[ 45, 72, 92]],

[ 59, 15, 0,[ 72, 86, 73, 43]],

[ 94, 15, 0,[ 28, 99, 84, 25, 63]],

[ 20, 15, 0,[ 92, 85, 31, 64]],

[ 5, 15, 0,[ 84, 54, 79]],

[ 33, 15, 0,[ 97, 24, 37, 83, 81]],

[ 30, 15, 0,[ 18, 26]],

[ 35, 15, 0,[ 3, 75, 80]],

[ 71, 15, 0,[ 69, 14, 7, 28]],

[ 97, 15, 0,[ 42, 7, 36, 33, 39]],

[ 6, 15, 0,[ 67, 31, 40, 19]],

[ 67, 15, 0,[ 81, 69, 6]],

[ 23, 15, 0,[ 73, 0, 15, 14]],

[ 9, 15, 0,[ 3, 79, 53]],

[ 91, 15, 0,[ 17, 57, 26]],

[ 56, 15, 0,[ 87, 70, 25, 34]],

[ 13, 15, 0,[ 60, 74, 46, 17]],

[ 29, 15, 0,[ 28, 96, 24, 4, 12]],

[ 93, 95, 1,[ 28, 79, 50, 42]],

[ 66, 15, 0,[ 48, 85, 74]],

[ 77, 15, 0,[ 34, 38, 37, 39, 76]],

[ 1, 15, 0,[ 38, 88, 52]],

[ 37, 15, 0,[ 33, 77, 11]],

[ 17, 15, 0,[ 28, 91, 13, 80]],

[ 16, 15, 0,[ 32, 57, 18]],

[ 68, 15, 0,[ 38, 98, 15]],

[ 48, 15, 0,[ 66, 57, 96]],

[ 83, 15, 1,[ 49, 33, 92, 51, 32]],

[ 64, 15, 0,[ 20, 25, 90]],

[ 42, 15, 0,[ 99, 93, 97, 53, 47]],

[ 70, 15, 0,[ 47, 11, 56]],

[ 55, 15, 0,[ 10, 76, 41, 4]],

[ 51, 15, 0,[ 62, 83, 2]],

[ 36, 15, 0,[ 74, 97, 46]],

[ 32, 15, 0,[ 83, 16, 63, 34]],

[ 38, 15, 0,[ 1, 68, 95, 77]],

[ 69, 45, 1,[ 67, 71, 57]],

[ 82, 15, 0,[ 95, 63]],

[ 15, 15, 0,[ 89, 23, 68, 27]],

[ 12, 15, 0,[ 92, 29, 73]],

[ 19, 15, 0,[ 81, 6, 87]],

[ 60, 15, 0,[ 87, 61, 13]],

[ 24, 15, 0,[ 88, 29, 33]],

[ 80, 15, 0,[ 3, 39, 35, 17]],

[ 65, 15, 0,[ 8, 95, 52]],

[ 7, 15, 0,[ 72, 71, 97]],

[ 72, 15, 0,[ 7, 21, 59]],

[ 54, 15, 0,[ 62, 5, 78, 14, 96]],

[ 28, 35, 1,[ 93, 85, 78, 17, 71, 94, 29]],

[ 40, 15, 0,[ 98, 8, 6]],

[ 11, 15, 0,[ 44, 70, 43, 37]],

[ 75, 15, 0,[ 22, 35]],

[ 46, 15, 0,[ 3, 36, 13]],

[ 49, 15, 0,[ 18, 88, 83, 89]],

[ 90, 15, 0,[ 64, 0, 22]],

[ 14, 15, 1,[ 54, 23, 71]],

[ 47, 15, 0,[ 42, 98, 70]],

[ 57, 15, 0,[ 10, 16, 69, 48, 91]],

[ 76, 15, 0,[ 55, 50, 77]],

[ 58, 15, 0,[ 98, 85]],

[ 34, 15, 0,[ 56, 32, 77]],

[ 27, 15, 0,[ 0, 43, 15]],

[ 53, 15, 1,[ 43, 42, 26, 9]],

[ 8, 15, 0,[ 40, 92, 65]],

[ 25, 15, 0,[ 94, 64, 56, 41]],

[ 61, 15, 0,[ 62, 60, 84]],

[ 92, 15, 0,[ 83, 21, 12, 8, 20]],

