[ 15, 55, 0,[ 24, 20, 70, 89]],

[ 85, 45, 1,[ 62, 75, 27]],

[ 71, 55, 1,[ 53, 77, 28, 60, 63]],

[ 16, 95, 1,[ 7, 96, 49, 34, 42]],

[ 75, 45, 1,[ 85, 67, 20]],

[ 65, 5, 0,[ 9, 78, 69]],

[ 43, 15, 0,[ 13, 63, 92, 8]],

[ 48, 65, 1,[ 27, 86, 40, 79]],

[ 76, 15, 1,[ 73, 69, 52, 97, 99, 26]],

[ 33, 95, 1,[ 39, 86, 56]],

[ 18, 95, 0,[ 64, 56, 30]],

[ 69, 15, 0,[ 98, 65, 76]],

[ 21, 55, 0,[ 97, 12, 55]],

[ 38, 55, 0,[ 24, 19, 25]],

[ 8, 5, 1,[ 11, 81, 43, 88]],

[ 74, 55, 1,[ 70, 94, 54, 39]],

[ 28, 55, 0,[ 79, 71]],

[ 46, 15, 1,[ 50, 25, 93, 57]],

[ 91, 45, 0,[ 79, 1, 62, 81]],

[ 57, 65, 0,[ 46, 63, 42]],

[ 87, 45, 1,[ 60, 32, 80]],

[ 79, 25, 1,[ 94, 91, 28, 48]],

[ 27, 45, 0,[ 82, 48, 85]],

[ 63, 65, 0,[ 71, 57, 4, 43, 9, 96]],

[ 4, 65, 0,[ 89, 98, 63, 22]],

[ 22, 85, 1,[ 3, 2, 4]],

[ 52, 35, 1,[ 20, 76, 54, 7]],

[ 62, 75, 1,[ 83, 91, 23, 85]],

[ 30, 85, 0,[ 18, 19, 51]],

[ 58, 85, 0,[ 72, 66, 64]],

[ 32, 55, 1,[ 50, 78, 68, 96, 87]],

[ 97, 55, 1,[ 23, 76, 21]],

[ 92, 15, 0,[ 43, 34, 36]],

[ 34, 25, 0,[ 92, 42, 16, 35]],

[ 78, 5, 1,[ 7, 32, 94, 65]],

[ 23, 45, 1,[ 97, 98, 62, 56]],

[ 84, 25, 1,[ 60, 94, 35, 26]],

[ 72, 15, 1,[ 41, 26, 77, 58, 66]],

[ 17, 35, 1,[ 45, 40, 61, 47]],

[ 26, 85, 1,[ 76, 72, 84]],

[ 24, 55, 1,[ 15, 11, 38, 5]],

[ 10, 75, 1,[ 95, 88, 67]],

[ 2, 85, 0,[ 73, 22]],

[ 1, 45, 0,[ 39, 91, 29]],

[ 67, 5, 0,[ 41, 75, 10, 20]],

[ 89, 25, 1,[ 15, 4, 66, 12]],

[ 19, 85, 1,[ 30, 68, 44, 38]],

[ 90, 45, 1,[ 55, 47, 98, 77]],

[ 68, 85, 1,[ 31, 32, 19]],

[ 50, 15, 0,[ 32, 82, 46]],

[ 55, 55, 0,[ 3, 21, 90]],

[ 39, 25, 1,[ 74, 1, 33]],

[ 77, 15, 0,[ 71, 44, 90, 72]],

[ 73, 15, 0,[ 2, 76, 51, 13]],

[ 13, 45, 1,[ 73, 43, 6]],

[ 47, 35, 0,[ 90, 17, 70]],

[ 64, 95, 0,[ 18, 58, 14]],

[ 88, 35, 0,[ 5, 8, 10, 49]],

[ 96, 65, 1,[ 32, 63, 16]],

[ 95, 75, 0,[ 14, 86, 10]],

[ 49, 45, 0,[ 16, 88, 29]],

[ 29, 45, 1,[ 35, 1, 6, 49]],

[ 44, 35, 1,[ 59, 19, 77]],

[ 41, 5, 0,[ 72, 0, 67]],

[ 60, 45, 0,[ 53, 71, 84, 87]],

[ 93, 5, 0,[ 0, 81, 46]],

[ 98, 45, 0,[ 4, 90, 23, 69]],

[ 42, 25, 1,[ 3, 57, 34, 16]],

[ 6, 65, 1,[ 54, 13, 29]],

[ 37, 5, 1,[ 12, 54, 61]],

[ 11, 55, 0,[ 8, 24, 99]],

[ 5, 35, 0,[ 40, 24, 88]],

[ 59, 15, 1,[ 36, 44, 81]],

[ 99, 85, 1,[ 54, 11, 76]],

[ 66, 85, 1,[ 58, 89, 72]],

[ 12, 5, 0,[ 37, 89, 21]],

[ 86, 65, 0,[ 48, 33, 51, 9, 95]],

[ 54, 5, 1,[ 99, 6, 82, 52, 74, 37]],

[ 36, 15, 0,[ 92, 59]],

[ 40, 35, 0,[ 17, 5, 48]],

[ 80, 95, 1,[ 0, 31, 87]],

[ 3, 55, 0,[ 42, 22, 55]],

[ 81, 5, 1,[ 93, 8, 59, 91]],

[ 0, 5, 0,[ 41, 80, 82, 93]],

[ 14, 35, 0,[ 31, 95, 64]],

[ 61, 45, 1,[ 83, 17, 37]],

[ 56, 95, 1,[ 18, 23, 33]],

[ 53, 45, 0,[ 60, 83, 71]],

[ 20, 5, 1,[ 52, 67, 75, 15]],

[ 82, 85, 1,[ 35, 27, 0, 50, 54]],

[ 31, 35, 1,[ 14, 68, 80]],

[ 94, 15, 1,[ 79, 84, 74, 78]],

[ 70, 55, 0,[ 47, 74, 15]],

[ 7, 5, 0,[ 52, 78, 16]],

[ 51, 85, 0,[ 30, 73, 86]],

[ 83, 45, 0,[ 62, 53, 61]],

[ 35, 35, 1,[ 84, 29, 82, 34]],

[ 25, 15, 0,[ 46, 38]],

[ 9, 65, 0,[ 86, 65, 63]],

[ 45, 35, 0,[ 17]],

