[ 80, 35, 0,[ 56, 18, 2]],

[ 98, 5, 0,[ 57, 48, 87]],

[ 96, 5, 1,[ 97, 89, 37]],

[ 71, 5, 0,[ 44, 54, 19, 31]],

[ 43, 75, 0,[ 84, 45, 17]],

[ 10, 5, 0,[ 76, 36, 79]],

[ 81, 35, 0,[ 21, 40, 62]],

[ 65, 65, 0,[ 23, 9, 70]],

[ 56, 35, 0,[ 7, 80, 1]],

[ 36, 5, 0,[ 13, 33, 10, 93]],

[ 50, 85, 0,[ 73, 68, 69, 15]],

[ 38, 5, 0,[ 39, 44, 19]],

[ 82, 5, 0,[ 77, 54]],

[ 22, 85, 0,[ 35, 92, 74]],

[ 8, 55, 1,[ 49, 53, 26, 77]],

[ 27, 65, 0,[ 15, 68, 83]],

[ 77, 5, 0,[ 13, 8, 82]],

[ 84, 75, 0,[ 91, 43, 7]],

[ 24, 35, 0,[ 2, 90, 26]],

[ 88, 65, 0,[ 33, 79, 85, 25]],

[ 60, 5, 0,[ 85, 25, 5]],

[ 20, 5, 0,[ 99, 89, 0]],

[ 66, 5, 0,[ 57, 17, 75]],

[ 47, 5, 0,[ 64, 31, 51]],

[ 86, 5, 0,[ 6, 57, 48]],

[ 76, 5, 0,[ 10, 39, 93]],

[ 58, 85, 0,[ 0, 52, 63, 29, 69]],

[ 34, 5, 0,[ 3, 29, 48]],

[ 12, 5, 0,[ 48, 53, 89]],

[ 78, 5, 0,[ 69, 9, 55]],

[ 32, 5, 0,[ 94, 54, 75]],

[ 55, 5, 0,[ 78, 99, 75]],

[ 33, 65, 0,[ 88, 64, 36, 45]],

[ 14, 5, 0,[ 63, 48, 49]],

[ 26, 55, 0,[ 72, 8, 13, 24]],

[ 17, 35, 0,[ 43, 66, 40, 5]],

[ 23, 35, 0,[ 35, 42, 37, 62, 40, 41, 65]],

[ 7, 75, 0,[ 56, 94, 84, 95]],

[ 48, 5, 0,[ 34, 14, 83, 12, 98, 86]],

[ 53, 65, 0,[ 8, 12, 79, 73]],

[ 29, 5, 0,[ 21, 58, 34]],

[ 83, 5, 0,[ 54, 48, 95, 27]],

[ 95, 5, 0,[ 7, 83, 97]],

[ 59, 5, 0,[ 75, 41, 99]],

[ 49, 85, 0,[ 8, 31, 46, 30, 14]],

[ 68, 25, 1,[ 94, 27, 11, 50]],

[ 1, 65, 0,[ 56, 15, 61]],

[ 19, 5, 0,[ 38, 71, 51, 61, 9]],

[ 91, 65, 0,[ 84, 15, 92]],

[ 74, 85, 0,[ 39, 89, 22]],

[ 99, 5, 0,[ 55, 51, 28, 59, 20]],

[ 21, 5, 0,[ 63, 28, 81, 29]],

[ 40, 35, 0,[ 23, 5, 81, 17]],

[ 63, 5, 0,[ 21, 58, 14]],

[ 64, 65, 0,[ 33, 16, 47]],

[ 2, 25, 0,[ 24, 3, 80]],

[ 70, 65, 0,[ 61, 87, 97, 65]],

[ 90, 35, 0,[ 24, 0, 41]],

[ 41, 35, 0,[ 59, 90, 23]],

[ 85, 5, 0,[ 88, 67, 60]],

[ 94, 75, 0,[ 7, 32, 15, 68, 37, 52, 67]],

[ 89, 35, 1,[ 74, 12, 20, 96]],

[ 45, 5, 0,[ 54, 43, 33]],

[ 28, 5, 0,[ 99, 21, 62]],

[ 37, 85, 1,[ 23, 94, 96, 73]],

[ 61, 65, 1,[ 70, 19, 1]],

[ 16, 65, 0,[ 64, 93, 25]],

[ 25, 65, 0,[ 16, 60, 97, 11, 88]],

[ 9, 5, 0,[ 19, 65, 78]],

[ 4, 5, 0,[ 57, 87, 42]],

[ 44, 25, 0,[ 71, 3, 38]],

[ 54, 5, 0,[ 32, 83, 71, 82, 45]],

[ 5, 35, 0,[ 60, 17, 40]],

[ 72, 5, 0,[ 11, 97, 26]],

[ 15, 65, 0,[ 30, 94, 91, 27, 50, 1]],

[ 18, 5, 0,[ 52, 80, 6]],

[ 30, 85, 0,[ 87, 69, 15, 49]],

[ 69, 85, 0,[ 78, 58, 30, 50]],

[ 35, 15, 1,[ 22, 57, 39, 23]],

[ 75, 5, 0,[ 55, 32, 59, 66]],

[ 42, 5, 0,[ 6, 23, 4]],

[ 73, 85, 0,[ 53, 37, 50]],

[ 11, 65, 0,[ 72, 25, 68]],

[ 0, 85, 0,[ 90, 20, 58, 67]],

[ 67, 75, 0,[ 0, 94, 85]],

[ 93, 5, 0,[ 16, 36, 76]],

[ 79, 65, 0,[ 53, 88, 10]],

[ 46, 25, 0,[ 49, 92, 3]],

[ 39, 5, 0,[ 74, 35, 38, 76]],

[ 3, 25, 0,[ 2, 46, 44, 34]],

[ 92, 65, 0,[ 91, 46, 22]],

[ 52, 75, 1,[ 18, 58, 94]],

[ 97, 5, 1,[ 70, 95, 96, 72, 25]],

[ 57, 5, 0,[ 66, 35, 98, 86, 4]],

[ 87, 85, 0,[ 98, 4, 70, 30]],

[ 51, 5, 0,[ 47, 99, 19]],

[ 62, 35, 0,[ 23, 28, 81]],

[ 31, 5, 1,[ 47, 71, 49]],

[ 13, 5, 0,[ 26, 77, 36]],

[ 6, 5, 0,[ 18, 86, 42]],

