[ 21, 35, 0,[ 1, 83]],

[ 48, 25, 0,[ 39, 93, 40]],

[ 12, 25, 0,[ 6, 60, 84, 78]],

[ 79, 25, 0,[ 59, 46]],

[ 47, 25, 0,[ 60, 88, 2]],

[ 4, 15, 1,[ 92, 82, 61, 18, 63]],

[ 20, 5, 0,[ 2, 90]],

[ 33, 25, 0,[ 25, 76]],

[ 97, 75, 0,[ 45, 10, 58, 29, 77]],

[ 88, 25, 0,[ 30, 47, 2]],

[ 90, 5, 0,[ 20, 38, 34, 87]],

[ 40, 25, 0,[ 37, 48, 52]],

[ 57, 55, 0,[ 85, 18]],

[ 42, 25, 0,[]],

[ 89, 25, 0,[ 27, 73]],

[ 7, 25, 1,[ 78, 83, 28]],

[ 34, 55, 0,[ 14, 17, 90]],

[ 9, 15, 0,[ 30]],

[ 70, 25, 0,[ 80, 23, 22, 75, 13]],

[ 19, 25, 0,[ 87, 39, 27]],

[ 43, 25, 0,[ 62, 72, 68]],

[ 30, 15, 0,[ 9, 1, 88]],

[ 96, 25, 0,[ 41, 64]],

[ 24, 25, 0,[ 32, 98]],

[ 49, 25, 0,[ 15]],

[ 44, 25, 0,[]],

[ 28, 55, 1,[ 25, 53, 7, 10, 68, 93, 13]],

[ 26, 5, 0,[ 50, 53]],

[ 87, 25, 0,[ 90, 19, 41]],

[ 1, 15, 0,[ 30, 31, 21]],

[ 0, 55, 0,[ 85, 52]],

[ 50, 25, 0,[ 32, 26, 36]],

[ 3, 5, 1,[ 8, 15, 71, 45]],

[ 99, 35, 0,[ 37, 56, 86]],

[ 31, 15, 0,[ 1, 32]],

[ 51, 25, 0,[ 60, 8]],

[ 53, 5, 1,[ 76, 26, 46, 84, 86, 28]],

[ 11, 55, 0,[ 56]],

[ 6, 25, 0,[ 12, 59, 64, 22]],

[ 94, 55, 0,[]],

[ 92, 55, 0,[ 41, 4, 18]],

[ 73, 25, 0,[ 81, 37, 89, 66]],

[ 61, 15, 0,[ 71, 4, 52]],

[ 25, 75, 0,[ 33, 28, 45]],

[ 37, 25, 0,[ 73, 82, 40, 99]],

[ 59, 25, 0,[ 69, 65, 6, 79]],

[ 63, 25, 0,[ 4, 36, 52]],

[ 16, 25, 0,[ 36]],

[ 98, 25, 1,[ 93, 86, 56, 24]],

[ 18, 55, 0,[ 75, 92, 4, 57]],

[ 8, 5, 0,[ 51, 3, 54]],

[ 10, 75, 0,[ 58, 28, 97]],

[ 67, 15, 0,[ 64, 71, 35, 68]],

[ 41, 25, 0,[ 87, 96, 92]],

[ 83, 35, 0,[ 86, 21, 7]],

[ 66, 55, 0,[ 71, 23, 73]],

[ 71, 15, 0,[ 3, 66, 67, 61]],

[ 78, 25, 0,[ 12, 2, 7, 72]],

[ 69, 55, 1,[ 59, 38, 45]],

[ 60, 25, 0,[ 47, 12, 65, 51]],

[ 95, 55, 0,[ 39, 5, 23, 74]],

[ 14, 15, 0,[ 29, 55, 34]],

[ 77, 35, 0,[ 86, 97, 65]],

[ 64, 25, 0,[ 6, 67, 96]],

[ 58, 75, 0,[ 97, 38, 10]],

[ 91, 25, 0,[ 22, 80, 55, 17]],

[ 27, 25, 0,[ 89, 19]],

[ 80, 25, 0,[ 70, 91]],

[ 93, 85, 1,[ 48, 28, 98]],

[ 86, 35, 1,[ 77, 53, 62, 83, 98, 99]],

[ 22, 25, 0,[ 70, 6, 91]],

[ 75, 25, 0,[ 70, 18, 84]],

[ 17, 55, 0,[ 91, 34, 2]],

[ 39, 25, 0,[ 95, 48, 19]],

[ 5, 55, 0,[ 95, 46]],

[ 72, 25, 0,[ 43, 78, 45]],

[ 84, 5, 0,[ 53, 75, 12]],

[ 15, 25, 0,[ 3, 49, 54, 76]],

[ 74, 55, 0,[ 54, 95]],

[ 52, 55, 0,[ 40, 63, 0, 61]],

[ 23, 55, 0,[ 70, 66, 95]],

[ 56, 55, 0,[ 11, 99, 98]],

[ 65, 25, 0,[ 77, 60, 59]],

[ 76, 25, 0,[ 15, 33, 53]],

[ 36, 25, 0,[ 82, 50, 85, 16, 63]],

[ 55, 15, 0,[ 14, 91]],

[ 68, 55, 0,[ 67, 28, 43]],

[ 82, 25, 0,[ 4, 37, 36, 13]],

[ 46, 5, 0,[ 5, 53, 79]],

[ 81, 25, 0,[ 73, 38]],

[ 62, 35, 0,[ 43, 86]],

[ 85, 25, 0,[ 36, 57, 0]],

[ 45, 75, 1,[ 25, 2, 72, 97, 3, 69]],

[ 54, 25, 0,[ 74, 8, 15]],

[ 38, 5, 0,[ 81, 58, 90, 69]],

[ 13, 25, 0,[ 82, 28, 70]],

[ 29, 75, 0,[ 14, 97]],

[ 35, 15, 0,[ 67]],

[ 32, 25, 0,[ 31, 50, 24]],

[ 2, 75, 0,[ 88, 47, 45, 78, 17, 20]],

