[ 79, 25, 0,[ 6, 62, 23]],

[ 27, 55, 0,[ 68, 97]],

[ 38, 5, 0,[ 89, 32, 10]],

[ 68, 5, 1,[ 27, 49, 67, 97, 3, 2]],

[ 99, 55, 1,[ 53, 65, 11, 71]],

[ 51, 45, 1,[ 28, 20, 45, 2, 0, 59]],

[ 15, 85, 0,[ 33, 85, 46]],

[ 72, 5, 1,[ 6, 55, 93]],

[ 86, 35, 0,[ 80, 71, 20]],

[ 95, 55, 0,[ 85, 45, 90, 74]],

[ 47, 85, 0,[ 54, 96, 88]],

[ 12, 45, 0,[ 48, 65, 46, 39]],

[ 83, 25, 0,[ 94, 98, 91]],

[ 58, 55, 0,[ 94, 74, 44]],

[ 56, 35, 1,[ 18, 42, 43]],

[ 33, 85, 1,[ 15, 35, 53, 40]],

[ 48, 75, 1,[ 77, 53, 12, 2]],

[ 18, 25, 0,[ 56, 17]],

[ 28, 55, 0,[ 51, 10, 32]],

[ 40, 85, 1,[ 76, 89, 44, 33]],

[ 22, 55, 1,[ 85, 37, 30, 69]],

[ 80, 25, 1,[ 86, 17, 54]],

[ 67, 25, 0,[ 68, 84, 0]],

[ 65, 55, 0,[ 99, 31, 12]],

[ 24, 95, 1,[ 29, 19, 59]],

[ 66, 95, 1,[ 92, 19, 76, 73, 63, 69]],

[ 37, 55, 1,[ 41, 22, 26]],

[ 3, 85, 0,[ 75, 68, 6]],

[ 32, 75, 1,[ 71, 38, 91, 28]],

[ 94, 85, 1,[ 85, 83, 58]],

[ 88, 25, 1,[ 52, 47, 59]],

[ 9, 95, 0,[ 52, 25, 75]],

[ 61, 95, 1,[ 91, 76, 62, 57]],

[ 81, 35, 1,[ 87, 36, 10]],

[ 77, 25, 0,[ 14, 48]],

[ 62, 5, 1,[ 61, 34, 79]],

[ 69, 25, 0,[ 22, 50, 66]],

[ 52, 55, 1,[ 59, 9, 88, 49, 82, 89]],

[ 87, 65, 1,[ 16, 64, 81, 14, 5]],

[ 26, 5, 0,[ 14, 37, 54]],

[ 21, 25, 0,[ 75, 85, 73]],

[ 64, 95, 0,[ 87, 84, 23]],

[ 35, 85, 1,[ 91, 33, 92, 60]],

[ 39, 35, 1,[ 12, 0, 19]],

[ 75, 75, 1,[ 41, 42, 3, 21, 13, 55, 9, 49]],

[ 92, 95, 1,[ 55, 66, 35]],

[ 42, 95, 1,[ 56, 50, 75, 70, 74]],

[ 89, 25, 1,[ 52, 38, 40]],

[ 41, 55, 0,[ 13, 37, 75, 17]],

[ 44, 45, 1,[ 40, 60, 58, 70, 7]],

[ 2, 45, 0,[ 51, 68, 48]],

[ 74, 95, 1,[ 42, 95, 58, 23, 78]],

[ 23, 95, 1,[ 1, 79, 64, 74, 36]],

[ 96, 45, 1,[ 4, 47, 34, 16]],

[ 55, 45, 0,[ 75, 72, 92]],

[ 82, 25, 1,[ 52, 4, 20]],

[ 43, 45, 0,[ 56, 78, 85, 93]],

[ 14, 25, 0,[ 57, 87, 26, 77]],

[ 4, 85, 0,[ 82, 98, 85, 96]],

[ 57, 25, 0,[ 61, 17, 14]],

[ 97, 45, 1,[ 27, 68, 98]],

[ 34, 95, 0,[ 62, 13, 96]],

[ 91, 25, 0,[ 61, 83, 35, 32]],

[ 46, 25, 1,[ 15, 63, 12, 54, 60]],

[ 50, 45, 0,[ 54, 69, 42]],

[ 53, 25, 0,[ 11, 99, 48, 33]],

[ 13, 95, 1,[ 41, 75, 34]],

[ 90, 35, 1,[ 25, 95, 16]],

[ 10, 95, 1,[ 28, 81, 71, 38]],

[ 45, 25, 0,[ 85, 95, 51]],

[ 11, 5, 0,[ 84, 99, 53]],

[ 98, 95, 0,[ 4, 83, 97]],

[ 8, 15, 1,[ 49, 36, 30]],

[ 78, 85, 0,[ 29, 43, 74]],

[ 5, 55, 0,[ 63, 73, 87]],

[ 59, 5, 1,[ 52, 51, 24, 88]],

[ 19, 25, 1,[ 66, 24, 39]],

[ 71, 75, 1,[ 32, 10, 86, 99]],

[ 0, 85, 0,[ 51, 39, 67]],

[ 84, 45, 1,[ 67, 31, 64, 11, 25]],

[ 85, 65, 1,[ 15, 4, 22, 43, 73, 95, 94, 45, 30, 70, 21]],

[ 36, 85, 0,[ 81, 8, 23, 6]],

[ 1, 25, 0,[ 76, 23, 93]],

[ 60, 45, 0,[ 46, 44, 35]],

[ 7, 85, 0,[ 17, 29, 44]],

[ 70, 25, 0,[ 44, 85, 42]],

[ 20, 85, 1,[ 82, 86, 51, 29]],

[ 93, 25, 0,[ 1, 72, 43]],

[ 30, 25, 0,[ 8, 22, 85]],

[ 16, 25, 0,[ 96, 90, 87]],

[ 25, 25, 0,[ 9, 84, 90]],

[ 6, 55, 1,[ 36, 79, 72, 3]],

[ 31, 25, 1,[ 84, 17, 65]],

[ 63, 55, 0,[ 46, 5, 66]],

[ 49, 95, 0,[ 68, 75, 8, 52]],

[ 54, 35, 1,[ 47, 80, 26, 46, 50]],

[ 17, 65, 1,[ 41, 18, 57, 80, 7, 31]],

[ 29, 55, 1,[ 7, 20, 24, 78]],

[ 73, 95, 0,[ 85, 66, 5, 21]],

[ 76, 85, 1,[ 61, 1, 66, 40]],

