[ 64, 5, 0,[ 24, 75, 38]],

[ 2, 5, 0,[ 31, 7, 38, 68]],

[ 73, 25, 0,[ 96, 40, 16]],

[ 7, 5, 0,[ 77, 2, 41]],

[ 38, 5, 0,[ 64, 31, 2]],

[ 92, 95, 0,[ 78, 96, 0]],

[ 22, 25, 0,[ 56, 66, 37, 69]],

[ 4, 75, 0,[ 34, 31, 96, 21, 41]],

[ 69, 25, 0,[ 22, 42, 50]],

[ 34, 75, 0,[ 17, 4, 81]],

[ 37, 95, 1,[ 94, 87, 57, 99, 22, 97, 78, 29, 35, 42, 50, 51]],

[ 28, 35, 0,[ 51, 85, 31]],

[ 12, 25, 0,[ 8, 93, 60]],

[ 67, 25, 0,[ 63, 89, 86]],

[ 40, 25, 0,[ 73, 44, 18]],

[ 91, 25, 0,[ 96, 20, 18]],

[ 86, 25, 0,[ 67, 96, 43]],

[ 27, 5, 0,[ 77, 76, 74]],

[ 13, 25, 0,[ 52, 16, 48, 10]],

[ 25, 75, 0,[ 48, 89, 17]],

[ 99, 75, 0,[ 24, 43, 45, 37]],

[ 70, 65, 0,[ 24, 31, 26]],

[ 18, 25, 0,[ 91, 40, 14, 24]],

[ 63, 35, 0,[ 96, 95, 67, 32, 24]],

[ 65, 25, 0,[ 31, 42, 78]],

[ 14, 75, 0,[ 61, 18, 39]],

[ 75, 75, 0,[ 11, 76, 64, 50, 98]],

[ 87, 5, 0,[ 0, 60, 96, 21, 37]],

[ 11, 95, 0,[ 89, 8, 75]],

[ 8, 95, 1,[ 57, 29, 11, 93, 26, 6, 12]],

[ 79, 25, 0,[ 96, 83, 60]],

[ 80, 75, 0,[ 36, 97, 68, 19]],

[ 68, 5, 1,[ 66, 24, 3, 44, 56, 2, 84, 42, 30, 80]],

[ 98, 75, 0,[ 5, 72, 19, 75]],

[ 31, 55, 1,[ 82, 28, 2, 46, 65, 53, 70, 4, 38, 52, 83, 58, 20]],

[ 61, 75, 1,[ 71, 90, 41, 14, 30, 3]],

[ 53, 25, 0,[ 31, 74, 44]],

[ 23, 75, 0,[ 89, 17, 90]],

[ 84, 35, 0,[ 96, 68, 51]],

[ 76, 75, 0,[ 27, 75, 35]],

[ 17, 75, 0,[ 25, 23, 46, 34, 16, 49]],

[ 21, 5, 0,[ 4, 87, 85]],

[ 33, 75, 0,[ 29, 94, 35, 10]],

[ 50, 75, 0,[ 69, 37, 75, 19]],

[ 82, 25, 0,[ 9, 31, 35]],

[ 81, 75, 0,[ 34, 5, 59, 52]],

[ 88, 95, 0,[ 24, 1, 54, 83]],

[ 39, 75, 0,[ 59, 3, 14, 41]],

[ 95, 75, 0,[ 89, 45, 63]],

[ 41, 75, 0,[ 4, 36, 61, 7, 35, 39]],

[ 47, 25, 0,[ 35, 24, 55]],

[ 52, 85, 1,[ 13, 71, 89, 93, 49, 31, 6, 81, 1]],

[ 24, 5, 1,[ 94, 9, 88, 47, 64, 60, 58, 18, 99, 46, 63, 74, 68, 70]],

[ 83, 25, 0,[ 62, 43, 31, 79, 88]],

[ 6, 95, 0,[ 78, 8, 52]],

[ 57, 25, 0,[ 37, 96, 8]],

[ 62, 95, 0,[ 78, 96, 83]],

[ 89, 35, 1,[ 0, 55, 95, 9, 26, 59, 52, 23, 25, 5, 90, 67, 66, 54, 11]],

[ 51, 35, 0,[ 37, 36, 84, 28]],

[ 56, 25, 0,[ 9, 68, 71, 22]],

[ 0, 5, 0,[ 89, 92, 87]],

[ 30, 75, 0,[ 68, 35, 61]],

[ 32, 35, 0,[ 85, 96, 63]],

[ 54, 35, 0,[ 96, 88, 89]],

[ 3, 25, 0,[ 61, 68, 97, 39]],

[ 35, 65, 1,[ 82, 47, 10, 30, 37, 74, 93, 76, 45, 41, 33]],

[ 44, 25, 0,[ 40, 68, 53, 15, 55]],

[ 46, 65, 0,[ 31, 17, 24]],

[ 94, 75, 0,[ 24, 37, 33]],

[ 5, 75, 0,[ 89, 98, 81]],

[ 90, 75, 0,[ 15, 23, 89, 61]],

[ 96, 55, 1,[ 48, 91, 4, 63, 87, 86, 62, 73, 54, 1, 32, 92, 84, 57, 79, 85]],

[ 10, 25, 0,[ 35, 33, 13]],

[ 15, 25, 0,[ 90, 44, 58]],

[ 48, 75, 0,[ 25, 59, 13, 96]],

[ 36, 75, 0,[ 80, 51, 41]],

[ 71, 75, 0,[ 52, 61, 56]],

[ 9, 35, 0,[ 24, 56, 89, 82]],

[ 78, 95, 0,[ 62, 92, 6, 65, 37]],

[ 45, 75, 0,[ 99, 20, 95, 35]],

[ 93, 25, 0,[ 12, 8, 35, 52]],

[ 85, 35, 0,[ 21, 32, 96, 28, 72]],

[ 60, 5, 0,[ 87, 24, 12, 79]],

[ 66, 25, 0,[ 89, 68, 22]],

[ 72, 25, 0,[ 85, 97, 98]],

[ 74, 5, 0,[ 53, 35, 27, 24]],

[ 43, 25, 0,[ 86, 83, 99]],

[ 55, 25, 0,[ 89, 44, 47]],

[ 97, 25, 0,[ 72, 80, 3, 37]],

[ 20, 25, 0,[ 31, 91, 45]],

[ 59, 75, 0,[ 39, 89, 48, 81]],

[ 26, 95, 0,[ 89, 8, 70]],

[ 58, 25, 0,[ 31, 15, 24]],

[ 42, 25, 0,[ 16, 37, 65, 68, 77, 69]],

[ 1, 95, 0,[ 52, 88, 96]],

[ 29, 25, 0,[ 33, 37, 8]],

[ 77, 25, 0,[ 27, 19, 42, 7]],

[ 49, 75, 0,[ 17, 52]],

[ 16, 25, 0,[ 42, 17, 73, 13]],

[ 19, 75, 0,[ 98, 77, 80, 50]],

[ 58, 45, 0,[ 65, 37, 35]],

[ 30, 45, 0,[ 44, 10, 12]],

[ 75, 45, 0,[ 84, 72, 0]],

[ 97, 15, 0,[ 31, 72, 61]],

[ 84, 25, 1,[ 82, 36, 87, 20, 91, 61, 75, 12, 11, 17, 3]],

[ 6, 85, 0,[ 35, 37, 8]],

[ 16, 45, 0,[ 99, 79, 89, 74]],

[ 63, 45, 0,[ 29, 43, 52]],

[ 33, 45, 0,[ 5, 12, 8, 41]],

[ 1, 45, 0,[ 22, 23, 45]],

[ 59, 45, 0,[ 11, 83, 25]],

[ 21, 45, 0,[ 32, 96, 61]],

[ 67, 45, 0,[ 38, 8, 96, 70]],

[ 52, 45, 1,[ 54, 98, 70, 55, 63, 22, 76, 94, 53]],

[ 14, 45, 0,[ 98, 82, 96, 10]],

[ 9, 45, 0,[ 20, 38, 19]],

[ 61, 25, 1,[ 47, 84, 71, 51, 97, 19, 40, 81, 90, 21, 48, 77, 46, 26]],

[ 7, 45, 0,[ 89, 24, 32]],

[ 26, 45, 0,[ 60, 61, 22]],

[ 54, 45, 0,[ 28, 31, 52]],

[ 34, 45, 0,[ 60, 89, 18]],

[ 95, 35, 0,[ 37, 13, 4, 8]],

[ 80, 45, 0,[ 27, 87, 8]],

[ 31, 25, 1,[ 86, 29, 32, 65, 97, 87, 50, 49, 11, 39, 43, 83, 17, 56, 54, 81, 13, 82, 23, 10, 42]],

[ 86, 55, 0,[ 8, 88, 42, 31]],

[ 25, 85, 0,[ 8, 59, 47, 37]],

[ 93, 45, 0,[ 64, 79, 37, 85]],

[ 46, 95, 0,[ 99, 45, 44, 61]],

[ 3, 15, 0,[ 12, 84, 8]],

[ 28, 45, 0,[ 54, 44, 15]],

[ 17, 15, 0,[ 84, 72, 15, 31]],

[ 98, 45, 0,[ 96, 14, 41, 52]],

[ 38, 45, 0,[ 85, 89, 67, 9]],

[ 74, 45, 0,[ 16, 90, 48]],

[ 49, 35, 0,[ 36, 35, 31]],

[ 87, 15, 0,[ 80, 84, 31]],

[ 76, 5, 0,[ 60, 77, 52, 45]],

[ 44, 65, 1,[ 46, 30, 73, 90, 36, 45, 2, 15, 68, 28, 23, 50, 37]],

[ 20, 45, 0,[ 29, 96, 9, 84]],

[ 79, 45, 0,[ 88, 93, 16]],

[ 83, 45, 0,[ 31, 59, 64]],

[ 24, 45, 0,[ 71, 7, 11]],

[ 66, 45, 0,[ 37, 57, 35]],

[ 39, 85, 0,[ 35, 31]],

[ 12, 15, 0,[ 3, 2, 84, 33, 30]],

[ 45, 15, 0,[ 76, 46, 1, 2, 44]],

[ 72, 15, 0,[ 97, 75, 92, 17]],

[ 4, 45, 0,[ 95, 53, 40]],

[ 48, 35, 0,[ 35, 74, 8, 61]],

[ 8, 95, 1,[ 18, 67, 48, 27, 6, 3, 33, 86, 99, 77, 80, 25, 95]],

[ 47, 45, 0,[ 25, 61, 56]],

[ 19, 45, 0,[ 61, 69, 92, 9]],

[ 53, 45, 0,[ 90, 4, 52, 69]],

[ 71, 45, 0,[ 0, 24, 61]],

[ 60, 45, 0,[ 76, 26, 34]],

[ 82, 15, 0,[ 14, 31, 84]],

[ 50, 95, 0,[ 90, 44, 31]],

[ 11, 15, 0,[ 31, 24, 84, 59]],

[ 90, 95, 0,[ 74, 44, 61, 53, 50]],

[ 73, 45, 0,[ 56, 5, 44, 78]],

[ 32, 45, 0,[ 7, 31, 21]],

[ 92, 45, 0,[ 72, 19, 96]],

[ 13, 35, 0,[ 85, 31, 95]],

[ 68, 15, 0,[ 44, 37, 40, 27]],

[ 81, 85, 0,[ 35, 31, 61]],

[ 88, 55, 0,[ 86, 79, 89]],

[ 37, 85, 1,[ 0, 6, 66, 93, 44, 68, 69, 64, 25, 58, 95]],

[ 15, 15, 0,[ 17, 44, 28]],

[ 69, 45, 0,[ 19, 37, 53]],

[ 89, 25, 1,[ 16, 7, 88, 38, 55, 41, 94, 34]],

[ 0, 45, 0,[ 75, 71, 64, 37, 35]],

[ 64, 45, 0,[ 83, 35, 37, 93, 0]],

[ 35, 5, 1,[ 58, 91, 48, 66, 64, 39, 6, 78, 0, 62, 5, 49, 81]],

[ 42, 55, 0,[ 31, 22, 86]],

[ 40, 45, 0,[ 4, 61, 78, 68]],

[ 2, 15, 0,[ 44, 45, 12]],

[ 51, 45, 0,[ 57, 61, 94, 70]],

[ 36, 35, 0,[ 84, 49, 44]],

[ 57, 45, 0,[ 66, 96, 51]],

[ 43, 45, 0,[ 31, 65, 63]],

[ 70, 45, 0,[ 51, 52, 67]],

[ 29, 45, 0,[ 20, 31, 63]],

[ 56, 45, 0,[ 31, 73, 47]],

[ 5, 45, 0,[ 35, 33, 73]],

[ 78, 45, 0,[ 73, 40, 35]],

[ 41, 45, 0,[ 89, 33, 98]],

[ 27, 15, 0,[ 8, 68, 80]],

[ 10, 45, 0,[ 31, 30, 14]],

[ 23, 75, 0,[ 1, 55, 44, 31]],

[ 62, 45, 0,[ 96, 22, 35]],

[ 94, 55, 0,[ 52, 96, 51, 89]],

[ 65, 45, 0,[ 43, 31, 91, 58]],

[ 18, 45, 0,[ 8, 55, 34]],

[ 91, 45, 0,[ 35, 65, 84]],

[ 85, 35, 0,[ 13, 93, 38]],

[ 99, 45, 0,[ 16, 8, 46]],

[ 55, 55, 0,[ 18, 23, 89, 52]],

[ 77, 35, 0,[ 76, 8, 61]],

[ 96, 95, 1,[ 20, 21, 92, 94, 14, 57, 98, 67, 62]],

[ 22, 45, 0,[ 62, 42, 26, 52, 1]],

