[ 79, 65, 0,[ 69, 3, 11]],

[ 10, 65, 0,[ 98, 11, 69]],

[ 51, 65, 0,[ 28, 11]],

[ 49, 65, 0,[ 69, 28]],

[ 47, 55, 0,[ 11, 69, 56]],

[ 0, 65, 0,[ 11, 28, 69]],

[ 45, 55, 1,[ 1, 16, 34, 90, 54, 18, 55, 4, 12, 71, 46, 5, 84]],

[ 43, 65, 0,[ 69, 98, 28]],

[ 97, 65, 0,[ 11, 28]],

[ 61, 65, 0,[ 11, 28, 3]],

[ 42, 65, 0,[ 11, 69, 98]],

[ 13, 65, 0,[ 69, 28, 11]],

[ 17, 65, 0,[ 69, 98, 28]],

[ 74, 65, 0,[ 99, 53]],

[ 92, 65, 0,[ 11, 98, 69]],

[ 80, 65, 0,[ 69, 11]],

[ 5, 65, 0,[ 98, 69, 45]],

[ 41, 65, 0,[ 28, 69, 98]],

[ 36, 65, 0,[ 28, 11, 69]],

[ 21, 65, 0,[ 93, 11]],

[ 1, 65, 0,[ 28, 69, 45]],

[ 88, 65, 0,[ 11, 98, 28]],

[ 2, 65, 0,[ 11, 98]],

[ 20, 65, 0,[ 98, 28, 69]],

[ 46, 65, 0,[ 45, 28, 11]],

[ 25, 65, 0,[ 11, 53, 28]],

[ 62, 65, 0,[ 3, 28]],

[ 87, 65, 0,[ 11, 28]],

[ 40, 65, 0,[ 69, 3, 98]],

[ 55, 65, 0,[ 45, 93, 69]],

[ 23, 65, 0,[ 11, 69, 93]],

[ 27, 65, 0,[ 93, 11, 28]],

[ 66, 65, 0,[ 98, 11, 28]],

[ 90, 65, 0,[ 11, 45, 98]],

[ 16, 65, 0,[ 45, 98, 11]],

[ 30, 65, 0,[ 11, 93]],

[ 89, 65, 0,[ 69, 3, 11]],

[ 85, 65, 0,[ 3, 98, 28]],

[ 57, 65, 0,[ 69, 11, 28]],

[ 95, 65, 0,[ 11, 28, 69]],

[ 8, 65, 0,[ 28, 69]],

[ 31, 65, 0,[ 98, 11, 28]],

[ 96, 65, 0,[ 69, 3, 28]],

[ 12, 65, 0,[ 28, 45, 98]],

[ 67, 65, 0,[ 11, 69]],

[ 6, 65, 0,[ 69, 28]],

[ 60, 65, 0,[ 98, 28]],

[ 86, 65, 1,[ 93, 69, 14]],

[ 99, 65, 0,[ 98, 74, 69, 11]],

[ 24, 65, 0,[ 11, 28]],

[ 58, 65, 0,[ 28, 98, 11]],

[ 18, 65, 0,[ 11, 45, 98]],

[ 63, 65, 0,[ 11, 69, 53]],

[ 77, 65, 0,[ 69, 11, 53]],

[ 53, 95, 1,[ 74, 11, 65, 26, 70, 63, 78, 25, 77]],

[ 34, 65, 0,[ 98, 11, 45]],

[ 33, 65, 0,[ 11, 28, 3]],

[ 59, 65, 0,[ 3, 98, 69]],

[ 98, 75, 1,[ 66, 99, 40, 5, 75, 73, 93, 34, 2, 85, 64, 81, 48, 90, 58, 22, 16, 52, 56, 41, 18, 17, 31, 72, 35, 4, 84, 12, 37, 50, 59, 42, 92, 20, 60, 88, 43, 32, 10, 94]],

[ 73, 65, 0,[ 69, 28, 98]],

[ 81, 65, 0,[ 11, 3, 98]],

[ 91, 65, 0,[ 93, 3, 11]],

[ 4, 65, 0,[ 45, 69, 98]],

[ 9, 65, 0,[ 11, 28]],

[ 76, 65, 0,[ 69, 93, 28]],

[ 35, 65, 0,[ 11, 98]],

[ 84, 65, 0,[ 98, 45, 93]],

[ 26, 65, 0,[ 53, 28, 11]],

[ 29, 65, 0,[ 28]],

[ 69, 5, 1,[ 63, 0, 40, 99, 76, 5, 10, 82, 43, 38, 80, 55, 8, 4, 20, 14, 95, 13, 7, 73, 75, 59, 96, 6, 71, 1, 23, 48, 68, 57, 44, 41, 15, 79, 19, 89, 17, 92, 50, 78, 52, 49, 86, 36, 67, 47, 42, 65, 77]],

[ 75, 65, 0,[ 98, 28, 69]],

[ 32, 65, 0,[ 93, 3, 98]],

[ 52, 65, 0,[ 69, 98, 28]],

[ 82, 65, 0,[ 69, 11, 3]],

[ 72, 65, 0,[ 11, 98]],

[ 3, 55, 1,[ 96, 59, 85, 61, 89, 32, 91, 62, 83, 22, 81, 33, 40, 79, 48, 38, 82]],

[ 7, 65, 0,[ 28, 69, 93]],

[ 48, 65, 0,[ 69, 98, 3]],

[ 44, 55, 0,[ 69, 28, 93]],

[ 11, 25, 1,[ 61, 63, 31, 53, 89, 37, 30, 13, 26, 25, 27, 38, 90, 97, 92, 87, 66, 2, 68, 99, 33, 58, 91, 57, 51, 77, 0, 95, 9, 24, 42, 64, 67, 83, 18, 22, 81, 54, 35, 21, 46, 82, 80, 36, 16, 88, 15, 34, 10, 72, 79, 23, 71, 47, 39]],

[ 94, 65, 0,[ 98, 28]],

[ 54, 65, 0,[ 11, 28, 45]],

[ 64, 65, 0,[ 98, 28, 11]],

[ 15, 65, 0,[ 69, 93, 11]],

[ 38, 65, 0,[ 3, 11, 69]],

[ 28, 85, 1,[ 76, 1, 25, 37, 8, 7, 17, 31, 44, 75, 61, 96, 46, 49, 26, 36, 68, 85, 88, 6, 64, 73, 54, 9, 83, 97, 20, 78, 60, 70, 27, 58, 65, 94, 41, 43, 50, 95, 66, 51, 39, 52, 13, 0, 24, 12, 87, 62, 29, 33, 57]],

[ 65, 65, 0,[ 28, 69, 53]],

[ 22, 65, 0,[ 3, 11, 98]],

[ 50, 65, 0,[ 98, 28, 69]],

[ 19, 65, 0,[ 69]],

[ 78, 65, 0,[ 69, 28, 53]],

[ 14, 65, 1,[ 86, 69, 93]],

[ 93, 95, 1,[ 76, 14, 55, 56, 15, 44, 27, 7, 98, 21, 30, 32, 86, 39, 84, 23, 91]],

[ 37, 65, 0,[ 28, 11, 98]],

[ 71, 65, 0,[ 11, 45, 69]],

[ 70, 55, 0,[ 53, 28]],

[ 39, 65, 0,[ 11, 28, 93]],

[ 68, 65, 0,[ 28, 69, 11]],

[ 83, 65, 0,[ 3, 28, 11]],

[ 56, 65, 0,[ 47, 93, 98]],

