[ 98, 55, 1,[ 0, 29, 58]],

[ 14, 45, 1,[ 32, 58, 13, 90]],

[ 39, 55, 0,[ 37, 10, 84]],

[ 32, 35, 0,[ 27, 14, 77]],

[ 31, 5, 0,[ 71, 0, 56]],

[ 88, 15, 0,[ 93, 4, 10]],

[ 85, 55, 0,[ 26, 71, 57]],

[ 64, 45, 1,[ 21, 28, 13]],

[ 47, 65, 1,[ 81, 6, 71, 22]],

[ 21, 85, 1,[ 63, 64, 70, 59, 44]],

[ 76, 85, 0,[ 84, 87, 3]],

[ 8, 5, 0,[ 71, 73, 42]],

[ 41, 5, 1,[ 94, 1, 60, 81]],

[ 95, 15, 0,[ 28, 27, 12]],

[ 22, 35, 0,[ 50, 47, 60]],

[ 60, 15, 1,[ 41, 22, 3]],

[ 92, 35, 0,[ 25, 45, 77]],

[ 18, 85, 1,[ 2, 36, 28]],

[ 70, 35, 1,[ 21, 68, 91]],

[ 79, 5, 0,[ 73, 82, 3]],

[ 46, 85, 0,[ 57, 4, 29]],

[ 7, 5, 0,[ 25, 67]],

[ 26, 35, 0,[ 85, 11, 36]],

[ 52, 5, 0,[ 28, 55, 69]],

[ 38, 65, 1,[ 59, 65, 97]],

[ 57, 15, 1,[ 56, 83, 37, 46, 96, 85]],

[ 29, 35, 1,[ 46, 65, 73, 98, 40]],

[ 6, 5, 0,[ 47, 73, 24]],

[ 48, 55, 0,[ 0, 24, 53]],

[ 59, 5, 0,[ 38, 21, 16]],

[ 94, 55, 0,[ 97, 41, 43]],

[ 71, 95, 1,[ 31, 85, 30, 47, 19, 8]],

[ 97, 55, 0,[ 87, 94, 38]],

[ 90, 85, 0,[ 73, 14]],

[ 91, 55, 1,[ 5, 70, 75, 65]],

[ 34, 5, 1,[ 73, 58, 9]],

[ 66, 55, 0,[ 81, 43, 78]],

[ 65, 45, 1,[ 91, 29, 38, 80]],

[ 4, 75, 1,[ 20, 88, 46, 9, 75, 80, 45]],

[ 16, 55, 0,[ 45, 59, 43]],

[ 77, 75, 1,[ 62, 10, 89, 92, 32]],

[ 10, 35, 0,[ 88, 39, 77]],

[ 49, 35, 1,[ 23, 11, 73]],

[ 1, 5, 1,[ 2, 41, 72]],

[ 20, 5, 0,[ 27, 30, 4]],

[ 36, 15, 1,[ 82, 18, 5, 26]],

[ 5, 35, 1,[ 36, 33, 12, 91]],

[ 78, 5, 1,[ 74, 3, 66]],

[ 37, 85, 0,[ 57, 55, 39]],

[ 81, 55, 0,[ 47, 66, 41]],

[ 83, 25, 1,[ 99, 86, 33, 2, 57]],

[ 43, 25, 1,[ 66, 42, 16, 61, 94]],

[ 67, 55, 1,[ 7, 25, 23]],

[ 69, 85, 1,[ 52, 15, 19]],

[ 3, 45, 1,[ 76, 54, 60, 78, 79]],

[ 50, 5, 1,[ 22, 35, 86, 19]],

[ 93, 55, 1,[ 88, 56, 2]],

[ 42, 35, 0,[ 43, 35, 9, 8]],

[ 86, 35, 1,[ 50, 40, 83]],

[ 68, 5, 0,[ 0, 70, 55]],

[ 33, 5, 0,[ 83, 53, 5]],

[ 80, 5, 0,[ 65, 63, 4]],

[ 13, 45, 0,[ 64, 84, 53, 14]],

[ 2, 5, 1,[ 17, 83, 45, 93, 18, 1]],

[ 72, 5, 0,[ 1, 27, 0]],

[ 35, 85, 0,[ 53, 42, 0, 50]],

[ 74, 35, 1,[ 78, 45, 55]],

[ 23, 55, 0,[ 30, 63, 67, 99, 49]],

[ 54, 15, 0,[ 12, 62, 3, 15]],

[ 24, 35, 0,[ 6, 11, 48, 53]],

[ 30, 5, 1,[ 20, 71, 23]],

[ 15, 55, 1,[ 54, 17, 69, 84]],

[ 73, 85, 1,[ 17, 90, 34, 8, 89, 49, 29, 6, 79]],

[ 51, 95, 0,[ 89, 87, 84]],

[ 61, 5, 0,[ 43, 53]],

[ 55, 65, 1,[ 37, 44, 96, 68, 52, 74]],

[ 62, 35, 0,[ 54, 12, 77]],

[ 12, 5, 1,[ 95, 62, 0, 5, 54]],

[ 63, 55, 1,[ 23, 21, 80]],

[ 40, 5, 1,[ 86, 89, 29]],

[ 44, 15, 0,[ 55, 28, 21]],

[ 9, 15, 1,[ 4, 34, 42]],

[ 53, 95, 1,[ 24, 48, 35, 61, 82, 13, 33]],

[ 89, 35, 0,[ 77, 40, 51, 73]],

[ 75, 5, 0,[ 4, 91, 27]],

[ 84, 55, 0,[ 15, 51, 39, 13, 76]],

[ 19, 35, 0,[ 71, 50, 69]],

[ 45, 45, 1,[ 16, 92, 2, 4, 74]],

[ 27, 85, 1,[ 32, 75, 72, 95, 96, 20]],

[ 82, 5, 0,[ 79, 53, 36]],

[ 87, 95, 1,[ 51, 97, 76]],

[ 28, 45, 1,[ 64, 52, 44, 95, 18]],

[ 0, 25, 1,[ 31, 48, 12, 68, 72, 35, 98]],

[ 56, 35, 0,[ 93, 57, 31]],

[ 58, 35, 1,[ 98, 34, 14]],

[ 11, 65, 1,[ 26, 99, 24, 49]],

[ 25, 25, 1,[ 92, 7, 67]],

[ 17, 5, 0,[ 2, 15, 73]],

[ 96, 35, 0,[ 57, 55, 27]],

[ 99, 25, 0,[ 83, 23, 11]],

