[ 5, 45, 0,[ 16]],

[ 92, 5, 0,[]],

[ 34, 5, 0,[ 89, 88]],

[ 35, 15, 1,[ 49, 93, 59, 22, 30, 33, 39, 54]],

[ 7, 5, 0,[ 31, 44, 32, 11]],

[ 61, 45, 1,[ 17, 24, 96]],

[ 53, 65, 0,[]],

[ 10, 55, 0,[ 29, 97, 72]],

[ 31, 55, 1,[ 2, 47, 72, 41, 84, 99, 94, 19, 52, 80, 48, 7, 24]],

[ 11, 5, 0,[ 7, 37, 48, 0]],

[ 16, 45, 0,[ 15, 5]],

[ 91, 5, 0,[ 55, 70]],

[ 28, 5, 0,[ 96, 52, 8]],

[ 62, 65, 0,[]],

[ 81, 5, 0,[]],

[ 41, 55, 0,[ 31]],

[ 78, 65, 0,[]],

[ 15, 45, 0,[ 24, 18, 16]],

[ 2, 45, 0,[ 31, 84, 58]],

[ 88, 35, 0,[ 84, 34]],

[ 0, 5, 0,[ 98, 11, 80]],

[ 69, 35, 0,[]],

[ 8, 35, 1,[ 21, 45, 84, 85, 75, 74, 93, 55, 28]],

[ 71, 15, 0,[ 19]],

[ 3, 5, 0,[ 67, 94, 55]],

[ 51, 15, 0,[]],

[ 44, 5, 0,[ 74, 7, 83]],

[ 65, 65, 0,[ 37, 52]],

[ 40, 5, 0,[]],

[ 90, 35, 0,[ 12, 85, 49]],

[ 46, 45, 0,[]],

[ 70, 5, 0,[ 91, 39]],

[ 97, 55, 0,[ 75, 10, 56]],

[ 26, 5, 0,[ 36, 95, 64, 87, 48]],

[ 49, 15, 0,[ 90, 35]],

[ 43, 75, 0,[]],

[ 4, 5, 0,[ 19, 24, 32]],

[ 74, 5, 0,[ 44, 66, 8]],

[ 42, 5, 0,[ 57]],

[ 38, 75, 0,[]],

[ 68, 45, 1,[ 52, 96, 67]],

[ 32, 5, 0,[ 95, 79, 4, 7]],

[ 52, 5, 1,[ 65, 28, 68, 31]],

[ 21, 5, 0,[ 67, 87, 8]],

[ 23, 15, 0,[]],

[ 66, 5, 0,[ 94, 74]],

[ 84, 35, 0,[ 31, 2, 88, 8]],

[ 58, 45, 0,[ 2]],

[ 60, 45, 0,[]],

[ 29, 55, 0,[ 13, 10, 54]],

[ 48, 5, 0,[ 26, 31, 11]],

[ 99, 55, 0,[ 96, 31, 79]],

[ 72, 55, 0,[ 83, 10, 31]],

[ 9, 5, 0,[]],

[ 98, 5, 0,[ 0, 27, 36, 96]],

[ 85, 35, 0,[ 8, 37, 96, 90]],

[ 19, 15, 0,[ 31, 71, 4]],

[ 45, 35, 0,[ 33, 8, 24]],

[ 54, 45, 0,[ 35, 29, 94]],

[ 59, 15, 0,[ 35]],

[ 57, 65, 0,[ 18, 42]],

[ 6, 45, 0,[]],

[ 80, 5, 0,[ 0, 96, 31]],

[ 55, 5, 0,[ 91, 3, 8]],

[ 89, 5, 1,[ 17, 34]],

[ 20, 15, 0,[]],

[ 50, 45, 0,[]],

[ 82, 55, 0,[ 47, 13]],

[ 36, 5, 0,[ 75, 26, 98]],

[ 64, 5, 0,[ 47, 26, 93]],

[ 73, 5, 0,[]],

[ 17, 5, 0,[ 61, 39, 89]],

[ 79, 55, 0,[ 96, 32, 99]],

[ 47, 55, 0,[ 82, 31, 64]],

[ 63, 5, 0,[]],

[ 1, 5, 0,[]],

[ 30, 15, 0,[ 56, 35]],

[ 18, 65, 0,[ 37, 15, 57]],

[ 76, 5, 0,[]],

[ 39, 5, 0,[ 35, 17, 70]],

[ 87, 5, 0,[ 26, 21]],

[ 93, 35, 0,[ 35, 8, 64]],

[ 27, 55, 0,[ 56, 98]],

[ 56, 55, 0,[ 97, 27, 30]],

[ 96, 75, 1,[ 28, 12, 99, 80, 68, 85, 79, 61, 37, 98]],

[ 13, 55, 0,[ 29, 82]],

[ 77, 15, 0,[]],

[ 25, 55, 0,[]],

[ 24, 45, 1,[ 31, 15, 12, 61, 45, 4]],

[ 75, 5, 0,[ 8, 36, 97]],

[ 37, 65, 1,[ 11, 96, 95, 83, 65, 18, 85]],

[ 12, 45, 0,[ 24, 90, 96]],

[ 83, 65, 0,[ 72, 37, 44]],

[ 86, 75, 0,[]],

[ 94, 5, 0,[ 3, 54, 66, 31]],

[ 14, 55, 0,[]],

[ 33, 35, 0,[ 45, 35]],

[ 22, 15, 0,[ 35]],

[ 95, 5, 0,[ 32, 26, 37]],

[ 67, 5, 0,[ 21, 68, 3]],

