[ 19, 35, 0,[ 55, 15, 87]],

[ 11, 15, 0,[ 87, 78, 98]],

[ 6, 15, 0,[ 14, 0, 65, 63]],

[ 32, 35, 0,[ 16, 37, 31]],

[ 67, 35, 0,[ 80, 96, 82]],

[ 37, 35, 0,[ 92, 70, 32]],

[ 49, 55, 0,[ 61, 74, 30]],

[ 25, 45, 0,[ 84, 66, 69, 24]],

[ 64, 55, 0,[ 82, 74, 28]],

[ 31, 55, 0,[ 83, 38, 17, 2, 34, 32]],

[ 61, 55, 0,[ 72, 90, 49, 69]],

[ 30, 55, 0,[ 85, 10, 49, 35]],

[ 96, 35, 0,[ 60, 67, 91]],

[ 41, 45, 0,[ 52, 34, 12, 50, 4]],

[ 42, 95, 0,[ 50, 9, 93, 87]],

[ 20, 45, 0,[ 73, 35, 50]],

[ 13, 45, 0,[ 66, 40, 46]],

[ 53, 95, 1,[ 4, 28, 14, 10]],

[ 33, 75, 0,[ 1, 80, 54, 62]],

[ 29, 35, 0,[ 43, 50]],

[ 82, 55, 0,[ 67, 26, 39, 64]],

[ 40, 15, 0,[ 98, 13, 4]],

[ 78, 55, 0,[ 11, 39, 72]],

[ 27, 75, 0,[ 73, 58, 28]],

[ 79, 45, 0,[ 18, 34, 57, 8]],

[ 16, 35, 0,[ 32, 51, 23]],

[ 70, 35, 0,[ 94, 38, 37]],

[ 21, 45, 0,[ 66, 0]],

[ 18, 35, 0,[ 68, 48, 79]],

[ 50, 95, 0,[ 41, 20, 29, 42]],

[ 87, 35, 0,[ 42, 11, 19]],

[ 57, 45, 0,[ 47, 44, 99, 79]],

[ 48, 35, 0,[ 60, 36, 18]],

[ 65, 15, 0,[ 15, 6, 56, 92]],

[ 89, 35, 0,[ 43, 60, 62]],

[ 10, 35, 0,[ 53, 62, 30]],

[ 38, 35, 0,[ 91, 31, 70]],

[ 75, 45, 0,[ 97, 47, 46]],

[ 7, 15, 0,[ 56, 99, 9]],

[ 86, 95, 1,[ 46, 22, 8]],

[ 45, 35, 1,[ 56, 34, 23]],

[ 34, 45, 0,[ 31, 45, 41, 79]],

[ 85, 75, 0,[ 30, 81, 3, 14, 54]],

[ 69, 55, 1,[ 73, 25, 61]],

[ 81, 75, 0,[ 54, 88, 85]],

[ 59, 35, 0,[ 54, 12, 63]],

[ 46, 45, 0,[ 47, 86, 75, 13, 88]],

[ 63, 35, 0,[ 59, 60, 6]],

[ 99, 45, 0,[ 92, 98, 57, 7]],

[ 77, 45, 0,[ 56, 76, 3]],

[ 91, 75, 0,[ 54, 96, 38]],

[ 95, 45, 0,[ 54, 5, 3]],

[ 52, 45, 0,[ 47, 73, 0, 76, 71, 41]],

[ 0, 45, 0,[ 52, 21, 6]],

[ 54, 75, 0,[ 91, 85, 59, 95, 33, 81]],

[ 71, 45, 0,[ 52, 94]],

[ 28, 75, 1,[ 64, 72, 53, 27]],

[ 1, 55, 0,[ 17, 33]],

[ 68, 35, 0,[ 18, 66, 83, 22]],

[ 39, 55, 0,[ 74, 82, 78, 26, 76]],

[ 98, 15, 1,[ 11, 99, 40]],

[ 73, 45, 0,[ 52, 20, 69, 27, 15, 36]],

[ 88, 45, 0,[ 81, 97, 46]],

[ 36, 45, 0,[ 24, 48, 73]],

[ 47, 45, 0,[ 57, 46, 97, 52, 75]],

[ 12, 35, 0,[ 94, 92, 59, 41, 55]],

[ 80, 35, 0,[ 67, 2, 33]],

[ 3, 45, 1,[ 83, 85, 35, 77, 95]],

[ 93, 55, 1,[ 42, 51, 56]],

[ 94, 35, 0,[ 71, 70, 12]],

[ 76, 45, 0,[ 39, 77, 52]],

[ 55, 35, 0,[ 19, 12, 84]],

[ 97, 45, 0,[ 44, 88, 84, 75, 47]],

[ 26, 55, 0,[ 82, 39, 4]],

[ 5, 45, 0,[ 23, 95]],

[ 60, 35, 0,[ 89, 48, 51, 96, 63]],

[ 22, 35, 0,[ 86, 84, 68]],

[ 9, 35, 0,[ 43, 7, 42]],

[ 72, 75, 0,[ 78, 28, 61]],

[ 51, 35, 0,[ 90, 93, 60, 16]],

[ 58, 55, 0,[ 27, 17, 43]],

[ 56, 15, 0,[ 65, 7, 77, 45, 93]],

[ 44, 45, 0,[ 23, 57, 97]],

[ 4, 95, 1,[ 26, 53, 41, 40]],

[ 84, 45, 0,[ 55, 97, 22, 25]],

[ 17, 55, 0,[ 1, 31, 58]],

[ 24, 45, 0,[ 25, 2, 36]],

[ 83, 55, 0,[ 68, 31, 3]],

[ 35, 45, 0,[ 20, 3, 30]],

[ 92, 35, 0,[ 37, 65, 99, 12]],

[ 62, 35, 0,[ 89, 10, 33]],

[ 8, 95, 0,[ 79, 90, 86]],

[ 66, 45, 0,[ 25, 21, 13, 68]],

[ 90, 35, 0,[ 61, 51, 8]],

[ 15, 35, 0,[ 73, 19, 65]],

[ 74, 55, 0,[ 39, 49, 64]],

[ 2, 35, 0,[ 31, 24, 80]],

[ 23, 45, 0,[ 16, 5, 44, 45]],

[ 43, 35, 0,[ 89, 58, 9, 29]],

[ 14, 25, 1,[ 85, 6, 53]],

