[ 42, 75, 0,[]],

[ 0, 35, 0,[ 79]],

[ 58, 15, 0,[ 22]],

[ 27, 75, 0,[ 93, 28]],

[ 14, 15, 0,[ 98]],

[ 67, 75, 0,[ 85]],

[ 75, 75, 0,[]],

[ 61, 15, 0,[]],

[ 65, 75, 0,[]],

[ 53, 95, 1,[ 87, 38, 24, 45, 44]],

[ 47, 75, 0,[]],

[ 79, 35, 0,[ 0, 78, 98]],

[ 38, 15, 0,[ 53, 95, 56]],

[ 40, 75, 0,[ 44, 29]],

[ 26, 25, 0,[ 69]],

[ 43, 35, 0,[ 31]],

[ 48, 95, 0,[ 29, 3, 93]],

[ 24, 15, 0,[ 94, 98, 22, 53]],

[ 15, 75, 0,[]],

[ 83, 15, 0,[]],

[ 19, 15, 0,[ 92]],

[ 81, 35, 0,[]],

[ 52, 15, 0,[ 92, 50]],

[ 5, 85, 0,[ 21, 76, 44]],

[ 8, 35, 0,[]],

[ 92, 15, 0,[ 52, 19]],

[ 70, 15, 0,[ 94, 21, 46]],

[ 29, 35, 0,[ 60, 40, 48]],

[ 62, 95, 0,[]],

[ 60, 35, 1,[ 66, 36, 87, 74, 93, 29]],

[ 91, 95, 0,[]],

[ 90, 95, 0,[]],

[ 72, 75, 0,[ 1, 39, 86]],

[ 45, 75, 1,[ 53, 98, 7]],

[ 21, 15, 0,[ 70, 5]],

[ 12, 35, 0,[]],

[ 51, 15, 0,[]],

[ 33, 25, 0,[]],

[ 68, 95, 0,[]],

[ 56, 15, 0,[ 38, 98, 7]],

[ 89, 75, 0,[]],

[ 22, 15, 0,[ 24, 58]],

[ 2, 35, 0,[]],

[ 85, 75, 0,[ 67, 9, 69]],

[ 34, 75, 0,[]],

[ 44, 75, 0,[ 53, 28, 32, 40, 5]],

[ 13, 35, 0,[ 93, 7, 31]],

[ 96, 85, 0,[]],

[ 94, 15, 0,[ 70, 24]],

[ 36, 75, 0,[ 60, 16, 4, 25, 1, 32]],

[ 87, 35, 0,[ 69, 60, 53]],

[ 18, 95, 0,[]],

[ 20, 15, 0,[ 99, 98]],

[ 16, 75, 0,[ 7, 36, 28]],

[ 99, 35, 0,[ 78, 20]],

[ 77, 15, 0,[]],

[ 1, 75, 0,[ 36, 72, 50]],

[ 80, 75, 0,[ 98, 9, 86]],

[ 9, 75, 0,[ 85, 80, 7]],

[ 32, 75, 0,[ 36, 44]],

[ 41, 95, 0,[]],

[ 30, 25, 0,[]],

[ 49, 85, 0,[]],

[ 66, 25, 0,[ 60, 3, 93]],

[ 64, 15, 0,[]],

[ 25, 25, 0,[ 7, 93, 36]],

[ 57, 25, 0,[]],

[ 50, 75, 0,[ 1, 52]],

[ 74, 35, 0,[ 60]],

[ 28, 75, 1,[ 95, 16, 27, 44, 4]],

[ 23, 75, 0,[]],

[ 82, 15, 0,[]],

[ 10, 85, 0,[]],

[ 93, 25, 1,[ 3, 48, 60, 66, 13, 25, 27]],

[ 88, 35, 0,[]],

[ 4, 75, 0,[ 7, 36, 28]],

[ 6, 35, 0,[ 78]],

[ 69, 25, 1,[ 11, 85, 26, 95, 87, 98]],

[ 97, 35, 0,[]],

[ 55, 35, 0,[]],

[ 3, 95, 1,[ 48, 66, 93]],

[ 71, 85, 0,[ 7, 59]],

[ 95, 15, 0,[ 38, 28, 69]],

[ 78, 35, 0,[ 6, 79, 99]],

[ 54, 15, 0,[]],

[ 98, 15, 1,[ 69, 24, 14, 80, 45, 20, 79, 56]],

[ 37, 15, 0,[]],

[ 7, 85, 1,[ 56, 4, 25, 86, 9, 45, 16, 76, 71, 13]],

[ 59, 85, 0,[ 71, 39]],

[ 46, 15, 0,[ 70]],

[ 39, 75, 0,[ 59, 72]],

[ 76, 85, 0,[ 7, 5]],

[ 31, 35, 0,[ 43, 13]],

[ 63, 35, 0,[]],

[ 11, 25, 0,[ 69]],

[ 73, 25, 0,[]],

[ 86, 75, 1,[ 7, 72, 80]],

[ 84, 75, 0,[]],

[ 17, 35, 0,[]],

[ 35, 95, 0,[]],

