[ 24, 55, 0,[ 14, 60, 12, 1]],

[ 65, 55, 0,[ 16, 55, 8, 45]],

[ 10, 55, 0,[ 3, 93, 15]],

[ 59, 55, 0,[ 74, 14, 49]],

[ 92, 55, 0,[ 19, 48, 56]],

[ 87, 55, 0,[ 91, 58, 82, 71]],

[ 52, 55, 0,[ 44, 79, 46]],

[ 45, 55, 1,[ 93, 43, 65]],

[ 17, 55, 0,[ 37, 46, 36]],

[ 13, 55, 0,[ 96, 50, 51]],

[ 54, 55, 0,[ 36, 95]],

[ 30, 55, 0,[ 31, 63, 86, 93]],

[ 86, 55, 1,[ 69, 30, 58, 84, 98, 28]],

[ 53, 35, 1,[ 36, 83, 49, 80, 89, 28, 61, 32]],

[ 63, 55, 0,[ 48, 90, 30]],

[ 84, 55, 0,[ 21, 72, 86]],

[ 37, 55, 0,[ 55, 17, 35, 0]],

[ 16, 55, 0,[ 72, 65, 51]],

[ 7, 55, 0,[ 38, 35, 47]],

[ 55, 55, 0,[ 47, 65, 25, 37]],

[ 21, 55, 0,[ 0, 79, 84, 88, 96]],

[ 9, 55, 0,[ 98, 41, 36]],

[ 42, 55, 0,[ 3, 91]],

[ 79, 55, 0,[ 48, 52, 21, 20]],

[ 18, 55, 0,[ 25, 22, 20]],

[ 32, 55, 0,[ 47, 22, 89, 71, 57, 53, 94]],

[ 70, 55, 0,[ 73, 77, 39]],

[ 73, 55, 0,[ 70, 96, 97]],

[ 38, 55, 0,[ 7, 98, 46]],

[ 66, 55, 0,[ 4, 48, 1, 2]],

[ 68, 55, 0,[ 93, 88, 69]],

[ 3, 15, 1,[ 83, 15, 33, 31, 42, 10, 95, 19, 64, 93]],

[ 72, 55, 0,[ 19, 58, 83, 16, 84]],

[ 39, 55, 0,[ 64, 70, 28, 95]],

[ 74, 55, 0,[ 59, 57, 0]],

[ 5, 55, 0,[ 58, 8, 46]],

[ 0, 55, 0,[ 37, 74, 58, 21]],

[ 28, 35, 1,[ 53, 39, 2, 86]],

[ 95, 55, 0,[ 98, 54, 39, 3]],

[ 23, 55, 0,[ 80, 69, 82, 56]],

[ 77, 55, 0,[ 76, 70, 11, 6, 97]],

[ 14, 35, 1,[ 24, 8, 36, 59, 60, 78]],

[ 94, 55, 0,[ 91, 36, 32]],

[ 34, 55, 0,[ 6, 41, 67, 33, 85]],

[ 20, 55, 0,[ 85, 18, 79, 6, 93]],

[ 76, 55, 0,[ 75, 85, 77]],

[ 80, 55, 0,[ 53, 23, 19]],

[ 31, 55, 0,[ 3, 90, 30]],

[ 64, 55, 0,[ 8, 3, 39]],

[ 47, 55, 0,[ 55, 7, 32]],

[ 6, 55, 0,[ 77, 34, 20]],

[ 46, 55, 0,[ 36, 17, 38, 5, 52]],

[ 91, 55, 0,[ 42, 94, 87]],

[ 62, 55, 0,[ 40, 15, 26]],

[ 27, 55, 0,[ 67, 97, 35]],

[ 61, 55, 0,[ 26, 53, 44]],

[ 49, 55, 0,[ 53, 33, 59]],

[ 35, 55, 0,[ 27, 98, 7, 37, 81]],

[ 67, 55, 0,[ 26, 34, 27, 60, 12]],

[ 78, 55, 0,[ 36, 44, 14]],

[ 41, 55, 0,[ 9, 34, 36, 88]],

[ 2, 55, 0,[ 28, 66]],

[ 83, 55, 0,[ 72, 53, 3]],

[ 26, 55, 0,[ 67, 98, 61, 62]],

[ 51, 55, 0,[ 13, 81, 8, 16]],

[ 56, 55, 0,[ 23, 43, 92]],

[ 69, 15, 1,[ 68, 86, 23, 82]],

[ 96, 55, 0,[ 13, 88, 73, 81, 21, 29]],

[ 15, 55, 0,[ 36, 62, 10, 3]],

[ 90, 55, 0,[ 75, 31, 63]],

[ 97, 55, 0,[ 27, 73, 77]],

[ 85, 55, 0,[ 76, 20, 34]],

[ 48, 55, 0,[ 25, 79, 66, 63, 92]],

[ 50, 55, 0,[ 43, 57, 13]],

[ 22, 55, 0,[ 98, 18, 32]],

[ 19, 55, 0,[ 75, 72, 98, 92, 80, 3]],

[ 12, 55, 0,[ 67, 99, 24]],

[ 93, 45, 1,[ 82, 68, 3, 20, 45, 30, 10]],

[ 75, 55, 0,[ 76, 19, 90]],

[ 8, 55, 0,[ 51, 5, 65, 64, 14]],

[ 88, 55, 0,[ 68, 96, 29, 41, 21]],

[ 4, 55, 0,[ 29, 89, 66]],

[ 71, 55, 0,[ 44, 32, 87]],

[ 11, 55, 0,[ 77, 36, 99, 82]],

[ 40, 55, 0,[ 99, 62, 98]],

[ 36, 85, 1,[ 9, 46, 17, 41, 54, 78, 53, 14, 11, 94, 15]],

[ 43, 55, 0,[ 45, 50, 56]],

[ 58, 55, 0,[ 72, 5, 87, 86, 0]],

[ 98, 25, 1,[ 19, 86, 38, 1, 35, 22, 9, 40, 95, 26]],

[ 82, 55, 0,[ 87, 93, 69, 23, 11]],

[ 25, 55, 0,[ 55, 89, 18, 48]],

[ 81, 55, 0,[ 96, 35, 51]],

[ 44, 55, 0,[ 61, 78, 52, 71]],

[ 1, 55, 0,[ 66, 98, 24]],

[ 29, 55, 0,[ 88, 96, 4]],

[ 33, 55, 0,[ 49, 3, 34]],

[ 60, 55, 0,[ 67, 14, 24]],

[ 89, 55, 0,[ 4, 53, 32, 25]],

[ 57, 55, 0,[ 50, 32, 74]],

[ 99, 55, 0,[ 11, 12, 40]],

