[ 97, 85, 1,[ 74, 11, 1, 42]],

[ 91, 25, 0,[ 93, 74, 99]],

[ 17, 25, 1,[ 85, 98, 10, 86, 6]],

[ 57, 75, 0,[ 84, 7, 92]],

[ 26, 45, 1,[ 58, 39, 28]],

[ 23, 95, 1,[ 39, 77, 60, 84]],

[ 48, 95, 1,[ 69, 71, 64, 60, 0]],

[ 59, 55, 1,[ 65, 50, 6]],

[ 49, 95, 0,[ 62, 69, 78]],

[ 10, 35, 1,[ 1, 24, 17, 58]],

[ 51, 55, 0,[ 56, 65, 84]],

[ 40, 75, 1,[ 74, 29, 47, 28, 7]],

[ 31, 75, 1,[ 67, 96, 66]],

[ 62, 25, 1,[ 45, 49, 11]],

[ 87, 15, 1,[ 58, 7, 5, 4]],

[ 63, 25, 0,[ 79]],

[ 70, 85, 0,[ 9, 29, 8, 11, 73]],

[ 6, 45, 1,[ 59, 13, 17]],

[ 15, 85, 0,[ 77, 83, 32]],

[ 28, 75, 0,[ 88, 40, 26]],

[ 11, 85, 0,[ 62, 70, 97]],

[ 68, 35, 1,[ 82, 44, 12]],

[ 66, 5, 1,[ 31, 3, 79]],

[ 76, 55, 1,[ 86, 12, 14]],

[ 61, 45, 1,[ 3, 34, 86]],

[ 53, 75, 0,[ 42, 7, 43]],

[ 83, 15, 0,[ 30, 15, 4]],

[ 67, 75, 0,[ 21, 33, 31]],

[ 98, 5, 0,[ 95, 44, 17]],

[ 74, 65, 1,[ 91, 20, 42, 40, 5, 97]],

[ 89, 45, 1,[ 0, 5, 32]],

[ 0, 45, 0,[ 85, 89, 48]],

[ 93, 5, 0,[ 37, 75, 91, 30]],

[ 75, 85, 1,[ 13, 36, 93, 54, 96]],

[ 86, 45, 0,[ 61, 76, 17]],

[ 27, 55, 0,[ 39, 32, 14]],

[ 4, 15, 0,[ 87, 83, 80]],

[ 38, 55, 0,[ 56, 52]],

[ 71, 15, 1,[ 92, 48, 34]],

[ 5, 65, 0,[ 89, 74, 87]],

[ 44, 5, 1,[ 79, 98, 68]],

[ 85, 15, 0,[ 90, 0, 17]],

[ 78, 95, 0,[ 49, 99, 9]],

[ 88, 5, 1,[ 21, 28, 3, 95, 81, 46]],

[ 18, 85, 0,[ 92]],

[ 84, 95, 1,[ 51, 42, 35, 57, 23]],

[ 33, 65, 1,[ 25, 81, 46, 67]],

[ 90, 15, 1,[ 22, 55, 30, 85]],

[ 9, 85, 0,[ 43, 78, 70]],

[ 3, 55, 0,[ 14, 61, 66, 88, 16]],

[ 29, 95, 1,[ 70, 40]],

[ 95, 55, 1,[ 98, 25, 88]],

[ 30, 15, 0,[ 83, 8, 12, 93, 90]],

[ 14, 55, 0,[ 76, 41, 27, 3, 42]],

[ 36, 85, 0,[ 75, 8]],

[ 54, 45, 0,[ 75, 19, 58]],

[ 13, 35, 1,[ 75, 82, 6]],

[ 46, 85, 1,[ 88, 33, 25]],

[ 92, 85, 1,[ 71, 57, 18, 19, 94]],

[ 94, 85, 1,[ 92, 50, 73]],

[ 55, 15, 0,[ 64, 41, 90]],

[ 60, 95, 0,[ 48, 23]],

[ 80, 65, 1,[ 4, 58, 56]],

[ 99, 25, 1,[ 91, 35, 78, 72, 22]],

[ 96, 75, 1,[ 31, 75, 25]],

[ 50, 55, 0,[ 94, 59]],

[ 65, 55, 0,[ 51, 59, 81]],

[ 21, 5, 0,[ 88, 67]],

[ 81, 45, 1,[ 33, 88, 65]],

[ 47, 75, 0,[ 40, 16, 20]],

[ 12, 35, 0,[ 30, 68, 76]],

[ 16, 55, 1,[ 8, 47, 3]],

[ 77, 95, 0,[ 15, 23, 35]],

[ 37, 5, 1,[ 56, 93, 69]],

[ 42, 85, 1,[ 97, 53, 84, 14, 74]],

[ 20, 75, 0,[ 79, 74, 47]],

[ 72, 45, 1,[ 82, 45, 43, 99]],

[ 22, 95, 1,[ 99, 90]],

[ 39, 35, 1,[ 26, 23, 2, 27]],

[ 1, 85, 0,[ 97, 24, 10]],

[ 43, 75, 0,[ 72, 53, 9]],

[ 45, 45, 0,[ 72, 62]],

[ 52, 5, 1,[ 35, 19, 38]],

[ 64, 85, 0,[ 2, 32, 48, 55]],

[ 2, 45, 0,[ 39, 64, 82]],

[ 7, 75, 0,[ 40, 57, 53, 87]],

[ 56, 55, 1,[ 38, 80, 37, 51]],

[ 82, 45, 1,[ 13, 72, 2, 68]],

[ 79, 25, 1,[ 44, 20, 63, 66]],

[ 24, 65, 1,[ 73, 10, 1]],

[ 8, 75, 1,[ 16, 70, 36, 34, 30]],

[ 73, 85, 0,[ 70, 94, 24]],

[ 32, 85, 1,[ 89, 64, 27, 15]],

[ 41, 15, 0,[ 55, 14]],

[ 35, 5, 1,[ 77, 84, 99, 52]],

[ 25, 55, 0,[ 33, 46, 96, 95]],

[ 34, 75, 0,[ 61, 8, 71]],

[ 58, 45, 0,[ 80, 87, 26, 10, 54]],

[ 19, 45, 1,[ 54, 92, 52]],

[ 69, 95, 0,[ 37, 48, 49]],

