[ 39, 5, 0,[ 66, 21, 70]],

[ 23, 95, 0,[ 34, 47, 37]],

[ 91, 55, 1,[ 98, 74, 71, 97, 35, 12]],

[ 7, 15, 0,[ 70, 0, 15]],

[ 12, 25, 1,[ 3, 5, 91]],

[ 86, 15, 1,[ 46, 29, 22, 41]],

[ 1, 35, 1,[ 84, 28, 30, 20]],

[ 90, 35, 1,[ 56, 18, 40]],

[ 77, 85, 1,[ 88, 2, 75]],

[ 97, 5, 0,[ 95, 57, 22, 30, 91]],

[ 35, 85, 0,[ 25, 78, 91, 89]],

[ 48, 55, 0,[ 41, 25]],

[ 53, 75, 1,[ 80, 58, 40]],

[ 70, 95, 1,[ 39, 85, 50, 7]],

[ 72, 5, 0,[ 88, 58, 24]],

[ 28, 35, 1,[ 99, 63, 1]],

[ 6, 25, 0,[ 93, 58, 69]],

[ 85, 55, 0,[ 16, 70, 83, 64, 61, 63]],

[ 13, 45, 0,[ 47, 8, 95]],

[ 4, 55, 1,[ 24, 99, 68, 61, 92]],

[ 21, 25, 1,[ 32, 34, 39, 29]],

[ 36, 75, 1,[ 31, 55, 51, 18]],

[ 37, 45, 0,[ 23, 30, 2]],

[ 56, 65, 0,[ 79, 90, 49]],

[ 29, 25, 1,[ 78, 86, 21]],

[ 84, 25, 0,[ 40, 1, 45]],

[ 10, 5, 0,[ 73, 76]],

[ 96, 45, 0,[ 99, 32, 61]],

[ 59, 75, 0,[ 33, 20, 64]],

[ 44, 85, 0,[ 34, 52, 57]],

[ 52, 85, 0,[ 44, 94, 15]],

[ 58, 85, 1,[ 95, 27, 72, 9, 54, 53, 6]],

[ 82, 5, 0,[ 11, 33, 62, 17]],

[ 74, 35, 0,[ 91, 9, 25]],

[ 30, 65, 1,[ 37, 1, 97, 73]],

[ 8, 45, 0,[ 49, 54, 13]],

[ 75, 5, 0,[ 98, 77, 14]],

[ 65, 5, 1,[ 11, 67, 40, 9]],

[ 51, 5, 0,[ 62, 33, 36, 14]],

[ 26, 85, 0,[ 47, 55, 93]],

[ 66, 5, 0,[ 9, 39, 5]],

[ 9, 25, 1,[ 65, 74, 92, 58, 66]],

[ 24, 5, 0,[ 4, 72]],

[ 0, 25, 1,[ 81, 32, 7]],

[ 3, 55, 1,[ 46, 38, 12]],

[ 99, 85, 0,[ 96, 4, 28]],

[ 55, 25, 1,[ 26, 81, 71, 36]],

[ 63, 35, 1,[ 89, 28, 85]],

[ 18, 75, 1,[ 73, 36, 54, 87, 90]],

[ 93, 85, 1,[ 26, 6, 19, 16]],

[ 38, 15, 1,[ 33, 69, 3]],

[ 98, 5, 1,[ 83, 75, 91]],

[ 64, 45, 1,[ 85, 59, 54]],

[ 43, 5, 1,[ 27, 14, 89]],

[ 79, 75, 1,[ 14, 78, 56]],

[ 19, 5, 0,[ 42, 93, 17]],

[ 25, 85, 1,[ 74, 48, 81, 35]],

[ 54, 75, 0,[ 8, 64, 58, 18]],

[ 33, 65, 1,[ 38, 82, 59, 51]],

[ 62, 5, 0,[ 82, 51, 76]],

[ 71, 35, 0,[ 60, 91, 55]],

[ 32, 45, 0,[ 0, 21, 96]],

[ 2, 85, 1,[ 37, 60, 77]],

[ 76, 5, 0,[ 62, 15, 10]],

[ 83, 15, 1,[ 87, 85, 98, 45]],

[ 16, 75, 1,[ 31, 80, 93, 34, 85]],

[ 94, 85, 0,[ 52, 41, 67, 50]],

[ 50, 5, 1,[ 45, 70, 94]],

[ 46, 45, 0,[ 3, 27, 86]],

[ 88, 5, 0,[ 77, 5, 87, 72]],

[ 78, 85, 0,[ 29, 68, 35, 61, 79]],

[ 80, 15, 0,[ 53, 31, 16]],

[ 31, 15, 0,[ 36, 80, 16]],

[ 11, 95, 1,[ 65, 82, 67]],

[ 17, 5, 0,[ 82, 22, 19]],

[ 49, 5, 1,[ 56, 8, 69]],

[ 68, 85, 0,[ 4, 78, 60]],

[ 89, 85, 0,[ 35, 43, 63]],

[ 22, 5, 0,[ 86, 17, 97]],

[ 57, 35, 1,[ 5, 97, 44]],

[ 95, 95, 1,[ 97, 13, 58]],

[ 81, 5, 0,[ 0, 25, 55]],

[ 69, 55, 1,[ 6, 49, 38]],

[ 73, 5, 1,[ 18, 30, 10]],

[ 45, 85, 1,[ 83, 84, 50]],

[ 60, 45, 1,[ 71, 2, 68, 42]],

[ 87, 75, 0,[ 83, 88, 18]],

[ 27, 25, 1,[ 46, 67, 43, 58]],

[ 42, 5, 0,[ 47, 60, 19]],

[ 5, 5, 1,[ 57, 88, 12, 66]],

[ 41, 15, 1,[ 48, 94, 86]],

[ 67, 15, 1,[ 65, 27, 94, 11]],

[ 40, 25, 0,[ 84, 65, 90, 53]],

[ 20, 95, 0,[ 59, 1, 92]],

[ 15, 55, 1,[ 7, 76, 52]],

[ 61, 55, 0,[ 4, 78, 96, 85]],

[ 14, 45, 1,[ 75, 79, 43, 51]],

[ 92, 95, 0,[ 9, 20, 4]],

[ 47, 75, 1,[ 42, 13, 23, 26]],

[ 34, 85, 1,[ 44, 23, 21, 16]],

[ 22, 55, 0,[ 79, 54, 64]],

[ 80, 95, 0,[ 50, 64, 95]],

[ 92, 75, 0,[ 63, 57, 83, 96, 38]],

[ 10, 15, 0,[ 59, 41, 78]],

[ 94, 85, 0,[ 36, 23, 59]],

[ 87, 55, 0,[ 44, 41, 78]],

[ 50, 45, 1,[ 80, 74, 98]],

[ 8, 5, 0,[ 30, 62, 78]],

[ 72, 15, 0,[ 45, 25, 4]],

[ 6, 15, 0,[ 78, 49, 5]],

[ 26, 75, 0,[ 85, 21, 4]],

[ 13, 85, 0,[ 59, 96, 91]],

[ 56, 75, 0,[ 86, 24, 73]],

[ 43, 85, 1,[ 45, 40, 95]],

[ 29, 75, 0,[ 38, 9, 95]],

[ 36, 95, 1,[ 61, 94, 59, 53, 34]],

[ 88, 25, 1,[ 5, 19, 76, 68]],

[ 1, 55, 1,[ 73, 51, 31, 79]],

[ 35, 15, 0,[ 95, 78, 42]],

[ 70, 65, 1,[ 62, 58, 15, 81]],

[ 20, 35, 1,[ 60, 46, 82, 57, 74]],

[ 3, 55, 1,[ 82, 21, 47]],

[ 46, 35, 0,[ 15, 49, 20]],

[ 33, 55, 0,[ 4, 11, 66]],

[ 11, 15, 1,[ 33, 58, 55]],

[ 95, 65, 1,[ 35, 29, 80, 43, 39, 84]],

[ 49, 65, 1,[ 6, 60, 69, 73, 46]],

[ 83, 55, 1,[ 51, 4, 92, 31, 86]],

[ 86, 5, 1,[ 67, 56, 52, 83]],

[ 5, 5, 1,[ 61, 6, 88, 23, 32]],

[ 91, 15, 1,[ 7, 13, 38]],

[ 98, 25, 1,[ 50, 14, 68]],

[ 19, 65, 0,[ 12, 40, 88]],

[ 73, 45, 1,[ 1, 49, 71, 63, 56]],

[ 48, 55, 0,[ 93, 54, 37, 2]],

[ 62, 5, 0,[ 8, 70, 66]],

[ 85, 75, 0,[ 26, 66, 34]],

[ 24, 75, 0,[ 56, 77]],

[ 2, 15, 1,[ 48, 40, 65]],

[ 67, 55, 1,[ 68, 86, 90]],

[ 51, 95, 0,[ 1, 54, 83]],

[ 71, 5, 0,[ 73, 84, 45]],

[ 39, 95, 0,[ 54, 28, 95]],

[ 81, 45, 0,[ 30, 70, 16]],

[ 65, 15, 1,[ 15, 2, 97, 77, 93]],

[ 37, 55, 0,[ 44, 21, 48]],

[ 47, 15, 1,[ 76, 3, 25]],

[ 69, 15, 1,[ 15, 49, 27]],

[ 14, 75, 0,[ 98, 57, 96]],

[ 53, 75, 1,[ 12, 52, 36]],

[ 34, 15, 1,[ 36, 85, 31, 38]],

[ 82, 5, 0,[ 4, 27, 3, 20]],

[ 68, 75, 0,[ 67, 98, 88]],

[ 54, 65, 1,[ 39, 51, 48, 22]],

[ 55, 45, 1,[ 11, 32, 12, 42]],

[ 78, 25, 1,[ 35, 87, 60, 8, 10, 6]],

[ 28, 65, 1,[ 0, 57, 39]],

[ 57, 35, 1,[ 89, 20, 28, 14, 75, 92]],

[ 12, 55, 1,[ 53, 55, 99, 19, 90]],

[ 90, 15, 0,[ 99, 12, 64, 67]],

[ 74, 85, 0,[ 97, 50, 20]],

[ 15, 15, 1,[ 46, 75, 61, 69, 65, 70]],

[ 4, 5, 1,[ 72, 26, 83, 33, 82]],

[ 64, 95, 1,[ 90, 80, 9, 22]],

[ 16, 25, 1,[ 81, 84, 7]],

[ 96, 75, 0,[ 13, 14, 92]],

[ 44, 55, 0,[ 38, 18, 87, 37]],

[ 58, 55, 1,[ 38, 70, 11]],

[ 18, 15, 1,[ 9, 0, 44]],

[ 23, 85, 0,[ 5, 30, 94]],

[ 30, 65, 1,[ 8, 23, 81, 89]],

[ 77, 15, 1,[ 79, 65, 24]],

[ 38, 75, 1,[ 29, 91, 92, 44, 0, 58, 34]],

[ 45, 45, 1,[ 43, 72, 71]],

[ 61, 35, 0,[ 15, 5, 36]],

[ 21, 35, 1,[ 26, 37, 89, 3]],

[ 40, 65, 0,[ 19, 43, 17, 2, 52]],

[ 89, 25, 0,[ 21, 57, 30]],

[ 9, 5, 1,[ 18, 29, 64, 93]],

[ 59, 85, 0,[ 36, 10, 13, 94]],

[ 42, 45, 0,[ 63, 55, 35]],

[ 41, 95, 1,[ 87, 17, 10]],

[ 93, 35, 1,[ 9, 27, 65, 48]],

[ 27, 55, 1,[ 82, 93, 69]],

[ 31, 95, 0,[ 1, 34, 83]],

[ 76, 75, 0,[ 7, 88, 47]],

[ 17, 65, 0,[ 40, 41]],

[ 52, 65, 0,[ 40, 53, 86]],

[ 84, 5, 0,[ 71, 95, 16]],

[ 97, 85, 0,[ 65, 74, 25]],

[ 32, 25, 0,[ 60, 5, 55]],

[ 7, 55, 1,[ 79, 91, 16, 76]],

[ 0, 5, 1,[ 28, 18, 38]],

[ 99, 15, 0,[ 90, 75, 12]],

[ 75, 15, 0,[ 57, 99, 15]],

[ 63, 95, 1,[ 42, 92, 73]],

[ 60, 5, 1,[ 49, 20, 78, 32]],

[ 25, 95, 1,[ 47, 72, 97]],

[ 79, 55, 0,[ 7, 77, 22, 1]],

[ 66, 55, 0,[ 85, 62, 33]],

