[ 50, 15, 0,[ 71, 0, 93]],

[ 98, 85, 1,[ 31, 79, 5, 60, 47, 64, 10]],

[ 69, 25, 1,[ 77, 75, 48, 10]],

[ 74, 5, 0,[ 28, 58, 1, 7]],

[ 82, 15, 0,[ 88, 64, 38]],

[ 57, 15, 0,[ 89, 27, 19]],

[ 40, 15, 0,[ 67, 71, 90]],

[ 71, 15, 0,[ 32, 81, 50, 40]],

[ 39, 15, 0,[ 38, 60, 72]],

[ 36, 5, 0,[ 80, 14, 38, 53]],

[ 92, 15, 0,[ 47, 54, 35]],

[ 33, 35, 0,[ 62, 42, 81]],

[ 91, 35, 0,[ 35, 2, 28, 44, 97, 26]],

[ 95, 35, 0,[ 8, 63, 77]],

[ 79, 5, 0,[ 17, 98, 43]],

[ 66, 15, 0,[ 4, 14, 21, 5]],

[ 68, 35, 0,[ 45, 30, 73]],

[ 14, 15, 0,[ 38, 42, 36, 55, 66]],

[ 10, 15, 0,[ 6, 98, 46, 69]],

[ 54, 15, 0,[ 34, 93, 56, 92]],

[ 41, 15, 0,[ 9, 49, 78]],

[ 20, 5, 0,[ 96, 52, 38, 47]],

[ 81, 15, 0,[ 71, 33, 35, 84]],

[ 17, 15, 0,[ 37, 34, 79]],

[ 75, 35, 0,[ 77, 93, 61, 69]],

[ 11, 5, 0,[ 24, 18, 3]],

[ 46, 15, 0,[ 10, 7, 88, 60]],

[ 24, 35, 0,[ 62, 55, 45, 11]],

[ 21, 15, 0,[ 76, 59, 48, 66]],

[ 19, 35, 0,[ 57, 44, 88, 30]],

[ 84, 15, 0,[ 15, 7, 81]],

[ 78, 15, 0,[ 41, 1]],

[ 89, 15, 0,[ 57, 86, 5]],

[ 18, 5, 0,[ 83, 25, 11, 52]],

[ 63, 35, 0,[ 51, 97, 95]],

[ 23, 35, 0,[ 61, 44, 85]],

[ 73, 15, 0,[ 68, 94, 86, 32]],

[ 16, 85, 0,[ 3, 22, 37]],

[ 35, 35, 0,[ 92, 91, 81]],

[ 67, 5, 0,[ 94, 53, 40, 7]],

[ 9, 15, 0,[ 72, 41, 44]],

[ 5, 15, 0,[ 66, 98, 89]],

[ 94, 15, 0,[ 67, 73, 2]],

[ 2, 35, 0,[ 8, 94, 91, 85, 22]],

[ 61, 35, 0,[ 75, 28, 23]],

[ 70, 15, 0,[ 4, 93, 58]],

[ 55, 15, 0,[ 24, 14, 87]],

[ 7, 55, 1,[ 80, 74, 67, 46, 84]],

[ 22, 35, 0,[ 2, 16, 99]],

[ 52, 5, 0,[ 29, 37, 18, 20, 64]],

[ 4, 15, 0,[ 85, 66, 70]],

[ 29, 5, 0,[ 28, 52, 65]],

[ 37, 5, 0,[ 28, 16, 52, 17]],

[ 48, 15, 0,[ 21, 56, 69]],

[ 65, 35, 0,[ 29, 32, 93]],

[ 62, 35, 0,[ 33, 86, 24, 6]],

[ 30, 35, 0,[ 68, 19, 26]],

[ 38, 95, 1,[ 20, 8, 14, 39, 82, 87, 36, 99, 31]],

[ 51, 35, 0,[ 86, 63, 43, 99]],

[ 28, 45, 1,[ 29, 91, 53, 25, 61, 37, 74]],

[ 27, 5, 0,[ 53, 57, 76]],

[ 49, 15, 0,[ 41, 3, 15, 26]],

[ 13, 15, 0,[ 87, 0, 32]],

[ 85, 35, 0,[ 23, 2, 4]],

[ 47, 5, 0,[ 98, 92, 20]],

[ 26, 35, 0,[ 91, 30, 49]],

[ 34, 15, 0,[ 45, 54, 17]],

[ 6, 15, 0,[ 10, 3, 62]],

[ 60, 15, 0,[ 46, 98, 39]],

[ 43, 5, 0,[ 76, 51, 79, 53]],

[ 88, 15, 0,[ 19, 46, 82]],

[ 44, 35, 0,[ 23, 19, 91, 9, 80]],

[ 64, 5, 0,[ 82, 98, 52]],

[ 93, 45, 1,[ 54, 70, 75, 65, 83, 50]],

[ 56, 15, 0,[ 48, 54, 59]],

[ 1, 5, 0,[ 74, 78, 83]],

[ 45, 75, 1,[ 15, 96, 68, 24, 90, 34]],

[ 80, 35, 0,[ 7, 44, 36]],

[ 25, 5, 0,[ 18, 53, 28]],

[ 83, 5, 0,[ 1, 93, 18]],

[ 42, 5, 0,[ 33, 14, 53]],

[ 90, 15, 0,[ 45, 40, 58]],

[ 97, 35, 0,[ 53, 63, 91, 96]],

[ 59, 15, 0,[ 56, 12, 21]],

[ 53, 65, 1,[ 12, 97, 28, 0, 42, 27, 36, 67, 43, 25]],

[ 15, 15, 0,[ 84, 49, 45]],

[ 99, 15, 0,[ 22, 51, 38]],

[ 96, 35, 0,[ 20, 97, 45]],

[ 0, 15, 0,[ 50, 12, 53, 13]],

[ 31, 15, 0,[ 72, 98, 38]],

[ 72, 15, 0,[ 87, 31, 39, 9]],

[ 76, 15, 0,[ 27, 43, 21]],

[ 8, 35, 0,[ 38, 95, 2]],

[ 77, 35, 0,[ 95, 69, 75]],

[ 86, 55, 1,[ 73, 51, 62, 89]],

[ 58, 15, 0,[ 74, 90, 70]],

[ 87, 15, 0,[ 72, 13, 55, 38]],

[ 12, 15, 0,[ 53, 0, 59]],

[ 3, 35, 1,[ 16, 11, 6, 49]],

[ 32, 15, 0,[ 73, 13, 71, 65]],

[ 3, 35, 1,[ 83, 1, 95, 71, 6, 48, 37, 8]],

[ 2, 95, 0,[ 5, 57, 51, 73, 53, 47]],

[ 58, 75, 0,[ 43, 84, 63]],

[ 10, 75, 0,[ 20, 55, 28, 99, 98, 30]],

[ 43, 75, 0,[ 73, 28, 58, 14]],

[ 72, 5, 0,[ 7, 68, 78]],

[ 15, 75, 0,[ 69, 42, 77, 75]],

[ 33, 75, 0,[ 39, 28, 5]],

[ 13, 75, 0,[ 89, 90, 62]],

[ 53, 85, 1,[ 87, 65, 21, 64, 52, 40, 39, 9, 76, 2, 27, 96]],

[ 88, 95, 0,[ 45, 97]],

[ 0, 65, 0,[ 86, 47, 69]],

[ 40, 75, 0,[ 56, 53, 59, 81]],

[ 90, 75, 0,[ 13, 65, 75]],

[ 48, 5, 0,[ 97, 3, 16, 29, 25]],

[ 68, 75, 0,[ 82, 69, 98, 72]],

[ 97, 5, 0,[ 63, 88, 48]],

[ 83, 75, 0,[ 39, 50, 28, 3]],

[ 96, 95, 0,[ 79, 53, 56, 89, 45]],

[ 24, 75, 0,[ 84, 52, 25]],

[ 42, 85, 0,[ 74, 70, 41, 77, 15]],

[ 50, 75, 0,[ 26, 83]],

[ 7, 95, 1,[ 66, 1, 65, 36, 12, 94, 60, 72]],

[ 63, 55, 1,[ 21, 29, 58, 67, 97, 66]],

[ 82, 95, 0,[ 19, 45, 68]],

[ 34, 75, 0,[ 1, 23, 73]],

[ 89, 75, 0,[ 60, 96, 13]],

[ 25, 5, 0,[ 79, 48, 38, 24, 17]],

[ 11, 75, 0,[ 60, 46, 51, 29]],

[ 44, 75, 0,[ 92, 26, 16]],

[ 81, 75, 0,[ 40, 69, 76]],

[ 55, 75, 0,[ 76, 39, 10]],

[ 28, 65, 1,[ 33, 43, 83, 59, 45, 10, 39, 18]],

[ 74, 5, 0,[ 93, 42, 21, 98, 37]],

[ 26, 75, 0,[ 50, 6, 44, 32]],

[ 85, 75, 0,[ 39, 59, 12]],

[ 45, 45, 1,[ 46, 28, 16, 12, 88, 96, 94, 82]],

[ 65, 25, 0,[ 7, 27, 47, 90, 53]],

[ 62, 75, 0,[ 66, 13, 75]],

[ 70, 65, 0,[ 42, 86, 23]],

[ 35, 75, 0,[ 92, 87, 12, 91, 71]],

[ 4, 65, 0,[ 31, 86, 60]],

[ 76, 95, 0,[ 93, 55, 53, 81]],

[ 12, 75, 0,[ 7, 35, 85, 45]],

[ 73, 75, 0,[ 2, 34, 43]],

[ 79, 5, 0,[ 96, 98, 25]],

[ 93, 5, 1,[ 95, 19, 76, 74, 54]],

[ 22, 75, 0,[ 61]],

[ 36, 5, 0,[ 80, 49, 69, 7]],

[ 60, 75, 0,[ 89, 11, 7, 4]],

[ 57, 65, 0,[ 2, 39, 86]],

[ 87, 95, 0,[ 99, 53, 35]],

[ 30, 75, 0,[ 21, 10, 59]],

[ 6, 75, 0,[ 3, 52, 26]],

[ 59, 75, 0,[ 30, 28, 40, 85]],

[ 86, 65, 1,[ 0, 49, 38, 31, 57, 4, 20, 70]],

[ 61, 75, 0,[ 22, 75, 1]],

[ 47, 25, 0,[ 65, 91, 0, 2]],

[ 46, 75, 0,[ 32, 98, 11, 45]],

[ 41, 85, 0,[ 69, 9, 42]],

[ 94, 5, 0,[ 45, 7, 31]],

[ 91, 75, 0,[ 95, 35, 47]],

[ 32, 75, 0,[ 69, 46, 26]],

[ 21, 5, 0,[ 74, 30, 53, 63, 16]],

[ 80, 75, 0,[ 99, 36, 27]],

[ 31, 65, 0,[ 94, 17, 86, 4]],

[ 54, 45, 0,[ 17, 93]],

[ 14, 75, 0,[ 84, 43, 27]],

[ 71, 75, 0,[ 35, 56, 3, 77]],

[ 39, 75, 0,[ 57, 85, 55, 53, 33, 83, 28]],

[ 20, 75, 0,[ 86, 67, 10, 8]],

[ 67, 75, 0,[ 63, 20, 9]],

[ 37, 5, 0,[ 3, 74, 98]],

[ 69, 5, 1,[ 41, 32, 68, 0, 81, 36, 15]],

[ 84, 75, 0,[ 24, 14, 58]],

[ 66, 75, 0,[ 63, 64, 62, 7]],

[ 23, 75, 0,[ 19, 95, 34, 70]],

[ 5, 75, 0,[ 2, 33, 18]],

[ 16, 5, 0,[ 48, 45, 21, 44]],

[ 17, 45, 0,[ 54, 31, 25]],

[ 95, 25, 0,[ 93, 23, 91, 3]],

[ 9, 95, 0,[ 67, 53, 41]],

[ 27, 95, 0,[ 65, 80, 53, 14]],

[ 92, 75, 0,[ 52, 35, 44]],

[ 52, 75, 0,[ 92, 24, 38, 53, 78, 6]],

[ 38, 65, 0,[ 18, 25, 52, 86]],

[ 64, 95, 0,[ 8, 66, 53]],

[ 19, 75, 0,[ 23, 82, 93]],

[ 49, 65, 0,[ 86, 36, 8]],

[ 75, 75, 0,[ 90, 61, 15, 62, 98]],

[ 51, 75, 0,[ 11, 98, 2]],

[ 29, 75, 0,[ 78, 48, 11, 63]],

[ 1, 75, 0,[ 34, 7, 3, 61]],

[ 98, 65, 1,[ 74, 10, 68, 51, 79, 75, 37, 46]],

[ 77, 75, 0,[ 42, 15, 71]],

[ 8, 25, 0,[ 20, 49, 3, 64]],

[ 18, 65, 0,[ 5, 38, 28]],

[ 99, 75, 0,[ 10, 80, 87]],

[ 78, 75, 0,[ 72, 29, 52]],

[ 56, 75, 0,[ 96, 40, 71]],

