[ 33, 25, 0,[ 82, 35]],

[ 97, 15, 0,[ 1, 7, 2]],

[ 76, 25, 0,[ 20, 17, 43, 94, 6]],

[ 20, 25, 0,[ 61, 76, 5, 3]],

[ 78, 5, 0,[ 71, 81, 75, 56, 83]],

[ 17, 25, 0,[ 98, 76]],

[ 12, 95, 0,[ 28, 86, 30, 98, 49]],

[ 48, 95, 0,[ 71, 61]],

[ 35, 25, 1,[ 33, 55]],

[ 39, 25, 0,[ 11, 49, 40]],

[ 81, 5, 0,[ 3, 0, 29, 78]],

[ 30, 15, 0,[ 41, 7, 12]],

[ 66, 5, 0,[ 22]],

[ 96, 15, 1,[ 44, 58, 52]],

[ 10, 5, 0,[ 73, 58, 84]],

[ 45, 25, 0,[ 75, 42, 53]],

[ 91, 25, 0,[ 64, 93, 14, 53, 95]],

[ 88, 5, 0,[ 26, 92]],

[ 59, 55, 0,[ 69, 47, 74]],

[ 6, 25, 0,[ 24, 18, 83, 76]],

[ 62, 55, 0,[ 65, 52, 64, 85]],

[ 95, 15, 0,[ 16, 73, 91]],

[ 25, 5, 0,[ 92, 42, 63, 24]],

[ 68, 5, 0,[ 31, 16, 51, 74]],

[ 36, 55, 0,[ 56, 41, 0]],

[ 28, 95, 0,[ 43, 72, 12]],

[ 41, 15, 0,[ 30, 36, 70]],

[ 3, 25, 0,[ 81, 20, 8]],

[ 98, 95, 0,[ 17, 12]],

[ 8, 15, 1,[ 89, 3, 37, 61]],

[ 46, 5, 0,[]],

[ 84, 5, 0,[ 10, 57, 19, 32]],

[ 90, 95, 0,[]],

[ 83, 5, 0,[ 6, 78, 23]],

[ 64, 25, 0,[ 91, 49, 62]],

[ 5, 55, 0,[ 52, 37, 20]],

[ 2, 15, 0,[ 54, 50, 97]],

[ 47, 95, 0,[ 61, 59, 69]],

[ 43, 5, 0,[ 28, 37, 76]],

[ 86, 95, 0,[ 72, 32, 12]],

[ 75, 25, 0,[ 78, 45]],

[ 56, 55, 0,[ 78, 67, 36]],

[ 11, 95, 0,[ 39, 9]],

[ 77, 55, 0,[ 21, 63, 89]],

[ 38, 95, 0,[ 71, 16]],

[ 18, 15, 0,[ 85, 42, 6]],

[ 63, 5, 0,[ 89, 77, 25]],

[ 80, 95, 1,[ 31, 67, 37]],

[ 67, 55, 0,[ 56, 80, 7]],

[ 14, 25, 0,[ 70, 44, 57, 91]],

[ 92, 5, 0,[ 69, 88, 25]],

[ 55, 95, 0,[ 29, 70, 57, 35]],

[ 29, 5, 0,[ 81, 82, 55]],

[ 9, 95, 0,[ 72, 11]],

[ 93, 25, 0,[ 91]],

[ 13, 95, 0,[ 31, 50]],

[ 70, 95, 0,[ 41, 82, 14, 55]],

[ 87, 5, 0,[ 58]],

[ 0, 5, 0,[ 15, 81, 36]],

[ 24, 5, 0,[ 25, 6]],

[ 72, 95, 0,[ 86, 28, 9]],

[ 94, 25, 0,[ 65, 21, 76]],

[ 79, 5, 0,[ 60]],

[ 32, 5, 0,[ 84, 58, 40, 86]],

[ 57, 95, 0,[ 55, 84, 14]],

[ 23, 15, 0,[ 83, 1]],

[ 16, 95, 0,[ 38, 68, 95]],

[ 69, 25, 0,[ 59, 47, 4, 92]],

[ 37, 5, 1,[ 80, 43, 5, 8]],

[ 42, 15, 0,[ 18, 25, 45]],

[ 22, 5, 0,[ 66]],

[ 61, 95, 1,[ 47, 48, 8, 20]],

[ 51, 5, 0,[ 52, 73, 68]],

[ 7, 15, 0,[ 30, 97, 67]],

[ 31, 15, 1,[ 68, 13, 80, 44]],

[ 1, 15, 0,[ 21, 23, 97, 85]],

[ 73, 15, 0,[ 95, 51, 10]],

[ 44, 25, 1,[ 14, 96, 15, 31, 40]],

[ 27, 25, 0,[]],

[ 65, 55, 0,[ 62, 26, 94]],

[ 15, 25, 0,[ 44, 0, 74]],

[ 53, 25, 0,[ 91, 45, 34]],

[ 19, 5, 0,[ 49, 84]],

[ 71, 5, 0,[ 48, 78, 38]],

[ 21, 25, 0,[ 1, 94, 77]],

[ 52, 55, 1,[ 51, 26, 62, 96, 54, 5]],

[ 89, 55, 1,[ 77, 8, 63]],

[ 60, 5, 0,[ 79]],

[ 85, 55, 0,[ 1, 62, 18]],

[ 40, 25, 0,[ 44, 32, 39]],

[ 74, 55, 0,[ 15, 68, 59]],

[ 99, 25, 0,[]],

[ 34, 25, 0,[ 54, 53]],

[ 82, 25, 0,[ 70, 33, 29]],

[ 50, 95, 0,[ 13, 2]],

[ 58, 5, 0,[ 87, 96, 10, 32]],

[ 4, 25, 0,[ 69]],

[ 49, 25, 0,[ 19, 39, 12, 64]],

[ 26, 55, 0,[ 88, 65, 52]],

[ 54, 55, 0,[ 2, 52, 34]],

