[ 64, 75, 1,[ 99, 28, 0]],

[ 51, 35, 0,[ 56, 3, 27]],

[ 26, 75, 1,[ 54, 11, 74]],

[ 92, 75, 0,[ 23, 9, 21]],

[ 1, 65, 1,[ 43, 49, 50, 75]],

[ 13, 65, 1,[ 35, 17, 83, 56, 96]],

[ 10, 45, 0,[ 41, 14, 2, 97, 88]],

[ 54, 15, 0,[ 26, 89, 12]],

[ 67, 75, 1,[ 66, 14, 89, 93]],

[ 5, 35, 1,[ 29, 85, 30]],

[ 53, 75, 1,[ 61, 75, 28]],

[ 94, 95, 0,[ 43, 61, 80]],

[ 88, 65, 1,[ 80, 63, 10, 71]],

[ 11, 5, 1,[ 60, 26, 68, 44]],

[ 34, 45, 1,[ 73, 74, 28]],

[ 83, 35, 1,[ 6, 13, 27, 56]],

[ 56, 35, 0,[ 51, 13, 83]],

[ 41, 45, 1,[ 10, 52, 12]],

[ 37, 35, 0,[ 7, 78, 81]],

[ 44, 85, 0,[ 95, 11, 59, 15]],

[ 47, 75, 1,[ 84, 46, 58, 17]],

[ 29, 55, 0,[ 45, 5, 50]],

[ 86, 25, 1,[ 42, 97, 40, 74, 38]],

[ 30, 45, 1,[ 20, 5, 57]],

[ 65, 25, 1,[ 15, 9, 18]],

[ 39, 65, 0,[ 55, 72, 6]],

[ 25, 65, 1,[ 46, 75, 8]],

[ 18, 45, 1,[ 62, 74, 19, 65, 80]],

[ 95, 5, 1,[ 23, 20, 44]],

[ 14, 5, 0,[ 87, 20, 10, 22, 67]],

[ 82, 15, 0,[ 48, 93, 70]],

[ 78, 75, 0,[ 62, 37]],

[ 28, 15, 1,[ 64, 53, 81, 34, 21, 99, 57]],

[ 99, 45, 0,[ 64, 28, 61]],

[ 87, 95, 1,[ 35, 93, 14]],

[ 75, 75, 0,[ 25, 1, 53, 71]],

[ 98, 5, 1,[ 90, 23, 73, 80]],

[ 20, 75, 0,[ 9, 95, 30, 14]],

[ 66, 5, 0,[ 2, 21, 67]],

[ 27, 55, 1,[ 55, 33, 51, 83]],

[ 0, 15, 1,[ 61, 64, 33, 85]],

[ 91, 95, 1,[ 48, 60, 79]],

[ 73, 25, 1,[ 98, 34, 32]],

[ 93, 45, 1,[ 67, 82, 87]],

[ 71, 95, 1,[ 88, 31, 8, 75]],

[ 80, 55, 0,[ 98, 88, 94, 18]],

[ 59, 85, 0,[ 58, 44, 3]],

[ 17, 95, 0,[ 33, 47, 13]],

[ 85, 25, 0,[ 19, 16, 5, 0]],

[ 90, 15, 0,[ 98, 77, 12]],

[ 22, 95, 0,[ 68, 14, 61, 16]],

[ 96, 25, 0,[ 77, 13, 19]],

[ 42, 85, 0,[ 23, 36, 86]],

[ 8, 15, 0,[ 71, 70, 36, 25]],

[ 23, 85, 0,[ 92, 42, 98, 95]],

[ 16, 65, 0,[ 85, 4, 22, 36]],

[ 79, 65, 0,[ 72, 43, 91]],

[ 12, 35, 1,[ 90, 76, 54, 41]],

[ 61, 95, 0,[ 99, 53, 94, 0, 22]],

[ 50, 85, 1,[ 29, 74, 1]],

[ 36, 75, 1,[ 42, 16, 45, 8]],

[ 76, 75, 0,[ 21, 38, 12]],

[ 6, 25, 0,[ 52, 39, 83, 57]],

[ 33, 95, 0,[ 17, 27, 0]],

[ 49, 65, 1,[ 84, 70, 31, 1]],

[ 35, 55, 0,[ 13, 24, 87]],

[ 55, 55, 1,[ 89, 27, 39, 63]],

[ 45, 85, 1,[ 29, 58, 52, 36]],

[ 31, 75, 0,[ 62, 71, 49]],

[ 4, 5, 1,[ 3, 16, 32]],

[ 70, 65, 1,[ 82, 8, 38, 7, 49]],

[ 69, 35, 1,[ 62, 68, 77]],

[ 81, 35, 0,[ 28, 37, 15]],

[ 74, 25, 0,[ 26, 86, 34, 50, 18]],

[ 52, 15, 0,[ 6, 41, 45]],

[ 7, 55, 1,[ 70, 63, 60, 37]],

[ 19, 25, 0,[ 18, 96, 85]],

[ 21, 45, 1,[ 28, 92, 66, 76]],

[ 2, 35, 1,[ 66, 10, 43]],

[ 68, 95, 0,[ 69, 22, 11]],

[ 32, 85, 0,[ 4, 73]],

[ 58, 25, 1,[ 59, 47, 45]],

[ 38, 75, 1,[ 70, 72, 86, 76]],

[ 43, 45, 1,[ 2, 79, 94, 1]],

[ 24, 75, 0,[ 35, 48]],

[ 77, 45, 1,[ 90, 69, 96, 97]],

[ 3, 45, 1,[ 51, 46, 59, 4, 9]],

[ 15, 5, 1,[ 81, 44, 65]],

[ 72, 65, 0,[ 38, 39, 79]],

[ 60, 45, 1,[ 7, 91, 11]],

[ 57, 85, 1,[ 6, 30, 28]],

[ 97, 55, 0,[ 10, 77, 86]],

[ 48, 65, 0,[ 82, 24, 91]],

[ 46, 75, 0,[ 3, 47, 25, 40]],

[ 63, 55, 1,[ 55, 88, 7]],

[ 9, 35, 1,[ 65, 20, 92, 62, 3]],

[ 40, 65, 0,[ 46, 86, 84]],

[ 89, 75, 0,[ 55, 54, 67]],

[ 62, 75, 0,[ 78, 69, 9, 31, 18]],

[ 84, 65, 0,[ 49, 47, 40]],

[ 89, 65, 0,[ 33, 29, 92, 70]],

[ 58, 15, 1,[ 62, 81, 47]],

[ 13, 65, 0,[ 0, 92, 18, 26]],

[ 94, 45, 1,[ 46, 68, 96]],

[ 90, 35, 0,[ 65, 38, 68]],

[ 6, 65, 0,[ 12, 23, 25]],

[ 91, 45, 1,[ 99, 56, 37]],

[ 92, 65, 0,[ 13, 84, 89, 51, 98]],

[ 65, 35, 1,[ 36, 31, 90, 12, 73, 96]],

[ 54, 85, 0,[ 53, 45, 33]],

[ 80, 5, 0,[ 12, 71, 15]],

[ 74, 5, 0,[ 95, 49, 32]],

[ 97, 45, 0,[ 2, 85, 38]],

[ 35, 45, 0,[ 93, 62, 33]],

[ 50, 65, 1,[ 52, 41, 57]],

[ 25, 25, 1,[ 76, 6, 26]],

[ 2, 95, 1,[ 34, 97, 52, 10, 48]],

[ 18, 55, 1,[ 13, 70, 56]],

[ 99, 15, 0,[ 91, 66, 1]],

[ 46, 5, 0,[ 94, 19, 43]],

[ 0, 5, 1,[ 82, 13, 66, 1]],

[ 20, 35, 1,[ 61, 5, 66, 45]],

[ 43, 75, 1,[ 46, 47, 52]],

[ 62, 45, 0,[ 35, 58, 29]],

[ 11, 65, 1,[ 82, 84, 44, 8]],

[ 83, 75, 1,[ 31, 37, 64]],

[ 28, 75, 1,[ 4, 23, 26, 85]],

[ 82, 25, 0,[ 49, 11, 10, 0]],

[ 73, 65, 1,[ 65, 87, 47, 61, 42, 22, 55]],

[ 59, 5, 0,[ 56, 34, 98]],

[ 40, 75, 1,[ 88, 14, 24]],

[ 31, 65, 0,[ 69, 60, 65, 83]],

[ 22, 5, 0,[ 9, 8, 71, 5, 73]],

[ 12, 95, 1,[ 80, 65, 6]],

[ 17, 45, 0,[ 19, 15, 21, 55]],

[ 16, 35, 1,[ 79, 27, 88, 57]],

[ 52, 35, 0,[ 43, 72, 2, 50]],

[ 23, 25, 0,[ 5, 28, 6, 77, 68]],

[ 67, 95, 1,[ 32, 36, 72, 51]],

[ 77, 85, 1,[ 10, 9, 23, 44]],

[ 66, 15, 0,[ 53, 20, 99, 0]],

[ 60, 45, 1,[ 78, 64, 31, 81, 38]],

[ 15, 35, 1,[ 80, 39, 41, 17]],

[ 36, 25, 1,[ 67, 65, 39]],

[ 24, 25, 0,[ 49, 75, 40]],

[ 95, 5, 0,[ 74, 69, 71]],

[ 37, 85, 0,[ 83, 27, 91]],

[ 61, 95, 0,[ 20, 41, 73]],

[ 98, 65, 1,[ 59, 92, 70, 39]],

[ 38, 15, 1,[ 63, 90, 97, 60]],

[ 49, 85, 1,[ 74, 24, 82, 79]],

[ 71, 35, 1,[ 95, 22, 80]],

[ 64, 25, 1,[ 83, 60, 76, 75]],

[ 21, 75, 1,[ 7, 17, 32]],

[ 68, 35, 0,[ 90, 94, 23]],

[ 8, 15, 0,[ 22, 93, 11]],

[ 1, 95, 1,[ 99, 4, 0]],

[ 14, 45, 0,[ 40, 29, 30, 86]],

[ 39, 5, 0,[ 36, 15, 98]],

[ 93, 45, 1,[ 8, 35, 29]],

[ 27, 85, 1,[ 37, 3, 42, 16]],

[ 42, 35, 0,[ 73, 78, 27]],

[ 26, 75, 0,[ 28, 13, 25]],

[ 85, 85, 0,[ 97, 28, 33, 53]],

[ 32, 5, 0,[ 74, 67, 21]],

[ 34, 75, 1,[ 2, 53, 59]],

[ 29, 45, 0,[ 89, 14, 93, 62]],

[ 75, 65, 0,[ 64, 24, 44, 84]],

[ 5, 65, 1,[ 23, 22, 20]],

[ 72, 35, 0,[ 52, 67, 48]],

[ 3, 55, 1,[ 27, 88, 96, 70]],

[ 44, 5, 0,[ 77, 75, 11]],

[ 87, 95, 0,[ 73, 81]],

[ 69, 75, 1,[ 31, 19, 95]],

[ 76, 65, 0,[ 25, 64]],

[ 57, 85, 1,[ 63, 48, 16, 50]],

[ 70, 75, 1,[ 89, 18, 98, 3]],

[ 78, 35, 0,[ 86, 60, 42]],

[ 86, 85, 1,[ 14, 4, 78]],

[ 33, 65, 1,[ 89, 85, 35, 54]],

[ 79, 25, 0,[ 49, 16, 7]],

[ 41, 5, 1,[ 61, 15, 50]],

[ 10, 95, 0,[ 77, 82, 2]],

[ 19, 5, 0,[ 17, 46, 69]],

[ 63, 75, 1,[ 30, 38, 57]],

[ 47, 95, 1,[ 45, 73, 56, 43, 58]],

[ 56, 5, 0,[ 4, 18, 91, 47, 59]],

[ 96, 5, 0,[ 3, 65, 94]],

[ 53, 35, 1,[ 54, 34, 85, 66]],

[ 51, 45, 0,[ 67, 55, 92]],

[ 81, 45, 0,[ 58, 60, 87]],

[ 4, 55, 1,[ 1, 56, 86, 28]],

[ 30, 25, 1,[ 63, 14, 48]],

[ 9, 95, 1,[ 77, 22, 7]],

[ 84, 65, 0,[ 75, 92, 11]],

[ 55, 5, 1,[ 73, 17, 51]],

[ 88, 35, 0,[ 16, 3, 40]],

[ 45, 15, 1,[ 54, 47, 20]],

[ 48, 95, 0,[ 30, 57, 2, 72]],

[ 7, 45, 1,[ 9, 79, 21]],

