[ 64, 75, 0,[ 35, 61, 89]],

[ 91, 75, 0,[ 89, 35, 61]],

[ 13, 75, 0,[ 61, 35, 28]],

[ 31, 75, 1,[ 8, 62, 80]],

[ 50, 75, 0,[ 61, 35, 52]],

[ 44, 5, 0,[ 89, 21, 35]],

[ 30, 75, 0,[ 89, 52]],

[ 41, 75, 0,[ 8, 89, 61]],

[ 81, 5, 0,[ 52, 40, 35]],

[ 19, 75, 0,[ 89, 52, 61]],

[ 6, 5, 0,[ 61, 35]],

[ 0, 75, 0,[ 89, 52, 61]],

[ 77, 75, 0,[ 89, 52, 96]],

[ 87, 75, 0,[ 8, 35, 61]],

[ 70, 75, 0,[ 89]],

[ 23, 75, 0,[ 35, 61]],

[ 62, 75, 0,[ 35, 31, 89]],

[ 11, 75, 0,[ 35, 89, 61]],

[ 12, 75, 0,[ 24, 61, 89]],

[ 79, 75, 0,[ 89, 35, 61]],

[ 1, 75, 0,[ 61, 24, 52]],

[ 22, 75, 0,[ 61, 35, 89]],

[ 39, 75, 0,[ 24, 52, 61]],

[ 21, 75, 0,[ 89, 44, 52, 35]],

[ 72, 75, 0,[ 8, 52, 35]],

[ 83, 75, 0,[ 42, 35, 52]],

[ 90, 75, 0,[ 61, 8, 35]],

[ 71, 5, 0,[ 89, 52, 24]],

[ 69, 75, 0,[ 35, 61, 24]],

[ 67, 75, 0,[ 89, 61, 35]],

[ 3, 75, 0,[ 52, 61, 35]],

[ 14, 75, 0,[ 35, 52, 61]],

[ 95, 5, 0,[ 61, 35]],

[ 65, 75, 0,[ 35, 89, 96]],

[ 73, 5, 0,[ 52, 35]],

[ 25, 75, 0,[ 35, 52]],

[ 20, 75, 0,[ 61, 89, 35]],

[ 55, 75, 0,[ 61, 89, 35]],

[ 48, 75, 0,[ 8, 61]],

[ 58, 75, 0,[ 35, 52]],

[ 84, 75, 0,[ 89, 52]],

[ 54, 75, 0,[ 8, 35, 52]],

[ 57, 75, 0,[ 96, 89]],

[ 28, 5, 0,[ 89, 13, 35]],

[ 92, 75, 0,[ 89, 61, 24]],

[ 5, 75, 0,[ 52, 24]],

[ 61, 85, 1,[ 41, 0, 98, 86, 42, 53, 40, 23, 36, 78, 10, 22, 6, 90, 56, 87, 39, 4, 33, 7, 50, 27, 55, 99, 60, 1, 51, 93, 14, 66, 37, 38, 46, 97, 3, 67, 2, 18, 12, 91, 17, 13, 43, 95, 19, 69, 20, 82, 11, 79, 92, 64, 48, 59]],

[ 4, 75, 0,[ 89, 61]],

[ 2, 75, 0,[ 52, 61, 89]],

[ 63, 75, 0,[ 52, 89]],

[ 85, 75, 0,[ 52, 35, 89]],

[ 78, 75, 0,[ 61, 89]],

[ 45, 75, 0,[ 89, 96]],

[ 99, 5, 0,[ 37, 61]],

[ 82, 75, 0,[ 61, 29]],

[ 9, 75, 0,[ 89, 35]],

[ 18, 5, 0,[ 8, 35, 61]],

[ 17, 75, 0,[ 35, 61]],

[ 26, 75, 0,[ 52, 8, 89]],

[ 96, 5, 1,[ 77, 45, 65, 88, 46, 57, 74, 37, 16]],

[ 56, 75, 0,[ 89, 61, 52]],

[ 53, 75, 0,[ 52, 89, 61]],

[ 43, 75, 0,[ 35, 8, 61]],

[ 75, 5, 0,[ 49, 8, 52, 89]],

[ 46, 75, 0,[ 96, 61, 52]],

[ 24, 5, 1,[ 34, 80, 76, 71, 12, 1, 5, 92, 69, 59, 39]],

[ 38, 75, 0,[ 52, 61, 89]],

[ 93, 75, 0,[ 61, 52]],

[ 33, 75, 0,[ 61, 8, 89]],

[ 32, 75, 0,[ 52, 35, 8]],

[ 51, 75, 0,[ 61, 89, 52]],

[ 15, 75, 0,[ 52, 89]],

[ 34, 75, 0,[ 35, 89, 24]],

[ 60, 75, 0,[ 52, 61]],

[ 98, 75, 0,[ 61, 8, 89]],

[ 52, 55, 1,[ 73, 94, 46, 76, 37, 83, 32, 39, 16, 56, 71, 93, 50, 42, 19, 60, 3, 77, 25, 86, 21, 35, 54, 75, 53, 38, 58, 63, 81, 1, 68, 5, 30, 40, 51, 14, 0, 84, 72, 15, 97, 85, 2, 36, 74, 26]],

[ 8, 5, 1,[ 68, 86, 87, 48, 80, 31, 72, 33, 26, 32, 18, 10, 41, 43, 90, 54, 75, 98]],

[ 37, 75, 1,[ 99, 52, 96, 61]],

[ 80, 75, 1,[ 31, 8, 24]],

[ 29, 75, 0,[ 89, 82, 35]],

[ 89, 25, 1,[ 67, 41, 65, 45, 53, 84, 12, 76, 74, 44, 62, 28, 9, 11, 79, 21, 94, 92, 19, 57, 64, 56, 75, 29, 33, 55, 10, 2, 51, 26, 78, 63, 49, 4, 36, 71, 88, 34, 27, 97, 85, 40, 77, 30, 20, 70, 15, 22, 0, 98, 91, 38]],

[ 47, 75, 0,[]],

[ 86, 75, 0,[ 52, 8, 61]],

[ 88, 75, 0,[ 89, 96, 35]],

[ 42, 5, 0,[ 52, 61, 83]],

[ 74, 75, 0,[ 52, 96, 89]],

[ 27, 75, 0,[ 61, 89]],

[ 10, 75, 0,[ 61, 89, 8]],

[ 59, 75, 0,[ 61, 24, 35]],

[ 94, 75, 0,[ 52, 35, 89]],

[ 97, 75, 0,[ 89, 52, 61]],

[ 36, 75, 0,[ 61, 52, 89]],

[ 35, 95, 1,[ 59, 28, 94, 18, 17, 25, 83, 43, 95, 21, 34, 13, 55, 65, 85, 73, 29, 44, 69, 7, 88, 32, 23, 68, 49, 64, 81, 52, 16, 58, 9, 67, 20, 6, 3, 50, 91, 79, 54, 90, 72, 62, 11, 87, 14, 22]],

[ 49, 5, 0,[ 89, 35, 75]],

[ 16, 75, 0,[ 52, 35, 96]],

[ 76, 75, 0,[ 89, 52, 24]],

[ 40, 75, 0,[ 89, 52, 61, 81]],

[ 7, 75, 0,[ 61, 35]],

[ 66, 5, 0,[ 61]],

[ 68, 75, 0,[ 35, 52, 8]],

