[ 69, 35, 1,[ 67, 98, 68]],

[ 65, 65, 1,[ 64, 4, 44, 28]],

[ 14, 65, 1,[ 38, 62, 48]],

[ 63, 15, 1,[ 90, 28]],

[ 47, 95, 1,[ 49, 26, 89, 95]],

[ 64, 45, 1,[ 32, 4, 65]],

[ 77, 15, 1,[ 3, 86, 91]],

[ 73, 55, 1,[ 31, 80, 50]],

[ 81, 65, 0,[ 12, 60]],

[ 75, 65, 0,[ 66, 0]],

[ 89, 65, 0,[ 8, 47, 87, 84, 58]],

[ 84, 65, 0,[ 15, 27, 89]],

[ 55, 75, 1,[ 41, 54, 23, 35]],

[ 96, 65, 0,[ 68, 33, 30]],

[ 57, 95, 1,[ 51, 38, 29, 50, 18, 74]],

[ 85, 65, 0,[ 3, 70]],

[ 35, 65, 0,[ 8, 59, 55]],

[ 48, 65, 0,[ 53, 14, 83]],

[ 93, 65, 1,[ 54, 40, 18, 78]],

[ 44, 65, 0,[ 38, 86, 65]],

[ 5, 65, 1,[ 40, 54, 80]],

[ 90, 65, 0,[ 21, 63, 82]],

[ 97, 65, 0,[ 98, 54, 80]],

[ 38, 5, 1,[ 44, 39, 94, 57, 14, 43]],

[ 46, 65, 0,[ 87, 88, 70]],

[ 70, 65, 1,[ 99, 8, 85, 46, 23]],

[ 43, 65, 1,[ 56, 38, 49, 22]],

[ 76, 65, 0,[ 94, 92, 7]],

[ 53, 65, 1,[ 37, 10, 32, 54, 48]],

[ 36, 75, 1,[ 12, 79, 25]],

[ 7, 65, 0,[ 41, 20, 67, 26, 76]],

[ 28, 75, 1,[ 30, 83, 42, 65, 63, 27, 17]],

[ 18, 15, 1,[ 83, 93, 13, 57, 99]],

[ 58, 65, 1,[ 6, 89, 20, 22]],

[ 45, 75, 1,[ 91, 21, 62]],

[ 0, 65, 1,[ 75, 1, 66, 2]],

[ 39, 65, 1,[ 95, 38, 41, 6, 21]],

[ 16, 65, 0,[ 72, 61, 1]],

[ 59, 65, 0,[ 35, 32]],

[ 25, 65, 1,[ 27, 36, 15]],

[ 61, 65, 0,[ 88, 49, 51, 16]],

[ 51, 65, 0,[ 23, 57, 61]],

[ 4, 65, 1,[ 64, 56, 65, 11, 6]],

[ 62, 65, 0,[ 40, 33, 45, 19, 14]],

[ 82, 65, 0,[ 92, 21, 90, 12]],

[ 79, 65, 0,[ 36]],

[ 19, 65, 0,[ 62, 2, 80, 29]],

[ 22, 65, 0,[ 58, 43, 23]],

[ 68, 65, 0,[ 96, 32, 69]],

[ 49, 15, 1,[ 91, 47, 43, 61]],

[ 56, 65, 0,[ 43, 4, 21]],

[ 86, 65, 1,[ 9, 72, 44, 77, 87]],

[ 1, 15, 1,[ 0, 16, 88]],

[ 91, 15, 1,[ 87, 49, 77, 45]],

[ 33, 65, 1,[ 62, 34, 96, 31]],

[ 32, 65, 0,[ 59, 53, 68, 64]],

[ 23, 65, 0,[ 51, 22, 70, 55]],

[ 26, 65, 0,[ 13, 7, 47]],

[ 72, 65, 0,[ 86, 16, 17]],

[ 13, 65, 0,[ 10, 26, 18]],

[ 83, 65, 1,[ 28, 48, 18]],

[ 27, 65, 1,[ 28, 84, 25]],

[ 66, 65, 0,[ 75, 0, 60, 9]],

[ 67, 85, 1,[ 7, 69]],

[ 11, 35, 1,[ 4, 31, 12]],

[ 12, 65, 1,[ 88, 82, 36, 81, 11]],

[ 88, 65, 0,[ 78, 46, 61, 12, 1]],

[ 42, 65, 0,[ 71, 28, 30]],

[ 80, 65, 0,[ 5, 73, 97, 19]],

[ 92, 65, 1,[ 41, 82, 60, 76]],

[ 3, 65, 1,[ 85, 15, 77]],

[ 8, 65, 0,[ 89, 70, 35]],

[ 99, 65, 0,[ 70, 60, 18]],

[ 30, 85, 1,[ 42, 28, 96]],

[ 17, 65, 0,[ 72, 28, 87]],

[ 20, 65, 0,[ 52, 37, 7, 58]],

[ 41, 85, 1,[ 92, 7, 52, 39, 55]],

[ 74, 65, 0,[ 57, 50]],

[ 31, 65, 0,[ 15, 73, 33, 60, 11]],

[ 87, 95, 1,[ 86, 17, 91, 52, 89, 46]],

[ 54, 65, 1,[ 5, 53, 55, 93, 97, 71]],

[ 95, 65, 0,[ 78, 39, 47]],

[ 37, 65, 0,[ 20, 53]],

[ 15, 65, 1,[ 31, 94, 25, 84, 3]],

[ 98, 65, 1,[ 69, 97, 10]],

[ 2, 65, 1,[ 19, 24, 0]],

[ 6, 65, 0,[ 39, 4, 58]],

[ 10, 65, 0,[ 53, 29, 13, 98]],

[ 40, 65, 0,[ 62, 5, 93]],

[ 52, 65, 0,[ 41, 50, 20, 87]],

[ 9, 65, 1,[ 86, 50, 66]],

[ 78, 65, 0,[ 88, 95, 93]],

[ 34, 75, 1,[ 33, 71, 24]],

[ 50, 65, 1,[ 74, 9, 57, 52, 73]],

[ 21, 65, 1,[ 82, 56, 90, 39, 45]],

[ 71, 75, 1,[ 42, 54, 34]],

[ 24, 65, 0,[ 2, 34]],

[ 94, 65, 0,[ 38, 15, 76]],

[ 60, 45, 1,[ 99, 92, 31, 66, 81]],

[ 29, 65, 0,[ 19, 57, 10]],

[ 94, 75, 0,[ 55, 54]],

[ 57, 5, 1,[ 79, 58, 65]],

[ 63, 75, 1,[ 29, 40, 68]],

[ 22, 45, 1,[ 71, 78, 23, 95]],

[ 92, 75, 0,[ 28, 21, 70]],

[ 75, 75, 0,[ 25, 41, 55]],

[ 33, 75, 0,[ 79, 20]],

[ 21, 75, 1,[ 68, 78, 74, 80, 42, 92, 8, 59]],

[ 47, 75, 1,[ 12, 81, 68, 62]],

[ 7, 75, 0,[ 12, 49]],

[ 2, 75, 1,[ 64, 6, 41]],

[ 93, 5, 1,[ 52, 32, 18, 96, 95, 29]],

[ 90, 75, 0,[ 53, 70, 11]],

[ 14, 75, 1,[ 84, 59, 39]],

[ 28, 35, 1,[ 87, 88, 92, 86, 99, 66, 96, 8]],

[ 5, 35, 1,[ 97, 11, 83]],

[ 48, 75, 0,[ 11, 65, 58]],

[ 10, 75, 0,[ 49, 45, 34]],

[ 1, 95, 1,[ 13, 36, 37, 69, 26]],

[ 91, 75, 1,[ 89, 74, 44]],

[ 37, 75, 0,[ 54, 86, 1]],

[ 15, 75, 1,[ 71, 62, 32]],

[ 66, 75, 0,[ 50, 28, 95]],

[ 97, 75, 0,[ 30, 38, 5]],

[ 73, 45, 1,[ 55, 4, 53, 64]],

[ 26, 75, 0,[ 27, 1, 12]],

[ 89, 75, 0,[ 49, 34, 91]],

[ 42, 75, 0,[ 20, 21]],

[ 25, 75, 1,[ 76, 23, 75, 0]],

[ 71, 75, 0,[ 15, 65, 22]],

[ 95, 25, 1,[ 66, 22, 93]],

[ 68, 75, 0,[ 63, 47, 21]],

[ 77, 75, 1,[ 98, 76, 20]],

[ 31, 75, 0,[ 60, 88, 9]],

[ 27, 75, 1,[ 16, 26, 56]],

[ 11, 5, 1,[ 35, 90, 3, 5, 48, 24]],

[ 54, 75, 1,[ 94, 84, 37, 82, 13]],

[ 40, 75, 0,[ 63, 45, 36]],

[ 43, 75, 1,[ 80, 38, 62]],

[ 64, 5, 1,[ 2, 24, 73]],

[ 36, 15, 1,[ 40, 1, 16, 19]],

[ 96, 75, 0,[ 93, 28, 45]],

[ 53, 45, 1,[ 73, 46, 59, 78, 90]],

[ 88, 75, 0,[ 72, 28, 31, 83]],

[ 16, 75, 0,[ 27, 36]],

[ 98, 55, 1,[ 77, 49, 46, 39]],

[ 34, 45, 1,[ 89, 10, 81]],

[ 19, 75, 0,[ 36, 41, 30]],

[ 52, 75, 0,[ 20, 65, 93]],

[ 32, 75, 0,[ 93, 12, 15]],

[ 87, 75, 0,[ 70, 30, 28]],

[ 60, 25, 1,[ 31, 84, 23, 67]],

[ 69, 75, 1,[ 61, 17, 1, 58]],

[ 85, 75, 0,[ 18, 50]],

[ 50, 75, 1,[ 85, 66, 99]],

[ 49, 35, 1,[ 44, 7, 89, 10, 70, 98]],

[ 29, 75, 0,[ 93, 63, 58]],

[ 99, 75, 0,[ 50, 41, 28]],

[ 8, 75, 0,[ 28, 21, 38]],

[ 58, 25, 1,[ 57, 69, 48, 62, 29]],

[ 45, 55, 1,[ 17, 10, 40, 96, 70]],

[ 30, 5, 1,[ 97, 3, 35, 87, 19]],

[ 51, 75, 0,[ 79]],

[ 56, 75, 0,[ 27, 81, 67]],

[ 24, 75, 0,[ 11, 64]],

[ 74, 75, 0,[ 3, 91, 21]],

[ 4, 45, 1,[ 73, 72, 0]],

[ 9, 85, 1,[ 31, 20, 67]],

[ 83, 75, 1,[ 5, 88, 0]],

[ 38, 75, 1,[ 80, 43, 97, 8]],

[ 41, 75, 1,[ 6, 19, 2, 99, 75]],

[ 23, 75, 0,[ 60, 22, 25]],

[ 46, 75, 0,[ 53, 98, 76]],

[ 0, 75, 1,[ 25, 4, 83]],

[ 67, 75, 1,[ 9, 6, 60, 56]],

[ 39, 25, 1,[ 61, 98, 14]],

[ 82, 75, 0,[ 20, 54]],

[ 35, 75, 0,[ 11, 30, 65]],

[ 12, 75, 1,[ 47, 7, 61, 32, 26]],

[ 17, 75, 0,[ 69, 45, 86]],

[ 65, 55, 1,[ 72, 52, 35, 57, 71, 48]],

[ 84, 75, 0,[ 14, 60, 86, 54]],

[ 78, 75, 0,[ 22, 21, 53]],

[ 86, 55, 1,[ 84, 37, 28, 17]],

[ 13, 75, 0,[ 1, 54, 18]],

[ 44, 75, 0,[ 55, 49, 91]],

[ 59, 75, 0,[ 14, 53, 21, 18]],

[ 3, 15, 1,[ 30, 11, 55, 74]],

[ 76, 75, 0,[ 46, 25, 77]],

[ 18, 75, 1,[ 93, 59, 13, 85]],

[ 6, 75, 0,[ 2, 41, 67]],

[ 72, 75, 0,[ 88, 65, 4]],

[ 70, 75, 1,[ 45, 92, 87, 49, 90]],

[ 20, 75, 1,[ 77, 52, 42, 33, 9, 82]],

[ 61, 75, 0,[ 12, 69, 39]],

[ 81, 75, 0,[ 56, 34, 47]],

[ 80, 75, 0,[ 43, 38, 21]],

[ 55, 45, 1,[ 94, 3, 75, 73, 44]],

[ 62, 75, 0,[ 15, 58, 43, 47]],

[ 79, 15, 1,[ 57, 51, 33]],

