[ 23, 5, 1,[ 0, 95, 59]],

[ 24, 85, 1,[ 69, 78, 34]],

[ 85, 25, 1,[ 56, 58, 6, 47, 21, 79, 63]],

[ 40, 65, 1,[ 62, 54, 10]],

[ 5, 85, 0,[ 62, 99, 66]],

[ 36, 55, 0,[ 54, 33, 97]],

[ 34, 75, 0,[ 24, 43, 6, 76]],

[ 63, 55, 0,[ 54, 6, 85]],

[ 2, 95, 0,[ 75, 82, 45]],

[ 17, 35, 1,[ 27, 92, 14, 39, 61, 41]],

[ 90, 95, 1,[ 92, 10, 86, 75]],

[ 78, 85, 1,[ 55, 24, 41, 98]],

[ 82, 65, 1,[ 33, 86, 2, 31]],

[ 38, 95, 0,[ 54, 72, 26]],

[ 54, 5, 1,[ 21, 63, 83, 40, 42, 38, 7, 53, 36]],

[ 16, 65, 0,[ 72, 51, 22]],

[ 75, 35, 1,[ 2, 74, 52, 90, 31]],

[ 59, 55, 1,[ 23, 32, 45]],

[ 27, 35, 0,[ 60, 17, 76]],

[ 31, 15, 1,[ 52, 98, 82, 75]],

[ 74, 45, 1,[ 89, 9, 91, 75]],

[ 50, 55, 0,[ 95, 48, 10, 88]],

[ 77, 55, 0,[ 58, 4, 57]],

[ 96, 45, 1,[ 45, 15, 48]],

[ 81, 5, 1,[ 79, 12, 73]],

[ 76, 15, 1,[ 27, 26, 34, 60]],

[ 33, 35, 1,[ 82, 36, 64, 56]],

[ 69, 35, 0,[ 73, 22, 24]],

[ 99, 15, 1,[ 5, 4, 49, 47, 56]],

[ 53, 55, 0,[ 12, 71, 65, 54]],

[ 89, 55, 1,[ 6, 74, 26]],

[ 51, 25, 1,[ 93, 16, 25]],

[ 49, 55, 0,[ 18, 66, 99]],

[ 14, 55, 0,[ 20, 80, 17]],

[ 7, 95, 0,[ 87, 84, 54]],

[ 97, 75, 1,[ 9, 39, 36, 30, 47, 3, 19]],

[ 22, 65, 1,[ 69, 91, 16, 46]],

[ 44, 55, 1,[ 95, 43, 19, 28]],

[ 47, 95, 0,[ 97, 85, 99]],

[ 55, 35, 0,[ 78, 94]],

[ 9, 55, 0,[ 97, 74, 98]],

[ 98, 35, 0,[ 9, 31, 78]],

[ 6, 65, 1,[ 63, 85, 34, 89, 25]],

[ 1, 35, 0,[ 13, 20, 12]],

[ 86, 55, 0,[ 82, 87, 90]],

[ 62, 35, 0,[ 5, 25, 40]],

[ 91, 95, 0,[ 74, 0, 22]],

[ 68, 35, 1,[ 13, 87, 57]],

[ 46, 65, 1,[ 88, 95, 22]],

[ 35, 55, 1,[ 10, 66, 64, 42]],

[ 39, 55, 0,[ 17, 97, 29]],

[ 70, 45, 0,[ 73, 37, 4]],

[ 48, 5, 1,[ 11, 50, 29, 96, 13, 28]],

[ 83, 35, 0,[ 12, 54, 13]],

[ 45, 95, 0,[ 96, 2, 59]],

[ 66, 75, 1,[ 15, 65, 49, 58, 35, 5, 25]],

[ 42, 55, 1,[ 35, 32, 54]],

[ 12, 35, 0,[ 1, 53, 83, 3, 81]],

[ 80, 95, 1,[ 14, 28, 93]],

[ 19, 5, 1,[ 97, 44, 8]],

[ 58, 55, 0,[ 60, 67, 85, 66, 77]],

[ 21, 35, 0,[ 85, 54, 67]],

[ 20, 25, 1,[ 61, 1, 14]],

[ 65, 65, 0,[ 71, 66, 53, 73]],

[ 13, 95, 1,[ 83, 88, 1, 64, 68, 48]],

[ 37, 65, 1,[ 93, 70, 32]],

[ 61, 85, 1,[ 11, 17, 20]],

[ 71, 15, 1,[ 65, 53, 57]],

[ 0, 55, 0,[ 23, 91, 95]],

[ 60, 35, 0,[ 58, 27, 76]],

[ 67, 55, 0,[ 58, 87, 21]],

[ 94, 55, 1,[ 55, 8, 84]],

[ 92, 35, 1,[ 17, 15, 90]],

[ 95, 65, 1,[ 0, 23, 46, 44, 50]],

[ 11, 35, 0,[ 61, 72, 48]],

[ 3, 35, 0,[ 97, 12]],

[ 93, 5, 0,[ 80, 51, 37]],

[ 72, 45, 1,[ 79, 11, 16, 38]],

[ 18, 35, 0,[ 49, 8]],

[ 28, 35, 0,[ 80, 44, 48]],

[ 43, 45, 0,[ 26, 44, 34]],

[ 88, 35, 0,[ 46, 50, 13]],

[ 52, 65, 1,[ 30, 31, 75]],

[ 32, 55, 1,[ 42, 37, 59, 29]],

[ 87, 45, 1,[ 67, 7, 86, 68, 84]],

[ 15, 55, 0,[ 92, 96, 66]],

[ 79, 35, 0,[ 85, 72, 81]],

[ 4, 55, 0,[ 99, 70, 77]],

[ 56, 55, 1,[ 99, 33, 85]],

[ 29, 95, 1,[ 39, 48, 32]],

[ 25, 45, 0,[ 66, 51, 62, 6]],

[ 73, 35, 0,[ 69, 70, 65, 81]],

[ 26, 65, 1,[ 38, 89, 43, 76]],

[ 10, 45, 1,[ 50, 90, 35, 40]],

[ 30, 45, 0,[ 97, 52]],

[ 64, 65, 0,[ 33, 13, 35]],

[ 41, 35, 0,[ 17, 78, 8]],

[ 84, 85, 1,[ 7, 87, 94]],

[ 57, 25, 0,[ 77, 68, 71]],

[ 8, 65, 1,[ 94, 18, 41, 19]],

