[ 90, 15, 0,[ 62, 71, 53]],

[ 6, 95, 0,[ 91, 34, 65]],

[ 88, 35, 0,[ 11, 58, 51]],

[ 23, 35, 0,[ 4, 8, 61, 33]],

[ 82, 5, 0,[ 45, 47, 41, 13]],

[ 51, 75, 1,[ 30, 85, 88, 60, 20]],

[ 11, 55, 1,[ 36, 98, 88]],

[ 74, 65, 1,[ 7, 64, 30]],

[ 79, 15, 0,[ 43, 53, 50]],

[ 25, 65, 1,[ 81, 85, 95]],

[ 21, 35, 1,[ 15, 53, 37]],

[ 15, 45, 1,[ 70, 98, 21]],

[ 36, 75, 1,[ 2, 24, 11]],

[ 44, 95, 0,[ 5, 97, 80]],

[ 14, 45, 0,[ 67, 75, 63]],

[ 12, 95, 1,[ 71, 43, 7]],

[ 43, 35, 1,[ 69, 12, 79, 57]],

[ 20, 45, 0,[ 19, 87, 51]],

[ 85, 65, 0,[ 7, 25, 51]],

[ 94, 95, 1,[ 41, 2, 96]],

[ 45, 95, 1,[ 82, 46, 27]],

[ 69, 55, 1,[ 73, 40, 43]],

[ 28, 15, 1,[ 47, 13, 83, 84, 98, 86]],

[ 27, 95, 1,[ 59, 26, 61, 45]],

[ 97, 55, 0,[ 73, 37, 44]],

[ 48, 95, 0,[ 38, 87, 31, 24]],

[ 34, 55, 1,[ 6, 83, 89]],

[ 66, 35, 0,[ 67, 59, 60]],

[ 68, 95, 0,[ 72, 31, 38]],

[ 59, 35, 0,[ 17, 66, 27]],

[ 49, 55, 1,[ 71, 60, 64]],

[ 63, 45, 1,[ 14, 18, 42]],

[ 40, 35, 0,[ 75, 10, 69, 7]],

[ 24, 95, 0,[ 80, 48, 36]],

[ 84, 75, 0,[ 62, 35, 28]],

[ 83, 65, 1,[ 28, 34, 41]],

[ 67, 65, 1,[ 18, 14, 66]],

[ 33, 35, 0,[ 77, 3, 23]],

[ 61, 35, 0,[ 32, 23, 27]],

[ 98, 95, 1,[ 15, 11, 28]],

[ 13, 5, 0,[ 28, 82, 46]],

[ 30, 45, 1,[ 5, 81, 51, 56, 74]],

[ 80, 95, 0,[ 3, 24, 44]],

[ 54, 35, 0,[ 95, 76, 16]],

[ 93, 55, 1,[ 96, 19, 99]],

[ 75, 65, 0,[ 14, 40]],

[ 91, 65, 1,[ 6, 62, 52]],

[ 53, 85, 1,[ 21, 79, 90, 73]],

[ 31, 35, 0,[ 68, 8, 48]],

[ 64, 95, 1,[ 52, 49, 29, 74]],

[ 76, 15, 0,[ 54, 5, 42]],

[ 62, 45, 1,[ 35, 84, 90, 91]],

[ 95, 35, 0,[ 54, 10, 25]],

[ 46, 5, 0,[ 45, 13, 57]],

[ 4, 85, 1,[ 22, 23, 55]],

[ 72, 25, 0,[ 73, 68, 38]],

[ 87, 45, 0,[ 48, 8, 20]],

[ 17, 35, 0,[ 10, 96, 59, 65]],

[ 2, 75, 1,[ 36, 94, 9]],

[ 92, 25, 1,[ 99, 58]],

[ 35, 75, 0,[ 52, 84, 62]],

[ 39, 55, 0,[ 70, 73]],

[ 58, 45, 1,[ 89, 1, 92, 88]],

[ 70, 85, 1,[ 3, 39, 15]],

[ 42, 15, 0,[ 86, 63, 76]],

[ 3, 95, 1,[ 70, 33, 80]],

[ 47, 75, 1,[ 28, 77, 82]],

[ 38, 55, 1,[ 72, 68, 48]],

[ 8, 35, 0,[ 23, 31, 87]],

[ 26, 25, 0,[ 27, 22, 16]],

[ 32, 35, 0,[ 18, 61, 50]],

[ 60, 15, 1,[ 18, 51, 49, 66]],

[ 41, 5, 1,[ 89, 94, 83, 82]],

[ 73, 65, 1,[ 39, 72, 53, 69, 97]],

[ 1, 25, 1,[ 58, 50, 52]],

[ 0, 15, 1,[ 55, 19, 99, 81]],

[ 19, 85, 0,[ 93, 20, 0]],

[ 22, 25, 0,[ 4, 26, 86]],

[ 52, 95, 0,[ 1, 91, 35, 64]],

[ 50, 25, 1,[ 78, 79, 7, 32, 1]],

[ 96, 95, 0,[ 94, 93, 17]],

[ 29, 35, 0,[ 64, 55, 18]],

[ 55, 55, 1,[ 29, 4, 0]],

[ 16, 85, 1,[ 56, 9, 26, 54]],

[ 86, 65, 1,[ 42, 22, 28]],

[ 37, 65, 0,[ 21, 97]],

[ 18, 65, 1,[ 32, 60, 63, 67, 29]],

[ 57, 95, 1,[ 99, 43, 46]],

[ 9, 85, 1,[ 2, 16, 71]],

[ 81, 65, 0,[ 25, 30, 0]],

[ 56, 25, 0,[ 71, 16, 30]],

[ 65, 35, 1,[ 78, 17, 6]],

[ 89, 35, 0,[ 41, 34, 58]],

[ 7, 95, 1,[ 74, 50, 40, 85, 12]],

[ 77, 5, 1,[ 33, 47, 10]],

[ 78, 55, 0,[ 65, 50]],

[ 71, 15, 0,[ 9, 49, 90, 12, 56]],

[ 99, 85, 0,[ 0, 57, 93, 92]],

[ 5, 65, 1,[ 44, 76, 30]],

[ 10, 35, 0,[ 40, 17, 95, 77]],

[ 76, 25, 0,[ 91, 60, 67]],

[ 59, 95, 0,[ 21, 16, 54]],

[ 95, 15, 0,[ 77, 92, 2]],

[ 68, 15, 0,[ 79, 21, 93]],

[ 38, 75, 1,[ 44, 90, 37, 69, 48, 61]],

[ 10, 95, 0,[ 15, 93, 85, 31]],

[ 44, 45, 0,[ 38, 2, 94]],

[ 19, 65, 0,[ 4, 39, 79, 65]],

[ 41, 25, 1,[ 99, 32, 0, 52]],

[ 61, 85, 0,[ 38, 45, 20]],

[ 13, 85, 0,[ 2, 90, 36]],

[ 47, 35, 1,[ 65, 73, 43, 54, 70]],

[ 50, 75, 1,[ 78, 4, 70]],

[ 89, 65, 0,[ 26, 36, 87, 33, 69]],

[ 14, 5, 0,[ 74, 31, 73]],

[ 51, 25, 0,[ 43, 58, 33]],

[ 28, 55, 1,[ 17, 75, 25]],

[ 12, 65, 1,[ 80, 30, 71, 62, 60]],

[ 93, 15, 1,[ 84, 7, 68, 10]],

[ 96, 95, 0,[ 63, 66, 39]],

[ 15, 75, 1,[ 8, 34, 10]],

[ 6, 65, 0,[ 20, 77, 70, 83]],

[ 54, 65, 0,[ 59, 47, 78]],

[ 67, 85, 1,[ 76, 21, 3]],

[ 69, 25, 1,[ 89, 38, 77, 20]],

[ 27, 55, 1,[ 22, 87, 98]],

[ 79, 85, 1,[ 68, 97, 11, 19]],

[ 92, 85, 0,[ 95, 2, 72]],

[ 57, 25, 1,[ 71, 52, 55, 72]],

[ 0, 35, 1,[ 18, 17, 41]],

[ 4, 55, 1,[ 19, 24, 85, 42, 32, 50, 26]],

[ 7, 65, 1,[ 46, 5, 43, 84, 93]],

[ 98, 25, 1,[ 27, 3, 34, 53]],

[ 5, 15, 1,[ 77, 29, 23, 7, 73]],

[ 53, 15, 1,[ 35, 98, 56]],

[ 64, 35, 1,[ 99, 25, 52]],

[ 26, 45, 1,[ 89, 24, 4, 63]],

[ 55, 55, 1,[ 16, 57, 56, 35]],

[ 90, 85, 0,[ 23, 38, 13]],

[ 77, 85, 1,[ 95, 5, 6, 69, 82]],

[ 29, 65, 0,[ 5, 11, 75]],

[ 11, 65, 1,[ 79, 29, 56]],

[ 83, 45, 1,[ 40, 42, 6, 97]],

[ 40, 35, 0,[ 30, 42, 83]],

[ 97, 25, 0,[ 79, 81, 83]],

[ 52, 45, 0,[ 87, 64, 41, 57]],

[ 66, 95, 0,[ 96, 84, 25]],

[ 23, 95, 0,[ 90, 2, 5]],

[ 24, 75, 0,[ 4, 45, 26]],

[ 70, 35, 1,[ 94, 6, 50, 47]],

[ 32, 25, 0,[ 86, 4, 41]],

[ 78, 85, 1,[ 50, 37, 46, 54]],

[ 35, 85, 0,[ 53, 55, 75, 48]],

[ 72, 25, 0,[ 57, 9, 16, 92]],

[ 56, 85, 0,[ 53, 55, 11]],

[ 25, 95, 1,[ 28, 64, 66, 2]],

[ 20, 15, 0,[ 81, 6, 69, 61]],

[ 33, 65, 0,[ 86, 89, 51]],

[ 39, 25, 1,[ 19, 96, 82]],

[ 82, 5, 0,[ 39, 49, 77]],

[ 99, 95, 0,[ 80, 41, 64]],

[ 60, 35, 1,[ 12, 76, 34]],

[ 8, 15, 0,[ 15, 36, 88]],

[ 16, 95, 0,[ 62, 59, 9, 72, 55]],

[ 86, 25, 1,[ 32, 74, 91, 33]],

[ 43, 85, 1,[ 91, 51, 47, 7]],

[ 17, 65, 0,[ 45, 0, 28]],

[ 84, 95, 0,[ 93, 66, 7]],

[ 58, 25, 1,[ 18, 30, 51]],

[ 9, 85, 1,[ 72, 42, 16]],

[ 73, 75, 1,[ 14, 47, 5]],

[ 30, 75, 1,[ 40, 58, 12]],

[ 45, 5, 1,[ 61, 24, 62, 17]],

[ 94, 95, 0,[ 80, 44, 70]],

[ 75, 65, 0,[ 28, 29, 35]],

[ 1, 5, 1,[ 22, 37]],

[ 81, 15, 0,[ 65, 97, 88, 20]],

[ 63, 25, 1,[ 96, 49, 26]],

[ 85, 15, 0,[ 10, 4, 22, 3]],

[ 22, 5, 1,[ 27, 85, 1]],

[ 71, 15, 0,[ 31, 74, 57, 12]],

[ 88, 15, 0,[ 36, 81, 8]],

[ 87, 65, 0,[ 52, 27, 89]],

[ 48, 85, 0,[ 3, 35, 38]],

[ 62, 95, 0,[ 45, 16, 12]],

[ 3, 85, 1,[ 67, 48, 98, 85]],

[ 49, 25, 1,[ 46, 82, 63]],

[ 42, 35, 0,[ 83, 9, 4, 40]],

[ 37, 85, 0,[ 18, 38, 1, 78]],

[ 74, 5, 1,[ 86, 14, 71]],

[ 65, 15, 1,[ 47, 81, 19]],

[ 34, 35, 1,[ 15, 98, 60]],

[ 21, 45, 1,[ 67, 59, 2, 68]],

[ 2, 65, 1,[ 92, 21, 25, 95, 13, 23, 44]],

[ 31, 95, 0,[ 71, 14, 10]],

[ 91, 65, 1,[ 43, 86, 76]],

[ 36, 75, 1,[ 88, 89, 8, 13]],

[ 46, 75, 0,[ 7, 78, 49]],

[ 80, 95, 0,[ 94, 12, 99]],

[ 18, 65, 1,[ 58, 37, 0]],

