[ 35, 95, 0,[ 46, 20]],

[ 29, 95, 0,[ 94, 14]],

[ 27, 95, 0,[ 91, 93, 25, 78]],

[ 70, 95, 0,[ 66, 58, 32]],

[ 59, 95, 0,[ 4, 73, 97]],

[ 50, 95, 0,[ 40, 51, 68]],

[ 36, 95, 0,[ 69, 3]],

[ 80, 95, 0,[ 57, 22, 69]],

[ 58, 95, 0,[ 70, 79, 75, 93, 89, 8]],

[ 95, 95, 0,[ 90, 3, 74]],

[ 40, 95, 0,[ 30, 50, 6, 39, 98, 68]],

[ 69, 55, 1,[ 3, 42, 86, 7, 5, 75, 36, 80]],

[ 32, 95, 0,[ 44, 90, 70]],

[ 87, 95, 0,[ 49]],

[ 52, 95, 0,[ 77, 66, 10, 60]],

[ 72, 95, 0,[ 85, 19, 39, 76]],

[ 33, 95, 0,[ 28, 31]],

[ 45, 55, 1,[ 17, 14, 85, 88, 26]],

[ 94, 95, 0,[ 29, 67, 49]],

[ 28, 95, 1,[ 86, 33, 11, 61]],

[ 22, 95, 0,[ 79, 80, 47]],

[ 37, 95, 0,[ 14, 77, 90]],

[ 71, 95, 0,[ 98, 3, 81]],

[ 91, 95, 0,[ 74, 48, 27, 83]],

[ 9, 95, 0,[ 12, 82, 93]],

[ 67, 95, 0,[ 99, 92, 94]],

[ 42, 95, 0,[ 44, 69, 47]],

[ 2, 95, 0,[ 39, 97, 77]],

[ 60, 95, 0,[ 52, 12]],

[ 6, 95, 0,[ 11, 41, 40, 49]],

[ 62, 95, 0,[ 47, 13]],

[ 1, 95, 0,[ 0, 77, 12]],

[ 20, 95, 0,[ 31, 35, 18, 24]],

[ 21, 95, 0,[ 15, 3, 43, 34]],

[ 68, 95, 0,[ 48, 50, 14, 40]],

[ 81, 95, 0,[ 71, 39, 19]],

[ 77, 95, 0,[ 37, 16, 8, 2, 52, 3, 1]],

[ 83, 95, 0,[ 74, 82, 91]],

[ 44, 95, 0,[ 23, 32, 42, 86, 38]],

[ 74, 95, 0,[ 91, 95, 17, 83]],

[ 49, 95, 0,[ 87, 94, 47, 6]],

[ 8, 95, 0,[ 5, 58, 12, 92, 47, 77]],

[ 63, 95, 0,[ 25]],

[ 56, 95, 0,[ 57, 46, 38]],

[ 97, 95, 0,[ 24, 7, 31, 54, 2, 59]],

[ 31, 95, 0,[ 97, 20, 33]],

[ 30, 95, 0,[ 40, 98]],

[ 17, 95, 0,[ 11, 74, 45, 92]],

[ 34, 95, 0,[ 21, 82, 0, 66, 53]],

[ 25, 95, 0,[ 7, 55, 63, 27]],

[ 64, 95, 0,[ 24, 3, 78]],

[ 16, 95, 0,[ 96, 77]],

[ 23, 95, 0,[ 39, 44]],

[ 24, 95, 0,[ 64, 54, 20, 97]],

[ 90, 95, 0,[ 32, 37, 95]],

[ 66, 95, 0,[ 34, 52, 70, 53]],

[ 54, 95, 0,[ 75, 24, 47, 41, 97]],

[ 51, 95, 0,[ 76, 50]],

[ 73, 95, 0,[ 59, 46, 84, 0]],

[ 26, 95, 0,[ 78, 79, 45]],

[ 55, 95, 0,[ 86, 46, 25]],

[ 96, 95, 0,[ 98, 16, 78]],

[ 0, 95, 0,[ 34, 1, 73]],

[ 47, 95, 1,[ 42, 89, 54, 86, 22, 61, 62, 8, 49]],

[ 4, 95, 0,[ 78, 65, 59]],

[ 5, 95, 0,[ 8, 93, 69]],

[ 65, 95, 0,[ 86, 4]],

[ 19, 95, 0,[ 82, 81, 99, 72]],

[ 38, 95, 0,[ 56, 44, 75]],

[ 85, 95, 0,[ 72, 84, 45]],

[ 76, 95, 0,[ 13, 51, 10, 98, 72]],

[ 93, 65, 1,[ 9, 98, 5, 58, 99, 27, 41]],

[ 41, 95, 0,[ 93, 54, 6, 18]],

[ 82, 95, 0,[ 83, 34, 9, 19]],

[ 86, 95, 1,[ 44, 69, 65, 28, 15, 55, 47]],

[ 43, 95, 0,[ 3, 18, 21]],

[ 89, 95, 0,[ 58, 47, 15]],

[ 88, 95, 0,[ 53, 45]],

[ 10, 95, 0,[ 52, 76, 11]],

[ 11, 95, 0,[ 28, 17, 6, 10]],

[ 84, 95, 0,[ 13, 73, 85]],

[ 78, 95, 0,[ 27, 96, 4, 64, 53, 26]],

[ 46, 95, 0,[ 73, 55, 56, 35]],

[ 57, 95, 0,[ 80, 56, 98]],

[ 15, 95, 0,[ 86, 89, 21]],

[ 14, 5, 1,[ 45, 68, 37, 39, 29]],

[ 53, 95, 1,[ 34, 66, 88, 78]],

[ 12, 95, 0,[ 8, 9, 60, 1]],

[ 3, 95, 1,[ 64, 95, 71, 21, 36, 69, 61, 43, 77]],

[ 13, 95, 0,[ 76, 84, 62]],

[ 39, 95, 0,[ 40, 81, 72, 2, 23, 14]],

[ 75, 95, 0,[ 38, 54, 58, 69]],

[ 61, 95, 0,[ 3, 47, 28]],

[ 98, 95, 1,[ 71, 30, 96, 93, 76, 40, 57]],

[ 92, 95, 0,[ 17, 8, 67]],

[ 99, 95, 0,[ 19, 93, 67]],

[ 18, 95, 0,[ 43, 41, 20]],

[ 7, 95, 0,[ 25, 97, 69]],

[ 48, 95, 0,[ 91, 68]],

[ 79, 95, 0,[ 26, 58, 22]],

[ 91, 15, 0,[ 31, 94, 47]],

[ 5, 15, 0,[ 45, 79, 98]],

[ 97, 15, 0,[ 98, 46, 87]],

[ 1, 15, 0,[ 0, 28, 81]],

[ 85, 15, 0,[ 36, 28, 83]],

[ 47, 15, 0,[ 76, 91, 89]],

[ 94, 15, 0,[ 72, 7, 91, 89]],

[ 48, 15, 0,[ 68, 62, 57]],

[ 65, 15, 0,[ 89, 10]],

[ 6, 15, 0,[ 29, 22, 25, 50]],

[ 39, 15, 0,[ 54, 69]],

[ 18, 15, 0,[ 53, 9, 68, 69]],

[ 83, 15, 0,[ 85, 82, 20]],

[ 77, 15, 0,[ 41, 32, 53, 81]],

[ 20, 15, 0,[ 30, 96, 83]],

[ 7, 15, 0,[ 36, 94, 55]],

[ 67, 15, 0,[ 72, 76]],

[ 45, 85, 1,[ 86, 26, 5]],

[ 80, 15, 0,[ 41, 69]],

[ 55, 15, 0,[ 7, 26, 84, 54, 23, 73]],

[ 10, 15, 0,[ 92, 8, 65, 44, 28]],

[ 37, 15, 0,[ 74]],

[ 61, 15, 0,[ 52, 60, 82]],

[ 14, 15, 1,[ 3, 64, 2, 88, 34, 49, 51, 28, 71]],

[ 38, 15, 0,[ 35, 43, 4]],

[ 74, 15, 0,[ 37, 86]],

[ 72, 15, 0,[ 67, 94, 79]],

[ 2, 15, 0,[ 93, 32, 14]],

[ 99, 15, 0,[ 71, 82]],

[ 75, 15, 0,[ 24, 52, 27]],

[ 79, 15, 0,[ 72, 21, 5]],

[ 52, 15, 0,[ 75, 61, 87, 28]],

[ 9, 15, 0,[ 18]],

[ 29, 15, 0,[ 88, 84, 31, 6]],

[ 27, 15, 1,[ 93, 66, 98, 51, 75]],

[ 49, 15, 0,[ 14, 17, 58, 70]],

[ 92, 15, 0,[ 41, 50, 10, 12]],

[ 42, 15, 0,[ 86, 8, 73]],

[ 43, 15, 0,[ 44, 38, 56]],

[ 82, 15, 0,[ 99, 61, 84, 83, 62]],

[ 36, 15, 0,[ 85, 87, 7]],

[ 30, 15, 0,[ 28, 93, 20]],

[ 11, 15, 0,[ 95, 78, 64]],

[ 90, 15, 0,[ 40, 17, 26]],

[ 44, 15, 0,[ 96, 66, 43, 10]],

[ 95, 15, 0,[ 56, 11, 86]],

[ 69, 75, 1,[ 18, 80, 96, 98, 13, 66, 39, 60]],

[ 12, 15, 0,[ 63, 89, 92]],

[ 21, 15, 0,[ 78, 79]],

[ 63, 15, 0,[ 3, 12, 24]],

[ 70, 15, 0,[ 15, 49, 87]],

[ 26, 15, 0,[ 45, 90, 55]],

[ 98, 25, 1,[ 69, 46, 17, 5, 97, 27]],

[ 32, 15, 0,[ 2, 25, 77]],

[ 13, 15, 0,[ 15, 69, 76]],

[ 0, 15, 0,[ 56, 1, 16]],

[ 19, 15, 0,[ 22, 73, 17]],

[ 62, 15, 0,[ 96, 82, 48]],

[ 16, 15, 0,[ 56, 0]],

[ 33, 15, 0,[ 35, 93]],

[ 50, 15, 0,[ 6, 53, 92]],

[ 59, 15, 0,[ 3, 60]],

[ 51, 15, 0,[ 93, 27, 14]],

[ 22, 15, 0,[ 8, 6, 19]],

[ 89, 15, 0,[ 94, 73, 12, 47, 65]],

[ 96, 15, 0,[ 44, 69, 78, 20, 62]],

[ 54, 15, 0,[ 39, 55]],

[ 3, 25, 1,[ 63, 88, 14, 59, 40, 81]],

[ 53, 25, 1,[ 77, 4, 46, 18, 50]],

[ 24, 15, 0,[ 63, 86, 75]],

[ 58, 15, 0,[ 56, 57, 49, 88]],

[ 15, 15, 0,[ 35, 13, 70]],

[ 31, 15, 0,[ 29, 91]],

[ 8, 15, 0,[ 42, 22, 10, 81]],

[ 17, 15, 0,[ 90, 49, 4, 19, 98]],

[ 66, 15, 0,[ 27, 69, 44]],

[ 88, 15, 0,[ 14, 29, 58, 3]],

[ 68, 15, 0,[ 18, 81, 48]],

[ 4, 15, 0,[ 53, 38, 17]],

[ 76, 15, 0,[ 13, 47, 67]],

[ 28, 95, 1,[ 1, 85, 14, 10, 30, 52]],

[ 87, 15, 0,[ 97, 70, 86, 36, 52]],

[ 73, 15, 0,[ 19, 89, 42, 40, 55]],

[ 71, 15, 0,[ 14, 40, 99]],

[ 60, 15, 0,[ 61, 69, 59]],

[ 78, 15, 0,[ 96, 86, 21, 11]],

[ 84, 15, 0,[ 55, 29, 82]],

[ 25, 15, 0,[ 6, 86, 57, 32]],

[ 35, 15, 0,[ 15, 33, 81, 34, 38, 57]],

[ 81, 15, 0,[ 3, 1, 77, 35, 68, 8]],

[ 46, 15, 0,[ 53, 98, 97]],

[ 93, 45, 1,[ 2, 33, 51, 30, 27]],

[ 41, 15, 0,[ 77, 64, 80, 92]],

[ 23, 15, 0,[ 55, 57]],

[ 40, 15, 0,[ 3, 73, 90, 71]],

[ 56, 15, 0,[ 0, 95, 43, 16, 58]],

[ 57, 15, 0,[ 23, 25, 48, 58, 35]],

[ 64, 15, 0,[ 41, 86, 11, 14]],

[ 86, 65, 1,[ 64, 24, 25, 74, 42, 95, 78, 45, 87]],

[ 34, 15, 0,[ 35, 14]],

