[ 45, 75, 1,[ 4, 43, 3]],

[ 53, 35, 1,[ 90, 2, 56, 75, 67, 74, 27]],

[ 52, 35, 0,[ 46, 27, 34, 12]],

[ 38, 5, 1,[ 57, 20, 26, 6, 50]],

[ 40, 35, 1,[ 5, 27, 11]],

[ 93, 25, 1,[ 34, 88, 91, 66]],

[ 32, 55, 0,[ 91, 97, 54, 0, 82]],

[ 57, 15, 1,[ 38, 50, 72]],

[ 88, 35, 1,[ 67, 81, 70, 91, 93]],

[ 30, 85, 1,[ 51, 87, 99, 59, 25, 72]],

[ 99, 75, 0,[ 10, 30, 44]],

[ 34, 25, 1,[ 52, 93, 86]],

[ 19, 35, 0,[ 73, 11, 79]],

[ 64, 85, 1,[ 39, 15, 1, 86, 95]],

[ 26, 55, 0,[ 43, 85, 38]],

[ 18, 15, 1,[ 12, 87, 74]],

[ 15, 65, 1,[ 17, 64, 4]],

[ 84, 35, 0,[ 97, 71, 74, 42]],

[ 29, 15, 0,[ 17, 28, 37]],

[ 43, 55, 1,[ 80, 89, 63, 72, 26, 45]],

[ 3, 45, 1,[ 14, 45, 1, 72]],

[ 41, 95, 1,[ 20, 83, 56, 24]],

[ 66, 35, 0,[ 47, 79, 93]],

[ 56, 75, 0,[ 62, 41, 53]],

[ 35, 95, 0,[ 90, 14]],

[ 69, 75, 1,[ 39, 16, 44, 70]],

[ 63, 55, 1,[ 8, 4, 43, 49, 61]],

[ 77, 55, 1,[ 47, 37, 83]],

[ 67, 55, 1,[ 88, 62, 5, 81, 53]],

[ 61, 55, 0,[ 68, 63, 73]],

[ 27, 75, 1,[ 40, 52, 85, 53, 9]],

[ 22, 35, 0,[ 58, 48, 75, 78]],

[ 73, 35, 1,[ 81, 61, 62, 19, 11, 46]],

[ 14, 95, 0,[ 3, 92, 35]],

[ 1, 85, 1,[ 28, 65, 64, 3]],

[ 16, 15, 0,[ 69, 91, 82]],

[ 75, 35, 0,[ 22, 4, 53]],

[ 25, 85, 1,[ 51, 21, 30]],

[ 92, 95, 0,[ 11, 89, 14]],

[ 20, 95, 0,[ 38, 41, 91]],

[ 2, 45, 1,[ 89, 53, 37, 24]],

[ 91, 15, 1,[ 13, 16, 8, 20, 32, 88, 33, 93, 96]],

[ 79, 35, 0,[ 66, 19, 21]],

[ 98, 15, 1,[ 6, 23, 37]],

[ 89, 55, 0,[ 85, 2, 92, 43]],

[ 55, 95, 1,[ 82, 49, 70, 65, 87, 90]],

[ 90, 95, 0,[ 35, 55, 53]],

[ 42, 35, 0,[ 86, 12, 84]],

[ 49, 85, 1,[ 63, 54, 55, 7]],

[ 44, 75, 0,[ 99, 69, 71]],

[ 0, 5, 1,[ 32, 10, 94]],

[ 51, 75, 1,[ 65, 25, 30]],

[ 62, 75, 1,[ 73, 56, 67, 6, 24]],

[ 11, 95, 1,[ 76, 73, 92, 19, 40]],

[ 7, 25, 1,[ 47, 31, 49, 58, 33]],

[ 13, 35, 1,[ 9, 12, 5, 91]],

[ 39, 65, 0,[ 69, 21, 64]],

[ 76, 55, 0,[ 4, 11, 60]],

[ 70, 85, 1,[ 88, 69, 55]],

[ 10, 55, 0,[ 0, 94, 46, 99]],

[ 33, 25, 0,[ 7, 91, 5]],

[ 86, 45, 1,[ 34, 64, 42]],

[ 95, 5, 0,[ 64, 8, 28]],

[ 8, 55, 0,[ 91, 47, 63, 95]],

[ 59, 5, 0,[ 9, 30]],

[ 5, 5, 1,[ 67, 40, 33, 13]],

[ 50, 85, 1,[ 57, 38, 96]],

[ 60, 55, 1,[ 76, 83, 94]],

[ 6, 75, 0,[ 98, 62, 38]],

[ 48, 35, 0,[ 54, 22, 83]],

[ 85, 55, 0,[ 97, 26, 27, 89, 68]],

[ 36, 45, 1,[ 80, 71, 23, 94]],

[ 81, 35, 0,[ 67, 88, 73]],

[ 80, 55, 0,[ 43, 96, 36]],

[ 94, 55, 0,[ 10, 0, 60, 36]],

[ 4, 65, 1,[ 45, 76, 63, 75, 15]],

[ 71, 35, 0,[ 84, 44, 36]],

[ 17, 65, 0,[ 29, 15]],

[ 9, 5, 1,[ 13, 27, 59]],

[ 46, 35, 0,[ 73, 52, 10]],

[ 65, 75, 1,[ 55, 1, 31, 51]],

[ 74, 15, 0,[ 84, 53, 18, 23]],

[ 21, 65, 1,[ 79, 25, 39]],

[ 37, 15, 0,[ 2, 98, 29, 77]],

[ 96, 85, 0,[ 80, 91, 50]],

[ 78, 35, 0,[ 22]],

[ 87, 85, 0,[ 55, 18, 30]],

[ 58, 15, 1,[ 7, 22, 28]],

[ 54, 55, 1,[ 48, 49, 32]],

[ 97, 55, 0,[ 85, 32, 84]],

[ 47, 35, 1,[ 77, 8, 7, 66]],

[ 82, 55, 0,[ 55, 16, 32]],

[ 68, 55, 0,[ 31, 85, 61]],

[ 24, 45, 0,[ 62, 41, 2]],

[ 31, 55, 0,[ 65, 7, 68]],

[ 83, 95, 1,[ 60, 48, 77, 41]],

[ 23, 15, 0,[ 36, 74, 98]],

[ 12, 35, 1,[ 42, 13, 18, 52]],

[ 72, 85, 0,[ 57, 30, 3, 43]],

[ 28, 5, 1,[ 95, 29, 58, 1]],

