[ 26, 25, 1,[ 83, 69, 25, 81, 67]],

[ 8, 55, 1,[ 92, 60, 21]],

[ 20, 75, 1,[ 6, 75, 59]],

[ 72, 5, 1,[ 90, 16, 53]],

[ 84, 65, 1,[ 49, 23, 73]],

[ 5, 85, 0,[ 34, 85, 24]],

[ 71, 55, 1,[ 79, 21, 58]],

[ 47, 25, 0,[ 40, 74, 42]],

[ 61, 35, 1,[ 58, 33, 64]],

[ 56, 85, 1,[ 10, 40, 19]],

[ 77, 55, 0,[ 59, 98, 95]],

[ 69, 55, 0,[ 59, 26, 92]],

[ 17, 65, 1,[ 23, 76, 89]],

[ 73, 25, 0,[ 6, 42, 84]],

[ 25, 15, 0,[ 35, 22, 26]],

[ 82, 45, 1,[ 95, 57]],

[ 98, 55, 0,[ 28, 77, 24]],

[ 29, 65, 1,[ 50, 4, 45, 18]],

[ 66, 35, 1,[ 30, 93, 4, 46, 37]],

[ 33, 35, 1,[ 61, 78, 62, 36]],

[ 2, 25, 0,[ 51, 79, 87]],

[ 92, 55, 0,[ 97, 55, 8, 69]],

[ 81, 65, 1,[ 26, 9, 64]],

[ 86, 65, 0,[ 43, 78, 89]],

[ 42, 65, 1,[ 79, 47, 40, 73, 54, 37]],

[ 12, 15, 0,[ 54, 41, 0]],

[ 19, 35, 1,[ 93, 56, 28]],

[ 65, 55, 0,[ 28, 68, 7, 94]],

[ 44, 95, 1,[ 28, 49, 27]],

[ 36, 85, 0,[ 33, 31, 54, 91]],

[ 7, 55, 0,[ 38, 65, 13]],

[ 55, 55, 0,[ 92, 57, 53]],

[ 30, 25, 0,[ 13, 32, 66]],

[ 59, 15, 1,[ 69, 23, 62, 77, 20]],

[ 31, 25, 1,[ 36, 11, 34, 23, 46, 43, 41]],

[ 16, 35, 1,[ 13, 49, 75, 72]],

[ 32, 95, 1,[ 88, 87, 30, 34]],

[ 87, 25, 0,[ 2, 52, 32]],

[ 50, 55, 0,[ 4, 29, 96]],

[ 76, 25, 1,[ 17, 52, 79]],

[ 95, 45, 1,[ 60, 37, 82, 80, 77]],

[ 37, 45, 1,[ 42, 95, 66]],

[ 64, 15, 0,[ 61, 97, 81]],

[ 43, 65, 0,[ 31, 48, 86]],

[ 13, 55, 1,[ 93, 7, 30, 16]],

[ 70, 15, 0,[ 11, 15, 9]],

[ 28, 55, 0,[ 44, 22, 65, 98, 19, 35]],

[ 3, 55, 0,[ 10, 97, 38]],

[ 53, 35, 0,[ 55, 72, 62]],

[ 54, 65, 1,[ 12, 42, 36, 99]],

[ 79, 95, 1,[ 2, 71, 21, 76, 68, 42]],

[ 48, 25, 1,[ 85, 75, 40, 78, 43, 96]],

[ 90, 75, 1,[ 18, 63, 72, 1, 62]],

[ 18, 15, 0,[ 0, 24, 29, 90]],

[ 63, 95, 0,[ 90, 88, 96]],

[ 15, 65, 0,[ 89, 70, 39]],

[ 6, 5, 1,[ 73, 22, 88, 20]],

[ 39, 15, 1,[ 89, 99, 91, 15]],

[ 23, 55, 1,[ 31, 11, 59, 17, 84]],

[ 51, 25, 1,[ 2, 60, 52]],

[ 34, 65, 0,[ 31, 5, 27, 32]],

[ 45, 15, 0,[ 74, 83, 10, 29]],

[ 89, 25, 1,[ 17, 67, 49, 86, 39, 15, 40]],

[ 11, 65, 0,[ 23, 70, 31]],

[ 60, 55, 0,[ 95, 8, 51]],

[ 80, 55, 1,[ 0, 95, 83]],

[ 97, 25, 1,[ 64, 92, 3]],

[ 21, 75, 0,[ 62, 8, 79, 71]],

[ 24, 85, 1,[ 93, 74, 5, 98, 18]],

[ 94, 55, 0,[ 65, 67]],

[ 96, 25, 1,[ 48, 63, 50]],

[ 91, 85, 0,[ 39, 38, 36]],

[ 93, 15, 0,[ 13, 14, 24, 19, 66]],

[ 67, 65, 0,[ 94, 89, 26]],

[ 49, 65, 0,[ 84, 44, 89, 16]],

[ 9, 15, 0,[ 27, 78, 70, 81]],

[ 62, 65, 1,[ 90, 59, 53, 21, 33]],

[ 88, 45, 0,[ 6, 32, 1, 63]],

[ 41, 65, 0,[ 31, 85, 12]],

[ 58, 55, 0,[ 61, 71, 4]],

[ 99, 15, 1,[ 39, 54, 1]],

[ 35, 55, 1,[ 28, 57, 25]],

[ 74, 55, 1,[ 24, 47, 45]],

[ 4, 55, 0,[ 66, 50, 29, 58]],

[ 52, 35, 1,[ 87, 51, 76, 68]],

[ 46, 35, 1,[ 0, 66, 31]],

[ 27, 15, 0,[ 9, 44, 34]],

[ 85, 25, 1,[ 48, 5, 41]],

[ 78, 65, 1,[ 33, 9, 86, 48]],

[ 75, 5, 1,[ 20, 16, 48]],

[ 1, 45, 0,[ 90, 99, 88]],

[ 40, 25, 0,[ 47, 48, 56, 42, 89]],

[ 22, 35, 1,[ 6, 25, 28]],

[ 57, 55, 0,[ 35, 82, 55]],

[ 0, 15, 0,[ 12, 80, 18, 46]],

[ 83, 15, 0,[ 80, 45, 26]],

[ 10, 95, 1,[ 56, 3, 14, 45]],

[ 14, 15, 0,[ 68, 93, 10]],

[ 38, 55, 0,[ 7, 3, 91]],

[ 68, 35, 1,[ 65, 14, 52, 79]],

[ 87, 45, 1,[ 47, 95, 25]],

[ 61, 15, 1,[ 22, 85, 92, 86, 32]],

[ 14, 55, 0,[ 37, 66, 82]],

[ 60, 75, 0,[ 50, 97, 17]],

[ 68, 35, 1,[ 55, 25, 51, 81, 45]],

[ 51, 85, 1,[ 82, 68, 28]],

[ 98, 15, 0,[ 37, 49, 91, 42]],

[ 11, 55, 0,[ 66, 82, 40]],

[ 29, 75, 1,[ 47, 44, 1]],

[ 40, 95, 1,[ 57, 77, 11]],

[ 10, 55, 1,[ 94, 58, 15, 19, 28, 33, 7]],

[ 21, 45, 0,[ 30, 34, 23]],

[ 79, 85, 1,[ 75, 12, 4, 35]],

[ 17, 75, 1,[ 9, 60, 65]],

[ 89, 15, 1,[ 66, 52, 43]],

[ 43, 65, 0,[ 44, 89, 13]],

[ 52, 15, 1,[ 39, 89, 88, 63]],

[ 84, 85, 1,[ 80, 73, 94]],

[ 88, 35, 1,[ 52, 55, 1]],

[ 44, 75, 1,[ 50, 74, 29, 43, 36]],

[ 73, 25, 0,[ 48, 84, 80]],

[ 46, 45, 1,[ 70, 18, 54]],

[ 53, 15, 0,[ 91, 97, 69]],

[ 82, 95, 1,[ 8, 92, 36, 11, 14, 51, 72, 0]],

[ 5, 35, 0,[ 93, 97, 90]],

[ 9, 95, 0,[ 92, 39, 17]],

[ 41, 75, 0,[ 47, 78, 80]],

[ 74, 75, 0,[ 50, 47, 44]],

[ 39, 85, 0,[ 52, 9, 37]],

[ 76, 75, 1,[ 63, 27, 32]],

[ 8, 65, 1,[ 47, 82, 59, 2]],

[ 36, 55, 0,[ 44, 32, 82]],

[ 72, 75, 1,[ 82, 78, 7, 77, 37]],

[ 27, 25, 0,[ 75, 19, 76]],

[ 75, 25, 1,[ 79, 69, 27]],

[ 78, 55, 1,[ 72, 41, 95]],

[ 95, 45, 1,[ 0, 26, 56, 54, 48, 78, 87]],

[ 56, 95, 1,[ 95, 16, 34]],

[ 20, 25, 1,[ 64, 77, 50]],

[ 71, 45, 1,[ 1, 83, 50]],

[ 92, 65, 1,[ 61, 82, 96, 9]],

[ 12, 45, 0,[ 79, 23, 45]],

[ 77, 95, 0,[ 42, 40, 72, 20, 31]],

[ 65, 15, 0,[ 17, 3]],

[ 30, 45, 0,[ 6, 97, 21]],

[ 19, 95, 1,[ 66, 48, 10, 27]],

[ 22, 35, 1,[ 90, 59, 61, 37, 6]],

[ 42, 5, 1,[ 98, 83, 77]],

[ 28, 95, 0,[ 32, 10, 51]],

[ 54, 75, 0,[ 58, 95, 23, 67, 46]],

[ 45, 45, 0,[ 26, 68, 12]],

[ 31, 15, 1,[ 80, 48, 77]],

[ 6, 65, 1,[ 22, 30, 99]],

[ 34, 45, 0,[ 21, 55, 26, 56]],

[ 24, 15, 1,[ 85, 59, 93]],

[ 7, 95, 0,[ 48, 72, 10]],

[ 35, 15, 1,[ 79, 3, 4]],

[ 67, 75, 0,[ 23, 54, 4]],

[ 15, 65, 0,[ 86, 10, 62, 63]],

[ 25, 35, 0,[ 96, 87, 68]],

[ 1, 35, 0,[ 29, 88, 71, 83]],

[ 47, 75, 0,[ 29, 41, 85, 87, 74, 8]],

[ 97, 75, 1,[ 57, 5, 60, 90, 53, 30]],

[ 94, 35, 1,[ 16, 10, 2, 84, 99, 33]],

[ 66, 75, 1,[ 14, 89, 19, 11]],

[ 63, 65, 0,[ 49, 76, 15, 52]],

[ 57, 75, 0,[ 97, 40, 38]],

[ 80, 65, 1,[ 84, 41, 73, 31]],

[ 99, 25, 1,[ 59, 86, 94, 6]],

[ 83, 35, 0,[ 48, 42, 1, 71]],

[ 3, 15, 0,[ 65, 35, 18]],

[ 81, 75, 1,[ 68, 38, 49, 91, 16]],

[ 70, 15, 0,[ 58, 46, 64]],

[ 48, 15, 1,[ 19, 73, 95, 7, 83, 31]],

[ 37, 85, 1,[ 22, 39, 72, 98, 14]],

[ 85, 95, 1,[ 24, 47, 61]],

[ 23, 75, 1,[ 67, 54, 12, 21]],

[ 59, 95, 1,[ 8, 99, 22, 24]],

[ 26, 45, 0,[ 95, 34, 45]],

[ 64, 15, 0,[ 70, 0, 20]],

[ 50, 75, 0,[ 60, 74, 44, 71, 20]],

[ 2, 55, 0,[ 8, 62, 94]],

[ 16, 55, 0,[ 81, 56, 94]],

[ 32, 35, 1,[ 76, 28, 36, 61]],

[ 33, 5, 1,[ 94, 10, 18]],

[ 96, 25, 1,[ 25, 38, 92]],

[ 93, 35, 0,[ 62, 24, 5]],

[ 86, 65, 0,[ 99, 15, 61]],

[ 91, 15, 0,[ 53, 81, 98]],

[ 18, 55, 0,[ 3, 46, 33]],

[ 58, 95, 0,[ 10, 54, 70]],

[ 90, 35, 1,[ 5, 22, 97]],

[ 13, 35, 1,[ 43, 4]],

[ 62, 25, 1,[ 2, 15, 93]],

[ 38, 15, 0,[ 69, 96, 81, 57]],

[ 49, 15, 0,[ 63, 98, 81]],

[ 4, 75, 0,[ 79, 35, 67, 13]],

[ 69, 15, 0,[ 38, 53, 75]],

[ 55, 35, 0,[ 34, 68, 88]],

[ 0, 55, 0,[ 64, 82, 95]],

