[ 49, 15, 1,[ 87, 23, 18, 14]],

[ 27, 5, 1,[ 72, 6, 94]],

[ 54, 55, 0,[ 25, 32, 9, 69]],

[ 52, 25, 0,[ 84, 2, 86, 41]],

[ 28, 85, 1,[ 36, 57, 30]],

[ 57, 75, 1,[ 69, 28, 30, 42]],

[ 0, 75, 1,[ 88, 41, 86]],

[ 74, 65, 0,[ 12, 21, 65]],

[ 8, 95, 0,[ 73, 79, 47, 17, 58, 90, 44]],

[ 7, 95, 1,[ 19, 9, 45, 81]],

[ 91, 75, 1,[ 35, 20, 31]],

[ 21, 35, 1,[ 41, 47, 74]],

[ 3, 95, 1,[ 10, 56, 75]],

[ 53, 15, 1,[ 44, 6, 41]],

[ 18, 25, 1,[ 67, 26, 42, 49]],

[ 75, 95, 0,[ 3, 60, 66]],

[ 22, 85, 0,[ 76, 33, 95]],

[ 45, 15, 1,[ 7, 43, 77, 60]],

[ 40, 85, 0,[ 20, 99, 87]],

[ 36, 25, 1,[ 28, 72, 16, 24]],

[ 20, 55, 0,[ 9, 40, 91, 38]],

[ 42, 75, 0,[ 18, 57, 11]],

[ 41, 85, 1,[ 11, 52, 59, 53, 0, 21, 72, 23]],

[ 50, 75, 1,[ 48, 25, 46, 86, 64]],

[ 24, 5, 0,[ 55, 46, 66, 36]],

[ 80, 85, 0,[ 12, 96, 76]],

[ 44, 85, 0,[ 68, 53, 8]],

[ 9, 25, 1,[ 7, 54, 39, 20]],

[ 76, 85, 0,[ 67, 22, 80, 68]],

[ 35, 65, 0,[ 4, 37, 65, 91]],

[ 97, 35, 0,[ 4, 34, 26]],

[ 85, 95, 0,[ 93, 79, 1]],

[ 16, 25, 1,[ 55, 31, 36]],

[ 30, 75, 1,[ 28, 26, 57, 92, 55, 73]],

[ 26, 15, 1,[ 30, 18, 97]],

[ 86, 85, 1,[ 50, 0, 52]],

[ 37, 75, 0,[ 93, 35, 73]],

[ 38, 55, 1,[ 20, 69, 29, 81, 95]],

[ 79, 15, 1,[ 15, 85, 8, 51]],

[ 81, 95, 0,[ 38, 7, 60]],

[ 4, 15, 1,[ 78, 35, 15, 97]],

[ 70, 75, 1,[ 98, 17, 23]],

[ 17, 15, 0,[ 8, 94, 64, 96, 70]],

[ 34, 15, 1,[ 97, 84, 56, 62]],

[ 33, 15, 0,[ 22, 1]],

[ 99, 85, 0,[ 59, 40, 66]],

[ 78, 25, 0,[ 93, 4, 32]],

[ 46, 95, 0,[ 58, 50, 24, 63]],

[ 19, 95, 0,[ 88, 77, 7, 25]],

[ 98, 35, 1,[ 89, 70, 88]],

[ 6, 15, 0,[ 27, 53, 64]],

[ 31, 35, 0,[ 83, 91, 16]],

[ 90, 45, 1,[ 8, 10, 95]],

[ 39, 85, 0,[ 10, 89, 9]],

[ 73, 25, 1,[ 37, 67, 30, 8, 51]],

[ 61, 15, 0,[ 58, 14, 87]],

[ 68, 85, 0,[ 44, 60, 76]],

[ 62, 55, 0,[ 63, 34, 43]],

[ 11, 75, 1,[ 71, 42, 41]],

[ 82, 55, 0,[ 58, 71, 13]],

[ 65, 25, 1,[ 74, 83, 35]],

[ 51, 75, 0,[ 79, 73, 5]],

[ 67, 85, 1,[ 76, 18, 73]],

[ 48, 75, 0,[ 87, 64, 50]],

[ 59, 85, 0,[ 95, 41, 99]],

[ 72, 15, 0,[ 29, 36, 27, 41]],

[ 13, 55, 0,[ 82, 64, 14]],

[ 94, 15, 0,[ 17, 27, 92, 1]],

[ 69, 5, 1,[ 57, 38, 54]],

[ 58, 95, 1,[ 46, 82, 8, 61]],

[ 66, 5, 0,[ 15, 24, 75, 99]],

[ 14, 75, 0,[ 13, 61, 49]],

[ 12, 85, 1,[ 80, 89, 74]],

[ 56, 45, 0,[ 34, 29, 3]],

[ 10, 65, 0,[ 3, 5, 39, 90]],

[ 87, 15, 1,[ 40, 92, 88, 61, 48, 49]],

[ 1, 35, 1,[ 94, 33, 85]],

[ 23, 5, 0,[ 41, 49, 70]],

[ 64, 35, 1,[ 17, 6, 48, 13, 50]],

[ 60, 55, 1,[ 75, 29, 68, 45, 96, 81]],

[ 29, 15, 0,[ 60, 72, 38, 56]],

[ 93, 5, 1,[ 78, 37, 85]],

[ 84, 5, 0,[ 47, 34, 52]],

[ 55, 85, 1,[ 30, 24, 16]],

[ 5, 5, 1,[ 51, 10, 25]],

[ 71, 55, 0,[ 82, 11, 2]],

[ 88, 75, 0,[ 0, 87, 19, 98]],

[ 83, 75, 1,[ 25, 31, 65]],

[ 89, 5, 0,[ 12, 98, 39, 15]],

[ 15, 75, 1,[ 79, 4, 89, 66]],

[ 43, 15, 1,[ 62, 45]],

[ 77, 55, 1,[ 25, 45, 19]],

[ 92, 55, 0,[ 94, 30, 87]],

[ 25, 75, 1,[ 50, 2, 54, 83, 5, 77, 19]],

[ 96, 15, 0,[ 17, 80, 60]],

[ 2, 45, 1,[ 95, 71, 25, 52]],

[ 47, 75, 1,[ 8, 21, 63, 84]],

[ 32, 85, 0,[ 54, 78]],

[ 95, 15, 1,[ 2, 38, 90, 59, 22]],

[ 63, 35, 1,[ 62, 47, 46]],

[ 18, 25, 1,[ 98, 75, 55, 71, 41]],

[ 33, 85, 1,[ 83, 60, 72]],

[ 59, 85, 0,[ 19, 67, 3]],

[ 50, 45, 1,[ 97, 13, 70, 78]],

[ 94, 25, 1,[ 65, 40, 38, 90, 89]],

[ 85, 85, 0,[ 40, 21, 43]],

[ 37, 45, 0,[ 36, 16, 63]],

[ 47, 85, 1,[ 84, 78, 77]],

[ 77, 45, 1,[ 14, 53, 47]],

[ 97, 75, 0,[ 34, 5, 50]],

[ 66, 65, 0,[ 57, 25, 81]],

[ 54, 55, 1,[ 32, 51, 52]],

[ 86, 45, 1,[ 51, 4, 73, 22]],

[ 26, 5, 0,[ 7, 65, 72]],

[ 35, 75, 0,[ 90, 27, 61]],

[ 2, 85, 1,[ 80, 60, 53]],

[ 14, 75, 0,[ 77, 7, 46, 30]],

[ 46, 15, 0,[ 82, 14, 3, 43]],

[ 78, 45, 0,[ 24, 50, 84, 62, 0, 47]],

[ 16, 45, 0,[ 37, 88, 9]],

[ 89, 15, 0,[ 94, 57, 51]],

[ 91, 85, 1,[ 23, 5, 69]],

[ 4, 35, 1,[ 24, 99, 86]],

[ 48, 45, 0,[ 17, 9, 5]],

[ 79, 45, 0,[ 80, 87, 69]],

[ 65, 65, 1,[ 26, 93, 61, 94]],

[ 52, 55, 0,[ 12, 54, 99, 44, 63]],

[ 3, 15, 1,[ 36, 46, 58, 59, 81]],

[ 41, 55, 1,[ 21, 96, 18]],

[ 56, 95, 0,[ 19, 7, 99]],

[ 17, 45, 0,[ 34, 48, 8]],

[ 92, 5, 0,[ 25, 69, 72]],

[ 11, 65, 1,[ 53, 70, 98]],

[ 28, 55, 1,[ 27, 8, 64]],

[ 44, 55, 0,[ 52, 6, 43]],

[ 57, 45, 1,[ 89, 90, 93, 64, 66]],

[ 5, 15, 1,[ 67, 24, 25, 97, 91, 48]],

[ 8, 45, 0,[ 28, 17, 60]],

[ 84, 45, 0,[ 78, 47, 20, 15, 1]],

[ 21, 45, 1,[ 41, 39, 85]],

[ 95, 85, 1,[ 60, 45, 6]],

[ 63, 65, 1,[ 74, 67, 55, 37, 72, 52]],

[ 98, 15, 1,[ 18, 68, 11]],

[ 62, 85, 0,[ 19, 80, 22, 78]],

[ 64, 35, 1,[ 88, 23, 57, 28]],

[ 70, 75, 1,[ 38, 11, 50, 76]],

[ 96, 25, 0,[ 41, 6, 10]],

[ 36, 55, 1,[ 3, 61, 37]],

[ 22, 35, 0,[ 49, 86, 62]],

[ 24, 45, 0,[ 4, 5, 78]],

[ 7, 15, 1,[ 14, 38, 26, 56]],

[ 19, 95, 0,[ 32, 62, 59, 56]],

[ 12, 95, 1,[ 20, 52, 73]],

[ 80, 85, 0,[ 62, 79, 2]],

[ 75, 85, 0,[ 71, 18, 67]],

[ 38, 55, 1,[ 94, 7, 70]],

[ 55, 65, 1,[ 63, 18, 87]],

[ 60, 95, 1,[ 2, 8, 95, 33]],

[ 99, 55, 0,[ 56, 52, 4, 29]],

[ 29, 85, 1,[ 68, 99, 87]],

[ 87, 45, 0,[ 83, 55, 79, 29]],

[ 88, 65, 0,[ 71, 16, 25, 64]],

[ 76, 95, 0,[ 71, 69, 70]],

[ 83, 25, 1,[ 87, 69, 33]],

[ 27, 75, 1,[ 28, 35, 68]],

[ 9, 55, 1,[ 48, 16, 10]],

[ 40, 85, 0,[ 85, 94, 49]],

[ 30, 35, 1,[ 14, 6, 1]],

[ 82, 85, 0,[ 46, 1]],

[ 39, 65, 0,[ 67, 23, 21]],

[ 42, 65, 0,[ 25, 67, 31, 15]],

[ 74, 45, 0,[ 58, 63, 1]],

[ 71, 45, 1,[ 75, 88, 76, 18]],

[ 23, 65, 0,[ 25, 49, 64, 91, 39]],

[ 51, 85, 0,[ 54, 89, 86]],

[ 67, 45, 1,[ 58, 75, 63, 59, 42, 10, 39, 5]],

[ 43, 35, 1,[ 85, 46, 44]],

[ 31, 95, 0,[ 0, 32, 42]],

[ 20, 5, 0,[ 13, 12, 84]],

[ 90, 15, 0,[ 35, 94, 57]],

[ 53, 45, 1,[ 11, 2, 77]],

[ 69, 65, 1,[ 92, 79, 76, 83, 91]],

[ 6, 55, 0,[ 44, 30, 95, 96]],

[ 49, 5, 1,[ 40, 32, 23, 22]],

[ 10, 25, 0,[ 67, 9, 96]],

[ 61, 75, 0,[ 65, 35, 36]],

[ 58, 45, 1,[ 3, 45, 74, 67]],

[ 72, 5, 0,[ 92, 26, 33, 63]],

[ 13, 5, 0,[ 45, 50, 20]],

[ 25, 35, 1,[ 42, 88, 66, 23, 92, 5]],

[ 73, 15, 1,[ 86, 0, 12]],

[ 1, 55, 1,[ 30, 74, 84, 82]],

[ 15, 15, 1,[ 42, 93, 84]],

[ 68, 45, 0,[ 98, 27, 29]],

[ 0, 65, 1,[ 78, 73, 31]],

[ 45, 35, 1,[ 13, 95, 58]],

[ 93, 95, 1,[ 57, 65, 15]],

[ 34, 75, 1,[ 81, 97, 17, 32]],

[ 32, 95, 0,[ 31, 19, 54, 49, 34]],

[ 81, 65, 0,[ 34, 66, 3]],

