[ 15, 45, 1,[ 48, 42, 5, 11, 75]],

[ 40, 95, 0,[ 97, 54, 61]],

[ 18, 85, 1,[ 45, 72, 91, 43]],

[ 59, 15, 0,[ 31, 22]],

[ 53, 75, 1,[ 55, 76, 82, 95, 68]],

[ 39, 85, 0,[ 83, 42, 14]],

[ 17, 95, 0,[ 64, 80, 20, 63]],

[ 28, 85, 1,[ 57, 75, 38, 55, 41]],

[ 80, 95, 0,[ 17, 42, 86, 9]],

[ 23, 95, 0,[ 37, 46, 43, 35, 34]],

[ 29, 95, 0,[ 5, 77, 71]],

[ 46, 95, 0,[ 70, 26, 23]],

[ 2, 65, 1,[ 0, 99, 47, 84]],

[ 83, 65, 1,[ 39, 0, 56]],

[ 43, 95, 1,[ 23, 78, 18]],

[ 33, 25, 0,[ 47, 21, 7]],

[ 64, 95, 1,[ 74, 17, 51]],

[ 60, 25, 1,[ 74, 56, 87, 89]],

[ 76, 75, 0,[ 53, 22, 57]],

[ 13, 45, 0,[ 27, 69]],

[ 51, 95, 1,[ 67, 16, 22, 64]],

[ 41, 55, 1,[ 74, 28, 97, 68]],

[ 12, 35, 1,[ 7, 26, 19]],

[ 65, 35, 1,[ 4, 92, 49, 27]],

[ 52, 75, 0,[ 93, 85, 25]],

[ 61, 95, 0,[ 40, 94, 45]],

[ 74, 25, 0,[ 41, 60, 64]],

[ 49, 5, 1,[ 20, 6, 65, 63]],

[ 68, 55, 0,[ 57, 41, 53]],

[ 78, 95, 0,[ 14, 43, 50]],

[ 32, 85, 0,[ 48, 82, 8]],

[ 56, 65, 0,[ 83, 60, 88]],

[ 34, 85, 1,[ 23, 73, 96]],

[ 4, 65, 1,[ 58, 31, 75, 65]],

[ 30, 75, 1,[ 0, 63, 37, 10]],

[ 92, 95, 0,[ 65, 94]],

[ 57, 45, 1,[ 76, 58, 7, 68, 28]],

[ 35, 95, 0,[ 23]],

[ 70, 95, 1,[ 38, 36, 46]],

[ 6, 5, 0,[ 69, 73, 49]],

[ 50, 65, 1,[ 93, 16, 78, 77, 66]],

[ 16, 85, 1,[ 50, 3, 51, 69]],

[ 38, 75, 1,[ 70, 99, 28, 86]],

[ 1, 95, 1,[ 91, 66, 98, 25]],

[ 37, 25, 0,[ 23, 30, 27]],

[ 20, 5, 0,[ 17, 49, 3]],

[ 14, 85, 1,[ 3, 78, 39, 91]],

[ 9, 65, 1,[ 11, 80, 86]],

[ 42, 85, 0,[ 80, 15, 39]],

[ 81, 25, 0,[ 47, 73]],

[ 7, 35, 0,[ 57, 12, 33]],

[ 27, 25, 1,[ 13, 97, 72, 91, 37, 65]],

[ 96, 35, 0,[ 98, 25, 34]],

[ 86, 55, 1,[ 9, 38, 66, 80]],

[ 91, 85, 1,[ 27, 1, 14, 18]],

[ 58, 35, 1,[ 4, 21, 57]],

[ 44, 55, 0,[ 71, 77, 19]],

[ 26, 55, 1,[ 46, 10, 12, 69, 93, 54]],

[ 10, 55, 0,[ 30, 26, 98]],

[ 94, 95, 0,[ 92, 61, 5]],

[ 0, 85, 1,[ 30, 2, 83, 73]],

[ 71, 55, 1,[ 87, 44, 29]],

[ 87, 55, 0,[ 71, 60, 22]],

[ 67, 55, 1,[ 82, 45, 51]],

[ 79, 25, 0,[ 62, 89]],

[ 31, 65, 0,[ 59, 8, 4]],

[ 36, 65, 1,[ 88, 70, 97]],

[ 97, 55, 0,[ 36, 41, 27, 40]],

[ 75, 45, 0,[ 15, 77, 4, 28]],

[ 47, 25, 1,[ 62, 81, 33, 2, 19, 48]],

[ 5, 85, 1,[ 8, 15, 24, 94, 29]],

[ 24, 75, 0,[ 55, 5, 98]],

[ 89, 25, 0,[ 8, 60, 79]],

[ 21, 25, 1,[ 33, 58, 98]],

[ 22, 15, 1,[ 87, 51, 76, 90, 59]],

[ 3, 75, 1,[ 72, 20, 16, 14]],

[ 54, 95, 0,[ 11, 40, 26]],

[ 45, 5, 1,[ 61, 67, 8, 88, 18]],

[ 72, 25, 0,[ 18, 3, 27]],

[ 82, 55, 0,[ 32, 67, 53]],

[ 99, 75, 0,[ 2, 98, 38]],

[ 84, 95, 0,[ 2, 88]],

[ 77, 95, 1,[ 75, 29, 50, 44]],

[ 93, 75, 1,[ 26, 52, 50]],

[ 8, 85, 0,[ 45, 89, 32, 31, 5]],

[ 63, 85, 1,[ 73, 30, 17, 49]],

[ 48, 85, 0,[ 47, 15, 32]],

[ 95, 35, 0,[ 53, 69, 98]],

[ 85, 75, 0,[ 52, 62]],

[ 90, 15, 0,[ 22]],

[ 62, 25, 0,[ 85, 47, 79]],

[ 19, 55, 0,[ 47, 44, 12]],

[ 25, 65, 1,[ 96, 1, 52]],

[ 88, 95, 1,[ 84, 45, 36, 56]],

[ 11, 95, 1,[ 15, 54, 9]],

[ 55, 75, 1,[ 28, 53, 24]],

[ 69, 45, 1,[ 16, 6, 13, 26, 95]],

[ 98, 35, 1,[ 99, 1, 24, 96, 21, 95, 10]],

[ 73, 15, 1,[ 34, 6, 0, 81, 63]],

[ 66, 95, 0,[ 1, 86, 50]],

