[ 72, 85, 0,[ 98, 92, 1]],

[ 85, 85, 0,[ 15, 2, 47]],

[ 18, 85, 1,[ 77, 44, 46, 81, 84]],

[ 86, 25, 1,[ 75, 34, 83]],

[ 26, 85, 0,[ 63, 5, 28]],

[ 76, 85, 0,[ 91, 64]],

[ 98, 85, 1,[ 49, 7, 39, 8, 48, 72]],

[ 30, 55, 1,[ 46, 17, 28]],

[ 43, 35, 1,[ 36, 42, 33, 77, 50]],

[ 60, 75, 1,[ 94, 6, 55, 19, 39]],

[ 32, 85, 0,[ 11, 28]],

[ 8, 85, 0,[ 98, 3, 92]],

[ 80, 85, 0,[ 11, 67, 94]],

[ 63, 85, 1,[ 48, 26, 87, 99]],

[ 64, 85, 1,[ 52, 76, 24, 97, 49]],

[ 22, 85, 0,[ 83, 69, 65]],

[ 90, 85, 0,[ 83, 91, 0]],

[ 39, 95, 1,[ 98, 60, 12]],

[ 68, 85, 0,[ 36, 87]],

[ 13, 85, 0,[ 12, 47, 3]],

[ 92, 85, 1,[ 95, 70, 72, 10, 31, 8]],

[ 9, 95, 1,[ 0, 81, 41]],

[ 48, 85, 0,[ 5, 98, 63]],

[ 66, 85, 0,[ 69, 79, 38]],

[ 93, 5, 1,[ 75, 62, 2, 37]],

[ 45, 45, 1,[ 12, 44, 57]],

[ 46, 95, 0,[ 30, 18, 41]],

[ 70, 75, 1,[ 99, 15, 55, 37, 92]],

[ 69, 85, 1,[ 78, 22, 66, 31]],

[ 88, 85, 0,[ 67, 2, 34]],

[ 55, 85, 1,[ 60, 52, 29, 23, 70]],

[ 74, 85, 0,[ 73, 67, 65]],

[ 96, 85, 0,[ 54, 11, 38]],

[ 25, 85, 1,[ 95, 42, 82, 89]],

[ 59, 85, 0,[ 94, 65, 73]],

[ 65, 65, 1,[ 22, 59, 74, 56, 54]],

[ 0, 85, 1,[ 71, 95, 9, 90]],

[ 34, 5, 1,[ 58, 14, 51, 88, 86, 41]],

[ 95, 85, 0,[ 92, 25, 0]],

[ 99, 85, 0,[ 70, 63, 14]],

[ 54, 95, 0,[ 65, 96, 11, 41]],

[ 73, 85, 1,[ 58, 29, 74, 59]],

[ 42, 75, 0,[ 3, 43, 25]],

[ 50, 25, 1,[ 43, 78, 4]],

[ 40, 85, 0,[ 21, 20, 12]],

[ 84, 85, 0,[ 79, 2, 18]],

[ 24, 85, 0,[ 27, 64]],

[ 61, 85, 0,[ 41, 87]],

[ 44, 85, 0,[ 18, 45, 47]],

[ 38, 15, 1,[ 29, 17, 33, 66, 97, 96]],

[ 23, 85, 0,[ 55, 53, 77]],

[ 12, 15, 1,[ 83, 41, 39, 40, 45, 13]],

[ 58, 85, 1,[ 34, 87, 36, 73]],

[ 14, 5, 1,[ 99, 35, 34]],

[ 16, 85, 0,[ 53, 57, 27]],

[ 33, 85, 0,[ 43, 91, 38]],

[ 3, 85, 1,[ 78, 13, 82, 35, 97, 8, 42]],

[ 10, 85, 0,[ 27, 92]],

[ 97, 85, 0,[ 64, 38, 3]],

[ 2, 85, 1,[ 19, 84, 93, 88, 85]],

[ 82, 85, 0,[ 3, 25, 94]],

[ 79, 85, 1,[ 20, 84, 66, 57]],

[ 78, 85, 0,[ 50, 69, 3]],

[ 47, 65, 1,[ 13, 85, 44, 62, 37]],

[ 81, 85, 0,[ 53, 18, 9]],

[ 21, 85, 1,[ 40, 62, 89, 7]],

[ 53, 5, 1,[ 81, 23, 6, 16]],

[ 87, 65, 1,[ 68, 63, 58, 49, 61]],

[ 15, 85, 1,[ 70, 85, 17]],

[ 20, 65, 1,[ 31, 4, 40, 79]],

[ 41, 85, 1,[ 61, 54, 46, 9, 34, 12]],

[ 89, 15, 0,[ 25, 21, 28]],

[ 77, 85, 1,[ 23, 43, 18]],

[ 28, 25, 1,[ 32, 30, 89, 26]],

[ 37, 85, 0,[ 47, 93, 70]],

[ 49, 25, 1,[ 87, 64, 98]],

[ 5, 95, 1,[ 48, 83, 51, 26, 52]],

[ 67, 85, 1,[ 19, 74, 88, 80]],

[ 94, 85, 1,[ 80, 59, 75, 82, 60]],

[ 75, 85, 0,[ 93, 86, 94]],

[ 17, 85, 0,[ 30, 1, 15, 38]],

[ 31, 85, 0,[ 92, 69, 20]],

[ 7, 85, 0,[ 98, 21, 1]],

[ 36, 85, 1,[ 58, 68, 43]],

[ 83, 75, 1,[ 5, 86, 22, 90, 12]],

[ 1, 55, 1,[ 7, 72, 17]],

[ 71, 85, 0,[ 27, 0]],

[ 91, 85, 1,[ 33, 76, 90]],

[ 11, 65, 1,[ 32, 54, 80, 96]],

[ 57, 85, 1,[ 79, 45, 6, 16]],

[ 56, 85, 0,[ 65]],

[ 35, 85, 0,[ 3, 14, 4]],

[ 29, 85, 0,[ 38, 55, 73]],

[ 52, 85, 0,[ 5, 64, 55]],

[ 4, 45, 1,[ 20, 50, 35]],

[ 62, 85, 0,[ 21, 47, 93]],

[ 51, 85, 0,[ 34, 5]],

[ 27, 85, 1,[ 10, 71, 16, 24]],

[ 19, 85, 0,[ 60, 2, 67]],

[ 6, 85, 0,[ 53, 57, 60]],

[ 51, 65, 0,[ 60, 34, 92]],

[ 5, 65, 1,[ 21, 23, 22, 78]],

[ 24, 65, 0,[ 27, 63, 89, 56]],

[ 10, 65, 0,[ 82, 86, 2]],

[ 79, 35, 1,[ 18, 33, 65]],

[ 26, 65, 0,[ 16, 72, 73]],

[ 58, 65, 1,[ 57, 8, 54, 81, 14]],

[ 71, 65, 0,[ 48, 47, 84]],

[ 37, 65, 0,[ 77, 94, 49]],

[ 20, 65, 0,[ 80, 57, 82]],

[ 88, 65, 0,[ 84, 98, 39, 68, 3]],

[ 59, 65, 0,[ 56, 42, 11]],

[ 8, 65, 0,[ 4, 58, 50, 16]],

[ 29, 65, 1,[ 54, 31, 34]],

[ 66, 65, 0,[ 65, 86, 52, 15]],

[ 41, 75, 1,[ 90, 31, 2]],

[ 87, 65, 0,[ 42, 19, 68]],

[ 99, 65, 0,[ 25, 49, 70]],

[ 91, 65, 1,[ 67, 30, 77]],

[ 48, 65, 0,[ 56, 74, 71]],

[ 15, 75, 1,[ 66, 9, 81]],

[ 61, 65, 0,[ 81, 69, 9]],

[ 17, 65, 0,[ 55, 49, 25]],

[ 11, 15, 1,[ 80, 12, 59, 44, 18]],

[ 78, 65, 0,[ 83, 55, 5]],

[ 56, 65, 0,[ 90, 24, 59, 22, 69, 48]],

[ 46, 65, 0,[ 13, 50, 82]],

[ 72, 65, 0,[ 27, 86, 21, 26]],

[ 6, 65, 0,[ 16, 93, 45]],

[ 1, 75, 1,[ 55, 97, 70]],

[ 39, 65, 0,[ 90, 88, 44]],

[ 19, 65, 0,[ 64, 52, 87]],

[ 75, 65, 0,[ 81, 30, 18]],

[ 4, 65, 1,[ 45, 8, 77]],

[ 53, 65, 1,[ 12, 55, 54]],

[ 9, 65, 1,[ 15, 61, 86]],

[ 96, 65, 0,[ 98, 0, 12, 33]],

[ 14, 65, 0,[ 58, 40, 57]],

[ 47, 65, 1,[ 77, 85, 71]],

[ 21, 65, 1,[ 72, 5, 57, 42, 76]],

[ 7, 35, 1,[ 83, 35, 85, 89, 40]],

[ 50, 65, 1,[ 49, 8, 35, 46, 36]],

[ 86, 65, 1,[ 72, 9, 10, 45, 66]],

[ 0, 65, 1,[ 96, 2, 80, 73, 28]],

[ 77, 65, 1,[ 91, 47, 4, 37]],

[ 49, 65, 1,[ 99, 17, 50, 37, 83]],

[ 94, 65, 0,[ 37, 83, 3, 34]],

[ 40, 65, 0,[ 7, 14, 55]],

[ 38, 65, 1,[ 76, 28, 64, 32, 69]],

[ 62, 65, 0,[ 63, 44, 16]],

[ 90, 65, 1,[ 39, 56, 93, 41]],

[ 33, 65, 0,[ 74, 31, 96, 79]],

[ 54, 65, 0,[ 53, 29, 58, 45]],

[ 44, 65, 0,[ 45, 39, 11, 89, 62]],

[ 64, 85, 1,[ 63, 38, 19, 30]],

[ 74, 65, 0,[ 43, 32, 33, 48]],

[ 98, 85, 1,[ 96, 70, 88]],

[ 63, 65, 1,[ 64, 62, 3, 24]],

[ 67, 5, 1,[ 91, 69, 34]],

[ 34, 95, 1,[ 67, 2, 29, 94, 25, 51]],

[ 73, 65, 1,[ 0, 93, 26]],

[ 36, 65, 1,[ 82, 12, 50, 95]],

[ 32, 65, 0,[ 55, 74, 38]],

[ 57, 35, 1,[ 20, 14, 58, 21]],

[ 68, 65, 0,[ 87, 43, 95, 88]],

[ 69, 5, 1,[ 56, 67, 97, 61, 38]],

[ 52, 65, 0,[ 66, 19, 93]],

[ 28, 65, 1,[ 27, 0, 38]],

[ 3, 65, 1,[ 94, 88, 63, 84]],

[ 85, 65, 1,[ 43, 30, 47, 7, 83]],

[ 97, 65, 0,[ 69, 1]],

[ 89, 65, 0,[ 44, 24, 7]],

[ 12, 55, 1,[ 11, 53, 36, 96, 92]],

[ 18, 35, 1,[ 11, 75, 79, 70]],

[ 27, 95, 1,[ 25, 13, 28, 24, 72]],

[ 70, 55, 1,[ 18, 76, 99, 98, 1]],

[ 92, 5, 1,[ 12, 23, 51]],

[ 31, 65, 0,[ 33, 29, 41]],

[ 42, 65, 0,[ 59, 87, 21]],

[ 95, 65, 0,[ 68, 36]],

[ 30, 65, 1,[ 91, 85, 64, 75]],

[ 81, 65, 0,[ 58, 61, 75, 15]],

[ 83, 65, 1,[ 85, 94, 49, 78, 7]],

[ 2, 85, 1,[ 10, 34, 41, 0]],

[ 25, 75, 1,[ 99, 34, 17, 27]],

[ 13, 5, 1,[ 46, 60, 27, 22]],

[ 43, 15, 1,[ 35, 85, 60, 74, 68]],

[ 16, 65, 0,[ 55, 26, 6, 8, 62]],

[ 45, 65, 1,[ 86, 54, 65, 6, 44, 4]],

[ 65, 5, 1,[ 79, 45, 23, 66]],

[ 82, 65, 0,[ 23, 10, 36, 46, 20]],

[ 23, 65, 0,[ 82, 65, 92, 5]],

[ 22, 65, 0,[ 5, 56, 13]],

[ 93, 65, 1,[ 52, 90, 73, 6]],

[ 55, 65, 1,[ 78, 32, 40, 17, 16, 53, 1]],

[ 76, 65, 0,[ 38, 70, 21]],

[ 84, 65, 0,[ 71, 3, 88]],

[ 60, 55, 1,[ 51, 13, 43]],

[ 80, 65, 0,[ 20, 11, 0]],

[ 35, 65, 0,[ 43, 50, 7]],

