[ 29, 65, 0,[ 28, 26]],

[ 96, 35, 0,[ 53, 28, 39]],

[ 73, 5, 0,[ 32, 28, 53, 69]],

[ 69, 35, 1,[ 73, 44, 26, 49, 80, 78, 82, 53]],

[ 50, 5, 0,[ 47, 53, 93]],

[ 89, 5, 0,[]],

[ 43, 5, 0,[ 28, 45]],

[ 68, 5, 0,[ 47, 28]],

[ 19, 5, 0,[ 70, 53, 28]],

[ 67, 65, 0,[ 28, 53, 16]],

[ 23, 5, 0,[ 47, 53, 28]],

[ 59, 35, 0,[ 28, 53]],

[ 57, 65, 0,[ 93]],

[ 21, 5, 0,[ 28, 45]],

[ 85, 65, 0,[ 70, 98]],

[ 5, 65, 0,[ 0, 28, 53]],

[ 16, 65, 0,[ 67]],

[ 44, 5, 0,[ 69, 47, 53]],

[ 47, 65, 1,[ 3, 93, 54, 64, 1, 50, 68, 44, 23, 13]],

[ 58, 5, 0,[ 53, 28, 4]],

[ 72, 5, 0,[]],

[ 84, 5, 0,[ 53]],

[ 86, 5, 1,[ 53, 7, 31, 37]],

[ 63, 65, 0,[ 3, 45, 28]],

[ 88, 65, 0,[ 93, 53]],

[ 51, 65, 0,[ 28, 3, 53]],

[ 41, 5, 0,[ 28, 53]],

[ 46, 5, 0,[ 28, 45]],

[ 52, 5, 0,[ 3, 45]],

[ 56, 5, 0,[ 53, 8]],

[ 3, 65, 1,[ 22, 51, 61, 42, 52, 63, 39, 47, 99, 98, 45]],

[ 13, 5, 0,[ 47, 28, 53]],

[ 83, 65, 0,[ 40, 28, 53]],

[ 49, 5, 0,[ 28, 69]],

[ 32, 65, 0,[ 28, 73]],

[ 31, 65, 0,[ 86]],

[ 42, 5, 0,[ 3, 53]],

[ 82, 5, 0,[ 69, 28]],

[ 81, 5, 0,[ 98, 53, 28]],

[ 15, 65, 0,[ 24, 53, 28]],

[ 25, 5, 0,[ 53, 28]],

[ 36, 5, 0,[ 53, 28]],

[ 14, 65, 0,[ 53, 28]],

[ 74, 5, 0,[ 53]],

[ 7, 5, 1,[ 53, 86, 45]],

[ 94, 5, 0,[ 53, 28, 98]],

[ 1, 5, 0,[ 47, 53]],

[ 40, 5, 0,[ 53, 83, 28]],

[ 27, 35, 0,[ 53, 2, 28]],

[ 2, 5, 0,[ 53, 33, 27]],

[ 79, 5, 0,[ 28]],

[ 35, 35, 0,[ 53, 98, 76]],

[ 95, 5, 0,[ 53, 28, 10]],

[ 0, 5, 0,[ 53, 28, 5]],

[ 97, 5, 0,[ 98, 28, 45]],

[ 45, 35, 1,[ 66, 12, 62, 3, 63, 11, 53, 21, 60, 46, 97, 52, 43, 7]],

[ 17, 5, 0,[ 53, 28]],

[ 80, 5, 0,[ 28, 69, 53]],

[ 78, 5, 0,[ 69, 53, 28]],

[ 91, 35, 0,[ 53, 28, 98]],

[ 62, 5, 0,[ 53, 45]],

[ 26, 5, 0,[ 29, 69, 28]],

[ 38, 5, 0,[ 53, 90, 28]],

[ 92, 5, 0,[ 87, 28]],

[ 54, 35, 0,[ 53, 47]],

[ 37, 35, 0,[ 28, 86, 53]],

[ 93, 5, 1,[ 57, 50, 47, 88]],

[ 30, 65, 0,[ 53, 28]],

[ 22, 35, 0,[ 53, 3]],

[ 99, 5, 0,[ 3, 28]],

[ 33, 5, 0,[ 28, 2, 53]],

[ 71, 35, 0,[ 53]],

[ 90, 65, 0,[ 38, 28]],

[ 9, 5, 0,[ 77, 53, 28]],

[ 53, 75, 1,[ 13, 88, 41, 15, 94, 78, 12, 83, 86, 96, 6, 56, 37, 67, 62, 19, 9, 81, 38, 71, 75, 59, 25, 18, 40, 1, 87, 54, 50, 80, 61, 34, 42, 35, 2, 77, 84, 58, 7, 73, 39, 91, 66, 23, 55, 14, 76, 5, 60, 24, 27, 74, 0, 51, 22, 36, 48, 20, 8, 95, 17, 45, 69, 4, 44, 33, 70, 65, 30]],

[ 61, 5, 0,[ 3, 53, 28]],

[ 75, 65, 0,[ 53]],

[ 10, 5, 0,[ 28, 95]],

[ 48, 5, 0,[ 98, 28, 53]],

[ 18, 5, 0,[ 28, 53]],

[ 28, 55, 1,[ 23, 19, 67, 25, 77, 81, 79, 38, 68, 11, 40, 27, 26, 37, 18, 41, 48, 15, 59, 20, 55, 80, 29, 95, 91, 10, 13, 43, 65, 49, 33, 64, 99, 83, 78, 96, 21, 66, 32, 14, 24, 46, 73, 87, 90, 94, 9, 58, 36, 34, 0, 17, 5, 63, 51, 97, 30, 61, 82, 92]],

[ 70, 5, 0,[ 19, 53, 85]],

[ 12, 5, 0,[ 45, 53]],

[ 34, 5, 0,[ 53, 28]],

[ 66, 5, 0,[ 45, 28, 53]],

[ 8, 35, 0,[ 53, 56, 98]],

[ 4, 65, 0,[ 58, 98, 53]],

[ 98, 65, 1,[ 60, 97, 48, 81, 3, 85, 4, 8, 94, 91, 35]],

[ 24, 5, 0,[ 28, 53, 15]],

[ 60, 5, 0,[ 98, 53, 45]],

[ 87, 65, 0,[ 53, 28, 92]],

[ 55, 5, 0,[ 53, 28]],

[ 6, 5, 0,[ 53]],

[ 11, 5, 0,[ 45, 28]],

[ 65, 5, 0,[ 28, 53]],

[ 77, 5, 0,[ 53, 9, 28]],

[ 76, 5, 0,[ 53, 35]],

[ 39, 5, 0,[ 96, 53, 3]],

[ 20, 65, 0,[ 28, 53]],

[ 64, 5, 0,[ 28, 47]],

