[ 59, 55, 1,[ 33, 39, 0]],

[ 24, 65, 1,[ 22, 44, 31]],

[ 28, 95, 0,[ 11, 87, 56, 30]],

[ 15, 75, 0,[ 49, 23]],

[ 82, 15, 1,[ 66, 79, 41]],

[ 5, 85, 0,[ 83, 84]],

[ 91, 85, 0,[ 66, 11, 20]],

[ 52, 95, 1,[ 35, 72, 12, 80]],

[ 25, 25, 0,[ 0, 42, 70]],

[ 63, 25, 0,[ 67, 32, 79, 16]],

[ 75, 65, 1,[ 72, 6, 71]],

[ 80, 55, 1,[ 7, 52, 86]],

[ 38, 35, 0,[ 55, 65, 81]],

[ 41, 5, 0,[ 82, 3, 58, 9]],

[ 93, 55, 0,[ 22, 47, 6]],

[ 78, 35, 1,[ 22, 33, 98]],

[ 87, 95, 0,[ 2, 22, 28]],

[ 43, 55, 0,[ 32, 71, 22, 62, 39, 40]],

[ 27, 15, 0,[ 95, 8, 12]],

[ 98, 5, 0,[ 42, 3, 78]],

[ 67, 25, 0,[ 68, 63, 89]],

[ 21, 35, 0,[ 36, 33, 39]],

[ 81, 35, 1,[ 33, 38, 99]],

[ 68, 25, 1,[ 86, 84, 67]],

[ 46, 85, 1,[ 45, 95, 74]],

[ 89, 75, 1,[ 67, 53, 94]],

[ 95, 25, 1,[ 84, 27, 99, 53, 46]],

[ 34, 25, 0,[ 16, 37, 33]],

[ 60, 85, 0,[ 7, 64, 26]],

[ 71, 45, 1,[ 40, 77, 43, 76, 75, 22]],

[ 51, 55, 0,[ 14, 76, 23]],

[ 66, 85, 1,[ 82, 23, 17, 91]],

[ 83, 85, 0,[ 5, 45, 11]],

[ 39, 75, 1,[ 21, 59, 43]],

[ 0, 5, 0,[ 25, 10, 59]],

[ 85, 15, 1,[ 37, 16, 44]],

[ 49, 75, 0,[ 77, 15, 69, 58, 36]],

[ 4, 55, 0,[ 96, 65, 53]],

[ 31, 75, 1,[ 35, 57, 24, 86, 50]],

[ 14, 55, 0,[ 45, 65, 51]],

[ 37, 55, 1,[ 97, 92, 8, 34, 64, 54, 85, 94]],

[ 58, 5, 0,[ 74, 7, 49, 41]],

[ 36, 75, 0,[ 49, 35, 21, 9]],

[ 76, 35, 1,[ 51, 6, 71]],

[ 94, 95, 1,[ 29, 37, 16, 89]],

[ 47, 85, 0,[ 93, 96, 44, 13]],

[ 19, 85, 1,[ 79, 23, 56, 72, 70]],

[ 62, 85, 1,[ 56, 17, 33, 43]],

[ 17, 95, 1,[ 62, 66, 26]],

[ 44, 85, 1,[ 47, 24, 85]],

[ 84, 45, 1,[ 5, 95, 32, 68]],

[ 3, 5, 0,[ 98, 41, 72, 26]],

[ 30, 25, 0,[ 28, 57, 16]],

[ 96, 5, 1,[ 42, 4, 47]],

[ 6, 65, 1,[ 75, 54, 76, 93]],

[ 65, 55, 0,[ 14, 38, 4]],

[ 69, 35, 0,[ 20, 49, 8, 1]],

[ 55, 35, 0,[ 32, 64, 10, 38]],

[ 16, 25, 1,[ 63, 30, 94, 34, 85]],

[ 26, 85, 0,[ 3, 60, 17]],

[ 22, 55, 1,[ 93, 78, 43, 71, 87, 24]],

[ 8, 35, 1,[ 69, 37, 27, 90]],

[ 12, 15, 0,[ 2, 27, 52]],

[ 86, 25, 0,[ 31, 68, 80]],

[ 88, 5, 1,[ 54, 50, 57]],

[ 45, 85, 0,[ 14, 46, 83]],

[ 35, 95, 1,[ 31, 1, 97, 36, 52]],

[ 29, 15, 1,[ 54, 13, 94]],

[ 32, 35, 1,[ 43, 63, 84, 55]],

[ 56, 5, 1,[ 19, 62, 28]],

[ 73, 55, 0,[]],

[ 33, 35, 1,[ 81, 78, 34, 62, 59, 21]],

[ 53, 25, 0,[ 4, 89, 95]],

[ 57, 25, 0,[ 88, 92, 31, 30]],

[ 79, 15, 1,[ 82, 19, 63]],

[ 11, 85, 0,[ 83, 91, 28]],

[ 72, 85, 1,[ 52, 3, 19, 75]],

[ 40, 5, 0,[ 10, 43, 71]],

[ 61, 15, 1,[ 99, 70, 2]],

[ 90, 65, 1,[ 8, 92]],

[ 13, 5, 1,[ 7, 47, 29]],

[ 18, 75, 0,[ 9]],

[ 64, 55, 0,[ 55, 60, 37]],

[ 50, 75, 0,[ 88, 97, 31]],

[ 92, 25, 1,[ 57, 37, 90]],

[ 23, 95, 1,[ 66, 19, 51, 15]],

[ 2, 5, 0,[ 61, 87, 12, 48]],

[ 1, 95, 0,[ 35, 9, 69]],

[ 7, 85, 0,[ 80, 58, 60, 13]],

[ 54, 35, 1,[ 88, 6, 37, 29, 48]],

[ 10, 5, 1,[ 55, 48, 40, 0]],

[ 48, 5, 1,[ 2, 54, 10]],

[ 70, 85, 0,[ 61, 19, 25]],

[ 77, 45, 0,[ 49, 71]],

[ 74, 15, 1,[ 46, 20, 58]],

[ 42, 65, 1,[ 25, 98, 96]],

[ 9, 75, 0,[ 1, 18, 41, 36]],

[ 20, 15, 0,[ 91, 74, 69]],

[ 97, 65, 1,[ 50, 35, 37]],

[ 99, 85, 1,[ 81, 95, 61]],

