[ 90, 75, 0,[ 31, 89, 22, 97]],

[ 73, 75, 0,[ 31, 89, 81]],

[ 36, 75, 0,[ 37, 81, 96]],

[ 35, 5, 1,[ 42, 75, 50, 82, 47, 74, 17, 1, 68, 93, 64, 48, 3, 83, 34, 14, 57, 53, 92, 54, 18, 4, 5, 87, 22, 60]],

[ 54, 75, 0,[ 35, 97, 31]],

[ 18, 75, 0,[ 35, 34, 31]],

[ 50, 75, 0,[ 96, 89, 35]],

[ 23, 75, 0,[ 52, 81, 89]],

[ 68, 75, 0,[ 89, 35, 31]],

[ 94, 55, 0,[ 89, 96, 87]],

[ 59, 75, 0,[ 96, 81, 97]],

[ 99, 75, 0,[ 81, 31, 52]],

[ 2, 75, 0,[ 96, 89, 66]],

[ 0, 55, 0,[ 31, 9, 89]],

[ 53, 75, 0,[ 31, 35, 96]],

[ 96, 65, 1,[ 87, 4, 80, 42, 50, 69, 21, 9, 36, 13, 33, 77, 37, 10, 70, 12, 16, 2, 30, 29, 88, 59, 32, 53, 56, 97, 58, 15, 92, 95, 72, 94, 78, 55, 76, 6, 83, 25, 34]],

[ 87, 75, 0,[ 61, 94, 35, 96]],

[ 71, 75, 0,[ 81, 77, 31, 8]],

[ 45, 75, 0,[ 81, 37, 31]],

[ 4, 55, 0,[ 96, 35]],

[ 14, 75, 0,[ 89, 8, 35]],

[ 64, 55, 0,[ 89, 35]],

[ 7, 75, 0,[ 61, 89, 81]],

[ 77, 75, 0,[ 89, 71, 96]],

[ 40, 75, 0,[ 89, 8, 52]],

[ 17, 75, 0,[ 35, 37, 81]],

[ 57, 75, 0,[ 35, 31, 81]],

[ 26, 15, 0,[ 8, 89, 31]],

[ 5, 75, 0,[ 89, 81, 35]],

[ 75, 75, 0,[ 35, 52]],

[ 22, 15, 0,[ 35, 97, 90]],

[ 58, 75, 0,[ 81, 96, 8]],

[ 24, 15, 0,[ 89, 31, 81, 49]],

[ 31, 95, 1,[ 71, 3, 73, 0, 88, 99, 84, 9, 51, 49, 34, 18, 32, 93, 15, 68, 69, 11, 38, 57, 85, 10, 78, 41, 26, 46, 72, 53, 98, 1, 62, 45, 19, 52, 13, 12, 54, 90, 24, 82, 20, 86, 44, 79, 60]],

[ 29, 15, 0,[ 96, 89, 97]],

[ 56, 75, 0,[ 81, 96, 61]],

[ 1, 15, 0,[ 38, 81, 35, 31]],

[ 92, 75, 0,[ 8, 35, 96]],

[ 88, 75, 0,[ 31, 96, 81]],

[ 78, 75, 0,[ 81, 96, 31]],

[ 25, 75, 0,[ 96, 81, 89]],

[ 9, 75, 0,[ 0, 52, 96, 31]],

[ 80, 75, 0,[ 96, 89, 37]],

[ 33, 75, 0,[ 96, 81, 60]],

[ 42, 75, 0,[ 96, 35, 97]],

[ 85, 15, 0,[ 89, 31, 41]],

[ 46, 75, 0,[ 81, 31, 21, 70]],

[ 34, 55, 0,[ 35, 96, 18, 31]],

[ 10, 55, 0,[ 96, 31]],

[ 8, 55, 1,[ 76, 71, 14, 92, 26, 91, 58, 40, 97, 61, 28]],

[ 81, 85, 1,[ 27, 86, 23, 43, 56, 33, 78, 45, 73, 48, 1, 17, 7, 88, 71, 25, 16, 66, 36, 20, 57, 12, 24, 59, 39, 99, 5, 13, 28, 38, 63, 46, 62, 58, 95, 65]],

[ 65, 55, 0,[ 19, 37, 81]],

[ 27, 55, 0,[ 81, 97, 41]],

[ 82, 75, 0,[ 89, 31, 35]],

[ 62, 75, 0,[ 81, 52, 31]],

[ 30, 75, 0,[ 96, 97, 61]],

[ 61, 15, 1,[ 56, 30, 8, 87, 7]],

[ 97, 55, 1,[ 95, 51, 83, 8, 42, 30, 29, 93, 27, 55, 59, 96, 48, 90, 54, 22]],

[ 55, 55, 0,[ 97, 89, 96]],

[ 69, 75, 0,[ 47, 96, 31]],

[ 21, 15, 0,[ 89, 96, 98, 46]],

[ 67, 75, 0,[ 89, 37]],

[ 52, 15, 1,[ 91, 9, 23, 99, 72, 75, 40, 31, 62]],

[ 76, 75, 0,[ 89, 96, 8]],

[ 6, 75, 0,[ 89, 32, 96]],

[ 84, 15, 0,[ 44, 31]],

[ 43, 55, 0,[ 81, 39]],

[ 32, 75, 0,[ 31, 96, 6]],

[ 39, 75, 0,[ 43, 81, 37]],

[ 44, 15, 0,[ 31, 84]],

[ 86, 75, 0,[ 31, 89, 81]],

[ 98, 55, 0,[ 89, 31, 21]],

[ 48, 75, 0,[ 35, 97, 81]],

[ 19, 55, 0,[ 37, 65, 31]],

[ 63, 55, 0,[ 16, 81, 89]],

[ 12, 75, 0,[ 96, 81, 31]],

[ 38, 15, 0,[ 31, 1, 81]],

[ 83, 75, 0,[ 96, 35, 97]],

[ 66, 75, 0,[ 2, 81]],

[ 51, 75, 0,[ 97, 31, 89]],

[ 93, 75, 0,[ 35, 31, 97]],

[ 28, 75, 0,[ 89, 81, 8]],

[ 60, 75, 0,[ 31, 35, 33]],

[ 79, 75, 0,[ 89, 31]],

[ 15, 75, 0,[ 31, 37, 96]],

[ 11, 75, 0,[ 31, 89]],

[ 89, 25, 1,[ 11, 21, 28, 86, 29, 80, 24, 77, 25, 64, 40, 47, 51, 76, 49, 20, 94, 23, 6, 63, 91, 70, 14, 90, 50, 26, 85, 16, 5, 73, 98, 68, 67, 79, 2, 41, 7, 0, 82, 55]],

[ 37, 15, 1,[ 39, 80, 15, 65, 45, 17, 19, 67, 36, 96]],

[ 13, 75, 0,[ 81, 96, 31]],

[ 74, 75, 0,[ 35, 49]],

[ 3, 75, 0,[ 35, 31]],

[ 47, 55, 0,[ 35, 89, 69]],

[ 20, 55, 0,[ 81, 31, 89]],

[ 49, 75, 0,[ 31, 74, 89, 24]],

[ 70, 55, 0,[ 46, 96, 89]],

[ 41, 75, 0,[ 89, 31, 85, 27]],

[ 95, 75, 0,[ 81, 97, 96]],

[ 16, 55, 0,[ 81, 63, 89, 96]],

[ 91, 75, 0,[ 8, 89, 52]],

[ 72, 75, 0,[ 96, 52, 31]],

