[ 74, 15, 0,[ 33, 44]],

[ 39, 15, 0,[ 93, 35, 41, 91]],

[ 65, 15, 0,[ 55, 17, 29]],

[ 95, 15, 0,[ 25, 90, 54, 47]],

[ 53, 75, 1,[ 97, 87, 49, 63, 24, 19, 9, 25, 73]],

[ 24, 15, 0,[ 23, 93, 83, 37, 48, 53]],

[ 30, 15, 0,[ 9, 21, 37]],

[ 51, 15, 0,[ 58, 45, 41]],

[ 14, 15, 0,[ 26, 42, 33]],

[ 63, 15, 0,[ 53, 64, 48]],

[ 26, 15, 0,[ 14, 71, 47]],

[ 77, 15, 0,[ 22, 96, 67]],

[ 66, 15, 0,[ 83, 55, 64]],

[ 0, 15, 0,[ 44, 7, 96]],

[ 81, 15, 0,[ 7, 80, 6]],

[ 12, 15, 0,[ 11, 43, 94]],

[ 58, 15, 0,[ 25, 90, 85, 51, 98]],

[ 34, 15, 0,[ 18, 70, 42]],

[ 15, 15, 0,[ 35, 5, 86]],

[ 93, 25, 1,[ 3, 39, 50, 24, 37, 85]],

[ 3, 85, 1,[ 1, 72, 16, 8, 82, 64, 93, 22, 56, 47, 31]],

[ 11, 15, 0,[ 12, 28, 92]],

[ 55, 15, 0,[ 27, 65, 66, 68]],

[ 83, 15, 0,[ 24, 1, 66]],

[ 59, 15, 0,[ 97, 60, 57, 56]],

[ 85, 15, 0,[ 58, 48, 93]],

[ 20, 15, 0,[ 60, 84, 25]],

[ 76, 15, 0,[ 62, 86, 4]],

[ 96, 15, 0,[ 2, 0, 77, 99]],

[ 33, 15, 0,[ 74, 40, 17, 98, 14]],

[ 82, 15, 0,[ 57, 43, 61, 3]],

[ 29, 15, 0,[ 65, 13, 7]],

[ 40, 15, 0,[ 43, 33, 91, 98]],

[ 86, 25, 1,[ 62, 6, 56, 76, 15, 98, 68]],

[ 31, 15, 0,[ 80, 3, 41]],

[ 75, 15, 0,[ 98, 13, 56, 25]],

[ 4, 15, 0,[ 7, 76, 1]],

[ 70, 15, 0,[ 13, 28, 34]],

[ 25, 95, 1,[ 95, 98, 75, 10, 44, 53, 58, 57, 20]],

[ 62, 15, 0,[ 86, 46, 76, 98]],

[ 23, 15, 0,[ 54, 24, 5]],

[ 48, 15, 0,[ 46, 63, 85, 72, 67, 24]],

[ 19, 15, 0,[ 80, 53, 47, 21]],

[ 44, 15, 0,[ 0, 8, 43, 74, 25]],

[ 78, 15, 0,[ 98, 69, 67]],

[ 68, 15, 0,[ 55, 86, 73]],

[ 42, 15, 0,[ 34, 98, 14]],

[ 94, 15, 0,[ 87, 5, 72, 12]],

[ 16, 15, 0,[ 88, 17, 3, 79]],

[ 36, 15, 0,[ 41]],

[ 71, 15, 0,[ 89, 52, 26]],

[ 92, 15, 0,[ 97, 11, 7, 84, 89]],

[ 38, 15, 0,[ 79, 61, 7]],

[ 60, 15, 0,[ 59, 20, 1]],

[ 98, 85, 1,[ 78, 42, 62, 58, 25, 40, 33, 75, 86, 43]],

[ 1, 15, 0,[ 89, 3, 83, 4, 60]],

[ 18, 15, 0,[ 7, 34, 27]],

[ 91, 15, 0,[ 6, 40, 39]],

[ 64, 15, 0,[ 66, 3, 63]],

[ 88, 15, 0,[ 16, 37, 50]],

[ 28, 55, 1,[ 11, 45, 70, 99, 9]],

[ 69, 15, 1,[ 7, 47, 78]],

[ 13, 15, 0,[ 70, 29, 75]],

[ 27, 15, 0,[ 55, 18, 99]],

[ 46, 15, 0,[ 2, 48, 62]],

[ 67, 15, 0,[ 48, 77, 78]],

[ 37, 15, 0,[ 24, 88, 93, 30]],

[ 89, 15, 0,[ 17, 71, 92, 1]],

[ 50, 15, 0,[ 88, 93]],

[ 6, 15, 0,[ 91, 86, 81]],

[ 47, 15, 0,[ 19, 95, 69, 3, 26]],

[ 54, 15, 0,[ 23, 35, 95, 90]],

[ 21, 15, 0,[ 19, 10, 30, 32]],

[ 79, 15, 0,[ 38, 16, 45]],

[ 7, 85, 1,[ 84, 38, 87, 4, 0, 81, 45, 92, 69, 18, 29, 49]],

[ 9, 15, 0,[ 28, 30, 53, 52]],

[ 32, 15, 0,[ 21, 73, 22]],

[ 2, 15, 0,[ 5, 96, 46]],

[ 22, 15, 0,[ 77, 32, 3]],

[ 43, 15, 0,[ 12, 44, 82, 98, 40]],

[ 99, 15, 0,[ 28, 96, 27, 52]],

[ 73, 15, 0,[ 53, 68, 32]],

[ 56, 15, 0,[ 3, 59, 75, 86]],

[ 5, 15, 0,[ 94, 2, 15, 23, 10]],

[ 52, 15, 0,[ 99, 71, 9]],

[ 87, 15, 0,[ 7, 53, 94]],

[ 45, 5, 1,[ 51, 28, 7, 79]],

[ 80, 15, 0,[ 31, 19, 81]],

[ 17, 15, 0,[ 33, 65, 16, 89]],

[ 41, 15, 0,[ 36, 31, 39, 51]],

[ 61, 15, 0,[ 84, 38, 82]],

[ 35, 15, 0,[ 54, 15, 39]],

[ 57, 15, 0,[ 25, 82, 59]],

[ 84, 15, 0,[ 61, 7, 92, 20]],

[ 49, 15, 0,[ 7, 53]],

[ 10, 15, 0,[ 5, 25, 21]],

[ 72, 15, 0,[ 48, 94, 3]],

[ 8, 15, 0,[ 44, 3]],

[ 97, 15, 0,[ 59, 53, 92]],

[ 90, 15, 0,[ 58, 54, 95]],

