[ 59, 45, 0,[ 55, 24, 22]],

[ 51, 45, 0,[ 78, 77, 85]],

[ 71, 75, 0,[ 74, 63, 0]],

[ 22, 45, 0,[ 59, 63, 35]],

[ 19, 85, 0,[ 33, 65, 43]],

[ 43, 85, 0,[ 65, 60, 42, 19]],

[ 79, 85, 0,[ 93, 75, 77]],

[ 0, 75, 0,[ 57, 38, 5, 71]],

[ 66, 75, 0,[ 21, 45, 24, 3]],

[ 68, 45, 0,[ 3, 54, 72, 96, 4]],

[ 5, 25, 0,[ 0, 46, 6]],

[ 93, 85, 0,[ 45, 4, 12, 79]],

[ 63, 75, 0,[ 36, 53, 71, 47, 22]],

[ 48, 45, 0,[ 23, 77, 26, 83]],

[ 57, 45, 0,[ 82, 1, 0]],

[ 6, 45, 0,[ 72, 30, 32, 5]],

[ 33, 45, 0,[ 82, 19, 96]],

[ 17, 75, 0,[ 88, 77, 73]],

[ 37, 55, 1,[ 34, 15, 82, 14, 90]],

[ 9, 45, 0,[ 30, 25, 60, 82]],

[ 55, 45, 0,[ 59, 12, 86]],

[ 49, 85, 0,[ 89, 80, 34]],

[ 11, 45, 0,[ 72, 7, 31]],

[ 81, 25, 0,[ 46, 18, 53]],

[ 60, 45, 0,[ 13, 75, 39, 43, 9]],

[ 25, 45, 0,[ 62, 56, 9]],

[ 16, 55, 0,[ 7, 10, 80]],

[ 97, 15, 1,[ 21, 54, 14]],

[ 75, 85, 0,[ 79, 60, 67]],

[ 39, 45, 0,[ 13, 60, 34, 76]],

[ 67, 85, 0,[ 75, 1, 86]],

[ 85, 25, 0,[ 51, 20, 76]],

[ 98, 35, 0,[ 84, 83, 41]],

[ 15, 45, 0,[ 88, 37, 18]],

[ 96, 45, 1,[ 68, 33, 35, 47]],

[ 13, 45, 0,[ 60, 39, 45]],

[ 92, 45, 0,[ 72, 10, 44]],

[ 18, 45, 0,[ 81, 15, 78]],

[ 91, 15, 0,[ 40, 89, 64]],

[ 7, 55, 0,[ 11, 16, 52, 73]],

[ 64, 15, 0,[ 91, 26, 32]],

[ 31, 55, 1,[ 21, 72, 11]],

[ 84, 35, 1,[ 89, 35, 98, 88]],

[ 72, 45, 0,[ 78, 11, 31, 68, 6, 92]],

[ 95, 15, 0,[ 99, 10, 61]],

[ 78, 45, 0,[ 18, 56, 51, 38, 72]],

[ 21, 45, 0,[ 65, 87, 97, 31, 66]],

[ 28, 15, 0,[ 3, 23, 26, 12]],

[ 77, 75, 0,[ 51, 79, 48, 17, 50]],

[ 50, 95, 0,[ 27, 77, 87]],

[ 86, 85, 0,[ 55, 67, 42]],

[ 45, 75, 0,[ 13, 87, 66, 93]],

[ 58, 25, 0,[ 61, 94, 8, 14]],

[ 61, 95, 1,[ 8, 58, 26, 95, 90]],

[ 70, 45, 0,[ 29, 2, 8]],

[ 53, 75, 0,[ 69, 63, 41, 81]],

[ 88, 35, 0,[ 84, 15, 17]],

[ 12, 45, 0,[ 28, 55, 93]],

[ 8, 45, 1,[ 70, 58, 61]],

[ 82, 45, 0,[ 9, 33, 37, 57]],

[ 27, 95, 0,[ 3, 42, 50]],

[ 73, 55, 0,[ 41, 17, 69, 7]],

[ 42, 85, 0,[ 86, 27, 43]],

[ 99, 25, 0,[ 52, 94, 95]],

[ 24, 15, 0,[ 59, 66, 26]],

[ 14, 55, 0,[ 37, 58, 97]],

[ 80, 55, 0,[ 38, 49, 16]],

[ 23, 45, 0,[ 28, 30, 48]],

[ 35, 25, 1,[ 89, 83, 96, 22, 84]],

[ 36, 25, 0,[ 63, 32, 94]],

[ 90, 95, 0,[ 37, 2, 61]],

[ 34, 15, 0,[ 49, 37, 39, 69]],

[ 41, 75, 0,[ 73, 53, 98]],

[ 1, 15, 0,[ 69, 29, 57, 67]],

[ 69, 15, 0,[ 73, 34, 1, 53]],

[ 20, 25, 0,[ 44, 56, 94, 85]],

[ 56, 45, 0,[ 25, 78, 20]],

[ 26, 15, 0,[ 28, 61, 24, 64, 48]],

[ 52, 85, 1,[ 65, 99, 7]],

[ 74, 85, 0,[ 62, 71, 38, 2, 40]],

[ 10, 15, 0,[ 16, 92, 95]],

[ 83, 25, 0,[ 48, 35, 98]],

[ 54, 15, 0,[ 40, 97, 68]],

[ 29, 45, 0,[ 87, 70, 1]],

[ 30, 45, 0,[ 9, 23, 6, 76]],

[ 47, 45, 0,[ 63, 96, 76]],

[ 89, 85, 1,[ 35, 49, 84, 91, 46]],

[ 3, 25, 0,[ 68, 62, 66, 27, 28, 94]],

[ 94, 25, 0,[ 36, 3, 58, 20, 99, 2]],

[ 4, 45, 0,[ 68, 44, 93]],

[ 87, 45, 0,[ 21, 50, 45, 29]],

[ 62, 25, 0,[ 25, 74, 3]],

[ 65, 85, 0,[ 43, 32, 21, 19, 52]],

[ 32, 15, 0,[ 64, 6, 65, 36]],

[ 2, 85, 0,[ 94, 90, 74, 70]],

[ 38, 45, 0,[ 78, 80, 74, 0]],

[ 44, 25, 0,[ 20, 4, 92]],

[ 46, 25, 0,[ 81, 89, 5]],

[ 40, 15, 0,[ 91, 74, 54]],

[ 76, 45, 0,[ 39, 47, 30, 85]],

