[ 53, 5, 1,[ 86, 72, 36]],

[ 61, 15, 0,[ 66, 10, 58]],

[ 91, 25, 1,[ 31, 7, 46, 74]],

[ 51, 55, 0,[ 20, 36, 44]],

[ 77, 15, 1,[ 23, 65, 0, 49]],

[ 96, 5, 0,[ 79, 68]],

[ 75, 15, 0,[ 55, 68, 7]],

[ 32, 55, 0,[ 8, 84, 21]],

[ 90, 45, 0,[ 57, 45]],

[ 78, 5, 0,[ 68, 2, 54]],

[ 86, 45, 1,[ 53, 37, 72, 3, 15]],

[ 79, 5, 0,[ 96, 70, 94]],

[ 49, 55, 1,[ 50, 5, 77]],

[ 93, 5, 1,[ 98, 35, 63, 62, 55]],

[ 10, 75, 0,[ 3, 88, 61]],

[ 94, 55, 1,[ 27, 41, 79, 5]],

[ 47, 75, 1,[ 36, 4, 30, 12, 73]],

[ 92, 55, 0,[ 1, 72, 52]],

[ 67, 35, 1,[ 76, 55, 62, 38]],

[ 33, 55, 0,[ 36, 29, 45]],

[ 68, 5, 0,[ 96, 78, 75, 82]],

[ 34, 35, 1,[ 1, 7, 46]],

[ 98, 25, 1,[ 17, 58, 7, 93, 27]],

[ 46, 25, 0,[ 91, 34]],

[ 73, 95, 1,[ 47, 22, 71]],

[ 65, 95, 1,[ 77, 3, 16]],

[ 38, 55, 1,[ 84, 99, 67, 19, 50, 97]],

[ 24, 75, 0,[ 52, 0]],

[ 58, 15, 1,[ 61, 2, 98, 43]],

[ 19, 55, 0,[ 38, 64]],

[ 95, 75, 0,[ 25, 28, 60]],

[ 4, 5, 1,[ 16, 47, 22]],

[ 28, 75, 1,[ 45, 95, 41, 3]],

[ 25, 5, 1,[ 95, 89, 85, 63]],

[ 20, 35, 0,[ 57, 51, 39]],

[ 36, 55, 1,[ 53, 33, 9, 47, 51]],

[ 11, 65, 1,[ 99, 97, 43, 69, 89, 64]],

[ 89, 65, 0,[ 11, 16, 18, 25]],

[ 16, 95, 0,[ 65, 30, 4, 89]],

[ 23, 75, 0,[ 77, 18, 97]],

[ 27, 65, 1,[ 40, 94, 98]],

[ 52, 75, 0,[ 74, 24, 92]],

[ 9, 55, 1,[ 48, 83, 41, 36]],

[ 76, 85, 0,[ 67, 40]],

[ 82, 5, 0,[ 62, 68]],

[ 45, 15, 1,[ 90, 28, 33]],

[ 44, 25, 0,[ 51, 2, 18]],

[ 60, 65, 1,[ 3, 95, 48]],

[ 57, 45, 1,[ 59, 13, 20, 90, 84]],

[ 6, 5, 0,[ 71, 26]],

[ 14, 5, 0,[ 81]],

[ 99, 55, 0,[ 11, 7, 38]],

[ 41, 55, 1,[ 56, 94, 28, 21, 9]],

[ 43, 55, 1,[ 69, 11, 58]],

[ 29, 35, 0,[ 33, 59, 87, 22]],

[ 12, 15, 1,[ 84, 47, 74]],

[ 22, 95, 1,[ 29, 56, 73, 26, 4, 40]],

[ 35, 15, 0,[ 93, 55, 2]],

[ 48, 55, 0,[ 9, 60]],

[ 69, 35, 1,[ 39, 11, 43]],

[ 87, 5, 1,[ 56, 1, 85, 29]],

[ 83, 55, 1,[ 64, 71, 9, 8]],

[ 30, 85, 1,[ 16, 47, 42]],

[ 8, 85, 0,[ 83, 40, 32]],

[ 80, 5, 0,[ 21, 39, 81]],

[ 15, 5, 1,[ 62, 1, 86]],

[ 56, 95, 0,[ 22, 41, 87]],

[ 5, 95, 1,[ 71, 49, 94]],

[ 70, 5, 1,[ 79]],

[ 88, 85, 0,[ 10, 50]],

[ 55, 15, 1,[ 67, 75, 35, 1, 93, 13]],

[ 74, 75, 0,[ 12, 52, 91]],

[ 72, 45, 0,[ 53, 92, 86]],

[ 37, 45, 0,[ 40, 86]],

[ 66, 75, 0,[ 18, 61, 62]],

[ 59, 35, 0,[ 57, 29, 85]],

[ 40, 85, 1,[ 22, 76, 27, 39, 8, 37]],

[ 3, 75, 1,[ 65, 86, 10, 60, 28]],

[ 26, 5, 0,[ 22, 6, 31]],

[ 54, 55, 0,[ 42, 78, 1]],

[ 50, 85, 1,[ 88, 49, 1, 38]],

[ 81, 5, 0,[ 14, 80]],

[ 71, 75, 1,[ 83, 6, 73, 5]],

[ 97, 75, 0,[ 11, 38, 23]],

[ 2, 25, 1,[ 58, 35, 44, 78]],

[ 84, 55, 0,[ 12, 57, 18, 32, 38]],

[ 17, 25, 0,[ 7, 98]],

[ 13, 35, 0,[ 55, 57, 0]],

[ 39, 35, 0,[ 69, 20, 80, 40]],

[ 21, 75, 1,[ 41, 80, 32]],

[ 7, 35, 1,[ 34, 17, 75, 91, 99, 98]],

[ 62, 5, 1,[ 15, 93, 67, 66, 82]],

[ 0, 35, 1,[ 13, 77, 24]],

[ 18, 75, 1,[ 44, 23, 63, 89, 66, 84]],

[ 1, 55, 1,[ 15, 87, 55, 92, 34, 54, 50]],

[ 31, 5, 0,[ 26, 91]],

[ 63, 25, 1,[ 25, 18, 93]],

[ 85, 5, 0,[ 87, 25, 59]],

[ 64, 15, 1,[ 11, 83, 19]],

[ 42, 55, 0,[ 54, 30]],

