[ 34, 25, 0,[ 13, 70, 65]],

[ 6, 15, 0,[ 85, 88]],

[ 12, 75, 0,[]],

[ 59, 35, 0,[ 70, 8]],

[ 87, 35, 0,[ 0, 77]],

[ 31, 75, 1,[ 3, 80, 35, 54, 52, 63]],

[ 27, 35, 0,[ 74, 9, 4]],

[ 47, 55, 0,[ 15, 69, 46]],

[ 21, 25, 0,[ 84, 33, 24]],

[ 92, 35, 0,[ 2, 54, 98]],

[ 96, 15, 1,[ 61, 84, 68]],

[ 25, 5, 0,[ 68, 16, 13]],

[ 61, 45, 1,[ 96, 1, 9, 36, 16]],

[ 72, 55, 0,[ 24, 42]],

[ 69, 35, 0,[ 47, 67]],

[ 75, 55, 0,[ 82, 40]],

[ 15, 75, 0,[ 47, 55, 95]],

[ 88, 15, 0,[ 6]],

[ 99, 55, 0,[ 14, 58, 39]],

[ 1, 75, 0,[ 0, 61, 28]],

[ 64, 65, 0,[ 44, 93, 95]],

[ 63, 35, 0,[ 31, 51, 73]],

[ 54, 15, 0,[ 85, 92, 31]],

[ 40, 55, 0,[ 58, 75, 89, 51]],

[ 65, 75, 0,[ 94, 34, 78]],

[ 91, 65, 0,[ 49, 50, 60]],

[ 0, 75, 0,[ 76, 87, 1]],

[ 98, 55, 0,[ 92, 71, 58]],

[ 67, 35, 0,[ 69, 19]],

[ 16, 5, 0,[ 61, 81, 25, 93]],

[ 89, 5, 1,[ 52, 83, 35, 66, 36, 40]],

[ 80, 25, 0,[ 28, 31]],

[ 7, 25, 0,[ 50, 70, 18]],

[ 13, 5, 0,[ 19, 34, 25]],

[ 74, 35, 0,[ 38, 27, 20]],

[ 3, 35, 0,[ 68, 31]],

[ 70, 25, 0,[ 59, 7, 34]],

[ 83, 5, 0,[ 11, 17, 89]],

[ 56, 35, 0,[ 62]],

[ 9, 35, 0,[ 61, 27, 45]],

[ 71, 65, 0,[ 48, 98, 60, 41]],

[ 30, 25, 0,[ 22, 39, 85]],

[ 42, 55, 0,[ 72]],

[ 4, 55, 0,[ 28, 32, 27, 26]],

[ 14, 35, 0,[ 99, 66]],

[ 94, 25, 0,[ 52, 65, 36]],

[ 55, 55, 0,[ 15, 41, 26]],

[ 90, 5, 0,[ 44, 49, 46]],

[ 44, 5, 0,[ 46, 64, 90]],

[ 81, 5, 0,[ 16, 50, 22]],

[ 28, 25, 0,[ 4, 57, 80, 1]],

[ 95, 75, 0,[ 53, 45, 39, 78, 64, 15]],

[ 77, 35, 0,[ 97, 87, 23]],

[ 20, 55, 0,[ 74, 51, 24, 22]],

[ 36, 5, 0,[ 94, 89, 61]],

[ 86, 35, 0,[ 43, 8]],

[ 82, 55, 0,[ 75]],

[ 23, 35, 0,[ 84, 77]],

[ 32, 55, 0,[ 4]],

[ 43, 35, 0,[ 86, 48, 38]],

[ 37, 55, 1,[ 46, 73, 35]],

[ 49, 5, 0,[ 90, 26, 33, 91]],

[ 50, 65, 0,[ 91, 78, 60, 7, 81]],

[ 2, 75, 0,[ 76, 53, 92]],

[ 5, 35, 0,[ 73, 8, 57]],

[ 52, 25, 1,[ 31, 94, 89]],

[ 11, 35, 0,[ 8, 33, 83]],

[ 17, 55, 1,[ 66, 18, 83]],

[ 29, 35, 0,[]],

[ 84, 25, 0,[ 21, 96, 23]],

[ 33, 25, 0,[ 49, 21, 11]],

[ 57, 35, 0,[ 28, 5]],

[ 66, 35, 0,[ 18, 14, 17, 89]],

[ 73, 35, 0,[ 19, 5, 63, 37]],

[ 38, 35, 0,[ 74, 45, 43, 48]],

[ 41, 35, 0,[ 71, 55, 79]],

[ 58, 55, 0,[ 40, 98, 99]],

[ 76, 75, 0,[ 2, 8, 0]],

[ 46, 55, 0,[ 47, 90, 37, 44]],

[ 85, 15, 0,[ 54, 97, 6, 30]],

[ 24, 55, 0,[ 20, 21, 72]],

[ 78, 75, 0,[ 65, 50, 39, 95]],

[ 35, 65, 1,[ 10, 89, 31, 37, 93]],

[ 10, 65, 0,[ 35]],

[ 79, 35, 0,[ 41]],

[ 68, 35, 1,[ 25, 96, 3, 8]],

[ 18, 35, 0,[ 17, 7, 66, 62]],

[ 97, 15, 0,[ 77, 85, 39]],

[ 51, 55, 0,[ 63, 40, 20]],

[ 22, 25, 0,[ 30, 20, 81]],

[ 93, 65, 0,[ 16, 35, 64]],

[ 60, 65, 0,[ 91, 50, 71]],

[ 53, 75, 0,[ 95, 2]],

[ 62, 35, 0,[ 8, 56, 18]],

[ 45, 35, 0,[ 38, 95, 9]],

[ 48, 35, 0,[ 43, 71, 38]],

[ 19, 35, 0,[ 67, 13, 73]],

[ 26, 55, 0,[ 55, 4, 49]],

[ 8, 35, 1,[ 59, 68, 11, 5, 62, 76, 86]],

[ 39, 75, 0,[ 99, 95, 30, 78, 97]],

