[ 49, 25, 0,[ 36, 13, 41, 17, 95, 31, 16]],

[ 36, 25, 0,[ 9, 15, 49, 24, 59]],

[ 31, 55, 1,[ 0, 70, 78, 52, 19, 46, 32, 44, 49]],

[ 88, 25, 0,[ 43, 17, 41]],

[ 20, 25, 0,[ 80, 38, 54]],

[ 46, 25, 0,[ 31, 42, 40, 93, 5, 27]],

[ 9, 25, 0,[ 36, 25, 86]],

[ 3, 25, 0,[ 99, 40, 94]],

[ 58, 25, 0,[ 28, 25, 90, 17]],

[ 45, 25, 0,[ 57, 0, 29, 96]],

[ 11, 25, 0,[ 22, 74, 21]],

[ 56, 25, 0,[ 30, 90, 51]],

[ 83, 25, 0,[ 77, 40, 10, 1, 87]],

[ 7, 25, 0,[ 0, 89, 2]],

[ 25, 25, 0,[ 61, 58, 9]],

[ 24, 25, 0,[ 37, 36, 41]],

[ 78, 25, 0,[ 85, 73, 31, 8]],

[ 91, 25, 0,[ 97, 89, 62]],

[ 16, 25, 0,[ 33, 49, 34]],

[ 21, 25, 0,[ 68, 70, 11, 43, 98]],

[ 23, 25, 0,[ 81, 35, 6, 87]],

[ 81, 95, 1,[ 50, 80, 47, 23, 62, 8]],

[ 84, 25, 0,[ 53, 37, 27, 14, 89, 42, 12]],

[ 8, 45, 1,[ 43, 78, 51, 4, 81, 61]],

[ 26, 25, 0,[ 0, 53]],

[ 5, 25, 0,[ 46, 15, 44]],

[ 80, 25, 0,[ 20, 81, 72]],

[ 63, 25, 0,[ 97, 0, 35]],

[ 89, 25, 1,[ 7, 84, 74, 91, 62, 34]],

[ 1, 25, 0,[ 43, 18, 83]],

[ 73, 25, 0,[ 85, 78, 87]],

[ 34, 25, 0,[ 16, 89, 96, 33, 86, 74, 82]],

[ 86, 25, 0,[ 34, 53, 6, 9]],

[ 29, 25, 0,[ 61, 42, 48, 45]],

[ 96, 65, 1,[ 37, 71, 45, 97, 34, 39]],

[ 65, 25, 0,[ 69, 18, 64, 10]],

[ 57, 25, 0,[ 45, 55, 42, 64]],

[ 12, 25, 0,[ 19, 52, 92, 84, 64]],

[ 43, 25, 0,[ 8, 33, 90, 1, 0, 21, 39, 88, 72]],

[ 67, 25, 0,[ 99, 38]],

[ 44, 25, 0,[ 31, 50, 5]],

[ 17, 25, 0,[ 62, 88, 58, 74, 49, 18]],

[ 61, 15, 1,[ 71, 25, 53, 22, 54, 37, 82, 29, 8]],

[ 14, 25, 0,[ 84, 6, 82]],

[ 28, 25, 0,[ 58, 22, 27]],

[ 48, 25, 0,[ 97, 13, 29]],

[ 4, 25, 0,[ 64, 8, 92]],

[ 54, 25, 0,[ 61, 95, 93, 20, 82]],

[ 60, 25, 0,[ 92, 15, 41, 2]],

[ 53, 25, 0,[ 61, 26, 68, 86, 84]],

[ 39, 25, 0,[ 43, 77, 96]],

[ 0, 25, 0,[ 63, 45, 26, 31, 66, 7, 43]],

[ 64, 25, 0,[ 65, 57, 70, 38, 4, 92, 71, 12]],

[ 72, 25, 0,[ 43, 79, 80]],

[ 62, 25, 0,[ 17, 89, 81, 91]],

[ 95, 25, 0,[ 54, 49, 33]],

[ 2, 25, 0,[ 60, 7, 51]],

[ 55, 25, 0,[ 33, 13, 57]],

[ 42, 25, 0,[ 46, 29, 77, 57, 37, 84]],

[ 18, 25, 0,[ 17, 1, 65, 77]],

[ 33, 25, 0,[ 34, 95, 43, 69, 16, 55]],

[ 69, 25, 0,[ 13, 37, 65, 33]],

[ 93, 25, 0,[ 46, 54, 76]],

[ 79, 25, 0,[ 85, 72, 30, 50]],

[ 76, 25, 0,[ 93, 41, 30]],

[ 68, 25, 0,[ 53, 21, 71]],

[ 74, 25, 0,[ 11, 89, 17, 34]],

[ 77, 25, 0,[ 18, 83, 42, 94, 39]],

[ 6, 25, 0,[ 86, 14, 23]],

[ 90, 25, 0,[ 38, 56, 43, 58]],

[ 66, 25, 0,[ 27, 32, 0]],

[ 87, 25, 0,[ 23, 83, 73]],

[ 99, 25, 0,[ 94, 3, 67, 35]],

[ 51, 25, 0,[ 2, 56, 59, 8]],

[ 41, 25, 0,[ 49, 76, 60, 24, 88, 59]],

[ 15, 25, 0,[ 5, 36, 60]],

[ 82, 25, 0,[ 34, 14, 61, 54]],

[ 35, 15, 1,[ 98, 37, 75, 23, 99, 63]],

[ 27, 25, 0,[ 52, 28, 50, 84, 66, 46]],

[ 59, 25, 0,[ 36, 51, 41]],

[ 50, 25, 0,[ 44, 27, 79, 81]],

[ 19, 25, 0,[ 70, 31, 12]],

[ 85, 25, 0,[ 78, 79, 73]],

[ 71, 25, 0,[ 96, 64, 68, 61]],

[ 40, 25, 0,[ 46, 3, 83]],

[ 52, 25, 1,[ 10, 12, 27, 31]],

[ 75, 25, 0,[ 32, 35]],

[ 94, 25, 0,[ 99, 3, 77]],

[ 92, 25, 0,[ 12, 64, 4, 60]],

[ 38, 25, 0,[ 64, 67, 20, 90]],

[ 98, 25, 0,[ 47, 21, 35]],

[ 97, 25, 1,[ 91, 63, 48, 96]],

[ 37, 85, 1,[ 42, 24, 69, 84, 96, 61, 35]],

[ 47, 25, 0,[ 32, 81, 98]],

[ 30, 25, 0,[ 56, 76, 79, 22]],

[ 22, 25, 0,[ 30, 28, 61, 11]],

[ 10, 25, 0,[ 65, 52, 83]],

[ 13, 25, 0,[ 49, 55, 69, 48]],

[ 32, 25, 0,[ 75, 66, 31, 47]],

[ 70, 25, 0,[ 64, 19, 31, 21]],

[ 98, 5, 0,[ 44, 25, 5]],

[ 1, 5, 0,[ 0, 7, 20]],

[ 53, 5, 0,[ 88, 50, 93]],

[ 31, 95, 1,[ 64, 8, 52, 26, 68, 42]],

[ 72, 5, 0,[ 41, 74, 38, 81]],

[ 88, 5, 0,[ 92, 71, 93, 53, 39]],

[ 99, 5, 0,[ 7, 67, 87, 76]],

[ 93, 5, 0,[ 45, 53, 22, 88]],

[ 3, 5, 0,[ 61, 90, 54, 44]],

[ 6, 5, 0,[ 2, 56, 5, 57]],

[ 32, 5, 0,[ 89, 61, 13]],

[ 86, 5, 0,[ 96, 94, 52, 92, 83, 35]],

[ 91, 5, 0,[ 25, 43, 70, 67]],

[ 43, 5, 0,[ 49, 56, 95, 29, 91]],

[ 87, 5, 0,[ 20, 16, 99]],

[ 38, 5, 0,[ 20, 97, 39, 51, 75, 68, 80, 82, 72]],

[ 37, 35, 1,[ 96, 82, 29, 78, 48, 35]],

[ 58, 5, 0,[ 36, 34, 33, 35]],

[ 77, 5, 0,[ 79]],

[ 33, 5, 0,[ 7, 51, 65, 58]],

[ 90, 5, 0,[ 3, 20, 89]],

[ 63, 5, 0,[ 76, 96, 29]],

[ 14, 5, 0,[ 36, 13, 71, 47, 70]],

[ 67, 5, 0,[ 99, 55, 84, 79, 91, 40, 34]],

[ 57, 5, 0,[ 59, 6, 19]],

[ 26, 5, 0,[ 31, 21, 82]],

[ 35, 15, 1,[ 24, 58, 86, 37, 15]],

[ 74, 5, 0,[ 72, 75, 47]],

[ 69, 5, 0,[ 78, 40, 61]],

[ 54, 5, 0,[ 12, 3, 28]],

[ 75, 5, 0,[ 38, 74, 45]],

[ 50, 5, 0,[ 65, 81, 53]],

[ 29, 5, 0,[ 63, 16, 22, 23, 43, 37]],

[ 82, 45, 1,[ 20, 38, 76, 37, 26, 12, 52, 84]],

[ 92, 5, 0,[ 88, 13, 86, 68]],

[ 94, 5, 0,[ 86, 89, 24]],

[ 30, 5, 0,[ 56, 81, 89, 70]],

[ 36, 5, 0,[ 58, 0, 10, 12, 14, 9]],

[ 76, 5, 0,[ 12, 99, 63, 82]],

[ 12, 5, 0,[ 54, 76, 82, 36]],

[ 24, 5, 0,[ 73, 55, 94, 81, 35]],

[ 78, 5, 0,[ 37, 71, 69]],

[ 80, 5, 0,[ 18, 38, 27]],

[ 66, 5, 0,[ 21, 52]],

[ 47, 5, 0,[ 14, 74, 51]],

[ 65, 5, 0,[ 33, 50, 45, 13]],

[ 48, 5, 0,[ 64, 83, 37]],

[ 73, 5, 0,[ 24, 42, 11]],

[ 60, 5, 0,[ 49, 2, 45]],

[ 81, 5, 0,[ 46, 30, 50, 34, 72, 24]],

[ 68, 5, 0,[ 92, 38, 31]],

[ 2, 5, 0,[ 6, 60, 71, 79]],

[ 19, 5, 0,[ 20, 57, 4]],

[ 10, 5, 0,[ 27, 36]],

[ 52, 5, 1,[ 31, 66, 82, 86]],

[ 25, 5, 0,[ 98, 91, 40]],

[ 84, 25, 1,[ 85, 82, 61, 8, 67]],

[ 46, 5, 0,[ 95, 44, 81]],

[ 49, 5, 0,[ 17, 60, 97, 43]],

[ 70, 5, 0,[ 14, 30, 91, 95]],

[ 55, 5, 0,[ 24, 8, 67]],

[ 4, 5, 0,[ 19, 7, 51, 83, 97]],

[ 41, 5, 0,[ 72, 22, 45]],

[ 95, 5, 0,[ 43, 70, 46]],

[ 42, 5, 0,[ 44, 73, 31, 8]],

[ 34, 5, 0,[ 58, 81, 67]],

[ 85, 5, 0,[ 84, 71, 9]],

[ 79, 5, 0,[ 77, 2, 67]],

[ 62, 5, 0,[ 17, 61]],

[ 40, 5, 0,[ 69, 67, 61, 21, 25, 18]],

[ 8, 85, 1,[ 22, 55, 84, 31, 42]],

[ 11, 5, 0,[ 73, 0, 61]],

[ 71, 5, 0,[ 78, 88, 2, 14, 85]],

[ 44, 5, 0,[ 13, 0, 42, 46, 3, 98]],

[ 5, 5, 0,[ 98, 17, 6, 23, 21]],

[ 96, 55, 1,[ 86, 63, 61, 37]],

[ 18, 5, 0,[ 80, 28, 40]],

[ 13, 5, 0,[ 65, 14, 32, 44, 92]],

[ 27, 5, 0,[ 20, 80, 10]],

[ 22, 5, 0,[ 8, 29, 41, 93]],

[ 23, 5, 0,[ 29, 5, 0]],

[ 83, 5, 0,[ 4, 48, 86]],

[ 16, 5, 0,[ 39, 87, 29, 45]],

[ 97, 5, 0,[ 28, 38, 4, 49]],

[ 7, 5, 0,[ 33, 4, 99, 1]],

[ 59, 5, 0,[ 57]],

[ 21, 5, 0,[ 40, 26, 5, 66]],

[ 20, 5, 0,[ 1, 82, 19, 38, 87, 90, 27]],

[ 39, 5, 0,[ 16, 88, 38]],

[ 89, 5, 1,[ 94, 32, 90, 30, 15]],

[ 51, 5, 0,[ 38, 47, 33, 4]],

[ 56, 5, 0,[ 43, 30, 6]],

[ 9, 5, 0,[ 85, 0, 64, 36]],

[ 64, 5, 0,[ 9, 48, 31]],

[ 45, 5, 0,[ 41, 75, 16, 65, 60, 93]],

[ 17, 5, 0,[ 62, 49, 5]],

[ 15, 5, 0,[ 61, 35, 89]],

[ 0, 5, 0,[ 23, 9, 1, 11, 36, 44]],

[ 28, 5, 0,[ 54, 18, 97]],

[ 61, 5, 1,[ 62, 15, 32, 40, 11, 96, 84, 3, 69]],

