[ 33, 15, 0,[ 38, 32, 87]],

[ 42, 55, 1,[ 20, 60, 57, 9, 75]],

[ 81, 35, 1,[ 61, 71, 46, 8, 48]],

[ 11, 15, 0,[ 46, 85]],

[ 47, 95, 0,[ 36, 43, 46]],

[ 77, 5, 0,[ 95, 87, 20]],

[ 71, 95, 1,[ 4, 81, 37, 52]],

[ 83, 35, 0,[ 26, 29, 97, 13]],

[ 19, 45, 1,[ 32, 48, 36, 95, 67]],

[ 67, 35, 0,[ 19, 60, 87]],

[ 34, 45, 0,[ 56, 53, 92]],

[ 45, 55, 0,[ 10, 84, 74]],

[ 43, 95, 0,[ 47, 70, 80]],

[ 66, 75, 1,[ 22, 31, 88]],

[ 12, 25, 0,[ 21, 88, 84]],

[ 49, 25, 0,[ 82, 24, 80]],

[ 95, 5, 1,[ 97, 77, 29, 51, 1, 19, 61, 0, 54]],

[ 94, 5, 1,[ 21, 44, 80]],

[ 13, 5, 1,[ 83, 28, 9]],

[ 85, 15, 1,[ 11, 15, 89, 5]],

[ 59, 95, 1,[ 62, 31, 82]],

[ 40, 95, 1,[ 17, 1, 16, 48]],

[ 38, 15, 0,[ 33, 52, 4]],

[ 89, 55, 1,[ 99, 85, 14]],

[ 76, 45, 1,[ 90, 98, 69, 79, 91]],

[ 29, 25, 1,[ 83, 7, 16, 95]],

[ 58, 5, 0,[ 20, 44, 73]],

[ 75, 55, 1,[ 17, 42, 35]],

[ 25, 25, 0,[ 35, 68, 32]],

[ 10, 15, 1,[ 82, 45, 17, 41, 8]],

[ 17, 85, 1,[ 40, 10, 41, 75]],

[ 54, 5, 0,[ 6, 95, 8]],

[ 57, 45, 0,[ 42, 23, 63]],

[ 31, 15, 1,[ 59, 48, 30, 55, 66]],

[ 52, 45, 1,[ 6, 2, 38, 71, 27]],

[ 14, 55, 0,[ 89, 30]],

[ 73, 45, 0,[ 58, 7, 79, 53]],

[ 21, 25, 0,[ 94, 48, 86, 61, 12, 46]],

[ 26, 35, 1,[ 83, 50, 27]],

[ 20, 15, 1,[ 96, 58, 18, 42, 77]],

[ 7, 25, 0,[ 29, 73, 62]],

[ 74, 55, 1,[ 45, 23, 6]],

[ 1, 95, 0,[ 96, 95, 40, 41]],

[ 22, 55, 1,[ 78, 0, 66]],

[ 80, 95, 1,[ 49, 43, 72, 51, 94]],

[ 3, 45, 0,[ 82, 56, 79]],

[ 16, 25, 0,[ 24, 40, 29]],

[ 70, 15, 0,[ 64, 32, 43]],

[ 65, 15, 0,[ 88, 24, 68, 64]],

[ 60, 55, 0,[ 42, 67]],

[ 55, 25, 0,[ 39, 31, 99]],

[ 56, 45, 1,[ 90, 3, 34]],

[ 9, 55, 0,[ 13, 6, 42]],

[ 61, 25, 1,[ 21, 95, 81]],

[ 97, 45, 1,[ 83, 95, 86]],

[ 91, 45, 0,[ 90, 84, 76]],

[ 68, 65, 1,[ 96, 6, 63, 44, 25, 65]],

[ 0, 75, 0,[ 37, 95, 22]],

[ 28, 25, 0,[ 13, 90, 48]],

[ 62, 5, 1,[ 7, 59]],

[ 93, 45, 0,[ 23]],

[ 69, 45, 0,[ 63, 50, 76]],

[ 78, 45, 0,[ 27, 90, 22]],

[ 30, 55, 0,[ 31, 14]],

[ 51, 15, 1,[ 80, 95, 64]],

[ 4, 15, 0,[ 38, 64, 71]],

[ 86, 45, 0,[ 79, 97, 21]],

[ 23, 45, 1,[ 74, 57, 93]],

[ 44, 5, 1,[ 58, 94, 63, 68, 88]],

[ 50, 45, 0,[ 37, 26, 69]],

[ 79, 45, 0,[ 73, 72, 86, 3, 76, 84]],

[ 63, 45, 0,[ 44, 57, 69, 68]],

[ 8, 85, 1,[ 54, 81, 10]],

[ 98, 45, 0,[ 76, 99]],

[ 41, 95, 0,[ 10, 1, 17]],

[ 46, 75, 1,[ 47, 21, 11, 81]],

[ 84, 85, 1,[ 12, 72, 79, 45, 91]],

[ 6, 35, 1,[ 74, 9, 52, 54, 68]],

[ 18, 25, 0,[ 99, 20]],

[ 32, 15, 1,[ 25, 19, 33, 82, 70]],

[ 64, 15, 0,[ 51, 65, 70, 4]],

[ 39, 45, 1,[ 55, 37, 90]],

[ 96, 55, 1,[ 20, 68, 1]],

[ 37, 75, 1,[ 39, 50, 2, 92, 0, 71]],

[ 24, 15, 1,[ 16, 65, 49]],

[ 2, 75, 0,[ 52, 37]],

[ 5, 15, 0,[ 85]],

[ 48, 55, 1,[ 19, 28, 40, 21, 81, 31]],

[ 15, 15, 0,[ 87, 72, 85]],

[ 87, 35, 1,[ 90, 35, 33, 77, 67, 15, 53]],

[ 82, 25, 1,[ 3, 10, 59, 49, 32]],

[ 90, 25, 1,[ 76, 28, 39, 78, 91, 56, 99, 87]],

[ 99, 25, 1,[ 92, 90, 18, 98, 55, 89]],

[ 88, 25, 1,[ 65, 44, 66, 12]],

[ 92, 95, 1,[ 99, 34, 37]],

[ 27, 45, 0,[ 78, 52, 26]],

[ 36, 45, 0,[ 19, 35, 47]],

[ 53, 45, 0,[ 34, 73, 87]],

[ 72, 25, 1,[ 80, 79, 15, 84]],

[ 35, 25, 1,[ 87, 36, 25, 75]],

