[ 58, 55, 1,[ 45, 30, 34, 28, 64]],

[ 81, 75, 0,[ 47, 1, 24]],

[ 46, 15, 0,[ 15, 7, 43]],

[ 93, 35, 1,[ 89, 38, 14]],

[ 95, 55, 1,[ 62, 24, 96]],

[ 83, 55, 1,[ 35, 36, 41]],

[ 56, 15, 0,[ 21, 67, 7]],

[ 23, 25, 0,[ 65, 47, 92]],

[ 78, 35, 0,[ 3, 12, 77, 33, 17]],

[ 98, 95, 1,[ 42, 4, 60]],

[ 9, 35, 1,[ 61, 73, 88, 72]],

[ 1, 5, 1,[ 81, 10, 0]],

[ 60, 55, 1,[ 98, 35, 88, 38]],

[ 33, 55, 0,[ 53, 48, 94, 44, 78, 27]],

[ 26, 35, 0,[ 49, 99, 0]],

[ 66, 35, 0,[ 84, 49, 90]],

[ 14, 85, 0,[ 93, 8, 2]],

[ 41, 35, 1,[ 83, 97, 55, 44]],

[ 68, 15, 0,[ 32, 67, 22, 44]],

[ 59, 35, 0,[ 96, 69, 12]],

[ 73, 25, 1,[ 86, 9, 85]],

[ 48, 55, 0,[ 22, 33, 75]],

[ 11, 55, 1,[ 79, 6, 55]],

[ 85, 5, 0,[ 97, 5, 73]],

[ 37, 25, 0,[ 92, 5, 20]],

[ 25, 45, 1,[ 22, 20, 28, 6]],

[ 79, 85, 0,[ 40, 11, 30]],

[ 3, 45, 1,[ 78, 99, 82]],

[ 40, 15, 0,[ 79, 52, 62]],

[ 72, 45, 0,[ 29, 9, 21]],

[ 43, 45, 1,[ 80, 46, 61]],

[ 80, 25, 0,[ 27, 43, 64, 38, 36]],

[ 87, 85, 0,[ 57, 86, 67]],

[ 52, 15, 0,[ 91, 40, 74, 39]],

[ 45, 75, 1,[ 58, 54, 76, 53, 8]],

[ 55, 15, 1,[ 39, 41, 11, 32]],

[ 10, 65, 0,[ 1, 74, 86]],

[ 35, 65, 0,[ 38, 83, 60]],

[ 34, 15, 1,[ 58, 31, 51]],

[ 77, 45, 1,[ 78, 71, 13]],

[ 51, 85, 0,[ 18, 50, 34]],

[ 92, 25, 0,[ 63, 23, 37]],

[ 57, 15, 1,[ 82, 21, 87]],

[ 30, 85, 1,[ 79, 16, 7, 58]],

[ 29, 25, 0,[ 72, 90, 47]],

[ 38, 65, 1,[ 60, 93, 69, 35, 80]],

[ 63, 45, 1,[ 19, 92, 21]],

[ 61, 45, 0,[ 43, 28, 9]],

[ 4, 75, 1,[ 0, 36, 98]],

[ 65, 35, 1,[ 97, 31, 23, 74]],

[ 28, 95, 1,[ 25, 61, 58]],

[ 2, 35, 1,[ 96, 16, 89, 82, 14]],

[ 99, 35, 0,[ 26, 75, 8, 50, 19, 3, 17, 12]],

[ 0, 85, 1,[ 4, 26, 1]],

[ 97, 35, 0,[ 85, 8, 65, 41]],

[ 31, 25, 0,[ 27, 34, 65]],

[ 39, 85, 0,[ 52, 21, 55]],

[ 69, 25, 1,[ 59, 22, 38]],

[ 64, 45, 1,[ 89, 71, 80, 58]],

[ 91, 95, 1,[ 52, 90, 47]],

[ 94, 45, 0,[ 33, 96, 71]],

[ 44, 55, 0,[ 41, 33, 68]],

[ 82, 85, 0,[ 3, 57, 15, 2]],

[ 21, 55, 1,[ 63, 57, 13, 39, 72, 56]],

[ 6, 45, 0,[ 25, 20, 11]],

[ 19, 35, 0,[ 75, 99, 70, 63]],

[ 18, 15, 1,[ 47, 51, 5, 13]],

[ 32, 85, 0,[ 55, 68, 42]],

[ 76, 95, 0,[ 20, 45, 22]],

[ 8, 35, 0,[ 97, 99, 14, 49, 45]],

[ 62, 55, 1,[ 5, 95, 40, 71, 88, 50]],

[ 49, 85, 1,[ 66, 8, 26]],

[ 54, 45, 1,[ 75, 12, 45]],

[ 42, 55, 0,[ 98, 17, 32]],

[ 70, 15, 1,[ 96, 19, 90]],

[ 96, 45, 0,[ 2, 59, 94, 70, 95, 67]],

[ 27, 25, 1,[ 33, 80, 31, 53]],

[ 13, 35, 0,[ 18, 77, 21, 53]],

[ 88, 65, 0,[ 60, 9, 62]],

[ 17, 55, 0,[ 78, 99, 42]],

[ 24, 75, 0,[ 81, 86, 95]],

[ 20, 85, 1,[ 25, 6, 76, 37]],

[ 47, 35, 1,[ 91, 81, 15, 23, 18, 29]],

[ 22, 65, 1,[ 68, 76, 48, 25, 69]],

[ 53, 85, 1,[ 45, 27, 33, 13]],

[ 12, 45, 1,[ 99, 78, 54, 59]],

[ 16, 85, 0,[ 15, 2, 30]],

[ 74, 75, 0,[ 65, 52, 10]],

[ 5, 5, 1,[ 62, 18, 85, 37]],

[ 75, 35, 0,[ 99, 19, 48, 54]],

[ 90, 5, 1,[ 29, 70, 84, 91, 66]],

[ 15, 15, 1,[ 82, 47, 46, 16]],

[ 71, 45, 0,[ 77, 62, 94, 64]],

[ 89, 85, 0,[ 64, 93, 2]],

[ 50, 55, 1,[ 51, 62, 99]],

[ 86, 55, 1,[ 10, 24, 73, 87]],

[ 36, 95, 1,[ 4, 80, 84, 83]],

[ 84, 35, 0,[ 36, 66, 90]],

[ 67, 35, 1,[ 87, 68, 56, 96]],

[ 7, 75, 1,[ 30, 46, 56]],

[ 93, 35, 1,[ 96, 27, 35]],

[ 92, 35, 1,[ 28, 99, 81, 60, 90]],

[ 51, 35, 1,[ 74, 95, 10, 66]],

[ 76, 75, 0,[ 7, 69, 72, 84]],

[ 53, 85, 1,[ 78, 56, 44, 58]],

[ 26, 45, 0,[ 73, 54, 96]],

[ 36, 65, 1,[ 61, 42, 15, 48]],

[ 79, 15, 0,[ 78, 91, 4]],

[ 17, 85, 0,[ 66, 45, 22]],

[ 12, 55, 1,[ 50, 16, 18, 29]],

[ 67, 65, 1,[ 61, 70, 9, 83]],

[ 45, 35, 1,[ 16, 71, 65, 17]],

[ 64, 85, 1,[ 7, 69, 32]],

[ 15, 25, 1,[ 56, 41, 36]],

[ 46, 35, 0,[ 98, 39, 11]],

[ 35, 15, 0,[ 1, 93, 87]],

[ 19, 15, 0,[ 13, 18, 28]],

[ 44, 95, 0,[ 85, 53, 43]],

[ 62, 35, 0,[ 63, 2, 70]],

[ 11, 15, 1,[ 41, 46, 31]],

[ 28, 75, 1,[ 19, 92, 25, 0]],

[ 73, 25, 1,[ 98, 26, 77]],

[ 4, 85, 1,[ 47, 52, 79, 38, 39]],

[ 39, 35, 0,[ 32, 4, 46, 16, 23]],

[ 71, 35, 0,[ 1, 85, 45]],

[ 2, 35, 1,[ 14, 62, 75]],

[ 68, 55, 0,[ 97, 5, 99]],

[ 96, 85, 0,[ 93, 26, 21, 43]],

[ 18, 95, 1,[ 12, 19, 7]],

[ 99, 5, 0,[ 55, 92, 68]],

[ 94, 55, 0,[ 37, 63, 61]],

[ 61, 65, 0,[ 67, 36, 94]],

[ 16, 35, 0,[ 39, 45, 12]],

[ 98, 5, 1,[ 10, 84, 46, 73]],

[ 55, 85, 1,[ 97, 99, 47]],

[ 91, 95, 1,[ 79, 80, 33, 6]],

[ 22, 35, 0,[ 69, 17, 65, 47]],

[ 6, 85, 0,[ 24, 91]],

[ 34, 5, 1,[ 10, 9, 90, 66]],

[ 32, 35, 0,[ 64, 39, 90, 89]],

[ 38, 75, 1,[ 4, 8, 81]],

[ 65, 55, 1,[ 88, 22, 45, 5]],

[ 58, 55, 1,[ 69, 53, 82, 30]],

[ 87, 75, 0,[ 7, 35, 5]],

[ 8, 35, 0,[ 38, 27, 3]],

[ 25, 65, 1,[ 28, 59, 63]],

[ 80, 95, 0,[ 91, 42, 31, 83]],

[ 29, 5, 0,[ 12, 70, 5]],

[ 95, 5, 1,[ 75, 51, 24]],

[ 21, 15, 1,[ 84, 54, 96, 23, 40]],

[ 72, 95, 0,[ 76, 88, 74, 78]],

[ 30, 15, 1,[ 49, 20, 0, 58]],

[ 14, 35, 1,[ 33, 2, 42]],

[ 5, 45, 1,[ 82, 68, 65, 29, 97, 87]],

[ 7, 75, 0,[ 64, 18, 87, 76]],

[ 10, 95, 0,[ 52, 51, 98, 34]],

[ 84, 75, 0,[ 98, 76, 21]],

[ 20, 45, 0,[ 30, 54, 74]],

[ 41, 85, 1,[ 11, 15]],

[ 85, 5, 1,[ 13, 78, 71, 44, 89]],

[ 54, 65, 1,[ 20, 21, 27, 26]],

[ 83, 15, 1,[ 63, 33, 67, 80]],

[ 60, 15, 1,[ 75, 33, 92]],

[ 23, 5, 0,[ 70, 21, 57, 39]],

[ 43, 65, 1,[ 96, 44, 59]],

[ 63, 65, 1,[ 83, 25, 62, 94]],

[ 1, 75, 1,[ 35, 71, 77]],

[ 31, 35, 0,[ 80, 37, 11]],

[ 40, 55, 0,[ 21, 86]],

[ 49, 15, 1,[ 24, 69, 30]],

[ 59, 55, 0,[ 25, 50, 43]],

[ 69, 55, 1,[ 76, 64, 22, 49, 58]],

[ 27, 65, 1,[ 8, 54, 93]],

[ 3, 45, 1,[ 56, 88, 8]],

[ 81, 85, 0,[ 52, 38, 92]],

[ 48, 65, 0,[ 36, 77]],

[ 74, 35, 0,[ 57, 72, 20, 51]],

[ 77, 75, 1,[ 1, 48, 73]],

[ 13, 15, 0,[ 19, 70, 85]],

[ 66, 85, 0,[ 51, 17, 34]],

[ 56, 5, 0,[ 3, 53, 15]],

[ 9, 55, 1,[ 33, 67, 34]],

[ 97, 55, 0,[ 68, 5, 55]],

[ 52, 65, 0,[ 10, 4, 81]],

[ 24, 25, 0,[ 49, 6, 95]],

[ 88, 35, 0,[ 72, 3, 65]],

[ 57, 95, 1,[ 74, 86, 23]],

[ 75, 35, 0,[ 60, 95, 2]],

[ 90, 35, 0,[ 32, 34, 92, 70]],

[ 42, 15, 0,[ 80, 36, 14, 86]],

[ 37, 35, 0,[ 31, 0, 94]],

[ 86, 15, 1,[ 57, 40, 42]],

[ 82, 55, 0,[ 5, 50, 58]],

[ 0, 85, 1,[ 37, 30, 28]],

[ 89, 95, 0,[ 32, 85]],

[ 78, 95, 0,[ 85, 79, 72, 53]],

[ 50, 95, 1,[ 12, 82, 59]],

[ 33, 25, 1,[ 60, 91, 9, 83, 14]],

[ 47, 15, 1,[ 55, 4, 22]],

[ 70, 55, 1,[ 13, 90, 62, 67, 29, 23]],

