[ 2, 85, 1,[ 27, 93, 34]],

[ 51, 15, 0,[ 34, 42, 93]],

[ 47, 55, 1,[ 56, 46, 6]],

[ 43, 95, 1,[ 55, 81, 99, 53, 0]],

[ 84, 5, 0,[ 95, 9, 16]],

[ 20, 15, 0,[ 81, 87, 58, 25]],

[ 32, 65, 0,[ 89, 60, 64]],

[ 6, 55, 0,[ 47, 30, 44]],

[ 56, 55, 0,[ 47, 69, 28]],

[ 97, 85, 0,[ 38, 13, 28]],

[ 21, 15, 1,[ 94, 82, 34]],

[ 70, 85, 1,[ 42, 81, 4]],

[ 30, 85, 1,[ 6, 75, 96, 64]],

[ 75, 85, 0,[ 23, 30, 94]],

[ 82, 35, 0,[ 57, 21, 73]],

[ 86, 85, 1,[ 11, 37, 83, 23]],

[ 45, 95, 1,[ 65, 27, 69]],

[ 64, 65, 1,[ 32, 30, 83]],

[ 16, 75, 0,[ 95, 84, 24, 41]],

[ 62, 75, 0,[ 25, 61, 80]],

[ 17, 55, 0,[ 18, 12, 49]],

[ 24, 75, 0,[ 95, 16, 71]],

[ 55, 25, 1,[ 28, 42, 15, 43]],

[ 31, 75, 0,[ 63, 8, 87]],

[ 5, 45, 1,[ 49, 92, 59]],

[ 22, 75, 0,[ 83, 58, 38]],

[ 0, 85, 1,[ 43, 9, 18, 99, 26]],

[ 89, 65, 0,[ 32, 7, 4]],

[ 78, 5, 0,[ 90, 98, 76, 83]],

[ 7, 35, 1,[ 66, 89, 85, 15]],

[ 1, 55, 1,[ 48, 12, 18]],

[ 40, 95, 1,[ 69, 57, 90]],

[ 23, 85, 0,[ 75, 66, 86]],

[ 34, 75, 1,[ 96, 21, 74, 2, 54, 99, 15, 51]],

[ 52, 15, 0,[ 93, 37, 36]],

[ 54, 75, 0,[ 67, 34, 15]],

[ 76, 45, 0,[ 78, 50, 15]],

[ 9, 5, 1,[ 48, 19, 84, 71, 74, 0]],

[ 57, 25, 1,[ 10, 65, 40, 82]],

[ 33, 25, 1,[ 50, 88, 39, 26]],

[ 77, 85, 1,[ 67, 98, 91, 36]],

[ 94, 95, 1,[ 25, 75, 21, 41, 91]],

[ 8, 75, 0,[ 31, 68, 38]],

[ 14, 75, 0,[ 11, 80, 3]],

[ 49, 45, 1,[ 79, 91, 96, 17, 5]],

[ 72, 55, 0,[ 92, 38, 60]],

[ 88, 75, 0,[ 33, 63]],

[ 50, 85, 1,[ 76, 33, 93]],

[ 91, 45, 1,[ 77, 49, 94]],

[ 38, 85, 1,[ 97, 80, 22, 8, 72]],

[ 44, 55, 0,[ 83, 6]],

[ 35, 55, 0,[ 27]],

[ 26, 5, 0,[ 0, 79, 33, 65]],

[ 65, 5, 1,[ 45, 26, 57]],

[ 96, 75, 0,[ 30, 34, 49]],

[ 90, 95, 0,[ 27, 40, 78]],

[ 15, 45, 1,[ 34, 87, 76, 7, 55, 54]],

[ 27, 55, 1,[ 2, 90, 35, 45]],

[ 74, 75, 0,[ 34, 9]],

[ 36, 75, 1,[ 77, 93, 52]],

[ 46, 75, 0,[ 47, 68, 93]],

[ 28, 65, 1,[ 56, 97, 92, 55]],

[ 19, 5, 0,[ 25, 9]],

[ 29, 65, 0,[ 11]],

[ 83, 75, 1,[ 86, 39, 64, 61, 4, 22, 78, 44]],

[ 69, 15, 1,[ 45, 56, 18, 39, 40]],

[ 95, 45, 1,[ 84, 24, 16, 98]],

[ 98, 5, 1,[ 78, 95, 77]],

[ 85, 65, 1,[ 7, 13, 60, 11, 68]],

[ 37, 15, 0,[ 86, 4, 52]],

[ 4, 95, 1,[ 37, 89, 83, 70]],

[ 60, 55, 1,[ 85, 59, 72, 32]],

[ 25, 35, 1,[ 20, 13, 94, 19, 62]],

[ 13, 85, 0,[ 85, 97, 25]],

[ 12, 55, 1,[ 17, 1, 53]],

[ 3, 75, 1,[ 79, 92, 14]],

[ 63, 75, 1,[ 31, 88, 18, 71]],

[ 99, 95, 0,[ 43, 34, 0]],

[ 67, 65, 1,[ 66, 54, 77, 53]],

[ 10, 25, 0,[ 58, 57]],

[ 93, 15, 1,[ 52, 36, 50, 51, 46, 2]],

[ 61, 75, 0,[ 83, 62, 58]],

[ 68, 75, 0,[ 85, 46, 8]],

[ 18, 25, 1,[ 17, 69, 1, 0, 63]],

[ 92, 95, 1,[ 28, 72, 5, 3]],

[ 80, 75, 0,[ 38, 73, 14, 62]],

[ 59, 45, 0,[ 73, 60, 5]],

[ 58, 15, 1,[ 22, 48, 41, 61, 20, 10]],

[ 41, 65, 1,[ 58, 16, 94]],

[ 11, 65, 1,[ 85, 86, 14, 29]],

[ 71, 75, 0,[ 63, 9, 24]],

[ 73, 35, 1,[ 82, 80, 59]],

[ 42, 15, 0,[ 70, 51, 55]],

[ 66, 35, 0,[ 7, 23, 67]],

[ 79, 75, 0,[ 49, 26, 3]],

[ 48, 5, 0,[ 9, 1, 58]],

[ 81, 85, 0,[ 20, 43, 70]],

[ 53, 25, 1,[ 12, 43, 67]],

[ 39, 25, 0,[ 33, 69, 83]],

[ 87, 45, 0,[ 20, 31, 15]],

