[ 14, 25, 0,[ 42, 47, 4]],

[ 48, 25, 0,[ 32, 0, 16, 88, 83]],

[ 47, 25, 0,[ 33, 68, 43, 0, 12, 14]],

[ 0, 25, 0,[ 47, 68, 48]],

[ 5, 75, 0,[ 24, 34]],

[ 95, 45, 0,[ 7, 71, 32]],

[ 83, 25, 0,[ 58, 48, 54, 17]],

[ 61, 65, 0,[ 97, 15, 58, 52]],

[ 62, 65, 0,[ 27, 57, 6]],

[ 18, 75, 0,[ 52, 9, 2]],

[ 42, 25, 0,[ 14, 32, 12, 72]],

[ 11, 65, 0,[ 52, 86, 22]],

[ 91, 75, 0,[ 41, 78, 25, 90]],

[ 55, 45, 0,[ 27, 60, 93, 4, 40]],

[ 82, 65, 0,[ 56, 97, 64, 37]],

[ 59, 25, 0,[ 39, 64, 78, 98]],

[ 99, 45, 0,[ 76, 46, 7, 84, 65, 77]],

[ 79, 75, 0,[ 12, 15, 24, 7, 29, 57, 8]],

[ 77, 45, 0,[ 10, 99, 89, 43]],

[ 89, 65, 0,[ 16, 77, 92]],

[ 68, 25, 0,[ 81, 47, 0]],

[ 94, 65, 0,[ 66, 92, 86]],

[ 21, 25, 0,[ 45, 1, 93]],

[ 96, 65, 0,[ 51, 29, 36]],

[ 23, 25, 0,[ 49, 12, 44]],

[ 78, 75, 0,[ 25, 59, 85, 91]],

[ 34, 25, 0,[ 5, 43, 40]],

[ 69, 25, 1,[ 15, 70, 45, 38]],

[ 33, 25, 0,[ 53, 20, 47]],

[ 24, 75, 0,[ 70, 26, 5, 79]],

[ 90, 65, 0,[ 85, 57, 91]],

[ 85, 65, 0,[ 17, 78, 90]],

[ 98, 65, 1,[ 28, 59, 49]],

[ 4, 45, 0,[ 92, 55, 1, 25, 14]],

[ 45, 65, 1,[ 21, 49, 69]],

[ 6, 45, 0,[ 62, 93, 16, 30]],

[ 54, 25, 0,[ 10, 97, 83]],

[ 39, 55, 0,[ 73, 59, 28]],

[ 53, 75, 1,[ 33, 37]],

[ 41, 75, 0,[ 30, 91, 28]],

[ 28, 55, 1,[ 98, 74, 38, 10, 81, 39, 41]],

[ 12, 25, 0,[ 79, 86, 47, 60, 7, 23, 42]],

[ 84, 45, 0,[ 99, 22, 65]],

[ 52, 65, 0,[ 65, 49, 11, 76, 61, 18]],

[ 19, 25, 0,[ 64, 67, 2]],

[ 76, 45, 0,[ 52, 99, 88]],

[ 51, 25, 0,[ 16, 3, 96]],

[ 13, 45, 0,[ 17, 25, 29]],

[ 70, 75, 0,[ 10, 24, 69]],

[ 63, 65, 0,[ 58, 22]],

[ 16, 25, 0,[ 89, 48, 6, 51]],

[ 7, 45, 1,[ 72, 95, 12, 99, 17, 79, 87, 35]],

[ 72, 25, 0,[ 42, 1, 7]],

[ 56, 65, 0,[ 75, 82, 81]],

[ 74, 55, 0,[ 60, 50, 28, 9]],

[ 31, 45, 0,[ 93, 80, 30]],

[ 60, 45, 0,[ 12, 74, 55]],

[ 81, 55, 0,[ 28, 68, 56]],

[ 75, 65, 0,[ 56]],

[ 3, 25, 1,[ 46, 26, 51]],

[ 44, 25, 0,[ 23, 22, 66, 37]],

[ 29, 75, 0,[ 13, 79, 96]],

[ 71, 25, 0,[ 95, 46, 1]],

[ 22, 65, 0,[ 44, 11, 84, 63]],

[ 43, 25, 0,[ 77, 34, 66, 8, 47]],

[ 80, 45, 0,[ 35, 31]],

[ 65, 45, 0,[ 52, 84, 99]],

[ 15, 65, 0,[ 69, 79, 61]],

[ 50, 25, 0,[ 67, 74, 36]],

[ 58, 65, 0,[ 83, 61, 63]],

[ 20, 45, 0,[ 33, 25, 93]],

[ 46, 25, 0,[ 3, 99, 71]],

[ 35, 45, 0,[ 80, 73, 7]],

[ 25, 75, 0,[ 91, 20, 4, 78, 13]],

[ 66, 25, 0,[ 43, 44, 87, 94]],

[ 49, 95, 1,[ 45, 23, 52, 98]],

[ 67, 25, 0,[ 19, 27, 50]],

[ 26, 25, 0,[ 57, 24, 3]],

[ 57, 65, 0,[ 90, 26, 79, 62]],

[ 73, 45, 0,[ 35, 38, 39]],

[ 36, 65, 0,[ 10, 96, 50]],

[ 30, 45, 0,[ 6, 31, 41]],

[ 37, 65, 0,[ 44, 53, 82]],

[ 38, 25, 0,[ 69, 73, 28]],

[ 86, 25, 1,[ 11, 12, 94]],

[ 32, 25, 0,[ 48, 42, 95]],

[ 2, 75, 0,[ 19, 18, 9]],

[ 93, 45, 1,[ 6, 55, 20, 21, 31]],

[ 88, 25, 0,[ 48, 76, 87]],

[ 40, 25, 0,[ 8, 55, 92, 34]],

[ 87, 45, 0,[ 7, 66, 88]],

[ 8, 25, 0,[ 79, 43, 40]],

[ 17, 45, 0,[ 7, 97, 85, 83, 13]],

[ 1, 25, 0,[ 71, 4, 21, 72]],

[ 92, 65, 0,[ 40, 4, 94, 89]],

[ 64, 25, 0,[ 82, 59, 19]],

[ 27, 45, 0,[ 55, 67, 62]],

[ 97, 45, 0,[ 61, 17, 54, 82]],

[ 9, 75, 0,[ 18, 74, 2]],

[ 10, 55, 0,[ 36, 77, 70, 28, 54]],

