[ 75, 95, 0,[ 33, 82, 31, 52, 69]],

[ 78, 95, 0,[ 72, 71, 50]],

[ 63, 95, 0,[ 16, 83, 41]],

[ 51, 95, 0,[ 32, 53, 71, 21]],

[ 0, 95, 0,[ 7, 21, 92]],

[ 77, 95, 0,[ 85, 52, 45, 82, 33]],

[ 20, 95, 0,[ 93, 73, 9, 46]],

[ 89, 65, 1,[ 14, 71, 25, 13, 3, 72]],

[ 53, 95, 0,[ 27, 87, 55, 51]],

[ 50, 95, 0,[ 92, 94, 78, 41]],

[ 93, 95, 0,[ 20, 17, 10]],

[ 21, 95, 0,[ 51, 10, 0]],

[ 72, 95, 0,[ 91, 78, 46, 89, 60]],

[ 14, 95, 0,[ 96, 86, 89, 67]],

[ 97, 95, 0,[ 57, 49, 48, 59]],

[ 15, 95, 0,[ 84, 59, 41]],

[ 35, 25, 1,[ 52, 31, 37, 67, 86, 54, 36]],

[ 27, 95, 0,[ 53, 37, 28, 2]],

[ 41, 95, 0,[ 40, 39, 50, 15, 63, 25, 90]],

[ 59, 95, 0,[ 97, 26, 33, 15]],

[ 79, 95, 0,[ 44, 28, 55]],

[ 3, 95, 0,[ 89, 2, 34, 88, 30]],

[ 36, 95, 0,[ 84, 35, 64]],

[ 43, 95, 0,[ 65, 74, 19, 44]],

[ 47, 95, 0,[ 24, 58]],

[ 42, 95, 0,[ 85, 92, 31, 26]],

[ 2, 95, 0,[ 27, 31, 62, 3, 65]],

[ 45, 95, 0,[ 18, 31, 77]],

[ 69, 95, 0,[ 37, 75, 98]],

[ 62, 95, 0,[ 2, 61, 70]],

[ 98, 95, 0,[ 23, 90, 48, 69, 55]],

[ 48, 95, 0,[ 98, 97, 99]],

[ 6, 95, 0,[ 83, 95, 12]],

[ 76, 95, 0,[ 7, 30, 81]],

[ 96, 95, 1,[ 84, 14, 68]],

[ 25, 95, 0,[ 89, 84, 41]],

[ 34, 95, 0,[ 66, 3, 46]],

[ 31, 35, 1,[ 94, 42, 13, 75, 73, 52, 45, 12, 11, 60, 32, 37, 87, 2, 35]],

[ 87, 95, 0,[ 38, 31, 44, 53, 17]],

[ 5, 95, 0,[ 99, 13, 1, 83]],

[ 13, 95, 0,[ 89, 57, 31, 5]],

[ 74, 95, 0,[ 70, 23, 4, 43]],

[ 37, 75, 1,[ 65, 69, 39, 27, 31, 35]],

[ 30, 95, 0,[ 76, 22, 3]],

[ 26, 95, 0,[ 42, 95, 59, 61]],

[ 81, 95, 0,[ 8, 76, 71]],

[ 99, 95, 0,[ 48, 5, 9]],

[ 44, 95, 0,[ 24, 58, 43, 79, 87]],

[ 90, 95, 0,[ 41, 98, 23]],

[ 61, 85, 1,[ 18, 26, 62, 22, 29, 46]],

[ 40, 95, 0,[ 84, 41, 38, 91]],

[ 16, 95, 0,[ 46, 91, 63]],

[ 85, 95, 0,[ 42, 77]],

[ 8, 85, 1,[ 88, 81, 68, 9]],

[ 4, 95, 0,[ 24, 74, 68, 92]],

[ 29, 95, 0,[ 61, 55, 52, 1, 24]],

[ 1, 95, 0,[ 29, 5, 54]],

[ 56, 95, 0,[ 91, 52, 83]],

[ 88, 95, 0,[ 3, 8, 83]],

[ 83, 95, 0,[ 88, 6, 5, 63, 56]],

[ 91, 95, 0,[ 72, 40, 16, 56]],

[ 9, 95, 0,[ 8, 99, 20]],

[ 46, 95, 0,[ 34, 16, 61, 20, 72]],

[ 52, 5, 1,[ 77, 31, 70, 35, 29, 22, 56, 71, 75]],

[ 23, 95, 0,[ 73, 90, 74, 98]],

[ 22, 95, 0,[ 30, 52, 61]],

[ 18, 95, 0,[ 17, 45, 68, 61]],

[ 92, 95, 0,[ 0, 80, 42, 50, 4]],

[ 54, 95, 0,[ 1, 35, 68]],

[ 71, 95, 0,[ 81, 52, 51, 78, 89]],

[ 82, 95, 0,[ 75, 19, 58, 77]],

[ 68, 95, 1,[ 96, 18, 4, 54, 8]],

[ 80, 95, 0,[ 95, 7, 92]],

[ 49, 95, 0,[ 10, 7, 97, 86]],

[ 24, 95, 0,[ 44, 29, 47, 4]],

[ 84, 15, 1,[ 57, 19, 12, 40, 94, 36, 96, 25, 15]],

[ 66, 95, 0,[ 34, 7, 19, 64]],

[ 65, 95, 0,[ 37, 2, 43]],

[ 12, 95, 0,[ 31, 6, 84]],

[ 39, 95, 0,[ 37, 10, 41]],

[ 10, 95, 0,[ 49, 39, 21, 93]],

[ 11, 95, 0,[ 19, 64, 31]],

[ 70, 95, 0,[ 74, 52, 62, 17]],

[ 73, 95, 0,[ 20, 31, 23]],

[ 95, 95, 0,[ 60, 26, 6, 80]],

[ 7, 95, 0,[ 80, 67, 49, 66, 0, 76]],

[ 38, 95, 0,[ 40, 67, 87]],

[ 67, 95, 0,[ 38, 14, 7, 35]],

[ 60, 95, 0,[ 72, 95, 31]],

[ 58, 95, 0,[ 44, 82, 47, 32]],

[ 86, 95, 0,[ 49, 35, 14]],

[ 33, 95, 0,[ 59, 64, 77, 75]],

[ 55, 95, 0,[ 79, 98, 29, 53]],

[ 28, 95, 0,[ 57, 79, 27]],

[ 94, 95, 0,[ 31, 84, 50]],

[ 64, 95, 0,[ 66, 33, 11, 36]],

[ 17, 95, 0,[ 18, 70, 87, 93]],

[ 57, 95, 0,[ 84, 97, 28, 13]],

[ 32, 95, 0,[ 51, 58, 31]],

[ 19, 95, 0,[ 43, 84, 66, 82, 11]],

