[ 67, 5, 0,[ 10, 19, 44]],

[ 24, 85, 0,[ 62, 42, 74]],

[ 13, 25, 0,[ 23, 69, 29, 94]],

[ 20, 5, 0,[ 18, 36, 87, 29]],

[ 28, 75, 1,[ 37, 88, 25, 78, 17, 84]],

[ 45, 85, 1,[ 44, 86, 40]],

[ 52, 5, 0,[ 98, 22, 18]],

[ 95, 5, 0,[ 93, 48, 96]],

[ 4, 5, 0,[ 19, 65, 15]],

[ 31, 35, 0,[ 83, 58, 5, 6]],

[ 9, 5, 0,[ 23, 85, 63]],

[ 17, 5, 0,[ 55, 28, 53, 80]],

[ 87, 5, 0,[ 32, 20, 98]],

[ 75, 5, 0,[ 58, 53, 57]],

[ 19, 5, 0,[ 67, 4, 14]],

[ 41, 5, 0,[ 99, 82, 34]],

[ 27, 85, 0,[ 64, 80, 12]],

[ 55, 5, 0,[ 90, 65, 17]],

[ 34, 5, 0,[ 41, 7, 83]],

[ 68, 5, 0,[ 26, 48, 59]],

[ 39, 85, 0,[ 14, 90]],

[ 70, 5, 0,[ 56, 96, 91]],

[ 88, 75, 0,[ 28, 85, 11]],

[ 47, 5, 0,[ 59, 69, 16, 7]],

[ 43, 85, 0,[ 1, 32, 64]],

[ 72, 5, 0,[ 46, 82, 21]],

[ 18, 5, 0,[ 6, 20, 52]],

[ 25, 75, 1,[ 28, 60, 38, 44]],

[ 1, 85, 0,[ 77, 54, 43, 74]],

[ 51, 35, 0,[ 76, 83, 49, 21]],

[ 74, 35, 0,[ 46, 22, 83, 1, 24]],

[ 71, 5, 0,[ 33, 0, 79]],

[ 44, 5, 0,[ 67, 45, 25, 29]],

[ 37, 75, 0,[ 78, 28, 5, 50, 92]],

[ 78, 75, 0,[ 28, 54, 6, 37]],

[ 76, 85, 0,[ 35, 8, 51]],

[ 60, 75, 0,[ 25]],

[ 89, 5, 0,[ 98, 80, 30]],

[ 81, 5, 0,[ 5, 66]],

[ 15, 5, 0,[ 4, 2, 26]],

[ 73, 5, 0,[ 90, 23, 0]],

[ 49, 5, 0,[ 30, 51, 42, 16]],

[ 5, 5, 0,[ 37, 81, 31]],

[ 36, 5, 0,[ 40, 20, 54]],

[ 32, 5, 0,[ 99, 87, 65, 43]],

[ 21, 5, 0,[ 72, 51]],

[ 82, 5, 0,[ 3, 79, 92, 41, 72]],

[ 29, 5, 0,[ 44, 20, 13]],

[ 8, 85, 0,[ 69, 42, 76]],

[ 94, 15, 0,[ 61, 14, 79, 13, 12]],

[ 69, 25, 1,[ 77, 47, 13, 8]],

[ 10, 5, 0,[ 96, 67, 23]],

[ 30, 5, 0,[ 85, 49, 89]],

[ 40, 5, 0,[ 97, 36, 45]],

[ 65, 5, 0,[ 32, 4, 55]],

[ 79, 5, 0,[ 94, 82, 71]],

[ 6, 5, 0,[ 31, 18, 78]],

[ 80, 5, 0,[ 17, 89, 27]],

[ 83, 35, 0,[ 66, 31, 34, 74, 51]],

[ 58, 85, 0,[ 31, 90, 22, 92, 75, 56]],

[ 26, 5, 0,[ 15, 33, 68]],

[ 12, 15, 0,[ 85, 94, 93, 27]],

[ 64, 85, 0,[ 27, 43, 56]],

[ 0, 5, 0,[ 71, 73, 62]],

[ 63, 5, 0,[ 9, 91, 54]],

[ 98, 45, 1,[ 35, 48, 87, 52, 90, 89]],

[ 23, 5, 0,[ 13, 73, 9, 10]],

[ 66, 5, 0,[ 83, 81, 3]],

[ 85, 15, 0,[ 30, 88, 9, 12]],

[ 42, 85, 0,[ 93, 49, 8, 24]],

[ 92, 5, 0,[ 37, 58, 82]],

[ 90, 85, 0,[ 98, 73, 58, 39, 55]],

[ 93, 15, 1,[ 62, 46, 12, 42, 95, 57]],

[ 35, 5, 0,[ 76, 98, 33]],

[ 38, 5, 0,[ 25, 97, 91]],

[ 59, 5, 0,[ 47, 68, 50]],

[ 96, 5, 0,[ 95, 10, 70]],

[ 3, 15, 1,[ 66, 33, 11, 82]],

[ 84, 5, 0,[ 16, 86, 28]],

[ 62, 15, 0,[ 93, 24, 0]],

[ 91, 5, 0,[ 63, 38, 70]],

[ 99, 5, 0,[ 32, 41, 61]],

[ 7, 5, 0,[ 34, 47, 56]],

[ 77, 5, 0,[ 1, 69, 97]],

[ 16, 5, 0,[ 49, 47, 57, 84]],

[ 2, 5, 0,[ 86, 15]],

[ 57, 5, 0,[ 16, 93, 75]],

[ 56, 85, 0,[ 70, 7, 64, 58]],

[ 53, 5, 1,[ 75, 86, 17]],

[ 33, 5, 0,[ 26, 71, 35, 3]],

[ 48, 5, 0,[ 61, 95, 98, 68]],

[ 14, 25, 1,[ 19, 94, 39]],

[ 50, 5, 0,[ 37, 11, 59]],

[ 11, 5, 0,[ 50, 88, 3]],

[ 86, 85, 1,[ 2, 45, 84, 53]],

[ 54, 85, 0,[ 36, 1, 78, 63]],

[ 97, 5, 0,[ 38, 77, 40]],

[ 22, 35, 0,[ 52, 74, 58]],

[ 61, 5, 0,[ 99, 94, 48]],

[ 46, 15, 0,[ 93, 74, 72]],

