[ 6, 55, 0,[ 91, 98, 54]],

[ 8, 15, 0,[ 93]],

[ 89, 55, 0,[ 98, 53]],

[ 32, 15, 0,[ 45, 53]],

[ 60, 15, 0,[ 98, 22, 4]],

[ 87, 15, 0,[ 98]],

[ 47, 15, 0,[ 93, 98]],

[ 76, 15, 0,[ 98]],

[ 83, 15, 0,[ 4, 93, 98]],

[ 31, 15, 0,[ 98]],

[ 69, 55, 1,[ 84, 56, 62, 97, 92, 72, 65, 71, 45, 95]],

[ 48, 15, 0,[ 53, 93, 98]],

[ 54, 75, 0,[ 98, 6, 53]],

[ 33, 15, 0,[ 98, 45]],

[ 88, 15, 0,[ 45, 98, 53]],

[ 25, 15, 0,[ 93, 98, 53]],

[ 95, 15, 0,[ 69, 98]],

[ 53, 5, 1,[ 93, 20, 32, 49, 71, 52, 4, 78, 48, 73, 11, 14, 54, 37, 67, 88, 42, 22, 89, 25]],

[ 73, 15, 0,[ 98, 53]],

[ 44, 15, 0,[ 3, 93, 4]],

[ 55, 55, 0,[ 78, 98]],

[ 82, 15, 0,[ 98]],

[ 41, 15, 0,[ 3, 93]],

[ 49, 15, 0,[ 98, 45, 53]],

[ 16, 15, 0,[ 98]],

[ 91, 15, 0,[ 45, 6, 98]],

[ 22, 55, 0,[ 98, 53, 60]],

[ 61, 15, 0,[ 98]],

[ 20, 15, 0,[ 53]],

[ 97, 15, 0,[ 69, 98]],

[ 78, 15, 0,[ 55, 53, 15, 98]],

[ 14, 15, 1,[ 3, 45, 53]],

[ 81, 55, 0,[ 98, 70, 93]],

[ 80, 15, 0,[ 98, 4]],

[ 46, 15, 0,[]],

[ 84, 15, 0,[ 93, 69, 98]],

[ 94, 15, 0,[ 98, 93]],

[ 37, 15, 0,[ 19, 53, 98]],

[ 93, 75, 1,[ 9, 62, 94, 99, 24, 34, 86, 29, 74, 53, 75, 44, 67, 8, 83, 25, 81, 21, 41, 50, 47, 13, 48, 84]],

[ 52, 15, 0,[ 53]],

[ 11, 15, 0,[ 98, 53]],

[ 71, 15, 0,[ 53, 69, 98]],

[ 26, 15, 0,[ 98]],

[ 19, 55, 0,[ 98, 37]],

[ 2, 15, 0,[ 9]],

[ 35, 15, 0,[ 4, 98, 45]],

[ 15, 15, 0,[ 98, 66, 78]],

[ 1, 15, 0,[ 98]],

[ 66, 75, 0,[ 15, 98]],

[ 90, 15, 0,[ 98]],

[ 43, 15, 0,[ 3]],

[ 57, 15, 0,[ 98, 17]],

[ 36, 15, 0,[ 98]],

[ 96, 15, 0,[]],

[ 17, 15, 0,[ 57, 98]],

[ 64, 15, 0,[ 98]],

[ 5, 55, 0,[ 4]],

[ 45, 75, 1,[ 40, 42, 51, 91, 10, 14, 88, 70, 35, 69, 49, 33, 32, 65, 68]],

[ 18, 15, 0,[ 98]],

[ 92, 15, 0,[ 98, 69]],

[ 85, 15, 0,[ 98]],

[ 7, 15, 0,[ 98]],

[ 27, 55, 0,[ 98, 28]],

[ 12, 15, 0,[ 98]],

[ 9, 75, 0,[ 2, 98, 93]],

[ 99, 55, 0,[ 98, 93]],

[ 79, 15, 0,[ 4]],

[ 74, 15, 0,[ 4, 93, 98]],

[ 23, 15, 0,[ 98, 4]],

[ 4, 5, 1,[ 35, 63, 74, 53, 5, 79, 44, 83, 80, 23, 86, 58, 98, 40, 60]],

[ 65, 15, 0,[ 45, 69]],

[ 34, 15, 0,[ 93, 86, 98]],

[ 0, 15, 0,[ 98]],

[ 21, 15, 0,[ 98, 3, 93]],

[ 51, 15, 0,[ 98, 45, 3]],

[ 38, 15, 0,[ 98]],

[ 39, 15, 0,[ 3]],

[ 29, 15, 0,[ 93, 3, 98]],

[ 70, 15, 0,[ 45, 81, 98]],

[ 86, 55, 1,[ 67, 34, 75, 77, 4, 93]],

[ 75, 15, 0,[ 93, 86, 98]],

[ 24, 15, 0,[ 98, 93]],

[ 50, 15, 0,[ 93, 98, 10]],

[ 62, 15, 0,[ 93, 69]],

[ 63, 15, 0,[ 98, 4]],

[ 10, 55, 0,[ 45, 98, 50]],

[ 77, 15, 0,[ 98, 86]],

[ 58, 15, 0,[ 4, 98]],

[ 98, 25, 1,[ 88, 60, 95, 64, 73, 12, 91, 71, 51, 35, 87, 99, 85, 54, 58, 72, 50, 59, 24, 61, 25, 31, 16, 22, 90, 26, 49, 70, 15, 94, 83, 37, 42, 36, 7, 57, 28, 30, 0, 74, 47, 6, 82, 23, 76, 10, 11, 48, 13, 63, 78, 21, 66, 29, 40, 34, 80, 55, 97, 1, 33, 9, 77, 89, 27, 17, 18, 4, 92, 38, 84, 81, 75, 19]],

[ 3, 55, 1,[ 21, 51, 28, 39, 43, 41, 44, 14, 29]],

[ 56, 15, 0,[ 69]],

[ 42, 15, 0,[ 45, 98, 53]],

[ 28, 15, 1,[ 3, 27, 98]],

[ 67, 15, 0,[ 53, 86, 93]],

[ 13, 15, 0,[ 93, 98]],

[ 40, 15, 0,[ 4, 45, 98]],

[ 68, 15, 0,[ 45]],

[ 72, 15, 0,[ 98, 69]],

[ 30, 15, 0,[ 98]],

[ 59, 15, 0,[ 98]],

