[ 92, 45, 0,[ 39, 98, 34]],

[ 88, 95, 0,[ 53, 31, 4]],

[ 63, 45, 1,[ 90, 61, 38]],

[ 80, 45, 0,[ 6, 21, 89, 27]],

[ 91, 55, 1,[ 98, 13, 17]],

[ 22, 65, 0,[ 23, 86, 24]],

[ 3, 55, 1,[ 78, 6, 8]],

[ 44, 5, 0,[ 55, 33, 85]],

[ 24, 25, 0,[ 22, 50, 57]],

[ 60, 5, 1,[ 59, 32, 12]],

[ 5, 95, 1,[ 93, 55, 35]],

[ 40, 45, 0,[ 65, 69, 1, 10]],

[ 13, 45, 0,[ 73, 70, 19, 91]],

[ 38, 45, 1,[ 48, 63, 62, 7]],

[ 89, 45, 0,[ 80, 46, 96]],

[ 79, 45, 0,[ 29, 64, 96]],

[ 97, 45, 0,[ 27, 99, 15]],

[ 37, 45, 0,[ 47, 14, 41]],

[ 8, 95, 0,[ 3, 0, 36]],

[ 0, 5, 1,[ 86, 4, 8]],

[ 61, 45, 0,[ 54, 63, 57]],

[ 85, 45, 0,[ 64, 44, 41, 69, 12]],

[ 72, 35, 0,[ 11, 15, 9]],

[ 16, 65, 1,[ 52, 46, 98]],

[ 11, 35, 1,[ 52, 72, 51, 21]],

[ 17, 45, 0,[ 91, 25, 70, 66]],

[ 20, 55, 0,[]],

[ 4, 95, 1,[ 88, 43, 0, 87, 48, 57]],

[ 57, 95, 1,[ 26, 61, 24, 93, 81, 46, 4]],

[ 76, 95, 0,[ 55, 65, 33]],

[ 70, 45, 1,[ 67, 13, 17]],

[ 35, 25, 0,[ 21, 5, 93]],

[ 49, 45, 1,[ 74, 48, 64]],

[ 58, 45, 1,[ 62, 82, 28]],

[ 6, 45, 0,[ 3, 75, 21, 80, 47]],

[ 48, 95, 0,[ 38, 4, 49]],

[ 55, 5, 1,[ 44, 5, 53, 76, 1]],

[ 18, 45, 1,[ 99, 29, 36, 56, 84, 30, 14, 68, 75]],

[ 33, 5, 0,[ 76, 44, 53]],

[ 9, 95, 1,[ 83, 72, 30, 81]],

[ 65, 45, 1,[ 76, 41, 94, 40]],

[ 94, 45, 0,[ 19, 99, 65]],

[ 59, 45, 0,[ 84, 60, 30]],

[ 26, 5, 0,[ 57, 23, 73]],

[ 83, 15, 1,[ 71, 51, 9]],

[ 74, 45, 0,[ 67, 49]],

[ 45, 95, 1,[ 95, 15, 14, 31]],

[ 47, 45, 1,[ 34, 36, 6, 37]],

[ 28, 45, 1,[ 10, 58, 39]],

[ 98, 65, 1,[ 16, 92, 91]],

[ 53, 5, 1,[ 33, 88, 55, 52, 54]],

[ 1, 45, 1,[ 55, 40, 87]],

[ 75, 45, 0,[ 31, 6, 18]],

[ 2, 45, 1,[ 25, 34, 15]],

[ 31, 95, 0,[ 75, 88, 45]],

[ 12, 5, 1,[ 23, 60, 71, 85]],

[ 42, 15, 0,[ 25, 95, 34, 56]],

[ 86, 75, 1,[ 0, 22, 29]],

[ 52, 35, 0,[ 23, 11, 16, 53]],

[ 96, 45, 0,[ 73, 89, 79]],

[ 87, 45, 0,[ 30, 1, 4]],

[ 90, 45, 0,[ 32, 63, 78]],

[ 30, 45, 1,[ 59, 18, 64, 9, 87]],

[ 23, 35, 0,[ 26, 12, 22, 52]],

[ 69, 45, 1,[ 40, 93, 85]],

[ 51, 15, 0,[ 66, 83, 11]],

[ 82, 45, 0,[ 62, 58, 84]],

[ 7, 45, 1,[ 32, 38, 71, 78]],

[ 68, 25, 0,[ 18, 21, 50]],

[ 73, 65, 1,[ 43, 26, 13, 96]],

[ 84, 45, 0,[ 59, 82, 67, 18]],

[ 78, 5, 1,[ 27, 90, 7, 3]],

[ 95, 85, 1,[ 45, 42, 19]],

[ 29, 75, 1,[ 86, 79, 18]],

[ 19, 45, 0,[ 95, 94, 13, 43]],

[ 99, 45, 0,[ 97, 94, 18]],

[ 43, 35, 1,[ 4, 73, 19]],

[ 41, 55, 1,[ 85, 37, 65]],

[ 66, 45, 0,[ 17, 51, 50]],

[ 27, 95, 1,[ 78, 97, 80]],

[ 14, 95, 0,[ 45, 18, 37]],

[ 36, 85, 1,[ 8, 18, 47]],

[ 77, 45, 1,[ 56, 62]],

[ 32, 45, 0,[ 90, 60, 7]],

[ 25, 45, 1,[ 2, 17, 42]],

[ 67, 75, 1,[ 74, 84, 70]],

[ 56, 45, 0,[ 77, 42, 18]],

[ 93, 35, 1,[ 57, 69, 5, 35]],

[ 39, 45, 0,[ 92, 28, 10]],

[ 46, 45, 0,[ 89, 57, 16]],

[ 50, 25, 1,[ 68, 24, 66]],

[ 21, 65, 1,[ 35, 80, 6, 11, 68, 64]],

[ 62, 25, 1,[ 82, 58, 38, 77]],

[ 54, 45, 0,[ 61, 53, 10]],

[ 15, 45, 1,[ 72, 97, 2, 45]],

[ 34, 45, 1,[ 47, 42, 92, 2]],

[ 10, 45, 0,[ 28, 39, 40, 54]],

[ 81, 35, 0,[ 9, 57]],

[ 71, 45, 1,[ 83, 12, 7]],

[ 64, 45, 1,[ 85, 30, 79, 21, 49]],

[ 50, 45, 1,[ 66, 47, 69, 22]],

[ 38, 75, 1,[ 41, 20, 45, 63, 31]],

[ 97, 65, 0,[ 56, 24, 66]],

[ 15, 55, 1,[ 51, 58]],

[ 52, 65, 0,[ 13, 14, 44]],

[ 92, 5, 0,[ 30, 40, 21]],

[ 41, 25, 1,[ 38, 43, 37]],

[ 37, 5, 0,[ 94, 41, 16]],

[ 72, 25, 0,[ 63, 34, 64]],

[ 75, 5, 0,[ 65, 9, 94]],

[ 60, 35, 1,[ 89, 70, 58, 82]],

[ 7, 5, 1,[ 76, 79, 85]],

[ 56, 65, 0,[ 79, 18, 97]],

[ 66, 65, 0,[ 97, 50, 47]],

[ 25, 95, 1,[ 57, 53, 91]],

[ 28, 5, 1,[ 90, 81, 70, 51]],

[ 34, 55, 1,[ 76, 12, 72]],

[ 88, 25, 0,[ 74, 23, 86]],

[ 0, 35, 1,[ 89, 32, 43]],

[ 40, 35, 0,[ 87, 92]],

[ 57, 85, 1,[ 8, 43, 95, 25]],

[ 71, 75, 0,[ 51, 39, 84]],

[ 44, 65, 0,[ 52, 12, 8, 82]],

[ 33, 75, 1,[ 14, 65, 24]],

[ 45, 95, 1,[ 22, 94, 86, 13, 38]],

[ 32, 25, 0,[ 0, 70, 65]],

[ 58, 55, 1,[ 42, 60, 15, 16]],

[ 39, 75, 0,[ 93, 71]],

[ 48, 5, 0,[ 61, 3, 98]],

[ 31, 45, 0,[ 73, 9, 38]],

[ 83, 45, 1,[ 59, 99, 68]],

[ 62, 85, 0,[ 95, 67, 63]],

[ 23, 35, 0,[ 18, 88, 87, 6]],

[ 64, 15, 1,[ 5, 2, 42, 72]],

[ 46, 5, 0,[ 2, 65, 99]],

[ 53, 45, 1,[ 95, 96, 25]],

[ 95, 5, 1,[ 49, 53, 62, 6, 57]],

[ 94, 5, 0,[ 75, 61, 45, 37]],

[ 3, 25, 1,[ 26, 96, 48]],

[ 86, 25, 1,[ 88, 45, 26]],

[ 67, 35, 1,[ 78, 26, 89, 62, 35]],

[ 93, 65, 1,[ 65, 39]],

[ 76, 55, 0,[ 11, 7, 34, 85]],

[ 42, 45, 0,[ 99, 64, 58]],

[ 59, 45, 0,[ 63, 83, 5]],

[ 54, 15, 0,[ 21, 49, 27]],

[ 91, 95, 1,[ 25, 29, 14]],

[ 36, 15, 1,[ 55, 90, 49, 29, 27]],

[ 6, 5, 0,[ 23, 2, 95]],

[ 5, 45, 1,[ 64, 59, 85, 1, 22]],

[ 19, 15, 0,[ 2, 80, 27]],

[ 65, 65, 1,[ 46, 32, 93, 33, 75]],

[ 87, 95, 1,[ 4, 40, 17, 23]],

[ 96, 5, 0,[ 53, 81, 3, 82]],

[ 55, 15, 1,[ 36, 78, 43]],

[ 4, 75, 1,[ 87, 24, 74]],

[ 77, 35, 1,[ 21, 2, 79]],

[ 85, 55, 1,[ 7, 16, 76, 5]],

[ 21, 5, 1,[ 92, 1, 77, 54]],

[ 73, 65, 1,[ 35, 81, 31, 82]],

[ 81, 5, 0,[ 43, 28, 96, 73]],

[ 10, 15, 0,[ 27, 78, 69]],

[ 24, 65, 0,[ 33, 4, 97]],

[ 27, 15, 1,[ 19, 36, 54, 10]],

[ 30, 25, 1,[ 92, 84, 68]],

[ 16, 55, 0,[ 58, 85, 37]],

[ 90, 55, 0,[ 28, 11, 36]],

[ 14, 65, 0,[ 91, 33, 52]],

[ 74, 35, 0,[ 26, 88, 4]],

[ 82, 65, 0,[ 60, 73, 44, 96]],

[ 89, 85, 0,[ 67, 0, 60]],

[ 29, 95, 1,[ 91, 13, 69, 36]],

[ 98, 5, 1,[ 61, 48, 51]],

[ 11, 55, 1,[ 76, 90, 9]],

[ 17, 35, 0,[ 84, 79, 87]],

[ 22, 5, 0,[ 50, 45, 5]],

[ 8, 65, 0,[ 35, 44, 57]],

[ 9, 45, 1,[ 11, 31, 68, 75]],

[ 18, 65, 1,[ 84, 23, 56]],

[ 84, 75, 0,[ 30, 17, 71, 18]],

[ 63, 75, 1,[ 38, 62, 59, 72]],

[ 69, 55, 1,[ 29, 20, 50, 10]],

[ 99, 45, 0,[ 42, 83, 46]],

[ 13, 25, 0,[ 52, 45, 29]],

[ 49, 35, 1,[ 95, 54, 36]],

[ 68, 45, 0,[ 9, 83, 30]],

[ 47, 65, 1,[ 50, 80, 66]],

[ 2, 95, 1,[ 46, 64, 6, 77, 19]],

[ 79, 5, 1,[ 7, 17, 77, 56]],

[ 43, 95, 1,[ 41, 0, 81, 55, 57]],

[ 1, 5, 1,[ 80, 21, 5, 12]],

[ 70, 5, 1,[ 20, 28, 32, 60]],

[ 20, 15, 0,[ 70, 69, 38]],

[ 12, 75, 1,[ 1, 34, 44]],

[ 35, 65, 0,[ 8, 73, 67]],

[ 51, 5, 0,[ 98, 71, 15, 28]],

[ 26, 25, 0,[ 74, 86, 67, 3]],

[ 80, 15, 0,[ 1, 19, 47]],

[ 78, 15, 0,[ 67, 55, 10]],

[ 61, 5, 0,[ 94, 48, 98]],

