[ 20, 45, 0,[]],

[ 35, 95, 1,[ 31, 66, 56, 82]],

[ 46, 55, 0,[]],

[ 64, 45, 0,[ 51, 49, 15]],

[ 60, 45, 0,[]],

[ 74, 45, 0,[ 26, 40, 61]],

[ 40, 45, 0,[ 74, 84]],

[ 99, 25, 0,[]],

[ 69, 55, 0,[]],

[ 42, 95, 0,[]],

[ 6, 45, 0,[]],

[ 7, 5, 0,[]],

[ 57, 95, 0,[ 31, 53]],

[ 86, 95, 0,[ 56, 51, 22]],

[ 17, 55, 0,[ 94, 87]],

[ 15, 45, 0,[ 64, 61]],

[ 25, 45, 0,[ 31, 75, 61]],

[ 41, 55, 0,[ 28, 67]],

[ 47, 5, 0,[]],

[ 77, 45, 0,[ 10, 75]],

[ 85, 5, 0,[]],

[ 87, 55, 0,[ 71, 17, 84]],

[ 76, 5, 0,[]],

[ 39, 35, 0,[ 89, 94]],

[ 61, 45, 1,[ 74, 15, 75, 97, 25, 8, 10]],

[ 2, 95, 0,[]],

[ 75, 45, 0,[ 25, 77, 61]],

[ 22, 95, 0,[ 88, 86]],

[ 21, 95, 0,[]],

[ 51, 95, 0,[ 91, 84, 64, 86, 44]],

[ 56, 95, 0,[ 86, 35, 84]],

[ 18, 95, 0,[]],

[ 91, 95, 0,[ 51, 89, 53]],

[ 32, 95, 0,[ 89, 96]],

[ 43, 95, 0,[]],

[ 95, 95, 0,[]],

[ 68, 45, 0,[]],

[ 58, 95, 0,[ 92, 96]],

[ 24, 5, 0,[ 79]],

[ 67, 55, 0,[ 84, 41]],

[ 9, 25, 0,[ 8, 52]],

[ 72, 95, 0,[]],

[ 97, 55, 0,[ 84, 94, 61]],

[ 31, 25, 1,[ 25, 14, 57, 35, 52]],

[ 50, 55, 0,[ 84]],

[ 92, 35, 0,[ 89, 58]],

[ 34, 55, 0,[ 94, 63]],

[ 55, 55, 0,[]],

[ 1, 95, 0,[ 70, 11]],

[ 63, 55, 0,[ 84, 8, 34]],

[ 26, 45, 0,[ 88, 74]],

[ 29, 45, 0,[ 5]],

[ 98, 45, 0,[]],

[ 23, 25, 0,[]],

[ 82, 5, 1,[ 88, 66, 11, 35]],

[ 70, 95, 0,[ 1]],

[ 38, 15, 0,[]],

[ 66, 15, 0,[ 35, 37, 82]],

[ 36, 5, 0,[]],

[ 81, 45, 0,[]],

[ 78, 45, 0,[]],

[ 52, 25, 1,[ 9, 31, 37, 4]],

[ 62, 45, 0,[]],

[ 3, 25, 0,[]],

[ 65, 45, 0,[]],

[ 5, 45, 0,[ 49, 27, 29]],

[ 93, 55, 0,[]],

[ 27, 95, 0,[ 4, 8, 5]],

[ 73, 95, 0,[]],

[ 48, 5, 0,[ 14, 8]],

[ 30, 55, 0,[]],

[ 96, 95, 1,[ 14, 58, 53, 32]],

[ 49, 45, 0,[ 84, 64, 5]],

[ 54, 45, 0,[]],

[ 45, 95, 0,[]],

[ 12, 15, 0,[]],

[ 53, 95, 0,[ 91, 96, 57]],

[ 90, 5, 0,[]],

[ 79, 5, 0,[ 24]],

[ 19, 5, 0,[]],

[ 0, 25, 0,[]],

[ 13, 5, 0,[]],

[ 10, 45, 0,[ 77, 84, 61]],

[ 83, 95, 0,[]],

[ 4, 95, 0,[ 52, 27]],

[ 28, 55, 0,[ 41]],

[ 37, 15, 1,[ 94, 52, 66, 71, 11]],

[ 89, 35, 1,[ 32, 92, 94, 39, 91]],

[ 8, 5, 1,[ 48, 61, 27, 9, 63]],

[ 88, 95, 0,[ 82, 22, 26]],

[ 59, 95, 0,[]],

[ 33, 45, 0,[]],

[ 84, 55, 1,[ 63, 51, 67, 49, 10, 40, 87, 97, 50, 56]],

[ 11, 95, 0,[ 1, 37, 82, 14]],

[ 44, 95, 0,[ 51]],

[ 71, 15, 0,[ 37, 87]],

[ 14, 95, 0,[ 48, 11, 96, 31]],

[ 94, 55, 0,[ 37, 17, 34, 97, 89, 39]],

[ 80, 25, 0,[]],

[ 16, 45, 0,[]],

