[ 16, 45, 1,[ 82, 94, 57, 96]],

[ 74, 25, 1,[ 26, 79, 67, 27, 60]],

[ 28, 65, 0,[ 59, 73, 13]],

[ 48, 85, 1,[ 90, 51, 8, 30]],

[ 1, 85, 0,[ 66, 87, 60]],

[ 37, 55, 1,[ 38, 56]],

[ 5, 75, 0,[ 82, 63, 31]],

[ 46, 15, 1,[ 78, 80, 14, 76, 10]],

[ 49, 95, 0,[ 71, 25, 27]],

[ 0, 55, 0,[ 40, 6, 93, 14]],

[ 86, 15, 0,[ 85, 36, 73, 84, 89]],

[ 17, 35, 1,[ 38, 61, 66]],

[ 31, 85, 1,[ 94, 41, 5, 87, 53]],

[ 3, 25, 0,[ 2, 18, 22, 38]],

[ 75, 75, 1,[ 4, 10, 72]],

[ 23, 25, 1,[ 45, 34, 52]],

[ 13, 65, 1,[ 76, 28, 62, 32]],

[ 97, 25, 1,[ 12, 10, 64]],

[ 93, 55, 0,[ 56, 57, 0]],

[ 57, 25, 0,[ 65, 22, 93, 16]],

[ 85, 75, 0,[ 86, 82, 35]],

[ 34, 15, 0,[ 23, 59, 98]],

[ 45, 75, 0,[ 24, 54, 23]],

[ 14, 55, 0,[ 40, 0, 46]],

[ 22, 25, 1,[ 84, 57, 3, 44]],

[ 8, 55, 1,[ 12, 48, 43, 26]],

[ 61, 95, 1,[ 17, 40, 83]],

[ 26, 95, 1,[ 74, 55, 20, 8]],

[ 44, 35, 1,[ 22, 95, 77, 63, 18]],

[ 6, 85, 1,[ 51, 52, 0]],

[ 50, 75, 0,[ 81, 88, 47]],

[ 7, 35, 0,[ 71, 96, 87]],

[ 56, 35, 1,[ 37, 93, 68]],

[ 77, 35, 0,[ 11, 79, 44]],

[ 95, 25, 1,[ 44, 87, 38]],

[ 81, 85, 1,[ 59, 39, 50, 65]],

[ 27, 25, 0,[ 74, 49, 42]],

[ 4, 95, 0,[ 9, 52, 75]],

[ 88, 75, 0,[ 91, 50, 54]],

[ 71, 65, 0,[ 49, 15, 7]],

[ 99, 75, 1,[ 2, 30, 35, 36]],

[ 73, 95, 0,[ 39, 28, 86]],

[ 2, 75, 0,[ 3, 39, 99, 55, 21]],

[ 33, 5, 1,[ 36, 96, 68]],

[ 90, 55, 1,[ 48, 89, 19]],

[ 80, 95, 1,[ 46, 18, 52]],

[ 60, 25, 0,[ 74, 1, 9]],

[ 40, 55, 1,[ 61, 92, 21, 32, 0, 14, 82]],

[ 66, 85, 1,[ 1, 17, 76]],

[ 72, 95, 1,[ 75, 54, 64]],

[ 62, 95, 1,[ 67, 13, 41]],

[ 64, 75, 0,[ 97, 42, 72]],

[ 32, 55, 1,[ 92, 13, 40]],

[ 19, 25, 1,[ 11, 90, 76]],

[ 43, 55, 0,[ 89, 67, 8]],

[ 87, 65, 1,[ 95, 1, 7, 31]],

[ 59, 15, 1,[ 34, 55, 81, 10, 28, 58, 78]],

[ 53, 75, 0,[ 25, 31, 82]],

[ 92, 85, 1,[ 40, 24, 39, 32]],

[ 38, 25, 0,[ 17, 37, 95, 3]],

[ 68, 25, 1,[ 33, 96, 56, 69]],

[ 20, 5, 1,[ 89, 26, 70, 42]],

[ 82, 75, 1,[ 85, 5, 40, 16, 53]],

[ 94, 85, 0,[ 31, 16, 83]],

[ 41, 85, 0,[ 15, 31, 62]],

[ 25, 95, 0,[ 84, 49, 53]],

[ 18, 95, 0,[ 44, 3, 80]],

[ 9, 95, 0,[ 29, 78, 21, 4, 60]],

[ 76, 5, 1,[ 46, 19, 66, 13]],

[ 52, 65, 1,[ 23, 4, 6, 80]],

[ 98, 95, 0,[ 47, 34, 58, 70, 79]],

[ 96, 35, 1,[ 33, 16, 68, 39, 7]],

[ 47, 95, 0,[ 98, 50]],

[ 84, 15, 1,[ 22, 86, 25]],

[ 36, 5, 0,[ 86, 33, 99]],

[ 83, 55, 0,[ 61, 29, 94]],

[ 29, 55, 0,[ 83, 30, 9]],

[ 24, 75, 1,[ 42, 45, 92]],

[ 54, 85, 1,[ 72, 45, 88]],

[ 70, 95, 0,[ 20, 98]],

[ 10, 95, 1,[ 97, 35, 46, 59, 75]],

[ 42, 75, 1,[ 64, 24, 20, 27]],

[ 79, 55, 1,[ 77, 74, 98, 69]],

[ 63, 65, 0,[ 15, 44, 5]],

[ 58, 95, 0,[ 59, 98, 11]],

[ 89, 45, 1,[ 20, 90, 86, 43]],

[ 12, 75, 0,[ 8, 97, 51]],

[ 30, 75, 0,[ 29, 48, 99]],

[ 55, 95, 0,[ 2, 59, 26]],

[ 11, 95, 0,[ 77, 19, 58]],

[ 51, 75, 1,[ 12, 48, 6, 65]],

[ 15, 65, 0,[ 63, 41, 71]],

[ 67, 55, 0,[ 62, 43, 74]],

[ 65, 85, 0,[ 57, 81, 51]],

[ 39, 95, 1,[ 92, 96, 81, 2, 73]],

[ 21, 75, 0,[ 2, 9, 40]],

[ 69, 55, 0,[ 68, 79]],

[ 91, 75, 0,[ 88]],

[ 35, 55, 1,[ 85, 99, 10]],

[ 78, 95, 1,[ 59, 46, 9]],

