[ 42, 5, 0,[ 86, 77, 15, 13]],

[ 27, 45, 0,[ 74, 89, 55]],

[ 63, 45, 0,[ 2, 46, 64, 69]],

[ 4, 5, 0,[ 47, 8, 14]],

[ 8, 15, 1,[ 4, 58, 92, 21]],

[ 83, 5, 0,[ 99, 47]],

[ 81, 5, 0,[ 82, 18, 24]],

[ 66, 45, 0,[ 17, 44, 38]],

[ 20, 45, 0,[ 85, 29, 71, 15]],

[ 71, 45, 0,[ 38, 20, 65]],

[ 29, 45, 0,[ 12, 82, 20]],

[ 12, 55, 0,[ 68, 29, 77]],

[ 13, 5, 0,[ 18, 42, 52, 15]],

[ 69, 45, 0,[ 99, 97, 90, 63, 85]],

[ 88, 5, 0,[ 1, 84, 50]],

[ 40, 45, 0,[ 89, 57, 59]],

[ 38, 45, 0,[ 64, 66, 71]],

[ 44, 45, 0,[ 26, 90, 66]],

[ 58, 55, 0,[ 68, 8, 7]],

[ 67, 5, 0,[ 33, 80, 61]],

[ 82, 45, 0,[ 61, 34, 29, 81]],

[ 16, 5, 0,[ 93, 73, 36]],

[ 59, 45, 0,[ 31, 68, 48, 40]],

[ 77, 5, 0,[ 42, 97, 12]],

[ 48, 45, 0,[ 68, 49, 72, 59]],

[ 39, 45, 0,[ 19, 2, 78, 74]],

[ 24, 95, 0,[ 81, 97, 34]],

[ 87, 35, 0,[ 28, 51, 37]],

[ 18, 5, 0,[ 50, 13, 81]],

[ 73, 45, 0,[ 16, 65, 78]],

[ 96, 85, 1,[ 51, 99, 75, 97, 23, 90, 91, 3, 17]],

[ 33, 5, 0,[ 52, 79, 67]],

[ 75, 35, 0,[ 96, 84, 45]],

[ 57, 45, 0,[ 40, 52, 53]],

[ 0, 45, 0,[ 32, 70]],

[ 19, 45, 0,[ 39, 5, 60, 94]],

[ 34, 45, 0,[ 91, 99, 24, 82]],

[ 98, 45, 0,[ 11, 25, 61, 7]],

[ 95, 35, 0,[ 47, 56, 10, 61]],

[ 23, 35, 0,[ 21, 52, 96]],

[ 76, 5, 0,[ 84, 79, 52]],

[ 79, 5, 0,[ 35, 76, 33]],

[ 5, 45, 0,[ 55, 19, 11]],

[ 36, 5, 0,[ 16, 80, 93, 49]],

[ 41, 35, 0,[ 61, 3, 90]],

[ 68, 15, 1,[ 58, 6, 12, 74, 59, 50, 48]],

[ 10, 5, 0,[ 94, 85, 95]],

[ 37, 45, 1,[ 6, 61, 87, 49, 86, 32]],

[ 54, 45, 0,[ 46, 21, 35]],

[ 93, 5, 0,[ 61, 36, 16]],

[ 60, 45, 0,[ 31, 62, 19]],

[ 49, 45, 0,[ 36, 48, 37]],

[ 90, 45, 0,[ 69, 96, 44, 41]],

[ 91, 35, 0,[ 94, 34, 96]],

[ 70, 45, 0,[ 31, 0, 43, 65]],

[ 92, 55, 0,[ 30, 3, 8]],

[ 61, 95, 1,[ 50, 28, 82, 93, 41, 51, 67, 98, 95, 37]],

[ 55, 45, 0,[ 5, 27, 35]],

[ 53, 45, 0,[ 64, 85, 57]],

[ 52, 15, 1,[ 1, 72, 13, 23, 57, 33, 30, 74, 76]],

[ 7, 45, 0,[ 58, 32, 98]],

[ 6, 55, 0,[ 68, 9, 37]],

[ 35, 25, 1,[ 55, 54, 79]],

[ 72, 45, 0,[ 48, 52, 25]],

[ 14, 45, 0,[ 65, 31, 4]],

[ 80, 5, 0,[ 78, 97, 67, 36, 26]],

[ 3, 35, 0,[ 41, 46, 92, 96]],

[ 62, 25, 0,[ 60, 22, 9]],

[ 15, 5, 0,[ 13, 20, 42]],

[ 99, 45, 0,[ 96, 34, 69, 83, 56]],

[ 30, 35, 0,[ 43, 52, 92]],

[ 89, 85, 1,[ 40, 27, 43]],

[ 17, 35, 0,[ 66, 96, 1]],

[ 45, 45, 0,[ 22, 56, 75]],

[ 43, 45, 0,[ 70, 89, 30]],

[ 21, 45, 0,[ 54, 8, 23]],

[ 1, 35, 0,[ 86, 88, 52, 17]],

[ 50, 35, 0,[ 61, 88, 18, 68]],

[ 97, 35, 1,[ 96, 80, 64, 69, 24, 11, 77]],

[ 51, 35, 0,[ 61, 96, 87]],

[ 22, 45, 0,[ 31, 62, 45]],

[ 11, 45, 0,[ 98, 97, 5]],

[ 25, 45, 0,[ 72, 98, 32]],

[ 85, 45, 0,[ 10, 53, 20, 69]],

[ 32, 45, 0,[ 0, 25, 37, 7]],

[ 56, 45, 0,[ 95, 45, 99]],

[ 9, 45, 0,[ 6, 31, 62]],

[ 26, 5, 0,[ 84, 44, 80]],

[ 94, 5, 0,[ 19, 10, 91]],

[ 65, 45, 0,[ 70, 14, 73, 71]],

[ 47, 5, 0,[ 83, 95, 4]],

[ 46, 45, 0,[ 63, 54, 3]],

[ 74, 45, 0,[ 68, 39, 27, 52]],

[ 86, 75, 0,[ 37, 42, 28, 1]],

[ 78, 45, 0,[ 39, 80, 73]],

[ 64, 45, 0,[ 97, 38, 53, 63]],

[ 31, 45, 1,[ 70, 2, 22, 14, 9, 60, 59]],

[ 84, 5, 0,[ 76, 75, 88, 26]],

[ 28, 35, 0,[ 87, 61, 86]],

[ 2, 45, 0,[ 63, 39, 31]],

[ 56, 85, 0,[ 45, 0, 34]],

[ 83, 65, 0,[ 99, 76, 61]],

[ 49, 85, 0,[ 11, 43, 38]],

[ 95, 35, 0,[ 46, 28, 75]],

[ 84, 85, 0,[ 27, 86, 1, 32]],

[ 89, 35, 1,[ 40, 7, 38, 79, 9, 41, 54, 34, 28, 11]],

[ 34, 85, 0,[ 89, 70, 56, 47]],

[ 76, 15, 0,[ 83, 15, 44, 50]],

[ 73, 85, 0,[ 5, 61, 55, 24]],

[ 46, 85, 0,[ 21, 95, 37]],

[ 81, 5, 1,[ 78, 14, 92, 48, 23]],

[ 19, 85, 0,[ 60, 31, 61, 82]],

[ 69, 35, 0,[ 7, 96, 78]],

[ 24, 85, 0,[ 73, 31, 62]],

[ 58, 35, 0,[ 55, 90, 96, 52]],

[ 85, 85, 0,[ 44, 55, 40, 26]],

[ 60, 85, 0,[ 47, 91, 19, 7]],

[ 91, 85, 0,[ 60, 8, 47]],

[ 36, 95, 0,[ 82, 31, 64, 7]],

[ 57, 65, 0,[ 30, 65, 35]],

[ 9, 25, 0,[ 89, 62, 31]],

[ 51, 85, 0,[ 33, 74, 44]],

[ 37, 25, 1,[ 46, 96, 41]],

[ 92, 35, 0,[ 81, 54, 75]],

[ 66, 85, 0,[ 15, 63, 18]],

[ 87, 85, 0,[ 3, 68, 80]],

[ 29, 85, 0,[ 61, 62, 4, 0]],

[ 33, 85, 0,[ 51, 30, 17, 44, 43, 8, 40]],

[ 75, 95, 0,[ 95, 92, 31]],

[ 38, 85, 0,[ 72, 49, 89, 8]],

[ 30, 85, 0,[ 96, 57, 33]],

[ 53, 85, 0,[ 97, 12, 17]],

[ 8, 45, 1,[ 97, 71, 38, 3, 33, 91, 23, 18, 6]],

[ 74, 85, 0,[ 6, 14, 51]],

[ 25, 85, 0,[ 97, 20, 82, 96, 64]],

[ 82, 85, 0,[ 19, 36, 25]],

[ 88, 95, 0,[ 94, 31, 39]],

[ 64, 85, 0,[ 61, 42, 36, 25]],

[ 41, 25, 0,[ 37, 89]],

[ 22, 85, 0,[ 3, 97, 94]],

[ 3, 85, 0,[ 22, 87, 8]],

[ 7, 25, 0,[ 60, 36, 89, 69]],

[ 26, 85, 0,[ 13, 85, 48]],

[ 93, 85, 0,[ 65, 35, 70]],

[ 65, 15, 0,[ 44, 93, 57]],

[ 42, 85, 0,[ 21, 48, 64]],

[ 78, 85, 0,[ 81, 69, 1]],

[ 44, 25, 1,[ 27, 70, 65, 68, 76, 67, 32, 51, 77, 85, 23, 33, 20]],

[ 52, 15, 1,[ 50, 4, 58]],

[ 10, 85, 0,[ 79, 77, 70]],

[ 15, 85, 0,[ 66, 11, 76]],

[ 59, 65, 0,[ 94, 61, 31]],

[ 50, 85, 0,[ 76, 86, 52]],

[ 80, 85, 0,[ 87, 72, 99]],

[ 4, 35, 0,[ 52, 29, 96]],

[ 40, 85, 0,[ 33, 85, 89]],

[ 47, 85, 0,[ 60, 34, 91]],

[ 94, 85, 0,[ 22, 59, 88]],

[ 97, 85, 0,[ 8, 22, 25, 53, 11]],

[ 27, 15, 0,[ 84, 44, 28]],

[ 11, 85, 0,[ 97, 89, 15, 49]],

[ 45, 85, 0,[ 61, 56, 63, 21]],

[ 68, 85, 0,[ 86, 44, 87, 55]],

[ 62, 85, 0,[ 67, 29, 24, 9]],

[ 96, 65, 1,[ 30, 69, 63, 14, 4, 6, 25, 58, 37]],

[ 12, 95, 0,[ 35, 53, 31]],

[ 32, 85, 0,[ 21, 44, 13, 84, 2]],

[ 17, 85, 0,[ 53, 18, 2, 33]],

[ 2, 85, 0,[ 61, 17, 32]],

[ 16, 85, 0,[ 67, 35, 6]],

[ 14, 35, 0,[ 81, 74, 96]],

[ 72, 45, 0,[ 38, 54, 80, 35]],

[ 21, 85, 0,[ 45, 46, 42, 32]],

[ 13, 85, 0,[ 32, 98, 26]],

[ 28, 25, 0,[ 95, 89, 61, 27]],

[ 70, 85, 0,[ 44, 99, 34, 93, 10]],

[ 48, 85, 0,[ 81, 42, 26]],

[ 6, 85, 0,[ 74, 8, 16, 96, 39, 90]],

[ 39, 85, 0,[ 79, 6, 88]],

[ 63, 85, 0,[ 45, 96, 66]],

[ 86, 85, 0,[ 61, 68, 84, 50]],

[ 54, 25, 0,[ 89, 92, 72]],

[ 5, 85, 0,[ 90, 31, 1, 73]],

[ 20, 15, 0,[ 25, 98, 44]],

[ 23, 15, 0,[ 44, 8, 81]],

[ 55, 85, 0,[ 73, 85, 68, 58]],

[ 77, 15, 0,[ 10, 18, 44]],

[ 0, 85, 0,[ 1, 29, 56]],

[ 31, 15, 1,[ 24, 75, 5, 12, 88, 9, 19, 59, 71, 36]],

[ 98, 85, 0,[ 13, 20]],

[ 43, 85, 0,[ 71, 33, 49]],

[ 35, 25, 1,[ 12, 93, 16, 57, 72]],

[ 67, 15, 0,[ 44, 62, 16]],

[ 1, 85, 0,[ 5, 0, 78, 84]],

[ 79, 25, 0,[ 89, 39, 10]],

[ 99, 85, 0,[ 83, 70, 80]],

[ 18, 85, 0,[ 77, 8, 66, 17]],

[ 90, 85, 0,[ 6, 58, 5]],

[ 71, 85, 0,[ 43, 8, 31]],

[ 61, 55, 1,[ 64, 45, 86, 28, 29, 83, 2, 59, 73, 19]],

