[ 84, 95, 0,[ 20, 57]],

[ 72, 45, 0,[ 42, 87, 50, 77, 79]],

[ 65, 65, 1,[ 87, 8, 49]],

[ 63, 75, 1,[ 32, 37]],

[ 81, 45, 0,[ 28, 45, 2]],

[ 7, 95, 0,[ 27, 70, 93]],

[ 35, 95, 0,[ 47, 3, 28]],

[ 12, 45, 1,[ 18, 54, 96]],

[ 67, 55, 1,[ 66, 86, 36, 73, 9]],

[ 13, 35, 0,[ 1, 15, 87]],

[ 39, 45, 0,[ 69, 18, 57]],

[ 15, 5, 1,[ 13, 40, 60]],

[ 19, 95, 0,[ 4, 22, 62]],

[ 4, 85, 1,[ 33, 44, 78, 19, 80, 48, 83]],

[ 2, 75, 1,[ 38, 97, 61, 81, 92, 8, 75]],

[ 0, 15, 1,[ 26, 88, 43]],

[ 95, 95, 1,[ 5, 96, 89]],

[ 53, 95, 1,[ 27, 56, 45]],

[ 16, 15, 0,[ 33, 91, 5]],

[ 87, 35, 1,[ 65, 64, 72, 74, 13]],

[ 44, 45, 0,[ 4, 50, 11]],

[ 50, 75, 1,[ 23, 40, 44, 72]],

[ 25, 15, 1,[ 92, 93, 85, 29]],

[ 41, 95, 1,[ 76, 55, 26]],

[ 64, 55, 1,[ 87, 80, 82]],

[ 52, 45, 0,[ 78, 27, 28]],

[ 48, 35, 0,[ 88, 17, 4]],

[ 37, 45, 0,[ 76, 63, 69]],

[ 28, 25, 1,[ 81, 52, 96, 8, 35, 14]],

[ 96, 45, 0,[ 95, 12, 28, 24]],

[ 54, 45, 0,[ 55, 68, 12]],

[ 23, 45, 0,[ 90, 38, 50]],

[ 78, 45, 0,[ 4, 83, 52]],

[ 31, 85, 0,[ 86, 83, 47]],

[ 36, 45, 1,[ 90, 92, 67]],

[ 6, 45, 0,[ 59, 43, 98]],

[ 30, 45, 1,[ 89, 5, 29, 1]],

[ 21, 95, 1,[ 14, 94, 1, 98, 34]],

[ 14, 45, 1,[ 21, 27, 28]],

[ 60, 5, 1,[ 83, 15, 91]],

[ 10, 35, 0,[ 9, 17, 66]],

[ 80, 55, 0,[ 64, 51, 74, 3, 4]],

[ 1, 65, 1,[ 21, 30, 13]],

[ 5, 15, 1,[ 16, 95, 30, 93]],

[ 27, 95, 1,[ 52, 7, 14, 33, 53]],

[ 49, 5, 1,[ 99, 98, 62, 65]],

[ 47, 75, 1,[ 31, 35, 55, 74, 71]],

[ 71, 45, 0,[ 69, 57, 47, 91]],

[ 61, 95, 0,[ 2, 83, 77]],

[ 58, 25, 1,[ 55, 82, 24]],

[ 93, 75, 1,[ 25, 7, 5]],

[ 29, 45, 0,[ 26, 30, 25]],

[ 18, 65, 1,[ 12, 11, 34, 39]],

[ 32, 5, 0,[ 38, 55, 63]],

[ 70, 85, 1,[ 7, 11, 85, 46]],

[ 66, 75, 0,[ 10, 67, 90]],

[ 59, 45, 0,[ 42, 6]],

[ 42, 45, 0,[ 72, 55, 59]],

[ 74, 45, 0,[ 87, 80, 47]],

[ 68, 45, 0,[ 99, 88, 54]],

[ 88, 55, 1,[ 48, 0, 68, 51]],

[ 51, 55, 0,[ 80, 88, 76]],

[ 77, 5, 1,[ 72, 79, 61]],

[ 40, 85, 0,[ 50, 15]],

[ 91, 15, 1,[ 99, 60, 71, 24, 79, 16]],

[ 89, 35, 0,[ 95, 30, 45]],

[ 94, 65, 0,[ 20, 17, 21]],

[ 92, 45, 0,[ 25, 36, 2]],

[ 57, 5, 1,[ 71, 39, 55, 84]],

[ 97, 45, 0,[ 86, 2]],

[ 69, 35, 1,[ 37, 71, 39]],

[ 3, 35, 1,[ 76, 62, 46, 85, 56, 35, 80]],

[ 86, 55, 1,[ 31, 17, 97, 67, 9]],

[ 8, 95, 0,[ 65, 28, 2]],

[ 17, 35, 0,[ 94, 48, 86, 10]],

[ 79, 45, 0,[ 72, 77, 91]],

[ 24, 45, 0,[ 91, 58, 96, 56]],

[ 73, 45, 1,[ 11, 67, 83]],

[ 22, 15, 0,[ 19, 75, 83]],

[ 9, 95, 1,[ 10, 67, 86, 90]],

[ 34, 45, 1,[ 82, 21, 18]],

[ 62, 45, 0,[ 19, 49, 3]],

[ 43, 5, 1,[ 0, 6]],

[ 26, 95, 1,[ 41, 29, 0]],

[ 38, 95, 1,[ 32, 2, 23]],

[ 83, 25, 1,[ 73, 60, 22, 31, 61, 78, 4]],

[ 75, 45, 0,[ 2, 11, 22]],

[ 90, 85, 1,[ 9, 20, 36, 76, 23, 66]],

[ 11, 55, 1,[ 70, 44, 75, 73, 18]],

[ 99, 45, 0,[ 49, 68, 45, 91]],

[ 76, 15, 0,[ 41, 37, 51, 90, 3]],

[ 82, 5, 0,[ 34, 64, 58]],

[ 45, 85, 1,[ 89, 99, 81, 53]],

[ 56, 45, 0,[ 3, 24, 53]],

[ 20, 45, 1,[ 94, 84, 90]],

[ 46, 45, 0,[ 3, 70]],

[ 33, 45, 0,[ 16, 4, 27]],

[ 98, 65, 1,[ 49, 6, 21]],

[ 55, 85, 1,[ 47, 58, 54, 42, 41, 57, 32]],

[ 85, 45, 0,[ 25, 70, 3]],

