[ 56, 45, 0,[ 58, 43, 23]],

[ 15, 45, 0,[ 14, 24, 34, 40]],

[ 12, 45, 0,[ 30, 92, 28]],

[ 46, 45, 0,[ 9, 91, 17]],

[ 33, 45, 0,[ 24, 39, 27]],

[ 32, 45, 0,[ 93, 79, 97, 86]],

[ 63, 45, 0,[ 73, 38, 80]],

[ 55, 45, 0,[ 36, 47, 9, 43]],

[ 17, 45, 0,[ 16, 46, 69]],

[ 48, 45, 0,[ 19, 39, 31]],

[ 61, 45, 1,[ 8, 52, 66]],

[ 29, 45, 0,[ 86]],

[ 98, 45, 0,[ 49, 67, 21]],

[ 8, 55, 1,[ 88, 57, 2, 47, 61]],

[ 65, 45, 0,[ 0, 34, 50]],

[ 47, 45, 0,[ 16, 8, 55]],

[ 78, 45, 0,[ 45, 37, 20]],

[ 70, 45, 0,[ 49, 19, 20]],

[ 84, 45, 0,[ 85, 96, 64]],

[ 82, 45, 0,[ 37, 87, 24]],

[ 16, 45, 0,[ 9, 41, 79, 60, 17, 14, 47]],

[ 6, 45, 0,[ 25, 37, 69]],

[ 74, 45, 0,[ 72, 49, 37]],

[ 38, 45, 0,[ 63, 24, 42]],

[ 97, 45, 0,[ 32, 94, 26]],

[ 92, 45, 0,[ 76, 12, 53]],

[ 27, 45, 0,[ 94, 24, 33, 96]],

[ 71, 45, 0,[ 37, 95, 49]],

[ 85, 45, 0,[ 75, 45, 96, 84]],

[ 20, 45, 0,[ 77, 78, 91, 70]],

[ 99, 45, 0,[ 40, 67, 89]],

[ 93, 45, 0,[ 76, 10, 32]],

[ 30, 45, 0,[ 26, 24, 12]],

[ 50, 45, 0,[ 65, 89, 43]],

[ 79, 45, 0,[ 89, 32, 16]],

[ 23, 45, 0,[ 35, 0, 56]],

[ 67, 45, 0,[ 98, 35, 99]],

[ 0, 45, 0,[ 65, 64, 23]],

[ 1, 45, 0,[ 73, 91, 39]],

[ 54, 45, 0,[ 13, 94, 64]],

[ 69, 45, 0,[ 6, 17]],

[ 18, 45, 0,[ 40, 95, 90, 57]],

[ 60, 45, 0,[ 26, 96, 16]],

[ 21, 45, 0,[ 40, 98]],

[ 4, 45, 0,[ 13, 19, 89]],

[ 5, 45, 0,[ 89]],

[ 77, 45, 0,[ 20, 35, 40, 3]],

[ 73, 45, 0,[ 25, 63, 1]],

[ 96, 45, 1,[ 84, 60, 27, 59, 85, 53]],

[ 34, 45, 0,[ 65, 15, 91, 25, 40]],

[ 14, 45, 0,[ 7, 25, 16, 15]],

[ 25, 45, 0,[ 59, 6, 14, 34, 73, 81]],

[ 59, 45, 0,[ 25, 81, 96, 80]],

[ 62, 45, 0,[ 31, 13, 22]],

[ 91, 45, 0,[ 34, 46, 1, 64, 20]],

[ 36, 45, 0,[ 55, 49]],

[ 28, 45, 0,[ 7, 12, 22, 75]],

[ 72, 45, 0,[ 74, 2, 90, 87]],

[ 19, 45, 0,[ 4, 75, 70, 48]],

[ 53, 45, 0,[ 96, 92]],

[ 13, 45, 0,[ 62, 11, 4, 54]],

[ 24, 45, 1,[ 33, 38, 82, 15, 44, 27, 30, 7]],

[ 3, 45, 0,[ 94, 77]],

[ 22, 45, 0,[ 37, 28, 62]],

[ 81, 45, 0,[ 25, 59, 42]],

[ 95, 45, 0,[ 51, 18, 71]],

[ 9, 45, 0,[ 31, 58, 46, 55, 16, 76]],

[ 87, 45, 0,[ 86, 72, 82, 88]],

[ 57, 45, 0,[ 18, 8, 2]],

[ 39, 45, 0,[ 33, 1, 10, 89, 48]],

[ 49, 45, 0,[ 98, 71, 36, 35, 26, 74, 70]],

[ 88, 45, 0,[ 83, 8, 87]],

[ 10, 45, 0,[ 39, 11, 93, 37, 80]],

[ 86, 45, 0,[ 29, 87, 32]],

[ 40, 45, 0,[ 34, 15, 90, 18, 77, 21, 51, 99]],

[ 75, 45, 0,[ 85, 19, 28]],

[ 2, 45, 0,[ 11, 72, 8, 57, 66]],

[ 89, 75, 1,[ 5, 99, 45, 50, 79, 39, 44, 4]],

[ 51, 45, 0,[ 40, 83, 95]],

[ 45, 45, 0,[ 78, 89, 85]],

[ 26, 45, 0,[ 30, 97, 60, 49]],

[ 42, 45, 0,[ 44, 38, 81]],

[ 11, 45, 0,[ 10, 13, 2]],

[ 76, 45, 0,[ 92, 93, 9, 35]],

[ 35, 95, 1,[ 37, 23, 76, 49, 67, 64, 77]],

[ 31, 45, 1,[ 52, 48, 62, 9, 43]],

[ 52, 45, 1,[ 83, 66, 31, 61, 68]],

[ 66, 45, 0,[ 2, 61, 52, 44]],

[ 83, 45, 0,[ 51, 52, 88]],

[ 94, 45, 0,[ 27, 54, 3, 97]],

[ 41, 45, 0,[ 16]],

[ 37, 45, 1,[ 71, 74, 82, 35, 22, 10, 6, 78]],

[ 43, 45, 0,[ 31, 55, 50, 56]],

[ 58, 45, 0,[ 9, 44, 56]],

[ 90, 45, 0,[ 68, 40, 18, 72]],

[ 44, 45, 1,[ 24, 42, 89, 66, 58, 68]],

[ 7, 45, 0,[ 28, 24, 14]],

[ 68, 45, 0,[ 44, 90, 52]],

[ 64, 45, 0,[ 0, 35, 84, 54, 91]],

[ 80, 45, 0,[ 10, 59, 63]],

[ 94, 5, 0,[ 88, 90, 77, 98, 86]],

[ 4, 5, 0,[ 32, 75, 79, 59, 20]],

[ 21, 5, 0,[ 87, 47, 79, 35]],

[ 86, 5, 0,[ 94, 17, 74]],

[ 39, 5, 0,[ 10, 47, 90]],

[ 84, 5, 0,[ 40, 52, 61, 55, 9]],

[ 41, 5, 0,[ 33, 32, 56, 1]],

[ 48, 5, 0,[ 43, 52, 71, 87, 73]],

[ 25, 5, 0,[ 10, 23, 71, 50, 11]],

[ 9, 5, 0,[ 82, 84, 52]],

[ 33, 5, 0,[ 34, 60, 41, 82]],

[ 42, 5, 0,[ 40, 34, 26]],

[ 78, 5, 0,[ 53, 5, 16]],

[ 36, 5, 0,[ 52, 0, 81]],

[ 0, 5, 0,[ 36, 12, 35]],

[ 5, 5, 0,[ 76, 78, 31, 22]],

[ 80, 5, 0,[ 77, 44, 81, 70]],

[ 99, 5, 0,[ 26, 96, 37]],

[ 70, 5, 0,[ 80, 56, 55]],

[ 47, 5, 0,[ 39, 21, 98, 97, 52, 10]],

[ 50, 5, 0,[ 82, 25, 12]],

[ 31, 95, 1,[ 26, 5, 74, 52, 91, 15, 3]],

[ 76, 5, 0,[ 7, 96, 5, 13, 15]],

[ 73, 5, 0,[ 63, 77, 10, 48]],

[ 17, 15, 1,[ 97, 29, 86, 95, 18]],

[ 95, 5, 0,[ 60, 1, 6, 17, 59]],

[ 75, 5, 0,[ 61, 92, 4]],

[ 65, 5, 0,[ 44, 64, 59]],

[ 98, 5, 0,[ 47, 96, 94]],

[ 40, 5, 0,[ 92, 84, 42, 2]],

[ 64, 5, 0,[ 57, 65, 6, 66]],

[ 1, 5, 0,[ 8, 95, 41]],

[ 96, 45, 1,[ 72, 61, 83, 99, 12, 24, 98, 76]],

[ 74, 5, 0,[ 31, 72, 61, 86, 91]],

[ 81, 5, 0,[ 19, 36, 80, 28]],

[ 97, 5, 0,[ 52, 47, 17]],

[ 6, 5, 0,[ 64, 95, 66]],

[ 7, 5, 0,[ 79, 76]],

[ 72, 5, 0,[ 96, 74, 23]],

[ 58, 5, 0,[ 82, 57]],

[ 20, 5, 0,[ 92, 22, 4]],

[ 61, 95, 1,[ 51, 74, 75, 28, 14, 96, 84, 85, 88]],

[ 82, 5, 1,[ 55, 69, 33, 52, 9, 50, 58, 67, 37]],

[ 30, 5, 0,[ 26, 45]],

[ 27, 5, 0,[ 88, 28, 14]],

[ 51, 5, 0,[ 52, 61, 37]],

[ 87, 5, 0,[ 21, 48, 16]],

[ 88, 5, 0,[ 22, 94, 27, 61]],

[ 16, 5, 0,[ 89, 87, 78]],

[ 14, 5, 0,[ 27, 13, 61, 19]],

[ 43, 5, 0,[ 48, 15, 3, 19]],

[ 15, 5, 0,[ 57, 31, 43, 76]],

[ 83, 5, 0,[ 35, 96, 66]],

[ 34, 5, 0,[ 33, 54, 42]],

[ 52, 85, 1,[ 8, 60, 9, 45, 53, 97, 36, 47, 44, 66, 48, 84, 67, 55, 51, 31, 82]],

[ 54, 5, 0,[ 34, 91, 35]],

[ 49, 5, 0,[ 18, 56, 67, 37]],

[ 26, 5, 0,[ 29, 42, 30, 99, 31]],

[ 23, 5, 0,[ 25, 72, 53]],

[ 32, 5, 0,[ 19, 41, 4]],

[ 57, 5, 0,[ 15, 24, 58, 62, 64]],

[ 67, 5, 0,[ 52, 49, 82]],

[ 45, 5, 0,[ 52, 66, 30]],

[ 29, 5, 0,[ 26, 68, 17]],

[ 2, 5, 0,[ 8, 40, 46]],

[ 92, 5, 0,[ 40, 20, 75]],

[ 8, 25, 1,[ 1, 52, 93, 18, 13, 69, 2, 46]],

[ 60, 5, 0,[ 52, 95, 33]],

[ 37, 5, 1,[ 49, 99, 51, 82, 38, 35]],

[ 24, 5, 0,[ 96, 57, 85]],

[ 12, 5, 0,[ 68, 96, 44, 50, 0]],

[ 59, 5, 0,[ 63, 4, 65, 95]],

[ 44, 5, 0,[ 65, 12, 52, 46, 80, 62]],

[ 22, 5, 0,[ 88, 20, 5]],

[ 11, 5, 0,[ 66, 25]],

[ 63, 5, 0,[ 89, 73, 38, 59]],

[ 38, 5, 0,[ 63, 37, 93]],

[ 19, 5, 0,[ 32, 81, 43, 14]],

[ 85, 5, 0,[ 61, 90, 69, 24]],

[ 77, 5, 0,[ 73, 94, 80]],

[ 91, 5, 0,[ 54, 31, 74]],

[ 53, 5, 0,[ 78, 23, 52]],

[ 62, 5, 0,[ 35, 44, 57]],

[ 13, 5, 0,[ 8, 76, 14]],

[ 56, 5, 0,[ 49, 41, 70]],

[ 71, 5, 0,[ 25, 68, 48, 79, 89]],

[ 79, 5, 0,[ 7, 71, 21, 4]],

[ 89, 5, 1,[ 63, 71, 16, 93]],

[ 18, 5, 0,[ 8, 49, 17]],

[ 90, 5, 0,[ 94, 68, 85, 39]],

[ 35, 5, 1,[ 83, 62, 21, 54, 37, 0]],

[ 69, 5, 0,[ 8, 85, 82]],

[ 3, 5, 0,[ 43, 10, 31]],

[ 55, 5, 0,[ 82, 70, 84, 52]],

[ 93, 5, 0,[ 38, 89, 8]],

[ 10, 5, 0,[ 3, 73, 39, 47, 25]],

[ 28, 5, 0,[ 27, 81, 61]],

[ 46, 5, 0,[ 44, 8, 2]],

[ 68, 5, 0,[ 90, 29, 71, 12]],

[ 66, 5, 0,[ 45, 64, 6, 52, 11, 83]],

