[ 4, 15, 1,[ 39, 21, 54]],

[ 85, 15, 1,[ 63, 84, 12, 60, 43]],

[ 58, 5, 1,[ 28, 65, 82, 88, 93, 31]],

[ 33, 15, 0,[ 66, 42, 23]],

[ 22, 25, 0,[ 46, 83, 27, 38]],

[ 26, 35, 0,[ 74, 11]],

[ 24, 55, 0,[ 48, 40, 16]],

[ 6, 75, 0,[ 21, 72]],

[ 47, 95, 1,[ 56, 86, 28, 74, 5]],

[ 5, 35, 1,[ 15, 47, 63, 92, 83]],

[ 60, 85, 1,[ 66, 85, 1]],

[ 9, 75, 1,[ 45, 32, 31, 53]],

[ 20, 85, 0,[ 2, 93, 13]],

[ 89, 5, 0,[ 8, 11, 0]],

[ 23, 15, 0,[ 33, 91, 87, 25]],

[ 13, 85, 0,[ 20, 96, 69]],

[ 8, 45, 0,[ 50, 89]],

[ 48, 15, 0,[ 78, 77, 24]],

[ 97, 25, 0,[ 71, 44, 7]],

[ 2, 85, 1,[ 54, 39, 34, 20, 64]],

[ 99, 25, 0,[ 41, 71, 42]],

[ 56, 45, 0,[ 10, 47, 34]],

[ 84, 65, 0,[ 85, 39, 16]],

[ 98, 25, 1,[ 68, 25, 29, 38]],

[ 18, 85, 1,[ 83, 14, 69]],

[ 72, 15, 0,[ 6, 11, 77]],

[ 16, 45, 1,[ 84, 64, 93, 24]],

[ 32, 55, 0,[ 73, 40, 9]],

[ 63, 55, 1,[ 27, 67, 85, 5]],

[ 88, 5, 0,[ 58, 53, 37, 80]],

[ 81, 35, 0,[ 3, 92]],

[ 37, 15, 0,[ 88, 14, 43]],

[ 51, 85, 1,[ 17, 38, 83]],

[ 61, 35, 0,[ 45, 68, 11]],

[ 35, 15, 0,[ 62, 38, 10, 59]],

[ 52, 95, 0,[ 53, 45, 78]],

[ 34, 45, 1,[ 2, 3, 62, 56, 49]],

[ 15, 35, 1,[ 14, 73, 5]],

[ 12, 25, 1,[ 29, 76, 85]],

[ 29, 25, 0,[ 12, 54, 98]],

[ 79, 15, 0,[ 3, 14, 70]],

[ 10, 65, 0,[ 35, 39, 56]],

[ 54, 25, 0,[ 4, 29, 2]],

[ 69, 85, 1,[ 18, 13, 87, 55]],

[ 93, 75, 1,[ 20, 58, 16, 14]],

[ 43, 75, 1,[ 65, 37, 85, 95]],

[ 78, 15, 0,[ 52, 95, 48, 17]],

[ 77, 15, 1,[ 55, 48, 72, 0, 11]],

[ 64, 35, 1,[ 2, 16, 30]],

[ 70, 25, 1,[ 67, 42, 96, 55, 79]],

[ 0, 5, 1,[ 77, 89, 62]],

[ 55, 85, 1,[ 70, 77, 69]],

[ 62, 15, 0,[ 0, 34, 90, 35]],

[ 45, 95, 1,[ 9, 52, 91, 61]],

[ 27, 65, 1,[ 22, 63, 3]],

[ 66, 85, 0,[ 60, 33, 36]],

[ 38, 25, 1,[ 22, 98, 51, 35, 71]],

[ 17, 95, 0,[ 51, 30, 78]],

[ 59, 15, 0,[ 31, 35]],

[ 44, 15, 0,[ 97, 25, 50]],

[ 80, 15, 0,[ 46, 88]],

[ 65, 25, 1,[ 43, 30, 58]],

[ 94, 55, 0,[ 91]],

[ 92, 85, 1,[ 86, 39, 5, 81]],

[ 87, 85, 0,[ 69, 23, 86]],

[ 83, 15, 1,[ 53, 18, 51, 22, 5]],

[ 91, 55, 1,[ 23, 45, 94]],

[ 76, 5, 0,[ 7, 12, 49]],

[ 49, 75, 1,[ 76, 34, 25]],

[ 3, 35, 1,[ 81, 34, 79, 27]],

[ 11, 35, 1,[ 41, 26, 61, 77, 89, 72]],

[ 25, 15, 1,[ 44, 49, 23, 98]],

[ 71, 25, 0,[ 97, 38, 68, 99, 28]],

[ 31, 5, 0,[ 58, 59, 9]],

[ 50, 45, 1,[ 8, 44, 73, 82]],

[ 82, 45, 0,[ 50, 46, 58]],

[ 36, 35, 1,[ 14, 66, 7, 19]],

[ 19, 15, 0,[ 75, 36]],

[ 86, 95, 1,[ 92, 87, 47]],

[ 42, 25, 0,[ 70, 99, 33]],

[ 67, 45, 1,[ 70, 63, 57]],

[ 7, 5, 0,[ 76, 97, 36]],

[ 14, 15, 1,[ 93, 15, 37, 41, 18, 36, 79]],

[ 90, 15, 0,[ 62, 75]],

[ 1, 15, 1,[ 21, 60, 74]],

[ 46, 15, 0,[ 82, 80, 22]],

[ 73, 55, 1,[ 15, 50, 32]],

[ 96, 15, 0,[ 70, 13, 75]],

[ 30, 95, 1,[ 65, 17, 64, 40]],

[ 28, 15, 1,[ 71, 57, 58, 47]],

[ 74, 25, 1,[ 1, 26, 47]],

[ 41, 85, 1,[ 11, 99, 14]],

[ 53, 95, 1,[ 52, 83, 9, 88]],

[ 21, 75, 1,[ 1, 4, 57, 6]],

[ 75, 15, 0,[ 95, 90, 96, 19]],

[ 57, 5, 1,[ 67, 21, 28]],

[ 40, 55, 0,[ 32, 24, 30]],

[ 68, 25, 0,[ 71, 98, 61]],

[ 95, 15, 0,[ 78, 75, 43]],

[ 39, 65, 1,[ 92, 84, 4, 2, 10]],

