[ 10, 5, 0,[ 38, 52, 85]],

[ 27, 5, 0,[ 83, 5, 2]],

[ 15, 5, 0,[ 34, 49, 92]],

[ 26, 35, 0,[ 71, 98, 11, 41, 96, 13]],

[ 3, 5, 0,[ 55, 9, 22, 58]],

[ 48, 5, 0,[ 13, 66, 50, 49]],

[ 57, 5, 0,[ 62, 5, 66]],

[ 13, 5, 0,[ 48, 26, 84]],

[ 28, 5, 0,[ 96, 91, 18]],

[ 89, 55, 1,[ 19, 98, 61]],

[ 35, 85, 1,[ 51, 31, 42, 95]],

[ 98, 55, 0,[ 89, 45, 26, 17]],

[ 8, 45, 1,[ 53, 45, 82, 83, 0, 1, 76]],

[ 17, 5, 0,[ 47, 79, 98]],

[ 16, 55, 0,[ 38, 76, 97]],

[ 77, 5, 0,[ 80, 19, 42]],

[ 32, 5, 0,[ 34, 21, 52, 90]],

[ 0, 55, 0,[ 8, 75, 11, 39]],

[ 44, 5, 0,[ 46, 34, 36, 90]],

[ 83, 45, 0,[ 8, 27, 24, 60]],

[ 19, 5, 0,[ 77, 68, 89]],

[ 39, 5, 0,[ 46, 9, 0]],

[ 67, 5, 0,[ 61, 94, 63]],

[ 18, 5, 0,[ 60, 75, 28]],

[ 55, 5, 0,[ 2, 3, 70]],

[ 60, 5, 0,[ 83, 97, 18]],

[ 62, 5, 0,[ 66, 73, 57, 46]],

[ 37, 5, 1,[ 86, 70, 45]],

[ 53, 45, 0,[ 8, 4, 78]],

[ 46, 5, 0,[ 23, 62, 39, 7, 44]],

[ 38, 5, 0,[ 92, 49, 43, 16, 10]],

[ 29, 5, 0,[ 42, 85, 45]],

[ 82, 5, 1,[ 30, 8, 65]],

[ 92, 5, 0,[ 20, 38, 15]],

[ 1, 5, 0,[ 11, 81, 8]],

[ 31, 5, 1,[ 35, 33, 12]],

[ 95, 5, 0,[ 76, 2, 35]],

[ 22, 55, 0,[ 25, 97, 74, 3]],

[ 40, 5, 0,[ 69, 88, 2, 80]],

[ 78, 5, 0,[ 59, 53, 30]],

[ 12, 45, 0,[ 41, 31, 61, 99]],

[ 99, 5, 0,[ 97, 12, 91, 84]],

[ 70, 5, 0,[ 66, 37, 87, 55, 56]],

[ 41, 45, 0,[ 12, 7, 26, 64]],

[ 21, 5, 0,[ 14, 32, 64, 23]],

[ 54, 5, 0,[ 9, 79, 42]],

[ 52, 45, 1,[ 50, 10, 6, 32, 84, 61, 56]],

[ 76, 45, 0,[ 7, 16, 95, 8]],

[ 6, 5, 0,[ 51, 73, 52]],

[ 56, 5, 0,[ 70, 94, 52]],

[ 63, 5, 0,[ 67, 72]],

[ 80, 5, 0,[ 24, 40, 77]],

[ 34, 5, 0,[ 33, 15, 32, 44]],

[ 66, 5, 0,[ 70, 62, 48, 57]],

[ 47, 5, 0,[ 65, 17, 88]],

[ 7, 5, 0,[ 46, 76, 41]],

[ 20, 5, 0,[ 25, 92]],

[ 14, 5, 0,[ 21, 2, 50]],

[ 64, 5, 0,[ 21, 41, 75, 23]],

[ 33, 5, 0,[ 31, 93, 34]],

[ 42, 5, 0,[ 54, 77, 29, 35]],

[ 74, 55, 0,[ 22, 85, 36]],

[ 72, 5, 0,[ 75, 79, 63]],

[ 94, 5, 0,[ 49, 56, 67]],

[ 69, 5, 0,[ 97, 40, 73]],

[ 11, 5, 0,[ 26, 1, 0]],

[ 90, 5, 0,[ 44, 58, 32]],

[ 24, 5, 0,[ 83, 68, 80]],

[ 85, 5, 0,[ 29, 10, 74, 93]],

[ 59, 5, 0,[ 5, 81, 78]],

[ 65, 5, 0,[ 47, 93, 82]],

[ 81, 5, 0,[ 1, 86, 59]],

[ 49, 5, 0,[ 48, 15, 94, 38]],

[ 51, 5, 0,[ 6, 35, 36]],

[ 73, 5, 0,[ 71, 62, 6, 87, 69]],

[ 9, 5, 0,[ 58, 3, 39, 54]],

[ 50, 5, 0,[ 52, 48, 14]],

[ 5, 5, 0,[ 59, 27, 57]],

[ 71, 5, 0,[ 26, 73, 79]],

[ 25, 55, 0,[ 75, 20, 22]],

[ 30, 35, 0,[ 78, 96, 82]],

[ 23, 5, 0,[ 21, 64, 46]],

[ 96, 35, 1,[ 91, 97, 26, 28, 4, 30]],

[ 68, 5, 0,[ 19, 24]],

[ 97, 55, 1,[ 22, 69, 96, 60, 16, 99]],

[ 93, 5, 0,[ 4, 65, 33, 87, 85]],

[ 2, 5, 0,[ 27, 40, 55, 95, 14]],

[ 45, 45, 0,[ 29, 98, 8, 88, 37, 61]],

[ 79, 5, 0,[ 54, 17, 72, 71]],

[ 84, 5, 0,[ 52, 99, 13]],

[ 58, 5, 0,[ 9, 90, 3]],

[ 4, 35, 0,[ 96, 93, 53]],

[ 91, 5, 0,[ 99, 28, 96]],

[ 87, 5, 0,[ 70, 93, 73]],

[ 36, 5, 0,[ 51, 74, 44]],

[ 43, 5, 0,[ 86, 38]],

[ 61, 25, 1,[ 67, 52, 89, 45, 12]],

[ 75, 55, 0,[ 64, 0, 25, 18, 72]],

[ 86, 5, 0,[ 81, 37, 43]],

[ 88, 5, 0,[ 45, 47, 40]],

