[ 44, 15, 0,[ 10, 14, 15]],

[ 36, 5, 1,[ 61, 40, 81, 96]],

[ 77, 95, 1,[ 2, 57, 40]],

[ 25, 65, 1,[ 28, 96]],

[ 3, 35, 1,[ 49, 31, 45]],

[ 62, 25, 1,[ 68, 80, 52, 59, 76, 83]],

[ 50, 55, 1,[ 65, 21, 90]],

[ 15, 15, 1,[ 48, 86, 31, 44]],

[ 20, 45, 0,[ 56, 89, 86]],

[ 97, 5, 0,[ 89, 9, 84]],

[ 27, 5, 1,[ 30, 86, 85]],

[ 56, 5, 0,[ 20, 92, 32, 75]],

[ 91, 15, 1,[ 66, 42, 60]],

[ 33, 5, 1,[ 34, 26, 22]],

[ 2, 65, 1,[ 16, 12, 80, 77]],

[ 47, 15, 1,[ 52, 21, 61]],

[ 60, 95, 1,[ 90, 85, 5, 66, 91, 26, 39]],

[ 49, 65, 1,[ 3, 70, 72, 22]],

[ 61, 5, 0,[ 47, 36, 84]],

[ 0, 95, 1,[ 51, 78, 72]],

[ 4, 85, 1,[ 65, 73, 34]],

[ 83, 85, 1,[ 14, 62]],

[ 22, 65, 0,[ 64, 33, 49]],

[ 75, 5, 0,[ 74, 56, 90]],

[ 94, 85, 1,[ 17, 5, 85]],

[ 55, 5, 1,[ 46, 51, 21]],

[ 54, 55, 0,[ 73, 87, 8]],

[ 45, 75, 1,[ 3, 1, 57, 88, 76]],

[ 81, 5, 0,[ 36, 73, 35]],

[ 74, 5, 0,[ 75, 98, 34]],

[ 63, 65, 1,[ 82, 51]],

[ 40, 5, 1,[ 32, 77, 64, 36, 31]],

[ 6, 25, 0,[ 43, 64]],

[ 7, 35, 1,[ 5, 43, 38]],

[ 34, 35, 1,[ 4, 74, 24, 10, 33]],

[ 28, 85, 1,[ 11, 84, 13, 96, 25]],

[ 21, 5, 1,[ 47, 50, 66, 55]],

[ 52, 25, 0,[ 62, 70, 47]],

[ 68, 25, 0,[ 62, 37, 43]],

[ 86, 45, 1,[ 27, 16, 15, 20]],

[ 90, 95, 0,[ 60, 50, 75]],

[ 46, 5, 0,[ 71, 14, 55]],

[ 14, 5, 0,[ 83, 46, 44]],

[ 80, 25, 0,[ 2, 62, 10]],

[ 64, 25, 1,[ 22, 6, 53, 40]],

[ 65, 65, 1,[ 12, 50, 4]],

[ 26, 5, 1,[ 19, 78, 60, 33]],

[ 53, 5, 1,[ 11, 18, 64]],

[ 19, 35, 0,[ 69, 26, 70]],

[ 39, 55, 0,[ 8, 71, 60]],

[ 31, 5, 0,[ 15, 3, 40]],

[ 35, 25, 0,[ 81, 37, 82, 59]],

[ 70, 35, 1,[ 19, 52, 49]],

[ 24, 25, 0,[ 71, 13, 34, 88, 98]],

[ 76, 25, 0,[ 45, 62, 79]],

[ 57, 35, 1,[ 45, 77, 16]],

[ 66, 15, 0,[ 21, 60, 91]],

[ 10, 25, 0,[ 34, 80, 44]],

[ 37, 25, 0,[ 35, 72, 68]],

[ 9, 55, 1,[ 73, 82, 97, 67]],

[ 13, 25, 0,[ 42, 28, 24]],

[ 29, 25, 1,[ 42, 99, 5]],

[ 72, 65, 0,[ 37, 0, 49]],

[ 12, 55, 1,[ 2, 8, 41, 65]],

[ 42, 25, 0,[ 13, 29, 91]],

[ 78, 45, 0,[ 0, 26, 30, 95]],

[ 30, 45, 1,[ 27, 23, 78, 87, 1, 41, 98, 92]],

[ 18, 65, 1,[ 53, 88, 8]],

[ 58, 55, 1,[ 79, 41, 87]],

[ 67, 25, 1,[ 17, 41, 9]],

[ 8, 55, 0,[ 99, 39, 12, 18, 54]],

[ 84, 5, 0,[ 32, 28, 97, 95, 61]],

[ 85, 85, 0,[ 94, 60, 27]],

[ 48, 45, 0,[ 38, 15, 98]],

[ 41, 65, 1,[ 67, 30, 58, 12]],

[ 51, 95, 0,[ 0, 5, 55, 63]],

[ 71, 25, 0,[ 46, 38, 24, 39]],

[ 89, 35, 0,[ 97, 73, 20]],

[ 93, 15, 1,[ 69, 95, 23]],

[ 87, 55, 0,[ 30, 58, 54]],

[ 59, 25, 0,[ 35, 62, 5]],

[ 79, 55, 0,[ 58, 73, 76]],

[ 73, 35, 1,[ 54, 4, 81, 89, 9, 79]],

[ 1, 5, 1,[ 45, 92, 30]],

[ 88, 75, 0,[ 24, 18, 45]],

[ 23, 5, 0,[ 30, 93, 96]],

[ 99, 25, 0,[ 8, 17, 29]],

[ 95, 45, 0,[ 93, 84, 78]],

[ 17, 25, 0,[ 94, 99, 67]],

[ 92, 5, 0,[ 56, 1, 11, 30]],

[ 11, 5, 1,[ 92, 53, 28]],

[ 96, 5, 0,[ 36, 28, 25, 23]],

[ 82, 55, 0,[ 35, 9, 63]],

[ 16, 35, 0,[ 57, 2, 86]],

[ 5, 15, 1,[ 51, 94, 59, 29, 60, 7]],

[ 69, 25, 1,[ 32, 93, 19]],

[ 32, 5, 0,[ 69, 56, 40, 84]],

[ 98, 45, 1,[ 24, 48, 30, 74]],

[ 43, 65, 1,[ 6, 68, 7]],

[ 38, 25, 1,[ 71, 7, 48]],

