[ 70, 5, 1,[ 76, 24, 63]],

[ 88, 55, 1,[ 67, 9, 77]],

[ 36, 45, 1,[ 98, 31, 55, 64]],

[ 19, 55, 0,[ 31, 18, 1]],

[ 1, 55, 1,[ 15, 79, 19, 76]],

[ 14, 95, 0,[ 11, 50, 64]],

[ 60, 75, 1,[ 54, 87, 21]],

[ 82, 5, 0,[ 47, 58, 68]],

[ 34, 65, 1,[ 9, 59, 18]],

[ 84, 25, 0,[ 53, 4]],

[ 20, 85, 0,[ 65, 25, 35]],

[ 48, 65, 0,[ 52, 35, 39]],

[ 81, 95, 0,[ 47, 49, 96]],

[ 25, 95, 1,[ 20, 26, 83]],

[ 11, 15, 1,[ 76, 14, 3]],

[ 94, 5, 0,[ 2, 12]],

[ 10, 5, 0,[ 95, 22, 90]],

[ 47, 95, 1,[ 81, 38, 73, 82]],

[ 73, 15, 1,[ 30, 47, 85, 63, 37]],

[ 99, 65, 0,[ 83, 39, 5]],

[ 51, 75, 0,[ 50, 96]],

[ 38, 95, 1,[ 47, 58, 9]],

[ 62, 35, 0,[ 43, 28, 27]],

[ 4, 25, 1,[ 65, 79, 84]],

[ 2, 5, 1,[ 33, 94, 57, 0]],

[ 24, 5, 0,[ 27, 70]],

[ 3, 75, 1,[ 86, 11]],

[ 52, 65, 0,[ 48, 67, 15]],

[ 68, 5, 0,[ 90, 82, 93]],

[ 97, 85, 0,[ 21, 91, 87]],

[ 57, 65, 1,[ 90, 2, 12]],

[ 69, 15, 1,[ 45, 71, 13, 74]],

[ 58, 15, 1,[ 82, 38, 72]],

[ 8, 5, 0,[ 41, 16, 53]],

[ 61, 5, 0,[ 5, 83, 21]],

[ 63, 55, 1,[ 98, 73, 70]],

[ 79, 65, 0,[ 1, 12, 4]],

[ 95, 35, 1,[ 13, 10, 23]],

[ 30, 55, 1,[ 56, 73, 96]],

[ 13, 35, 0,[ 95, 69, 6]],

[ 15, 15, 1,[ 42, 52, 43, 1, 41]],

[ 77, 75, 1,[ 18, 88]],

[ 80, 35, 0,[ 17, 41]],

[ 54, 75, 1,[ 41, 60, 85]],

[ 33, 35, 0,[ 27, 43, 2]],

[ 64, 95, 1,[ 14, 87, 59, 42, 36]],

[ 27, 45, 1,[ 33, 29, 17, 24, 62]],

[ 83, 55, 1,[ 61, 25, 99]],

[ 98, 85, 1,[ 36, 67, 93, 63, 26]],

[ 37, 15, 0,[ 74, 86, 73]],

[ 17, 35, 0,[ 7, 49, 80, 27]],

[ 23, 5, 0,[ 0, 95, 45]],

[ 45, 55, 1,[ 23, 66, 69]],

[ 42, 35, 0,[ 15, 64, 49]],

[ 41, 25, 1,[ 15, 8, 59, 54, 80]],

[ 53, 85, 1,[ 84, 93, 8]],

[ 87, 85, 0,[ 97, 64, 75, 60]],

[ 76, 5, 0,[ 70, 1, 11]],

[ 43, 35, 1,[ 15, 62, 33]],

[ 5, 5, 1,[ 22, 61, 99]],

[ 67, 75, 1,[ 52, 98, 88, 96, 6, 32]],

[ 12, 65, 1,[ 57, 78, 79, 94, 74]],

[ 78, 65, 0,[ 16, 12, 44]],

[ 75, 45, 0,[ 6, 18, 87]],

[ 92, 15, 0,[]],

[ 66, 55, 0,[ 55, 29, 45]],

[ 7, 55, 1,[ 17, 40, 28]],

[ 6, 35, 0,[ 67, 13, 75]],

[ 35, 85, 0,[ 48, 91, 20]],

[ 49, 35, 1,[ 17, 42, 81, 39]],

[ 18, 45, 1,[ 75, 19, 34, 44, 59, 77]],

[ 59, 95, 0,[ 34, 64, 41, 18]],

[ 72, 25, 0,[ 56, 65, 58]],

[ 56, 55, 0,[ 72, 30, 93]],

[ 89, 5, 0,[ 65, 86, 32]],

[ 65, 25, 1,[ 20, 72, 4, 89]],

[ 44, 65, 0,[ 21, 18, 78]],

[ 28, 95, 1,[ 7, 55, 62]],

[ 90, 5, 0,[ 57, 10, 68]],

[ 26, 85, 0,[ 25, 98]],

[ 74, 5, 1,[ 12, 37, 69, 40]],

[ 22, 5, 0,[ 10, 16, 5]],

[ 32, 5, 0,[ 0, 67, 89]],

[ 96, 75, 0,[ 51, 81, 30, 67]],

[ 16, 5, 0,[ 78, 22, 8]],

[ 31, 65, 0,[ 19, 36, 39]],

[ 39, 65, 1,[ 99, 31, 49, 48]],

[ 46, 75, 0,[ 91, 85, 29]],

[ 0, 5, 1,[ 32, 23, 2]],

[ 50, 35, 1,[ 29, 14, 51]],

[ 29, 25, 1,[ 27, 86, 66, 50, 46]],

[ 85, 75, 0,[ 46, 73, 54]],

[ 91, 85, 1,[ 46, 35, 97]],

[ 86, 65, 1,[ 89, 29, 40, 37, 3]],

[ 9, 5, 1,[ 88, 38, 34]],

[ 71, 5, 0,[ 93, 69, 21]],

[ 93, 5, 1,[ 56, 98, 71, 53, 68]],

[ 55, 65, 1,[ 66, 36, 28]],

[ 21, 35, 1,[ 44, 61, 71, 97, 60]],

[ 40, 55, 0,[ 86, 74, 7]],

