[ 77, 75, 0,[ 86, 45, 3]],

[ 69, 95, 1,[ 67, 29, 12, 21, 39, 7, 55, 32, 43, 26, 41, 14, 61, 58, 98, 79, 99, 78, 56, 0, 48, 6]],

[ 92, 75, 0,[ 3, 86, 93]],

[ 23, 75, 0,[ 93, 45, 86]],

[ 35, 75, 0,[ 93, 53]],

[ 27, 75, 0,[ 38, 93, 3]],

[ 38, 65, 1,[ 46, 53, 7, 89, 91, 27, 5, 20, 31, 28, 32, 2, 33, 42, 97, 36, 34, 3]],

[ 7, 75, 1,[ 38, 86, 69, 3]],

[ 37, 75, 0,[ 28, 93, 45]],

[ 91, 75, 0,[ 45, 38]],

[ 24, 75, 0,[ 45, 53, 93]],

[ 63, 75, 0,[ 93, 86, 45]],

[ 90, 75, 0,[ 93, 3]],

[ 41, 75, 0,[ 93, 69, 86]],

[ 87, 75, 0,[ 93, 86, 3]],

[ 1, 75, 0,[ 93]],

[ 17, 75, 0,[ 93, 86, 3]],

[ 33, 75, 0,[ 86, 93, 38]],

[ 49, 75, 0,[ 86, 45]],

[ 6, 75, 0,[ 28, 69, 93]],

[ 57, 75, 0,[ 93, 3, 28]],

[ 4, 75, 0,[ 45, 93]],

[ 54, 75, 0,[ 93, 86, 3]],

[ 36, 75, 0,[ 86, 38, 3]],

[ 28, 65, 1,[ 6, 57, 37, 86, 38]],

[ 55, 75, 0,[ 86, 93, 69]],

[ 93, 35, 1,[ 24, 56, 41, 54, 75, 1, 83, 87, 37, 74, 18, 96, 70, 6, 13, 73, 82, 17, 46, 47, 51, 97, 52, 20, 40, 2, 90, 16, 57, 85, 22, 81, 62, 55, 68, 63, 8, 12, 23, 0, 39, 95, 4, 35, 31, 89, 94, 71, 72, 33, 65, 92, 29, 27, 88]],

[ 34, 75, 0,[ 38]],

[ 22, 75, 0,[ 53, 45, 93]],

[ 80, 75, 0,[ 45, 3]],

[ 13, 75, 0,[ 86, 3, 93]],

[ 81, 75, 0,[ 3, 93, 86]],

[ 58, 75, 0,[ 86, 3, 69]],

[ 53, 65, 1,[ 25, 51, 3, 22, 76, 84, 38, 24, 35, 10, 45, 60]],

[ 10, 75, 0,[ 86, 53]],

[ 66, 75, 0,[ 3, 86]],

[ 98, 75, 1,[ 86, 69]],

[ 94, 75, 0,[ 3, 86, 93]],

[ 74, 75, 0,[ 93, 45]],

[ 15, 75, 0,[ 86, 45, 3]],

[ 72, 75, 0,[ 86, 3, 93]],

[ 2, 75, 0,[ 38, 93, 45]],

[ 43, 75, 0,[ 51, 69, 86]],

[ 5, 75, 0,[ 38, 45, 86]],

[ 11, 75, 0,[ 60, 86, 3]],

[ 40, 75, 0,[ 93, 3]],

[ 0, 75, 0,[ 69, 86, 93]],

[ 44, 75, 0,[ 3, 86]],

[ 59, 75, 0,[ 45, 3, 42]],

[ 83, 75, 0,[ 93, 86]],

[ 51, 75, 0,[ 43, 93, 53, 86]],

[ 12, 75, 0,[ 69, 93, 3]],

[ 84, 75, 0,[ 53, 3, 86]],

[ 8, 75, 0,[ 45, 3, 93]],

[ 65, 75, 0,[ 93, 3]],

[ 31, 75, 0,[ 45, 93, 38]],

[ 30, 75, 0,[ 45, 86, 3]],

[ 25, 75, 0,[ 3, 53]],

[ 64, 75, 0,[ 86, 45, 3]],

[ 9, 75, 0,[ 45, 86, 3]],

[ 42, 75, 0,[ 38, 3, 59]],

[ 52, 75, 0,[ 93, 3, 50]],

[ 86, 15, 1,[ 29, 75, 41, 72, 61, 56, 58, 32, 18, 33, 7, 63, 98, 55, 26, 21, 67, 76, 94, 79, 16, 64, 73, 54, 36, 47, 23, 92, 43, 85, 15, 87, 10, 0, 71, 51, 83, 50, 84, 28, 9, 11, 5, 66, 30, 77, 14, 48, 13, 17, 97, 44, 49, 81]],

[ 32, 75, 0,[ 69, 86, 38]],

[ 96, 75, 0,[ 3, 93]],

[ 18, 75, 0,[ 86, 93]],

[ 20, 75, 0,[ 93, 38]],

[ 99, 75, 0,[ 45, 69, 3]],

[ 78, 75, 0,[ 69, 3]],

[ 29, 75, 0,[ 86, 93, 69]],

[ 48, 75, 0,[ 86, 69]],

[ 85, 75, 0,[ 86, 93, 45]],

[ 71, 75, 0,[ 86, 3, 93]],

[ 76, 75, 0,[ 45, 86, 53]],

[ 70, 75, 0,[ 45, 3, 93]],

[ 89, 75, 0,[ 3, 38, 93]],

[ 67, 75, 0,[ 86, 3, 69]],

[ 16, 75, 0,[ 93, 86, 45]],

[ 3, 45, 1,[ 59, 77, 50, 66, 64, 42, 62, 84, 67, 88, 94, 81, 52, 53, 75, 70, 87, 19, 13, 78, 17, 27, 92, 30, 96, 68, 44, 25, 54, 72, 82, 38, 57, 65, 99, 36, 12, 60, 80, 89, 15, 40, 58, 8, 90, 71, 11, 7, 9]],

[ 73, 75, 0,[ 93, 86, 45]],

[ 88, 75, 0,[ 45, 93, 3]],

[ 21, 75, 0,[ 45, 69, 86]],

[ 75, 75, 0,[ 86, 3, 93]],

[ 97, 75, 0,[ 93, 38, 86]],

[ 60, 75, 0,[ 53, 11, 3]],

[ 62, 75, 0,[ 3, 45, 93]],

[ 95, 75, 0,[ 45, 93]],

[ 56, 75, 0,[ 69, 93, 86]],

[ 45, 85, 1,[ 77, 95, 4, 62, 76, 19, 16, 64, 2, 31, 79, 9, 24, 99, 88, 15, 21, 47, 80, 30, 74, 22, 46, 26, 70, 53, 63, 85, 49, 37, 91, 73, 23, 59, 5, 8]],

[ 82, 75, 0,[ 3, 93]],

[ 14, 75, 0,[ 69, 86]],

[ 19, 75, 0,[ 45, 3]],

[ 26, 75, 0,[ 69, 86, 45]],

[ 46, 75, 0,[ 93, 38, 45]],

[ 50, 75, 0,[ 3, 52, 86]],

[ 47, 75, 0,[ 45, 93, 86]],

[ 61, 75, 0,[ 86, 69]],

[ 39, 75, 0,[ 69, 93]],

[ 79, 75, 0,[ 45, 86, 69]],

[ 68, 75, 0,[ 3, 93]],

