[ 54, 25, 1,[ 22, 29, 81]],

[ 89, 75, 1,[ 79, 41, 96, 4]],

[ 74, 55, 1,[ 40, 6, 67, 73, 59]],

[ 59, 65, 1,[ 95, 47, 17, 74]],

[ 77, 75, 0,[ 49, 64, 17]],

[ 41, 35, 0,[ 3, 13, 89]],

[ 20, 25, 0,[ 90, 95, 43]],

[ 92, 15, 1,[ 51, 96, 68, 55, 52, 56, 67]],

[ 94, 5, 1,[ 50, 57, 70]],

[ 66, 5, 1,[ 36, 85, 61]],

[ 78, 35, 1,[ 45, 28, 37]],

[ 10, 25, 1,[ 36, 56, 82]],

[ 28, 95, 0,[ 80, 78, 27]],

[ 34, 95, 0,[ 5, 2, 91, 58]],

[ 45, 85, 0,[ 78, 0, 51]],

[ 51, 85, 0,[ 92, 45, 23]],

[ 63, 15, 0,[ 13, 70, 30]],

[ 90, 5, 1,[ 43, 20]],

[ 2, 45, 0,[ 34, 18, 88, 36]],

[ 55, 5, 0,[ 92, 38, 46]],

[ 61, 35, 1,[ 6, 4, 66]],

[ 71, 25, 1,[ 86, 7, 65]],

[ 11, 45, 0,[ 25, 39, 81]],

[ 95, 25, 0,[ 59, 18, 20]],

[ 79, 35, 0,[ 89, 13, 53]],

[ 4, 75, 0,[ 61, 89, 86]],

[ 69, 5, 0,[ 9, 29, 60]],

[ 30, 5, 0,[ 46, 32, 63]],

[ 52, 15, 1,[ 37, 44, 92]],

[ 29, 25, 1,[ 64, 99, 69, 54, 32]],

[ 65, 95, 0,[ 15, 71, 23, 42]],

[ 25, 95, 0,[ 40, 19, 11]],

[ 14, 15, 0,[ 62, 80, 7, 70]],

[ 64, 55, 0,[ 77, 29, 5]],

[ 67, 55, 0,[ 98, 74, 92, 73]],

[ 88, 45, 1,[ 58, 98, 2, 75]],

[ 42, 95, 1,[ 76, 39, 65]],

[ 39, 15, 1,[ 11, 31, 42, 62]],

[ 58, 95, 0,[ 88, 21, 49, 34]],

[ 9, 75, 0,[ 86, 87, 69]],

[ 85, 65, 1,[ 93, 75, 66, 1]],

[ 93, 65, 0,[ 50, 85, 47]],

[ 8, 5, 1,[ 37, 75, 3]],

[ 86, 25, 0,[ 71, 9, 4]],

[ 84, 95, 1,[ 76, 33, 46]],

[ 46, 5, 1,[ 84, 30, 33, 55, 26]],

[ 99, 85, 1,[ 0, 19, 29]],

[ 12, 25, 0,[ 70, 15]],

[ 37, 95, 1,[ 52, 50, 78, 8]],

[ 5, 55, 0,[ 56, 64, 34]],

[ 31, 15, 1,[ 39, 43, 82, 72]],

[ 68, 25, 1,[ 80, 92, 24]],

[ 80, 95, 1,[ 87, 28, 68, 97, 14]],

[ 1, 65, 0,[ 47, 85, 18]],

[ 98, 5, 0,[ 88, 24, 67]],

[ 75, 15, 1,[ 88, 85, 21, 8]],

[ 7, 25, 0,[ 14, 71, 3, 48]],

[ 49, 95, 0,[ 58, 77, 38]],

[ 15, 25, 0,[ 12, 65, 62]],

[ 48, 85, 1,[ 87, 7, 97]],

[ 18, 25, 0,[ 2, 95, 1]],

[ 53, 75, 0,[ 17, 83, 79]],

[ 70, 15, 0,[ 63, 14, 12, 94, 21]],

[ 72, 35, 1,[ 40, 73, 31, 82]],

[ 3, 5, 0,[ 7, 8, 41]],

[ 16, 35, 0,[ 23, 97]],

[ 17, 75, 1,[ 13, 83, 53, 59, 77]],

[ 83, 75, 0,[ 53, 17, 76]],

[ 50, 65, 0,[ 93, 37, 94]],

[ 21, 15, 0,[ 75, 58, 70, 0]],

[ 35, 25, 1,[ 57, 40, 23]],

[ 87, 75, 1,[ 9, 80, 48, 81]],

[ 60, 5, 0,[ 69, 38, 22]],

[ 91, 35, 0,[ 22, 34]],

[ 47, 65, 0,[ 93, 1, 59]],

[ 6, 25, 1,[ 82, 62, 61, 74]],

[ 44, 15, 1,[ 57, 52, 40]],

[ 33, 25, 1,[ 46, 84, 81]],

[ 38, 75, 0,[ 26, 60, 49, 55]],

[ 76, 45, 1,[ 84, 42, 83, 81]],

[ 96, 15, 1,[ 92, 89, 62]],

[ 32, 75, 1,[ 26, 30, 29]],

[ 24, 5, 1,[ 98, 68]],

[ 36, 25, 0,[ 10, 66, 2]],

[ 62, 55, 1,[ 14, 96, 15, 39, 6]],

[ 27, 95, 0,[ 28]],

[ 23, 85, 1,[ 35, 65, 16, 51]],

[ 57, 15, 0,[ 44, 94, 35]],

[ 40, 95, 1,[ 72, 25, 74, 44, 35]],

[ 13, 35, 1,[ 41, 22, 79, 17, 63]],

[ 81, 45, 1,[ 87, 76, 33, 54, 11]],

[ 97, 35, 1,[ 48, 16, 19, 80]],

[ 82, 45, 1,[ 10, 6, 72, 31]],

[ 73, 55, 0,[ 67, 72, 74]],

[ 43, 25, 0,[ 31, 20, 90]],

[ 19, 5, 1,[ 25, 99, 97]],

[ 56, 55, 1,[ 5, 22, 92, 10, 26]],

[ 22, 35, 1,[ 54, 56, 91, 13, 60]],

[ 26, 75, 1,[ 46, 38, 32, 56]],

[ 0, 15, 0,[ 99, 21, 45]],

