[ 60, 45, 0,[ 97, 53, 98]],

[ 52, 65, 0,[ 63, 28, 68]],

[ 39, 65, 0,[ 13, 14, 20]],

[ 57, 85, 0,[ 42, 7, 14]],

[ 81, 95, 0,[ 93, 10, 66]],

[ 8, 95, 0,[ 21, 55, 63, 17]],

[ 93, 95, 1,[ 50, 70, 49, 81, 89, 76, 37, 40, 95, 92, 54, 85, 84, 88, 82]],

[ 28, 15, 1,[ 56, 52, 33, 99, 69, 90, 12, 67, 78, 48, 54]],

[ 53, 45, 1,[ 4, 19, 97, 33, 65, 25, 44, 15, 32, 60, 83, 66, 49]],

[ 65, 95, 0,[ 45, 54, 53]],

[ 95, 65, 0,[ 93, 14, 69]],

[ 40, 65, 0,[ 93, 20, 34]],

[ 44, 25, 0,[ 53, 38, 85]],

[ 9, 65, 0,[ 14, 96, 87]],

[ 82, 95, 0,[ 48, 93, 91]],

[ 7, 95, 0,[ 63, 62, 57, 31, 21]],

[ 36, 95, 0,[ 76, 3, 22]],

[ 59, 65, 0,[ 14, 63, 87]],

[ 29, 65, 0,[ 72, 87, 97]],

[ 51, 65, 0,[ 6, 14, 75, 5, 1]],

[ 56, 95, 0,[ 63, 28, 79]],

[ 4, 45, 0,[ 14, 61, 98, 53]],

[ 98, 55, 1,[ 69, 4, 23, 24, 62, 60, 99, 20, 19]],

[ 58, 25, 0,[ 94, 14, 77, 26, 3]],

[ 83, 45, 0,[ 41, 53, 92]],

[ 84, 65, 0,[ 96, 86, 80, 93]],

[ 16, 95, 0,[ 49, 30, 76, 92]],

[ 32, 25, 0,[ 6, 14, 53]],

[ 23, 65, 0,[ 26, 71, 98]],

[ 54, 95, 0,[ 28, 65, 93, 94]],

[ 64, 65, 0,[ 17, 46, 90]],

[ 26, 65, 0,[ 61, 58, 23]],

[ 14, 25, 1,[ 39, 88, 47, 18, 58, 38, 4, 57, 59, 0, 9, 95, 51, 32, 94]],

[ 63, 95, 1,[ 34, 8, 2, 59, 56, 7, 11, 91, 45, 18, 52, 43]],

[ 70, 45, 0,[ 97, 93, 35]],

[ 89, 95, 0,[ 78, 22, 10, 93]],

[ 6, 65, 0,[ 51, 32, 13]],

[ 90, 65, 0,[ 64, 28, 73, 42]],

[ 17, 65, 0,[ 64, 8, 0]],

[ 91, 95, 0,[ 82, 22, 63]],

[ 18, 95, 0,[ 14, 63, 47]],

[ 37, 95, 0,[ 93, 3, 67]],

[ 35, 65, 0,[ 70, 71, 34]],

[ 42, 85, 0,[ 57, 90, 3]],

[ 55, 95, 0,[ 66, 8, 86]],

[ 76, 95, 0,[ 19, 93, 16, 36, 27, 46]],

[ 99, 15, 0,[ 28, 98, 34]],

[ 13, 65, 0,[ 50, 6, 47, 39, 79]],

[ 30, 95, 0,[ 16, 3, 27]],

[ 45, 65, 1,[ 65, 68, 3, 63]],

[ 21, 95, 0,[ 7, 3, 8]],

[ 27, 95, 0,[ 96, 30, 76]],

[ 80, 65, 0,[ 3, 84, 15]],

[ 33, 45, 0,[ 53, 28, 41]],

[ 68, 65, 0,[ 52, 47, 45]],

[ 49, 95, 0,[ 16, 93, 53]],

[ 86, 15, 1,[ 25, 55, 75, 84]],

[ 62, 95, 0,[ 7, 98, 73]],

[ 10, 95, 0,[ 89, 81, 3]],

[ 5, 65, 0,[ 85, 72, 20, 51]],

[ 3, 85, 1,[ 30, 10, 37, 31, 46, 80, 43, 58, 36, 42, 21, 50, 45]],

[ 15, 65, 0,[ 34, 53, 80]],

[ 92, 95, 0,[ 12, 16, 93, 83]],

[ 24, 55, 0,[ 98, 77]],

[ 85, 25, 0,[ 93, 5, 44]],

[ 78, 95, 0,[ 19, 28, 79, 89]],

[ 96, 65, 0,[ 27, 84, 9]],

[ 2, 95, 0,[ 77, 63, 22]],

[ 25, 15, 0,[ 86, 69, 53]],

[ 72, 65, 0,[ 48, 5, 29, 1]],

[ 67, 95, 0,[ 28, 37, 88]],

[ 71, 65, 0,[ 35, 23, 61]],

[ 41, 45, 0,[ 74, 33, 83]],

[ 61, 65, 0,[ 71, 26, 4]],

[ 20, 65, 0,[ 39, 12, 40, 5, 98]],

[ 74, 65, 0,[ 34, 47, 41]],

[ 19, 95, 0,[ 98, 53, 76, 78]],

[ 22, 95, 0,[ 2, 89, 36, 91]],

[ 12, 65, 0,[ 28, 92, 20]],

[ 79, 95, 0,[ 56, 13, 78]],

[ 1, 65, 0,[ 11, 51, 72]],

[ 87, 65, 0,[ 59, 9, 73, 29]],

[ 48, 65, 0,[ 82, 28, 72]],

[ 34, 65, 0,[ 63, 75, 99, 31, 74, 35, 15, 0, 40]],

[ 94, 25, 0,[ 54, 58, 14]],

[ 47, 65, 0,[ 14, 13, 74, 18, 68]],

[ 38, 25, 0,[ 44, 14]],

[ 46, 85, 0,[ 97, 64, 76, 3]],

[ 11, 95, 0,[ 63, 1]],

[ 43, 65, 0,[ 73, 63, 3]],

[ 69, 65, 1,[ 28, 98, 25, 95]],

[ 77, 95, 0,[ 24, 2, 58]],

[ 97, 45, 0,[ 70, 53, 46, 29, 60]],

[ 0, 65, 0,[ 34, 14, 17]],

[ 73, 65, 0,[ 62, 87, 90, 43]],

[ 50, 85, 0,[ 13, 93, 3]],

[ 75, 65, 0,[ 34, 51, 86]],

[ 88, 95, 0,[ 14, 67, 93]],

[ 31, 65, 0,[ 7, 34, 3]],

[ 66, 95, 0,[ 81, 53, 55]],

