[ 33, 45, 1,[ 48, 1, 69, 2]],

[ 87, 75, 1,[ 74, 42, 81]],

[ 39, 75, 1,[ 76, 23, 60]],

[ 1, 75, 0,[ 94, 33, 15]],

[ 58, 95, 0,[ 81, 62]],

[ 2, 35, 0,[ 94, 33, 90]],

[ 61, 95, 1,[ 43, 32]],

[ 62, 75, 0,[ 76, 97, 24, 58]],

[ 35, 35, 1,[ 12, 8, 18]],

[ 63, 75, 0,[ 11, 8, 20]],

[ 36, 75, 0,[ 3, 85, 71, 88]],

[ 81, 65, 1,[ 9, 21, 58, 87, 37, 55]],

[ 9, 35, 0,[ 46, 15, 97, 81]],

[ 25, 95, 0,[ 46, 6, 68]],

[ 49, 85, 0,[ 22, 74, 54]],

[ 68, 85, 1,[ 91, 59, 96, 25]],

[ 88, 75, 0,[ 36, 71, 13]],

[ 13, 5, 1,[ 88, 34, 78]],

[ 5, 75, 0,[ 80, 37, 22]],

[ 15, 95, 0,[ 9, 51, 1]],

[ 67, 35, 0,[ 24, 16, 22]],

[ 43, 95, 0,[ 6, 61, 89]],

[ 77, 45, 0,[ 23, 40, 26]],

[ 92, 75, 1,[ 66, 99, 22]],

[ 85, 55, 1,[ 0, 36, 31, 40, 60]],

[ 0, 75, 0,[ 78, 85, 80, 91]],

[ 56, 45, 1,[ 53, 65, 45, 82, 70]],

[ 75, 15, 1,[ 99, 84, 18]],

[ 51, 25, 1,[ 7, 29, 18, 52, 15]],

[ 7, 35, 0,[ 16, 44, 51]],

[ 30, 55, 0,[ 21, 26, 19]],

[ 55, 75, 0,[ 72, 81, 90]],

[ 90, 95, 1,[ 47, 2, 82, 66, 64, 55]],

[ 22, 55, 1,[ 67, 21, 92, 46, 37, 49, 5, 19, 27]],

[ 17, 5, 1,[ 86, 41]],

[ 37, 95, 1,[ 22, 79, 81, 5]],

[ 4, 75, 0,[ 52, 74, 54]],

[ 74, 65, 1,[ 87, 29, 45, 4, 59, 49, 14]],

[ 10, 75, 1,[ 89, 38, 66, 20]],

[ 26, 55, 1,[ 57, 31, 77, 73, 34, 30]],

[ 12, 75, 0,[ 47, 72, 97, 35, 69]],

[ 48, 75, 1,[ 66, 33]],

[ 53, 35, 0,[ 28, 56, 16]],

[ 64, 75, 0,[ 90, 52, 20]],

[ 79, 45, 1,[ 37, 14, 20]],

[ 46, 75, 1,[ 22, 31, 96, 9, 25]],

[ 59, 75, 1,[ 68, 74]],

[ 34, 75, 0,[ 26, 24, 13]],

[ 24, 85, 1,[ 34, 62, 89, 50, 67]],

[ 42, 35, 1,[ 80, 87, 76]],

[ 65, 75, 0,[ 72, 56, 78]],

[ 38, 35, 0,[ 95, 72, 10]],

[ 41, 25, 0,[ 45, 17, 70]],

[ 84, 95, 1,[ 75, 57, 8, 32]],

[ 69, 75, 0,[ 33, 12, 72]],

[ 99, 75, 1,[ 92, 97, 75]],

[ 73, 35, 0,[ 26, 89, 16]],

[ 44, 65, 1,[ 3, 7, 19]],

[ 11, 95, 0,[ 52, 23, 63, 16]],

[ 76, 5, 1,[ 42, 62, 39]],

[ 45, 95, 0,[ 41, 56, 74]],

[ 27, 35, 0,[ 22, 80, 32]],

[ 78, 25, 1,[ 65, 0, 83, 13]],

[ 21, 55, 0,[ 94, 81, 22, 30]],

[ 19, 35, 1,[ 30, 44, 22]],

[ 72, 85, 1,[ 12, 65, 55, 38, 69]],

[ 83, 95, 0,[ 78, 16]],

[ 50, 95, 0,[ 96, 24]],

[ 20, 35, 1,[ 64, 63, 79, 10, 23]],

[ 71, 25, 1,[ 95, 36, 88, 40, 98]],

[ 23, 35, 1,[ 77, 54, 20, 11, 39]],

[ 18, 75, 0,[ 51, 35, 75]],

[ 3, 75, 0,[ 36, 32, 44]],

[ 14, 75, 0,[ 79, 52, 74]],

[ 40, 75, 0,[ 16, 85, 71, 77]],

[ 29, 75, 0,[ 51, 74, 6]],

[ 94, 25, 1,[ 2, 21, 82, 93, 1]],

[ 95, 25, 0,[ 71, 38, 97]],

[ 8, 5, 1,[ 63, 35, 84, 6]],

[ 96, 75, 1,[ 46, 68, 52, 50]],

[ 54, 95, 1,[ 49, 4, 80, 23]],

[ 80, 5, 1,[ 54, 98, 27, 5, 0, 42]],

[ 57, 95, 0,[ 26, 84]],

[ 28, 35, 0,[ 16, 53]],

[ 60, 35, 0,[ 6, 85, 39]],

[ 32, 75, 1,[ 84, 61, 27, 3]],

[ 70, 35, 0,[ 41, 56, 52]],

[ 47, 75, 0,[ 12, 90]],

[ 82, 75, 1,[ 94, 86, 56, 90]],

[ 93, 95, 0,[ 94, 98, 97]],

[ 6, 45, 1,[ 25, 29, 60, 43, 8]],

[ 89, 75, 1,[ 43, 10, 73, 24]],

[ 97, 45, 1,[ 95, 9, 62, 12, 99, 93]],

[ 98, 35, 0,[ 71, 80, 93]],

[ 31, 35, 1,[ 46, 85, 26]],

[ 52, 55, 1,[ 96, 14, 64, 51, 70, 11, 4]],

[ 16, 15, 1,[ 67, 7, 28, 83, 11, 53, 40, 86, 73]],

[ 91, 75, 0,[ 68, 0]],

[ 66, 95, 1,[ 90, 10, 48, 92]],

[ 86, 95, 0,[ 82, 17, 16]],

