[ 68, 95, 1,[ 43, 71, 57, 9, 99]],

[ 90, 65, 1,[ 72, 46, 59]],

[ 18, 85, 0,[ 87, 59, 31]],

[ 69, 65, 0,[ 36, 73, 67]],

[ 83, 45, 0,[ 58, 22, 98]],

[ 87, 35, 1,[ 23, 62, 18]],

[ 63, 95, 0,[ 48, 77, 64, 61]],

[ 79, 45, 1,[ 46, 33, 96, 50]],

[ 73, 5, 0,[ 69, 33]],

[ 71, 65, 0,[ 21, 68, 41]],

[ 70, 45, 0,[ 10, 45, 41, 15]],

[ 37, 5, 1,[ 35, 29, 94]],

[ 42, 95, 1,[ 13, 80, 50]],

[ 19, 35, 1,[ 33, 81, 10, 17, 58, 55]],

[ 57, 95, 0,[ 14, 5, 68, 3]],

[ 4, 55, 0,[ 88, 66]],

[ 36, 65, 0,[ 54, 48, 69]],

[ 61, 5, 1,[ 63, 28, 45]],

[ 20, 5, 1,[ 91, 65, 88, 3, 13]],

[ 43, 95, 0,[ 91, 68, 80]],

[ 50, 25, 0,[ 79, 42, 40]],

[ 22, 65, 1,[ 83, 76, 54, 92]],

[ 6, 5, 1,[ 75, 60, 39]],

[ 59, 15, 1,[ 18, 45, 90]],

[ 84, 65, 1,[ 51, 74, 97, 55, 32]],

[ 41, 45, 0,[ 70, 51, 71]],

[ 64, 95, 0,[ 48, 77, 63]],

[ 56, 15, 1,[ 24, 82, 86, 89]],

[ 28, 35, 0,[ 61, 23, 53]],

[ 91, 55, 0,[ 43, 20, 66]],

[ 86, 55, 0,[ 82, 56, 81, 2]],

[ 7, 85, 0,[ 49, 14, 24]],

[ 85, 65, 0,[ 47, 93, 75]],

[ 34, 55, 0,[ 1, 9]],

[ 48, 85, 1,[ 63, 36, 64]],

[ 60, 85, 0,[ 6, 62, 66, 26]],

[ 92, 45, 1,[ 72, 75, 22]],

[ 93, 95, 0,[ 85, 17, 76, 47]],

[ 29, 5, 0,[ 88, 37, 78]],

[ 14, 95, 0,[ 40, 57, 7]],

[ 13, 55, 1,[ 20, 54, 42]],

[ 2, 55, 0,[ 16, 86, 26]],

[ 0, 85, 0,[ 65, 52, 62]],

[ 52, 65, 1,[ 89, 0, 11, 67]],

[ 81, 75, 1,[ 19, 23, 86]],

[ 80, 85, 1,[ 39, 8, 43, 42, 78]],

[ 3, 95, 0,[ 57, 32, 20]],

[ 74, 45, 1,[ 84, 95, 99]],

[ 62, 85, 1,[ 30, 0, 87, 11, 60]],

[ 72, 55, 1,[ 31, 90, 92, 65, 75]],

[ 51, 55, 1,[ 31, 96, 41, 84, 1]],

[ 16, 95, 1,[ 23, 66, 2]],

[ 53, 15, 0,[ 76, 28, 95]],

[ 21, 65, 0,[ 71, 58, 78]],

[ 9, 95, 0,[ 34, 89, 68]],

[ 88, 5, 0,[ 4, 20, 29]],

[ 17, 95, 1,[ 93, 98, 27, 19]],

[ 8, 25, 1,[ 38, 80, 47, 96]],

[ 33, 5, 1,[ 73, 19, 10, 79]],

[ 40, 25, 1,[ 14, 50, 32]],

[ 89, 45, 1,[ 52, 9, 56, 44]],

[ 44, 75, 1,[ 96, 39, 89, 30]],

[ 39, 75, 1,[ 6, 80, 44]],

[ 75, 65, 1,[ 6, 85, 92, 72]],

[ 38, 65, 0,[ 8, 55, 25]],

[ 32, 85, 1,[ 67, 84, 3, 40]],

[ 66, 55, 1,[ 16, 60, 91, 4]],

[ 31, 85, 1,[ 18, 72, 51, 76]],

[ 95, 25, 1,[ 15, 74, 53, 46]],

[ 76, 15, 1,[ 93, 53, 24, 31, 22]],

[ 11, 65, 0,[ 62, 52, 98]],

[ 26, 55, 0,[ 2, 60, 1]],

[ 15, 45, 0,[ 95, 70]],

[ 54, 65, 1,[ 13, 77, 36, 22]],

[ 97, 35, 1,[ 5, 84, 27, 10]],

[ 96, 35, 1,[ 8, 51, 46, 79, 44]],

[ 1, 55, 0,[ 51, 26, 34]],

[ 30, 85, 0,[ 62, 44]],

[ 25, 85, 0,[ 82, 38]],

[ 82, 85, 1,[ 86, 24, 25, 56, 12]],

[ 49, 85, 0,[ 67, 7, 12]],

[ 77, 65, 0,[ 63, 64, 54]],

[ 35, 45, 1,[ 24, 99, 37, 23]],

[ 47, 25, 0,[ 78, 85, 8, 93]],

[ 94, 55, 1,[ 37, 5, 27]],

[ 24, 85, 1,[ 7, 56, 35, 76, 82]],

[ 65, 85, 0,[ 72, 0, 20]],

[ 55, 65, 0,[ 19, 38, 84]],

[ 58, 45, 0,[ 21, 19, 83]],

[ 27, 95, 0,[ 94, 17, 97]],

[ 99, 95, 1,[ 68, 74, 35]],

[ 67, 65, 0,[ 32, 49, 69, 52]],

[ 23, 35, 1,[ 81, 16, 28, 87, 35]],

[ 45, 5, 0,[ 61, 70, 59]],

[ 78, 75, 1,[ 21, 47, 80, 29]],

[ 5, 95, 0,[ 97, 94, 57]],

[ 12, 85, 0,[ 82, 49]],

[ 98, 45, 0,[ 11, 17, 83]],

[ 10, 55, 1,[ 19, 97, 70, 33]],

[ 46, 65, 1,[ 96, 79, 95, 90]],

