[ 41, 55, 0,[ 61, 52, 53]],

[ 97, 55, 0,[ 34, 40, 92, 12]],

[ 64, 55, 0,[ 37, 75, 25, 76]],

[ 31, 55, 1,[ 75, 15, 28, 63, 70, 34, 18, 58, 52, 7, 38, 84]],

[ 76, 55, 0,[ 8, 82, 64]],

[ 86, 55, 0,[ 50, 26]],

[ 69, 55, 0,[ 70, 52, 8]],

[ 36, 55, 0,[ 43]],

[ 52, 25, 1,[ 82, 69, 79, 22, 31, 41, 89, 19]],

[ 9, 55, 0,[ 90, 26, 96]],

[ 57, 55, 0,[ 26, 58, 59]],

[ 59, 55, 0,[ 68, 57, 21]],

[ 65, 55, 0,[ 95, 15, 4]],

[ 13, 55, 0,[ 40, 29, 0]],

[ 80, 55, 0,[ 40, 8, 70]],

[ 8, 55, 1,[ 83, 44, 80, 99, 23, 40, 81, 62, 50, 55, 69, 85, 76]],

[ 81, 55, 0,[ 88, 8, 2]],

[ 56, 55, 0,[ 1, 33, 37, 96]],

[ 34, 55, 0,[ 31, 97, 68]],

[ 89, 55, 1,[ 27, 88, 52, 74, 83, 12]],

[ 48, 55, 0,[ 58, 98]],

[ 28, 55, 0,[ 87, 31, 43]],

[ 0, 55, 0,[ 77, 13]],

[ 95, 55, 0,[ 65, 92, 33, 96]],

[ 15, 55, 0,[ 78, 67, 31, 65]],

[ 61, 65, 1,[ 38, 46, 32, 66, 91, 41, 4]],

[ 96, 55, 1,[ 58, 99, 56, 37, 68, 72, 95, 9, 98]],

[ 42, 55, 0,[ 19, 22, 44]],

[ 91, 55, 0,[ 4, 33, 61]],

[ 70, 55, 0,[ 69, 31, 80, 5]],

[ 79, 55, 0,[ 24, 52, 54, 27, 85]],

[ 17, 55, 0,[ 21, 46, 78, 19]],

[ 38, 55, 0,[ 31, 21, 61]],

[ 33, 55, 0,[ 56, 95, 91]],

[ 46, 55, 0,[ 17, 5, 61]],

[ 40, 55, 0,[ 8, 97, 80, 44, 13]],

[ 87, 55, 0,[ 60, 63, 28]],

[ 20, 55, 0,[ 90, 24, 21]],

[ 74, 55, 0,[ 89, 72, 53]],

[ 45, 55, 0,[ 44, 71, 85]],

[ 24, 55, 0,[ 82, 79, 98, 20]],

[ 78, 55, 0,[ 15, 2, 17]],

[ 53, 55, 0,[ 30, 14, 74, 41]],

[ 88, 55, 0,[ 81, 89, 39]],

[ 85, 55, 0,[ 93, 8, 18, 54, 79, 45]],

[ 58, 55, 0,[ 31, 57, 96, 48]],

[ 77, 55, 0,[ 0, 32, 3]],

[ 92, 55, 0,[ 95, 22, 97]],

[ 43, 55, 0,[ 18, 2, 28, 36]],

[ 7, 55, 0,[ 35, 68, 31]],

[ 63, 55, 0,[ 31, 87, 71]],

[ 30, 55, 0,[ 60, 53, 35]],

[ 75, 55, 0,[ 31, 98, 64]],

[ 54, 55, 0,[ 3, 85, 79, 29]],

[ 50, 55, 0,[ 86, 23, 8]],

[ 51, 55, 0,[ 68, 49, 67]],

[ 82, 55, 1,[ 68, 25, 76, 93, 37, 24, 16, 10, 52]],

[ 98, 55, 0,[ 24, 96, 75, 48]],

[ 2, 55, 0,[ 81, 43, 78, 47]],

[ 83, 55, 0,[ 29, 8, 89]],

[ 26, 55, 0,[ 86, 57, 9, 90]],

[ 6, 55, 0,[ 71]],

[ 66, 55, 0,[ 47, 1, 61]],

[ 72, 55, 0,[ 32, 74, 96, 21]],

[ 12, 55, 0,[ 5, 97, 89]],

[ 62, 55, 0,[ 73, 21, 8, 94, 3]],

[ 94, 55, 0,[ 35, 47, 62]],

[ 44, 55, 0,[ 39, 42, 40, 45, 8]],

[ 22, 55, 0,[ 52, 42, 92]],

[ 4, 55, 0,[ 91, 61, 10, 65]],

[ 16, 55, 0,[ 90, 55, 18, 82]],

[ 84, 55, 0,[ 31]],

[ 60, 55, 0,[ 30, 5, 87]],

[ 71, 55, 0,[ 11, 63, 45, 6]],

[ 55, 55, 0,[ 8, 16]],

[ 39, 55, 0,[ 88, 44]],

[ 99, 55, 0,[ 96, 8, 37]],

[ 37, 15, 1,[ 96, 64, 56, 82, 99, 35]],

[ 47, 55, 0,[ 94, 66, 2]],

[ 21, 55, 0,[ 38, 59, 62, 17, 72, 20]],

[ 1, 55, 0,[ 56, 66]],

[ 68, 5, 1,[ 82, 59, 96, 34, 7, 51]],

[ 35, 55, 1,[ 7, 30, 73, 94, 37, 25]],

[ 93, 55, 0,[ 85, 23, 82]],

[ 23, 55, 0,[ 8, 10, 50, 93, 73]],

[ 67, 55, 0,[ 51, 27, 15]],

[ 73, 55, 0,[ 23, 62, 35]],

[ 11, 55, 0,[ 10, 90, 71]],

[ 90, 55, 0,[ 26, 11, 20, 9, 16, 14]],

[ 49, 55, 0,[ 51]],

[ 18, 55, 0,[ 85, 43, 31, 16]],

[ 3, 55, 0,[ 77, 54, 62]],

[ 32, 55, 0,[ 72, 61, 77]],

[ 27, 55, 0,[ 79, 89, 67]],

[ 14, 55, 0,[ 90, 53]],

[ 19, 55, 0,[ 17, 42, 52]],

[ 10, 55, 0,[ 82, 11, 23, 4]],

[ 25, 55, 0,[ 64, 82, 35]],

[ 29, 55, 0,[ 83, 54, 13]],

[ 5, 55, 0,[ 70, 46, 60, 12]],

[ 80, 35, 0,[ 15, 92, 78, 1]],

[ 47, 35, 0,[ 63, 26, 42]],

[ 18, 35, 0,[ 58, 88, 57]],

[ 46, 35, 0,[ 76, 54, 0]],

[ 79, 35, 0,[ 52, 63, 67, 3, 98]],

[ 53, 35, 0,[ 52, 97, 76, 17]],

[ 64, 35, 0,[ 89, 70, 10]],

[ 42, 35, 0,[ 54, 30, 39, 47]],

[ 9, 35, 0,[ 95, 12, 35]],

[ 54, 35, 0,[ 58, 46, 99, 87, 42]],

[ 21, 35, 0,[ 8, 56, 12]],

[ 56, 35, 0,[ 25, 28, 38, 49, 21, 29]],

[ 77, 35, 0,[ 8, 95]],

[ 28, 35, 0,[ 92, 74, 89, 56]],

[ 3, 35, 0,[ 79, 50, 30]],

[ 34, 35, 0,[ 27, 43, 48, 37]],

[ 97, 35, 0,[ 15, 72, 53]],

[ 50, 35, 0,[ 32, 48, 23, 3, 60]],

[ 52, 35, 1,[ 79, 61, 78, 53, 12, 89]],

[ 14, 35, 0,[ 63, 83, 8, 69]],

[ 70, 35, 0,[ 16, 64, 99, 59, 60]],

[ 45, 35, 0,[ 19, 23, 74]],

[ 51, 35, 0,[ 66, 12]],

[ 48, 35, 0,[ 8, 34, 50, 13, 98]],

[ 37, 65, 1,[ 15, 96, 35, 30, 34]],

[ 36, 35, 0,[ 4, 39, 94, 16]],

[ 73, 35, 0,[ 27, 86, 7]],

[ 69, 35, 0,[ 14, 60, 96]],

[ 87, 35, 0,[ 23, 54, 99]],

[ 93, 35, 0,[ 98, 8, 89]],

[ 66, 35, 0,[ 71, 29, 51]],

[ 1, 35, 0,[ 80, 40, 91, 26]],

[ 88, 35, 0,[ 19, 18, 72, 32, 41, 0, 60]],

[ 15, 35, 0,[ 33, 97, 80, 38, 37]],

[ 71, 35, 0,[ 75, 66]],

[ 19, 35, 0,[ 88, 45]],

[ 67, 35, 0,[ 79, 86, 95]],

[ 92, 35, 0,[ 31, 80, 28]],

[ 8, 15, 1,[ 2, 94, 26, 75, 10, 14, 68, 21, 6, 48, 93, 77]],

[ 96, 35, 1,[ 37, 41, 25, 69, 83]],

[ 39, 35, 0,[ 36, 42, 60]],

[ 60, 35, 0,[ 39, 29, 88, 57, 70, 50, 69, 7]],

[ 58, 35, 0,[ 18, 31, 54]],

[ 24, 35, 0,[ 95, 16, 68, 57]],

[ 59, 35, 0,[ 31, 13, 70, 17]],

[ 95, 35, 0,[ 9, 24, 31, 77, 67]],

[ 25, 35, 0,[ 96, 56, 27]],

[ 27, 35, 0,[ 31, 73, 25, 34]],

[ 17, 55, 1,[ 53, 65, 59, 90, 55, 94, 63]],

[ 12, 35, 0,[ 52, 21, 9, 84, 51]],

[ 41, 35, 0,[ 44, 96, 55, 88]],

[ 74, 35, 0,[ 72, 45, 28]],

[ 85, 35, 0,[ 84, 76, 49]],

[ 31, 35, 1,[ 44, 59, 92, 58, 27, 33, 90, 95, 32, 6]],

[ 33, 35, 0,[ 31, 15, 61]],

[ 4, 35, 0,[ 36, 75]],

[ 40, 35, 0,[ 84, 35, 1]],

[ 89, 35, 1,[ 62, 23, 5, 93, 64, 52, 28]],

[ 32, 35, 0,[ 50, 88, 31, 65]],

[ 0, 35, 0,[ 88, 46]],

[ 7, 35, 0,[ 73, 60, 11]],

[ 78, 35, 0,[ 29, 52, 80]],

[ 61, 35, 1,[ 98, 52, 33, 5]],

[ 10, 35, 0,[ 8, 64, 13]],

[ 81, 35, 1,[ 98, 6, 29]],

[ 76, 35, 0,[ 46, 53, 85]],

[ 38, 35, 0,[ 56, 62, 15]],

[ 22, 35, 0,[ 29, 57]],

[ 98, 35, 0,[ 81, 48, 93, 79, 61]],

[ 72, 35, 0,[ 74, 88, 97]],

[ 30, 35, 0,[ 42, 37, 3, 23]],

[ 63, 35, 0,[ 17, 91, 47, 14, 79]],

[ 13, 35, 0,[ 48, 59, 10]],

[ 68, 35, 0,[ 24, 8, 82]],

[ 84, 35, 0,[ 85, 82, 12, 40]],

[ 16, 35, 0,[ 70, 36, 24]],

[ 65, 35, 0,[ 32, 29, 17]],

[ 86, 35, 0,[ 67, 2, 90, 73]],

[ 6, 35, 0,[ 31, 81, 8]],

[ 43, 35, 0,[ 20, 34]],

[ 29, 35, 0,[ 56, 78, 81, 22, 66, 60, 65]],

[ 20, 35, 0,[ 55, 43, 35]],

[ 55, 35, 0,[ 20, 41, 17]],

[ 44, 35, 0,[ 31, 41, 11]],

[ 99, 35, 0,[ 87, 70, 54]],

[ 2, 35, 0,[ 8, 91, 86]],

[ 75, 35, 0,[ 71, 57, 4, 8]],

[ 5, 35, 0,[ 61, 89]],

[ 23, 35, 0,[ 89, 87, 50, 30, 45, 26]],

[ 91, 35, 0,[ 2, 1, 63]],

[ 94, 35, 0,[ 17, 8, 36]],

[ 83, 35, 0,[ 96, 82, 14]],

[ 11, 35, 0,[ 7, 49, 44]],

[ 35, 65, 1,[ 9, 20, 40, 37]],

[ 82, 35, 0,[ 68, 84, 83]],

[ 62, 35, 0,[ 89, 57, 38]],

[ 90, 35, 0,[ 31, 17, 86]],

[ 57, 35, 0,[ 24, 75, 22, 62, 18, 60]],

[ 26, 35, 0,[ 8, 47, 23, 1]],

[ 49, 35, 0,[ 85, 11, 56]],

