[ 28, 85, 1,[ 25, 85, 84, 12]],

[ 41, 85, 1,[ 93, 82, 3, 68]],

[ 3, 85, 1,[ 66, 59, 41, 35]],

[ 53, 55, 1,[ 8, 10, 29, 42]],

[ 50, 35, 1,[ 39, 79, 78]],

[ 64, 35, 1,[ 79, 23, 2]],

[ 79, 35, 1,[ 64, 45, 62, 22, 33, 24, 15, 50]],

[ 43, 95, 1,[ 66, 13, 44, 19, 48, 18, 51]],

[ 89, 25, 0,[ 30, 47, 76, 22]],

[ 63, 85, 1,[ 76, 20]],

[ 11, 85, 1,[ 45, 94, 66]],

[ 23, 85, 0,[ 64, 81, 77]],

[ 31, 85, 0,[ 92, 32, 57]],

[ 22, 25, 0,[ 79, 78, 36, 89, 42]],

[ 58, 85, 1,[ 19, 16, 32]],

[ 72, 85, 0,[ 88, 82, 49]],

[ 40, 55, 0,[ 98, 52, 27]],

[ 81, 25, 0,[ 23, 69, 21]],

[ 99, 25, 0,[ 0, 27, 49]],

[ 94, 85, 1,[ 87, 61, 11]],

[ 83, 85, 1,[ 27, 49, 76, 87]],

[ 86, 55, 1,[ 91, 95, 2, 10]],

[ 90, 75, 1,[ 21, 7, 65]],

[ 26, 55, 0,[ 73, 52, 6]],

[ 10, 55, 0,[ 53, 56, 70, 86]],

[ 52, 55, 0,[ 40, 34, 26]],

[ 92, 85, 0,[ 74, 60, 5, 30, 31]],

[ 82, 85, 0,[ 72, 57, 70, 46, 41, 74]],

[ 77, 85, 1,[ 76, 56, 14, 23, 57]],

[ 85, 85, 0,[ 28, 55, 60, 14, 74]],

[ 17, 55, 0,[ 24, 12, 9]],

[ 75, 75, 0,[ 47, 12, 60]],

[ 14, 85, 0,[ 15, 77, 85]],

[ 15, 85, 1,[ 87, 51, 79, 14]],

[ 88, 85, 0,[ 72, 42, 60]],

[ 2, 95, 1,[ 98, 64, 86]],

[ 98, 85, 1,[ 4, 67, 33, 2, 40]],

[ 47, 75, 1,[ 65, 75, 91, 89]],

[ 13, 85, 0,[ 73, 43, 25, 35]],

[ 96, 25, 0,[ 27, 0, 19, 29]],

[ 60, 65, 1,[ 85, 7, 88, 92, 75]],

[ 8, 85, 0,[ 5, 39, 33, 53]],

[ 76, 85, 0,[ 83, 48, 63, 77, 89]],

[ 42, 75, 0,[ 53, 88, 22]],

[ 69, 35, 1,[ 18, 44, 81]],

[ 33, 45, 0,[ 79, 8, 98]],

[ 46, 85, 0,[ 78, 84, 82, 38]],

[ 66, 85, 0,[ 3, 43, 11, 16]],

[ 59, 85, 0,[ 4, 3, 18]],

[ 5, 65, 1,[ 8, 92]],

[ 16, 85, 0,[ 38, 66, 58]],

[ 48, 95, 0,[ 76, 43, 37]],

[ 6, 55, 0,[ 26, 29, 1]],

[ 0, 5, 1,[ 99, 96, 56, 73]],

[ 38, 25, 1,[ 46, 16, 24]],

[ 25, 85, 1,[ 65, 13, 28]],

[ 32, 85, 0,[ 31, 73, 58]],

[ 56, 25, 0,[ 77, 10, 0]],

[ 73, 85, 1,[ 0, 26, 32, 37, 97, 13]],

[ 71, 65, 0,[ 54, 45, 61]],

[ 30, 25, 1,[ 89, 92, 34]],

[ 18, 85, 1,[ 27, 43, 69, 59]],

[ 84, 85, 0,[ 28, 46, 62]],

[ 68, 75, 0,[ 7, 91, 41]],

[ 51, 5, 0,[ 43, 1, 15]],

[ 27, 25, 1,[ 96, 40, 83, 18, 99]],

[ 93, 85, 1,[ 95, 41]],

[ 20, 55, 0,[ 36, 63, 4]],

[ 35, 85, 0,[ 13, 3]],

[ 4, 85, 1,[ 98, 59, 20]],

[ 65, 45, 1,[ 36, 90, 25, 47]],

[ 9, 5, 1,[ 1, 17, 54, 70]],

[ 39, 35, 1,[ 50, 8, 97]],

[ 34, 75, 1,[ 57, 30, 52]],

[ 29, 55, 0,[ 6, 96, 53]],

[ 87, 85, 1,[ 94, 15, 83]],

[ 1, 15, 1,[ 67, 6, 9, 51]],

[ 80, 65, 0,[ 21, 61, 55]],

[ 21, 75, 1,[ 95, 81, 90, 54, 80]],

[ 91, 75, 1,[ 86, 47, 68, 97]],

[ 78, 25, 1,[ 22, 50, 46, 54]],

[ 61, 65, 0,[ 94, 71, 49, 80]],

[ 19, 95, 0,[ 96, 43, 58]],

[ 74, 85, 0,[ 92, 85, 82]],

[ 55, 35, 1,[ 80, 70, 85]],

[ 37, 65, 0,[ 48, 95, 73]],

[ 24, 45, 0,[ 38, 79, 17]],

[ 49, 85, 1,[ 61, 83, 72, 99]],

[ 70, 5, 1,[ 55, 10, 82, 9]],

[ 97, 85, 0,[ 73, 39, 91]],

[ 7, 75, 1,[ 90, 68, 60]],

[ 57, 15, 1,[ 34, 82, 31, 77]],

[ 45, 55, 1,[ 71, 79, 11]],

[ 44, 95, 0,[ 69, 12, 43]],

[ 12, 55, 1,[ 28, 62, 75, 17, 44]],

[ 36, 25, 1,[ 20, 22, 65]],

[ 67, 75, 1,[ 54, 1, 98]],

[ 62, 55, 0,[ 12, 84, 79]],

[ 54, 65, 0,[ 78, 71, 21, 9, 67]],

[ 95, 65, 0,[ 86, 21, 37, 93]],

[ 18, 25, 1,[ 72, 88, 12, 70, 46, 62, 24]],

[ 65, 75, 1,[ 94, 15, 26, 42, 93]],

[ 95, 25, 1,[ 70, 11, 58, 74, 37, 8]],

[ 94, 75, 0,[ 53, 65, 54]],

[ 59, 65, 0,[ 25, 58, 98]],

[ 99, 75, 0,[ 48, 93, 55]],

[ 86, 35, 1,[ 40, 2, 15]],

[ 10, 45, 0,[ 2, 81, 91]],

[ 23, 15, 0,[ 20, 91]],

[ 12, 15, 1,[ 27, 18, 75]],

[ 76, 25, 0,[ 64, 4, 91]],

[ 8, 45, 0,[ 81, 95, 29]],

[ 3, 65, 1,[ 85, 39, 50]],

[ 17, 25, 0,[ 45, 30, 44]],

[ 2, 45, 1,[ 22, 51, 86, 10, 82]],

[ 49, 25, 1,[ 0, 68, 7]],

[ 60, 5, 1,[ 1, 7, 57]],

[ 34, 45, 1,[ 74, 93, 90]],

[ 69, 35, 1,[ 41, 75, 21, 80]],

[ 24, 25, 0,[ 22, 93, 18]],

[ 9, 25, 1,[ 88, 28, 5]],

[ 50, 65, 1,[ 33, 3, 40, 78, 56, 85]],

[ 53, 45, 1,[ 82, 94, 83]],

[ 58, 55, 1,[ 95, 59, 51]],

[ 40, 35, 0,[ 47, 50, 86]],

[ 67, 15, 1,[ 29, 5, 37]],

[ 97, 15, 0,[ 42, 16, 36]],

[ 0, 55, 1,[ 51, 33, 49, 54, 28]],

[ 93, 75, 1,[ 34, 99, 65, 24]],

[ 30, 75, 1,[ 92, 22, 17, 36]],

[ 77, 75, 1,[ 55, 62, 6, 19]],

[ 36, 25, 1,[ 57, 30, 97]],

[ 26, 75, 0,[ 65, 11, 48]],

[ 21, 25, 1,[ 39, 11, 69, 35]],

[ 13, 35, 0,[ 71, 20, 47]],

[ 63, 65, 1,[ 81, 87, 79]],

[ 91, 5, 1,[ 23, 10, 76, 72]],

[ 73, 45, 1,[ 68, 31, 44]],

[ 6, 35, 0,[ 77, 72, 14]],

[ 87, 25, 0,[ 88, 63, 85]],

[ 98, 25, 1,[ 29, 59, 35]],

[ 78, 25, 0,[ 42, 70, 50]],

[ 56, 75, 0,[ 11, 50, 32]],

[ 92, 75, 0,[ 64, 85, 30]],

[ 55, 35, 1,[ 77, 99, 16, 61]],

[ 85, 55, 1,[ 50, 3, 87, 92]],

[ 22, 25, 0,[ 30, 5, 66, 2, 24]],

[ 83, 45, 1,[ 53, 44, 37, 89]],

[ 62, 25, 1,[ 77, 18, 45]],

[ 38, 15, 1,[ 79, 31, 41, 28]],

[ 43, 55, 1,[ 44, 71, 11]],

[ 52, 75, 0,[ 33, 41, 61]],

[ 81, 45, 0,[ 84, 63, 8, 10]],

[ 74, 45, 0,[ 34, 95, 14]],

[ 7, 25, 0,[ 75, 25, 49, 60, 1]],

[ 84, 45, 0,[ 45, 32, 57, 81]],

[ 80, 15, 0,[ 31, 69, 47]],

[ 90, 45, 0,[ 57, 34, 15]],

[ 1, 95, 1,[ 7, 60, 47]],

[ 96, 55, 0,[ 27, 19, 25]],

[ 20, 35, 0,[ 89, 23, 13]],

[ 35, 75, 0,[ 48, 98, 21]],

[ 41, 85, 1,[ 52, 69, 38]],

[ 71, 85, 1,[ 43, 66, 13]],

[ 45, 65, 1,[ 62, 84, 17]],

[ 79, 15, 0,[ 63, 38, 28]],

[ 57, 5, 1,[ 84, 60, 90, 36]],

[ 72, 15, 0,[ 6, 91, 18]],

[ 64, 75, 1,[ 61, 76, 92]],

[ 16, 45, 1,[ 97, 55, 39, 19]],

[ 5, 35, 1,[ 22, 67, 9]],

[ 37, 45, 0,[ 83, 4, 95, 67]],

[ 66, 45, 0,[ 14, 71, 22]],

[ 68, 75, 0,[ 14, 29, 73, 49]],

[ 75, 25, 0,[ 69, 7, 12]],

[ 31, 15, 0,[ 73, 80, 38]],

[ 19, 55, 0,[ 96, 77, 16]],

[ 33, 15, 1,[ 52, 50, 0]],

[ 82, 45, 0,[ 53, 32, 2]],

[ 88, 15, 0,[ 87, 18, 9]],

[ 47, 35, 1,[ 80, 1, 13, 40, 27]],

[ 61, 75, 0,[ 52, 55, 64]],

[ 29, 45, 0,[ 98, 68, 8, 67]],

[ 28, 85, 1,[ 38, 79, 9, 0]],

[ 51, 15, 0,[ 0, 58, 2]],

[ 89, 35, 0,[ 14, 20, 83]],

[ 44, 55, 0,[ 83, 73, 43, 17]],

[ 14, 65, 1,[ 89, 74, 6, 68, 66]],

[ 42, 25, 0,[ 78, 97, 15, 65]],

[ 15, 65, 1,[ 86, 65, 42, 90]],

[ 70, 85, 1,[ 18, 78, 95]],

[ 39, 35, 0,[ 16, 21, 3]],

[ 54, 25, 0,[ 94, 46, 0]],

[ 46, 25, 0,[ 54, 4, 18]],

[ 27, 25, 1,[ 12, 47, 96]],

[ 11, 75, 1,[ 21, 95, 26, 56, 43]],

[ 32, 45, 0,[ 56, 82, 84]],

[ 25, 65, 1,[ 59, 7, 96]],

[ 48, 75, 0,[ 26, 99, 35]],

[ 4, 65, 1,[ 76, 46, 37]],

