[ 86, 45, 0,[ 21, 8, 53]],

[ 23, 95, 1,[ 60, 6, 57, 27]],

[ 42, 45, 1,[ 37, 81, 58]],

[ 91, 45, 0,[ 76, 39, 95, 78]],

[ 71, 85, 1,[ 43, 81, 10, 0, 51]],

[ 19, 45, 1,[ 32, 69, 81]],

[ 96, 45, 1,[ 90, 44, 59]],

[ 44, 45, 1,[ 96, 62, 99, 20]],

[ 20, 45, 0,[ 55, 17, 44]],

[ 24, 45, 1,[ 16, 1, 79, 12, 36]],

[ 13, 45, 1,[ 87, 10, 21]],

[ 92, 65, 1,[ 62, 18, 54, 65, 21]],

[ 61, 45, 1,[ 77, 30, 62]],

[ 78, 45, 1,[ 91, 49, 83, 93, 88, 98]],

[ 29, 45, 1,[ 47, 53, 63, 11, 17, 15]],

[ 67, 45, 0,[ 2, 32, 33]],

[ 39, 25, 1,[ 91, 36, 1]],

[ 43, 45, 0,[ 71, 90, 72]],

[ 12, 45, 0,[ 51, 24, 74]],

[ 35, 45, 1,[ 37, 76, 14]],

[ 80, 95, 1,[ 16, 4, 79, 58, 97, 0, 75]],

[ 21, 45, 0,[ 92, 13, 86]],

[ 94, 45, 1,[ 82, 72, 18, 87, 66, 4, 74, 5]],

[ 87, 45, 1,[ 94, 13, 2, 48]],

[ 99, 15, 1,[ 34, 27, 97, 88, 44]],

[ 28, 45, 0,[ 31, 89, 17]],

[ 73, 45, 0,[ 33]],

[ 31, 75, 1,[ 90, 27, 16, 38, 93, 28]],

[ 40, 45, 1,[ 46, 75, 84, 8]],

[ 45, 45, 0,[ 53, 90, 15]],

[ 6, 45, 1,[ 79, 23, 95, 74]],

[ 95, 45, 1,[ 98, 91, 6, 41, 51]],

[ 84, 85, 1,[ 65, 59, 40]],

[ 41, 45, 0,[ 95, 98, 97, 64]],

[ 81, 45, 1,[ 71, 19, 42, 7, 26]],

[ 10, 45, 1,[ 13, 38, 14, 25, 83, 71]],

[ 3, 45, 0,[ 97, 75]],

[ 5, 45, 0,[ 76, 15, 94]],

[ 79, 45, 1,[ 24, 4, 50, 80, 38, 6, 9]],

[ 2, 45, 0,[ 67, 8, 87]],

[ 15, 45, 0,[ 29, 5, 45]],

[ 1, 45, 0,[ 39, 8, 24]],

[ 74, 45, 1,[ 6, 82, 63, 9, 12, 94, 75]],

[ 46, 45, 1,[ 40, 88, 68]],

[ 90, 85, 1,[ 36, 31, 96, 45, 57, 70, 43]],

[ 62, 75, 1,[ 44, 61, 92, 30]],

[ 51, 5, 1,[ 77, 71, 12, 95]],

[ 64, 45, 0,[ 89, 41, 26, 22]],

[ 77, 45, 0,[ 11, 61, 51]],

[ 48, 45, 1,[ 68, 87, 9, 52]],

[ 66, 45, 1,[ 33, 57, 94]],

[ 34, 45, 0,[ 99, 56, 17]],

[ 22, 55, 1,[ 75, 64, 47]],

[ 50, 45, 0,[ 70, 79, 32]],

[ 27, 45, 0,[ 31, 99, 23]],

[ 11, 45, 0,[ 82, 77, 29]],

[ 65, 45, 0,[ 92, 84]],

[ 36, 45, 0,[ 24, 90, 39]],

[ 0, 45, 0,[ 71, 80, 56]],

[ 53, 45, 0,[ 29, 45, 33, 86]],

[ 25, 45, 0,[ 54, 49, 10]],

[ 16, 45, 0,[ 24, 31, 80]],

[ 89, 55, 1,[ 64, 28, 18]],

[ 47, 45, 0,[ 68, 22, 29]],

[ 56, 45, 1,[ 34, 54, 0]],

[ 54, 45, 1,[ 56, 92, 25]],

[ 57, 45, 0,[ 23, 90, 76, 66]],

[ 4, 45, 0,[ 94, 79, 80, 52]],

[ 17, 45, 1,[ 83, 29, 20, 34, 70, 28]],

[ 26, 45, 0,[ 32, 64, 81]],

[ 32, 45, 1,[ 26, 67, 68, 50, 19]],

[ 97, 45, 1,[ 80, 41, 3, 99]],

[ 85, 45, 0,[ 75, 33]],

[ 70, 45, 0,[ 17, 50, 90]],

[ 82, 5, 1,[ 11, 74, 94]],

[ 18, 45, 0,[ 89, 92, 94]],

[ 8, 45, 1,[ 1, 40, 2, 86]],

[ 49, 45, 0,[ 25, 30, 78, 55]],

[ 9, 45, 0,[ 79, 74, 48]],

[ 52, 45, 1,[ 4, 60, 48]],

[ 76, 85, 1,[ 35, 5, 57, 91]],

[ 58, 45, 0,[ 80, 42, 63]],

[ 37, 5, 1,[ 35, 63, 42]],

[ 60, 45, 0,[ 23, 59, 52]],

[ 30, 45, 0,[ 62, 49, 61]],

[ 83, 45, 0,[ 78, 10, 17]],

[ 72, 95, 1,[ 94, 43, 69]],

[ 7, 45, 0,[ 81, 93, 33]],

[ 33, 5, 1,[ 85, 7, 67, 66, 53, 73]],

[ 75, 45, 1,[ 40, 3, 85, 80, 22, 74]],

[ 93, 45, 0,[ 31, 7, 78]],

[ 68, 25, 1,[ 32, 47, 46, 48]],

[ 59, 85, 1,[ 96, 60, 84]],

[ 38, 45, 0,[ 31, 79, 10]],

[ 55, 45, 0,[ 69, 49, 20]],

[ 69, 45, 0,[ 19, 72, 55]],

[ 98, 45, 0,[ 78, 95, 41]],

[ 63, 45, 0,[ 58, 37, 29, 74]],

[ 14, 45, 0,[ 35, 10]],

[ 88, 45, 0,[ 46, 78, 99]],

[ 77, 25, 0,[ 79, 33, 66]],

[ 64, 25, 0,[ 15, 24, 76]],

[ 10, 5, 1,[ 87, 47, 26]],

[ 20, 25, 1,[ 49, 65, 73, 55, 22, 3, 25, 18]],

[ 9, 25, 0,[ 88, 97, 84, 98]],

[ 71, 25, 1,[ 14, 68, 30, 0, 97]],

[ 2, 25, 0,[ 1, 4, 79]],

[ 30, 25, 0,[ 52, 71]],

[ 6, 65, 1,[ 13, 83, 32, 51]],

[ 7, 25, 0,[ 31, 52, 75]],

[ 46, 25, 1,[ 95, 49, 21, 81]],

[ 88, 25, 1,[ 32, 50, 9]],

[ 48, 25, 1,[ 18, 79, 52]],

[ 86, 25, 0,[ 24, 37]],

[ 16, 25, 1,[ 63, 22, 84, 75]],

[ 55, 25, 0,[ 20, 92, 82]],

[ 49, 25, 0,[ 46, 20, 32]],

[ 85, 55, 1,[ 82, 45, 36]],

[ 1, 25, 0,[ 39, 2, 35, 52]],

[ 68, 25, 1,[ 65, 96, 41, 71, 59]],

[ 11, 25, 0,[ 76, 40, 24]],

[ 98, 25, 0,[ 56, 35, 9]],

[ 14, 25, 0,[ 94, 71, 93]],

[ 87, 25, 1,[ 10, 5, 57]],

[ 42, 25, 1,[ 56, 69]],

[ 3, 25, 0,[ 22, 20, 45]],

[ 44, 25, 1,[ 83, 36, 84, 28]],

[ 94, 25, 1,[ 58, 26, 25, 92, 41, 90, 14]],

[ 25, 25, 0,[ 20, 94, 52]],

[ 58, 25, 0,[ 94, 54, 61]],

[ 8, 25, 1,[ 34, 21, 66, 67, 29]],

[ 80, 15, 1,[ 4, 22, 17]],

[ 0, 25, 0,[ 73, 71, 43]],

[ 61, 25, 1,[ 84, 12, 5, 58, 28, 27, 60]],

[ 21, 25, 0,[ 46, 8, 79]],

[ 52, 25, 1,[ 7, 99, 1, 30, 25, 51, 29, 48, 53]],

[ 60, 25, 0,[ 84, 29, 61]],

[ 40, 75, 1,[ 65, 11, 67, 84, 57, 47]],

[ 22, 55, 1,[ 73, 20, 16, 39, 93, 80, 3]],

[ 62, 25, 0,[ 95, 39, 33]],

[ 50, 25, 0,[ 88, 90, 92]],

[ 4, 25, 0,[ 72, 80, 2]],

[ 39, 25, 1,[ 22, 37, 1, 62]],

[ 54, 55, 1,[ 53, 56, 58]],

[ 97, 15, 1,[ 99, 36, 71, 9]],

[ 19, 55, 1,[ 66, 89, 41]],

[ 84, 75, 1,[ 60, 9, 13, 44, 61, 16, 72, 40, 53]],

[ 12, 25, 0,[ 32, 81, 61]],

[ 99, 15, 1,[ 51, 52, 97]],

[ 75, 25, 1,[ 36, 16, 34, 74, 7]],

[ 73, 25, 0,[ 22, 20, 0, 69]],

[ 89, 5, 1,[ 28, 53, 19]],

[ 26, 25, 0,[ 10, 74, 94]],

[ 24, 25, 1,[ 11, 91, 64, 86, 78, 23]],

[ 15, 25, 0,[ 64, 78, 59]],

[ 81, 25, 1,[ 43, 13, 46, 91, 12]],

[ 36, 25, 0,[ 97, 75, 44, 85, 95]],

[ 37, 95, 1,[ 23, 82, 39, 86, 63]],

[ 92, 5, 1,[ 50, 55, 94]],

[ 72, 75, 1,[ 84, 4]],

[ 33, 5, 1,[ 62, 31, 77]],

[ 78, 25, 1,[ 15, 24, 79]],

[ 47, 25, 0,[ 74, 10, 40]],

[ 67, 25, 0,[ 40, 29, 8]],

[ 70, 25, 0,[ 82, 31, 32]],

[ 69, 25, 0,[ 73, 35, 42]],

[ 93, 25, 0,[ 96, 22, 14]],

[ 31, 85, 1,[ 70, 45, 43, 38, 7, 33, 32]],

[ 63, 25, 0,[ 16, 95, 37]],

[ 66, 5, 1,[ 82, 8, 19, 77]],

[ 17, 25, 1,[ 45, 80, 18]],

[ 56, 25, 1,[ 54, 98, 34, 42]],

[ 53, 25, 0,[ 89, 52, 84, 54]],

[ 96, 65, 1,[ 35, 68, 93]],

[ 79, 25, 1,[ 57, 48, 38, 77, 78, 2, 21]],

[ 18, 25, 0,[ 48, 20, 17]],

[ 34, 25, 0,[ 8, 75, 56]],

[ 82, 5, 1,[ 55, 70, 37, 95, 85, 66]],

[ 38, 25, 0,[ 31, 79, 27]],

[ 59, 5, 1,[ 91, 68, 15]],

[ 35, 25, 1,[ 96, 69, 98, 45, 1, 76]],

[ 76, 25, 1,[ 5, 11, 64, 35]],

[ 29, 45, 1,[ 52, 60, 90, 8, 67]],

[ 57, 25, 0,[ 79, 87, 40]],

[ 41, 25, 0,[ 68, 19, 94]],

[ 65, 25, 0,[ 68, 20, 40]],

[ 83, 25, 0,[ 6, 44, 27]],

[ 23, 5, 1,[ 37, 43, 24]],

[ 43, 25, 0,[ 23, 81, 31, 0]],

[ 91, 25, 0,[ 59, 81, 24]],

[ 74, 25, 1,[ 47, 26, 75]],

[ 13, 25, 0,[ 81, 84, 6]],

[ 51, 25, 0,[ 6, 52, 99]],

[ 90, 25, 0,[ 94, 29, 50]],

[ 5, 25, 0,[ 61, 87, 76]],

[ 28, 25, 0,[ 89, 61, 44]],

[ 27, 25, 0,[ 61, 38, 83]],

[ 32, 25, 1,[ 31, 12, 70, 49, 6, 88]],

[ 95, 25, 1,[ 62, 46, 63, 82, 36]],

[ 45, 25, 0,[ 3, 31, 17, 35, 85]],

