[ 57, 15, 0,[ 67, 2, 80]],

[ 75, 65, 0,[ 41, 22, 31]],

[ 96, 85, 1,[ 69, 11, 17, 72, 18, 45, 24, 3, 9, 6, 30, 71, 59]],

[ 46, 15, 0,[ 84, 10, 6, 47, 69]],

[ 29, 65, 0,[ 54, 33, 31, 56, 62]],

[ 64, 15, 0,[ 68, 19, 41]],

[ 37, 5, 1,[ 58, 66, 94, 59, 35]],

[ 94, 5, 0,[ 0, 61, 37]],

[ 25, 15, 0,[ 3, 61, 54]],

[ 1, 15, 0,[ 48, 65, 31]],

[ 61, 35, 1,[ 34, 94, 20, 25, 56, 10, 70, 92, 14, 67, 44, 11, 42, 39, 24, 38]],

[ 6, 15, 0,[ 63, 96, 46, 73]],

[ 18, 15, 0,[ 60, 74, 96, 48]],

[ 72, 65, 0,[ 84, 96, 76, 13]],

[ 39, 15, 0,[ 98, 61, 82]],

[ 12, 65, 0,[ 52, 5, 26]],

[ 0, 15, 0,[ 74, 27, 82, 94]],

[ 74, 15, 0,[ 19, 52, 18, 0]],

[ 67, 15, 0,[ 99, 61, 57]],

[ 90, 15, 0,[ 11, 78, 30]],

[ 43, 15, 0,[ 65, 63, 83, 14]],

[ 86, 85, 0,[ 89, 80, 51]],

[ 44, 35, 0,[ 71, 61, 28, 88]],

[ 13, 65, 0,[ 51, 72, 26, 38, 58]],

[ 5, 65, 0,[ 56, 12, 93, 31]],

[ 2, 15, 0,[ 54, 57, 70]],

[ 3, 15, 0,[ 25, 96, 78]],

[ 41, 65, 0,[ 75, 81, 79, 64]],

[ 32, 65, 0,[ 26, 89, 34]],

[ 71, 25, 0,[ 96, 36, 44]],

[ 98, 15, 0,[ 39, 99, 49, 31]],

[ 78, 15, 0,[ 90, 3, 80]],

[ 45, 85, 0,[ 38, 96, 80]],

[ 15, 15, 0,[ 27, 68, 4]],

[ 79, 65, 0,[ 58, 41, 9, 60]],

[ 49, 15, 0,[ 87, 80, 98]],

[ 52, 95, 1,[ 12, 74, 82, 19, 76, 42, 81, 62, 95, 21, 65, 87, 8, 93]],

[ 30, 65, 0,[ 58, 90, 96]],

[ 87, 15, 0,[ 49, 77, 11, 52]],

[ 34, 65, 0,[ 61, 28, 32]],

[ 23, 15, 0,[ 20, 22, 35]],

[ 8, 15, 1,[ 4, 52, 89]],

[ 17, 15, 0,[ 77, 96]],

[ 55, 35, 0,[ 89, 92, 88]],

[ 54, 15, 0,[ 29, 73, 50, 70, 25, 2, 53]],

[ 58, 65, 0,[ 30, 13, 37, 79]],

[ 24, 85, 0,[ 61, 70, 96]],

[ 36, 25, 0,[ 80, 71, 70]],

[ 19, 15, 0,[ 52, 64, 74, 80]],

[ 11, 15, 0,[ 90, 96, 59, 61, 87]],

[ 91, 65, 0,[ 28, 31, 70]],

[ 65, 15, 0,[ 47, 52, 43, 1]],

[ 80, 25, 1,[ 53, 57, 78, 86, 19, 85, 49, 45, 68, 63, 36]],

[ 88, 35, 0,[ 31, 44, 55]],

[ 14, 5, 0,[ 82, 61, 43]],

[ 93, 15, 0,[ 5, 7, 27, 52]],

[ 97, 65, 0,[ 62, 82, 84]],

[ 56, 65, 0,[ 29, 61, 5]],

[ 4, 65, 0,[ 62, 31, 8, 15, 82]],

[ 85, 15, 0,[ 20, 80, 27]],

[ 33, 65, 0,[ 99, 29, 21]],

[ 60, 65, 0,[ 31, 79, 18]],

[ 47, 15, 0,[ 65, 46]],

[ 77, 15, 0,[ 81, 17, 87]],

[ 70, 15, 0,[ 91, 61, 36, 24, 68, 54, 2]],

[ 89, 85, 1,[ 8, 21, 16, 32, 31, 86, 55]],

[ 21, 65, 0,[ 89, 33, 52]],

[ 51, 85, 0,[ 13, 86, 82]],

[ 99, 15, 0,[ 98, 67, 33, 50]],

[ 26, 65, 0,[ 76, 12, 13, 32, 31]],

[ 53, 25, 0,[ 54, 80, 82]],

[ 28, 65, 0,[ 44, 91, 34]],

[ 48, 15, 0,[ 82, 18, 1]],

[ 50, 15, 0,[ 99, 54, 63]],

[ 76, 65, 0,[ 26, 72, 52]],

[ 92, 35, 0,[ 55, 73, 61]],

[ 73, 15, 0,[ 54, 7, 92, 6]],

[ 63, 15, 0,[ 6, 80, 50, 43]],

[ 82, 5, 1,[ 14, 0, 4, 52, 53, 39, 51, 7, 48, 97]],

[ 68, 15, 0,[ 80, 64, 70, 15]],

[ 62, 65, 0,[ 29, 52, 97, 4]],

[ 83, 85, 0,[ 38, 16, 43]],

[ 35, 15, 1,[ 42, 66, 37, 23, 10]],

[ 84, 65, 0,[ 22, 46, 97, 72]],

[ 31, 65, 1,[ 88, 98, 75, 22, 5, 1, 89, 29, 4, 95, 91, 69, 60, 26]],

[ 38, 85, 0,[ 83, 61, 45, 13]],

[ 69, 15, 0,[ 46, 31, 96]],

[ 95, 65, 0,[ 31, 52]],

[ 81, 15, 0,[ 41, 52, 77]],

[ 42, 35, 0,[ 52, 61, 35]],

[ 22, 65, 0,[ 75, 31, 23, 84]],

[ 7, 15, 0,[ 93, 73, 82]],

[ 20, 15, 0,[ 61, 85, 23]],

[ 16, 85, 0,[ 83, 89]],

[ 27, 15, 0,[ 85, 93, 15, 0]],

[ 59, 5, 0,[ 37, 96, 11]],

[ 9, 85, 0,[ 79, 96, 66]],

[ 66, 85, 0,[ 35, 37, 9]],

[ 40, 5, 0,[]],

[ 10, 15, 0,[ 35, 61, 46]],

