[ 4, 95, 0,[ 31, 18, 70, 63]],

[ 24, 85, 1,[ 98, 15]],

[ 85, 85, 1,[ 43, 75, 48]],

[ 32, 85, 1,[ 34, 8, 49, 75, 16]],

[ 51, 75, 0,[ 77, 28, 2]],

[ 65, 45, 0,[ 90, 87, 67]],

[ 96, 95, 1,[ 84, 44, 82]],

[ 47, 85, 0,[ 81, 46, 83, 99, 69]],

[ 63, 95, 0,[ 71, 56, 4, 61, 98]],

[ 36, 95, 0,[ 25, 77, 72]],

[ 30, 85, 0,[ 5, 93, 8, 69]],

[ 16, 85, 1,[ 73, 9, 32]],

[ 38, 95, 0,[ 42, 1, 48]],

[ 37, 25, 1,[ 56, 99, 76]],

[ 81, 5, 1,[ 47, 40, 9]],

[ 42, 45, 1,[ 88, 66, 86, 38]],

[ 93, 85, 0,[ 59, 23, 30]],

[ 59, 95, 1,[ 93, 79, 6, 27]],

[ 99, 85, 1,[ 6, 5, 37, 9, 10, 47]],

[ 7, 75, 0,[ 26, 82, 17]],

[ 57, 65, 0,[ 26, 90]],

[ 50, 85, 0,[ 6, 8, 46]],

[ 45, 45, 0,[ 21, 78]],

[ 29, 85, 1,[ 71, 34, 69]],

[ 68, 95, 1,[ 35, 26, 28, 98, 83]],

[ 74, 75, 0,[ 3, 61, 13, 39]],

[ 54, 65, 1,[ 18, 64, 2]],

[ 15, 25, 0,[ 13, 24, 35]],

[ 66, 55, 1,[ 42, 43, 53]],

[ 73, 85, 0,[ 80, 19, 16]],

[ 98, 65, 0,[ 24, 63, 68]],

[ 58, 85, 0,[ 61, 89, 23, 26]],

[ 12, 35, 0,[ 34, 13, 84, 90]],

[ 46, 85, 1,[ 50, 2, 47]],

[ 67, 45, 0,[ 78, 65, 52]],

[ 8, 85, 1,[ 40, 50, 32, 30]],

[ 17, 15, 1,[ 7, 49, 97]],

[ 43, 55, 0,[ 85, 66, 49]],

[ 11, 75, 0,[ 86, 91, 60]],

[ 20, 95, 1,[ 44, 53, 64, 84]],

[ 76, 65, 1,[ 37, 19]],

[ 71, 95, 0,[ 80, 63, 29]],

[ 78, 45, 1,[ 88, 67, 94, 45]],

[ 39, 75, 0,[ 56, 74, 72]],

[ 82, 95, 1,[ 96, 89, 7]],

[ 19, 45, 1,[ 73, 76, 49]],

[ 33, 35, 1,[ 25, 92, 3, 35]],

[ 94, 35, 1,[ 78, 64, 72, 48]],

[ 13, 15, 1,[ 15, 74, 23, 12, 14, 27]],

[ 64, 65, 0,[ 20, 5, 94, 87, 54]],

[ 23, 85, 1,[ 58, 91, 13, 93]],

[ 80, 35, 1,[ 62, 73, 71]],

[ 56, 15, 1,[ 0, 89, 63, 37, 14, 39, 31]],

[ 75, 55, 1,[ 1, 32, 85]],

[ 27, 35, 0,[ 13, 52, 59]],

[ 69, 85, 0,[ 30, 29, 47]],

[ 2, 65, 0,[ 54, 46, 0, 51]],

[ 5, 85, 0,[ 99, 30, 64]],

[ 89, 15, 1,[ 56, 82, 58]],

[ 49, 45, 0,[ 19, 43, 32, 88, 17]],

[ 86, 75, 0,[ 70, 11, 42]],

[ 77, 75, 0,[ 3, 36, 28, 51]],

[ 55, 5, 0,[ 72, 6, 97]],

[ 84, 5, 1,[ 96, 22, 12, 18, 20]],

[ 95, 55, 1,[ 83, 79, 92]],

[ 26, 65, 1,[ 70, 7, 58, 57, 68]],

[ 83, 65, 0,[ 68, 47, 95]],

[ 14, 65, 0,[ 56, 13, 62, 0]],

[ 87, 65, 1,[ 64, 22, 65]],

[ 72, 95, 1,[ 39, 41, 55, 92, 94, 36]],

[ 22, 85, 1,[ 87, 84, 88, 1]],

[ 34, 35, 0,[ 29, 12, 32]],

[ 88, 45, 1,[ 21, 78, 49, 42, 22]],

[ 31, 35, 1,[ 4, 6, 56]],

[ 92, 55, 1,[ 95, 72, 33]],

[ 90, 75, 1,[ 65, 53, 57, 12, 79]],

[ 40, 15, 1,[ 81, 8, 10]],

[ 52, 95, 1,[ 41, 27, 67]],

[ 28, 75, 0,[ 62, 68, 77, 51]],

[ 53, 95, 0,[ 90, 20, 66]],

[ 1, 25, 0,[ 75, 38, 22]],

[ 9, 85, 0,[ 81, 99, 16]],

[ 35, 35, 1,[ 15, 33, 68]],

[ 21, 45, 0,[ 45, 88, 91]],

[ 62, 75, 1,[ 28, 80, 14]],

[ 41, 95, 0,[ 72, 52]],

[ 44, 95, 1,[ 61, 20, 96]],

[ 70, 75, 0,[ 4, 26, 86]],

[ 91, 85, 0,[ 21, 23, 11, 48]],

[ 10, 15, 1,[ 40, 99, 60]],

[ 18, 35, 0,[ 4, 84, 54, 6]],

[ 97, 95, 1,[ 17, 61, 55]],

[ 6, 35, 1,[ 25, 50, 99, 55, 31, 59, 18]],

[ 3, 75, 0,[ 33, 74, 77]],

[ 0, 65, 0,[ 56, 14, 2]],

[ 60, 75, 0,[ 11, 48, 10]],

[ 79, 45, 0,[ 90, 95, 59]],

[ 25, 95, 0,[ 36, 33, 6]],

[ 61, 95, 1,[ 63, 97, 58, 74, 44]],

[ 48, 75, 1,[ 60, 94, 38, 85, 91]],

[ 26, 35, 1,[ 24, 2, 57, 13]],

[ 9, 65, 0,[ 17, 96, 70, 39]],

[ 34, 55, 0,[ 77, 2, 13, 50]],

[ 74, 65, 0,[ 30, 62, 85]],

[ 52, 85, 1,[ 93, 36, 5, 55]],

[ 99, 25, 1,[ 23, 76, 25]],

[ 91, 95, 0,[ 16, 88, 32]],

[ 62, 55, 0,[ 80, 74, 71, 48]],

[ 75, 65, 1,[ 64, 43, 45]],

[ 49, 65, 0,[ 11, 10, 84, 24, 19]],

[ 55, 95, 0,[ 78, 52, 90, 82]],

[ 98, 65, 0,[ 64, 54, 28, 65, 84, 39]],

[ 53, 65, 0,[ 38, 8, 13]],

[ 67, 95, 0,[ 82, 15, 46, 17]],

[ 78, 95, 0,[ 55, 71, 15]],

[ 1, 65, 0,[ 97, 76, 17]],

[ 44, 55, 1,[ 50, 61, 43, 25]],

[ 18, 65, 0,[ 61, 63, 28]],

[ 97, 85, 1,[ 70, 28, 1, 22]],

[ 56, 65, 1,[ 25, 46, 84]],

[ 8, 65, 1,[ 63, 38, 53, 19, 31]],

[ 95, 45, 1,[ 36, 12, 21, 79, 5]],

[ 50, 55, 0,[ 44, 34, 73]],

[ 12, 55, 0,[ 58, 43, 95]],

[ 72, 55, 1,[ 71, 27, 47, 3]],

[ 3, 95, 0,[ 4, 72, 69, 54]],

[ 88, 5, 1,[ 91, 41, 48, 11]],

[ 61, 65, 1,[ 44, 18, 86, 7]],

[ 25, 65, 0,[ 87, 44, 99, 56]],

[ 4, 95, 0,[ 46, 83, 3]],

[ 23, 65, 1,[ 14, 99]],

[ 65, 75, 0,[ 98, 0, 48]],

[ 85, 75, 1,[ 36, 21, 96, 74, 39]],

[ 63, 65, 0,[ 27, 18, 8]],

[ 51, 55, 0,[ 66, 6]],

[ 68, 5, 1,[ 69, 7, 35, 77, 20]],

[ 47, 95, 0,[ 80, 30, 72]],

[ 90, 45, 1,[ 55, 60, 16]],

[ 70, 65, 0,[ 9, 31, 97]],

[ 28, 65, 0,[ 98, 10, 97, 18]],

[ 71, 95, 1,[ 78, 0, 86, 72, 62]],

[ 58, 55, 0,[ 37, 12, 24]],

[ 38, 65, 0,[ 22, 76, 53, 8]],

[ 77, 55, 0,[ 31, 68, 34]],

[ 94, 75, 1,[ 6, 22, 20]],

[ 92, 55, 1,[ 21, 81, 2]],

[ 22, 65, 1,[ 97, 94, 45, 20, 38]],

[ 73, 95, 0,[ 60, 50, 16]],

[ 37, 15, 1,[ 7, 58]],

[ 14, 65, 0,[ 23, 86, 13]],

[ 19, 65, 1,[ 59, 8, 49]],

[ 42, 45, 1,[ 10, 45, 6]],

[ 40, 85, 1,[ 29, 48, 79, 93]],

[ 31, 65, 1,[ 70, 54, 8, 77]],

[ 93, 75, 0,[ 40, 33, 52]],

[ 57, 65, 0,[ 96, 32, 41, 26]],

[ 2, 55, 0,[ 34, 92, 26]],

[ 82, 95, 1,[ 83, 67, 55]],

[ 6, 5, 1,[ 94, 42, 51, 81]],

[ 11, 65, 0,[ 88, 89, 7, 49]],

[ 17, 95, 1,[ 9, 69, 67, 1, 15]],

[ 46, 15, 1,[ 67, 56, 30, 4]],

[ 15, 95, 0,[ 17, 67, 78]],

[ 33, 75, 1,[ 60, 93, 5, 35]],

[ 81, 5, 1,[ 87, 6, 76, 92]],

[ 96, 25, 1,[ 9, 66, 85, 57]],

[ 13, 65, 1,[ 14, 53, 34, 59, 26]],

[ 41, 5, 0,[ 57, 88, 29]],

[ 20, 65, 1,[ 68, 94, 22]],

[ 64, 65, 0,[ 75, 98, 16]],

[ 5, 75, 0,[ 95, 52, 33]],

[ 69, 45, 0,[ 17, 68, 3]],

[ 45, 65, 0,[ 42, 22, 75]],

[ 24, 5, 1,[ 26, 49, 58]],

[ 10, 65, 1,[ 28, 49, 42]],

[ 21, 5, 0,[ 92, 95, 85]],

[ 43, 55, 0,[ 75, 44, 12]],

[ 60, 35, 0,[ 73, 33, 90]],

[ 39, 75, 1,[ 98, 85, 9]],

[ 7, 65, 0,[ 11, 32, 61, 68, 37]],

[ 36, 35, 0,[ 95, 52, 85]],

[ 89, 55, 1,[ 11, 59, 83]],

[ 86, 65, 0,[ 14, 61, 71]],

[ 32, 65, 1,[ 57, 91, 7]],

[ 54, 65, 0,[ 98, 31, 3]],

[ 16, 95, 1,[ 90, 64, 73, 91]],

[ 27, 5, 0,[ 63, 29, 72]],

[ 76, 45, 1,[ 1, 81, 99, 38]],

[ 59, 55, 1,[ 13, 19, 89]],

[ 48, 55, 1,[ 65, 62, 40, 88]],

[ 0, 75, 0,[ 71, 65]],

[ 35, 85, 1,[ 33, 68, 79]],

[ 66, 95, 1,[ 80, 96, 51]],

[ 83, 95, 0,[ 89, 82, 4]],

[ 84, 65, 1,[ 49, 56, 98]],

[ 87, 65, 1,[ 81, 25]],

[ 79, 35, 1,[ 35, 40, 95]],

[ 30, 65, 0,[ 74, 46, 47]],

[ 29, 55, 1,[ 27, 40, 41]],

[ 80, 95, 1,[ 62, 66, 47]],

