[ 27, 75, 0,[ 16, 78, 62]],

[ 97, 5, 1,[ 95, 32, 53]],

[ 39, 75, 1,[ 15, 7, 91, 34, 89]],

[ 18, 75, 0,[ 92, 13, 72]],

[ 81, 45, 1,[ 48, 47, 0, 26, 11, 99, 67, 64]],

[ 86, 75, 0,[ 52, 56, 33]],

[ 52, 75, 1,[ 58, 34, 57, 86, 68, 63]],

[ 21, 15, 0,[ 23, 8, 90]],

[ 84, 75, 1,[ 43, 98, 1, 82]],

[ 8, 5, 1,[ 60, 5, 21]],

[ 89, 45, 1,[ 5, 77, 39, 74]],

[ 32, 75, 1,[ 94, 62, 97, 15]],

[ 78, 95, 1,[ 0, 53, 37, 27]],

[ 1, 75, 0,[ 10, 92, 84]],

[ 4, 75, 0,[ 16, 31, 87]],

[ 70, 75, 0,[ 33, 37, 51]],

[ 76, 75, 1,[ 57, 35, 95]],

[ 57, 75, 0,[ 52, 99, 76]],

[ 44, 25, 1,[ 42, 93, 55, 99, 2]],

[ 38, 75, 0,[ 74, 80, 37, 79]],

[ 50, 75, 0,[ 16]],

[ 63, 75, 0,[ 85, 52, 35]],

[ 65, 75, 0,[ 10, 23, 56]],

[ 66, 75, 1,[ 46, 54, 36]],

[ 73, 75, 0,[ 6, 22, 85]],

[ 33, 75, 1,[ 20, 49, 70, 74, 86]],

[ 64, 75, 0,[ 81, 77, 42]],

[ 98, 75, 0,[ 80, 84]],

[ 71, 75, 0,[ 24, 94, 7]],

[ 16, 75, 1,[ 27, 50, 4, 19]],

[ 24, 75, 1,[ 92, 55, 71, 47]],

[ 88, 75, 1,[ 80, 49, 83, 2, 67, 58]],

[ 74, 85, 1,[ 33, 55, 89, 38]],

[ 13, 75, 1,[ 85, 60, 18]],

[ 28, 75, 0,[ 62, 94, 51]],

[ 22, 75, 1,[ 17, 73, 26, 93, 42]],

[ 11, 75, 0,[ 56, 31, 81]],

[ 17, 15, 1,[ 45, 22, 36, 30, 3]],

[ 77, 75, 0,[ 89, 64, 35]],

[ 20, 75, 0,[ 46, 23, 33]],

[ 3, 75, 0,[ 17, 35, 40]],

[ 48, 75, 1,[ 34, 81, 59]],

[ 75, 95, 1,[ 43, 69, 53]],

[ 93, 75, 0,[ 44, 19, 22]],

[ 42, 75, 1,[ 64, 67, 22, 44, 31]],

[ 99, 75, 1,[ 81, 57, 44, 25, 30]],

[ 12, 75, 0,[ 59, 62]],

[ 37, 75, 1,[ 15, 78, 38, 87, 70]],

[ 94, 75, 1,[ 71, 32, 28]],

[ 7, 75, 0,[ 56, 71, 39]],

[ 5, 35, 0,[ 61, 8, 89]],

[ 96, 15, 1,[ 41, 53, 9]],

[ 0, 75, 0,[ 78, 40, 81]],

[ 80, 65, 1,[ 88, 38, 98]],

[ 41, 75, 0,[ 96, 92, 72]],

[ 36, 75, 0,[ 66, 17]],

[ 51, 55, 1,[ 45, 28, 19, 90, 70]],

[ 2, 85, 0,[ 88, 72, 44]],

[ 45, 75, 0,[ 46, 17, 51]],

[ 19, 75, 1,[ 51, 10, 93, 16]],

[ 9, 75, 0,[ 85, 46, 96]],

[ 85, 75, 1,[ 13, 30, 9, 63, 73]],

[ 53, 75, 0,[ 75, 97, 96, 78]],

[ 34, 75, 0,[ 52, 46, 39, 48]],

[ 62, 45, 1,[ 27, 12, 28, 32]],

[ 92, 75, 1,[ 24, 18, 41, 1]],

[ 46, 75, 1,[ 45, 47, 9, 34, 66, 58, 20]],

[ 60, 75, 0,[ 8, 13, 6]],

[ 15, 75, 0,[ 32, 39, 37]],

[ 87, 25, 1,[ 37, 4, 31, 40]],

[ 14, 75, 0,[ 40, 35]],

[ 83, 75, 0,[ 88, 72, 82]],

[ 95, 75, 1,[ 76, 59, 97, 72]],

[ 59, 75, 1,[ 48, 12, 95]],

[ 58, 75, 0,[ 46, 52, 61, 88]],

[ 35, 75, 1,[ 3, 77, 63, 54, 14, 76]],

[ 61, 85, 1,[ 43, 5, 58]],

[ 40, 95, 1,[ 0, 87, 25, 3, 14]],

[ 49, 75, 0,[ 88, 33, 23]],

[ 30, 75, 0,[ 17, 99, 85]],

[ 31, 75, 1,[ 4, 11, 87, 42]],

[ 82, 25, 1,[ 83, 56, 6, 84]],

[ 90, 75, 1,[ 29, 21, 51, 79]],

[ 72, 75, 1,[ 41, 95, 18, 29, 2, 83]],

[ 23, 35, 1,[ 91, 65, 21, 49, 69, 20]],

[ 79, 65, 1,[ 25, 38, 90]],

[ 29, 75, 0,[ 72, 90]],

[ 26, 75, 0,[ 68, 22, 81]],

[ 91, 75, 0,[ 23, 39, 10]],

[ 67, 75, 0,[ 42, 88, 81]],

[ 68, 75, 1,[ 54, 52, 26]],

[ 10, 75, 1,[ 1, 19, 91, 69, 65]],

[ 43, 75, 0,[ 84, 61, 75]],

[ 69, 75, 0,[ 23, 75, 10]],

[ 54, 75, 0,[ 66, 35, 68]],

[ 56, 75, 1,[ 86, 82, 7, 65, 11]],

[ 6, 75, 1,[ 73, 82, 60]],

[ 47, 75, 0,[ 24, 46, 81]],

[ 25, 75, 0,[ 99, 40, 79]],

[ 55, 75, 0,[ 74, 24, 44]],

[ 44, 95, 1,[ 4, 68, 60]],

[ 25, 5, 0,[ 39, 56, 20]],

[ 69, 5, 0,[ 50, 83, 45, 27]],

[ 93, 5, 0,[ 39, 36, 68]],

[ 5, 5, 0,[ 43, 16, 22, 40]],

[ 67, 5, 0,[ 1, 47, 10]],

[ 39, 5, 1,[ 2, 93, 25, 40]],

[ 17, 5, 1,[ 91, 16, 45, 66, 46]],

[ 46, 5, 1,[ 24, 9, 50, 70, 17]],

[ 35, 5, 1,[ 37, 2]],

[ 11, 5, 0,[ 28, 31, 21]],

[ 68, 5, 1,[ 32, 82, 93, 90, 59, 44, 29]],

[ 76, 45, 1,[ 70, 10, 78]],

[ 37, 25, 1,[ 92, 42, 82, 6, 35]],

[ 49, 5, 0,[ 94, 48, 85]],

[ 15, 5, 0,[ 85, 72, 84]],

[ 79, 45, 1,[ 78, 24, 77]],

[ 23, 5, 1,[ 62, 77, 73]],

[ 14, 5, 0,[ 52, 85, 97]],

[ 56, 75, 1,[ 54, 19, 25]],

[ 34, 5, 0,[ 8, 10, 74]],

[ 6, 5, 1,[ 37, 38, 94, 9]],

[ 77, 5, 0,[ 23, 47, 79]],

[ 47, 5, 0,[ 26, 67, 77, 12]],

[ 57, 5, 0,[ 83, 29, 64]],

[ 85, 75, 1,[ 14, 95, 15, 63, 49]],

[ 18, 5, 0,[ 89, 61, 74]],

[ 92, 5, 0,[ 37, 48, 90, 65]],

[ 2, 5, 0,[ 39, 35, 63]],

[ 81, 5, 1,[ 19, 71, 42]],

[ 96, 5, 1,[ 33, 27, 82]],

[ 22, 5, 0,[ 19, 94, 5]],

[ 40, 85, 1,[ 39, 45, 5, 58, 42]],

[ 59, 5, 1,[ 4, 62, 68]],

[ 84, 5, 1,[ 3, 15, 89, 61]],

[ 19, 5, 1,[ 30, 21, 87, 56, 74, 53, 22, 0, 81, 28]],

[ 12, 5, 0,[ 42, 9, 47]],

[ 9, 5, 0,[ 46, 6, 65, 12]],

[ 80, 5, 1,[ 86, 55, 97]],

[ 70, 5, 0,[ 46, 60, 26, 76]],

[ 55, 5, 0,[ 27, 61, 80]],

[ 1, 5, 0,[ 72, 67, 73]],

[ 28, 5, 0,[ 11, 78, 83, 19]],

[ 33, 5, 1,[ 31, 74, 30, 96]],

[ 74, 5, 0,[ 18, 19, 34, 33, 31]],

[ 0, 5, 0,[ 19, 51, 82]],

[ 86, 5, 0,[ 51, 80, 3]],

[ 31, 5, 1,[ 7, 52, 16, 33, 74, 11]],

[ 97, 25, 1,[ 14, 80, 94]],

[ 32, 45, 1,[ 51, 13, 71, 88, 68]],

[ 66, 85, 1,[ 52, 54, 4, 17]],

[ 30, 5, 0,[ 33, 72, 19, 60]],

[ 83, 5, 0,[ 69, 57, 28, 75]],

[ 63, 5, 0,[ 71, 2, 85]],

[ 26, 5, 1,[ 70, 61, 53, 89, 47]],

[ 7, 5, 0,[ 36, 31, 8]],

[ 73, 5, 0,[ 23, 13, 1]],

[ 52, 5, 1,[ 66, 10, 14, 99, 31]],

[ 51, 5, 1,[ 32, 8, 0, 38, 86]],

[ 72, 5, 1,[ 43, 15, 1, 30]],

[ 61, 75, 1,[ 55, 26, 84, 62, 18]],

[ 27, 5, 0,[ 96, 69, 55]],

[ 87, 5, 0,[ 88, 42, 19]],

[ 50, 5, 0,[ 65, 46, 69]],

[ 21, 5, 0,[ 19, 11]],

[ 53, 5, 0,[ 95, 26, 19]],

[ 8, 5, 1,[ 34, 90, 51, 7]],

[ 98, 5, 0,[ 64]],

[ 45, 5, 0,[ 69, 17, 40]],

[ 94, 85, 1,[ 97, 6, 22, 49]],

[ 42, 55, 1,[ 81, 87, 12, 40, 37]],

[ 88, 5, 1,[ 58, 87, 32]],

[ 58, 5, 0,[ 40, 88, 78]],

[ 62, 55, 1,[ 23, 61, 59]],

[ 90, 25, 1,[ 64, 41, 68, 8, 92]],

[ 24, 85, 1,[ 79, 46, 54]],

[ 16, 55, 1,[ 5, 17, 31]],

[ 65, 5, 0,[ 92, 50, 9]],

[ 54, 85, 1,[ 66, 56, 24]],

[ 4, 5, 0,[ 44, 66, 59]],

[ 64, 5, 0,[ 57, 95, 98, 90]],

[ 82, 85, 1,[ 68, 99, 96, 37, 0]],

[ 99, 15, 1,[ 52, 91, 82]],

[ 95, 5, 1,[ 85, 3, 53, 64]],

[ 36, 5, 0,[ 93, 7]],

[ 60, 5, 0,[ 70, 30, 44]],

[ 20, 5, 1,[ 78, 3, 25]],

[ 43, 5, 0,[ 5, 72, 75]],

[ 89, 55, 1,[ 84, 26, 18]],

[ 78, 45, 1,[ 79, 28, 48, 76, 20, 58]],

[ 3, 5, 0,[ 86, 20, 84, 95]],

[ 48, 5, 1,[ 78, 92, 49]],

[ 13, 5, 0,[ 38, 73, 32]],

[ 71, 5, 1,[ 75, 29, 81, 63, 32]],

[ 91, 5, 0,[ 99, 17]],

[ 10, 5, 1,[ 67, 52, 76, 34]],

[ 75, 5, 1,[ 83, 71, 43]],

[ 29, 5, 1,[ 71, 68, 57]],

[ 41, 5, 0,[ 90]],

[ 38, 5, 0,[ 13, 51, 6]],

