[ 21, 95, 0,[ 30, 42, 9, 73]],

[ 70, 65, 0,[ 57, 61, 77, 71]],

[ 95, 15, 0,[ 48, 60, 41, 11, 81]],

[ 56, 95, 0,[ 80, 4, 8]],

[ 76, 65, 0,[ 74, 57, 45]],

[ 19, 15, 0,[ 61, 88, 63]],

[ 4, 95, 0,[ 68, 56, 64, 42]],

[ 5, 65, 0,[ 64, 40, 6, 47]],

[ 18, 65, 0,[ 43, 27, 93, 82, 41]],

[ 27, 15, 0,[ 61, 18, 47]],

[ 7, 15, 0,[ 58, 23, 62]],

[ 44, 35, 1,[ 94, 17, 38, 85, 52]],

[ 64, 65, 0,[ 88, 89, 5, 4, 55]],

[ 78, 65, 0,[ 8, 50, 59]],

[ 60, 15, 0,[ 24, 95, 10, 94, 38]],

[ 23, 95, 0,[ 59, 7, 10]],

[ 47, 15, 0,[ 31, 27, 5]],

[ 0, 95, 0,[ 57, 16, 14, 2, 11]],

[ 63, 95, 0,[ 19, 49, 68, 13]],

[ 38, 55, 0,[ 37, 60, 44]],

[ 41, 95, 0,[ 25, 18, 95]],

[ 61, 15, 1,[ 12, 88, 19, 1, 62, 70, 27]],

[ 35, 95, 1,[ 17, 96, 75]],

[ 17, 55, 0,[ 37, 35, 44, 58]],

[ 20, 95, 0,[ 69, 81]],

[ 92, 95, 0,[ 10, 85, 67]],

[ 12, 95, 0,[ 33, 42, 61]],

[ 83, 95, 0,[ 80, 75, 22, 33]],

[ 43, 95, 0,[ 18, 39, 33]],

[ 40, 95, 0,[ 97, 5, 79]],

[ 11, 15, 0,[ 95, 0, 46]],

[ 69, 95, 0,[ 20, 33, 97]],

[ 15, 65, 0,[ 13, 72, 99]],

[ 89, 75, 1,[ 3, 64, 9, 26]],

[ 66, 65, 0,[ 80, 3, 71]],

[ 36, 65, 0,[ 62, 30, 59]],

[ 77, 65, 0,[ 22, 51, 70]],

[ 2, 95, 0,[ 0, 65, 3]],

[ 74, 15, 0,[ 76, 39, 98, 8, 25]],

[ 33, 95, 0,[ 83, 69, 12, 43]],

[ 79, 95, 0,[ 48, 30, 40, 6]],

[ 57, 95, 0,[ 76, 0, 70]],

[ 99, 95, 0,[ 90, 15, 31]],

[ 85, 95, 0,[ 10, 44, 92]],

[ 93, 65, 0,[ 45, 48, 18, 30, 91]],

[ 39, 15, 0,[ 74, 37, 43]],

[ 90, 95, 0,[ 99, 82, 94]],

[ 73, 95, 0,[ 21, 8, 80]],

[ 52, 15, 1,[ 87, 13, 44]],

[ 8, 15, 1,[ 28, 73, 74, 78, 56]],

[ 9, 95, 0,[ 72, 89, 21, 16, 71]],

[ 10, 95, 0,[ 60, 85, 92, 34, 23]],

[ 88, 65, 0,[ 50, 64, 19, 61]],

[ 6, 95, 0,[ 79, 98, 5]],

[ 1, 15, 0,[ 61, 51, 68]],

[ 81, 65, 0,[ 95, 32, 28, 20]],

[ 86, 95, 0,[ 67, 46, 58]],

[ 65, 65, 0,[ 46, 2, 82]],

[ 53, 95, 0,[ 50, 46, 30]],

[ 97, 95, 0,[ 69, 54, 40, 16]],

[ 30, 95, 0,[ 93, 53, 79, 36, 21]],

[ 98, 15, 0,[ 74, 6, 32]],

[ 26, 65, 0,[ 96, 32, 89]],

[ 3, 65, 0,[ 2, 89, 67, 66]],

[ 54, 95, 0,[ 97, 87, 67]],

[ 16, 95, 0,[ 0, 42, 9, 31, 97]],

[ 32, 65, 0,[ 98, 81, 26, 24]],

[ 87, 95, 0,[ 42, 52, 84, 54]],

[ 48, 15, 0,[ 93, 95, 79]],

[ 80, 95, 1,[ 73, 66, 83, 56, 28]],

[ 59, 65, 0,[ 36, 78, 23, 46]],

[ 75, 95, 0,[ 13, 83, 35]],

[ 42, 95, 0,[ 4, 87, 12, 96, 21, 16]],

[ 91, 95, 0,[ 93, 49, 29]],

[ 34, 95, 0,[ 10, 22, 51]],

[ 94, 15, 0,[ 90, 60, 44]],

[ 72, 95, 0,[ 29, 55, 15, 9]],

[ 28, 65, 0,[ 8, 81, 80]],

[ 55, 65, 0,[ 64, 45, 72]],

[ 50, 65, 0,[ 78, 37, 88, 53]],

[ 58, 95, 0,[ 7, 86, 17]],

[ 82, 65, 0,[ 90, 65, 18]],

[ 31, 15, 1,[ 47, 14, 16, 99]],

[ 84, 55, 0,[ 87, 51, 37]],

[ 46, 15, 0,[ 11, 86, 59, 65, 53]],

[ 14, 95, 0,[ 0, 31, 24]],

[ 62, 15, 0,[ 51, 7, 36, 61]],

[ 49, 95, 0,[ 91, 25, 63]],

[ 51, 15, 0,[ 34, 62, 1, 77, 84]],

[ 13, 65, 0,[ 15, 63, 52, 75]],

[ 37, 55, 1,[ 50, 96, 38, 17, 39, 84, 29]],

[ 25, 95, 0,[ 49, 41, 74]],

[ 29, 95, 0,[ 91, 72, 37]],

[ 71, 65, 0,[ 66, 70, 9]],

[ 45, 65, 0,[ 55, 76, 93]],

[ 24, 65, 0,[ 32, 60, 14]],

[ 67, 95, 0,[ 3, 92, 86, 54]],

[ 22, 95, 0,[ 83, 77, 34]],

[ 68, 95, 0,[ 1, 4, 63]],

[ 96, 55, 1,[ 35, 37, 42, 26]],

