[ 11, 5, 0,[ 42, 74, 4]],

[ 51, 5, 0,[ 66, 15, 8]],

[ 9, 5, 0,[ 48, 16, 26]],

[ 37, 5, 1,[ 1, 31, 13, 90, 55, 73, 3]],

[ 24, 5, 0,[ 34, 35, 38, 97, 58, 85, 31]],

[ 93, 5, 0,[ 23, 34, 54]],

[ 10, 5, 0,[ 44, 58, 59]],

[ 34, 5, 0,[ 35, 24, 16, 93, 41]],

[ 36, 5, 0,[ 30, 18, 25]],

[ 0, 5, 0,[ 2, 57, 14, 72, 52]],

[ 29, 5, 0,[ 39, 1, 95]],

[ 65, 5, 0,[ 45, 52, 88]],

[ 55, 5, 0,[ 75, 79, 37]],

[ 16, 5, 0,[ 9, 34, 52]],

[ 86, 5, 0,[ 91, 70, 50]],

[ 87, 5, 0,[ 5, 35, 3]],

[ 57, 5, 0,[ 0, 61, 49]],

[ 42, 5, 0,[ 73, 38, 11]],

[ 74, 5, 0,[ 35, 33, 11]],

[ 45, 5, 0,[ 64, 65, 69]],

[ 4, 5, 0,[ 11, 31, 1, 12]],

[ 23, 5, 0,[ 40, 68, 93, 31]],

[ 54, 5, 0,[ 52, 92, 95, 93]],

[ 80, 5, 0,[ 14, 44]],

[ 91, 5, 0,[ 86]],

[ 92, 5, 0,[ 70, 54, 19]],

[ 99, 5, 0,[ 53, 83, 18]],

[ 19, 5, 0,[ 77, 82, 92]],

[ 61, 5, 1,[ 40, 76, 57, 3, 15, 46]],

[ 98, 5, 0,[ 20, 41, 71]],

[ 27, 5, 0,[ 81, 88, 89]],

[ 68, 5, 1,[ 97, 52, 23, 15, 26, 71, 53]],

[ 15, 5, 0,[ 83, 51, 68, 78, 61]],

[ 33, 5, 0,[ 74, 47, 75]],

[ 90, 5, 0,[ 7, 88, 37]],

[ 88, 5, 0,[ 27, 90, 65, 39]],

[ 79, 35, 0,[ 55, 96]],

[ 30, 5, 0,[ 77, 58, 36]],

[ 78, 5, 0,[ 26, 96, 15]],

[ 20, 5, 0,[ 41, 31, 59, 98]],

[ 17, 5, 0,[ 52, 89, 59]],

[ 32, 5, 0,[ 56, 71]],

[ 52, 5, 1,[ 16, 31, 68, 63, 65, 0, 54, 17]],

[ 59, 5, 0,[ 10, 17, 85, 20]],

[ 76, 5, 0,[ 61, 95]],

[ 95, 5, 0,[ 29, 54, 76]],

[ 83, 5, 0,[ 15, 28, 99, 31]],

[ 44, 5, 1,[ 63, 66, 10, 62, 84, 81, 80, 5]],

[ 64, 5, 0,[ 94, 45, 1]],

[ 28, 5, 0,[ 69, 83]],

[ 58, 5, 0,[ 30, 60, 71, 10, 89, 24]],

[ 40, 5, 0,[ 61, 23]],

[ 62, 5, 0,[ 67, 8, 44]],

[ 39, 5, 0,[ 88, 29, 89]],

[ 73, 5, 0,[ 37, 43, 48, 42]],

[ 75, 5, 0,[ 33, 55, 72, 85]],

[ 56, 5, 0,[ 84, 32, 8]],

[ 3, 5, 0,[ 61, 37, 87]],

[ 60, 5, 0,[ 58, 2, 77]],

[ 41, 5, 0,[ 34, 20, 98]],

[ 25, 5, 0,[ 36, 6, 63]],

[ 31, 5, 1,[ 24, 20, 83, 77, 4, 43, 37, 23, 6, 52]],

[ 14, 5, 0,[ 80, 0, 6]],

[ 85, 5, 0,[ 71, 46, 22, 75, 24, 59]],

[ 50, 5, 0,[ 49, 8, 86]],

[ 53, 5, 0,[ 68, 99, 21]],

[ 70, 5, 0,[ 86, 92, 22]],

[ 12, 5, 0,[ 22, 4, 96]],

[ 22, 5, 0,[ 70, 69, 8, 85, 12, 66]],

[ 81, 5, 0,[ 27, 67, 44]],

[ 46, 5, 0,[ 84, 61, 85]],

[ 97, 5, 0,[ 67, 68, 24]],

[ 38, 5, 0,[ 24, 42, 82]],

[ 49, 5, 0,[ 57, 50, 96]],

[ 72, 5, 0,[ 75, 1, 0, 2]],

[ 26, 5, 0,[ 78, 68, 9]],

[ 89, 5, 1,[ 17, 21, 5, 94, 27, 39, 47, 58]],

[ 47, 5, 0,[ 43, 33, 89]],

[ 69, 5, 0,[ 22, 28, 45]],

[ 5, 5, 0,[ 89, 87, 44]],

[ 1, 5, 0,[ 64, 37, 72, 4, 29]],

[ 8, 5, 1,[ 56, 6, 51, 62, 50, 22]],

[ 6, 5, 0,[ 25, 14, 8, 31]],

[ 67, 5, 0,[ 82, 97, 81, 62]],

[ 43, 5, 0,[ 94, 47, 73, 31]],

[ 13, 5, 0,[ 35, 37, 7]],

[ 77, 5, 0,[ 60, 19, 30, 31, 7]],

[ 21, 5, 0,[ 89, 53, 96]],

[ 63, 5, 0,[ 25, 52, 44]],

[ 66, 5, 0,[ 51, 44, 22]],

[ 7, 5, 0,[ 90, 77, 13]],

[ 94, 5, 0,[ 43, 64, 89]],

[ 71, 5, 0,[ 32, 58, 68, 85, 98]],

[ 96, 5, 1,[ 18, 21, 49, 12, 79, 78]],

[ 84, 5, 0,[ 56, 44, 46]],

[ 18, 5, 0,[ 36, 96, 99]],

[ 48, 5, 0,[ 9, 73]],

[ 2, 5, 0,[ 0, 60, 72]],

[ 35, 5, 1,[ 34, 87, 13, 74, 24]],

[ 82, 5, 0,[ 67, 19, 38]],

[ 0, 35, 0,[ 68, 52, 50]],

[ 38, 35, 0,[ 43, 9, 12, 50, 96]],

[ 84, 85, 1,[ 44, 67, 22, 85, 70, 90]],

[ 53, 35, 0,[ 41, 65, 1, 52]],

[ 70, 35, 0,[ 7, 84, 13]],

[ 49, 35, 0,[ 24, 44, 62]],

[ 8, 35, 1,[ 17, 73, 68, 13, 60, 10, 94, 93, 1]],

[ 17, 35, 0,[ 61, 8, 98]],

[ 33, 35, 0,[ 14, 28]],

[ 54, 35, 0,[ 69, 90, 51]],

[ 58, 35, 0,[ 20, 3, 51, 59]],

[ 29, 35, 0,[ 83, 47, 56]],

[ 50, 35, 0,[ 52, 38, 0, 25, 34]],

[ 37, 85, 1,[ 89, 25, 43, 21, 11, 35]],

[ 47, 35, 0,[ 81, 29, 36, 73]],

[ 25, 35, 0,[ 37, 50, 76]],

[ 26, 35, 0,[ 75, 95, 63, 80]],

[ 32, 25, 0,[ 60, 96, 16]],

[ 24, 35, 0,[ 44, 49, 48]],

[ 11, 35, 0,[ 57, 27, 37, 28]],

[ 28, 35, 0,[ 11, 33, 46]],

[ 12, 35, 0,[ 10, 66, 38]],

[ 85, 35, 0,[ 91, 84, 61, 77]],

[ 87, 35, 0,[ 35, 89, 86, 98]],

[ 30, 35, 0,[ 57, 9]],

[ 41, 35, 0,[ 9, 53, 31]],

[ 10, 35, 0,[ 12, 8, 9]],

[ 52, 35, 1,[ 0, 72, 60, 53, 50, 19, 27]],

[ 22, 35, 0,[ 84, 55]],

[ 89, 35, 1,[ 87, 37, 72, 64]],

[ 55, 35, 0,[ 20, 22]],

[ 62, 35, 0,[ 49, 72, 13]],

[ 48, 35, 0,[ 86, 24, 95, 3, 42]],

[ 40, 35, 0,[ 67, 45, 73]],

[ 57, 35, 0,[ 11, 61, 30]],

[ 46, 25, 0,[ 28, 96, 81]],

[ 6, 35, 0,[ 15, 59, 99]],

[ 82, 35, 0,[ 80, 16, 56]],

[ 68, 35, 0,[ 8, 0, 96]],

[ 3, 35, 0,[ 58, 97, 48]],

[ 81, 5, 1,[ 74, 77, 94, 47, 46]],

[ 39, 35, 0,[ 5]],

[ 13, 35, 0,[ 62, 70, 67, 8]],

[ 51, 35, 0,[ 80, 58, 54]],

[ 19, 35, 0,[ 18, 63, 52]],

[ 80, 35, 0,[ 82, 18, 26, 51, 61]],

[ 42, 35, 0,[ 96, 31, 48]],

[ 97, 35, 0,[ 93, 34, 3]],

[ 76, 35, 0,[ 2, 21, 25, 35]],

[ 93, 35, 0,[ 97, 71, 64, 8]],

[ 31, 45, 1,[ 5, 4, 42, 75, 41]],

[ 64, 35, 0,[ 75, 89, 93]],

[ 94, 35, 0,[ 81, 71, 8, 14]],

[ 34, 35, 0,[ 97, 50, 96]],

[ 2, 35, 0,[ 14, 36, 76]],

[ 21, 35, 0,[ 37, 7, 76]],

[ 83, 35, 0,[ 29, 7, 4]],

[ 1, 35, 0,[ 53, 35, 8]],

[ 78, 35, 0,[ 4, 65, 92]],

[ 18, 35, 0,[ 19, 96, 80]],

[ 74, 35, 0,[ 59, 77, 99, 67, 81]],

[ 60, 35, 0,[ 32, 98, 52, 8]],

[ 36, 35, 0,[ 2, 79, 47]],

[ 20, 35, 0,[ 58, 55, 61]],

[ 88, 35, 0,[ 61, 91, 45]],

[ 67, 35, 0,[ 84, 40, 63, 74, 13]],

[ 86, 35, 0,[ 48, 15, 87]],

[ 16, 35, 0,[ 65, 82, 32]],

[ 59, 35, 0,[ 74, 58, 6]],

[ 66, 35, 0,[ 61, 12, 92]],

[ 96, 65, 1,[ 46, 68, 32, 15, 69, 7, 23, 18, 38, 34, 42]],

[ 61, 35, 1,[ 80, 95, 85, 66, 65, 57, 20, 17, 88]],

[ 35, 35, 1,[ 79, 37, 76, 92, 87, 99, 1]],

[ 4, 35, 0,[ 78, 83, 31]],

[ 92, 35, 0,[ 78, 66, 35]],

[ 90, 35, 0,[ 43, 54, 84]],

[ 98, 35, 0,[ 60, 87, 17]],

[ 65, 35, 0,[ 78, 53, 16, 61]],

[ 14, 35, 0,[ 94, 2, 33]],

[ 56, 35, 0,[ 23, 29, 91, 82]],

[ 95, 35, 0,[ 26, 48, 61]],

[ 77, 35, 0,[ 74, 81, 85]],

[ 44, 35, 0,[ 84, 24, 49]],

[ 7, 35, 0,[ 83, 21, 70, 96]],

[ 43, 35, 0,[ 37, 90, 38, 23]],

[ 15, 25, 0,[ 96, 6, 86]],

[ 45, 35, 0,[ 88, 40]],

[ 72, 35, 0,[ 89, 52, 62]],

[ 71, 35, 0,[ 93, 5, 94]],

[ 5, 35, 0,[ 71, 39, 31]],

[ 75, 35, 0,[ 91, 26, 31, 64]],

[ 23, 35, 0,[ 96, 43, 56]],

[ 99, 35, 0,[ 6, 35, 74]],

[ 79, 35, 0,[ 69, 36, 35]],

[ 9, 35, 0,[ 10, 41, 30, 38]],

[ 63, 35, 0,[ 19, 67, 26]],

[ 27, 35, 0,[ 52, 11]],

[ 69, 25, 0,[ 54, 79, 96]],

[ 91, 35, 0,[ 88, 85, 75, 56]],

[ 73, 35, 0,[ 8, 40, 47]],

