[ 31, 45, 1,[ 65, 4, 84]],

[ 7, 25, 0,[ 76, 95, 40]],

[ 58, 25, 0,[ 20, 68, 94]],

[ 75, 15, 1,[ 37, 74, 23]],

[ 76, 85, 1,[ 0, 45, 55, 44, 93, 7]],

[ 55, 25, 0,[ 85, 23, 76]],

[ 89, 45, 1,[ 79, 52, 9, 33]],

[ 32, 95, 1,[ 97, 62, 49, 9]],

[ 9, 25, 0,[ 16, 89, 32]],

[ 78, 35, 1,[ 41, 47, 77, 60, 2, 65, 50, 3]],

[ 81, 5, 1,[ 49, 25, 83]],

[ 64, 75, 0,[ 51, 30, 87]],

[ 39, 75, 0,[ 61, 90, 68]],

[ 77, 55, 0,[ 78, 96, 46]],

[ 91, 75, 0,[ 6, 44, 74]],

[ 46, 55, 1,[ 3, 88, 11, 54, 77]],

[ 26, 25, 1,[ 61, 54, 10]],

[ 68, 15, 1,[ 19, 50, 33, 86, 58, 39, 45]],

[ 59, 75, 1,[ 94, 28, 14, 87, 52]],

[ 38, 25, 0,[ 63, 49, 97]],

[ 10, 75, 1,[ 16, 26, 13]],

[ 11, 25, 0,[ 67, 28, 46]],

[ 67, 95, 0,[ 11, 74, 90]],

[ 19, 85, 1,[ 33, 96, 73, 68]],

[ 98, 25, 0,[ 48, 74]],

[ 49, 15, 0,[ 38, 32, 81, 1]],

[ 35, 5, 1,[ 15, 48, 21]],

[ 15, 75, 0,[ 35, 87, 37]],

[ 2, 25, 0,[ 42, 78, 53]],

[ 83, 15, 0,[ 81, 29, 72, 28]],

[ 47, 75, 0,[ 85, 62, 78]],

[ 95, 45, 1,[ 7, 56, 70, 62, 50]],

[ 72, 25, 1,[ 17, 83, 25, 54]],

[ 96, 75, 1,[ 77, 40, 19]],

[ 43, 75, 0,[ 12, 74, 6]],

[ 24, 65, 1,[ 29, 0, 99]],

[ 20, 35, 1,[ 18, 14, 16, 79, 63, 58, 90]],

[ 71, 15, 0,[ 51, 41, 94, 40]],

[ 5, 75, 0,[ 29, 65, 63]],

[ 33, 25, 0,[ 89, 68, 88, 19]],

[ 41, 25, 0,[ 78, 71]],

[ 36, 25, 0,[ 52, 8, 16]],

[ 40, 55, 1,[ 96, 7, 74, 56, 93, 94, 69, 71]],

[ 63, 75, 0,[ 20, 38, 90, 5]],

[ 57, 75, 0,[ 17, 84, 74]],

[ 42, 95, 1,[ 29, 66, 2]],

[ 18, 25, 0,[ 70, 20, 97]],

[ 21, 75, 0,[ 35]],

[ 51, 85, 1,[ 27, 71, 30, 64, 60, 22, 48]],

[ 0, 75, 0,[ 24, 76, 53, 88]],

[ 30, 75, 0,[ 99, 64, 51]],

[ 94, 65, 1,[ 59, 58, 40, 4, 71]],

[ 73, 65, 0,[ 44, 19]],

[ 65, 25, 0,[ 13, 5, 31, 48, 78]],

[ 97, 95, 1,[ 12, 84, 38, 99, 32, 18]],

[ 3, 25, 0,[ 78, 46, 56]],

[ 37, 95, 1,[ 75, 92, 4, 15, 99]],

[ 56, 65, 1,[ 34, 40, 95, 3]],

[ 52, 65, 1,[ 89, 59, 36]],

[ 87, 65, 1,[ 86, 1, 27, 53, 59, 64, 15]],

[ 1, 75, 0,[ 49, 87, 90]],

[ 22, 95, 0,[ 8, 34, 60, 51]],

[ 4, 25, 0,[ 37, 31, 94]],

[ 61, 25, 1,[ 26, 66, 39, 48]],

[ 70, 65, 0,[ 90, 13, 95, 18]],

[ 34, 25, 0,[ 84, 22, 56]],

[ 8, 55, 1,[ 22, 45, 36]],

[ 86, 25, 0,[ 68, 48, 87]],

[ 92, 95, 1,[ 48, 37, 93]],

[ 14, 25, 0,[ 20, 48, 59]],

[ 50, 25, 0,[ 68, 78, 95]],

[ 48, 95, 1,[ 35, 65, 98, 14, 61, 92, 23, 86, 82, 51]],

[ 44, 25, 1,[ 73, 76, 91]],

[ 13, 15, 1,[ 70, 10, 65]],

[ 28, 75, 0,[ 59, 83, 90, 11, 17]],

[ 93, 25, 0,[ 76, 92, 40]],

[ 84, 75, 1,[ 57, 31, 97, 34]],

[ 99, 45, 1,[ 97, 37, 12, 24, 30]],

[ 62, 25, 1,[ 32, 95, 47]],

[ 80, 75, 1,[ 90, 25]],

[ 27, 75, 0,[ 87, 6, 51]],

[ 45, 75, 0,[ 76, 68, 8]],

[ 29, 55, 1,[ 82, 5, 42, 24, 83]],

[ 53, 25, 0,[ 87, 2, 0]],

[ 88, 75, 0,[ 46, 33, 0]],

[ 66, 75, 1,[ 61, 42, 23]],

[ 69, 25, 0,[ 40, 85, 90]],

[ 16, 75, 1,[ 20, 10, 9, 36]],

[ 54, 25, 1,[ 72, 26, 46]],

[ 85, 95, 1,[ 55, 69, 47]],

[ 17, 35, 1,[ 57, 28, 72]],

[ 12, 25, 0,[ 99, 43, 97]],

[ 60, 5, 0,[ 51, 22, 78]],

[ 79, 25, 1,[ 89, 20, 82]],

[ 74, 65, 1,[ 98, 75, 57, 43, 91, 67, 40]],

[ 82, 25, 1,[ 79, 29, 48]],

[ 25, 25, 0,[ 6, 72, 81, 80]],

[ 23, 75, 1,[ 66, 55, 48, 75]],

[ 90, 5, 1,[ 1, 20, 28, 70, 63, 80, 67, 39, 69]],

[ 6, 95, 1,[ 91, 25, 27, 43]],

