[ 27, 75, 0,[ 17, 8]],

[ 69, 5, 0,[ 12, 39, 1]],

[ 28, 5, 0,[ 35, 23, 92]],

[ 25, 85, 0,[ 10]],

[ 19, 75, 0,[]],

[ 36, 5, 0,[]],

[ 64, 15, 0,[]],

[ 87, 5, 0,[]],

[ 21, 5, 0,[]],

[ 68, 75, 0,[]],

[ 37, 25, 1,[ 13, 8, 24, 97, 92, 89, 35, 62, 96]],

[ 94, 15, 0,[]],

[ 71, 85, 0,[ 59, 98]],

[ 14, 75, 0,[]],

[ 99, 75, 0,[]],

[ 13, 5, 0,[ 37, 52, 95, 96]],

[ 7, 5, 0,[ 17, 61, 35]],

[ 0, 25, 0,[]],

[ 16, 5, 0,[ 23, 50, 35]],

[ 63, 5, 0,[]],

[ 74, 15, 0,[]],

[ 45, 75, 0,[]],

[ 22, 75, 0,[ 97, 15, 96]],

[ 34, 5, 0,[ 43, 61, 35]],

[ 75, 15, 0,[ 8, 17]],

[ 79, 75, 0,[ 52]],

[ 70, 5, 0,[]],

[ 38, 15, 0,[ 17]],

[ 2, 25, 0,[]],

[ 60, 5, 0,[ 29]],

[ 50, 5, 0,[ 4, 29, 16]],

[ 47, 15, 0,[]],

[ 44, 75, 0,[ 52, 12]],

[ 5, 25, 0,[]],

[ 8, 75, 1,[ 37, 66, 42, 15, 27, 29, 92, 75]],

[ 20, 85, 0,[]],

[ 81, 15, 0,[ 89]],

[ 72, 15, 0,[]],

[ 49, 5, 0,[ 39]],

[ 85, 5, 0,[]],

[ 98, 5, 0,[ 6, 39, 71]],

[ 84, 75, 0,[]],

[ 35, 85, 1,[ 34, 28, 16, 59, 93, 67, 7, 37]],

[ 78, 5, 0,[]],

[ 18, 85, 0,[]],

[ 10, 85, 0,[ 25]],

[ 40, 25, 0,[]],

[ 97, 75, 0,[ 66, 37, 22]],

[ 93, 5, 0,[ 35, 61, 43]],

[ 66, 75, 0,[ 17, 97, 8]],

[ 46, 85, 0,[ 53, 31]],

[ 89, 15, 1,[ 62, 81, 37, 6, 31]],

[ 80, 15, 0,[]],

[ 29, 5, 0,[ 8, 86, 60, 50]],

[ 73, 75, 0,[]],

[ 62, 5, 0,[ 37, 89, 96]],

[ 41, 15, 0,[]],

[ 3, 5, 0,[]],

[ 86, 85, 0,[ 59, 53, 29]],

[ 53, 85, 0,[ 86, 46]],

[ 48, 15, 0,[]],

[ 82, 5, 0,[ 61, 4]],

[ 67, 85, 0,[ 35, 96, 52]],

[ 55, 15, 0,[]],

[ 56, 15, 0,[]],

[ 9, 15, 0,[]],

[ 52, 75, 1,[ 24, 79, 13, 31, 4, 67, 44, 90]],

[ 76, 75, 0,[]],

[ 4, 5, 0,[ 50, 52, 82]],

[ 92, 5, 0,[ 8, 37, 28]],

[ 57, 25, 0,[]],

[ 26, 75, 0,[]],

[ 90, 75, 0,[ 52]],

[ 42, 75, 0,[ 8]],

[ 65, 5, 0,[]],

[ 24, 15, 1,[ 52, 37, 1]],

[ 61, 5, 1,[ 34, 93, 7, 82, 12]],

[ 12, 5, 0,[ 44, 69, 61]],

[ 88, 15, 0,[]],

[ 33, 25, 0,[]],

[ 17, 15, 1,[ 7, 38, 66, 27, 75]],

[ 51, 25, 0,[]],

[ 96, 5, 1,[ 37, 67, 22, 62, 13]],

[ 95, 5, 0,[ 13]],

[ 23, 5, 0,[ 28, 16]],

[ 31, 25, 1,[ 52, 89, 46]],

[ 6, 5, 0,[ 89, 98]],

[ 32, 85, 0,[]],

[ 1, 5, 0,[ 24, 69]],

[ 58, 85, 0,[]],

[ 59, 85, 0,[ 71, 86, 35]],

[ 11, 15, 0,[]],

[ 30, 75, 0,[]],

[ 15, 75, 0,[ 8, 22]],

[ 54, 5, 0,[]],

[ 43, 5, 0,[ 34, 93]],

[ 91, 15, 0,[]],

[ 83, 85, 0,[]],

[ 77, 5, 0,[]],

[ 39, 5, 0,[ 98, 69, 49]],

