[ 25, 35, 0,[ 33, 0, 93, 2]],

[ 84, 35, 0,[ 10, 16]],

[ 77, 35, 0,[ 48, 10]],

[ 74, 35, 0,[ 11, 13]],

[ 16, 35, 0,[ 32, 84, 90, 1, 55, 6]],

[ 83, 35, 0,[ 5, 46]],

[ 36, 35, 0,[ 67, 3, 0]],

[ 35, 35, 0,[ 1, 38, 98, 32, 58, 54]],

[ 26, 35, 0,[ 13, 3]],

[ 9, 35, 0,[ 89, 0, 1]],

[ 27, 35, 0,[ 78, 2, 1]],

[ 24, 35, 0,[ 1, 0]],

[ 72, 35, 0,[ 6, 81, 28]],

[ 1, 35, 0,[ 24, 3, 43, 10, 64, 27, 49, 69, 12, 70, 68, 23, 88, 55, 35, 46, 97, 21, 30, 59, 16, 0, 96, 18, 44, 86, 9, 2, 32, 28, 5, 15, 22, 6, 89, 47]],

[ 96, 35, 0,[ 1, 57]],

[ 20, 35, 0,[ 79, 2, 53, 3]],

[ 8, 35, 0,[ 0, 2]],

[ 57, 35, 0,[ 30, 10, 96]],

[ 76, 35, 0,[ 0, 52]],

[ 10, 35, 0,[ 58, 57, 1, 63, 84, 77, 3]],

[ 0, 35, 0,[ 7, 62, 12, 6, 1, 43, 66, 24, 71, 25, 94, 99, 30, 37, 4, 2, 76, 9, 18, 46, 36, 8]],

[ 31, 35, 0,[ 7, 13]],

[ 90, 35, 0,[ 16, 6]],

[ 99, 35, 0,[ 0, 3]],

[ 64, 35, 0,[ 17, 1]],

[ 87, 35, 1,[ 2, 54]],

[ 88, 35, 0,[ 11, 1, 93]],

[ 95, 75, 1,[ 2, 6]],

[ 51, 75, 1,[ 2, 38]],

[ 15, 15, 1,[ 13, 1]],

[ 14, 35, 0,[ 2, 60, 3]],

[ 94, 35, 0,[ 0, 52]],

[ 19, 75, 1,[ 7, 2]],

[ 7, 35, 0,[ 2, 0, 31, 19]],

[ 73, 35, 0,[ 28, 11]],

[ 42, 35, 0,[ 38, 2]],

[ 48, 35, 0,[ 29, 77, 5]],

[ 92, 35, 0,[ 2, 54]],

[ 62, 35, 0,[ 0, 53]],

[ 97, 35, 0,[ 1, 43]],

[ 98, 35, 0,[ 5, 35]],

[ 59, 35, 0,[ 22, 1]],

[ 78, 35, 0,[ 37, 27]],

[ 46, 35, 0,[ 68, 83, 0, 1]],

[ 47, 35, 0,[ 1, 5]],

[ 81, 35, 0,[ 2, 72]],

[ 75, 85, 1,[ 54, 2]],

[ 60, 35, 0,[ 14, 2]],

[ 12, 35, 0,[ 0, 1, 38, 29, 63]],

[ 61, 35, 0,[ 37, 2]],

[ 5, 35, 0,[ 17, 71, 47, 80, 98, 48, 83, 40, 1, 49, 82, 65, 56, 2, 13, 34]],

[ 49, 35, 0,[ 1, 5]],

[ 28, 35, 0,[ 72, 66, 2, 73, 1, 34]],

[ 23, 35, 0,[ 11, 1]],

[ 3, 35, 0,[ 99, 50, 67, 44, 20, 26, 4, 17, 36, 14, 29, 33, 2, 80, 82, 85, 10, 53, 86, 1]],

[ 29, 35, 0,[ 12, 3, 48]],

[ 43, 35, 0,[ 0, 1, 97]],

[ 55, 35, 0,[ 16, 1]],

[ 13, 35, 0,[ 5, 2, 15, 26, 74, 31]],

[ 44, 35, 0,[ 3, 1]],

[ 58, 35, 0,[ 35, 10]],

[ 4, 35, 0,[ 11, 0, 21, 3]],

[ 33, 35, 0,[ 25, 3]],

[ 45, 35, 0,[ 38, 37]],

[ 6, 35, 0,[ 72, 95, 0, 90, 16, 1, 65]],

[ 38, 35, 0,[ 12, 52, 45, 35, 50, 40, 42, 51]],

[ 50, 35, 0,[ 38, 3]],

[ 22, 35, 0,[ 37, 2, 59, 1]],

[ 39, 35, 0,[ 21, 34]],

[ 71, 35, 0,[ 0, 5]],

[ 32, 35, 0,[ 1, 52, 35, 16]],

[ 2, 35, 0,[ 79, 8, 92, 22, 11, 61, 85, 0, 81, 42, 28, 25, 27, 95, 13, 7, 3, 20, 1, 41, 60, 87, 75, 56, 19, 91, 14, 51, 5]],

[ 69, 45, 1,[ 1, 30]],

[ 34, 35, 0,[ 39, 5, 28]],

[ 11, 35, 0,[ 4, 73, 74, 88, 23, 70, 2]],

[ 40, 5, 1,[ 38, 5]],

[ 89, 35, 0,[ 1, 9]],

[ 93, 35, 0,[ 25, 88]],

[ 54, 35, 0,[ 21, 92, 35, 87, 75, 91]],

[ 80, 35, 0,[ 5, 3]],

[ 41, 35, 0,[ 18, 2]],

[ 37, 35, 0,[ 22, 45, 61, 0, 78]],

[ 52, 35, 0,[ 32, 94, 76, 38]],

[ 85, 35, 0,[ 2, 3]],

[ 67, 35, 0,[ 3, 36]],

[ 65, 35, 0,[ 5, 6]],

[ 82, 35, 0,[ 3, 5]],

[ 68, 35, 0,[ 1, 46]],

[ 79, 35, 0,[ 20, 2]],

[ 70, 25, 1,[ 1, 11]],

[ 21, 35, 0,[ 54, 4, 39, 1]],

[ 63, 85, 1,[ 12, 10]],

[ 91, 35, 0,[ 54, 2]],

[ 56, 35, 0,[ 5, 2]],

[ 18, 35, 0,[ 41, 1, 0]],

[ 66, 35, 0,[ 28, 0]],

[ 30, 35, 0,[ 57, 69, 1, 0]],

[ 53, 35, 0,[ 20, 3, 62]],

[ 17, 35, 0,[ 64, 5, 3]],

[ 86, 35, 0,[ 1, 3]],

