[ 95, 95, 0,[ 6, 2]],

[ 9, 55, 0,[ 1, 0, 89]],

[ 85, 95, 0,[ 2, 3]],

[ 16, 55, 0,[ 32, 1, 84, 6, 55, 90]],

[ 79, 95, 0,[ 2, 20]],

[ 60, 95, 0,[ 2, 14]],

[ 22, 55, 0,[ 1, 37, 2, 59]],

[ 38, 35, 1,[ 12, 42, 45, 51, 52, 50, 40, 35]],

[ 64, 55, 0,[ 1, 17]],

[ 76, 45, 0,[ 0, 52]],

[ 98, 45, 0,[ 35, 5]],

[ 70, 55, 0,[ 1, 11]],

[ 3, 5, 1,[ 44, 86, 82, 17, 20, 85, 50, 33, 80, 36, 2, 10, 26, 4, 53, 14, 67, 29, 99, 1]],

[ 50, 5, 0,[ 3, 38]],

[ 40, 45, 0,[ 38, 5]],

[ 43, 55, 0,[ 97, 1, 0]],

[ 82, 5, 0,[ 5, 3]],

[ 45, 35, 0,[ 38, 37]],

[ 51, 95, 0,[ 38, 2]],

[ 4, 45, 0,[ 11, 3, 21, 0]],

[ 29, 5, 0,[ 48, 12, 3]],

[ 69, 55, 0,[ 30, 1]],

[ 12, 55, 0,[ 63, 0, 29, 1, 38]],

[ 74, 45, 0,[ 11, 13]],

[ 90, 25, 0,[ 6, 16]],

[ 58, 65, 0,[ 35, 10]],

[ 8, 95, 0,[ 0, 2]],

[ 47, 55, 0,[ 5, 1]],

[ 92, 95, 0,[ 54, 2]],

[ 56, 95, 0,[ 2, 5]],

[ 34, 45, 0,[ 28, 39, 5]],

[ 46, 55, 0,[ 1, 68, 83, 0]],

[ 57, 65, 0,[ 30, 96, 10]],

[ 63, 65, 0,[ 12, 10]],

[ 87, 95, 0,[ 54, 2]],

[ 66, 45, 0,[ 0, 28]],

[ 23, 55, 0,[ 11, 1]],

[ 1, 55, 1,[ 16, 49, 6, 23, 22, 12, 96, 47, 64, 59, 70, 5, 97, 88, 9, 44, 27, 55, 35, 10, 43, 89, 0, 30, 21, 24, 18, 32, 15, 69, 68, 3, 2, 46, 86, 28]],

[ 53, 5, 0,[ 20, 3, 62]],

[ 48, 45, 0,[ 29, 77, 5]],

[ 89, 55, 0,[ 1, 9]],

[ 21, 55, 0,[ 54, 1, 4, 39]],

[ 68, 55, 0,[ 1, 46]],

[ 25, 95, 0,[ 0, 93, 33, 2]],

[ 15, 55, 0,[ 13, 1]],

[ 37, 45, 0,[ 22, 45, 61, 78, 0]],

[ 5, 45, 1,[ 80, 82, 13, 2, 48, 65, 56, 49, 47, 1, 83, 34, 40, 71, 17, 98]],

[ 19, 95, 0,[ 2, 7]],

[ 11, 45, 1,[ 4, 23, 73, 88, 74, 2, 70]],

[ 62, 45, 0,[ 53, 0]],

[ 49, 55, 0,[ 1, 5]],

[ 6, 25, 1,[ 72, 90, 95, 65, 16, 0, 1]],

[ 93, 95, 0,[ 88, 25]],

[ 81, 95, 0,[ 72, 2]],

[ 97, 55, 0,[ 1, 43]],

[ 24, 55, 0,[ 1, 0]],

[ 18, 55, 0,[ 0, 41, 1]],

[ 41, 95, 0,[ 18, 2]],

[ 42, 95, 0,[ 38, 2]],

[ 86, 55, 0,[ 1, 3]],

[ 67, 5, 0,[ 3, 36]],

[ 54, 55, 0,[ 92, 75, 21, 91, 87, 35]],

[ 36, 5, 0,[ 3, 0, 67]],

[ 99, 45, 0,[ 0, 3]],

[ 27, 55, 0,[ 2, 1, 78]],

[ 17, 5, 0,[ 5, 64, 3]],

[ 84, 65, 0,[ 10, 16]],

[ 31, 95, 0,[ 7, 13]],

[ 55, 55, 0,[ 1, 16]],

[ 26, 5, 0,[ 3, 13]],

[ 91, 95, 0,[ 54, 2]],

[ 77, 65, 0,[ 48, 10]],

[ 75, 95, 0,[ 2, 54]],

[ 65, 45, 0,[ 5, 6]],

[ 52, 35, 0,[ 94, 76, 32, 38]],

[ 20, 95, 0,[ 53, 79, 2, 3]],

[ 44, 55, 0,[ 3, 1]],

[ 78, 45, 0,[ 27, 37]],

[ 61, 95, 0,[ 2, 37]],

[ 39, 55, 0,[ 21, 34]],

[ 10, 65, 1,[ 3, 57, 84, 58, 63, 1, 77]],

[ 73, 45, 0,[ 28, 11]],

[ 35, 55, 0,[ 58, 98, 38, 32, 1, 54]],

[ 83, 45, 0,[ 46, 5]],

[ 32, 55, 0,[ 35, 16, 52, 1]],

[ 14, 95, 0,[ 3, 2, 60]],

[ 88, 55, 0,[ 11, 93, 1]],

[ 71, 45, 0,[ 0, 5]],

[ 33, 5, 0,[ 25, 3]],

[ 30, 55, 0,[ 1, 0, 57, 69]],

[ 7, 95, 0,[ 19, 0, 2, 31]],

[ 96, 55, 0,[ 1, 57]],

[ 28, 55, 0,[ 2, 1, 73, 34, 66, 72]],

[ 94, 45, 0,[ 52, 0]],

[ 80, 5, 0,[ 5, 3]],

[ 59, 55, 0,[ 1, 22]],

[ 13, 95, 1,[ 26, 15, 2, 5, 31, 74]],

[ 2, 95, 1,[ 81, 0, 1, 28, 13, 25, 20, 27, 5, 95, 11, 79, 60, 42, 75, 7, 56, 91, 8, 87, 22, 41, 61, 85, 92, 14, 3, 19, 51]],

[ 0, 45, 1,[ 1, 76, 9, 7, 71, 37, 43, 99, 8, 66, 12, 62, 25, 6, 18, 94, 46, 30, 2, 24, 36, 4]],

[ 72, 25, 0,[ 6, 81, 28]],

