[ 31, 15, 1,[ 7, 13]],

[ 82, 5, 1,[ 5, 3]],

[ 27, 5, 0,[ 2, 78, 1]],

[ 63, 95, 1,[ 10, 12]],

[ 34, 5, 0,[ 5, 28, 39]],

[ 48, 5, 0,[ 29, 5, 77]],

[ 93, 75, 1,[ 88, 25]],

[ 57, 5, 0,[ 30, 10, 96]],

[ 65, 85, 1,[ 6, 5]],

[ 74, 5, 1,[ 13, 11]],

[ 98, 35, 1,[ 35, 5]],

[ 22, 5, 0,[ 1, 2, 37, 59]],

[ 23, 45, 1,[ 11, 1]],

[ 92, 75, 1,[ 54, 2]],

[ 94, 45, 1,[ 0, 52]],

[ 15, 45, 1,[ 13, 1]],

[ 95, 5, 1,[ 6, 2]],

[ 3, 5, 0,[ 29, 80, 82, 20, 53, 1, 67, 85, 14, 2, 10, 33, 50, 26, 4, 36, 44, 99, 86, 17]],

[ 81, 85, 1,[ 2, 72]],

[ 11, 5, 0,[ 73, 2, 23, 88, 74, 70, 4]],

[ 86, 5, 1,[ 1, 3]],

[ 85, 5, 0,[ 2, 3]],

[ 76, 95, 1,[ 0, 52]],

[ 41, 55, 1,[ 18, 2]],

[ 71, 5, 1,[ 5, 0]],

[ 88, 5, 0,[ 11, 93, 1]],

[ 13, 5, 0,[ 26, 74, 31, 15, 5, 2]],

[ 49, 25, 1,[ 5, 1]],

[ 59, 85, 1,[ 22, 1]],

[ 84, 55, 1,[ 10, 16]],

[ 62, 15, 1,[ 0, 53]],

[ 4, 5, 0,[ 11, 3, 0, 21]],

[ 60, 5, 0,[ 2, 14]],

[ 72, 5, 0,[ 6, 81, 28]],

[ 32, 5, 0,[ 35, 1, 52, 16]],

[ 7, 5, 0,[ 2, 19, 31, 0]],

[ 78, 95, 1,[ 37, 27]],

[ 18, 5, 0,[ 1, 0, 41]],

[ 79, 95, 1,[ 2, 20]],

[ 69, 25, 1,[ 30, 1]],

[ 91, 25, 1,[ 54, 2]],

[ 25, 5, 0,[ 0, 2, 33, 93]],

[ 83, 35, 1,[ 46, 5]],

[ 42, 25, 1,[ 2, 38]],

[ 50, 5, 1,[ 38, 3]],

[ 89, 5, 0,[ 1, 9]],

[ 75, 35, 1,[ 54, 2]],

[ 51, 5, 0,[ 38, 2]],

[ 17, 5, 0,[ 64, 5, 3]],

[ 64, 25, 1,[ 17, 1]],

[ 80, 5, 0,[ 3, 5]],

[ 58, 45, 1,[ 10, 35]],

[ 40, 5, 1,[ 38, 5]],

[ 66, 95, 1,[ 28, 0]],

[ 45, 5, 0,[ 37, 38]],

[ 2, 5, 0,[ 92, 42, 41, 19, 56, 79, 95, 8, 1, 61, 5, 25, 75, 22, 91, 87, 27, 7, 13, 85, 20, 81, 51, 0, 3, 28, 60, 14, 11]],

[ 6, 5, 0,[ 1, 16, 95, 72, 65, 90, 0]],

[ 99, 45, 1,[ 0, 3]],

[ 46, 5, 0,[ 1, 83, 0, 68]],

[ 36, 5, 0,[ 3, 67, 0]],

[ 26, 65, 1,[ 13, 3]],

[ 33, 5, 0,[ 25, 3]],

[ 30, 5, 0,[ 1, 0, 57, 69]],

[ 96, 45, 1,[ 57, 1]],

[ 19, 5, 0,[ 7, 2]],

[ 39, 25, 1,[ 21, 34]],

[ 8, 15, 1,[ 2, 0]],

[ 77, 65, 1,[ 48, 10]],

[ 20, 5, 0,[ 79, 2, 3, 53]],

[ 9, 5, 0,[ 89, 0, 1]],

[ 55, 5, 1,[ 16, 1]],

[ 5, 5, 0,[ 80, 47, 1, 2, 98, 56, 13, 82, 49, 48, 34, 65, 71, 17, 83, 40]],

[ 28, 5, 0,[ 2, 73, 1, 34, 72, 66]],

[ 97, 35, 1,[ 1, 43]],

[ 38, 5, 0,[ 45, 40, 12, 35, 51, 50, 42, 52]],

[ 10, 5, 0,[ 63, 3, 1, 77, 84, 57, 58]],

[ 12, 5, 0,[ 29, 63, 0, 1, 38]],

[ 47, 25, 1,[ 1, 5]],

[ 35, 5, 0,[ 1, 58, 98, 54, 32, 38]],

[ 24, 5, 0,[ 1, 0]],

[ 43, 5, 0,[ 1, 0, 97]],

[ 54, 5, 0,[ 87, 21, 35, 92, 75, 91]],

[ 67, 35, 1,[ 36, 3]],

[ 56, 95, 1,[ 5, 2]],

[ 70, 5, 0,[ 11, 1]],

[ 16, 5, 0,[ 90, 1, 6, 84, 32, 55]],

[ 53, 5, 0,[ 20, 62, 3]],

[ 61, 75, 1,[ 2, 37]],

[ 14, 5, 0,[ 3, 2, 60]],

[ 90, 45, 1,[ 16, 6]],

[ 52, 5, 0,[ 38, 32, 94, 76]],

[ 29, 5, 0,[ 12, 3, 48]],

[ 0, 5, 0,[ 99, 2, 18, 25, 71, 43, 9, 76, 1, 62, 6, 36, 24, 8, 30, 66, 37, 7, 46, 4, 94, 12]],

[ 21, 5, 0,[ 39, 54, 1, 4]],

[ 37, 5, 0,[ 22, 45, 61, 0, 78]],

[ 1, 5, 0,[ 46, 64, 55, 49, 5, 2, 24, 22, 9, 6, 0, 3, 47, 88, 23, 44, 30, 69, 28, 27, 43, 89, 97, 18, 16, 32, 12, 21, 35, 59, 10, 86, 96, 68, 70, 15]],

[ 68, 5, 1,[ 46, 1]],

[ 44, 15, 1,[ 1, 3]],

[ 73, 75, 1,[ 28, 11]],

[ 87, 5, 1,[ 2, 54]],

