[ 69, 95, 0,[ 30, 1]],

[ 81, 5, 0,[ 72, 2]],

[ 47, 25, 0,[ 5, 1]],

[ 95, 75, 0,[ 2, 6]],

[ 10, 65, 1,[ 1, 77, 63, 58, 3, 84, 57]],

[ 85, 55, 0,[ 2, 3]],

[ 93, 35, 1,[ 88, 25]],

[ 50, 45, 0,[ 38, 3]],

[ 72, 25, 1,[ 81, 6, 28]],

[ 86, 25, 0,[ 3, 1]],

[ 27, 35, 1,[ 2, 78, 1]],

[ 46, 35, 1,[ 83, 68, 0, 1]],

[ 55, 5, 0,[ 16, 1]],

[ 9, 45, 1,[ 1, 89, 0]],

[ 79, 5, 0,[ 2, 20]],

[ 49, 75, 1,[ 1, 5]],

[ 32, 45, 1,[ 52, 35, 16, 1]],

[ 25, 65, 1,[ 33, 0, 93, 2]],

[ 94, 75, 1,[ 52, 0]],

[ 90, 45, 0,[ 6, 16]],

[ 89, 35, 0,[ 9, 1]],

[ 34, 5, 1,[ 39, 28, 5]],

[ 37, 65, 1,[ 22, 78, 61, 45, 0]],

[ 21, 85, 1,[ 54, 4, 39, 1]],

[ 67, 25, 0,[ 36, 3]],

[ 51, 35, 0,[ 2, 38]],

[ 92, 15, 0,[ 2, 54]],

[ 39, 25, 0,[ 34, 21]],

[ 29, 65, 1,[ 3, 12, 48]],

[ 97, 85, 0,[ 43, 1]],

[ 0, 85, 1,[ 4, 1, 71, 76, 18, 36, 12, 30, 8, 62, 99, 94, 46, 25, 6, 37, 66, 7, 24, 2, 43, 9]],

[ 8, 15, 0,[ 2, 0]],

[ 28, 65, 1,[ 73, 2, 72, 1, 66, 34]],

[ 2, 35, 1,[ 27, 13, 41, 28, 87, 5, 92, 8, 79, 81, 19, 60, 91, 61, 56, 1, 51, 11, 22, 42, 0, 14, 25, 85, 20, 75, 3, 95, 7]],

[ 24, 55, 0,[ 1, 0]],

[ 38, 35, 1,[ 40, 45, 50, 52, 51, 42, 12, 35]],

[ 6, 65, 1,[ 65, 72, 1, 90, 0, 95, 16]],

[ 33, 85, 0,[ 3, 25]],

[ 42, 35, 0,[ 38, 2]],

[ 64, 65, 1,[ 17, 1]],

[ 83, 95, 0,[ 5, 46]],

[ 35, 85, 1,[ 1, 98, 58, 54, 38, 32]],

[ 87, 85, 0,[ 54, 2]],

[ 1, 5, 1,[ 15, 24, 69, 23, 28, 47, 9, 6, 59, 64, 2, 0, 30, 43, 44, 3, 32, 96, 55, 5, 12, 22, 46, 10, 97, 18, 27, 68, 86, 21, 70, 49, 16, 89, 88, 35]],

[ 73, 85, 0,[ 28, 11]],

[ 19, 95, 0,[ 2, 7]],

[ 78, 95, 1,[ 27, 37]],

[ 40, 35, 0,[ 38, 5]],

[ 71, 5, 1,[ 0, 5]],

[ 48, 15, 1,[ 29, 77, 5]],

[ 7, 45, 1,[ 0, 31, 19, 2]],

[ 96, 85, 0,[ 1, 57]],

[ 26, 45, 0,[ 3, 13]],

[ 44, 5, 0,[ 3, 1]],

[ 57, 15, 1,[ 96, 30, 10]],

[ 12, 5, 1,[ 63, 29, 0, 38, 1]],

[ 77, 15, 0,[ 48, 10]],

[ 52, 25, 1,[ 94, 32, 38, 76]],

[ 82, 95, 0,[ 3, 5]],

[ 58, 45, 0,[ 10, 35]],

[ 66, 95, 1,[ 28, 0]],

[ 22, 35, 1,[ 2, 59, 37, 1]],

[ 61, 65, 0,[ 2, 37]],

[ 17, 25, 1,[ 5, 3, 64]],

[ 5, 15, 1,[ 13, 98, 83, 40, 17, 2, 56, 82, 34, 48, 71, 65, 80, 47, 49, 1]],

[ 74, 95, 0,[ 11, 13]],

[ 68, 5, 0,[ 46, 1]],

[ 43, 75, 1,[ 1, 0, 97]],

[ 13, 95, 1,[ 15, 2, 31, 26, 5, 74]],

[ 62, 55, 0,[ 0, 53]],

[ 65, 85, 0,[ 5, 6]],

[ 63, 15, 0,[ 12, 10]],

[ 80, 65, 0,[ 5, 3]],

[ 88, 35, 1,[ 1, 93, 11]],

[ 36, 85, 1,[ 0, 67, 3]],

[ 75, 25, 0,[ 2, 54]],

[ 60, 15, 0,[ 2, 14]],

[ 4, 15, 1,[ 0, 3, 21, 11]],

[ 14, 65, 1,[ 2, 60, 3]],

[ 76, 5, 0,[ 52, 0]],

[ 30, 65, 1,[ 1, 57, 69, 0]],

[ 16, 5, 1,[ 1, 84, 90, 55, 32, 6]],

[ 18, 45, 1,[ 1, 41, 0]],

[ 56, 25, 0,[ 5, 2]],

[ 15, 85, 0,[ 13, 1]],

[ 11, 15, 1,[ 2, 74, 4, 88, 70, 73, 23]],

[ 70, 35, 0,[ 1, 11]],

[ 41, 55, 0,[ 2, 18]],

[ 53, 35, 1,[ 20, 62, 3]],

[ 3, 75, 1,[ 99, 33, 17, 20, 44, 26, 67, 1, 53, 86, 14, 4, 2, 29, 36, 50, 10, 80, 85, 82]],

[ 84, 35, 1,[ 10, 16]],

[ 23, 85, 0,[ 11, 1]],

[ 99, 85, 1,[ 0, 3]],

[ 45, 55, 1,[ 37, 38]],

[ 54, 15, 1,[ 87, 35, 21, 75, 91, 92]],

[ 59, 55, 0,[ 22, 1]],

[ 31, 75, 0,[ 7, 13]],

[ 91, 65, 0,[ 54, 2]],

[ 20, 85, 1,[ 53, 79, 3, 2]],

[ 98, 25, 0,[ 35, 5]],

