[ 24, 5, 0,[ 1, 0]],

[ 89, 5, 0,[ 1, 9]],

[ 25, 35, 1,[ 0, 93, 2, 33]],

[ 57, 75, 1,[ 30, 10, 96]],

[ 40, 75, 0,[ 38, 5]],

[ 41, 5, 1,[ 18, 2]],

[ 97, 5, 0,[ 1, 43]],

[ 83, 75, 0,[ 5, 46]],

[ 22, 95, 1,[ 59, 2, 1, 37]],

[ 33, 45, 1,[ 25, 3]],

[ 66, 85, 0,[ 0, 28]],

[ 26, 85, 0,[ 13, 3]],

[ 45, 65, 1,[ 38, 37]],

[ 44, 5, 0,[ 3, 1]],

[ 51, 35, 0,[ 2, 38]],

[ 46, 45, 1,[ 83, 1, 68, 0]],

[ 37, 25, 1,[ 0, 78, 22, 45, 61]],

[ 92, 35, 0,[ 2, 54]],

[ 88, 95, 1,[ 1, 11, 93]],

[ 34, 35, 1,[ 28, 5, 39]],

[ 91, 95, 1,[ 54, 2]],

[ 13, 45, 1,[ 2, 26, 5, 74, 31, 15]],

[ 70, 5, 0,[ 1, 11]],

[ 99, 85, 0,[ 0, 3]],

[ 94, 85, 0,[ 0, 52]],

[ 48, 65, 1,[ 77, 29, 5]],

[ 95, 35, 0,[ 6, 2]],

[ 19, 35, 0,[ 7, 2]],

[ 39, 95, 0,[ 21, 34]],

[ 74, 5, 1,[ 11, 13]],

[ 28, 35, 1,[ 2, 73, 34, 66, 72, 1]],

[ 7, 95, 1,[ 19, 2, 0, 31]],

[ 98, 15, 1,[ 35, 5]],

[ 81, 35, 0,[ 72, 2]],

[ 86, 5, 0,[ 1, 3]],

[ 71, 85, 0,[ 5, 0]],

[ 87, 35, 0,[ 54, 2]],

[ 12, 35, 1,[ 1, 29, 63, 0, 38]],

[ 80, 85, 0,[ 5, 3]],

[ 6, 45, 1,[ 1, 65, 95, 72, 0, 90, 16]],

[ 78, 25, 0,[ 27, 37]],

[ 35, 85, 1,[ 98, 54, 38, 58, 1, 32]],

[ 10, 5, 1,[ 58, 84, 1, 77, 57, 63, 3]],

[ 11, 55, 1,[ 70, 2, 74, 88, 73, 23, 4]],

[ 76, 85, 0,[ 0, 52]],

[ 77, 5, 0,[ 10, 48]],

[ 30, 55, 1,[ 0, 69, 1, 57]],

[ 52, 75, 1,[ 94, 76, 38, 32]],

[ 2, 35, 1,[ 51, 0, 42, 87, 27, 81, 1, 61, 14, 20, 3, 41, 91, 60, 56, 92, 7, 75, 5, 79, 19, 22, 28, 95, 8, 13, 85, 25, 11]],

[ 49, 5, 0,[ 1, 5]],

[ 1, 5, 1,[ 27, 47, 55, 30, 3, 32, 10, 96, 70, 88, 6, 24, 46, 28, 68, 35, 16, 9, 43, 97, 69, 12, 44, 18, 49, 64, 23, 59, 89, 15, 21, 86, 0, 2, 5, 22]],

[ 36, 85, 1,[ 3, 0, 67]],

[ 17, 75, 1,[ 5, 64, 3]],

[ 4, 15, 1,[ 21, 11, 3, 0]],

[ 54, 25, 1,[ 21, 91, 35, 87, 92, 75]],

[ 15, 45, 1,[ 1, 13]],

[ 62, 85, 0,[ 53, 0]],

[ 21, 95, 1,[ 54, 4, 39, 1]],

[ 20, 65, 1,[ 79, 3, 53, 2]],

[ 16, 65, 1,[ 90, 55, 6, 1, 84, 32]],

[ 3, 85, 1,[ 17, 85, 29, 44, 67, 26, 50, 2, 14, 86, 99, 4, 20, 10, 1, 80, 82, 33, 53, 36]],

[ 18, 55, 1,[ 41, 0, 1]],

[ 32, 15, 1,[ 52, 16, 1, 35]],

[ 85, 35, 0,[ 3, 2]],

[ 9, 5, 1,[ 89, 0, 1]],

[ 55, 5, 0,[ 1, 16]],

[ 65, 75, 0,[ 6, 5]],

[ 14, 65, 1,[ 3, 2, 60]],

[ 47, 5, 0,[ 5, 1]],

[ 8, 35, 0,[ 2, 0]],

[ 43, 85, 1,[ 1, 0, 97]],

[ 75, 35, 0,[ 54, 2]],

[ 63, 5, 0,[ 12, 10]],

[ 72, 75, 1,[ 28, 6, 81]],

[ 73, 55, 0,[ 28, 11]],

[ 53, 65, 1,[ 3, 62, 20]],

[ 42, 65, 1,[ 38, 2]],

[ 90, 45, 0,[ 16, 6]],

[ 27, 75, 1,[ 78, 1, 2]],

[ 64, 5, 0,[ 17, 1]],

[ 59, 5, 0,[ 22, 1]],

[ 67, 85, 0,[ 36, 3]],

[ 0, 85, 1,[ 6, 4, 37, 9, 43, 24, 76, 30, 46, 36, 94, 71, 99, 7, 8, 2, 25, 66, 18, 12, 1, 62]],

[ 79, 35, 0,[ 20, 2]],

[ 29, 85, 1,[ 48, 3, 12]],

[ 60, 35, 0,[ 2, 14]],

[ 69, 5, 0,[ 30, 1]],

[ 82, 85, 0,[ 3, 5]],

[ 38, 75, 1,[ 52, 45, 50, 35, 12, 42, 40, 51]],

[ 58, 5, 0,[ 35, 10]],

[ 96, 65, 1,[ 1, 57]],

[ 68, 5, 0,[ 46, 1]],

[ 84, 5, 0,[ 10, 16]],

[ 5, 75, 1,[ 49, 48, 56, 83, 80, 98, 65, 40, 34, 17, 47, 13, 2, 82, 71, 1]],

[ 61, 35, 0,[ 37, 2]],

[ 31, 65, 1,[ 7, 13]],

[ 50, 85, 0,[ 38, 3]],

[ 93, 35, 0,[ 25, 88]],

[ 56, 35, 0,[ 2, 5]],

[ 23, 5, 0,[ 1, 11]],

