[ 75, 75, 0,[ 54, 2]],

[ 60, 35, 1,[ 14, 2]],

[ 47, 75, 0,[ 1, 5]],

[ 37, 75, 0,[ 0, 78, 61, 45, 22]],

[ 2, 75, 0,[ 85, 92, 42, 8, 13, 28, 25, 3, 61, 60, 11, 7, 75, 51, 20, 91, 27, 22, 87, 79, 81, 1, 41, 0, 14, 19, 56, 95, 5]],

[ 31, 75, 0,[ 7, 13]],

[ 52, 75, 0,[ 94, 38, 32, 76]],

[ 88, 75, 0,[ 93, 1, 11]],

[ 68, 75, 0,[ 1, 46]],

[ 94, 75, 0,[ 52, 0]],

[ 19, 75, 0,[ 7, 2]],

[ 49, 75, 0,[ 5, 1]],

[ 25, 75, 0,[ 2, 0, 33, 93]],

[ 0, 75, 0,[ 76, 24, 99, 6, 94, 18, 37, 2, 30, 4, 36, 8, 1, 62, 46, 66, 12, 25, 9, 7, 71, 43]],

[ 35, 75, 0,[ 32, 98, 54, 58, 1, 38]],

[ 78, 75, 0,[ 37, 27]],

[ 73, 55, 1,[ 28, 11]],

[ 81, 75, 0,[ 72, 2]],

[ 57, 75, 0,[ 10, 30, 96]],

[ 24, 35, 1,[ 1, 0]],

[ 44, 75, 0,[ 3, 1]],

[ 79, 85, 1,[ 20, 2]],

[ 96, 75, 0,[ 1, 57]],

[ 7, 75, 0,[ 0, 31, 2, 19]],

[ 15, 75, 0,[ 1, 13]],

[ 40, 75, 0,[ 5, 38]],

[ 43, 75, 0,[ 1, 0, 97]],

[ 36, 75, 0,[ 3, 0, 67]],

[ 80, 75, 0,[ 3, 5]],

[ 54, 75, 0,[ 87, 92, 21, 35, 75, 91]],

[ 3, 75, 0,[ 14, 44, 82, 67, 85, 2, 4, 99, 36, 86, 17, 53, 50, 10, 1, 33, 80, 26, 20, 29]],

[ 20, 75, 0,[ 2, 79, 53, 3]],

[ 42, 75, 0,[ 2, 38]],

[ 14, 75, 0,[ 60, 3, 2]],

[ 51, 75, 0,[ 38, 2]],

[ 59, 75, 0,[ 22, 1]],

[ 56, 75, 0,[ 2, 5]],

[ 85, 25, 1,[ 2, 3]],

[ 91, 75, 0,[ 54, 2]],

[ 66, 75, 0,[ 28, 0]],

[ 55, 75, 0,[ 16, 1]],

[ 18, 75, 0,[ 1, 41, 0]],

[ 87, 75, 0,[ 2, 54]],

[ 92, 75, 0,[ 2, 54]],

[ 69, 75, 0,[ 1, 30]],

[ 41, 75, 0,[ 18, 2]],

[ 17, 75, 0,[ 64, 5, 3]],

[ 50, 35, 1,[ 3, 38]],

[ 93, 55, 1,[ 88, 25]],

[ 53, 75, 0,[ 62, 3, 20]],

[ 58, 75, 0,[ 10, 35]],

[ 84, 75, 0,[ 16, 10]],

[ 67, 55, 1,[ 36, 3]],

[ 62, 75, 0,[ 0, 53]],

[ 45, 75, 0,[ 38, 37]],

[ 22, 75, 0,[ 37, 59, 1, 2]],

[ 27, 75, 0,[ 1, 78, 2]],

[ 83, 75, 0,[ 46, 5]],

[ 26, 75, 0,[ 13, 3]],

[ 34, 75, 0,[ 39, 5, 28]],

[ 77, 75, 0,[ 10, 48]],

[ 98, 75, 0,[ 35, 5]],

[ 76, 75, 0,[ 0, 52]],

[ 71, 75, 0,[ 0, 5]],

[ 38, 75, 0,[ 35, 50, 51, 42, 52, 40, 45, 12]],

[ 64, 75, 0,[ 17, 1]],

[ 8, 75, 0,[ 0, 2]],

[ 33, 75, 0,[ 3, 25]],

[ 29, 75, 0,[ 48, 12, 3]],

[ 11, 75, 0,[ 2, 4, 74, 73, 70, 23, 88]],

[ 86, 75, 0,[ 3, 1]],

[ 82, 65, 1,[ 3, 5]],

[ 74, 75, 0,[ 11, 13]],

[ 72, 75, 0,[ 6, 28, 81]],

[ 5, 75, 0,[ 2, 49, 47, 71, 48, 40, 17, 80, 82, 1, 34, 56, 98, 83, 13, 65]],

[ 63, 75, 0,[ 12, 10]],

[ 16, 75, 0,[ 84, 55, 32, 1, 6, 90]],

[ 23, 45, 1,[ 1, 11]],

[ 46, 75, 0,[ 0, 83, 1, 68]],

[ 30, 75, 0,[ 1, 69, 57, 0]],

[ 99, 75, 0,[ 3, 0]],

[ 97, 75, 0,[ 1, 43]],

[ 89, 75, 0,[ 9, 1]],

[ 90, 75, 0,[ 16, 6]],

[ 21, 75, 0,[ 54, 1, 4, 39]],

[ 1, 75, 0,[ 12, 46, 23, 49, 15, 18, 68, 6, 21, 64, 5, 35, 97, 59, 43, 86, 88, 44, 27, 22, 28, 70, 0, 96, 47, 16, 3, 69, 24, 30, 55, 32, 10, 9, 2, 89]],

[ 48, 75, 0,[ 77, 29, 5]],

[ 65, 75, 0,[ 5, 6]],

[ 28, 75, 0,[ 66, 1, 73, 72, 34, 2]],

[ 32, 75, 0,[ 35, 52, 16, 1]],

[ 6, 75, 0,[ 65, 16, 72, 90, 0, 1, 95]],

[ 95, 75, 0,[ 2, 6]],

[ 12, 75, 0,[ 29, 0, 38, 63, 1]],

[ 13, 75, 0,[ 31, 74, 2, 26, 5, 15]],

[ 9, 75, 0,[ 0, 1, 89]],

[ 61, 75, 0,[ 37, 2]],

[ 10, 75, 0,[ 1, 63, 77, 58, 3, 57, 84]],

[ 39, 75, 0,[ 34, 21]],

[ 4, 75, 0,[ 3, 11, 21, 0]],

[ 70, 75, 0,[ 11, 1]],

