[ 83, 65, 0,[ 5, 46]],

[ 53, 55, 1,[ 62, 3, 20]],

[ 91, 55, 0,[ 2, 54]],

[ 57, 65, 1,[ 30, 10, 96]],

[ 42, 55, 0,[ 38, 2]],

[ 85, 35, 1,[ 2, 3]],

[ 35, 15, 1,[ 1, 98, 32, 58, 38, 54]],

[ 56, 55, 0,[ 5, 2]],

[ 67, 65, 0,[ 36, 3]],

[ 34, 5, 1,[ 28, 5, 39]],

[ 36, 15, 1,[ 0, 3, 67]],

[ 59, 85, 0,[ 1, 22]],

[ 66, 25, 0,[ 0, 28]],

[ 23, 85, 0,[ 1, 11]],

[ 93, 75, 0,[ 88, 25]],

[ 58, 55, 0,[ 10, 35]],

[ 47, 85, 0,[ 1, 5]],

[ 22, 25, 1,[ 1, 59, 2, 37]],

[ 11, 85, 1,[ 2, 88, 23, 4, 73, 74, 70]],

[ 71, 25, 0,[ 5, 0]],

[ 37, 25, 1,[ 45, 78, 0, 61, 22]],

[ 80, 65, 0,[ 5, 3]],

[ 77, 55, 0,[ 48, 10]],

[ 32, 15, 1,[ 52, 1, 16, 35]],

[ 98, 65, 0,[ 5, 35]],

[ 63, 55, 0,[ 10, 12]],

[ 12, 25, 1,[ 1, 63, 0, 38, 29]],

[ 14, 45, 1,[ 2, 3, 60]],

[ 43, 95, 1,[ 97, 1, 0]],

[ 24, 85, 0,[ 1, 0]],

[ 86, 85, 0,[ 1, 3]],

[ 25, 75, 1,[ 2, 0, 93, 33]],

[ 72, 55, 1,[ 81, 6, 28]],

[ 4, 45, 1,[ 21, 11, 3, 0]],

[ 70, 85, 0,[ 11, 1]],

[ 61, 55, 0,[ 2, 37]],

[ 15, 85, 0,[ 13, 1]],

[ 64, 75, 1,[ 17, 1]],

[ 8, 55, 0,[ 0, 2]],

[ 28, 65, 1,[ 73, 72, 2, 66, 1, 34]],

[ 75, 55, 0,[ 54, 2]],

[ 51, 55, 0,[ 38, 2]],

[ 87, 65, 1,[ 54, 2]],

[ 7, 85, 1,[ 0, 19, 31, 2]],

[ 1, 85, 1,[ 43, 55, 47, 59, 15, 12, 5, 9, 97, 0, 35, 68, 89, 27, 3, 24, 96, 70, 88, 10, 86, 32, 6, 30, 2, 16, 18, 49, 69, 46, 22, 64, 21, 23, 28, 44]],

[ 29, 45, 1,[ 12, 3, 48]],

[ 78, 25, 1,[ 27, 37]],

[ 55, 85, 0,[ 16, 1]],

[ 52, 65, 1,[ 76, 38, 94, 32]],

[ 9, 75, 1,[ 89, 0, 1]],

[ 95, 55, 0,[ 2, 6]],

[ 88, 15, 1,[ 11, 93, 1]],

[ 68, 85, 0,[ 1, 46]],

[ 89, 85, 0,[ 9, 1]],

[ 6, 45, 1,[ 16, 1, 95, 65, 90, 0, 72]],

[ 40, 65, 1,[ 38, 5]],

[ 79, 55, 0,[ 2, 20]],

[ 31, 85, 0,[ 7, 13]],

[ 49, 85, 0,[ 5, 1]],

[ 50, 65, 0,[ 38, 3]],

[ 20, 45, 1,[ 2, 53, 3, 79]],

[ 76, 25, 0,[ 0, 52]],

[ 45, 65, 0,[ 38, 37]],

[ 74, 85, 0,[ 13, 11]],

[ 99, 65, 0,[ 3, 0]],

[ 16, 45, 1,[ 32, 55, 1, 90, 84, 6]],

[ 26, 65, 0,[ 3, 13]],

[ 2, 55, 1,[ 85, 27, 0, 25, 61, 1, 51, 8, 81, 56, 22, 95, 92, 7, 79, 87, 11, 91, 60, 41, 28, 19, 3, 42, 20, 75, 14, 13, 5]],

[ 38, 65, 1,[ 35, 50, 52, 51, 45, 12, 40, 42]],

[ 46, 55, 1,[ 0, 68, 83, 1]],

[ 54, 45, 1,[ 92, 35, 21, 75, 87, 91]],

[ 33, 65, 0,[ 3, 25]],

[ 65, 15, 1,[ 5, 6]],

[ 44, 85, 0,[ 1, 3]],

[ 84, 55, 0,[ 10, 16]],

[ 13, 85, 1,[ 26, 74, 15, 2, 5, 31]],

[ 81, 15, 1,[ 2, 72]],

[ 21, 85, 1,[ 54, 1, 39, 4]],

[ 10, 55, 1,[ 57, 77, 1, 63, 58, 84, 3]],

[ 5, 65, 1,[ 49, 56, 48, 13, 2, 83, 82, 47, 40, 1, 80, 34, 17, 65, 98, 71]],

[ 62, 25, 0,[ 53, 0]],

[ 96, 85, 0,[ 57, 1]],

[ 48, 5, 1,[ 77, 5, 29]],

[ 27, 25, 1,[ 78, 1, 2]],

[ 3, 65, 1,[ 20, 80, 82, 14, 53, 50, 17, 67, 26, 86, 29, 36, 44, 99, 2, 85, 33, 10, 1, 4]],

[ 18, 25, 1,[ 1, 0, 41]],

[ 73, 15, 1,[ 28, 11]],

[ 90, 45, 0,[ 16, 6]],

[ 41, 55, 0,[ 18, 2]],

[ 92, 55, 0,[ 2, 54]],

[ 17, 95, 1,[ 5, 64, 3]],

[ 19, 55, 0,[ 2, 7]],

[ 97, 95, 1,[ 43, 1]],

[ 69, 85, 0,[ 30, 1]],

[ 60, 55, 0,[ 2, 14]],

[ 94, 45, 1,[ 0, 52]],

[ 39, 85, 0,[ 34, 21]],

[ 30, 15, 1,[ 69, 57, 1, 0]],

[ 82, 65, 0,[ 5, 3]],

[ 0, 25, 1,[ 8, 6, 62, 2, 9, 94, 36, 7, 24, 25, 43, 30, 99, 18, 1, 71, 66, 37, 76, 4, 12, 46]],

