[ 33, 75, 0,[ 3, 25]],

[ 53, 75, 0,[ 62, 3, 20]],

[ 29, 75, 0,[ 3, 12, 48]],

[ 88, 75, 0,[ 11, 1, 93]],

[ 16, 75, 0,[ 90, 55, 6, 1, 32, 84]],

[ 8, 75, 0,[ 2, 0]],

[ 54, 75, 0,[ 35, 87, 92, 91, 21, 75]],

[ 92, 55, 1,[ 54, 2]],

[ 24, 75, 0,[ 0, 1]],

[ 65, 75, 0,[ 5, 6]],

[ 23, 75, 0,[ 11, 1]],

[ 95, 75, 0,[ 6, 2]],

[ 11, 75, 0,[ 23, 74, 70, 73, 2, 88, 4]],

[ 17, 75, 0,[ 5, 3, 64]],

[ 15, 75, 0,[ 1, 13]],

[ 27, 75, 0,[ 2, 78, 1]],

[ 59, 75, 0,[ 22, 1]],

[ 60, 75, 0,[ 2, 14]],

[ 22, 75, 0,[ 2, 1, 59, 37]],

[ 70, 75, 0,[ 11, 1]],

[ 85, 75, 0,[ 2, 3]],

[ 63, 75, 0,[ 12, 10]],

[ 79, 75, 0,[ 20, 2]],

[ 3, 75, 0,[ 44, 29, 33, 36, 99, 82, 2, 4, 86, 26, 1, 14, 53, 20, 67, 10, 17, 85, 50, 80]],

[ 5, 75, 0,[ 34, 71, 1, 49, 47, 48, 56, 13, 40, 65, 80, 98, 17, 82, 2, 83]],

[ 10, 75, 0,[ 77, 63, 3, 57, 58, 84, 1]],

[ 87, 75, 0,[ 54, 2]],

[ 6, 75, 0,[ 72, 90, 95, 65, 0, 16, 1]],

[ 99, 75, 0,[ 3, 0]],

[ 2, 75, 0,[ 56, 41, 25, 11, 91, 19, 95, 79, 27, 3, 5, 1, 20, 28, 75, 51, 81, 7, 85, 0, 42, 14, 61, 60, 8, 92, 22, 87, 13]],

[ 64, 75, 0,[ 17, 1]],

[ 50, 75, 0,[ 38, 3]],

[ 56, 55, 1,[ 2, 5]],

[ 71, 75, 0,[ 0, 5]],

[ 39, 75, 0,[ 21, 34]],

[ 49, 75, 0,[ 5, 1]],

[ 82, 75, 0,[ 5, 3]],

[ 72, 75, 0,[ 81, 6, 28]],

[ 36, 75, 0,[ 0, 67, 3]],

[ 28, 75, 0,[ 2, 34, 73, 1, 72, 66]],

[ 68, 75, 0,[ 46, 1]],

[ 73, 85, 1,[ 28, 11]],

[ 97, 75, 0,[ 1, 43]],

[ 67, 75, 0,[ 36, 3]],

[ 38, 75, 0,[ 52, 51, 40, 50, 42, 45, 12, 35]],

[ 34, 75, 0,[ 39, 5, 28]],

[ 47, 75, 0,[ 1, 5]],

[ 69, 75, 0,[ 30, 1]],

[ 91, 75, 0,[ 54, 2]],

[ 58, 95, 1,[ 10, 35]],

[ 18, 75, 0,[ 1, 0, 41]],

[ 81, 25, 1,[ 72, 2]],

[ 51, 75, 0,[ 2, 38]],

[ 48, 75, 0,[ 5, 29, 77]],

[ 44, 75, 0,[ 1, 3]],

[ 46, 75, 0,[ 83, 0, 68, 1]],

[ 31, 15, 1,[ 13, 7]],

[ 89, 35, 1,[ 9, 1]],

[ 94, 75, 0,[ 0, 52]],

[ 0, 75, 0,[ 36, 76, 43, 24, 18, 99, 1, 4, 12, 94, 62, 25, 46, 37, 2, 71, 30, 9, 7, 66, 8, 6]],

[ 66, 75, 0,[ 28, 0]],

[ 62, 75, 0,[ 53, 0]],

[ 83, 75, 0,[ 46, 5]],

[ 96, 75, 0,[ 1, 57]],

[ 14, 75, 0,[ 2, 60, 3]],

[ 21, 75, 0,[ 1, 4, 39, 54]],

[ 41, 85, 1,[ 18, 2]],

[ 7, 75, 0,[ 31, 19, 2, 0]],

[ 35, 75, 0,[ 38, 54, 58, 32, 1, 98]],

[ 25, 75, 0,[ 33, 2, 0, 93]],

[ 37, 75, 0,[ 0, 22, 45, 78, 61]],

[ 80, 75, 0,[ 5, 3]],

[ 86, 75, 0,[ 1, 3]],

[ 74, 75, 0,[ 11, 13]],

[ 98, 75, 0,[ 5, 35]],

[ 19, 35, 1,[ 2, 7]],

[ 12, 75, 0,[ 38, 1, 63, 29, 0]],

[ 90, 75, 0,[ 16, 6]],

[ 20, 75, 0,[ 3, 2, 53, 79]],

[ 93, 75, 0,[ 25, 88]],

[ 57, 75, 0,[ 10, 96, 30]],

[ 76, 75, 0,[ 0, 52]],

[ 26, 75, 0,[ 3, 13]],

[ 45, 75, 0,[ 37, 38]],

[ 75, 75, 0,[ 54, 2]],

[ 9, 75, 0,[ 89, 0, 1]],

[ 13, 75, 0,[ 26, 15, 74, 5, 2, 31]],

[ 42, 75, 0,[ 2, 38]],

[ 61, 75, 0,[ 37, 2]],

[ 32, 75, 0,[ 16, 35, 1, 52]],

[ 77, 45, 1,[ 10, 48]],

[ 78, 75, 0,[ 37, 27]],

[ 30, 75, 0,[ 57, 69, 0, 1]],

[ 43, 75, 0,[ 97, 0, 1]],

[ 52, 75, 0,[ 38, 32, 76, 94]],

[ 40, 75, 0,[ 38, 5]],

[ 4, 75, 0,[ 0, 21, 11, 3]],

[ 1, 75, 0,[ 18, 24, 15, 32, 0, 68, 23, 96, 89, 12, 70, 30, 5, 86, 46, 35, 44, 64, 97, 3, 43, 55, 28, 22, 59, 10, 6, 88, 21, 49, 27, 9, 69, 2, 47, 16]],

[ 84, 75, 0,[ 10, 16]],

[ 55, 75, 0,[ 16, 1]],

