[ 18, 35, 0,[ 1, 0, 41]],

[ 85, 35, 0,[ 3, 2]],

[ 43, 65, 0,[ 1, 0, 97]],

[ 56, 25, 0,[ 5, 2]],

[ 4, 35, 0,[ 11, 3, 0, 21]],

[ 98, 75, 0,[ 5, 35]],

[ 82, 75, 0,[ 3, 5]],

[ 44, 75, 0,[ 1, 3]],

[ 32, 65, 0,[ 35, 52, 16, 1]],

[ 91, 75, 0,[ 2, 54]],

[ 26, 35, 0,[ 13, 3]],

[ 67, 35, 0,[ 36, 3]],

[ 11, 35, 1,[ 23, 4, 73, 88, 2, 74, 70]],

[ 71, 95, 0,[ 5, 0]],

[ 8, 75, 0,[ 0, 2]],

[ 65, 95, 0,[ 6, 5]],

[ 48, 75, 0,[ 77, 29, 5]],

[ 79, 15, 0,[ 20, 2]],

[ 29, 75, 0,[ 3, 12, 48]],

[ 6, 85, 1,[ 0, 72, 95, 16, 1, 65, 90]],

[ 34, 35, 0,[ 28, 5, 39]],

[ 88, 35, 0,[ 93, 1, 11]],

[ 57, 35, 0,[ 30, 96, 10]],

[ 19, 85, 0,[ 7, 2]],

[ 2, 65, 1,[ 8, 13, 41, 19, 7, 14, 25, 60, 95, 5, 81, 91, 27, 61, 51, 42, 75, 28, 22, 79, 11, 56, 20, 1, 87, 0, 92, 85, 3]],

[ 20, 55, 0,[ 3, 53, 2, 79]],

[ 40, 95, 0,[ 38, 5]],

[ 63, 65, 0,[ 12, 10]],

[ 35, 85, 0,[ 32, 58, 38, 98, 1, 54]],

[ 99, 35, 0,[ 0, 3]],

[ 22, 65, 0,[ 59, 2, 37, 1]],

[ 66, 5, 0,[ 28, 0]],

[ 74, 5, 0,[ 11, 13]],

[ 3, 35, 1,[ 99, 82, 67, 29, 14, 36, 2, 85, 4, 50, 1, 44, 80, 10, 20, 17, 26, 53, 86, 33]],

[ 72, 65, 0,[ 81, 28, 6]],

[ 41, 35, 0,[ 2, 18]],

[ 33, 15, 0,[ 25, 3]],

[ 53, 75, 0,[ 20, 3, 62]],

[ 13, 5, 1,[ 26, 2, 74, 15, 31, 5]],

[ 90, 15, 0,[ 16, 6]],

[ 36, 35, 0,[ 67, 3, 0]],

[ 68, 85, 0,[ 1, 46]],

[ 81, 65, 0,[ 72, 2]],

[ 12, 65, 0,[ 0, 1, 63, 29, 38]],

[ 93, 25, 0,[ 88, 25]],

[ 86, 45, 0,[ 3, 1]],

[ 94, 25, 0,[ 0, 52]],

[ 14, 35, 0,[ 60, 2, 3]],

[ 92, 35, 0,[ 54, 2]],

[ 80, 25, 0,[ 5, 3]],

[ 95, 35, 0,[ 6, 2]],

[ 47, 85, 0,[ 1, 5]],

[ 97, 65, 0,[ 43, 1]],

[ 61, 55, 0,[ 2, 37]],

[ 73, 15, 0,[ 28, 11]],

[ 1, 65, 1,[ 5, 44, 69, 55, 21, 15, 47, 2, 64, 18, 59, 28, 3, 46, 70, 22, 86, 43, 24, 32, 0, 49, 97, 16, 68, 27, 35, 10, 12, 23, 88, 89, 9, 96, 6, 30]],

[ 16, 65, 0,[ 6, 1, 32, 84, 90, 55]],

[ 77, 55, 0,[ 48, 10]],

[ 30, 35, 0,[ 1, 0, 57, 69]],

[ 60, 75, 0,[ 2, 14]],

[ 84, 15, 0,[ 16, 10]],

[ 69, 95, 0,[ 30, 1]],

[ 10, 15, 1,[ 77, 57, 1, 58, 84, 3, 63]],

[ 78, 5, 0,[ 27, 37]],

[ 59, 65, 0,[ 1, 22]],

[ 38, 85, 1,[ 12, 52, 45, 35, 40, 42, 50, 51]],

[ 83, 15, 0,[ 5, 46]],

[ 24, 75, 0,[ 1, 0]],

[ 0, 35, 1,[ 46, 99, 94, 66, 12, 76, 2, 25, 8, 6, 1, 4, 36, 43, 9, 30, 71, 62, 37, 7, 24, 18]],

[ 21, 85, 0,[ 1, 4, 39, 54]],

[ 54, 85, 0,[ 21, 35, 87, 91, 75, 92]],

[ 87, 85, 0,[ 54, 2]],

[ 28, 65, 0,[ 73, 34, 66, 72, 2, 1]],

[ 7, 15, 0,[ 2, 0, 19, 31]],

[ 52, 65, 0,[ 38, 32, 76, 94]],

[ 27, 65, 0,[ 2, 1, 78]],

[ 37, 35, 0,[ 78, 0, 22, 61, 45]],

[ 75, 25, 0,[ 54, 2]],

[ 9, 35, 0,[ 0, 89, 1]],

[ 42, 25, 0,[ 38, 2]],

[ 45, 15, 0,[ 38, 37]],

[ 62, 75, 0,[ 0, 53]],

[ 70, 5, 0,[ 1, 11]],

[ 23, 85, 0,[ 1, 11]],

[ 76, 65, 0,[ 52, 0]],

[ 55, 65, 0,[ 1, 16]],

[ 15, 45, 0,[ 1, 13]],

[ 50, 35, 0,[ 3, 38]],

[ 89, 35, 0,[ 9, 1]],

[ 46, 45, 0,[ 83, 68, 0, 1]],

[ 17, 5, 0,[ 3, 64, 5]],

[ 64, 25, 0,[ 1, 17]],

[ 39, 85, 0,[ 34, 21]],

[ 58, 85, 0,[ 10, 35]],

[ 5, 75, 1,[ 80, 82, 71, 49, 47, 13, 98, 17, 2, 65, 40, 83, 48, 1, 56, 34]],

[ 31, 75, 0,[ 13, 7]],

[ 51, 5, 0,[ 2, 38]],

[ 25, 85, 0,[ 0, 93, 2, 33]],

[ 96, 35, 0,[ 57, 1]],

[ 49, 75, 0,[ 1, 5]],

