[ 21, 55, 0,[ 4, 39, 1, 54]],

[ 92, 35, 0,[ 54, 2]],

[ 78, 55, 0,[ 37, 27]],

[ 2, 35, 1,[ 28, 51, 3, 79, 60, 87, 81, 95, 19, 13, 41, 0, 56, 5, 11, 92, 22, 25, 75, 91, 61, 1, 85, 27, 8, 20, 14, 7, 42]],

[ 84, 65, 0,[ 10, 16]],

[ 20, 45, 0,[ 53, 3, 79, 2]],

[ 65, 75, 0,[ 5, 6]],

[ 41, 35, 0,[ 18, 2]],

[ 40, 25, 0,[ 5, 38]],

[ 4, 55, 0,[ 11, 0, 3, 21]],

[ 28, 55, 0,[ 2, 66, 34, 72, 1, 73]],

[ 31, 35, 0,[ 13, 7]],

[ 82, 25, 0,[ 3, 5]],

[ 54, 35, 0,[ 92, 35, 21, 91, 87, 75]],

[ 56, 35, 0,[ 5, 2]],

[ 89, 55, 0,[ 1, 9]],

[ 60, 35, 0,[ 14, 2]],

[ 23, 55, 0,[ 11, 1]],

[ 29, 55, 0,[ 3, 12, 48]],

[ 10, 65, 1,[ 84, 58, 63, 57, 1, 77, 3]],

[ 5, 25, 1,[ 49, 40, 48, 13, 65, 47, 80, 17, 83, 82, 56, 34, 2, 71, 1, 98]],

[ 49, 55, 0,[ 1, 5]],

[ 0, 55, 1,[ 9, 36, 2, 76, 24, 4, 37, 12, 62, 30, 66, 8, 99, 6, 7, 94, 71, 18, 1, 25, 43, 46]],

[ 39, 55, 0,[ 21, 34]],

[ 45, 15, 0,[ 38, 37]],

[ 47, 25, 0,[ 1, 5]],

[ 17, 45, 0,[ 3, 64, 5]],

[ 62, 45, 0,[ 53, 0]],

[ 6, 75, 1,[ 90, 95, 1, 16, 0, 72, 65]],

[ 24, 55, 0,[ 1, 0]],

[ 9, 55, 0,[ 89, 0, 1]],

[ 88, 55, 0,[ 93, 1, 11]],

[ 87, 35, 0,[ 2, 54]],

[ 34, 55, 0,[ 5, 28, 39]],

[ 99, 45, 0,[ 0, 3]],

[ 37, 55, 0,[ 61, 22, 45, 0, 78]],

[ 25, 55, 0,[ 0, 2, 33, 93]],

[ 59, 55, 0,[ 1, 22]],

[ 7, 35, 0,[ 19, 2, 0, 31]],

[ 74, 55, 0,[ 13, 11]],

[ 55, 55, 0,[ 16, 1]],

[ 77, 65, 0,[ 10, 48]],

[ 76, 55, 0,[ 0, 52]],

[ 64, 45, 0,[ 1, 17]],

[ 11, 55, 1,[ 4, 70, 74, 2, 23, 73, 88]],

[ 50, 45, 0,[ 3, 38]],

[ 3, 45, 1,[ 80, 14, 82, 29, 99, 33, 50, 20, 4, 67, 17, 85, 1, 36, 86, 2, 44, 53, 10, 26]],

[ 90, 75, 0,[ 16, 6]],

[ 72, 55, 0,[ 28, 81, 6]],

[ 81, 35, 0,[ 2, 72]],

[ 75, 35, 0,[ 2, 54]],

[ 93, 55, 0,[ 25, 88]],

[ 85, 35, 0,[ 2, 3]],

[ 14, 35, 0,[ 2, 3, 60]],

[ 43, 55, 0,[ 0, 1, 97]],

[ 16, 55, 0,[ 55, 1, 32, 90, 6, 84]],

[ 94, 55, 0,[ 52, 0]],

[ 70, 55, 0,[ 1, 11]],

[ 12, 55, 0,[ 0, 38, 1, 63, 29]],

[ 8, 55, 0,[ 0, 2]],

[ 73, 55, 0,[ 28, 11]],

[ 38, 15, 1,[ 42, 40, 12, 50, 35, 45, 51, 52]],

[ 30, 55, 0,[ 69, 0, 1, 57]],

[ 36, 45, 0,[ 0, 3, 67]],

[ 86, 55, 0,[ 3, 1]],

[ 35, 45, 1,[ 98, 32, 38, 1, 58, 54]],

[ 61, 35, 0,[ 37, 2]],

[ 48, 65, 0,[ 29, 5, 77]],

[ 53, 45, 0,[ 20, 62, 3]],

[ 18, 55, 0,[ 0, 1, 41]],

[ 58, 45, 0,[ 35, 10]],

[ 51, 15, 0,[ 38, 2]],

[ 26, 35, 0,[ 3, 13]],

[ 13, 35, 0,[ 5, 15, 2, 26, 74, 31]],

[ 97, 55, 0,[ 43, 1]],

[ 83, 55, 0,[ 46, 5]],

[ 68, 55, 0,[ 1, 46]],

[ 32, 55, 0,[ 1, 16, 35, 52]],

[ 63, 55, 0,[ 12, 10]],

[ 98, 25, 0,[ 35, 5]],

[ 44, 45, 0,[ 3, 1]],

[ 52, 55, 0,[ 76, 94, 32, 38]],

[ 1, 55, 1,[ 46, 28, 47, 12, 9, 89, 96, 22, 49, 2, 30, 70, 43, 55, 3, 32, 6, 0, 24, 69, 59, 15, 68, 18, 27, 88, 23, 21, 97, 44, 5, 35, 64, 10, 16, 86]],

[ 33, 45, 0,[ 25, 3]],

[ 27, 55, 0,[ 78, 1, 2]],

[ 42, 35, 0,[ 2, 38]],

[ 67, 45, 0,[ 3, 36]],

[ 91, 35, 0,[ 54, 2]],

[ 15, 35, 0,[ 13, 1]],

[ 96, 55, 0,[ 1, 57]],

[ 71, 25, 0,[ 0, 5]],

[ 22, 55, 0,[ 59, 37, 1, 2]],

[ 95, 75, 0,[ 6, 2]],

[ 57, 55, 0,[ 10, 30, 96]],

[ 66, 55, 0,[ 0, 28]],

[ 19, 35, 0,[ 2, 7]],

[ 69, 55, 0,[ 30, 1]],

[ 79, 45, 0,[ 2, 20]],

[ 46, 55, 0,[ 83, 1, 68, 0]],

[ 80, 45, 0,[ 5, 3]],

