[ 87, 65, 1,[ 54, 2]],

[ 58, 25, 1,[ 35, 10]],

[ 98, 75, 0,[ 5, 35]],

[ 96, 75, 1,[ 1, 57]],

[ 51, 35, 1,[ 38, 2]],

[ 47, 25, 1,[ 5, 1]],

[ 37, 75, 0,[ 78, 45, 0, 22, 61]],

[ 24, 75, 0,[ 1, 0]],

[ 79, 45, 1,[ 20, 2]],

[ 54, 75, 0,[ 87, 75, 21, 91, 35, 92]],

[ 68, 25, 1,[ 1, 46]],

[ 46, 75, 0,[ 0, 68, 83, 1]],

[ 48, 75, 0,[ 5, 29, 77]],

[ 78, 5, 1,[ 27, 37]],

[ 15, 45, 1,[ 1, 13]],

[ 67, 55, 1,[ 36, 3]],

[ 33, 35, 1,[ 3, 25]],

[ 65, 15, 1,[ 6, 5]],

[ 2, 75, 0,[ 1, 95, 25, 42, 91, 60, 13, 0, 19, 28, 56, 92, 79, 20, 87, 11, 41, 7, 85, 61, 3, 14, 51, 27, 22, 75, 8, 81, 5]],

[ 29, 75, 0,[ 3, 48, 12]],

[ 76, 55, 1,[ 0, 52]],

[ 7, 75, 0,[ 31, 19, 0, 2]],

[ 25, 75, 0,[ 2, 33, 0, 93]],

[ 70, 75, 1,[ 11, 1]],

[ 90, 95, 1,[ 6, 16]],

[ 42, 25, 1,[ 38, 2]],

[ 41, 45, 1,[ 2, 18]],

[ 20, 75, 0,[ 79, 3, 53, 2]],

[ 74, 75, 1,[ 11, 13]],

[ 56, 75, 0,[ 2, 5]],

[ 38, 75, 0,[ 42, 35, 45, 52, 40, 50, 12, 51]],

[ 3, 75, 0,[ 17, 82, 26, 4, 50, 85, 99, 1, 14, 36, 29, 20, 67, 2, 80, 53, 10, 33, 44, 86]],

[ 18, 75, 0,[ 41, 0, 1]],

[ 73, 75, 0,[ 11, 28]],

[ 34, 75, 0,[ 39, 28, 5]],

[ 1, 75, 0,[ 30, 86, 49, 0, 59, 2, 10, 32, 9, 55, 47, 16, 69, 27, 18, 28, 43, 88, 22, 46, 21, 6, 96, 97, 89, 68, 44, 64, 35, 12, 5, 24, 23, 70, 3, 15]],

[ 8, 95, 1,[ 0, 2]],

[ 97, 55, 1,[ 43, 1]],

[ 88, 75, 0,[ 11, 1, 93]],

[ 94, 15, 1,[ 52, 0]],

[ 59, 75, 1,[ 1, 22]],

[ 39, 45, 1,[ 21, 34]],

[ 57, 75, 0,[ 96, 30, 10]],

[ 66, 95, 1,[ 28, 0]],

[ 28, 75, 0,[ 1, 73, 72, 34, 66, 2]],

[ 69, 45, 1,[ 1, 30]],

[ 91, 75, 0,[ 2, 54]],

[ 49, 75, 0,[ 5, 1]],

[ 6, 75, 0,[ 1, 90, 65, 16, 95, 72, 0]],

[ 10, 75, 0,[ 57, 1, 58, 63, 3, 77, 84]],

[ 92, 95, 1,[ 2, 54]],

[ 13, 75, 0,[ 31, 2, 74, 5, 26, 15]],

[ 14, 75, 0,[ 2, 3, 60]],

[ 11, 75, 0,[ 88, 23, 74, 2, 73, 4, 70]],

[ 32, 75, 0,[ 52, 16, 35, 1]],

[ 12, 75, 0,[ 1, 0, 29, 63, 38]],

[ 26, 65, 1,[ 13, 3]],

[ 82, 75, 1,[ 5, 3]],

[ 0, 75, 0,[ 8, 99, 6, 37, 94, 46, 18, 76, 4, 36, 62, 66, 43, 71, 12, 2, 1, 9, 7, 24, 30, 25]],

[ 63, 45, 1,[ 12, 10]],

[ 93, 45, 1,[ 25, 88]],

[ 86, 85, 1,[ 3, 1]],

[ 45, 25, 1,[ 37, 38]],

[ 44, 95, 1,[ 3, 1]],

[ 81, 85, 1,[ 72, 2]],

[ 75, 5, 1,[ 54, 2]],

[ 35, 75, 0,[ 1, 38, 54, 98, 32, 58]],

[ 31, 5, 1,[ 7, 13]],

[ 22, 75, 0,[ 2, 37, 59, 1]],

[ 71, 45, 1,[ 0, 5]],

[ 61, 95, 1,[ 37, 2]],

[ 36, 75, 0,[ 0, 3, 67]],

[ 30, 75, 0,[ 0, 1, 69, 57]],

[ 83, 55, 1,[ 5, 46]],

[ 16, 75, 0,[ 1, 55, 32, 90, 6, 84]],

[ 62, 85, 1,[ 0, 53]],

[ 5, 75, 0,[ 34, 1, 65, 82, 80, 98, 71, 47, 13, 40, 83, 2, 48, 56, 17, 49]],

[ 55, 5, 1,[ 16, 1]],

[ 99, 25, 1,[ 0, 3]],

[ 77, 35, 1,[ 48, 10]],

[ 85, 75, 1,[ 3, 2]],

[ 21, 75, 0,[ 4, 39, 1, 54]],

[ 4, 75, 0,[ 3, 11, 21, 0]],

[ 60, 35, 1,[ 14, 2]],

[ 43, 75, 0,[ 97, 0, 1]],

[ 95, 75, 0,[ 6, 2]],

[ 53, 75, 0,[ 20, 62, 3]],

[ 27, 75, 0,[ 2, 1, 78]],

[ 72, 75, 0,[ 6, 28, 81]],

[ 23, 65, 1,[ 11, 1]],

[ 50, 75, 0,[ 38, 3]],

[ 64, 15, 1,[ 17, 1]],

[ 17, 75, 0,[ 64, 3, 5]],

[ 84, 85, 1,[ 16, 10]],

[ 52, 75, 0,[ 32, 76, 38, 94]],

[ 89, 75, 0,[ 1, 9]],

[ 19, 85, 1,[ 7, 2]],

[ 40, 75, 0,[ 5, 38]],

[ 80, 45, 1,[ 5, 3]],

[ 9, 75, 0,[ 1, 0, 89]],

