[ 56, 85, 0,[ 2, 5]],

[ 29, 15, 0,[ 48, 3, 12]],

[ 44, 35, 0,[ 1, 3]],

[ 31, 55, 0,[ 13, 7]],

[ 89, 25, 0,[ 9, 1]],

[ 8, 15, 0,[ 2, 0]],

[ 86, 15, 0,[ 1, 3]],

[ 18, 75, 0,[ 1, 0, 41]],

[ 71, 35, 0,[ 0, 5]],

[ 95, 5, 0,[ 6, 2]],

[ 22, 85, 0,[ 37, 1, 59, 2]],

[ 59, 85, 0,[ 1, 22]],

[ 5, 35, 1,[ 82, 13, 47, 49, 1, 40, 71, 2, 17, 98, 65, 48, 83, 56, 34, 80]],

[ 67, 15, 0,[ 36, 3]],

[ 54, 65, 0,[ 35, 87, 75, 92, 21, 91]],

[ 78, 85, 0,[ 27, 37]],

[ 66, 55, 0,[ 28, 0]],

[ 69, 85, 0,[ 1, 30]],

[ 65, 35, 0,[ 5, 6]],

[ 92, 95, 0,[ 54, 2]],

[ 53, 25, 0,[ 20, 3, 62]],

[ 21, 35, 0,[ 54, 4, 39, 1]],

[ 34, 85, 0,[ 28, 5, 39]],

[ 0, 25, 1,[ 71, 18, 4, 8, 37, 7, 30, 43, 2, 25, 99, 94, 62, 6, 76, 9, 24, 36, 1, 12, 66, 46]],

[ 96, 85, 0,[ 1, 57]],

[ 93, 55, 0,[ 88, 25]],

[ 37, 85, 0,[ 22, 61, 78, 45, 0]],

[ 32, 95, 0,[ 16, 35, 1, 52]],

[ 9, 25, 0,[ 1, 89, 0]],

[ 35, 65, 0,[ 98, 32, 54, 58, 1, 38]],

[ 82, 5, 0,[ 5, 3]],

[ 64, 25, 0,[ 1, 17]],

[ 61, 95, 0,[ 37, 2]],

[ 47, 25, 0,[ 1, 5]],

[ 55, 95, 0,[ 16, 1]],

[ 14, 35, 0,[ 3, 2, 60]],

[ 83, 85, 0,[ 46, 5]],

[ 87, 95, 0,[ 54, 2]],

[ 25, 65, 0,[ 0, 33, 93, 2]],

[ 76, 25, 0,[ 0, 52]],

[ 74, 55, 0,[ 13, 11]],

[ 60, 35, 0,[ 2, 14]],

[ 90, 35, 0,[ 6, 16]],

[ 4, 45, 0,[ 3, 0, 11, 21]],

[ 20, 5, 0,[ 2, 79, 3, 53]],

[ 26, 45, 0,[ 13, 3]],

[ 42, 85, 0,[ 38, 2]],

[ 51, 85, 0,[ 38, 2]],

[ 48, 95, 0,[ 77, 5, 29]],

[ 10, 5, 1,[ 57, 1, 63, 3, 84, 77, 58]],

[ 41, 15, 0,[ 18, 2]],

[ 80, 35, 0,[ 3, 5]],

[ 7, 55, 0,[ 19, 0, 31, 2]],

[ 33, 35, 0,[ 25, 3]],

[ 85, 15, 0,[ 3, 2]],

[ 45, 85, 0,[ 37, 38]],

[ 17, 65, 0,[ 5, 3, 64]],

[ 75, 65, 0,[ 2, 54]],

[ 23, 45, 0,[ 11, 1]],

[ 38, 65, 1,[ 12, 45, 35, 42, 40, 52, 51, 50]],

[ 97, 85, 0,[ 43, 1]],

[ 73, 85, 0,[ 28, 11]],

[ 63, 95, 0,[ 10, 12]],

[ 79, 5, 0,[ 20, 2]],

[ 49, 25, 0,[ 5, 1]],

[ 39, 5, 0,[ 21, 34]],

[ 46, 85, 0,[ 0, 83, 68, 1]],

[ 72, 85, 0,[ 28, 81, 6]],

[ 16, 35, 0,[ 1, 55, 32, 6, 90, 84]],

[ 40, 65, 0,[ 38, 5]],

[ 3, 45, 1,[ 17, 14, 53, 29, 67, 1, 2, 4, 86, 50, 10, 85, 36, 80, 99, 33, 20, 26, 82, 44]],

[ 81, 85, 0,[ 72, 2]],

[ 52, 55, 0,[ 94, 32, 76, 38]],

[ 28, 85, 1,[ 2, 34, 66, 73, 72, 1]],

[ 77, 25, 0,[ 10, 48]],

[ 84, 35, 0,[ 10, 16]],

[ 88, 55, 0,[ 11, 93, 1]],

[ 6, 35, 1,[ 90, 95, 0, 65, 72, 1, 16]],

[ 68, 85, 0,[ 46, 1]],

[ 11, 45, 1,[ 2, 74, 4, 88, 70, 23, 73]],

[ 98, 65, 0,[ 5, 35]],

[ 36, 15, 0,[ 3, 0, 67]],

[ 91, 85, 0,[ 2, 54]],

[ 57, 85, 0,[ 10, 30, 96]],

[ 70, 65, 0,[ 11, 1]],

[ 24, 35, 0,[ 0, 1]],

[ 30, 85, 0,[ 57, 0, 69, 1]],

[ 94, 55, 0,[ 52, 0]],

[ 12, 25, 0,[ 1, 29, 38, 0, 63]],

[ 43, 85, 0,[ 0, 97, 1]],

[ 62, 25, 0,[ 0, 53]],

[ 15, 5, 0,[ 1, 13]],

[ 1, 85, 1,[ 69, 5, 88, 12, 96, 22, 2, 97, 21, 16, 46, 64, 89, 30, 35, 59, 3, 28, 68, 44, 70, 18, 23, 10, 6, 27, 47, 9, 15, 32, 86, 55, 49, 43, 0, 24]],

[ 2, 5, 1,[ 5, 81, 61, 25, 20, 51, 56, 7, 75, 14, 11, 91, 60, 3, 1, 41, 85, 95, 87, 0, 28, 27, 79, 22, 8, 92, 19, 13, 42]],

[ 58, 45, 0,[ 10, 35]],

[ 19, 55, 0,[ 7, 2]],

[ 99, 45, 0,[ 3, 0]],

[ 50, 25, 0,[ 38, 3]],

[ 13, 55, 0,[ 74, 2, 26, 5, 15, 31]],

[ 27, 85, 0,[ 2, 78, 1]],

