[ 65, 85, 0,[ 6, 5]],

[ 97, 75, 0,[ 1, 43]],

[ 76, 25, 0,[ 0, 52]],

[ 4, 25, 0,[ 3, 0, 11, 21]],

[ 92, 5, 0,[ 2, 54]],

[ 50, 65, 0,[ 38, 3]],

[ 8, 5, 0,[ 2, 0]],

[ 85, 5, 0,[ 2, 3]],

[ 44, 75, 0,[ 1, 3]],

[ 20, 5, 0,[ 79, 2, 53, 3]],

[ 17, 65, 0,[ 5, 64, 3]],

[ 7, 5, 0,[ 19, 31, 0, 2]],

[ 13, 5, 0,[ 5, 31, 2, 74, 26, 15]],

[ 99, 25, 0,[ 3, 0]],

[ 21, 75, 0,[ 39, 1, 54, 4]],

[ 69, 75, 0,[ 30, 1]],

[ 1, 75, 1,[ 44, 55, 35, 5, 18, 2, 96, 24, 10, 32, 27, 89, 70, 86, 0, 69, 6, 15, 9, 49, 21, 12, 22, 43, 64, 3, 97, 16, 23, 47, 88, 30, 28, 59, 46, 68]],

[ 52, 15, 0,[ 32, 76, 38, 94]],

[ 26, 65, 0,[ 3, 13]],

[ 45, 15, 0,[ 37, 38]],

[ 53, 65, 0,[ 62, 20, 3]],

[ 28, 75, 0,[ 66, 2, 73, 34, 1, 72]],

[ 91, 5, 0,[ 54, 2]],

[ 51, 5, 0,[ 2, 38]],

[ 66, 25, 0,[ 0, 28]],

[ 56, 5, 0,[ 5, 2]],

[ 68, 75, 0,[ 1, 46]],

[ 78, 25, 0,[ 27, 37]],

[ 67, 65, 0,[ 36, 3]],

[ 18, 75, 0,[ 1, 41, 0]],

[ 10, 55, 1,[ 63, 3, 57, 1, 77, 84, 58]],

[ 40, 85, 0,[ 38, 5]],

[ 75, 5, 0,[ 54, 2]],

[ 49, 75, 0,[ 5, 1]],

[ 9, 75, 0,[ 1, 0, 89]],

[ 60, 5, 0,[ 2, 14]],

[ 38, 15, 1,[ 40, 51, 35, 52, 12, 42, 50, 45]],

[ 73, 95, 0,[ 28, 11]],

[ 0, 25, 1,[ 6, 8, 12, 9, 1, 18, 24, 30, 76, 7, 66, 36, 94, 37, 71, 4, 43, 46, 2, 62, 25, 99]],

[ 11, 95, 1,[ 88, 4, 74, 23, 70, 2, 73]],

[ 74, 95, 0,[ 13, 11]],

[ 30, 75, 0,[ 57, 0, 1, 69]],

[ 86, 75, 0,[ 3, 1]],

[ 62, 25, 0,[ 53, 0]],

[ 89, 75, 0,[ 1, 9]],

[ 58, 55, 0,[ 35, 10]],

[ 5, 85, 1,[ 34, 71, 40, 47, 1, 49, 48, 82, 98, 17, 65, 2, 83, 13, 56, 80]],

[ 71, 25, 0,[ 0, 5]],

[ 64, 75, 0,[ 1, 17]],

[ 59, 75, 0,[ 1, 22]],

[ 32, 75, 0,[ 16, 1, 52, 35]],

[ 96, 75, 0,[ 57, 1]],

[ 46, 75, 0,[ 68, 0, 1, 83]],

[ 36, 65, 0,[ 3, 67, 0]],

[ 24, 75, 0,[ 0, 1]],

[ 29, 65, 0,[ 48, 12, 3]],

[ 88, 75, 0,[ 1, 11, 93]],

[ 79, 5, 0,[ 2, 20]],

[ 93, 5, 0,[ 25, 88]],

[ 87, 5, 0,[ 54, 2]],

[ 80, 65, 0,[ 5, 3]],

[ 63, 55, 0,[ 12, 10]],

[ 47, 75, 0,[ 5, 1]],

[ 37, 25, 0,[ 78, 45, 0, 22, 61]],

[ 42, 5, 0,[ 2, 38]],

[ 15, 75, 0,[ 13, 1]],

[ 35, 65, 1,[ 54, 58, 38, 1, 98, 32]],

[ 83, 85, 0,[ 46, 5]],

[ 25, 5, 0,[ 0, 33, 2, 93]],

[ 16, 75, 0,[ 1, 6, 84, 90, 55, 32]],

[ 55, 75, 0,[ 16, 1]],

[ 3, 65, 1,[ 50, 29, 1, 20, 26, 14, 99, 36, 80, 4, 86, 67, 17, 53, 10, 44, 2, 82, 33, 85]],

[ 23, 75, 0,[ 1, 11]],

[ 14, 5, 0,[ 3, 60, 2]],

[ 6, 55, 1,[ 0, 16, 90, 95, 1, 72, 65]],

[ 33, 65, 0,[ 3, 25]],

[ 82, 65, 0,[ 5, 3]],

[ 39, 75, 0,[ 34, 21]],

[ 41, 5, 0,[ 2, 18]],

[ 43, 75, 0,[ 0, 97, 1]],

[ 98, 85, 0,[ 5, 35]],

[ 77, 55, 0,[ 48, 10]],

[ 2, 5, 1,[ 60, 79, 22, 7, 14, 28, 87, 56, 1, 75, 13, 8, 91, 61, 95, 51, 20, 11, 25, 3, 81, 85, 0, 41, 19, 42, 5, 27, 92]],

[ 48, 85, 0,[ 5, 29, 77]],

[ 57, 55, 0,[ 30, 96, 10]],

[ 22, 75, 0,[ 59, 1, 2, 37]],

[ 34, 85, 0,[ 39, 28, 5]],

[ 81, 5, 0,[ 2, 72]],

[ 94, 25, 0,[ 0, 52]],

[ 90, 55, 0,[ 6, 16]],

[ 70, 75, 0,[ 11, 1]],

[ 61, 5, 0,[ 37, 2]],

[ 19, 5, 0,[ 2, 7]],

[ 31, 5, 0,[ 13, 7]],

[ 84, 55, 0,[ 10, 16]],

[ 12, 75, 0,[ 63, 38, 0, 1, 29]],

[ 54, 5, 0,[ 91, 75, 87, 92, 21, 35]],

[ 72, 75, 0,[ 6, 28, 81]],

[ 95, 5, 0,[ 2, 6]],

[ 27, 75, 0,[ 1, 2, 78]],

