[ 59, 95, 0,[ 1, 22]],

[ 46, 95, 0,[ 0, 83, 68, 1]],

[ 99, 65, 0,[ 3, 0]],

[ 97, 95, 0,[ 1, 43]],

[ 50, 15, 0,[ 3, 38]],

[ 23, 95, 0,[ 1, 11]],

[ 47, 95, 0,[ 1, 5]],

[ 67, 15, 0,[ 36, 3]],

[ 78, 65, 0,[ 27, 37]],

[ 86, 95, 0,[ 3, 1]],

[ 77, 95, 0,[ 48, 10]],

[ 80, 15, 0,[ 3, 5]],

[ 85, 45, 0,[ 2, 3]],

[ 31, 15, 0,[ 7, 13]],

[ 75, 45, 0,[ 54, 2]],

[ 53, 15, 0,[ 62, 20, 3]],

[ 66, 65, 0,[ 28, 0]],

[ 43, 95, 0,[ 97, 0, 1]],

[ 24, 95, 0,[ 0, 1]],

[ 95, 45, 0,[ 2, 6]],

[ 83, 25, 0,[ 5, 46]],

[ 21, 95, 0,[ 4, 39, 54, 1]],

[ 16, 95, 0,[ 6, 84, 90, 55, 1, 32]],

[ 11, 5, 1,[ 73, 88, 74, 4, 2, 70, 23]],

[ 71, 65, 0,[ 0, 5]],

[ 29, 15, 0,[ 12, 3, 48]],

[ 37, 65, 0,[ 45, 0, 22, 61, 78]],

[ 73, 95, 0,[ 28, 11]],

[ 40, 25, 0,[ 38, 5]],

[ 25, 45, 0,[ 2, 93, 0, 33]],

[ 26, 15, 0,[ 3, 13]],

[ 34, 25, 0,[ 5, 28, 39]],

[ 74, 5, 0,[ 13, 11]],

[ 9, 95, 0,[ 1, 0, 89]],

[ 18, 95, 0,[ 41, 0, 1]],

[ 28, 95, 0,[ 34, 72, 2, 73, 1, 66]],

[ 55, 95, 0,[ 1, 16]],

[ 45, 65, 0,[ 38, 37]],

[ 48, 25, 0,[ 5, 77, 29]],

[ 30, 95, 0,[ 69, 57, 0, 1]],

[ 89, 95, 0,[ 1, 9]],

[ 2, 45, 1,[ 7, 5, 79, 85, 41, 87, 60, 8, 14, 51, 42, 25, 19, 61, 1, 81, 22, 91, 27, 56, 92, 0, 20, 13, 75, 28, 3, 95, 11]],

[ 10, 95, 1,[ 1, 57, 63, 84, 3, 58, 77]],

[ 4, 65, 0,[ 21, 11, 0, 3]],

[ 20, 45, 0,[ 79, 53, 3, 2]],

[ 79, 45, 0,[ 2, 20]],

[ 22, 95, 0,[ 37, 59, 2, 1]],

[ 65, 25, 0,[ 6, 5]],

[ 33, 15, 0,[ 3, 25]],

[ 76, 65, 0,[ 52, 0]],

[ 41, 45, 0,[ 18, 2]],

[ 98, 25, 0,[ 5, 35]],

[ 32, 95, 0,[ 52, 16, 1, 35]],

[ 68, 95, 0,[ 46, 1]],

[ 51, 45, 0,[ 2, 38]],

[ 17, 15, 0,[ 5, 64, 3]],

[ 91, 45, 0,[ 54, 2]],

[ 61, 45, 0,[ 37, 2]],

[ 62, 65, 0,[ 0, 53]],

[ 90, 35, 0,[ 6, 16]],

[ 54, 95, 0,[ 21, 91, 35, 87, 75, 92]],

[ 87, 45, 0,[ 2, 54]],

[ 70, 95, 0,[ 11, 1]],

[ 93, 45, 0,[ 25, 88]],

[ 63, 95, 0,[ 12, 10]],

[ 13, 15, 1,[ 31, 15, 26, 2, 5, 74]],

[ 19, 45, 0,[ 7, 2]],

[ 0, 65, 1,[ 76, 30, 2, 7, 24, 1, 62, 25, 46, 71, 6, 4, 8, 94, 99, 18, 9, 66, 12, 36, 43, 37]],

[ 57, 95, 0,[ 96, 30, 10]],

[ 84, 95, 0,[ 16, 10]],

[ 39, 95, 0,[ 21, 34]],

[ 69, 95, 0,[ 1, 30]],

[ 7, 45, 0,[ 0, 2, 31, 19]],

[ 1, 95, 1,[ 68, 88, 2, 3, 30, 97, 49, 70, 21, 59, 55, 24, 89, 69, 47, 43, 15, 27, 9, 35, 32, 10, 22, 5, 44, 64, 86, 23, 28, 0, 96, 12, 16, 46, 6, 18]],

[ 92, 45, 0,[ 2, 54]],

[ 36, 15, 0,[ 3, 0, 67]],

[ 60, 45, 0,[ 14, 2]],

[ 8, 45, 0,[ 0, 2]],

[ 56, 45, 0,[ 2, 5]],

[ 42, 45, 0,[ 38, 2]],

[ 94, 65, 0,[ 52, 0]],

[ 35, 95, 0,[ 58, 38, 54, 32, 1, 98]],

[ 49, 95, 0,[ 1, 5]],

[ 58, 95, 0,[ 35, 10]],

[ 88, 95, 0,[ 1, 93, 11]],

[ 64, 95, 0,[ 17, 1]],

[ 27, 95, 0,[ 1, 2, 78]],

[ 82, 15, 0,[ 5, 3]],

[ 12, 95, 0,[ 63, 1, 0, 29, 38]],

[ 72, 35, 0,[ 6, 81, 28]],

[ 38, 65, 1,[ 52, 51, 50, 40, 12, 42, 35, 45]],

[ 96, 95, 0,[ 57, 1]],

[ 81, 45, 0,[ 72, 2]],

[ 15, 95, 0,[ 13, 1]],

[ 6, 35, 1,[ 1, 0, 95, 65, 90, 16, 72]],

[ 44, 95, 0,[ 1, 3]],

[ 5, 25, 1,[ 17, 98, 56, 65, 83, 2, 40, 47, 48, 13, 80, 71, 49, 82, 1, 34]],

[ 3, 15, 1,[ 80, 85, 50, 53, 67, 36, 20, 44, 1, 4, 33, 29, 2, 14, 86, 10, 26, 82, 17, 99]],

[ 14, 45, 0,[ 60, 3, 2]],

[ 52, 65, 0,[ 32, 76, 94, 38]],

