[ 7, 45, 0,[ 0, 2, 19, 31]],

[ 96, 75, 0,[ 1, 57]],

[ 91, 45, 0,[ 2, 54]],

[ 5, 5, 1,[ 34, 1, 47, 80, 40, 48, 71, 65, 83, 13, 49, 56, 17, 98, 82, 2]],

[ 55, 75, 0,[ 1, 16]],

[ 64, 75, 0,[ 1, 17]],

[ 83, 5, 0,[ 46, 5]],

[ 90, 35, 0,[ 16, 6]],

[ 94, 85, 0,[ 52, 0]],

[ 48, 5, 0,[ 77, 5, 29]],

[ 18, 75, 0,[ 0, 41, 1]],

[ 31, 45, 0,[ 13, 7]],

[ 16, 75, 0,[ 1, 90, 84, 32, 6, 55]],

[ 29, 35, 0,[ 48, 3, 12]],

[ 51, 45, 0,[ 38, 2]],

[ 53, 35, 0,[ 20, 3, 62]],

[ 25, 45, 0,[ 93, 0, 2, 33]],

[ 68, 75, 0,[ 1, 46]],

[ 24, 75, 0,[ 1, 0]],

[ 73, 75, 0,[ 11, 28]],

[ 13, 45, 0,[ 5, 15, 74, 31, 26, 2]],

[ 19, 45, 0,[ 2, 7]],

[ 4, 85, 0,[ 0, 21, 11, 3]],

[ 99, 85, 0,[ 3, 0]],

[ 23, 75, 0,[ 11, 1]],

[ 93, 45, 0,[ 88, 25]],

[ 70, 75, 0,[ 1, 11]],

[ 45, 75, 0,[ 37, 38]],

[ 66, 85, 0,[ 28, 0]],

[ 10, 95, 1,[ 77, 1, 84, 57, 58, 63, 3]],

[ 88, 75, 0,[ 11, 93, 1]],

[ 59, 75, 0,[ 1, 22]],

[ 85, 45, 0,[ 2, 3]],

[ 74, 75, 0,[ 13, 11]],

[ 41, 45, 0,[ 2, 18]],

[ 38, 75, 1,[ 35, 12, 50, 52, 45, 42, 40, 51]],

[ 42, 45, 0,[ 38, 2]],

[ 54, 85, 1,[ 91, 92, 87, 21, 75, 35]],

[ 2, 45, 1,[ 13, 22, 79, 91, 5, 41, 42, 60, 75, 25, 27, 8, 56, 92, 19, 87, 14, 81, 20, 51, 28, 85, 95, 3, 1, 61, 0, 7, 11]],

[ 84, 95, 0,[ 16, 10]],

[ 30, 75, 0,[ 1, 57, 69, 0]],

[ 47, 75, 0,[ 1, 5]],

[ 49, 75, 0,[ 1, 5]],

[ 50, 35, 0,[ 38, 3]],

[ 56, 45, 0,[ 5, 2]],

[ 71, 85, 0,[ 5, 0]],

[ 35, 75, 0,[ 32, 58, 1, 54, 38, 98]],

[ 61, 45, 0,[ 2, 37]],

[ 79, 45, 0,[ 2, 20]],

[ 0, 85, 1,[ 1, 4, 8, 6, 2, 62, 30, 66, 9, 36, 43, 46, 7, 99, 12, 37, 71, 24, 25, 18, 94, 76]],

[ 75, 45, 0,[ 2, 54]],

[ 14, 45, 0,[ 2, 60, 3]],

[ 77, 95, 0,[ 48, 10]],

[ 98, 5, 0,[ 35, 5]],

[ 52, 75, 0,[ 76, 38, 94, 32]],

[ 32, 75, 0,[ 35, 1, 52, 16]],

[ 43, 75, 0,[ 97, 0, 1]],

[ 6, 35, 1,[ 1, 95, 16, 65, 90, 0, 72]],

[ 36, 85, 0,[ 67, 3, 0]],

[ 80, 35, 0,[ 5, 3]],

[ 11, 75, 1,[ 4, 2, 73, 74, 23, 88, 70]],

[ 92, 45, 0,[ 54, 2]],

[ 57, 95, 0,[ 10, 96, 30]],

[ 62, 85, 0,[ 0, 53]],

[ 69, 75, 0,[ 1, 30]],

[ 17, 35, 0,[ 64, 3, 5]],

[ 63, 75, 0,[ 10, 12]],

[ 87, 45, 0,[ 2, 54]],

[ 95, 45, 0,[ 2, 6]],

[ 28, 75, 0,[ 34, 66, 1, 2, 72, 73]],

[ 37, 85, 0,[ 22, 0, 78, 45, 61]],

[ 20, 45, 0,[ 53, 2, 79, 3]],

[ 15, 75, 0,[ 1, 13]],

[ 78, 85, 0,[ 27, 37]],

[ 97, 75, 0,[ 1, 43]],

[ 86, 75, 0,[ 3, 1]],

[ 34, 5, 0,[ 5, 39, 28]],

[ 67, 35, 0,[ 3, 36]],

[ 81, 45, 0,[ 72, 2]],

[ 9, 75, 0,[ 1, 89, 0]],

[ 39, 75, 0,[ 34, 21]],

[ 1, 75, 1,[ 23, 64, 30, 24, 0, 15, 3, 27, 43, 6, 5, 21, 68, 47, 69, 96, 35, 70, 16, 32, 12, 46, 9, 2, 86, 10, 55, 28, 89, 49, 18, 97, 88, 44, 22, 59]],

[ 82, 35, 0,[ 5, 3]],

[ 27, 75, 0,[ 1, 2, 78]],

[ 58, 95, 0,[ 10, 35]],

[ 12, 75, 0,[ 0, 1, 38, 63, 29]],

[ 89, 75, 0,[ 9, 1]],

[ 65, 5, 0,[ 6, 5]],

[ 60, 45, 0,[ 2, 14]],

[ 33, 35, 0,[ 3, 25]],

[ 3, 35, 1,[ 67, 4, 2, 50, 1, 44, 14, 82, 86, 33, 20, 10, 36, 85, 17, 80, 53, 29, 26, 99]],

[ 8, 45, 0,[ 2, 0]],

[ 40, 5, 0,[ 38, 5]],

[ 76, 85, 0,[ 0, 52]],

[ 72, 35, 0,[ 28, 6, 81]],

[ 21, 75, 0,[ 54, 4, 39, 1]],

[ 22, 75, 0,[ 37, 2, 1, 59]],

[ 44, 75, 0,[ 3, 1]],

[ 46, 75, 0,[ 68, 83, 0, 1]],

[ 26, 35, 0,[ 3, 13]],

