[ 24, 75, 1,[ 1, 0]],

[ 27, 15, 0,[ 2, 1, 78]],

[ 30, 15, 0,[ 69, 0, 57, 1]],

[ 2, 15, 0,[ 61, 92, 14, 19, 20, 91, 11, 81, 42, 41, 5, 87, 60, 25, 7, 79, 85, 27, 95, 51, 1, 0, 28, 3, 56, 75, 22, 8, 13]],

[ 18, 15, 0,[ 41, 0, 1]],

[ 11, 15, 0,[ 2, 73, 70, 74, 23, 4, 88]],

[ 66, 15, 0,[ 0, 28]],

[ 51, 15, 0,[ 38, 2]],

[ 76, 15, 0,[ 0, 52]],

[ 54, 15, 0,[ 87, 21, 35, 91, 92, 75]],

[ 74, 15, 0,[ 13, 11]],

[ 38, 15, 0,[ 40, 45, 50, 35, 42, 52, 12, 51]],

[ 65, 15, 0,[ 6, 5]],

[ 29, 15, 0,[ 12, 48, 3]],

[ 59, 15, 0,[ 1, 22]],

[ 8, 15, 0,[ 2, 0]],

[ 33, 15, 0,[ 3, 25]],

[ 99, 15, 0,[ 0, 3]],

[ 69, 15, 0,[ 1, 30]],

[ 48, 15, 0,[ 29, 77, 5]],

[ 42, 15, 0,[ 2, 38]],

[ 13, 15, 0,[ 2, 5, 31, 74, 15, 26]],

[ 81, 15, 0,[ 72, 2]],

[ 12, 15, 0,[ 1, 38, 29, 63, 0]],

[ 47, 15, 0,[ 5, 1]],

[ 95, 15, 0,[ 2, 6]],

[ 26, 15, 0,[ 13, 3]],

[ 21, 15, 0,[ 39, 4, 1, 54]],

[ 93, 15, 0,[ 25, 88]],

[ 63, 15, 0,[ 10, 12]],

[ 6, 15, 0,[ 16, 72, 90, 95, 1, 0, 65]],

[ 83, 15, 0,[ 46, 5]],

[ 50, 15, 0,[ 38, 3]],

[ 49, 15, 0,[ 1, 5]],

[ 9, 15, 0,[ 0, 89, 1]],

[ 46, 15, 0,[ 1, 83, 68, 0]],

[ 80, 15, 0,[ 5, 3]],

[ 14, 15, 0,[ 3, 60, 2]],

[ 77, 15, 0,[ 10, 48]],

[ 87, 15, 0,[ 54, 2]],

[ 88, 15, 0,[ 11, 93, 1]],

[ 78, 65, 1,[ 27, 37]],

[ 25, 15, 0,[ 33, 93, 2, 0]],

[ 79, 15, 0,[ 2, 20]],

[ 61, 15, 0,[ 37, 2]],

[ 90, 15, 0,[ 6, 16]],

[ 1, 15, 0,[ 24, 22, 30, 16, 43, 46, 5, 3, 32, 44, 96, 47, 89, 97, 12, 28, 21, 68, 70, 88, 55, 6, 27, 86, 0, 9, 69, 35, 2, 10, 23, 64, 49, 59, 15, 18]],

[ 91, 15, 0,[ 2, 54]],

[ 44, 5, 1,[ 1, 3]],

[ 85, 15, 0,[ 3, 2]],

[ 97, 15, 0,[ 43, 1]],

[ 82, 15, 0,[ 5, 3]],

[ 16, 15, 0,[ 32, 6, 55, 90, 84, 1]],

[ 37, 15, 0,[ 0, 61, 22, 45, 78]],

[ 7, 15, 0,[ 19, 0, 2, 31]],

[ 52, 15, 0,[ 94, 32, 38, 76]],

[ 98, 15, 0,[ 35, 5]],

[ 43, 15, 0,[ 0, 97, 1]],

[ 10, 15, 0,[ 3, 77, 1, 84, 58, 63, 57]],

[ 94, 15, 0,[ 52, 0]],

[ 35, 15, 0,[ 38, 54, 32, 1, 58, 98]],

[ 4, 15, 0,[ 0, 11, 21, 3]],

[ 20, 15, 0,[ 3, 53, 79, 2]],

[ 32, 15, 0,[ 16, 52, 1, 35]],

[ 31, 15, 0,[ 7, 13]],

[ 86, 15, 0,[ 1, 3]],

[ 45, 15, 0,[ 38, 37]],

[ 72, 15, 0,[ 28, 81, 6]],

[ 22, 15, 0,[ 1, 37, 59, 2]],

[ 73, 15, 0,[ 11, 28]],

[ 56, 15, 0,[ 2, 5]],

[ 64, 15, 0,[ 1, 17]],

[ 58, 15, 0,[ 35, 10]],

[ 40, 15, 0,[ 5, 38]],

[ 39, 45, 1,[ 34, 21]],

[ 75, 55, 1,[ 54, 2]],

[ 62, 65, 1,[ 0, 53]],

[ 71, 15, 0,[ 0, 5]],

[ 68, 15, 0,[ 1, 46]],

[ 67, 15, 0,[ 36, 3]],

[ 34, 15, 0,[ 39, 28, 5]],

[ 55, 75, 1,[ 16, 1]],

[ 70, 95, 1,[ 1, 11]],

[ 92, 25, 1,[ 54, 2]],

[ 15, 15, 0,[ 13, 1]],

[ 23, 15, 0,[ 11, 1]],

[ 3, 15, 0,[ 44, 99, 1, 80, 36, 4, 50, 33, 67, 82, 2, 86, 20, 10, 17, 53, 29, 26, 85, 14]],

[ 0, 15, 0,[ 4, 2, 37, 9, 71, 76, 30, 43, 66, 12, 18, 62, 46, 25, 99, 7, 6, 36, 1, 94, 24, 8]],

[ 89, 15, 0,[ 1, 9]],

[ 96, 15, 0,[ 1, 57]],

[ 28, 15, 0,[ 34, 1, 2, 73, 66, 72]],

[ 60, 15, 0,[ 14, 2]],

[ 36, 15, 0,[ 3, 67, 0]],

[ 19, 15, 0,[ 7, 2]],

[ 41, 55, 1,[ 18, 2]],

[ 53, 15, 0,[ 3, 62, 20]],

[ 57, 15, 0,[ 96, 30, 10]],

[ 84, 15, 0,[ 10, 16]],

[ 17, 15, 0,[ 3, 64, 5]],

[ 5, 15, 0,[ 49, 1, 80, 13, 34, 56, 82, 47, 65, 48, 40, 2, 98, 71, 17, 83]],

