[ 10, 15, 1,[ 1, 77, 63, 84, 58, 3, 57]],

[ 9, 95, 0,[ 0, 89, 1]],

[ 0, 95, 1,[ 1, 30, 12, 36, 25, 99, 8, 71, 7, 9, 18, 2, 62, 6, 46, 24, 94, 66, 43, 4, 37, 76]],

[ 26, 55, 0,[ 3, 13]],

[ 65, 15, 0,[ 5, 6]],

[ 37, 15, 0,[ 22, 45, 0, 78, 61]],

[ 78, 15, 0,[ 27, 37]],

[ 27, 15, 0,[ 2, 78, 1]],

[ 41, 85, 0,[ 18, 2]],

[ 38, 95, 1,[ 50, 42, 12, 52, 40, 45, 35, 51]],

[ 98, 45, 0,[ 35, 5]],

[ 93, 15, 0,[ 25, 88]],

[ 52, 5, 0,[ 94, 32, 38, 76]],

[ 2, 15, 1,[ 25, 81, 20, 91, 0, 87, 85, 8, 60, 19, 95, 51, 42, 5, 92, 79, 3, 13, 14, 28, 27, 56, 75, 22, 7, 41, 1, 11, 61]],

[ 25, 15, 0,[ 2, 0, 33, 93]],

[ 85, 55, 0,[ 3, 2]],

[ 71, 65, 0,[ 5, 0]],

[ 8, 75, 0,[ 0, 2]],

[ 51, 55, 0,[ 2, 38]],

[ 87, 35, 0,[ 54, 2]],

[ 60, 15, 0,[ 14, 2]],

[ 18, 95, 0,[ 1, 0, 41]],

[ 77, 35, 0,[ 48, 10]],

[ 73, 15, 0,[ 28, 11]],

[ 22, 15, 0,[ 59, 37, 1, 2]],

[ 72, 15, 0,[ 28, 81, 6]],

[ 58, 15, 0,[ 35, 10]],

[ 66, 85, 0,[ 0, 28]],

[ 20, 15, 0,[ 3, 53, 79, 2]],

[ 47, 65, 0,[ 1, 5]],

[ 49, 65, 0,[ 5, 1]],

[ 59, 15, 0,[ 1, 22]],

[ 12, 95, 0,[ 29, 0, 1, 38, 63]],

[ 80, 25, 0,[ 5, 3]],

[ 32, 15, 0,[ 35, 52, 1, 16]],

[ 91, 85, 0,[ 54, 2]],

[ 74, 35, 0,[ 11, 13]],

[ 75, 65, 0,[ 54, 2]],

[ 16, 15, 0,[ 1, 32, 55, 84, 6, 90]],

[ 83, 85, 0,[ 5, 46]],

[ 5, 25, 1,[ 83, 98, 48, 40, 49, 17, 82, 34, 80, 56, 71, 65, 1, 13, 47, 2]],

[ 33, 65, 0,[ 25, 3]],

[ 96, 85, 0,[ 1, 57]],

[ 44, 75, 0,[ 3, 1]],

[ 29, 95, 0,[ 12, 3, 48]],

[ 13, 75, 1,[ 74, 5, 2, 15, 31, 26]],

[ 56, 25, 0,[ 5, 2]],

[ 69, 55, 0,[ 1, 30]],

[ 7, 15, 0,[ 0, 31, 19, 2]],

[ 6, 5, 1,[ 90, 1, 95, 16, 65, 72, 0]],

[ 84, 15, 0,[ 10, 16]],

[ 88, 15, 0,[ 11, 93, 1]],

[ 61, 15, 0,[ 37, 2]],

[ 94, 65, 0,[ 52, 0]],

[ 64, 5, 0,[ 1, 17]],

[ 53, 15, 0,[ 3, 20, 62]],

[ 34, 25, 0,[ 28, 39, 5]],

[ 90, 85, 0,[ 6, 16]],

[ 24, 15, 0,[ 1, 0]],

[ 31, 5, 0,[ 13, 7]],

[ 43, 95, 0,[ 97, 0, 1]],

[ 3, 25, 1,[ 85, 50, 17, 14, 2, 4, 99, 53, 1, 33, 67, 36, 20, 80, 82, 86, 10, 44, 26, 29]],

[ 40, 95, 0,[ 5, 38]],

[ 67, 25, 0,[ 3, 36]],

[ 86, 15, 0,[ 1, 3]],

[ 89, 5, 0,[ 1, 9]],

[ 23, 15, 0,[ 11, 1]],

[ 57, 65, 0,[ 96, 30, 10]],

[ 28, 15, 0,[ 72, 66, 73, 1, 34, 2]],

[ 55, 15, 0,[ 16, 1]],

[ 46, 45, 0,[ 83, 0, 1, 68]],

[ 30, 35, 0,[ 0, 1, 57, 69]],

[ 36, 25, 0,[ 67, 3, 0]],

[ 68, 45, 0,[ 46, 1]],

[ 63, 35, 0,[ 10, 12]],

[ 45, 35, 0,[ 38, 37]],

[ 42, 35, 0,[ 2, 38]],

[ 14, 15, 0,[ 60, 3, 2]],

[ 62, 75, 0,[ 53, 0]],

[ 70, 15, 0,[ 1, 11]],

[ 76, 75, 0,[ 52, 0]],

[ 35, 15, 0,[ 32, 98, 58, 38, 54, 1]],

[ 92, 85, 0,[ 2, 54]],

[ 21, 25, 0,[ 4, 39, 54, 1]],

[ 54, 85, 0,[ 87, 21, 91, 35, 75, 92]],

[ 11, 15, 1,[ 23, 88, 74, 2, 70, 4, 73]],

[ 4, 25, 0,[ 3, 11, 21, 0]],

[ 99, 95, 0,[ 0, 3]],

[ 19, 15, 0,[ 2, 7]],

[ 15, 55, 0,[ 1, 13]],

[ 81, 15, 0,[ 72, 2]],

[ 17, 25, 0,[ 5, 3, 64]],

[ 39, 25, 0,[ 21, 34]],

[ 95, 75, 0,[ 2, 6]],

[ 79, 15, 0,[ 2, 20]],

[ 48, 45, 0,[ 5, 29, 77]],

[ 50, 75, 0,[ 3, 38]],

[ 1, 15, 1,[ 3, 68, 44, 10, 89, 6, 47, 15, 21, 64, 32, 23, 69, 46, 0, 96, 27, 18, 2, 55, 12, 88, 97, 28, 22, 70, 5, 86, 9, 43, 49, 16, 59, 24, 35, 30]],

[ 82, 25, 0,[ 3, 5]],

[ 97, 95, 0,[ 1, 43]],

