[ 3, 25, 1,[ 2, 80, 33, 85, 53, 50, 44, 29, 86, 1, 10, 82, 20, 4, 14, 99, 67, 26, 36, 17]],

[ 96, 5, 0,[ 1, 57]],

[ 54, 5, 0,[ 35, 91, 21, 87, 92, 75]],

[ 8, 65, 0,[ 2, 0]],

[ 5, 15, 1,[ 83, 98, 40, 48, 56, 65, 80, 47, 2, 17, 34, 1, 49, 82, 13, 71]],

[ 7, 65, 0,[ 19, 0, 31, 2]],

[ 19, 65, 0,[ 7, 2]],

[ 94, 15, 0,[ 52, 0]],

[ 58, 5, 0,[ 10, 35]],

[ 48, 15, 0,[ 29, 5, 77]],

[ 17, 25, 0,[ 5, 64, 3]],

[ 24, 5, 0,[ 1, 0]],

[ 37, 15, 0,[ 22, 0, 78, 45, 61]],

[ 72, 95, 0,[ 6, 81, 28]],

[ 62, 15, 0,[ 53, 0]],

[ 28, 5, 0,[ 2, 73, 34, 66, 1, 72]],

[ 36, 15, 0,[ 3, 67, 0]],

[ 20, 65, 0,[ 53, 79, 2, 3]],

[ 11, 65, 1,[ 23, 4, 70, 73, 88, 2, 74]],

[ 82, 25, 0,[ 5, 3]],

[ 57, 5, 0,[ 96, 10, 30]],

[ 77, 5, 0,[ 48, 10]],

[ 23, 5, 0,[ 1, 11]],

[ 91, 65, 0,[ 54, 2]],

[ 90, 5, 0,[ 16, 6]],

[ 92, 65, 0,[ 2, 54]],

[ 21, 5, 0,[ 4, 1, 39, 54]],

[ 44, 5, 0,[ 3, 1]],

[ 55, 5, 0,[ 16, 1]],

[ 98, 15, 0,[ 35, 5]],

[ 83, 15, 0,[ 46, 5]],

[ 85, 65, 0,[ 2, 3]],

[ 97, 5, 0,[ 1, 43]],

[ 63, 5, 0,[ 10, 12]],

[ 0, 15, 1,[ 6, 71, 99, 7, 4, 66, 24, 30, 9, 2, 25, 1, 8, 94, 18, 62, 37, 76, 46, 12, 43, 36]],

[ 76, 15, 0,[ 0, 52]],

[ 42, 65, 0,[ 2, 38]],

[ 6, 95, 1,[ 1, 72, 65, 95, 16, 0, 90]],

[ 18, 5, 0,[ 0, 1, 41]],

[ 84, 5, 0,[ 10, 16]],

[ 40, 15, 0,[ 5, 38]],

[ 65, 15, 0,[ 6, 5]],

[ 38, 45, 1,[ 42, 50, 35, 12, 51, 45, 40, 52]],

[ 51, 65, 0,[ 2, 38]],

[ 41, 65, 0,[ 18, 2]],

[ 46, 5, 0,[ 83, 68, 1, 0]],

[ 1, 5, 1,[ 70, 86, 32, 49, 5, 22, 59, 23, 21, 47, 44, 69, 28, 24, 97, 46, 68, 96, 55, 89, 43, 35, 27, 6, 15, 88, 0, 12, 9, 2, 3, 10, 18, 16, 30, 64]],

[ 31, 65, 0,[ 7, 13]],

[ 32, 5, 0,[ 1, 52, 35, 16]],

[ 78, 15, 0,[ 37, 27]],

[ 53, 25, 0,[ 3, 20, 62]],

[ 22, 5, 0,[ 1, 59, 2, 37]],

[ 75, 65, 0,[ 2, 54]],

[ 15, 5, 0,[ 1, 13]],

[ 87, 65, 0,[ 2, 54]],

[ 68, 5, 0,[ 46, 1]],

[ 70, 5, 0,[ 11, 1]],

[ 60, 65, 0,[ 2, 14]],

[ 50, 25, 0,[ 38, 3]],

[ 89, 5, 0,[ 9, 1]],

[ 45, 45, 0,[ 38, 37]],

[ 69, 5, 0,[ 1, 30]],

[ 10, 5, 1,[ 84, 58, 3, 77, 57, 63, 1]],

[ 4, 15, 0,[ 0, 21, 11, 3]],

[ 81, 65, 0,[ 2, 72]],

[ 59, 5, 0,[ 1, 22]],

[ 12, 5, 0,[ 0, 63, 29, 1, 38]],

[ 61, 65, 0,[ 37, 2]],

[ 71, 15, 0,[ 5, 0]],

[ 30, 5, 0,[ 1, 69, 57, 0]],

[ 74, 65, 0,[ 11, 13]],

[ 66, 15, 0,[ 0, 28]],

[ 16, 5, 0,[ 32, 84, 55, 6, 1, 90]],

[ 79, 65, 0,[ 2, 20]],

[ 25, 65, 0,[ 93, 2, 33, 0]],

[ 26, 25, 0,[ 13, 3]],

[ 47, 5, 0,[ 5, 1]],

[ 88, 5, 0,[ 93, 1, 11]],

[ 9, 5, 0,[ 1, 0, 89]],

[ 73, 5, 0,[ 11, 28]],

[ 35, 5, 0,[ 32, 38, 1, 54, 58, 98]],

[ 29, 25, 0,[ 3, 48, 12]],

[ 67, 25, 0,[ 36, 3]],

[ 34, 15, 0,[ 39, 5, 28]],

[ 39, 5, 0,[ 21, 34]],

[ 52, 45, 0,[ 94, 76, 32, 38]],

[ 64, 5, 0,[ 17, 1]],

[ 80, 25, 0,[ 5, 3]],

[ 43, 5, 0,[ 97, 0, 1]],

[ 49, 5, 0,[ 1, 5]],

[ 56, 65, 0,[ 5, 2]],

[ 99, 15, 0,[ 3, 0]],

[ 93, 5, 0,[ 25, 88]],

[ 86, 5, 0,[ 1, 3]],

[ 27, 5, 0,[ 78, 2, 1]],

[ 2, 65, 1,[ 87, 11, 51, 28, 22, 25, 1, 7, 14, 92, 41, 5, 85, 3, 61, 75, 8, 20, 19, 79, 0, 56, 13, 95, 27, 91, 60, 81, 42]],

[ 33, 25, 0,[ 3, 25]],

[ 14, 65, 0,[ 3, 2, 60]],

[ 95, 65, 0,[ 6, 2]],

[ 13, 65, 1,[ 5, 74, 2, 26, 31, 15]],

