[ 64, 75, 1,[ 1, 17]],

[ 99, 45, 1,[ 0, 3]],

[ 91, 45, 1,[ 54, 2]],

[ 47, 45, 0,[ 5, 1]],

[ 34, 45, 0,[ 5, 28, 39]],

[ 93, 5, 1,[ 25, 88]],

[ 57, 45, 0,[ 30, 10, 96]],

[ 63, 25, 1,[ 10, 12]],

[ 17, 45, 0,[ 3, 64, 5]],

[ 97, 15, 1,[ 43, 1]],

[ 66, 45, 0,[ 0, 28]],

[ 70, 5, 1,[ 1, 11]],

[ 44, 15, 1,[ 1, 3]],

[ 20, 45, 0,[ 2, 53, 79, 3]],

[ 52, 45, 0,[ 38, 76, 94, 32]],

[ 13, 45, 0,[ 2, 15, 74, 26, 31, 5]],

[ 32, 45, 0,[ 16, 35, 52, 1]],

[ 19, 85, 1,[ 7, 2]],

[ 61, 15, 1,[ 2, 37]],

[ 60, 85, 1,[ 14, 2]],

[ 39, 55, 1,[ 21, 34]],

[ 12, 45, 0,[ 29, 63, 1, 38, 0]],

[ 1, 45, 0,[ 69, 9, 28, 21, 68, 46, 10, 30, 15, 64, 16, 12, 86, 49, 55, 97, 23, 88, 59, 24, 3, 89, 32, 18, 27, 6, 43, 2, 47, 5, 22, 96, 44, 35, 0, 70]],

[ 3, 45, 0,[ 4, 17, 20, 2, 1, 14, 82, 10, 36, 53, 33, 44, 80, 99, 29, 50, 85, 86, 26, 67]],

[ 90, 65, 1,[ 6, 16]],

[ 84, 45, 0,[ 16, 10]],

[ 28, 45, 0,[ 1, 34, 73, 2, 66, 72]],

[ 43, 45, 0,[ 0, 97, 1]],

[ 80, 55, 1,[ 5, 3]],

[ 74, 45, 0,[ 11, 13]],

[ 58, 15, 1,[ 35, 10]],

[ 86, 45, 1,[ 1, 3]],

[ 46, 45, 0,[ 1, 0, 83, 68]],

[ 22, 45, 0,[ 2, 37, 59, 1]],

[ 41, 15, 1,[ 2, 18]],

[ 85, 95, 1,[ 3, 2]],

[ 59, 65, 1,[ 22, 1]],

[ 48, 45, 0,[ 77, 29, 5]],

[ 31, 25, 1,[ 7, 13]],

[ 27, 45, 0,[ 2, 78, 1]],

[ 55, 45, 1,[ 1, 16]],

[ 62, 15, 1,[ 53, 0]],

[ 18, 45, 0,[ 1, 41, 0]],

[ 10, 45, 0,[ 77, 84, 1, 63, 57, 58, 3]],

[ 96, 5, 1,[ 57, 1]],

[ 9, 45, 0,[ 0, 89, 1]],

[ 51, 35, 1,[ 38, 2]],

[ 8, 25, 1,[ 2, 0]],

[ 6, 45, 0,[ 16, 65, 90, 0, 72, 95, 1]],

[ 4, 45, 0,[ 3, 11, 21, 0]],

[ 50, 35, 1,[ 3, 38]],

[ 16, 45, 0,[ 32, 90, 84, 55, 6, 1]],

[ 92, 85, 1,[ 2, 54]],

[ 68, 65, 1,[ 1, 46]],

[ 83, 65, 1,[ 46, 5]],

[ 14, 45, 0,[ 2, 60, 3]],

[ 77, 95, 1,[ 48, 10]],

[ 38, 45, 0,[ 51, 45, 40, 50, 35, 12, 52, 42]],

[ 69, 65, 1,[ 1, 30]],

[ 7, 45, 0,[ 0, 2, 19, 31]],

[ 98, 65, 1,[ 35, 5]],

[ 26, 75, 1,[ 13, 3]],

[ 67, 45, 1,[ 3, 36]],

[ 95, 85, 1,[ 2, 6]],

[ 21, 45, 0,[ 39, 54, 4, 1]],

[ 15, 45, 0,[ 1, 13]],

[ 45, 45, 1,[ 37, 38]],

[ 72, 45, 0,[ 81, 28, 6]],

[ 88, 45, 0,[ 1, 11, 93]],

[ 2, 45, 0,[ 3, 20, 14, 91, 79, 11, 8, 19, 92, 95, 25, 85, 42, 1, 87, 81, 56, 22, 7, 61, 51, 5, 41, 60, 28, 75, 27, 13, 0]],

[ 5, 45, 0,[ 1, 65, 80, 82, 40, 34, 2, 49, 13, 56, 83, 71, 17, 98, 47, 48]],

[ 81, 5, 1,[ 72, 2]],

[ 73, 65, 1,[ 11, 28]],

[ 53, 45, 0,[ 62, 3, 20]],

[ 78, 45, 0,[ 27, 37]],

[ 65, 45, 0,[ 5, 6]],

[ 71, 45, 1,[ 0, 5]],

[ 29, 45, 0,[ 3, 12, 48]],

[ 40, 85, 1,[ 38, 5]],

[ 87, 55, 1,[ 2, 54]],

[ 56, 45, 0,[ 5, 2]],

[ 75, 5, 1,[ 54, 2]],

[ 11, 45, 0,[ 70, 88, 23, 2, 74, 4, 73]],

[ 36, 45, 0,[ 0, 67, 3]],

[ 54, 45, 0,[ 35, 91, 75, 87, 21, 92]],

[ 25, 45, 0,[ 33, 0, 2, 93]],

[ 79, 75, 1,[ 20, 2]],

[ 89, 45, 1,[ 1, 9]],

[ 33, 45, 0,[ 25, 3]],

[ 42, 25, 1,[ 2, 38]],

[ 76, 25, 1,[ 52, 0]],

[ 82, 75, 1,[ 5, 3]],

[ 24, 45, 0,[ 0, 1]],

[ 94, 55, 1,[ 52, 0]],

[ 37, 45, 0,[ 61, 45, 0, 22, 78]],

[ 35, 45, 0,[ 98, 54, 1, 32, 38, 58]],

[ 0, 45, 0,[ 76, 43, 94, 46, 7, 6, 25, 9, 1, 71, 8, 30, 24, 4, 37, 2, 36, 12, 99, 18, 66, 62]],

[ 49, 55, 1,[ 1, 5]],

[ 23, 65, 1,[ 1, 11]],

[ 30, 45, 0,[ 1, 0, 57, 69]],

