[ 35, 5, 0,[ 38, 54, 58, 1, 98, 32]],

[ 56, 65, 1,[ 5, 2]],

[ 48, 5, 0,[ 77, 5, 29]],

[ 61, 25, 1,[ 37, 2]],

[ 80, 15, 1,[ 5, 3]],

[ 10, 15, 0,[ 57, 3, 84, 58, 63, 1, 77]],

[ 5, 5, 0,[ 83, 56, 47, 98, 48, 17, 2, 65, 40, 34, 13, 80, 49, 1, 71, 82]],

[ 99, 5, 0,[ 3, 0]],

[ 79, 65, 1,[ 20, 2]],

[ 36, 15, 0,[ 67, 0, 3]],

[ 57, 15, 0,[ 10, 96, 30]],

[ 76, 65, 1,[ 0, 52]],

[ 55, 65, 1,[ 1, 16]],

[ 68, 45, 1,[ 1, 46]],

[ 11, 5, 0,[ 23, 70, 2, 88, 74, 4, 73]],

[ 16, 5, 0,[ 6, 90, 55, 84, 1, 32]],

[ 97, 75, 1,[ 1, 43]],

[ 9, 5, 0,[ 89, 0, 1]],

[ 52, 5, 0,[ 38, 32, 76, 94]],

[ 1, 5, 0,[ 24, 18, 27, 6, 97, 70, 64, 69, 59, 3, 35, 2, 32, 68, 47, 21, 43, 5, 86, 0, 88, 16, 22, 9, 15, 96, 28, 23, 44, 55, 49, 30, 89, 12, 46, 10]],

[ 90, 5, 0,[ 6, 16]],

[ 29, 5, 0,[ 3, 12, 48]],

[ 74, 5, 0,[ 13, 11]],

[ 43, 5, 0,[ 0, 1, 97]],

[ 23, 95, 1,[ 11, 1]],

[ 59, 5, 1,[ 22, 1]],

[ 78, 95, 1,[ 27, 37]],

[ 63, 95, 1,[ 12, 10]],

[ 82, 75, 1,[ 3, 5]],

[ 54, 5, 0,[ 21, 87, 75, 92, 35, 91]],

[ 86, 15, 1,[ 1, 3]],

[ 70, 55, 1,[ 1, 11]],

[ 25, 5, 0,[ 2, 0, 33, 93]],

[ 67, 15, 1,[ 3, 36]],

[ 44, 95, 1,[ 3, 1]],

[ 19, 95, 1,[ 7, 2]],

[ 3, 15, 0,[ 85, 99, 33, 86, 44, 2, 50, 20, 14, 4, 17, 67, 36, 1, 53, 80, 82, 26, 10, 29]],

[ 27, 5, 0,[ 2, 1, 78]],

[ 39, 15, 1,[ 21, 34]],

[ 31, 45, 1,[ 7, 13]],

[ 42, 55, 1,[ 38, 2]],

[ 69, 15, 1,[ 30, 1]],

[ 8, 65, 1,[ 2, 0]],

[ 65, 5, 0,[ 5, 6]],

[ 71, 5, 1,[ 0, 5]],

[ 58, 95, 1,[ 10, 35]],

[ 30, 5, 0,[ 1, 0, 57, 69]],

[ 77, 65, 1,[ 48, 10]],

[ 96, 15, 1,[ 57, 1]],

[ 92, 55, 1,[ 54, 2]],

[ 98, 15, 1,[ 5, 35]],

[ 62, 95, 1,[ 53, 0]],

[ 60, 15, 1,[ 2, 14]],

[ 64, 75, 1,[ 1, 17]],

[ 6, 5, 0,[ 16, 1, 65, 95, 0, 90, 72]],

[ 66, 5, 0,[ 0, 28]],

[ 0, 5, 0,[ 46, 71, 4, 6, 12, 99, 43, 18, 2, 62, 30, 37, 9, 25, 76, 94, 66, 1, 7, 36, 24, 8]],

[ 20, 15, 0,[ 79, 2, 53, 3]],

[ 91, 95, 1,[ 2, 54]],

[ 13, 5, 0,[ 2, 26, 74, 31, 5, 15]],

[ 93, 45, 1,[ 25, 88]],

[ 15, 75, 1,[ 1, 13]],

[ 50, 15, 1,[ 3, 38]],

[ 37, 5, 0,[ 45, 78, 61, 22, 0]],

[ 33, 15, 1,[ 3, 25]],

[ 24, 5, 0,[ 1, 0]],

[ 89, 35, 1,[ 9, 1]],

[ 75, 5, 0,[ 2, 54]],

[ 34, 5, 0,[ 39, 5, 28]],

[ 7, 5, 0,[ 19, 2, 0, 31]],

[ 88, 5, 0,[ 11, 93, 1]],

[ 47, 55, 1,[ 5, 1]],

[ 41, 5, 1,[ 2, 18]],

[ 84, 15, 1,[ 10, 16]],

[ 38, 5, 0,[ 52, 51, 40, 35, 45, 12, 42, 50]],

[ 12, 5, 0,[ 0, 38, 29, 1, 63]],

[ 72, 5, 0,[ 28, 81, 6]],

[ 14, 15, 0,[ 3, 60, 2]],

[ 85, 85, 1,[ 2, 3]],

[ 45, 85, 1,[ 37, 38]],

[ 26, 5, 0,[ 13, 3]],

[ 95, 95, 1,[ 2, 6]],

[ 4, 5, 0,[ 0, 3, 21, 11]],

[ 17, 5, 0,[ 3, 64, 5]],

[ 22, 5, 0,[ 2, 37, 59, 1]],

[ 2, 5, 0,[ 87, 91, 8, 27, 25, 22, 20, 19, 81, 1, 75, 14, 42, 56, 13, 7, 61, 5, 3, 79, 28, 0, 85, 60, 92, 51, 95, 41, 11]],

[ 32, 5, 0,[ 35, 16, 52, 1]],

[ 83, 45, 1,[ 46, 5]],

[ 49, 5, 1,[ 1, 5]],

[ 94, 25, 1,[ 0, 52]],

[ 46, 45, 0,[ 68, 83, 1, 0]],

[ 73, 35, 1,[ 11, 28]],

[ 81, 85, 1,[ 72, 2]],

[ 87, 5, 0,[ 54, 2]],

[ 21, 5, 0,[ 1, 4, 39, 54]],

[ 51, 5, 1,[ 38, 2]],

[ 53, 15, 0,[ 3, 62, 20]],

[ 28, 5, 0,[ 66, 72, 2, 34, 73, 1]],

[ 18, 5, 0,[ 1, 0, 41]],

[ 40, 5, 0,[ 5, 38]],

