[ 11, 75, 0,[ 74, 23, 73, 88, 4, 70, 2]],

[ 46, 75, 0,[ 68, 83, 0, 1]],

[ 17, 75, 0,[ 64, 3, 5]],

[ 75, 85, 1,[ 54, 2]],

[ 27, 75, 0,[ 2, 78, 1]],

[ 37, 75, 0,[ 0, 61, 22, 45, 78]],

[ 10, 75, 0,[ 63, 3, 58, 57, 84, 77, 1]],

[ 25, 75, 0,[ 2, 93, 33, 0]],

[ 61, 75, 0,[ 37, 2]],

[ 56, 75, 0,[ 2, 5]],

[ 13, 75, 0,[ 5, 31, 2, 26, 74, 15]],

[ 71, 75, 0,[ 5, 0]],

[ 4, 75, 0,[ 3, 11, 21, 0]],

[ 93, 75, 0,[ 25, 88]],

[ 34, 75, 0,[ 28, 5, 39]],

[ 21, 75, 0,[ 4, 39, 54, 1]],

[ 79, 75, 0,[ 2, 20]],

[ 60, 75, 0,[ 14, 2]],

[ 97, 75, 0,[ 43, 1]],

[ 41, 75, 0,[ 18, 2]],

[ 50, 75, 0,[ 38, 3]],

[ 15, 75, 0,[ 1, 13]],

[ 78, 75, 0,[ 37, 27]],

[ 85, 75, 0,[ 2, 3]],

[ 19, 75, 0,[ 7, 2]],

[ 5, 75, 0,[ 48, 82, 83, 1, 49, 98, 47, 80, 56, 34, 13, 2, 17, 71, 65, 40]],

[ 31, 45, 1,[ 7, 13]],

[ 43, 75, 0,[ 0, 97, 1]],

[ 0, 75, 0,[ 36, 46, 1, 71, 9, 18, 66, 43, 76, 2, 6, 8, 30, 62, 99, 37, 24, 4, 25, 94, 12, 7]],

[ 40, 75, 0,[ 5, 38]],

[ 94, 75, 0,[ 52, 0]],

[ 3, 75, 0,[ 10, 20, 44, 53, 86, 2, 33, 1, 29, 67, 14, 50, 80, 36, 82, 26, 17, 99, 4, 85]],

[ 59, 75, 0,[ 22, 1]],

[ 1, 75, 0,[ 49, 18, 12, 96, 70, 28, 89, 47, 86, 3, 0, 97, 2, 15, 16, 64, 24, 32, 9, 59, 27, 23, 30, 46, 5, 6, 69, 88, 44, 22, 10, 21, 55, 68, 35, 43]],

[ 58, 75, 0,[ 10, 35]],

[ 24, 75, 0,[ 0, 1]],

[ 90, 75, 0,[ 6, 16]],

[ 39, 75, 0,[ 34, 21]],

[ 70, 75, 0,[ 1, 11]],

[ 38, 75, 0,[ 12, 51, 50, 35, 42, 40, 52, 45]],

[ 2, 75, 0,[ 95, 85, 56, 81, 27, 0, 79, 5, 51, 11, 14, 22, 3, 28, 92, 42, 25, 91, 19, 75, 13, 20, 61, 87, 8, 1, 7, 60, 41]],

[ 82, 75, 0,[ 3, 5]],

[ 26, 75, 0,[ 3, 13]],

[ 52, 75, 0,[ 38, 32, 76, 94]],

[ 65, 75, 0,[ 6, 5]],

[ 64, 75, 0,[ 17, 1]],

[ 33, 5, 1,[ 25, 3]],

[ 20, 75, 0,[ 3, 79, 53, 2]],

[ 51, 75, 0,[ 38, 2]],

[ 68, 75, 0,[ 46, 1]],

[ 35, 75, 0,[ 98, 58, 54, 38, 32, 1]],

[ 8, 75, 0,[ 0, 2]],

[ 96, 75, 0,[ 57, 1]],

[ 72, 75, 0,[ 6, 81, 28]],

[ 32, 75, 0,[ 16, 35, 52, 1]],

[ 77, 75, 0,[ 10, 48]],

[ 18, 75, 0,[ 1, 41, 0]],

[ 42, 75, 0,[ 2, 38]],

[ 74, 65, 1,[ 13, 11]],

[ 53, 75, 0,[ 20, 3, 62]],

[ 92, 5, 1,[ 2, 54]],

[ 12, 75, 0,[ 0, 63, 29, 38, 1]],

[ 83, 75, 0,[ 46, 5]],

[ 73, 75, 0,[ 11, 28]],

[ 55, 75, 0,[ 16, 1]],

[ 80, 65, 1,[ 5, 3]],

[ 54, 75, 0,[ 87, 75, 91, 21, 92, 35]],

[ 89, 75, 0,[ 1, 9]],

[ 63, 75, 0,[ 12, 10]],

[ 67, 75, 0,[ 3, 36]],

[ 98, 75, 0,[ 5, 35]],

[ 36, 75, 0,[ 67, 3, 0]],

[ 99, 75, 0,[ 0, 3]],

[ 6, 75, 0,[ 95, 16, 65, 90, 1, 72, 0]],

[ 95, 35, 1,[ 2, 6]],

[ 76, 55, 1,[ 52, 0]],

[ 48, 75, 0,[ 29, 5, 77]],

[ 57, 75, 0,[ 10, 30, 96]],

[ 69, 75, 0,[ 30, 1]],

[ 7, 75, 0,[ 19, 2, 31, 0]],

[ 9, 75, 0,[ 89, 1, 0]],

[ 81, 75, 0,[ 72, 2]],

[ 30, 75, 0,[ 69, 1, 57, 0]],

[ 29, 75, 0,[ 12, 48, 3]],

[ 86, 75, 0,[ 3, 1]],

[ 22, 75, 0,[ 1, 2, 59, 37]],

[ 23, 75, 0,[ 11, 1]],

[ 16, 75, 0,[ 84, 90, 55, 6, 32, 1]],

[ 84, 75, 0,[ 10, 16]],

[ 14, 75, 0,[ 3, 2, 60]],

[ 62, 75, 0,[ 53, 0]],

[ 47, 75, 1,[ 1, 5]],

[ 28, 75, 0,[ 1, 66, 2, 72, 34, 73]],

[ 88, 75, 0,[ 93, 11, 1]],

[ 45, 75, 0,[ 37, 38]],

[ 66, 75, 0,[ 28, 0]],

[ 91, 75, 0,[ 54, 2]],

[ 49, 75, 0,[ 5, 1]],

[ 87, 45, 1,[ 2, 54]],

[ 44, 75, 0,[ 1, 3]],

