[ 56, 95, 0,[ 5, 2]],

[ 91, 95, 0,[ 2, 54]],

[ 53, 75, 0,[ 20, 62, 3]],

[ 26, 95, 0,[ 3, 13]],

[ 71, 5, 0,[ 5, 0]],

[ 62, 75, 0,[ 0, 53]],

[ 45, 35, 0,[ 38, 37]],

[ 35, 5, 0,[ 32, 58, 54, 38, 1, 98]],

[ 19, 95, 0,[ 2, 7]],

[ 49, 25, 0,[ 1, 5]],

[ 4, 95, 0,[ 3, 11, 0, 21]],

[ 94, 15, 0,[ 52, 0]],

[ 93, 95, 0,[ 88, 25]],

[ 21, 95, 0,[ 1, 54, 39, 4]],

[ 65, 85, 0,[ 6, 5]],

[ 74, 95, 0,[ 11, 13]],

[ 44, 75, 0,[ 3, 1]],

[ 40, 35, 0,[ 5, 38]],

[ 47, 25, 0,[ 5, 1]],

[ 76, 15, 0,[ 52, 0]],

[ 20, 75, 0,[ 53, 3, 79, 2]],

[ 80, 5, 0,[ 3, 5]],

[ 22, 95, 0,[ 1, 37, 2, 59]],

[ 75, 95, 0,[ 2, 54]],

[ 59, 25, 0,[ 1, 22]],

[ 36, 75, 0,[ 3, 0, 67]],

[ 55, 25, 0,[ 16, 1]],

[ 9, 25, 0,[ 1, 89, 0]],

[ 46, 25, 0,[ 0, 68, 1, 83]],

[ 2, 95, 1,[ 25, 85, 60, 61, 81, 27, 13, 20, 75, 87, 51, 79, 0, 3, 5, 8, 14, 28, 42, 41, 7, 95, 11, 19, 92, 91, 22, 1, 56]],

[ 10, 55, 1,[ 3, 84, 63, 58, 57, 1, 77]],

[ 25, 95, 0,[ 93, 2, 33, 0]],

[ 68, 25, 0,[ 1, 46]],

[ 13, 95, 0,[ 5, 31, 26, 74, 15, 2]],

[ 17, 25, 0,[ 3, 64, 5]],

[ 31, 95, 0,[ 7, 13]],

[ 1, 25, 1,[ 88, 32, 86, 46, 59, 3, 64, 43, 15, 70, 6, 22, 68, 24, 55, 89, 12, 30, 47, 16, 49, 35, 44, 69, 96, 10, 18, 2, 21, 9, 97, 5, 23, 28, 27, 0]],

[ 15, 95, 0,[ 1, 13]],

[ 81, 95, 0,[ 72, 2]],

[ 92, 95, 0,[ 54, 2]],

[ 6, 85, 1,[ 95, 90, 16, 1, 0, 72, 65]],

[ 78, 95, 0,[ 37, 27]],

[ 57, 25, 0,[ 96, 30, 10]],

[ 33, 95, 0,[ 25, 3]],

[ 60, 95, 0,[ 14, 2]],

[ 0, 15, 1,[ 12, 4, 8, 30, 7, 18, 36, 24, 71, 66, 46, 9, 76, 1, 25, 6, 2, 43, 37, 99, 62, 94]],

[ 28, 95, 0,[ 2, 73, 1, 34, 66, 72]],

[ 51, 35, 0,[ 38, 2]],

[ 52, 15, 0,[ 32, 76, 38, 94]],

[ 41, 95, 0,[ 18, 2]],

[ 38, 35, 1,[ 50, 51, 45, 40, 35, 52, 42, 12]],

[ 16, 5, 1,[ 1, 32, 55, 90, 84, 6]],

[ 89, 25, 0,[ 1, 9]],

[ 18, 95, 0,[ 41, 1, 0]],

[ 23, 25, 0,[ 1, 11]],

[ 79, 95, 0,[ 20, 2]],

[ 30, 25, 0,[ 57, 0, 69, 1]],

[ 69, 25, 0,[ 1, 30]],

[ 84, 5, 0,[ 10, 16]],

[ 67, 75, 0,[ 3, 36]],

[ 3, 75, 1,[ 67, 99, 10, 86, 1, 33, 82, 44, 29, 4, 50, 36, 26, 17, 85, 53, 80, 2, 14, 20]],

[ 14, 95, 0,[ 3, 60, 2]],

[ 43, 25, 0,[ 0, 1, 97]],

[ 29, 55, 0,[ 3, 48, 12]],

[ 8, 95, 0,[ 2, 0]],

[ 50, 75, 0,[ 3, 38]],

[ 85, 75, 0,[ 2, 3]],

[ 97, 25, 0,[ 1, 43]],

[ 5, 5, 1,[ 98, 56, 13, 34, 40, 49, 71, 48, 80, 82, 83, 47, 65, 1, 2, 17]],

[ 7, 95, 0,[ 2, 0, 19, 31]],

[ 82, 75, 0,[ 5, 3]],

[ 83, 5, 0,[ 46, 5]],

[ 48, 55, 0,[ 5, 29, 77]],

[ 34, 95, 0,[ 39, 28, 5]],

[ 27, 95, 0,[ 2, 1, 78]],

[ 66, 15, 0,[ 28, 0]],

[ 99, 15, 0,[ 3, 0]],

[ 95, 85, 0,[ 6, 2]],

[ 54, 95, 0,[ 91, 87, 92, 75, 21, 35]],

[ 11, 95, 1,[ 70, 2, 88, 73, 23, 4, 74]],

[ 77, 55, 0,[ 48, 10]],

[ 90, 85, 0,[ 6, 16]],

[ 24, 25, 0,[ 1, 0]],

[ 86, 75, 0,[ 1, 3]],

[ 70, 25, 0,[ 11, 1]],

[ 39, 95, 0,[ 34, 21]],

[ 73, 95, 0,[ 28, 11]],

[ 32, 5, 0,[ 16, 35, 1, 52]],

[ 37, 95, 0,[ 78, 61, 0, 22, 45]],

[ 58, 55, 0,[ 10, 35]],

[ 88, 95, 0,[ 1, 93, 11]],

[ 64, 25, 0,[ 1, 17]],

[ 42, 95, 0,[ 2, 38]],

[ 87, 95, 0,[ 54, 2]],

[ 72, 95, 0,[ 28, 81, 6]],

[ 98, 5, 0,[ 5, 35]],

[ 12, 55, 0,[ 38, 1, 63, 0, 29]],

[ 63, 55, 0,[ 10, 12]],

[ 61, 95, 0,[ 2, 37]],

[ 96, 25, 0,[ 1, 57]],

