[ 26, 15, 0,[ 3, 13]],

[ 80, 15, 0,[ 3, 5]],

[ 41, 15, 0,[ 2, 18]],

[ 77, 15, 0,[ 10, 48]],

[ 10, 15, 0,[ 57, 77, 84, 1, 3, 63, 58]],

[ 54, 15, 0,[ 87, 75, 91, 92, 35, 21]],

[ 11, 15, 0,[ 70, 74, 2, 23, 88, 73, 4]],

[ 70, 95, 1,[ 11, 1]],

[ 4, 15, 0,[ 0, 11, 3, 21]],

[ 33, 15, 0,[ 25, 3]],

[ 81, 15, 0,[ 72, 2]],

[ 48, 15, 0,[ 77, 29, 5]],

[ 42, 15, 0,[ 38, 2]],

[ 82, 15, 0,[ 3, 5]],

[ 34, 15, 0,[ 5, 28, 39]],

[ 91, 15, 0,[ 54, 2]],

[ 60, 5, 1,[ 14, 2]],

[ 83, 15, 0,[ 5, 46]],

[ 28, 15, 0,[ 1, 66, 73, 2, 72, 34]],

[ 35, 15, 0,[ 58, 32, 1, 98, 38, 54]],

[ 1, 15, 0,[ 96, 3, 27, 24, 69, 15, 35, 18, 32, 30, 21, 68, 44, 23, 47, 70, 22, 0, 86, 89, 55, 49, 6, 12, 43, 16, 5, 97, 10, 28, 46, 88, 9, 59, 2, 64]],

[ 62, 15, 0,[ 0, 53]],

[ 75, 15, 0,[ 54, 2]],

[ 84, 15, 0,[ 10, 16]],

[ 2, 15, 0,[ 56, 7, 79, 85, 22, 1, 14, 81, 95, 0, 41, 27, 61, 3, 5, 75, 42, 60, 51, 92, 19, 25, 91, 28, 8, 11, 20, 87, 13]],

[ 49, 15, 0,[ 5, 1]],

[ 46, 15, 0,[ 68, 83, 0, 1]],

[ 53, 15, 0,[ 20, 62, 3]],

[ 21, 15, 0,[ 1, 4, 39, 54]],

[ 39, 15, 0,[ 34, 21]],

[ 19, 15, 0,[ 7, 2]],

[ 45, 15, 0,[ 37, 38]],

[ 63, 15, 0,[ 12, 10]],

[ 9, 15, 0,[ 89, 1, 0]],

[ 5, 15, 0,[ 17, 1, 80, 49, 56, 48, 82, 71, 13, 47, 34, 98, 65, 2, 40, 83]],

[ 16, 15, 0,[ 84, 1, 6, 90, 32, 55]],

[ 58, 85, 1,[ 10, 35]],

[ 88, 15, 0,[ 11, 93, 1]],

[ 40, 15, 0,[ 38, 5]],

[ 59, 15, 0,[ 22, 1]],

[ 66, 15, 0,[ 0, 28]],

[ 17, 15, 0,[ 64, 3, 5]],

[ 76, 15, 0,[ 52, 0]],

[ 36, 15, 0,[ 0, 3, 67]],

[ 44, 85, 1,[ 1, 3]],

[ 99, 15, 0,[ 3, 0]],

[ 73, 15, 0,[ 11, 28]],

[ 87, 15, 0,[ 2, 54]],

[ 43, 15, 0,[ 0, 1, 97]],

[ 56, 15, 0,[ 2, 5]],

[ 12, 15, 0,[ 38, 1, 0, 63, 29]],

[ 15, 75, 1,[ 1, 13]],

[ 94, 15, 0,[ 52, 0]],

[ 78, 15, 0,[ 37, 27]],

[ 92, 15, 0,[ 54, 2]],

[ 68, 85, 1,[ 46, 1]],

[ 61, 15, 0,[ 37, 2]],

[ 74, 15, 0,[ 11, 13]],

[ 32, 15, 0,[ 35, 16, 52, 1]],

[ 69, 15, 0,[ 30, 1]],

[ 90, 15, 0,[ 6, 16]],

[ 22, 15, 0,[ 1, 37, 59, 2]],

[ 97, 15, 0,[ 43, 1]],

[ 72, 15, 0,[ 28, 81, 6]],

[ 47, 15, 0,[ 1, 5]],

[ 23, 15, 0,[ 11, 1]],

[ 20, 15, 0,[ 2, 79, 53, 3]],

[ 3, 15, 0,[ 99, 82, 20, 44, 67, 36, 14, 1, 85, 33, 10, 53, 26, 80, 17, 29, 4, 2, 86, 50]],

[ 25, 15, 0,[ 33, 93, 2, 0]],

[ 98, 55, 1,[ 5, 35]],

[ 0, 15, 0,[ 8, 30, 94, 18, 71, 36, 2, 7, 76, 6, 9, 1, 37, 24, 62, 99, 46, 4, 43, 12, 25, 66]],

[ 71, 15, 0,[ 5, 0]],

[ 64, 15, 0,[ 17, 1]],

[ 30, 15, 0,[ 57, 69, 1, 0]],

[ 37, 15, 0,[ 22, 45, 0, 78, 61]],

[ 31, 15, 0,[ 13, 7]],

[ 55, 15, 0,[ 16, 1]],

[ 95, 35, 1,[ 2, 6]],

[ 6, 15, 0,[ 90, 72, 65, 0, 95, 16, 1]],

[ 96, 25, 1,[ 1, 57]],

[ 86, 15, 0,[ 1, 3]],

[ 79, 5, 1,[ 20, 2]],

[ 14, 15, 0,[ 60, 2, 3]],

[ 89, 15, 0,[ 9, 1]],

[ 67, 15, 0,[ 3, 36]],

[ 27, 15, 0,[ 78, 2, 1]],

[ 18, 15, 0,[ 0, 41, 1]],

[ 65, 15, 0,[ 6, 5]],

[ 29, 15, 0,[ 3, 12, 48]],

[ 51, 15, 0,[ 38, 2]],

[ 7, 15, 0,[ 19, 2, 0, 31]],

[ 38, 15, 0,[ 40, 45, 42, 51, 12, 35, 52, 50]],

[ 85, 15, 0,[ 2, 3]],

[ 93, 15, 0,[ 88, 25]],

[ 13, 15, 0,[ 15, 31, 26, 2, 5, 74]],

[ 52, 15, 0,[ 94, 76, 38, 32]],

[ 50, 15, 0,[ 3, 38]],

[ 57, 15, 0,[ 10, 96, 30]],

[ 8, 15, 0,[ 0, 2]],

[ 24, 15, 0,[ 0, 1]],

