[ 79, 55, 0,[ 20, 2]],

[ 12, 55, 0,[ 1, 0, 38, 29, 63]],

[ 51, 55, 0,[ 2, 38]],

[ 6, 55, 0,[ 1, 90, 0, 95, 65, 72, 16]],

[ 20, 55, 0,[ 3, 2, 53, 79]],

[ 87, 55, 0,[ 2, 54]],

[ 78, 15, 1,[ 27, 37]],

[ 70, 55, 0,[ 1, 11]],

[ 43, 55, 0,[ 97, 0, 1]],

[ 64, 55, 0,[ 1, 17]],

[ 13, 55, 0,[ 26, 74, 31, 2, 15, 5]],

[ 1, 55, 0,[ 2, 16, 18, 0, 49, 10, 47, 68, 12, 96, 97, 22, 28, 86, 21, 3, 89, 44, 9, 24, 43, 15, 64, 70, 35, 59, 5, 27, 30, 46, 6, 69, 55, 88, 23, 32]],

[ 44, 55, 0,[ 3, 1]],

[ 34, 55, 0,[ 28, 39, 5]],

[ 46, 55, 0,[ 1, 0, 83, 68]],

[ 76, 55, 0,[ 52, 0]],

[ 42, 55, 0,[ 2, 38]],

[ 96, 55, 0,[ 57, 1]],

[ 47, 55, 0,[ 5, 1]],

[ 10, 55, 0,[ 63, 1, 57, 58, 3, 77, 84]],

[ 28, 55, 0,[ 73, 2, 34, 66, 1, 72]],

[ 50, 55, 0,[ 3, 38]],

[ 72, 55, 0,[ 28, 6, 81]],

[ 39, 55, 0,[ 21, 34]],

[ 29, 55, 0,[ 3, 48, 12]],

[ 0, 55, 0,[ 1, 4, 99, 24, 46, 66, 18, 2, 36, 8, 94, 62, 12, 25, 37, 6, 7, 71, 76, 43, 30, 9]],

[ 18, 55, 0,[ 41, 1, 0]],

[ 25, 55, 0,[ 33, 2, 0, 93]],

[ 16, 55, 0,[ 90, 55, 84, 1, 32, 6]],

[ 23, 55, 0,[ 1, 11]],

[ 3, 55, 0,[ 29, 10, 80, 14, 82, 67, 2, 53, 85, 17, 33, 20, 86, 36, 44, 1, 99, 4, 50, 26]],

[ 69, 55, 0,[ 1, 30]],

[ 15, 55, 0,[ 1, 13]],

[ 67, 55, 0,[ 3, 36]],

[ 60, 55, 0,[ 2, 14]],

[ 17, 55, 0,[ 64, 3, 5]],

[ 83, 55, 0,[ 5, 46]],

[ 81, 55, 0,[ 2, 72]],

[ 56, 55, 0,[ 5, 2]],

[ 32, 55, 0,[ 52, 16, 35, 1]],

[ 49, 55, 0,[ 1, 5]],

[ 80, 55, 0,[ 5, 3]],

[ 48, 55, 0,[ 5, 77, 29]],

[ 89, 65, 1,[ 1, 9]],

[ 65, 55, 0,[ 5, 6]],

[ 27, 55, 0,[ 78, 1, 2]],

[ 55, 25, 1,[ 16, 1]],

[ 66, 55, 0,[ 0, 28]],

[ 31, 15, 1,[ 7, 13]],

[ 2, 55, 0,[ 87, 61, 41, 25, 27, 28, 81, 8, 3, 51, 13, 7, 85, 14, 11, 5, 79, 22, 56, 91, 19, 20, 1, 92, 60, 75, 42, 95, 0]],

[ 91, 55, 0,[ 2, 54]],

[ 41, 55, 0,[ 2, 18]],

[ 86, 55, 0,[ 1, 3]],

[ 62, 55, 0,[ 0, 53]],

[ 35, 55, 0,[ 38, 32, 54, 1, 58, 98]],

[ 24, 55, 0,[ 1, 0]],

[ 33, 55, 0,[ 3, 25]],

[ 8, 55, 0,[ 0, 2]],

[ 82, 55, 0,[ 3, 5]],

[ 85, 55, 0,[ 2, 3]],

[ 92, 25, 1,[ 2, 54]],

[ 84, 55, 0,[ 16, 10]],

[ 75, 55, 0,[ 2, 54]],

[ 57, 55, 0,[ 10, 30, 96]],

[ 37, 55, 0,[ 61, 0, 45, 22, 78]],

[ 74, 55, 0,[ 13, 11]],

[ 98, 55, 0,[ 35, 5]],

[ 38, 55, 0,[ 45, 42, 51, 35, 40, 52, 50, 12]],

[ 94, 55, 0,[ 52, 0]],

[ 4, 55, 0,[ 21, 3, 0, 11]],

[ 52, 55, 0,[ 76, 32, 94, 38]],

[ 99, 55, 0,[ 3, 0]],

[ 5, 55, 0,[ 83, 80, 2, 98, 71, 49, 82, 17, 65, 1, 48, 40, 47, 13, 56, 34]],

[ 7, 55, 0,[ 19, 2, 31, 0]],

[ 73, 55, 0,[ 11, 28]],

[ 58, 25, 1,[ 35, 10]],

[ 53, 55, 0,[ 3, 20, 62]],

[ 40, 35, 1,[ 38, 5]],

[ 93, 55, 1,[ 25, 88]],

[ 21, 55, 0,[ 39, 54, 4, 1]],

[ 90, 55, 0,[ 6, 16]],

[ 88, 55, 0,[ 11, 1, 93]],

[ 54, 55, 0,[ 91, 35, 87, 92, 21, 75]],

[ 19, 55, 0,[ 7, 2]],

[ 95, 75, 1,[ 2, 6]],

[ 22, 55, 0,[ 1, 59, 2, 37]],

[ 68, 55, 0,[ 46, 1]],

[ 63, 55, 0,[ 10, 12]],

[ 45, 35, 1,[ 38, 37]],

[ 77, 55, 0,[ 10, 48]],

[ 36, 55, 0,[ 0, 67, 3]],

[ 71, 55, 0,[ 0, 5]],

[ 26, 55, 0,[ 3, 13]],

[ 30, 55, 0,[ 0, 57, 1, 69]],

[ 59, 55, 0,[ 22, 1]],

[ 61, 55, 0,[ 37, 2]],

[ 97, 55, 0,[ 43, 1]],

[ 14, 55, 0,[ 3, 2, 60]],

[ 11, 55, 0,[ 4, 23, 74, 2, 73, 70, 88]],

[ 9, 55, 0,[ 1, 89, 0]],

