[ 10, 75, 1,[ 3, 84, 77, 63, 57, 58, 1]],

[ 90, 5, 0,[ 16, 6]],

[ 17, 5, 1,[ 3, 64, 5]],

[ 85, 45, 0,[ 3, 2]],

[ 12, 65, 1,[ 63, 38, 0, 1, 29]],

[ 3, 75, 1,[ 86, 2, 67, 36, 29, 4, 53, 85, 26, 10, 17, 33, 80, 82, 50, 99, 14, 20, 44, 1]],

[ 0, 35, 1,[ 8, 12, 18, 24, 9, 94, 30, 43, 25, 7, 76, 36, 62, 46, 66, 4, 1, 2, 99, 6, 71, 37]],

[ 33, 85, 1,[ 3, 25]],

[ 67, 95, 0,[ 3, 36]],

[ 32, 55, 1,[ 16, 52, 1, 35]],

[ 92, 55, 0,[ 2, 54]],

[ 9, 95, 1,[ 1, 0, 89]],

[ 38, 85, 1,[ 40, 52, 50, 12, 35, 45, 42, 51]],

[ 35, 45, 1,[ 58, 38, 1, 98, 32, 54]],

[ 94, 65, 1,[ 52, 0]],

[ 4, 85, 1,[ 21, 0, 3, 11]],

[ 76, 85, 0,[ 0, 52]],

[ 15, 75, 0,[ 1, 13]],

[ 83, 55, 1,[ 46, 5]],

[ 19, 25, 0,[ 2, 7]],

[ 18, 65, 1,[ 41, 1, 0]],

[ 56, 35, 0,[ 5, 2]],

[ 41, 25, 0,[ 18, 2]],

[ 58, 35, 0,[ 35, 10]],

[ 74, 95, 0,[ 11, 13]],

[ 82, 35, 0,[ 3, 5]],

[ 5, 65, 1,[ 71, 40, 2, 80, 34, 83, 56, 49, 82, 48, 65, 47, 1, 98, 17, 13]],

[ 37, 65, 1,[ 45, 22, 0, 78, 61]],

[ 25, 75, 1,[ 93, 33, 0, 2]],

[ 51, 85, 0,[ 2, 38]],

[ 40, 85, 0,[ 38, 5]],

[ 8, 95, 1,[ 2, 0]],

[ 2, 85, 1,[ 51, 11, 5, 75, 19, 42, 95, 25, 85, 41, 60, 20, 27, 7, 81, 61, 14, 79, 13, 3, 1, 28, 91, 0, 87, 22, 8, 56, 92]],

[ 75, 45, 0,[ 54, 2]],

[ 20, 85, 1,[ 3, 2, 79, 53]],

[ 45, 65, 0,[ 37, 38]],

[ 47, 5, 0,[ 1, 5]],

[ 50, 5, 0,[ 38, 3]],

[ 21, 95, 1,[ 39, 54, 1, 4]],

[ 43, 75, 1,[ 97, 1, 0]],

[ 62, 45, 0,[ 53, 0]],

[ 26, 15, 0,[ 13, 3]],

[ 87, 25, 0,[ 54, 2]],

[ 22, 65, 1,[ 2, 59, 37, 1]],

[ 1, 45, 1,[ 43, 10, 69, 86, 47, 30, 59, 24, 49, 2, 46, 23, 9, 44, 28, 97, 27, 32, 15, 88, 96, 21, 16, 35, 12, 5, 68, 6, 89, 64, 70, 0, 18, 22, 55, 3]],

[ 60, 65, 0,[ 14, 2]],

[ 11, 85, 1,[ 70, 88, 73, 74, 2, 4, 23]],

[ 79, 85, 0,[ 2, 20]],

[ 66, 35, 0,[ 0, 28]],

[ 65, 25, 1,[ 5, 6]],

[ 78, 35, 0,[ 27, 37]],

[ 46, 55, 1,[ 0, 1, 68, 83]],

[ 28, 95, 1,[ 2, 72, 73, 1, 34, 66]],

[ 64, 75, 1,[ 17, 1]],

[ 36, 15, 1,[ 3, 0, 67]],

[ 98, 5, 0,[ 35, 5]],

[ 14, 5, 1,[ 2, 3, 60]],

[ 86, 65, 0,[ 1, 3]],

[ 89, 95, 0,[ 9, 1]],

[ 54, 35, 1,[ 75, 35, 21, 92, 91, 87]],

[ 53, 55, 1,[ 3, 20, 62]],

[ 72, 65, 1,[ 6, 81, 28]],

[ 30, 35, 1,[ 69, 0, 1, 57]],

[ 88, 5, 1,[ 1, 11, 93]],

[ 95, 5, 0,[ 6, 2]],

[ 99, 55, 0,[ 0, 3]],

[ 68, 95, 0,[ 46, 1]],

[ 55, 95, 0,[ 1, 16]],

[ 49, 55, 0,[ 1, 5]],

[ 96, 65, 0,[ 57, 1]],

[ 80, 55, 0,[ 3, 5]],

[ 63, 5, 0,[ 10, 12]],

[ 71, 5, 0,[ 0, 5]],

[ 31, 85, 0,[ 13, 7]],

[ 70, 15, 0,[ 1, 11]],

[ 59, 95, 0,[ 22, 1]],

[ 91, 65, 1,[ 2, 54]],

[ 42, 85, 0,[ 38, 2]],

[ 81, 85, 1,[ 72, 2]],

[ 77, 5, 0,[ 48, 10]],

[ 13, 5, 1,[ 15, 5, 31, 26, 74, 2]],

[ 29, 65, 1,[ 3, 48, 12]],

[ 27, 85, 1,[ 2, 78, 1]],

[ 57, 65, 1,[ 96, 30, 10]],

[ 69, 35, 0,[ 30, 1]],

[ 61, 65, 1,[ 2, 37]],

[ 6, 95, 1,[ 72, 1, 16, 65, 0, 95, 90]],

[ 84, 95, 0,[ 10, 16]],

[ 44, 75, 1,[ 1, 3]],

[ 23, 95, 0,[ 11, 1]],

[ 39, 25, 0,[ 21, 34]],

[ 34, 45, 1,[ 5, 39, 28]],

[ 7, 55, 1,[ 0, 19, 31, 2]],

[ 73, 5, 0,[ 28, 11]],

[ 48, 5, 1,[ 29, 5, 77]],

[ 97, 5, 0,[ 1, 43]],

[ 93, 15, 0,[ 88, 25]],

[ 52, 65, 1,[ 76, 32, 38, 94]],

[ 24, 25, 0,[ 1, 0]],

[ 16, 15, 1,[ 32, 1, 6, 90, 84, 55]],

