[ 14, 25, 0,[ 2, 3, 60]],

[ 20, 25, 0,[ 2, 53, 3, 79]],

[ 13, 25, 0,[ 15, 74, 26, 31, 2, 5]],

[ 40, 15, 0,[ 5, 38]],

[ 70, 55, 0,[ 1, 11]],

[ 86, 25, 0,[ 3, 1]],

[ 96, 45, 0,[ 57, 1]],

[ 27, 25, 0,[ 1, 78, 2]],

[ 15, 25, 0,[ 13, 1]],

[ 61, 25, 0,[ 37, 2]],

[ 90, 5, 0,[ 16, 6]],

[ 79, 25, 0,[ 2, 20]],

[ 34, 5, 0,[ 5, 28, 39]],

[ 57, 15, 0,[ 30, 10, 96]],

[ 71, 55, 0,[ 0, 5]],

[ 0, 5, 1,[ 99, 46, 71, 4, 30, 76, 37, 94, 62, 25, 2, 36, 66, 6, 43, 24, 1, 8, 9, 18, 12, 7]],

[ 87, 25, 0,[ 2, 54]],

[ 39, 55, 0,[ 34, 21]],

[ 49, 65, 0,[ 5, 1]],

[ 82, 85, 0,[ 3, 5]],

[ 30, 55, 0,[ 0, 57, 69, 1]],

[ 63, 5, 0,[ 12, 10]],

[ 46, 55, 0,[ 0, 68, 1, 83]],

[ 77, 5, 0,[ 10, 48]],

[ 29, 35, 0,[ 3, 12, 48]],

[ 91, 25, 0,[ 54, 2]],

[ 35, 25, 0,[ 32, 1, 58, 54, 98, 38]],

[ 73, 95, 0,[ 28, 11]],

[ 89, 5, 0,[ 1, 9]],

[ 7, 25, 0,[ 31, 0, 2, 19]],

[ 88, 25, 0,[ 1, 93, 11]],

[ 47, 55, 0,[ 1, 5]],

[ 93, 15, 0,[ 88, 25]],

[ 33, 15, 0,[ 25, 3]],

[ 81, 55, 0,[ 72, 2]],

[ 66, 55, 0,[ 0, 28]],

[ 11, 75, 1,[ 73, 88, 23, 70, 74, 4, 2]],

[ 54, 25, 0,[ 91, 87, 75, 92, 35, 21]],

[ 9, 5, 0,[ 0, 89, 1]],

[ 94, 15, 0,[ 52, 0]],

[ 83, 55, 0,[ 46, 5]],

[ 52, 15, 0,[ 94, 32, 38, 76]],

[ 64, 95, 0,[ 17, 1]],

[ 51, 75, 0,[ 2, 38]],

[ 36, 95, 0,[ 3, 67, 0]],

[ 62, 35, 0,[ 0, 53]],

[ 98, 75, 0,[ 5, 35]],

[ 55, 55, 0,[ 1, 16]],

[ 44, 25, 0,[ 1, 3]],

[ 60, 25, 0,[ 14, 2]],

[ 53, 25, 0,[ 3, 20, 62]],

[ 67, 85, 0,[ 36, 3]],

[ 99, 45, 0,[ 0, 3]],

[ 43, 5, 0,[ 1, 97, 0]],

[ 92, 25, 0,[ 2, 54]],

[ 3, 25, 1,[ 99, 26, 2, 36, 53, 80, 44, 82, 33, 17, 20, 29, 67, 85, 4, 1, 86, 10, 50, 14]],

[ 26, 25, 0,[ 13, 3]],

[ 95, 45, 0,[ 6, 2]],

[ 25, 15, 0,[ 33, 0, 2, 93]],

[ 78, 25, 0,[ 27, 37]],

[ 32, 25, 0,[ 16, 1, 52, 35]],

[ 59, 25, 0,[ 1, 22]],

[ 97, 5, 0,[ 43, 1]],

[ 37, 25, 0,[ 78, 0, 45, 22, 61]],

[ 18, 85, 0,[ 0, 1, 41]],

[ 68, 55, 0,[ 1, 46]],

[ 69, 95, 0,[ 30, 1]],

[ 21, 25, 0,[ 4, 39, 1, 54]],

[ 2, 25, 1,[ 5, 41, 13, 1, 0, 7, 81, 42, 8, 87, 91, 28, 60, 79, 19, 61, 25, 22, 11, 95, 20, 85, 14, 92, 27, 56, 3, 51, 75]],

[ 5, 15, 1,[ 65, 40, 1, 98, 34, 71, 47, 56, 82, 13, 2, 49, 48, 17, 83, 80]],

[ 4, 25, 0,[ 0, 3, 11, 21]],

[ 74, 25, 0,[ 13, 11]],

[ 58, 85, 0,[ 35, 10]],

[ 72, 65, 0,[ 81, 6, 28]],

[ 76, 25, 0,[ 52, 0]],

[ 10, 5, 1,[ 63, 77, 84, 58, 1, 3, 57]],

[ 56, 95, 0,[ 2, 5]],

[ 23, 5, 0,[ 11, 1]],

[ 16, 5, 1,[ 90, 55, 32, 1, 6, 84]],

[ 45, 25, 0,[ 38, 37]],

[ 42, 45, 0,[ 2, 38]],

[ 65, 85, 0,[ 5, 6]],

[ 17, 5, 0,[ 5, 3, 64]],

[ 31, 25, 0,[ 13, 7]],

[ 84, 5, 0,[ 16, 10]],

[ 22, 25, 0,[ 37, 59, 1, 2]],

[ 48, 55, 0,[ 77, 5, 29]],

[ 6, 95, 1,[ 95, 16, 65, 1, 0, 90, 72]],

[ 19, 25, 0,[ 2, 7]],

[ 85, 25, 0,[ 2, 3]],

[ 50, 25, 0,[ 3, 38]],

[ 28, 25, 0,[ 2, 72, 66, 73, 1, 34]],

[ 41, 55, 0,[ 18, 2]],

[ 75, 25, 0,[ 2, 54]],

[ 24, 65, 0,[ 1, 0]],

[ 8, 15, 0,[ 2, 0]],

[ 1, 25, 1,[ 12, 70, 18, 16, 89, 47, 23, 59, 46, 96, 69, 97, 30, 27, 35, 5, 6, 24, 86, 44, 0, 3, 28, 32, 68, 10, 9, 49, 55, 43, 2, 88, 21, 22, 64, 15]],

[ 12, 5, 0,[ 38, 1, 0, 63, 29]],

[ 80, 25, 0,[ 3, 5]],

[ 38, 15, 1,[ 42, 52, 35, 51, 12, 45, 50, 40]],

