[ 51, 75, 0,[ 38, 2]],

[ 56, 75, 0,[ 2, 5]],

[ 65, 75, 0,[ 6, 5]],

[ 26, 85, 1,[ 13, 3]],

[ 66, 75, 0,[ 28, 0]],

[ 23, 45, 1,[ 11, 1]],

[ 76, 15, 1,[ 0, 52]],

[ 30, 75, 0,[ 0, 69, 1, 57]],

[ 21, 75, 0,[ 54, 1, 4, 39]],

[ 57, 75, 0,[ 96, 10, 30]],

[ 12, 75, 0,[ 1, 38, 63, 0, 29]],

[ 94, 75, 0,[ 52, 0]],

[ 45, 75, 0,[ 38, 37]],

[ 98, 75, 0,[ 35, 5]],

[ 91, 75, 0,[ 54, 2]],

[ 61, 75, 0,[ 2, 37]],

[ 17, 75, 0,[ 5, 3, 64]],

[ 74, 75, 0,[ 11, 13]],

[ 7, 75, 0,[ 31, 19, 0, 2]],

[ 68, 75, 0,[ 46, 1]],

[ 0, 75, 0,[ 9, 8, 76, 2, 36, 1, 4, 25, 24, 43, 18, 71, 12, 99, 7, 46, 62, 66, 30, 37, 6, 94]],

[ 18, 75, 0,[ 41, 1, 0]],

[ 44, 35, 1,[ 3, 1]],

[ 81, 95, 1,[ 2, 72]],

[ 35, 75, 0,[ 58, 1, 32, 38, 54, 98]],

[ 99, 75, 0,[ 3, 0]],

[ 11, 75, 0,[ 74, 23, 4, 2, 73, 88, 70]],

[ 37, 75, 0,[ 45, 61, 22, 0, 78]],

[ 75, 75, 0,[ 2, 54]],

[ 5, 75, 0,[ 80, 13, 49, 40, 1, 71, 34, 65, 2, 82, 83, 17, 48, 47, 56, 98]],

[ 27, 75, 0,[ 1, 2, 78]],

[ 1, 75, 0,[ 16, 47, 24, 43, 49, 6, 32, 12, 35, 21, 88, 46, 10, 96, 18, 2, 64, 86, 68, 23, 5, 28, 15, 70, 9, 3, 30, 22, 89, 59, 69, 55, 44, 0, 97, 27]],

[ 86, 55, 1,[ 1, 3]],

[ 60, 75, 0,[ 14, 2]],

[ 89, 5, 1,[ 9, 1]],

[ 36, 75, 0,[ 3, 0, 67]],

[ 19, 75, 0,[ 7, 2]],

[ 20, 75, 0,[ 2, 53, 79, 3]],

[ 55, 75, 0,[ 1, 16]],

[ 96, 85, 1,[ 1, 57]],

[ 6, 75, 0,[ 72, 1, 16, 95, 90, 65, 0]],

[ 48, 75, 0,[ 29, 77, 5]],

[ 62, 75, 0,[ 0, 53]],

[ 50, 75, 0,[ 3, 38]],

[ 41, 75, 0,[ 18, 2]],

[ 63, 75, 0,[ 10, 12]],

[ 22, 75, 0,[ 37, 59, 2, 1]],

[ 69, 75, 0,[ 30, 1]],

[ 43, 75, 0,[ 97, 1, 0]],

[ 52, 75, 0,[ 32, 94, 76, 38]],

[ 25, 75, 0,[ 33, 2, 0, 93]],

[ 16, 75, 0,[ 32, 55, 90, 6, 84, 1]],

[ 90, 75, 0,[ 6, 16]],

[ 93, 75, 0,[ 88, 25]],

[ 31, 75, 0,[ 7, 13]],

[ 82, 75, 0,[ 5, 3]],

[ 79, 75, 0,[ 20, 2]],

[ 64, 75, 0,[ 1, 17]],

[ 14, 75, 0,[ 3, 2, 60]],

[ 72, 75, 0,[ 81, 28, 6]],

[ 83, 25, 1,[ 5, 46]],

[ 77, 75, 0,[ 48, 10]],

[ 67, 75, 0,[ 36, 3]],

[ 29, 75, 0,[ 12, 3, 48]],

[ 38, 75, 0,[ 45, 51, 52, 42, 12, 40, 35, 50]],

[ 88, 75, 0,[ 1, 11, 93]],

[ 84, 75, 0,[ 10, 16]],

[ 70, 75, 0,[ 11, 1]],

[ 9, 75, 0,[ 0, 1, 89]],

[ 40, 75, 0,[ 5, 38]],

[ 47, 75, 0,[ 5, 1]],

[ 87, 75, 0,[ 2, 54]],

[ 46, 75, 0,[ 1, 0, 83, 68]],

[ 92, 75, 0,[ 54, 2]],

[ 3, 75, 0,[ 85, 29, 67, 10, 53, 99, 20, 26, 4, 36, 82, 2, 33, 14, 44, 80, 50, 17, 86, 1]],

[ 8, 75, 0,[ 0, 2]],

[ 59, 75, 0,[ 1, 22]],

[ 2, 75, 0,[ 95, 7, 61, 41, 79, 51, 1, 0, 19, 56, 8, 20, 3, 60, 22, 75, 92, 85, 42, 91, 14, 81, 27, 13, 87, 28, 25, 11, 5]],

[ 10, 75, 0,[ 1, 58, 57, 3, 84, 77, 63]],

[ 71, 75, 0,[ 5, 0]],

[ 33, 75, 0,[ 3, 25]],

[ 58, 75, 0,[ 35, 10]],

[ 78, 45, 1,[ 27, 37]],

[ 97, 75, 0,[ 1, 43]],

[ 42, 75, 0,[ 38, 2]],

[ 39, 75, 0,[ 34, 21]],

[ 54, 75, 0,[ 75, 87, 21, 91, 92, 35]],

[ 95, 75, 0,[ 6, 2]],

[ 28, 75, 0,[ 1, 34, 73, 66, 2, 72]],

[ 32, 75, 0,[ 1, 35, 52, 16]],

[ 15, 75, 0,[ 13, 1]],

[ 85, 75, 0,[ 2, 3]],

[ 49, 75, 0,[ 1, 5]],

[ 34, 75, 0,[ 28, 39, 5]],

[ 80, 75, 0,[ 3, 5]],

[ 4, 75, 0,[ 3, 0, 11, 21]],

[ 24, 75, 0,[ 0, 1]],

[ 53, 75, 0,[ 62, 3, 20]],

[ 73, 75, 0,[ 28, 11]],

[ 13, 75, 0,[ 31, 2, 15, 5, 26, 74]],

