[ 34, 95, 0,[ 5, 39, 28]],

[ 24, 45, 1,[ 1, 0]],

[ 7, 95, 0,[ 31, 19, 0, 2]],

[ 48, 95, 0,[ 5, 77, 29]],

[ 14, 95, 0,[ 3, 60, 2]],

[ 63, 45, 1,[ 10, 12]],

[ 96, 55, 1,[ 57, 1]],

[ 78, 5, 1,[ 27, 37]],

[ 90, 35, 1,[ 16, 6]],

[ 95, 45, 1,[ 6, 2]],

[ 55, 45, 1,[ 16, 1]],

[ 33, 85, 1,[ 25, 3]],

[ 66, 95, 0,[ 28, 0]],

[ 76, 15, 1,[ 52, 0]],

[ 92, 55, 1,[ 2, 54]],

[ 64, 95, 1,[ 1, 17]],

[ 86, 75, 1,[ 1, 3]],

[ 87, 45, 1,[ 54, 2]],

[ 61, 95, 0,[ 2, 37]],

[ 42, 15, 1,[ 38, 2]],

[ 50, 65, 1,[ 38, 3]],

[ 36, 95, 0,[ 3, 0, 67]],

[ 17, 95, 0,[ 64, 3, 5]],

[ 4, 95, 0,[ 11, 0, 21, 3]],

[ 9, 95, 0,[ 1, 0, 89]],

[ 10, 95, 0,[ 1, 57, 63, 77, 84, 3, 58]],

[ 20, 95, 0,[ 53, 79, 2, 3]],

[ 2, 95, 0,[ 0, 5, 56, 27, 25, 7, 19, 92, 13, 87, 91, 79, 22, 1, 95, 28, 51, 11, 3, 75, 60, 41, 81, 20, 8, 85, 61, 14, 42]],

[ 54, 95, 0,[ 35, 91, 75, 87, 92, 21]],

[ 41, 95, 0,[ 2, 18]],

[ 3, 95, 0,[ 80, 2, 85, 86, 29, 26, 14, 17, 53, 4, 67, 44, 1, 36, 50, 10, 33, 99, 82, 20]],

[ 18, 95, 0,[ 0, 41, 1]],

[ 91, 5, 1,[ 54, 2]],

[ 80, 85, 1,[ 3, 5]],

[ 74, 25, 1,[ 13, 11]],

[ 51, 35, 1,[ 38, 2]],

[ 52, 95, 0,[ 38, 94, 32, 76]],

[ 93, 25, 1,[ 88, 25]],

[ 40, 65, 1,[ 5, 38]],

[ 0, 95, 0,[ 25, 62, 7, 1, 24, 76, 99, 71, 30, 18, 36, 46, 2, 94, 43, 66, 6, 8, 9, 4, 37, 12]],

[ 12, 95, 0,[ 29, 38, 63, 0, 1]],

[ 85, 95, 1,[ 2, 3]],

[ 84, 5, 1,[ 16, 10]],

[ 35, 95, 0,[ 98, 58, 38, 32, 54, 1]],

[ 82, 45, 1,[ 5, 3]],

[ 67, 15, 1,[ 36, 3]],

[ 97, 75, 1,[ 43, 1]],

[ 16, 95, 0,[ 6, 55, 32, 90, 84, 1]],

[ 58, 85, 1,[ 35, 10]],

[ 70, 65, 1,[ 11, 1]],

[ 21, 95, 0,[ 1, 4, 54, 39]],

[ 94, 95, 1,[ 52, 0]],

[ 53, 95, 0,[ 3, 20, 62]],

[ 71, 95, 1,[ 5, 0]],

[ 43, 95, 0,[ 97, 0, 1]],

[ 5, 95, 0,[ 98, 47, 40, 34, 65, 49, 82, 80, 13, 48, 1, 71, 83, 17, 2, 56]],

[ 39, 95, 0,[ 21, 34]],

[ 89, 95, 0,[ 9, 1]],

[ 28, 95, 0,[ 2, 1, 73, 72, 34, 66]],

[ 1, 95, 0,[ 9, 30, 49, 15, 2, 24, 47, 70, 97, 89, 5, 32, 10, 46, 96, 68, 55, 59, 86, 18, 28, 27, 43, 23, 64, 0, 44, 12, 16, 22, 35, 3, 6, 69, 88, 21]],

[ 25, 95, 0,[ 2, 93, 33, 0]],

[ 11, 95, 0,[ 4, 70, 88, 74, 2, 73, 23]],

[ 60, 95, 0,[ 14, 2]],

[ 72, 95, 0,[ 81, 28, 6]],

[ 73, 95, 1,[ 28, 11]],

[ 27, 95, 0,[ 1, 2, 78]],

[ 22, 95, 0,[ 59, 2, 37, 1]],

[ 77, 15, 1,[ 48, 10]],

[ 30, 95, 0,[ 0, 57, 69, 1]],

[ 32, 95, 0,[ 16, 1, 52, 35]],

[ 59, 85, 1,[ 22, 1]],

[ 38, 95, 0,[ 45, 52, 50, 40, 51, 42, 12, 35]],

[ 37, 95, 0,[ 45, 61, 22, 0, 78]],

[ 6, 95, 0,[ 0, 72, 65, 1, 16, 90, 95]],

[ 99, 65, 1,[ 3, 0]],

[ 8, 45, 1,[ 0, 2]],

[ 26, 35, 1,[ 13, 3]],

[ 83, 15, 1,[ 5, 46]],

[ 31, 95, 1,[ 13, 7]],

[ 68, 5, 1,[ 1, 46]],

[ 29, 95, 0,[ 48, 3, 12]],

[ 47, 85, 1,[ 5, 1]],

[ 19, 25, 1,[ 2, 7]],

[ 88, 95, 0,[ 1, 93, 11]],

[ 98, 95, 0,[ 35, 5]],

[ 46, 95, 0,[ 0, 68, 83, 1]],

[ 57, 95, 0,[ 10, 30, 96]],

[ 13, 95, 0,[ 31, 26, 74, 2, 15, 5]],

[ 62, 15, 1,[ 53, 0]],

[ 81, 5, 1,[ 2, 72]],

[ 15, 65, 1,[ 1, 13]],

[ 49, 45, 1,[ 1, 5]],

[ 45, 45, 1,[ 37, 38]],

[ 69, 95, 0,[ 1, 30]],

[ 65, 95, 0,[ 5, 6]],

[ 44, 55, 1,[ 1, 3]],

[ 75, 65, 1,[ 2, 54]],

[ 79, 15, 1,[ 2, 20]],

[ 23, 95, 0,[ 11, 1]],

[ 56, 35, 1,[ 5, 2]],

