[ 62, 35, 1,[ 0, 53]],

[ 88, 95, 1,[ 93, 1, 11]],

[ 77, 65, 0,[ 48, 10]],

[ 42, 85, 0,[ 2, 38]],

[ 45, 15, 1,[ 37, 38]],

[ 14, 75, 1,[ 2, 3, 60]],

[ 63, 65, 0,[ 12, 10]],

[ 99, 75, 0,[ 3, 0]],

[ 13, 5, 1,[ 15, 74, 26, 31, 2, 5]],

[ 15, 85, 0,[ 13, 1]],

[ 7, 65, 1,[ 0, 19, 31, 2]],

[ 54, 85, 1,[ 92, 21, 35, 87, 75, 91]],

[ 70, 85, 0,[ 11, 1]],

[ 90, 55, 0,[ 6, 16]],

[ 3, 65, 1,[ 80, 82, 33, 14, 26, 20, 86, 67, 85, 36, 1, 99, 17, 44, 10, 2, 53, 4, 29, 50]],

[ 24, 25, 1,[ 0, 1]],

[ 47, 85, 0,[ 1, 5]],

[ 21, 95, 1,[ 39, 4, 1, 54]],

[ 48, 45, 1,[ 5, 77, 29]],

[ 83, 15, 0,[ 46, 5]],

[ 67, 45, 1,[ 3, 36]],

[ 26, 65, 0,[ 3, 13]],

[ 51, 85, 0,[ 38, 2]],

[ 22, 25, 1,[ 1, 37, 59, 2]],

[ 9, 85, 1,[ 89, 1, 0]],

[ 27, 15, 1,[ 2, 1, 78]],

[ 20, 65, 1,[ 53, 79, 2, 3]],

[ 97, 85, 0,[ 43, 1]],

[ 8, 85, 0,[ 2, 0]],

[ 66, 75, 0,[ 28, 0]],

[ 5, 15, 1,[ 82, 1, 83, 13, 34, 48, 80, 56, 47, 40, 98, 17, 65, 49, 71, 2]],

[ 58, 65, 0,[ 35, 10]],

[ 56, 35, 1,[ 5, 2]],

[ 79, 85, 0,[ 2, 20]],

[ 55, 85, 0,[ 16, 1]],

[ 96, 85, 0,[ 57, 1]],

[ 78, 15, 0,[ 37, 27]],

[ 86, 45, 1,[ 1, 3]],

[ 36, 25, 1,[ 67, 0, 3]],

[ 95, 75, 1,[ 6, 2]],

[ 89, 85, 0,[ 1, 9]],

[ 57, 5, 1,[ 96, 10, 30]],

[ 35, 25, 1,[ 1, 98, 54, 38, 58, 32]],

[ 91, 85, 0,[ 54, 2]],

[ 64, 85, 0,[ 17, 1]],

[ 59, 85, 0,[ 1, 22]],

[ 32, 45, 1,[ 35, 1, 52, 16]],

[ 92, 85, 0,[ 2, 54]],

[ 50, 65, 0,[ 38, 3]],

[ 93, 65, 0,[ 25, 88]],

[ 72, 15, 1,[ 6, 81, 28]],

[ 4, 5, 1,[ 0, 3, 21, 11]],

[ 37, 65, 1,[ 22, 45, 0, 78, 61]],

[ 60, 85, 0,[ 14, 2]],

[ 34, 55, 1,[ 28, 5, 39]],

[ 23, 85, 0,[ 11, 1]],

[ 87, 85, 0,[ 54, 2]],

[ 6, 55, 1,[ 16, 65, 72, 0, 1, 90, 95]],

[ 29, 45, 1,[ 48, 12, 3]],

[ 33, 65, 0,[ 25, 3]],

[ 10, 65, 1,[ 63, 84, 3, 77, 57, 58, 1]],

[ 30, 55, 1,[ 1, 57, 0, 69]],

[ 76, 75, 0,[ 52, 0]],

[ 28, 75, 1,[ 34, 73, 66, 2, 1, 72]],

[ 11, 95, 1,[ 74, 88, 73, 4, 70, 2, 23]],

[ 53, 15, 1,[ 3, 62, 20]],

[ 75, 85, 0,[ 2, 54]],

[ 85, 85, 0,[ 2, 3]],

[ 16, 15, 1,[ 90, 32, 84, 6, 55, 1]],

[ 19, 85, 0,[ 2, 7]],

[ 44, 85, 0,[ 1, 3]],

[ 12, 75, 1,[ 1, 29, 63, 0, 38]],

[ 61, 85, 0,[ 37, 2]],

[ 81, 85, 0,[ 2, 72]],

[ 25, 65, 1,[ 33, 93, 0, 2]],

[ 74, 85, 1,[ 11, 13]],

[ 41, 85, 0,[ 2, 18]],

[ 80, 65, 0,[ 3, 5]],

[ 39, 95, 0,[ 34, 21]],

[ 17, 55, 1,[ 5, 3, 64]],

[ 69, 85, 0,[ 1, 30]],

[ 73, 95, 0,[ 28, 11]],

[ 46, 95, 1,[ 1, 68, 0, 83]],

[ 18, 65, 1,[ 1, 41, 0]],

[ 38, 55, 1,[ 50, 12, 52, 45, 35, 42, 40, 51]],

[ 40, 15, 0,[ 38, 5]],

[ 84, 45, 1,[ 10, 16]],

[ 49, 85, 0,[ 1, 5]],

[ 94, 75, 0,[ 52, 0]],

[ 43, 45, 1,[ 0, 97, 1]],

[ 68, 85, 0,[ 46, 1]],

[ 98, 15, 0,[ 5, 35]],

[ 82, 65, 0,[ 5, 3]],

[ 1, 85, 1,[ 2, 88, 68, 27, 49, 24, 46, 9, 5, 22, 97, 35, 70, 69, 28, 21, 86, 18, 23, 6, 12, 0, 89, 96, 30, 15, 43, 44, 10, 32, 47, 16, 3, 59, 64, 55]],

[ 71, 75, 0,[ 0, 5]],

[ 31, 5, 0,[ 7, 13]],

[ 52, 15, 1,[ 32, 38, 76, 94]],

[ 65, 95, 1,[ 6, 5]],

[ 2, 85, 1,[ 19, 25, 92, 91, 13, 75, 42, 81, 3, 61, 28, 85, 87, 27, 11, 20, 79, 60, 8, 51, 0, 95, 56, 41, 7, 22, 1, 5, 14]],

[ 0, 75, 1,[ 18, 9, 24, 66, 7, 1, 2, 71, 76, 36, 8, 12, 25, 46, 99, 30, 4, 6, 94, 43, 62, 37]],

