[ 71, 95, 1,[ 5, 0]],

[ 30, 75, 0,[ 0, 1, 57, 69]],

[ 91, 55, 1,[ 2, 54]],

[ 58, 55, 1,[ 35, 10]],

[ 46, 75, 0,[ 83, 0, 68, 1]],

[ 8, 15, 1,[ 0, 2]],

[ 67, 95, 1,[ 3, 36]],

[ 73, 5, 1,[ 11, 28]],

[ 70, 85, 1,[ 11, 1]],

[ 22, 75, 0,[ 37, 1, 59, 2]],

[ 12, 75, 0,[ 29, 1, 0, 38, 63]],

[ 32, 75, 0,[ 35, 1, 52, 16]],

[ 77, 85, 1,[ 10, 48]],

[ 68, 65, 1,[ 46, 1]],

[ 53, 75, 0,[ 3, 62, 20]],

[ 27, 75, 0,[ 2, 78, 1]],

[ 40, 75, 0,[ 5, 38]],

[ 60, 75, 1,[ 14, 2]],

[ 79, 75, 1,[ 20, 2]],

[ 80, 85, 1,[ 5, 3]],

[ 69, 45, 1,[ 1, 30]],

[ 35, 75, 0,[ 1, 58, 38, 54, 32, 98]],

[ 99, 75, 0,[ 3, 0]],

[ 17, 75, 0,[ 5, 3, 64]],

[ 42, 85, 1,[ 38, 2]],

[ 2, 75, 0,[ 60, 8, 92, 7, 14, 41, 56, 91, 19, 20, 85, 42, 51, 61, 5, 95, 81, 11, 13, 22, 27, 0, 25, 87, 75, 79, 1, 3, 28]],

[ 9, 75, 0,[ 89, 1, 0]],

[ 92, 15, 1,[ 2, 54]],

[ 10, 75, 0,[ 1, 84, 58, 3, 63, 77, 57]],

[ 14, 75, 0,[ 3, 60, 2]],

[ 13, 75, 0,[ 5, 74, 31, 26, 2, 15]],

[ 25, 75, 0,[ 33, 93, 0, 2]],

[ 45, 75, 1,[ 37, 38]],

[ 62, 5, 1,[ 53, 0]],

[ 95, 95, 1,[ 2, 6]],

[ 18, 75, 0,[ 41, 1, 0]],

[ 39, 75, 0,[ 34, 21]],

[ 16, 75, 0,[ 84, 90, 1, 55, 6, 32]],

[ 20, 75, 0,[ 53, 79, 3, 2]],

[ 23, 65, 1,[ 11, 1]],

[ 3, 75, 0,[ 4, 36, 1, 29, 80, 53, 85, 67, 26, 99, 10, 50, 17, 14, 82, 2, 20, 44, 86, 33]],

[ 90, 95, 1,[ 16, 6]],

[ 11, 85, 0,[ 74, 70, 4, 88, 23, 73, 2]],

[ 19, 85, 1,[ 7, 2]],

[ 29, 75, 0,[ 12, 48, 3]],

[ 47, 75, 1,[ 1, 5]],

[ 63, 75, 0,[ 10, 12]],

[ 6, 75, 0,[ 0, 16, 72, 65, 1, 95, 90]],

[ 15, 65, 1,[ 13, 1]],

[ 28, 75, 0,[ 66, 73, 72, 1, 34, 2]],

[ 33, 5, 1,[ 25, 3]],

[ 44, 15, 1,[ 3, 1]],

[ 96, 75, 1,[ 57, 1]],

[ 89, 55, 1,[ 1, 9]],

[ 75, 85, 1,[ 54, 2]],

[ 43, 75, 0,[ 0, 97, 1]],

[ 64, 15, 1,[ 17, 1]],

[ 94, 65, 1,[ 0, 52]],

[ 98, 75, 0,[ 35, 5]],

[ 56, 45, 1,[ 5, 2]],

[ 36, 75, 0,[ 67, 0, 3]],

[ 48, 75, 0,[ 5, 77, 29]],

[ 76, 5, 1,[ 0, 52]],

[ 86, 75, 1,[ 3, 1]],

[ 34, 75, 0,[ 39, 28, 5]],

[ 5, 75, 0,[ 34, 98, 71, 40, 80, 49, 56, 47, 2, 13, 1, 48, 82, 17, 65, 83]],

[ 1, 75, 0,[ 0, 70, 68, 35, 15, 9, 88, 43, 32, 24, 16, 59, 96, 21, 30, 46, 22, 69, 86, 23, 97, 10, 44, 3, 27, 89, 47, 64, 28, 18, 6, 12, 49, 5, 55, 2]],

[ 87, 65, 1,[ 54, 2]],

[ 26, 75, 0,[ 13, 3]],

[ 7, 85, 0,[ 0, 2, 31, 19]],

[ 31, 95, 1,[ 13, 7]],

[ 83, 75, 0,[ 46, 5]],

[ 59, 85, 1,[ 1, 22]],

[ 84, 75, 0,[ 16, 10]],

[ 52, 75, 0,[ 38, 32, 76, 94]],

[ 78, 15, 1,[ 37, 27]],

[ 51, 55, 1,[ 38, 2]],

[ 37, 75, 0,[ 61, 45, 78, 0, 22]],

[ 38, 75, 0,[ 35, 40, 50, 12, 42, 52, 45, 51]],

[ 82, 85, 1,[ 5, 3]],

[ 4, 75, 0,[ 21, 3, 0, 11]],

[ 55, 25, 1,[ 16, 1]],

[ 85, 85, 1,[ 2, 3]],

[ 93, 65, 1,[ 88, 25]],

[ 88, 65, 0,[ 93, 11, 1]],

[ 41, 35, 1,[ 18, 2]],

[ 57, 75, 0,[ 96, 30, 10]],

[ 81, 95, 1,[ 72, 2]],

[ 97, 25, 1,[ 43, 1]],

[ 21, 75, 0,[ 39, 54, 1, 4]],

[ 0, 75, 0,[ 8, 30, 24, 46, 76, 25, 71, 36, 4, 37, 18, 9, 1, 99, 66, 94, 62, 7, 2, 6, 12, 43]],

[ 72, 95, 0,[ 81, 28, 6]],

[ 54, 75, 0,[ 91, 75, 35, 92, 87, 21]],

[ 74, 55, 1,[ 11, 13]],

[ 50, 75, 1,[ 38, 3]],

[ 66, 45, 1,[ 28, 0]],

[ 61, 75, 0,[ 2, 37]],

[ 65, 65, 1,[ 5, 6]],

[ 24, 75, 1,[ 1, 0]],

[ 49, 75, 0,[ 5, 1]],

