[ 68, 5, 1,[ 1, 46]],

[ 29, 15, 0,[ 12, 48, 3]],

[ 2, 15, 0,[ 85, 3, 8, 81, 13, 61, 91, 27, 60, 41, 92, 7, 25, 95, 51, 28, 42, 14, 56, 1, 0, 11, 20, 75, 79, 22, 87, 19, 5]],

[ 43, 15, 0,[ 97, 1, 0]],

[ 79, 75, 1,[ 2, 20]],

[ 17, 15, 0,[ 3, 64, 5]],

[ 93, 85, 1,[ 25, 88]],

[ 89, 15, 0,[ 1, 9]],

[ 21, 15, 0,[ 54, 1, 39, 4]],

[ 78, 15, 1,[ 37, 27]],

[ 72, 15, 0,[ 6, 28, 81]],

[ 39, 15, 0,[ 21, 34]],

[ 56, 15, 1,[ 5, 2]],

[ 66, 35, 1,[ 0, 28]],

[ 34, 15, 0,[ 39, 28, 5]],

[ 35, 15, 0,[ 1, 54, 38, 58, 32, 98]],

[ 58, 45, 1,[ 10, 35]],

[ 88, 15, 0,[ 11, 93, 1]],

[ 75, 15, 1,[ 2, 54]],

[ 96, 15, 1,[ 1, 57]],

[ 65, 15, 0,[ 5, 6]],

[ 16, 15, 0,[ 6, 32, 1, 55, 90, 84]],

[ 62, 55, 1,[ 53, 0]],

[ 60, 35, 1,[ 14, 2]],

[ 70, 35, 1,[ 1, 11]],

[ 53, 15, 0,[ 3, 20, 62]],

[ 92, 95, 1,[ 54, 2]],

[ 9, 15, 0,[ 1, 0, 89]],

[ 32, 15, 0,[ 35, 16, 1, 52]],

[ 23, 15, 1,[ 1, 11]],

[ 12, 15, 0,[ 29, 38, 63, 1, 0]],

[ 73, 45, 1,[ 11, 28]],

[ 84, 85, 1,[ 10, 16]],

[ 40, 95, 1,[ 38, 5]],

[ 85, 35, 1,[ 2, 3]],

[ 49, 95, 1,[ 5, 1]],

[ 98, 55, 1,[ 5, 35]],

[ 28, 15, 0,[ 72, 1, 73, 34, 2, 66]],

[ 86, 15, 0,[ 1, 3]],

[ 41, 15, 0,[ 2, 18]],

[ 46, 15, 0,[ 0, 83, 68, 1]],

[ 80, 95, 1,[ 5, 3]],

[ 8, 15, 1,[ 0, 2]],

[ 64, 55, 1,[ 1, 17]],

[ 25, 15, 0,[ 2, 93, 33, 0]],

[ 1, 15, 0,[ 6, 49, 44, 22, 35, 21, 97, 32, 86, 5, 47, 89, 55, 43, 3, 68, 2, 10, 30, 9, 70, 69, 64, 23, 59, 27, 28, 88, 24, 0, 46, 18, 16, 96, 12, 15]],

[ 0, 15, 0,[ 7, 2, 76, 18, 46, 24, 9, 25, 66, 8, 43, 1, 94, 36, 12, 99, 37, 62, 71, 30, 4, 6]],

[ 74, 15, 0,[ 13, 11]],

[ 11, 15, 0,[ 2, 88, 73, 4, 70, 23, 74]],

[ 81, 45, 1,[ 72, 2]],

[ 20, 15, 0,[ 79, 2, 3, 53]],

[ 61, 15, 0,[ 37, 2]],

[ 18, 15, 0,[ 0, 41, 1]],

[ 55, 5, 1,[ 1, 16]],

[ 14, 15, 0,[ 2, 60, 3]],

[ 15, 85, 1,[ 13, 1]],

[ 76, 15, 0,[ 52, 0]],

[ 31, 15, 0,[ 13, 7]],

[ 48, 15, 0,[ 77, 29, 5]],

[ 7, 15, 0,[ 31, 0, 19, 2]],

[ 52, 15, 0,[ 32, 94, 38, 76]],

[ 45, 15, 0,[ 38, 37]],

[ 99, 95, 1,[ 0, 3]],

[ 42, 45, 1,[ 38, 2]],

[ 3, 15, 0,[ 67, 17, 26, 53, 14, 2, 80, 20, 33, 10, 29, 44, 4, 86, 50, 1, 85, 82, 36, 99]],

[ 47, 15, 1,[ 5, 1]],

[ 38, 15, 0,[ 50, 52, 12, 45, 40, 42, 35, 51]],

[ 50, 85, 1,[ 38, 3]],

[ 94, 5, 1,[ 0, 52]],

[ 36, 15, 0,[ 67, 0, 3]],

[ 19, 75, 1,[ 2, 7]],

[ 24, 55, 1,[ 1, 0]],

[ 6, 15, 0,[ 90, 65, 1, 16, 95, 0, 72]],

[ 30, 15, 0,[ 69, 57, 0, 1]],

[ 95, 55, 1,[ 2, 6]],

[ 83, 45, 1,[ 5, 46]],

[ 10, 15, 0,[ 3, 63, 84, 77, 57, 58, 1]],

[ 63, 85, 1,[ 10, 12]],

[ 22, 15, 0,[ 37, 59, 1, 2]],

[ 27, 15, 0,[ 78, 2, 1]],

[ 82, 45, 1,[ 5, 3]],

[ 77, 35, 1,[ 48, 10]],

[ 13, 15, 0,[ 15, 26, 2, 74, 31, 5]],

[ 87, 15, 1,[ 2, 54]],

[ 90, 45, 1,[ 6, 16]],

[ 54, 15, 0,[ 21, 92, 87, 91, 75, 35]],

[ 37, 15, 0,[ 45, 78, 61, 0, 22]],

[ 69, 45, 1,[ 1, 30]],

[ 67, 5, 1,[ 36, 3]],

[ 5, 15, 0,[ 47, 13, 1, 56, 2, 80, 83, 48, 34, 49, 82, 71, 40, 17, 98, 65]],

[ 91, 85, 1,[ 2, 54]],

[ 97, 15, 1,[ 1, 43]],

[ 4, 15, 0,[ 11, 0, 21, 3]],

[ 59, 35, 1,[ 1, 22]],

[ 44, 75, 1,[ 3, 1]],

[ 26, 35, 1,[ 13, 3]],

[ 51, 45, 1,[ 2, 38]],

[ 33, 35, 1,[ 25, 3]],

[ 57, 15, 0,[ 10, 96, 30]],

[ 71, 45, 1,[ 5, 0]],

