[ 83, 55, 0,[ 5, 46]],

[ 51, 55, 0,[ 38, 2]],

[ 24, 55, 0,[ 1, 0]],

[ 59, 55, 0,[ 22, 1]],

[ 14, 55, 0,[ 3, 2, 60]],

[ 60, 55, 0,[ 14, 2]],

[ 94, 55, 0,[ 0, 52]],

[ 92, 55, 0,[ 54, 2]],

[ 30, 55, 0,[ 57, 69, 1, 0]],

[ 10, 55, 0,[ 58, 63, 77, 84, 57, 3, 1]],

[ 95, 55, 0,[ 6, 2]],

[ 90, 55, 0,[ 6, 16]],

[ 8, 55, 0,[ 0, 2]],

[ 64, 55, 0,[ 1, 17]],

[ 97, 55, 0,[ 43, 1]],

[ 18, 55, 0,[ 0, 1, 41]],

[ 62, 55, 0,[ 0, 53]],

[ 28, 55, 0,[ 66, 73, 34, 2, 72, 1]],

[ 20, 55, 0,[ 53, 2, 79, 3]],

[ 36, 55, 0,[ 0, 3, 67]],

[ 67, 25, 1,[ 3, 36]],

[ 48, 55, 0,[ 77, 29, 5]],

[ 91, 55, 0,[ 2, 54]],

[ 71, 55, 0,[ 0, 5]],

[ 82, 55, 0,[ 5, 3]],

[ 33, 55, 0,[ 25, 3]],

[ 43, 55, 0,[ 97, 0, 1]],

[ 2, 55, 0,[ 11, 25, 79, 42, 95, 75, 0, 61, 1, 28, 20, 13, 14, 60, 92, 22, 87, 7, 3, 8, 56, 85, 19, 27, 51, 81, 5, 41, 91]],

[ 81, 55, 0,[ 72, 2]],

[ 78, 55, 0,[ 37, 27]],

[ 73, 95, 1,[ 11, 28]],

[ 80, 75, 1,[ 5, 3]],

[ 4, 55, 0,[ 11, 3, 21, 0]],

[ 46, 55, 0,[ 0, 68, 1, 83]],

[ 76, 55, 0,[ 0, 52]],

[ 34, 55, 0,[ 5, 28, 39]],

[ 7, 55, 0,[ 2, 31, 19, 0]],

[ 39, 55, 0,[ 21, 34]],

[ 66, 55, 0,[ 28, 0]],

[ 5, 55, 0,[ 17, 82, 49, 47, 34, 56, 13, 48, 98, 83, 1, 71, 40, 2, 80, 65]],

[ 31, 35, 1,[ 7, 13]],

[ 68, 55, 0,[ 1, 46]],

[ 87, 55, 0,[ 2, 54]],

[ 21, 55, 0,[ 4, 39, 54, 1]],

[ 54, 55, 0,[ 35, 75, 92, 21, 91, 87]],

[ 12, 55, 0,[ 29, 0, 1, 38, 63]],

[ 19, 55, 0,[ 7, 2]],

[ 3, 55, 0,[ 14, 99, 1, 36, 85, 4, 86, 50, 20, 53, 44, 2, 10, 80, 29, 67, 26, 82, 33, 17]],

[ 56, 55, 0,[ 5, 2]],

[ 77, 55, 0,[ 48, 10]],

[ 57, 55, 0,[ 96, 30, 10]],

[ 93, 55, 0,[ 25, 88]],

[ 16, 55, 0,[ 6, 90, 32, 84, 1, 55]],

[ 15, 55, 0,[ 1, 13]],

[ 47, 55, 0,[ 1, 5]],

[ 86, 75, 1,[ 3, 1]],

[ 55, 55, 0,[ 16, 1]],

[ 9, 55, 0,[ 0, 1, 89]],

[ 37, 55, 0,[ 61, 78, 22, 45, 0]],

[ 63, 55, 0,[ 10, 12]],

[ 23, 55, 0,[ 11, 1]],

[ 29, 55, 0,[ 48, 12, 3]],

[ 84, 55, 0,[ 16, 10]],

[ 1, 55, 0,[ 0, 21, 27, 86, 43, 46, 89, 2, 16, 44, 35, 88, 70, 6, 47, 30, 32, 9, 49, 15, 68, 69, 18, 5, 64, 23, 12, 59, 28, 55, 3, 97, 24, 22, 96, 10]],

[ 32, 55, 0,[ 1, 16, 52, 35]],

[ 26, 55, 0,[ 13, 3]],

[ 13, 55, 0,[ 2, 15, 31, 26, 74, 5]],

[ 52, 55, 0,[ 32, 76, 94, 38]],

[ 50, 55, 0,[ 3, 38]],

[ 96, 85, 1,[ 57, 1]],

[ 41, 55, 0,[ 2, 18]],

[ 79, 55, 0,[ 2, 20]],

[ 99, 55, 0,[ 3, 0]],

[ 22, 55, 0,[ 37, 59, 2, 1]],

[ 75, 55, 0,[ 54, 2]],

[ 40, 55, 0,[ 5, 38]],

[ 69, 55, 0,[ 30, 1]],

[ 11, 55, 0,[ 73, 4, 88, 70, 23, 74, 2]],

[ 45, 5, 1,[ 37, 38]],

[ 85, 55, 0,[ 2, 3]],

[ 98, 75, 1,[ 35, 5]],

[ 74, 55, 0,[ 13, 11]],

[ 72, 55, 0,[ 81, 28, 6]],

[ 35, 55, 0,[ 58, 54, 32, 1, 98, 38]],

[ 44, 55, 0,[ 3, 1]],

[ 42, 55, 0,[ 2, 38]],

[ 53, 55, 0,[ 62, 20, 3]],

[ 25, 55, 0,[ 93, 2, 33, 0]],

[ 0, 55, 0,[ 94, 66, 30, 25, 18, 37, 71, 36, 46, 62, 2, 6, 8, 7, 43, 9, 76, 12, 1, 24, 99, 4]],

[ 6, 55, 0,[ 90, 95, 72, 65, 16, 1, 0]],

[ 70, 15, 1,[ 1, 11]],

[ 88, 55, 0,[ 1, 93, 11]],

[ 17, 55, 0,[ 3, 64, 5]],

[ 38, 55, 0,[ 52, 12, 50, 42, 51, 45, 40, 35]],

[ 27, 55, 0,[ 1, 78, 2]],

[ 65, 55, 0,[ 5, 6]],

[ 89, 95, 1,[ 1, 9]],

[ 58, 55, 0,[ 35, 10]],

[ 49, 55, 0,[ 1, 5]],

[ 61, 55, 0,[ 37, 2]],

