[ 28, 5, 0,[ 34, 1, 66, 2, 72, 73]],

[ 13, 5, 0,[ 5, 74, 26, 31, 15, 2]],

[ 17, 5, 0,[ 5, 64, 3]],

[ 8, 5, 0,[ 0, 2]],

[ 84, 5, 0,[ 16, 10]],

[ 47, 5, 0,[ 5, 1]],

[ 5, 5, 0,[ 2, 17, 34, 40, 80, 47, 65, 48, 49, 1, 83, 56, 98, 82, 71, 13]],

[ 96, 5, 0,[ 1, 57]],

[ 25, 5, 0,[ 33, 93, 0, 2]],

[ 19, 5, 0,[ 2, 7]],

[ 53, 5, 0,[ 20, 3, 62]],

[ 77, 5, 0,[ 48, 10]],

[ 11, 5, 0,[ 70, 74, 88, 73, 2, 23, 4]],

[ 15, 5, 0,[ 1, 13]],

[ 38, 5, 0,[ 12, 40, 42, 52, 50, 35, 45, 51]],

[ 30, 5, 0,[ 1, 57, 69, 0]],

[ 21, 5, 0,[ 4, 39, 1, 54]],

[ 43, 5, 0,[ 0, 97, 1]],

[ 52, 5, 0,[ 38, 94, 76, 32]],

[ 22, 5, 0,[ 1, 37, 2, 59]],

[ 72, 5, 0,[ 28, 81, 6]],

[ 91, 5, 0,[ 2, 54]],

[ 40, 5, 0,[ 5, 38]],

[ 62, 5, 0,[ 0, 53]],

[ 24, 5, 0,[ 1, 0]],

[ 94, 75, 1,[ 0, 52]],

[ 51, 75, 1,[ 38, 2]],

[ 89, 5, 0,[ 1, 9]],

[ 71, 5, 0,[ 5, 0]],

[ 79, 35, 1,[ 2, 20]],

[ 2, 5, 0,[ 27, 56, 85, 3, 25, 87, 95, 42, 91, 92, 22, 20, 11, 0, 61, 14, 41, 81, 7, 51, 75, 79, 5, 13, 1, 60, 8, 28, 19]],

[ 4, 5, 0,[ 0, 11, 3, 21]],

[ 50, 5, 0,[ 38, 3]],

[ 58, 5, 0,[ 10, 35]],

[ 1, 5, 0,[ 89, 32, 47, 9, 23, 30, 10, 6, 5, 16, 22, 64, 28, 68, 27, 3, 97, 35, 59, 15, 55, 24, 96, 0, 44, 21, 86, 2, 88, 18, 12, 70, 43, 49, 46, 69]],

[ 82, 45, 1,[ 5, 3]],

[ 56, 15, 1,[ 2, 5]],

[ 20, 5, 0,[ 3, 53, 79, 2]],

[ 16, 5, 0,[ 55, 84, 1, 90, 6, 32]],

[ 86, 5, 0,[ 1, 3]],

[ 57, 5, 0,[ 30, 10, 96]],

[ 42, 5, 0,[ 2, 38]],

[ 44, 5, 0,[ 3, 1]],

[ 64, 5, 0,[ 17, 1]],

[ 48, 5, 0,[ 29, 5, 77]],

[ 14, 5, 0,[ 2, 60, 3]],

[ 9, 5, 0,[ 0, 89, 1]],

[ 49, 5, 0,[ 5, 1]],

[ 60, 5, 0,[ 2, 14]],

[ 97, 5, 0,[ 1, 43]],

[ 34, 5, 0,[ 39, 5, 28]],

[ 59, 5, 0,[ 1, 22]],

[ 92, 5, 0,[ 2, 54]],

[ 69, 5, 0,[ 1, 30]],

[ 74, 5, 0,[ 11, 13]],

[ 32, 5, 0,[ 1, 16, 35, 52]],

[ 81, 5, 0,[ 2, 72]],

[ 85, 5, 0,[ 2, 3]],

[ 23, 5, 0,[ 1, 11]],

[ 26, 5, 0,[ 13, 3]],

[ 7, 5, 0,[ 2, 19, 0, 31]],

[ 75, 5, 0,[ 2, 54]],

[ 80, 45, 1,[ 3, 5]],

[ 36, 5, 0,[ 67, 3, 0]],

[ 66, 5, 0,[ 28, 0]],

[ 78, 5, 0,[ 27, 37]],

[ 12, 5, 0,[ 38, 1, 63, 29, 0]],

[ 6, 5, 0,[ 0, 95, 72, 90, 65, 16, 1]],

[ 39, 5, 1,[ 34, 21]],

[ 73, 5, 0,[ 28, 11]],

[ 70, 5, 0,[ 11, 1]],

[ 35, 5, 0,[ 54, 1, 38, 98, 32, 58]],

[ 99, 5, 0,[ 3, 0]],

[ 90, 5, 0,[ 16, 6]],

[ 83, 5, 0,[ 5, 46]],

[ 45, 65, 1,[ 37, 38]],

[ 63, 5, 0,[ 10, 12]],

[ 29, 5, 0,[ 12, 48, 3]],

[ 46, 5, 0,[ 68, 1, 83, 0]],

[ 41, 5, 0,[ 2, 18]],

[ 54, 5, 0,[ 92, 91, 75, 87, 21, 35]],

[ 67, 5, 0,[ 36, 3]],

[ 98, 5, 0,[ 5, 35]],

[ 61, 5, 0,[ 37, 2]],

[ 76, 5, 0,[ 52, 0]],

[ 10, 5, 0,[ 3, 1, 58, 57, 63, 77, 84]],

[ 65, 45, 1,[ 5, 6]],

[ 93, 5, 0,[ 25, 88]],

[ 3, 5, 0,[ 36, 2, 29, 17, 33, 4, 50, 10, 14, 85, 80, 67, 53, 26, 1, 44, 99, 20, 82, 86]],

[ 18, 5, 0,[ 41, 0, 1]],

[ 37, 5, 0,[ 45, 61, 0, 78, 22]],

[ 68, 5, 0,[ 46, 1]],

[ 27, 5, 0,[ 1, 78, 2]],

[ 87, 5, 0,[ 2, 54]],

[ 33, 5, 0,[ 3, 25]],

[ 0, 5, 0,[ 76, 46, 18, 37, 12, 71, 25, 36, 9, 7, 62, 8, 1, 43, 6, 66, 99, 4, 30, 24, 2, 94]],

[ 55, 5, 0,[ 1, 16]],

[ 31, 55, 1,[ 7, 13]],

[ 88, 5, 0,[ 93, 1, 11]],

[ 95, 5, 0,[ 2, 6]],

