[ 56, 5, 1,[ 2, 5]],

[ 6, 45, 0,[ 90, 72, 95, 16, 1, 0, 65]],

[ 38, 45, 0,[ 51, 50, 45, 42, 40, 52, 12, 35]],

[ 68, 65, 1,[ 1, 46]],

[ 69, 75, 1,[ 30, 1]],

[ 17, 45, 0,[ 64, 5, 3]],

[ 36, 45, 0,[ 3, 67, 0]],

[ 90, 55, 1,[ 16, 6]],

[ 70, 85, 1,[ 11, 1]],

[ 0, 45, 0,[ 43, 8, 24, 6, 7, 46, 12, 30, 62, 18, 4, 99, 1, 94, 66, 36, 71, 2, 25, 37, 76, 9]],

[ 67, 45, 1,[ 3, 36]],

[ 39, 25, 1,[ 21, 34]],

[ 40, 95, 1,[ 5, 38]],

[ 96, 45, 1,[ 57, 1]],

[ 18, 45, 0,[ 1, 41, 0]],

[ 29, 45, 0,[ 3, 12, 48]],

[ 48, 45, 0,[ 5, 29, 77]],

[ 58, 45, 1,[ 10, 35]],

[ 91, 45, 0,[ 54, 2]],

[ 65, 65, 1,[ 5, 6]],

[ 19, 95, 1,[ 2, 7]],

[ 99, 45, 0,[ 0, 3]],

[ 7, 45, 0,[ 0, 2, 19, 31]],

[ 51, 85, 1,[ 2, 38]],

[ 82, 45, 0,[ 5, 3]],

[ 41, 85, 1,[ 18, 2]],

[ 59, 25, 1,[ 1, 22]],

[ 47, 95, 1,[ 1, 5]],

[ 88, 45, 0,[ 11, 1, 93]],

[ 80, 45, 0,[ 5, 3]],

[ 54, 45, 0,[ 21, 91, 92, 35, 87, 75]],

[ 62, 45, 0,[ 0, 53]],

[ 20, 45, 0,[ 3, 53, 2, 79]],

[ 74, 45, 1,[ 11, 13]],

[ 94, 85, 1,[ 0, 52]],

[ 24, 25, 1,[ 0, 1]],

[ 31, 75, 1,[ 7, 13]],

[ 33, 65, 1,[ 25, 3]],

[ 50, 95, 1,[ 38, 3]],

[ 63, 35, 1,[ 10, 12]],

[ 52, 45, 0,[ 32, 38, 76, 94]],

[ 8, 45, 0,[ 2, 0]],

[ 26, 85, 1,[ 13, 3]],

[ 72, 45, 0,[ 81, 6, 28]],

[ 5, 45, 0,[ 98, 34, 1, 56, 71, 2, 82, 17, 47, 40, 13, 83, 65, 48, 80, 49]],

[ 22, 45, 0,[ 1, 59, 37, 2]],

[ 60, 15, 1,[ 2, 14]],

[ 32, 45, 0,[ 1, 52, 16, 35]],

[ 46, 45, 0,[ 1, 83, 68, 0]],

[ 37, 45, 0,[ 78, 0, 61, 45, 22]],

[ 34, 45, 0,[ 39, 5, 28]],

[ 35, 45, 0,[ 1, 58, 38, 54, 98, 32]],

[ 71, 55, 1,[ 0, 5]],

[ 89, 75, 1,[ 9, 1]],

[ 27, 45, 0,[ 2, 1, 78]],

[ 97, 75, 1,[ 43, 1]],

[ 78, 45, 1,[ 37, 27]],

[ 73, 65, 1,[ 28, 11]],

[ 77, 95, 1,[ 10, 48]],

[ 10, 45, 0,[ 84, 63, 1, 3, 58, 57, 77]],

[ 93, 35, 1,[ 88, 25]],

[ 75, 45, 1,[ 54, 2]],

[ 28, 45, 0,[ 2, 1, 73, 66, 34, 72]],

[ 83, 15, 1,[ 5, 46]],

[ 53, 45, 0,[ 20, 62, 3]],

[ 98, 45, 0,[ 5, 35]],

[ 57, 45, 0,[ 30, 96, 10]],

[ 55, 35, 1,[ 1, 16]],

[ 1, 45, 0,[ 47, 6, 21, 89, 3, 64, 46, 97, 86, 68, 12, 27, 23, 2, 15, 35, 18, 59, 43, 9, 55, 88, 69, 32, 44, 0, 30, 5, 70, 28, 10, 49, 24, 16, 96, 22]],

[ 64, 45, 0,[ 1, 17]],

[ 30, 45, 0,[ 1, 0, 57, 69]],

[ 23, 65, 1,[ 1, 11]],

[ 85, 95, 1,[ 3, 2]],

[ 43, 45, 0,[ 1, 97, 0]],

[ 9, 45, 0,[ 0, 1, 89]],

[ 4, 45, 0,[ 0, 3, 21, 11]],

[ 81, 45, 1,[ 72, 2]],

[ 14, 45, 0,[ 3, 60, 2]],

[ 66, 95, 1,[ 28, 0]],

[ 79, 95, 1,[ 2, 20]],

[ 49, 95, 1,[ 1, 5]],

[ 84, 45, 0,[ 16, 10]],

[ 3, 45, 0,[ 82, 50, 53, 29, 85, 86, 80, 44, 14, 17, 67, 99, 36, 1, 33, 10, 2, 26, 4, 20]],

[ 15, 15, 1,[ 1, 13]],

[ 87, 45, 0,[ 2, 54]],

[ 44, 15, 1,[ 3, 1]],

[ 25, 45, 0,[ 93, 33, 0, 2]],

[ 61, 45, 1,[ 37, 2]],

[ 92, 25, 1,[ 54, 2]],

[ 45, 15, 1,[ 37, 38]],

[ 86, 75, 1,[ 1, 3]],

[ 21, 45, 0,[ 54, 39, 4, 1]],

[ 2, 45, 0,[ 60, 25, 3, 41, 95, 28, 75, 8, 14, 0, 11, 91, 1, 56, 7, 61, 42, 27, 87, 92, 20, 19, 51, 81, 85, 79, 13, 22, 5]],

[ 42, 45, 1,[ 38, 2]],

[ 16, 45, 0,[ 90, 1, 32, 55, 84, 6]],

[ 13, 45, 0,[ 5, 31, 26, 2, 74, 15]],

[ 12, 45, 0,[ 1, 0, 29, 63, 38]],

[ 76, 85, 1,[ 0, 52]],

[ 11, 45, 0,[ 4, 74, 70, 23, 2, 73, 88]],

[ 95, 5, 1,[ 6, 2]],

