[ 77, 95, 0,[ 10, 48]],

[ 63, 95, 0,[ 12, 10]],

[ 16, 95, 0,[ 84, 1, 32, 6, 55, 90]],

[ 54, 95, 0,[ 21, 91, 75, 92, 35, 87]],

[ 45, 95, 0,[ 37, 38]],

[ 30, 95, 0,[ 57, 69, 0, 1]],

[ 83, 95, 0,[ 5, 46]],

[ 92, 95, 0,[ 2, 54]],

[ 38, 95, 0,[ 50, 35, 40, 42, 51, 45, 52, 12]],

[ 99, 95, 0,[ 0, 3]],

[ 86, 95, 0,[ 1, 3]],

[ 47, 95, 0,[ 5, 1]],

[ 70, 85, 1,[ 11, 1]],

[ 39, 95, 0,[ 34, 21]],

[ 80, 95, 0,[ 3, 5]],

[ 59, 95, 0,[ 1, 22]],

[ 23, 5, 1,[ 1, 11]],

[ 69, 95, 0,[ 1, 30]],

[ 4, 95, 0,[ 0, 3, 21, 11]],

[ 43, 95, 0,[ 1, 97, 0]],

[ 14, 95, 0,[ 2, 60, 3]],

[ 28, 95, 0,[ 73, 34, 66, 1, 2, 72]],

[ 90, 95, 0,[ 16, 6]],

[ 52, 95, 0,[ 38, 94, 76, 32]],

[ 67, 65, 1,[ 3, 36]],

[ 27, 95, 0,[ 2, 78, 1]],

[ 49, 95, 0,[ 1, 5]],

[ 18, 95, 0,[ 0, 41, 1]],

[ 51, 95, 0,[ 38, 2]],

[ 88, 95, 0,[ 93, 11, 1]],

[ 91, 95, 0,[ 54, 2]],

[ 94, 95, 0,[ 0, 52]],

[ 65, 95, 0,[ 6, 5]],

[ 37, 95, 0,[ 0, 78, 22, 45, 61]],

[ 21, 95, 0,[ 4, 39, 1, 54]],

[ 56, 85, 1,[ 5, 2]],

[ 75, 95, 0,[ 54, 2]],

[ 53, 95, 0,[ 62, 3, 20]],

[ 82, 95, 0,[ 5, 3]],

[ 50, 95, 0,[ 3, 38]],

[ 73, 95, 0,[ 28, 11]],

[ 72, 95, 0,[ 81, 28, 6]],

[ 96, 95, 0,[ 1, 57]],

[ 15, 95, 0,[ 1, 13]],

[ 64, 95, 0,[ 17, 1]],

[ 81, 95, 0,[ 2, 72]],

[ 97, 95, 0,[ 43, 1]],

[ 17, 95, 0,[ 5, 64, 3]],

[ 29, 95, 0,[ 12, 48, 3]],

[ 40, 95, 0,[ 38, 5]],

[ 8, 95, 0,[ 2, 0]],

[ 35, 95, 0,[ 58, 1, 54, 32, 38, 98]],

[ 19, 95, 0,[ 7, 2]],

[ 61, 95, 0,[ 37, 2]],

[ 42, 95, 0,[ 2, 38]],

[ 25, 95, 0,[ 0, 33, 93, 2]],

[ 26, 95, 0,[ 13, 3]],

[ 32, 95, 0,[ 52, 35, 1, 16]],

[ 74, 65, 1,[ 13, 11]],

[ 79, 95, 0,[ 2, 20]],

[ 68, 95, 0,[ 46, 1]],

[ 20, 95, 0,[ 53, 79, 3, 2]],

[ 1, 95, 0,[ 18, 86, 35, 97, 21, 47, 10, 16, 68, 69, 27, 0, 44, 23, 46, 88, 49, 43, 12, 3, 2, 55, 22, 28, 70, 96, 9, 64, 15, 24, 6, 5, 32, 59, 89, 30]],

[ 66, 75, 1,[ 0, 28]],

[ 93, 95, 0,[ 25, 88]],

[ 2, 95, 0,[ 75, 25, 95, 79, 19, 7, 42, 3, 28, 8, 41, 56, 85, 60, 27, 11, 51, 91, 92, 22, 87, 0, 14, 81, 61, 5, 13, 20, 1]],

[ 60, 95, 0,[ 2, 14]],

[ 87, 95, 0,[ 2, 54]],

[ 5, 95, 0,[ 1, 48, 71, 49, 98, 82, 83, 34, 17, 56, 65, 2, 80, 40, 47, 13]],

[ 57, 95, 0,[ 30, 96, 10]],

[ 3, 95, 0,[ 1, 80, 82, 44, 20, 67, 85, 2, 86, 14, 99, 26, 29, 33, 50, 17, 36, 4, 10, 53]],

[ 84, 95, 0,[ 16, 10]],

[ 36, 95, 0,[ 67, 0, 3]],

[ 98, 95, 0,[ 5, 35]],

[ 46, 95, 0,[ 1, 83, 68, 0]],

[ 22, 95, 0,[ 59, 1, 2, 37]],

[ 55, 25, 1,[ 16, 1]],

[ 31, 95, 0,[ 7, 13]],

[ 7, 95, 0,[ 19, 31, 0, 2]],

[ 0, 95, 0,[ 6, 37, 76, 24, 25, 4, 99, 46, 2, 8, 18, 36, 1, 71, 94, 30, 7, 66, 12, 62, 9, 43]],

[ 12, 95, 0,[ 38, 63, 0, 1, 29]],

[ 62, 95, 0,[ 0, 53]],

[ 78, 95, 0,[ 27, 37]],

[ 11, 95, 0,[ 2, 4, 88, 23, 70, 74, 73]],

[ 44, 95, 0,[ 3, 1]],

[ 41, 95, 0,[ 2, 18]],

[ 34, 95, 0,[ 5, 39, 28]],

[ 13, 95, 0,[ 74, 31, 5, 26, 2, 15]],

[ 71, 95, 0,[ 5, 0]],

[ 24, 25, 1,[ 0, 1]],

[ 95, 95, 0,[ 2, 6]],

[ 76, 95, 0,[ 52, 0]],

[ 85, 25, 1,[ 3, 2]],

[ 6, 95, 0,[ 65, 16, 1, 0, 72, 90, 95]],

[ 89, 95, 0,[ 9, 1]],

[ 58, 5, 1,[ 10, 35]],

[ 33, 95, 0,[ 25, 3]],

[ 9, 95, 0,[ 0, 89, 1]],

[ 48, 95, 0,[ 77, 29, 5]],

[ 10, 95, 0,[ 77, 63, 1, 57, 58, 3, 84]],

