[ 37, 35, 0,[ 45, 61, 0, 78, 22]],

[ 81, 55, 0,[ 2, 72]],

[ 7, 65, 0,[ 19, 31, 2, 0]],

[ 16, 75, 0,[ 90, 6, 32, 84, 55, 1]],

[ 12, 95, 0,[ 38, 29, 0, 63, 1]],

[ 33, 85, 0,[ 3, 25]],

[ 66, 65, 0,[ 0, 28]],

[ 76, 45, 0,[ 0, 52]],

[ 84, 95, 0,[ 10, 16]],

[ 20, 45, 0,[ 53, 3, 79, 2]],

[ 68, 85, 0,[ 1, 46]],

[ 54, 5, 0,[ 92, 35, 21, 87, 91, 75]],

[ 61, 45, 0,[ 37, 2]],

[ 22, 55, 0,[ 2, 59, 37, 1]],

[ 45, 35, 0,[ 38, 37]],

[ 88, 85, 0,[ 11, 1, 93]],

[ 0, 25, 1,[ 9, 2, 8, 4, 7, 46, 62, 37, 18, 76, 1, 43, 6, 12, 71, 25, 30, 66, 36, 99, 94, 24]],

[ 11, 25, 1,[ 88, 23, 73, 70, 4, 74, 2]],

[ 91, 5, 0,[ 54, 2]],

[ 57, 95, 0,[ 96, 30, 10]],

[ 21, 5, 0,[ 1, 39, 4, 54]],

[ 31, 65, 0,[ 7, 13]],

[ 28, 65, 1,[ 2, 72, 66, 1, 34, 73]],

[ 8, 95, 0,[ 0, 2]],

[ 50, 35, 0,[ 38, 3]],

[ 98, 85, 0,[ 35, 5]],

[ 49, 15, 0,[ 5, 1]],

[ 64, 85, 0,[ 17, 1]],

[ 1, 55, 1,[ 59, 47, 9, 27, 68, 28, 5, 21, 10, 46, 35, 22, 2, 88, 70, 15, 32, 30, 69, 3, 89, 55, 24, 86, 6, 16, 43, 97, 0, 64, 12, 23, 18, 44, 96, 49]],

[ 48, 5, 0,[ 29, 77, 5]],

[ 89, 55, 0,[ 9, 1]],

[ 71, 85, 0,[ 5, 0]],

[ 32, 75, 0,[ 52, 16, 35, 1]],

[ 60, 45, 0,[ 2, 14]],

[ 80, 45, 0,[ 5, 3]],

[ 87, 25, 0,[ 2, 54]],

[ 63, 95, 0,[ 10, 12]],

[ 90, 75, 0,[ 16, 6]],

[ 26, 45, 0,[ 3, 13]],

[ 40, 75, 0,[ 38, 5]],

[ 43, 25, 0,[ 0, 1, 97]],

[ 62, 25, 0,[ 0, 53]],

[ 85, 45, 0,[ 3, 2]],

[ 59, 55, 0,[ 22, 1]],

[ 14, 45, 0,[ 3, 2, 60]],

[ 78, 35, 0,[ 37, 27]],

[ 73, 55, 0,[ 11, 28]],

[ 9, 55, 0,[ 0, 1, 89]],

[ 3, 45, 1,[ 33, 36, 4, 2, 1, 99, 80, 67, 20, 26, 10, 82, 53, 14, 44, 17, 86, 29, 50, 85]],

[ 96, 35, 0,[ 57, 1]],

[ 75, 55, 0,[ 2, 54]],

[ 25, 85, 0,[ 93, 33, 2, 0]],

[ 74, 25, 0,[ 11, 13]],

[ 17, 5, 0,[ 5, 64, 3]],

[ 2, 45, 1,[ 51, 61, 8, 79, 25, 13, 0, 1, 22, 75, 85, 81, 41, 20, 91, 42, 19, 87, 56, 60, 11, 3, 27, 92, 28, 7, 5, 95, 14]],

[ 36, 25, 0,[ 0, 3, 67]],

[ 83, 25, 0,[ 46, 5]],

[ 67, 55, 0,[ 36, 3]],

[ 95, 95, 0,[ 6, 2]],

[ 58, 85, 0,[ 10, 35]],

[ 24, 35, 0,[ 1, 0]],

[ 65, 35, 0,[ 5, 6]],

[ 72, 65, 0,[ 81, 28, 6]],

[ 30, 75, 0,[ 57, 0, 1, 69]],

[ 92, 95, 0,[ 54, 2]],

[ 23, 5, 0,[ 1, 11]],

[ 79, 45, 0,[ 20, 2]],

[ 42, 55, 0,[ 38, 2]],

[ 19, 65, 0,[ 2, 7]],

[ 10, 95, 1,[ 58, 77, 57, 84, 3, 63, 1]],

[ 5, 95, 1,[ 48, 65, 1, 98, 56, 83, 47, 71, 40, 80, 82, 2, 13, 17, 49, 34]],

[ 99, 45, 0,[ 3, 0]],

[ 13, 45, 0,[ 74, 15, 2, 5, 26, 31]],

[ 6, 75, 1,[ 90, 72, 65, 0, 1, 16, 95]],

[ 55, 95, 0,[ 1, 16]],

[ 69, 45, 0,[ 30, 1]],

[ 86, 45, 0,[ 3, 1]],

[ 15, 15, 0,[ 13, 1]],

[ 29, 5, 0,[ 48, 3, 12]],

[ 47, 95, 0,[ 1, 5]],

[ 44, 95, 0,[ 1, 3]],

[ 82, 55, 0,[ 3, 5]],

[ 52, 75, 0,[ 76, 32, 94, 38]],

[ 27, 75, 0,[ 1, 2, 78]],

[ 70, 75, 0,[ 1, 11]],

[ 56, 25, 0,[ 5, 2]],

[ 97, 25, 0,[ 43, 1]],

[ 34, 65, 0,[ 28, 39, 5]],

[ 4, 25, 0,[ 3, 0, 21, 11]],

[ 39, 65, 0,[ 21, 34]],

[ 41, 55, 0,[ 2, 18]],

[ 77, 5, 0,[ 48, 10]],

[ 46, 25, 0,[ 68, 83, 0, 1]],

[ 93, 85, 0,[ 25, 88]],

[ 51, 25, 0,[ 38, 2]],

[ 18, 55, 0,[ 1, 41, 0]],

[ 38, 75, 1,[ 40, 12, 50, 52, 42, 45, 35, 51]],

[ 35, 85, 0,[ 58, 1, 98, 32, 38, 54]],

[ 94, 75, 0,[ 0, 52]],

[ 53, 45, 0,[ 62, 20, 3]],

