[ 46, 5, 0,[ 83, 0, 1, 68]],

[ 1, 5, 0,[ 49, 70, 0, 28, 44, 5, 68, 9, 97, 32, 46, 10, 86, 69, 47, 12, 3, 96, 15, 89, 35, 43, 23, 27, 55, 16, 2, 64, 24, 30, 88, 22, 59, 21, 6, 18]],

[ 94, 5, 0,[ 0, 52]],

[ 83, 5, 0,[ 46, 5]],

[ 51, 5, 1,[ 38, 2]],

[ 4, 5, 0,[ 21, 0, 11, 3]],

[ 42, 5, 0,[ 2, 38]],

[ 38, 5, 0,[ 51, 40, 42, 35, 50, 12, 52, 45]],

[ 86, 5, 0,[ 3, 1]],

[ 14, 5, 0,[ 2, 60, 3]],

[ 3, 5, 0,[ 4, 17, 44, 14, 67, 82, 29, 2, 99, 33, 26, 36, 53, 50, 80, 20, 10, 1, 86, 85]],

[ 58, 5, 0,[ 35, 10]],

[ 19, 5, 0,[ 2, 7]],

[ 70, 5, 0,[ 11, 1]],

[ 93, 5, 0,[ 88, 25]],

[ 88, 5, 0,[ 11, 93, 1]],

[ 99, 5, 0,[ 3, 0]],

[ 20, 5, 0,[ 79, 53, 2, 3]],

[ 27, 5, 0,[ 1, 78, 2]],

[ 10, 5, 0,[ 63, 84, 58, 3, 57, 1, 77]],

[ 12, 5, 0,[ 0, 38, 63, 29, 1]],

[ 8, 45, 1,[ 0, 2]],

[ 36, 5, 0,[ 67, 0, 3]],

[ 55, 5, 0,[ 1, 16]],

[ 45, 5, 0,[ 38, 37]],

[ 91, 5, 0,[ 2, 54]],

[ 72, 5, 0,[ 28, 6, 81]],

[ 32, 5, 0,[ 16, 1, 35, 52]],

[ 37, 5, 0,[ 22, 45, 61, 78, 0]],

[ 15, 5, 0,[ 13, 1]],

[ 17, 5, 0,[ 64, 5, 3]],

[ 39, 5, 0,[ 21, 34]],

[ 11, 5, 0,[ 70, 4, 23, 2, 74, 73, 88]],

[ 82, 5, 0,[ 5, 3]],

[ 21, 5, 0,[ 54, 1, 39, 4]],

[ 90, 5, 0,[ 16, 6]],

[ 41, 5, 0,[ 18, 2]],

[ 87, 5, 0,[ 54, 2]],

[ 29, 5, 0,[ 48, 12, 3]],

[ 78, 5, 0,[ 37, 27]],

[ 52, 5, 0,[ 38, 32, 76, 94]],

[ 31, 5, 1,[ 7, 13]],

[ 61, 75, 1,[ 37, 2]],

[ 74, 5, 0,[ 13, 11]],

[ 89, 5, 0,[ 1, 9]],

[ 73, 5, 0,[ 11, 28]],

[ 97, 5, 0,[ 43, 1]],

[ 69, 5, 0,[ 30, 1]],

[ 98, 5, 0,[ 5, 35]],

[ 63, 5, 0,[ 10, 12]],

[ 85, 5, 0,[ 2, 3]],

[ 23, 5, 0,[ 1, 11]],

[ 57, 5, 0,[ 96, 10, 30]],

[ 81, 5, 0,[ 2, 72]],

[ 95, 5, 0,[ 2, 6]],

[ 24, 5, 0,[ 0, 1]],

[ 68, 5, 0,[ 1, 46]],

[ 96, 65, 1,[ 57, 1]],

[ 0, 5, 0,[ 7, 43, 66, 24, 6, 99, 25, 94, 2, 9, 18, 76, 8, 4, 37, 30, 46, 36, 12, 62, 71, 1]],

[ 44, 5, 0,[ 1, 3]],

[ 76, 65, 1,[ 52, 0]],

[ 9, 5, 0,[ 0, 1, 89]],

[ 75, 5, 0,[ 2, 54]],

[ 16, 5, 0,[ 32, 6, 55, 84, 90, 1]],

[ 43, 5, 0,[ 0, 97, 1]],

[ 34, 5, 0,[ 5, 39, 28]],

[ 92, 5, 0,[ 54, 2]],

[ 77, 5, 0,[ 48, 10]],

[ 33, 5, 0,[ 25, 3]],

[ 54, 5, 0,[ 21, 75, 35, 87, 92, 91]],

[ 18, 5, 0,[ 0, 1, 41]],

[ 47, 5, 0,[ 1, 5]],

[ 67, 5, 0,[ 36, 3]],

[ 25, 5, 0,[ 0, 33, 2, 93]],

[ 35, 5, 0,[ 54, 1, 58, 32, 38, 98]],

[ 59, 5, 0,[ 22, 1]],

[ 71, 5, 0,[ 0, 5]],

[ 13, 5, 0,[ 15, 74, 26, 2, 5, 31]],

[ 49, 25, 1,[ 1, 5]],

[ 56, 5, 0,[ 2, 5]],

[ 22, 5, 0,[ 59, 2, 1, 37]],

[ 50, 5, 0,[ 3, 38]],

[ 60, 5, 0,[ 14, 2]],

[ 7, 5, 0,[ 0, 19, 2, 31]],

[ 53, 5, 0,[ 20, 62, 3]],

[ 64, 5, 0,[ 1, 17]],

[ 28, 5, 0,[ 66, 2, 73, 1, 72, 34]],

[ 80, 95, 1,[ 5, 3]],

[ 6, 5, 0,[ 65, 90, 16, 72, 1, 95, 0]],

[ 84, 65, 1,[ 16, 10]],

[ 79, 5, 0,[ 2, 20]],

[ 26, 5, 0,[ 13, 3]],

[ 48, 5, 0,[ 29, 5, 77]],

[ 2, 5, 0,[ 5, 87, 27, 25, 51, 19, 11, 8, 7, 0, 91, 28, 95, 85, 60, 14, 79, 41, 42, 22, 61, 20, 56, 92, 13, 81, 1, 3, 75]],

[ 65, 5, 0,[ 5, 6]],

[ 40, 5, 0,[ 38, 5]],

[ 62, 95, 1,[ 0, 53]],

[ 30, 5, 0,[ 57, 1, 69, 0]],

[ 5, 5, 0,[ 34, 65, 82, 98, 1, 83, 17, 2, 80, 47, 49, 48, 13, 56, 71, 40]],

[ 66, 5, 0,[ 0, 28]],

