[ 7, 65, 0,[ 31, 0, 19, 2]],

[ 37, 75, 0,[ 61, 22, 0, 78, 45]],

[ 72, 85, 0,[ 6, 81, 28]],

[ 77, 95, 0,[ 48, 10]],

[ 28, 35, 1,[ 1, 66, 72, 2, 73, 34]],

[ 64, 55, 0,[ 1, 17]],

[ 11, 5, 1,[ 2, 4, 70, 88, 73, 74, 23]],

[ 16, 55, 0,[ 32, 55, 6, 90, 84, 1]],

[ 56, 65, 0,[ 5, 2]],

[ 14, 65, 0,[ 2, 3, 60]],

[ 82, 45, 0,[ 3, 5]],

[ 99, 75, 0,[ 3, 0]],

[ 96, 55, 0,[ 57, 1]],

[ 84, 95, 0,[ 10, 16]],

[ 93, 65, 0,[ 88, 25]],

[ 45, 5, 0,[ 38, 37]],

[ 3, 45, 1,[ 4, 1, 50, 33, 80, 14, 86, 2, 29, 17, 99, 82, 44, 26, 36, 67, 10, 53, 20, 85]],

[ 98, 25, 0,[ 35, 5]],

[ 17, 45, 0,[ 5, 64, 3]],

[ 35, 55, 0,[ 32, 98, 1, 54, 58, 38]],

[ 0, 75, 1,[ 24, 99, 76, 37, 1, 66, 2, 36, 18, 30, 12, 46, 43, 7, 8, 4, 94, 62, 9, 6, 25, 71]],

[ 74, 5, 0,[ 13, 11]],

[ 48, 25, 0,[ 5, 29, 77]],

[ 54, 55, 0,[ 21, 92, 87, 91, 75, 35]],

[ 40, 25, 0,[ 38, 5]],

[ 68, 55, 0,[ 1, 46]],

[ 20, 65, 0,[ 2, 53, 3, 79]],

[ 44, 55, 0,[ 1, 3]],

[ 15, 55, 0,[ 13, 1]],

[ 19, 65, 0,[ 2, 7]],

[ 41, 65, 0,[ 18, 2]],

[ 51, 65, 0,[ 2, 38]],

[ 58, 95, 0,[ 35, 10]],

[ 39, 55, 0,[ 34, 21]],

[ 25, 65, 0,[ 93, 33, 2, 0]],

[ 90, 85, 0,[ 16, 6]],

[ 2, 65, 1,[ 95, 61, 13, 27, 60, 8, 87, 25, 85, 41, 28, 56, 92, 22, 0, 11, 1, 3, 91, 51, 42, 75, 20, 14, 5, 79, 7, 81, 19]],

[ 8, 65, 0,[ 2, 0]],

[ 61, 65, 0,[ 2, 37]],

[ 66, 75, 0,[ 28, 0]],

[ 71, 75, 0,[ 0, 5]],

[ 55, 55, 0,[ 16, 1]],

[ 12, 55, 0,[ 29, 38, 1, 0, 63]],

[ 94, 75, 0,[ 52, 0]],

[ 6, 85, 1,[ 90, 0, 1, 72, 16, 95, 65]],

[ 4, 75, 0,[ 3, 11, 0, 21]],

[ 10, 95, 1,[ 57, 77, 3, 1, 84, 58, 63]],

[ 86, 55, 0,[ 3, 1]],

[ 83, 25, 0,[ 5, 46]],

[ 60, 65, 0,[ 14, 2]],

[ 53, 45, 0,[ 3, 62, 20]],

[ 32, 55, 0,[ 35, 52, 1, 16]],

[ 38, 5, 1,[ 52, 40, 51, 45, 35, 42, 12, 50]],

[ 22, 55, 0,[ 37, 2, 59, 1]],

[ 42, 65, 0,[ 2, 38]],

[ 30, 55, 0,[ 0, 69, 1, 57]],

[ 63, 95, 0,[ 12, 10]],

[ 5, 25, 1,[ 80, 34, 13, 65, 83, 48, 49, 56, 98, 2, 71, 17, 40, 1, 47, 82]],

[ 73, 5, 0,[ 11, 28]],

[ 75, 65, 0,[ 2, 54]],

[ 59, 55, 0,[ 1, 22]],

[ 47, 55, 0,[ 5, 1]],

[ 70, 55, 0,[ 11, 1]],

[ 92, 65, 0,[ 54, 2]],

[ 88, 55, 0,[ 93, 11, 1]],

[ 1, 55, 1,[ 43, 23, 16, 86, 35, 44, 9, 22, 69, 5, 47, 55, 49, 0, 15, 30, 6, 68, 12, 46, 24, 89, 70, 88, 18, 64, 3, 2, 59, 28, 32, 27, 21, 96, 10, 97]],

[ 91, 65, 0,[ 2, 54]],

[ 67, 45, 0,[ 3, 36]],

[ 23, 55, 0,[ 11, 1]],

[ 13, 65, 0,[ 15, 5, 31, 74, 26, 2]],

[ 50, 45, 0,[ 3, 38]],

[ 43, 55, 0,[ 97, 0, 1]],

[ 97, 55, 0,[ 1, 43]],

[ 18, 55, 0,[ 0, 1, 41]],

[ 31, 65, 0,[ 7, 13]],

[ 26, 45, 0,[ 13, 3]],

[ 79, 65, 0,[ 2, 20]],

[ 78, 75, 0,[ 37, 27]],

[ 80, 45, 0,[ 5, 3]],

[ 21, 55, 0,[ 4, 39, 54, 1]],

[ 65, 25, 0,[ 6, 5]],

[ 49, 55, 0,[ 1, 5]],

[ 33, 45, 0,[ 3, 25]],

[ 87, 65, 0,[ 54, 2]],

[ 36, 45, 0,[ 0, 3, 67]],

[ 52, 5, 0,[ 76, 94, 32, 38]],

[ 27, 55, 0,[ 2, 78, 1]],

[ 62, 75, 0,[ 0, 53]],

[ 69, 55, 0,[ 30, 1]],

[ 24, 55, 0,[ 1, 0]],

[ 76, 75, 0,[ 52, 0]],

[ 95, 65, 0,[ 2, 6]],

[ 46, 55, 0,[ 83, 1, 0, 68]],

[ 81, 65, 0,[ 72, 2]],

[ 85, 65, 0,[ 3, 2]],

[ 89, 55, 0,[ 1, 9]],

[ 34, 25, 0,[ 28, 5, 39]],

[ 29, 45, 0,[ 48, 3, 12]],

[ 9, 55, 0,[ 89, 1, 0]],

[ 57, 95, 0,[ 96, 10, 30]],

