[ 75, 55, 0,[ 2, 54]],

[ 72, 5, 1,[ 81, 28, 6]],

[ 69, 35, 1,[ 30, 1]],

[ 30, 75, 1,[ 57, 1, 69, 0]],

[ 97, 35, 0,[ 1, 43]],

[ 83, 35, 0,[ 46, 5]],

[ 82, 45, 0,[ 3, 5]],

[ 17, 95, 1,[ 3, 5, 64]],

[ 16, 55, 1,[ 6, 55, 32, 90, 1, 84]],

[ 59, 15, 0,[ 1, 22]],

[ 76, 55, 0,[ 0, 52]],

[ 42, 25, 0,[ 2, 38]],

[ 2, 25, 1,[ 25, 56, 41, 87, 3, 91, 14, 13, 61, 7, 85, 75, 51, 11, 60, 79, 81, 0, 20, 19, 28, 42, 1, 8, 27, 5, 22, 92, 95]],

[ 90, 25, 0,[ 16, 6]],

[ 80, 75, 0,[ 5, 3]],

[ 96, 55, 0,[ 57, 1]],

[ 66, 15, 0,[ 28, 0]],

[ 49, 85, 0,[ 5, 1]],

[ 9, 55, 1,[ 0, 89, 1]],

[ 7, 95, 1,[ 2, 0, 19, 31]],

[ 55, 85, 0,[ 16, 1]],

[ 47, 15, 0,[ 1, 5]],

[ 27, 15, 1,[ 78, 2, 1]],

[ 38, 65, 1,[ 52, 40, 35, 12, 50, 51, 42, 45]],

[ 67, 95, 0,[ 36, 3]],

[ 44, 45, 0,[ 3, 1]],

[ 19, 95, 0,[ 7, 2]],

[ 8, 35, 1,[ 2, 0]],

[ 36, 25, 1,[ 67, 0, 3]],

[ 39, 75, 1,[ 34, 21]],

[ 12, 65, 1,[ 29, 38, 1, 0, 63]],

[ 53, 65, 1,[ 3, 62, 20]],

[ 46, 35, 1,[ 83, 1, 0, 68]],

[ 10, 65, 1,[ 57, 84, 77, 3, 63, 1, 58]],

[ 28, 65, 1,[ 72, 2, 66, 73, 1, 34]],

[ 0, 55, 1,[ 9, 25, 8, 1, 37, 43, 99, 76, 94, 62, 18, 12, 71, 66, 46, 6, 30, 4, 24, 2, 36, 7]],

[ 24, 65, 0,[ 1, 0]],

[ 54, 5, 1,[ 75, 91, 87, 35, 92, 21]],

[ 74, 85, 1,[ 13, 11]],

[ 45, 55, 0,[ 38, 37]],

[ 58, 65, 0,[ 35, 10]],

[ 23, 55, 0,[ 11, 1]],

[ 21, 5, 1,[ 1, 39, 54, 4]],

[ 50, 85, 0,[ 3, 38]],

[ 64, 35, 0,[ 1, 17]],

[ 15, 5, 0,[ 13, 1]],

[ 99, 15, 0,[ 0, 3]],

[ 11, 55, 1,[ 74, 23, 70, 73, 88, 4, 2]],

[ 93, 75, 0,[ 25, 88]],

[ 35, 65, 1,[ 32, 1, 54, 38, 58, 98]],

[ 79, 95, 0,[ 20, 2]],

[ 77, 55, 0,[ 48, 10]],

[ 73, 25, 0,[ 11, 28]],

[ 65, 25, 0,[ 5, 6]],

[ 56, 5, 0,[ 5, 2]],

[ 62, 75, 0,[ 53, 0]],

[ 22, 55, 1,[ 59, 1, 2, 37]],

[ 1, 45, 1,[ 35, 28, 10, 97, 55, 3, 0, 43, 70, 18, 12, 44, 69, 24, 22, 30, 49, 23, 6, 64, 86, 88, 68, 32, 9, 89, 46, 5, 96, 2, 59, 16, 15, 21, 27, 47]],

[ 13, 65, 1,[ 5, 15, 2, 26, 31, 74]],

[ 14, 45, 1,[ 60, 3, 2]],

[ 85, 35, 0,[ 2, 3]],

[ 91, 95, 1,[ 54, 2]],

[ 78, 15, 0,[ 37, 27]],

[ 86, 5, 0,[ 3, 1]],

[ 33, 95, 1,[ 25, 3]],

[ 87, 45, 0,[ 2, 54]],

[ 51, 5, 1,[ 2, 38]],

[ 26, 95, 0,[ 3, 13]],

[ 92, 35, 0,[ 2, 54]],

[ 61, 75, 0,[ 2, 37]],

[ 20, 15, 1,[ 53, 2, 3, 79]],

[ 52, 95, 1,[ 94, 76, 38, 32]],

[ 4, 85, 1,[ 3, 21, 0, 11]],

[ 41, 25, 0,[ 18, 2]],

[ 43, 65, 1,[ 0, 1, 97]],

[ 63, 65, 0,[ 12, 10]],

[ 68, 75, 1,[ 46, 1]],

[ 25, 95, 1,[ 0, 2, 33, 93]],

[ 37, 15, 1,[ 61, 45, 0, 22, 78]],

[ 18, 5, 1,[ 0, 1, 41]],

[ 29, 95, 1,[ 48, 3, 12]],

[ 89, 95, 0,[ 1, 9]],

[ 84, 95, 0,[ 16, 10]],

[ 31, 55, 1,[ 7, 13]],

[ 34, 65, 1,[ 28, 39, 5]],

[ 71, 45, 0,[ 5, 0]],

[ 98, 65, 0,[ 35, 5]],

[ 88, 15, 1,[ 1, 11, 93]],

[ 60, 95, 0,[ 2, 14]],

[ 57, 55, 1,[ 10, 96, 30]],

[ 3, 75, 1,[ 14, 10, 86, 44, 50, 99, 29, 26, 4, 85, 80, 2, 1, 82, 53, 36, 33, 20, 67, 17]],

[ 6, 5, 1,[ 95, 90, 65, 1, 0, 72, 16]],

[ 94, 15, 1,[ 52, 0]],

[ 32, 75, 1,[ 1, 52, 16, 35]],

[ 48, 5, 1,[ 5, 29, 77]],

[ 70, 15, 0,[ 1, 11]],

[ 5, 65, 1,[ 56, 2, 47, 71, 65, 13, 34, 49, 40, 98, 17, 48, 1, 82, 83, 80]],

[ 40, 65, 0,[ 38, 5]],

[ 81, 75, 0,[ 72, 2]],

[ 95, 25, 0,[ 6, 2]],

