[ 50, 55, 1,[ 38, 3]],

[ 4, 15, 0,[ 21, 0, 11, 3]],

[ 74, 5, 1,[ 11, 13]],

[ 78, 15, 0,[ 37, 27]],

[ 5, 15, 0,[ 56, 1, 65, 71, 49, 17, 47, 83, 40, 48, 98, 2, 34, 80, 82, 13]],

[ 72, 15, 0,[ 28, 6, 81]],

[ 61, 15, 0,[ 37, 2]],

[ 69, 15, 0,[ 1, 30]],

[ 64, 15, 0,[ 1, 17]],

[ 93, 15, 0,[ 88, 25]],

[ 75, 15, 0,[ 54, 2]],

[ 59, 15, 0,[ 1, 22]],

[ 48, 15, 0,[ 29, 5, 77]],

[ 49, 15, 0,[ 1, 5]],

[ 66, 15, 0,[ 0, 28]],

[ 99, 15, 0,[ 3, 0]],

[ 25, 15, 0,[ 2, 0, 33, 93]],

[ 15, 15, 0,[ 13, 1]],

[ 57, 15, 0,[ 96, 10, 30]],

[ 33, 15, 0,[ 25, 3]],

[ 58, 5, 1,[ 10, 35]],

[ 34, 15, 0,[ 28, 39, 5]],

[ 87, 15, 0,[ 54, 2]],

[ 68, 15, 0,[ 1, 46]],

[ 54, 15, 0,[ 92, 35, 21, 75, 87, 91]],

[ 63, 15, 0,[ 10, 12]],

[ 38, 15, 0,[ 52, 40, 35, 50, 42, 45, 12, 51]],

[ 36, 15, 0,[ 67, 3, 0]],

[ 23, 15, 0,[ 11, 1]],

[ 51, 15, 0,[ 2, 38]],

[ 90, 15, 0,[ 6, 16]],

[ 27, 15, 0,[ 1, 78, 2]],

[ 29, 15, 0,[ 3, 48, 12]],

[ 39, 15, 0,[ 21, 34]],

[ 6, 15, 0,[ 72, 16, 0, 65, 95, 90, 1]],

[ 1, 15, 0,[ 30, 55, 22, 69, 49, 89, 97, 0, 44, 6, 43, 46, 68, 35, 59, 10, 24, 28, 12, 2, 70, 5, 16, 96, 88, 21, 27, 86, 64, 23, 9, 18, 15, 32, 3, 47]],

[ 53, 15, 0,[ 3, 62, 20]],

[ 7, 15, 0,[ 31, 19, 2, 0]],

[ 46, 15, 0,[ 0, 83, 1, 68]],

[ 55, 15, 0,[ 16, 1]],

[ 30, 15, 0,[ 0, 1, 69, 57]],

[ 0, 15, 0,[ 36, 71, 25, 99, 66, 1, 12, 7, 76, 18, 2, 4, 6, 37, 46, 94, 62, 24, 30, 43, 9, 8]],

[ 79, 15, 0,[ 20, 2]],

[ 21, 15, 0,[ 1, 54, 39, 4]],

[ 20, 15, 0,[ 3, 2, 79, 53]],

[ 18, 15, 0,[ 41, 0, 1]],

[ 67, 15, 0,[ 3, 36]],

[ 11, 15, 0,[ 88, 73, 23, 74, 4, 70, 2]],

[ 96, 55, 1,[ 57, 1]],

[ 43, 15, 0,[ 97, 1, 0]],

[ 10, 15, 0,[ 77, 3, 58, 57, 63, 84, 1]],

[ 13, 15, 0,[ 31, 5, 74, 2, 15, 26]],

[ 19, 15, 0,[ 7, 2]],

[ 76, 35, 1,[ 0, 52]],

[ 16, 15, 0,[ 55, 90, 1, 84, 32, 6]],

[ 71, 95, 1,[ 5, 0]],

[ 22, 15, 0,[ 1, 59, 37, 2]],

[ 41, 15, 0,[ 18, 2]],

[ 52, 15, 0,[ 94, 76, 32, 38]],

[ 81, 95, 1,[ 2, 72]],

[ 56, 15, 0,[ 2, 5]],

[ 86, 15, 0,[ 1, 3]],

[ 84, 15, 0,[ 16, 10]],

[ 26, 15, 0,[ 3, 13]],

[ 91, 15, 0,[ 54, 2]],

[ 17, 15, 0,[ 3, 64, 5]],

[ 14, 15, 0,[ 3, 2, 60]],

[ 80, 85, 1,[ 5, 3]],

[ 73, 15, 0,[ 28, 11]],

[ 2, 15, 0,[ 0, 56, 91, 27, 8, 42, 51, 14, 85, 87, 3, 1, 92, 11, 7, 41, 22, 75, 20, 79, 60, 81, 25, 61, 19, 5, 28, 13, 95]],

[ 9, 15, 0,[ 1, 0, 89]],

[ 92, 15, 0,[ 2, 54]],

[ 45, 15, 0,[ 37, 38]],

[ 89, 15, 0,[ 1, 9]],

[ 40, 15, 0,[ 5, 38]],

[ 32, 15, 0,[ 35, 1, 52, 16]],

[ 95, 15, 0,[ 6, 2]],

[ 62, 15, 0,[ 53, 0]],

[ 3, 15, 0,[ 4, 2, 29, 14, 67, 33, 26, 17, 1, 82, 80, 99, 10, 44, 53, 50, 36, 86, 20, 85]],

[ 28, 15, 0,[ 72, 73, 1, 2, 66, 34]],

[ 37, 15, 0,[ 0, 78, 22, 45, 61]],

[ 65, 15, 0,[ 5, 6]],

[ 8, 15, 0,[ 0, 2]],

[ 35, 15, 0,[ 32, 58, 1, 54, 98, 38]],

[ 70, 15, 0,[ 1, 11]],

[ 98, 15, 0,[ 35, 5]],

[ 31, 15, 0,[ 7, 13]],

[ 12, 15, 0,[ 38, 0, 29, 1, 63]],

[ 42, 15, 0,[ 2, 38]],

[ 94, 55, 1,[ 52, 0]],

[ 83, 15, 0,[ 5, 46]],

[ 44, 15, 0,[ 3, 1]],

[ 47, 15, 0,[ 1, 5]],

[ 97, 75, 1,[ 1, 43]],

[ 77, 15, 0,[ 10, 48]],

[ 60, 15, 0,[ 14, 2]],

[ 24, 15, 0,[ 0, 1]],

[ 88, 15, 0,[ 11, 93, 1]],

[ 82, 15, 0,[ 3, 5]],

[ 85, 15, 0,[ 3, 2]],

