[ 10, 95, 0,[ 57, 84, 77, 3, 1, 63, 58]],

[ 40, 95, 0,[ 5, 38]],

[ 4, 95, 0,[ 0, 21, 3, 11]],

[ 92, 15, 1,[ 54, 2]],

[ 96, 15, 1,[ 1, 57]],

[ 76, 85, 1,[ 0, 52]],

[ 12, 95, 0,[ 0, 29, 63, 38, 1]],

[ 77, 95, 1,[ 48, 10]],

[ 34, 95, 0,[ 28, 39, 5]],

[ 20, 95, 0,[ 2, 53, 79, 3]],

[ 51, 85, 1,[ 38, 2]],

[ 55, 75, 1,[ 1, 16]],

[ 82, 35, 1,[ 5, 3]],

[ 57, 95, 0,[ 30, 10, 96]],

[ 7, 95, 0,[ 0, 19, 31, 2]],

[ 66, 35, 1,[ 28, 0]],

[ 24, 15, 1,[ 0, 1]],

[ 47, 65, 1,[ 1, 5]],

[ 52, 95, 0,[ 32, 38, 94, 76]],

[ 81, 75, 1,[ 2, 72]],

[ 69, 15, 1,[ 30, 1]],

[ 18, 95, 0,[ 1, 41, 0]],

[ 22, 95, 0,[ 2, 59, 1, 37]],

[ 39, 45, 1,[ 21, 34]],

[ 73, 15, 1,[ 11, 28]],

[ 11, 95, 0,[ 2, 23, 70, 74, 4, 88, 73]],

[ 85, 85, 1,[ 2, 3]],

[ 19, 15, 1,[ 2, 7]],

[ 62, 5, 1,[ 53, 0]],

[ 70, 15, 1,[ 11, 1]],

[ 9, 95, 0,[ 89, 0, 1]],

[ 41, 75, 1,[ 18, 2]],

[ 28, 95, 0,[ 72, 34, 73, 2, 66, 1]],

[ 13, 95, 0,[ 31, 2, 26, 74, 5, 15]],

[ 67, 85, 1,[ 3, 36]],

[ 48, 95, 0,[ 77, 29, 5]],

[ 84, 5, 1,[ 16, 10]],

[ 90, 85, 1,[ 16, 6]],

[ 86, 95, 1,[ 1, 3]],

[ 64, 95, 1,[ 1, 17]],

[ 80, 95, 0,[ 3, 5]],

[ 43, 95, 0,[ 1, 97, 0]],

[ 33, 45, 1,[ 25, 3]],

[ 93, 35, 1,[ 25, 88]],

[ 38, 95, 0,[ 50, 40, 35, 51, 12, 52, 45, 42]],

[ 49, 35, 1,[ 5, 1]],

[ 31, 35, 1,[ 13, 7]],

[ 5, 95, 0,[ 17, 40, 83, 80, 65, 98, 2, 47, 1, 71, 56, 34, 49, 82, 48, 13]],

[ 2, 95, 0,[ 95, 87, 41, 61, 79, 28, 20, 56, 27, 60, 92, 7, 5, 11, 19, 91, 3, 81, 25, 42, 13, 14, 51, 75, 0, 1, 8, 85, 22]],

[ 97, 15, 1,[ 1, 43]],

[ 32, 95, 0,[ 16, 35, 52, 1]],

[ 72, 95, 0,[ 28, 81, 6]],

[ 68, 85, 1,[ 1, 46]],

[ 16, 95, 0,[ 90, 6, 84, 1, 55, 32]],

[ 95, 25, 1,[ 6, 2]],

[ 56, 95, 0,[ 2, 5]],

[ 8, 55, 1,[ 0, 2]],

[ 75, 95, 0,[ 54, 2]],

[ 89, 95, 1,[ 9, 1]],

[ 27, 95, 0,[ 2, 78, 1]],

[ 15, 65, 1,[ 13, 1]],

[ 0, 95, 0,[ 37, 1, 7, 94, 46, 66, 30, 76, 62, 36, 18, 9, 12, 99, 6, 71, 43, 8, 25, 2, 24, 4]],

[ 98, 65, 1,[ 5, 35]],

[ 53, 95, 0,[ 3, 62, 20]],

[ 71, 55, 1,[ 5, 0]],

[ 99, 45, 1,[ 0, 3]],

[ 26, 95, 0,[ 3, 13]],

[ 21, 95, 0,[ 1, 54, 39, 4]],

[ 46, 95, 0,[ 0, 68, 1, 83]],

[ 59, 95, 0,[ 1, 22]],

[ 74, 45, 1,[ 11, 13]],

[ 45, 95, 1,[ 37, 38]],

[ 83, 35, 1,[ 5, 46]],

[ 88, 95, 0,[ 11, 93, 1]],

[ 6, 95, 0,[ 16, 72, 90, 95, 0, 1, 65]],

[ 87, 5, 1,[ 54, 2]],

[ 78, 65, 1,[ 37, 27]],

[ 61, 95, 0,[ 37, 2]],

[ 29, 95, 0,[ 3, 12, 48]],

[ 17, 95, 0,[ 3, 5, 64]],

[ 63, 95, 1,[ 10, 12]],

[ 36, 95, 0,[ 3, 0, 67]],

[ 37, 95, 0,[ 22, 0, 45, 61, 78]],

[ 91, 25, 1,[ 54, 2]],

[ 30, 95, 0,[ 69, 0, 1, 57]],

[ 54, 95, 0,[ 75, 92, 21, 87, 35, 91]],

[ 35, 95, 0,[ 98, 58, 1, 38, 32, 54]],

[ 65, 5, 1,[ 5, 6]],

[ 94, 95, 1,[ 0, 52]],

[ 44, 95, 0,[ 1, 3]],

[ 58, 5, 1,[ 35, 10]],

[ 79, 95, 0,[ 20, 2]],

[ 50, 45, 1,[ 38, 3]],

[ 3, 95, 0,[ 4, 17, 85, 10, 99, 20, 1, 36, 14, 80, 44, 29, 82, 53, 86, 2, 50, 67, 26, 33]],

[ 25, 95, 0,[ 2, 0, 33, 93]],

[ 42, 95, 1,[ 38, 2]],

[ 60, 85, 1,[ 2, 14]],

[ 14, 95, 0,[ 60, 2, 3]],

[ 23, 95, 0,[ 1, 11]],

[ 1, 95, 0,[ 70, 69, 32, 27, 10, 88, 35, 0, 96, 64, 46, 47, 30, 68, 9, 18, 3, 2, 49, 22, 86, 55, 5, 6, 97, 44, 89, 16, 21, 23, 12, 28, 59, 15, 24, 43]],

