[ 31, 65, 0,[ 13, 7]],

[ 52, 65, 0,[ 76, 38, 94, 32]],

[ 69, 5, 0,[ 30, 1]],

[ 79, 65, 0,[ 20, 2]],

[ 50, 95, 0,[ 3, 38]],

[ 77, 95, 0,[ 10, 48]],

[ 54, 35, 1,[ 35, 87, 92, 75, 91, 21]],

[ 58, 95, 0,[ 10, 35]],

[ 0, 65, 1,[ 9, 66, 62, 99, 12, 18, 37, 8, 1, 30, 25, 36, 46, 24, 94, 2, 43, 6, 76, 71, 7, 4]],

[ 81, 65, 0,[ 2, 72]],

[ 23, 85, 0,[ 1, 11]],

[ 87, 35, 0,[ 2, 54]],

[ 44, 95, 0,[ 3, 1]],

[ 25, 65, 0,[ 33, 2, 93, 0]],

[ 66, 65, 0,[ 0, 28]],

[ 10, 95, 1,[ 63, 3, 57, 58, 84, 77, 1]],

[ 41, 65, 0,[ 2, 18]],

[ 93, 65, 0,[ 88, 25]],

[ 48, 95, 0,[ 5, 77, 29]],

[ 68, 5, 0,[ 46, 1]],

[ 57, 5, 0,[ 96, 30, 10]],

[ 14, 65, 0,[ 60, 3, 2]],

[ 37, 65, 0,[ 78, 61, 45, 22, 0]],

[ 33, 65, 0,[ 3, 25]],

[ 2, 65, 1,[ 79, 95, 0, 81, 51, 25, 91, 75, 1, 13, 5, 27, 20, 56, 61, 22, 19, 28, 8, 92, 87, 14, 60, 3, 42, 85, 11, 41, 7]],

[ 3, 95, 1,[ 99, 82, 29, 67, 36, 85, 50, 26, 4, 14, 44, 53, 80, 2, 17, 1, 10, 33, 86, 20]],

[ 12, 95, 0,[ 63, 0, 1, 38, 29]],

[ 16, 5, 0,[ 6, 90, 1, 55, 32, 84]],

[ 86, 95, 0,[ 3, 1]],

[ 7, 65, 0,[ 19, 2, 0, 31]],

[ 46, 5, 0,[ 1, 68, 0, 83]],

[ 29, 95, 0,[ 12, 3, 48]],

[ 21, 65, 0,[ 1, 39, 54, 4]],

[ 20, 65, 0,[ 3, 79, 2, 53]],

[ 61, 65, 0,[ 37, 2]],

[ 92, 35, 0,[ 54, 2]],

[ 8, 65, 0,[ 0, 2]],

[ 43, 5, 0,[ 1, 0, 97]],

[ 89, 5, 0,[ 9, 1]],

[ 76, 65, 0,[ 0, 52]],

[ 91, 35, 0,[ 2, 54]],

[ 97, 5, 0,[ 1, 43]],

[ 6, 65, 1,[ 1, 65, 0, 95, 90, 16, 72]],

[ 35, 5, 0,[ 38, 58, 98, 32, 1, 54]],

[ 64, 95, 0,[ 17, 1]],

[ 24, 5, 0,[ 1, 0]],

[ 90, 5, 0,[ 16, 6]],

[ 67, 95, 0,[ 3, 36]],

[ 62, 65, 0,[ 0, 53]],

[ 53, 65, 0,[ 62, 3, 20]],

[ 85, 65, 0,[ 2, 3]],

[ 36, 95, 0,[ 3, 0, 67]],

[ 98, 75, 0,[ 35, 5]],

[ 27, 65, 0,[ 1, 78, 2]],

[ 34, 65, 0,[ 28, 39, 5]],

[ 5, 75, 1,[ 34, 82, 83, 17, 71, 13, 47, 80, 48, 40, 2, 65, 98, 1, 49, 56]],

[ 42, 55, 0,[ 2, 38]],

[ 19, 65, 0,[ 2, 7]],

[ 83, 5, 0,[ 5, 46]],

[ 38, 55, 1,[ 51, 12, 50, 40, 45, 52, 35, 42]],

[ 78, 65, 0,[ 27, 37]],

[ 99, 65, 0,[ 3, 0]],

[ 82, 75, 0,[ 3, 5]],

[ 30, 5, 0,[ 57, 1, 69, 0]],

[ 39, 65, 0,[ 21, 34]],

[ 88, 5, 0,[ 1, 93, 11]],

[ 59, 5, 0,[ 22, 1]],

[ 65, 75, 0,[ 5, 6]],

[ 49, 5, 0,[ 5, 1]],

[ 28, 65, 0,[ 2, 34, 66, 72, 1, 73]],

[ 40, 55, 0,[ 5, 38]],

[ 26, 95, 0,[ 3, 13]],

[ 95, 65, 0,[ 2, 6]],

[ 17, 95, 0,[ 3, 5, 64]],

[ 74, 65, 0,[ 13, 11]],

[ 32, 5, 0,[ 52, 1, 35, 16]],

[ 71, 65, 0,[ 0, 5]],

[ 55, 5, 0,[ 16, 1]],

[ 51, 65, 0,[ 2, 38]],

[ 15, 65, 0,[ 1, 13]],

[ 22, 5, 0,[ 1, 2, 37, 59]],

[ 80, 75, 0,[ 3, 5]],

[ 60, 65, 0,[ 2, 14]],

[ 84, 5, 0,[ 10, 16]],

[ 63, 95, 0,[ 10, 12]],

[ 75, 35, 0,[ 54, 2]],

[ 96, 5, 0,[ 57, 1]],

[ 1, 5, 1,[ 47, 55, 64, 2, 49, 15, 30, 44, 3, 89, 96, 23, 86, 35, 70, 32, 18, 16, 9, 22, 24, 28, 10, 12, 27, 59, 88, 6, 97, 69, 5, 43, 46, 68, 21, 0]],

[ 45, 55, 0,[ 38, 37]],

[ 9, 5, 0,[ 1, 89, 0]],

[ 72, 65, 0,[ 81, 28, 6]],

[ 56, 75, 0,[ 2, 5]],

[ 18, 65, 0,[ 1, 0, 41]],

[ 13, 65, 0,[ 2, 26, 15, 31, 5, 74]],

[ 73, 85, 0,[ 28, 11]],

[ 94, 65, 0,[ 52, 0]],

[ 4, 65, 0,[ 3, 21, 0, 11]],

[ 47, 75, 0,[ 1, 5]],

[ 11, 85, 1,[ 2, 70, 4, 73, 88, 74, 23]],

[ 70, 5, 0,[ 1, 11]],

