[ 33, 85, 0,[ 76, 43, 6]],

[ 6, 15, 1,[ 33, 5, 47]],

[ 96, 95, 0,[ 5, 42, 98]],

[ 69, 95, 0,[ 42, 34, 66, 67]],

[ 85, 65, 0,[ 95, 25, 40]],

[ 75, 95, 0,[ 45, 78, 37]],

[ 99, 95, 0,[ 40, 7]],

[ 21, 55, 1,[ 23, 90, 77, 44]],

[ 91, 65, 0,[ 53, 22, 93]],

[ 89, 65, 0,[ 24, 54, 46]],

[ 0, 35, 1,[ 95, 92, 39, 50, 20, 42]],

[ 71, 65, 1,[ 31, 3, 97]],

[ 55, 95, 0,[ 52, 37, 27, 60]],

[ 76, 65, 0,[ 33, 51, 25]],

[ 67, 25, 0,[ 53, 48, 69]],

[ 82, 65, 0,[ 37, 94, 23]],

[ 59, 65, 0,[ 41, 61, 2, 40]],

[ 44, 95, 0,[ 21, 40, 49]],

[ 19, 65, 0,[ 25, 13, 35]],

[ 88, 85, 1,[ 72, 77, 35, 27]],

[ 9, 45, 1,[ 95, 54, 5]],

[ 28, 85, 1,[ 61, 4, 86]],

[ 93, 15, 1,[ 91, 56, 63, 57, 72]],

[ 43, 45, 1,[ 70, 33, 62, 74, 98, 49]],

[ 46, 25, 1,[ 89, 10, 61]],

[ 61, 5, 1,[ 46, 81, 59, 23, 28]],

[ 27, 25, 1,[ 94, 55, 26, 88, 84]],

[ 94, 65, 0,[ 20, 14, 27, 82]],

[ 26, 15, 0,[ 98, 17, 27]],

[ 52, 85, 1,[ 55, 58, 64]],

[ 51, 65, 0,[ 78, 25, 34, 76]],

[ 50, 15, 0,[ 0, 30, 34]],

[ 15, 95, 0,[ 39, 34, 22]],

[ 48, 25, 1,[ 63, 20, 83, 97, 67]],

[ 53, 25, 1,[ 68, 91, 67, 38]],

[ 79, 15, 0,[ 77, 18, 29]],

[ 20, 95, 1,[ 0, 48, 94]],

[ 62, 95, 0,[ 97, 12, 43]],

[ 97, 95, 0,[ 71, 22, 48, 62]],

[ 39, 65, 1,[ 15, 70, 0, 32]],

[ 45, 35, 0,[ 25, 17, 16, 75]],

[ 13, 95, 1,[ 19, 3, 32]],

[ 49, 65, 0,[ 7, 44, 65, 43]],

[ 57, 65, 1,[ 93, 18, 17, 35]],

[ 60, 75, 0,[ 65, 55, 16]],

[ 1, 5, 1,[ 80, 25, 66, 8, 2]],

[ 7, 15, 1,[ 49, 84, 10, 99]],

[ 29, 15, 1,[ 4, 92, 79]],

[ 34, 15, 1,[ 15, 50, 66, 2, 51, 69]],

[ 11, 75, 1,[ 68, 86, 64]],

[ 83, 95, 0,[ 16, 10, 48]],

[ 3, 5, 1,[ 13, 71, 87]],

[ 42, 95, 0,[ 90, 96, 0, 69]],

[ 95, 85, 0,[ 9, 85, 0]],

[ 58, 5, 0,[ 73, 52]],

[ 54, 55, 1,[ 9, 47, 84, 89]],

[ 22, 95, 1,[ 91, 15, 97, 74, 81]],

[ 23, 65, 0,[ 82, 61, 21]],

[ 98, 5, 0,[ 14, 43, 96, 8, 26]],

[ 38, 95, 1,[ 36, 53, 8, 87, 80]],

[ 64, 95, 1,[ 4, 11, 70, 52]],

[ 14, 35, 1,[ 12, 98, 94]],

[ 8, 55, 1,[ 1, 98, 38]],

[ 40, 95, 0,[ 68, 59, 44, 99, 85]],

[ 5, 75, 1,[ 9, 96, 6]],

[ 56, 5, 1,[ 84, 93, 65]],

[ 87, 65, 0,[ 3, 38, 30]],

[ 77, 95, 0,[ 88, 79, 21]],

[ 36, 95, 1,[ 38, 78, 92]],

[ 90, 65, 0,[ 21, 16, 42]],

[ 65, 75, 1,[ 56, 81, 73, 60, 35, 49]],

[ 35, 45, 1,[ 57, 88, 32, 19, 65]],

[ 16, 15, 1,[ 45, 83, 60, 90]],

[ 70, 95, 0,[ 12, 64, 43, 39]],

[ 73, 5, 0,[ 31, 58, 78, 65]],

[ 74, 95, 0,[ 86, 22, 63, 43]],

[ 4, 65, 1,[ 64, 29, 28, 31]],

[ 81, 65, 0,[ 61, 65, 22]],

[ 31, 25, 1,[ 73, 71, 24, 4]],

[ 86, 95, 0,[ 74, 28, 11]],

[ 72, 65, 1,[ 30, 88, 93]],

[ 78, 65, 1,[ 18, 73, 75, 51, 36]],

[ 66, 5, 0,[ 34, 1, 41, 69]],

[ 47, 85, 0,[ 6, 54, 25]],

[ 17, 35, 1,[ 45, 26, 57, 41]],

[ 24, 65, 0,[ 89, 31]],

[ 12, 35, 1,[ 14, 70, 62]],

[ 80, 45, 0,[ 37, 38, 1]],

[ 10, 65, 1,[ 7, 46, 83]],

[ 68, 95, 0,[ 11, 40, 53]],

[ 18, 85, 1,[ 79, 57, 78]],

[ 32, 95, 1,[ 13, 39, 35]],

[ 92, 15, 0,[ 0, 29, 36]],

[ 84, 65, 0,[ 27, 54, 56, 7]],

[ 30, 55, 1,[ 72, 50, 87]],

[ 25, 5, 1,[ 85, 76, 19, 47, 45, 1, 51]],

[ 37, 45, 1,[ 80, 55, 75, 82]],

[ 41, 65, 0,[ 59, 66, 17]],

[ 63, 95, 0,[ 93, 48, 74]],

[ 2, 15, 1,[ 1, 34, 59]],

