[ 68, 5, 0,[ 91, 83, 99, 78, 1, 35]],

[ 71, 55, 0,[ 40, 56, 14, 69]],

[ 15, 5, 0,[ 32, 87, 29]],

[ 31, 55, 1,[ 35, 77, 36, 58, 67, 82, 33, 38]],

[ 90, 5, 0,[ 9, 72, 73]],

[ 21, 5, 0,[ 30, 11, 10]],

[ 6, 5, 0,[ 47, 1, 75]],

[ 35, 35, 0,[ 31, 68, 80]],

[ 73, 35, 0,[ 24, 57, 90]],

[ 67, 55, 0,[ 83, 87, 31]],

[ 91, 5, 0,[ 70, 68, 50]],

[ 27, 45, 0,[ 61, 82, 83, 80]],

[ 25, 5, 0,[ 74, 1, 61]],

[ 61, 55, 1,[ 17, 87, 25, 53, 27]],

[ 37, 5, 0,[ 96, 83, 99]],

[ 84, 25, 0,[ 69, 87, 81]],

[ 20, 35, 0,[ 48, 87, 57]],

[ 18, 85, 0,[ 75, 16, 87, 64, 30]],

[ 57, 35, 0,[ 73, 20, 83]],

[ 95, 85, 0,[ 75, 5, 99]],

[ 75, 35, 1,[ 94, 80, 54, 33, 6, 42, 18, 23, 95, 59, 98, 19]],

[ 17, 55, 0,[ 40, 23, 61]],

[ 72, 5, 0,[ 90, 54, 88, 38, 39]],

[ 53, 5, 0,[ 61, 99, 88]],

[ 69, 25, 1,[ 84, 85, 28, 88, 32, 71, 51, 58, 78, 41, 39]],

[ 97, 5, 0,[ 14, 74, 99, 7]],

[ 82, 45, 1,[ 44, 31, 27]],

[ 39, 5, 0,[ 50, 87, 72, 41, 69]],

[ 9, 5, 0,[ 8, 65, 90]],

[ 4, 5, 0,[ 42, 88, 19]],

[ 44, 45, 1,[ 29, 82, 78]],

[ 46, 5, 0,[ 11, 23, 36]],

[ 77, 5, 0,[ 54, 85, 31]],

[ 23, 35, 0,[ 75, 46, 17, 28]],

[ 28, 35, 0,[ 69, 23, 13, 48]],

[ 62, 85, 0,[ 87, 55, 2]],

[ 22, 85, 0,[ 51, 34, 87]],

[ 86, 5, 0,[ 43, 14, 65, 10]],

[ 88, 5, 0,[ 53, 72, 4, 69, 99]],

[ 94, 55, 0,[ 99, 75, 2]],

[ 47, 5, 0,[ 11, 49, 45, 6]],

[ 87, 85, 1,[ 22, 67, 89, 61, 42, 20, 65, 11, 92, 39, 62, 18, 15, 43, 84]],

[ 29, 5, 0,[ 44, 81, 63, 15]],

[ 76, 55, 0,[ 40, 34, 33]],

[ 30, 5, 0,[ 18, 7, 21, 42]],

[ 19, 5, 0,[ 4, 55, 92, 79, 26, 75]],

[ 10, 5, 0,[ 21, 86, 85]],

[ 74, 5, 0,[ 25, 97, 79]],

[ 60, 5, 0,[ 99, 98, 12]],

[ 80, 35, 0,[ 66, 48, 35, 26, 75, 27, 38]],

[ 3, 5, 0,[]],

[ 40, 55, 0,[ 17, 76, 71]],

[ 96, 5, 0,[ 37, 63]],

[ 54, 5, 0,[ 77, 75, 66, 72]],

[ 48, 35, 0,[ 28, 20, 80]],

[ 83, 25, 1,[ 63, 68, 52, 27, 67, 57, 37, 93]],

[ 64, 85, 0,[ 18, 51, 5]],

[ 66, 35, 0,[ 13, 80, 54]],

[ 89, 85, 0,[ 87, 11, 5]],

[ 7, 5, 0,[ 97, 99, 30]],

[ 92, 85, 0,[ 87, 19, 33]],

[ 55, 5, 0,[ 62, 19, 98, 41]],

[ 2, 55, 0,[ 94, 62, 32]],

[ 58, 55, 0,[ 69, 31, 50]],

[ 42, 5, 0,[ 4, 50, 99, 75, 30, 87]],

[ 51, 85, 0,[ 22, 69, 24, 64]],

[ 41, 5, 0,[ 39, 55, 69]],

[ 5, 85, 0,[ 64, 93, 45, 89, 95]],

[ 38, 35, 0,[ 72, 80, 31]],

[ 26, 5, 0,[ 80, 65, 19]],

[ 49, 55, 0,[ 65, 47]],

[ 36, 55, 0,[ 31, 46]],

[ 43, 85, 0,[ 34, 87, 86]],

[ 81, 5, 0,[ 84, 98, 29]],

[ 70, 5, 0,[ 91, 8, 99]],

[ 65, 55, 1,[ 49, 87, 9, 86, 99, 56, 26, 32, 0]],

[ 34, 85, 0,[ 99, 22, 43, 76]],

[ 1, 5, 0,[ 6, 68, 25]],

[ 93, 25, 0,[ 83, 5]],

[ 50, 5, 0,[ 91, 39, 58, 42]],

[ 11, 5, 0,[ 46, 87, 89, 21, 47]],

[ 45, 85, 0,[ 59, 5, 47]],

[ 0, 55, 0,[ 99, 65]],

[ 98, 5, 0,[ 81, 79, 60, 55, 75]],

[ 78, 5, 0,[ 69, 68, 44]],

[ 14, 5, 0,[ 71, 97, 86]],

[ 52, 5, 0,[ 99, 83, 16]],

[ 99, 5, 1,[ 97, 60, 65, 0, 95, 42, 53, 94, 7, 88, 12, 68, 34, 52, 70, 37]],

[ 12, 5, 0,[ 60, 8, 99, 56]],

[ 85, 5, 0,[ 77, 10, 69]],

[ 32, 55, 0,[ 69, 15, 65, 2]],

[ 59, 85, 0,[ 75, 16, 45]],

[ 24, 35, 0,[ 13, 73, 51]],

[ 16, 85, 0,[ 18, 52, 59]],

[ 13, 35, 0,[ 66, 28, 24]],

[ 56, 55, 0,[ 12, 65, 71]],

[ 8, 5, 0,[ 12, 9, 70]],

[ 33, 55, 0,[ 75, 76, 31, 92]],

[ 63, 5, 0,[ 83, 96, 29]],

[ 79, 5, 0,[ 98, 74, 19]],

