[ 78, 45, 0,[ 61, 66, 72]],

[ 76, 95, 0,[ 48, 51, 47, 62, 28]],

[ 99, 95, 0,[ 14, 37, 91]],

[ 62, 95, 0,[ 72, 97, 33, 69, 76, 44]],

[ 10, 35, 1,[ 17, 27, 9]],

[ 15, 95, 1,[ 30, 36, 1]],

[ 32, 45, 1,[ 1, 92, 75, 87]],

[ 74, 75, 1,[ 12, 93, 84, 94]],

[ 40, 75, 0,[ 8, 84, 11]],

[ 69, 65, 0,[ 82, 8, 62]],

[ 3, 75, 1,[ 39, 55, 31]],

[ 9, 25, 1,[ 95, 10, 22, 58]],

[ 5, 25, 1,[ 54, 37, 79]],

[ 14, 65, 1,[ 99, 91, 67, 82]],

[ 68, 65, 1,[ 97, 50, 7, 47, 45]],

[ 51, 5, 0,[ 76, 26, 25, 61]],

[ 18, 75, 1,[ 98, 85, 63]],

[ 6, 15, 1,[ 80, 94, 16]],

[ 48, 15, 1,[ 34, 93, 81, 76, 97]],

[ 4, 55, 1,[ 31, 12, 49, 0]],

[ 25, 45, 1,[ 51, 88, 12, 1]],

[ 66, 85, 0,[ 89, 78, 57]],

[ 96, 95, 0,[ 59, 13, 38, 2, 37]],

[ 33, 95, 0,[ 62, 73, 92, 49, 77, 47]],

[ 43, 65, 1,[ 63, 2, 46]],

[ 54, 35, 1,[ 45, 65, 37, 5]],

[ 38, 25, 1,[ 96, 11, 23]],

[ 71, 5, 1,[ 53, 98, 77, 30]],

[ 73, 95, 0,[ 53, 58, 33]],

[ 56, 85, 0,[ 57, 22, 12]],

[ 64, 35, 0,[ 86, 11, 21]],

[ 35, 55, 1,[ 20, 84, 19]],

[ 41, 55, 1,[ 29, 86, 91, 23, 83]],

[ 27, 55, 1,[ 58, 91, 10, 16]],

[ 79, 65, 0,[ 31, 5, 60]],

[ 30, 35, 1,[ 36, 15, 71]],

[ 8, 65, 0,[ 69, 53, 40]],

[ 52, 25, 1,[ 39, 95]],

[ 19, 45, 0,[ 89, 83, 45, 82, 35]],

[ 16, 15, 1,[ 24, 6, 42, 27, 21]],

[ 94, 5, 0,[ 6, 59, 26, 74]],

[ 58, 25, 0,[ 90, 73, 27, 44, 9]],

[ 17, 85, 1,[ 70, 10, 22, 87]],

[ 89, 65, 0,[ 80, 19, 66]],

[ 7, 15, 1,[ 46, 68, 23]],

[ 42, 65, 0,[ 39, 75, 16, 90]],

[ 34, 55, 1,[ 65, 48, 37]],

[ 11, 35, 1,[ 40, 64, 88, 38]],

[ 83, 35, 1,[ 19, 41, 67, 24, 72]],

[ 59, 35, 0,[ 94, 50, 55, 96]],

[ 0, 55, 1,[ 82, 88, 4, 91]],

[ 90, 65, 0,[ 80, 95, 58, 42]],

[ 87, 45, 0,[ 32, 17, 13, 20, 98]],

[ 63, 55, 0,[ 61, 43, 18]],

[ 72, 45, 1,[ 78, 62, 83]],

[ 20, 25, 1,[ 87, 47, 35]],

[ 36, 55, 1,[ 15, 30, 88, 28]],

[ 24, 15, 0,[ 82, 83, 16]],

[ 55, 45, 1,[ 3, 59, 21]],

[ 75, 65, 0,[ 81, 42, 61, 29, 32]],

[ 47, 95, 0,[ 68, 33, 20, 76]],

[ 22, 35, 1,[ 56, 9, 81, 17]],

[ 50, 35, 0,[ 59, 77, 68]],

[ 1, 95, 1,[ 15, 32, 25]],

[ 29, 5, 1,[ 21, 41, 75]],

[ 45, 65, 0,[ 54, 19, 68]],

[ 70, 95, 0,[ 17, 60, 44]],

[ 82, 45, 0,[ 86, 69, 24, 14, 19, 0]],

[ 95, 65, 0,[ 9, 90, 52]],

[ 81, 35, 0,[ 48, 22, 75, 49]],

[ 84, 75, 0,[ 65, 46, 74, 40, 35]],

[ 49, 35, 1,[ 81, 33, 4, 2]],

[ 60, 65, 0,[ 46, 70, 79, 23]],

[ 53, 65, 1,[ 73, 8, 71]],

[ 97, 65, 0,[ 48, 62, 68]],

[ 93, 15, 0,[ 77, 74, 48]],

[ 21, 65, 1,[ 29, 64, 16, 55]],

[ 91, 35, 1,[ 0, 41, 14, 99, 27]],

[ 13, 65, 1,[ 87, 28, 96]],

[ 31, 75, 0,[ 79, 4, 3]],

[ 92, 45, 0,[ 32, 33, 26]],

[ 61, 55, 0,[ 63, 78, 51, 75]],

[ 65, 95, 0,[ 84, 34, 12, 54]],

[ 12, 95, 1,[ 65, 4, 74, 56, 25]],

[ 85, 35, 0,[ 67, 80, 18]],

[ 28, 45, 1,[ 13, 76, 36]],

[ 77, 95, 0,[ 93, 33, 71, 50]],

[ 26, 5, 0,[ 92, 94, 51]],

[ 86, 45, 0,[ 41, 82, 37, 64]],

[ 67, 35, 0,[ 85, 83, 14]],

[ 88, 15, 1,[ 0, 25, 11, 36]],

[ 44, 95, 0,[ 62, 58, 70]],

[ 2, 5, 1,[ 96, 43, 49]],

[ 39, 75, 1,[ 42, 3, 52]],

[ 46, 75, 1,[ 60, 7, 84, 43]],

[ 23, 55, 0,[ 41, 57, 38, 60, 7]],

[ 98, 75, 0,[ 18, 71, 87]],

[ 37, 95, 1,[ 96, 5, 86, 54, 34, 99]],

[ 57, 85, 1,[ 80, 56, 23, 66]],

[ 80, 65, 0,[ 89, 57, 90, 6, 85]],

