[ 84, 75, 0,[ 0, 10]],

[ 15, 75, 0,[ 5, 39]],

[ 82, 75, 0,[ 3, 1, 54]],

[ 8, 75, 0,[ 5, 0, 10]],

[ 52, 75, 0,[ 81, 5, 0]],

[ 35, 75, 0,[ 5, 2, 69, 0]],

[ 80, 75, 0,[ 0, 10]],

[ 19, 75, 0,[ 0, 10, 40]],

[ 70, 75, 0,[ 95, 31, 60, 10]],

[ 58, 75, 0,[ 1, 72, 0]],

[ 81, 75, 0,[ 16, 52, 2, 5]],

[ 83, 75, 0,[ 10, 76, 0]],

[ 22, 75, 0,[ 99]],

[ 1, 75, 1,[ 10, 0, 59, 82, 94, 74, 51, 36, 58, 95, 30, 12, 4, 71, 6]],

[ 72, 75, 0,[ 10, 58, 0]],

[ 89, 75, 0,[ 10, 5]],

[ 7, 75, 0,[ 47, 32]],

[ 61, 75, 0,[ 10]],

[ 39, 75, 0,[ 63, 15, 5, 11]],

[ 14, 75, 0,[ 54, 0]],

[ 37, 75, 0,[ 54, 11, 2]],

[ 27, 75, 0,[ 76, 0, 5]],

[ 85, 75, 0,[ 77, 33, 10]],

[ 17, 75, 0,[ 74, 11, 10]],

[ 30, 75, 0,[ 11, 1, 6]],

[ 2, 75, 1,[ 37, 46, 90, 35, 3, 42, 66, 95, 40, 67, 88, 49, 0, 5, 81, 69]],

[ 29, 75, 0,[ 86, 6, 5]],

[ 47, 75, 0,[ 7, 3, 5]],

[ 3, 25, 1,[ 38, 82, 47, 2, 10]],

[ 96, 75, 0,[ 54, 10]],

[ 45, 75, 0,[ 11, 5, 0]],

[ 18, 75, 0,[ 5, 10, 79]],

[ 98, 75, 0,[ 0, 5, 95]],

[ 66, 75, 0,[ 5, 2, 51]],

[ 73, 75, 0,[ 0, 54]],

[ 0, 95, 1,[ 79, 83, 33, 14, 60, 51, 50, 9, 45, 26, 43, 27, 57, 48, 91, 19, 2, 77, 80, 38, 24, 72, 1, 78, 58, 74, 6, 49, 28, 84, 98, 52, 97, 23, 73, 88, 35, 8]],

[ 53, 75, 0,[ 34, 55]],

[ 28, 75, 0,[ 0, 11, 91]],

[ 67, 75, 0,[ 2, 21, 10]],

[ 50, 75, 0,[ 10, 56, 0]],

[ 75, 75, 0,[ 32, 54, 24]],

[ 34, 75, 0,[ 53, 54, 10, 11]],

[ 6, 25, 1,[ 99, 29, 59, 30, 1, 0]],

[ 44, 75, 0,[ 71, 11, 54]],

[ 21, 75, 0,[ 10, 67, 5]],

[ 68, 75, 0,[ 10, 13]],

[ 88, 75, 0,[ 2, 0, 10]],

[ 16, 75, 0,[ 57, 81]],

[ 65, 75, 0,[ 71, 10]],

[ 63, 75, 0,[ 39, 10, 87, 54]],

[ 48, 75, 0,[ 0, 54]],

[ 46, 75, 0,[ 54, 11, 2]],

[ 93, 75, 0,[ 5, 59]],

[ 64, 75, 0,[ 5, 11, 55]],

[ 92, 75, 0,[ 24, 10, 11]],

[ 95, 75, 0,[ 2, 70, 98, 1]],

[ 91, 75, 0,[ 10, 0, 28, 86]],

[ 26, 75, 0,[ 0, 42, 54]],

[ 33, 75, 0,[ 56, 85, 0]],

[ 94, 75, 0,[ 1, 5, 11]],

[ 55, 75, 0,[ 53, 64, 11]],

[ 24, 75, 0,[ 92, 0, 75, 5]],

[ 51, 75, 0,[ 66, 1, 0]],

[ 41, 75, 0,[ 78, 79, 11]],

[ 62, 75, 0,[ 10, 11]],

[ 78, 75, 0,[ 0, 41]],

[ 10, 35, 1,[ 65, 97, 34, 25, 50, 8, 1, 23, 13, 17, 72, 12, 90, 86, 85, 62, 18, 83, 80, 70, 49, 96, 60, 61, 57, 43, 21, 19, 91, 3, 56, 92, 84, 88, 89, 67, 87, 63, 68]],

[ 74, 75, 0,[ 17, 0, 1]],

[ 38, 25, 1,[ 0, 97, 3, 11]],

[ 87, 75, 0,[ 5, 10, 63]],

[ 57, 75, 0,[ 16, 0, 10]],

[ 97, 75, 0,[ 0, 10, 38]],

[ 13, 75, 0,[ 10, 36, 68, 54]],

[ 12, 75, 0,[ 54, 10, 1]],

[ 4, 75, 0,[ 1, 5]],

[ 90, 75, 0,[ 20, 2, 10]],

[ 42, 75, 0,[ 2, 26]],

[ 54, 55, 1,[ 14, 46, 13, 48, 23, 99, 63, 44, 34, 31, 69, 37, 82, 73, 75, 96, 12, 26]],

[ 31, 75, 0,[ 54, 70, 23]],

[ 71, 75, 0,[ 1, 44, 65, 5]],

[ 56, 75, 0,[ 33, 10, 50]],

[ 77, 75, 0,[ 85, 11, 0]],

[ 32, 75, 0,[ 7, 75, 5]],

[ 43, 75, 0,[ 0, 10, 11]],

[ 5, 55, 1,[ 4, 20, 29, 87, 89, 15, 25, 8, 79, 71, 2, 52, 98, 21, 27, 64, 24, 66, 94, 47, 45, 39, 93, 32, 35, 18, 81]],

[ 79, 75, 0,[ 11, 5, 18, 41, 0]],

[ 36, 75, 0,[ 1, 13]],

[ 23, 75, 0,[ 20, 10, 54, 31, 0]],

[ 86, 75, 0,[ 29, 91, 11, 10]],

[ 9, 75, 0,[ 25, 0]],

[ 20, 75, 0,[ 23, 5, 90]],

[ 59, 75, 0,[ 93, 1, 6]],

[ 25, 75, 0,[ 10, 11, 9, 5]],

[ 11, 5, 1,[ 41, 37, 25, 62, 45, 64, 76, 30, 77, 55, 39, 46, 43, 86, 34, 94, 79, 38, 44, 17, 40, 28, 92]],

[ 60, 75, 0,[ 10, 70, 0]],

[ 40, 75, 0,[ 19, 11, 2]],

[ 69, 75, 0,[ 35, 2, 54]],

[ 76, 75, 0,[ 27, 83, 11]],

[ 99, 75, 0,[ 6, 54, 22]],

[ 49, 75, 0,[ 10, 2, 0]],

