[ 9, 65, 1,[ 50, 35, 86, 66]],

[ 41, 95, 0,[ 84, 63, 52]],

[ 47, 95, 0,[ 27, 52, 7, 61]],

[ 92, 55, 0,[ 2, 45, 30]],

[ 70, 5, 0,[ 38, 76]],

[ 13, 95, 1,[ 14, 52, 68]],

[ 42, 25, 0,[ 32, 40, 11]],

[ 22, 45, 1,[ 8, 76, 44, 18, 33]],

[ 32, 5, 1,[ 23, 61, 42]],

[ 99, 65, 1,[ 34, 81, 86]],

[ 88, 25, 1,[ 87, 21, 24, 65, 90]],

[ 17, 95, 1,[ 89, 45, 35, 20]],

[ 28, 35, 1,[ 26, 18, 4, 79]],

[ 18, 95, 1,[ 77, 11, 22, 28]],

[ 82, 35, 0,[ 64, 83, 8]],

[ 8, 45, 0,[ 82, 22, 4]],

[ 10, 25, 1,[ 71, 61, 7, 60]],

[ 50, 35, 0,[ 74, 9, 48, 72]],

[ 33, 55, 0,[ 20, 97, 22]],

[ 59, 35, 0,[ 12, 71, 91]],

[ 27, 25, 1,[ 11, 26, 55, 68, 47]],

[ 51, 5, 0,[ 75, 52]],

[ 16, 75, 1,[ 78, 94, 34]],

[ 3, 5, 1,[ 76, 57]],

[ 25, 95, 1,[ 73, 55, 7]],

[ 37, 5, 1,[ 79, 94, 20, 95]],

[ 80, 35, 0,[ 48, 64, 74]],

[ 26, 95, 1,[ 28, 93, 27]],

[ 45, 95, 1,[ 92, 17, 40]],

[ 23, 95, 0,[ 32, 93, 54]],

[ 60, 15, 1,[ 10, 39, 19, 72, 46, 38]],

[ 72, 55, 1,[ 50, 60, 6]],

[ 89, 95, 0,[ 12, 17, 43]],

[ 83, 35, 0,[ 67, 82, 35, 53, 44]],

[ 62, 25, 0,[ 69, 48, 6]],

[ 67, 75, 0,[ 83, 21, 11]],

[ 39, 35, 0,[ 60, 12, 63]],

[ 4, 95, 1,[ 1, 28, 54, 8]],

[ 85, 85, 0,[ 56, 0, 1]],

[ 6, 25, 1,[ 62, 58, 72, 5]],

[ 54, 95, 1,[ 65, 4, 48, 23]],

[ 71, 35, 0,[ 58, 10, 59]],

[ 78, 5, 0,[ 12, 20, 95, 16]],

[ 76, 5, 0,[ 70, 22, 3, 58]],

[ 0, 95, 1,[ 84, 49, 63, 85]],

[ 97, 55, 0,[ 33, 2, 57]],

[ 86, 65, 0,[ 9, 99, 73, 20]],

[ 87, 65, 0,[ 88, 49]],

[ 79, 35, 0,[ 28, 37, 15]],

[ 57, 15, 1,[ 98, 3, 97, 90, 46, 95]],

[ 49, 65, 0,[ 87, 29, 0]],

[ 35, 75, 1,[ 83, 9, 17]],

[ 95, 5, 0,[ 78, 57, 37]],

[ 29, 65, 1,[ 56, 75, 49]],

[ 75, 5, 0,[ 77, 29, 51]],

[ 73, 55, 0,[ 86, 25, 43, 81]],

[ 96, 5, 0,[ 77, 46, 58, 12]],

[ 30, 15, 1,[ 77, 68, 92]],

[ 61, 45, 1,[ 47, 32, 10]],

[ 38, 85, 1,[ 70, 63, 60, 53]],

[ 5, 5, 1,[ 6, 48, 24]],

[ 15, 35, 0,[ 79, 34, 40]],

[ 68, 15, 0,[ 13, 27, 30]],

[ 69, 35, 0,[ 91, 84, 62]],

[ 53, 35, 1,[ 83, 55, 38]],

[ 7, 85, 1,[ 10, 25, 47]],

[ 24, 5, 0,[ 88, 46, 5]],

[ 94, 85, 0,[ 56, 37, 16]],

[ 34, 75, 1,[ 99, 15, 16]],

[ 2, 55, 1,[ 92, 97, 90, 66]],

[ 36, 95, 1,[ 21, 81, 20]],

[ 40, 25, 1,[ 42, 15, 45]],

[ 20, 5, 1,[ 78, 37, 17, 33, 86, 36]],

[ 74, 35, 0,[ 50, 44, 80]],

[ 64, 35, 1,[ 82, 1, 80]],

[ 66, 25, 1,[ 31, 9, 2]],

[ 1, 25, 1,[ 85, 4, 64]],

[ 48, 85, 1,[ 54, 80, 5, 62, 50]],

[ 46, 65, 1,[ 60, 24, 57, 96]],

[ 21, 5, 1,[ 88, 67, 36]],

[ 19, 95, 0,[ 56, 93, 60]],

[ 90, 15, 0,[ 57, 2, 88]],

[ 65, 35, 0,[ 88, 91, 54]],

[ 84, 95, 0,[ 69, 0, 31, 41]],

[ 63, 95, 0,[ 41, 38, 0, 39]],

[ 44, 35, 0,[ 22, 74, 83]],

[ 12, 35, 1,[ 78, 93, 96, 89, 39, 59]],

[ 43, 55, 1,[ 55, 89, 73]],

[ 58, 5, 0,[ 76, 71, 96, 6]],

[ 81, 5, 1,[ 99, 73, 36]],

[ 11, 75, 1,[ 27, 98, 18, 42, 67]],

[ 98, 15, 0,[ 11, 57]],

[ 56, 85, 1,[ 94, 85, 19, 29]],

[ 93, 95, 0,[ 26, 23, 19, 12]],

[ 91, 35, 0,[ 69, 65, 59]],

[ 14, 5, 1,[ 13, 31, 77]],

[ 77, 5, 0,[ 75, 30, 14, 18, 96]],

[ 55, 95, 0,[ 25, 27, 43, 53]],

[ 31, 95, 0,[ 14, 84, 66]],

[ 52, 95, 1,[ 41, 13, 51, 47]],

