[ 79, 25, 0,[ 50, 45, 62, 14, 66]],

[ 83, 75, 0,[ 5, 9, 57]],

[ 14, 75, 0,[ 63, 37, 54, 79]],

[ 74, 45, 0,[ 51, 29, 5]],

[ 55, 75, 0,[ 33, 4, 44]],

[ 77, 75, 0,[ 53, 5, 15]],

[ 20, 45, 0,[ 76, 28, 37]],

[ 61, 85, 0,[ 81, 3, 38]],

[ 51, 75, 0,[ 28, 39, 74]],

[ 19, 85, 0,[ 46, 90, 92, 89, 31, 22]],

[ 21, 75, 0,[ 80, 58, 65]],

[ 65, 75, 0,[ 49, 64, 21, 73]],

[ 6, 65, 1,[ 75, 99, 57]],

[ 11, 5, 1,[ 59, 76, 56, 97, 82]],

[ 10, 25, 1,[ 12, 99, 1, 54]],

[ 90, 85, 0,[ 33, 36, 19]],

[ 73, 75, 0,[ 43, 24, 65]],

[ 12, 75, 0,[ 22, 17, 45, 10]],

[ 71, 25, 0,[ 23, 78, 66, 53]],

[ 27, 75, 0,[ 96, 52, 72]],

[ 89, 75, 0,[ 8, 9, 19, 60]],

[ 50, 85, 0,[ 79, 47, 45]],

[ 7, 75, 0,[ 32, 33]],

[ 80, 85, 0,[ 95, 58, 21, 94, 34]],

[ 95, 85, 0,[ 25, 70, 47, 69, 80, 30]],

[ 69, 85, 0,[ 40, 95, 67, 44]],

[ 81, 25, 0,[ 36, 33, 61]],

[ 93, 85, 0,[ 24, 97, 67]],

[ 3, 85, 1,[ 2, 61, 13, 34, 62]],

[ 67, 85, 0,[ 93, 31, 69, 52]],

[ 75, 75, 0,[ 6, 87, 35]],

[ 17, 75, 0,[ 8, 82, 12]],

[ 4, 25, 0,[ 55, 66, 40]],

[ 9, 75, 0,[ 89, 83, 41]],

[ 58, 75, 0,[ 21, 80]],

[ 56, 75, 0,[ 11, 37, 91]],

[ 1, 75, 1,[ 0, 10, 16]],

[ 37, 45, 0,[ 14, 46, 56, 20]],

[ 18, 75, 0,[ 30, 39, 2]],

[ 0, 25, 1,[ 99, 1, 41]],

[ 40, 25, 0,[ 69, 32, 4]],

[ 59, 75, 0,[ 49, 43, 11]],

[ 98, 85, 0,[ 30, 32, 47]],

[ 39, 75, 0,[ 41, 51, 18]],

[ 13, 85, 0,[ 3, 86, 23, 66]],

[ 91, 75, 0,[ 56, 60, 48]],

[ 5, 45, 1,[ 77, 2, 83, 54, 74, 32]],

[ 8, 75, 0,[ 17, 63, 89]],

[ 76, 45, 0,[ 11, 44, 20]],

[ 64, 75, 0,[ 45, 65, 29]],

[ 36, 25, 0,[ 72, 90, 70, 81]],

[ 29, 55, 0,[ 74, 16, 64]],

[ 16, 55, 1,[ 92, 99, 29, 97, 1]],

[ 46, 85, 0,[ 19, 38, 37]],

[ 24, 65, 0,[ 73, 93, 57]],

[ 53, 75, 0,[ 77, 71, 85, 25]],

[ 43, 75, 0,[ 73, 59, 96]],

[ 96, 75, 0,[ 84, 27, 32, 43]],

[ 45, 75, 0,[ 64, 12, 50, 79]],

[ 57, 65, 0,[ 83, 6, 62, 24, 22]],

[ 72, 75, 0,[ 60, 36, 27, 88]],

[ 28, 45, 0,[ 20, 51]],

[ 2, 45, 1,[ 5, 3, 18]],

[ 41, 75, 0,[ 9, 39, 0]],

[ 99, 55, 0,[ 6, 0, 10, 16]],

[ 70, 25, 0,[ 95, 85, 36]],

[ 35, 75, 0,[ 75, 33, 25]],

[ 94, 85, 0,[ 80, 78]],

[ 92, 25, 0,[ 16, 15, 19]],

[ 66, 25, 0,[ 86, 15, 71, 79, 4, 13]],

[ 33, 75, 0,[ 81, 35, 34, 55, 90, 7]],

[ 44, 75, 0,[ 55, 69, 76]],

[ 49, 75, 0,[ 87, 59, 65]],

[ 26, 75, 0,[ 82, 63, 31]],

[ 30, 85, 0,[ 95, 98, 18]],

[ 84, 25, 0,[ 88, 96, 31]],

[ 15, 25, 0,[ 38, 77, 92, 66, 97]],

[ 97, 55, 0,[ 11, 93, 15, 16]],

[ 25, 75, 0,[ 53, 35, 95]],

[ 23, 85, 0,[ 13, 71, 78]],

[ 31, 85, 0,[ 26, 68, 67, 19, 84]],

[ 60, 75, 0,[ 72, 91, 89]],

[ 47, 85, 0,[ 98, 50, 95]],

[ 63, 75, 0,[ 14, 26, 8, 86]],

[ 54, 45, 0,[ 10, 14, 5]],

[ 38, 75, 1,[ 46, 61, 48, 15]],

[ 87, 25, 0,[ 88, 75, 49]],

[ 86, 75, 0,[ 66, 63, 13]],

[ 34, 85, 0,[ 33, 80, 3]],

[ 42, 75, 0,[ 48, 68]],

[ 78, 85, 0,[ 71, 94, 23]],

[ 68, 75, 0,[ 31, 42, 52, 88]],

[ 82, 75, 0,[ 11, 17, 26]],

[ 48, 75, 0,[ 38, 91, 42]],

[ 62, 85, 0,[ 79, 57, 3]],

[ 22, 85, 0,[ 12, 19, 57]],

[ 52, 75, 0,[ 68, 67, 27]],

[ 85, 75, 0,[ 70, 53]],

[ 88, 25, 0,[ 68, 84, 72, 87]],

[ 32, 75, 0,[ 96, 7, 98, 40, 5]],

