[ 8, 5, 0,[ 47, 52, 86, 99]],

[ 67, 95, 0,[ 70, 65, 24, 43]],

[ 99, 85, 0,[ 8, 92, 28]],

[ 78, 5, 0,[ 32, 40, 16]],

[ 58, 85, 0,[ 27, 28, 10]],

[ 9, 15, 0,[ 13, 4, 6, 72]],

[ 65, 95, 0,[ 64, 67]],

[ 16, 5, 0,[ 63, 41, 78, 94]],

[ 20, 35, 0,[ 90, 56, 37, 34]],

[ 28, 85, 0,[ 58, 99, 32, 39]],

[ 31, 15, 0,[ 7, 56, 41]],

[ 72, 85, 0,[ 42, 75, 9, 69, 15, 48]],

[ 47, 15, 0,[ 8, 83, 76]],

[ 10, 85, 1,[ 58, 5, 87]],

[ 26, 45, 0,[ 2, 49, 96]],

[ 29, 95, 0,[ 43, 68, 44]],

[ 94, 5, 0,[ 1, 16, 15]],

[ 49, 5, 0,[ 26, 80]],

[ 87, 95, 0,[ 10, 1, 17]],

[ 76, 15, 0,[ 33, 47, 15]],

[ 35, 55, 1,[ 14, 5, 95, 82, 7]],

[ 13, 95, 0,[ 36, 11, 62, 9]],

[ 30, 15, 0,[ 92, 70, 2]],

[ 14, 55, 0,[ 35, 19]],

[ 1, 95, 1,[ 23, 94, 87, 37]],

[ 54, 15, 0,[ 64, 57, 19]],

[ 69, 85, 0,[ 72, 98, 3, 45]],

[ 97, 15, 0,[ 60, 27, 63, 18]],

[ 34, 15, 0,[ 20, 77, 66]],

[ 40, 15, 0,[ 33, 19, 78]],

[ 84, 15, 0,[ 43, 81, 46]],

[ 95, 95, 0,[ 35, 79, 98, 74]],

[ 63, 5, 0,[ 59, 97, 50, 16]],

[ 27, 15, 0,[ 38, 97, 58, 90]],

[ 75, 95, 0,[ 74, 71, 72]],

[ 46, 15, 0,[ 84, 55, 38, 23]],

[ 17, 95, 0,[ 23, 87, 85]],

[ 92, 15, 0,[ 79, 99, 30]],

[ 24, 15, 0,[ 64, 45, 67]],

[ 88, 45, 0,[ 44, 32, 25, 2]],

[ 51, 95, 0,[ 71, 74, 66]],

[ 44, 5, 0,[ 88, 86, 29]],

[ 4, 15, 0,[ 9, 89, 55]],

[ 23, 95, 0,[ 1, 61, 46, 17]],

[ 36, 95, 0,[ 13, 42, 74, 83]],

[ 91, 95, 0,[ 18, 32, 66, 68]],

[ 64, 15, 0,[ 48, 65, 24, 54]],

[ 48, 15, 0,[ 6, 64, 72]],

[ 6, 35, 1,[ 60, 48, 32, 9, 79]],

[ 80, 5, 0,[ 49]],

[ 74, 95, 0,[ 51, 93, 75, 95, 36, 12]],

[ 15, 5, 0,[ 76, 72, 94]],

[ 12, 5, 0,[ 74, 86, 66, 70]],

[ 38, 5, 1,[ 46, 3, 21, 27]],

[ 86, 5, 0,[ 44, 98, 8, 90, 12, 77]],

[ 19, 15, 0,[ 40, 54, 21, 14]],

[ 70, 95, 0,[ 30, 12, 67]],

[ 53, 5, 0,[ 57, 50, 37]],

[ 7, 95, 0,[ 35, 31, 61]],

[ 68, 95, 0,[ 61, 91, 29, 5]],

[ 2, 45, 1,[ 71, 26, 0, 88, 30]],

[ 60, 35, 0,[ 93, 6, 97]],

[ 82, 15, 0,[ 35, 81, 55]],

[ 21, 95, 0,[ 73, 38, 19]],

[ 0, 15, 1,[ 2, 81, 77]],

[ 77, 15, 0,[ 34, 86, 0]],

[ 57, 5, 0,[ 54, 93, 53]],

[ 22, 85, 0,[ 39, 25, 33]],

[ 59, 5, 0,[ 63, 41, 5]],

[ 5, 15, 1,[ 10, 68, 59, 35]],

[ 98, 5, 0,[ 69, 95, 86]],

[ 73, 95, 0,[ 33, 61, 21]],

[ 42, 95, 0,[ 61, 36, 72]],

[ 96, 5, 0,[ 52, 26]],

[ 56, 15, 0,[ 31, 20]],

[ 71, 45, 0,[ 2, 75, 51]],

[ 61, 95, 0,[ 7, 68, 42, 73, 23]],

[ 89, 5, 0,[ 50, 11, 62, 4]],

[ 25, 45, 0,[ 88, 90, 22]],

[ 11, 5, 1,[ 13, 89]],

[ 55, 15, 0,[ 82, 46, 4]],

[ 62, 95, 0,[ 89, 13, 45]],

[ 83, 15, 0,[ 47, 81, 36]],

[ 85, 95, 0,[ 17, 52]],

[ 39, 85, 0,[ 18, 22, 28]],

[ 50, 5, 0,[ 53, 63, 89]],

[ 18, 85, 0,[ 97, 91, 39]],

[ 3, 95, 1,[ 37, 38, 69]],

[ 79, 35, 0,[ 6, 92, 95]],

[ 90, 5, 0,[ 27, 20, 86, 25]],

[ 93, 95, 0,[ 60, 57, 74]],

[ 52, 5, 0,[ 85, 8, 96]],

[ 45, 15, 0,[ 62, 24, 69]],

[ 41, 5, 0,[ 16, 59, 31]],

[ 81, 15, 0,[ 0, 84, 82, 83]],

[ 43, 95, 0,[ 29, 84, 67]],

[ 37, 35, 0,[ 20, 53, 3, 1]],

[ 32, 85, 0,[ 88, 91, 78, 28, 6]],

[ 33, 15, 0,[ 76, 73, 22, 40]],

[ 66, 15, 0,[ 34, 12, 51, 91]],

