[ 41, 85, 0,[ 76, 72, 97]],

[ 67, 85, 0,[ 15, 90, 31]],

[ 1, 85, 0,[ 33, 27, 89, 25]],

[ 29, 75, 0,[ 63, 60, 40, 71, 78, 39]],

[ 97, 95, 0,[ 54, 55, 91, 41]],

[ 32, 95, 0,[ 47, 57, 10, 65]],

[ 71, 85, 0,[ 29, 35, 23]],

[ 36, 85, 0,[ 74, 17, 58]],

[ 57, 85, 0,[ 8, 32]],

[ 44, 95, 0,[ 30, 31, 82, 78, 26]],

[ 92, 5, 0,[ 30, 51, 75, 13, 11]],

[ 50, 85, 0,[ 28, 77]],

[ 15, 5, 0,[ 58, 13, 67, 27]],

[ 52, 5, 0,[ 61, 38, 62]],

[ 78, 95, 1,[ 82, 29, 66, 44, 86, 21]],

[ 63, 65, 0,[ 68, 20, 29, 65]],

[ 40, 85, 0,[ 29, 38]],

[ 33, 85, 0,[ 1, 51, 9, 49]],

[ 24, 25, 1,[ 11, 61, 91, 45, 93, 2, 48]],

[ 37, 5, 0,[ 17, 66, 91]],

[ 10, 95, 0,[ 6, 32, 12]],

[ 43, 85, 0,[ 17, 46, 0, 11]],

[ 81, 85, 0,[ 51, 85, 69]],

[ 87, 65, 0,[ 91, 72, 83]],

[ 99, 75, 0,[ 16, 0, 60]],

[ 16, 75, 0,[ 60, 68, 99, 25]],

[ 96, 85, 0,[ 98, 75, 7]],

[ 62, 5, 1,[ 52, 65, 90, 68, 31, 91]],

[ 90, 85, 0,[ 67, 62, 42]],

[ 28, 65, 0,[ 50, 53, 5, 42]],

[ 69, 75, 0,[ 81, 66, 3, 80, 60]],

[ 39, 85, 0,[ 29, 35, 7]],

[ 26, 85, 0,[ 35, 44, 48]],

[ 60, 75, 0,[ 99, 35, 29, 69, 16]],

[ 98, 5, 1,[ 94, 73, 96]],

[ 27, 85, 0,[ 75, 1, 15, 47]],

[ 42, 65, 0,[ 5, 28, 90]],

[ 48, 25, 0,[ 24, 26, 88]],

[ 46, 65, 0,[ 43, 19, 83, 84]],

[ 5, 65, 0,[ 42, 28, 80, 13]],

[ 73, 85, 1,[ 80, 98, 35]],

[ 9, 85, 0,[ 82, 33, 79]],

[ 79, 85, 0,[ 9, 93]],

[ 58, 5, 0,[ 2, 15, 36, 54]],

[ 83, 65, 0,[ 12, 87, 46, 14]],

[ 91, 65, 1,[ 37, 87, 24, 97, 62]],

[ 54, 95, 0,[ 12, 97, 58, 34]],

[ 21, 85, 0,[ 88, 78, 8]],

[ 6, 85, 0,[ 89, 10, 45]],

[ 89, 85, 0,[ 70, 20, 2, 6, 1]],

[ 23, 65, 1,[ 70, 38, 71]],

[ 0, 95, 0,[ 43, 99, 12]],

[ 72, 85, 0,[ 41, 70, 87]],

[ 77, 85, 0,[ 59, 70, 50]],

[ 61, 25, 0,[ 53, 52, 24]],

[ 56, 65, 0,[ 30, 22, 4, 84]],

[ 65, 5, 0,[ 63, 32, 62]],

[ 51, 5, 0,[ 55, 92, 33, 93, 81]],

[ 88, 85, 0,[ 74, 21, 11, 48]],

[ 17, 85, 0,[ 37, 95, 36, 43]],

[ 19, 95, 0,[ 46, 12, 14, 47]],

[ 76, 85, 0,[ 95, 41, 3]],

[ 45, 25, 0,[ 6, 75, 24]],

[ 82, 95, 0,[ 78, 44, 3, 9]],

[ 38, 85, 0,[ 52, 4, 40, 23]],

[ 86, 95, 1,[ 53, 59, 31, 78]],

[ 68, 65, 1,[ 63, 16, 62]],

[ 84, 65, 0,[ 46, 22, 56]],

[ 18, 85, 0,[ 95, 49, 8]],

[ 74, 85, 0,[ 88, 49, 36]],

[ 93, 25, 0,[ 79, 51, 24]],

[ 49, 85, 0,[ 18, 33, 74]],

[ 85, 85, 0,[ 81, 7, 55, 34]],

[ 34, 85, 0,[ 54, 85, 4]],

[ 13, 5, 0,[ 5, 92, 15]],

[ 7, 85, 0,[ 39, 96, 85]],

[ 35, 85, 0,[ 71, 39, 95, 26, 73, 60]],

[ 22, 65, 0,[ 84, 56, 31]],

[ 47, 95, 0,[ 32, 19, 27]],

[ 94, 85, 0,[ 98, 59, 14]],

[ 70, 85, 0,[ 89, 23, 77, 72]],

[ 14, 85, 0,[ 83, 19, 94]],

[ 11, 25, 0,[ 24, 43, 92, 88]],

[ 55, 85, 0,[ 85, 51, 97]],

[ 66, 5, 0,[ 69, 78, 37]],

[ 4, 85, 0,[ 38, 56, 34]],

[ 31, 85, 1,[ 67, 22, 86, 62, 44]],

[ 80, 65, 0,[ 69, 73, 5]],

[ 20, 85, 0,[ 63, 64, 89]],

[ 53, 65, 0,[ 86, 61, 28]],

[ 59, 85, 0,[ 77, 86, 94]],

[ 2, 85, 0,[ 89, 24, 58]],

[ 64, 85, 0,[ 25, 20]],

[ 75, 85, 0,[ 96, 95, 27, 45, 92]],

[ 30, 65, 0,[ 56, 92, 44]],

[ 25, 85, 0,[ 1, 16, 64]],

[ 12, 95, 0,[ 83, 54, 0, 19, 10]],

[ 8, 85, 0,[ 18, 57, 21]],

[ 95, 85, 0,[ 17, 18, 76, 35, 75]],

[ 3, 85, 0,[ 69, 82, 76]],

