[ 22, 95, 1,[ 69, 15, 85, 29]],

[ 3, 75, 1,[ 47, 1, 59, 72]],

[ 28, 65, 1,[ 89, 71, 55]],

[ 41, 45, 0,[ 94, 15, 1]],

[ 56, 5, 0,[ 55, 64, 76]],

[ 10, 5, 1,[ 1, 24, 18, 25, 82]],

[ 72, 25, 1,[ 5, 3, 51, 91, 57]],

[ 13, 5, 1,[ 43, 52, 35]],

[ 19, 45, 0,[ 50, 52, 53, 7]],

[ 61, 15, 0,[ 27, 26, 21]],

[ 81, 5, 0,[ 30, 14, 23]],

[ 84, 5, 0,[ 33, 76, 20]],

[ 12, 35, 1,[ 4, 67, 60]],

[ 73, 15, 0,[ 40, 16, 21]],

[ 35, 85, 1,[ 58, 13, 90]],

[ 79, 5, 0,[ 53, 31, 8, 20]],

[ 87, 15, 0,[ 69, 42, 18]],

[ 92, 65, 1,[ 76, 46, 75, 85, 32]],

[ 95, 35, 0,[ 40, 85, 7]],

[ 15, 5, 0,[ 41, 22, 18]],

[ 32, 15, 1,[ 82, 90, 92, 16]],

[ 82, 15, 0,[ 11, 10, 27, 32]],

[ 50, 45, 0,[ 2, 49, 19]],

[ 63, 95, 0,[ 17, 86, 37]],

[ 65, 85, 0,[ 11, 6, 34]],

[ 93, 45, 0,[ 88, 57, 43]],

[ 71, 65, 0,[ 76, 2, 28]],

[ 11, 85, 1,[ 43, 82, 65, 45, 6, 89]],

[ 69, 15, 0,[ 48, 24, 87, 22]],

[ 54, 95, 1,[ 36, 39, 74]],

[ 46, 15, 1,[ 88, 24, 92]],

[ 53, 85, 1,[ 79, 70, 19]],

[ 34, 45, 1,[ 38, 45, 9, 98, 44, 65]],

[ 76, 85, 1,[ 71, 56, 84, 74, 66, 92]],

[ 36, 5, 1,[ 43, 25, 54]],

[ 37, 45, 1,[ 70, 59, 63, 60]],

[ 85, 5, 0,[ 22, 95, 92]],

[ 0, 15, 1,[ 7, 68, 88, 55, 98]],

[ 1, 45, 1,[ 41, 10, 3]],

[ 75, 5, 0,[ 97, 94, 62, 92]],

[ 88, 95, 1,[ 46, 0, 5, 93]],

[ 74, 5, 0,[ 2, 76, 54]],

[ 57, 35, 1,[ 72, 47, 20, 9, 93]],

[ 58, 45, 0,[ 35, 64, 18, 91]],

[ 23, 5, 0,[ 81, 42, 70]],

[ 97, 45, 0,[ 40, 49, 75]],

[ 91, 5, 0,[ 58, 30, 72]],

[ 31, 35, 1,[ 14, 79, 38]],

[ 17, 55, 1,[ 38, 86, 62, 63]],

[ 18, 75, 1,[ 10, 15, 87, 58, 80]],

[ 49, 55, 1,[ 78, 68, 4, 40, 50, 97, 94]],

[ 38, 45, 1,[ 17, 34, 31]],

[ 21, 15, 1,[ 9, 51, 61, 47, 73, 48]],

[ 52, 95, 1,[ 8, 19, 44, 13]],

[ 59, 95, 0,[ 29, 3, 37]],

[ 48, 45, 1,[ 21, 6, 69]],

[ 44, 45, 0,[ 34, 30, 52]],

[ 33, 5, 0,[ 84, 89, 62]],

[ 78, 95, 0,[ 68, 29, 49]],

[ 51, 15, 0,[ 99, 72, 21]],

[ 42, 15, 1,[ 96, 23, 87]],

[ 96, 45, 0,[ 83, 42, 99]],

[ 86, 95, 0,[ 17, 66, 63]],

[ 64, 45, 0,[ 56, 58, 20]],

[ 66, 5, 0,[ 76, 86, 7]],

[ 9, 45, 1,[ 34, 26, 21, 57, 90]],

[ 62, 35, 1,[ 75, 33, 17]],

[ 25, 35, 1,[ 10, 83, 36]],

[ 8, 5, 0,[ 52, 29, 79]],

[ 98, 5, 0,[ 0, 34, 45]],

[ 90, 85, 0,[ 9, 32, 35]],

[ 27, 55, 1,[ 82, 77, 61]],

[ 89, 85, 0,[ 11, 33, 28]],

[ 16, 85, 1,[ 67, 2, 73, 32, 80]],

[ 40, 35, 0,[ 95, 97, 49, 73]],

[ 70, 95, 0,[ 23, 53, 37]],

[ 20, 25, 1,[ 79, 57, 84, 64]],

[ 4, 75, 1,[ 12, 67, 49]],

[ 80, 5, 0,[ 39, 18, 16]],

[ 55, 5, 0,[ 56, 28, 43, 0]],

[ 30, 85, 1,[ 81, 44, 83, 91]],

[ 83, 35, 0,[ 25, 30, 96]],

[ 94, 15, 0,[ 75, 49, 41]],

[ 5, 5, 1,[ 88, 60, 72]],

[ 60, 5, 1,[ 5, 12, 29, 37]],

[ 47, 85, 1,[ 57, 3, 21]],

[ 77, 5, 0,[ 27, 6, 14]],

[ 6, 35, 1,[ 65, 48, 77, 39, 11]],

[ 68, 5, 0,[ 49, 0, 78]],

[ 67, 5, 0,[ 16, 4, 12]],

[ 99, 65, 1,[ 96, 26, 51]],

[ 2, 45, 1,[ 50, 74, 71, 16]],

[ 14, 25, 1,[ 31, 81, 77]],

[ 26, 45, 0,[ 99, 61, 9]],

[ 24, 5, 1,[ 10, 69, 46]],

[ 7, 25, 1,[ 0, 66, 95, 19]],

[ 39, 95, 0,[ 6, 54, 80]],

[ 43, 45, 1,[ 36, 93, 11, 55, 13]],

[ 45, 5, 0,[ 11, 98, 34]],

[ 29, 15, 1,[ 78, 60, 8, 59, 22]],

