[ 33, 5, 0,[ 23, 95]],

[ 46, 65, 0,[ 10, 74, 91]],

[ 32, 45, 0,[ 93, 91]],

[ 34, 65, 0,[ 63, 99, 50]],

[ 8, 65, 0,[ 92, 20, 38]],

[ 66, 55, 0,[ 45, 30]],

[ 26, 65, 0,[ 52, 49, 10]],

[ 30, 65, 0,[ 48, 66, 93]],

[ 37, 65, 0,[ 40, 45, 53]],

[ 2, 15, 0,[ 73, 47]],

[ 78, 65, 1,[ 89, 86, 74, 0, 14, 5]],

[ 9, 65, 0,[ 95, 52, 96]],

[ 90, 55, 0,[ 45, 85, 93, 82]],

[ 15, 45, 0,[ 55, 88, 23]],

[ 82, 35, 0,[ 98, 24, 90]],

[ 51, 65, 0,[ 36, 25, 71, 40]],

[ 60, 65, 0,[ 35, 47, 67]],

[ 22, 65, 0,[ 17, 7, 72, 83]],

[ 81, 65, 0,[ 17, 10, 62]],

[ 98, 35, 1,[ 43, 53, 16, 36, 52, 7, 82, 48, 76]],

[ 48, 65, 0,[ 55, 30, 98, 5]],

[ 44, 15, 0,[ 4, 50, 42]],

[ 96, 65, 0,[ 39, 9, 89]],

[ 23, 95, 1,[ 43, 69, 50, 70, 33, 25, 63, 15, 73, 41, 99]],

[ 41, 65, 0,[ 23, 94, 86]],

[ 11, 65, 0,[ 55, 27, 84]],

[ 38, 65, 0,[ 8, 77, 3]],

[ 35, 65, 0,[ 36, 31, 42, 60]],

[ 74, 65, 0,[ 78, 46, 64]],

[ 14, 65, 0,[ 68, 12, 86, 78, 72]],

[ 92, 65, 0,[ 67, 52, 8, 39]],

[ 28, 15, 0,[ 49, 86, 89]],

[ 27, 65, 0,[ 42, 11, 93]],

[ 53, 65, 0,[ 37, 98, 68, 54]],

[ 65, 65, 0,[ 47, 95, 0]],

[ 54, 65, 0,[ 97, 53, 45, 29]],

[ 99, 65, 0,[ 34, 23]],

[ 88, 45, 0,[ 95, 93, 15]],

[ 1, 15, 0,[ 56, 73, 86]],

[ 47, 65, 0,[ 2, 60, 65]],

[ 55, 75, 1,[ 61, 10, 13, 48, 15, 70, 11, 5]],

[ 18, 65, 0,[ 40, 57, 95, 20]],

[ 64, 65, 0,[ 74, 56, 71]],

[ 40, 65, 0,[ 51, 18, 37, 7]],

[ 20, 65, 0,[ 8, 18, 67]],

[ 75, 15, 1,[ 86, 76, 4]],

[ 12, 65, 0,[ 3, 14, 29]],

[ 70, 95, 0,[ 55, 23, 80]],

[ 7, 65, 0,[ 98, 40, 22]],

[ 25, 65, 0,[ 58, 36, 23, 51]],

[ 49, 65, 0,[ 28, 26, 45, 95]],

[ 85, 55, 0,[ 90, 95]],

[ 4, 15, 0,[ 75, 95, 44, 93]],

[ 19, 65, 0,[ 95, 93, 97, 43, 6]],

[ 39, 55, 1,[ 92, 13, 21, 96, 69, 91, 61, 94]],

[ 61, 65, 0,[ 55, 36, 39]],

[ 86, 15, 1,[ 28, 41, 14, 75, 1, 78]],

[ 93, 45, 1,[ 30, 88, 87, 57, 80, 90, 29, 19, 0, 4, 32, 91, 27, 59]],

[ 59, 65, 0,[ 71, 45, 83, 93]],

[ 52, 65, 0,[ 9, 92, 98, 26]],

[ 87, 65, 0,[ 93, 56, 36]],

[ 57, 45, 0,[ 76, 93, 18]],

[ 97, 65, 0,[ 94, 19, 54]],

[ 24, 35, 0,[ 82, 91]],

[ 77, 65, 0,[ 17, 95, 38, 69]],

[ 29, 65, 0,[ 93, 12, 54]],

[ 17, 65, 0,[ 95, 22, 77, 81]],

[ 13, 65, 0,[ 62, 55, 39, 79]],

[ 94, 65, 0,[ 6, 97, 39, 41]],

[ 68, 65, 0,[ 95, 14, 53]],

[ 50, 15, 0,[ 44, 34, 23]],

[ 84, 65, 0,[ 10, 11, 95]],

[ 91, 45, 0,[ 24, 93, 32, 46, 39]],

[ 42, 65, 0,[ 27, 56, 44, 35, 95]],

[ 62, 65, 0,[ 13, 81]],

[ 0, 65, 0,[ 78, 16, 93, 65]],

[ 58, 65, 0,[ 3, 6, 95, 25]],

[ 79, 65, 0,[ 13, 83, 95]],

[ 63, 95, 0,[ 34, 23]],

[ 6, 65, 0,[ 94, 19, 58]],

[ 36, 65, 0,[ 98, 25, 5, 35, 51, 61, 87]],

[ 45, 55, 1,[ 59, 90, 37, 54, 66, 49]],

[ 10, 65, 0,[ 55, 26, 81, 84, 46]],

[ 83, 65, 0,[ 22, 59, 79]],

[ 80, 95, 0,[ 93, 70, 95]],

[ 3, 65, 0,[ 38, 12, 58]],

[ 56, 65, 0,[ 42, 21, 87, 64, 1]],

[ 95, 5, 1,[ 33, 79, 85, 9, 58, 17, 88, 80, 42, 65, 4, 77, 19, 84, 21, 18, 49, 68]],

[ 73, 15, 0,[ 1, 2, 23]],

[ 21, 65, 0,[ 56, 95, 39]],

[ 69, 55, 0,[ 23, 39, 77]],

[ 72, 65, 0,[ 22, 14]],

[ 43, 45, 0,[ 98, 19, 23]],

[ 71, 65, 0,[ 64, 59, 51]],

[ 16, 65, 0,[ 0, 98]],

[ 31, 65, 0,[ 35]],

[ 76, 15, 0,[ 75, 57, 98]],

[ 67, 65, 0,[ 20, 60, 92]],

[ 89, 65, 0,[ 78, 96, 28]],

[ 5, 65, 0,[ 78, 48, 36, 55]],

