[ 62, 95, 1,[ 18, 27, 13]],

[ 58, 25, 1,[ 94, 4, 36, 15, 71]],

[ 78, 5, 1,[ 92, 61, 68, 14]],

[ 75, 85, 1,[ 54, 95, 8]],

[ 13, 55, 0,[ 50, 45, 62, 69]],

[ 52, 55, 0,[ 85, 64, 45]],

[ 94, 95, 1,[ 0, 9, 58, 89]],

[ 80, 45, 1,[ 30, 7, 72]],

[ 59, 45, 1,[ 50, 47, 24]],

[ 34, 85, 0,[ 28, 29, 76]],

[ 64, 85, 0,[ 93, 91, 52]],

[ 41, 85, 1,[ 20, 89, 46]],

[ 51, 55, 1,[ 86, 15, 16, 84]],

[ 10, 85, 0,[ 98, 81, 47]],

[ 54, 85, 0,[ 63, 37, 82, 75]],

[ 29, 85, 0,[ 67, 34, 32]],

[ 1, 85, 0,[ 38, 32, 8, 61, 20]],

[ 15, 95, 1,[ 58, 87, 51]],

[ 65, 45, 0,[ 49, 19, 63]],

[ 50, 25, 1,[ 13, 33, 67, 59, 30]],

[ 28, 85, 0,[ 57, 12, 63, 34]],

[ 46, 65, 0,[ 35, 41, 48]],

[ 48, 65, 0,[ 16, 99, 53, 46]],

[ 82, 75, 1,[ 23, 3, 54]],

[ 84, 45, 1,[ 51, 74, 87]],

[ 61, 75, 1,[ 44, 1, 66, 78]],

[ 77, 5, 1,[ 40, 25, 92, 9]],

[ 63, 25, 1,[ 20, 28, 54, 65]],

[ 38, 25, 0,[ 31, 1, 53]],

[ 55, 55, 1,[ 66, 90, 97]],

[ 20, 85, 0,[ 1, 63, 41]],

[ 96, 5, 1,[ 24, 85, 8]],

[ 86, 15, 0,[ 91, 76, 51]],

[ 47, 85, 1,[ 10, 69, 97, 43, 59]],

[ 37, 5, 0,[ 83, 66, 54, 7, 44]],

[ 24, 5, 1,[ 96, 30, 89, 56, 59]],

[ 67, 85, 0,[ 50, 29, 71]],

[ 39, 85, 1,[ 83, 98, 40]],

[ 70, 55, 1,[ 2, 79, 4]],

[ 30, 45, 0,[ 93, 24, 80, 50]],

[ 3, 85, 0,[ 23, 82, 19]],

[ 66, 5, 1,[ 55, 27, 22, 61, 89, 37]],

[ 98, 85, 0,[ 39, 87, 10]],

[ 85, 5, 0,[ 31, 52, 96]],

[ 27, 5, 0,[ 66, 11, 62]],

[ 93, 85, 1,[ 30, 87, 64]],

[ 21, 95, 0,[ 90, 60, 9]],

[ 81, 45, 0,[ 88, 10, 92, 18, 73]],

[ 56, 5, 0,[ 8, 12, 24]],

[ 83, 5, 1,[ 97, 39, 26, 37]],

[ 25, 45, 0,[ 31, 77, 26]],

[ 4, 85, 0,[ 79, 0, 58, 70]],

[ 32, 85, 0,[ 29, 1]],

[ 92, 15, 1,[ 78, 77, 81]],

[ 72, 45, 0,[ 6, 80]],

[ 22, 5, 0,[ 42, 66, 99]],

[ 73, 45, 1,[ 11, 99, 81]],

[ 11, 85, 0,[ 7, 27, 73]],

[ 99, 65, 1,[ 48, 40, 22, 73]],

[ 36, 25, 0,[ 57, 76, 58]],

[ 76, 15, 1,[ 36, 5, 34, 12, 49, 86]],

[ 74, 85, 1,[ 68, 84, 33]],

[ 90, 75, 1,[ 21, 23, 0, 55, 17]],

[ 57, 35, 0,[ 36, 14, 89, 28]],

[ 45, 55, 1,[ 13, 52, 19, 9]],

[ 87, 75, 1,[ 84, 98, 15, 93]],

[ 9, 95, 0,[ 77, 21, 45, 49, 94]],

[ 49, 85, 1,[ 76, 9, 65]],

[ 68, 45, 1,[ 74, 78, 35]],

[ 79, 85, 0,[ 70, 33, 14, 4]],

[ 71, 15, 1,[ 58, 67]],

[ 35, 65, 0,[ 2, 46, 68]],

[ 43, 85, 0,[ 47, 16, 5]],

[ 12, 85, 0,[ 56, 28, 76]],

[ 42, 75, 1,[ 95, 19, 22]],

[ 88, 45, 0,[ 53, 81, 6]],

[ 33, 35, 1,[ 79, 50, 74]],

[ 91, 95, 1,[ 86, 64, 60]],

[ 40, 85, 0,[ 39, 99, 77]],

[ 5, 15, 0,[ 43, 26, 76]],

[ 69, 85, 1,[ 18, 13, 47]],

[ 31, 45, 1,[ 38, 25, 19, 85]],

[ 7, 85, 0,[ 11, 37, 80]],

[ 26, 95, 1,[ 25, 5, 83]],

[ 95, 15, 1,[ 17, 42, 23, 75]],

[ 19, 45, 1,[ 3, 42, 31, 45, 65]],

[ 16, 85, 0,[ 48, 51, 43]],

[ 60, 65, 1,[ 2, 21, 17, 91, 18]],

[ 97, 85, 1,[ 83, 55, 47]],

[ 23, 85, 1,[ 90, 95, 3, 82]],

[ 2, 65, 0,[ 70, 60, 35]],

[ 0, 85, 0,[ 4, 94, 90]],

[ 6, 45, 0,[ 72, 88]],

[ 53, 25, 0,[ 88, 38, 48]],

[ 8, 85, 1,[ 75, 1, 96, 56]],

[ 17, 65, 0,[ 95, 60, 90, 44]],

[ 89, 35, 1,[ 57, 94, 41, 66, 24]],

[ 14, 35, 0,[ 78, 79, 57]],

[ 18, 65, 0,[ 69, 60, 81, 62]],

[ 44, 95, 1,[ 61, 37, 17]],

