[ 26, 35, 0,[ 2, 44, 11]],

[ 16, 35, 0,[ 11, 54, 84]],

[ 70, 35, 0,[ 77, 37, 44]],

[ 36, 35, 0,[ 74, 96, 54]],

[ 76, 35, 0,[ 18, 57, 49, 44]],

[ 18, 35, 0,[ 39, 76, 66]],

[ 27, 35, 0,[ 73, 77, 20, 48]],

[ 32, 35, 0,[ 46, 61]],

[ 30, 35, 0,[ 33, 79, 89]],

[ 74, 35, 0,[ 33, 36, 77]],

[ 51, 35, 0,[ 45, 67]],

[ 2, 35, 0,[ 69, 90, 26]],

[ 0, 35, 0,[ 87, 81, 65, 41, 66, 20, 64]],

[ 1, 35, 0,[ 35, 65, 69, 99]],

[ 94, 35, 0,[ 91, 57, 44, 78]],

[ 93, 15, 1,[ 65, 77, 99, 39]],

[ 23, 35, 0,[ 89, 65, 46]],

[ 98, 35, 0,[ 4, 65]],

[ 89, 45, 1,[ 28, 57, 90, 29, 96, 23, 30, 53, 14, 62]],

[ 7, 35, 0,[ 65, 38, 45]],

[ 41, 35, 0,[ 63, 0]],

[ 62, 45, 0,[ 72, 89, 45]],

[ 99, 35, 0,[ 93, 1, 45]],

[ 50, 25, 0,[ 40, 45, 77]],

[ 92, 35, 0,[ 14, 43, 13]],

[ 77, 55, 1,[ 27, 70, 96, 10, 90, 50, 93, 12, 4, 33, 74]],

[ 28, 35, 0,[ 47, 89]],

[ 52, 35, 0,[ 40, 45, 65]],

[ 84, 55, 1,[ 16, 9, 20, 87, 33]],

[ 47, 35, 0,[ 28, 35, 96, 37]],

[ 72, 35, 0,[ 14, 88, 62, 86, 39]],

[ 83, 35, 0,[ 44, 60, 65]],

[ 60, 35, 0,[ 71, 83, 49]],

[ 33, 75, 1,[ 77, 84, 30, 74, 8, 48, 73, 22, 4, 34, 88]],

[ 45, 25, 1,[ 99, 64, 81, 62, 51, 43, 66, 35, 13, 52, 50, 55, 71, 6, 7, 15]],

[ 69, 35, 0,[ 2, 1, 56]],

[ 35, 35, 0,[ 45, 34, 1, 47]],

[ 9, 55, 0,[ 44, 84, 14]],

[ 48, 35, 0,[ 33, 82, 27]],

[ 17, 35, 0,[ 53, 75, 71, 80]],

[ 13, 35, 0,[ 45, 31, 92]],

[ 44, 65, 1,[ 83, 79, 26, 59, 58, 70, 9, 76, 38, 25, 94]],

[ 22, 35, 0,[ 61, 39, 33]],

[ 63, 35, 0,[ 54, 12, 41, 38]],

[ 8, 35, 0,[ 6, 33, 78]],

[ 66, 35, 0,[ 0, 95, 18, 45]],

[ 10, 35, 0,[ 49, 77, 53]],

[ 37, 35, 0,[ 47, 6, 70]],

[ 19, 35, 0,[ 71, 56, 65]],

[ 40, 15, 1,[ 50, 52, 49]],

[ 20, 35, 0,[ 84, 27, 0]],

[ 97, 35, 0,[ 5, 39, 67]],

[ 68, 35, 0,[ 80, 29]],

[ 80, 35, 0,[ 85, 17, 68]],

[ 54, 35, 0,[ 91, 36, 16, 63]],

[ 29, 35, 0,[ 89, 68, 25]],

[ 88, 35, 0,[ 82, 72, 33]],

[ 64, 35, 0,[ 45, 24, 0]],

[ 90, 35, 0,[ 56, 89, 2, 77, 82]],

[ 82, 35, 0,[ 88, 48, 90]],

[ 34, 35, 0,[ 33, 35, 14]],

[ 21, 35, 0,[ 79, 38, 65]],

[ 53, 35, 0,[ 89, 10, 17, 3]],

[ 38, 35, 0,[ 44, 63, 21, 7]],

[ 43, 35, 0,[ 39, 45, 61, 92]],

[ 39, 95, 1,[ 95, 22, 18, 3, 75, 85, 72, 97, 43, 81, 93, 42]],

[ 67, 35, 0,[ 51, 65, 31, 97]],

[ 25, 35, 0,[ 44, 29, 31]],

[ 12, 35, 0,[ 63, 15, 77]],

[ 4, 75, 0,[ 98, 33, 77]],

[ 78, 35, 0,[ 94, 8, 3]],

[ 87, 35, 0,[ 84, 59, 24, 0]],

[ 31, 35, 0,[ 67, 13, 25]],

[ 95, 35, 0,[ 55, 66, 39]],

[ 15, 35, 0,[ 45, 73, 12, 24]],

[ 75, 35, 0,[ 39, 17, 5]],

[ 56, 35, 0,[ 90, 19, 69]],

[ 11, 35, 0,[ 26, 46, 16]],

[ 49, 35, 0,[ 76, 10, 60, 40]],

[ 14, 35, 0,[ 89, 92, 9, 72, 34]],

[ 24, 35, 0,[ 15, 64, 87]],

[ 71, 35, 0,[ 45, 19, 5, 60, 17]],

[ 57, 35, 0,[ 94, 76, 89]],

[ 6, 35, 0,[ 37, 8, 59, 45]],

[ 81, 35, 0,[ 39, 0, 45]],

[ 59, 35, 0,[ 44, 87, 6]],

[ 55, 35, 0,[ 45, 65, 95]],

[ 86, 35, 0,[ 72, 58]],

[ 91, 35, 0,[ 94, 54, 42]],

[ 46, 35, 0,[ 11, 23, 32]],

[ 58, 35, 0,[ 79, 44, 86]],

[ 79, 35, 0,[ 58, 44, 65, 21, 30]],

[ 85, 35, 0,[ 39, 80]],

[ 65, 35, 1,[ 3, 7, 1, 98, 55, 79, 19, 83, 23, 93, 52, 0, 67, 21]],

[ 96, 35, 0,[ 36, 77, 47, 89]],

[ 73, 35, 0,[ 33, 27, 15]],

[ 5, 35, 0,[ 97, 71, 75]],

[ 42, 95, 0,[ 91, 39]],

[ 3, 35, 0,[ 65, 53, 39, 78]],

[ 61, 35, 0,[ 43, 22, 32]],

