[ 44, 25, 0,[ 96, 12, 6]],

[ 10, 85, 1,[ 34, 84, 43, 19, 16, 38, 91, 80, 18, 5, 3, 31, 1]],

[ 16, 25, 0,[ 76, 10]],

[ 56, 25, 0,[ 37, 66, 35, 28]],

[ 17, 25, 0,[ 8, 6, 69, 28]],

[ 93, 25, 0,[ 28, 66, 25]],

[ 30, 25, 0,[ 3, 31, 68]],

[ 64, 25, 0,[ 6]],

[ 34, 25, 0,[ 14, 32, 11, 10]],

[ 40, 25, 0,[ 47, 0, 11]],

[ 52, 25, 0,[ 32, 76, 6]],

[ 39, 25, 0,[ 7, 60, 98]],

[ 37, 25, 0,[ 9, 61, 56]],

[ 59, 25, 0,[ 7, 50]],

[ 24, 25, 0,[ 50, 14, 79]],

[ 11, 45, 1,[ 40, 18, 72, 94, 82, 42, 54, 68, 2, 34]],

[ 92, 25, 0,[ 2, 58, 0, 43, 66, 90]],

[ 18, 25, 0,[ 10, 22, 11, 74]],

[ 7, 25, 0,[ 63, 39, 59, 99]],

[ 9, 25, 0,[ 37, 1, 38, 49]],

[ 90, 25, 0,[ 51, 92]],

[ 78, 25, 0,[ 86, 43, 27, 2]],

[ 14, 25, 0,[ 1, 34, 24]],

[ 76, 25, 0,[ 16, 91, 52]],

[ 96, 25, 0,[ 5, 48, 44]],

[ 80, 25, 0,[ 94, 10, 33, 70, 13]],

[ 46, 25, 0,[ 86, 41, 97]],

[ 69, 25, 0,[ 17, 5, 2, 28]],

[ 6, 55, 1,[ 64, 88, 53, 83, 52, 44, 62, 36, 0, 81, 41, 17]],

[ 13, 25, 0,[ 80, 32, 62, 21, 15, 4]],

[ 51, 25, 0,[ 90, 28, 53, 2]],

[ 15, 25, 0,[ 28, 13, 5]],

[ 79, 25, 0,[ 66, 20, 1, 38, 24]],

[ 27, 25, 0,[ 84, 38, 78]],

[ 70, 25, 0,[ 2, 80, 55]],

[ 63, 25, 0,[ 55, 1, 83, 7]],

[ 66, 25, 0,[ 56, 20, 55, 92, 25, 79, 93]],

[ 32, 25, 0,[ 61, 52, 34, 13]],

[ 12, 25, 0,[ 41, 44, 29]],

[ 77, 25, 0,[ 83, 48, 84]],

[ 61, 25, 0,[ 57, 32, 37]],

[ 94, 25, 0,[ 80, 11, 28, 71]],

[ 62, 25, 0,[ 60, 6, 13]],

[ 42, 25, 0,[ 11, 98, 3]],

[ 38, 85, 1,[ 58, 9, 27, 79, 10]],

[ 65, 25, 0,[ 43, 2]],

[ 41, 25, 0,[ 6, 12, 46, 43]],

[ 84, 25, 0,[ 77, 10, 23, 27, 85]],

[ 20, 25, 0,[ 74, 79, 66]],

[ 54, 25, 0,[ 11, 87, 3]],

[ 81, 25, 0,[ 55, 2, 6]],

[ 43, 25, 0,[ 65, 41, 92, 78, 10]],

[ 28, 15, 1,[ 69, 75, 29, 15, 94, 45, 1, 17, 93, 56, 51, 91, 2]],

[ 8, 25, 0,[ 17, 4, 89]],

[ 85, 25, 0,[ 5, 84, 26]],

[ 53, 25, 0,[ 6, 74, 51]],

[ 82, 25, 0,[ 11, 1]],

[ 21, 25, 0,[ 4, 89, 13]],

[ 86, 25, 0,[ 78, 46, 58]],

[ 49, 25, 0,[ 9, 67]],

[ 55, 25, 0,[ 89, 26, 95, 70, 63, 66, 81]],

[ 95, 25, 0,[ 55]],

[ 45, 25, 0,[ 28, 87]],

[ 50, 25, 0,[ 24, 59]],

[ 97, 25, 0,[ 46, 19, 73, 5]],

[ 31, 25, 0,[ 22, 30, 10, 1]],

[ 98, 25, 0,[ 2, 42, 39, 71]],

[ 72, 25, 0,[ 11, 26, 23, 87]],

[ 33, 25, 0,[ 80, 29]],

[ 2, 45, 1,[ 11, 81, 5, 22, 3, 28, 1, 88, 51, 60, 0, 92, 98, 48, 65, 69, 78, 70]],

[ 5, 65, 1,[ 73, 69, 58, 10, 96, 68, 1, 97, 2, 85, 15]],

[ 22, 25, 0,[ 31, 18, 1, 2]],

[ 89, 25, 0,[ 25, 8, 21, 55]],

[ 71, 25, 0,[ 98, 94, 1]],

[ 87, 25, 0,[ 45, 54, 72]],

[ 75, 25, 0,[ 28, 36, 57]],

[ 3, 25, 1,[ 54, 30, 42, 1, 10, 2]],

[ 1, 75, 1,[ 0, 82, 5, 2, 79, 71, 10, 3, 31, 14, 9, 28, 22, 88, 19, 63]],

[ 35, 25, 0,[ 56]],

[ 99, 25, 0,[ 7]],

[ 19, 25, 0,[ 10, 97, 1]],

[ 4, 25, 0,[ 13, 67, 8, 21]],

[ 74, 25, 0,[ 53, 20, 18]],

[ 29, 25, 0,[ 33, 60, 28, 12]],

[ 91, 25, 0,[ 10, 28, 76]],

[ 47, 25, 0,[ 40, 73]],

[ 88, 25, 0,[ 6, 2, 1]],

[ 0, 25, 1,[ 6, 1, 2, 92, 40, 36]],

[ 25, 25, 0,[ 89, 93, 66]],

[ 58, 25, 0,[ 5, 92, 86, 38]],

[ 67, 25, 0,[ 49, 4]],

[ 83, 25, 0,[ 63, 6, 77]],

[ 26, 25, 0,[ 55, 85, 72]],

[ 57, 25, 0,[ 75, 61]],

[ 36, 25, 0,[ 0, 75, 6]],

[ 68, 25, 0,[ 30, 5, 11]],

[ 23, 25, 0,[ 72, 84]],

[ 60, 25, 0,[ 62, 39, 29, 2]],

[ 73, 25, 0,[ 5, 47, 97]],

[ 48, 25, 0,[ 96, 2, 77]],

