[ 94, 5, 1,[ 24, 93, 86, 21, 45]],

[ 84, 75, 0,[ 13, 5, 82]],

[ 49, 25, 1,[ 29, 13, 34, 9]],

[ 47, 35, 1,[ 93, 3, 51, 9]],

[ 5, 75, 0,[ 76, 16, 84, 26]],

[ 26, 65, 1,[ 35, 37, 22, 55, 5]],

[ 36, 5, 0,[ 40, 18]],

[ 50, 65, 1,[ 28, 56]],

[ 38, 15, 0,[ 66, 19, 59]],

[ 14, 5, 0,[ 15, 18, 27]],

[ 37, 25, 0,[ 26, 77, 46]],

[ 19, 15, 1,[ 62, 71, 68, 44, 38]],

[ 3, 35, 0,[ 41, 90, 47]],

[ 44, 75, 1,[ 58, 4, 19, 13, 76]],

[ 97, 95, 1,[ 15, 30, 21, 91, 6]],

[ 79, 65, 1,[ 76, 55, 65]],

[ 92, 5, 1,[ 27, 60, 32, 20]],

[ 71, 15, 0,[ 19, 58, 54]],

[ 48, 55, 0,[ 12, 90]],

[ 81, 75, 0,[ 60, 41]],

[ 59, 55, 1,[ 69, 85, 38, 83, 33]],

[ 68, 25, 1,[ 11, 90, 19]],

[ 13, 75, 0,[ 44, 84, 49]],

[ 83, 5, 1,[ 59, 57, 55]],

[ 95, 5, 1,[ 34, 91, 66, 57]],

[ 96, 5, 0,[ 42, 33, 39, 45]],

[ 58, 5, 1,[ 0, 85, 71, 44]],

[ 17, 85, 0,[ 87, 78, 93, 31]],

[ 90, 55, 1,[ 3, 48, 11, 68]],

[ 86, 75, 1,[ 67, 35, 94, 89]],

[ 78, 85, 0,[ 56, 51, 11, 17]],

[ 64, 75, 1,[ 73, 9, 21, 62]],

[ 22, 5, 0,[ 29, 26, 23]],

[ 98, 55, 1,[ 10, 52, 23, 77]],

[ 6, 75, 0,[ 97, 7, 70]],

[ 53, 55, 0,[ 32, 23, 82]],

[ 51, 85, 1,[ 78, 25, 47]],

[ 73, 25, 1,[ 64, 15, 76]],

[ 16, 75, 0,[ 41, 52, 5]],

[ 82, 55, 1,[ 42, 32, 84, 53]],

[ 27, 5, 0,[ 41, 92, 14]],

[ 15, 85, 1,[ 63, 97, 14, 85, 73]],

[ 74, 45, 1,[ 85, 46, 1]],

[ 54, 95, 0,[ 71, 61, 9]],

[ 28, 65, 0,[ 75, 50, 60]],

[ 65, 85, 1,[ 9, 79, 67, 12]],

[ 70, 75, 1,[ 6, 39, 10]],

[ 24, 25, 1,[ 62, 18, 94]],

[ 46, 75, 0,[ 37, 43, 74]],

[ 8, 55, 1,[ 7, 89, 2, 61]],

[ 66, 75, 1,[ 30, 38, 95]],

[ 20, 65, 0,[ 10, 92, 55]],

[ 2, 95, 0,[ 39, 23, 8]],

[ 31, 25, 1,[ 77, 60, 69, 17]],

[ 41, 75, 1,[ 27, 81, 3, 16, 99]],

[ 0, 5, 0,[ 42, 25, 58, 30]],

[ 25, 5, 0,[ 85, 51, 0]],

[ 63, 95, 1,[ 15, 69, 57]],

[ 40, 5, 1,[ 89, 45, 36]],

[ 87, 85, 1,[ 23, 17, 69]],

[ 1, 75, 0,[ 60, 93, 74]],

[ 4, 75, 0,[ 33, 44, 18, 35]],

[ 42, 5, 0,[ 96, 0, 82]],

[ 67, 75, 1,[ 65, 86, 39]],

[ 39, 95, 1,[ 88, 12, 96, 70, 67, 2]],

[ 60, 95, 1,[ 81, 1, 28, 31, 92, 61]],

[ 11, 85, 0,[ 90, 68, 78]],

[ 77, 25, 1,[ 56, 37, 31, 98]],

[ 35, 75, 0,[ 86, 26, 4]],

[ 80, 35, 1,[ 91, 34, 52]],

[ 89, 45, 1,[ 8, 86, 40]],

[ 29, 5, 0,[ 22, 49]],

[ 93, 75, 1,[ 52, 17, 94, 1, 47]],

[ 91, 85, 1,[ 97, 95, 80]],

[ 57, 5, 0,[ 83, 95, 63, 18]],

[ 69, 55, 0,[ 31, 87, 63, 59]],

[ 61, 95, 0,[ 60, 8, 54]],

[ 18, 5, 0,[ 4, 36, 24, 57, 14, 12]],

[ 32, 55, 0,[ 82, 92, 53]],

[ 34, 35, 0,[ 80, 49, 95]],

[ 43, 75, 0,[ 7, 46, 88]],

[ 62, 85, 1,[ 19, 72, 24, 64]],

[ 85, 15, 1,[ 58, 59, 74, 15, 25]],

[ 23, 75, 1,[ 98, 87, 53, 22, 2]],

[ 33, 45, 1,[ 59, 75, 96, 4, 99]],

[ 52, 75, 0,[ 98, 16, 80, 72, 93]],

[ 7, 75, 0,[ 8, 43, 6]],

[ 72, 75, 0,[ 62, 75, 52, 88]],

[ 9, 85, 0,[ 49, 47, 65, 64, 54]],

[ 10, 65, 0,[ 20, 98, 70]],

[ 88, 75, 0,[ 39, 72, 43]],

[ 55, 65, 1,[ 26, 20, 79, 83]],

[ 99, 45, 0,[ 41, 45, 33]],

[ 76, 75, 0,[ 5, 44, 73, 79]],

[ 75, 45, 1,[ 33, 28, 72]],

[ 45, 5, 1,[ 99, 96, 94, 40]],

[ 30, 5, 0,[ 0, 97, 66]],

[ 12, 5, 0,[ 39, 48, 65, 18]],

[ 56, 75, 1,[ 77, 78, 50]],

[ 21, 95, 0,[ 94, 97, 64]],

