[ 92, 95, 0,[ 65, 86, 5, 52, 94]],

[ 56, 95, 0,[ 81, 46, 20]],

[ 19, 85, 0,[ 3, 60, 87]],

[ 65, 25, 0,[ 82, 1, 92]],

[ 14, 25, 0,[ 82, 21, 9, 91]],

[ 77, 75, 0,[ 34, 99, 5]],

[ 59, 25, 0,[ 38, 83, 71, 45]],

[ 32, 25, 0,[ 54, 71, 9, 27]],

[ 21, 25, 0,[ 20, 14, 43]],

[ 27, 25, 0,[ 73, 32, 40]],

[ 80, 55, 0,[ 12, 53, 95, 58, 40]],

[ 10, 25, 1,[ 3, 79, 50, 1, 70]],

[ 86, 55, 0,[ 34, 92, 99]],

[ 30, 25, 0,[ 16, 55, 61]],

[ 28, 25, 0,[ 41, 85, 66]],

[ 42, 95, 0,[ 15, 9, 45, 72]],

[ 85, 25, 0,[ 44, 53, 28, 16]],

[ 88, 75, 0,[ 31, 26, 93, 75]],

[ 50, 25, 0,[ 10, 64, 36]],

[ 29, 75, 0,[ 84, 33, 39, 31, 8]],

[ 18, 25, 0,[ 47, 26, 12]],

[ 25, 95, 0,[ 70, 51, 83, 13]],

[ 82, 75, 0,[ 14, 34, 65]],

[ 49, 75, 0,[ 38, 51, 96, 12]],

[ 48, 95, 0,[ 97, 37, 4]],

[ 41, 95, 0,[ 5, 73, 6, 52, 28]],

[ 71, 25, 0,[ 32, 59, 69]],

[ 75, 95, 0,[ 3, 88, 64, 13, 35]],

[ 91, 95, 0,[ 14, 24, 36, 74]],

[ 68, 55, 0,[ 62, 31, 54, 2, 13]],

[ 58, 55, 0,[ 80, 31, 4]],

[ 0, 65, 1,[ 11, 70, 2, 93, 44, 7, 34]],

[ 3, 85, 1,[ 94, 19, 23, 6, 87, 10, 75]],

[ 93, 65, 0,[ 1, 88, 0]],

[ 51, 75, 0,[ 25, 72, 34, 49]],

[ 74, 95, 0,[ 22, 91]],

[ 38, 75, 1,[ 59, 49, 96, 16]],

[ 11, 75, 1,[ 0, 78, 67, 16]],

[ 36, 55, 0,[ 91, 89, 50]],

[ 9, 25, 0,[ 32, 14, 42]],

[ 81, 95, 0,[ 78, 98, 56]],

[ 43, 55, 0,[ 89, 99, 90, 4, 21]],

[ 8, 75, 0,[ 17, 29, 23]],

[ 39, 75, 0,[ 76, 57, 29, 94]],

[ 70, 95, 0,[ 13, 10, 17, 0, 25]],

[ 89, 55, 0,[ 36, 67, 61, 43]],

[ 31, 55, 0,[ 29, 2, 58, 68, 88]],

[ 69, 85, 0,[ 23, 97, 22, 71]],

[ 40, 55, 0,[ 80, 26, 27, 97]],

[ 83, 95, 0,[ 59, 25, 33]],

[ 96, 75, 0,[ 1, 49, 38]],

[ 63, 95, 0,[ 15, 76, 44]],

[ 66, 25, 0,[ 7, 53, 28, 84, 5]],

[ 78, 95, 0,[ 47, 81, 11]],

[ 26, 75, 0,[ 88, 40, 18]],

[ 2, 55, 1,[ 23, 0, 57, 45, 31, 68, 60]],

[ 94, 85, 0,[ 3, 39, 92]],

[ 97, 95, 0,[ 69, 40, 48]],

[ 24, 95, 0,[ 5, 91, 47]],

[ 13, 95, 0,[ 68, 57, 75, 25, 70]],

[ 73, 25, 0,[ 41, 27, 87]],

[ 6, 75, 1,[ 41, 3, 87]],

[ 95, 25, 0,[ 80, 79, 15]],

[ 16, 85, 1,[ 11, 38, 54, 85, 30]],

[ 15, 95, 0,[ 95, 12, 63, 42]],

[ 35, 95, 0,[ 75, 62, 37]],

[ 99, 55, 0,[ 77, 33, 43, 61, 86]],

[ 7, 65, 0,[ 23, 66, 0]],

[ 57, 55, 0,[ 2, 13, 39]],

[ 17, 95, 0,[ 67, 8, 70]],

[ 23, 85, 0,[ 7, 2, 3, 22, 8, 69]],

[ 98, 95, 0,[ 76, 46, 81, 61]],

[ 33, 75, 0,[ 46, 83, 99, 29]],

[ 55, 25, 0,[ 84, 30, 22]],

[ 34, 75, 0,[ 77, 52, 51, 0, 82, 86]],

[ 4, 25, 0,[ 58, 61, 48, 43]],

[ 46, 95, 0,[ 64, 56, 98, 33]],

[ 47, 25, 0,[ 24, 78, 18]],

[ 44, 65, 0,[ 0, 53, 63, 85]],

[ 60, 55, 0,[ 2, 19, 37]],

[ 79, 25, 0,[ 90, 10, 95]],

[ 62, 95, 0,[ 68, 5, 35]],

[ 37, 95, 0,[ 60, 48, 35]],

[ 84, 25, 0,[ 66, 55, 29]],

[ 45, 55, 0,[ 59, 2, 42]],

[ 52, 95, 0,[ 92, 34, 41]],

[ 20, 25, 0,[ 53, 56, 21]],

[ 22, 85, 0,[ 74, 23, 69, 55]],

[ 90, 25, 0,[ 43, 79, 1]],

[ 5, 95, 1,[ 41, 66, 92, 62, 72, 77, 24]],

[ 53, 25, 0,[ 66, 80, 20, 85, 44]],

[ 76, 95, 0,[ 98, 39, 63]],

[ 64, 95, 0,[ 46, 72, 75, 50]],

[ 72, 95, 0,[ 5, 51, 64, 42]],

[ 61, 25, 0,[ 98, 4, 30, 89, 99]],

[ 1, 25, 1,[ 93, 10, 90, 65, 96]],

[ 54, 85, 0,[ 16, 68, 32]],

[ 87, 85, 0,[ 19, 3, 6, 73]],

[ 67, 75, 0,[ 17, 89, 11]],

[ 12, 95, 0,[ 49, 80, 15, 18]],

