[ 17, 25, 0,[ 71, 21, 29]],

[ 86, 75, 1,[ 63, 36, 90, 89, 49, 25, 47, 18]],

[ 48, 15, 0,[ 94, 43, 73]],

[ 71, 25, 1,[ 89, 17, 50, 25, 39, 36, 77, 33, 81, 46, 12, 61, 93, 58, 67, 2]],

[ 69, 85, 1,[ 7, 96, 87, 49, 52, 38, 11, 1, 68, 93, 80, 44, 26, 34, 15, 27, 97]],

[ 67, 75, 0,[ 68, 94, 71]],

[ 7, 75, 0,[ 69, 5, 88, 96]],

[ 60, 25, 0,[ 85, 10, 51, 58]],

[ 31, 75, 0,[ 75, 6]],

[ 83, 5, 1,[ 23, 35, 56, 22, 95, 64]],

[ 98, 65, 1,[ 79, 90, 74]],

[ 8, 65, 0,[ 33, 62, 77, 57]],

[ 11, 65, 0,[ 28, 19, 21, 69, 95, 66]],

[ 56, 5, 0,[ 83, 76]],

[ 63, 5, 0,[ 86, 14, 22]],

[ 74, 5, 0,[ 24, 80, 98, 75, 61]],

[ 96, 15, 1,[ 12, 59, 37, 85, 73, 72, 69, 7, 4, 1, 57, 51]],

[ 15, 85, 0,[ 2, 84, 69]],

[ 50, 75, 0,[ 92, 40, 0, 71, 45]],

[ 24, 5, 0,[ 74, 37, 39]],

[ 81, 25, 0,[ 13, 71]],

[ 92, 75, 0,[ 26, 50, 45]],

[ 30, 75, 0,[ 45, 70, 72]],

[ 64, 75, 0,[ 44, 42, 88, 83]],

[ 65, 25, 0,[ 61, 29, 59, 78]],

[ 84, 85, 0,[ 34, 15, 1]],

[ 32, 25, 0,[ 51, 82, 0, 79]],

[ 87, 65, 0,[ 77, 13, 69]],

[ 38, 25, 0,[ 0, 69, 43, 78]],

[ 53, 65, 0,[ 23, 13, 10]],

[ 57, 65, 0,[ 23, 96, 8]],

[ 88, 75, 0,[ 7, 6, 64]],

[ 3, 65, 0,[]],

[ 49, 25, 0,[ 86, 14, 21, 69]],

[ 89, 75, 0,[ 86, 55, 71]],

[ 46, 75, 0,[ 70, 6, 55, 71]],

[ 0, 25, 0,[ 32, 38, 50]],

[ 97, 25, 0,[ 69, 25, 51]],

[ 27, 75, 0,[ 69, 6, 77]],

[ 91, 75, 0,[ 22, 94, 45]],

[ 79, 65, 0,[ 98, 66, 32]],

[ 33, 65, 0,[ 1, 71, 8]],

[ 43, 15, 0,[ 48, 38, 85]],

[ 82, 25, 0,[ 32, 93, 36]],

[ 35, 5, 0,[ 76, 58, 28, 83]],

[ 59, 15, 0,[ 96, 85, 65]],

[ 2, 85, 0,[ 72, 15, 71]],

[ 80, 5, 0,[ 45, 69, 74]],

[ 22, 5, 0,[ 63, 91, 83]],

[ 78, 25, 0,[ 65, 38, 51]],

[ 1, 65, 0,[ 19, 69, 96, 9, 84, 33]],

[ 39, 5, 0,[ 71, 24]],

[ 90, 75, 0,[ 51, 86, 98]],

[ 73, 15, 0,[ 48, 12, 96]],

[ 26, 75, 0,[ 69, 92, 51]],

[ 68, 75, 0,[ 45, 67, 5, 69]],

[ 29, 25, 0,[ 17, 23, 65]],

[ 12, 15, 0,[ 71, 96, 62, 73]],

[ 61, 5, 1,[ 74, 65, 71, 19, 4, 5]],

[ 28, 5, 0,[ 11, 35]],

[ 9, 75, 0,[ 45, 1, 52]],

[ 52, 85, 0,[ 54, 51, 69, 9]],

[ 95, 75, 0,[ 83, 45, 11]],

[ 72, 75, 0,[ 2, 96, 30, 54]],

[ 55, 75, 0,[ 45, 46, 94, 89]],

[ 85, 15, 0,[ 43, 59, 96, 60]],

[ 36, 25, 0,[ 86, 82, 71]],

[ 58, 25, 0,[ 60, 71, 35]],

[ 6, 75, 0,[ 10, 88, 46, 31, 27]],

[ 44, 75, 0,[ 64, 69]],

[ 4, 5, 0,[ 75, 34, 93, 96, 61]],

[ 47, 25, 0,[ 86, 51, 76]],

[ 23, 65, 0,[ 57, 83, 29, 53]],

[ 70, 75, 0,[ 30, 46]],

[ 20, 5, 0,[]],

[ 34, 85, 0,[ 84, 4, 69]],

[ 66, 65, 0,[ 79, 11, 40]],

[ 19, 65, 0,[ 1, 61, 11]],

[ 76, 5, 0,[ 56, 47, 35]],

[ 62, 15, 0,[ 8, 12, 37]],

[ 75, 5, 0,[ 4, 74, 31]],

[ 45, 75, 1,[ 42, 50, 68, 80, 30, 9, 55, 91, 95, 92]],

[ 37, 15, 0,[ 96, 62, 24]],

[ 16, 65, 0,[]],

[ 25, 25, 0,[ 97, 86, 71]],

[ 5, 75, 0,[ 68, 61, 42, 7]],

[ 94, 65, 1,[ 67, 55, 48, 91]],

[ 42, 75, 0,[ 45, 5, 64]],

[ 77, 65, 0,[ 71, 87, 27, 8]],

[ 10, 65, 0,[ 6, 53, 60]],

[ 51, 25, 1,[ 52, 60, 78, 96, 26, 90, 97, 47, 32]],

[ 40, 75, 0,[ 18, 66, 50]],

[ 41, 15, 0,[]],

[ 21, 25, 0,[ 49, 11, 17]],

[ 54, 75, 0,[ 72, 52]],

[ 93, 25, 0,[ 71, 4, 82, 69]],

[ 99, 75, 0,[]],

[ 13, 65, 0,[ 87, 53, 81]],

[ 14, 25, 0,[ 18, 63, 49]],

[ 18, 75, 0,[ 86, 14, 40]],

