[ 48, 15, 0,[ 74, 7, 3]],

[ 7, 5, 0,[ 38, 48]],

[ 6, 15, 0,[ 47, 61, 52, 76]],

[ 19, 95, 1,[ 21, 25, 47, 63]],

[ 61, 15, 0,[ 79, 58, 6]],

[ 85, 35, 1,[ 18, 22, 59, 82, 75]],

[ 73, 95, 1,[ 38, 84, 28]],

[ 79, 15, 1,[ 50, 61, 16]],

[ 82, 15, 1,[ 85, 55, 46]],

[ 14, 85, 0,[ 20, 17, 62]],

[ 95, 55, 1,[ 38, 71, 21]],

[ 18, 55, 0,[ 85, 4, 63]],

[ 39, 95, 1,[ 12, 34, 96]],

[ 70, 75, 1,[ 94, 93, 90, 0]],

[ 99, 15, 0,[ 41, 37, 55]],

[ 91, 95, 1,[ 64, 30, 62]],

[ 97, 55, 1,[ 71, 44, 36]],

[ 72, 15, 0,[ 3, 78]],

[ 78, 95, 1,[ 9, 2, 72]],

[ 66, 15, 1,[ 94, 45, 87]],

[ 57, 5, 0,[ 54, 87, 28]],

[ 76, 15, 1,[ 51, 6, 46, 96, 87]],

[ 2, 5, 0,[ 88, 78, 16]],

[ 44, 95, 1,[ 25, 97, 56, 23, 26]],

[ 1, 85, 0,[ 31, 8, 41]],

[ 21, 95, 0,[ 19, 95, 52]],

[ 27, 85, 0,[ 8, 30, 11, 69]],

[ 69, 85, 1,[ 92, 42, 27]],

[ 9, 55, 0,[ 59, 78, 26]],

[ 5, 5, 0,[ 38, 53, 77]],

[ 0, 5, 0,[ 70, 74, 28]],

[ 35, 15, 0,[ 98, 60, 46]],

[ 17, 55, 0,[ 14, 10, 56]],

[ 63, 5, 1,[ 18, 19, 30, 23]],

[ 90, 65, 1,[ 41, 16, 70, 8]],

[ 62, 95, 0,[ 91, 71, 14]],

[ 83, 75, 1,[ 98, 53, 52]],

[ 52, 15, 0,[ 15, 47, 6, 83, 21]],

[ 26, 45, 1,[ 68, 9, 44]],

[ 71, 55, 1,[ 95, 62, 58, 97]],

[ 75, 75, 1,[ 84, 59, 85, 42, 29]],

[ 10, 55, 0,[ 89, 11, 17]],

[ 88, 5, 0,[ 2, 51, 41, 93]],

[ 43, 15, 0,[ 36, 28, 65]],

[ 58, 95, 1,[ 61, 71, 31]],

[ 37, 35, 0,[ 94, 99, 81]],

[ 30, 5, 0,[ 91, 27, 63]],

[ 38, 5, 0,[ 95, 7, 73, 5]],

[ 55, 15, 1,[ 64, 99, 36, 54, 82]],

[ 67, 85, 1,[ 49, 81, 86]],

[ 28, 5, 0,[ 43, 50, 73, 0, 57]],

[ 32, 55, 0,[ 40, 4]],

[ 64, 5, 1,[ 55, 91, 50]],

[ 42, 55, 1,[ 13, 75, 69]],

[ 87, 15, 1,[ 66, 76, 57]],

[ 77, 95, 1,[ 74, 5, 81]],

[ 24, 95, 1,[ 49, 68]],

[ 50, 15, 1,[ 64, 79, 28]],

[ 11, 85, 0,[ 10, 27, 3]],

[ 98, 5, 1,[ 74, 35, 83]],

[ 16, 35, 0,[ 60, 79, 2, 90]],

[ 86, 55, 1,[ 31, 67]],

[ 74, 15, 1,[ 98, 77, 0, 48]],

[ 13, 55, 0,[ 42, 25, 23]],

[ 54, 15, 0,[ 55, 94, 57]],

[ 22, 35, 0,[ 85, 20, 80]],

[ 23, 5, 0,[ 63, 44, 13]],

[ 93, 15, 0,[ 88, 36, 70]],

[ 80, 15, 1,[ 22, 29, 34]],

[ 84, 75, 0,[ 75, 73, 12]],

[ 29, 75, 0,[ 92, 75, 80]],

[ 15, 15, 1,[ 52, 46, 89]],

[ 34, 95, 0,[ 33, 39, 80]],

[ 25, 95, 0,[ 44, 40, 13, 92, 19]],

[ 60, 35, 1,[ 16, 35, 96]],

[ 3, 15, 0,[ 48, 72, 11, 65]],

[ 41, 95, 1,[ 1, 90, 20, 99, 88]],

[ 46, 15, 0,[ 82, 15, 45, 56, 35, 76]],

[ 92, 85, 1,[ 29, 25, 69]],

[ 33, 55, 1,[ 4, 12, 89, 34]],

[ 59, 75, 0,[ 9, 85, 75]],

[ 47, 45, 1,[ 52, 6, 19]],

[ 81, 45, 1,[ 37, 67, 77]],

[ 51, 5, 1,[ 76, 68, 88]],

[ 20, 85, 0,[ 22, 14, 41]],

[ 68, 15, 1,[ 26, 40, 51, 24]],

[ 8, 55, 1,[ 27, 90, 53, 1]],

[ 4, 55, 0,[ 49, 32, 33, 18]],

[ 53, 5, 0,[ 83, 5, 8]],

[ 49, 95, 0,[ 24, 4, 67]],

[ 89, 55, 1,[ 33, 15, 10]],

[ 12, 95, 0,[ 33, 84, 39]],

[ 40, 35, 1,[ 25, 32, 68]],

[ 56, 55, 1,[ 17, 44, 46]],

[ 31, 85, 1,[ 1, 58, 86]],

[ 45, 95, 1,[ 66, 65, 46]],

[ 94, 35, 1,[ 70, 37, 66, 54]],

[ 36, 15, 0,[ 97, 43, 55, 93]],

[ 96, 95, 0,[ 60, 76, 39]],

[ 65, 15, 0,[ 43, 45, 3]],

