[ 99, 95, 0,[ 0, 43, 40]],

[ 85, 5, 0,[ 88, 36, 34]],

[ 12, 55, 1,[ 55, 76, 89, 19, 79]],

[ 66, 65, 0,[ 92, 68, 37]],

[ 45, 5, 1,[ 56, 51, 21, 95, 13, 98, 48, 73, 71]],

[ 72, 25, 1,[ 28, 23, 33]],

[ 33, 55, 0,[ 41, 72, 63]],

[ 8, 65, 0,[ 9, 38, 21]],

[ 32, 75, 1,[ 14, 44, 23]],

[ 88, 45, 1,[ 50, 92, 85, 2]],

[ 16, 95, 1,[ 68, 7, 40]],

[ 94, 65, 0,[ 52, 91, 36]],

[ 75, 55, 1,[ 24, 62, 90]],

[ 22, 75, 1,[ 3, 17, 38, 86]],

[ 47, 85, 0,[ 13, 9, 18]],

[ 11, 45, 1,[ 58, 65, 53, 29]],

[ 87, 25, 0,[ 48, 36, 69]],

[ 78, 85, 0,[ 50, 17, 49]],

[ 74, 95, 0,[ 56, 53, 71]],

[ 51, 5, 0,[ 28, 93, 45]],

[ 71, 95, 0,[ 45, 7, 74]],

[ 29, 25, 1,[ 11, 77, 15]],

[ 15, 5, 0,[ 29, 31, 1, 91]],

[ 25, 5, 1,[ 17, 7, 39]],

[ 58, 65, 0,[ 19, 11, 61]],

[ 24, 35, 0,[ 21, 75, 37]],

[ 90, 85, 0,[ 75, 7, 80, 43]],

[ 41, 55, 1,[ 33, 20, 6]],

[ 86, 55, 0,[ 22, 26, 20]],

[ 56, 95, 1,[ 81, 74, 17, 45]],

[ 30, 35, 1,[ 67, 60, 37]],

[ 95, 85, 0,[ 76, 45, 2, 20]],

[ 76, 75, 0,[ 12, 4, 95]],

[ 28, 55, 1,[ 23, 51, 72]],

[ 37, 85, 1,[ 66, 31, 24, 30]],

[ 49, 85, 1,[ 34, 63, 78]],

[ 40, 95, 0,[ 16, 61, 99, 4]],

[ 9, 75, 1,[ 47, 8, 77]],

[ 68, 55, 1,[ 82, 93, 16, 31, 66]],

[ 84, 65, 0,[ 0, 1, 46]],

[ 96, 65, 0,[ 83, 52, 23]],

[ 83, 85, 0,[ 80, 1, 96, 5]],

[ 26, 65, 0,[ 10, 34, 86]],

[ 70, 85, 0,[ 10, 55, 77]],

[ 4, 75, 1,[ 79, 31, 76, 46, 40, 35]],

[ 3, 25, 1,[ 23, 22, 64]],

[ 10, 25, 1,[ 60, 70, 91, 26]],

[ 64, 85, 1,[ 23, 6, 3]],

[ 53, 5, 1,[ 74, 11, 6]],

[ 34, 95, 1,[ 85, 26, 20, 39, 49]],

[ 42, 85, 0,[ 57, 27, 6]],

[ 46, 35, 1,[ 4, 44, 84, 59, 92]],

[ 17, 75, 1,[ 56, 78, 22, 81, 25]],

[ 18, 15, 1,[ 98, 2, 47]],

[ 57, 45, 1,[ 42, 23, 89]],

[ 54, 35, 1,[ 97, 63, 5, 73]],

[ 97, 65, 0,[ 69, 54]],

[ 98, 5, 0,[ 35, 18, 45]],

[ 62, 65, 0,[ 14, 13, 65, 75, 60]],

[ 55, 85, 0,[ 67, 70, 12]],

[ 48, 65, 1,[ 35, 45, 87]],

[ 35, 25, 1,[ 44, 50, 4, 14, 48, 98, 65]],

[ 36, 15, 1,[ 87, 94, 85]],

[ 0, 95, 1,[ 92, 6, 84, 39, 99]],

[ 82, 35, 0,[ 79, 7, 68]],

[ 19, 65, 0,[ 12, 58, 73]],

[ 39, 65, 1,[ 34, 25, 0]],

[ 1, 85, 1,[ 15, 83, 84]],

[ 89, 65, 0,[ 57, 12, 43]],

[ 38, 65, 1,[ 67, 22, 8]],

[ 93, 65, 0,[ 27, 68, 51]],

[ 77, 5, 1,[ 29, 9, 70]],

[ 7, 95, 1,[ 90, 25, 82, 71, 16]],

[ 59, 65, 0,[ 52, 46, 43]],

[ 23, 25, 0,[ 64, 72, 32, 96, 3, 28, 57]],

[ 43, 15, 1,[ 99, 89, 63, 27, 59, 90]],

[ 6, 65, 1,[ 41, 42, 53, 64, 0]],

[ 65, 25, 0,[ 11, 35, 62]],

[ 91, 55, 0,[ 94, 15, 10]],

[ 20, 55, 1,[ 86, 27, 95, 34, 41]],

[ 13, 35, 1,[ 47, 62, 45]],

[ 27, 85, 1,[ 20, 93, 42, 43]],

[ 31, 65, 0,[ 37, 68, 15, 4]],

[ 73, 65, 0,[ 45, 19, 54]],

[ 67, 65, 1,[ 5, 55, 30, 38]],

[ 80, 85, 0,[ 21, 83, 90]],

[ 50, 65, 0,[ 88, 78, 35]],

[ 21, 5, 1,[ 80, 24, 8, 45]],

[ 69, 85, 0,[ 52, 87, 97]],

[ 60, 65, 0,[ 10, 30, 62]],

[ 2, 85, 1,[ 81, 95, 18, 88]],

[ 79, 65, 0,[ 82, 12, 4]],

[ 5, 25, 1,[ 67, 83, 54]],

[ 81, 85, 0,[ 2, 56, 17]],

[ 61, 5, 0,[ 52, 58, 40]],

[ 92, 65, 0,[ 0, 88, 46, 66]],

[ 44, 65, 0,[ 46, 32, 35]],

[ 63, 65, 0,[ 43, 54, 49, 33]],

[ 52, 5, 1,[ 96, 69, 59, 94, 61]],

[ 14, 85, 1,[ 32, 35, 62]],

