[ 89, 75, 1,[ 88, 94, 45, 25]],

[ 37, 15, 0,[ 3, 77, 47, 97]],

[ 95, 5, 1,[ 47, 65, 50, 19, 96, 4]],

[ 55, 65, 1,[ 80, 20, 38, 11, 44]],

[ 94, 65, 1,[ 8, 89, 78, 76]],

[ 92, 65, 1,[ 5, 74, 17, 98]],

[ 96, 55, 1,[ 66, 23, 82, 95]],

[ 69, 15, 1,[ 53, 39, 65]],

[ 97, 75, 1,[ 26, 67, 37]],

[ 48, 15, 0,[ 77, 38, 14]],

[ 6, 15, 0,[ 61, 27, 82, 88]],

[ 15, 65, 0,[ 98, 39, 12]],

[ 74, 5, 1,[ 33, 92, 5]],

[ 93, 95, 1,[ 36, 4, 27]],

[ 18, 95, 0,[ 62, 57, 1]],

[ 31, 25, 1,[ 82, 43, 40, 32, 2]],

[ 98, 45, 1,[ 15, 92, 8]],

[ 57, 95, 0,[ 35, 12, 18, 42]],

[ 72, 95, 0,[ 29, 36, 42]],

[ 21, 35, 0,[ 59, 26]],

[ 9, 45, 0,[ 40, 44, 61]],

[ 27, 15, 0,[ 6, 93, 41]],

[ 64, 45, 1,[ 78, 25, 85]],

[ 26, 95, 1,[ 39, 97, 21, 49]],

[ 43, 25, 0,[ 16, 31, 81]],

[ 8, 75, 1,[ 94, 5, 47, 79, 98]],

[ 20, 65, 0,[ 55, 61, 81]],

[ 25, 65, 0,[ 44, 89, 64, 75]],

[ 58, 55, 1,[ 91, 22, 17]],

[ 63, 25, 1,[ 11, 44, 52, 7]],

[ 85, 75, 1,[ 13, 14, 64, 16]],

[ 91, 35, 1,[ 44, 19, 66, 58]],

[ 46, 5, 0,[ 17, 79, 68]],

[ 65, 15, 1,[ 83, 69, 95]],

[ 84, 35, 1,[ 90, 86, 51]],

[ 77, 35, 1,[ 79, 48, 24, 37]],

[ 44, 65, 0,[ 25, 91, 63, 9, 55]],

[ 33, 15, 1,[ 74, 32, 2]],

[ 4, 5, 0,[ 93, 23, 95]],

[ 39, 65, 1,[ 15, 90, 69, 26]],

[ 53, 45, 0,[ 71, 3, 24, 69]],

[ 61, 45, 1,[ 20, 71, 6, 9]],

[ 28, 15, 0,[ 50, 0, 52]],

[ 5, 65, 0,[ 74, 92, 8]],

[ 24, 95, 1,[ 53, 80, 49, 77]],

[ 66, 75, 1,[ 52, 96, 1, 50, 91]],

[ 52, 55, 0,[ 41, 66, 63, 28]],

[ 11, 35, 0,[ 10, 99, 55, 63]],

[ 73, 65, 1,[ 30, 83, 76]],

[ 50, 15, 1,[ 28, 70, 95, 66]],

[ 30, 65, 0,[ 73, 10, 41]],

[ 19, 45, 1,[ 95, 91, 42]],

[ 67, 45, 1,[ 97, 90, 13]],

[ 75, 45, 1,[ 68, 12, 25]],

[ 40, 5, 1,[ 31, 16, 9, 0]],

[ 71, 45, 0,[ 53, 61]],

[ 12, 65, 0,[ 57, 15, 75, 29]],

[ 59, 35, 1,[ 17, 22, 21]],

[ 14, 15, 0,[ 48, 85, 41]],

[ 47, 15, 0,[ 95, 88, 37, 8]],

[ 49, 5, 1,[ 24, 26, 87]],

[ 45, 75, 1,[ 34, 35, 89]],

[ 79, 85, 1,[ 46, 77, 8]],

[ 7, 25, 0,[ 60, 32, 63]],

[ 23, 65, 1,[ 4, 96, 78, 54]],

[ 2, 15, 0,[ 33, 31, 22]],

[ 99, 35, 0,[ 10, 29, 11]],

[ 29, 15, 0,[ 99, 12, 72, 86]],

[ 76, 75, 1,[ 51, 94, 73]],

[ 83, 65, 0,[ 62, 73, 65]],

[ 16, 45, 0,[ 43, 85, 81, 3, 40]],

[ 34, 85, 0,[ 51, 45, 35]],

[ 68, 5, 0,[ 46, 60, 75]],

[ 82, 15, 1,[ 6, 31, 96]],

[ 22, 35, 0,[ 2, 59, 58, 81]],

[ 56, 45, 1,[ 70, 86, 1]],

[ 17, 35, 0,[ 58, 59, 92, 46]],

[ 0, 35, 0,[ 28, 10, 40]],

[ 36, 95, 0,[ 70, 93, 72]],

[ 41, 55, 1,[ 27, 30, 14, 52, 80]],

[ 51, 85, 1,[ 84, 34, 76]],

[ 88, 15, 0,[ 6, 89, 47]],

[ 38, 65, 0,[ 55, 48]],

[ 3, 45, 0,[ 37, 16, 53]],

[ 86, 15, 1,[ 29, 84, 56]],

[ 32, 25, 0,[ 31, 7, 33]],

[ 87, 85, 0,[ 49, 13, 54]],

[ 70, 55, 1,[ 50, 36, 56]],

[ 81, 35, 1,[ 20, 22, 16, 43]],

[ 90, 35, 1,[ 67, 84, 39]],

[ 35, 85, 0,[ 57, 45, 54, 34]],

[ 78, 65, 0,[ 64, 23, 94]],

[ 42, 95, 1,[ 72, 57, 60, 19]],

[ 1, 45, 0,[ 66, 18, 56]],

[ 54, 85, 0,[ 35, 87, 23]],

[ 13, 75, 0,[ 85, 67, 87]],

[ 10, 35, 0,[ 30, 11, 99, 0]],

[ 62, 95, 1,[ 18, 83]],

[ 60, 65, 1,[ 68, 42, 7]],

[ 80, 95, 0,[ 24, 41, 55]],

