[ 80, 85, 0,[ 16, 94, 6]],

[ 30, 85, 0,[ 19, 35, 51]],

[ 8, 85, 0,[ 10, 38, 42]],

[ 32, 85, 0,[ 35, 44, 12]],

[ 78, 85, 0,[ 50, 15, 56]],

[ 73, 85, 0,[ 38, 4, 89]],

[ 61, 85, 0,[ 76, 16, 10]],

[ 63, 85, 0,[ 56]],

[ 65, 85, 0,[ 22, 41, 4]],

[ 11, 25, 1,[ 40, 36, 54, 64, 38, 9, 14, 46, 83, 18, 2, 48, 95, 34, 76]],

[ 39, 85, 0,[ 47, 85, 96]],

[ 36, 85, 0,[ 2, 11, 55]],

[ 55, 85, 0,[ 36, 6, 19]],

[ 15, 85, 0,[ 52, 6, 83, 78, 0]],

[ 5, 5, 1,[ 89, 33, 58, 1, 84]],

[ 18, 85, 0,[ 62, 41, 11]],

[ 86, 85, 0,[ 75, 6, 3]],

[ 94, 85, 0,[ 2, 80, 46, 47]],

[ 59, 85, 0,[ 29, 22, 10]],

[ 79, 85, 0,[ 97, 66, 53]],

[ 76, 85, 0,[ 91, 11, 61, 12]],

[ 83, 85, 0,[ 15, 11, 2]],

[ 85, 85, 0,[ 7, 9, 39, 29]],

[ 46, 85, 0,[ 33, 11, 27, 94, 4, 68]],

[ 64, 85, 0,[ 11, 14, 89]],

[ 58, 85, 0,[ 5, 31, 37]],

[ 25, 85, 0,[ 35, 10, 31]],

[ 60, 85, 0,[ 49, 37, 38]],

[ 56, 85, 0,[ 35, 63, 78]],

[ 34, 85, 0,[ 11, 26, 77]],

[ 93, 85, 0,[ 49, 45, 16]],

[ 43, 85, 0,[ 71, 99, 90]],

[ 24, 85, 0,[ 92, 98, 74, 75, 71, 38]],

[ 6, 45, 1,[ 86, 0, 81, 70, 55, 28, 80, 57, 1, 51, 15]],

[ 77, 85, 0,[ 34, 0, 13]],

[ 81, 85, 0,[ 2, 6, 16]],

[ 37, 85, 0,[ 45, 58, 26, 60, 0]],

[ 44, 85, 0,[ 32, 1]],

[ 99, 85, 0,[ 38, 98, 42, 43]],

[ 88, 85, 0,[ 42, 72, 90, 17]],

[ 42, 85, 0,[ 70, 96, 69, 99, 88, 8, 95]],

[ 95, 85, 0,[ 42, 11, 0]],

[ 48, 85, 0,[ 7, 87, 11, 12]],

[ 14, 85, 0,[ 68, 10, 11, 64]],

[ 38, 75, 1,[ 51, 11, 73, 99, 45, 24, 35, 60, 8]],

[ 75, 85, 0,[ 24, 69, 86, 84]],

[ 7, 85, 0,[ 48, 85, 17]],

[ 29, 85, 0,[ 59, 85]],

[ 90, 85, 0,[ 91, 72, 92, 43, 88]],

[ 96, 85, 0,[ 42, 40, 39]],

[ 2, 65, 1,[ 3, 83, 0, 82, 19, 11, 36, 1, 52, 94, 81]],

[ 20, 85, 0,[ 54, 35, 0]],

[ 74, 85, 0,[ 28, 24]],

[ 3, 85, 1,[ 86, 10, 2, 1]],

[ 31, 85, 0,[ 58, 25, 0]],

[ 13, 85, 0,[ 77, 89, 9]],

[ 9, 85, 0,[ 13, 11, 85]],

[ 98, 85, 0,[ 24, 10, 99]],

[ 57, 85, 0,[ 6, 82, 53]],

[ 50, 85, 0,[ 27, 23, 78]],

[ 66, 85, 0,[ 70, 69, 79]],

[ 0, 45, 1,[ 40, 77, 31, 20, 68, 37, 15, 6, 1, 62, 2, 95]],

[ 27, 85, 0,[ 54, 46, 50]],

[ 35, 15, 1,[ 23, 38, 20, 97, 84, 32, 41, 67, 30, 25, 56]],

[ 33, 85, 0,[ 97, 5, 46]],

[ 68, 85, 0,[ 46, 14, 0]],

[ 4, 85, 0,[ 73, 46, 65]],

[ 10, 45, 1,[ 8, 59, 14, 61, 21, 82, 98, 25, 92, 67, 3, 1]],

[ 89, 85, 0,[ 5, 73, 13, 64]],

[ 41, 85, 0,[ 18, 35, 65]],

[ 71, 85, 0,[ 49, 24, 43]],

[ 82, 85, 0,[ 47, 22, 2, 10, 57, 21]],

[ 69, 85, 0,[ 75, 87, 42, 66]],

[ 67, 85, 0,[ 10, 1, 35]],

[ 97, 85, 0,[ 33, 79, 35]],

[ 47, 85, 0,[ 82, 39, 94, 28]],

[ 52, 85, 0,[ 2, 15]],

[ 19, 85, 0,[ 2, 30, 55]],

[ 49, 85, 0,[ 60, 93, 17, 71]],

[ 51, 85, 0,[ 6, 30, 38]],

[ 28, 85, 0,[ 47, 74, 6]],

[ 92, 85, 0,[ 90, 91, 24, 10]],

[ 12, 85, 0,[ 48, 32, 76]],

[ 23, 85, 0,[ 87, 1, 50, 35]],

[ 84, 85, 0,[ 75, 5, 35]],

[ 21, 85, 0,[ 10, 72, 82]],

[ 87, 85, 0,[ 48, 69, 16, 53, 23]],

[ 72, 85, 0,[ 21, 90, 88]],

[ 40, 85, 0,[ 96, 11, 0]],

[ 70, 85, 0,[ 66, 42, 6]],

[ 53, 85, 0,[ 79, 57, 62, 87]],

[ 45, 85, 0,[ 38, 37, 93]],

[ 16, 85, 0,[ 81, 61, 87, 93, 80]],

[ 1, 85, 1,[ 3, 0, 44, 6, 5, 2, 10, 23, 67]],

[ 91, 85, 0,[ 92, 90, 76]],

[ 62, 85, 0,[ 18, 0, 53]],

[ 54, 85, 0,[ 20, 11, 27]],

[ 22, 85, 0,[ 65, 82, 59]],

[ 17, 85, 0,[ 7, 88, 49]],

[ 26, 85, 0,[ 37, 34]],

