[ 32, 55, 1,[ 12, 16, 53]],

[ 50, 55, 0,[ 22, 10, 21]],

[ 42, 5, 1,[ 73, 95, 11]],

[ 53, 25, 1,[ 63, 54, 32, 0, 12, 52]],

[ 83, 55, 0,[ 6, 82, 93]],

[ 43, 45, 1,[ 89, 40, 90, 20, 70, 45]],

[ 5, 45, 1,[ 23, 29, 88, 87]],

[ 35, 5, 1,[ 17, 79, 7]],

[ 59, 85, 0,[ 34, 88, 62]],

[ 80, 55, 0,[ 11, 22, 84]],

[ 39, 55, 0,[ 66, 62, 61]],

[ 78, 25, 0,[ 0, 46, 34, 66, 54]],

[ 11, 85, 1,[ 63, 42, 80]],

[ 8, 55, 0,[ 34, 89, 6]],

[ 91, 15, 1,[ 65, 14, 31, 47]],

[ 7, 5, 1,[ 47, 35, 71, 60, 30]],

[ 9, 25, 1,[ 22, 96, 85]],

[ 47, 25, 0,[ 7, 69, 91]],

[ 74, 45, 0,[ 97, 34, 2]],

[ 45, 5, 0,[ 3, 19, 43]],

[ 94, 55, 0,[ 96, 64, 71, 13]],

[ 0, 65, 1,[ 53, 20, 78]],

[ 15, 55, 0,[ 72, 6, 18]],

[ 52, 55, 1,[ 30, 53, 22]],

[ 57, 45, 1,[ 95, 64, 73, 4]],

[ 92, 15, 0,[ 58, 79, 27]],

[ 30, 55, 1,[ 1, 52, 7]],

[ 93, 55, 0,[ 29, 83, 26, 22]],

[ 96, 65, 1,[ 94, 9, 49]],

[ 71, 55, 0,[ 94, 6, 7]],

[ 85, 25, 1,[ 79, 9, 2]],

[ 27, 65, 1,[ 31, 68, 92, 16]],

[ 46, 75, 1,[ 79, 78, 99, 21, 88]],

[ 70, 15, 0,[ 54, 43, 87]],

[ 3, 35, 1,[ 60, 45, 89, 4]],

[ 24, 45, 0,[ 37, 99, 34]],

[ 88, 75, 1,[ 5, 59, 46]],

[ 36, 85, 1,[ 77, 18, 79, 38]],

[ 67, 15, 0,[ 64, 86, 22]],

[ 21, 75, 1,[ 23, 46, 44, 50]],

[ 76, 55, 0,[ 65, 17]],

[ 60, 55, 0,[ 6, 3, 7]],

[ 55, 55, 0,[ 1, 49, 31]],

[ 75, 55, 0,[ 33, 38, 62]],

[ 33, 55, 0,[ 34, 75, 82]],

[ 84, 55, 0,[ 80, 17]],

[ 62, 55, 0,[ 59, 75, 34, 39]],

[ 97, 55, 0,[ 74, 69, 10]],

[ 73, 55, 0,[ 42, 81, 57]],

[ 34, 35, 1,[ 13, 62, 26, 74, 59, 78, 24, 33, 8]],

[ 61, 65, 1,[ 82, 39, 18, 40]],

[ 69, 95, 1,[ 56, 47, 97, 89, 87]],

[ 99, 55, 0,[ 24, 46, 13]],

[ 41, 25, 0,[ 20, 90, 51]],

[ 82, 15, 1,[ 48, 25, 83, 58, 61, 33]],

[ 44, 15, 1,[ 21, 12, 19, 29]],

[ 66, 25, 0,[ 86, 39, 78]],

[ 12, 85, 1,[ 44, 32, 28, 53]],

[ 14, 65, 1,[ 91, 77, 90]],

[ 86, 5, 1,[ 66, 67, 37]],

[ 28, 85, 1,[ 81, 12, 87]],

[ 25, 55, 1,[ 2, 82, 10]],

[ 13, 15, 1,[ 34, 99, 94]],

[ 87, 55, 1,[ 28, 69, 70, 5, 63]],

[ 68, 55, 0,[ 27, 77, 37]],

[ 26, 55, 0,[ 34, 79, 93]],

[ 81, 85, 0,[ 18, 73, 28]],

[ 31, 55, 0,[ 55, 91, 27]],

[ 49, 55, 0,[ 55, 96, 1]],

[ 58, 15, 0,[ 16, 89, 82, 92]],

[ 37, 95, 1,[ 17, 98, 86, 24, 68]],

[ 90, 45, 0,[ 43, 41, 14]],

[ 2, 85, 1,[ 85, 64, 16, 74, 25, 98]],

[ 63, 55, 0,[ 11, 53, 87]],

[ 1, 25, 1,[ 55, 65, 30, 49]],

[ 29, 95, 1,[ 93, 44, 5]],

[ 23, 55, 0,[ 5, 56, 21]],

[ 10, 65, 1,[ 25, 50, 98, 97, 51]],

[ 79, 55, 0,[ 26, 35, 36, 85, 46, 92]],

[ 95, 55, 0,[ 40, 57, 42]],

[ 16, 55, 1,[ 48, 32, 2, 27, 58]],

[ 72, 85, 1,[ 15, 48, 20]],

[ 56, 55, 0,[ 69, 23, 48]],

[ 65, 55, 0,[ 76, 1, 91]],

[ 19, 15, 0,[ 45, 44, 64]],

[ 77, 55, 0,[ 68, 36, 14]],

[ 54, 15, 1,[ 53, 70, 78]],

[ 64, 15, 0,[ 57, 67, 2, 94, 19]],

[ 40, 15, 0,[ 61, 95, 43]],

[ 18, 15, 1,[ 15, 36, 4, 81, 61]],

[ 51, 25, 0,[ 41, 10, 6]],

[ 4, 25, 1,[ 57, 18, 3]],

[ 22, 15, 1,[ 50, 67, 93, 80, 9, 52]],

[ 38, 45, 1,[ 36, 17, 75]],

[ 48, 45, 1,[ 72, 56, 82, 16]],

[ 20, 55, 1,[ 41, 0, 72, 43]],

[ 6, 25, 1,[ 83, 8, 60, 71, 15, 51]],

[ 17, 45, 1,[ 76, 84, 37, 35, 38]],

[ 89, 45, 0,[ 69, 3, 8, 43, 58]],

[ 98, 55, 0,[ 10, 2, 37]],

