[ 48, 75, 0,[ 34, 17, 65, 10]],

[ 88, 85, 0,[ 73, 68, 71]],

[ 32, 35, 0,[ 1, 37, 64]],

[ 78, 55, 1,[ 68, 67, 51]],

[ 37, 35, 0,[ 9, 32, 22]],

[ 80, 95, 0,[ 76, 31, 79]],

[ 36, 55, 0,[ 87, 22, 4]],

[ 52, 75, 0,[ 30, 67, 18]],

[ 35, 95, 0,[ 81, 87, 71, 5]],

[ 20, 75, 0,[ 97, 9, 57]],

[ 79, 55, 1,[ 54, 55, 80]],

[ 53, 45, 0,[ 97, 75]],

[ 10, 75, 0,[ 19, 48, 51]],

[ 72, 75, 0,[ 33, 89, 19]],

[ 30, 75, 0,[ 52, 9, 12, 58]],

[ 62, 35, 1,[ 76, 5, 47, 94, 83, 2, 59]],

[ 27, 75, 0,[ 96, 82, 4, 34]],

[ 96, 75, 1,[ 82, 91, 27]],

[ 40, 75, 0,[ 84, 97, 92, 39]],

[ 23, 5, 1,[ 60, 56, 55]],

[ 50, 65, 1,[ 25, 44, 14]],

[ 18, 95, 0,[ 25, 93, 45, 52]],

[ 31, 45, 1,[ 21, 61, 57, 80]],

[ 49, 75, 1,[ 21, 63, 86]],

[ 46, 85, 0,[ 43, 86, 11]],

[ 87, 95, 1,[ 85, 36, 35]],

[ 97, 45, 1,[ 53, 89, 40, 83, 20]],

[ 19, 75, 0,[ 72, 16, 10, 38, 12]],

[ 55, 45, 1,[ 79, 42, 38, 23]],

[ 63, 75, 0,[ 39, 49, 4, 58]],

[ 85, 95, 1,[ 9, 87, 93, 66]],

[ 43, 15, 0,[ 91, 38, 46]],

[ 81, 55, 1,[ 35, 95, 0, 65]],

[ 84, 65, 1,[ 94, 40, 33]],

[ 3, 5, 0,[ 69, 25, 89, 44]],

[ 33, 55, 1,[ 84, 98, 73, 72, 15]],

[ 69, 5, 1,[ 95, 29, 3]],

[ 64, 15, 1,[ 8, 77, 32, 41]],

[ 68, 45, 1,[ 78, 70, 88, 15]],

[ 34, 75, 0,[ 14, 24, 98, 48, 27]],

[ 39, 25, 1,[ 40, 22, 63]],

[ 16, 85, 0,[ 67, 19, 11, 92]],

[ 13, 55, 0,[ 61, 17, 67]],

[ 98, 85, 1,[ 34, 90, 33]],

[ 90, 35, 1,[ 98, 24, 92]],

[ 5, 35, 0,[ 62, 9, 35]],

[ 41, 65, 1,[ 29, 64, 57]],

[ 6, 75, 0,[ 29, 47, 56, 7, 70]],

[ 71, 95, 1,[ 35, 88, 25]],

[ 1, 35, 0,[ 32, 45, 82]],

[ 99, 55, 1,[ 65, 26, 91, 83]],

[ 28, 45, 0,[ 26, 47, 74]],

[ 4, 75, 0,[ 63, 76, 27, 36]],

[ 47, 15, 1,[ 0, 6, 62, 28]],

[ 8, 85, 1,[ 91, 64, 59]],

[ 95, 85, 1,[ 11, 69, 81]],

[ 92, 75, 1,[ 40, 90, 16]],

[ 89, 15, 1,[ 97, 17, 72, 3]],

[ 29, 75, 0,[ 6, 69, 41]],

[ 54, 55, 0,[ 79, 21, 26]],

[ 9, 75, 0,[ 20, 30, 5, 37, 85]],

[ 38, 75, 0,[ 43, 19, 55]],

[ 51, 95, 1,[ 78, 10, 74]],

[ 24, 95, 1,[ 34, 90, 45]],

[ 77, 95, 1,[ 45, 64, 60]],

[ 14, 65, 0,[ 50, 86, 34]],

[ 12, 75, 0,[ 30, 19, 74]],

[ 21, 55, 0,[ 31, 54, 49, 66]],

[ 57, 45, 0,[ 31, 41, 20]],

[ 7, 75, 0,[ 56, 66, 6]],

[ 44, 55, 1,[ 50, 45, 86, 3]],

[ 26, 45, 0,[ 54, 28, 65, 99]],

[ 93, 95, 1,[ 85, 42, 18]],

[ 91, 15, 1,[ 96, 73, 99, 2, 43, 8]],

[ 60, 95, 0,[ 2, 23, 77]],

[ 59, 35, 0,[ 62, 8, 0]],

[ 76, 95, 1,[ 80, 62, 4]],

[ 45, 45, 1,[ 18, 1, 24, 44, 77]],

[ 70, 75, 0,[ 22, 6, 68]],

[ 83, 45, 0,[ 97, 62, 99]],

[ 61, 55, 0,[ 13, 31, 75]],

[ 66, 35, 1,[ 85, 7, 21]],

[ 67, 85, 1,[ 78, 16, 52, 13]],

[ 2, 15, 0,[ 62, 91, 60]],

[ 94, 5, 1,[ 75, 62, 84]],

[ 58, 15, 1,[ 63, 73, 30]],

[ 73, 85, 1,[ 33, 91, 88, 58]],

[ 15, 55, 1,[ 68, 33]],

[ 82, 55, 1,[ 56, 1, 27, 96]],

[ 56, 95, 1,[ 7, 82, 6, 23]],

[ 11, 85, 0,[ 46, 42, 16, 95]],

[ 74, 35, 1,[ 51, 28, 12]],

[ 65, 45, 1,[ 81, 48, 99, 26]],

[ 25, 5, 0,[ 71, 50, 3, 18]],

[ 17, 15, 0,[ 89, 48, 13]],

[ 75, 75, 1,[ 94, 61, 53]],

[ 42, 95, 1,[ 93, 55, 11]],

[ 22, 55, 0,[ 70, 36, 39, 37]],

[ 0, 55, 0,[ 81, 47, 59]],

[ 86, 35, 1,[ 44, 46, 14, 49]],

