[ 49, 85, 0,[ 51, 59, 10, 11, 15, 67]],

[ 89, 45, 0,[ 31, 97, 22]],

[ 7, 85, 0,[ 43, 60, 66]],

[ 6, 95, 0,[ 60, 73, 27, 10]],

[ 85, 45, 0,[ 34, 97, 25, 96]],

[ 0, 55, 0,[ 33, 32, 18]],

[ 88, 85, 0,[ 13, 15, 71]],

[ 21, 25, 0,[ 5, 16, 90]],

[ 16, 25, 0,[ 71, 22, 21]],

[ 24, 55, 0,[ 55, 91, 50]],

[ 83, 55, 0,[ 61, 4, 34]],

[ 43, 85, 0,[ 2, 31, 41, 7, 27]],

[ 12, 45, 0,[ 64, 99, 20]],

[ 87, 25, 0,[ 39, 68, 30, 45]],

[ 55, 55, 0,[ 35, 24, 38, 33]],

[ 70, 55, 1,[ 96, 95, 76, 84]],

[ 72, 95, 0,[ 3, 34, 76]],

[ 46, 25, 0,[ 32, 41, 44]],

[ 67, 85, 0,[ 49, 39, 26]],

[ 56, 25, 0,[ 79, 86, 44]],

[ 2, 85, 0,[ 99, 4, 43]],

[ 99, 45, 0,[ 12, 38, 92, 20, 2]],

[ 80, 95, 1,[ 14, 81, 35]],

[ 20, 45, 0,[ 99, 62, 12, 31, 95]],

[ 9, 95, 0,[ 78, 40, 19, 81]],

[ 19, 85, 0,[ 25, 18, 9]],

[ 66, 95, 0,[ 11, 96, 40, 7]],

[ 82, 5, 1,[ 13, 61, 29, 36, 37]],

[ 14, 85, 0,[ 25, 80, 79]],

[ 41, 25, 0,[ 40, 46, 63, 43, 74]],

[ 1, 25, 0,[ 73, 42, 94, 36]],

[ 47, 95, 0,[ 62, 48, 22, 68]],

[ 65, 95, 0,[ 53, 74, 8]],

[ 50, 95, 0,[ 24, 52, 81]],

[ 90, 95, 0,[ 53, 42, 21, 10]],

[ 13, 85, 0,[ 88, 82, 77]],

[ 94, 85, 1,[ 37, 54, 1]],

[ 35, 95, 0,[ 86, 55, 80]],

[ 63, 95, 0,[ 11, 41, 54]],

[ 69, 95, 0,[ 53, 97, 28]],

[ 62, 95, 0,[ 47, 51, 20, 22]],

[ 57, 45, 0,[ 33, 77, 39, 86]],

[ 30, 25, 0,[ 87, 17, 96, 98]],

[ 59, 85, 0,[ 49, 51, 97, 44]],

[ 33, 55, 1,[ 78, 58, 0, 57, 55]],

[ 36, 25, 0,[ 82, 76, 1]],

[ 31, 85, 0,[ 43, 89, 53, 20]],

[ 15, 85, 0,[ 92, 88, 49, 75]],

[ 96, 25, 0,[ 66, 85, 30, 70]],

[ 53, 95, 0,[ 8, 31, 69, 65, 90]],

[ 29, 5, 0,[ 5, 82, 28, 42, 26]],

[ 77, 85, 0,[ 57, 13, 32]],

[ 54, 95, 0,[ 79, 18, 63, 17, 98, 94]],

[ 79, 85, 0,[ 14, 54, 56]],

[ 75, 85, 0,[ 15, 76, 52]],

[ 73, 25, 0,[ 1, 84, 6, 27]],

[ 64, 25, 0,[ 38, 12, 22, 5]],

[ 10, 85, 0,[ 6, 49, 90]],

[ 8, 95, 0,[ 65, 53, 58, 93, 3]],

[ 5, 25, 0,[ 21, 64, 29]],

[ 52, 45, 0,[ 50, 75, 86]],

[ 39, 25, 0,[ 87, 57, 67]],

[ 4, 55, 0,[ 83, 84, 2]],

[ 84, 55, 0,[ 70, 73, 4]],

[ 28, 5, 0,[ 93, 69, 58, 29]],

[ 34, 95, 0,[ 85, 83, 72]],

[ 40, 95, 0,[ 66, 9, 41]],

[ 23, 45, 0,[ 17, 97, 48]],

[ 42, 95, 0,[ 90, 29, 1]],

[ 18, 95, 0,[ 0, 54, 19]],

[ 17, 95, 0,[ 23, 61, 30, 54, 60]],

[ 27, 95, 0,[ 43, 73, 6]],

[ 22, 25, 0,[ 89, 47, 62, 16, 64]],

[ 38, 25, 0,[ 55, 99, 64]],

[ 26, 5, 0,[ 29, 91, 67, 48]],

[ 51, 85, 0,[ 49, 59, 62]],

[ 25, 85, 0,[ 45, 85, 19, 14]],

[ 32, 55, 0,[ 77, 46, 45, 0]],

[ 81, 95, 1,[ 50, 80, 95, 9]],

[ 74, 25, 0,[ 65, 68, 41]],

[ 60, 55, 1,[ 7, 17, 6]],

[ 91, 55, 0,[ 26, 24, 3]],

[ 48, 5, 0,[ 61, 26, 23, 47]],

[ 61, 5, 0,[ 48, 83, 17, 82]],

[ 71, 55, 0,[ 88, 16, 93]],

[ 11, 95, 0,[ 66, 49, 63]],

[ 78, 55, 0,[ 37, 9, 33]],

[ 97, 45, 0,[ 69, 89, 59, 23, 85]],

[ 95, 45, 1,[ 20, 70, 81]],

[ 45, 85, 0,[ 87, 25, 32]],

[ 93, 55, 0,[ 28, 8, 71]],

[ 76, 95, 0,[ 72, 75, 36, 70]],

[ 98, 95, 0,[ 30, 54]],

[ 58, 95, 1,[ 33, 8, 28]],

[ 44, 25, 0,[ 46, 56, 59]],

[ 3, 95, 0,[ 91, 72, 8]],

[ 37, 85, 0,[ 78, 82, 94]],

[ 86, 45, 1,[ 57, 56, 52, 35]],

[ 92, 45, 0,[ 68, 15, 99]],

[ 68, 45, 0,[ 87, 74, 47, 92]],

