[ 43, 55, 0,[ 80, 41, 24]],

[ 51, 55, 0,[ 6, 78, 38]],

[ 62, 55, 0,[ 3, 88, 11]],

[ 86, 55, 0,[ 41, 52, 10]],

[ 87, 55, 0,[ 52, 54, 33, 16]],

[ 3, 95, 1,[ 1, 46, 44, 26, 41, 55, 62, 85, 10]],

[ 57, 55, 0,[ 38, 36, 83]],

[ 45, 55, 0,[ 20, 78, 71]],

[ 74, 55, 0,[ 12, 77, 94, 14, 75]],

[ 40, 55, 0,[ 1, 35, 11]],

[ 41, 55, 0,[ 18, 43, 86, 3]],

[ 34, 55, 0,[ 72, 47, 96, 8, 59]],

[ 98, 55, 0,[ 90, 19, 25, 65]],

[ 10, 45, 1,[ 21, 1, 86, 3]],

[ 21, 55, 0,[ 10, 48, 37]],

[ 68, 55, 0,[ 93, 79, 76]],

[ 82, 55, 0,[ 90, 80, 92, 96, 77, 71]],

[ 23, 55, 0,[ 72, 94, 54]],

[ 95, 55, 0,[ 56, 38, 76, 49]],

[ 25, 55, 0,[ 36, 98, 49, 60]],

[ 47, 55, 0,[ 34, 76, 80]],

[ 63, 55, 0,[ 26, 8, 19, 97]],

[ 76, 55, 0,[ 39, 47, 92, 44, 12, 68, 95]],

[ 11, 35, 1,[ 40, 42, 62, 35, 2, 17]],

[ 96, 55, 0,[ 56, 34, 82, 83, 70]],

[ 55, 55, 0,[ 22, 13, 3]],

[ 71, 55, 0,[ 22, 45, 79, 82]],

[ 33, 55, 0,[ 87, 69, 30, 44, 27]],

[ 27, 55, 0,[ 44, 33, 94]],

[ 5, 25, 1,[ 20, 1, 53, 32, 99]],

[ 29, 55, 0,[ 79, 16, 73]],

[ 12, 55, 0,[ 74, 76, 67]],

[ 52, 55, 0,[ 37, 87, 86]],

[ 93, 55, 0,[ 49, 46, 68]],

[ 8, 55, 0,[ 34, 63, 75, 83]],

[ 56, 55, 0,[ 95, 42, 96]],

[ 77, 55, 0,[ 82, 58, 74, 48]],

[ 2, 45, 1,[ 11, 28, 30, 42, 0, 67, 20, 49, 1, 17]],

[ 20, 55, 0,[ 1, 45, 5, 2]],

[ 36, 55, 0,[ 14, 57, 25, 13]],

[ 44, 55, 0,[ 3, 76, 65, 27, 33]],

[ 1, 65, 1,[ 2, 10, 5, 40, 48, 20, 3, 16, 0]],

[ 70, 55, 0,[ 89, 96, 17]],

[ 92, 55, 0,[ 82, 38, 31, 76]],

[ 22, 55, 0,[ 84, 55, 71, 18]],

[ 0, 15, 1,[ 1, 64, 67, 2, 6, 89]],

[ 80, 55, 0,[ 79, 47, 43, 82]],

[ 4, 55, 0,[ 89, 94, 97, 81]],

[ 79, 55, 0,[ 14, 29, 24, 80, 68, 69, 71]],

[ 59, 55, 0,[ 34, 90, 99]],

[ 99, 55, 0,[ 88, 60, 37, 59, 85, 5]],

[ 17, 55, 0,[ 2, 54, 11, 70]],

[ 6, 55, 1,[ 73, 51, 15, 0, 16]],

[ 38, 45, 1,[ 92, 9, 57, 18, 51, 95]],

[ 18, 55, 0,[ 41, 22, 9, 38]],

[ 26, 55, 0,[ 63, 3, 69]],

[ 65, 55, 0,[ 50, 15, 44, 98, 67]],

[ 48, 55, 0,[ 61, 77, 21, 1, 24]],

[ 42, 55, 0,[ 2, 56, 78, 75, 9, 11]],

[ 58, 55, 0,[ 97, 64, 35, 77]],

[ 94, 55, 0,[ 66, 74, 23, 53, 27, 4]],

[ 9, 55, 0,[ 18, 42, 38]],

[ 69, 55, 0,[ 13, 79, 33, 26, 91]],

[ 35, 55, 0,[ 40, 54, 58, 61, 11]],

[ 15, 55, 0,[ 91, 6, 65]],

[ 90, 55, 0,[ 59, 64, 82, 98]],

[ 89, 55, 0,[ 0, 4, 70]],

[ 91, 55, 0,[ 15, 83, 69]],

[ 50, 55, 0,[ 65, 13, 73]],

[ 60, 55, 0,[ 99, 73, 30, 25]],

[ 46, 55, 0,[ 32, 93, 83, 3]],

[ 54, 55, 0,[ 17, 87, 23, 35, 28]],

[ 13, 55, 0,[ 36, 50, 69, 55]],

[ 49, 55, 0,[ 85, 25, 84, 2, 95, 93]],

[ 83, 55, 0,[ 46, 96, 91, 8, 57]],

[ 81, 55, 0,[ 28, 31, 39, 4]],

[ 24, 55, 0,[ 7, 48, 43, 79]],

[ 67, 55, 0,[ 65, 0, 2, 12]],

[ 85, 55, 0,[ 49, 3, 99]],

[ 7, 55, 0,[ 24, 32, 16]],

[ 53, 55, 0,[ 94, 39, 5]],

[ 73, 55, 0,[ 6, 29, 60, 50]],

[ 64, 55, 0,[ 0, 90, 58]],

[ 61, 55, 0,[ 14, 48, 35]],

[ 28, 55, 0,[ 2, 54, 81]],

[ 78, 55, 0,[ 42, 51, 45, 19]],

[ 97, 55, 0,[ 84, 31, 58, 63, 4]],

[ 66, 55, 0,[ 84, 94, 32]],

[ 72, 55, 0,[ 37, 34, 88, 23]],

[ 75, 55, 0,[ 42, 74, 8]],

[ 31, 55, 0,[ 97, 81, 92]],

[ 14, 55, 0,[ 79, 61, 74, 36]],

[ 19, 55, 0,[ 78, 63, 98]],

[ 88, 55, 0,[ 99, 72, 62]],

[ 39, 55, 0,[ 81, 76, 53]],

[ 16, 65, 1,[ 6, 29, 7, 1, 87]],

[ 37, 55, 0,[ 72, 99, 52, 21]],

[ 32, 55, 0,[ 66, 7, 46, 5]],

[ 30, 55, 0,[ 60, 33, 2]],

[ 84, 55, 0,[ 97, 22, 66, 49]],

