[ 11, 65, 1,[ 68, 83, 64, 38]],

[ 49, 35, 0,[ 2, 36, 1, 21]],

[ 32, 65, 0,[ 41, 42, 60]],

[ 88, 95, 0,[ 54, 19, 47]],

[ 70, 35, 0,[ 12, 73, 1]],

[ 79, 65, 0,[ 80, 37, 97, 61, 12]],

[ 41, 95, 0,[ 32, 29, 2]],

[ 16, 95, 0,[ 63, 3, 1]],

[ 54, 95, 0,[ 74, 1, 88]],

[ 97, 65, 0,[ 14, 79, 34]],

[ 29, 95, 0,[ 41, 22]],

[ 99, 45, 0,[ 71, 68, 0, 24, 25, 57]],

[ 57, 65, 0,[ 99, 60, 66]],

[ 47, 95, 0,[ 50, 96, 56, 88]],

[ 19, 75, 0,[ 26, 13, 72, 67, 88]],

[ 98, 75, 0,[ 23, 68, 81]],

[ 31, 35, 0,[ 84, 46, 44]],

[ 48, 75, 0,[ 17, 42, 43]],

[ 81, 35, 0,[ 98, 26, 6, 67]],

[ 93, 35, 0,[ 7, 55, 14, 75]],

[ 8, 35, 0,[ 61, 71, 94]],

[ 22, 45, 0,[ 12, 71, 29]],

[ 14, 35, 0,[ 93, 28, 97]],

[ 28, 5, 1,[ 43, 1, 46, 14]],

[ 85, 75, 0,[ 78, 44, 73, 17, 91, 87]],

[ 92, 95, 0,[ 74, 53, 83]],

[ 6, 15, 1,[ 62, 69, 34, 81]],

[ 62, 15, 0,[ 3, 25, 6]],

[ 36, 75, 0,[ 49, 64, 77]],

[ 91, 75, 0,[ 72, 85, 65]],

[ 9, 45, 0,[ 87, 10, 44]],

[ 17, 75, 0,[ 45, 33, 48, 85]],

[ 71, 45, 0,[ 8, 99, 37, 22]],

[ 53, 35, 0,[ 39, 21, 92, 33, 63]],

[ 2, 95, 1,[ 5, 41, 77, 3, 49, 74]],

[ 15, 65, 0,[ 73, 84, 67, 27]],

[ 52, 5, 0,[ 51, 95, 45]],

[ 4, 35, 0,[ 46, 7, 66]],

[ 30, 5, 0,[ 46, 83, 27, 95]],

[ 45, 5, 0,[ 52, 55, 17]],

[ 82, 45, 0,[ 21, 24, 10]],

[ 66, 35, 0,[ 57, 75, 4]],

[ 21, 35, 0,[ 82, 49, 53]],

[ 80, 65, 0,[ 96, 39, 79]],

[ 63, 95, 0,[ 53, 96, 16]],

[ 55, 35, 0,[ 25, 45, 93, 1]],

[ 39, 65, 0,[ 80, 53, 51]],

[ 65, 95, 0,[ 91, 96, 76]],

[ 67, 75, 0,[ 15, 81, 19]],

[ 23, 75, 0,[ 42, 98, 75]],

[ 64, 75, 0,[ 11, 90, 69, 24, 36]],

[ 78, 75, 0,[ 40, 60, 85]],

[ 69, 45, 0,[ 10, 64, 6]],

[ 44, 75, 0,[ 9, 31, 85]],

[ 83, 65, 0,[ 30, 92, 11]],

[ 86, 5, 0,[ 13, 59, 76, 89, 77]],

[ 96, 95, 0,[ 80, 63, 65, 47]],

[ 51, 65, 0,[ 84, 39, 52]],

[ 20, 75, 0,[ 58, 72, 33]],

[ 42, 75, 0,[ 48, 32, 23]],

[ 38, 35, 1,[ 35, 24, 11]],

[ 72, 75, 0,[ 91, 43, 24, 19, 20]],

[ 33, 75, 0,[ 17, 20, 53, 90]],

[ 95, 5, 0,[ 74, 30, 52]],

[ 77, 5, 0,[ 36, 86, 2]],

[ 12, 65, 0,[ 79, 70, 22]],

[ 40, 75, 0,[ 78, 5, 18]],

[ 58, 45, 0,[ 20, 34, 50]],

[ 27, 65, 0,[ 30, 90, 15]],

[ 84, 65, 0,[ 94, 31, 76, 15, 51]],

[ 74, 95, 0,[ 92, 2, 54, 95]],

[ 61, 65, 0,[ 8, 90, 79]],

[ 90, 75, 0,[ 61, 64, 56, 27, 33]],

[ 94, 35, 0,[ 8, 68, 84]],

[ 24, 75, 0,[ 38, 72, 82, 64, 99]],

[ 50, 45, 0,[ 47, 58, 87]],

[ 43, 75, 0,[ 28, 48, 72]],

[ 76, 5, 0,[ 86, 65, 84]],

[ 25, 65, 0,[ 99, 13, 55, 62]],

[ 7, 35, 0,[ 93, 68, 4]],

[ 87, 45, 0,[ 85, 9, 50]],

[ 37, 65, 0,[ 79, 71, 56]],

[ 34, 15, 0,[ 6, 58, 97]],

[ 89, 35, 0,[ 86, 35, 18]],

[ 68, 45, 0,[ 94, 11, 99, 7, 98]],

[ 10, 45, 1,[ 82, 0, 9, 69]],

[ 56, 65, 0,[ 90, 47, 37]],

[ 1, 35, 1,[ 54, 28, 55, 49, 70, 18, 16]],

[ 13, 65, 0,[ 19, 86, 25]],

[ 46, 35, 0,[ 30, 28, 4, 26, 31]],

[ 26, 35, 0,[ 19, 81, 46]],

[ 75, 35, 0,[ 66, 93, 23]],

[ 59, 65, 0,[ 86, 60, 35]],

[ 60, 65, 0,[ 59, 78, 57, 32]],

[ 5, 95, 1,[ 40, 18, 2]],

[ 18, 35, 0,[ 40, 89, 1, 5]],

[ 0, 45, 1,[ 35, 99, 10]],

[ 73, 75, 0,[ 70, 85, 15]],

[ 3, 95, 1,[ 2, 62, 16]],

[ 35, 45, 0,[ 59, 89, 0, 38]],

