[ 64, 95, 0,[ 29, 5]],

[ 34, 95, 0,[ 40, 54, 39, 68, 3]],

[ 23, 95, 0,[ 53, 79, 51, 5, 1, 8]],

[ 17, 95, 0,[ 59, 38, 48, 83]],

[ 68, 95, 0,[ 16, 26, 34]],

[ 30, 95, 0,[ 18, 71, 5]],

[ 92, 95, 0,[ 1, 97, 50]],

[ 35, 95, 0,[ 51, 61, 32]],

[ 12, 95, 0,[ 60, 79, 63, 81, 76]],

[ 16, 65, 1,[ 66, 57, 53, 6, 68, 69, 97, 39, 1]],

[ 31, 95, 0,[ 9, 44, 49]],

[ 88, 95, 0,[ 47, 40, 76]],

[ 74, 95, 0,[ 62, 89, 73, 69]],

[ 65, 95, 0,[ 48, 22, 87]],

[ 0, 25, 1,[ 6, 39, 19, 76, 80, 1, 2, 57]],

[ 45, 95, 0,[ 70, 4, 15, 50, 86]],

[ 38, 85, 1,[ 2, 77, 14, 33, 78, 17, 95]],

[ 57, 95, 0,[ 63, 16, 0]],

[ 37, 95, 0,[ 75, 82, 61]],

[ 25, 95, 0,[ 95, 43, 86]],

[ 39, 95, 0,[ 34, 16, 0]],

[ 50, 95, 0,[ 3, 92, 10, 45]],

[ 70, 95, 0,[ 6, 36, 60, 45]],

[ 94, 95, 0,[ 1, 11, 33, 24]],

[ 95, 95, 0,[ 38, 25]],

[ 26, 95, 0,[ 1, 68]],

[ 32, 95, 0,[ 75, 35, 83, 52]],

[ 61, 95, 0,[ 40, 37, 35]],

[ 71, 95, 0,[ 21, 30, 91, 87]],

[ 93, 95, 0,[ 13, 7, 10]],

[ 81, 95, 0,[ 12, 85, 66]],

[ 1, 5, 1,[ 27, 0, 10, 23, 16, 94, 26, 46, 92, 6, 5, 21, 2, 42]],

[ 8, 95, 0,[ 13, 23, 6]],

[ 11, 35, 1,[ 4, 73, 19, 2, 5, 89, 94, 7, 55, 85]],

[ 55, 95, 0,[ 69, 20, 11]],

[ 18, 95, 0,[ 28, 59, 30, 79]],

[ 21, 95, 0,[ 5, 1, 2, 71]],

[ 69, 95, 0,[ 74, 55, 60, 97, 44, 16]],

[ 80, 95, 0,[ 0, 28]],

[ 22, 95, 0,[ 98, 54, 62, 65]],

[ 3, 95, 1,[ 54, 14, 34, 50, 2]],

[ 13, 95, 0,[ 46, 24, 93, 58, 36, 49, 8, 42, 19]],

[ 10, 5, 1,[ 50, 90, 98, 77, 93, 1, 75, 47]],

[ 48, 95, 0,[ 65, 17, 5]],

[ 43, 95, 0,[ 2, 86, 91, 25, 4]],

[ 33, 95, 0,[ 38, 94]],

[ 98, 95, 0,[ 89, 10, 22]],

[ 24, 95, 0,[ 86, 56, 94, 13]],

[ 66, 95, 0,[ 67, 16, 81, 2]],

[ 42, 95, 0,[ 1, 63, 13]],

[ 75, 95, 0,[ 84, 32, 10, 37]],

[ 97, 95, 0,[ 16, 15, 69, 92]],

[ 82, 95, 0,[ 5, 46, 37]],

[ 27, 95, 0,[ 9, 15, 1, 63]],

[ 91, 95, 0,[ 54, 43, 71]],

[ 6, 75, 1,[ 70, 8, 1, 16, 14, 0, 90]],

[ 9, 95, 0,[ 5, 31, 84, 27]],

[ 90, 95, 0,[ 10, 6, 47]],

[ 4, 95, 0,[ 45, 43, 11, 5]],

[ 29, 95, 0,[ 52, 51, 64]],

[ 47, 95, 0,[ 90, 88, 10]],

[ 62, 95, 0,[ 74, 22, 28]],

[ 36, 95, 0,[ 96, 13, 44, 59, 70]],

[ 19, 95, 0,[ 0, 13, 11]],

[ 5, 65, 1,[ 23, 58, 11, 2, 30, 21, 82, 9, 99, 64, 4, 40, 48, 1]],

[ 51, 95, 0,[ 23, 44, 35, 29]],

[ 99, 95, 0,[ 76, 5, 63]],

[ 96, 95, 0,[ 36, 41, 7, 67]],

[ 60, 95, 0,[ 12, 69, 70]],

[ 67, 95, 0,[ 96, 66, 77]],

[ 72, 95, 0,[ 63, 52, 78, 41]],

[ 49, 95, 0,[ 31, 83, 13, 63]],

[ 56, 95, 0,[ 44, 24, 87]],

[ 2, 55, 1,[ 11, 43, 66, 5, 0, 21, 38, 53, 3, 84, 1]],

[ 52, 95, 0,[ 32, 72, 7, 29]],

[ 15, 95, 0,[ 45, 97, 27]],

[ 85, 95, 0,[ 40, 11, 81]],

[ 73, 95, 0,[ 58, 74, 11]],

[ 40, 95, 0,[ 85, 61, 34, 5, 88]],

[ 89, 95, 0,[ 98, 74, 11]],

[ 59, 95, 0,[ 36, 18, 17]],

[ 76, 95, 0,[ 12, 88, 99, 0, 54, 20]],

[ 86, 95, 0,[ 45, 24, 25, 41, 43]],

[ 28, 95, 0,[ 80, 78, 18, 62]],

[ 87, 95, 0,[ 56, 65, 71]],

[ 44, 95, 0,[ 51, 69, 56, 36, 31]],

[ 58, 95, 0,[ 13, 5, 73]],

[ 79, 95, 0,[ 23, 18, 12]],

[ 84, 95, 0,[ 2, 75, 9]],

[ 20, 95, 0,[ 46, 76, 55]],

[ 41, 95, 0,[ 72, 86, 96]],

[ 14, 95, 0,[ 6, 3, 38]],

[ 7, 95, 0,[ 11, 52, 93, 96]],

[ 63, 95, 0,[ 57, 72, 42, 12, 99, 27, 49]],

[ 53, 95, 0,[ 2, 16, 23]],

[ 78, 95, 0,[ 38, 72, 28]],

[ 46, 95, 0,[ 13, 1, 82, 20]],

[ 83, 95, 0,[ 17, 32, 49]],

[ 77, 95, 0,[ 67, 10, 38]],

[ 54, 95, 0,[ 3, 34, 76, 22, 91]],

