[ 86, 95, 1,[ 30, 28, 79]],

[ 54, 35, 0,[ 51, 22, 66]],

[ 91, 45, 1,[ 31, 26, 55, 44, 25]],

[ 32, 55, 0,[ 72, 42, 67]],

[ 79, 35, 1,[ 86, 18, 31]],

[ 22, 65, 0,[ 21, 54, 57]],

[ 26, 45, 0,[ 11, 28, 91]],

[ 41, 15, 0,[ 67, 23, 5]],

[ 92, 45, 1,[ 39, 81, 95]],

[ 51, 35, 1,[ 54, 69, 60, 17]],

[ 36, 5, 0,[ 82, 47, 24, 12]],

[ 29, 45, 0,[ 93, 46, 72]],

[ 74, 95, 1,[ 67, 94, 89, 77]],

[ 95, 45, 1,[ 64, 92, 33, 19]],

[ 31, 5, 0,[ 48, 79, 91]],

[ 75, 55, 1,[ 6, 7, 18]],

[ 72, 45, 0,[ 32, 29, 37, 3]],

[ 45, 95, 1,[ 25, 43, 94]],

[ 96, 65, 1,[ 27, 97, 18]],

[ 19, 85, 1,[ 95, 12, 68, 58]],

[ 8, 85, 0,[ 69, 38, 97]],

[ 63, 25, 1,[ 85, 17, 1]],

[ 6, 85, 0,[ 46, 21, 75, 20]],

[ 68, 85, 1,[ 77, 19, 39]],

[ 53, 15, 0,[ 94, 62, 52]],

[ 27, 95, 0,[ 2, 96, 89, 38]],

[ 28, 25, 0,[ 26, 90, 86]],

[ 46, 85, 0,[ 20, 89, 6, 29]],

[ 56, 45, 1,[ 35, 69, 82]],

[ 84, 75, 1,[ 17, 47, 98, 94]],

[ 21, 65, 0,[ 78, 22, 6, 34]],

[ 49, 25, 1,[ 37, 15, 73]],

[ 9, 45, 0,[ 76, 15, 1, 5]],

[ 99, 95, 1,[ 33, 85, 14]],

[ 80, 15, 1,[ 58, 7, 59]],

[ 55, 45, 1,[ 3, 91, 93]],

[ 11, 45, 0,[ 26, 77, 57]],

[ 50, 45, 1,[ 62, 90, 38]],

[ 61, 85, 1,[ 62, 88, 39, 44, 65]],

[ 25, 75, 0,[ 45, 43, 14, 15, 91]],

[ 33, 95, 0,[ 99, 70, 95]],

[ 12, 45, 0,[ 19, 36, 16]],

[ 16, 45, 0,[ 12, 2, 10, 81, 52]],

[ 10, 45, 0,[ 71, 73, 16]],

[ 47, 45, 1,[ 36, 30, 84]],

[ 65, 85, 0,[ 4, 38, 61]],

[ 78, 85, 0,[ 21, 35, 90]],

[ 76, 45, 0,[ 42, 48, 9]],

[ 43, 75, 0,[ 90, 25, 45]],

[ 2, 45, 0,[ 71, 66, 27, 16]],

[ 60, 45, 1,[ 88, 51, 94, 87]],

[ 90, 25, 0,[ 28, 78, 43, 50]],

[ 82, 5, 1,[ 48, 36, 56]],

[ 62, 35, 1,[ 44, 50, 53, 61]],

[ 17, 45, 0,[ 51, 84, 63, 0]],

[ 44, 65, 1,[ 61, 0, 97, 91, 62]],

[ 30, 95, 0,[ 4, 47, 86, 42, 70]],

[ 58, 35, 1,[ 40, 80, 19]],

[ 77, 25, 1,[ 71, 74, 0, 68, 11]],

[ 37, 15, 0,[ 4, 49, 81, 72]],

[ 57, 45, 0,[ 22, 5, 98, 11]],

[ 48, 5, 0,[ 83, 31, 76, 82]],

[ 89, 95, 1,[ 27, 46, 13, 74]],

[ 88, 45, 0,[ 60, 61, 3]],

[ 1, 45, 0,[ 81, 9, 63]],

[ 23, 85, 1,[ 40, 41, 34, 14]],

[ 40, 15, 1,[ 66, 58, 23]],

[ 7, 45, 0,[ 18, 75, 80]],

[ 97, 85, 1,[ 96, 24, 44, 8]],

[ 87, 75, 1,[ 60, 85, 38]],

[ 71, 55, 1,[ 10, 2, 77]],

[ 3, 45, 0,[ 72, 55, 88, 70]],

[ 35, 85, 0,[ 56, 64, 66, 78]],

[ 39, 65, 1,[ 61, 92, 68, 66]],

[ 93, 95, 1,[ 73, 29, 83, 55]],

[ 4, 95, 0,[ 37, 30, 65]],

[ 24, 25, 1,[ 97, 36, 64]],

[ 67, 15, 1,[ 74, 32, 13, 41]],

[ 20, 45, 0,[ 46, 5, 6]],

[ 81, 15, 1,[ 1, 92, 16, 37]],

[ 73, 75, 1,[ 93, 49, 10]],

[ 18, 45, 0,[ 75, 96, 7, 79]],

[ 70, 95, 0,[ 33, 3, 30]],

[ 69, 25, 1,[ 34, 56, 51, 8]],

[ 52, 85, 0,[ 53, 59, 16]],

[ 0, 45, 0,[ 77, 17, 44]],

[ 83, 45, 1,[ 34, 48, 93, 98]],

[ 5, 45, 0,[ 9, 41, 13, 57, 20]],

[ 94, 15, 1,[ 45, 74, 84, 53, 60]],

[ 13, 95, 0,[ 89, 67, 5]],

[ 64, 35, 1,[ 24, 35, 95]],

[ 38, 85, 0,[ 87, 50, 27, 65, 8]],

[ 15, 5, 1,[ 49, 9, 25]],

[ 98, 5, 1,[ 57, 83, 84]],

[ 42, 55, 1,[ 30, 76, 32]],

[ 66, 75, 1,[ 2, 54, 40, 35, 39]],

[ 85, 15, 1,[ 63, 87, 99]],

[ 34, 65, 0,[ 23, 69, 21, 83]],

[ 14, 75, 0,[ 99, 23, 25]],

[ 59, 85, 1,[ 52, 80]],

