[ 79, 95, 0,[ 1, 44, 93]],

[ 27, 5, 1,[ 25, 59, 87, 6, 89]],

[ 4, 55, 1,[ 28, 0, 78]],

[ 13, 15, 1,[ 18, 30, 74]],

[ 62, 45, 0,[ 70, 86, 38]],

[ 98, 95, 0,[ 35, 80, 30]],

[ 64, 15, 0,[ 38, 32, 91]],

[ 34, 75, 1,[ 20, 76, 89, 42]],

[ 38, 55, 1,[ 55, 64, 47, 62, 58]],

[ 3, 85, 1,[ 92, 51, 14]],

[ 86, 85, 0,[ 72, 2, 62]],

[ 76, 95, 0,[ 12, 34, 60]],

[ 7, 95, 1,[ 24, 17, 12, 50]],

[ 58, 95, 0,[ 29, 38, 56]],

[ 35, 15, 1,[ 28, 80, 68, 75, 98]],

[ 55, 95, 0,[ 46, 38]],

[ 23, 95, 0,[ 72, 37, 92]],

[ 28, 45, 1,[ 35, 4, 25, 24]],

[ 66, 85, 0,[ 73, 88, 46, 37, 39]],

[ 48, 5, 1,[ 80, 26]],

[ 71, 5, 0,[ 54, 47, 90, 8, 21, 52]],

[ 57, 65, 1,[ 99, 56, 15, 10]],

[ 20, 25, 1,[ 54, 44, 34, 25]],

[ 68, 95, 0,[ 33, 35, 1]],

[ 43, 15, 1,[ 1, 33, 90, 40, 39, 78]],

[ 85, 45, 1,[ 21, 80, 75, 17, 22]],

[ 17, 5, 1,[ 85, 7, 65]],

[ 9, 25, 1,[ 6, 95, 81, 92, 15]],

[ 80, 95, 0,[ 35, 98, 48, 85]],

[ 95, 85, 0,[ 9, 29, 82]],

[ 30, 65, 1,[ 44, 13, 98, 5, 81, 49, 93]],

[ 63, 35, 1,[ 83, 11, 73]],

[ 72, 85, 1,[ 23, 59, 26, 77, 86]],

[ 18, 65, 1,[ 67, 91, 69, 96, 13]],

[ 8, 85, 1,[ 71, 94, 49]],

[ 24, 95, 0,[ 7, 28, 96]],

[ 46, 65, 1,[ 66, 87, 15, 55, 0]],

[ 42, 85, 0,[ 34, 14, 12]],

[ 32, 35, 1,[ 59, 56, 64, 2]],

[ 31, 5, 0,[ 33, 14, 16]],

[ 21, 45, 1,[ 71, 85, 54]],

[ 82, 95, 0,[ 95, 99, 73]],

[ 78, 45, 1,[ 69, 43, 12, 4]],

[ 67, 95, 0,[ 52, 1, 39, 18]],

[ 11, 15, 1,[ 5, 16, 63, 88]],

[ 51, 85, 0,[ 1, 3, 45]],

[ 52, 5, 1,[ 67, 37, 71]],

[ 41, 15, 0,[ 61, 29, 1]],

[ 96, 95, 0,[ 24, 1, 83, 18]],

[ 65, 55, 1,[ 17, 10, 14]],

[ 47, 95, 0,[ 38, 83, 71]],

[ 26, 95, 0,[ 72, 48]],

[ 5, 75, 1,[ 94, 30, 11]],

[ 77, 85, 0,[ 60, 72, 50]],

[ 0, 25, 1,[ 4, 46]],

[ 90, 5, 0,[ 43, 71, 75]],

[ 91, 95, 0,[ 64, 87, 18, 1]],

[ 73, 35, 0,[ 63, 82, 66]],

[ 74, 95, 0,[ 14, 13, 45]],

[ 44, 95, 0,[ 30, 79, 20, 53]],

[ 93, 95, 0,[ 30, 97, 79, 49]],

[ 92, 85, 0,[ 3, 23, 9]],

[ 84, 95, 1,[ 14, 54, 53]],

[ 6, 5, 1,[ 9, 27, 75]],

[ 54, 15, 1,[ 36, 97, 71, 84, 20, 21]],

[ 12, 45, 1,[ 42, 76, 78, 7]],

[ 37, 45, 1,[ 52, 66, 23]],

[ 14, 35, 1,[ 40, 42, 74, 65, 84, 3, 31]],

[ 70, 25, 1,[ 81, 61, 62]],

[ 61, 15, 0,[ 41, 53, 70]],

[ 49, 95, 0,[ 8, 30, 60, 93]],

[ 60, 95, 0,[ 76, 77, 49]],

[ 99, 95, 0,[ 57, 39, 82]],

[ 25, 95, 1,[ 28, 20, 27]],

[ 53, 35, 1,[ 44, 61, 84]],

[ 1, 25, 1,[ 68, 96, 79, 51, 41, 67, 19, 43, 91, 22]],

[ 15, 65, 0,[ 46, 57, 9]],

[ 83, 15, 1,[ 47, 96, 63]],

[ 40, 25, 0,[ 43, 50, 14]],

[ 50, 75, 1,[ 40, 7, 77]],

[ 22, 95, 1,[ 85, 1, 29]],

[ 16, 5, 1,[ 11, 31, 56, 88]],

[ 87, 5, 0,[ 46, 27, 91]],

[ 39, 95, 0,[ 99, 66, 67, 43]],

[ 89, 95, 0,[ 34, 27, 19]],

[ 69, 85, 0,[ 78, 18, 19]],

[ 97, 15, 1,[ 54, 93]],

[ 36, 95, 1,[ 54, 29, 2]],

[ 33, 95, 0,[ 68, 43, 29, 31]],

[ 56, 95, 0,[ 16, 58, 32, 57]],

[ 75, 5, 0,[ 90, 35, 6, 85]],

[ 29, 85, 1,[ 10, 95, 58, 22, 33, 36, 41]],

[ 59, 45, 0,[ 27, 72, 32]],

[ 2, 25, 1,[ 32, 94, 86, 36]],

[ 10, 85, 1,[ 57, 29, 65]],

[ 19, 95, 0,[ 69, 1, 89]],

[ 45, 95, 0,[ 51, 74]],

[ 94, 45, 0,[ 8, 5, 2]],

[ 81, 25, 0,[ 30, 9, 70]],

[ 88, 25, 1,[ 66, 11, 16]],

