[ 47, 45, 0,[ 32, 80, 10, 28, 68]],

[ 48, 25, 0,[ 50, 38, 74]],

[ 6, 45, 0,[ 8, 18, 78]],

[ 93, 25, 0,[ 79, 63, 43, 73]],

[ 10, 35, 0,[ 88, 0, 42, 98, 47, 51]],

[ 52, 75, 0,[ 73, 82, 83]],

[ 3, 35, 0,[ 22, 94, 19]],

[ 92, 25, 0,[ 41, 49, 46]],

[ 28, 85, 0,[ 78, 35, 47]],

[ 67, 25, 0,[ 42, 11, 89]],

[ 99, 85, 0,[ 17, 15, 2]],

[ 30, 25, 0,[ 23, 58, 42, 19]],

[ 90, 45, 1,[ 17, 23, 20, 63, 57, 87]],

[ 66, 85, 0,[ 76, 0, 16, 44]],

[ 39, 85, 0,[ 50, 29, 33, 95]],

[ 34, 15, 0,[ 55, 41, 7]],

[ 45, 55, 1,[ 62, 51, 58]],

[ 70, 85, 0,[ 81, 25, 15]],

[ 60, 25, 0,[ 71, 55, 83, 81]],

[ 58, 85, 0,[ 30, 45, 62]],

[ 54, 25, 0,[ 68, 86, 76]],

[ 88, 25, 0,[ 10, 12, 65]],

[ 95, 85, 0,[ 56, 49, 26, 64, 39]],

[ 96, 25, 0,[ 97, 50, 61]],

[ 69, 15, 1,[ 14, 1, 74]],

[ 20, 45, 0,[ 87, 90, 97, 29]],

[ 44, 85, 0,[ 66, 12, 56]],

[ 68, 55, 1,[ 54, 47, 19]],

[ 64, 85, 0,[ 84, 95, 55]],

[ 65, 25, 0,[ 88, 5, 17]],

[ 32, 45, 0,[ 50, 47, 0, 8]],

[ 74, 15, 0,[ 48, 50, 69]],

[ 11, 25, 0,[ 40, 13, 67]],

[ 22, 75, 0,[ 73, 3, 8]],

[ 24, 85, 0,[ 85, 51, 1]],

[ 73, 75, 1,[ 52, 93, 71, 22, 83]],

[ 84, 85, 1,[ 78, 82, 64, 27]],

[ 61, 25, 0,[ 23, 14, 96, 57, 77]],

[ 49, 35, 0,[ 98, 95, 92, 85]],

[ 77, 25, 0,[ 61, 5, 75]],

[ 12, 25, 0,[ 44, 88, 26]],

[ 89, 25, 0,[ 43, 67, 75]],

[ 50, 45, 0,[ 39, 74, 32, 48, 96]],

[ 63, 25, 0,[ 85, 93, 90]],

[ 80, 25, 0,[ 98, 7, 47]],

[ 21, 85, 0,[ 27, 91, 5]],

[ 55, 35, 1,[ 1, 64, 60, 34]],

[ 97, 25, 0,[ 20, 96, 13]],

[ 27, 85, 0,[ 84, 37, 21]],

[ 57, 45, 0,[ 90, 72, 61]],

[ 75, 25, 0,[ 77, 89, 41]],

[ 0, 45, 0,[ 66, 32, 10]],

[ 7, 25, 0,[ 9, 80, 34, 4]],

[ 38, 25, 0,[ 82, 48, 59, 46]],

[ 85, 95, 0,[ 83, 79, 63, 24, 49, 87]],

[ 37, 85, 0,[ 27, 40, 2, 53]],

[ 26, 15, 0,[ 91, 95, 41, 5, 12]],

[ 33, 15, 0,[ 78, 39, 1]],

[ 29, 85, 0,[ 20, 35, 39]],

[ 18, 85, 0,[ 6, 31, 9, 94]],

[ 51, 85, 1,[ 24, 45, 10]],

[ 94, 35, 1,[ 31, 18, 3]],

[ 82, 85, 0,[ 52, 38, 84]],

[ 23, 25, 0,[ 30, 90, 61]],

[ 40, 25, 0,[ 11, 37, 79]],

[ 83, 95, 0,[ 85, 60, 73, 52]],

[ 59, 85, 0,[ 15, 19, 38]],

[ 87, 95, 1,[ 85, 20, 90, 91]],

[ 2, 85, 0,[ 99, 37, 16]],

[ 62, 85, 0,[ 45, 58, 36, 14]],

[ 5, 25, 0,[ 36, 26, 21, 77, 65]],

[ 8, 45, 0,[ 4, 22, 32, 6]],

[ 42, 25, 0,[ 67, 10, 30]],

[ 15, 85, 0,[ 99, 70, 16, 59]],

[ 72, 35, 0,[ 98, 9, 57]],

[ 86, 25, 0,[ 46, 54, 4]],

[ 78, 25, 0,[ 33, 84, 31, 28, 46, 6]],

[ 76, 85, 0,[ 54, 1, 66, 13]],

[ 35, 85, 0,[ 19, 29, 28]],

[ 91, 85, 0,[ 26, 87, 21]],

[ 81, 25, 0,[ 36, 70, 60]],

[ 79, 25, 0,[ 85, 40, 93]],

[ 43, 25, 0,[ 89, 93, 4]],

[ 4, 25, 0,[ 7, 43, 8, 86]],

[ 56, 85, 0,[ 44, 95, 9]],

[ 41, 15, 0,[ 75, 34, 53, 26, 92]],

[ 36, 25, 0,[ 62, 5, 81]],

[ 19, 85, 0,[ 35, 68, 3, 30, 59]],

[ 9, 85, 0,[ 56, 18, 72, 7]],

[ 46, 25, 0,[ 38, 92, 78, 86]],

[ 14, 15, 0,[ 69, 61, 62]],

[ 13, 25, 0,[ 76, 97, 11]],

[ 53, 85, 0,[ 41, 25, 37]],

[ 25, 85, 0,[ 70, 71, 53]],

[ 16, 85, 0,[ 2, 15, 66]],

[ 17, 45, 0,[ 90, 99, 65]],

[ 98, 35, 0,[ 80, 49, 10, 72]],

[ 71, 85, 0,[ 25, 60, 73]],

[ 1, 15, 0,[ 76, 55, 69, 24, 33]],

[ 31, 35, 0,[ 18, 94, 78]],

