[ 0, 75, 1,[ 44, 95, 98, 67, 66, 78, 82, 34, 18, 87, 32, 50, 72, 71, 52, 69]],

[ 72, 95, 0,[ 0, 18, 59, 93]],

[ 45, 75, 0,[ 43, 6, 36, 97, 52]],

[ 78, 95, 0,[ 37, 0, 81, 23, 59]],

[ 39, 95, 0,[ 63, 29, 51]],

[ 48, 95, 0,[ 6, 37, 36]],

[ 49, 95, 0,[ 74, 89, 61, 55]],

[ 33, 75, 0,[ 82, 99, 50]],

[ 40, 75, 0,[ 94, 5, 91]],

[ 46, 95, 0,[ 80]],

[ 38, 95, 1,[ 47, 81, 90, 76, 65]],

[ 82, 75, 0,[ 75, 33, 0]],

[ 14, 5, 0,[ 58, 13, 6]],

[ 96, 95, 0,[ 59, 2, 90, 57, 53]],

[ 66, 95, 0,[ 64, 61, 0]],

[ 95, 75, 0,[ 1, 0, 8]],

[ 55, 95, 0,[ 1, 22, 49]],

[ 36, 75, 0,[ 45, 32, 48]],

[ 90, 95, 0,[ 96, 63, 38]],

[ 52, 75, 0,[ 45, 9, 0]],

[ 94, 75, 0,[ 53, 40, 2, 9]],

[ 13, 95, 1,[ 87, 15, 4, 89, 37, 14, 21]],

[ 71, 75, 0,[ 0, 53, 35, 19]],

[ 15, 95, 0,[ 6, 29, 62, 13]],

[ 32, 75, 0,[ 73, 0, 36]],

[ 53, 75, 0,[ 96, 71, 94]],

[ 75, 75, 0,[ 82, 30, 77]],

[ 67, 75, 0,[ 0, 63, 58]],

[ 57, 95, 0,[ 10, 92, 27, 2, 96]],

[ 27, 75, 0,[ 18, 25, 57]],

[ 1, 45, 1,[ 10, 95, 47, 55, 30, 77, 58]],

[ 61, 95, 0,[ 66, 49, 10]],

[ 11, 5, 1,[ 91, 24, 4, 97]],

[ 29, 95, 0,[ 39, 3, 34, 15]],

[ 16, 95, 0,[ 43, 77, 28]],

[ 68, 95, 0,[ 44, 3, 35, 6]],

[ 65, 95, 0,[ 38, 21, 26, 86]],

[ 41, 95, 0,[ 79, 88, 3]],

[ 7, 75, 0,[ 6, 50, 3]],

[ 24, 75, 0,[ 11, 5, 63]],

[ 26, 95, 0,[ 65, 30]],

[ 76, 25, 0,[ 2, 38, 5]],

[ 83, 95, 0,[ 64, 31, 17]],

[ 23, 75, 0,[ 78, 6, 60]],

[ 2, 25, 1,[ 42, 93, 94, 80, 3, 34, 51, 57, 96, 85, 73, 20, 76]],

[ 56, 75, 0,[ 92, 79, 50]],

[ 22, 95, 0,[ 8, 55, 17]],

[ 50, 75, 0,[ 97, 33, 0, 7, 56]],

[ 37, 95, 0,[ 78, 74, 48, 13, 91]],

[ 21, 95, 0,[ 13, 42, 65]],

[ 20, 25, 0,[ 2, 77, 81]],

[ 6, 5, 1,[ 28, 14, 12, 23, 48, 7, 45, 15, 68]],

[ 88, 95, 0,[ 12, 41, 51, 28]],

[ 28, 95, 0,[ 16, 6, 88]],

[ 58, 75, 0,[ 63, 14, 1, 67]],

[ 91, 75, 0,[ 37, 11, 40]],

[ 42, 75, 0,[ 2, 99, 21]],

[ 19, 75, 0,[ 59, 71, 85]],

[ 99, 75, 0,[ 42, 33, 60]],

[ 81, 95, 0,[ 64, 78, 38, 20]],

[ 87, 95, 0,[ 51, 13, 0]],

[ 43, 95, 0,[ 92, 45, 16]],

[ 47, 95, 0,[ 8, 38, 1]],

[ 73, 75, 0,[ 2, 60, 32]],

[ 89, 95, 0,[ 49, 93, 13]],

[ 86, 95, 0,[ 3, 8, 65]],

[ 35, 95, 0,[ 71, 17, 68]],

[ 60, 75, 0,[ 23, 70, 99, 73]],

[ 54, 95, 0,[]],

[ 84, 95, 0,[ 93, 10, 69]],

[ 62, 95, 0,[ 15, 10, 59]],

[ 93, 95, 0,[ 72, 89, 84, 2]],

[ 4, 95, 0,[ 13, 11]],

[ 30, 95, 0,[ 26, 1, 75]],

[ 98, 75, 0,[ 0, 31, 25]],

[ 44, 95, 0,[ 0, 3, 68]],

[ 79, 75, 0,[ 56, 41, 5]],

[ 70, 75, 0,[ 60, 25]],

[ 80, 95, 0,[ 74, 2, 46]],

[ 85, 75, 0,[ 5, 2, 19]],

[ 63, 75, 0,[ 12, 58, 67, 90, 39, 24]],

[ 5, 75, 1,[ 51, 76, 79, 24, 40, 85, 8]],

[ 74, 95, 0,[ 49, 69, 80, 37]],

[ 18, 75, 0,[ 27, 72, 0]],

[ 10, 45, 1,[ 61, 31, 84, 62, 1, 57]],

[ 34, 25, 0,[ 0, 29, 2]],

[ 92, 95, 0,[ 56, 57, 51, 43]],

[ 9, 75, 0,[ 94, 77, 52]],

[ 12, 75, 0,[ 88, 63, 6]],

[ 31, 95, 0,[ 83, 98, 10]],

[ 51, 95, 0,[ 39, 92, 5, 87, 88, 2]],

[ 77, 75, 0,[ 9, 16, 1, 75, 20]],

[ 64, 95, 0,[ 83, 66, 81]],

[ 25, 75, 0,[ 70, 27, 98]],

[ 17, 95, 0,[ 83, 22, 35]],

[ 3, 95, 1,[ 2, 44, 7, 68, 29, 41, 86]],

[ 59, 95, 0,[ 19, 78, 72, 62, 96]],

[ 69, 95, 0,[ 84, 0, 74]],

[ 97, 75, 0,[ 45, 11, 50]],

[ 8, 95, 0,[ 95, 22, 86, 5, 47]],

