[ 62, 55, 0,[ 16, 7, 22, 32]],

[ 82, 85, 0,[ 28, 23, 95, 83]],

[ 73, 55, 0,[ 99, 25, 30, 61]],

[ 33, 55, 0,[ 83, 48, 69]],

[ 47, 55, 0,[ 26, 10, 25]],

[ 63, 35, 0,[ 38, 89, 9, 22]],

[ 88, 35, 0,[ 42, 40, 70]],

[ 80, 55, 0,[ 2, 39, 56]],

[ 20, 85, 0,[ 27, 91, 96]],

[ 52, 55, 0,[ 87, 48, 81]],

[ 90, 55, 0,[ 97, 34, 0]],

[ 56, 55, 0,[ 76, 80, 31, 24]],

[ 69, 55, 0,[ 84, 6, 33]],

[ 89, 15, 0,[ 22, 66, 53, 63]],

[ 71, 55, 0,[ 41, 5, 93]],

[ 6, 35, 1,[ 69, 42, 65, 97]],

[ 53, 15, 0,[ 17, 45, 89, 97, 84]],

[ 17, 55, 0,[ 23, 4, 53]],

[ 57, 55, 0,[ 13, 14, 15]],

[ 59, 55, 0,[ 54, 64, 55, 51, 40]],

[ 95, 35, 0,[ 41, 82, 40, 7]],

[ 94, 25, 0,[ 77, 14, 3]],

[ 46, 55, 0,[ 42, 25, 99]],

[ 61, 55, 0,[ 34, 73, 87]],

[ 29, 35, 0,[ 4, 49, 96, 65, 9]],

[ 74, 15, 0,[ 91, 99, 67]],

[ 65, 35, 0,[ 29, 6, 13]],

[ 4, 35, 0,[ 51, 17, 29]],

[ 92, 35, 0,[ 5, 43, 68, 49]],

[ 34, 55, 0,[ 45, 61, 5, 43, 13, 90]],

[ 16, 55, 0,[ 9, 10, 62, 2]],

[ 93, 55, 0,[ 50, 11, 71, 28]],

[ 75, 35, 0,[ 79, 39, 3, 18]],

[ 36, 65, 0,[ 87, 14, 3]],

[ 12, 55, 0,[ 67, 7, 9]],

[ 45, 55, 0,[ 53, 30, 34]],

[ 41, 35, 0,[ 19, 95, 71]],

[ 10, 5, 1,[ 60, 16, 58, 47]],

[ 99, 15, 0,[ 46, 96, 73, 85, 74]],

[ 58, 55, 0,[ 44, 27, 85, 10]],

[ 26, 55, 0,[ 47, 0, 31]],

[ 28, 55, 0,[ 60, 93, 82]],

[ 35, 15, 1,[ 18, 1, 24, 38]],

[ 18, 35, 0,[ 75, 77, 35]],

[ 81, 55, 0,[ 52, 1, 67]],

[ 78, 55, 0,[ 2, 44, 55]],

[ 68, 55, 0,[ 2, 23, 92]],

[ 85, 15, 0,[ 87, 99, 58]],

[ 70, 35, 0,[ 8, 88, 21]],

[ 43, 55, 0,[ 34, 92, 98]],

[ 67, 55, 0,[ 12, 74, 81, 9]],

[ 42, 55, 0,[ 6, 46, 88, 51]],

[ 60, 55, 0,[ 15, 10, 28]],

[ 76, 55, 0,[ 66, 19, 56]],

[ 50, 55, 0,[ 93, 66]],

[ 84, 15, 0,[ 21, 53, 32, 69]],

[ 30, 55, 0,[ 37, 73, 45]],

[ 97, 15, 0,[ 6, 90, 53]],

[ 91, 55, 0,[ 20, 74, 54, 0]],

[ 77, 25, 0,[ 94, 0, 18]],

[ 0, 25, 1,[ 77, 91, 26, 90, 38]],

[ 64, 15, 0,[ 37, 98, 59]],

[ 32, 55, 0,[ 84, 72, 62]],

[ 55, 55, 0,[ 59, 78, 48]],

[ 19, 35, 0,[ 37, 41, 76, 54]],

[ 79, 55, 0,[ 75, 25, 24]],

[ 39, 35, 0,[ 51, 75, 83, 80]],

[ 38, 35, 1,[ 0, 63, 35]],

[ 11, 85, 1,[ 93, 72]],

[ 44, 55, 0,[ 58, 78, 8]],

[ 5, 65, 1,[ 71, 86, 34, 92]],

[ 2, 75, 1,[ 1, 78, 16, 80, 68]],

[ 86, 55, 0,[ 5, 8, 7]],

[ 13, 55, 0,[ 65, 34, 57]],

[ 1, 55, 1,[ 2, 35, 81]],

[ 14, 55, 0,[ 57, 36, 94]],

[ 54, 55, 0,[ 19, 21, 59, 91]],

[ 87, 15, 0,[ 61, 52, 36, 98, 85]],

[ 83, 85, 0,[ 82, 39, 33]],

[ 27, 85, 0,[ 20, 3, 58]],

[ 37, 35, 0,[ 30, 19, 64]],

[ 24, 55, 0,[ 56, 79, 35]],

[ 15, 55, 0,[ 60, 57, 72]],

[ 7, 55, 0,[ 62, 12, 95, 86]],

[ 72, 55, 0,[ 15, 11, 32]],

[ 31, 55, 0,[ 56, 21, 26]],

[ 25, 55, 0,[ 79, 46, 47, 73]],

[ 23, 55, 0,[ 68, 17, 82]],

[ 51, 55, 0,[ 4, 59, 39, 42]],

[ 21, 15, 0,[ 84, 70, 31, 54]],

[ 8, 55, 0,[ 86, 98, 70, 44]],

[ 49, 35, 0,[ 92, 3, 29]],

[ 9, 35, 0,[ 12, 67, 63, 29, 16]],

[ 40, 35, 0,[ 95, 59, 88]],

[ 22, 55, 0,[ 62, 89, 63]],

[ 48, 55, 0,[ 52, 55, 33]],

[ 96, 15, 0,[ 20, 99, 29, 3]],

[ 98, 15, 0,[ 8, 43, 87, 64]],

[ 66, 55, 0,[ 50, 76, 89]],

[ 3, 65, 1,[ 94, 27, 75, 36, 96, 49]],

