[ 66, 95, 0,[ 59, 13, 0]],

[ 62, 75, 0,[ 7, 10, 9]],

[ 2, 65, 1,[ 22, 74, 34]],

[ 15, 45, 0,[ 44, 4, 37, 72]],

[ 46, 65, 1,[ 11, 9, 72]],

[ 10, 15, 1,[ 81, 54, 62, 82, 7, 83]],

[ 36, 25, 1,[ 20, 58, 39]],

[ 52, 95, 1,[ 77, 17, 33, 64]],

[ 21, 75, 1,[ 78, 90, 39, 75, 33]],

[ 57, 25, 1,[ 55, 51, 22]],

[ 78, 65, 0,[ 21, 88, 72]],

[ 95, 65, 0,[ 25, 37, 49]],

[ 0, 65, 1,[ 66, 35, 73, 79]],

[ 19, 55, 0,[ 22, 1, 28]],

[ 73, 95, 1,[ 0, 94]],

[ 90, 65, 0,[ 11, 21, 43]],

[ 59, 55, 0,[ 20, 66, 4, 31, 84]],

[ 43, 65, 1,[ 90, 63, 49]],

[ 32, 35, 1,[ 4, 14, 82, 68, 8]],

[ 6, 85, 1,[ 81, 55, 86]],

[ 45, 65, 0,[ 22, 3]],

[ 49, 65, 0,[ 12, 43, 95]],

[ 31, 25, 0,[ 48, 59, 93, 30]],

[ 16, 25, 1,[ 35, 84, 69]],

[ 61, 65, 0,[ 9, 35, 63]],

[ 94, 65, 0,[ 41, 73, 11]],

[ 38, 5, 1,[ 82, 51, 3, 85]],

[ 97, 65, 0,[ 63, 84, 30]],

[ 53, 65, 1,[ 28, 3, 80]],

[ 69, 65, 0,[ 16, 34, 85]],

[ 42, 15, 0,[ 84, 71, 64]],

[ 79, 95, 1,[ 0, 40, 44, 71, 55]],

[ 34, 55, 1,[ 50, 2, 22, 69, 20, 26]],

[ 91, 45, 1,[ 56, 55, 14, 75]],

[ 27, 55, 1,[ 67, 93, 60]],

[ 99, 85, 1,[ 68, 41, 14, 50, 89, 7]],

[ 12, 15, 1,[ 70, 49, 63, 86, 89, 50, 23]],

[ 56, 65, 0,[ 48, 91, 24]],

[ 28, 85, 1,[ 53, 44, 76, 19]],

[ 72, 45, 1,[ 46, 78, 98, 67, 88, 23, 15]],

[ 35, 95, 1,[ 16, 0, 61, 8]],

[ 7, 25, 1,[ 47, 99, 10, 71, 85, 62]],

[ 67, 65, 0,[ 72, 27, 17]],

[ 37, 5, 1,[ 15, 92, 95, 25]],

[ 63, 85, 1,[ 70, 97, 87, 43, 12, 61]],

[ 84, 35, 1,[ 98, 58, 42, 16, 85, 97, 59, 40]],

[ 30, 95, 1,[ 31, 75, 58, 97]],

[ 18, 45, 1,[ 76, 41, 13]],

[ 98, 25, 0,[ 84, 88, 72]],

[ 65, 95, 0,[ 80, 29, 60, 24]],

[ 25, 55, 1,[ 37, 95, 87, 68]],

[ 11, 45, 1,[ 94, 89, 90, 46, 33]],

[ 39, 25, 0,[ 21, 36, 83]],

[ 92, 65, 1,[ 37, 9, 40]],

[ 47, 65, 0,[ 7, 14, 29]],

[ 87, 85, 0,[ 25, 63, 60, 64]],

[ 26, 65, 0,[ 96, 80, 34]],

[ 82, 65, 0,[ 32, 38, 10]],

[ 4, 55, 1,[ 96, 15, 74, 41, 24, 81, 20, 32, 59]],

[ 68, 65, 0,[ 99, 25, 32]],

[ 76, 65, 0,[ 28, 54, 18]],

[ 1, 15, 1,[ 19, 51, 77]],

[ 96, 65, 0,[ 26, 54, 5, 4]],

[ 55, 25, 0,[ 6, 91, 57, 79]],

[ 3, 25, 1,[ 8, 38, 45, 53]],

[ 29, 55, 1,[ 65, 47, 80]],

[ 8, 65, 0,[ 3, 32, 35]],

[ 88, 25, 1,[ 72, 98, 78, 74]],

[ 89, 65, 0,[ 11, 12, 99]],

[ 33, 65, 0,[ 11, 77, 21, 52]],

[ 5, 95, 1,[ 48, 41, 96]],

[ 14, 75, 1,[ 47, 91, 32, 99]],

[ 83, 15, 0,[ 13, 39, 10]],

[ 22, 55, 1,[ 45, 19, 2, 34, 57]],

[ 60, 65, 0,[ 87, 80, 65, 27]],

[ 74, 25, 0,[ 4, 2, 88]],

[ 64, 15, 0,[ 52, 87, 42]],

[ 81, 85, 0,[ 10, 6, 4]],

[ 77, 15, 0,[ 33, 1, 52]],

[ 41, 65, 0,[ 94, 99, 4, 5, 18]],

[ 80, 25, 1,[ 26, 29, 65, 60, 53]],

[ 23, 65, 0,[ 12, 86, 17, 72]],

[ 93, 65, 0,[ 31, 13, 27]],

[ 44, 65, 0,[ 79, 28, 15]],

[ 70, 15, 0,[ 63, 12]],

[ 20, 65, 1,[ 4, 36, 34, 59]],

[ 75, 85, 0,[ 21, 30, 91]],

[ 86, 65, 0,[ 12, 23, 6]],

[ 24, 15, 1,[ 4, 56, 65]],

[ 48, 25, 1,[ 56, 31, 5]],

[ 13, 95, 1,[ 18, 66, 93, 83]],

[ 17, 35, 1,[ 67, 52, 23]],

[ 85, 85, 0,[ 7, 69, 84, 38]],

[ 71, 65, 0,[ 7, 42, 79]],

[ 50, 25, 0,[ 12, 99, 34]],

[ 54, 15, 1,[ 96, 76, 10]],

[ 51, 25, 0,[ 57, 38, 1]],

[ 40, 65, 1,[ 84, 79, 92]],

[ 9, 75, 1,[ 46, 61, 62, 92]],

[ 58, 95, 0,[ 30, 84, 36]],

