[ 7, 25, 1,[ 78, 44, 21]],

[ 25, 45, 1,[ 4, 59, 23, 95, 31]],

[ 66, 15, 0,[ 48, 69, 22, 2]],

[ 91, 5, 0,[ 51, 53, 83, 85]],

[ 54, 95, 1,[ 15, 5, 85, 57, 48]],

[ 97, 65, 1,[ 39, 86, 98, 2, 59]],

[ 22, 95, 1,[ 66, 88, 80]],

[ 55, 55, 0,[ 47, 94, 27]],

[ 36, 15, 1,[ 88, 58, 90, 14]],

[ 16, 85, 1,[ 49, 1, 68, 52]],

[ 43, 15, 1,[ 6, 82]],

[ 26, 25, 0,[ 32, 35]],

[ 2, 15, 1,[ 98, 66, 97, 1]],

[ 78, 45, 0,[ 39, 73, 7, 30]],

[ 4, 25, 1,[ 71, 44, 13, 25]],

[ 47, 85, 0,[ 12, 50, 85, 55]],

[ 62, 85, 0,[ 30, 93, 24]],

[ 74, 25, 1,[ 90, 63, 80, 61, 60, 35]],

[ 83, 35, 0,[ 91, 67, 8, 38]],

[ 8, 15, 0,[ 44, 89, 86, 83]],

[ 17, 55, 1,[ 33, 64, 63, 0]],

[ 85, 5, 0,[ 47, 91, 54]],

[ 50, 85, 0,[ 47, 79, 24, 99]],

[ 72, 65, 1,[ 49, 73, 31]],

[ 46, 25, 1,[ 23, 39, 51, 58]],

[ 65, 25, 1,[ 87, 69, 32, 30]],

[ 13, 15, 1,[ 45, 84, 4, 33]],

[ 28, 35, 1,[ 77, 70, 87]],

[ 77, 45, 1,[ 3, 82, 28, 12]],

[ 31, 75, 1,[ 23, 72, 12, 25]],

[ 45, 95, 1,[ 40, 13, 18]],

[ 18, 95, 1,[ 6, 67, 45]],

[ 51, 55, 0,[ 91, 27, 46]],

[ 23, 25, 0,[ 25, 31, 46]],

[ 67, 45, 1,[ 75, 92, 83, 18, 64]],

[ 40, 25, 1,[ 45, 58, 19, 95]],

[ 87, 65, 0,[ 37, 65, 28]],

[ 12, 85, 1,[ 77, 70, 59, 47, 31]],

[ 92, 45, 0,[ 9, 41, 67]],

[ 63, 65, 0,[ 37, 74, 17]],

[ 1, 65, 1,[ 2, 48, 16]],

[ 21, 25, 1,[ 7, 0, 49]],

[ 35, 25, 1,[ 38, 11, 26, 74]],

[ 14, 45, 1,[ 41, 73, 30, 36]],

[ 27, 55, 1,[ 55, 75, 51, 52, 42, 96]],

[ 29, 85, 1,[ 53, 37, 10]],

[ 3, 5, 1,[ 6, 10, 77]],

[ 9, 65, 1,[ 57, 52, 92]],

[ 58, 25, 0,[ 46, 40, 81, 36]],

[ 89, 15, 0,[ 82, 8, 10, 96]],

[ 33, 65, 0,[ 13, 17, 15]],

[ 39, 65, 0,[ 97, 46, 78]],

[ 0, 85, 1,[ 21, 17]],

[ 42, 35, 0,[ 76, 38, 75, 27]],

[ 70, 65, 0,[ 90, 28, 12]],

[ 79, 65, 0,[ 32, 50, 98]],

[ 95, 25, 0,[ 40, 53, 25]],

[ 61, 75, 0,[ 11, 68, 74, 93]],

[ 69, 65, 0,[ 6, 56, 65, 66]],

[ 86, 15, 0,[ 97, 8, 71]],

[ 34, 25, 1,[ 68, 11, 57]],

[ 71, 45, 0,[ 19, 4, 86, 30]],

[ 44, 15, 0,[ 93, 8, 4, 7]],

[ 82, 45, 0,[ 89, 53, 43, 77, 24]],

[ 24, 85, 0,[ 62, 60, 82, 50]],

[ 52, 85, 1,[ 76, 27, 9, 16]],

[ 15, 65, 0,[ 33, 54]],

[ 96, 55, 0,[ 89, 6, 27, 5]],

[ 90, 65, 0,[ 74, 36, 70, 76]],

[ 99, 85, 0,[ 32, 50]],

[ 41, 75, 1,[ 49, 92, 14, 56]],

[ 84, 5, 0,[ 13, 30, 19, 53]],

[ 59, 85, 0,[ 12, 97, 5, 25]],

[ 49, 75, 0,[ 72, 21, 41, 16]],

[ 10, 15, 1,[ 89, 29, 3, 64]],

[ 68, 75, 0,[ 16, 61, 34]],

[ 32, 45, 1,[ 99, 79, 65, 26]],

[ 93, 15, 0,[ 61, 20, 44, 62]],

[ 88, 85, 1,[ 38, 22, 36]],

[ 37, 65, 1,[ 29, 87, 63]],

[ 11, 75, 1,[ 35, 34, 61]],

[ 75, 45, 0,[ 20, 27, 42, 67]],

[ 6, 65, 1,[ 69, 3, 43, 18, 96]],

[ 48, 65, 1,[ 66, 1, 54]],

[ 53, 5, 1,[ 91, 82, 95, 29, 84]],

[ 38, 35, 1,[ 83, 88, 35, 42]],

[ 60, 65, 1,[ 94, 74, 24]],

[ 56, 85, 0,[ 69, 81, 41]],

[ 64, 15, 0,[ 10, 67, 17]],

[ 19, 25, 0,[ 71, 40, 84]],

[ 81, 85, 0,[ 58, 56, 94]],

[ 20, 15, 1,[ 75, 93]],

[ 94, 75, 0,[ 80, 81, 55, 60]],

[ 5, 65, 1,[ 59, 96, 54]],

[ 80, 75, 0,[ 94, 22, 74]],

[ 73, 45, 0,[ 14, 72, 78]],

[ 76, 85, 0,[ 52, 90, 42]],

[ 98, 65, 0,[ 79, 97, 2]],

[ 30, 45, 1,[ 65, 62, 14, 78, 84, 71]],

[ 57, 85, 1,[ 34, 54, 9]],

