[ 98, 15, 0,[ 56, 80, 63]],

[ 88, 95, 1,[ 23, 73, 33]],

[ 66, 45, 0,[ 36, 79, 5]],

[ 31, 85, 1,[ 84, 76, 20]],

[ 79, 75, 0,[ 66, 76, 96, 48]],

[ 11, 75, 1,[ 0, 70, 80, 81]],

[ 38, 75, 1,[ 30, 78, 19, 39]],

[ 6, 15, 1,[ 22, 32, 15]],

[ 40, 85, 0,[ 67, 28, 4]],

[ 68, 45, 1,[ 13, 8, 26]],

[ 94, 15, 0,[ 47, 52, 53]],

[ 83, 45, 1,[ 69, 91, 17, 58]],

[ 13, 45, 1,[ 0, 81, 68, 65, 61]],

[ 20, 45, 1,[ 31, 60, 46]],

[ 18, 5, 1,[ 2, 50, 74]],

[ 75, 75, 0,[ 28, 49]],

[ 81, 95, 0,[ 13, 11, 95]],

[ 53, 55, 1,[ 62, 94, 35, 0, 33, 63]],

[ 8, 95, 0,[ 36, 68, 70]],

[ 37, 5, 1,[ 67, 24, 97]],

[ 51, 55, 0,[ 22, 65, 60]],

[ 2, 95, 1,[ 85, 18, 49, 90]],

[ 95, 15, 1,[ 80, 65, 81, 34, 12]],

[ 78, 55, 0,[ 7, 21, 38]],

[ 4, 95, 1,[ 34, 40, 23]],

[ 17, 85, 1,[ 41, 35, 83, 52]],

[ 34, 5, 1,[ 4, 95, 61, 86, 30]],

[ 99, 5, 0,[ 46, 60, 69]],

[ 49, 45, 1,[ 2, 76, 75, 44]],

[ 54, 25, 1,[ 24, 43]],

[ 33, 65, 0,[ 88, 96, 25, 53, 84]],

[ 24, 85, 0,[ 43, 54, 37]],

[ 21, 25, 1,[ 92, 78, 87]],

[ 85, 65, 0,[ 29, 57, 2]],

[ 89, 55, 0,[ 28, 19, 16]],

[ 39, 55, 0,[ 77, 38, 72]],

[ 87, 85, 0,[ 21, 41, 44, 57]],

[ 77, 55, 0,[ 74, 39, 50]],

[ 71, 15, 0,[ 43, 52, 41]],

[ 97, 35, 0,[ 16, 37, 42]],

[ 69, 25, 0,[ 99, 96, 59, 83, 5]],

[ 58, 5, 0,[ 60, 83, 25]],

[ 47, 15, 0,[ 93, 27, 86, 94]],

[ 61, 95, 0,[ 10, 13, 34, 92]],

[ 64, 15, 0,[ 26, 62, 43, 42, 93]],

[ 96, 5, 1,[ 55, 33, 69, 79]],

[ 15, 15, 0,[ 50, 6, 86]],

[ 76, 75, 0,[ 0, 31, 49, 79]],

[ 5, 25, 1,[ 69, 59, 66]],

[ 25, 35, 1,[ 58, 33, 29]],

[ 84, 85, 0,[ 31, 33, 90]],

[ 56, 15, 0,[ 98, 0]],

[ 67, 95, 0,[ 37, 35, 40]],

[ 0, 15, 1,[ 11, 53, 76, 13, 56]],

[ 29, 95, 1,[ 25, 85, 45, 1, 9]],

[ 50, 15, 0,[ 86, 18, 15, 1, 82, 77]],

[ 9, 25, 1,[ 52, 29, 91]],

[ 93, 15, 0,[ 57, 64, 47]],

[ 44, 85, 0,[ 49, 22, 87]],

[ 23, 5, 1,[ 88, 55, 4]],

[ 57, 25, 1,[ 85, 93, 87]],

[ 62, 65, 1,[ 1, 53, 64, 28]],

[ 63, 15, 0,[ 98, 53, 7, 32]],

[ 91, 15, 0,[ 83, 9, 92, 12]],

[ 14, 65, 1,[ 10, 32, 72]],

[ 52, 25, 1,[ 17, 71, 9, 94]],

[ 74, 55, 0,[ 18, 82, 77]],

[ 65, 55, 0,[ 51, 95, 13]],

[ 12, 45, 1,[ 95, 91, 45]],

[ 10, 45, 1,[ 61, 14]],

[ 26, 35, 0,[ 64, 68, 55]],

[ 48, 35, 1,[ 70, 79]],

[ 19, 55, 0,[ 90, 30, 89, 38]],

[ 92, 55, 0,[ 21, 61, 91]],

[ 32, 15, 1,[ 14, 63, 6]],

[ 72, 85, 1,[ 39, 14, 7]],

[ 28, 85, 1,[ 40, 62, 75, 89]],

[ 55, 65, 1,[ 26, 96, 23]],

[ 7, 5, 1,[ 72, 78, 63]],

[ 41, 85, 0,[ 71, 17, 87]],

[ 35, 75, 1,[ 67, 17, 53]],

[ 43, 45, 1,[ 24, 54, 71, 64]],

[ 80, 55, 0,[ 98, 11, 95]],

[ 16, 95, 1,[ 97, 27, 89]],

[ 73, 45, 0,[ 88, 90]],

[ 30, 55, 1,[ 38, 34, 19]],

[ 45, 65, 0,[ 29, 86, 12]],

[ 60, 85, 0,[ 58, 99, 82, 51, 20]],

[ 27, 35, 1,[ 16, 3, 47]],

[ 90, 55, 0,[ 19, 73, 2, 84]],

[ 22, 35, 1,[ 44, 51, 6]],

[ 1, 25, 1,[ 50, 29, 62]],

[ 42, 15, 0,[ 36, 97, 64]],

[ 59, 85, 0,[ 69, 82, 5]],

[ 46, 85, 1,[ 82, 99, 20]],

[ 36, 35, 1,[ 42, 8, 3, 66]],

[ 3, 45, 1,[ 82, 36, 27]],

[ 70, 95, 0,[ 48, 11, 8]],

[ 82, 75, 1,[ 46, 3, 74, 60, 59, 50]],

[ 86, 15, 0,[ 15, 47, 50, 45, 34]],

