[ 4, 5, 1,[ 95, 99, 91]],

[ 26, 5, 0,[ 44, 73, 70]],

[ 85, 5, 0,[ 73, 63, 50, 3, 79, 91]],

[ 61, 5, 0,[ 96, 7, 69, 28, 83, 37]],

[ 28, 95, 1,[ 61, 57, 88]],

[ 99, 5, 0,[ 79, 45, 4, 64]],

[ 15, 5, 0,[ 33, 96, 93]],

[ 32, 95, 1,[ 34, 52, 2]],

[ 56, 25, 1,[ 41, 70, 1]],

[ 27, 95, 1,[ 19, 44, 97]],

[ 76, 5, 0,[ 23, 98, 45, 11]],

[ 88, 95, 1,[ 9, 49, 28]],

[ 83, 5, 0,[ 45, 18, 61]],

[ 64, 5, 0,[ 62, 48, 99]],

[ 50, 5, 1,[ 65, 85, 51]],

[ 3, 5, 1,[ 25, 93, 85, 29, 67]],

[ 42, 5, 0,[ 8, 29, 54]],

[ 36, 5, 1,[ 2, 47, 78]],

[ 19, 5, 0,[ 98, 27, 81]],

[ 82, 5, 0,[ 33, 89, 48, 55]],

[ 93, 5, 0,[ 3, 73, 15]],

[ 18, 15, 1,[ 77, 37, 83]],

[ 29, 5, 1,[ 90, 38, 3, 42]],

[ 48, 5, 1,[ 1, 82, 64]],

[ 47, 5, 0,[ 86, 36, 38, 9]],

[ 8, 5, 1,[ 78, 46, 42, 54]],

[ 33, 5, 0,[ 15, 82, 40, 5]],

[ 86, 5, 0,[ 47, 74, 43]],

[ 78, 5, 0,[ 36, 8, 34]],

[ 22, 65, 1,[ 54, 30, 53, 55]],

[ 84, 5, 0,[ 25, 44, 16]],

[ 71, 5, 0,[ 51, 60, 16]],

[ 31, 5, 0,[ 14, 16, 60]],

[ 20, 25, 1,[ 72, 13, 12]],

[ 9, 85, 1,[ 43, 88, 66, 47]],

[ 92, 15, 1,[ 66, 57, 91, 52]],

[ 97, 5, 0,[ 30, 80, 27]],

[ 54, 15, 1,[ 22, 42, 8, 74]],

[ 10, 85, 1,[ 38, 49, 24, 77]],

[ 55, 5, 0,[ 82, 22, 68, 17]],

[ 73, 5, 0,[ 93, 85, 26, 81]],

[ 80, 5, 0,[ 97, 66, 70]],

[ 38, 5, 1,[ 10, 29, 47]],

[ 24, 5, 0,[ 10, 58, 96, 87]],

[ 5, 5, 1,[ 43, 33, 90]],

[ 75, 5, 0,[ 39, 65, 68]],

[ 68, 65, 1,[ 55, 75, 23]],

[ 91, 5, 0,[ 4, 92, 85]],

[ 72, 5, 1,[ 6, 20, 89, 7, 69]],

[ 59, 5, 1,[ 62, 43, 51]],

[ 13, 95, 1,[ 20, 52, 12]],

[ 30, 25, 1,[ 97, 22, 6]],

[ 51, 5, 1,[ 17, 59, 49, 71, 46, 2, 50]],

[ 16, 45, 1,[ 71, 31, 84]],

[ 2, 55, 1,[ 36, 81, 32, 51]],

[ 6, 75, 1,[ 35, 30, 72]],

[ 98, 5, 0,[ 76, 63, 19]],

[ 12, 15, 1,[ 1, 20, 13]],

[ 11, 5, 1,[ 23, 70, 76]],

[ 57, 15, 1,[ 92, 49, 28]],

[ 43, 5, 1,[ 59, 86, 5, 9]],

[ 1, 55, 1,[ 12, 48, 56]],

[ 35, 25, 1,[ 6, 21]],

[ 65, 5, 0,[ 50, 95, 75]],

[ 70, 5, 1,[ 80, 11, 56, 26]],

[ 40, 5, 0,[ 33, 77, 95]],

[ 81, 5, 0,[ 19, 73, 2]],

[ 44, 5, 0,[ 27, 26, 84]],

[ 87, 5, 0,[ 60, 53, 24]],

[ 7, 5, 1,[ 72, 61]],

[ 67, 5, 0,[ 0, 79, 23, 3]],

[ 34, 5, 1,[ 39, 78, 21, 32]],

[ 94, 5, 0,[ 63, 69, 89]],

[ 25, 5, 1,[ 39, 84, 3]],

[ 17, 75, 1,[ 21, 55, 51]],

[ 96, 5, 0,[ 24, 61, 15]],

[ 77, 5, 1,[ 40, 14, 18, 10]],

[ 66, 5, 0,[ 92, 80, 9, 41]],

[ 14, 5, 1,[ 77, 31, 58]],

[ 0, 5, 1,[ 67, 45, 62]],

[ 39, 5, 0,[ 34, 25, 75]],

[ 89, 5, 0,[ 72, 58, 94, 82]],

[ 60, 5, 1,[ 71, 31, 87, 90]],

[ 79, 5, 0,[ 67, 99, 37, 85]],

[ 62, 5, 0,[ 59, 90, 64, 0]],

[ 58, 5, 0,[ 14, 24, 89]],

[ 45, 5, 0,[ 99, 0, 76, 83]],

[ 63, 5, 0,[ 85, 94, 98]],

[ 49, 5, 0,[ 88, 51, 57, 10]],

[ 90, 5, 0,[ 29, 5, 62, 60]],

[ 52, 95, 1,[ 13, 92, 32]],

[ 23, 5, 0,[ 76, 11, 68, 67]],

[ 53, 55, 1,[ 22, 87, 41]],

[ 21, 75, 1,[ 17, 34, 35]],

[ 41, 5, 0,[ 66, 56, 53]],

[ 46, 65, 1,[ 74, 51, 8]],

[ 69, 5, 0,[ 61, 94, 72]],

[ 95, 5, 0,[ 65, 40, 4]],

[ 74, 5, 0,[ 46, 86, 54]],

[ 37, 45, 1,[ 18, 61, 79]],

