[ 65, 45, 1,[ 38, 54, 3, 1, 45]],

[ 91, 65, 1,[ 54, 66, 26, 6]],

[ 49, 85, 1,[ 72, 23, 88, 85]],

[ 7, 75, 0,[ 4, 57, 90]],

[ 42, 35, 1,[ 28, 39, 69, 5]],

[ 77, 45, 1,[ 87, 97, 79, 56, 96]],

[ 76, 85, 1,[ 64, 8, 83]],

[ 36, 75, 0,[ 67, 18, 57, 90, 95, 38, 99]],

[ 82, 35, 1,[ 13, 29, 56]],

[ 97, 65, 1,[ 73, 77, 1, 67, 21]],

[ 95, 15, 0,[ 8, 36, 43]],

[ 93, 55, 1,[ 19, 41, 31, 0]],

[ 60, 35, 1,[ 3, 10, 66, 54]],

[ 53, 95, 0,[ 19, 70, 72]],

[ 39, 85, 0,[ 44, 28, 42, 83]],

[ 31, 35, 1,[ 93, 90, 38, 11]],

[ 14, 75, 0,[ 57, 17, 13]],

[ 5, 85, 0,[ 42, 46, 16, 33]],

[ 18, 75, 0,[ 62, 36, 8, 11, 78]],

[ 43, 85, 0,[ 15, 34, 95]],

[ 27, 65, 0,[ 89, 79, 56]],

[ 23, 55, 1,[ 69, 49, 37, 6]],

[ 45, 25, 1,[ 59, 65, 47, 92, 61]],

[ 56, 65, 1,[ 82, 41, 27, 77]],

[ 30, 75, 0,[ 58, 89, 4, 37]],

[ 24, 25, 1,[ 28, 44, 52, 19]],

[ 32, 65, 0,[ 10, 41, 6]],

[ 38, 35, 0,[ 65, 31, 36, 9]],

[ 80, 75, 1,[ 20, 3, 81, 71, 2]],

[ 81, 75, 0,[ 13, 80, 22, 48]],

[ 72, 95, 0,[ 53, 40, 49]],

[ 25, 5, 0,[ 74, 21, 59]],

[ 13, 75, 0,[ 81, 11, 14, 82, 88]],

[ 74, 55, 1,[ 87, 25, 0]],

[ 70, 95, 1,[ 2, 53, 83]],

[ 89, 5, 1,[ 27, 30]],

[ 40, 95, 1,[ 16, 20, 72, 6]],

[ 94, 45, 0,[ 73, 22, 1]],

[ 63, 85, 1,[ 16, 87, 37, 71, 75]],

[ 68, 25, 1,[ 85, 15, 98]],

[ 11, 75, 0,[ 18, 13, 31]],

[ 88, 85, 0,[ 49, 66, 79, 13]],

[ 83, 85, 0,[ 70, 39, 76]],

[ 75, 5, 0,[ 55, 21, 63]],

[ 35, 85, 0,[ 34, 9, 8]],

[ 86, 75, 0,[ 17, 90]],

[ 12, 85, 0,[ 33, 37, 52]],

[ 21, 5, 0,[ 97, 75, 25, 90]],

[ 61, 95, 1,[ 45, 67, 51, 96]],

[ 84, 65, 1,[ 78, 37, 66]],

[ 17, 75, 0,[ 64, 33, 14, 86]],

[ 28, 35, 0,[ 24, 39, 42]],

[ 26, 15, 1,[ 51, 66, 91]],

[ 2, 75, 0,[ 80, 70, 37]],

[ 69, 55, 1,[ 42, 59, 23]],

[ 54, 5, 0,[ 91, 60, 65, 50]],

[ 34, 85, 0,[ 43, 35, 99, 58]],

[ 78, 35, 1,[ 48, 18, 84]],

[ 0, 55, 0,[ 52, 74, 93]],

[ 66, 85, 1,[ 88, 60, 91, 26, 9, 84]],

[ 64, 75, 1,[ 76, 62, 17]],

[ 51, 65, 1,[ 26, 61, 85]],

[ 10, 65, 0,[ 60, 44, 32]],

[ 67, 5, 1,[ 97, 61, 36]],

[ 4, 75, 0,[ 30, 7, 37]],

[ 55, 5, 1,[ 75, 37, 41]],

[ 92, 55, 1,[ 85, 96, 45]],

[ 90, 75, 1,[ 22, 86, 36, 31, 21, 7]],

[ 87, 75, 1,[ 50, 74, 63, 77]],

[ 8, 15, 1,[ 95, 76, 35, 18]],

[ 98, 75, 1,[ 68, 46, 29]],

[ 29, 75, 0,[ 82, 71, 16, 98]],

[ 37, 75, 0,[ 4, 23, 2, 63, 84, 55, 30, 12]],

[ 59, 15, 1,[ 69, 50, 20, 45, 25]],

[ 16, 85, 0,[ 40, 29, 63, 5]],

[ 6, 65, 0,[ 23, 32, 40, 91]],

[ 33, 85, 1,[ 12, 17, 5]],

[ 73, 45, 1,[ 94, 48, 97]],

[ 85, 65, 1,[ 51, 49, 68, 92]],

[ 57, 75, 0,[ 36, 48, 14, 7]],

[ 19, 55, 1,[ 53, 93, 24]],

[ 71, 75, 1,[ 80, 29, 63]],

[ 3, 35, 0,[ 80, 65, 60]],

[ 20, 95, 0,[ 80, 40, 59]],

[ 62, 75, 0,[ 46, 64, 18]],

[ 52, 55, 0,[ 58, 12, 0, 24]],

[ 22, 75, 0,[ 94, 90, 81]],

[ 9, 85, 0,[ 66, 38, 35]],

[ 48, 75, 0,[ 73, 57, 58, 78, 81]],

[ 47, 85, 1,[ 44, 45, 58]],

[ 99, 85, 1,[ 34, 15, 36]],

[ 41, 65, 0,[ 55, 56, 32, 93]],

[ 79, 15, 1,[ 88, 27, 77]],

[ 46, 75, 0,[ 5, 98, 62]],

[ 58, 35, 1,[ 47, 48, 30, 52, 34]],

[ 96, 95, 1,[ 77, 61, 92]],

[ 1, 45, 0,[ 65, 94, 97]],

[ 50, 5, 1,[ 87, 59, 54]],

[ 15, 85, 0,[ 68, 99, 43]],

[ 44, 85, 1,[ 39, 47, 10, 24]],

