[ 82, 75, 0,[ 96, 35, 15]],

[ 61, 75, 0,[ 51, 87, 73]],

[ 22, 75, 0,[ 18, 46, 7, 79]],

[ 97, 75, 0,[ 58, 44, 21, 55]],

[ 37, 75, 0,[ 23, 65, 80]],

[ 98, 75, 0,[ 42, 29, 12]],

[ 16, 75, 0,[ 25, 36, 48, 60]],

[ 78, 75, 0,[ 57, 5, 28]],

[ 18, 75, 0,[ 22, 41, 34]],

[ 85, 75, 0,[ 46, 24, 0]],

[ 21, 75, 0,[ 0, 97, 41]],

[ 71, 75, 0,[ 80, 51]],

[ 76, 75, 0,[ 8, 27, 62, 5]],

[ 3, 65, 1,[ 51, 10, 67, 2, 50]],

[ 46, 75, 0,[ 22, 85, 30]],

[ 34, 75, 0,[ 18, 62, 28, 89]],

[ 19, 75, 0,[ 57, 49, 95]],

[ 1, 55, 1,[ 88, 77, 55, 87]],

[ 44, 75, 0,[ 97, 15]],

[ 8, 75, 0,[ 93, 76, 49]],

[ 35, 75, 0,[ 54, 82, 65]],

[ 80, 75, 0,[ 71, 66, 27, 68, 37]],

[ 11, 75, 1,[ 23, 92, 96, 59]],

[ 49, 75, 0,[ 19, 91, 8]],

[ 5, 45, 1,[ 40, 78, 76, 2, 64]],

[ 75, 75, 0,[ 56, 92, 86]],

[ 68, 75, 0,[ 57, 80, 92]],

[ 25, 75, 0,[ 16, 30, 13]],

[ 58, 75, 0,[ 97, 13, 39]],

[ 15, 75, 0,[ 44, 7, 82]],

[ 62, 75, 0,[ 34, 76, 52]],

[ 14, 75, 0,[ 90, 39, 26, 93]],

[ 24, 75, 0,[ 4, 73, 85]],

[ 41, 75, 0,[ 38, 21, 18]],

[ 30, 75, 0,[ 46, 25, 32]],

[ 99, 75, 0,[ 93, 13, 50]],

[ 79, 75, 0,[ 52, 22, 20]],

[ 9, 75, 0,[ 29, 7, 36]],

[ 60, 75, 0,[ 16, 2, 26, 50]],

[ 84, 75, 0,[ 45, 33, 47]],

[ 45, 75, 0,[ 84, 52, 72]],

[ 32, 75, 0,[ 52, 33, 30]],

[ 73, 75, 0,[ 61, 24, 40, 31]],

[ 55, 75, 0,[ 1, 97, 81]],

[ 77, 75, 0,[ 1, 87, 66]],

[ 89, 75, 0,[ 4, 34]],

[ 93, 75, 0,[ 8, 14, 99, 6]],

[ 54, 75, 0,[ 92, 33, 35]],

[ 29, 75, 0,[ 36, 9, 98, 74, 26, 83]],

[ 26, 75, 0,[ 31, 60, 14, 29]],

[ 50, 75, 0,[ 60, 99, 91, 3]],

[ 81, 75, 0,[ 6, 55, 7]],

[ 96, 75, 0,[ 82, 11, 48, 63, 7]],

[ 31, 75, 0,[ 53, 73, 26]],

[ 92, 75, 0,[ 75, 11, 54, 68]],

[ 70, 75, 0,[ 72, 94, 59]],

[ 7, 75, 0,[ 22, 96, 9, 20, 81, 15, 38]],

[ 20, 75, 0,[ 79, 7, 69]],

[ 53, 75, 0,[ 63, 48, 38, 31, 65]],

[ 0, 95, 1,[ 85, 21, 2]],

[ 2, 35, 1,[ 60, 5, 91, 47, 0, 3]],

[ 47, 75, 0,[ 2, 84, 86, 17]],

[ 23, 75, 0,[ 72, 11, 37, 69]],

[ 64, 75, 0,[ 17, 5, 56]],

[ 57, 75, 0,[ 78, 19, 68]],

[ 83, 75, 0,[ 17, 29, 52]],

[ 63, 75, 0,[ 53, 12, 96]],

[ 66, 75, 0,[ 77, 80, 28]],

[ 51, 75, 0,[ 3, 61, 43, 71]],

[ 87, 75, 0,[ 77, 43, 61, 1]],

[ 10, 35, 1,[ 90, 69, 3]],

[ 72, 75, 0,[ 45, 23, 70]],

[ 48, 75, 0,[ 39, 16, 53, 96]],

[ 38, 35, 1,[ 41, 53, 7]],

[ 90, 75, 0,[ 14, 10, 12]],

[ 95, 75, 0,[ 91, 42, 19]],

[ 12, 75, 0,[ 63, 98, 90]],

[ 94, 75, 0,[ 74, 69, 70]],

[ 43, 75, 0,[ 87, 40, 51]],

[ 28, 75, 0,[ 66, 78, 34]],

[ 52, 75, 0,[ 79, 32, 45, 83, 62]],

[ 59, 75, 0,[ 11, 70, 86]],

[ 4, 75, 0,[ 13, 89, 24]],

[ 36, 75, 0,[ 9, 16, 29]],

[ 88, 75, 0,[ 42, 1, 67]],

[ 74, 75, 0,[ 29, 86, 94]],

[ 56, 75, 0,[ 75, 64, 27]],

[ 27, 75, 0,[ 76, 56, 80]],

[ 65, 75, 0,[ 53, 35, 37]],

[ 69, 75, 0,[ 23, 20, 94, 10, 67]],

[ 17, 75, 0,[ 83, 47, 64]],

[ 86, 75, 0,[ 74, 59, 75, 47]],

[ 91, 75, 0,[ 95, 2, 50, 49]],

[ 67, 75, 0,[ 88, 69, 3]],

[ 42, 75, 0,[ 98, 95, 88]],

[ 6, 75, 1,[ 93, 40, 81]],

[ 40, 75, 0,[ 6, 5, 43, 73]],

[ 13, 65, 1,[ 4, 58, 99, 25]],

[ 39, 75, 0,[ 48, 58, 14]],

[ 33, 75, 0,[ 32, 84, 54]],

