[ 23, 65, 1,[ 1, 11]],

[ 88, 25, 0,[ 1, 24, 93]],

[ 21, 25, 0,[ 54, 4, 39, 1, 89]],

[ 64, 25, 0,[ 20, 78, 17, 1]],

[ 95, 25, 0,[ 31, 80, 6, 2]],

[ 85, 25, 0,[ 42, 2]],

[ 58, 25, 0,[ 96, 10, 35]],

[ 70, 25, 1,[ 83, 11, 1]],

[ 5, 25, 0,[ 17, 82, 49, 98, 65, 56, 47, 48, 83, 13, 40, 34]],

[ 1, 25, 0,[ 69, 44, 32, 49, 6, 65, 43, 47, 18, 0, 21, 28, 55, 86, 2, 46, 68, 22, 23, 15, 16, 9, 26, 12, 24, 3, 27, 97, 64, 88, 70, 10]],

[ 25, 25, 0,[ 2, 0, 93]],

[ 46, 25, 0,[ 0, 68, 33, 1]],

[ 79, 75, 1,[ 92, 2, 19]],

[ 67, 25, 1,[ 22, 36, 91, 3, 82]],

[ 75, 25, 1,[ 2, 30, 91]],

[ 15, 25, 1,[ 1, 13, 99]],

[ 12, 25, 0,[ 63, 38, 1]],

[ 91, 35, 1,[ 75, 2, 9, 67]],

[ 16, 25, 0,[ 55, 1, 32, 6, 90]],

[ 89, 85, 1,[ 63, 21, 32]],

[ 56, 25, 1,[ 2, 5, 9]],

[ 69, 25, 1,[ 24, 84, 1]],

[ 87, 25, 1,[ 40, 19, 54]],

[ 55, 25, 1,[ 16, 97, 1]],

[ 10, 25, 0,[ 77, 84, 31, 58, 33, 63, 57, 3, 1]],

[ 96, 25, 1,[ 59, 71, 57, 58]],

[ 40, 15, 1,[ 87, 5, 90]],

[ 11, 25, 0,[ 73, 4, 39, 74, 2, 70, 23]],

[ 92, 25, 1,[ 54, 79, 7]],

[ 34, 25, 0,[ 28, 5, 39]],

[ 99, 25, 1,[ 18, 0, 3, 15]],

[ 17, 25, 0,[ 3, 5, 64]],

[ 2, 25, 0,[ 19, 13, 11, 85, 79, 14, 56, 41, 95, 3, 0, 61, 91, 81, 51, 1, 27, 75, 25, 7, 60, 42, 22, 28]],

[ 8, 25, 1,[ 14, 35, 0]],

[ 37, 25, 0,[ 78, 61, 45, 22]],

[ 47, 35, 1,[ 6, 5, 1]],

[ 98, 25, 1,[ 22, 5, 35]],

[ 54, 25, 0,[ 21, 35, 87, 92]],

[ 33, 25, 0,[ 10, 66, 3, 46]],

[ 14, 25, 0,[ 2, 60, 78, 8]],

[ 39, 25, 1,[ 21, 34, 11]],

[ 6, 25, 0,[ 1, 95, 47, 51, 0, 90, 72, 16]],

[ 83, 25, 0,[ 70, 93, 5]],

[ 86, 95, 1,[ 1, 65, 28]],

[ 50, 25, 1,[ 38, 73, 3]],

[ 53, 25, 0,[ 62, 97, 20]],

[ 38, 25, 0,[ 12, 51, 42, 35, 52, 50, 45]],

[ 90, 25, 1,[ 6, 48, 40, 16]],

[ 80, 25, 1,[ 95, 74, 3]],

[ 61, 85, 1,[ 37, 94, 2]],

[ 20, 25, 0,[ 3, 64, 53]],

[ 31, 25, 0,[ 95, 71, 10]],

[ 94, 25, 0,[ 61, 93, 45, 52]],

[ 0, 25, 0,[ 8, 18, 71, 76, 1, 66, 7, 43, 6, 2, 46, 24, 25, 62, 9, 59, 36, 4, 99]],

[ 73, 25, 0,[ 50, 11, 28]],

[ 77, 25, 1,[ 18, 10, 84]],

[ 18, 25, 0,[ 99, 1, 77, 41, 0]],

[ 26, 95, 1,[ 1, 13, 3]],

[ 9, 25, 0,[ 1, 91, 56, 0]],

[ 24, 75, 1,[ 1, 0, 88, 69]],

[ 52, 25, 0,[ 32, 38, 94, 76]],

[ 41, 15, 1,[ 18, 63, 2]],

[ 66, 25, 1,[ 33, 60, 0]],

[ 32, 25, 0,[ 52, 1, 16, 89]],

[ 82, 25, 1,[ 5, 3, 67]],

[ 74, 55, 1,[ 13, 11, 80]],

[ 49, 5, 1,[ 30, 5, 71, 1]],

[ 27, 25, 0,[ 2, 78, 1]],

[ 62, 25, 1,[ 0, 53]],

[ 84, 15, 1,[ 10, 69, 77]],

[ 28, 25, 0,[ 72, 68, 2, 73, 86, 1, 34]],

[ 59, 15, 1,[ 22, 96, 0]],

[ 81, 65, 1,[ 48, 2, 72]],

[ 3, 25, 0,[ 10, 80, 17, 50, 2, 67, 43, 33, 44, 36, 20, 4, 99, 82, 29, 1, 26]],

[ 7, 25, 0,[ 0, 92, 19, 2]],

[ 71, 25, 1,[ 96, 0, 49, 31]],

[ 76, 25, 1,[ 52, 68, 0]],

[ 78, 25, 1,[ 27, 14, 64, 37]],

[ 63, 25, 0,[ 10, 41, 12, 89]],

[ 36, 25, 0,[ 0, 67, 3]],

[ 19, 25, 1,[ 2, 7, 79, 87]],

[ 44, 65, 1,[ 3, 1, 4]],

[ 93, 65, 1,[ 94, 88, 25, 83]],

[ 22, 25, 0,[ 37, 67, 98, 1, 2, 59]],

[ 48, 25, 0,[ 90, 81, 5, 29]],

[ 97, 85, 1,[ 55, 53, 1]],

[ 29, 25, 0,[ 48, 60, 3]],

[ 68, 85, 1,[ 28, 1, 46, 76]],

[ 45, 35, 1,[ 38, 94, 37]],

[ 51, 35, 1,[ 2, 6, 38]],

[ 65, 25, 1,[ 86, 1, 5]],

[ 42, 25, 1,[ 85, 2, 38]],

[ 13, 25, 0,[ 26, 74, 5, 15, 2]],

[ 72, 25, 0,[ 81, 28, 6]],

[ 30, 25, 0,[ 57, 49, 75]],

[ 60, 25, 1,[ 2, 14, 66, 29]],

[ 57, 25, 0,[ 96, 30, 10]],

[ 4, 25, 0,[ 44, 0, 21, 11, 3]],

[ 35, 25, 0,[ 58, 54, 8, 38, 98]],

[ 43, 25, 0,[ 1, 0, 3]],

