[ 4, 15, 0,[ 76, 69, 17]],

[ 60, 15, 0,[ 17, 38, 43, 63]],

[ 89, 15, 0,[ 58, 25, 24, 80]],

[ 46, 15, 0,[ 32, 29, 26, 73]],

[ 96, 15, 0,[ 62, 55, 94, 90, 10]],

[ 78, 15, 0,[ 7, 32, 72]],

[ 48, 15, 0,[ 22, 61, 35, 28]],

[ 8, 15, 0,[ 59, 69, 57]],

[ 22, 15, 0,[ 76, 68, 90, 48]],

[ 83, 15, 0,[ 29, 74, 88]],

[ 37, 15, 0,[ 9, 39, 21]],

[ 26, 15, 0,[ 15, 46, 11]],

[ 12, 15, 0,[ 91, 19, 90, 97, 18]],

[ 87, 15, 0,[ 49, 61, 19]],

[ 20, 15, 0,[ 50, 32, 42]],

[ 3, 45, 1,[ 73, 2, 43, 16]],

[ 58, 15, 0,[ 5, 89, 7]],

[ 18, 15, 0,[ 40, 12, 81]],

[ 13, 75, 1,[ 51, 14, 52]],

[ 7, 15, 0,[ 58, 28, 78, 66, 42]],

[ 40, 15, 0,[ 18, 27, 72]],

[ 81, 15, 0,[ 23, 57, 18]],

[ 68, 15, 0,[ 77, 52, 22]],

[ 21, 15, 0,[ 31, 70, 37]],

[ 11, 25, 1,[ 29, 24, 26]],

[ 39, 15, 0,[ 37, 50, 44]],

[ 59, 15, 0,[ 45, 67, 63, 8, 65, 55]],

[ 29, 15, 0,[ 46, 97, 83, 71, 11]],

[ 17, 15, 0,[ 60, 4, 82]],

[ 42, 15, 0,[ 7, 20, 86, 9, 52, 31]],

[ 82, 15, 0,[ 30, 38, 84, 65, 1, 17]],

[ 28, 15, 0,[ 48, 7, 2]],

[ 54, 15, 0,[ 95, 56, 97]],

[ 75, 15, 0,[ 36, 14, 77]],

[ 16, 15, 0,[ 3, 23, 64]],

[ 36, 15, 0,[ 56, 95, 5, 75]],

[ 97, 15, 0,[ 29, 54, 12]],

[ 77, 15, 0,[ 75, 68]],

[ 33, 15, 0,[ 45, 50, 93, 69, 53, 98]],

[ 72, 15, 0,[ 78, 40, 19, 98]],

[ 98, 15, 0,[ 94, 53, 72, 33]],

[ 67, 15, 0,[ 59, 86, 92]],

[ 70, 15, 0,[ 94, 21, 41]],

[ 41, 15, 0,[ 35, 70, 74, 31]],

[ 64, 15, 0,[ 16, 2, 49]],

[ 95, 15, 0,[ 43, 36, 88, 54]],

[ 24, 15, 0,[ 92, 11, 89]],

[ 0, 85, 1,[ 44, 84]],

[ 88, 15, 0,[ 99, 95, 83]],

[ 9, 15, 0,[ 37, 15, 42]],

[ 63, 15, 0,[ 1, 59, 60]],

[ 53, 15, 0,[ 74, 98, 33]],

[ 1, 15, 1,[ 63, 82]],

[ 51, 15, 0,[ 25, 80, 50, 13]],

[ 5, 75, 1,[ 58, 36, 90]],

[ 34, 15, 0,[ 15, 85, 35]],

[ 44, 15, 0,[ 56, 39, 0]],

[ 47, 15, 0,[ 99, 52, 65]],

[ 76, 15, 0,[ 4, 22, 85]],

[ 52, 15, 0,[ 68, 13, 47, 42]],

[ 86, 15, 0,[ 67, 42, 85]],

[ 62, 15, 0,[ 96, 27, 57]],

[ 43, 15, 0,[ 95, 3, 60]],

[ 65, 15, 0,[ 59, 47, 82]],

[ 32, 15, 0,[ 20, 46, 78]],

[ 90, 15, 0,[ 5, 12, 22, 96]],

[ 23, 15, 0,[ 16, 81, 79, 91]],

[ 94, 15, 0,[ 70, 98, 96]],

[ 57, 15, 0,[ 62, 81, 8, 66]],

[ 73, 15, 0,[ 14, 3, 46]],

[ 79, 15, 0,[ 99, 23, 25]],

[ 66, 15, 0,[ 7, 93, 57]],

[ 27, 15, 0,[ 71, 40, 62]],

[ 31, 15, 0,[ 42, 21, 41]],

[ 6, 65, 1,[ 50, 61, 74]],

[ 15, 15, 0,[ 9, 26, 34]],

[ 93, 15, 0,[ 91, 33, 66]],

[ 55, 15, 0,[ 96, 59, 38]],

[ 85, 15, 0,[ 76, 34, 86]],

[ 80, 15, 0,[ 45, 51, 89]],

[ 71, 15, 0,[ 49, 27, 29]],

[ 74, 15, 0,[ 41, 6, 53, 83]],

[ 19, 15, 0,[ 87, 12, 72]],

[ 69, 15, 0,[ 8, 33, 4]],

[ 99, 15, 0,[ 92, 47, 79, 88]],

[ 91, 15, 0,[ 12, 93, 23]],

[ 45, 15, 0,[ 80, 59, 33]],

[ 50, 15, 0,[ 51, 39, 6, 33, 20]],

[ 61, 15, 0,[ 87, 6, 48]],

[ 14, 15, 0,[ 73, 30, 13, 75]],

[ 92, 15, 0,[ 24, 99, 67]],

[ 49, 15, 0,[ 64, 87, 71]],

[ 10, 35, 1,[ 2, 96]],

[ 56, 15, 0,[ 36, 54, 44]],

[ 2, 95, 1,[ 10, 28, 64, 3]],

[ 84, 15, 0,[ 82, 0, 30]],

[ 30, 15, 0,[ 14, 82, 84]],

[ 35, 15, 0,[ 48, 34, 41]],

[ 38, 65, 1,[ 82, 55, 60]],

[ 25, 15, 0,[ 79, 89, 51]],

