[ 52, 5, 0,[ 48, 99, 23, 25, 11]],

[ 75, 25, 1,[ 48, 0, 20]],

[ 36, 75, 0,[ 40, 60, 59]],

[ 96, 55, 1,[ 9, 32, 71, 69, 94]],

[ 94, 85, 1,[ 59, 96, 61]],

[ 93, 85, 1,[ 6, 13, 10, 11]],

[ 23, 95, 1,[ 51, 43, 52]],

[ 6, 5, 0,[ 93, 63, 10, 87]],

[ 86, 25, 1,[ 2, 53, 17]],

[ 70, 85, 0,[ 5, 32]],

[ 40, 95, 0,[ 36, 72, 61]],

[ 14, 35, 0,[ 59, 76, 26]],

[ 61, 25, 1,[ 28, 40, 94, 79]],

[ 98, 55, 1,[ 12, 25, 19, 62]],

[ 26, 25, 1,[ 57, 13, 14, 33, 4]],

[ 10, 5, 0,[ 6, 63, 93]],

[ 56, 35, 1,[ 81, 18, 1, 79, 90]],

[ 7, 25, 0,[ 3, 39, 74, 69]],

[ 53, 45, 0,[ 65, 86, 15]],

[ 65, 55, 1,[ 88, 53, 3, 28, 21]],

[ 42, 45, 1,[ 55, 46, 45]],

[ 37, 5, 0,[ 12, 43]],

[ 46, 85, 0,[ 66, 64, 42]],

[ 62, 65, 1,[ 98, 82, 66]],

[ 30, 35, 0,[ 97, 80, 60]],

[ 8, 5, 1,[ 67, 12, 55]],

[ 73, 45, 0,[ 38, 47, 95]],

[ 82, 25, 1,[ 81, 62, 45]],

[ 13, 95, 0,[ 26, 67, 48, 93]],

[ 97, 95, 1,[ 30, 44, 16, 17, 72]],

[ 50, 95, 1,[ 12, 58, 31]],

[ 68, 45, 1,[ 21, 87]],

[ 20, 45, 0,[ 21, 78, 24, 75]],

[ 9, 85, 0,[ 96, 2, 27]],

[ 29, 55, 0,[ 24, 80, 15]],

[ 54, 5, 0,[ 11, 60, 84]],

[ 27, 95, 0,[ 79, 0, 9, 84]],

[ 44, 95, 1,[ 81, 16, 97]],

[ 81, 15, 1,[ 44, 82, 56, 74]],

[ 1, 5, 0,[ 99, 63, 56]],

[ 63, 35, 1,[ 1, 10, 38, 49, 6]],

[ 47, 95, 1,[ 25, 91, 73, 78]],

[ 49, 65, 1,[ 63, 69, 77]],

[ 4, 55, 0,[ 26, 45, 31]],

[ 83, 85, 1,[ 22, 55, 11]],

[ 15, 85, 1,[ 29, 53, 74]],

[ 79, 95, 1,[ 56, 27, 61, 78]],

[ 69, 95, 0,[ 96, 5, 7, 49]],

[ 32, 85, 0,[ 70, 96, 55]],

[ 24, 75, 1,[ 20, 89, 29]],

[ 35, 85, 0,[ 89, 76, 5, 95]],

[ 74, 45, 1,[ 81, 41, 7, 15]],

[ 5, 85, 0,[ 70, 69, 35]],

[ 28, 75, 0,[ 16, 61, 87, 65]],

[ 11, 5, 0,[ 54, 83, 52, 93]],

[ 57, 55, 0,[ 95, 26, 33, 18]],

[ 72, 75, 0,[ 40, 97, 41]],

[ 66, 85, 0,[ 46, 64, 62, 2]],

[ 0, 35, 0,[ 84, 3, 75, 27]],

[ 19, 75, 0,[ 64, 98, 60]],

[ 21, 95, 0,[ 68, 20, 65]],

[ 87, 5, 1,[ 6, 68, 58, 28]],

[ 17, 45, 0,[ 59, 86, 97]],

[ 91, 55, 0,[ 85, 47, 31]],

[ 67, 55, 1,[ 13, 8, 88]],

[ 59, 35, 1,[ 36, 14, 94, 17]],

[ 60, 95, 1,[ 36, 77, 54, 19, 30]],

[ 3, 25, 0,[ 65, 7, 0]],

[ 76, 95, 1,[ 35, 14, 92]],

[ 48, 5, 0,[ 13, 75, 52]],

[ 88, 45, 0,[ 67, 65, 38]],

[ 89, 5, 1,[ 38, 77, 24, 35]],

[ 41, 35, 1,[ 72, 34, 74]],

[ 22, 65, 0,[ 58, 83, 90]],

[ 31, 55, 0,[ 4, 51, 50, 91, 43]],

[ 85, 5, 1,[ 91, 64]],

[ 45, 75, 1,[ 4, 82, 42]],

[ 55, 25, 1,[ 83, 8, 32, 34, 42, 38]],

[ 34, 15, 0,[ 41, 55]],

[ 77, 5, 1,[ 89, 60, 49]],

[ 39, 15, 1,[ 71, 7, 92]],

[ 2, 85, 0,[ 66, 86, 9]],

[ 95, 45, 1,[ 73, 35, 57]],

[ 64, 5, 1,[ 46, 19, 66, 85]],

[ 71, 15, 1,[ 39, 96]],

[ 92, 85, 0,[ 76, 39]],

[ 99, 15, 1,[ 90, 52, 1]],

[ 51, 25, 1,[ 18, 31, 23]],

[ 25, 75, 0,[ 47, 52, 98]],

[ 84, 15, 1,[ 54, 0, 27]],

[ 90, 25, 1,[ 22, 56, 99]],

[ 78, 65, 1,[ 47, 79, 20]],

[ 18, 35, 0,[ 51, 56, 57]],

[ 43, 55, 0,[ 31, 37, 23]],

[ 80, 55, 1,[ 29, 33, 30]],

[ 16, 65, 0,[ 28, 44, 97]],

[ 58, 35, 1,[ 50, 22, 87]],

[ 12, 75, 0,[ 37, 50, 98, 8]],

[ 33, 55, 0,[ 57, 26, 80]],

[ 38, 45, 0,[ 55, 63, 89, 88, 73]],

