[ 44, 55, 0,[ 94, 7, 77]],

[ 76, 55, 0,[ 48, 62, 52]],

[ 53, 55, 0,[ 85, 56, 51]],

[ 32, 55, 0,[ 3, 41, 36, 52]],

[ 25, 55, 0,[ 52, 28, 12]],

[ 72, 55, 0,[ 65, 0, 41]],

[ 89, 55, 0,[ 62, 52, 93]],

[ 60, 55, 0,[ 7, 18, 23]],

[ 12, 55, 0,[ 25, 56, 27, 38]],

[ 71, 55, 0,[ 59, 37, 16]],

[ 31, 55, 0,[ 29, 61, 2, 83]],

[ 49, 55, 0,[ 17, 8, 55, 68, 51]],

[ 52, 55, 0,[ 38, 89, 32, 76, 25]],

[ 97, 55, 0,[ 34, 8, 83]],

[ 40, 55, 0,[ 7, 51, 22]],

[ 45, 55, 0,[ 80, 83, 27]],

[ 62, 55, 0,[ 89, 76, 54]],

[ 23, 55, 0,[ 10, 60, 92]],

[ 47, 55, 0,[ 80, 94, 63]],

[ 93, 55, 0,[ 17, 80, 89]],

[ 48, 55, 0,[ 14, 78, 39, 36, 76]],

[ 82, 55, 0,[ 99, 6, 98]],

[ 34, 55, 0,[ 97, 26, 63]],

[ 77, 55, 0,[ 44, 28, 38]],

[ 64, 55, 0,[ 29, 33, 11, 81, 94]],

[ 51, 55, 0,[ 19, 49, 40, 53]],

[ 6, 85, 1,[ 82, 4, 54, 15]],

[ 87, 55, 0,[ 5, 99, 70]],

[ 68, 55, 0,[ 49, 88, 85]],

[ 81, 55, 0,[ 74, 96, 64]],

[ 21, 55, 0,[ 39, 67, 91, 58]],

[ 63, 55, 0,[ 47, 34, 84]],

[ 7, 55, 0,[ 98, 60, 44, 42, 40]],

[ 2, 55, 1,[ 57, 31]],

[ 55, 55, 0,[ 41, 49, 61]],

[ 38, 85, 1,[ 12, 99, 9, 52, 77]],

[ 30, 55, 0,[ 84, 79, 92]],

[ 13, 55, 1,[ 8, 84, 92]],

[ 58, 55, 0,[ 8, 21, 85]],

[ 83, 55, 0,[ 97, 31, 45]],

[ 43, 55, 0,[ 24, 26, 88]],

[ 50, 55, 0,[ 73, 3, 10]],

[ 73, 55, 0,[ 0, 50, 75]],

[ 17, 55, 0,[ 93, 49, 33]],

[ 96, 55, 0,[ 90, 57, 81]],

[ 4, 55, 0,[ 11, 6, 15, 84]],

[ 75, 55, 0,[ 16, 73, 61]],

[ 16, 55, 0,[ 75, 84, 1, 71]],

[ 59, 55, 0,[ 39, 71, 54]],

[ 46, 55, 0,[ 65, 99, 35, 18]],

[ 98, 55, 0,[ 7, 90, 82]],

[ 56, 55, 0,[ 12, 15, 80, 53]],

[ 85, 55, 0,[ 68, 58, 53, 54]],

[ 41, 55, 0,[ 55, 32, 72]],

[ 26, 55, 0,[ 34, 86, 43]],

[ 5, 55, 1,[ 42, 87, 27]],

[ 37, 55, 0,[ 71, 9, 22]],

[ 67, 55, 0,[ 78, 21, 86]],

[ 66, 55, 0,[ 35, 74, 36]],

[ 54, 55, 0,[ 85, 6, 62, 59, 35]],

[ 1, 15, 1,[ 10, 16, 14, 29]],

[ 91, 55, 0,[ 19, 21, 86]],

[ 19, 55, 0,[ 51, 91, 74, 78]],

[ 39, 55, 0,[ 59, 48, 21]],

[ 22, 55, 0,[ 40, 88, 37]],

[ 29, 55, 0,[ 1, 64, 31]],

[ 88, 55, 0,[ 68, 14, 22, 43]],

[ 79, 55, 0,[ 9, 99, 30]],

[ 70, 55, 0,[ 86, 87, 10, 65]],

[ 36, 55, 0,[ 48, 32, 11, 66]],

[ 35, 55, 0,[ 54, 66, 46]],

[ 84, 55, 0,[ 16, 30, 13, 4, 63, 0]],

[ 69, 55, 0,[ 10, 24]],

[ 61, 55, 0,[ 31, 75, 55, 20]],

[ 90, 55, 0,[ 10, 98, 96]],

[ 15, 55, 0,[ 56, 6, 4]],

[ 95, 55, 0,[ 24, 9]],

[ 11, 55, 1,[ 64, 36, 4]],

[ 24, 55, 0,[ 95, 43, 69]],

[ 86, 55, 0,[ 70, 67, 26, 91]],

[ 78, 55, 0,[ 48, 27, 67, 19]],

[ 27, 55, 0,[ 5, 78, 45, 12]],

[ 3, 95, 1,[ 92, 50, 32]],

[ 65, 55, 0,[ 46, 72, 99, 70]],

[ 9, 55, 0,[ 79, 37, 95, 38]],

[ 92, 55, 0,[ 13, 3, 30, 23]],

[ 8, 55, 0,[ 97, 49, 13, 58]],

[ 14, 55, 0,[ 1, 48, 88, 20]],

[ 42, 55, 0,[ 7, 5]],

[ 99, 55, 0,[ 79, 0, 82, 46, 65, 38, 87]],

[ 20, 55, 0,[ 28, 14, 61]],

[ 28, 55, 0,[ 33, 77, 20, 25]],

[ 0, 45, 1,[ 73, 72, 84, 99]],

[ 74, 55, 0,[ 66, 19, 81, 57]],

[ 33, 55, 0,[ 28, 64, 17]],

[ 10, 5, 1,[ 1, 80, 23, 69, 70, 50, 90]],

[ 94, 55, 0,[ 47, 44, 64]],

[ 57, 55, 0,[ 2, 96, 74]],

[ 18, 55, 0,[ 60, 46]],

[ 80, 55, 0,[ 93, 10, 45, 47, 56]],

