[ 69, 95, 0,[ 88, 72, 10]],

[ 78, 95, 0,[ 82, 2, 65]],

[ 97, 95, 0,[ 16, 49, 17, 75]],

[ 13, 95, 0,[ 29, 95, 40, 62]],

[ 77, 95, 0,[ 75, 41, 43, 17]],

[ 87, 95, 0,[ 19, 57, 63, 21, 71, 47]],

[ 65, 95, 0,[ 76, 6, 78]],

[ 46, 95, 0,[ 55, 21, 41]],

[ 89, 95, 0,[ 79, 81, 88]],

[ 82, 95, 0,[ 78, 39, 19, 18]],

[ 67, 95, 0,[ 44, 93, 61]],

[ 92, 95, 0,[ 60, 66, 18, 94, 68]],

[ 85, 95, 0,[ 99, 9, 34]],

[ 79, 95, 0,[ 22, 28, 74, 89]],

[ 5, 15, 1,[ 73, 2, 8, 42]],

[ 38, 85, 1,[ 34, 12, 64]],

[ 15, 95, 0,[ 86, 36, 28]],

[ 12, 95, 0,[ 54, 10, 96, 38]],

[ 9, 95, 0,[ 22, 85, 48]],

[ 43, 95, 0,[ 0, 70, 77]],

[ 51, 95, 0,[ 60, 0, 4]],

[ 81, 95, 0,[ 56, 89, 24, 70]],

[ 90, 95, 0,[ 44, 3, 72]],

[ 68, 85, 0,[ 92, 0, 11]],

[ 18, 95, 0,[ 82, 92, 71]],

[ 86, 95, 0,[ 66, 40, 15]],

[ 99, 95, 0,[ 45, 31, 85, 32]],

[ 2, 65, 1,[ 5, 52, 78, 91, 0, 58]],

[ 30, 95, 0,[ 41, 39, 19]],

[ 88, 95, 0,[ 89, 69, 32]],

[ 95, 95, 0,[ 13, 35, 11, 55]],

[ 47, 95, 0,[ 27, 14, 87]],

[ 4, 95, 0,[ 51, 25, 61, 35]],

[ 60, 95, 0,[ 51, 8, 92, 7]],

[ 35, 95, 0,[ 16, 4, 95]],

[ 40, 95, 0,[ 21, 13, 86]],

[ 91, 95, 0,[ 98, 2, 33]],

[ 62, 95, 0,[ 52, 13, 98, 93, 8]],

[ 0, 15, 1,[ 66, 68, 43, 51, 2, 44]],

[ 1, 35, 1,[ 56, 54, 33]],

[ 56, 95, 0,[ 1, 31, 81]],

[ 3, 65, 1,[ 90, 24, 71, 11]],

[ 32, 95, 0,[ 88, 37, 33, 28, 99]],

[ 93, 95, 0,[ 80, 62, 67, 10]],

[ 64, 95, 0,[ 80, 94, 38]],

[ 28, 65, 1,[ 63, 57, 32, 79, 15]],

[ 17, 95, 0,[ 97, 77, 7]],

[ 27, 95, 0,[ 59, 47, 49, 22]],

[ 83, 95, 0,[ 26, 29, 14]],

[ 44, 95, 0,[ 67, 0, 90]],

[ 73, 95, 0,[ 74, 5]],

[ 96, 95, 0,[ 16, 12, 42]],

[ 45, 95, 0,[ 99, 34, 7]],

[ 80, 95, 0,[ 64, 42, 93]],

[ 75, 95, 0,[ 20, 97, 53, 48, 77]],

[ 22, 95, 0,[ 27, 9, 79]],

[ 26, 95, 0,[ 83, 48, 36]],

[ 98, 95, 0,[ 62, 36, 91]],

[ 52, 95, 0,[ 54, 2, 62]],

[ 21, 95, 0,[ 40, 46, 87, 55]],

[ 53, 95, 0,[ 75, 94, 31]],

[ 20, 25, 0,[ 58, 75]],

[ 31, 95, 0,[ 84, 53, 99, 56]],

[ 29, 95, 0,[ 13, 83]],

[ 39, 95, 0,[ 82, 30, 6]],

[ 33, 95, 0,[ 1, 32, 91]],

[ 74, 95, 0,[ 79, 50, 73]],

[ 10, 15, 1,[ 69, 57, 93, 12]],

[ 72, 95, 0,[ 69, 19, 90]],

[ 25, 95, 0,[ 49, 4, 70]],

[ 23, 95, 0,[ 8, 50, 14]],

[ 54, 95, 0,[ 52, 1, 12, 50]],

[ 7, 95, 0,[ 45, 17, 60, 94]],

[ 41, 95, 0,[ 77, 30, 46, 11]],

[ 58, 25, 0,[ 20, 2]],

[ 37, 95, 0,[ 76, 32, 94]],

[ 6, 65, 1,[ 39, 65, 50]],

[ 50, 95, 0,[ 54, 63, 6, 23, 74]],

[ 42, 95, 0,[ 80, 96, 5]],

[ 55, 95, 0,[ 21, 46, 95]],

[ 61, 95, 0,[ 76, 67, 4]],

[ 24, 95, 0,[ 81, 84, 3]],

[ 94, 95, 0,[ 92, 64, 37, 53, 7]],

[ 57, 65, 0,[ 28, 87, 10]],

[ 14, 95, 0,[ 47, 83, 23]],

[ 49, 95, 0,[ 25, 59, 97, 27]],

[ 19, 95, 0,[ 87, 72, 82, 30]],

[ 70, 95, 0,[ 25, 81, 43]],

[ 11, 85, 1,[ 41, 3, 95, 68]],

[ 84, 95, 0,[ 24, 31, 36, 59]],

[ 34, 95, 0,[ 38, 45, 85]],

[ 76, 95, 0,[ 61, 48, 65, 37]],

[ 48, 95, 0,[ 9, 76, 71, 75, 26]],

[ 59, 95, 0,[ 84, 16, 49, 27]],

[ 66, 95, 0,[ 0, 92, 86]],

[ 8, 95, 0,[ 5, 60, 23, 62]],

[ 36, 95, 0,[ 98, 26, 15, 84]],

[ 16, 95, 0,[ 97, 59, 35, 96]],

[ 71, 95, 0,[ 48, 87, 18, 3]],

[ 63, 95, 0,[ 28, 87, 50]],

