[ 62, 45, 1,[ 0, 53, 79]],

[ 44, 15, 1,[ 40, 3]],

[ 35, 45, 0,[ 38, 58, 98]],

[ 26, 35, 1,[ 13, 3, 84]],

[ 15, 45, 0,[ 13, 70, 1, 82]],

[ 7, 45, 0,[ 19, 2, 0, 31]],

[ 58, 45, 1,[ 35, 72, 10]],

[ 53, 45, 0,[ 62, 3, 20]],

[ 93, 45, 1,[ 60, 25, 88, 97]],

[ 98, 45, 1,[ 35, 5, 76]],

[ 28, 45, 0,[ 1, 2, 72, 34]],

[ 92, 45, 0,[ 55, 54, 2]],

[ 67, 45, 0,[ 66, 36, 34, 3]],

[ 83, 45, 1,[ 5, 50, 46]],

[ 12, 45, 0,[ 0, 63, 38, 1]],

[ 45, 45, 1,[ 37, 38, 29]],

[ 84, 15, 1,[ 16, 10, 26, 90]],

[ 29, 45, 0,[ 3, 73, 45]],

[ 13, 45, 0,[ 2, 31, 26, 74, 15]],

[ 50, 45, 0,[ 19, 83, 3]],

[ 96, 25, 1,[ 95, 1]],

[ 47, 45, 1,[ 41, 1, 5]],

[ 43, 45, 0,[ 97, 1, 0]],

[ 73, 45, 1,[ 29, 11, 23]],

[ 86, 45, 0,[ 3, 1, 9]],

[ 20, 45, 0,[ 39, 3, 2, 27, 79, 53]],

[ 91, 45, 1,[ 89, 54, 59, 2]],

[ 52, 45, 0,[ 95, 94, 78]],

[ 87, 75, 1,[ 2, 76, 64]],

[ 22, 45, 0,[ 2, 37, 77, 1, 59]],

[ 40, 85, 1,[ 5, 44, 38]],

[ 30, 45, 0,[ 57, 1, 0, 69, 56]],

[ 14, 45, 0,[ 60, 2, 3]],

[ 2, 45, 0,[ 5, 13, 75, 8, 56, 81, 28, 1, 7, 42, 51, 91, 87, 20, 19, 25, 85, 41, 60, 14, 92, 95, 79, 22, 11, 61, 0, 3]],

[ 82, 55, 1,[ 3, 71, 15]],

[ 57, 45, 0,[ 10, 30, 5]],

[ 48, 45, 0,[ 63, 77, 5]],

[ 5, 45, 0,[ 1, 2, 49, 78, 47, 34, 57, 65, 48, 71, 98, 68, 17, 40, 56, 83]],

[ 90, 45, 0,[ 16, 6, 84]],

[ 78, 45, 1,[ 5, 52, 9]],

[ 36, 45, 0,[ 31, 67, 0, 3]],

[ 46, 45, 0,[ 83, 1, 68]],

[ 71, 5, 1,[ 5, 82, 10]],

[ 79, 75, 1,[ 41, 24, 62, 20, 2, 66]],

[ 18, 45, 0,[ 0, 41, 1]],

[ 69, 45, 1,[ 33, 23, 30]],

[ 33, 45, 1,[ 69, 64, 32, 3, 25]],

[ 39, 25, 1,[ 21, 34, 20]],

[ 68, 45, 1,[ 46, 5, 1]],

[ 64, 45, 1,[ 87, 17, 33]],

[ 0, 45, 0,[ 8, 36, 30, 9, 18, 1, 62, 12, 94, 25, 76, 43, 99, 37, 6, 24, 4, 7, 2]],

[ 61, 45, 1,[ 2, 37, 1]],

[ 32, 45, 0,[ 80, 1, 33, 16]],

[ 97, 45, 1,[ 93, 1, 43]],

[ 77, 65, 1,[ 10, 48, 22]],

[ 24, 45, 1,[ 0, 1, 79]],

[ 34, 45, 0,[ 28, 67, 39, 5]],

[ 63, 45, 1,[ 12, 10, 48]],

[ 17, 45, 0,[ 19, 5, 64, 49]],

[ 70, 15, 1,[ 11, 15]],

[ 21, 45, 0,[ 54, 1, 4, 39]],

[ 80, 65, 1,[ 32, 3, 19]],

[ 85, 45, 1,[ 2, 8, 3]],

[ 16, 45, 0,[ 84, 90, 55, 32, 6]],

[ 4, 45, 0,[ 21, 3, 0, 11]],

[ 25, 45, 0,[ 2, 93, 33, 0, 27]],

[ 75, 35, 1,[ 8, 2, 54]],

[ 10, 45, 0,[ 58, 1, 84, 3, 63, 57, 71, 77]],

[ 74, 45, 1,[ 9, 11, 13]],

[ 99, 45, 1,[ 3, 0, 65]],

[ 38, 45, 0,[ 51, 12, 42, 35, 40, 45]],

[ 41, 45, 0,[ 79, 47, 94, 2, 18]],

[ 72, 45, 0,[ 81, 6, 28, 58]],

[ 89, 25, 1,[ 9, 91, 76]],

[ 94, 45, 1,[ 52, 0, 41]],

[ 55, 45, 1,[ 92, 42, 16, 1]],

[ 23, 45, 1,[ 69, 73, 11, 1]],

[ 66, 45, 1,[ 67, 79, 59]],

[ 8, 85, 1,[ 85, 2, 0, 75]],

[ 1, 45, 0,[ 28, 21, 30, 22, 46, 86, 61, 59, 47, 10, 15, 23, 49, 3, 97, 6, 68, 2, 27, 0, 9, 96, 32, 55, 88, 24, 5, 12, 43, 18]],

[ 60, 25, 1,[ 14, 93, 2]],

[ 11, 45, 0,[ 73, 23, 74, 2, 88, 4, 70]],

[ 42, 75, 1,[ 2, 55, 38]],

[ 95, 25, 1,[ 96, 52, 2, 6]],

[ 59, 45, 1,[ 22, 91, 66, 1]],

[ 31, 45, 0,[ 36, 81, 13, 7]],

[ 76, 45, 0,[ 98, 89, 0, 87]],

[ 51, 95, 1,[ 65, 2, 38]],

[ 54, 45, 0,[ 92, 91, 75, 21]],

[ 6, 45, 0,[ 0, 90, 16, 72, 65, 1, 95]],

[ 3, 45, 0,[ 85, 4, 1, 20, 44, 80, 33, 50, 67, 10, 53, 99, 29, 82, 26, 86, 36, 14, 2]],

[ 27, 45, 0,[ 20, 25, 1]],

[ 65, 85, 1,[ 6, 5, 51, 99]],

[ 49, 45, 1,[ 1, 17, 5]],

[ 9, 45, 0,[ 78, 89, 74, 86, 0, 1]],

[ 19, 45, 0,[ 50, 17, 7, 2, 80]],

[ 37, 45, 0,[ 61, 0, 22, 45]],

[ 88, 45, 0,[ 1, 11, 93]],

[ 81, 45, 1,[ 72, 31, 2]],

[ 56, 45, 1,[ 5, 30, 2]],

