[ 48, 85, 0,[ 55, 11, 40, 13, 42]],

[ 5, 95, 1,[ 77, 34, 98]],

[ 62, 85, 0,[ 64, 61, 32, 94, 6]],

[ 13, 85, 0,[ 26, 70, 48]],

[ 70, 85, 0,[ 23, 13, 46, 87]],

[ 11, 25, 1,[ 23, 48, 53, 79]],

[ 28, 85, 0,[ 30, 12, 71, 61]],

[ 24, 85, 0,[ 74, 46, 0]],

[ 81, 85, 0,[ 56, 26, 72]],

[ 50, 85, 0,[ 68, 3, 38]],

[ 22, 85, 0,[ 55, 78, 17]],

[ 14, 85, 0,[ 20, 64, 67]],

[ 99, 85, 0,[ 17, 0, 58]],

[ 58, 85, 0,[ 3, 66, 99]],

[ 47, 85, 0,[ 33, 49, 12, 93, 66]],

[ 61, 85, 0,[ 62, 28, 86, 54]],

[ 2, 15, 1,[ 83, 25, 15, 41, 19]],

[ 82, 85, 0,[ 49, 9, 34]],

[ 27, 85, 0,[ 60, 20, 97]],

[ 73, 85, 0,[ 65, 55, 91]],

[ 54, 85, 0,[ 4, 61, 37]],

[ 1, 45, 1,[ 16, 21, 55]],

[ 7, 85, 0,[ 46, 95, 19, 89]],

[ 55, 85, 0,[ 48, 1, 22, 73]],

[ 33, 85, 0,[ 93, 47, 97]],

[ 98, 85, 0,[ 5, 95, 20, 92, 68]],

[ 23, 85, 0,[ 79, 70, 52, 11, 35]],

[ 68, 85, 0,[ 98, 50, 51]],

[ 15, 85, 0,[ 76, 18, 2, 12, 26]],

[ 30, 85, 0,[ 28, 38, 44]],

[ 76, 85, 0,[ 89, 15, 0]],

[ 42, 85, 0,[ 48, 43, 10]],

[ 17, 85, 0,[ 99, 91, 87, 22]],

[ 40, 85, 0,[ 64, 48, 63]],

[ 77, 85, 0,[ 57, 5, 92, 41, 91]],

[ 4, 85, 0,[ 78, 84, 54]],

[ 37, 85, 0,[ 80, 96, 54]],

[ 36, 85, 0,[ 78, 52, 74]],

[ 9, 85, 0,[ 80, 82, 87]],

[ 78, 85, 0,[ 4, 36, 22]],

[ 85, 85, 0,[ 35, 52, 88]],

[ 72, 85, 0,[ 81, 88, 84]],

[ 32, 85, 0,[ 45, 8, 62]],

[ 74, 85, 0,[ 24, 36, 25]],

[ 20, 85, 0,[ 14, 98, 27]],

[ 67, 85, 0,[ 39, 69, 14, 41]],

[ 63, 85, 0,[ 60, 16, 40]],

[ 43, 85, 0,[ 39, 42, 31]],

[ 95, 85, 0,[ 35, 7, 98]],

[ 64, 85, 0,[ 14, 62, 80, 83, 40]],

[ 10, 15, 1,[ 92, 42, 57]],

[ 16, 85, 0,[ 63, 44, 1]],

[ 86, 85, 0,[ 61, 45, 49]],

[ 45, 85, 0,[ 86, 83, 32]],

[ 60, 85, 0,[ 63, 27, 57]],

[ 91, 85, 0,[ 89, 17, 73, 77]],

[ 52, 85, 0,[ 36, 85, 23]],

[ 46, 85, 0,[ 7, 24, 70]],

[ 83, 85, 0,[ 45, 64, 2]],

[ 80, 85, 0,[ 64, 37, 9, 94]],

[ 97, 85, 0,[ 75, 33, 41, 27]],

[ 3, 55, 1,[ 26, 58, 50, 29]],

[ 71, 85, 0,[ 84, 19, 28]],

[ 69, 85, 0,[ 67, 88, 18]],

[ 92, 85, 0,[ 10, 98, 77]],

[ 88, 85, 0,[ 69, 72, 85]],

[ 89, 85, 0,[ 76, 59, 51, 91, 7, 90]],

[ 59, 85, 0,[ 90, 89, 34]],

[ 18, 85, 0,[ 31, 15, 69, 96]],

[ 75, 85, 0,[ 25, 66, 97]],

[ 19, 85, 0,[ 71, 2, 7]],

[ 12, 85, 0,[ 28, 15, 47, 38]],

[ 26, 85, 0,[ 13, 15, 81, 3]],

[ 94, 85, 0,[ 53, 62, 80]],

[ 39, 85, 0,[ 21, 67, 6, 43, 53]],

[ 65, 85, 0,[ 44, 6, 73]],

[ 21, 85, 0,[ 1, 39, 25]],

[ 35, 85, 1,[ 85, 23, 95]],

[ 96, 85, 0,[ 18, 6, 37]],

[ 44, 85, 0,[ 30, 56, 65, 16]],

[ 93, 85, 0,[ 47, 90, 33]],

[ 51, 85, 0,[ 68, 89, 29]],

[ 87, 85, 0,[ 9, 17, 70]],

[ 8, 85, 0,[ 32, 79, 34]],

[ 34, 85, 0,[ 8, 82, 59, 5]],

[ 57, 85, 0,[ 60, 10, 77]],

[ 49, 85, 0,[ 82, 86, 47]],

[ 90, 85, 0,[ 59, 93, 89]],

[ 0, 25, 1,[ 76, 99, 24]],

[ 6, 35, 1,[ 96, 39, 65, 62]],

[ 29, 85, 0,[ 56, 51, 3]],

[ 25, 85, 0,[ 2, 75, 21, 74]],

[ 53, 85, 0,[ 94, 39, 11]],

[ 56, 85, 0,[ 44, 29, 81]],

[ 31, 85, 0,[ 43, 18]],

[ 41, 85, 0,[ 67, 97, 2, 77]],

[ 66, 85, 0,[ 75, 58, 47]],

[ 38, 35, 1,[ 12, 30, 50]],

[ 79, 85, 0,[ 11, 23, 8]],

[ 84, 85, 0,[ 71, 4, 72]],

