[ 77, 65, 0,[ 25, 53, 72, 50]],

[ 29, 75, 1,[ 5, 79, 49, 39, 86]],

[ 1, 45, 1,[ 55, 70, 84, 34]],

[ 62, 75, 0,[ 4, 36, 89, 87, 71]],

[ 90, 75, 0,[ 16, 38, 37]],

[ 41, 75, 0,[ 20, 15, 88]],

[ 55, 75, 0,[ 21, 59, 1, 69, 75, 87, 22]],

[ 61, 25, 0,[ 33, 64, 42]],

[ 75, 75, 0,[ 55, 76, 97]],

[ 25, 5, 1,[ 0, 17, 77, 22]],

[ 6, 45, 1,[ 12, 28, 60, 54]],

[ 52, 15, 1,[ 81, 67, 54, 99, 33, 76]],

[ 0, 85, 1,[ 25, 58, 11]],

[ 96, 75, 0,[ 24, 95]],

[ 46, 65, 1,[ 81, 40, 4]],

[ 32, 95, 1,[ 23, 68, 31]],

[ 60, 75, 0,[ 3, 6, 80, 18]],

[ 17, 75, 1,[ 25, 38, 34]],

[ 63, 75, 0,[ 80, 64, 19]],

[ 3, 75, 1,[ 60, 14, 68, 67]],

[ 84, 95, 0,[ 92, 93, 7, 1]],

[ 72, 55, 1,[ 77, 20, 21]],

[ 28, 75, 1,[ 94, 6, 51, 13]],

[ 13, 55, 1,[ 65, 28, 93]],

[ 71, 75, 0,[ 59, 62, 57]],

[ 45, 55, 1,[ 35, 65, 91]],

[ 31, 25, 0,[ 32, 33, 57, 39]],

[ 10, 95, 1,[ 48, 42, 88, 86]],

[ 15, 75, 0,[ 83, 98, 41]],

[ 80, 75, 0,[ 44, 91, 60, 63]],

[ 21, 45, 1,[ 5, 58, 55, 72]],

[ 87, 75, 0,[ 55, 44, 62, 98, 50, 53]],

[ 89, 75, 0,[ 20, 62, 38]],

[ 34, 55, 1,[ 1, 86, 17]],

[ 67, 55, 0,[ 3, 52]],

[ 40, 45, 1,[ 65, 30, 46, 47]],

[ 7, 45, 1,[ 84, 54, 30]],

[ 65, 5, 0,[ 40, 45, 94, 13, 50, 82]],

[ 69, 75, 0,[ 59, 30, 24, 55, 37]],

[ 12, 5, 1,[ 6, 73, 64, 95, 92]],

[ 64, 25, 0,[ 78, 61, 63, 12]],

[ 18, 35, 1,[ 36, 60, 79]],

[ 91, 75, 0,[ 80, 45, 23]],

[ 54, 65, 1,[ 81, 52, 6, 7]],

[ 53, 45, 1,[ 74, 77, 87]],

[ 36, 95, 1,[ 38, 18, 62]],

[ 93, 95, 0,[ 30, 84, 13]],

[ 33, 25, 0,[ 52, 31, 61]],

[ 22, 5, 1,[ 25, 19, 55]],

[ 20, 35, 1,[ 27, 43, 89, 41, 72]],

[ 35, 45, 1,[ 58, 45]],

[ 9, 85, 1,[ 14, 51]],

[ 26, 45, 1,[ 24, 5, 70]],

[ 68, 45, 0,[ 32, 4, 3]],

[ 94, 5, 0,[ 65, 16, 28]],

[ 98, 75, 0,[ 73, 87, 15, 19]],

[ 78, 25, 0,[ 48, 73, 64]],

[ 57, 35, 1,[ 31, 71, 16]],

[ 24, 75, 0,[ 69, 26, 96]],

[ 73, 75, 1,[ 98, 78, 12]],

[ 74, 75, 0,[ 47, 88, 53]],

[ 44, 75, 0,[ 14, 80, 87]],

[ 49, 65, 1,[ 56, 48, 29]],

[ 27, 45, 1,[ 23, 8, 20]],

[ 88, 5, 1,[ 74, 41, 10]],

[ 82, 5, 0,[ 70, 65, 43]],

[ 8, 75, 0,[ 85, 27, 66]],

[ 56, 75, 0,[ 99, 92, 49]],

[ 39, 25, 0,[ 29, 31, 76]],

[ 47, 55, 0,[ 74, 40, 14, 83]],

[ 37, 45, 1,[ 2, 69, 16, 90]],

[ 70, 95, 0,[ 95, 1, 82, 4, 26]],

[ 66, 75, 0,[ 2, 19, 8]],

[ 48, 25, 1,[ 10, 59, 78, 42, 49]],

[ 43, 65, 1,[ 82, 97, 20]],

[ 83, 85, 1,[ 42, 15, 47]],

[ 99, 55, 0,[ 14, 52, 56]],

[ 16, 85, 1,[ 94, 90, 57, 37, 85]],

[ 95, 95, 0,[ 96, 70, 12]],

[ 2, 25, 1,[ 37, 11, 66]],

[ 23, 75, 0,[ 38, 27, 32, 91]],

[ 59, 75, 0,[ 69, 55, 48, 71]],

[ 42, 55, 1,[ 83, 10, 48, 61]],

[ 85, 75, 0,[ 8, 51, 16]],

[ 11, 75, 1,[ 0, 2]],

[ 5, 35, 1,[ 29, 26, 21]],

[ 30, 55, 1,[ 7, 93, 69, 40]],

[ 19, 75, 0,[ 98, 22, 63, 66]],

[ 92, 55, 1,[ 12, 56, 84]],

[ 97, 75, 0,[ 75, 81, 43]],

[ 86, 25, 0,[ 34, 29, 10]],

[ 50, 5, 0,[ 87, 77, 65]],

[ 79, 25, 1,[ 29, 18, 81]],

[ 58, 45, 0,[ 21, 35, 0]],

[ 51, 55, 0,[ 9, 85, 28]],

[ 4, 75, 1,[ 46, 68, 70, 62]],

[ 81, 55, 0,[ 97, 54, 52, 79, 46]],

[ 76, 55, 1,[ 39, 75, 52]],

[ 38, 35, 1,[ 23, 90, 36, 17, 89]],

[ 14, 95, 1,[ 44, 3, 9, 47, 99]],

