[ 12, 85, 1,[ 8, 48, 30, 35, 31]],

[ 63, 45, 0,[ 81, 13, 48, 69]],

[ 74, 85, 0,[ 42, 44, 29]],

[ 57, 75, 1,[ 7, 51, 54, 18]],

[ 27, 5, 1,[ 38, 36, 3, 98, 42, 94]],

[ 69, 45, 0,[ 63, 73, 6, 77, 34, 86]],

[ 1, 35, 1,[ 3, 85, 96]],

[ 16, 85, 1,[ 68, 33, 53]],

[ 46, 25, 1,[ 94, 5, 84]],

[ 7, 65, 1,[ 75, 23, 44, 57]],

[ 41, 15, 0,[ 25, 84, 72]],

[ 77, 45, 0,[ 35, 71, 88, 69, 11]],

[ 96, 55, 0,[ 25, 1, 81, 45]],

[ 13, 5, 1,[ 63, 68, 82]],

[ 91, 25, 0,[ 44, 20, 98]],

[ 71, 45, 0,[ 22, 77, 6, 9]],

[ 81, 45, 0,[ 43, 63, 96]],

[ 83, 65, 0,[ 4, 10, 3]],

[ 85, 85, 0,[ 1, 38, 51, 15]],

[ 32, 85, 1,[ 87, 47, 24]],

[ 11, 25, 1,[ 53, 34, 4, 77]],

[ 14, 25, 1,[ 62, 66, 31]],

[ 54, 65, 1,[ 45, 57, 39]],

[ 92, 55, 0,[ 90, 70, 15]],

[ 22, 65, 1,[ 70, 80, 71]],

[ 62, 85, 0,[ 28, 14, 59]],

[ 79, 15, 0,[ 67, 76, 88]],

[ 68, 75, 0,[ 2, 13, 36, 16, 34]],

[ 56, 95, 0,[ 48, 3, 9]],

[ 75, 35, 0,[ 0, 73, 26, 7, 43]],

[ 72, 5, 1,[ 55, 41, 65]],

[ 39, 65, 0,[ 29, 35, 54]],

[ 78, 25, 1,[ 53, 43, 94]],

[ 51, 35, 1,[ 44, 10, 85, 89, 80, 57]],

[ 15, 55, 0,[ 85, 92, 38]],

[ 88, 65, 1,[ 77, 79, 19]],

[ 45, 95, 0,[ 54, 93, 96]],

[ 76, 95, 0,[ 79, 49, 58]],

[ 34, 75, 1,[ 68, 10, 69, 11]],

[ 93, 95, 0,[ 47, 98, 45]],

[ 33, 65, 0,[ 21, 55, 48, 16]],

[ 99, 95, 0,[ 49, 18, 21]],

[ 61, 45, 0,[ 89, 66, 60]],

[ 48, 75, 1,[ 12, 56, 33, 63]],

[ 49, 95, 0,[ 99, 76, 50]],

[ 59, 25, 0,[ 65, 62, 40]],

[ 98, 25, 0,[ 93, 30, 23, 27, 91, 37]],

[ 67, 15, 1,[ 19, 18, 58, 79]],

[ 3, 15, 1,[ 1, 56, 83, 27, 58, 87]],

[ 52, 75, 1,[ 97, 43]],

[ 17, 5, 1,[ 5, 0, 50]],

[ 28, 65, 1,[ 62, 43, 35]],

[ 65, 25, 0,[ 59, 23, 36, 72]],

[ 9, 15, 1,[ 71, 82, 56]],

[ 82, 15, 0,[ 13, 24, 9]],

[ 44, 85, 0,[ 51, 7, 74, 91]],

[ 86, 45, 0,[ 47, 24, 69]],

[ 80, 85, 0,[ 95, 51, 22]],

[ 84, 95, 1,[ 46, 40, 41]],

[ 87, 15, 0,[ 32, 3]],

[ 38, 75, 1,[ 15, 27, 85]],

[ 70, 55, 0,[ 22, 92]],

[ 58, 5, 1,[ 3, 67, 76]],

[ 4, 15, 1,[ 8, 83, 11]],

[ 21, 75, 1,[ 90, 33, 55, 99]],

[ 26, 85, 1,[ 75, 90, 43]],

[ 40, 25, 0,[ 84, 59]],

[ 36, 55, 1,[ 27, 65, 68]],

[ 30, 65, 1,[ 12, 98, 97]],

[ 35, 65, 1,[ 77, 28, 39, 6, 12]],

[ 0, 75, 1,[ 64, 17, 75]],

[ 18, 65, 1,[ 99, 57, 89, 67]],

[ 47, 75, 1,[ 32, 93, 86, 60]],

[ 37, 55, 1,[ 42, 98, 31]],

[ 53, 65, 1,[ 78, 2, 64, 16, 11]],

[ 66, 45, 0,[ 64, 14, 61]],

[ 20, 55, 1,[ 91, 73, 8]],

[ 73, 5, 0,[ 75, 69, 20]],

[ 90, 55, 0,[ 21, 92, 26]],

[ 10, 5, 1,[ 34, 51, 83]],

[ 25, 45, 1,[ 96, 41, 55]],

[ 6, 95, 1,[ 71, 35, 69]],

[ 64, 45, 0,[ 53, 0, 66]],

[ 43, 85, 1,[ 75, 52, 26, 78, 28, 81]],

[ 89, 45, 0,[ 61, 18, 51]],

[ 95, 85, 0,[ 42, 2, 80]],

[ 97, 95, 0,[ 52, 29, 30, 24]],

[ 5, 65, 1,[ 19, 17, 46]],

[ 60, 15, 1,[ 61, 47]],

[ 94, 65, 0,[ 46, 27, 78]],

[ 2, 15, 1,[ 53, 68, 95]],

[ 23, 5, 0,[ 7, 65, 98]],

[ 24, 95, 1,[ 32, 82, 97, 86]],

[ 19, 5, 0,[ 67, 5, 88]],

[ 50, 45, 1,[ 17, 49]],

[ 55, 5, 0,[ 21, 33, 25, 72]],

[ 42, 85, 0,[ 37, 74, 95, 27]],

[ 8, 5, 0,[ 12, 20, 4]],

[ 31, 85, 0,[ 12, 14, 37]],

[ 29, 45, 1,[ 97, 74, 39]],

