[ 91, 45, 1,[ 2, 55, 50, 64, 54]],

[ 72, 45, 0,[ 81, 28, 96, 87, 6]],

[ 42, 45, 1,[ 48, 41, 38]],

[ 52, 45, 0,[ 38, 32, 76]],

[ 39, 45, 1,[ 14, 34, 21]],

[ 71, 45, 1,[ 30, 0, 80]],

[ 78, 45, 1,[ 8, 37, 27]],

[ 48, 45, 0,[ 77, 42, 5]],

[ 56, 45, 1,[ 38, 97, 2]],

[ 13, 45, 0,[ 15, 26, 31, 5, 2]],

[ 59, 45, 1,[ 28, 22, 1]],

[ 4, 45, 0,[ 0, 3, 89, 21]],

[ 96, 45, 1,[ 72, 1, 81]],

[ 92, 45, 1,[ 93, 54, 2]],

[ 44, 45, 0,[ 73, 3, 1]],

[ 80, 45, 1,[ 54, 3, 31, 71]],

[ 29, 45, 0,[ 23, 83, 12]],

[ 84, 65, 1,[ 10, 8, 16]],

[ 54, 45, 0,[ 92, 21, 91, 87, 76, 75, 80]],

[ 37, 45, 0,[ 0, 45, 22, 78, 61, 79]],

[ 83, 45, 1,[ 46, 5, 24, 29]],

[ 47, 45, 1,[ 5, 1, 36]],

[ 7, 45, 0,[ 2, 19, 0, 31]],

[ 20, 45, 0,[ 2, 79, 53, 70]],

[ 88, 45, 0,[ 93, 11, 1]],

[ 82, 5, 1,[ 17, 77, 5]],

[ 30, 45, 0,[ 1, 57, 71, 69]],

[ 51, 45, 1,[ 45, 38, 2]],

[ 3, 45, 0,[ 36, 10, 80, 33, 53, 1, 26, 2, 14, 17, 44, 85, 4, 86, 99]],

[ 75, 25, 1,[ 54, 41, 67, 2]],

[ 50, 5, 1,[ 91, 31, 65]],

[ 6, 45, 0,[ 16, 90, 0, 65, 72, 95]],

[ 1, 45, 0,[ 47, 49, 70, 27, 88, 2, 21, 0, 59, 10, 64, 22, 69, 3, 96, 86, 28, 15, 30, 35, 44, 46, 23, 9, 97, 68, 18, 5, 55]],

[ 24, 45, 1,[ 83, 94, 0]],

[ 34, 45, 0,[ 5, 28, 39, 89]],

[ 23, 45, 1,[ 11, 29, 1]],

[ 27, 45, 0,[ 32, 1, 78, 2]],

[ 32, 45, 0,[ 52, 27, 98]],

[ 36, 45, 0,[ 3, 47, 67]],

[ 40, 45, 0,[ 5, 43, 38]],

[ 49, 55, 1,[ 5, 98, 1]],

[ 93, 85, 1,[ 92, 45, 88, 53, 25]],

[ 55, 45, 1,[ 1, 91, 73, 16]],

[ 85, 95, 1,[ 2, 3, 58]],

[ 18, 45, 0,[ 41, 0, 1]],

[ 73, 85, 1,[ 11, 55, 28, 44, 62]],

[ 68, 45, 0,[ 94, 46, 1]],

[ 25, 45, 0,[ 2, 93, 33, 95]],

[ 86, 15, 1,[ 1, 62, 8, 3]],

[ 58, 45, 0,[ 19, 41, 10, 85, 35]],

[ 17, 45, 0,[ 64, 82, 66, 3]],

[ 35, 45, 0,[ 1, 58, 77]],

[ 69, 45, 1,[ 30, 1, 26]],

[ 38, 45, 0,[ 52, 45, 51, 40, 42, 56]],

[ 90, 35, 1,[ 10, 6, 16]],

[ 19, 45, 1,[ 2, 7, 58]],

[ 98, 45, 1,[ 32, 49, 5]],

[ 2, 45, 0,[ 11, 27, 79, 60, 51, 92, 0, 20, 95, 61, 1, 81, 25, 7, 91, 5, 87, 3, 75, 19, 22, 85, 56, 28, 13, 14]],

[ 89, 45, 1,[ 4, 34, 97]],

[ 81, 45, 1,[ 96, 2, 72]],

[ 11, 45, 0,[ 23, 70, 73, 88, 63, 2, 74]],

[ 62, 85, 1,[ 73, 0, 86]],

[ 31, 5, 1,[ 50, 76, 7, 13, 66, 80]],

[ 79, 45, 0,[ 37, 20, 2]],

[ 61, 45, 1,[ 37, 66, 2]],

[ 63, 95, 1,[ 12, 11, 10]],

[ 22, 45, 0,[ 2, 59, 37, 1]],

[ 10, 45, 0,[ 57, 63, 84, 3, 90, 77, 58, 1]],

[ 12, 45, 0,[ 0, 63, 29]],

[ 8, 85, 1,[ 86, 84, 33, 78, 0]],

[ 70, 45, 0,[ 20, 9, 1, 11]],

[ 9, 45, 0,[ 0, 70, 1]],

[ 97, 75, 1,[ 89, 56, 57, 1, 43]],

[ 94, 55, 1,[ 68, 0, 24]],

[ 46, 45, 0,[ 1, 68, 83, 67, 0]],

[ 33, 45, 0,[ 8, 3, 25]],

[ 0, 45, 0,[ 6, 99, 66, 46, 24, 71, 62, 1, 8, 4, 12, 94, 37, 9, 7, 18, 2]],

[ 57, 45, 0,[ 97, 10, 30]],

[ 45, 15, 1,[ 37, 38, 93, 51]],

[ 43, 45, 0,[ 40, 97, 15]],

[ 26, 45, 1,[ 3, 69, 13]],

[ 99, 45, 1,[ 60, 0, 3]],

[ 5, 45, 0,[ 82, 1, 40, 2, 13, 34, 49, 47, 65, 48, 98, 83]],

[ 14, 45, 0,[ 39, 2, 3, 60]],

[ 66, 45, 0,[ 61, 28, 17, 31, 0]],

[ 67, 15, 1,[ 36, 75, 46]],

[ 77, 95, 1,[ 82, 48, 35, 10]],

[ 21, 45, 0,[ 54, 1, 4, 39]],

[ 41, 45, 1,[ 18, 58, 42, 75]],

[ 76, 45, 1,[ 52, 54, 31]],

[ 87, 85, 1,[ 72, 54, 2]],

[ 65, 45, 1,[ 5, 50, 74, 6]],

[ 15, 45, 0,[ 13, 1, 43]],

[ 28, 45, 0,[ 72, 59, 34, 1, 2, 73, 66]],

[ 64, 35, 1,[ 91, 1, 17]],

[ 74, 45, 0,[ 65, 60, 11]],

[ 16, 45, 0,[ 55, 90, 84, 6]],

[ 53, 45, 0,[ 20, 3, 93]],

[ 60, 45, 1,[ 74, 2, 99, 14]],

[ 95, 75, 1,[ 25, 2, 6]],

