[ 49, 65, 1,[ 21, 8, 86, 5, 4]],

[ 34, 65, 1,[ 54, 79, 64]],

[ 47, 35, 1,[ 35, 1, 31, 40]],

[ 86, 85, 0,[ 44, 42, 49]],

[ 30, 85, 1,[ 91, 77, 12]],

[ 3, 45, 1,[ 9, 22, 97]],

[ 82, 95, 0,[ 13, 2, 36]],

[ 95, 85, 0,[ 56, 51, 72, 16]],

[ 64, 65, 0,[ 69, 34, 22]],

[ 74, 45, 0,[ 23, 54, 41]],

[ 15, 85, 0,[ 94, 37, 81]],

[ 17, 75, 1,[ 4, 20, 68, 83]],

[ 6, 15, 1,[ 32, 83, 79]],

[ 77, 65, 0,[ 30, 61, 16, 12]],

[ 8, 35, 1,[ 92, 57, 10, 56, 49]],

[ 79, 25, 0,[ 6, 98, 34]],

[ 18, 75, 1,[ 85, 45, 21]],

[ 28, 15, 1,[ 85, 92, 58]],

[ 84, 85, 0,[ 97, 41, 63]],

[ 4, 95, 1,[ 17, 49, 43, 59]],

[ 48, 5, 1,[ 69, 9, 59]],

[ 54, 75, 1,[ 34, 96, 59, 55, 80, 74]],

[ 53, 75, 1,[ 76, 70, 52]],

[ 56, 85, 0,[ 90, 25, 22, 8, 95]],

[ 26, 85, 0,[ 20, 5]],

[ 11, 65, 1,[ 71, 19, 87, 0, 10]],

[ 27, 5, 1,[ 29, 75, 97]],

[ 59, 75, 0,[ 54, 4, 14, 48]],

[ 63, 55, 1,[ 84, 83, 14]],

[ 20, 95, 1,[ 0, 26, 17]],

[ 52, 5, 1,[ 36, 70, 53]],

[ 65, 65, 0,[ 75, 31, 0, 19]],

[ 61, 65, 0,[ 25, 46, 77]],

[ 24, 85, 0,[ 19, 41, 9]],

[ 13, 75, 1,[ 25, 94, 43, 82]],

[ 76, 75, 0,[ 99, 53, 50]],

[ 32, 5, 1,[ 14, 22, 45, 6]],

[ 97, 85, 0,[ 27, 93, 3, 84]],

[ 73, 85, 0,[ 46, 94, 66]],

[ 70, 75, 0,[ 55, 89, 52, 53]],

[ 55, 75, 0,[ 54, 85, 70, 78, 90, 94, 69]],

[ 80, 45, 0,[ 23, 54, 33]],

[ 40, 85, 0,[ 47, 62, 57]],

[ 62, 85, 0,[ 40, 93, 29, 71]],

[ 98, 25, 1,[ 33, 79, 88]],

[ 67, 85, 0,[ 75, 60, 93]],

[ 51, 85, 0,[ 95, 10, 66]],

[ 1, 45, 1,[ 9, 78, 99, 47]],

[ 85, 75, 0,[ 18, 28, 55]],

[ 66, 85, 0,[ 51, 73, 81]],

[ 25, 65, 1,[ 61, 87, 13, 12, 56]],

[ 78, 45, 0,[ 1, 43, 31, 55]],

[ 93, 85, 0,[ 36, 67, 62, 38, 97]],

[ 81, 85, 0,[ 15, 66, 41]],

[ 39, 85, 0,[ 83, 87, 42]],

[ 72, 45, 1,[ 95, 43, 68]],

[ 87, 85, 1,[ 39, 11, 7, 71, 25]],

[ 2, 95, 1,[ 89, 82, 7]],

[ 71, 85, 0,[ 62, 11, 87]],

[ 89, 45, 0,[ 21, 70, 2]],

[ 12, 65, 1,[ 25, 30, 77]],

[ 35, 15, 1,[ 47, 44, 46]],

[ 31, 65, 1,[ 78, 65, 47]],

[ 9, 85, 1,[ 48, 24, 1, 3]],

[ 90, 85, 0,[ 56, 50, 55]],

[ 41, 85, 0,[ 33, 24, 74, 84, 81]],

[ 21, 45, 1,[ 18, 49, 89, 37, 5]],

[ 14, 75, 1,[ 63, 59, 32]],

[ 45, 75, 0,[ 32, 18]],

[ 83, 55, 0,[ 6, 17, 39, 63]],

[ 99, 45, 0,[ 68, 1, 76]],

[ 10, 45, 1,[ 11, 8, 51]],

[ 69, 5, 0,[ 64, 55, 48]],

[ 19, 65, 0,[ 65, 24, 11]],

[ 50, 85, 0,[ 76, 16, 90]],

[ 22, 85, 1,[ 32, 64, 56, 3]],

[ 60, 55, 1,[ 67, 88, 38]],

[ 43, 45, 1,[ 4, 13, 78, 72, 29]],

[ 5, 85, 1,[ 21, 49, 26]],

[ 7, 15, 1,[ 87, 68, 2]],

[ 46, 25, 1,[ 35, 61, 73, 96]],

[ 42, 85, 0,[ 86, 39, 58]],

[ 58, 15, 0,[ 92, 28, 42]],

[ 68, 45, 0,[ 17, 72, 7, 99]],

[ 96, 45, 0,[ 54, 23, 46]],

[ 88, 45, 1,[ 98, 60]],

[ 57, 65, 1,[ 8, 40, 91]],

[ 23, 45, 0,[ 74, 96, 80]],

[ 75, 5, 0,[ 65, 67, 27]],

[ 91, 75, 0,[ 37, 38, 57, 30]],

[ 37, 5, 1,[ 21, 91, 15]],

[ 36, 15, 1,[ 82, 93, 52]],

[ 94, 75, 0,[ 55, 13, 15, 73]],

[ 16, 85, 1,[ 50, 95, 77]],

[ 44, 85, 1,[ 86, 35]],

[ 33, 45, 1,[ 41, 80, 98]],

[ 29, 85, 1,[ 62, 27, 43]],

[ 38, 75, 1,[ 60, 91, 93]],

[ 0, 95, 1,[ 11, 20, 65]],

[ 92, 15, 0,[ 58, 28, 8]],

