[ 48, 45, 0,[ 94, 37]],

[ 58, 45, 0,[ 30, 4, 3]],

[ 27, 45, 0,[ 65, 62, 74]],

[ 68, 45, 0,[ 22, 60, 70, 91]],

[ 50, 45, 0,[ 91, 69, 18, 72, 31]],

[ 94, 45, 0,[ 48, 71, 51, 39]],

[ 0, 25, 1,[ 91, 23, 6, 8]],

[ 45, 45, 0,[ 16, 66, 25, 34, 12, 23]],

[ 75, 45, 0,[ 28, 69, 24, 80]],

[ 70, 45, 0,[ 68, 81, 5]],

[ 52, 45, 0,[ 97, 89, 63, 19, 65]],

[ 74, 45, 0,[ 26, 57, 92, 27]],

[ 96, 45, 0,[ 46, 77, 65]],

[ 10, 5, 1,[ 8, 87, 20]],

[ 44, 45, 0,[ 64, 78, 31]],

[ 83, 45, 0,[ 8, 29, 24]],

[ 6, 95, 1,[ 65, 0, 9]],

[ 54, 85, 1,[ 28, 32, 1]],

[ 89, 45, 0,[ 93, 60, 95, 52]],

[ 81, 45, 0,[ 29, 67, 70]],

[ 18, 45, 0,[ 86, 35, 50]],

[ 28, 45, 0,[ 95, 22, 54, 76, 75]],

[ 60, 45, 0,[ 1, 68, 53, 73, 89]],

[ 86, 45, 0,[ 66, 33, 18]],

[ 46, 45, 0,[ 4, 65, 96]],

[ 32, 45, 0,[ 72, 36, 54]],

[ 4, 45, 0,[ 99, 39, 46, 58, 21]],

[ 55, 45, 0,[ 99, 88]],

[ 17, 45, 0,[ 93, 12, 3]],

[ 95, 45, 0,[ 28, 89, 16]],

[ 42, 45, 0,[ 5, 84, 65]],

[ 19, 45, 0,[ 9, 11, 52, 62]],

[ 98, 45, 0,[ 53, 35, 25, 64, 24]],

[ 39, 45, 0,[ 85, 94, 4]],

[ 41, 45, 0,[ 11, 35, 21]],

[ 12, 45, 0,[ 17, 73, 45, 97, 92]],

[ 36, 45, 0,[ 30, 13, 32]],

[ 29, 45, 0,[ 83, 81, 71]],

[ 93, 45, 0,[ 84, 89, 17]],

[ 34, 45, 0,[ 45, 77, 79]],

[ 66, 45, 0,[ 45, 86, 82]],

[ 76, 45, 0,[ 28, 23, 15]],

[ 63, 45, 0,[ 85, 52, 3, 49, 87]],

[ 91, 45, 0,[ 50, 68, 0]],

[ 85, 45, 0,[ 78, 39, 49, 30, 63, 47]],

[ 71, 45, 0,[ 29, 94, 21, 43]],

[ 3, 55, 1,[ 58, 63, 17]],

[ 49, 45, 0,[ 63, 85, 26]],

[ 13, 45, 0,[ 7, 36, 8]],

[ 67, 45, 0,[ 25, 78, 81, 62, 2, 61]],

[ 24, 45, 0,[ 83, 98, 56, 75]],

[ 30, 45, 0,[ 36, 58, 85]],

[ 26, 45, 0,[ 87, 49, 74]],

[ 25, 45, 0,[ 98, 67, 45]],

[ 88, 45, 0,[ 55, 15, 33]],

[ 5, 35, 1,[ 59, 42, 70]],

[ 61, 45, 0,[ 67, 35, 82, 99]],

[ 87, 45, 0,[ 26, 10, 63]],

[ 11, 35, 1,[ 2, 41, 20, 19, 78]],

[ 14, 45, 0,[ 64, 59]],

[ 64, 45, 0,[ 14, 44, 98]],

[ 43, 45, 0,[ 71, 73, 20]],

[ 38, 25, 1,[ 77, 40, 72]],

[ 15, 45, 0,[ 56, 88, 76, 80]],

[ 37, 45, 0,[ 48, 9]],

[ 72, 45, 0,[ 50, 38, 32]],

[ 1, 45, 1,[ 54, 79, 60, 40]],

[ 40, 45, 0,[ 16, 1, 90, 38]],

[ 56, 45, 0,[ 15, 24, 80]],

[ 57, 45, 0,[ 74, 79, 51]],

[ 92, 45, 0,[ 84, 74, 12]],

[ 7, 45, 0,[ 59, 22, 13, 90]],

[ 20, 45, 0,[ 10, 43, 11]],

[ 47, 45, 0,[ 59, 85, 90]],

[ 16, 45, 0,[ 40, 95, 45]],

[ 82, 45, 0,[ 99, 66, 61]],

[ 73, 45, 0,[ 60, 12, 43]],

[ 59, 45, 0,[ 14, 47, 5, 7]],

[ 2, 15, 1,[ 77, 11, 67]],

[ 33, 45, 0,[ 23, 86, 88]],

[ 53, 45, 0,[ 60, 98, 78]],

[ 84, 45, 0,[ 42, 93, 92]],

[ 23, 45, 0,[ 45, 31, 0, 33, 76]],

[ 9, 45, 0,[ 6, 37, 19]],

[ 78, 45, 0,[ 51, 67, 11, 44, 53, 85]],

[ 31, 45, 0,[ 44, 23, 50]],

[ 80, 45, 0,[ 15, 75, 56]],

[ 51, 45, 0,[ 94, 57, 78]],

[ 79, 45, 0,[ 34, 57, 1, 69]],

[ 69, 45, 0,[ 50, 75, 79]],

[ 90, 45, 0,[ 47, 40, 7]],

[ 8, 45, 0,[ 13, 83, 0, 10]],

[ 62, 45, 0,[ 27, 67, 19]],

[ 22, 45, 0,[ 68, 28, 7]],

[ 99, 45, 0,[ 61, 82, 4, 55]],

[ 77, 45, 0,[ 2, 34, 38, 96]],

[ 65, 45, 0,[ 42, 46, 27, 6, 52, 96]],

[ 97, 45, 0,[ 52, 12]],

[ 35, 45, 0,[ 41, 18, 61, 98]],

[ 21, 45, 0,[ 4, 41, 71]],

