[ 88, 95, 1,[ 13, 21, 53, 31, 45]],

[ 72, 95, 1,[ 28, 6, 92, 70]],

[ 24, 95, 0,[ 49, 1, 16, 96]],

[ 1, 95, 1,[ 98, 44, 68, 43, 75, 30, 69, 24]],

[ 69, 95, 0,[ 25, 40, 1]],

[ 30, 95, 1,[ 37, 1, 85]],

[ 32, 85, 1,[ 97, 48, 33]],

[ 31, 95, 0,[ 88, 14, 84]],

[ 49, 95, 0,[ 57, 24, 46, 44, 43, 41]],

[ 3, 45, 1,[ 82, 20, 2, 64, 53, 85]],

[ 16, 95, 1,[ 26, 55, 24, 5]],

[ 47, 95, 0,[ 97, 52, 21]],

[ 75, 95, 0,[ 1, 57, 76]],

[ 61, 95, 0,[ 89, 33, 18]],

[ 46, 95, 1,[ 87, 5, 49]],

[ 60, 95, 0,[ 77, 79, 85]],

[ 14, 45, 1,[ 4, 31, 19]],

[ 90, 95, 0,[ 73, 92, 50]],

[ 56, 95, 0,[ 59, 50, 87]],

[ 50, 95, 0,[ 9, 90, 56]],

[ 68, 95, 0,[ 27, 11, 1]],

[ 4, 95, 1,[ 76, 14, 15, 55, 0]],

[ 95, 95, 1,[ 15, 36, 91]],

[ 26, 95, 0,[ 8, 29, 16]],

[ 35, 95, 1,[ 98, 54, 44]],

[ 70, 95, 0,[ 63, 72, 0]],

[ 97, 95, 0,[ 32, 47, 59, 99]],

[ 2, 95, 1,[ 3, 89, 87, 81]],

[ 23, 95, 0,[ 0, 43, 11]],

[ 21, 75, 1,[ 82, 88, 47]],

[ 71, 25, 1,[ 58, 93, 0, 86]],

[ 59, 95, 0,[ 97, 15, 56]],

[ 91, 95, 0,[ 27, 95, 89]],

[ 77, 95, 0,[ 62, 60, 48]],

[ 38, 95, 1,[ 42, 66, 73]],

[ 73, 45, 1,[ 90, 38, 17]],

[ 93, 95, 0,[ 51, 71, 85, 7]],

[ 42, 95, 0,[ 83, 38, 54]],

[ 28, 95, 1,[ 48, 17, 72, 13]],

[ 19, 95, 1,[ 7, 94, 14]],

[ 45, 95, 0,[ 88, 29, 87]],

[ 43, 55, 1,[ 1, 23, 92, 49]],

[ 11, 95, 1,[ 68, 74, 51, 23]],

[ 87, 95, 0,[ 45, 56, 46, 2, 64, 9]],

[ 67, 95, 0,[ 12, 54, 78]],

[ 51, 95, 1,[ 93, 11, 40]],

[ 98, 95, 1,[ 1, 84, 41, 35]],

[ 10, 95, 1,[ 80, 29, 85]],

[ 86, 95, 0,[ 71, 65, 81, 18]],

[ 84, 95, 0,[ 31, 92, 98]],

[ 81, 95, 0,[ 2, 86, 82]],

[ 36, 95, 1,[ 17, 95, 18, 7]],

[ 78, 95, 0,[ 37, 67, 52, 83]],

[ 6, 85, 1,[ 62, 72, 80]],

[ 29, 95, 1,[ 26, 45, 39, 25, 34, 10]],

[ 13, 75, 1,[ 88, 99, 28]],

[ 40, 95, 0,[ 51, 79, 69]],

[ 25, 95, 1,[ 29, 69, 12]],

[ 99, 95, 1,[ 97, 62, 13]],

[ 0, 25, 1,[ 4, 23, 64, 71, 94, 58, 70]],

[ 34, 85, 1,[ 66, 39, 29]],

[ 5, 25, 1,[ 80, 22, 63, 16, 46]],

[ 55, 95, 1,[ 16, 4, 83]],

[ 64, 95, 0,[ 0, 3, 87]],

[ 57, 75, 1,[ 52, 49, 75]],

[ 18, 95, 1,[ 61, 36, 86]],

[ 80, 95, 0,[ 6, 10, 5]],

[ 44, 95, 0,[ 35, 49, 1]],

[ 76, 95, 0,[ 75, 39, 4]],

[ 41, 95, 0,[ 27, 37, 98, 49]],

[ 9, 5, 1,[ 50, 48, 87]],

[ 15, 95, 0,[ 59, 4, 83, 95]],

[ 96, 95, 0,[ 24, 62, 74]],

[ 8, 95, 0,[ 26, 20, 37]],

[ 20, 95, 1,[ 3, 8, 79, 22]],

[ 33, 95, 0,[ 61, 32]],

[ 83, 95, 0,[ 78, 66, 15, 42, 55]],

[ 66, 95, 0,[ 83, 34, 48, 38]],

[ 65, 95, 0,[ 86, 58, 39]],

[ 54, 95, 1,[ 35, 67, 42]],

[ 27, 95, 1,[ 91, 68, 41]],

[ 12, 95, 1,[ 17, 25, 67]],

[ 53, 85, 1,[ 62, 3, 88]],

[ 63, 95, 0,[ 5, 70]],

[ 62, 95, 0,[ 53, 77, 99, 96, 6]],

[ 85, 95, 0,[ 22, 3, 60, 10, 30, 93]],

[ 82, 95, 0,[ 74, 21, 3, 81]],

[ 37, 95, 1,[ 41, 30, 8, 78]],

[ 58, 95, 0,[ 71, 65, 0]],

[ 92, 95, 0,[ 90, 43, 84, 72]],

[ 89, 95, 0,[ 91, 2, 61]],

[ 94, 95, 0,[ 19, 0, 52]],

[ 79, 95, 0,[ 40, 20, 60, 22]],

[ 39, 95, 1,[ 76, 65, 34, 29]],

[ 7, 95, 1,[ 93, 36, 19]],

[ 48, 95, 1,[ 77, 28, 9, 66, 32]],

[ 22, 55, 1,[ 20, 85, 5, 79]],

[ 17, 45, 1,[ 28, 36, 73, 12]],

[ 74, 95, 1,[ 11, 82, 96]],

[ 52, 15, 1,[ 78, 57, 94, 47]],

