[ 26, 55, 0,[ 12, 73, 42]],

[ 7, 25, 1,[ 68, 11, 25]],

[ 75, 75, 0,[ 49, 23, 37]],

[ 41, 85, 0,[ 30, 8, 21, 76, 5, 48]],

[ 48, 55, 1,[ 87, 85, 41]],

[ 42, 35, 1,[ 38, 68, 26]],

[ 17, 35, 1,[ 72, 95, 82]],

[ 52, 25, 1,[ 60, 51, 62]],

[ 9, 65, 1,[ 29, 82, 34, 63]],

[ 88, 75, 1,[ 91, 44, 89, 65]],

[ 79, 45, 0,[ 29, 59, 40, 15, 57]],

[ 58, 75, 1,[ 36, 83, 49]],

[ 91, 35, 1,[ 88, 96, 65]],

[ 70, 55, 0,[ 14, 71, 86, 95, 27]],

[ 44, 75, 0,[ 88, 98, 33, 32, 19, 43, 82]],

[ 6, 55, 1,[ 37, 64, 93]],

[ 54, 75, 1,[ 37, 24, 90]],

[ 40, 45, 0,[ 97, 80, 79]],

[ 49, 65, 0,[ 21, 58, 75, 55]],

[ 85, 95, 0,[ 48, 18, 25]],

[ 94, 75, 0,[ 43, 74, 47, 80, 93]],

[ 50, 75, 0,[ 93, 11, 19]],

[ 65, 5, 0,[ 27, 91, 66, 88, 68, 10, 31]],

[ 67, 35, 0,[ 32, 83, 43]],

[ 99, 15, 1,[ 8, 39, 76]],

[ 93, 75, 0,[ 94, 50, 6]],

[ 51, 35, 0,[ 0, 52, 61]],

[ 78, 95, 1,[ 37, 4, 39, 13]],

[ 87, 65, 0,[ 2, 92, 34, 48]],

[ 2, 35, 1,[ 56, 55, 87]],

[ 23, 75, 0,[ 73, 63, 75, 14]],

[ 30, 85, 1,[ 41, 81, 18]],

[ 74, 5, 0,[ 81, 94, 96]],

[ 1, 65, 1,[ 71, 98, 4]],

[ 92, 35, 0,[ 0, 14, 28, 87]],

[ 16, 45, 1,[ 3, 11, 61]],

[ 43, 95, 1,[ 67, 94, 44]],

[ 84, 55, 0,[ 22, 15, 80]],

[ 86, 55, 0,[ 70, 83, 71]],

[ 4, 55, 1,[ 62, 1, 78, 27]],

[ 89, 75, 0,[ 97, 88, 14]],

[ 53, 55, 1,[ 57, 55, 35, 97]],

[ 15, 55, 0,[ 63, 84, 79, 10]],

[ 66, 5, 0,[ 59, 65, 80, 45]],

[ 90, 75, 0,[ 54, 81, 28]],

[ 73, 75, 0,[ 26, 59, 23]],

[ 33, 75, 0,[ 44, 46, 29]],

[ 28, 5, 1,[ 0, 92, 36, 90]],

[ 55, 65, 0,[ 64, 49, 72, 2, 53]],

[ 96, 5, 0,[ 91, 74, 27]],

[ 81, 55, 0,[ 74, 30, 61, 90]],

[ 82, 75, 0,[ 17, 80, 9, 44]],

[ 68, 55, 0,[ 7, 65, 42, 69]],

[ 60, 65, 0,[ 35, 3, 52]],

[ 12, 55, 1,[ 26, 22, 64]],

[ 13, 95, 1,[ 32, 56, 78]],

[ 19, 75, 0,[ 44, 56, 50]],

[ 80, 5, 1,[ 84, 94, 27, 40, 82, 22, 66]],

[ 14, 75, 1,[ 92, 89, 62, 72, 70, 23]],

[ 36, 75, 1,[ 21, 28, 58]],

[ 37, 15, 1,[ 75, 6, 54, 78]],

[ 10, 55, 1,[ 15, 65]],

[ 69, 75, 1,[ 21, 77, 68]],

[ 77, 55, 0,[ 69, 25, 38]],

[ 46, 65, 1,[ 33, 56, 31]],

[ 27, 85, 1,[ 80, 70, 65, 96, 4]],

[ 57, 45, 1,[ 53, 22, 79]],

[ 61, 55, 0,[ 16, 51, 81]],

[ 24, 35, 0,[ 98, 54, 5]],

[ 11, 75, 1,[ 16, 7, 50]],

[ 72, 65, 1,[ 55, 14, 17]],

[ 34, 35, 1,[ 87, 9, 56]],

[ 5, 75, 1,[ 3, 41, 24]],

[ 20, 55, 1,[ 71, 76, 39]],

[ 64, 65, 0,[ 55, 12, 6, 3]],

[ 59, 45, 0,[ 79, 73, 66]],

[ 25, 75, 1,[ 77, 7, 85]],

[ 22, 45, 1,[ 80, 12, 57, 63, 84]],

[ 56, 45, 1,[ 19, 2, 13, 34, 46]],

[ 76, 85, 0,[ 99, 41, 20]],

[ 0, 45, 1,[ 28, 97, 51, 95, 92]],

[ 18, 35, 1,[ 30, 85, 97]],

[ 32, 65, 1,[ 13, 45, 44, 67]],

[ 63, 55, 0,[ 15, 23, 9, 22]],

[ 95, 35, 0,[ 17, 0, 70]],

[ 97, 45, 0,[ 18, 0, 53, 89, 40]],

[ 98, 55, 1,[ 8, 44, 1, 24]],

[ 39, 45, 0,[ 99, 78, 20]],

[ 83, 65, 1,[ 58, 38, 67, 86]],

[ 45, 5, 0,[ 66, 32, 35]],

[ 71, 55, 0,[ 86, 70, 1, 20]],

[ 3, 25, 1,[ 5, 16, 64, 60]],

[ 29, 45, 1,[ 79, 33, 9]],

[ 8, 85, 0,[ 99, 98, 41]],

[ 62, 55, 0,[ 4, 52, 31, 14]],

[ 38, 85, 1,[ 77, 47, 83, 42]],

[ 47, 15, 0,[ 38, 94]],

[ 31, 55, 0,[ 62, 46, 65]],

[ 21, 55, 1,[ 36, 49, 69, 41]],

[ 35, 45, 1,[ 60, 53, 45]],

