[ 6, 75, 0,[ 25, 96, 90, 15]],

[ 51, 95, 1,[ 79, 57, 1]],

[ 62, 25, 1,[ 17, 55, 31]],

[ 73, 65, 0,[ 91, 13, 44]],

[ 49, 95, 1,[ 76, 69, 82]],

[ 55, 75, 1,[ 31, 83, 17, 62]],

[ 39, 15, 1,[ 56, 88, 53]],

[ 97, 75, 1,[ 26, 10, 37, 9]],

[ 31, 45, 1,[ 7, 62, 78, 55]],

[ 92, 75, 1,[ 1, 89, 69, 98]],

[ 11, 75, 0,[ 29, 18, 5]],

[ 16, 65, 0,[ 86, 70, 8]],

[ 90, 75, 1,[ 6, 0, 56]],

[ 3, 35, 0,[ 52, 50, 23]],

[ 34, 95, 0,[ 71, 43, 30]],

[ 57, 75, 0,[ 64, 51, 2]],

[ 35, 25, 0,[ 24, 60, 0]],

[ 21, 95, 0,[ 47, 63, 80, 99]],

[ 87, 75, 0,[ 22, 36, 95]],

[ 52, 55, 0,[ 58, 86, 7, 65, 3]],

[ 98, 95, 1,[ 53, 45, 92]],

[ 18, 75, 0,[ 11, 17, 9]],

[ 32, 65, 0,[ 13, 29, 41]],

[ 25, 75, 0,[ 75, 67, 6]],

[ 12, 25, 0,[ 26, 10]],

[ 28, 85, 0,[ 74, 93, 63]],

[ 91, 15, 1,[ 73, 81, 66]],

[ 59, 55, 1,[ 64, 88, 70]],

[ 77, 75, 1,[ 61, 36, 58, 80]],

[ 38, 35, 0,[ 44, 86, 26]],

[ 42, 55, 1,[ 84, 40, 20, 88, 83, 94]],

[ 23, 35, 1,[ 24, 1, 36, 15, 3, 80]],

[ 79, 75, 1,[ 63, 51, 76, 89]],

[ 93, 35, 1,[ 60, 65, 28, 67, 74]],

[ 15, 75, 1,[ 75, 46, 23, 6]],

[ 7, 55, 0,[ 52, 31, 13]],

[ 41, 15, 1,[ 43, 64, 32]],

[ 29, 65, 0,[ 78, 32, 75, 11, 19]],

[ 83, 45, 1,[ 42, 55, 45]],

[ 89, 85, 1,[ 79, 92]],

[ 10, 25, 0,[ 96, 30, 12, 97]],

[ 71, 95, 1,[ 24, 66, 34]],

[ 81, 55, 0,[ 91, 96, 47]],

[ 84, 75, 0,[ 0, 42, 22]],

[ 68, 5, 1,[ 58, 43, 56]],

[ 61, 15, 0,[ 95, 74, 77]],

[ 60, 55, 1,[ 35, 40, 70, 93]],

[ 2, 15, 0,[ 47, 82, 57, 33]],

[ 85, 95, 0,[ 44, 19, 48, 66]],

[ 76, 65, 1,[ 53, 79, 49]],

[ 72, 75, 0,[ 14, 65, 53]],

[ 26, 55, 1,[ 97, 12, 48, 38]],

[ 14, 75, 0,[ 46, 72, 75, 37]],

[ 0, 25, 0,[ 56, 90, 35, 84]],

[ 94, 55, 1,[ 42, 19, 4]],

[ 24, 95, 1,[ 35, 23, 71]],

[ 88, 75, 0,[ 39, 42, 59, 27]],

[ 8, 85, 1,[ 69, 16, 50]],

[ 45, 95, 1,[ 98, 64, 83]],

[ 27, 75, 0,[ 88, 43, 4]],

[ 56, 65, 1,[ 68, 90, 54, 39, 0]],

[ 70, 95, 1,[ 16, 1, 60, 13, 59]],

[ 75, 75, 0,[ 15, 25, 99, 29, 14]],

[ 74, 85, 1,[ 61, 93, 28]],

[ 46, 75, 0,[ 14, 15, 5]],

[ 50, 5, 1,[ 96, 53, 54, 3, 8]],

[ 13, 65, 0,[ 7, 32, 73, 70]],

[ 67, 5, 1,[ 25, 93, 33]],

[ 78, 75, 0,[ 20, 31, 29]],

[ 58, 95, 1,[ 68, 77, 52]],

[ 48, 95, 0,[ 40, 26, 85]],

[ 36, 75, 0,[ 77, 87, 23]],

[ 9, 75, 0,[ 66, 97, 18]],

[ 95, 85, 1,[ 87, 61]],

[ 64, 45, 1,[ 59, 41, 30, 57, 45]],

[ 44, 35, 1,[ 73, 38, 85]],

[ 66, 95, 1,[ 4, 91, 71, 9, 85]],

[ 43, 95, 0,[ 34, 41, 68, 33, 27]],

[ 33, 25, 1,[ 67, 43, 2]],

[ 1, 75, 0,[ 51, 23, 92, 70]],

[ 63, 95, 1,[ 79, 21, 28]],

[ 40, 75, 1,[ 60, 48, 42]],

[ 80, 85, 0,[ 21, 23, 77]],

[ 30, 95, 0,[ 10, 34, 64]],

[ 5, 75, 0,[ 46, 4, 11]],

[ 69, 15, 0,[ 8, 49, 92]],

[ 19, 25, 1,[ 85, 94, 29]],

[ 37, 85, 0,[ 14, 99, 97]],

[ 54, 65, 0,[ 56, 50]],

[ 96, 5, 1,[ 81, 20, 50, 10, 6]],

[ 47, 75, 1,[ 81, 22, 2, 21]],

[ 86, 25, 1,[ 52, 16, 38]],

[ 20, 75, 0,[ 78, 96, 42]],

[ 82, 85, 1,[ 2, 49, 53]],

[ 65, 55, 1,[ 52, 72, 93]],

[ 17, 35, 0,[ 18, 55, 62]],

[ 22, 75, 0,[ 47, 87, 84]],

[ 4, 75, 0,[ 27, 66, 94, 5]],

[ 99, 65, 1,[ 21, 37, 75]],

[ 53, 15, 0,[ 39, 98, 72, 76, 50, 82]],

