[ 71, 15, 0,[ 8, 81, 79, 25, 47]],

[ 64, 15, 0,[ 90, 4, 38]],

[ 25, 15, 0,[ 72, 26, 71]],

[ 60, 15, 0,[ 78, 75, 95]],

[ 5, 5, 1,[ 43, 96, 78]],

[ 41, 15, 0,[ 57, 31, 62]],

[ 4, 15, 0,[ 64, 8, 3]],

[ 32, 15, 0,[ 37, 93, 72]],

[ 65, 15, 0,[ 77, 69, 93]],

[ 74, 15, 0,[ 8, 80, 15]],

[ 45, 15, 0,[ 36, 54, 83, 75]],

[ 44, 15, 0,[ 43, 30, 3]],

[ 57, 15, 0,[ 18, 41, 13]],

[ 30, 15, 0,[ 94, 44, 50]],

[ 96, 15, 0,[ 99, 73, 66, 5]],

[ 49, 15, 0,[ 38, 39, 68]],

[ 3, 75, 1,[ 50, 23, 67, 4, 33, 44, 95, 86, 75]],

[ 20, 15, 0,[ 76, 47, 99]],

[ 87, 15, 0,[ 27, 35, 82]],

[ 68, 15, 0,[ 79, 49, 33]],

[ 61, 15, 0,[ 28, 56, 37, 54, 13]],

[ 36, 15, 0,[ 45, 63, 82, 59]],

[ 13, 15, 0,[ 61, 81, 57]],

[ 75, 15, 0,[ 79, 45, 60, 3]],

[ 59, 15, 0,[ 36, 26, 6, 8]],

[ 46, 15, 0,[ 80, 81, 67, 88]],

[ 33, 15, 0,[ 68, 97, 3]],

[ 91, 15, 0,[ 55, 29, 18]],

[ 89, 15, 0,[ 0, 95, 85]],

[ 76, 15, 0,[ 6, 20, 22, 72]],

[ 43, 15, 0,[ 51, 5, 21, 44, 1]],

[ 94, 15, 0,[ 70, 85, 0, 30, 69]],

[ 86, 15, 0,[ 98, 23, 3, 99]],

[ 90, 15, 0,[ 12, 92, 80, 53, 64, 7]],

[ 72, 15, 0,[ 25, 32, 82, 76, 66, 14]],

[ 93, 15, 0,[ 65, 42, 32]],

[ 10, 15, 1,[ 79, 28]],

[ 16, 15, 0,[ 52, 34, 83]],

[ 52, 15, 0,[ 2, 16, 85]],

[ 58, 15, 0,[ 24, 53, 15]],

[ 82, 15, 0,[ 72, 87, 36, 92]],

[ 11, 85, 1,[ 53, 35, 23]],

[ 51, 15, 0,[ 84, 18, 43]],

[ 92, 15, 0,[ 90, 40, 82]],

[ 98, 15, 0,[ 17, 95, 84, 86]],

[ 55, 15, 0,[ 91, 85, 17]],

[ 63, 15, 0,[ 36, 2, 1, 35]],

[ 15, 15, 0,[ 74, 19, 58]],

[ 26, 15, 0,[ 17, 25, 9, 59]],

[ 48, 15, 0,[ 97, 77, 24, 80]],

[ 80, 15, 0,[ 48, 90, 74, 46]],

[ 17, 15, 0,[ 98, 55, 26]],

[ 8, 15, 0,[ 71, 74, 59, 24, 4, 95]],

[ 97, 15, 0,[ 33, 99, 48]],

[ 70, 15, 0,[ 62, 6, 94, 28]],

[ 24, 15, 0,[ 83, 58, 27, 8, 48]],

[ 50, 15, 0,[ 30, 29, 3]],

[ 47, 15, 0,[ 20, 83, 71]],

[ 84, 15, 0,[ 14, 51, 98]],

[ 35, 15, 0,[ 63, 87, 11]],

[ 28, 85, 1,[ 61, 70, 10]],

[ 83, 15, 0,[ 24, 16, 45, 47]],

[ 1, 15, 1,[ 21, 63, 43]],

[ 6, 55, 1,[ 70, 76, 59]],

[ 7, 15, 0,[ 90, 31, 0]],

[ 42, 15, 0,[ 54, 93, 31]],

[ 37, 15, 0,[ 73, 61, 32, 0]],

[ 53, 15, 0,[ 11, 58, 90]],

[ 31, 15, 0,[ 42, 69, 41, 7]],

[ 2, 95, 1,[ 85, 63, 0, 62, 52]],

[ 78, 15, 0,[ 85, 60, 5]],

[ 21, 15, 0,[ 39, 1, 43]],

[ 18, 15, 0,[ 51, 29, 91, 57]],

[ 19, 15, 0,[ 15, 22, 85, 56]],

[ 39, 15, 0,[ 49, 21, 14]],

[ 27, 15, 0,[ 87, 40, 24, 29]],

[ 77, 15, 0,[ 65, 88, 48]],

[ 12, 15, 0,[ 22, 40, 90]],

[ 62, 15, 0,[ 2, 70, 41]],

[ 88, 15, 0,[ 46, 9, 77]],

[ 79, 15, 0,[ 71, 75, 38, 10, 68]],

[ 9, 15, 0,[ 88, 26]],

[ 73, 15, 0,[ 96, 37, 99]],

[ 54, 15, 0,[ 42, 45, 61]],

[ 69, 15, 0,[ 65, 94, 31]],

[ 99, 15, 0,[ 20, 97, 96, 86, 73]],

[ 67, 15, 0,[ 34, 3, 46]],

[ 29, 15, 0,[ 18, 91, 27, 50]],

[ 40, 15, 0,[ 12, 27, 92]],

[ 95, 15, 0,[ 8, 3, 60, 89, 98]],

[ 22, 15, 0,[ 76, 12, 19]],

[ 34, 15, 0,[ 67, 66, 16]],

[ 38, 45, 1,[ 79, 64, 49]],

[ 23, 15, 0,[ 3, 86, 11]],

[ 14, 15, 0,[ 39, 84, 72]],

[ 81, 15, 0,[ 46, 13, 71]],

[ 85, 15, 0,[ 2, 52, 89, 19, 78, 94, 55]],

[ 56, 15, 0,[ 61, 66, 19]],

[ 0, 25, 1,[ 2, 7, 94, 37, 89]],

[ 66, 15, 0,[ 56, 72, 96, 34]],

[ 80, 95, 0,[ 25, 38, 75]],

[ 2, 95, 0,[ 46, 68, 22, 38]],

[ 8, 95, 0,[ 12, 49, 96]],

[ 1, 95, 0,[ 37, 4, 34, 92]],

[ 81, 95, 0,[ 82, 5, 46, 20, 44, 40]],

[ 5, 95, 0,[ 73, 81, 53]],

[ 53, 95, 0,[ 52, 5, 84]],

[ 71, 95, 0,[ 16, 0, 11]],

[ 49, 95, 0,[ 8, 94, 35, 51]],

[ 84, 95, 0,[ 6, 47, 53]],

[ 32, 95, 0,[ 37, 97, 15]],

[ 99, 95, 0,[ 70, 86, 20, 98, 97]],

[ 18, 95, 0,[ 0, 52, 63, 70]],

[ 20, 95, 0,[ 43, 81, 99]],

[ 94, 15, 1,[ 27, 56, 49, 98]],

[ 21, 95, 0,[ 90, 42, 95]],

[ 93, 65, 1,[ 54, 41, 76]],

[ 62, 95, 0,[ 74, 92, 78, 68, 54, 85]],

[ 86, 75, 1,[ 99, 56, 61]],

[ 23, 95, 0,[ 4, 89, 64]],

[ 60, 95, 0,[ 45, 66, 9, 75]],

[ 0, 95, 0,[ 40, 47, 14, 71, 18, 95]],

[ 78, 95, 0,[ 70, 66, 62]],

[ 96, 95, 0,[ 8]],

[ 41, 95, 1,[ 93, 72, 67]],

[ 92, 95, 0,[ 1, 62, 77]],

[ 24, 95, 0,[ 36, 48, 70]],

[ 88, 95, 0,[ 38, 69, 50]],

[ 75, 95, 0,[ 60, 73, 30, 80, 55]],

[ 68, 75, 1,[ 2, 76, 62]],

[ 30, 95, 0,[ 97, 29, 83, 75]],

[ 98, 75, 1,[ 94, 15, 99, 28]],

[ 28, 95, 0,[ 27, 79, 98]],

[ 3, 95, 0,[ 37, 89, 59]],

[ 46, 95, 0,[ 81, 79, 77, 2]],

[ 89, 95, 0,[ 64, 3, 23]],

[ 27, 95, 0,[ 94, 87, 45, 28]],

[ 44, 95, 0,[ 55, 12, 81]],

[ 76, 95, 0,[ 19, 68, 87, 93]],

[ 16, 95, 0,[ 72, 71, 31]],

[ 40, 95, 0,[ 0, 17, 81]],

[ 85, 95, 0,[ 25, 95, 62]],

[ 7, 95, 0,[ 15, 14, 59]],

[ 37, 95, 0,[ 26, 3, 56, 1, 32]],

[ 42, 5, 1,[ 83, 48, 21]],

[ 10, 95, 0,[ 4, 77, 17]],

[ 50, 95, 0,[ 97, 34, 88, 51]],

[ 45, 95, 0,[ 60, 27, 51]],

[ 43, 95, 0,[ 87, 9, 20]],

[ 70, 95, 0,[ 18, 22, 78, 58, 24, 99]],

[ 95, 95, 0,[ 0, 21, 85, 6]],

[ 47, 95, 0,[ 91, 0, 84]],

[ 9, 95, 0,[ 33, 60, 43]],

[ 87, 95, 0,[ 27, 76, 36, 14, 43]],

[ 74, 95, 0,[ 62, 67, 72, 63]],

[ 66, 35, 1,[ 35, 25, 60, 78]],

[ 6, 95, 0,[ 95, 65, 84, 69]],

[ 90, 95, 0,[ 39, 57, 21]],

[ 67, 95, 0,[ 58, 41, 74]],

[ 22, 95, 0,[ 70, 73, 2]],

[ 19, 95, 0,[ 76, 33, 65, 36]],

[ 15, 95, 0,[ 7, 98, 32]],

[ 13, 95, 0,[ 34, 77, 38]],

[ 83, 95, 0,[ 11, 42, 30]],

[ 17, 95, 0,[ 40, 10, 31]],

[ 54, 95, 0,[ 93, 55, 62]],

[ 79, 95, 0,[ 39, 46, 65, 72, 28]],

[ 58, 95, 0,[ 82, 67, 70]],

[ 57, 95, 0,[ 11, 90, 64]],

[ 31, 95, 0,[ 17, 16, 26]],

[ 52, 95, 0,[ 53, 82, 18]],

[ 61, 95, 0,[ 86, 91, 73, 82]],

[ 59, 95, 0,[ 7, 3, 69]],

[ 33, 95, 0,[ 29, 19, 48, 9]],

[ 97, 95, 0,[ 64, 30, 99, 32, 50]],

[ 29, 95, 0,[ 30, 33, 65]],

[ 56, 95, 0,[ 86, 37, 94]],

[ 55, 95, 0,[ 44, 54, 75]],

[ 12, 95, 0,[ 91, 44, 8]],

[ 65, 95, 0,[ 19, 79, 6, 29]],

[ 34, 95, 0,[ 35, 13, 50, 1]],

[ 4, 95, 0,[ 10, 23, 26, 1]],

[ 64, 95, 0,[ 57, 23, 14, 97, 89]],

[ 14, 95, 0,[ 7, 87, 0, 64]],

[ 48, 95, 0,[ 33, 24, 42]],

[ 35, 95, 0,[ 66, 34, 49]],

[ 77, 95, 0,[ 10, 92, 13, 46]],

[ 51, 95, 0,[ 49, 50, 45]],

[ 82, 95, 0,[ 81, 58, 52, 63, 61]],

[ 69, 75, 1,[ 88, 59, 6]],

[ 63, 95, 0,[ 82, 18, 74]],

[ 38, 95, 0,[ 80, 2, 88, 13]],

[ 25, 95, 0,[ 80, 85, 66]],

[ 91, 95, 0,[ 12, 61, 47]],

[ 26, 55, 1,[ 31, 37, 39, 4]],

[ 11, 95, 0,[ 83, 71, 57]],

[ 36, 95, 0,[ 87, 19, 24]],

[ 73, 95, 0,[ 5, 61, 75, 22]],

[ 39, 95, 0,[ 90, 79, 26]],

[ 72, 95, 0,[ 74, 41, 16, 79]],

