[ 31, 95, 0,[ 15, 5, 40, 47, 75]],

[ 51, 45, 0,[ 28, 40]],

[ 84, 45, 0,[ 28, 32, 23, 3]],

[ 3, 15, 1,[ 60, 49, 84]],

[ 71, 45, 0,[ 66, 87, 15]],

[ 32, 45, 1,[ 74, 84, 79]],

[ 36, 45, 1,[ 55, 44, 73, 1, 48]],

[ 52, 35, 1,[ 9, 75, 80, 0, 61]],

[ 50, 45, 0,[ 2, 48, 10]],

[ 54, 15, 1,[ 23, 91, 57]],

[ 91, 95, 0,[ 69, 39, 65, 35, 20, 54, 68, 21]],

[ 74, 25, 0,[ 32, 29, 53]],

[ 11, 75, 1,[ 81, 29]],

[ 99, 45, 0,[ 87, 95, 88]],

[ 4, 65, 1,[ 37, 27, 28, 47]],

[ 59, 95, 0,[ 70, 15, 86]],

[ 79, 95, 0,[ 32, 69, 12]],

[ 18, 55, 1,[ 82, 49, 78]],

[ 55, 15, 0,[ 36, 38, 16]],

[ 19, 35, 1,[ 89, 33, 14]],

[ 64, 35, 0,[ 65, 7, 0, 5, 23]],

[ 92, 95, 0,[ 33, 1]],

[ 7, 75, 1,[ 30, 6, 64]],

[ 94, 45, 0,[ 75, 87]],

[ 13, 95, 1,[ 42, 58, 98]],

[ 72, 25, 1,[ 14, 83, 22, 70, 89]],

[ 63, 35, 1,[ 93, 27, 49]],

[ 60, 95, 0,[ 85, 29, 73, 39, 3]],

[ 68, 95, 0,[ 97, 40, 91, 24]],

[ 24, 95, 0,[ 16, 68, 35, 88]],

[ 56, 55, 0,[ 40, 73, 76]],

[ 78, 95, 0,[ 18, 57, 39]],

[ 15, 95, 0,[ 33, 71, 12, 59, 9, 31]],

[ 16, 5, 1,[ 22, 24, 55]],

[ 9, 75, 1,[ 15, 57, 52]],

[ 33, 95, 0,[ 43, 15, 92, 19]],

[ 69, 95, 0,[ 79, 97, 91]],

[ 2, 35, 1,[ 46, 62, 50, 37, 25]],

[ 44, 45, 0,[ 95, 36, 85]],

[ 17, 15, 1,[ 46, 26, 67, 82]],

[ 85, 45, 1,[ 34, 60, 44]],

[ 5, 15, 1,[ 45, 31, 64]],

[ 86, 95, 0,[ 1, 59, 27]],

[ 6, 45, 1,[ 46, 7, 98, 25]],

[ 95, 45, 0,[ 8, 48, 44, 99]],

[ 21, 95, 1,[ 81, 70, 91]],

[ 65, 35, 0,[ 91, 64, 10]],

[ 41, 85, 1,[ 62, 87]],

[ 57, 35, 1,[ 78, 54, 9]],

[ 81, 45, 0,[ 77, 11, 21]],

[ 89, 95, 0,[ 30, 72, 19, 62]],

[ 26, 45, 0,[ 82, 49, 17]],

[ 61, 35, 0,[ 52, 42, 58]],

[ 12, 75, 1,[ 15, 79, 43]],

[ 87, 45, 0,[ 41, 94, 53, 71, 99, 67, 14]],

[ 70, 95, 0,[ 21, 59, 72]],

[ 67, 45, 0,[ 17, 87, 10]],

[ 29, 95, 1,[ 74, 60, 11]],

[ 88, 35, 1,[ 99, 24, 46]],

[ 46, 55, 1,[ 6, 88, 17, 2, 42]],

[ 20, 75, 1,[ 91, 80, 38]],

[ 14, 75, 1,[ 19, 87, 72]],

[ 43, 55, 1,[ 12, 33]],

[ 80, 15, 0,[ 52, 20, 96]],

[ 30, 25, 1,[ 34, 89, 7]],

[ 42, 35, 0,[ 8, 46, 13, 61, 23]],

[ 28, 65, 1,[ 90, 93, 96, 4, 51, 84]],

[ 39, 95, 0,[ 78, 91, 60, 34]],

[ 82, 45, 0,[ 18, 26, 17]],

[ 25, 15, 1,[ 77, 6, 2]],

[ 37, 45, 1,[ 4, 2, 93]],

[ 40, 15, 1,[ 51, 31, 56, 68]],

[ 47, 55, 0,[ 31, 4, 45, 83]],

[ 97, 95, 0,[ 68, 77, 69]],

[ 45, 55, 0,[ 47, 35, 5]],

[ 66, 5, 1,[ 22, 71, 49]],

[ 48, 15, 1,[ 36, 58, 95, 50]],

[ 35, 75, 1,[ 45, 91, 24]],

[ 0, 5, 1,[ 64, 52, 83]],

[ 96, 5, 1,[ 80, 28, 90]],

[ 98, 25, 1,[ 6, 13]],

[ 58, 55, 0,[ 61, 83, 48, 13]],

[ 49, 15, 1,[ 63, 90, 18, 66, 26, 3]],

[ 83, 55, 0,[ 47, 72, 0, 58]],

[ 34, 85, 1,[ 85, 30, 39]],

[ 53, 35, 1,[ 74, 87, 77]],

[ 90, 35, 0,[ 96, 28, 49]],

[ 93, 95, 0,[ 37, 63, 28]],

[ 38, 5, 1,[ 20, 55, 27]],

[ 77, 45, 0,[ 53, 81, 25, 97]],

[ 75, 95, 0,[ 52, 31, 94]],

[ 8, 75, 1,[ 95, 42, 76]],

[ 62, 95, 0,[ 2, 41, 89]],

[ 76, 55, 0,[ 27, 56, 8]],

[ 1, 25, 1,[ 92, 36, 86]],

[ 10, 75, 1,[ 67, 50, 65]],

[ 22, 45, 1,[ 72, 16, 66]],

[ 73, 55, 0,[ 60, 56, 36]],

[ 23, 35, 0,[ 64, 42, 54, 84]],

[ 27, 25, 1,[ 76, 38, 4, 63, 86]],

