[ 49, 85, 0,[ 11, 53, 3, 23]],

[ 43, 65, 1,[ 36, 9, 10]],

[ 48, 85, 1,[ 26, 20, 92]],

[ 92, 25, 0,[ 99, 34, 48]],

[ 23, 85, 0,[ 88, 49]],

[ 10, 25, 1,[ 11, 35, 43, 68]],

[ 47, 35, 0,[ 15, 91]],

[ 34, 25, 1,[ 57, 6, 92]],

[ 25, 65, 1,[ 74, 30, 52]],

[ 60, 95, 0,[ 80, 41]],

[ 91, 75, 0,[ 22, 47, 65]],

[ 51, 35, 0,[ 89, 4, 22]],

[ 61, 35, 0,[ 55, 96, 26, 69, 1]],

[ 72, 85, 1,[ 64, 80, 27]],

[ 65, 75, 0,[ 53, 73, 91]],

[ 3, 65, 1,[ 49, 79, 55, 2]],

[ 63, 65, 0,[ 29, 64, 70, 56]],

[ 83, 15, 0,[ 58, 54, 9]],

[ 78, 5, 0,[ 32, 18, 16]],

[ 67, 15, 1,[ 85, 33, 20, 37]],

[ 74, 65, 0,[ 28, 25, 26]],

[ 0, 25, 1,[ 46, 68, 2, 21, 39]],

[ 58, 65, 1,[ 94, 21, 83]],

[ 62, 15, 0,[ 81, 29, 99]],

[ 93, 15, 0,[ 94, 8, 33]],

[ 35, 15, 1,[ 10, 31, 20]],

[ 37, 65, 1,[ 67, 38, 5, 12, 88]],

[ 68, 25, 0,[ 66, 0, 10]],

[ 85, 15, 0,[ 76, 67, 30, 55]],

[ 29, 45, 1,[ 40, 76, 62, 63]],

[ 81, 95, 0,[ 45, 62, 1, 7]],

[ 86, 95, 0,[ 14, 77, 56]],

[ 59, 35, 1,[ 6, 79, 17]],

[ 28, 55, 1,[ 74, 71]],

[ 64, 15, 0,[ 72, 63, 30]],

[ 57, 55, 1,[ 75, 34, 53]],

[ 97, 15, 0,[ 30, 90, 19]],

[ 32, 5, 1,[ 98, 78, 6]],

[ 54, 15, 1,[ 83, 46, 90]],

[ 7, 95, 1,[ 42, 24, 81]],

[ 11, 5, 1,[ 49, 99, 33, 10]],

[ 88, 95, 1,[ 70, 23, 37]],

[ 53, 75, 1,[ 49, 57, 39, 65]],

[ 8, 85, 0,[ 93, 14, 31]],

[ 38, 95, 1,[ 37, 33, 94]],

[ 26, 65, 0,[ 61, 74, 48, 69, 52]],

[ 6, 45, 1,[ 21, 59, 34, 32, 18]],

[ 46, 45, 1,[ 0, 54, 30]],

[ 17, 65, 1,[ 30, 73, 59]],

[ 80, 65, 0,[ 60, 72, 42]],

[ 70, 95, 0,[ 88, 63, 18]],

[ 79, 95, 1,[ 3, 44, 59]],

[ 75, 95, 0,[ 82, 41, 57, 96, 45, 40]],

[ 84, 55, 0,[ 2, 41, 42]],

[ 2, 55, 1,[ 84, 0, 3]],

[ 33, 15, 0,[ 93, 67, 38, 11]],

[ 41, 95, 0,[ 89, 75, 84, 60]],

[ 69, 35, 0,[ 71, 26, 61]],

[ 15, 35, 0,[ 50, 66, 16, 47]],

[ 31, 55, 1,[ 35, 8, 55]],

[ 55, 65, 0,[ 31, 61, 85, 3]],

[ 98, 15, 0,[ 32, 30, 89]],

[ 73, 75, 0,[ 17, 65, 44, 5]],

[ 1, 15, 1,[ 61, 81, 87, 66]],

[ 39, 75, 1,[ 16, 53, 0]],

[ 44, 95, 0,[ 87, 79, 73]],

[ 94, 95, 0,[ 58, 38, 93, 50, 5, 87]],

[ 21, 65, 1,[ 6, 0, 58]],

[ 40, 95, 0,[ 99, 29, 75]],

[ 87, 95, 0,[ 94, 44, 1, 77]],

[ 95, 25, 0,[ 82, 36]],

[ 4, 25, 1,[ 51, 90, 9]],

[ 16, 5, 1,[ 39, 15, 78]],

[ 12, 75, 1,[ 14, 37]],

[ 89, 65, 1,[ 51, 98, 41]],

[ 90, 65, 0,[ 4, 97, 56, 77, 54]],

[ 99, 15, 0,[ 92, 62, 45, 40, 11]],

[ 56, 65, 0,[ 63, 90, 86, 19]],

[ 42, 65, 0,[ 80, 7, 84]],

[ 27, 35, 1,[ 96, 50, 71, 72]],

[ 77, 95, 1,[ 90, 86, 87]],

[ 82, 15, 0,[ 95, 75, 30]],

[ 24, 85, 0,[ 14, 7, 19]],

[ 71, 55, 1,[ 27, 28, 69]],

[ 96, 35, 0,[ 61, 75, 27]],

[ 45, 45, 1,[ 81, 99, 75]],

[ 13, 55, 1,[ 30, 5, 22]],

[ 22, 35, 1,[ 51, 13, 36, 91]],

[ 66, 35, 0,[ 15, 1, 68]],

[ 18, 75, 1,[ 78, 70, 6]],

[ 76, 15, 0,[ 85, 29, 30, 52]],

[ 50, 35, 0,[ 27, 15, 94]],

[ 52, 45, 1,[ 26, 25, 76]],

[ 30, 15, 1,[ 64, 85, 98, 76, 17, 82, 46, 13, 25, 97]],

[ 19, 65, 0,[ 97, 24, 56]],

[ 14, 85, 1,[ 24, 86, 8, 12]],

[ 9, 15, 1,[ 83, 4, 43]],

[ 36, 25, 1,[ 95, 43, 22]],

[ 20, 95, 1,[ 48, 67, 35]],

[ 5, 15, 1,[ 94, 73, 13, 37]],

[ 70, 75, 0,[ 95, 1, 11]],

[ 68, 75, 0,[ 79, 46, 1]],

[ 5, 75, 0,[ 80, 98, 74, 82, 56, 2, 47, 40, 71, 13, 17, 83, 49, 34, 65, 1]],

[ 0, 75, 0,[ 30, 4, 62, 1, 8, 46, 12, 43, 36, 25, 18, 6, 37, 2, 76, 71]],

[ 99, 75, 0,[ 72, 3, 31]],

[ 47, 75, 0,[ 1, 5, 4]],

[ 32, 75, 0,[ 1, 16, 52, 35]],

[ 72, 75, 0,[ 99, 81, 28]],

[ 66, 75, 0,[ 50, 89, 86]],

[ 36, 75, 0,[ 0, 3, 6]],

[ 40, 85, 1,[ 8, 84, 5]],

[ 69, 75, 0,[ 78, 30, 77]],

[ 56, 75, 1,[ 46, 5, 87]],

[ 83, 75, 0,[ 46, 5, 76]],

[ 78, 75, 0,[ 96, 81, 91, 69, 27, 37]],

[ 62, 75, 0,[ 93, 0, 53, 85]],

[ 17, 75, 0,[ 3, 5, 64]],

[ 24, 75, 0,[ 13, 49, 45]],

[ 38, 75, 0,[ 35, 12, 75, 52, 45, 50]],

[ 55, 75, 0,[ 1, 16, 23, 58]],

[ 76, 75, 0,[ 59, 52, 0, 83]],

[ 1, 75, 0,[ 89, 21, 55, 86, 43, 12, 47, 3, 49, 30, 0, 5, 32, 70, 2, 68, 27, 97, 6, 23, 28, 96, 10, 18, 64, 35, 9]],

[ 16, 75, 0,[ 84, 32, 6, 90, 55]],

[ 60, 75, 0,[ 2, 14, 67]],

[ 50, 75, 0,[ 3, 38, 66]],

[ 27, 75, 0,[ 1, 2, 78]],

[ 52, 75, 0,[ 76, 38, 94, 32]],

[ 33, 75, 0,[ 3, 11, 22]],

[ 4, 75, 0,[ 21, 11, 47, 0]],

[ 65, 75, 0,[ 5, 28, 6]],

[ 89, 75, 0,[ 66, 10, 1]],

[ 3, 75, 0,[ 53, 85, 29, 80, 1, 36, 67, 82, 86, 44, 14, 20, 26, 17, 33, 50, 99, 2]],

[ 87, 75, 0,[ 12, 56, 54]],

[ 81, 75, 0,[ 2, 78, 72]],

[ 51, 75, 0,[ 71, 37, 2]],

[ 19, 75, 0,[ 2, 79, 22]],

[ 49, 75, 0,[ 1, 24, 5, 15]],

[ 61, 75, 0,[ 2, 34, 37]],

[ 42, 75, 0,[ 8, 2, 90]],

[ 90, 75, 0,[ 6, 22, 16, 42]],

[ 80, 75, 0,[ 5, 2, 3]],

[ 54, 75, 0,[ 92, 75, 91, 35, 21, 87]],

[ 37, 75, 0,[ 45, 78, 22, 0, 61, 51]],

[ 64, 75, 0,[ 17, 26, 1]],

[ 63, 25, 1,[ 12, 73, 88, 10]],

[ 43, 75, 0,[ 1, 0, 97]],

[ 48, 75, 0,[ 84, 29, 77]],

[ 9, 75, 0,[ 91, 58, 1]],

[ 58, 75, 0,[ 55, 35, 10, 9]],

[ 53, 75, 0,[ 62, 74, 3]],

[ 79, 75, 1,[ 19, 68, 20]],

[ 12, 75, 0,[ 87, 38, 63, 1, 0]],

[ 59, 35, 1,[ 71, 76]],

[ 85, 75, 0,[ 15, 62, 3]],

[ 88, 75, 0,[ 63, 11, 93]],

[ 71, 75, 0,[ 51, 5, 59, 0]],

[ 34, 75, 0,[ 28, 5, 39, 61]],

[ 21, 75, 0,[ 4, 1, 23, 54, 39]],

[ 44, 75, 0,[ 3, 20, 77]],

[ 46, 75, 0,[ 83, 68, 0, 56]],

[ 95, 75, 0,[ 2, 70, 18]],

[ 57, 75, 0,[ 30, 10, 96]],

[ 23, 75, 0,[ 55, 1, 21]],

[ 26, 75, 0,[ 3, 13, 94, 64]],

[ 15, 75, 0,[ 13, 85, 49]],

[ 18, 75, 0,[ 0, 95, 41, 1]],

[ 84, 75, 0,[ 16, 40, 10, 48]],

[ 94, 5, 1,[ 86, 52, 26]],

[ 35, 75, 0,[ 38, 1, 98, 58, 54, 32]],

[ 82, 75, 0,[ 97, 7, 5, 3]],

[ 96, 75, 0,[ 57, 1, 78]],

[ 45, 75, 0,[ 37, 38, 24]],

[ 20, 75, 0,[ 79, 3, 2, 44]],

[ 98, 75, 0,[ 5, 35, 97]],

[ 74, 75, 0,[ 13, 5, 53]],

[ 67, 55, 1,[ 3, 73, 60]],

[ 25, 75, 0,[ 0, 93, 2]],

[ 91, 75, 0,[ 78, 2, 9, 54]],

[ 75, 75, 0,[ 38, 2, 54]],

[ 10, 75, 0,[ 1, 58, 57, 89, 84, 77, 63]],

[ 97, 35, 1,[ 1, 98, 43, 82]],

[ 28, 75, 0,[ 65, 34, 2, 72, 1]],

[ 41, 75, 0,[ 39, 2, 18]],

[ 86, 75, 0,[ 66, 1, 94, 3]],

[ 6, 75, 0,[ 36, 1, 90, 92, 65, 0, 16]],

[ 29, 75, 0,[ 3, 48, 2]],

[ 93, 75, 0,[ 88, 62, 25]],

[ 7, 75, 0,[ 82, 2, 31]],

[ 14, 75, 0,[ 2, 60, 3]],

[ 30, 75, 0,[ 69, 1, 0, 57]],

[ 13, 75, 0,[ 2, 74, 5, 31, 15, 26, 24]],

[ 22, 75, 0,[ 37, 19, 2, 90, 33]],

[ 2, 75, 0,[ 0, 25, 1, 28, 19, 42, 3, 95, 41, 27, 61, 11, 92, 81, 91, 60, 7, 22, 13, 75, 29, 80, 20, 8, 5, 51, 14]],

[ 39, 95, 1,[ 34, 11, 41, 21]],

[ 31, 95, 1,[ 7, 99, 13]],

[ 11, 75, 0,[ 88, 33, 39, 4, 2, 70, 73]],

[ 8, 75, 0,[ 42, 40, 0, 2]],

[ 73, 75, 0,[ 63, 11, 67]],

[ 92, 75, 0,[ 54, 2, 6]],

[ 77, 75, 0,[ 69, 44, 10, 48]],

