[ 68, 55, 0,[ 71, 80, 41]],

[ 63, 55, 0,[ 3, 10, 69, 36]],

[ 80, 55, 0,[ 68, 62, 98, 76, 92]],

[ 33, 55, 0,[ 56, 79, 2]],

[ 22, 55, 0,[ 31, 18, 37, 20, 4]],

[ 74, 55, 0,[ 23, 45, 79]],

[ 6, 55, 1,[ 0, 26, 90, 88]],

[ 59, 55, 0,[ 62, 64, 41]],

[ 2, 25, 1,[ 3, 60, 33]],

[ 52, 55, 0,[ 99, 54, 76, 84, 81]],

[ 62, 55, 0,[ 72, 80, 59]],

[ 88, 55, 0,[ 95, 38, 6]],

[ 14, 55, 0,[ 60, 32]],

[ 91, 55, 0,[ 24, 98, 85, 13]],

[ 16, 55, 0,[ 21, 8, 97]],

[ 19, 55, 0,[ 23, 7, 24, 76]],

[ 93, 55, 0,[ 54, 60, 76]],

[ 1, 55, 1,[ 92, 71, 82]],

[ 46, 55, 0,[ 67, 41, 78]],

[ 4, 55, 0,[ 67, 22]],

[ 37, 55, 0,[ 48, 22, 45]],

[ 78, 55, 0,[ 39, 46, 21, 20, 61]],

[ 84, 55, 0,[ 32, 58, 52]],

[ 83, 55, 0,[ 87, 75, 96]],

[ 97, 55, 0,[ 41, 13, 73, 16]],

[ 39, 55, 0,[ 78, 92, 65, 58]],

[ 44, 55, 0,[ 40, 38, 95]],

[ 32, 55, 0,[ 15, 14, 84, 69]],

[ 54, 55, 0,[ 48, 52, 93, 96]],

[ 61, 55, 0,[ 43, 34, 75, 78, 40]],

[ 72, 55, 0,[ 62, 41]],

[ 51, 55, 0,[ 18, 5, 47, 12]],

[ 53, 55, 0,[ 92, 9, 26]],

[ 45, 55, 0,[ 13, 37, 74, 73]],

[ 49, 55, 0,[ 58, 99, 35]],

[ 50, 55, 0,[ 56, 0, 28]],

[ 27, 55, 0,[ 77, 23, 76]],

[ 48, 55, 0,[ 54, 37, 94, 30]],

[ 38, 75, 1,[ 44, 10, 88]],

[ 69, 55, 0,[ 63, 70, 32]],

[ 11, 85, 1,[ 29, 41, 87]],

[ 92, 55, 0,[ 80, 53, 1, 39]],

[ 58, 55, 0,[ 39, 15, 49, 84]],

[ 87, 55, 0,[ 83, 11, 34]],

[ 42, 55, 0,[ 55, 41]],

[ 28, 55, 0,[ 12, 60, 50, 86]],

[ 7, 55, 0,[ 19, 35, 10, 56]],

[ 64, 55, 0,[ 24, 94, 59]],

[ 56, 55, 0,[ 7, 35, 50, 33, 21]],

[ 3, 45, 1,[ 30, 2, 63]],

[ 99, 55, 0,[ 71, 49, 52]],

[ 9, 55, 0,[ 77, 53, 96]],

[ 26, 55, 0,[ 6, 53]],

[ 24, 55, 0,[ 19, 91, 64]],

[ 35, 55, 0,[ 85, 49, 56, 7]],

[ 23, 55, 0,[ 74, 19, 27, 0]],

[ 18, 55, 0,[ 22, 0, 51]],

[ 43, 55, 0,[ 30, 61, 15]],

[ 86, 55, 0,[ 28, 90, 81, 25]],

[ 85, 55, 0,[ 91, 57, 35]],

[ 10, 65, 1,[ 63, 89, 7, 38]],

[ 30, 55, 0,[ 43, 3, 48]],

[ 94, 55, 0,[ 48, 29, 81, 64]],

[ 73, 55, 0,[ 45, 97, 77]],

[ 36, 55, 0,[ 63, 20, 67, 71, 8]],

[ 13, 55, 1,[ 45, 91, 97]],

[ 34, 55, 0,[ 61, 87, 95]],

[ 41, 55, 0,[ 59, 72, 97, 68, 42, 46, 11]],

[ 57, 55, 0,[ 85, 96, 5]],

[ 77, 55, 0,[ 70, 27, 9, 71, 73]],

[ 98, 55, 0,[ 82, 91, 80]],

[ 79, 55, 0,[ 33, 74, 17]],

[ 71, 55, 0,[ 68, 99, 36, 8, 1, 77]],

[ 90, 55, 0,[ 86, 6, 29]],

[ 5, 55, 1,[ 57, 51]],

[ 65, 55, 0,[ 89, 39]],

[ 15, 55, 0,[ 43, 58, 32]],

[ 8, 55, 0,[ 71, 16, 36, 55]],

[ 67, 55, 0,[ 4, 36, 46]],

[ 96, 55, 0,[ 83, 17, 54, 47, 57, 9]],

[ 95, 55, 0,[ 44, 66, 88, 34]],

[ 89, 55, 0,[ 65, 10, 82, 75]],

[ 55, 55, 0,[ 8, 42]],

[ 75, 55, 0,[ 89, 83, 61]],

[ 17, 55, 0,[ 79, 96]],

[ 29, 55, 0,[ 11, 94, 90]],

[ 47, 55, 0,[ 96, 66, 51]],

[ 70, 55, 0,[ 76, 77, 69]],

[ 25, 55, 0,[ 0, 86, 31]],

[ 40, 55, 0,[ 61, 44]],

[ 31, 55, 0,[ 81, 25, 22]],

[ 20, 55, 0,[ 36, 78, 22]],

[ 82, 55, 0,[ 1, 89, 98]],

[ 81, 55, 0,[ 52, 94, 86, 31]],

[ 60, 55, 0,[ 14, 28, 2, 93]],

[ 76, 55, 0,[ 93, 66, 27, 80, 52, 19, 70]],

[ 21, 55, 0,[ 78, 56, 16]],

[ 66, 55, 0,[ 47, 95, 76]],

[ 12, 55, 0,[ 28, 51]],

[ 0, 65, 1,[ 18, 50, 6, 23, 25]],

