[ 51, 15, 0,[ 80, 15, 90]],

[ 13, 75, 1,[ 57, 48, 43]],

[ 31, 5, 0,[ 70, 24, 68]],

[ 38, 75, 1,[ 47, 0, 18, 17]],

[ 73, 5, 0,[ 22, 49]],

[ 2, 65, 1,[ 29, 67, 9, 25]],

[ 93, 5, 0,[ 21, 67, 65]],

[ 36, 5, 1,[ 76, 63, 8, 59]],

[ 82, 5, 0,[ 91, 7, 71]],

[ 89, 45, 0,[ 97, 78, 69]],

[ 30, 85, 1,[ 46, 60, 29]],

[ 96, 45, 0,[ 34, 69, 8]],

[ 68, 5, 0,[ 23, 53, 31]],

[ 23, 5, 0,[ 68, 32, 83, 40]],

[ 29, 95, 1,[ 2, 6, 32, 64, 27, 30, 72, 85]],

[ 17, 55, 1,[ 74, 53, 77, 38]],

[ 34, 45, 1,[ 52, 74, 96]],

[ 9, 55, 1,[ 99, 1, 2]],

[ 92, 95, 0,[ 40, 28, 42]],

[ 43, 65, 1,[ 13, 75, 54]],

[ 86, 95, 0,[ 84, 28, 20]],

[ 45, 5, 0,[ 53, 65, 19]],

[ 99, 65, 1,[ 39, 95, 32, 9]],

[ 48, 5, 1,[ 13, 54, 40]],

[ 98, 15, 1,[ 78, 80, 75]],

[ 62, 5, 0,[ 77, 65, 14]],

[ 12, 95, 1,[ 6, 90, 16]],

[ 14, 45, 1,[ 79, 63, 28, 62]],

[ 52, 55, 1,[ 34, 63, 80]],

[ 79, 5, 0,[ 84, 14, 22]],

[ 24, 5, 0,[ 31, 10, 67]],

[ 33, 75, 0,[ 76, 53, 78]],

[ 84, 5, 0,[ 86, 79]],

[ 5, 25, 1,[ 59, 70, 60, 3, 6]],

[ 26, 95, 0,[ 94, 64, 74]],

[ 28, 65, 1,[ 14, 8, 47, 86, 92]],

[ 37, 95, 1,[ 19, 0, 1]],

[ 60, 5, 1,[ 5, 30, 74]],

[ 66, 65, 0,[ 95, 47, 94]],

[ 54, 55, 1,[ 48, 72, 43, 64, 58]],

[ 55, 5, 1,[ 42, 50, 67, 70]],

[ 10, 65, 1,[ 49, 3, 24, 69]],

[ 90, 15, 1,[ 88, 12, 51, 15]],

[ 91, 5, 0,[ 82, 81, 25, 67, 77]],

[ 20, 95, 1,[ 4, 39, 19, 94, 86]],

[ 67, 5, 0,[ 93, 2, 55, 91, 61, 24]],

[ 4, 65, 1,[ 97, 20, 21]],

[ 81, 5, 0,[ 63, 91, 83]],

[ 19, 95, 0,[ 37, 20, 45, 56]],

[ 53, 35, 1,[ 17, 45, 33, 75, 68]],

[ 44, 95, 0,[ 40, 85, 18, 58]],

[ 22, 5, 1,[ 1, 79, 73]],

[ 97, 45, 0,[ 89, 57, 87, 4]],

[ 94, 55, 1,[ 20, 66, 26, 78]],

[ 49, 5, 0,[ 8, 73, 16, 10]],

[ 78, 55, 0,[ 98, 89, 33, 94]],

[ 40, 95, 1,[ 48, 23, 44, 18, 7, 92]],

[ 85, 95, 0,[ 58, 44, 50, 29]],

[ 71, 5, 0,[ 65, 8, 82, 35]],

[ 25, 55, 1,[ 91, 2, 61]],

[ 39, 95, 0,[ 42, 20, 99]],

[ 58, 95, 0,[ 54, 44, 85]],

[ 80, 15, 0,[ 51, 98, 11, 52]],

[ 74, 95, 1,[ 60, 17, 34, 26]],

[ 11, 65, 1,[ 7, 27, 80]],

[ 27, 85, 1,[ 29, 11, 56]],

[ 41, 35, 0,[ 88, 0]],

[ 59, 5, 0,[ 56, 36, 5]],

[ 21, 45, 1,[ 72, 4, 93]],

[ 69, 45, 0,[ 89, 96, 10]],

[ 1, 95, 1,[ 95, 9, 18, 37, 22]],

[ 65, 5, 0,[ 62, 45, 93, 71, 75]],

[ 8, 5, 0,[ 36, 49, 83, 71, 96, 28]],

[ 3, 5, 1,[ 61, 10, 5]],

[ 70, 5, 0,[ 5, 31, 55]],

[ 72, 35, 1,[ 54, 29, 21]],

[ 63, 5, 0,[ 52, 81, 14, 36]],

[ 95, 65, 0,[ 66, 1, 99]],

[ 46, 5, 1,[ 50, 87, 30]],

[ 75, 35, 0,[ 65, 98, 53, 43]],

[ 35, 75, 1,[ 76, 71, 15]],

[ 76, 75, 0,[ 35, 33, 36]],

[ 64, 95, 0,[ 88, 26, 29, 54]],

[ 56, 95, 0,[ 59, 19, 27]],

[ 16, 75, 1,[ 49, 12, 47, 57]],

[ 32, 5, 1,[ 29, 99, 23]],

[ 83, 5, 0,[ 23, 8, 81]],

[ 6, 75, 1,[ 12, 5, 29]],

[ 61, 5, 0,[ 3, 67, 25]],

[ 7, 65, 1,[ 40, 82, 11]],

[ 18, 65, 1,[ 38, 44, 40, 1]],

[ 87, 45, 1,[ 50, 46, 97]],

[ 50, 5, 0,[ 55, 85, 46, 87]],

[ 57, 35, 1,[ 97, 13, 16]],

[ 0, 25, 1,[ 41, 38, 37]],

[ 42, 95, 0,[ 92, 39, 55]],

[ 77, 5, 0,[ 62, 17, 91]],

[ 15, 5, 1,[ 90, 35, 51]],

[ 88, 35, 1,[ 90, 64, 41]],

[ 47, 75, 0,[ 16, 38, 28, 66]],

