[ 13, 65, 1,[ 37, 26, 99]],

[ 42, 95, 0,[ 81, 14, 71]],

[ 66, 95, 0,[ 28, 65, 34, 55, 3]],

[ 32, 55, 1,[ 5, 35, 78]],

[ 54, 75, 1,[ 91, 33, 95, 35]],

[ 38, 95, 1,[ 50, 51, 35]],

[ 33, 95, 0,[ 25, 54, 96, 36, 52]],

[ 90, 95, 0,[ 21, 6, 16, 45]],

[ 12, 65, 1,[ 30, 31, 63]],

[ 86, 95, 0,[ 3, 29, 19, 56]],

[ 76, 95, 0,[ 98, 91, 0]],

[ 34, 75, 1,[ 66, 63, 5]],

[ 50, 65, 1,[ 61, 38, 83]],

[ 56, 95, 0,[ 5, 2, 61, 58, 86]],

[ 71, 95, 0,[ 42, 5, 0]],

[ 47, 95, 0,[ 43, 65, 70]],

[ 48, 75, 1,[ 37, 5, 80]],

[ 94, 95, 0,[ 0, 61, 23]],

[ 27, 45, 1,[ 45, 40, 85, 1, 78]],

[ 31, 95, 0,[ 12, 74, 79]],

[ 85, 95, 0,[ 27, 14, 3]],

[ 67, 95, 1,[ 0, 15, 58]],

[ 68, 95, 0,[ 92, 18, 17]],

[ 3, 15, 1,[ 2, 29, 10, 36, 86, 99, 44, 17, 85, 66, 20, 4]],

[ 36, 45, 1,[ 0, 84, 33, 3]],

[ 44, 95, 0,[ 1, 3, 39, 79]],

[ 91, 95, 0,[ 63, 76, 54]],

[ 63, 95, 0,[ 87, 34, 91, 12]],

[ 30, 95, 1,[ 69, 12, 1, 57, 73]],

[ 18, 95, 1,[ 0, 43, 68]],

[ 46, 45, 1,[ 1, 19, 0]],

[ 99, 95, 0,[ 0, 13, 3, 95]],

[ 72, 95, 1,[ 39, 17, 75, 16]],

[ 60, 95, 0,[ 62, 96, 98]],

[ 37, 35, 1,[ 78, 0, 48, 9, 13, 96]],

[ 87, 95, 1,[ 98, 41, 63]],

[ 43, 95, 1,[ 55, 18, 47, 78]],

[ 88, 95, 1,[ 11, 93, 55, 59, 1]],

[ 29, 5, 1,[ 52, 3, 86]],

[ 97, 95, 0,[ 1, 73, 24]],

[ 84, 95, 0,[ 16, 36, 53]],

[ 82, 95, 0,[ 5, 7, 1]],

[ 51, 95, 0,[ 89, 0, 38]],

[ 89, 55, 1,[ 61, 51, 9]],

[ 17, 95, 1,[ 68, 72, 3, 75]],

[ 24, 35, 1,[ 0, 64, 97]],

[ 83, 95, 0,[ 5, 50, 40]],

[ 61, 95, 0,[ 56, 50, 89, 94]],

[ 21, 35, 1,[ 25, 1, 90]],

[ 1, 35, 1,[ 30, 46, 49, 15, 69, 97, 44, 70, 22, 9, 28, 88, 27, 82, 23, 64, 21, 10]],

[ 4, 15, 1,[ 8, 3, 11]],

[ 22, 95, 1,[ 1, 59, 2]],

[ 10, 85, 1,[ 58, 1, 3]],

[ 23, 95, 0,[ 1, 94, 11]],

[ 9, 35, 1,[ 89, 37, 1]],

[ 20, 95, 1,[ 53, 3, 59]],

[ 2, 95, 1,[ 79, 28, 41, 19, 22, 3, 56, 14]],

[ 92, 95, 0,[ 95, 68, 11]],

[ 70, 95, 0,[ 47, 59, 74, 1]],

[ 25, 45, 1,[ 93, 33, 0, 21]],

[ 95, 95, 0,[ 99, 54, 92]],

[ 78, 95, 0,[ 8, 43, 77, 27, 37, 32]],

[ 52, 35, 1,[ 29, 57, 33]],

[ 35, 95, 1,[ 58, 54, 38, 32]],

[ 77, 95, 0,[ 93, 78, 74]],

[ 62, 95, 1,[ 75, 60, 0, 26]],

[ 93, 95, 0,[ 77, 25, 88]],

[ 57, 65, 1,[ 75, 52, 30]],

[ 45, 95, 0,[ 26, 27, 90]],

[ 39, 95, 0,[ 72, 44, 14]],

[ 55, 95, 0,[ 88, 64, 43, 66]],

[ 79, 15, 1,[ 80, 44, 2, 31]],

[ 8, 95, 0,[ 78, 4, 7]],

[ 40, 95, 0,[ 27, 83, 5]],

[ 53, 95, 1,[ 74, 84, 20]],

[ 69, 65, 1,[ 30, 1, 15]],

[ 28, 5, 1,[ 1, 2, 66]],

[ 16, 55, 1,[ 84, 6, 90, 72]],

[ 58, 95, 1,[ 56, 35, 10, 67]],

[ 19, 95, 0,[ 2, 46, 86]],

[ 7, 95, 1,[ 0, 82, 8]],

[ 98, 65, 1,[ 76, 5, 60, 87, 81]],

[ 75, 95, 0,[ 17, 62, 72, 57]],

[ 81, 95, 0,[ 49, 42, 98]],

[ 80, 95, 0,[ 48, 5, 79]],

[ 96, 95, 0,[ 37, 33, 60]],

[ 11, 65, 1,[ 73, 92, 4, 23, 88]],

[ 14, 65, 1,[ 42, 85, 2, 39]],

[ 41, 95, 0,[ 87, 2]],

[ 74, 95, 0,[ 31, 53, 70, 77]],

[ 65, 95, 0,[ 47, 15, 66]],

[ 26, 95, 0,[ 13, 45, 62]],

[ 15, 95, 0,[ 65, 1, 69, 67]],

[ 49, 95, 0,[ 5, 81, 1]],

[ 0, 15, 1,[ 36, 46, 71, 94, 37, 76, 6, 18, 99, 7, 51, 25, 24, 67, 62]],

[ 73, 95, 0,[ 11, 30, 97]],

[ 64, 95, 0,[ 24, 1, 55]],

[ 5, 95, 1,[ 48, 71, 80, 40, 56, 32, 49, 98, 34, 83, 82]],

[ 6, 5, 1,[ 90, 16, 0]],

[ 59, 95, 0,[ 22, 88, 70, 20]],

