[ 49, 95, 1,[ 18, 84, 8]],

[ 63, 45, 1,[ 0, 7, 41]],

[ 16, 35, 0,[ 42, 96, 75]],

[ 58, 85, 1,[ 61, 70, 6]],

[ 97, 25, 1,[ 7, 67, 77]],

[ 91, 5, 1,[ 34, 93, 35, 44, 21]],

[ 73, 5, 1,[ 81, 83, 71, 66]],

[ 47, 45, 1,[ 14, 70, 0]],

[ 38, 45, 0,[ 61, 81, 51]],

[ 74, 65, 1,[ 43, 6, 94, 33, 65, 39]],

[ 48, 95, 0,[ 88, 59, 77]],

[ 19, 85, 1,[ 11, 26, 0]],

[ 67, 45, 0,[ 97, 79, 43]],

[ 81, 35, 1,[ 4, 38, 73]],

[ 72, 15, 0,[ 55, 98, 42]],

[ 14, 95, 0,[ 22, 87, 47]],

[ 45, 35, 1,[ 51, 66, 78, 15, 3]],

[ 57, 15, 0,[ 89, 44, 90]],

[ 27, 95, 0,[ 10, 54, 9]],

[ 42, 55, 1,[ 20, 72, 65, 16]],

[ 1, 15, 0,[ 37, 24, 4]],

[ 53, 95, 0,[ 86, 39, 22]],

[ 54, 95, 0,[ 88, 27, 89, 6]],

[ 77, 5, 1,[ 48, 97, 31, 21, 7]],

[ 87, 25, 1,[ 29, 52, 13, 88, 9, 68, 14]],

[ 56, 45, 1,[ 64, 30, 61, 13]],

[ 83, 15, 0,[ 73, 10, 2, 15]],

[ 99, 25, 1,[ 29, 96, 43]],

[ 76, 25, 1,[ 36, 5, 52, 32, 50]],

[ 22, 25, 0,[ 18, 53, 14]],

[ 8, 55, 1,[ 49, 34, 17]],

[ 37, 75, 0,[ 96, 1, 70]],

[ 23, 35, 1,[ 69, 41, 40, 29, 3, 85]],

[ 35, 55, 0,[ 60, 30, 91]],

[ 15, 55, 1,[ 25, 68, 83, 45]],

[ 65, 15, 1,[ 42, 94, 74]],

[ 68, 35, 1,[ 15, 10, 87]],

[ 25, 15, 0,[ 15, 4, 94]],

[ 2, 15, 0,[ 24, 83]],

[ 55, 15, 0,[ 33, 72, 79]],

[ 50, 35, 0,[ 0, 96, 76]],

[ 69, 15, 1,[ 23, 3, 17, 79]],

[ 86, 55, 1,[ 61, 53, 6]],

[ 34, 85, 0,[ 91, 8, 80]],

[ 24, 75, 1,[ 82, 2, 1]],

[ 40, 25, 1,[ 90, 23, 52]],

[ 79, 25, 1,[ 67, 69, 55, 82]],

[ 78, 75, 0,[ 45, 18, 36, 80, 95]],

[ 29, 55, 0,[ 87, 23, 60, 99]],

[ 32, 45, 0,[ 46, 11, 84, 98, 92, 76]],

[ 85, 75, 1,[ 60, 23, 61]],

[ 95, 85, 0,[ 78, 62, 93]],

[ 20, 55, 0,[ 42, 31, 5]],

[ 93, 85, 1,[ 82, 95, 91]],

[ 31, 65, 1,[ 12, 77, 20, 36]],

[ 94, 55, 1,[ 65, 74, 25]],

[ 80, 75, 0,[ 34, 64, 78, 90]],

[ 70, 75, 0,[ 58, 47, 37, 64]],

[ 26, 25, 1,[ 82, 96, 19]],

[ 5, 55, 0,[ 20, 75, 76, 98]],

[ 82, 85, 1,[ 79, 26, 24, 93]],

[ 3, 55, 0,[ 23, 45, 69]],

[ 46, 45, 0,[ 32, 43, 30]],

[ 60, 65, 1,[ 75, 98, 85, 29, 35]],

[ 41, 25, 1,[ 63, 84, 62, 89, 23]],

[ 28, 15, 0,[ 92, 21, 33, 44]],

[ 89, 15, 1,[ 39, 41, 59, 57, 54]],

[ 98, 65, 1,[ 72, 60, 5, 32]],

[ 10, 95, 0,[ 68, 27, 83]],

[ 12, 45, 0,[ 31, 11, 66]],

[ 66, 35, 1,[ 45, 73, 12]],

[ 0, 75, 0,[ 47, 50, 19, 63]],

[ 9, 95, 0,[ 27, 87, 7]],

[ 62, 45, 1,[ 43, 41, 95]],

[ 43, 75, 0,[ 62, 67, 46, 99, 74]],

[ 11, 45, 0,[ 52, 19, 12, 32]],

[ 4, 15, 0,[ 1, 25, 17, 81]],

[ 52, 45, 0,[ 87, 76, 40, 11]],

[ 64, 75, 1,[ 80, 70, 56]],

[ 88, 95, 0,[ 48, 87, 54]],

[ 51, 35, 1,[ 38, 44, 45]],

[ 75, 35, 1,[ 16, 5, 60]],

[ 33, 15, 1,[ 28, 74, 13, 55]],

[ 61, 5, 1,[ 86, 85, 58, 56, 38]],

[ 71, 85, 1,[ 90, 73, 59]],

[ 39, 85, 0,[ 89, 53, 74]],

[ 6, 95, 0,[ 54, 74, 86, 58]],

[ 36, 75, 0,[ 78, 76, 31]],

[ 18, 5, 0,[ 78, 49, 22]],

[ 30, 45, 0,[ 56, 35, 46]],

[ 92, 45, 1,[ 28, 96, 32]],

[ 13, 95, 0,[ 87, 56, 33]],

[ 59, 85, 0,[ 71, 89, 48]],

[ 17, 85, 0,[ 8, 4, 69]],

[ 44, 75, 1,[ 28, 91, 51, 57]],

[ 21, 35, 0,[ 91, 77, 28]],

[ 96, 95, 1,[ 92, 37, 50, 16, 26, 99]],

[ 84, 75, 1,[ 41, 49, 32]],

[ 90, 55, 1,[ 57, 40, 71, 80]],

[ 7, 35, 0,[ 77, 9, 63, 97]],

