[ 40, 35, 0,[ 39, 84, 98]],

[ 89, 35, 0,[ 97, 3, 7]],

[ 32, 35, 1,[ 53, 61, 36]],

[ 37, 75, 1,[ 45, 78, 11]],

[ 35, 35, 1,[ 92, 12, 90]],

[ 59, 5, 1,[ 41, 82, 21, 29]],

[ 71, 35, 0,[ 51, 14, 43]],

[ 39, 35, 0,[ 40, 87, 58]],

[ 0, 35, 1,[ 52, 97, 99]],

[ 31, 35, 0,[ 18, 8, 98]],

[ 10, 35, 1,[ 74, 45, 18, 24]],

[ 86, 35, 0,[ 82, 57, 70]],

[ 83, 85, 1,[ 26, 85, 47, 78]],

[ 63, 35, 0,[ 85, 28, 47]],

[ 92, 35, 0,[ 99, 69, 35, 34, 84]],

[ 93, 35, 0,[ 84, 64, 98]],

[ 87, 35, 0,[ 85, 39, 60]],

[ 55, 75, 1,[ 42, 4, 84]],

[ 99, 95, 1,[ 44, 75, 92, 0, 58]],

[ 54, 65, 1,[ 21, 42, 44, 11, 29]],

[ 49, 35, 0,[ 85, 62, 44]],

[ 26, 35, 0,[ 3, 83, 67]],

[ 53, 35, 1,[ 2, 64, 32]],

[ 9, 35, 1,[ 13, 24, 75, 90]],

[ 7, 65, 1,[ 89, 90]],

[ 60, 35, 0,[ 52, 87, 18]],

[ 76, 35, 0,[ 47, 70, 38]],

[ 23, 35, 0,[ 57, 36, 24, 68]],

[ 50, 35, 0,[ 75, 19, 28]],

[ 16, 55, 1,[ 6, 17, 57, 73, 91]],

[ 78, 35, 0,[ 83, 37, 22]],

[ 66, 35, 0,[ 88, 17, 43, 34]],

[ 70, 35, 0,[ 76, 86, 96]],

[ 21, 5, 1,[ 6, 54, 59]],

[ 69, 35, 0,[ 5, 6, 92, 14]],

[ 75, 35, 0,[ 50, 99, 9]],

[ 15, 35, 0,[ 56, 8, 27]],

[ 12, 35, 1,[ 29, 62, 35]],

[ 46, 35, 1,[ 36, 48, 88]],

[ 4, 35, 1,[ 55, 82]],

[ 5, 25, 1,[ 1, 69, 80]],

[ 52, 35, 1,[ 0, 96, 60]],

[ 47, 35, 0,[ 76, 6, 83, 63, 67]],

[ 17, 35, 1,[ 74, 66, 16, 95]],

[ 8, 35, 0,[ 1, 31, 96, 15, 29]],

[ 42, 35, 0,[ 54, 55, 20]],

[ 56, 35, 0,[ 30, 15, 34, 33]],

[ 22, 35, 1,[ 79, 78, 38]],

[ 80, 25, 1,[ 5]],

[ 61, 35, 0,[ 81, 96, 32]],

[ 96, 35, 1,[ 61, 52, 72, 8, 70]],

[ 90, 35, 0,[ 9, 95, 35, 7]],

[ 98, 35, 0,[ 73, 40, 31, 93, 94]],

[ 84, 35, 0,[ 93, 92, 55, 40]],

[ 77, 5, 1,[ 2, 67, 13]],

[ 33, 35, 0,[ 25, 72, 56]],

[ 81, 35, 0,[ 61, 58, 68]],

[ 51, 35, 0,[ 71, 94, 13]],

[ 73, 35, 0,[ 98, 16, 30]],

[ 24, 35, 1,[ 23, 10, 95, 9, 25]],

[ 65, 35, 0,[ 28, 88, 41]],

[ 3, 35, 1,[ 68, 26, 89, 27]],

[ 44, 35, 0,[ 99, 54, 30, 49]],

[ 58, 35, 0,[ 72, 99, 39, 25, 81]],

[ 41, 35, 0,[ 59, 48, 65]],

[ 27, 35, 1,[ 48, 3, 15]],

[ 72, 35, 1,[ 33, 96, 58]],

[ 13, 35, 1,[ 51, 9, 77]],

[ 38, 35, 1,[ 76, 45, 43, 22]],

[ 6, 95, 1,[ 21, 16, 69, 47]],

[ 1, 35, 1,[ 88, 97, 8, 5]],

[ 97, 35, 0,[ 0, 1, 89]],

[ 94, 35, 0,[ 91, 51, 98]],

[ 45, 35, 0,[ 37, 10, 38, 79]],

[ 64, 35, 0,[ 62, 53, 14, 93]],

[ 30, 95, 1,[ 56, 73, 44]],

[ 91, 35, 0,[ 94, 16, 18]],

[ 19, 35, 0,[ 67, 50, 74]],

[ 34, 25, 1,[ 92, 56, 2, 66]],

[ 79, 5, 1,[ 45, 88, 22]],

[ 74, 35, 0,[ 10, 17, 36, 19]],

[ 25, 55, 1,[ 58, 24, 33]],

[ 36, 35, 1,[ 32, 46, 74, 23]],

[ 88, 35, 1,[ 79, 1, 46, 65, 66]],

[ 28, 15, 1,[ 65, 63, 50]],

[ 95, 35, 0,[ 90, 24, 17]],

[ 62, 35, 1,[ 49, 12, 64]],

[ 29, 65, 1,[ 12, 59, 8, 54]],

[ 43, 35, 1,[ 66, 38, 71]],

[ 18, 35, 1,[ 91, 31, 60, 10]],

[ 67, 35, 0,[ 19, 77, 26, 47]],

[ 85, 35, 0,[ 83, 49, 63, 87]],

[ 48, 35, 1,[ 27, 46, 41]],

[ 20, 35, 1,[ 42]],

[ 11, 5, 1,[ 37, 54]],

[ 57, 15, 1,[ 86, 16, 23]],

[ 2, 45, 1,[ 77, 34, 53]],

[ 14, 35, 1,[ 71, 69, 64]],

[ 68, 35, 0,[ 3, 81, 23]],

[ 82, 35, 0,[ 59, 4, 86]],

