[ 97, 5, 1,[ 17, 98, 8]],

[ 85, 5, 1,[ 57, 62, 10, 51]],

[ 75, 55, 1,[ 87, 77, 14]],

[ 7, 45, 0,[ 46, 34, 90, 64, 23, 54, 24]],

[ 51, 25, 1,[ 85, 89, 92, 71]],

[ 20, 15, 0,[ 52, 77, 99]],

[ 64, 85, 1,[ 57, 56, 7, 33]],

[ 89, 15, 1,[ 36, 48, 51]],

[ 79, 45, 1,[ 66, 40, 96]],

[ 34, 45, 0,[ 61, 37, 63, 7, 3]],

[ 78, 95, 1,[ 82, 69, 35, 92]],

[ 57, 25, 0,[ 85, 66, 64]],

[ 60, 15, 1,[ 31, 27]],

[ 2, 55, 0,[ 35, 99, 68]],

[ 39, 75, 1,[ 59, 26, 18]],

[ 30, 55, 0,[ 80, 40, 29]],

[ 54, 45, 0,[ 65, 7, 80]],

[ 21, 15, 0,[ 84, 11, 61, 23]],

[ 84, 15, 1,[ 50, 21, 58]],

[ 94, 75, 1,[ 42, 17, 48]],

[ 9, 25, 0,[ 40, 90]],

[ 42, 45, 0,[ 69, 14, 62, 94]],

[ 1, 45, 0,[ 90, 69, 50]],

[ 48, 45, 0,[ 89, 81, 32, 94]],

[ 38, 75, 0,[ 43, 18, 68, 6]],

[ 44, 45, 1,[ 68, 52, 58]],

[ 87, 75, 0,[ 61, 75, 13]],

[ 25, 45, 0,[ 70, 22, 73]],

[ 33, 5, 1,[ 67, 16, 64]],

[ 43, 55, 0,[ 38, 14, 24, 73, 77]],

[ 16, 5, 0,[ 27, 26, 33, 66]],

[ 68, 65, 1,[ 35, 2, 38, 32, 44, 53, 40, 76]],

[ 46, 45, 0,[ 13, 63, 7]],

[ 0, 95, 0,[ 70, 74, 88]],

[ 83, 45, 1,[ 28, 72, 59]],

[ 72, 25, 0,[ 98, 83, 67]],

[ 31, 45, 0,[ 60, 12, 17, 15]],

[ 65, 85, 1,[ 27, 54, 23]],

[ 76, 55, 1,[ 45, 18, 68]],

[ 81, 45, 1,[ 37, 3, 48]],

[ 13, 45, 0,[ 46, 15, 86, 87]],

[ 29, 45, 0,[ 98, 82, 14, 30]],

[ 91, 85, 1,[ 74, 49, 61]],

[ 4, 95, 0,[ 45, 93, 88]],

[ 35, 55, 0,[ 78, 2, 68]],

[ 99, 95, 1,[ 41, 71, 2, 20, 24]],

[ 70, 65, 0,[ 25, 80, 0]],

[ 73, 55, 1,[ 43, 8, 25]],

[ 17, 45, 0,[ 31, 53, 97, 94]],

[ 98, 25, 0,[ 72, 97, 29]],

[ 62, 45, 0,[ 42, 85, 11]],

[ 95, 25, 0,[ 67, 8, 41]],

[ 41, 25, 1,[ 95, 8, 99]],

[ 82, 35, 1,[ 29, 80, 78, 50, 32, 45]],

[ 49, 75, 0,[ 15, 91, 67]],

[ 15, 55, 1,[ 13, 31, 6, 58, 49]],

[ 8, 45, 1,[ 41, 5, 73, 95, 97]],

[ 63, 45, 1,[ 47, 34, 46]],

[ 47, 65, 1,[ 63, 19, 37]],

[ 74, 95, 1,[ 91, 0]],

[ 18, 75, 0,[ 76, 38, 39, 5]],

[ 52, 65, 0,[ 80, 44, 55, 20]],

[ 86, 45, 0,[ 69, 13, 59]],

[ 28, 45, 0,[ 83, 55, 3]],

[ 37, 45, 0,[ 34, 10, 81, 47, 11]],

[ 6, 45, 0,[ 38, 36, 15, 10]],

[ 14, 45, 0,[ 43, 42, 29, 75]],

[ 58, 55, 1,[ 15, 84, 44]],

[ 93, 95, 1,[ 67, 4, 56]],

[ 96, 45, 0,[ 71, 79]],

[ 61, 75, 1,[ 21, 34, 90, 91, 87]],

[ 10, 45, 0,[ 37, 85, 55, 19, 6]],

[ 90, 45, 1,[ 7, 9, 61, 1]],

[ 66, 25, 1,[ 79, 16, 57]],

[ 32, 45, 0,[ 48, 68, 82]],

[ 3, 45, 0,[ 34, 28, 81]],

[ 36, 45, 0,[ 89, 22, 6]],

[ 77, 25, 1,[ 43, 75, 20]],

[ 55, 65, 1,[ 28, 10, 52]],

[ 11, 45, 0,[ 21, 62, 37]],

[ 71, 15, 1,[ 51, 99, 22, 96]],

[ 22, 45, 0,[ 36, 71, 25]],

[ 50, 45, 1,[ 1, 84, 82]],

[ 45, 25, 1,[ 76, 4, 82]],

[ 88, 95, 0,[ 92, 12, 4, 0]],

[ 27, 25, 0,[ 60, 19, 65, 16]],

[ 26, 5, 1,[ 39, 16]],

[ 59, 75, 1,[ 86, 83, 39]],

[ 19, 25, 1,[ 10, 27, 47]],

[ 69, 35, 1,[ 86, 42, 1, 78]],

[ 12, 45, 0,[ 88, 5, 31]],

[ 56, 15, 1,[ 93, 64]],

[ 24, 95, 1,[ 99, 7, 43]],

[ 92, 75, 1,[ 88, 51, 78]],

[ 40, 75, 1,[ 79, 9, 68, 30]],

[ 53, 45, 0,[ 17, 68]],

[ 80, 65, 1,[ 30, 54, 70, 82, 52]],

[ 5, 45, 0,[ 12, 8, 18]],

[ 23, 15, 1,[ 21, 7, 65]],

[ 67, 35, 1,[ 72, 95, 33, 49, 93]],

