[ 70, 95, 0,[ 27, 92, 29]],

[ 93, 5, 0,[ 19, 84, 80]],

[ 17, 35, 1,[ 2, 26, 98, 53]],

[ 41, 55, 1,[ 56, 85, 7, 43]],

[ 34, 25, 1,[ 11, 27, 67]],

[ 90, 55, 0,[ 71, 3, 49]],

[ 74, 95, 0,[ 89, 1, 22, 19]],

[ 8, 15, 1,[ 67, 12, 77, 25]],

[ 48, 65, 1,[ 58, 15, 33]],

[ 39, 35, 0,[ 6, 35, 89]],

[ 50, 95, 0,[ 59, 9, 88, 81]],

[ 22, 45, 1,[ 74, 13, 63, 73]],

[ 3, 5, 1,[ 90, 99, 76]],

[ 42, 85, 1,[ 5, 55, 57]],

[ 33, 5, 1,[ 48, 86, 61, 68]],

[ 47, 95, 0,[ 18, 62, 29, 24]],

[ 54, 25, 1,[ 51, 56, 73, 64, 5, 79]],

[ 16, 35, 1,[ 9, 7, 65]],

[ 51, 95, 0,[ 96, 54, 81]],

[ 29, 55, 1,[ 83, 46, 47, 70]],

[ 72, 95, 1,[ 64, 14, 7]],

[ 84, 5, 0,[ 93, 69, 87, 26]],

[ 6, 5, 1,[ 24, 39, 66, 80]],

[ 5, 55, 1,[ 54, 42, 52]],

[ 64, 25, 0,[ 54, 30, 72, 14]],

[ 94, 5, 1,[ 13, 83, 59]],

[ 75, 25, 0,[ 25, 53, 30]],

[ 92, 95, 0,[ 32, 80, 96, 78, 70]],

[ 88, 85, 1,[ 98, 60, 81, 50, 1, 77, 95]],

[ 35, 85, 1,[ 39, 23, 68, 58]],

[ 65, 95, 0,[ 66, 16, 37]],

[ 15, 5, 0,[ 10, 80, 48, 91, 85]],

[ 10, 75, 1,[ 2, 23, 60, 15, 4]],

[ 20, 35, 1,[ 59, 30, 96]],

[ 60, 25, 0,[ 1, 10, 95, 68, 88]],

[ 44, 85, 0,[ 86, 27, 7, 56]],

[ 46, 15, 1,[ 29, 76, 37, 95]],

[ 63, 75, 1,[ 22, 69, 87]],

[ 96, 95, 0,[ 20, 92, 51, 49]],

[ 69, 5, 0,[ 73, 63, 67, 84]],

[ 9, 75, 1,[ 55, 50, 16]],

[ 37, 5, 1,[ 91, 46, 77, 65]],

[ 24, 95, 0,[ 47, 67, 6]],

[ 32, 75, 1,[ 66, 28, 92]],

[ 11, 75, 1,[ 23, 87, 34]],

[ 13, 15, 1,[ 22, 45, 94]],

[ 40, 15, 0,[ 36, 67, 7]],

[ 36, 95, 1,[ 57, 83, 40]],

[ 28, 85, 1,[ 32, 85, 49]],

[ 55, 35, 0,[ 78, 9, 42]],

[ 19, 95, 0,[ 93, 74, 79]],

[ 59, 95, 0,[ 20, 94, 50, 18]],

[ 98, 55, 0,[ 17, 88, 21]],

[ 7, 75, 1,[ 66, 14, 44, 40, 16, 41, 72]],

[ 71, 75, 0,[ 62, 97, 90]],

[ 66, 15, 1,[ 6, 7, 86, 65, 32]],

[ 25, 5, 1,[ 8, 75, 12]],

[ 78, 35, 0,[ 92, 38, 2, 55]],

[ 77, 5, 0,[ 37, 8, 88]],

[ 79, 95, 0,[ 18, 54, 19]],

[ 27, 95, 1,[ 49, 44, 70, 34]],

[ 21, 45, 1,[ 61, 82, 98]],

[ 1, 65, 1,[ 60, 88, 4, 74]],

[ 85, 35, 0,[ 41, 15, 28]],

[ 53, 55, 1,[ 52, 0, 17, 75]],

[ 95, 75, 0,[ 60, 46, 88]],

[ 38, 75, 1,[ 61, 31, 99, 78]],

[ 97, 75, 0,[ 4, 71]],

[ 31, 95, 0,[ 0, 99, 38]],

[ 2, 95, 1,[ 78, 10, 17]],

[ 0, 85, 1,[ 31, 82, 53]],

[ 89, 35, 0,[ 74, 26, 39]],

[ 76, 75, 0,[ 46, 3]],

[ 18, 35, 1,[ 79, 59, 47]],

[ 82, 25, 0,[ 12, 0, 21]],

[ 23, 5, 0,[ 35, 11, 10]],

[ 26, 5, 0,[ 84, 17, 58, 89]],

[ 57, 95, 1,[ 45, 36, 42]],

[ 67, 95, 0,[ 24, 8, 34, 69, 40, 91]],

[ 43, 35, 1,[ 41, 86, 52]],

[ 73, 35, 0,[ 69, 54, 22]],

[ 81, 95, 0,[ 51, 50, 88]],

[ 14, 85, 1,[ 7, 72, 64]],

[ 91, 35, 1,[ 67, 15, 37]],

[ 45, 75, 0,[ 61, 13, 62, 4, 57]],

[ 61, 25, 0,[ 33, 21, 45, 38]],

[ 87, 85, 1,[ 11, 63, 84]],

[ 99, 55, 0,[ 38, 3, 31]],

[ 83, 15, 0,[ 36, 94, 29]],

[ 86, 5, 1,[ 33, 43, 66, 44]],

[ 4, 15, 1,[ 97, 45, 10, 1]],

[ 52, 55, 1,[ 5, 53, 43]],

[ 30, 25, 1,[ 75, 20, 64]],

[ 49, 95, 0,[ 27, 28, 90, 96]],

[ 12, 15, 1,[ 25, 8, 82]],

[ 56, 55, 0,[ 41, 44, 54]],

[ 68, 15, 0,[ 33, 35, 60]],

[ 62, 75, 0,[ 45, 47, 71]],

[ 58, 5, 0,[ 48, 35, 26]],

[ 80, 5, 0,[ 15, 93, 6, 92]],

