[ 17, 5, 0,[ 85, 32, 87]],

[ 47, 5, 0,[ 5, 21, 76, 8, 1, 56, 41]],

[ 35, 5, 0,[ 38, 54, 32, 58]],

[ 56, 5, 1,[ 5, 75, 47]],

[ 65, 5, 0,[ 67, 5, 73, 6]],

[ 81, 55, 1,[ 26, 60, 13]],

[ 52, 5, 0,[ 53, 38, 94]],

[ 76, 5, 1,[ 13, 0, 47]],

[ 36, 5, 0,[ 1, 67, 0]],

[ 67, 5, 0,[ 61, 3, 36, 65]],

[ 3, 5, 0,[ 58, 99, 80, 4, 44, 82, 50, 14, 1, 26, 20, 86, 53, 85, 29, 10, 67]],

[ 78, 5, 1,[ 86, 27, 37, 50]],

[ 42, 5, 1,[ 49, 63, 31, 86, 13]],

[ 57, 5, 0,[ 10, 22, 49]],

[ 30, 5, 0,[ 0, 1, 97]],

[ 51, 15, 1,[ 49, 2]],

[ 34, 5, 0,[ 64, 5, 39]],

[ 28, 5, 0,[ 72, 66, 2, 19]],

[ 14, 5, 0,[ 3, 60, 2]],

[ 95, 5, 1,[ 83, 45, 88]],

[ 21, 5, 0,[ 47, 39, 1]],

[ 98, 5, 0,[ 5, 33]],

[ 46, 5, 0,[ 0, 83, 68]],

[ 38, 5, 0,[ 50, 40, 52, 45, 12, 35]],

[ 29, 5, 0,[ 12, 60, 3]],

[ 83, 5, 0,[ 95, 92, 32, 46]],

[ 49, 5, 1,[ 1, 88, 42, 51, 57]],

[ 43, 5, 0,[ 1, 70, 69, 84, 97, 0, 40]],

[ 48, 5, 0,[ 5, 9, 79]],

[ 26, 65, 1,[ 81, 3, 13, 15, 5]],

[ 73, 5, 1,[ 82, 11, 65]],

[ 88, 5, 0,[ 1, 95, 93, 49]],

[ 69, 5, 1,[ 1, 43]],

[ 63, 65, 1,[ 42, 24, 12]],

[ 1, 5, 0,[ 55, 88, 23, 21, 30, 24, 68, 59, 47, 44, 86, 2, 12, 69, 36, 27, 3, 64, 18, 49, 96, 0, 16, 22, 89, 43]],

[ 7, 5, 0,[ 93, 91, 0]],

[ 61, 5, 0,[ 80, 37, 67]],

[ 90, 95, 1,[ 79, 16, 6]],

[ 10, 5, 0,[ 57, 58, 3, 77]],

[ 74, 5, 1,[ 75, 8, 11]],

[ 64, 5, 1,[ 66, 1, 34]],

[ 59, 5, 1,[ 22, 1, 66]],

[ 16, 5, 0,[ 6, 1, 32, 55, 84, 90]],

[ 44, 25, 1,[ 1, 66, 3]],

[ 39, 5, 1,[ 34, 94, 21]],

[ 89, 5, 1,[ 1, 9, 85]],

[ 82, 5, 1,[ 53, 73, 3]],

[ 45, 5, 1,[ 38, 95, 23, 37]],

[ 24, 35, 1,[ 63, 1, 55, 0]],

[ 68, 5, 1,[ 71, 1, 46]],

[ 11, 5, 0,[ 74, 23, 70, 4, 73, 2]],

[ 32, 5, 0,[ 15, 35, 83, 16, 17]],

[ 71, 55, 1,[ 5, 0, 68]],

[ 62, 5, 1,[ 80, 9, 0]],

[ 96, 15, 1,[ 1, 66, 86]],

[ 20, 5, 0,[ 41, 3, 2]],

[ 94, 65, 1,[ 52, 0, 2, 39]],

[ 18, 5, 0,[ 1, 77, 0]],

[ 22, 5, 0,[ 1, 59, 37, 57, 2]],

[ 4, 5, 0,[ 0, 11, 3]],

[ 93, 45, 1,[ 88, 7, 33, 25]],

[ 6, 5, 0,[ 65, 66, 16, 90]],

[ 75, 45, 1,[ 2, 54, 56, 74]],

[ 13, 5, 0,[ 31, 2, 81, 42, 5, 76, 26]],

[ 86, 5, 0,[ 3, 96, 1, 42, 78, 99]],

[ 9, 5, 0,[ 62, 89, 0, 48]],

[ 79, 55, 1,[ 90, 48, 2]],

[ 87, 5, 1,[ 54, 17, 2]],

[ 0, 5, 0,[ 99, 8, 12, 46, 94, 43, 76, 36, 24, 71, 62, 18, 4, 37, 30, 9, 1, 2, 25, 7]],

[ 92, 55, 1,[ 2, 83]],

[ 41, 15, 1,[ 31, 47, 20]],

[ 77, 5, 1,[ 15, 18, 10, 55]],

[ 37, 5, 0,[ 0, 22, 45, 61, 78]],

[ 80, 5, 1,[ 61, 3, 62, 5]],

[ 70, 5, 1,[ 43, 11, 66]],

[ 55, 5, 0,[ 77, 16, 1, 24]],

[ 40, 15, 1,[ 38, 5, 43]],

[ 99, 85, 1,[ 0, 3, 86]],

[ 66, 5, 1,[ 64, 70, 96, 59, 28, 6, 44]],

[ 60, 5, 0,[ 81, 14, 29]],

[ 91, 35, 1,[ 7, 2, 54]],

[ 2, 5, 0,[ 13, 91, 25, 53, 11, 94, 14, 19, 75, 20, 51, 5, 28, 1, 22, 85, 87, 79, 92, 0]],

[ 31, 5, 1,[ 13, 42, 41]],

[ 50, 75, 1,[ 3, 38, 78]],

[ 5, 5, 0,[ 13, 40, 26, 2, 98, 34, 48, 56, 47, 80, 65, 71]],

[ 19, 25, 1,[ 2, 28, 97, 72]],

[ 54, 5, 0,[ 91, 87, 35, 75]],

[ 85, 5, 0,[ 2, 3, 89, 17]],

[ 84, 5, 1,[ 43, 16, 33]],

[ 53, 5, 0,[ 82, 3, 52, 2]],

[ 33, 85, 1,[ 84, 98, 93]],

[ 58, 65, 1,[ 35, 3, 10]],

[ 15, 55, 1,[ 72, 77, 26, 32]],

[ 72, 5, 0,[ 15, 28, 19]],

[ 97, 5, 1,[ 30, 19, 43]],

[ 27, 5, 0,[ 1, 23, 78]],

[ 23, 5, 1,[ 27, 45, 1, 11]],

[ 25, 5, 0,[ 2, 0, 93]],

[ 12, 5, 0,[ 1, 63, 0, 38, 29]],

[ 8, 95, 1,[ 47, 0, 74]],

