[ 63, 65, 0,[ 54, 12, 78]],

[ 15, 65, 0,[ 79, 56, 67, 13]],

[ 64, 65, 0,[ 21, 33, 61, 86]],

[ 68, 65, 0,[ 59, 18, 48]],

[ 74, 65, 0,[ 86, 35, 72]],

[ 2, 95, 1,[ 92, 7, 85, 8, 13, 25, 56]],

[ 9, 65, 0,[ 0, 34, 20]],

[ 11, 65, 1,[ 23, 99, 81]],

[ 18, 65, 0,[ 1, 69, 0, 68, 41, 95, 91]],

[ 35, 65, 0,[ 1, 19, 67, 74, 59, 98]],

[ 30, 65, 0,[ 66, 61, 23]],

[ 71, 65, 0,[ 37, 19, 5]],

[ 93, 65, 0,[ 49, 36, 25]],

[ 49, 65, 0,[ 60, 70, 93]],

[ 46, 65, 0,[ 75, 48, 0]],

[ 37, 65, 0,[ 71, 44, 98, 84, 45, 0]],

[ 94, 65, 0,[ 0, 92, 47]],

[ 41, 65, 0,[ 18, 90, 89]],

[ 51, 65, 0,[ 62, 12, 38]],

[ 14, 65, 0,[ 99, 58, 60]],

[ 87, 65, 0,[ 13, 21, 79, 22, 31]],

[ 53, 65, 0,[ 40, 81, 97]],

[ 24, 65, 0,[ 81]],

[ 75, 65, 0,[ 83, 46, 26]],

[ 90, 65, 0,[ 41, 92, 17, 8]],

[ 54, 65, 0,[ 63, 80, 91]],

[ 86, 65, 0,[ 3, 64, 74, 28]],

[ 7, 65, 0,[ 2, 0, 47, 50, 96]],

[ 29, 65, 0,[ 99, 76, 44]],

[ 55, 65, 0,[ 16, 1, 10]],

[ 61, 65, 0,[ 17, 30, 73, 64]],

[ 33, 65, 0,[ 64, 39, 3, 70]],

[ 32, 65, 0,[ 1, 16, 79]],

[ 97, 65, 0,[ 53, 47, 43]],

[ 4, 65, 0,[ 34, 99, 3]],

[ 81, 65, 0,[ 24, 99, 11, 53]],

[ 22, 65, 0,[ 59, 87, 1]],

[ 50, 65, 0,[ 62, 27, 20, 7]],

[ 57, 65, 0,[ 6, 52, 78]],

[ 39, 65, 0,[ 21, 33, 43]],

[ 78, 65, 0,[ 57, 63, 28]],

[ 21, 65, 0,[ 64, 39, 87]],

[ 10, 65, 1,[ 77, 55, 27]],

[ 52, 65, 0,[ 89, 57, 76, 42]],

[ 72, 65, 0,[ 45, 66, 62, 74]],

[ 23, 65, 0,[ 48, 26, 30, 11, 88]],

[ 73, 65, 0,[ 28, 79, 61, 77]],

[ 45, 65, 0,[ 72, 6, 79, 37]],

[ 88, 65, 0,[ 77, 28, 23, 80]],

[ 48, 65, 0,[ 46, 68, 5, 23]],

[ 98, 65, 0,[ 37, 20, 35]],

[ 12, 65, 0,[ 38, 51, 69, 63]],

[ 85, 65, 0,[ 91, 3, 19, 31, 2]],

[ 8, 65, 0,[ 90, 2]],

[ 19, 65, 0,[ 26, 71, 85, 35]],

[ 91, 65, 0,[ 18, 54, 85]],

[ 96, 65, 0,[ 7, 40, 38]],

[ 58, 65, 0,[ 47, 25, 65, 14]],

[ 3, 85, 1,[ 17, 86, 82, 4, 85, 1, 27, 67, 33]],

[ 38, 65, 1,[ 51, 40, 96, 12]],

[ 66, 65, 0,[ 30, 72]],

[ 70, 65, 0,[ 65, 33, 84, 49]],

[ 69, 65, 0,[ 18, 80, 12]],

[ 89, 65, 0,[ 52, 31, 56, 41]],

[ 56, 65, 0,[ 15, 2, 89]],

[ 25, 65, 0,[ 2, 58, 93]],

[ 84, 65, 0,[ 37, 70]],

[ 27, 65, 0,[ 10, 3, 50]],

[ 99, 65, 0,[ 4, 81, 29, 14, 0, 11, 59]],

[ 79, 65, 0,[ 73, 45, 87, 42, 32, 15]],

[ 43, 65, 0,[ 1, 59, 39, 97]],

[ 47, 65, 0,[ 7, 97, 58, 94, 5]],

[ 44, 65, 0,[ 37, 1, 29]],

[ 59, 65, 0,[ 95, 68, 22, 43, 35, 99]],

[ 6, 95, 1,[ 95, 57, 45]],

[ 83, 65, 0,[ 75, 5, 95]],

[ 62, 65, 0,[ 72, 60, 51, 50]],

[ 1, 65, 1,[ 43, 3, 22, 55, 32, 35, 28, 18, 44]],

[ 16, 65, 0,[ 82, 55, 32]],

[ 67, 65, 0,[ 15, 35, 3]],

[ 17, 65, 0,[ 61, 3, 5, 90]],

[ 42, 65, 0,[ 52, 79]],

[ 76, 65, 0,[ 52, 0, 29]],

[ 80, 65, 0,[ 5, 54, 69, 88]],

[ 34, 65, 0,[ 82, 4, 9]],

[ 20, 65, 0,[ 9, 98, 50]],

[ 5, 45, 1,[ 17, 48, 40, 47, 80, 83, 71, 13]],

[ 95, 65, 0,[ 83, 18, 59, 6]],

[ 60, 65, 0,[ 62, 14, 49]],

[ 82, 65, 0,[ 3, 34, 16]],

[ 40, 65, 0,[ 38, 53, 5, 96]],

[ 31, 65, 0,[ 89, 87, 85]],

[ 77, 65, 0,[ 10, 88, 73]],

[ 28, 65, 0,[ 88, 1, 73, 78, 86]],

[ 13, 25, 1,[ 5, 87, 2, 15]],

[ 36, 65, 0,[ 93, 0, 92]],

[ 92, 65, 0,[ 94, 36, 2, 90]],

[ 65, 65, 0,[ 58, 70]],

[ 26, 65, 0,[ 19, 75, 23]],

[ 0, 5, 1,[ 9, 37, 94, 18, 7, 99, 76, 36, 46]],

