[ 69, 35, 0,[ 6, 30, 1]],

[ 54, 35, 0,[ 35, 92, 75, 91, 21]],

[ 73, 25, 1,[ 7, 49, 28]],

[ 79, 95, 1,[ 77, 20, 2]],

[ 68, 95, 1,[ 11, 2, 46]],

[ 59, 45, 1,[ 1, 22, 14]],

[ 10, 35, 0,[ 1, 57, 58, 71, 3, 63]],

[ 86, 25, 1,[ 7, 1, 3]],

[ 32, 35, 0,[ 16, 35]],

[ 46, 35, 0,[ 68, 0, 55, 1]],

[ 4, 35, 0,[ 21, 11, 3]],

[ 52, 35, 0,[ 70, 38, 94, 99]],

[ 51, 45, 1,[ 38, 2, 40, 15]],

[ 56, 5, 1,[ 41, 96, 2, 5, 87]],

[ 7, 35, 0,[ 76, 31, 0, 73, 86, 2, 19]],

[ 16, 35, 0,[ 84, 55, 90, 1, 32, 6]],

[ 41, 65, 1,[ 56, 18, 2]],

[ 15, 35, 1,[ 18, 51, 1, 96]],

[ 42, 25, 1,[ 26, 2, 38]],

[ 71, 55, 1,[ 10, 0, 97]],

[ 13, 35, 0,[ 2, 26, 31, 5, 74, 62]],

[ 2, 35, 0,[ 79, 8, 7, 1, 87, 41, 0, 28, 68, 27, 25, 81, 91, 13, 42, 51, 5, 19, 11, 56, 95, 75, 61]],

[ 98, 25, 1,[ 35, 8, 5]],

[ 43, 35, 0,[ 0, 1, 97]],

[ 58, 65, 1,[ 77, 35, 10]],

[ 53, 35, 0,[ 20, 74, 3]],

[ 21, 35, 0,[ 39, 4, 1, 54]],

[ 26, 95, 1,[ 42, 13, 3]],

[ 67, 35, 0,[ 3, 36]],

[ 93, 45, 1,[ 25, 24, 88]],

[ 63, 85, 1,[ 10, 65, 12]],

[ 1, 35, 0,[ 23, 12, 70, 0, 88, 2, 21, 69, 9, 27, 49, 46, 86, 89, 6, 16, 97, 28, 10, 55, 3, 30, 5, 18, 43, 44, 59, 47, 15, 22, 35, 96]],

[ 65, 65, 1,[ 6, 5, 63]],

[ 0, 35, 0,[ 7, 6, 12, 43, 2, 1, 36, 71, 76, 37, 18, 46, 25, 94, 9, 24, 30]],

[ 88, 35, 0,[ 93, 1, 11]],

[ 3, 35, 0,[ 53, 14, 26, 20, 29, 80, 36, 17, 10, 82, 85, 50, 33, 86, 99, 1, 67, 44, 4]],

[ 31, 35, 0,[ 20, 13, 7]],

[ 37, 35, 0,[ 78, 61, 45, 22, 0]],

[ 72, 35, 0,[ 81, 6, 28]],

[ 89, 25, 1,[ 1, 75, 9]],

[ 83, 75, 1,[ 40, 64, 45]],

[ 45, 35, 1,[ 83, 38, 84, 37]],

[ 11, 35, 0,[ 74, 88, 4, 70, 62, 68, 2, 23]],

[ 85, 35, 1,[ 3, 94, 60]],

[ 47, 35, 1,[ 1, 36]],

[ 60, 85, 1,[ 85, 78, 14]],

[ 50, 85, 1,[ 66, 3, 39]],

[ 62, 35, 0,[ 13, 92, 11]],

[ 78, 45, 1,[ 36, 60, 27, 44, 37]],

[ 94, 35, 1,[ 85, 52, 0]],

[ 22, 35, 0,[ 59, 1, 37]],

[ 82, 65, 1,[ 6, 77, 3]],

[ 97, 35, 1,[ 71, 1, 43, 80]],

[ 34, 35, 0,[ 28, 90, 5, 39]],

[ 23, 55, 1,[ 11, 14, 1]],

[ 40, 5, 1,[ 5, 83, 51]],

[ 14, 35, 0,[ 23, 60, 59, 3]],

[ 87, 25, 1,[ 2, 56]],

[ 64, 95, 1,[ 17, 6, 83]],

[ 90, 75, 1,[ 6, 34, 16]],

[ 20, 35, 0,[ 79, 3, 53, 31, 91]],

[ 12, 35, 0,[ 1, 63, 0, 38]],

[ 39, 35, 1,[ 21, 50, 34, 19]],

[ 80, 35, 0,[ 3, 97, 5]],

[ 99, 15, 1,[ 52, 3, 61]],

[ 27, 35, 0,[ 2, 78, 1]],

[ 36, 35, 0,[ 47, 78, 3, 67, 0]],

[ 25, 35, 0,[ 2, 33, 0, 93]],

[ 9, 35, 0,[ 0, 89, 1]],

[ 44, 85, 1,[ 78, 1, 3]],

[ 76, 65, 1,[ 7, 0, 77]],

[ 19, 55, 1,[ 39, 95, 7, 2]],

[ 33, 55, 1,[ 3, 25, 61]],

[ 77, 85, 1,[ 82, 58, 79, 48, 76]],

[ 57, 35, 0,[ 10, 30]],

[ 81, 35, 0,[ 29, 48, 72, 2]],

[ 95, 55, 1,[ 6, 19, 2]],

[ 30, 35, 0,[ 1, 0, 57, 69]],

[ 84, 5, 1,[ 17, 16, 45]],

[ 70, 5, 1,[ 1, 11, 52]],

[ 29, 35, 0,[ 3, 81, 48]],

[ 5, 35, 0,[ 65, 40, 13, 2, 98, 56, 80, 17, 1, 48, 34]],

[ 61, 35, 1,[ 37, 33, 2, 99]],

[ 35, 35, 0,[ 66, 58, 1, 32, 54, 98]],

[ 6, 35, 0,[ 69, 90, 72, 95, 82, 65, 92, 1, 64, 0, 16]],

[ 18, 35, 0,[ 41, 15, 8, 1, 0]],

[ 48, 35, 0,[ 24, 81, 5, 77, 29]],

[ 74, 35, 0,[ 53, 13, 11]],

[ 75, 15, 1,[ 54, 89, 2]],

[ 96, 35, 0,[ 15, 56, 1]],

[ 17, 35, 0,[ 5, 64, 84, 3]],

[ 8, 15, 1,[ 2, 98, 18]],

[ 49, 85, 1,[ 73, 1]],

[ 66, 45, 1,[ 28, 50, 35]],

[ 24, 35, 0,[ 93, 48, 0]],

[ 38, 35, 0,[ 42, 52, 45, 51, 12]],

[ 55, 15, 1,[ 46, 1, 16]],

[ 91, 35, 0,[ 20, 2, 54]],

[ 92, 35, 1,[ 6, 62, 54]],

[ 28, 35, 0,[ 2, 1, 66, 73, 34, 72]],

