[ 99, 85, 0,[ 26, 45, 48, 96]],

[ 85, 85, 0,[ 87, 71, 23]],

[ 25, 85, 0,[ 0, 28, 74]],

[ 75, 85, 0,[ 54, 46, 79]],

[ 81, 85, 0,[ 57, 82, 51]],

[ 88, 85, 0,[ 95, 98, 35]],

[ 68, 85, 0,[ 56, 57, 95, 59]],

[ 63, 85, 0,[ 7, 1, 47, 13]],

[ 56, 85, 0,[ 47, 93, 2, 68]],

[ 35, 85, 1,[ 16, 88, 78]],

[ 77, 85, 0,[ 90, 1, 19, 13]],

[ 72, 85, 0,[ 83, 40, 33]],

[ 58, 85, 0,[ 10, 52, 34, 97, 15]],

[ 4, 85, 0,[ 51, 15, 0]],

[ 18, 85, 0,[ 39, 36, 80]],

[ 2, 85, 1,[ 14, 20, 3, 0, 91, 56, 11]],

[ 95, 85, 0,[ 6, 88, 17, 68]],

[ 37, 85, 0,[ 61, 70, 8, 0]],

[ 8, 85, 0,[ 37, 33, 60]],

[ 96, 85, 0,[ 73, 99, 66, 87]],

[ 70, 85, 0,[ 26, 23, 37]],

[ 7, 85, 0,[ 30, 63, 44]],

[ 20, 85, 0,[ 52, 43, 82, 2]],

[ 17, 85, 0,[ 42, 95, 78, 12]],

[ 33, 85, 0,[ 72, 36, 62, 8]],

[ 36, 85, 0,[ 18, 33, 62]],

[ 93, 85, 0,[ 56, 47, 92]],

[ 61, 85, 0,[ 32, 37, 52, 34]],

[ 59, 85, 0,[ 27, 64, 68, 13]],

[ 5, 85, 1,[ 49, 1, 65]],

[ 90, 85, 0,[ 24, 62, 77]],

[ 78, 85, 0,[ 17, 35, 67]],

[ 9, 85, 0,[ 97, 46, 79]],

[ 28, 85, 0,[ 73, 25, 76]],

[ 83, 85, 0,[ 82, 47, 72]],

[ 98, 85, 0,[ 19, 47, 52, 88, 45]],

[ 57, 85, 0,[ 81, 68, 69, 89]],

[ 50, 85, 0,[ 69, 64, 84, 38]],

[ 11, 85, 1,[ 80, 2, 19]],

[ 84, 85, 0,[ 50, 55, 60]],

[ 86, 85, 0,[ 42, 91, 79]],

[ 12, 85, 0,[ 17, 31, 21]],

[ 0, 85, 1,[ 4, 25, 37, 46, 2]],

[ 49, 85, 0,[ 5, 21, 89]],

[ 94, 85, 0,[ 92, 32, 31, 48, 52]],

[ 14, 85, 0,[ 2, 16, 60]],

[ 43, 85, 0,[ 39, 3, 20]],

[ 22, 85, 0,[ 76, 73, 54]],

[ 21, 85, 0,[ 12, 49, 1, 92]],

[ 40, 85, 0,[ 72, 71, 26]],

[ 73, 85, 0,[ 96, 65, 22, 28]],

[ 24, 85, 0,[ 90, 82, 30, 13, 53]],

[ 15, 85, 0,[ 4, 58, 62]],

[ 16, 85, 0,[ 6, 55, 14, 35]],

[ 79, 85, 0,[ 86, 9, 75]],

[ 19, 85, 0,[ 11, 98, 41, 64, 77]],

[ 62, 85, 0,[ 36, 90, 15, 33]],

[ 66, 85, 0,[ 52, 96, 30]],

[ 51, 85, 0,[ 81, 4, 67, 47]],

[ 10, 85, 1,[ 1, 58, 64]],

[ 32, 85, 0,[ 41, 94, 61]],

[ 91, 85, 0,[ 2, 31, 86]],

[ 65, 85, 0,[ 30, 73, 5, 6]],

[ 74, 85, 0,[ 25, 48, 13]],

[ 31, 85, 0,[ 91, 12, 94, 42]],

[ 3, 85, 1,[ 52, 2, 43]],

[ 23, 85, 0,[ 85, 34, 70]],

[ 48, 85, 0,[ 44, 99, 94, 74]],

[ 47, 85, 0,[ 63, 51, 56, 93, 98, 83, 27, 38, 67]],

[ 26, 85, 0,[ 99, 70, 40]],

[ 71, 85, 0,[ 42, 85, 40]],

[ 55, 85, 0,[ 16, 84, 29]],

[ 92, 85, 0,[ 21, 94, 93]],

[ 69, 85, 0,[ 50, 57, 76]],

[ 53, 85, 0,[ 46, 82, 24]],

[ 29, 85, 0,[ 64, 55]],

[ 41, 85, 0,[ 82, 32, 19]],

[ 45, 85, 0,[ 99, 87, 98]],

[ 13, 85, 0,[ 63, 77, 74, 24, 59]],

[ 97, 85, 0,[ 82, 9, 58]],

[ 80, 85, 0,[ 18, 44, 11]],

[ 6, 25, 1,[ 95, 54, 65, 16]],

[ 44, 85, 0,[ 48, 80, 7]],

[ 1, 75, 1,[ 21, 77, 63, 5, 10]],

[ 34, 85, 0,[ 61, 58, 39, 23]],

[ 46, 85, 0,[ 0, 75, 53, 9]],

[ 64, 85, 0,[ 10, 29, 50, 19, 59]],

[ 42, 85, 0,[ 86, 31, 17, 71]],

[ 52, 85, 0,[ 20, 98, 58, 61, 3, 94, 66]],

[ 38, 35, 1,[ 47, 89, 50]],

[ 39, 85, 0,[ 18, 43, 34]],

[ 60, 85, 0,[ 14, 84, 8]],

[ 76, 85, 0,[ 69, 28, 22]],

[ 54, 85, 0,[ 75, 6, 22]],

[ 30, 85, 0,[ 65, 7, 66, 24]],

[ 67, 85, 0,[ 51, 47, 78]],

[ 89, 85, 0,[ 27, 57, 38, 49]],

[ 82, 85, 0,[ 20, 97, 53, 83, 81, 41, 24]],

[ 87, 85, 0,[ 45, 85, 96]],

[ 27, 85, 0,[ 59, 47, 89]],

