[ 98, 35, 1,[ 64, 5, 35, 45, 83]],

[ 56, 35, 1,[ 75, 5, 2]],

[ 70, 35, 0,[ 1, 42, 11]],

[ 33, 95, 1,[ 3, 79, 25]],

[ 77, 35, 1,[ 10, 48, 53]],

[ 20, 35, 0,[ 53, 2, 79, 3]],

[ 69, 55, 1,[ 54, 1, 30]],

[ 31, 45, 1,[ 83, 13, 46]],

[ 13, 35, 0,[ 31, 15, 2, 26, 62, 5]],

[ 67, 35, 1,[ 36, 3, 76, 40]],

[ 37, 35, 0,[ 45, 0, 95, 99, 78]],

[ 27, 35, 0,[ 78, 75, 2, 1]],

[ 47, 55, 1,[ 5, 1, 88]],

[ 8, 85, 1,[ 49, 60, 2, 0, 41]],

[ 86, 35, 1,[ 1, 65, 81, 3]],

[ 23, 95, 1,[ 94, 11, 1]],

[ 18, 35, 0,[ 41, 1, 0]],

[ 46, 35, 0,[ 31, 0, 83, 1, 68]],

[ 39, 35, 1,[ 22, 21, 10]],

[ 64, 35, 1,[ 98, 17, 63]],

[ 29, 35, 0,[ 48, 3, 12]],

[ 88, 35, 0,[ 47, 93, 11]],

[ 45, 25, 1,[ 38, 15, 98, 37]],

[ 78, 85, 1,[ 37, 27, 66, 44]],

[ 17, 35, 0,[ 81, 3, 64, 5]],

[ 36, 35, 0,[ 67, 3, 0]],

[ 75, 35, 1,[ 54, 56, 27, 2]],

[ 59, 35, 1,[ 68, 22, 1]],

[ 12, 35, 0,[ 1, 29, 0, 63, 38]],

[ 14, 35, 0,[ 60, 3, 2]],

[ 30, 35, 0,[ 69, 57, 0]],

[ 90, 25, 1,[ 80, 92]],

[ 53, 35, 0,[ 77, 3, 62, 20, 65]],

[ 26, 35, 1,[ 13, 3]],

[ 25, 35, 0,[ 33, 2, 93]],

[ 93, 35, 1,[ 25, 88, 99]],

[ 55, 55, 1,[ 1, 10, 16]],

[ 16, 35, 0,[ 32, 55, 84, 6, 1]],

[ 22, 35, 0,[ 39, 2, 59, 1, 71]],

[ 21, 35, 0,[ 54, 39, 4]],

[ 41, 35, 1,[ 2, 18, 8]],

[ 2, 35, 0,[ 5, 91, 75, 13, 28, 27, 85, 1, 0, 42, 3, 56, 61, 51, 8, 25, 92, 22, 41, 19, 60, 20, 14, 7, 95, 81]],

[ 84, 35, 0,[ 16, 99, 10]],

[ 80, 15, 1,[ 3, 90]],

[ 43, 35, 0,[ 97, 1, 0, 89, 34]],

[ 91, 85, 1,[ 2, 87, 94, 54]],

[ 15, 35, 0,[ 45, 54, 13]],

[ 92, 35, 0,[ 90, 2, 94]],

[ 79, 35, 1,[ 33, 20, 19]],

[ 74, 55, 1,[ 42, 11]],

[ 95, 35, 1,[ 37, 6, 2]],

[ 6, 35, 0,[ 72, 61, 95, 16, 0, 1]],

[ 71, 35, 0,[ 22, 0, 5]],

[ 83, 75, 1,[ 46, 31, 98, 5]],

[ 81, 35, 1,[ 86, 17, 2]],

[ 73, 45, 1,[ 28, 62, 11]],

[ 87, 75, 1,[ 91, 54, 1]],

[ 11, 35, 0,[ 88, 23, 70, 4, 73, 74]],

[ 66, 35, 1,[ 78, 28, 0]],

[ 72, 35, 0,[ 82, 28, 6]],

[ 97, 35, 1,[ 28, 1, 43]],

[ 96, 35, 1,[ 57, 1, 54, 24, 51]],

[ 50, 35, 0,[ 3, 1, 38]],

[ 42, 35, 1,[ 2, 74, 70, 38]],

[ 65, 45, 1,[ 5, 53, 86]],

[ 60, 35, 1,[ 14, 2, 8]],

[ 5, 35, 0,[ 47, 98, 40, 82, 48, 49, 71, 13, 65, 56, 1, 2, 83, 17]],

[ 28, 35, 0,[ 1, 2, 73, 34, 72, 66, 97]],

[ 32, 35, 0,[ 35, 52, 16]],

[ 94, 55, 1,[ 92, 23, 89, 91, 0, 34, 52]],

[ 68, 35, 0,[ 59, 63, 1, 46]],

[ 0, 35, 0,[ 2, 46, 4, 24, 6, 37, 94, 30, 7, 66, 12, 43, 36, 71, 9, 8, 76, 1, 18]],

[ 52, 35, 0,[ 32, 76, 38, 94]],

[ 62, 75, 1,[ 73, 19, 13, 58, 53]],

[ 85, 35, 1,[ 3, 63, 2]],

[ 51, 85, 1,[ 2, 99, 96]],

[ 24, 35, 1,[ 96, 0, 1]],

[ 89, 35, 0,[ 43, 94, 1, 9]],

[ 34, 35, 0,[ 28, 94, 43]],

[ 58, 15, 1,[ 10, 35, 62]],

[ 48, 35, 0,[ 29, 5, 77]],

[ 3, 35, 0,[ 82, 67, 29, 36, 1, 86, 17, 50, 85, 2, 80, 20, 44, 26, 33, 14, 4, 53, 10]],

[ 76, 35, 1,[ 67, 52, 0]],

[ 44, 35, 1,[ 1, 3, 78]],

[ 35, 35, 0,[ 32, 98, 1, 38, 58, 54]],

[ 40, 35, 1,[ 67, 38, 5]],

[ 61, 35, 1,[ 2, 6, 7]],

[ 19, 95, 1,[ 2, 62, 79, 7]],

[ 10, 35, 0,[ 58, 84, 55, 3, 57, 1, 39, 63, 77]],

[ 49, 35, 1,[ 5, 8, 1]],

[ 7, 35, 0,[ 19, 61, 2, 0]],

[ 57, 35, 0,[ 30, 96, 10]],

[ 99, 35, 1,[ 37, 84, 93, 51]],

[ 4, 35, 0,[ 21, 0, 11, 3]],

[ 63, 35, 0,[ 12, 68, 10, 64, 85]],

[ 54, 35, 0,[ 21, 15, 69, 75, 35, 87, 96, 91]],

[ 1, 35, 0,[ 2, 9, 28, 49, 55, 12, 87, 47, 43, 97, 27, 59, 68, 50, 35, 46, 3, 18, 86, 6, 23, 24, 69, 10, 22, 44, 96, 16, 0, 70, 89, 5]],

[ 38, 35, 0,[ 45, 52, 42, 40, 12, 35, 50]],

[ 9, 35, 0,[ 89, 1, 0]],

[ 82, 35, 0,[ 72, 3, 5]],

