[ 58, 25, 0,[ 83, 52, 37]],

[ 73, 25, 0,[ 78, 86, 11]],

[ 31, 25, 0,[ 50, 87, 29]],

[ 46, 25, 0,[ 3, 25, 33]],

[ 27, 25, 0,[ 28, 1, 77, 88, 93]],

[ 78, 25, 0,[ 50, 44, 64, 73]],

[ 86, 25, 0,[ 25, 18, 73, 75]],

[ 49, 25, 0,[ 91, 5, 13]],

[ 96, 25, 0,[ 67, 37, 65, 53]],

[ 84, 25, 0,[ 62, 13, 10]],

[ 6, 75, 1,[ 1, 70, 90, 14]],

[ 70, 25, 0,[ 6, 38, 53]],

[ 25, 25, 0,[ 24, 86, 46]],

[ 98, 25, 0,[ 34, 32, 51, 83, 5]],

[ 1, 25, 1,[ 23, 26, 43, 35, 6, 55, 0, 27]],

[ 48, 25, 0,[ 64, 82, 18, 41, 74]],

[ 22, 25, 0,[ 38, 63, 7]],

[ 87, 25, 0,[ 81, 52, 31]],

[ 13, 25, 0,[ 28, 84, 57, 97, 49]],

[ 3, 45, 1,[ 20, 85, 10, 46]],

[ 33, 25, 0,[ 46, 12, 34]],

[ 29, 25, 0,[ 71, 31, 2, 61]],

[ 23, 25, 0,[ 79, 43, 1]],

[ 26, 25, 0,[ 81, 1, 0]],

[ 24, 25, 0,[ 90, 25, 36, 68]],

[ 41, 25, 0,[ 66, 72, 48]],

[ 57, 25, 0,[ 94, 61, 13]],

[ 8, 25, 0,[ 43, 90, 95]],

[ 85, 25, 0,[ 28, 3, 94]],

[ 21, 25, 0,[ 45, 63, 2, 12]],

[ 4, 25, 0,[ 32, 11, 60]],

[ 99, 25, 0,[ 61, 55, 40]],

[ 66, 25, 0,[ 41, 47, 35, 72, 16]],

[ 35, 65, 1,[ 1, 32, 66]],

[ 64, 25, 0,[ 48, 78, 60]],

[ 59, 25, 0,[ 56, 93, 92]],

[ 44, 25, 0,[ 97, 71, 19, 78, 63]],

[ 75, 25, 0,[ 86, 19, 54, 91]],

[ 17, 25, 0,[ 51, 39, 93, 10]],

[ 54, 25, 0,[ 88, 67, 75, 80]],

[ 72, 25, 0,[ 15, 66, 41]],

[ 45, 25, 0,[ 21, 20, 52]],

[ 10, 55, 1,[ 17, 3, 84, 92]],

[ 74, 25, 0,[ 48, 76]],

[ 12, 25, 0,[ 16, 21, 33]],

[ 91, 25, 0,[ 15, 75, 49]],

[ 88, 25, 0,[ 54, 27, 20]],

[ 9, 25, 0,[ 19, 40, 81]],

[ 18, 25, 0,[ 86, 48]],

[ 37, 25, 0,[ 96, 58, 39]],

[ 92, 25, 0,[ 10, 59, 69]],

[ 94, 25, 0,[ 62, 57, 85]],

[ 11, 25, 1,[ 73, 52, 4, 65]],

[ 65, 25, 0,[ 96, 11, 61]],

[ 39, 25, 0,[ 37, 17, 83]],

[ 97, 25, 0,[ 13, 44, 50]],

[ 5, 15, 1,[ 47, 98, 49, 76]],

[ 68, 25, 0,[ 36, 24, 76]],

[ 7, 25, 0,[ 56, 30, 22]],

[ 93, 25, 0,[ 17, 27, 59]],

[ 71, 25, 0,[ 29, 0, 44]],

[ 69, 25, 0,[ 60, 15, 89, 92]],

[ 89, 25, 0,[ 79, 55, 69]],

[ 77, 25, 0,[ 38, 27, 32]],

[ 30, 25, 0,[ 83, 7, 32]],

[ 76, 25, 0,[ 74, 5, 68]],

[ 32, 25, 0,[ 4, 35, 98, 77, 30]],

[ 53, 25, 0,[ 96, 38, 70]],

[ 83, 25, 0,[ 98, 30, 58, 39]],

[ 19, 25, 0,[ 44, 9, 75]],

[ 16, 25, 0,[ 55, 12, 66]],

[ 90, 25, 0,[ 24, 6, 8, 79, 14]],

[ 60, 25, 0,[ 69, 4, 64, 80]],

[ 0, 85, 1,[ 1, 26, 36, 71]],

[ 40, 25, 0,[ 9, 62, 99]],

[ 38, 15, 1,[ 70, 77, 22, 53]],

[ 2, 85, 1,[ 29, 21, 81]],

[ 52, 25, 0,[ 87, 58, 45, 11]],

[ 43, 25, 0,[ 8, 1, 23, 51]],

[ 15, 25, 0,[ 36, 69, 62, 91, 72]],

[ 80, 25, 0,[ 54, 60, 67]],

[ 67, 25, 0,[ 54, 80, 96]],

[ 61, 25, 0,[ 99, 65, 57, 29]],

[ 95, 25, 0,[ 56, 14, 79, 8]],

[ 14, 25, 0,[ 90, 95, 6]],

[ 36, 25, 0,[ 24, 34, 0, 15, 68]],

[ 47, 25, 0,[ 66, 42, 5]],

[ 56, 25, 0,[ 95, 59, 7]],

[ 81, 25, 0,[ 87, 9, 34, 26, 82, 2]],

[ 63, 25, 0,[ 44, 21, 22]],

[ 51, 25, 0,[ 17, 98, 43]],

[ 28, 25, 0,[ 13, 85, 27]],

[ 34, 25, 0,[ 33, 98, 36, 81]],

[ 82, 25, 0,[ 48, 81]],

[ 42, 25, 0,[ 62, 47]],

[ 50, 25, 0,[ 31, 78, 97]],

[ 20, 25, 0,[ 3, 88, 45]],

[ 79, 25, 0,[ 23, 90, 95, 89]],

[ 62, 25, 0,[ 94, 40, 42, 84, 15]],

[ 55, 25, 0,[ 16, 99, 89, 1]],

[ 62, 35, 0,[ 53, 0, 56]],

[ 61, 35, 1,[ 45, 58, 2, 37]],

[ 97, 35, 0,[ 43, 82, 1, 27]],

[ 45, 45, 1,[ 61, 37, 79, 86, 85, 8, 38]],

[ 20, 35, 0,[ 92, 3, 53, 79]],

[ 38, 35, 0,[ 51, 35, 42, 12, 45, 52, 40]],

[ 29, 35, 0,[ 12, 3, 48]],

[ 71, 35, 0,[ 5, 36, 0]],

[ 5, 35, 0,[ 34, 56, 13, 2, 80, 47, 65, 49, 17, 1, 71, 82, 83, 48]],

[ 39, 35, 0,[ 21, 34, 40]],

[ 78, 35, 0,[ 77, 11, 37]],

[ 67, 35, 0,[ 1, 36, 3, 73]],

[ 86, 35, 0,[ 1, 3, 45]],

[ 25, 35, 0,[ 2, 93, 92, 0]],

[ 28, 35, 0,[ 72, 66, 2, 73, 34]],

[ 59, 5, 1,[ 49, 23, 1]],

[ 41, 35, 0,[ 18, 64, 22, 2]],

[ 82, 35, 0,[ 97, 3, 5]],

[ 99, 15, 1,[ 0, 8, 96, 90]],

[ 93, 35, 0,[ 35, 25, 88]],

[ 94, 35, 0,[ 98, 64, 52, 0]],

[ 10, 35, 0,[ 1, 63, 84, 3, 77]],

[ 16, 35, 0,[ 90, 6, 1, 55, 32, 84]],

[ 90, 35, 0,[ 6, 99, 16]],

[ 81, 35, 0,[ 46, 50, 72, 2]],

[ 30, 35, 0,[ 69, 57, 1, 0]],

[ 98, 35, 0,[ 48, 94, 35]],

[ 9, 35, 0,[ 89, 1, 0]],

[ 70, 35, 0,[ 33, 1, 11, 56]],

[ 7, 35, 0,[ 31, 19, 0, 74]],

[ 12, 35, 0,[ 38, 63, 1, 29, 0]],

[ 37, 35, 0,[ 22, 45, 78, 0, 31, 61]],

[ 65, 35, 1,[ 57, 76, 6, 5]],

[ 55, 35, 0,[ 16, 88, 42]],

[ 56, 35, 0,[ 2, 62, 70, 5]],

[ 21, 35, 0,[ 39, 83, 4, 54]],

[ 96, 75, 1,[ 66, 36, 57, 1, 99]],

[ 13, 35, 0,[ 15, 26, 95, 2, 31, 5, 74]],

[ 58, 35, 0,[ 92, 61, 35]],

[ 63, 35, 0,[ 0, 12, 10]],

[ 1, 35, 0,[ 59, 69, 68, 23, 70, 46, 10, 9, 97, 6, 67, 5, 64, 47, 30, 35, 18, 22, 86, 15, 96, 89, 3, 2, 0, 43, 27, 24, 12, 16]],

[ 43, 35, 0,[ 0, 1, 97]],

[ 85, 35, 0,[ 45, 2, 3]],

[ 50, 35, 0,[ 24, 66, 81]],

[ 87, 25, 1,[ 40, 54, 2]],

[ 54, 35, 0,[ 91, 35, 75, 21, 87, 92]],

[ 48, 35, 0,[ 5, 29, 98, 77]],

[ 75, 85, 1,[ 54, 2, 24]],

[ 6, 35, 0,[ 65, 90, 72, 1, 0, 16]],

[ 52, 35, 0,[ 8, 76, 32, 94, 38]],

[ 91, 35, 0,[ 2, 54, 51]],

[ 15, 35, 0,[ 1, 47, 44, 13]],

[ 31, 35, 0,[ 13, 37, 7]],

[ 46, 35, 0,[ 83, 0, 1, 81]],

[ 44, 35, 0,[ 15, 72, 69]],

[ 35, 35, 0,[ 93, 32, 58, 54, 38, 98, 1]],

[ 79, 35, 0,[ 2, 45, 20]],

[ 53, 35, 0,[ 62, 20, 3]],

[ 89, 35, 0,[ 60, 9, 1]],

[ 95, 35, 0,[ 80, 2, 13]],

[ 49, 35, 0,[ 5, 84, 59]],

[ 32, 35, 0,[ 52, 16, 35]],

[ 4, 35, 0,[ 23, 3, 21, 0]],

[ 88, 35, 0,[ 93, 11, 55]],

[ 8, 35, 0,[ 99, 45, 52]],

[ 60, 35, 0,[ 2, 14, 89]],

[ 26, 35, 0,[ 23, 13, 42]],

[ 80, 35, 0,[ 3, 95, 5]],

[ 42, 35, 0,[ 55, 38, 26]],

[ 11, 35, 0,[ 88, 70, 78, 23, 74, 2]],

[ 22, 35, 0,[ 2, 68, 41, 1, 37]],

[ 36, 35, 0,[ 96, 71, 67, 3]],

[ 47, 35, 0,[ 5, 15, 1]],

[ 3, 35, 0,[ 29, 82, 2, 86, 1, 14, 17, 53, 67, 20, 4, 10, 85, 36, 80]],

[ 51, 35, 0,[ 2, 91, 38]],

[ 34, 35, 0,[ 39, 28, 5]],

[ 69, 35, 0,[ 1, 30, 44]],

[ 92, 35, 0,[ 58, 25, 20, 54]],

[ 73, 35, 0,[ 28, 67, 24]],

[ 57, 35, 0,[ 30, 96, 65]],

[ 83, 35, 0,[ 21, 46, 5]],

[ 33, 35, 0,[ 70]],

[ 64, 35, 0,[ 41, 94, 17, 1]],

[ 14, 35, 0,[ 3, 24, 60]],

[ 19, 35, 0,[ 77, 2, 7]],

[ 72, 35, 0,[ 81, 6, 44, 28]],

[ 24, 35, 0,[ 75, 14, 0, 1, 50, 73]],

[ 84, 35, 1,[ 49, 10, 16]],

[ 2, 35, 0,[ 60, 19, 56, 25, 41, 0, 91, 75, 3, 13, 87, 28, 22, 81, 11, 95, 79, 51, 1, 85, 5, 61, 27]],

[ 76, 35, 0,[ 65, 68, 52]],

[ 17, 35, 0,[ 3, 5, 64]],

[ 74, 35, 0,[ 13, 7, 11]],

[ 23, 25, 1,[ 59, 4, 11, 26, 1]],

[ 66, 35, 0,[ 50, 96, 28]],

[ 40, 35, 0,[ 38, 39, 87]],

[ 68, 35, 0,[ 1, 22, 76]],

[ 77, 35, 0,[ 48, 19, 78, 10]],

[ 0, 35, 0,[ 37, 30, 94, 63, 71, 99, 24, 12, 18, 62, 25, 1, 2, 4, 7, 9, 46, 6, 43]],

[ 27, 35, 0,[ 2, 1, 97]],

[ 18, 35, 0,[ 1, 0, 41]],

