[ 25, 75, 0,[ 72, 87, 5, 11]],

[ 69, 75, 0,[ 60, 93, 16]],

[ 28, 75, 0,[ 30, 95, 80, 42, 2]],

[ 80, 75, 0,[ 28, 0, 55]],

[ 82, 75, 0,[ 3, 63, 76]],

[ 64, 75, 0,[ 51, 36, 9]],

[ 20, 75, 0,[ 76, 77, 90]],

[ 5, 15, 1,[ 25, 17, 65, 19]],

[ 86, 75, 0,[ 66, 96]],

[ 83, 75, 0,[ 91, 46, 65, 3]],

[ 47, 75, 0,[ 91, 75, 41]],

[ 30, 75, 0,[ 72, 28, 78]],

[ 59, 75, 0,[ 34, 49, 79, 13]],

[ 1, 55, 1,[ 54, 3, 66]],

[ 84, 75, 0,[ 37, 39, 98]],

[ 88, 75, 0,[ 57, 17, 71]],

[ 33, 75, 0,[ 0, 18, 89, 44, 23]],

[ 60, 75, 0,[ 4, 46, 70, 69, 22]],

[ 29, 75, 0,[ 6, 43, 4, 52]],

[ 98, 75, 0,[ 84, 36, 75]],

[ 90, 75, 0,[ 19, 20, 7]],

[ 76, 75, 0,[ 20, 82, 55]],

[ 18, 75, 0,[ 75, 33, 48]],

[ 53, 75, 0,[ 85, 7, 45, 54]],

[ 62, 75, 0,[ 91, 61, 31]],

[ 46, 75, 0,[ 83, 70, 60]],

[ 38, 35, 1,[ 35, 93, 19]],

[ 56, 75, 0,[ 87, 68, 21, 2, 66, 73]],

[ 42, 75, 0,[ 2, 35, 28]],

[ 78, 75, 0,[ 51, 30, 13]],

[ 31, 75, 0,[ 34, 62, 9]],

[ 74, 75, 0,[ 93, 36, 61]],

[ 49, 75, 0,[ 89, 59, 43]],

[ 75, 75, 0,[ 68, 26, 47, 98, 18, 43]],

[ 89, 75, 0,[ 94, 26, 33, 49]],

[ 72, 75, 0,[ 25, 30, 71, 58]],

[ 51, 75, 0,[ 93, 64, 92, 78]],

[ 35, 75, 0,[ 11, 38, 21, 42, 32]],

[ 3, 15, 1,[ 24, 83, 1, 82]],

[ 32, 75, 0,[ 35, 99, 66]],

[ 96, 75, 0,[ 92, 94, 23, 86]],

[ 87, 75, 0,[ 54, 0, 25, 56]],

[ 34, 75, 0,[ 24, 59, 23, 31]],

[ 0, 75, 1,[ 33, 87, 80]],

[ 11, 15, 1,[ 35, 25, 13, 45]],

[ 22, 75, 0,[ 15, 60, 19]],

[ 79, 75, 0,[ 59, 27, 70]],

[ 14, 75, 0,[ 63, 70, 67]],

[ 17, 75, 0,[ 5, 99, 88]],

[ 41, 75, 0,[ 70, 47, 6]],

[ 68, 75, 0,[ 56, 81, 75]],

[ 97, 75, 0,[ 40, 27, 77]],

[ 27, 75, 0,[ 50, 10, 79, 97]],

[ 81, 75, 0,[ 68, 77, 73]],

[ 39, 75, 0,[ 92, 84, 50]],

[ 48, 75, 0,[ 7, 50, 18]],

[ 65, 75, 0,[ 5, 8, 83]],

[ 16, 85, 1,[ 69, 67, 63]],

[ 58, 75, 0,[ 21, 72, 10]],

[ 50, 75, 0,[ 48, 45, 27, 39, 57]],

[ 6, 15, 1,[ 29, 37, 41]],

[ 8, 75, 0,[ 15, 63, 57, 65, 24]],

[ 57, 75, 0,[ 95, 50, 4, 88, 8]],

[ 99, 75, 0,[ 85, 61, 17, 32]],

[ 66, 75, 0,[ 56, 1, 9, 86, 43, 32]],

[ 2, 65, 1,[ 28, 56, 42]],

[ 24, 75, 0,[ 3, 34, 19, 8]],

[ 15, 75, 0,[ 44, 22, 8]],

[ 70, 75, 0,[ 46, 60, 79, 41, 14]],

[ 36, 75, 0,[ 98, 74, 64, 52]],

[ 85, 75, 0,[ 99, 67, 53]],

[ 71, 75, 0,[ 88, 95, 72]],

[ 92, 75, 0,[ 39, 51, 10, 96]],

[ 54, 75, 0,[ 40, 87, 1, 53]],

[ 21, 75, 0,[ 58, 55, 56, 35]],

[ 93, 75, 0,[ 69, 38, 74, 51]],

[ 55, 75, 0,[ 21, 80, 76]],

[ 94, 75, 0,[ 63, 89, 96]],

[ 43, 75, 0,[ 75, 66, 29, 49]],

[ 95, 75, 0,[ 57, 28, 71]],

[ 23, 75, 0,[ 96, 34, 33]],

[ 67, 75, 0,[ 85, 16, 14]],

[ 4, 75, 0,[ 29, 60, 57]],

[ 37, 75, 0,[ 6, 84, 26]],

[ 52, 75, 0,[ 36, 29]],

[ 45, 75, 0,[ 11, 53, 50]],

[ 61, 75, 0,[ 62, 74, 99]],

[ 73, 75, 0,[ 56, 81]],

[ 13, 75, 0,[ 59, 78, 11]],

[ 91, 75, 0,[ 62, 83, 47]],

[ 26, 75, 0,[ 37, 75, 89]],

[ 19, 75, 0,[ 90, 38, 22, 5, 24]],

[ 44, 75, 0,[ 9, 12, 33, 15]],

[ 10, 35, 1,[ 27, 92, 58]],

[ 63, 75, 0,[ 82, 94, 14, 8, 16]],

[ 77, 75, 0,[ 20, 81, 97]],

[ 9, 75, 0,[ 66, 64, 31, 44]],

[ 40, 75, 0,[ 54, 12, 97]],

[ 7, 75, 0,[ 12, 48, 90, 53]],

[ 12, 75, 0,[ 44, 7, 40]],

