[ 37, 35, 1,[ 96, 80, 39]],

[ 19, 45, 0,[ 10, 50, 61]],

[ 10, 45, 1,[ 14, 88, 19]],

[ 82, 45, 0,[ 24, 96, 66, 63, 68]],

[ 35, 95, 1,[ 80, 88, 92]],

[ 83, 15, 1,[ 25, 22, 74]],

[ 61, 35, 1,[ 19, 59, 54]],

[ 72, 45, 1,[ 49, 45, 18]],

[ 51, 65, 1,[ 52, 56, 76]],

[ 8, 15, 1,[ 67, 12, 14]],

[ 46, 85, 1,[ 63, 55, 7]],

[ 74, 45, 0,[ 29, 26, 83]],

[ 58, 45, 1,[ 91, 29, 25]],

[ 56, 45, 0,[ 67, 59, 51, 45, 2, 55]],

[ 70, 45, 0,[ 88, 53, 27, 23]],

[ 49, 45, 0,[ 85, 72, 15]],

[ 52, 35, 1,[ 41, 40, 51, 0]],

[ 1, 45, 1,[ 29, 9, 31]],

[ 98, 45, 0,[ 89, 36, 15]],

[ 65, 45, 0,[ 12, 42, 93]],

[ 50, 45, 0,[ 53, 19, 3, 45]],

[ 15, 45, 0,[ 25, 21, 49, 98, 44]],

[ 67, 45, 0,[ 8, 69, 84, 56]],

[ 42, 45, 0,[ 65, 38, 79, 71]],

[ 59, 45, 0,[ 16, 61, 12, 75, 56]],

[ 7, 85, 1,[ 34, 89, 46, 43]],

[ 63, 45, 0,[ 33, 30, 82, 46, 93]],

[ 22, 45, 1,[ 73, 83, 41, 48]],

[ 99, 45, 0,[ 97, 20, 34]],

[ 54, 95, 1,[ 93, 61, 11]],

[ 16, 65, 1,[ 0, 64, 59, 33]],

[ 12, 95, 1,[ 8, 59, 65]],

[ 87, 45, 0,[ 57, 86, 21, 45]],

[ 34, 45, 1,[ 95, 7, 80, 99]],

[ 4, 35, 1,[ 79, 21, 86]],

[ 43, 85, 1,[ 6, 71, 7]],

[ 26, 45, 0,[ 14, 38, 74]],

[ 25, 85, 1,[ 83, 58, 15, 85]],

[ 28, 5, 1,[ 71, 45, 62, 84, 66]],

[ 76, 45, 0,[ 51, 9, 5, 79, 39]],

[ 78, 45, 0,[ 60, 86, 5]],

[ 20, 45, 1,[ 86, 84, 99, 2]],

[ 33, 45, 0,[ 16, 63, 93]],

[ 86, 35, 1,[ 57, 20, 78, 87, 4]],

[ 6, 45, 1,[ 24, 18, 43, 73]],

[ 64, 45, 0,[ 16, 29, 39]],

[ 57, 45, 1,[ 86, 87, 90, 91]],

[ 92, 45, 0,[ 45, 44, 35]],

[ 93, 45, 0,[ 33, 54, 63, 65]],

[ 27, 95, 1,[ 70, 47, 14]],

[ 9, 45, 1,[ 76, 18, 1]],

[ 3, 45, 1,[ 50, 97, 75, 96]],

[ 45, 45, 0,[ 56, 50, 87, 28, 92, 55, 72]],

[ 79, 45, 0,[ 76, 4, 42]],

[ 91, 45, 0,[ 41, 58, 23, 57]],

[ 17, 45, 1,[ 77, 95, 60]],

[ 80, 45, 0,[ 37, 35, 34]],

[ 97, 45, 0,[ 99, 3, 32]],

[ 21, 95, 1,[ 4, 87, 15]],

[ 94, 45, 0,[ 66, 68, 31, 13]],

[ 40, 45, 0,[ 38, 52, 41]],

[ 18, 5, 1,[ 72, 6, 9]],

[ 32, 45, 1,[ 13, 97, 14]],

[ 13, 85, 1,[ 30, 32, 94]],

[ 96, 45, 0,[ 53, 37, 82, 3]],

[ 53, 15, 1,[ 50, 70, 96]],

[ 36, 5, 1,[ 98, 69, 0]],

[ 55, 45, 0,[ 81, 45, 46, 56]],

[ 84, 45, 0,[ 28, 67, 20]],

[ 60, 45, 0,[ 75, 78, 17]],

[ 30, 45, 1,[ 13, 31, 63]],

[ 85, 45, 0,[ 89, 49, 25]],

[ 2, 15, 1,[ 11, 56, 20]],

[ 66, 45, 0,[ 28, 94, 82, 90]],

[ 31, 45, 0,[ 30, 94, 1]],

[ 69, 45, 0,[ 48, 36, 67]],

[ 73, 45, 1,[ 6, 71, 22]],

[ 89, 45, 0,[ 85, 98, 38, 44, 7]],

[ 77, 45, 0,[ 47, 17, 68]],

[ 68, 45, 0,[ 82, 77, 94]],

[ 81, 45, 0,[ 47, 48, 55]],

[ 23, 45, 0,[ 91, 11, 70]],

[ 75, 45, 0,[ 60, 3, 59]],

[ 90, 45, 0,[ 57, 66, 62]],

[ 62, 45, 0,[ 95, 28, 90, 88]],

[ 38, 85, 1,[ 40, 26, 42, 89]],

[ 5, 45, 1,[ 76, 78, 47]],

[ 41, 45, 0,[ 40, 91, 52, 22]],

[ 29, 45, 1,[ 64, 74, 58, 1]],

[ 24, 45, 0,[ 82, 6]],

[ 47, 45, 0,[ 81, 77, 5, 27]],

[ 11, 95, 1,[ 54, 23, 2]],

[ 14, 45, 1,[ 10, 27, 8, 32, 26]],

[ 0, 65, 1,[ 52, 16, 36]],

[ 39, 45, 0,[ 37, 76, 64]],

[ 44, 45, 1,[ 15, 89, 92]],

[ 88, 45, 1,[ 70, 35, 62, 10]],

[ 71, 45, 1,[ 42, 43, 73, 28]],

[ 48, 45, 1,[ 81, 69, 22]],

[ 95, 15, 1,[ 34, 17, 62]],

