[ 94, 85, 0,[ 53, 10, 19]],

[ 27, 15, 0,[ 5, 22, 90, 71, 61]],

[ 34, 85, 0,[ 99, 49, 30]],

[ 25, 55, 0,[ 95, 14, 20]],

[ 96, 15, 0,[ 67, 7, 31, 50]],

[ 59, 35, 1,[ 57, 3, 16, 68, 31, 2]],

[ 31, 15, 1,[ 59, 99, 96]],

[ 97, 55, 1,[ 21, 85, 19]],

[ 37, 55, 0,[ 4, 71, 89, 69]],

[ 36, 25, 0,[ 64, 81, 88, 67, 20]],

[ 78, 15, 1,[ 91, 69, 72]],

[ 67, 15, 1,[ 96, 36, 43]],

[ 8, 75, 1,[ 16, 82, 98]],

[ 42, 75, 1,[ 92, 32, 13, 52]],

[ 53, 25, 0,[ 30, 94, 87, 90]],

[ 16, 25, 0,[ 59, 8, 11]],

[ 30, 25, 0,[ 21, 34, 2, 53, 82]],

[ 40, 55, 1,[ 86, 41, 77, 90, 7]],

[ 52, 55, 0,[ 60, 42, 84]],

[ 93, 85, 1,[ 88, 81, 80]],

[ 24, 75, 1,[ 88, 39]],

[ 86, 55, 1,[ 26, 40, 77, 63]],

[ 69, 5, 1,[ 74, 37, 78, 9]],

[ 73, 55, 1,[ 55, 1, 3]],

[ 26, 15, 1,[ 72, 86, 61, 75, 87]],

[ 23, 25, 1,[ 0, 22, 39, 56]],

[ 28, 45, 0,[ 47, 21, 98]],

[ 95, 25, 1,[ 79, 65, 25, 83, 35]],

[ 63, 25, 1,[ 86, 38, 60]],

[ 77, 95, 1,[ 86, 19, 40]],

[ 3, 55, 0,[ 73, 59, 60]],

[ 21, 45, 0,[ 91, 30, 97, 28, 38]],

[ 61, 45, 1,[ 48, 26, 27]],

[ 41, 5, 1,[ 40, 50, 82]],

[ 65, 35, 1,[ 13, 95]],

[ 11, 85, 0,[ 46, 57, 16, 1]],

[ 71, 15, 1,[ 27, 37, 19]],

[ 57, 85, 0,[ 59, 11, 83, 20]],

[ 54, 25, 0,[ 19, 0]],

[ 12, 55, 0,[ 17, 51, 15]],

[ 70, 95, 0,[ 32, 56, 64, 55]],

[ 2, 65, 0,[ 30, 46, 59]],

[ 7, 55, 0,[ 4, 96, 40]],

[ 55, 85, 1,[ 89, 70, 73]],

[ 44, 55, 1,[ 29, 64, 48, 72]],

[ 19, 85, 1,[ 71, 54, 97, 94, 77]],

[ 4, 55, 0,[ 7, 37, 10]],

[ 15, 55, 0,[ 81, 6, 92, 12]],

[ 56, 55, 1,[ 49, 23, 70]],

[ 50, 35, 1,[ 96, 39, 41, 49]],

[ 92, 55, 1,[ 15, 42, 43]],

[ 6, 55, 0,[ 45, 58, 15]],

[ 38, 15, 0,[ 21, 63, 75]],

[ 5, 15, 0,[ 90, 51, 27]],

[ 98, 65, 1,[ 18, 8, 28]],

[ 35, 55, 0,[ 48, 95, 79]],

[ 10, 85, 0,[ 89, 47, 4, 94, 83]],

[ 48, 55, 0,[ 61, 44, 14, 80, 35]],

[ 43, 85, 0,[ 92, 84, 67]],

[ 13, 55, 0,[ 87, 42, 14, 65]],

[ 72, 15, 0,[ 78, 26, 44]],

[ 39, 55, 0,[ 50, 24, 23]],

[ 1, 55, 0,[ 73, 11, 62]],

[ 9, 55, 0,[ 75, 68, 69]],

[ 0, 25, 0,[ 23, 81, 54]],

[ 20, 55, 0,[ 36, 57, 25]],

[ 88, 85, 0,[ 93, 49, 24, 36]],

[ 64, 95, 1,[ 36, 44, 70, 29]],

[ 62, 55, 1,[ 58, 1, 91]],

[ 99, 55, 1,[ 34, 58, 31]],

[ 66, 65, 1,[ 74, 22, 76]],

[ 51, 55, 0,[ 5, 45, 12]],

[ 82, 55, 0,[ 41, 8, 30]],

[ 74, 55, 0,[ 66, 69, 32]],

[ 33, 15, 1,[ 47]],

[ 58, 55, 1,[ 99, 62, 6]],

[ 45, 25, 1,[ 51, 6, 76]],

[ 85, 95, 1,[ 97]],

[ 17, 55, 0,[ 80, 12]],

[ 83, 95, 1,[ 95, 57, 10]],

[ 46, 65, 0,[ 11, 2, 79]],

[ 29, 55, 0,[ 18, 44, 64]],

[ 90, 95, 1,[ 27, 53, 5, 40]],

[ 14, 55, 0,[ 25, 13, 48]],

[ 79, 65, 1,[ 87, 46, 95, 35]],

[ 76, 5, 1,[ 18, 45, 66]],

[ 91, 45, 1,[ 62, 21, 78]],

[ 32, 95, 0,[ 74, 42, 70]],

[ 89, 85, 0,[ 55, 10, 37]],

[ 75, 15, 1,[ 26, 9, 38]],

[ 68, 85, 1,[ 9, 59, 80]],

[ 84, 85, 1,[ 22, 43, 81, 52]],

[ 49, 85, 1,[ 56, 34, 88, 50]],

[ 81, 25, 1,[ 0, 36, 93, 84, 15]],

[ 60, 55, 0,[ 3, 52, 47, 63]],

[ 47, 45, 1,[ 60, 28, 10, 33]],

[ 87, 65, 1,[ 13, 53, 79, 26]],

[ 18, 75, 0,[ 98, 76, 29]],

[ 22, 85, 0,[ 23, 66, 27, 84]],

[ 80, 25, 1,[ 93, 48, 17, 68]],

