[ 2, 95, 1,[ 4, 14, 65, 29]],

[ 77, 55, 1,[ 6, 86, 90, 66, 47]],

[ 89, 25, 0,[ 76, 52, 64]],

[ 11, 35, 1,[ 7, 40, 10]],

[ 32, 85, 1,[ 30, 31, 90]],

[ 55, 65, 1,[ 76, 97, 86]],

[ 39, 15, 1,[ 12, 83, 53]],

[ 60, 35, 0,[ 37, 54, 46, 18]],

[ 85, 55, 0,[ 14, 41, 94]],

[ 66, 85, 0,[ 80, 14, 77]],

[ 34, 25, 1,[ 28, 41, 40, 21, 31]],

[ 15, 95, 0,[ 38, 70, 63, 16]],

[ 65, 15, 0,[ 58, 17, 88, 2]],

[ 1, 95, 1,[ 45, 40, 86, 92, 80]],

[ 12, 85, 1,[ 78, 50, 7, 39]],

[ 6, 65, 1,[ 83, 10, 68, 77]],

[ 42, 25, 0,[ 52]],

[ 59, 95, 0,[ 91, 25, 82]],

[ 31, 35, 0,[ 35, 34, 32, 36, 54]],

[ 84, 55, 0,[ 8, 5, 74]],

[ 23, 75, 0,[ 78, 43, 93]],

[ 83, 95, 0,[ 43, 0, 6, 39]],

[ 61, 55, 0,[ 27, 26, 43]],

[ 17, 25, 1,[ 98, 65, 64]],

[ 48, 85, 1,[ 62, 58]],

[ 71, 55, 0,[ 26, 94, 75, 20]],

[ 22, 5, 1,[ 16, 99, 93, 69]],

[ 53, 55, 1,[ 27, 39, 44]],

[ 90, 35, 0,[ 77, 67, 32]],

[ 8, 55, 0,[ 0, 84, 51]],

[ 87, 75, 0,[ 80, 81, 56]],

[ 20, 75, 1,[ 97, 44, 24, 71, 68, 45]],

[ 7, 45, 1,[ 11, 0, 12]],

[ 45, 95, 0,[ 1, 20, 49]],

[ 37, 35, 1,[ 69, 60]],

[ 99, 25, 0,[ 22, 25, 43]],

[ 98, 75, 0,[ 17, 57, 40]],

[ 78, 25, 0,[ 47, 12, 23]],

[ 88, 65, 1,[ 65, 33]],

[ 97, 25, 0,[ 20, 55, 26, 96]],

[ 51, 55, 0,[ 94, 9, 13, 8, 0]],

[ 49, 95, 0,[ 38, 45, 81, 91]],

[ 41, 5, 0,[ 44, 25, 34, 85]],

[ 18, 15, 1,[ 4, 67, 60]],

[ 44, 95, 0,[ 53, 57, 20, 41]],

[ 14, 75, 1,[ 2, 85, 66, 93]],

[ 52, 45, 1,[ 67, 42, 89]],

[ 25, 55, 1,[ 99, 62, 59, 41]],

[ 86, 55, 0,[ 46, 58, 54, 77, 30, 55, 50, 1]],

[ 69, 35, 0,[ 37, 35, 22]],

[ 76, 35, 1,[ 89, 55]],

[ 29, 75, 1,[ 54, 2, 70, 33]],

[ 9, 55, 1,[ 51, 72, 19]],

[ 24, 95, 0,[ 5, 20, 70]],

[ 16, 15, 1,[ 3, 15, 22]],

[ 73, 55, 0,[ 92, 72, 13, 74, 5]],

[ 63, 55, 0,[ 26, 15, 74]],

[ 57, 25, 1,[ 70, 44, 98, 91]],

[ 62, 95, 0,[ 25, 82, 79, 48]],

[ 72, 25, 1,[ 67, 73, 9]],

[ 10, 25, 1,[ 5, 11, 6]],

[ 43, 55, 1,[ 83, 99, 61, 23]],

[ 26, 55, 0,[ 97, 71, 61, 63]],

[ 74, 55, 0,[ 84, 73, 63]],

[ 68, 25, 0,[ 6, 35, 20]],

[ 70, 95, 0,[ 57, 24, 29, 15]],

[ 91, 95, 0,[ 59, 49, 57]],

[ 27, 45, 1,[ 38, 61, 56, 64, 53]],

[ 92, 25, 1,[ 73, 67, 1]],

[ 46, 95, 1,[ 60, 40, 86]],

[ 94, 55, 0,[ 85, 71, 51]],

[ 75, 45, 1,[ 71, 36, 47]],

[ 13, 55, 1,[ 73, 5, 51]],

[ 36, 45, 1,[ 96, 31, 75]],

[ 35, 35, 1,[ 69, 30, 68, 31]],

[ 38, 15, 1,[ 27, 49, 15, 28]],

[ 80, 75, 0,[ 87, 79, 1, 66]],

[ 93, 35, 0,[ 23, 22, 14]],

[ 47, 25, 0,[ 75, 78, 77]],

[ 33, 15, 0,[ 29, 96, 88]],

[ 4, 15, 1,[ 2, 18, 95, 79]],

[ 81, 95, 0,[ 49, 87, 82]],

[ 56, 65, 1,[ 87, 27]],

[ 58, 35, 0,[ 65, 21, 48, 86]],

[ 54, 5, 1,[ 60, 86, 29, 31]],

[ 50, 35, 1,[ 86, 12, 21]],

[ 67, 95, 0,[ 3, 18, 90, 52, 92, 72]],

[ 82, 95, 0,[ 62, 59, 3, 81]],

[ 3, 85, 1,[ 16, 67, 28, 82]],

[ 21, 45, 1,[ 34, 58, 50]],

[ 40, 75, 0,[ 34, 11, 46, 98, 1]],

[ 5, 25, 1,[ 24, 13, 84, 10, 73]],

[ 96, 75, 1,[ 95, 36, 97, 33]],

[ 0, 95, 1,[ 83, 8, 51, 7]],

[ 79, 75, 0,[ 4, 62, 80]],

[ 19, 95, 0,[ 9]],

[ 28, 45, 1,[ 64, 3, 38, 34]],

[ 30, 5, 1,[ 35, 86, 32]],

[ 95, 65, 1,[ 4, 96]],

[ 64, 25, 0,[ 89, 28, 27, 17]],

