[ 61, 65, 0,[ 68, 63, 67]],

[ 59, 65, 0,[ 69, 35, 56]],

[ 51, 65, 0,[ 91, 0, 94]],

[ 53, 25, 1,[ 32, 48, 82]],

[ 65, 65, 0,[ 17, 91, 85]],

[ 44, 45, 0,[ 15, 93, 82]],

[ 16, 55, 1,[ 98, 60, 50, 34, 72]],

[ 2, 15, 1,[ 60, 30, 17]],

[ 32, 15, 1,[ 53, 71, 27, 24]],

[ 72, 65, 1,[ 16, 85, 40, 38, 31]],

[ 9, 65, 1,[ 64, 11, 83]],

[ 98, 35, 1,[ 13, 16, 66]],

[ 87, 5, 0,[ 11, 23, 71]],

[ 3, 65, 1,[ 39, 92, 52, 29]],

[ 23, 5, 0,[ 14, 20, 87]],

[ 74, 25, 0,[ 55, 82, 30]],

[ 12, 55, 1,[ 39, 49, 60, 88]],

[ 54, 35, 1,[ 80, 41, 88]],

[ 82, 25, 0,[ 18, 74, 53, 44, 7]],

[ 69, 65, 0,[ 5, 6, 99, 47, 59]],

[ 75, 65, 0,[ 93, 91, 26]],

[ 4, 65, 1,[ 33, 94, 36, 7, 0]],

[ 14, 45, 1,[ 23, 49, 96]],

[ 46, 95, 1,[ 43, 29, 84]],

[ 1, 35, 1,[ 50, 20, 39]],

[ 48, 25, 1,[ 80, 58, 53]],

[ 39, 45, 0,[ 1, 12, 3, 25, 62]],

[ 71, 5, 0,[ 32, 87, 47]],

[ 57, 15, 1,[ 18, 37, 36]],

[ 10, 15, 1,[ 35, 20, 97]],

[ 85, 65, 1,[ 72, 73, 65]],

[ 88, 95, 1,[ 8, 12, 54, 79, 29, 27]],

[ 45, 55, 0,[ 18, 28, 11]],

[ 83, 5, 0,[ 9, 76, 13]],

[ 5, 65, 1,[ 69, 36, 37]],

[ 73, 65, 0,[ 21, 85, 27]],

[ 95, 65, 0,[ 77, 7, 41, 31, 81]],

[ 31, 65, 0,[ 56, 72, 95]],

[ 30, 65, 1,[ 2, 74, 70]],

[ 49, 55, 0,[ 86, 14, 12]],

[ 37, 55, 1,[ 5, 25, 57, 36]],

[ 43, 55, 1,[ 90, 96, 64, 68, 46]],

[ 77, 65, 0,[ 95, 70, 19]],

[ 62, 45, 0,[ 21, 94, 39, 90]],

[ 91, 65, 0,[ 65, 24, 51, 70, 75]],

[ 27, 75, 1,[ 73, 32, 88]],

[ 41, 35, 0,[ 13, 66, 54, 95]],

[ 0, 55, 1,[ 96, 4, 51]],

[ 70, 65, 1,[ 91, 77, 30]],

[ 97, 65, 0,[ 60, 92, 10, 6]],

[ 63, 95, 1,[ 61, 35, 34]],

[ 99, 45, 0,[ 69, 15, 76]],

[ 92, 65, 0,[ 97, 3, 19]],

[ 25, 45, 1,[ 37, 39, 94]],

[ 64, 85, 1,[ 58, 43, 9]],

[ 8, 85, 0,[ 11, 89, 88]],

[ 58, 5, 0,[ 64, 13, 48]],

[ 56, 65, 0,[ 31, 84, 96, 59]],

[ 15, 45, 1,[ 44, 80, 99]],

[ 50, 25, 1,[ 16, 1, 40]],

[ 36, 65, 1,[ 37, 22, 4, 5, 90, 57]],

[ 60, 65, 1,[ 2, 12, 17, 97, 16]],

[ 6, 45, 1,[ 33, 97, 69]],

[ 22, 85, 1,[ 89, 24, 36]],

[ 84, 65, 0,[ 56, 46]],

[ 80, 25, 0,[ 48, 54, 15]],

[ 40, 25, 0,[ 50, 42, 72]],

[ 18, 55, 1,[ 82, 45, 57, 26]],

[ 33, 45, 0,[ 4, 34, 6]],

[ 47, 65, 0,[ 81, 71, 69]],

[ 94, 45, 0,[ 4, 62, 25, 51]],

[ 76, 45, 1,[ 83, 99]],

[ 78, 25, 0,[ 28, 66]],

[ 66, 25, 1,[ 98, 41, 78]],

[ 29, 55, 1,[ 3, 88, 42, 46]],

[ 93, 65, 0,[ 75, 67, 44]],

[ 19, 65, 0,[ 77, 92, 67, 17, 81]],

[ 13, 5, 1,[ 24, 58, 41, 98, 86, 83]],

[ 68, 45, 0,[ 61, 43, 35]],

[ 86, 25, 0,[ 42, 13, 21, 49]],

[ 24, 65, 0,[ 91, 32, 22, 13]],

[ 26, 95, 0,[ 18, 75, 28]],

[ 20, 5, 1,[ 23, 1, 10]],

[ 81, 65, 0,[ 95, 19, 47]],

[ 79, 95, 0,[ 89, 88, 55]],

[ 96, 55, 0,[ 14, 56, 43, 0]],

[ 42, 25, 0,[ 29, 86, 55, 40]],

[ 28, 95, 1,[ 45, 78, 26]],

[ 52, 55, 1,[ 3, 67]],

[ 38, 15, 1,[ 55, 11, 72]],

[ 17, 65, 1,[ 2, 19, 65, 60]],

[ 55, 25, 0,[ 42, 38, 74, 79, 21]],

[ 90, 55, 0,[ 43, 36, 62]],

[ 67, 65, 0,[ 61, 52, 93, 19]],

[ 21, 25, 1,[ 73, 62, 86, 55]],

[ 89, 85, 0,[ 8, 22, 79]],

[ 7, 5, 1,[ 4, 82, 95]],

[ 35, 45, 1,[ 68, 63, 10, 59]],

[ 11, 5, 1,[ 87, 45, 38, 9, 8]],

[ 34, 45, 1,[ 16, 33, 63]],

