[ 4, 25, 0,[ 40, 57, 94, 62]],

[ 87, 25, 0,[ 31, 52, 70]],

[ 50, 25, 0,[ 73, 57, 56, 34]],

[ 41, 15, 1,[ 54, 75, 45]],

[ 29, 95, 0,[ 45, 57, 5]],

[ 66, 15, 1,[ 91, 97, 26]],

[ 13, 25, 0,[ 27, 35, 84]],

[ 56, 85, 1,[ 50, 18, 10, 53]],

[ 28, 25, 0,[ 6, 32, 64, 30]],

[ 69, 95, 1,[ 86, 32, 58]],

[ 40, 5, 1,[ 8, 71, 4, 42, 1]],

[ 93, 35, 1,[ 20, 92, 0, 89]],

[ 86, 15, 1,[ 51, 69, 3]],

[ 20, 25, 0,[ 43, 88, 68, 93, 55, 33]],

[ 80, 25, 1,[ 48, 33, 62]],

[ 76, 65, 1,[ 27, 98, 21, 63]],

[ 88, 25, 0,[ 20, 26]],

[ 82, 25, 1,[ 60, 70, 12]],

[ 19, 75, 0,[ 37, 39, 85, 17]],

[ 45, 95, 1,[ 41, 58, 47, 29]],

[ 34, 25, 0,[ 68, 25, 50]],

[ 44, 55, 1,[ 26, 85, 84]],

[ 27, 65, 0,[ 76, 95, 13]],

[ 91, 35, 1,[ 81, 66, 83, 5]],

[ 74, 25, 0,[ 71, 38, 99]],

[ 73, 65, 1,[ 50, 26, 16, 48]],

[ 36, 5, 0,[ 62, 96, 60]],

[ 32, 25, 0,[ 69, 28, 90, 96, 22]],

[ 30, 25, 0,[ 65, 46, 14, 28]],

[ 0, 85, 0,[ 93, 95, 35, 78, 55]],

[ 92, 75, 0,[ 53, 93, 17]],

[ 97, 25, 0,[ 12, 66, 58]],

[ 3, 15, 0,[ 86, 12, 89]],

[ 2, 15, 0,[ 47, 23, 33]],

[ 21, 65, 0,[ 47, 67, 76]],

[ 42, 25, 1,[ 31, 75, 40, 9]],

[ 48, 25, 0,[ 47, 46, 80, 73]],

[ 16, 25, 0,[ 72, 59, 73, 78]],

[ 99, 25, 1,[ 75, 47, 74]],

[ 52, 25, 0,[ 87, 37, 51, 9]],

[ 49, 85, 1,[ 68, 23, 11, 94]],

[ 5, 55, 0,[ 90, 29, 91]],

[ 17, 75, 0,[ 92, 61, 19, 79]],

[ 37, 75, 0,[ 52, 19, 67]],

[ 89, 35, 1,[ 3, 94, 93]],

[ 47, 15, 1,[ 21, 75, 2, 99, 45, 48]],

[ 90, 55, 1,[ 5, 32, 85]],

[ 25, 25, 0,[ 34, 6]],

[ 81, 25, 1,[ 91, 64, 60]],

[ 10, 75, 0,[ 38, 79, 67, 56]],

[ 18, 95, 0,[ 98, 94, 56, 35]],

[ 98, 25, 1,[ 18, 76, 59, 83]],

[ 67, 75, 1,[ 83, 37, 10, 21]],

[ 46, 25, 0,[ 48, 43, 30]],

[ 65, 75, 1,[ 78, 15, 8, 30]],

[ 78, 85, 1,[ 65, 0, 16]],

[ 62, 25, 1,[ 80, 51, 38, 4, 36]],

[ 1, 5, 0,[ 77, 54, 40]],

[ 6, 25, 0,[ 53, 25, 95, 28]],

[ 11, 85, 0,[ 55, 7, 49]],

[ 8, 65, 1,[ 40, 26, 65]],

[ 77, 5, 1,[ 58, 72, 1]],

[ 9, 25, 0,[ 95, 52, 42]],

[ 14, 85, 0,[ 31, 60, 30]],

[ 15, 95, 1,[ 65, 33, 64]],

[ 55, 15, 1,[ 11, 20, 0]],

[ 94, 95, 1,[ 89, 18, 49, 4]],

[ 79, 45, 1,[ 10, 71, 17]],

[ 23, 45, 1,[ 2, 49, 85]],

[ 84, 25, 1,[ 54, 44, 13]],

[ 75, 25, 1,[ 41, 42, 47, 99, 63]],

[ 43, 25, 0,[ 46, 20, 39]],

[ 7, 25, 0,[ 11, 54, 22]],

[ 51, 25, 1,[ 86, 52, 62, 57]],

[ 35, 95, 0,[ 13, 0, 18]],

[ 63, 25, 0,[ 76, 75]],

[ 38, 25, 0,[ 62, 74, 10]],

[ 53, 25, 0,[ 22, 56, 92, 6]],

[ 83, 75, 1,[ 98, 67, 91]],

[ 59, 25, 0,[ 16, 98]],

[ 68, 25, 1,[ 34, 24, 49, 20]],

[ 39, 75, 0,[ 33, 43, 19, 85]],

[ 12, 25, 0,[ 97, 82, 3]],

[ 96, 85, 1,[ 32, 72, 36]],

[ 33, 35, 1,[ 15, 39, 80, 20, 24, 2]],

[ 70, 25, 1,[ 26, 87, 82]],

[ 61, 5, 1,[ 17, 72]],

[ 31, 85, 1,[ 14, 42, 87]],

[ 24, 5, 1,[ 33, 68, 72]],

[ 58, 95, 1,[ 69, 77, 97, 45]],

[ 22, 25, 0,[ 53, 7, 32]],

[ 85, 75, 1,[ 39, 19, 44, 23, 90]],

[ 57, 25, 0,[ 50, 51, 29, 4]],

[ 71, 5, 0,[ 74, 79, 40]],

[ 95, 85, 1,[ 27, 9, 0, 6]],

[ 72, 5, 0,[ 77, 24, 96, 16, 61]],

[ 64, 25, 1,[ 28, 81, 15]],

[ 60, 5, 1,[ 14, 82, 81, 36]],

[ 54, 25, 0,[ 1, 41, 7, 84]],

[ 26, 25, 1,[ 66, 70, 44, 8, 73, 88]],

