[ 75, 95, 0,[ 54, 61, 2]],

[ 55, 95, 0,[ 48, 95, 45]],

[ 56, 95, 0,[ 48, 70, 79, 2]],

[ 6, 35, 1,[ 95, 65, 42]],

[ 69, 95, 0,[ 67, 44, 21]],

[ 78, 95, 0,[ 14, 37, 91]],

[ 8, 95, 0,[ 70, 71, 10]],

[ 54, 95, 0,[ 91, 83, 75]],

[ 59, 95, 0,[ 99, 7, 29, 95]],

[ 60, 95, 0,[ 23, 41]],

[ 28, 95, 0,[ 72, 38, 90]],

[ 58, 95, 0,[ 10, 33, 64]],

[ 83, 95, 0,[ 11, 82, 64, 87, 54, 88]],

[ 17, 95, 0,[ 64, 3, 14]],

[ 45, 95, 0,[ 53, 99, 55, 52, 15]],

[ 5, 65, 1,[ 98, 1, 57, 77, 40, 71]],

[ 43, 95, 0,[ 46, 34, 97]],

[ 70, 95, 0,[ 51, 20, 86, 1, 56, 8]],

[ 14, 95, 0,[ 92, 17, 73, 31, 78]],

[ 3, 25, 1,[ 36, 92, 68, 26, 17]],

[ 18, 95, 0,[ 98, 1, 85]],

[ 88, 95, 0,[ 26, 32, 83]],

[ 79, 95, 0,[ 25, 63, 21, 56]],

[ 34, 95, 0,[ 43, 81, 94]],

[ 66, 95, 0,[ 31, 0, 51]],

[ 13, 95, 1,[ 65, 42, 21]],

[ 92, 95, 0,[ 14, 62, 3, 19]],

[ 16, 95, 0,[ 48, 11, 35]],

[ 1, 95, 1,[ 5, 9, 0, 18, 44, 70, 35]],

[ 31, 95, 0,[ 14, 66, 44, 97]],

[ 84, 95, 0,[ 39, 2, 51, 85]],

[ 11, 85, 1,[ 83, 2, 16]],

[ 64, 95, 0,[ 83, 17, 90, 58]],

[ 12, 95, 0,[ 38, 0, 2]],

[ 77, 95, 0,[ 97, 62, 5]],

[ 50, 95, 0,[ 44, 38, 23, 98, 41]],

[ 41, 95, 0,[ 63, 60, 50]],

[ 44, 95, 0,[ 69, 1, 50, 31]],

[ 46, 95, 0,[ 43, 96, 81]],

[ 42, 95, 0,[ 6, 13, 4, 89, 38]],

[ 86, 95, 0,[ 93, 70, 4]],

[ 27, 95, 0,[ 68, 89, 73]],

[ 38, 95, 1,[ 50, 28, 42, 12]],

[ 47, 95, 0,[ 37, 89, 97]],

[ 93, 95, 0,[ 25, 67, 90, 86]],

[ 19, 95, 0,[ 92, 26, 49, 72]],

[ 30, 95, 0,[ 98, 24, 89]],

[ 10, 75, 1,[ 63, 8, 58]],

[ 52, 95, 0,[ 57, 45, 89]],

[ 65, 95, 0,[ 13, 36, 6]],

[ 74, 95, 0,[ 53, 63, 39]],

[ 4, 95, 0,[ 42, 62, 86]],

[ 89, 95, 0,[ 47, 52, 30, 42, 27]],

[ 0, 95, 1,[ 1, 66, 7, 67, 12, 37, 76]],

[ 68, 95, 0,[ 96, 27, 29, 3, 80]],

[ 99, 95, 0,[ 82, 45, 59]],

[ 95, 95, 0,[ 6, 59, 55, 33]],

[ 29, 95, 0,[ 68, 85, 59]],

[ 96, 95, 0,[ 46, 68, 23]],

[ 35, 95, 0,[ 1, 16, 82]],

[ 2, 15, 1,[ 84, 12, 11, 7, 56, 81, 75]],

[ 85, 95, 0,[ 18, 29, 84, 82]],

[ 51, 95, 0,[ 66, 84, 57, 70]],

[ 53, 95, 0,[ 74, 45, 97]],

[ 61, 95, 0,[ 24, 33, 75]],

[ 49, 95, 0,[ 22, 36, 82, 19, 15]],

[ 91, 95, 0,[ 94, 54, 20, 78, 90]],

[ 76, 95, 0,[ 0, 94, 37]],

[ 20, 95, 0,[ 62, 70, 91]],

[ 23, 95, 0,[ 60, 50, 96]],

[ 63, 95, 0,[ 10, 22, 41, 74, 79]],

[ 39, 95, 0,[ 84, 24, 74, 21]],

[ 97, 95, 0,[ 53, 43, 47, 31, 77]],

[ 37, 95, 0,[ 47, 40, 78, 76, 0]],

[ 21, 95, 0,[ 79, 69, 13, 39]],

[ 33, 95, 0,[ 61, 40, 95, 58, 25]],

[ 98, 95, 0,[ 30, 18, 5, 50]],

[ 72, 95, 0,[ 19, 28, 22]],

[ 25, 95, 0,[ 93, 33, 79]],

[ 87, 95, 0,[ 83, 62, 57]],

[ 90, 95, 0,[ 28, 91, 64, 93]],

[ 9, 95, 0,[ 1, 48]],

[ 73, 95, 0,[ 32, 27, 14, 15]],

[ 32, 95, 0,[ 73, 88, 81]],

[ 40, 95, 0,[ 37, 5, 33]],

[ 94, 95, 0,[ 34, 76, 91]],

[ 57, 95, 0,[ 87, 5, 51, 52]],

[ 81, 95, 0,[ 32, 34, 2, 46]],

[ 22, 95, 0,[ 49, 72, 63]],

[ 48, 95, 0,[ 9, 56, 16, 55]],

[ 24, 95, 0,[ 61, 39, 30]],

[ 36, 95, 0,[ 65, 3, 49]],

[ 62, 95, 0,[ 92, 77, 20, 87, 4]],

[ 67, 95, 0,[ 80, 0, 69, 93]],

[ 7, 95, 0,[ 0, 2, 59]],

[ 26, 95, 0,[ 88, 3, 19]],

[ 71, 95, 0,[ 5, 8, 80]],

[ 82, 95, 0,[ 83, 49, 99, 85, 35]],

[ 80, 95, 0,[ 71, 67, 68]],

[ 15, 95, 0,[ 45, 49, 73]],

[ 36, 55, 0,[ 66, 71, 32]],

[ 53, 55, 0,[ 37, 38, 9, 51]],

[ 44, 55, 1,[ 18, 89, 77, 57]],

[ 29, 55, 0,[ 35, 99, 88]],

[ 75, 55, 0,[ 24, 50, 99]],

[ 87, 5, 1,[ 1, 22, 86, 61]],

[ 70, 55, 0,[ 25, 27]],

[ 57, 55, 0,[ 7, 44, 31]],

[ 37, 55, 0,[ 91, 53, 5]],

[ 51, 55, 0,[ 48, 53, 74, 15, 65]],

[ 82, 55, 0,[ 61, 11, 74]],

[ 42, 55, 0,[ 21, 45, 15]],

[ 21, 55, 0,[ 10, 42, 28, 59, 88]],

[ 74, 55, 0,[ 14, 51, 82]],

[ 94, 55, 0,[ 34, 43, 8, 40]],

[ 27, 55, 0,[ 50, 30, 70, 20]],

[ 73, 55, 0,[ 26, 90, 17]],

[ 63, 15, 1,[ 6, 20, 39, 19, 83]],

[ 16, 55, 0,[ 84, 64, 91]],

[ 66, 55, 0,[ 88, 4, 36]],

[ 98, 55, 0,[ 28, 40, 49]],

[ 59, 45, 1,[ 69, 81, 21]],

[ 7, 55, 0,[ 57, 46]],

[ 64, 55, 0,[ 0, 3, 16]],

[ 88, 55, 0,[ 56, 66, 21, 78, 29]],

[ 69, 55, 0,[ 11, 59, 32, 41]],

[ 28, 55, 0,[ 31, 91, 68, 98, 21]],

[ 24, 55, 0,[ 75, 30]],

[ 99, 55, 0,[ 29, 75]],

[ 56, 55, 0,[ 31, 88, 23]],

[ 17, 55, 0,[ 4, 92, 39, 73]],

[ 26, 55, 0,[ 33, 77, 73, 41]],

[ 77, 55, 0,[ 89, 55, 44, 26]],

[ 13, 55, 0,[ 97, 1, 78]],

[ 18, 55, 0,[ 44, 30, 55]],

[ 5, 55, 0,[ 3, 39, 37, 41]],

[ 58, 55, 0,[ 34, 67, 65]],

[ 67, 55, 0,[ 58, 22, 95]],

[ 54, 55, 0,[ 83, 71, 6, 62, 65]],

[ 79, 55, 0,[ 80, 85]],

[ 12, 55, 0,[ 34, 90, 41]],

[ 10, 55, 0,[ 46, 97, 21]],

[ 34, 55, 0,[ 23, 50, 22, 58, 12, 94]],

[ 97, 55, 0,[ 13, 10, 85, 52]],

[ 30, 55, 0,[ 27, 18, 24]],

[ 95, 55, 0,[ 67, 0, 45, 78]],

[ 60, 55, 1,[ 35, 86, 23]],

[ 14, 55, 0,[ 19, 8, 1, 74]],

[ 15, 55, 0,[ 42, 2, 51]],

[ 38, 55, 0,[ 90, 53, 9]],

[ 93, 55, 0,[ 48, 91, 76]],

[ 83, 65, 1,[ 63, 54, 91]],

[ 86, 55, 0,[ 25, 55, 87, 81, 71, 60]],

[ 71, 55, 0,[ 36, 54, 86, 8]],

[ 19, 55, 0,[ 0, 14, 63]],

[ 8, 85, 1,[ 94, 14, 43, 71]],

[ 9, 55, 0,[ 38, 53, 2]],

[ 52, 55, 0,[ 33, 46, 97, 68, 92]],

[ 78, 55, 0,[ 95, 13, 88]],

[ 32, 55, 0,[ 90, 69, 36]],

[ 55, 55, 0,[ 77, 86, 18]],

[ 89, 55, 0,[ 44, 77, 61]],

[ 65, 55, 1,[ 51, 54, 58]],

[ 3, 55, 0,[ 5, 45, 6, 64, 47, 96]],

[ 72, 55, 0,[ 76, 35, 96]],

[ 45, 55, 0,[ 95, 3, 42]],

[ 96, 55, 0,[ 3, 2, 33, 72]],

[ 20, 55, 0,[ 27, 84, 63]],

[ 68, 55, 0,[ 28, 52, 35, 85]],

[ 43, 55, 0,[ 11, 94, 8]],

[ 76, 55, 0,[ 93, 31, 72]],

[ 85, 55, 0,[ 68, 79, 97]],

[ 31, 55, 0,[ 28, 76, 57, 56]],

[ 40, 5, 1,[ 98, 94]],

[ 49, 55, 0,[ 90, 98, 81]],

[ 47, 55, 0,[ 3, 23]],

[ 4, 55, 0,[ 17, 66, 62]],

[ 35, 55, 0,[ 72, 92, 29, 68, 60]],

[ 41, 55, 0,[ 69, 5, 26, 12]],

[ 46, 55, 0,[ 52, 10, 7]],

[ 80, 55, 0,[ 79, 48]],

[ 22, 55, 0,[ 87, 34, 67]],

[ 25, 55, 0,[ 70, 86, 61]],

[ 62, 55, 0,[ 1, 4, 54, 84]],

[ 11, 55, 0,[ 61, 82, 43, 69]],

[ 39, 55, 0,[ 63, 5, 17]],

[ 6, 55, 0,[ 3, 63, 54]],

[ 61, 55, 0,[ 89, 82, 25, 87, 11]],

[ 1, 55, 0,[ 14, 62, 13, 87]],

[ 90, 55, 0,[ 38, 73, 32, 12, 49]],

[ 50, 55, 0,[ 27, 34, 75]],

[ 91, 55, 0,[ 83, 37, 16, 93, 28]],

[ 2, 55, 0,[ 9, 15, 96]],

[ 33, 85, 1,[ 52, 26, 96]],

[ 84, 55, 0,[ 16, 62, 20]],

[ 81, 55, 0,[ 59, 49, 86]],

[ 48, 55, 0,[ 51, 80, 93]],

[ 92, 55, 0,[ 52, 17, 35]],

[ 0, 55, 0,[ 64, 95, 19]],

[ 23, 55, 0,[ 47, 56, 60, 34]],

