[ 39, 5, 0,[ 21, 92, 45, 81]],

[ 3, 5, 0,[ 26, 82, 85, 4, 50, 36, 29, 33, 67, 44, 53, 20, 14, 80, 10, 75, 1, 17, 86]],

[ 0, 5, 0,[ 7, 6, 73, 1, 9, 12, 36, 25, 76, 99, 37, 71, 66, 8, 43, 24, 30, 62, 2, 94]],

[ 9, 5, 0,[ 89, 0, 78, 1]],

[ 93, 35, 1,[ 84, 88, 47, 55]],

[ 77, 35, 1,[ 10, 43, 48]],

[ 99, 5, 1,[ 0, 91, 61]],

[ 61, 15, 1,[ 99, 2, 37]],

[ 78, 95, 1,[ 49, 37, 9]],

[ 92, 5, 0,[ 74, 39, 54, 26]],

[ 91, 5, 0,[ 97, 2, 99, 54]],

[ 24, 55, 1,[ 1, 44, 0, 71]],

[ 12, 5, 0,[ 63, 0, 38]],

[ 8, 35, 1,[ 2, 0, 65]],

[ 6, 5, 0,[ 0, 16, 90, 72, 95, 1]],

[ 32, 5, 0,[ 52, 16, 1, 27, 35]],

[ 90, 45, 1,[ 81, 6, 16]],

[ 34, 5, 0,[ 15, 5, 28]],

[ 23, 55, 1,[ 11, 1, 14]],

[ 84, 95, 1,[ 93, 10, 16, 29]],

[ 72, 5, 0,[ 79, 28, 81, 6]],

[ 47, 85, 1,[ 5, 93, 1, 87]],

[ 28, 5, 0,[ 34, 2, 1, 73, 72, 66]],

[ 21, 5, 0,[ 39, 4, 54, 1]],

[ 80, 55, 1,[ 86, 5, 3]],

[ 14, 5, 0,[ 82, 2, 23, 60, 3]],

[ 70, 85, 1,[ 75, 1, 11]],

[ 76, 95, 1,[ 85, 52, 25, 0]],

[ 15, 5, 0,[ 34, 49, 1, 13]],

[ 7, 5, 0,[ 31, 19, 2, 0]],

[ 89, 35, 1,[ 74, 9]],

[ 59, 25, 1,[ 22, 60, 18, 1]],

[ 22, 5, 0,[ 37, 2, 96, 59]],

[ 82, 15, 1,[ 3, 14, 5]],

[ 33, 25, 1,[ 25, 3, 83]],

[ 81, 5, 0,[ 2, 39, 72, 90]],

[ 20, 5, 0,[ 3, 79, 53]],

[ 48, 5, 0,[ 29, 5, 77]],

[ 74, 5, 0,[ 89, 92, 11, 13]],

[ 96, 25, 1,[ 22, 88]],

[ 94, 45, 1,[ 63, 64, 0, 52]],

[ 56, 85, 1,[ 5, 2, 52]],

[ 98, 65, 1,[ 66, 35, 5]],

[ 87, 75, 1,[ 54, 2, 47]],

[ 68, 15, 1,[ 46, 1, 86]],

[ 31, 5, 0,[ 7, 2, 13]],

[ 18, 5, 0,[ 41, 59, 19, 1]],

[ 37, 5, 0,[ 78, 22, 0, 45, 61]],

[ 88, 5, 0,[ 62, 96, 93, 1]],

[ 43, 5, 0,[ 1, 0, 77, 97]],

[ 11, 5, 0,[ 2, 74, 70, 73, 4, 23]],

[ 58, 65, 1,[ 10, 35, 79]],

[ 51, 95, 1,[ 2, 50, 38]],

[ 1, 5, 0,[ 18, 64, 46, 2, 0, 68, 44, 35, 88, 32, 59, 24, 27, 43, 9, 21, 23, 30, 70, 97, 6, 15, 47, 28, 5, 69, 16, 3, 49, 86]],

[ 73, 25, 1,[ 28, 0, 11]],

[ 27, 5, 0,[ 13, 32, 1, 40]],

[ 4, 5, 0,[ 3, 65, 11, 21]],

[ 65, 15, 1,[ 8, 4, 5]],

[ 67, 35, 1,[ 36, 3, 40, 95]],

[ 52, 5, 0,[ 56, 45, 94, 38, 32, 76]],

[ 55, 35, 1,[ 93, 16, 50]],

[ 64, 15, 1,[ 17, 1, 94]],

[ 53, 5, 0,[ 20, 62, 3]],

[ 25, 5, 0,[ 76, 33, 2, 0]],

[ 36, 5, 0,[ 3, 0, 67]],

[ 29, 5, 0,[ 48, 84, 3]],

[ 26, 15, 1,[ 92, 3, 13]],

[ 49, 75, 1,[ 15, 78, 5, 1, 95]],

[ 79, 35, 1,[ 72, 2, 58, 20]],

[ 44, 65, 1,[ 3, 24, 1]],

[ 75, 65, 1,[ 70, 3, 2]],

[ 83, 5, 0,[ 46, 33, 5]],

[ 63, 75, 1,[ 94, 12, 10]],

[ 38, 5, 0,[ 42, 12, 52, 50, 51, 35, 40]],

[ 97, 45, 1,[ 43, 1, 91]],

[ 10, 5, 0,[ 63, 84, 58, 57, 3, 77]],

[ 35, 5, 0,[ 32, 58, 98, 1, 54, 38]],

[ 57, 5, 0,[ 10, 69, 30]],

[ 17, 5, 0,[ 64, 41, 3]],

[ 16, 5, 0,[ 55, 1, 90, 32, 6, 84]],

[ 41, 65, 1,[ 18, 2, 17]],

[ 54, 5, 0,[ 21, 35, 92, 87, 91]],

[ 30, 5, 0,[ 57, 1, 69, 0]],

[ 62, 75, 1,[ 53, 88, 0]],

[ 69, 95, 1,[ 30, 1, 57]],

[ 45, 75, 1,[ 39, 37, 52]],

[ 46, 5, 0,[ 60, 83, 1, 68]],

[ 19, 35, 1,[ 2, 7, 18]],

[ 13, 5, 0,[ 27, 31, 5, 15, 26, 2, 74]],

[ 95, 15, 1,[ 67, 49, 6]],

[ 85, 15, 1,[ 2, 76, 3]],

[ 5, 5, 0,[ 56, 71, 98, 34, 82, 49, 83, 47, 2, 48, 80, 13, 1, 65]],

[ 2, 5, 0,[ 41, 91, 11, 22, 85, 28, 14, 13, 7, 5, 81, 1, 42, 87, 56, 75, 0, 25, 79, 61, 51, 8, 19, 31]],

[ 40, 5, 0,[ 67, 38, 27]],

[ 86, 45, 1,[ 68, 1, 80, 3]],

[ 66, 75, 1,[ 28, 98, 0]],

[ 60, 5, 1,[ 46, 59, 14]],

[ 71, 55, 1,[ 0, 24, 5]],

[ 50, 5, 1,[ 51, 3, 38, 55]],

[ 42, 5, 0,[ 38, 2]],

