[ 73, 25, 0,[ 88, 12, 63]],

[ 94, 25, 0,[ 43, 3, 7]],

[ 42, 25, 0,[ 18, 4, 26]],

[ 60, 25, 0,[ 54, 21, 46, 67]],

[ 55, 25, 0,[ 14, 72, 26]],

[ 70, 25, 0,[ 49, 18, 62]],

[ 27, 25, 0,[ 85, 15, 44, 45, 83]],

[ 53, 25, 0,[ 64, 85, 37]],

[ 72, 25, 0,[ 97, 29, 55, 11]],

[ 50, 25, 0,[ 11, 12, 37]],

[ 24, 25, 0,[ 23, 51, 16]],

[ 15, 25, 0,[ 31, 27, 34, 56]],

[ 19, 25, 0,[ 95, 62, 7]],

[ 23, 25, 0,[ 82, 24, 38, 57]],

[ 45, 25, 0,[ 18, 27, 41]],

[ 35, 25, 0,[ 14, 29, 1]],

[ 91, 25, 0,[ 81, 90, 47]],

[ 39, 25, 0,[ 3, 20, 37]],

[ 86, 25, 0,[ 43, 26, 51]],

[ 89, 25, 0,[ 8, 5, 76]],

[ 33, 25, 0,[ 68, 82, 17]],

[ 26, 25, 0,[ 42, 95, 86, 55]],

[ 66, 25, 0,[ 61, 10, 36]],

[ 8, 25, 0,[ 97, 89, 95]],

[ 82, 25, 0,[ 33, 23, 88]],

[ 88, 25, 0,[ 1, 73, 82]],

[ 14, 25, 0,[ 35, 9, 55, 21]],

[ 29, 25, 0,[ 68, 35, 72]],

[ 49, 25, 0,[ 65, 70, 93, 28]],

[ 4, 25, 0,[ 47, 16, 42]],

[ 93, 25, 0,[ 49, 51, 83]],

[ 1, 95, 1,[ 17, 35, 88]],

[ 76, 25, 0,[ 89, 0, 52, 32]],

[ 85, 25, 0,[ 53, 41, 69, 27]],

[ 75, 25, 0,[ 40, 20, 63]],

[ 79, 25, 0,[ 81, 17, 32]],

[ 11, 75, 1,[ 72, 50, 25, 62]],

[ 0, 25, 1,[ 76, 38, 25, 87]],

[ 25, 25, 0,[ 0, 11, 69]],

[ 58, 25, 0,[ 36, 3, 47]],

[ 34, 25, 0,[ 63, 30, 17, 15, 99]],

[ 59, 25, 0,[ 54, 17, 63]],

[ 74, 25, 0,[ 9, 46, 12]],

[ 44, 25, 0,[ 7, 27, 32]],

[ 92, 25, 0,[ 32, 6, 87]],

[ 64, 25, 0,[ 17, 53, 13, 87]],

[ 7, 25, 0,[ 44, 94, 38, 19]],

[ 69, 25, 0,[ 25, 97, 85]],

[ 37, 25, 0,[ 50, 39, 43, 53, 41]],

[ 16, 25, 0,[ 24, 90, 4]],

[ 77, 25, 0,[ 78, 84, 96]],

[ 41, 25, 0,[ 45, 80, 85, 37]],

[ 20, 25, 0,[ 54, 75, 46, 67, 39]],

[ 99, 25, 0,[ 96, 78, 34]],

[ 61, 25, 0,[ 17, 66, 81]],

[ 98, 25, 0,[ 80, 47, 12]],

[ 46, 25, 0,[ 20, 74, 60]],

[ 90, 25, 0,[ 16, 91, 40, 52]],

[ 80, 25, 0,[ 98, 97, 41]],

[ 6, 95, 1,[ 65, 92]],

[ 52, 25, 0,[ 76, 90, 65]],

[ 12, 25, 0,[ 74, 50, 73, 98]],

[ 84, 25, 0,[ 71, 77, 5]],

[ 5, 85, 1,[ 89, 84, 65, 48]],

[ 57, 25, 0,[ 30, 23, 63]],

[ 13, 25, 0,[ 22, 64, 30, 2]],

[ 68, 25, 0,[ 29, 33, 22]],

[ 43, 25, 0,[ 37, 86, 94]],

[ 95, 25, 0,[ 8, 19, 9, 26]],

[ 56, 25, 0,[ 15, 62, 2]],

[ 71, 25, 0,[ 10, 30, 84]],

[ 96, 25, 0,[ 78, 99, 77]],

[ 81, 25, 0,[ 61, 79, 91, 51]],

[ 48, 25, 0,[ 5, 31, 83]],

[ 28, 25, 0,[ 87, 38, 49, 36]],

[ 36, 25, 0,[ 66, 58, 51, 28]],

[ 65, 25, 0,[ 6, 5, 49, 52]],

[ 87, 25, 0,[ 28, 64, 0, 92]],

[ 2, 75, 1,[ 22, 21, 13, 56]],

[ 21, 25, 0,[ 14, 60, 2]],

[ 30, 25, 0,[ 71, 34, 13, 57]],

[ 40, 25, 0,[ 67, 62, 90, 75]],

[ 22, 25, 0,[ 13, 2, 68]],

[ 9, 25, 0,[ 74, 95, 14]],

[ 32, 25, 0,[ 44, 76, 92, 79]],

[ 62, 25, 0,[ 40, 19, 11, 56, 70]],

[ 18, 25, 0,[ 78, 42, 70, 45]],

[ 17, 25, 0,[ 79, 33, 34, 64, 1, 61, 59]],

[ 10, 25, 1,[ 71, 66, 3]],

[ 51, 25, 0,[ 24, 31, 86, 81, 36, 93]],

[ 78, 25, 0,[ 77, 18, 99, 96]],

[ 97, 25, 0,[ 72, 8, 69, 80]],

[ 83, 25, 0,[ 27, 48, 93]],

[ 67, 25, 0,[ 20, 60, 40]],

[ 31, 25, 0,[ 51, 48, 15]],

[ 63, 25, 0,[ 59, 75, 57, 34, 73]],

[ 47, 25, 0,[ 58, 91, 4, 98]],

[ 54, 25, 1,[ 59, 60, 20]],

[ 38, 55, 1,[ 23, 7, 28, 0]],

[ 3, 25, 1,[ 94, 39, 10, 58]],

