[ 82, 25, 0,[ 54, 37, 3]],

[ 38, 25, 1,[ 78, 57]],

[ 46, 45, 1,[ 50, 7, 17, 21, 8, 96]],

[ 32, 5, 1,[ 79, 45, 40]],

[ 99, 45, 0,[ 6, 69, 22]],

[ 25, 5, 1,[ 41, 81, 73, 53]],

[ 61, 15, 0,[ 44, 88, 86, 56]],

[ 54, 55, 1,[ 82, 23, 53]],

[ 27, 55, 1,[ 34, 60, 66, 33]],

[ 79, 85, 1,[ 18, 32, 24, 22]],

[ 90, 75, 0,[ 71, 2, 85, 34]],

[ 47, 65, 0,[ 37, 31, 17]],

[ 78, 65, 0,[ 2, 38, 16]],

[ 97, 85, 0,[ 68, 36, 57, 89, 39]],

[ 76, 5, 0,[ 89, 67, 50]],

[ 7, 25, 1,[ 51, 16, 46]],

[ 53, 35, 1,[ 25, 15, 54, 12]],

[ 91, 85, 1,[ 5, 26, 30, 13]],

[ 1, 55, 1,[ 81, 65, 63, 45]],

[ 84, 45, 0,[ 0, 49, 44]],

[ 62, 45, 1,[ 10, 87, 64]],

[ 72, 75, 1,[ 63, 39, 87]],

[ 13, 65, 1,[ 37, 91, 40, 56]],

[ 29, 35, 1,[ 22, 41, 2]],

[ 18, 85, 1,[ 79, 43, 51]],

[ 83, 55, 0,[ 35, 86, 16, 9]],

[ 31, 65, 0,[ 47, 80, 28, 35]],

[ 43, 95, 1,[ 18, 98, 63, 81]],

[ 81, 35, 0,[ 1, 25, 43]],

[ 5, 45, 1,[ 45, 98, 91]],

[ 9, 85, 1,[ 88, 83, 96]],

[ 40, 85, 0,[ 13, 49, 32]],

[ 21, 95, 1,[ 14, 51, 46, 75]],

[ 10, 45, 1,[ 88, 33, 62]],

[ 95, 85, 0,[ 24, 67, 52]],

[ 41, 65, 1,[ 25, 29, 12, 23, 44]],

[ 60, 35, 0,[ 88, 27]],

[ 86, 15, 0,[ 70, 83, 61]],

[ 3, 5, 1,[ 11, 28, 39, 82]],

[ 30, 85, 1,[ 58, 93, 19, 91]],

[ 77, 45, 0,[ 94, 2, 14]],

[ 64, 75, 0,[ 62, 74, 44, 80]],

[ 34, 55, 1,[ 90, 2, 27]],

[ 50, 15, 0,[ 46, 85, 76]],

[ 69, 95, 0,[ 75, 68, 99]],

[ 85, 15, 1,[ 90, 52, 50, 87, 74]],

[ 56, 65, 0,[ 28, 12, 61, 13]],

[ 71, 35, 0,[ 4, 42, 90]],

[ 74, 75, 0,[ 64, 80, 85, 59]],

[ 63, 75, 0,[ 43, 1, 65, 72]],

[ 48, 35, 1,[ 66, 59, 92]],

[ 80, 75, 0,[ 74, 64, 42, 6, 31]],

[ 6, 55, 1,[ 99, 80, 0]],

[ 4, 5, 1,[ 67, 20, 71]],

[ 66, 55, 0,[ 44, 16, 48, 27]],

[ 59, 75, 0,[ 48, 23, 74]],

[ 52, 75, 1,[ 57, 95, 85]],

[ 15, 95, 0,[ 65, 75, 53, 58]],

[ 22, 75, 1,[ 79, 29, 99]],

[ 92, 45, 0,[ 48, 0, 73, 11]],

[ 17, 85, 1,[ 46, 47, 35]],

[ 67, 5, 0,[ 76, 4, 95]],

[ 8, 35, 1,[ 88, 98, 46]],

[ 93, 5, 0,[ 35, 30]],

[ 57, 45, 1,[ 38, 97, 94, 52]],

[ 55, 15, 1,[ 58, 70, 51, 19]],

[ 51, 95, 0,[ 18, 21, 55, 7]],

[ 94, 35, 1,[ 49, 77, 57, 26]],

[ 45, 75, 0,[ 1, 5, 32]],

[ 65, 75, 0,[ 20, 63, 15, 1, 36]],

[ 58, 95, 0,[ 30, 55, 68, 73, 15]],

[ 87, 75, 0,[ 72, 62, 85]],

[ 37, 45, 1,[ 13, 82, 47]],

[ 42, 75, 0,[ 71, 80, 26]],

[ 39, 85, 0,[ 72, 3, 2, 97, 88]],

[ 73, 65, 0,[ 92, 58, 25]],

[ 19, 45, 0,[ 30, 55, 49]],

[ 98, 5, 0,[ 43, 5, 20, 8]],

[ 2, 5, 1,[ 77, 75, 90, 29, 34, 78, 39]],

[ 14, 25, 1,[ 21, 11, 77]],

[ 96, 35, 0,[ 46, 9, 70]],

[ 28, 5, 1,[ 56, 3, 31]],

[ 49, 45, 0,[ 84, 94, 19, 20, 40]],

[ 11, 65, 1,[ 3, 14, 92]],

[ 68, 15, 1,[ 69, 97, 58]],

[ 0, 75, 1,[ 6, 92, 84]],

[ 12, 45, 1,[ 41, 56, 53]],

[ 26, 35, 0,[ 42, 91, 94]],

[ 33, 85, 0,[ 27, 10]],

[ 88, 25, 1,[ 8, 10, 60, 9, 61, 39]],

[ 24, 95, 1,[ 35, 79, 95]],

[ 70, 5, 0,[ 55, 96, 35, 86]],

[ 44, 75, 0,[ 61, 41, 84, 64, 66]],

[ 16, 35, 1,[ 66, 78, 36, 83, 7]],

[ 75, 95, 0,[ 21, 15, 2, 69]],

[ 89, 85, 0,[ 76, 20, 97]],

[ 35, 75, 1,[ 93, 24, 83, 17, 31, 70]],

[ 23, 75, 0,[ 54, 41, 59]],

[ 36, 15, 1,[ 97, 16, 65]],

[ 20, 35, 1,[ 65, 49, 4, 89, 98]],

