[ 33, 5, 0,[ 91, 1, 57, 83]],

[ 11, 25, 1,[ 98, 92, 68]],

[ 34, 65, 1,[ 24, 74, 58, 42, 64, 29]],

[ 15, 95, 0,[ 3, 38, 0]],

[ 46, 95, 1,[ 94, 8, 19, 87, 77]],

[ 45, 5, 1,[ 59, 66, 4, 69]],

[ 78, 35, 0,[ 26, 5, 7]],

[ 35, 5, 1,[ 14, 85, 89, 81, 22]],

[ 16, 25, 1,[ 71, 63, 81]],

[ 14, 15, 1,[ 93, 76, 68, 35, 94]],

[ 20, 75, 1,[ 41, 50, 49]],

[ 43, 95, 1,[ 47, 42, 9]],

[ 0, 55, 1,[ 10, 95, 15, 62, 49, 19, 54]],

[ 69, 35, 0,[ 45, 21, 63]],

[ 27, 55, 1,[ 40, 8, 6]],

[ 48, 65, 1,[ 23, 70, 80, 86]],

[ 26, 35, 0,[ 79, 78, 47]],

[ 21, 15, 1,[ 73, 57, 97, 69, 66]],

[ 1, 25, 1,[ 25, 57, 33, 51]],

[ 77, 25, 0,[ 83, 46, 40]],

[ 7, 35, 1,[ 78, 57, 25]],

[ 9, 5, 1,[ 39, 43, 5, 22]],

[ 31, 25, 1,[ 18, 28, 30]],

[ 4, 5, 1,[ 42, 51, 30, 88, 44, 45]],

[ 93, 55, 0,[ 14, 75, 73]],

[ 44, 55, 0,[ 17, 40, 4]],

[ 86, 95, 0,[ 53, 28, 48]],

[ 90, 5, 0,[ 88, 12, 18]],

[ 75, 55, 0,[ 2, 22, 93]],

[ 29, 65, 1,[ 34, 49, 95]],

[ 51, 5, 0,[ 72, 4, 1]],

[ 6, 55, 1,[ 97, 27, 59]],

[ 28, 35, 1,[ 87, 31, 62, 86, 56, 42, 84]],

[ 89, 45, 0,[ 35, 61, 13]],

[ 38, 85, 1,[ 64, 67, 15, 24]],

[ 47, 35, 0,[ 17, 26, 43]],

[ 62, 65, 0,[ 84, 28, 0, 67]],

[ 87, 35, 0,[ 28, 46, 85]],

[ 79, 35, 0,[ 26, 71, 25]],

[ 50, 25, 0,[ 13, 20, 32]],

[ 85, 35, 0,[ 35, 13, 87, 92]],

[ 67, 95, 0,[ 62, 73, 38]],

[ 54, 25, 1,[ 37, 52, 0, 23]],

[ 2, 95, 1,[ 75, 98, 82, 74]],

[ 74, 55, 0,[ 2, 13, 34]],

[ 30, 25, 1,[ 4, 61, 17, 31]],

[ 59, 35, 0,[ 10, 6, 24, 45]],

[ 12, 75, 1,[ 5, 3, 90]],

[ 3, 75, 1,[ 12, 98, 15, 65]],

[ 55, 5, 0,[ 37, 57, 49]],

[ 70, 35, 1,[ 68, 41, 82, 48]],

[ 83, 35, 0,[ 33, 77]],

[ 96, 55, 0,[ 95, 63, 57]],

[ 91, 65, 1,[ 37, 33, 41]],

[ 8, 5, 0,[ 27, 46]],

[ 17, 45, 1,[ 47, 71, 30, 44]],

[ 82, 55, 0,[ 2, 70]],

[ 84, 5, 0,[ 62, 28, 36]],

[ 52, 65, 1,[ 73, 54, 39]],

[ 73, 25, 0,[ 67, 21, 93, 76, 52]],

[ 92, 75, 1,[ 85, 10, 11, 32]],

[ 41, 25, 0,[ 20, 91, 70]],

[ 60, 35, 0,[ 99, 25, 49]],

[ 49, 25, 0,[ 55, 29, 20, 0, 60]],

[ 24, 65, 0,[ 38, 59, 34]],

[ 10, 35, 1,[ 92, 59, 0]],

[ 66, 25, 0,[ 21, 19, 45]],

[ 99, 5, 0,[ 60, 37, 65]],

[ 25, 45, 1,[ 94, 60, 79, 7, 1]],

[ 71, 35, 0,[ 17, 16, 79]],

[ 42, 25, 0,[ 34, 28, 4, 43]],

[ 13, 45, 1,[ 85, 56, 89, 74, 50]],

[ 53, 5, 1,[ 80, 72, 86]],

[ 65, 15, 1,[ 3, 88, 99, 58]],

[ 98, 5, 0,[ 3, 2, 11]],

[ 32, 95, 1,[ 76, 92, 50]],

[ 76, 5, 0,[ 32, 14, 73]],

[ 56, 5, 0,[ 58, 13, 28]],

[ 22, 65, 1,[ 9, 75, 35]],

[ 5, 5, 1,[ 12, 88, 78, 9]],

[ 23, 35, 0,[ 54, 48, 58]],

[ 61, 75, 0,[ 80, 89, 30]],

[ 37, 55, 1,[ 91, 99, 72, 55, 54]],

[ 58, 95, 0,[ 65, 23, 34, 56]],

[ 57, 95, 1,[ 21, 96, 64, 1, 33, 7, 18, 55]],

[ 72, 45, 1,[ 51, 97, 37, 53]],

[ 64, 25, 0,[ 34, 57, 38]],

[ 80, 95, 0,[ 48, 53, 61]],

[ 19, 25, 0,[ 0, 66, 46]],

[ 68, 5, 0,[ 11, 70, 36, 14]],

[ 40, 15, 1,[ 27, 77, 44, 39]],

[ 94, 5, 0,[ 46, 14, 25]],

[ 95, 35, 1,[ 29, 39, 0, 96]],

[ 18, 15, 1,[ 90, 31, 57]],

[ 63, 75, 1,[ 96, 16, 69, 36]],

[ 97, 25, 0,[ 6, 72, 21]],

[ 39, 55, 0,[ 95, 40, 52, 9]],

[ 36, 95, 1,[ 63, 84, 81, 68]],

[ 81, 55, 1,[ 36, 35, 16]],

[ 88, 25, 1,[ 65, 4, 5, 90]],

