[ 93, 55, 1,[ 73, 96, 32, 16]],

[ 59, 35, 1,[ 17, 39, 65]],

[ 1, 35, 0,[ 23, 68, 26, 46, 86, 39]],

[ 9, 35, 0,[ 27, 45]],

[ 18, 25, 0,[]],

[ 60, 25, 0,[ 85, 66]],

[ 45, 35, 0,[ 88, 9]],

[ 46, 35, 0,[ 61, 1]],

[ 53, 25, 0,[ 52, 92, 83, 0]],

[ 22, 35, 0,[ 63, 75]],

[ 5, 25, 0,[]],

[ 74, 65, 0,[ 84, 33]],

[ 3, 35, 0,[ 84, 25, 38, 56]],

[ 92, 45, 1,[ 78, 89, 53]],

[ 35, 35, 0,[ 77, 70, 84, 91]],

[ 40, 85, 0,[ 47]],

[ 52, 25, 0,[ 53]],

[ 30, 65, 0,[ 56, 98, 66, 11]],

[ 34, 95, 0,[ 76, 32, 70]],

[ 67, 35, 0,[ 90, 12, 71]],

[ 61, 35, 0,[ 46, 81]],

[ 51, 25, 0,[ 82]],

[ 10, 25, 0,[ 83]],

[ 48, 35, 0,[ 55, 32, 54]],

[ 19, 35, 0,[ 4, 76]],

[ 4, 35, 0,[ 8, 17, 15, 19]],

[ 25, 75, 0,[ 96, 3, 65]],

[ 76, 95, 0,[ 19, 54, 34, 26]],

[ 57, 35, 0,[ 78, 8, 97]],

[ 98, 95, 0,[ 30, 36, 26]],

[ 50, 85, 0,[ 21, 29, 58]],

[ 32, 95, 0,[ 93, 34, 48, 90, 99]],

[ 26, 95, 0,[ 98, 1, 76]],

[ 75, 35, 0,[ 22, 80, 56]],

[ 91, 35, 0,[ 35]],

[ 31, 25, 0,[ 7, 41, 16]],

[ 38, 25, 0,[ 83, 3]],

[ 82, 25, 0,[ 83, 86, 51]],

[ 27, 35, 0,[ 29, 9, 64]],

[ 8, 35, 0,[ 71, 57, 4, 16]],

[ 87, 85, 0,[ 69]],

[ 71, 35, 0,[ 14, 8, 67]],

[ 56, 35, 0,[ 75, 3, 30]],

[ 95, 35, 0,[ 73, 36]],

[ 2, 35, 0,[ 44, 85, 42]],

[ 83, 25, 0,[ 10, 44, 53, 82, 6, 94, 38]],

[ 78, 35, 0,[ 57, 92]],

[ 39, 45, 1,[ 59, 1, 23, 41]],

[ 96, 75, 1,[ 25, 49, 80, 93]],

[ 64, 35, 0,[ 27]],

[ 12, 35, 0,[ 67, 7, 84]],

[ 54, 35, 0,[ 21, 76, 48]],

[ 72, 45, 0,[ 13, 79, 28]],

[ 77, 85, 0,[ 68, 35, 81, 36]],

[ 79, 45, 0,[ 99, 72]],

[ 80, 35, 0,[ 44, 96, 75]],

[ 0, 35, 0,[ 85, 53]],

[ 16, 35, 0,[ 93, 31, 8]],

[ 94, 85, 0,[ 21, 83]],

[ 41, 25, 1,[ 31, 24, 39, 37]],

[ 99, 95, 0,[ 69, 79, 32]],

[ 81, 35, 0,[ 66, 77, 61]],

[ 21, 85, 0,[ 17, 94, 54, 47, 50]],

[ 37, 25, 0,[ 41, 28]],

[ 13, 45, 0,[ 72]],

[ 70, 35, 0,[ 20, 35, 34]],

[ 23, 45, 0,[ 39, 49, 1]],

[ 69, 85, 0,[ 99, 87]],

[ 15, 55, 0,[ 6, 89, 4]],

[ 97, 35, 0,[ 7, 57]],

[ 90, 95, 0,[ 32, 67, 58]],

[ 58, 85, 0,[ 55, 90, 50]],

[ 11, 65, 0,[ 30]],

[ 24, 95, 1,[ 68, 6, 14, 41]],

[ 42, 35, 0,[ 2]],

[ 28, 55, 0,[ 37, 72, 33]],

[ 63, 55, 0,[ 33, 20, 22]],

[ 68, 85, 0,[ 24, 1, 77]],

[ 85, 35, 0,[ 2, 0, 60]],

[ 65, 85, 1,[ 25, 84, 59]],

[ 7, 35, 0,[ 97, 31, 12]],

[ 89, 55, 0,[ 15, 49, 92]],

[ 20, 85, 0,[ 47, 70, 63]],

[ 84, 65, 1,[ 65, 3, 12, 35, 74]],

[ 6, 25, 0,[ 83, 15, 24]],

[ 44, 35, 0,[ 2, 80, 83]],

[ 55, 35, 0,[ 48, 58]],

[ 33, 55, 0,[ 36, 28, 63, 74]],

[ 49, 75, 0,[ 23, 89, 96]],

[ 88, 35, 0,[ 45]],

[ 29, 35, 0,[ 50, 27]],

[ 36, 95, 0,[ 98, 33, 95, 77]],

[ 62, 35, 0,[ 43]],

[ 86, 35, 0,[ 82, 1]],

[ 17, 85, 0,[ 59, 21, 4]],

[ 43, 35, 0,[ 62]],

[ 66, 25, 0,[ 81, 30, 60]],

[ 47, 85, 0,[ 40, 21, 20]],

[ 14, 35, 0,[ 71, 24]],

[ 73, 35, 1,[ 93, 95]],

