[ 31, 95, 1,[ 27, 77, 65]],

[ 96, 95, 0,[ 81, 84, 15]],

[ 60, 55, 1,[ 75, 5, 76]],

[ 77, 45, 1,[ 78, 86, 31, 10]],

[ 92, 95, 0,[ 33, 91, 94]],

[ 68, 95, 1,[ 27, 35, 19, 57]],

[ 52, 95, 0,[ 70]],

[ 29, 95, 0,[ 50, 55, 82]],

[ 51, 45, 1,[ 89, 0, 25]],

[ 16, 95, 0,[ 97, 42]],

[ 94, 45, 1,[ 24, 22, 76, 38, 92]],

[ 46, 95, 0,[ 63, 86]],

[ 20, 95, 0,[ 98, 76, 59]],

[ 30, 95, 0,[ 33, 69, 49]],

[ 91, 95, 1,[ 50, 59, 17, 54, 41, 92]],

[ 84, 95, 1,[ 10, 23, 43, 88, 96, 59]],

[ 88, 95, 0,[ 55, 84, 39]],

[ 50, 45, 1,[ 0, 29, 18, 64, 1, 91]],

[ 54, 95, 0,[ 91]],

[ 69, 95, 1,[ 56, 47, 30, 4]],

[ 45, 95, 1,[ 9, 59, 36, 12]],

[ 9, 95, 0,[ 40, 45, 75]],

[ 72, 95, 0,[ 8, 78]],

[ 43, 95, 0,[ 83, 6, 84]],

[ 28, 95, 0,[ 26, 56, 49]],

[ 80, 65, 1,[ 14, 49, 47, 13, 65, 37]],

[ 23, 15, 1,[ 53, 84, 64]],

[ 83, 95, 1,[ 38, 37, 26, 43]],

[ 37, 35, 0,[ 80, 83, 64]],

[ 61, 95, 1,[ 73, 18, 34, 26]],

[ 58, 95, 0,[ 49, 15]],

[ 27, 95, 0,[ 87, 31, 68]],

[ 17, 95, 0,[ 91, 66, 19]],

[ 4, 95, 0,[ 66, 69, 98]],

[ 35, 95, 0,[ 8, 59, 68]],

[ 25, 45, 0,[ 64, 51, 41]],

[ 47, 95, 0,[ 69, 80]],

[ 73, 95, 0,[ 90, 41, 61]],

[ 70, 95, 1,[ 22, 52, 63]],

[ 48, 95, 0,[ 18, 87, 74, 39]],

[ 11, 95, 0,[ 71, 97, 65]],

[ 66, 95, 1,[ 17, 57, 79, 4, 3]],

[ 87, 95, 1,[ 74, 32, 5, 48, 7, 27, 86]],

[ 12, 95, 0,[ 56, 45]],

[ 65, 95, 1,[ 31, 80, 81, 11, 79]],

[ 95, 95, 0,[ 64, 97]],

[ 14, 95, 0,[ 82, 44, 80]],

[ 39, 95, 1,[ 48, 67, 5, 19, 88]],

[ 21, 95, 0,[ 49, 75, 90]],

[ 99, 95, 0,[ 55]],

[ 8, 45, 1,[ 38, 85, 72, 35]],

[ 74, 95, 1,[ 87, 15, 48, 13]],

[ 55, 95, 1,[ 36, 99, 29, 88]],

[ 36, 95, 0,[ 55, 45, 67]],

[ 15, 65, 1,[ 96, 79, 58, 74, 3]],

[ 98, 95, 1,[ 20, 33, 4, 53]],

[ 22, 95, 0,[ 70, 67, 94]],

[ 59, 95, 1,[ 20, 84, 35, 91, 45]],

[ 6, 95, 0,[ 75, 43]],

[ 42, 95, 1,[ 16, 34, 40, 81, 32]],

[ 57, 95, 0,[ 68, 66, 97]],

[ 1, 95, 0,[ 49, 62, 50]],

[ 13, 95, 0,[ 80, 74, 44]],

[ 67, 95, 1,[ 36, 89, 39, 22]],

[ 33, 95, 1,[ 92, 30, 24, 98, 63, 82]],

[ 79, 95, 0,[ 15, 66, 65]],

[ 34, 95, 0,[ 42, 61, 64]],

[ 89, 15, 0,[ 62, 51, 67]],

[ 76, 65, 1,[ 20, 2, 60, 94]],

[ 19, 95, 1,[ 17, 68, 39]],

[ 38, 95, 0,[ 83, 94, 8]],

[ 82, 95, 1,[ 29, 33, 7, 14]],

[ 75, 95, 1,[ 9, 6, 60, 21]],

[ 40, 95, 1,[ 2, 9, 42]],

[ 85, 95, 0,[ 8]],

[ 26, 75, 1,[ 53, 83, 28, 61]],

[ 5, 45, 0,[ 87, 39, 60]],

[ 0, 95, 0,[ 50, 44, 51]],

[ 93, 95, 1,[ 56, 44, 32]],

[ 41, 95, 1,[ 73, 91, 25]],

[ 10, 95, 0,[ 77, 84, 78]],

[ 86, 15, 1,[ 46, 77, 87]],

[ 64, 35, 1,[ 25, 34, 23, 50, 37, 95]],

[ 49, 95, 1,[ 28, 1, 58, 30, 21, 80]],

[ 3, 95, 0,[ 15, 44, 66]],

[ 71, 95, 1,[ 11, 7, 2, 90]],

[ 62, 95, 1,[ 89, 1, 44]],

[ 56, 35, 1,[ 12, 93, 28, 69]],

[ 18, 95, 0,[ 61, 48, 50]],

[ 7, 95, 0,[ 71, 87, 82]],

[ 90, 35, 1,[ 21, 71, 73]],

[ 78, 95, 1,[ 72, 77, 10]],

[ 53, 95, 0,[ 23, 26, 98]],

[ 63, 35, 1,[ 33, 24, 46, 70]],

[ 44, 95, 1,[ 93, 0, 13, 3, 62, 14]],

[ 97, 95, 1,[ 57, 16, 95, 11]],

[ 81, 35, 1,[ 42, 96, 65]],

[ 32, 95, 0,[ 42, 93, 87]],

[ 24, 35, 1,[ 94, 33, 63]],

[ 2, 95, 0,[ 40, 76, 71]],

[ 31, 5, 1,[ 28, 62, 45]],

[ 47, 95, 1,[ 87, 73, 61, 25, 34, 97]],

[ 6, 55, 0,[ 11, 99, 38]],

[ 78, 95, 1,[ 59, 77, 39]],

[ 26, 35, 1,[ 96, 92, 80, 36, 94]],

[ 15, 55, 1,[ 30, 37, 94]],

[ 10, 55, 0,[ 57, 63, 29]],

[ 32, 55, 0,[ 63, 42, 91]],

[ 28, 55, 0,[ 71, 59, 48, 31]],

[ 63, 75, 1,[ 32, 65, 90, 10, 36, 51, 66]],

[ 35, 55, 0,[ 95, 80, 83]],

[ 96, 65, 1,[ 26, 56, 2]],

[ 67, 5, 1,[ 87, 36, 85, 1]],

[ 91, 55, 1,[ 64, 43, 32]],

[ 16, 55, 0,[ 74, 80, 29]],

[ 57, 55, 0,[ 10, 76, 48, 18]],

[ 86, 55, 1,[ 54, 51, 11, 95]],

[ 52, 55, 0,[ 38, 37, 80]],

[ 88, 55, 0,[ 82, 23, 8]],

[ 85, 65, 1,[ 99, 67, 98]],

[ 1, 55, 0,[ 44, 68, 70, 64, 23, 24, 67, 69]],

[ 98, 55, 1,[ 85, 4, 38, 93]],

[ 25, 55, 0,[ 4, 47, 90]],

[ 42, 55, 1,[ 7, 95, 32]],

[ 2, 55, 0,[ 60, 45, 96]],

[ 95, 95, 1,[ 86, 42, 87, 35, 50]],

[ 50, 55, 1,[ 45, 95, 53, 66, 38, 11, 55]],

[ 72, 55, 0,[ 46, 81, 58]],

[ 36, 55, 0,[ 67, 63, 26]],

[ 14, 55, 0,[ 81, 65]],

[ 60, 75, 1,[ 17, 2, 89]],

[ 70, 25, 1,[ 1, 19, 49]],

[ 87, 55, 1,[ 95, 74, 67, 47]],

[ 3, 55, 0,[ 30, 29, 44, 33, 40, 82, 99]],

[ 55, 55, 0,[ 66, 83, 50]],

[ 7, 55, 0,[ 39, 81, 42]],

[ 89, 55, 1,[ 8, 23, 60]],

[ 13, 55, 0,[ 92, 80, 18]],

[ 93, 55, 1,[ 98, 61, 20]],

[ 38, 55, 0,[ 6, 46, 50, 98, 52, 58]],

[ 29, 55, 0,[ 27, 10, 3, 16, 43]],

[ 83, 55, 1,[ 35, 55, 74]],

[ 97, 55, 0,[ 33, 59, 47]],

[ 82, 55, 1,[ 88, 30, 27, 4, 3, 44]],

[ 73, 55, 0,[ 49, 47, 81]],

[ 23, 55, 1,[ 88, 89, 1, 65, 37]],

[ 4, 55, 0,[ 25, 82, 98, 39]],

[ 94, 5, 1,[ 26, 15, 68]],

[ 45, 55, 1,[ 71, 2, 50, 31]],

[ 79, 55, 0,[ 54, 64, 40]],

[ 44, 95, 1,[ 3, 1, 82, 21]],

[ 90, 95, 1,[ 25, 99, 63]],

[ 21, 55, 0,[ 44, 41, 77]],

[ 9, 55, 0,[ 66, 12, 80]],

[ 22, 55, 0,[ 33, 71, 68]],

[ 74, 35, 1,[ 87, 83, 16, 27, 20]],

[ 64, 95, 1,[ 62, 12, 79, 91, 1]],

[ 0, 55, 0,[ 41, 54, 84]],

[ 48, 55, 0,[ 12, 28, 57]],

[ 71, 55, 1,[ 18, 22, 45, 28, 20]],

[ 80, 55, 1,[ 52, 13, 9, 16, 35, 26]],

[ 40, 55, 1,[ 79, 84, 3, 99, 62]],

[ 27, 55, 0,[ 29, 82, 74]],

[ 61, 55, 0,[ 92, 47, 93]],

[ 11, 55, 0,[ 50, 6, 86]],

[ 30, 55, 0,[ 82, 15, 3]],

[ 81, 55, 1,[ 51, 7, 73, 14, 72, 75, 24]],

[ 84, 55, 0,[ 40, 39, 0]],

[ 43, 55, 0,[ 29, 91]],

[ 54, 55, 0,[ 0, 86, 79]],

[ 18, 55, 0,[ 13, 71, 57]],

[ 56, 55, 0,[ 46, 96, 8]],

[ 66, 85, 1,[ 63, 17, 50, 76, 9, 55]],

[ 39, 45, 1,[ 75, 84, 4, 78, 7]],

[ 75, 55, 0,[ 81, 39]],

[ 68, 5, 1,[ 92, 22, 1, 94, 24]],

[ 33, 55, 1,[ 3, 92, 97, 22]],

[ 8, 55, 0,[ 56, 89, 88]],

[ 17, 55, 0,[ 19, 66, 60]],

[ 53, 55, 0,[ 77, 50]],

[ 92, 55, 1,[ 26, 68, 61, 33, 13]],

[ 20, 55, 0,[ 71, 74, 93]],

[ 99, 25, 1,[ 85, 3, 6, 90, 40]],

[ 37, 55, 0,[ 52, 15, 23]],

[ 46, 55, 0,[ 72, 38, 56, 58]],

[ 65, 55, 1,[ 14, 69, 63, 23]],

[ 77, 5, 1,[ 78, 21, 53]],

[ 12, 55, 0,[ 9, 48, 64]],

[ 58, 55, 1,[ 38, 76, 72, 46]],

[ 24, 55, 1,[ 81, 68, 1]],

[ 51, 55, 0,[ 81, 63, 86]],

[ 19, 5, 1,[ 70, 17, 49]],

[ 69, 55, 1,[ 5, 1, 65]],

[ 62, 65, 1,[ 40, 31, 64]],

[ 49, 25, 1,[ 73, 19, 70]],

[ 59, 25, 1,[ 41, 97, 28, 78]],

[ 76, 55, 1,[ 5, 58, 57, 66]],

[ 41, 65, 1,[ 0, 21, 59]],

[ 5, 55, 0,[ 69, 76]],

[ 34, 55, 0,[ 47]],

