[ 21, 15, 0,[ 41, 26, 61]],

[ 66, 45, 0,[ 92, 96, 47]],

[ 67, 15, 0,[ 68, 78, 39]],

[ 3, 45, 0,[ 50, 78, 38]],

[ 81, 85, 1,[ 30, 29, 1, 25, 63, 2, 79]],

[ 54, 15, 0,[ 47, 86, 94]],

[ 79, 25, 1,[ 16, 89, 81, 57, 34]],

[ 40, 95, 1,[ 19, 69, 5, 13]],

[ 47, 95, 1,[ 54, 35, 20, 66]],

[ 35, 15, 0,[ 47, 37, 60]],

[ 12, 15, 0,[ 98, 26]],

[ 57, 15, 0,[ 89, 83, 79]],

[ 93, 55, 1,[ 6, 70, 75, 0, 99]],

[ 24, 25, 1,[ 44, 53, 7, 18, 25, 88]],

[ 69, 15, 1,[ 95, 83, 38, 40]],

[ 26, 65, 1,[ 21, 12, 48, 33, 28]],

[ 63, 5, 1,[ 10, 81, 22]],

[ 88, 45, 0,[ 50, 24, 8]],

[ 65, 45, 1,[ 55, 86, 5]],

[ 22, 15, 0,[ 55, 80, 63]],

[ 59, 15, 1,[ 30, 42, 83, 76]],

[ 29, 45, 0,[ 61, 94, 81]],

[ 44, 45, 0,[ 24, 89, 97]],

[ 75, 15, 1,[ 56, 42, 93, 62]],

[ 6, 45, 0,[ 8, 93, 39]],

[ 61, 5, 1,[ 36, 70, 21, 43, 52, 29]],

[ 20, 45, 0,[ 16, 47, 56]],

[ 73, 65, 1,[ 17, 87, 91]],

[ 92, 5, 1,[ 86, 8, 66]],

[ 1, 35, 0,[ 46, 81, 36, 39]],

[ 60, 75, 1,[ 84, 97, 35, 64]],

[ 13, 15, 0,[ 95, 40, 58]],

[ 76, 65, 1,[ 16, 90, 49, 59, 51]],

[ 18, 15, 0,[ 45, 74, 24]],

[ 15, 95, 1,[ 19, 2, 10, 11]],

[ 46, 45, 0,[ 43, 1, 74]],

[ 58, 35, 1,[ 74, 13, 28, 31, 71]],

[ 84, 85, 1,[ 60, 9, 74, 32]],

[ 50, 55, 1,[ 77, 88, 3, 34, 32, 51, 48]],

[ 83, 65, 1,[ 7, 19, 59, 57, 72, 89, 69]],

[ 70, 15, 1,[ 61, 68, 93]],

[ 52, 15, 0,[ 25, 61]],

[ 71, 15, 1,[ 58, 85, 55]],

[ 96, 85, 1,[ 62, 72, 66]],

[ 5, 15, 0,[ 78, 56, 65, 40]],

[ 37, 15, 0,[ 98, 97, 35]],

[ 64, 15, 1,[ 78, 60, 97]],

[ 41, 45, 1,[ 33, 21, 45, 98]],

[ 77, 75, 0,[ 99, 50, 49, 45]],

[ 48, 15, 0,[ 86, 50, 26]],

[ 33, 85, 0,[ 41, 26]],

[ 62, 45, 1,[ 96, 45, 75]],

[ 16, 15, 0,[ 76, 79, 20]],

[ 23, 15, 0,[ 55]],

[ 9, 85, 0,[ 84, 28]],

[ 42, 35, 1,[ 75, 59]],

[ 55, 25, 1,[ 23, 65, 71, 14, 22]],

[ 7, 85, 0,[ 83, 78, 24]],

[ 45, 45, 1,[ 77, 41, 10, 62, 18, 97]],

[ 39, 5, 1,[ 67, 17, 6, 68, 34, 1]],

[ 14, 65, 0,[ 55, 80, 17, 97]],

[ 11, 75, 0,[ 87, 85, 98, 15]],

[ 97, 85, 1,[ 14, 27, 45, 60, 44, 37, 43, 64]],

[ 94, 45, 1,[ 54, 53, 29]],

[ 98, 75, 1,[ 30, 12, 37, 95, 11, 41]],

[ 30, 45, 0,[ 59, 98, 81]],

[ 90, 15, 0,[ 27, 19, 76]],

[ 72, 15, 0,[ 83, 4, 96]],

[ 91, 35, 1,[ 49, 73, 87]],

[ 51, 45, 0,[ 19, 76, 50]],

[ 43, 15, 0,[ 61, 97, 0, 46]],

[ 27, 85, 0,[ 97, 90, 32]],

[ 19, 75, 1,[ 83, 90, 40, 51, 15]],

[ 17, 65, 0,[ 39, 73, 14]],

[ 0, 35, 0,[ 68, 43, 93]],

[ 86, 35, 1,[ 92, 65, 53, 54, 48, 2]],

[ 99, 95, 1,[ 77, 93, 4, 36]],

[ 53, 85, 0,[ 24, 86, 94]],

[ 38, 5, 0,[ 69, 3]],

[ 25, 35, 0,[ 24, 52, 81]],

[ 80, 15, 0,[ 82, 22, 14]],

[ 8, 15, 1,[ 88, 6, 92]],

[ 87, 85, 1,[ 73, 91, 11]],

[ 78, 75, 1,[ 67, 5, 64, 7, 3]],

[ 4, 95, 0,[ 99, 72, 85]],

[ 68, 35, 1,[ 0, 39, 82, 67, 70]],

[ 36, 35, 0,[ 61, 99, 1]],

[ 31, 15, 0,[ 89, 58]],

[ 28, 65, 0,[ 58, 9, 95, 26]],

[ 89, 75, 1,[ 31, 83, 44, 79, 57]],

[ 85, 45, 1,[ 4, 74, 71, 11]],

[ 2, 15, 0,[ 86, 81, 15]],

[ 49, 35, 1,[ 76, 91, 77]],

[ 74, 95, 1,[ 58, 85, 84, 18, 46]],

[ 82, 35, 1,[ 68, 80]],

[ 32, 85, 0,[ 50, 84, 27]],

[ 95, 5, 1,[ 28, 98, 69, 13]],

[ 34, 85, 0,[ 79, 39, 50]],

[ 56, 65, 1,[ 5, 75, 20]],

[ 10, 15, 0,[ 45, 15, 63]],

