[ 96, 55, 1,[ 99, 66, 0]],

[ 89, 75, 1,[ 36, 70, 84, 38]],

[ 7, 85, 0,[ 24, 93, 4]],

[ 51, 75, 1,[ 56, 12, 19]],

[ 62, 35, 0,[ 59, 23, 17]],

[ 83, 5, 1,[ 29, 41, 74]],

[ 93, 85, 0,[ 94, 82, 7]],

[ 56, 65, 0,[ 51, 68, 72, 99]],

[ 76, 55, 1,[ 53, 86, 29, 9]],

[ 70, 85, 1,[ 89, 49, 16]],

[ 64, 25, 1,[ 77, 33, 1, 72, 80]],

[ 1, 95, 0,[ 57, 64, 55]],

[ 19, 65, 1,[ 21, 61, 51, 38]],

[ 20, 85, 0,[ 0, 74]],

[ 27, 35, 0,[ 14, 79, 45, 88]],

[ 84, 95, 1,[ 89, 32, 90, 52]],

[ 6, 95, 0,[ 44, 55]],

[ 81, 45, 1,[ 9, 28, 63, 58, 44]],

[ 71, 75, 1,[ 42, 99, 3, 63, 10]],

[ 60, 55, 1,[ 82, 78, 16, 73, 15]],

[ 98, 75, 1,[ 24, 65, 95]],

[ 44, 15, 1,[ 53, 16, 6, 81, 75]],

[ 54, 45, 0,[ 67]],

[ 68, 95, 0,[ 56, 13, 52, 66]],

[ 41, 15, 1,[ 65, 83, 26, 91]],

[ 28, 45, 0,[ 81, 35, 43, 34]],

[ 8, 85, 1,[ 43, 73, 3, 92]],

[ 69, 75, 0,[ 42, 80, 25, 14]],

[ 79, 35, 1,[ 97, 27, 78, 73]],

[ 65, 75, 1,[ 98, 40, 41]],

[ 90, 95, 1,[ 58, 87, 78, 84]],

[ 30, 65, 0,[ 21, 10, 95, 9]],

[ 23, 65, 1,[ 62, 94, 61]],

[ 13, 65, 0,[ 68, 31]],

[ 78, 35, 0,[ 90, 79, 60]],

[ 48, 95, 0,[ 92, 15, 43]],

[ 22, 95, 0,[ 82, 32, 11]],

[ 85, 65, 1,[ 49, 66, 46]],

[ 38, 75, 0,[ 19, 89, 2]],

[ 10, 65, 0,[ 18, 71, 14, 30]],

[ 74, 85, 1,[ 75, 20, 83]],

[ 12, 15, 0,[ 51, 99, 16]],

[ 9, 65, 0,[ 81, 76, 30]],

[ 35, 45, 0,[ 39, 97, 28]],

[ 73, 45, 1,[ 79, 60, 8]],

[ 31, 65, 0,[ 49, 13]],

[ 59, 35, 1,[ 75, 5, 62, 18]],

[ 55, 95, 1,[ 47, 1, 6, 63]],

[ 92, 15, 1,[ 48, 8, 26]],

[ 67, 45, 1,[ 80, 39, 54]],

[ 21, 65, 0,[ 19, 77, 30]],

[ 77, 95, 1,[ 87, 99, 21, 64]],

[ 4, 85, 0,[ 7, 24, 25]],

[ 58, 85, 1,[ 90, 52, 81, 40]],

[ 66, 95, 0,[ 17, 42, 85, 68, 96]],

[ 37, 55, 0,[ 86, 40, 91]],

[ 88, 35, 0,[ 15, 47, 27]],

[ 50, 35, 1,[ 72, 40, 24, 94]],

[ 45, 95, 0,[ 27, 25]],

[ 61, 15, 1,[ 23, 19, 47]],

[ 40, 35, 1,[ 37, 50, 65, 58]],

[ 0, 25, 0,[ 96, 86, 26, 20]],

[ 75, 55, 1,[ 44, 59, 74]],

[ 14, 65, 0,[ 27, 69, 10]],

[ 2, 75, 0,[ 80, 57, 38, 18]],

[ 18, 35, 0,[ 59, 2, 10]],

[ 15, 95, 1,[ 48, 60, 88]],

[ 49, 15, 1,[ 31, 33, 85, 70]],

[ 87, 35, 1,[ 90, 77, 34]],

[ 99, 65, 1,[ 71, 56, 77, 47, 12, 96]],

[ 3, 95, 0,[ 71, 8, 32]],

[ 11, 35, 0,[ 22, 42]],

[ 94, 75, 1,[ 93, 23, 50]],

[ 42, 35, 1,[ 66, 17, 11, 71, 69]],

[ 25, 95, 0,[ 45, 4, 69]],

[ 95, 25, 1,[ 91, 98, 97, 30]],

[ 34, 45, 0,[ 28, 87]],

[ 82, 85, 1,[ 86, 60, 93, 22]],

[ 16, 15, 0,[ 60, 12, 70, 44]],

[ 29, 55, 0,[ 76, 97, 83]],

[ 26, 55, 1,[ 41, 92, 0]],

[ 91, 55, 1,[ 95, 41, 37]],

[ 97, 35, 0,[ 95, 79, 29, 35]],

[ 72, 35, 0,[ 50, 56, 64]],

[ 33, 75, 1,[ 53, 46, 64, 39, 49]],

[ 46, 75, 0,[ 5, 85, 33]],

[ 63, 5, 1,[ 81, 71, 55]],

[ 52, 95, 0,[ 68, 58, 84]],

[ 86, 25, 1,[ 0, 82, 76, 37]],

[ 17, 35, 0,[ 62, 66, 42]],

[ 53, 75, 0,[ 76, 33, 44]],

[ 39, 85, 1,[ 32, 35, 67, 33]],

[ 43, 45, 0,[ 8, 28, 48]],

[ 24, 75, 1,[ 50, 7, 4, 98]],

[ 57, 75, 0,[ 5, 1, 2]],

[ 36, 75, 0,[ 89]],

[ 5, 35, 0,[ 57, 59, 46]],

[ 47, 75, 1,[ 55, 88, 99, 61]],

[ 32, 95, 0,[ 39, 3, 22, 84]],

[ 80, 75, 1,[ 69, 64, 2, 67]],

