[ 28, 5, 0,[ 52, 32, 17, 33]],

[ 43, 35, 0,[ 33, 65, 59]],

[ 47, 35, 0,[ 58, 40, 41]],

[ 71, 85, 0,[ 52, 24]],

[ 29, 85, 0,[ 60, 25]],

[ 39, 15, 0,[ 35, 9, 42]],

[ 74, 65, 0,[ 58, 85, 77]],

[ 24, 85, 0,[ 6, 13, 71]],

[ 56, 85, 0,[ 45, 12, 21]],

[ 64, 5, 0,[ 45, 31, 9]],

[ 72, 85, 0,[ 46, 93, 34]],

[ 9, 75, 0,[ 39, 64, 86]],

[ 20, 65, 0,[ 8, 70, 48]],

[ 53, 5, 0,[ 83, 15, 63]],

[ 79, 85, 0,[ 84, 34]],

[ 31, 5, 0,[ 63, 88, 69, 55, 64]],

[ 50, 5, 0,[ 55, 66, 57, 3, 91]],

[ 0, 5, 0,[ 25, 18, 49]],

[ 89, 5, 1,[ 73, 17, 41, 70]],

[ 68, 65, 0,[ 11, 18, 14]],

[ 96, 85, 0,[ 13, 67, 83]],

[ 90, 5, 1,[ 85, 65, 22]],

[ 58, 65, 0,[ 70, 2, 74, 47, 80]],

[ 55, 5, 0,[ 31, 50, 93]],

[ 52, 5, 0,[ 28, 71]],

[ 27, 65, 0,[ 70, 36, 66]],

[ 45, 85, 1,[ 78, 14, 10, 56, 88, 64]],

[ 80, 65, 0,[ 48, 84, 58]],

[ 16, 15, 0,[ 11, 93]],

[ 19, 65, 0,[ 84, 98, 95]],

[ 97, 35, 0,[ 23, 78]],

[ 83, 5, 0,[ 96, 18, 53]],

[ 44, 35, 0,[ 25, 95, 60]],

[ 4, 5, 0,[ 51, 98, 32]],

[ 22, 85, 0,[ 62, 38, 90]],

[ 30, 5, 0,[ 33, 69, 8]],

[ 6, 65, 0,[ 7, 70, 24]],

[ 10, 5, 0,[ 81, 94, 45]],

[ 41, 35, 1,[ 54, 89, 47, 91]],

[ 18, 5, 0,[ 68, 83, 0]],

[ 40, 85, 0,[ 21, 47, 1, 13]],

[ 76, 35, 0,[]],

[ 99, 65, 0,[ 87, 73]],

[ 5, 85, 0,[ 21, 61, 94]],

[ 92, 85, 0,[ 38, 36, 2]],

[ 8, 85, 0,[ 21, 20, 30]],

[ 35, 65, 0,[ 39, 84]],

[ 13, 85, 0,[ 96, 40, 24]],

[ 54, 35, 0,[ 41, 23, 49]],

[ 78, 75, 1,[ 75, 97, 45]],

[ 84, 65, 0,[ 79, 19, 35, 80]],

[ 26, 85, 0,[]],

[ 46, 85, 0,[ 88, 72, 66]],

[ 66, 5, 0,[ 46, 27, 61, 50]],

[ 67, 85, 0,[ 37, 96, 42]],

[ 3, 5, 0,[ 50, 77, 81]],

[ 73, 65, 0,[ 1, 99, 11, 89]],

[ 94, 65, 0,[ 70, 5, 10]],

[ 62, 15, 0,[ 11, 22]],

[ 63, 5, 0,[ 31, 53]],

[ 2, 5, 0,[ 92, 81, 58]],

[ 86, 75, 0,[ 9, 17, 59]],

[ 65, 35, 1,[ 43, 75, 69, 90]],

[ 21, 85, 0,[ 87, 56, 5, 40, 8]],

[ 12, 35, 0,[ 49, 56, 59]],

[ 70, 65, 1,[ 20, 27, 6, 58, 89, 14, 94]],

[ 23, 35, 0,[ 54, 97]],

[ 17, 5, 0,[ 28, 86, 89]],

[ 51, 85, 0,[ 69, 60, 4]],

[ 77, 5, 0,[ 74, 49, 3]],

[ 87, 65, 0,[ 99, 98, 21]],

[ 85, 65, 0,[ 74, 90]],

[ 81, 5, 0,[ 3, 2, 10]],

[ 1, 85, 0,[ 40, 38, 73]],

[ 98, 65, 0,[ 4, 19, 87, 82]],

[ 48, 65, 0,[ 75, 80, 20]],

[ 61, 65, 0,[ 14, 66, 5]],

[ 11, 15, 0,[ 73, 62, 16, 68, 42, 36]],

[ 95, 35, 0,[ 93, 44, 19]],

[ 42, 15, 1,[ 67, 11, 39]],

[ 14, 65, 0,[ 68, 70, 45, 61]],

[ 33, 5, 0,[ 28, 43, 30, 15]],

[ 36, 15, 0,[ 27, 11, 92]],

[ 7, 85, 0,[ 6, 93]],

[ 60, 85, 0,[ 44, 51, 29]],

[ 75, 65, 1,[ 65, 48, 78]],

[ 91, 85, 1,[ 49, 50, 41]],

[ 82, 65, 0,[ 98]],

[ 88, 85, 0,[ 45, 31, 46]],

[ 59, 35, 0,[ 43, 86, 12]],

[ 93, 85, 0,[ 7, 16, 72, 95, 55]],

[ 25, 35, 0,[ 44, 0, 29]],

[ 15, 5, 0,[ 53, 32, 33]],

[ 38, 85, 0,[ 22, 1, 92]],

[ 32, 5, 0,[ 28, 15, 4]],

[ 34, 85, 0,[ 79, 37, 72]],

[ 49, 5, 0,[ 91, 77, 0, 54, 12]],

[ 69, 35, 0,[ 51, 31, 30, 65]],

[ 57, 5, 0,[ 50]],

[ 37, 85, 0,[ 34, 67]],

