[ 65, 75, 1,[ 94, 22, 7, 2, 12]],

[ 87, 75, 1,[ 77, 60, 59, 0, 47]],

[ 74, 15, 1,[ 80, 71, 16]],

[ 62, 55, 0,[ 41, 55, 81]],

[ 2, 75, 0,[ 64, 65]],

[ 83, 95, 1,[ 21, 70, 89, 1, 96]],

[ 17, 55, 0,[ 84, 41]],

[ 24, 75, 1,[ 91, 16, 76]],

[ 81, 35, 1,[ 21, 84, 62]],

[ 46, 95, 0,[ 49, 60, 29]],

[ 39, 65, 1,[ 14, 12, 8]],

[ 80, 45, 1,[ 69, 35, 47, 74]],

[ 68, 75, 1,[ 69, 35, 13, 93, 57]],

[ 42, 75, 1,[ 84, 20, 36, 90]],

[ 85, 55, 1,[ 97, 66, 78]],

[ 35, 75, 0,[ 69, 80, 68]],

[ 23, 45, 1,[ 73, 98, 95, 44]],

[ 73, 35, 0,[ 36, 23, 3]],

[ 33, 15, 1,[ 9, 99, 82]],

[ 75, 75, 1,[ 1, 18, 79, 29, 41]],

[ 98, 65, 1,[ 69, 23]],

[ 99, 35, 1,[ 47, 59, 33, 79, 26]],

[ 31, 85, 1,[ 15, 18, 27, 56]],

[ 44, 45, 1,[ 23, 64, 67, 50]],

[ 63, 35, 1,[ 11, 95, 94, 48]],

[ 88, 95, 0,[ 6]],

[ 34, 75, 0,[ 57, 67, 8]],

[ 64, 65, 1,[ 4, 44, 37, 2]],

[ 84, 55, 1,[ 42, 81, 29, 17, 37, 0]],

[ 91, 85, 1,[ 24, 25, 58, 20]],

[ 94, 85, 1,[ 65, 8, 22, 63]],

[ 9, 35, 0,[ 33, 14, 55]],

[ 57, 75, 0,[ 34, 68, 96]],

[ 38, 55, 0,[]],

[ 25, 85, 0,[ 91, 92, 11]],

[ 51, 75, 1,[ 67, 30]],

[ 89, 95, 0,[ 83, 71, 3]],

[ 0, 55, 0,[ 50, 84, 87]],

[ 47, 35, 0,[ 87, 99, 80]],

[ 15, 85, 1,[ 49, 31, 82]],

[ 30, 35, 0,[ 69, 51, 66]],

[ 54, 95, 0,[ 86, 77, 1]],

[ 96, 45, 1,[ 83, 19, 57]],

[ 82, 55, 1,[ 5, 15, 12, 95, 33]],

[ 14, 35, 0,[ 9, 66, 39]],

[ 11, 95, 0,[ 60, 25, 63]],

[ 32, 25, 0,[ 45, 27, 41]],

[ 40, 35, 0,[ 3, 66]],

[ 29, 55, 0,[ 75, 46, 84]],

[ 79, 75, 1,[ 5, 99, 75]],

[ 72, 75, 0,[ 69, 93, 13]],

[ 7, 55, 0,[ 10, 43, 65]],

[ 43, 55, 0,[ 7, 27, 86]],

[ 49, 95, 0,[ 15, 46, 37]],

[ 3, 35, 0,[ 40, 12, 89, 73]],

[ 86, 95, 1,[ 54, 22, 43]],

[ 16, 75, 0,[ 78, 24, 74]],

[ 20, 85, 0,[ 42, 91, 71]],

[ 50, 35, 1,[ 44, 0, 90]],

[ 26, 25, 1,[ 48, 97, 99]],

[ 28, 95, 0,[ 56, 6]],

[ 93, 35, 1,[ 68, 90, 60, 72]],

[ 1, 95, 0,[ 83, 75, 54]],

[ 78, 25, 1,[ 85, 36, 16, 61, 56]],

[ 13, 75, 0,[ 72, 97, 68]],

[ 10, 55, 0,[ 7, 55, 21]],

[ 67, 75, 0,[ 34, 52, 51, 44]],

[ 77, 5, 1,[ 61, 54, 87]],

[ 12, 75, 0,[ 82, 65, 3, 39]],

[ 55, 55, 1,[ 48, 52, 9, 62, 10]],

[ 37, 55, 0,[ 84, 64, 49]],

[ 36, 75, 0,[ 42, 78, 56, 73]],

[ 60, 95, 1,[ 11, 46, 93, 6, 87]],

[ 95, 35, 1,[ 52, 63, 82, 23]],

[ 53, 45, 0,[ 8, 58, 19, 61]],

[ 59, 25, 1,[ 92, 87, 99]],

[ 8, 45, 0,[ 53, 34, 39, 94]],

[ 52, 35, 0,[ 55, 95, 67]],

[ 58, 45, 1,[ 71, 45, 91, 53]],

[ 4, 65, 0,[ 21, 64]],

[ 92, 25, 1,[ 19, 59, 97, 25]],

[ 76, 85, 1,[ 45, 66, 24]],

[ 19, 45, 0,[ 53, 92, 96]],

[ 48, 25, 0,[ 55, 63, 70, 26]],

[ 90, 55, 1,[ 42, 50, 93]],

[ 18, 85, 0,[ 31, 75]],

[ 27, 55, 0,[ 32, 43, 31]],

[ 41, 85, 1,[ 45, 32, 75, 62, 17]],

[ 70, 45, 1,[ 48, 83, 71]],

[ 5, 35, 0,[ 82, 66, 79]],

[ 66, 35, 1,[ 40, 85, 5, 14, 30, 76]],

[ 97, 85, 1,[ 13, 92, 26, 85]],

[ 6, 95, 0,[ 28, 60, 88]],

[ 69, 15, 1,[ 72, 35, 68, 30, 98, 80]],

[ 61, 25, 0,[ 53, 78, 77]],

[ 22, 85, 0,[ 71, 65, 94, 86]],

[ 45, 25, 1,[ 58, 32, 41, 76]],

[ 71, 45, 1,[ 74, 70, 22, 89, 58, 20]],

[ 21, 55, 0,[ 4, 81, 83, 10]],

[ 56, 65, 1,[ 31, 36, 28, 78]],

