[ 52, 5, 0,[ 59]],

[ 55, 5, 1,[ 15, 73, 92, 90, 96, 23, 54, 78]],

[ 79, 75, 0,[]],

[ 49, 55, 0,[ 84, 87, 11]],

[ 95, 35, 0,[]],

[ 62, 35, 0,[ 74, 24, 42]],

[ 39, 25, 0,[ 26, 70, 96]],

[ 2, 45, 0,[ 10, 38, 84, 69]],

[ 41, 55, 0,[]],

[ 19, 65, 0,[]],

[ 31, 35, 0,[]],

[ 92, 5, 0,[ 87, 55, 48]],

[ 14, 75, 0,[ 73, 74, 24]],

[ 6, 45, 0,[]],

[ 29, 35, 0,[]],

[ 42, 45, 1,[ 10, 62, 99, 23, 26, 3, 15, 98, 93, 20, 89]],

[ 53, 5, 0,[ 11, 44, 43]],

[ 75, 55, 0,[]],

[ 21, 75, 0,[]],

[ 58, 55, 0,[]],

[ 89, 25, 0,[ 42, 61, 66]],

[ 28, 55, 0,[]],

[ 54, 5, 0,[ 55, 69, 40]],

[ 64, 65, 1,[ 61, 74, 47, 98]],

[ 27, 35, 0,[ 85]],

[ 84, 55, 1,[ 26, 66, 49, 73, 72, 2, 3, 86, 99]],

[ 1, 65, 0,[ 8, 23]],

[ 70, 25, 0,[ 39]],

[ 60, 65, 0,[ 34, 33, 74]],

[ 50, 65, 0,[ 33]],

[ 98, 5, 0,[ 42, 64, 11, 57]],

[ 48, 5, 0,[ 33, 92, 81]],

[ 90, 5, 0,[ 55]],

[ 43, 5, 0,[ 82, 53, 59]],

[ 8, 65, 0,[ 46, 1, 4]],

[ 91, 35, 0,[ 85, 24]],

[ 20, 65, 0,[ 33, 25, 42, 7]],

[ 94, 35, 0,[]],

[ 66, 25, 0,[ 84, 89, 35]],

[ 69, 5, 0,[ 2, 54]],

[ 9, 45, 0,[ 10, 4]],

[ 25, 35, 0,[ 82, 85, 86, 20]],

[ 73, 55, 0,[ 55, 14, 84]],

[ 99, 45, 0,[ 42, 84, 37]],

[ 40, 5, 0,[ 54, 0, 87, 12]],

[ 26, 45, 0,[ 39, 84, 42, 12]],

[ 61, 65, 0,[ 89, 64, 23]],

[ 34, 65, 0,[ 60, 7, 87]],

[ 63, 35, 0,[]],

[ 22, 35, 0,[]],

[ 76, 45, 0,[]],

[ 24, 35, 1,[ 78, 62, 86, 14, 91]],

[ 3, 25, 0,[ 81, 84, 42]],

[ 85, 35, 0,[ 27, 91, 25]],

[ 17, 75, 0,[]],

[ 77, 55, 0,[]],

[ 32, 55, 0,[]],

[ 65, 25, 0,[]],

[ 7, 65, 0,[ 23, 34, 20]],

[ 80, 55, 0,[]],

[ 16, 65, 0,[]],

[ 97, 75, 0,[]],

[ 11, 5, 0,[ 49, 98, 53]],

[ 35, 25, 0,[ 83, 71, 66]],

[ 74, 75, 1,[ 60, 14, 62, 87, 64, 38]],

[ 56, 25, 0,[]],

[ 67, 25, 0,[ 46, 71, 81]],

[ 96, 25, 0,[ 55, 39, 83]],

[ 0, 5, 0,[ 57, 87, 40]],

[ 78, 35, 0,[ 55, 33, 24]],

[ 46, 65, 0,[ 67, 33, 8]],

[ 18, 75, 0,[]],

[ 81, 25, 1,[ 67, 5, 47, 48, 38, 83, 3]],

[ 36, 25, 0,[]],

[ 10, 45, 0,[ 42, 9, 2]],

[ 51, 5, 0,[]],

[ 4, 5, 0,[ 59, 8, 9]],

[ 88, 75, 0,[]],

[ 45, 55, 0,[]],

[ 47, 25, 0,[ 81, 64]],

[ 33, 65, 1,[ 46, 78, 20, 60, 48, 50, 12, 15, 72]],

[ 12, 5, 0,[ 40, 33, 26]],

[ 15, 65, 0,[ 33, 55, 42]],

[ 30, 45, 0,[]],

[ 37, 35, 0,[ 44, 99, 87, 82]],

[ 87, 35, 1,[ 49, 92, 0, 71, 40, 74, 34, 37]],

[ 83, 25, 0,[ 81, 35, 96]],

[ 44, 25, 0,[ 37, 53, 5]],

[ 71, 75, 1,[ 93, 35, 67, 87, 86]],

[ 57, 5, 0,[ 0, 98]],

[ 72, 65, 0,[ 84, 33]],

[ 13, 65, 0,[]],

[ 93, 75, 0,[ 42, 71]],

[ 86, 35, 0,[ 25, 84, 71, 24]],

[ 59, 5, 0,[ 43, 52, 4]],

[ 38, 45, 0,[ 81, 2, 74]],

[ 23, 65, 0,[ 55, 42, 1, 7, 61]],

[ 68, 35, 0,[]],

[ 82, 35, 0,[ 37, 25, 43]],

[ 5, 25, 0,[ 44, 81]],

