[ 71, 15, 0,[ 94, 41, 4, 97, 79]],

[ 60, 5, 0,[ 70, 24, 61, 5]],

[ 65, 5, 0,[ 68, 62, 21]],

[ 97, 15, 0,[ 87, 71, 51]],

[ 28, 45, 0,[ 82, 58, 30, 50]],

[ 99, 95, 0,[ 6, 76, 1]],

[ 22, 15, 0,[ 8, 37, 74, 77]],

[ 96, 75, 0,[ 61, 0, 85, 2]],

[ 10, 15, 0,[ 40, 94, 57]],

[ 74, 15, 0,[ 22, 9, 12, 14]],

[ 0, 75, 0,[ 96, 49, 61]],

[ 49, 75, 1,[ 56, 0, 40]],

[ 62, 5, 0,[ 50, 65, 5, 84]],

[ 61, 5, 0,[ 0, 96, 76, 60]],

[ 18, 5, 0,[ 48, 87, 77, 7]],

[ 89, 35, 0,[ 1, 33, 40]],

[ 48, 15, 0,[ 4, 18, 79]],

[ 80, 65, 0,[ 43, 35, 31]],

[ 51, 75, 0,[ 93, 97, 11, 53]],

[ 95, 95, 1,[ 86, 92, 41]],

[ 30, 45, 0,[ 44, 28, 77]],

[ 27, 15, 0,[ 81, 67, 56]],

[ 31, 65, 1,[ 81, 80, 44, 24, 57, 21]],

[ 79, 15, 0,[ 48, 66, 71]],

[ 75, 5, 0,[ 50, 58, 44]],

[ 47, 75, 0,[ 13, 9, 73]],

[ 94, 15, 0,[ 71, 69, 10, 34]],

[ 37, 15, 0,[ 33, 1, 22]],

[ 78, 15, 0,[ 41, 91, 56, 36]],

[ 56, 15, 0,[ 27, 49, 78]],

[ 68, 15, 0,[ 98, 65, 93]],

[ 73, 95, 0,[ 5, 63, 47, 53]],

[ 91, 45, 0,[ 78, 90, 69]],

[ 82, 15, 0,[ 86, 28, 15]],

[ 83, 15, 0,[ 4, 59, 86]],

[ 66, 75, 0,[ 32, 17, 79, 14]],

[ 46, 15, 0,[ 16, 84, 64, 33]],

[ 44, 65, 0,[ 30, 31, 75]],

[ 87, 45, 0,[ 18, 21, 54, 97]],

[ 92, 75, 1,[ 57, 29, 15, 55, 95]],

[ 42, 75, 0,[ 52, 55, 36, 72]],

[ 5, 95, 0,[ 62, 6, 60, 73]],

[ 41, 15, 0,[ 13, 95, 71, 78, 38]],

[ 35, 75, 0,[ 11, 39, 25, 80]],

[ 21, 65, 0,[ 87, 31, 65]],

[ 14, 75, 0,[ 74, 76, 9, 66]],

[ 54, 45, 0,[ 87, 1, 69, 8, 86]],

[ 70, 15, 0,[ 26, 63, 60]],

[ 50, 35, 1,[ 28, 25, 75, 20, 62]],

[ 84, 5, 0,[ 62, 59, 46]],

[ 23, 95, 0,[ 19, 6, 38, 85]],

[ 29, 15, 0,[ 92, 55, 24]],

[ 16, 5, 0,[ 76, 69, 46]],

[ 33, 15, 0,[ 37, 46, 89, 88]],

[ 59, 5, 0,[ 84, 83, 90]],

[ 93, 75, 0,[ 51, 7, 81, 58, 68]],

[ 88, 15, 0,[ 67, 36, 33, 15]],

[ 57, 75, 0,[ 3, 10, 92, 31]],

[ 32, 75, 0,[ 66, 86, 43]],

[ 34, 15, 0,[ 11, 94, 45]],

[ 4, 15, 0,[ 48, 83, 67, 71, 2]],

[ 12, 15, 0,[ 64, 74, 39, 40]],

[ 85, 95, 0,[ 96, 23, 26]],

[ 63, 95, 0,[ 15, 70, 73]],

[ 1, 45, 0,[ 25, 99, 54, 37, 89]],

[ 26, 15, 0,[ 90, 70, 52, 85]],

[ 90, 5, 0,[ 26, 59, 91]],

[ 64, 15, 1,[ 12, 17, 46]],

[ 17, 75, 0,[ 64, 66, 3, 38]],

[ 24, 15, 0,[ 60, 31, 29]],

[ 2, 75, 0,[ 20, 25, 96, 4]],

[ 13, 15, 0,[ 47, 41, 20]],

[ 8, 75, 0,[ 54, 72, 22]],

[ 86, 15, 0,[ 32, 54, 95, 83, 82]],

[ 67, 15, 1,[ 4, 27, 88]],

[ 55, 15, 1,[ 29, 92, 42]],

[ 40, 35, 0,[ 12, 19, 89, 49, 10]],

[ 38, 15, 0,[ 41, 23, 17]],

[ 39, 75, 0,[ 35, 3, 12]],

[ 76, 5, 0,[ 14, 19, 61, 16, 99]],

[ 25, 45, 0,[ 35, 1, 2, 50]],

[ 3, 75, 0,[ 57, 39, 17]],

[ 53, 75, 0,[ 51, 73, 52]],

[ 72, 75, 0,[ 8, 45, 42]],

[ 43, 5, 0,[ 32, 98, 80]],

[ 7, 5, 0,[ 93, 18, 81]],

[ 15, 5, 1,[ 82, 92, 63, 88]],

[ 6, 95, 0,[ 23, 5, 99]],

[ 81, 65, 0,[ 7, 31, 27, 93]],

[ 20, 15, 0,[ 50, 13, 2]],

[ 19, 5, 0,[ 76, 40, 23]],

[ 69, 45, 1,[ 16, 54, 91, 94]],

[ 52, 75, 0,[ 26, 53, 42]],

[ 45, 15, 0,[ 98, 72, 34]],

[ 98, 15, 0,[ 43, 68, 45]],

[ 58, 5, 0,[ 93, 75, 28]],

[ 9, 75, 0,[ 74, 47, 14]],

[ 11, 75, 0,[ 34, 51, 35]],

[ 77, 5, 0,[ 22, 30, 18]],

[ 36, 15, 0,[ 78, 88, 42]],

