[ 57, 55, 0,[ 45, 19, 97]],

[ 35, 45, 0,[ 6, 80, 44]],

[ 29, 35, 0,[ 85, 34, 51]],

[ 96, 95, 1,[ 46, 19, 26]],

[ 9, 75, 0,[ 75, 4, 91]],

[ 52, 15, 0,[ 58, 92]],

[ 32, 35, 0,[ 80, 77, 19]],

[ 82, 25, 1,[ 3, 18, 39]],

[ 49, 85, 1,[ 83, 7, 73]],

[ 64, 25, 1,[ 24, 45, 37]],

[ 33, 35, 1,[ 12, 44, 30, 3]],

[ 13, 35, 0,[ 51, 84, 7]],

[ 66, 85, 1,[ 44, 51, 18, 30, 43, 11]],

[ 54, 85, 0,[ 86, 61, 92]],

[ 2, 65, 0,[ 81, 4, 78]],

[ 10, 5, 0,[ 75, 97, 0]],

[ 28, 95, 0,[ 83, 85, 56]],

[ 90, 35, 0,[ 43, 85, 24]],

[ 86, 35, 1,[ 93, 54, 48, 36]],

[ 47, 5, 1,[ 3, 81, 67]],

[ 11, 95, 0,[ 76, 1, 66]],

[ 56, 95, 1,[ 95, 69, 78, 28]],

[ 46, 65, 0,[ 96, 40, 73, 5]],

[ 45, 25, 1,[ 57, 64, 93]],

[ 94, 5, 0,[ 59, 89, 31]],

[ 65, 55, 1,[ 74, 62, 99]],

[ 1, 95, 0,[ 77, 11, 42]],

[ 85, 5, 1,[ 28, 90, 29, 89]],

[ 84, 15, 1,[ 13, 0, 20, 80]],

[ 92, 15, 1,[ 39, 54, 52, 87]],

[ 83, 85, 0,[ 28, 49]],

[ 43, 35, 0,[ 98, 70, 66, 90]],

[ 55, 35, 1,[ 24, 7, 41, 72]],

[ 23, 55, 0,[ 26, 50, 42]],

[ 77, 65, 0,[ 21, 78, 1, 32]],

[ 40, 65, 1,[ 27, 46, 6, 80]],

[ 21, 45, 0,[ 31, 77, 61]],

[ 41, 35, 0,[ 63, 55, 38, 48]],

[ 17, 35, 0,[ 19, 0, 98, 60]],

[ 48, 35, 0,[ 41, 31, 86]],

[ 16, 95, 0,[ 76, 68, 74]],

[ 0, 5, 0,[ 10, 84, 17]],

[ 42, 45, 1,[ 22, 1, 23, 97]],

[ 75, 5, 1,[ 15, 10, 53, 9]],

[ 88, 5, 0,[ 58, 7, 59]],

[ 76, 95, 1,[ 16, 63, 73, 22, 53, 11]],

[ 68, 45, 1,[ 95, 78, 16]],

[ 63, 75, 1,[ 41, 4, 76]],

[ 22, 45, 0,[ 61, 76, 42]],

[ 36, 35, 0,[ 6, 86, 73, 99, 72]],

[ 14, 65, 0,[ 67, 78, 38]],

[ 4, 75, 0,[ 9, 34, 97, 63, 2]],

[ 97, 55, 1,[ 42, 57, 4, 10]],

[ 19, 35, 1,[ 96, 57, 17, 32]],

[ 80, 95, 1,[ 24, 84, 35, 32, 40, 25]],

[ 7, 35, 0,[ 88, 79, 49, 55, 13]],

[ 62, 45, 1,[ 65, 93, 8]],

[ 69, 65, 1,[ 59, 26, 56, 61]],

[ 73, 75, 1,[ 46, 49, 36, 76, 27]],

[ 5, 35, 0,[ 46, 79, 37, 71]],

[ 12, 15, 0,[ 87, 50, 33]],

[ 89, 5, 0,[ 20, 85, 94, 91]],

[ 79, 45, 1,[ 58, 5, 7]],

[ 91, 65, 1,[ 20, 89, 9]],

[ 20, 15, 0,[ 89, 84, 91, 61]],

[ 98, 75, 1,[ 53, 43, 17]],

[ 51, 35, 1,[ 29, 66, 13]],

[ 93, 25, 1,[ 86, 62, 45, 30, 8]],

[ 87, 15, 1,[ 92, 12, 60]],

[ 50, 55, 1,[ 12, 38, 72, 23]],

[ 44, 45, 1,[ 25, 66, 33, 35]],

[ 72, 35, 0,[ 55, 36, 50]],

[ 81, 35, 1,[ 2, 95, 47]],

[ 53, 5, 0,[ 98, 76, 75]],

[ 60, 35, 0,[ 87, 17, 71]],

[ 38, 35, 0,[ 14, 41, 25, 50]],

[ 71, 35, 1,[ 61, 5, 60]],

[ 30, 35, 0,[ 66, 33, 93]],

[ 34, 75, 0,[ 29, 4]],

[ 37, 15, 0,[ 67, 5, 64]],

[ 15, 35, 1,[ 99, 8, 75]],

[ 74, 35, 1,[ 16, 67, 65]],

[ 39, 55, 1,[ 82, 92, 95]],

[ 95, 55, 0,[ 68, 81, 39, 56]],

[ 25, 95, 0,[ 80, 38, 44]],

[ 70, 35, 1,[ 59, 58, 43]],

[ 67, 15, 1,[ 37, 47, 14, 74]],

[ 24, 35, 0,[ 64, 55, 90, 80]],

[ 58, 25, 1,[ 52, 79, 70, 88]],

[ 31, 45, 1,[ 94, 48, 21]],

[ 3, 35, 0,[ 33, 82, 47]],

[ 78, 65, 1,[ 14, 68, 56, 2, 77, 18]],

[ 18, 85, 0,[ 82, 66, 78]],

[ 26, 85, 1,[ 27, 69, 23, 96]],

[ 61, 85, 1,[ 22, 69, 20, 21, 71, 54]],

[ 8, 95, 1,[ 93, 15, 62]],

[ 59, 5, 1,[ 94, 88, 70, 69]],

[ 99, 45, 1,[ 36, 65, 15]],

[ 6, 35, 0,[ 36, 40, 35]],

[ 27, 85, 0,[ 73, 40, 26]],

