[ 63, 35, 0,[ 64, 10, 88]],

[ 82, 5, 0,[ 1, 3, 79, 70]],

[ 39, 35, 0,[ 38, 61, 44]],

[ 53, 5, 0,[ 89, 2, 11, 54]],

[ 12, 35, 0,[ 73, 18, 13, 11]],

[ 61, 35, 0,[ 48, 10, 39]],

[ 92, 85, 0,[ 52, 84, 24]],

[ 67, 35, 0,[ 26, 3, 88, 38, 15]],

[ 89, 35, 0,[ 38, 48, 53]],

[ 91, 45, 0,[ 34, 11, 31]],

[ 15, 35, 0,[ 67]],

[ 78, 95, 0,[ 43, 0, 29, 5]],

[ 33, 35, 0,[ 4, 46, 37, 94]],

[ 84, 85, 0,[ 38, 28, 92, 69]],

[ 11, 5, 1,[ 91, 56, 53, 72, 37, 12]],

[ 38, 85, 1,[ 16, 23, 84, 67, 64, 96, 51, 46, 42, 8, 89, 1, 55, 98, 39, 93, 72, 37, 45, 27]],

[ 44, 35, 0,[ 76, 43, 39]],

[ 20, 25, 0,[ 77, 1, 32]],

[ 18, 35, 0,[ 12, 57, 30, 1]],

[ 37, 85, 0,[ 33, 38, 11, 68]],

[ 74, 45, 0,[ 3, 87]],

[ 5, 45, 1,[ 24, 56, 4, 60, 78]],

[ 7, 25, 0,[ 59, 79, 47]],

[ 35, 95, 0,[ 30, 34, 52, 22]],

[ 58, 35, 0,[ 88, 2, 64]],

[ 50, 35, 0,[ 81, 70, 14]],

[ 60, 35, 0,[ 0, 73, 5]],

[ 49, 35, 0,[ 1, 2, 97]],

[ 57, 45, 0,[ 51, 18, 34]],

[ 0, 25, 1,[ 22, 79, 93, 48, 87, 60, 71, 65, 13, 94, 77, 78, 95, 76]],

[ 13, 45, 0,[ 0, 12, 3]],

[ 65, 45, 0,[ 19, 0, 66]],

[ 32, 25, 0,[ 20, 31, 2]],

[ 27, 85, 0,[ 47, 90, 38]],

[ 51, 45, 0,[ 38, 6, 57]],

[ 31, 45, 0,[ 91, 96, 32]],

[ 76, 35, 0,[ 0, 44, 97]],

[ 80, 45, 0,[ 96, 1, 2, 95]],

[ 62, 45, 0,[ 34, 22, 54]],

[ 83, 95, 0,[ 6, 55, 2]],

[ 59, 85, 0,[ 42, 10, 87, 7]],

[ 46, 35, 0,[ 45, 33, 10, 38, 26]],

[ 94, 35, 0,[ 0, 33, 2]],

[ 73, 35, 0,[ 60, 12, 86]],

[ 23, 45, 0,[ 38, 19, 6]],

[ 24, 5, 0,[ 70, 92, 5]],

[ 68, 85, 0,[ 3, 55, 37]],

[ 48, 35, 0,[ 81, 0, 90, 89, 61]],

[ 2, 95, 1,[ 81, 9, 99, 43, 69, 26, 85, 94, 83, 58, 80, 53, 52, 75, 32, 49, 29]],

[ 40, 35, 0,[ 17, 85, 97]],

[ 85, 85, 0,[ 40, 21, 98, 2]],

[ 52, 95, 0,[ 35, 2, 92]],

[ 42, 85, 0,[ 75, 59, 38, 79, 69]],

[ 30, 35, 0,[ 18, 45, 35]],

[ 45, 35, 0,[ 30, 38, 46]],

[ 43, 95, 0,[ 2, 44, 78]],

[ 56, 35, 0,[ 11, 5, 17, 71]],

[ 90, 45, 0,[ 99, 3, 48, 27]],

[ 55, 85, 0,[ 1, 83, 68, 38]],

[ 22, 95, 0,[ 0, 29, 62, 35]],

[ 87, 85, 0,[ 21, 59, 0, 74]],

[ 4, 35, 0,[ 5, 33, 96]],

[ 69, 85, 0,[ 42, 2, 86, 84]],

[ 98, 85, 0,[ 85, 29, 38]],

[ 79, 25, 0,[ 42, 7, 0, 82]],

[ 3, 45, 1,[ 82, 1, 10, 67, 90, 9, 68, 13, 74]],

[ 95, 45, 0,[ 99, 36, 0, 80]],

[ 96, 35, 0,[ 31, 80, 38, 4]],

[ 9, 45, 0,[ 3, 10, 2]],

[ 71, 85, 0,[ 56, 0, 8]],

[ 66, 45, 0,[ 72, 41, 65]],

[ 6, 45, 1,[ 1, 97, 23, 41, 83, 51, 25, 34]],

[ 36, 45, 0,[ 95]],

[ 29, 95, 0,[ 2, 78, 98, 22]],

[ 1, 5, 1,[ 55, 47, 38, 49, 14, 3, 6, 70, 20, 82, 18, 80, 28]],

[ 14, 35, 0,[ 17, 50, 1]],

[ 75, 85, 0,[ 42, 21, 2]],

[ 81, 35, 0,[ 48, 2, 50]],

[ 70, 5, 0,[ 24, 50, 1, 82]],

[ 34, 45, 0,[ 62, 57, 6, 91, 35]],

[ 28, 45, 1,[ 99, 54, 1, 84]],

[ 93, 45, 0,[ 38, 99, 0]],

[ 64, 35, 0,[ 58, 38, 63]],

[ 77, 25, 0,[ 0, 20, 16]],

[ 41, 45, 0,[ 54, 6, 66]],

[ 19, 45, 0,[ 88, 65, 23]],

[ 47, 35, 0,[ 86, 27, 1, 7]],

[ 54, 45, 0,[ 62, 28, 41, 53]],

[ 16, 85, 0,[ 77, 38]],

[ 17, 35, 0,[ 56, 40, 14]],

[ 10, 35, 1,[ 3, 63, 9, 61, 59, 46]],

[ 25, 85, 0,[ 6, 8]],

[ 88, 35, 0,[ 63, 19, 67, 58]],

[ 99, 45, 0,[ 95, 2, 93, 28, 90]],

[ 21, 85, 0,[ 87, 85, 75]],

[ 26, 35, 0,[ 67, 2, 46]],

[ 8, 85, 0,[ 38, 25, 71]],

[ 97, 35, 0,[ 76, 49, 6, 40]],

[ 72, 5, 0,[ 38, 11, 66]],

[ 86, 35, 0,[ 69, 47, 73]],

