[ 46, 65, 0,[ 31, 11, 79]],

[ 68, 5, 1,[ 26, 95, 23]],

[ 63, 45, 1,[ 40, 88, 33, 54]],

[ 88, 55, 0,[ 63, 41, 50, 22]],

[ 31, 65, 1,[ 83, 5, 46, 93]],

[ 59, 45, 1,[ 21, 3, 72, 66, 38, 70]],

[ 33, 25, 1,[ 70, 0, 63]],

[ 57, 55, 0,[ 10, 50, 4]],

[ 4, 65, 0,[ 37, 91, 57]],

[ 52, 25, 0,[ 84, 58, 77]],

[ 22, 95, 0,[ 88, 10, 28]],

[ 64, 15, 1,[ 51, 3, 14, 75, 44]],

[ 67, 5, 1,[ 43, 54, 71]],

[ 25, 35, 0,[ 29, 75, 5]],

[ 55, 35, 0,[ 41, 95, 14]],

[ 79, 55, 1,[ 46, 54, 82, 70, 86, 58]],

[ 99, 95, 0,[ 98, 23]],

[ 56, 15, 0,[ 85, 1, 53]],

[ 3, 45, 0,[ 69, 64, 59]],

[ 95, 75, 1,[ 68, 76, 39, 55, 47]],

[ 40, 45, 0,[ 63, 97]],

[ 23, 95, 0,[ 99, 68, 9]],

[ 1, 55, 0,[ 56, 92, 36, 90]],

[ 19, 65, 1,[ 35, 34, 82]],

[ 47, 95, 0,[ 58, 95, 0, 35]],

[ 28, 65, 0,[ 29, 30, 22]],

[ 17, 5, 0,[ 65, 83]],

[ 77, 75, 1,[ 89, 2, 72, 13, 52, 82]],

[ 73, 5, 1,[ 7, 36, 94]],

[ 14, 35, 0,[ 55, 24, 64]],

[ 81, 35, 1,[ 15, 93, 72]],

[ 44, 5, 1,[ 74, 26, 93, 27, 64]],

[ 38, 95, 0,[ 71, 59]],

[ 62, 65, 1,[ 60, 69, 74]],

[ 37, 45, 0,[ 16, 72, 92, 4]],

[ 97, 35, 1,[ 40, 24, 58]],

[ 9, 95, 0,[ 23]],

[ 0, 65, 0,[ 33, 47, 20]],

[ 90, 55, 0,[ 85, 1, 91]],

[ 2, 75, 0,[ 29, 77, 69]],

[ 96, 65, 1,[ 89, 98, 42]],

[ 74, 35, 1,[ 65, 44, 62]],

[ 36, 55, 0,[ 1, 15, 73]],

[ 53, 15, 0,[ 56, 89]],

[ 49, 75, 1,[ 30, 29, 71]],

[ 20, 75, 0,[ 24, 0, 13]],

[ 94, 5, 0,[ 73]],

[ 78, 85, 1,[ 65, 98, 48]],

[ 75, 45, 1,[ 64, 25, 18]],

[ 41, 35, 1,[ 55, 86, 88]],

[ 26, 35, 1,[ 61, 39, 5, 68, 44]],

[ 86, 65, 1,[ 76, 79, 41, 60]],

[ 66, 55, 1,[ 93, 59, 24]],

[ 71, 95, 1,[ 10, 34, 48, 38, 49, 67]],

[ 83, 75, 1,[ 31, 87, 39, 17]],

[ 60, 65, 1,[ 61, 84, 45, 86, 62]],

[ 92, 45, 1,[ 37, 85, 1, 12]],

[ 39, 65, 1,[ 26, 95, 12, 83]],

[ 6, 95, 0,[]],

[ 98, 95, 1,[ 99, 78, 96, 80]],

[ 45, 65, 0,[ 30, 84, 60]],

[ 32, 65, 0,[ 29, 21]],

[ 82, 65, 1,[ 79, 19, 77]],

[ 50, 55, 1,[ 88, 51, 57]],

[ 12, 45, 0,[ 92, 39, 7]],

[ 91, 35, 1,[ 4, 42, 16, 90]],

[ 72, 45, 0,[ 59, 77, 37, 81]],

[ 34, 45, 0,[ 19, 21, 71]],

[ 48, 25, 0,[ 71, 78, 27]],

[ 89, 35, 1,[ 53, 77, 96]],

[ 35, 15, 0,[ 19, 76, 47]],

[ 11, 95, 0,[ 46, 15]],

[ 16, 35, 0,[ 91, 37, 54]],

[ 29, 65, 0,[ 2, 25, 28, 32, 49]],

[ 61, 65, 1,[ 26, 60, 80]],

[ 58, 95, 1,[ 42, 47, 97, 52, 79]],

[ 51, 5, 1,[ 50, 64, 87]],

[ 7, 45, 0,[ 12, 21, 73]],

[ 87, 95, 1,[ 51, 13, 8, 83]],

[ 42, 55, 1,[ 58, 91, 80, 96]],

[ 10, 95, 0,[ 71, 22, 57]],

[ 76, 15, 1,[ 86, 95, 35]],

[ 30, 65, 0,[ 49, 45, 28]],

[ 54, 35, 0,[ 16, 63, 43, 79, 67]],

[ 70, 45, 1,[ 59, 79, 33]],

[ 85, 25, 1,[ 92, 90, 56]],

[ 93, 35, 1,[ 44, 81, 31, 66]],

[ 80, 75, 1,[ 42, 61, 98]],

[ 13, 75, 0,[ 87, 20, 77]],

[ 65, 5, 0,[ 74, 78, 17]],

[ 21, 45, 0,[ 59, 32, 34, 7]],

[ 24, 75, 1,[ 66, 20, 97, 14]],

[ 8, 25, 1,[ 87, 27]],

[ 15, 95, 1,[ 11, 36, 81]],

[ 18, 45, 0,[ 75]],

[ 43, 35, 0,[ 67, 54]],

[ 27, 25, 0,[ 48, 44, 8]],

[ 69, 95, 1,[ 62, 2, 3]],

[ 84, 25, 1,[ 60, 45, 52]],

[ 5, 35, 0,[ 31, 25, 26]],

