[ 35, 55, 0,[ 22, 70, 96]],

[ 72, 85, 0,[ 59, 25, 89, 27]],

[ 94, 85, 1,[ 71, 11, 37, 10, 61]],

[ 68, 85, 1,[ 91, 67, 47]],

[ 37, 85, 0,[ 43, 21, 47, 94, 38]],

[ 77, 5, 1,[ 52, 4, 23, 26]],

[ 19, 65, 1,[ 3, 24, 49]],

[ 44, 85, 1,[ 92, 36, 57]],

[ 54, 85, 0,[ 96, 51, 8]],

[ 84, 55, 1,[ 25, 56, 2]],

[ 32, 85, 0,[ 26, 98, 73]],

[ 70, 95, 1,[ 35, 88, 53]],

[ 93, 55, 1,[ 17, 28, 39]],

[ 10, 55, 0,[ 49, 81, 94, 73]],

[ 87, 85, 0,[ 75, 52, 90]],

[ 12, 85, 0,[ 47, 55, 75]],

[ 8, 75, 1,[ 54, 2, 64]],

[ 16, 85, 0,[ 15, 62]],

[ 17, 15, 0,[ 93, 39, 27]],

[ 82, 85, 1,[ 39, 5, 1]],

[ 41, 45, 1,[ 88, 42, 80, 4]],

[ 80, 45, 1,[ 41, 9, 31]],

[ 61, 45, 0,[ 63, 23, 94]],

[ 9, 85, 0,[ 66, 80]],

[ 74, 85, 1,[ 73, 38, 29]],

[ 36, 15, 0,[ 42, 44, 39]],

[ 58, 25, 1,[ 81, 83, 97]],

[ 47, 85, 1,[ 68, 37, 12]],

[ 3, 85, 0,[ 86, 28, 19]],

[ 2, 85, 0,[ 11, 73, 0, 8, 84]],

[ 97, 85, 0,[ 11, 58, 85]],

[ 26, 85, 1,[ 65, 32, 77, 22]],

[ 22, 25, 0,[ 35, 26, 71, 31]],

[ 67, 85, 0,[ 68, 99, 63]],

[ 85, 15, 1,[ 6, 24, 97, 23]],

[ 6, 85, 0,[ 85, 30, 91]],

[ 90, 85, 0,[ 79, 83, 87, 98]],

[ 48, 85, 0,[ 76, 78, 64]],

[ 73, 85, 1,[ 74, 10, 32, 2]],

[ 88, 5, 0,[ 70, 41]],

[ 42, 85, 1,[ 86, 36, 78, 41]],

[ 28, 85, 0,[ 62, 3, 93]],

[ 40, 85, 0,[ 1, 71, 45]],

[ 96, 85, 1,[ 35, 54, 79, 59, 50]],

[ 51, 75, 1,[ 54, 13, 38]],

[ 65, 85, 0,[ 26, 69, 21]],

[ 76, 65, 1,[ 48, 39, 13, 11, 83]],

[ 5, 85, 0,[ 95, 98, 82]],

[ 99, 85, 1,[ 78, 67, 46, 31]],

[ 95, 45, 1,[ 59, 34, 69, 5]],

[ 81, 15, 0,[ 39, 58, 10]],

[ 52, 85, 0,[ 87, 77, 62]],

[ 69, 75, 1,[ 95, 65, 30]],

[ 78, 85, 1,[ 20, 42, 46, 27, 99, 48]],

[ 86, 85, 1,[ 14, 42, 3]],

[ 75, 35, 1,[ 12, 34, 87]],

[ 71, 75, 1,[ 22, 40, 94, 39]],

[ 91, 85, 1,[ 6, 68, 59]],

[ 83, 95, 1,[ 76, 58, 90]],

[ 49, 85, 1,[ 1, 10, 7, 19]],

[ 20, 85, 0,[ 64, 31, 78]],

[ 98, 45, 1,[ 90, 32, 5]],

[ 0, 85, 0,[ 64, 2, 38]],

[ 38, 85, 0,[ 37, 74, 0, 51]],

[ 34, 85, 0,[ 75, 60, 95]],

[ 13, 85, 0,[ 46, 76, 51]],

[ 63, 85, 1,[ 45, 67, 61]],

[ 53, 85, 0,[ 59, 70, 14]],

[ 1, 85, 0,[ 40, 49, 82]],

[ 25, 85, 0,[ 72, 84, 55]],

[ 14, 85, 0,[ 86, 53, 15]],

[ 56, 35, 1,[ 21, 84, 57]],

[ 60, 85, 1,[ 34, 64, 39]],

[ 24, 35, 1,[ 59, 85, 19]],

[ 4, 45, 0,[ 77, 18, 41]],

[ 64, 85, 1,[ 0, 20, 60, 43, 8, 48]],

[ 66, 85, 1,[ 15, 18, 55, 9]],

[ 31, 5, 1,[ 20, 80, 22, 99, 7]],

[ 45, 85, 1,[ 30, 63, 40]],

[ 43, 85, 0,[ 37, 64, 57]],

[ 62, 45, 1,[ 16, 52, 55, 28, 92]],

[ 57, 85, 0,[ 44, 56, 43]],

[ 55, 5, 1,[ 25, 12, 62, 66]],

[ 27, 85, 0,[ 72, 17, 78]],

[ 21, 85, 0,[ 65, 37, 56]],

[ 59, 85, 1,[ 95, 24, 72, 96, 53, 91]],

[ 23, 45, 1,[ 77, 85, 61]],

[ 92, 85, 0,[ 44, 50, 79, 62]],

[ 11, 85, 0,[ 97, 2, 76, 94]],

[ 46, 85, 0,[ 78, 13, 99]],

[ 39, 55, 1,[ 29, 71, 60, 17, 36, 82, 81, 93, 76]],

[ 18, 85, 0,[ 15, 4, 66]],

[ 33, 85, 0,[ 79, 29]],

[ 89, 35, 1,[ 7, 72]],

[ 50, 85, 1,[ 96, 92]],

[ 30, 85, 0,[ 69, 6, 45]],

[ 79, 5, 1,[ 92, 90, 33, 96]],

[ 29, 85, 0,[ 33, 74, 7, 39]],

[ 15, 75, 1,[ 14, 18, 66, 16]],

[ 7, 85, 0,[ 89, 29, 31, 49]],

[ 22, 5, 0,[ 67, 7, 16]],

[ 78, 25, 1,[ 6, 35, 56, 11, 2, 61, 45]],

[ 97, 5, 1,[ 15, 70, 48]],

[ 64, 55, 1,[ 95, 35, 38, 44, 26]],

[ 40, 45, 0,[ 98, 28, 12]],

[ 68, 65, 1,[ 9, 66, 81]],

[ 5, 5, 0,[ 50, 48, 24, 4]],

[ 69, 95, 1,[ 91, 51, 53, 57, 83, 3]],

[ 93, 55, 1,[ 49, 99, 96]],

[ 90, 5, 1,[ 95, 12, 13, 16]],

[ 39, 55, 1,[ 26, 52, 86]],

[ 42, 15, 0,[ 61, 65, 31]],

[ 6, 25, 0,[ 24, 78, 46, 2]],

[ 98, 45, 0,[ 30, 40, 91]],

[ 55, 55, 0,[ 91, 41, 80]],

[ 92, 5, 1,[ 13, 73, 82, 72, 35]],

[ 88, 45, 0,[ 59, 25, 30]],

[ 32, 45, 0,[ 44, 63, 36]],

[ 33, 45, 1,[ 54, 8, 26]],

[ 14, 5, 0,[ 17, 16, 1]],

[ 3, 95, 0,[ 66, 69, 87]],

[ 43, 75, 0,[ 45, 82, 18]],

[ 26, 55, 1,[ 33, 19, 15, 39, 64]],

[ 15, 75, 1,[ 97, 83, 26]],

[ 49, 55, 1,[ 93, 18]],

[ 65, 35, 1,[ 42, 96, 70]],

[ 34, 15, 0,[ 23, 75, 63]],

[ 73, 45, 1,[ 41, 83, 71, 92]],

[ 27, 95, 0,[ 57, 91, 74]],

[ 20, 95, 0,[ 31, 8]],

[ 41, 55, 1,[ 73, 0, 47, 71, 52, 55]],

[ 74, 95, 0,[ 94, 96, 27]],

[ 29, 95, 0,[ 51, 87, 57]],

[ 81, 15, 1,[ 56, 68, 37]],

[ 79, 5, 1,[ 48, 50]],

[ 94, 55, 1,[ 51, 74, 17, 12, 62]],

[ 36, 45, 0,[ 76, 32, 52]],

[ 13, 5, 0,[ 99, 90, 92]],

[ 57, 95, 0,[ 27, 29, 69]],

[ 9, 65, 0,[ 68, 21, 96]],

[ 54, 95, 0,[ 67, 87, 45, 33]],

[ 61, 35, 1,[ 42, 86, 78, 89]],

[ 95, 35, 1,[ 90, 64, 60]],

[ 16, 5, 0,[ 22, 14, 46, 90]],

[ 77, 5, 1,[ 10, 1, 50]],

[ 1, 5, 0,[ 30, 14, 77]],

[ 11, 25, 0,[ 60, 78]],

[ 85, 55, 0,[ 75, 0, 82]],

[ 28, 55, 0,[ 70, 40, 0]],

[ 47, 55, 1,[ 41, 86, 21, 38]],

[ 52, 55, 0,[ 39, 41, 36]],

[ 0, 55, 0,[ 85, 28, 41]],

[ 59, 45, 1,[ 72, 4, 88, 12]],

[ 99, 55, 1,[ 93, 80, 37, 13]],

[ 82, 55, 1,[ 85, 43, 80, 92]],

[ 63, 15, 1,[ 4, 34, 32, 56]],

[ 46, 5, 0,[ 16, 6, 58]],

[ 53, 95, 0,[ 69, 2, 38]],

[ 18, 35, 0,[ 43, 83, 49]],

[ 91, 95, 1,[ 55, 69, 37, 27, 98]],

[ 96, 15, 1,[ 93, 65, 74, 9]],

[ 87, 85, 1,[ 21, 29, 60, 54, 3]],

[ 48, 5, 0,[ 97, 5, 56, 79]],

[ 66, 95, 1,[ 3, 68, 62]],

[ 76, 45, 0,[ 80, 2, 36]],

[ 60, 35, 1,[ 87, 95, 11]],

[ 45, 45, 1,[ 8, 54, 78, 43]],

[ 8, 45, 1,[ 44, 20, 23, 33, 45]],

[ 12, 45, 0,[ 94, 90, 40, 59]],

[ 51, 65, 1,[ 69, 94, 29]],

[ 80, 55, 1,[ 99, 55, 76, 82]],

[ 24, 15, 1,[ 6, 17, 5]],

[ 62, 45, 0,[ 94, 66, 84]],

[ 35, 65, 0,[ 64, 78, 92]],

[ 67, 5, 1,[ 22, 54, 19]],

[ 56, 15, 1,[ 48, 81, 63, 25, 78]],

[ 71, 65, 1,[ 73, 41]],

[ 86, 15, 0,[ 47, 39, 61]],

[ 37, 95, 0,[ 91, 99, 81]],

[ 44, 55, 1,[ 64, 8, 32]],

[ 83, 35, 1,[ 18, 69, 15, 73]],

[ 31, 45, 1,[ 42, 20, 25]],

[ 89, 15, 1,[ 58, 84, 61]],

[ 30, 45, 0,[ 88, 98, 1]],

[ 72, 45, 0,[ 92, 59, 7]],

[ 38, 55, 0,[ 53, 64, 47]],

[ 23, 45, 1,[ 7, 34, 8]],

[ 19, 75, 1,[ 26, 67, 10]],

[ 2, 25, 0,[ 53, 78, 76, 6]],

[ 75, 15, 1,[ 34, 85, 50]],

[ 7, 45, 0,[ 23, 72, 22]],

[ 58, 45, 0,[ 89, 46]],

[ 25, 45, 0,[ 31, 88, 56]],

[ 4, 15, 0,[ 59, 63, 5]],

[ 17, 5, 0,[ 94, 24, 14]],

[ 84, 25, 1,[ 62, 89, 10]],

[ 10, 45, 0,[ 84, 19, 77]],

[ 70, 35, 1,[ 65, 97, 28]],

[ 50, 5, 1,[ 79, 77, 5, 75]],

[ 21, 65, 0,[ 9, 47, 87]],

