[ 11, 45, 1,[ 65, 34, 38, 8, 68]],

[ 93, 75, 0,[ 82, 25, 75]],

[ 28, 15, 0,[ 48, 38]],

[ 66, 45, 0,[ 20, 91]],

[ 86, 85, 0,[ 80, 33, 59]],

[ 1, 85, 1,[ 6, 0, 73]],

[ 41, 85, 0,[ 46, 94, 51, 58]],

[ 9, 85, 0,[ 16, 89, 55]],

[ 96, 85, 0,[ 18, 80]],

[ 46, 85, 0,[ 47, 69, 41]],

[ 52, 5, 0,[ 24, 2, 79, 91]],

[ 63, 55, 0,[ 13, 17, 82, 53]],

[ 12, 55, 0,[ 33, 99, 14]],

[ 56, 55, 0,[ 3, 88, 33]],

[ 55, 85, 0,[ 26, 49, 22, 0, 68, 9]],

[ 81, 65, 0,[ 90, 91]],

[ 38, 15, 1,[ 11, 28, 76, 10, 3]],

[ 54, 55, 0,[ 89, 13]],

[ 39, 15, 0,[ 48, 57]],

[ 59, 85, 0,[ 86, 76]],

[ 61, 45, 0,[ 44, 47, 50, 8]],

[ 10, 55, 1,[ 33, 38, 85, 60]],

[ 72, 75, 0,[ 3, 88, 18]],

[ 67, 65, 0,[ 17, 77, 98]],

[ 22, 85, 0,[ 74, 55]],

[ 83, 45, 0,[ 36, 70, 40]],

[ 16, 65, 0,[ 3, 9, 75]],

[ 95, 45, 0,[ 29, 51]],

[ 35, 75, 0,[ 57, 24, 73]],

[ 33, 55, 0,[ 10, 12, 56, 86]],

[ 20, 45, 0,[ 66, 71, 31]],

[ 36, 85, 0,[ 80, 31, 83]],

[ 2, 5, 1,[ 62, 68, 0, 58, 52]],

[ 24, 5, 0,[ 31, 52, 35]],

[ 76, 75, 0,[ 59, 73, 38]],

[ 29, 45, 0,[ 95, 97]],

[ 27, 85, 0,[ 4, 85]],

[ 85, 85, 0,[ 27, 4, 10]],

[ 44, 45, 0,[ 42, 61]],

[ 43, 75, 0,[ 65, 32, 37]],

[ 0, 65, 1,[ 2, 1, 32, 65, 55]],

[ 98, 45, 0,[ 67, 92, 71]],

[ 5, 75, 1,[ 90, 84, 13, 7]],

[ 74, 65, 0,[ 3, 22, 99]],

[ 58, 5, 0,[ 2, 41, 25]],

[ 82, 75, 0,[ 57, 63, 26, 42, 93]],

[ 64, 65, 0,[ 79, 90]],

[ 97, 45, 0,[ 29, 19]],

[ 49, 55, 0,[ 55, 21]],

[ 75, 45, 0,[ 69, 16, 93]],

[ 48, 45, 0,[ 45, 28, 39]],

[ 42, 75, 0,[ 44, 82]],

[ 6, 55, 1,[ 80, 1, 3, 84]],

[ 68, 5, 0,[ 55, 2, 11]],

[ 70, 15, 0,[ 30, 57, 83]],

[ 37, 75, 0,[ 43, 77, 53]],

[ 87, 55, 0,[ 50]],

[ 4, 85, 0,[ 85, 51, 27]],

[ 92, 45, 0,[ 98, 47, 78]],

[ 89, 55, 0,[ 9, 13, 54]],

[ 99, 75, 0,[ 34, 74, 12, 62]],

[ 60, 85, 0,[ 21, 10, 80]],

[ 3, 65, 1,[ 16, 56, 38, 72, 74, 14, 6]],

[ 57, 15, 0,[ 39, 35, 82, 70]],

[ 94, 75, 0,[ 73, 34, 41]],

[ 91, 65, 0,[ 52, 81, 66]],

[ 31, 45, 0,[ 24, 36, 20]],

[ 90, 65, 0,[ 64, 81, 5]],

[ 80, 85, 0,[ 65, 60, 88, 36, 86, 96, 6]],

[ 25, 75, 0,[ 58, 93]],

[ 21, 55, 0,[ 60, 40, 78, 23, 49]],

[ 17, 65, 0,[ 67, 63, 7]],

[ 88, 75, 0,[ 80, 72, 56, 18]],

[ 34, 45, 0,[ 94, 11, 99]],

[ 78, 55, 0,[ 21, 40, 32, 92]],

[ 65, 85, 0,[ 43, 80, 11, 0]],

[ 30, 15, 0,[ 70]],

[ 8, 45, 0,[ 61, 77, 11]],

[ 45, 45, 0,[ 79, 19, 48]],

[ 84, 75, 0,[ 5, 6]],

[ 13, 55, 1,[ 89, 5, 63, 54, 50]],

[ 62, 5, 0,[ 2, 99]],

[ 73, 75, 0,[ 94, 35, 76, 1]],

[ 50, 55, 0,[ 61, 87, 13]],

[ 26, 75, 0,[ 82, 55]],

[ 69, 85, 0,[ 7, 46, 75]],

[ 32, 65, 0,[ 43, 78, 0]],

[ 14, 65, 0,[ 12, 53, 3]],

[ 15, 75, 0,[]],

[ 71, 45, 0,[ 98, 20]],

[ 51, 45, 0,[ 19, 4, 95, 41]],

[ 18, 75, 0,[ 96, 72, 88]],

[ 19, 45, 0,[ 45, 51, 97]],

[ 40, 55, 0,[ 83, 21, 78]],

[ 47, 45, 0,[ 92, 61, 46]],

[ 79, 45, 0,[ 45, 64, 52]],

[ 7, 75, 0,[ 17, 69, 5]],

[ 23, 55, 0,[ 21]],

[ 77, 65, 0,[ 37, 8, 67]],

[ 53, 55, 0,[ 63, 37, 14]],

