[ 50, 25, 0,[ 83, 24, 40]],

[ 58, 15, 1,[ 43, 83, 96, 24, 34, 72, 1, 30, 56]],

[ 19, 45, 1,[ 54, 70, 34]],

[ 43, 95, 0,[ 91, 64, 67, 71, 9, 58, 13]],

[ 2, 45, 0,[ 48, 4, 93]],

[ 70, 45, 0,[ 69, 19, 33]],

[ 59, 45, 0,[ 96, 30, 3]],

[ 25, 45, 0,[ 41, 57, 6, 24]],

[ 57, 65, 0,[ 17, 25, 40]],

[ 85, 65, 1,[ 94, 52, 31]],

[ 73, 45, 0,[ 14, 64, 49]],

[ 18, 45, 0,[ 44, 93, 31]],

[ 53, 95, 0,[ 5, 9, 22]],

[ 24, 25, 0,[ 50, 58, 82, 25, 36, 67]],

[ 54, 45, 0,[ 1, 82, 19]],

[ 66, 45, 0,[ 6, 94, 44]],

[ 60, 65, 0,[ 31, 17, 22]],

[ 79, 45, 0,[ 92, 37, 87, 26]],

[ 64, 95, 0,[ 73, 88, 43, 37]],

[ 0, 45, 0,[ 47, 82, 99]],

[ 51, 45, 0,[ 89, 30, 75]],

[ 26, 45, 0,[ 76, 12, 79]],

[ 71, 45, 0,[ 15, 6, 43]],

[ 96, 15, 0,[ 59, 58, 55]],

[ 12, 45, 0,[ 87, 26, 8]],

[ 14, 45, 0,[ 73, 16, 61]],

[ 93, 45, 0,[ 39, 2, 27, 18]],

[ 45, 45, 0,[ 9, 31]],

[ 82, 45, 0,[ 54, 91, 0, 24]],

[ 68, 45, 0,[ 15, 22, 35]],

[ 35, 65, 0,[ 68, 47, 9]],

[ 63, 95, 0,[ 62, 52, 55]],

[ 95, 45, 0,[ 94, 76, 97]],

[ 81, 45, 0,[ 15, 92, 8]],

[ 98, 45, 0,[ 41, 3, 88]],

[ 87, 65, 0,[ 12, 79, 47]],

[ 23, 25, 0,[ 39, 36, 21]],

[ 9, 95, 0,[ 35, 53, 45, 90, 43]],

[ 88, 25, 0,[ 38, 36, 98, 64]],

[ 75, 85, 0,[ 51, 92, 44, 62, 65, 10, 17]],

[ 91, 95, 0,[ 77, 43, 82, 94]],

[ 31, 45, 0,[ 60, 85, 46, 45, 18]],

[ 36, 25, 0,[ 23, 67, 77, 84, 88, 24, 7]],

[ 52, 45, 0,[ 63, 85, 69, 5]],

[ 11, 95, 0,[ 44, 21, 90]],

[ 77, 45, 0,[ 42, 91, 36]],

[ 20, 45, 0,[ 6, 33, 78, 49]],

[ 21, 45, 0,[ 97, 23, 11, 16]],

[ 6, 45, 0,[ 71, 34, 66, 25, 46, 20]],

[ 16, 45, 0,[ 21, 41, 14]],

[ 49, 45, 0,[ 20, 99, 73]],

[ 61, 45, 0,[ 47, 14, 89]],

[ 27, 45, 0,[ 93, 67, 47]],

[ 10, 95, 0,[ 5, 75, 22]],

[ 39, 45, 0,[ 32, 23, 93, 37]],

[ 29, 45, 0,[ 80, 17, 7]],

[ 37, 45, 0,[ 40, 39, 64, 79]],

[ 69, 45, 0,[ 52, 55, 70, 42]],

[ 8, 45, 0,[ 92, 12, 81]],

[ 46, 45, 0,[ 31, 6, 76]],

[ 40, 5, 1,[ 50, 57, 65, 37, 74]],

[ 92, 95, 0,[ 22, 8, 79, 81, 75]],

[ 5, 45, 0,[ 52, 53, 56, 10]],

[ 44, 85, 1,[ 11, 47, 66, 18, 75, 97, 13]],

[ 30, 45, 0,[ 58, 51, 59]],

[ 86, 45, 1,[ 90, 48, 17]],

[ 34, 45, 0,[ 19, 6, 58]],

[ 72, 45, 0,[ 4, 58, 78]],

[ 32, 65, 0,[ 78, 47, 39]],

[ 7, 45, 0,[ 36, 29, 28]],

[ 67, 25, 1,[ 24, 43, 36, 27, 28]],

[ 94, 95, 1,[ 95, 91, 33, 66, 85, 48]],

[ 62, 45, 0,[ 63, 15, 75]],

[ 22, 95, 0,[ 74, 10, 60, 92, 90, 68, 53]],

[ 89, 45, 0,[ 51, 61, 55]],

[ 99, 45, 0,[ 3, 0, 49]],

[ 65, 45, 0,[ 40, 78, 75]],

[ 41, 45, 0,[ 16, 25, 98]],

[ 38, 45, 0,[ 90, 88, 42]],

[ 84, 65, 0,[ 97, 17, 36]],

[ 42, 45, 0,[ 13, 69, 38, 77]],

[ 56, 45, 0,[ 58, 78, 5]],

[ 1, 15, 0,[ 80, 54, 58]],

[ 28, 45, 0,[ 67, 80, 7]],

[ 55, 95, 1,[ 69, 96, 89, 63]],

[ 47, 65, 1,[ 87, 32, 61, 35, 27, 44, 0]],

[ 4, 45, 0,[ 2, 72, 90]],

[ 13, 95, 0,[ 44, 43, 42]],

[ 90, 95, 0,[ 86, 4, 11, 38, 22, 9]],

[ 80, 45, 0,[ 3, 15, 28, 29, 1]],

[ 74, 45, 0,[ 22, 78, 40]],

[ 17, 65, 0,[ 29, 60, 86, 57, 84, 75]],

[ 33, 45, 0,[ 94, 70, 20]],

[ 78, 45, 0,[ 20, 56, 32, 72, 65, 74]],

[ 3, 45, 0,[ 80, 98, 99, 59]],

[ 83, 15, 0,[ 50, 58]],

[ 97, 45, 0,[ 95, 84, 44, 21]],

[ 15, 45, 0,[ 81, 71, 62, 80, 68]],

[ 48, 45, 0,[ 2, 86, 94]],

[ 76, 45, 0,[ 95, 46, 26]],

