[ 62, 5, 0,[ 38, 54, 46, 98]],

[ 91, 5, 0,[ 0, 77]],

[ 50, 5, 0,[ 6, 54, 38]],

[ 59, 5, 0,[ 38, 54]],

[ 86, 45, 0,[ 1, 38]],

[ 44, 45, 0,[ 1, 2, 54]],

[ 7, 5, 0,[ 54, 2]],

[ 71, 45, 0,[ 54, 10]],

[ 31, 45, 0,[ 0, 88, 8]],

[ 3, 45, 1,[ 6, 5]],

[ 17, 5, 0,[ 0, 10, 38]],

[ 35, 45, 0,[ 38, 28, 0]],

[ 2, 5, 1,[ 44, 92, 69, 43, 6, 12, 49, 46, 7, 30, 32, 97, 14, 93, 24, 63, 28]],

[ 90, 65, 0,[ 96, 0, 11]],

[ 69, 65, 0,[ 2]],

[ 98, 5, 0,[ 58, 62, 38, 54]],

[ 51, 45, 0,[ 54, 0, 1]],

[ 9, 45, 0,[ 0, 82]],

[ 37, 5, 0,[ 54, 0, 38]],

[ 49, 45, 0,[ 54, 2]],

[ 52, 45, 0,[ 38, 54, 0]],

[ 88, 5, 0,[ 38, 54, 31]],

[ 54, 55, 1,[ 70, 22, 21, 4, 45, 82, 12, 42, 19, 20, 98, 52, 71, 59, 96, 68, 55, 87, 62, 58, 37, 81, 95, 50, 74, 77, 53, 60, 88, 49, 56, 7, 67, 76, 44, 83, 13, 24, 30, 51, 34, 39, 47, 84, 65]],

[ 0, 25, 1,[ 52, 68, 35, 63, 51, 85, 80, 12, 8, 38, 61, 9, 31, 77, 75, 29, 89, 26, 48, 17, 97, 57, 90, 1, 76, 20, 56, 37, 5, 73, 74, 33, 39, 64, 84, 42, 55, 91]],

[ 10, 65, 1,[ 4, 71, 93, 77, 17, 33, 30, 72, 5, 6, 95]],

[ 6, 45, 1,[ 50, 2, 3, 42, 10]],

[ 11, 5, 1,[ 90, 81, 29, 28, 21, 89, 94, 73, 34, 96, 66, 40, 84]],

[ 82, 45, 0,[ 38, 54, 9, 1]],

[ 80, 65, 0,[ 38, 0, 21]],

[ 12, 45, 0,[ 0, 54, 2]],

[ 20, 45, 0,[ 0, 54]],

[ 32, 45, 0,[ 2, 1, 38]],

[ 85, 5, 0,[ 0, 22, 38]],

[ 76, 5, 0,[ 0, 47, 54]],

[ 99, 45, 0,[ 13, 38]],

[ 34, 45, 0,[ 54, 11]],

[ 8, 45, 0,[ 31, 0, 38]],

[ 28, 45, 0,[ 11, 2, 35, 39, 64]],

[ 64, 45, 0,[ 28, 0, 5]],

[ 18, 45, 0,[ 38, 5]],

[ 4, 45, 0,[ 10, 38, 54]],

[ 56, 5, 0,[ 36, 0, 54]],

[ 67, 5, 0,[ 54]],

[ 77, 65, 0,[ 10, 91, 0, 54]],

[ 53, 45, 0,[ 54, 5, 38]],

[ 60, 65, 0,[ 38, 81, 54]],

[ 27, 5, 0,[ 33, 1]],

[ 21, 45, 0,[ 11, 38, 80, 54]],

[ 63, 45, 0,[ 0, 38, 2]],

[ 74, 5, 0,[ 54, 0, 68]],

[ 42, 45, 0,[ 0, 6, 54]],

[ 46, 5, 0,[ 62, 2, 38]],

[ 95, 45, 0,[ 54, 38, 10]],

[ 13, 45, 0,[ 99, 54, 38]],

[ 26, 45, 0,[ 38, 0]],

[ 22, 45, 0,[ 54, 85, 38]],

[ 84, 45, 0,[ 0, 11, 54]],

[ 43, 5, 0,[ 2, 5]],

[ 75, 45, 0,[ 0, 38]],

[ 40, 5, 0,[ 1, 11, 38]],

[ 83, 45, 0,[ 41, 54]],

[ 87, 45, 0,[ 54]],

[ 16, 65, 0,[ 38]],

[ 19, 45, 0,[ 54, 38]],

[ 5, 65, 1,[ 43, 53, 3, 36, 61, 1, 64, 18, 70, 10, 89, 0]],

[ 94, 45, 0,[ 11, 38]],

[ 41, 65, 0,[ 38, 83]],

[ 57, 45, 0,[ 0, 1, 38]],

[ 39, 45, 0,[ 28, 0, 54]],

[ 61, 45, 0,[ 38, 5, 0]],

[ 78, 45, 0,[]],

[ 33, 45, 0,[ 0, 10, 27]],

[ 30, 45, 0,[ 54, 10, 2]],

[ 72, 45, 0,[ 10, 38]],

[ 29, 5, 0,[ 0, 1, 11]],

[ 48, 45, 0,[ 38, 0]],

[ 93, 45, 0,[ 2, 10, 38]],

[ 15, 5, 0,[ 45, 38]],

[ 81, 5, 0,[ 38, 54, 60, 11]],

[ 58, 5, 0,[ 98, 54, 1]],

[ 97, 45, 0,[ 2, 0, 1]],

[ 66, 45, 0,[ 38, 11, 1]],

[ 96, 45, 0,[ 54, 90, 11]],

[ 65, 45, 0,[ 55, 38, 54]],

[ 92, 45, 0,[ 2]],

[ 24, 45, 0,[ 54, 38, 2]],

[ 1, 65, 1,[ 44, 0, 51, 66, 32, 29, 57, 97, 58, 40, 5, 86, 82, 27]],

[ 25, 65, 0,[ 38]],

[ 73, 45, 0,[ 38, 0, 11]],

[ 55, 5, 0,[ 65, 38, 0, 54]],

[ 79, 45, 0,[ 38]],

[ 38, 35, 1,[ 41, 35, 59, 26, 46, 99, 21, 8, 70, 32, 50, 85, 24, 14, 80, 73, 17, 36, 62, 86, 4, 79, 47, 25, 61, 72, 16, 82, 23, 48, 40, 81, 98, 88, 94, 18, 57, 93, 13, 22, 66, 37, 19, 75, 55, 0, 63, 60, 52, 15, 65, 95, 53]],

[ 14, 45, 0,[ 2, 38]],

[ 23, 45, 0,[ 38]],

[ 70, 45, 0,[ 38, 5, 54]],

[ 36, 45, 0,[ 5, 56, 38]],

[ 45, 45, 0,[ 54, 15]],

[ 47, 45, 0,[ 54, 38, 76]],

[ 68, 45, 0,[ 0, 74, 54]],

[ 89, 45, 0,[ 11, 0, 5]],

