[ 64, 5, 0,[ 65, 56, 88]],

[ 52, 5, 0,[ 10, 61, 74]],

[ 91, 5, 0,[]],

[ 75, 25, 0,[ 65, 73, 74, 95]],

[ 93, 5, 0,[]],

[ 56, 5, 0,[ 10, 63, 64]],

[ 62, 25, 0,[ 11, 74, 17]],

[ 46, 85, 0,[ 50, 72]],

[ 97, 35, 0,[ 80, 69, 20]],

[ 49, 95, 0,[]],

[ 76, 5, 0,[ 87, 21, 61, 79]],

[ 51, 35, 1,[ 96, 28, 31]],

[ 6, 85, 0,[ 50, 36]],

[ 67, 85, 0,[ 83, 71, 74]],

[ 17, 25, 0,[ 62]],

[ 37, 5, 0,[ 20, 44]],

[ 80, 35, 0,[ 1, 31, 97, 36]],

[ 68, 65, 0,[ 96, 35, 84]],

[ 5, 35, 0,[]],

[ 83, 85, 0,[ 30, 67, 73]],

[ 55, 25, 0,[ 74, 70, 96]],

[ 71, 85, 0,[ 40, 67, 87, 61, 29, 73]],

[ 43, 85, 0,[]],

[ 20, 5, 0,[ 32, 37, 97, 84]],

[ 92, 25, 0,[]],

[ 57, 85, 0,[ 40]],

[ 90, 85, 0,[]],

[ 31, 95, 1,[ 80, 9, 51, 2, 21]],

[ 95, 25, 0,[ 75, 8]],

[ 61, 75, 1,[ 52, 89, 71, 42, 76]],

[ 16, 35, 0,[]],

[ 59, 85, 0,[ 73]],

[ 73, 85, 1,[ 44, 71, 75, 83, 59, 50]],

[ 3, 5, 0,[]],

[ 77, 65, 0,[]],

[ 40, 85, 0,[ 57, 2, 71]],

[ 11, 25, 0,[ 62]],

[ 25, 85, 0,[]],

[ 7, 85, 0,[ 30, 74]],

[ 0, 95, 0,[ 96, 19, 60]],

[ 96, 95, 1,[ 51, 68, 55, 0, 60]],

[ 38, 5, 0,[ 79, 42]],

[ 18, 35, 0,[ 24, 72]],

[ 14, 85, 0,[]],

[ 23, 5, 0,[ 10, 19]],

[ 27, 5, 0,[]],

[ 22, 25, 0,[]],

[ 54, 35, 0,[ 45]],

[ 98, 5, 0,[ 42]],

[ 1, 75, 0,[ 26, 70, 80, 84]],

[ 47, 75, 0,[]],

[ 35, 35, 0,[ 19, 68, 13]],

[ 12, 5, 0,[ 32, 21, 8]],

[ 72, 85, 0,[ 18, 46, 65]],

[ 44, 85, 0,[ 37, 73, 65]],

[ 82, 65, 0,[]],

[ 88, 5, 0,[ 10, 64]],

[ 42, 5, 0,[ 94, 98, 60, 38, 84, 61]],

[ 13, 35, 0,[ 35, 19]],

[ 48, 75, 0,[]],

[ 85, 25, 0,[]],

[ 50, 85, 0,[ 73, 6, 46]],

[ 36, 35, 0,[ 63, 6, 80]],

[ 69, 95, 0,[ 65, 79, 97]],

[ 19, 35, 1,[ 13, 0, 23, 35]],

[ 74, 25, 1,[ 7, 62, 67, 55, 75, 99, 52]],

[ 79, 5, 1,[ 69, 76, 94, 29, 38]],

[ 66, 5, 0,[]],

[ 87, 65, 0,[ 76, 71, 24, 84]],

[ 84, 65, 1,[ 20, 29, 68, 87, 42, 1, 41]],

[ 21, 5, 0,[ 76, 12, 31]],

[ 39, 25, 0,[]],

[ 81, 95, 0,[]],

[ 65, 95, 1,[ 72, 75, 44, 64, 69, 26]],

[ 24, 35, 0,[ 87, 28, 18]],

[ 8, 25, 0,[ 12, 95, 34]],

[ 4, 35, 0,[]],

[ 53, 5, 0,[]],

[ 41, 65, 0,[ 28, 84]],

[ 10, 5, 0,[ 23, 52, 88, 56]],

[ 9, 95, 0,[ 31]],

[ 34, 25, 0,[ 8]],

[ 60, 95, 0,[ 96, 42, 0]],

[ 33, 85, 0,[]],

[ 89, 75, 0,[ 61, 70]],

[ 15, 35, 0,[ 28]],

[ 70, 75, 0,[ 89, 55, 1]],

[ 99, 25, 0,[ 74]],

[ 26, 75, 0,[ 1, 65]],

[ 86, 35, 0,[]],

[ 2, 95, 0,[ 40, 31]],

[ 30, 85, 0,[ 7, 32, 83]],

[ 32, 5, 0,[ 20, 12, 30]],

[ 28, 35, 0,[ 24, 41, 15, 51]],

[ 58, 85, 0,[]],

[ 78, 85, 0,[]],

[ 29, 85, 0,[ 84, 71, 79]],

[ 45, 35, 0,[ 54]],

[ 63, 35, 0,[ 56, 36]],

[ 94, 5, 0,[ 42, 79]],

