[ 51, 85, 0,[ 7, 6, 5]],

[ 18, 85, 0,[ 79, 5, 11]],

[ 60, 85, 0,[ 35, 2, 15, 50]],

[ 76, 85, 0,[ 50, 10, 93, 77, 2]],

[ 68, 85, 0,[ 37, 89, 10]],

[ 73, 85, 0,[ 64, 11, 6]],

[ 19, 85, 0,[ 43, 14, 38, 2, 86]],

[ 41, 85, 0,[ 25, 10, 38, 61]],

[ 61, 85, 0,[ 5, 41, 95]],

[ 66, 85, 0,[ 14, 35]],

[ 53, 85, 0,[ 32, 3, 52, 5, 90]],

[ 40, 85, 0,[ 9, 35, 38]],

[ 93, 85, 0,[ 5, 63, 76]],

[ 56, 85, 0,[ 0, 70, 3]],

[ 3, 65, 1,[ 33, 53, 47, 22, 98, 63, 56, 54, 87, 1, 25, 77, 42, 55]],

[ 8, 85, 0,[ 11, 91, 57]],

[ 22, 85, 0,[ 3, 99, 87]],

[ 94, 85, 0,[ 2, 15, 35]],

[ 78, 85, 0,[ 35, 82, 63]],

[ 87, 85, 0,[ 3, 11, 22, 2]],

[ 64, 85, 0,[ 73, 4, 1]],

[ 46, 85, 0,[ 5, 95, 2]],

[ 85, 85, 0,[ 38, 28, 83]],

[ 31, 85, 0,[ 20, 11, 0]],

[ 11, 85, 1,[ 8, 29, 73, 31, 87, 75, 97, 20, 86, 99, 17, 18, 2, 72, 36]],

[ 33, 85, 0,[ 2, 3, 4]],

[ 57, 85, 0,[ 0, 8, 34]],

[ 21, 85, 0,[ 55, 6, 2]],

[ 95, 85, 0,[ 6, 2, 46, 61, 44]],

[ 91, 85, 0,[ 8, 10]],

[ 65, 85, 0,[ 35, 5, 81]],

[ 63, 85, 0,[ 10, 78, 93, 3]],

[ 20, 85, 0,[ 31, 2, 11, 26]],

[ 81, 85, 0,[ 26, 65, 6]],

[ 47, 85, 0,[ 67, 3, 80, 10]],

[ 70, 85, 0,[ 86, 56, 0]],

[ 6, 85, 1,[ 51, 81, 48, 9, 21, 95, 67, 49, 44, 0, 92, 73, 28]],

[ 29, 85, 0,[ 7, 11]],

[ 59, 85, 0,[ 23, 38, 7, 35]],

[ 1, 85, 1,[ 2, 0, 26, 37, 80, 84, 64, 5, 27, 3, 98, 15, 58, 35]],

[ 54, 85, 0,[ 3, 38, 25]],

[ 24, 85, 0,[ 10, 69, 84]],

[ 96, 85, 0,[ 35, 39]],

[ 30, 85, 0,[ 35, 10, 99]],

[ 4, 85, 0,[ 36, 37, 64, 33]],

[ 50, 85, 0,[ 60, 5, 76]],

[ 44, 85, 0,[ 7, 95, 6]],

[ 69, 85, 0,[ 5, 2, 24]],

[ 45, 85, 0,[ 15, 35, 0]],

[ 39, 85, 0,[ 10, 96, 35]],

[ 62, 85, 0,[ 49, 5]],

[ 25, 85, 0,[ 3, 41, 54]],

[ 82, 85, 0,[ 0, 78, 10]],

[ 72, 85, 0,[ 10, 11]],

[ 16, 85, 0,[ 38, 74, 10, 35]],

[ 67, 85, 0,[ 47, 6, 2]],

[ 97, 85, 0,[ 2, 90, 10, 11]],

[ 2, 95, 1,[ 21, 19, 46, 71, 34, 87, 43, 12, 20, 76, 67, 92, 97, 60, 75, 95, 33, 80, 27, 94, 13, 1, 11, 69, 79]],

[ 38, 85, 1,[ 16, 58, 32, 42, 54, 41, 17, 12, 19, 88, 13, 52, 40, 59, 85]],

[ 12, 85, 0,[ 35, 2, 38]],

[ 17, 85, 0,[ 11, 38, 75]],

[ 36, 85, 0,[ 11, 4]],

[ 88, 85, 0,[ 38, 35, 5]],

[ 10, 85, 1,[ 41, 97, 76, 16, 24, 39, 30, 47, 63, 23, 82, 68, 90, 58, 72, 91]],

[ 79, 85, 0,[ 2, 18, 55]],

[ 9, 85, 0,[ 40, 92, 6]],

[ 15, 85, 0,[ 94, 1, 60, 45]],

[ 43, 85, 0,[ 35, 19, 2]],

[ 23, 85, 0,[ 0, 59, 10]],

[ 58, 35, 0,[ 1, 38, 10]],

[ 84, 85, 0,[ 1, 24, 71]],

[ 7, 85, 0,[ 5, 29, 44, 59, 51]],

[ 52, 85, 0,[ 53, 48, 38]],

[ 13, 85, 0,[ 83, 2, 34, 38]],

[ 26, 85, 0,[ 1, 5, 20, 81]],

[ 14, 85, 0,[ 66, 5, 19]],

[ 86, 85, 0,[ 19, 70, 5, 11]],

[ 42, 85, 0,[ 3, 38, 48, 5]],

[ 74, 85, 0,[ 16, 0, 35, 28]],

[ 48, 85, 0,[ 42, 6, 52]],

[ 32, 85, 0,[ 53, 89, 38]],

[ 83, 85, 0,[ 27, 13, 85]],

[ 90, 85, 0,[ 10, 97, 53]],

[ 71, 85, 0,[ 5, 2, 84]],

[ 28, 85, 0,[ 6, 85, 74]],

[ 89, 85, 0,[ 35, 68, 32]],

[ 99, 85, 0,[ 30, 22, 11]],

[ 34, 85, 0,[ 13, 2, 57]],

[ 92, 85, 0,[ 2, 6, 9]],

[ 0, 85, 1,[ 70, 55, 1, 56, 45, 82, 57, 6, 74, 23, 31]],

[ 5, 85, 1,[ 7, 88, 77, 51, 93, 65, 46, 42, 1, 86, 26, 18, 53, 61, 50, 69, 62, 14, 71]],

[ 35, 45, 1,[ 60, 16, 66, 1, 59, 40, 30, 89, 43, 12, 74, 96, 78, 45, 65, 94, 88, 39]],

[ 75, 85, 0,[ 17, 2, 11]],

[ 49, 85, 0,[ 62, 6]],

[ 77, 85, 0,[ 5, 76, 3]],

[ 55, 85, 0,[ 0, 3, 79, 21]],

[ 80, 85, 0,[ 47, 2, 1]],

[ 37, 85, 0,[ 1, 68, 4]],

[ 98, 35, 0,[ 1, 3, 27]],

[ 27, 85, 0,[ 1, 98, 83, 2]],

[ 53, 15, 0,[ 0, 1, 16]],

[ 71, 15, 0,[ 80, 1, 96]],

[ 91, 15, 0,[ 6, 93, 78]],

[ 70, 15, 0,[ 2, 38, 89, 61]],

[ 73, 15, 0,[ 11, 79, 78]],

[ 35, 15, 0,[ 1, 19, 3]],

[ 92, 15, 0,[ 3, 11, 2, 33]],

[ 7, 15, 0,[ 5, 65, 60]],

[ 38, 55, 1,[ 34, 24, 97, 41, 84, 88, 90, 74, 59, 81, 67, 52, 56, 50, 10, 70]],

[ 4, 15, 0,[ 88, 49, 0]],

[ 69, 15, 0,[ 16, 36, 57]],

[ 67, 15, 0,[ 38, 37, 97, 11]],

[ 42, 65, 0,[ 3, 78, 30, 2]],

[ 55, 15, 0,[ 16, 3, 61]],

[ 50, 15, 0,[ 76, 38]],

[ 93, 15, 0,[ 1, 18, 6, 91]],

[ 80, 15, 0,[ 71, 3, 0]],

[ 48, 35, 0,[ 62, 58, 5]],

[ 99, 15, 0,[ 84, 74, 11]],

[ 75, 15, 0,[ 26, 15]],

[ 98, 35, 0,[ 5, 32]],

[ 17, 15, 0,[ 44, 6, 5]],

[ 58, 35, 0,[ 48, 10]],

[ 85, 15, 0,[ 12, 34, 40]],

[ 13, 15, 0,[ 6, 95, 1]],

[ 88, 15, 0,[ 4, 38, 22, 31]],

[ 2, 15, 1,[ 12, 66, 83, 70, 65, 92, 0, 5, 39, 31, 42, 3, 82, 54]],

[ 23, 15, 0,[ 3, 24, 28]],

[ 47, 15, 0,[ 94, 5, 10]],

[ 20, 15, 0,[ 41, 11, 68]],

[ 61, 15, 0,[ 70, 3, 55, 26]],

[ 43, 15, 0,[ 3, 11, 16, 28]],

[ 76, 15, 0,[ 96, 50, 16, 10]],

[ 81, 15, 0,[ 38, 82]],

[ 74, 15, 0,[ 83, 99, 38]],

[ 6, 15, 1,[ 84, 65, 39, 17, 16, 91, 14, 63, 49, 97, 93, 94, 30, 15, 13]],

[ 36, 15, 0,[ 5, 69, 3, 77]],

[ 10, 15, 1,[ 32, 44, 58, 76, 82, 3, 28, 47, 9, 86, 87, 39, 52, 38]],

[ 19, 15, 0,[ 68, 35, 16]],

[ 37, 15, 0,[ 1, 67]],

[ 60, 15, 0,[ 46, 7]],

[ 0, 15, 1,[ 77, 2, 4, 64, 62, 40, 21, 80, 53, 9, 8]],

[ 26, 15, 0,[ 75, 61]],

[ 28, 15, 0,[ 10, 43, 23]],

[ 22, 15, 0,[ 86, 88, 1]],

[ 40, 15, 0,[ 3, 85, 0]],

[ 12, 15, 0,[ 85, 1, 2, 21]],

[ 14, 15, 0,[ 25, 3, 6, 54]],

[ 52, 15, 0,[ 27, 10, 38]],

[ 87, 15, 0,[ 94, 10, 27]],

[ 90, 15, 0,[ 38, 16, 9]],

[ 46, 15, 0,[ 60, 16, 3, 18]],

[ 94, 15, 0,[ 6, 87, 47]],

[ 77, 15, 0,[ 56, 3, 36, 0]],

[ 8, 15, 0,[ 0, 83, 25]],

[ 41, 15, 0,[ 20, 5, 38]],

[ 83, 15, 0,[ 2, 74, 8]],

[ 27, 15, 0,[ 87, 11, 52]],

[ 79, 15, 0,[ 86, 63, 73]],

[ 34, 15, 0,[ 59, 38, 85, 5]],

[ 54, 15, 0,[ 1, 2, 14]],

[ 32, 35, 0,[ 10, 64, 98]],

[ 1, 95, 1,[ 12, 93, 54, 53, 35, 45, 37, 22, 71, 13]],

[ 63, 15, 0,[ 6, 79, 16]],

[ 66, 25, 0,[ 11, 3, 2]],

[ 51, 15, 0,[ 33, 3, 15]],

[ 33, 15, 0,[ 16, 51, 92]],

[ 30, 65, 0,[ 6, 62, 42]],

[ 44, 15, 0,[ 10, 16, 17]],

[ 49, 15, 0,[ 4, 65, 6]],

[ 59, 15, 0,[ 38, 34, 72]],

[ 39, 15, 0,[ 2, 6, 10]],

[ 78, 15, 0,[ 91, 42, 73]],

[ 18, 15, 0,[ 46, 3, 93]],

[ 3, 95, 1,[ 72, 55, 43, 77, 57, 14, 42, 35, 2, 36, 64, 92, 18, 61, 96, 66, 46, 23, 95, 40, 10, 51, 80]],

[ 56, 15, 0,[ 77, 38, 11]],

[ 64, 35, 0,[ 0, 3, 32]],

[ 5, 45, 1,[ 2, 34, 36, 98, 47, 17, 25, 45, 68, 48, 7, 41]],

[ 24, 15, 0,[ 23, 38, 11]],

[ 86, 15, 0,[ 10, 22, 79]],

[ 68, 15, 0,[ 5, 19, 20]],

[ 11, 95, 1,[ 20, 66, 56, 45, 27, 67, 24, 73, 92, 89, 43, 99]],

[ 45, 15, 0,[ 11, 5, 1]],

[ 16, 15, 1,[ 44, 6, 63, 53, 55, 72, 46, 43, 76, 19, 33, 90, 69]],

[ 84, 15, 0,[ 6, 96, 99, 38]],

[ 97, 15, 0,[ 67, 6, 38]],

[ 72, 15, 0,[ 59, 3, 95, 16]],

[ 82, 15, 0,[ 2, 81, 10]],

[ 57, 15, 0,[ 3, 21, 69]],

[ 15, 15, 0,[ 6, 75, 51]],

[ 95, 15, 0,[ 72, 13, 3]],

[ 9, 15, 0,[ 10, 0, 90]],

[ 29, 15, 0,[]],

[ 31, 45, 0,[ 2, 88]],

[ 96, 15, 0,[ 84, 71, 3, 76]],

[ 62, 65, 0,[ 0, 48, 30]],

[ 25, 15, 0,[ 14, 8, 5]],

[ 65, 15, 0,[ 49, 7, 6, 2]],

[ 21, 15, 0,[ 0, 57, 12]],

[ 89, 15, 0,[ 70, 11]],

