[ 39, 25, 0,[ 11, 3, 84, 78]],

[ 45, 25, 0,[ 49, 71, 9]],

[ 81, 25, 0,[ 80, 4, 12, 36, 97]],

[ 70, 25, 0,[ 55, 7, 30, 10]],

[ 9, 25, 0,[ 28, 86, 18, 45, 48]],

[ 17, 25, 0,[ 54, 5, 87]],

[ 99, 25, 0,[ 38, 94, 49]],

[ 47, 25, 0,[ 5, 36, 80]],

[ 88, 25, 0,[ 56, 1, 94, 3]],

[ 44, 25, 0,[ 54, 30, 1]],

[ 3, 25, 0,[ 39, 88, 42]],

[ 49, 75, 1,[ 5, 10, 45, 86, 31, 99, 72]],

[ 36, 25, 0,[ 81, 47, 61, 41, 31]],

[ 40, 25, 1,[ 26, 21, 85, 8, 14, 57]],

[ 79, 25, 0,[ 80, 37, 52]],

[ 33, 65, 1,[ 32, 67, 62, 24]],

[ 32, 25, 0,[ 7, 69, 65, 68, 91, 33]],

[ 5, 25, 0,[ 56, 4, 82, 17, 49, 80, 98, 47]],

[ 65, 25, 0,[ 32, 62, 97]],

[ 19, 25, 1,[ 21, 92, 34, 2, 62]],

[ 0, 25, 0,[ 98, 96, 2, 24]],

[ 78, 25, 0,[ 92, 39, 31]],

[ 92, 25, 0,[ 93, 37, 78, 66, 98, 19]],

[ 38, 25, 0,[ 24, 50, 99, 27]],

[ 6, 25, 0,[ 90, 95, 84]],

[ 67, 25, 0,[ 89, 97, 33]],

[ 2, 25, 0,[ 14, 19, 0, 82]],

[ 86, 25, 0,[ 66, 49, 9, 54]],

[ 34, 25, 0,[ 14, 50, 19]],

[ 85, 25, 0,[ 96, 40, 58]],

[ 73, 5, 1,[ 94, 89, 57, 87]],

[ 68, 25, 0,[ 64, 32, 30]],

[ 97, 25, 0,[ 65, 71, 81, 54, 67]],

[ 10, 25, 0,[ 49, 70, 41, 57]],

[ 76, 25, 0,[ 52, 66, 82]],

[ 96, 25, 0,[ 55, 75, 85, 18, 42, 0]],

[ 4, 25, 0,[ 91, 81, 72, 5]],

[ 58, 25, 0,[ 35, 80, 85]],

[ 7, 25, 0,[ 8, 70, 32, 37]],

[ 60, 25, 0,[ 14, 98]],

[ 26, 25, 0,[ 40, 90, 13]],

[ 94, 25, 0,[ 73, 99, 88]],

[ 98, 95, 1,[ 95, 63, 92, 60, 0, 5]],

[ 77, 25, 0,[ 59, 46, 48]],

[ 59, 25, 0,[ 77, 62, 43]],

[ 83, 25, 0,[ 15, 27, 51]],

[ 51, 25, 0,[ 75, 83, 62]],

[ 23, 25, 0,[ 62, 24, 66]],

[ 21, 25, 0,[ 8, 40, 19]],

[ 13, 25, 0,[ 37, 26, 62, 8]],

[ 91, 25, 0,[ 32, 43, 4]],

[ 90, 25, 0,[ 6, 61, 26]],

[ 11, 25, 0,[ 24, 53, 87, 39]],

[ 75, 25, 0,[ 96, 20, 51, 25, 52]],

[ 8, 25, 0,[ 7, 28, 20, 21, 13, 40]],

[ 95, 25, 0,[ 6, 50, 98]],

[ 46, 25, 0,[ 87, 20, 89, 29, 77, 28]],

[ 43, 25, 0,[ 59, 29, 35, 91, 82]],

[ 80, 25, 1,[ 5, 79, 47, 53, 58, 81]],

[ 69, 25, 0,[ 32, 82]],

[ 18, 25, 0,[ 74, 9, 96]],

[ 72, 25, 0,[ 49, 64, 4]],

[ 16, 25, 0,[ 24, 54, 66]],

[ 14, 25, 0,[ 34, 55, 2, 40, 60]],

[ 89, 25, 0,[ 73, 46, 67, 71]],

[ 64, 25, 0,[ 68, 72, 31]],

[ 82, 25, 1,[ 76, 5, 74, 43, 69, 2]],

[ 28, 25, 0,[ 46, 9, 8]],

[ 62, 25, 0,[ 51, 23, 65, 59, 19, 33, 27, 13]],

[ 24, 25, 1,[ 11, 31, 35, 61, 33, 41, 23, 0, 38, 16]],

[ 87, 25, 0,[ 17, 73, 11, 46, 22]],

[ 25, 25, 0,[ 75, 54, 15]],

[ 41, 25, 0,[ 36, 24, 10]],

[ 63, 25, 0,[ 98, 15]],

[ 93, 25, 0,[ 84, 71, 92]],

[ 84, 25, 0,[ 6, 12, 39, 93]],

[ 20, 25, 0,[ 46, 75, 8]],

[ 50, 25, 0,[ 38, 34, 95]],

[ 22, 25, 0,[ 1, 87]],

[ 61, 25, 0,[ 90, 24, 36]],

[ 74, 25, 0,[ 82, 12, 18]],

[ 37, 25, 0,[ 92, 79, 7, 13]],

[ 52, 25, 0,[ 75, 79, 76]],

[ 57, 25, 0,[ 10, 40, 73]],

[ 30, 25, 0,[ 68, 44, 70]],

[ 55, 25, 0,[ 96, 70, 14]],

[ 15, 25, 0,[ 83, 63, 25]],

[ 66, 25, 0,[ 86, 23, 16, 92, 76]],

[ 12, 25, 0,[ 84, 81, 74, 29]],

[ 42, 25, 0,[ 96, 53, 71, 3]],

[ 27, 25, 0,[ 62, 83, 31, 38]],

[ 31, 65, 1,[ 49, 64, 56, 36, 27, 78, 24]],

[ 48, 25, 0,[ 77, 9]],

[ 53, 25, 0,[ 80, 42, 11]],

[ 35, 25, 0,[ 43, 58, 24]],

[ 29, 25, 0,[ 46, 43, 12]],

[ 56, 25, 0,[ 31, 88, 5]],

[ 71, 25, 0,[ 97, 42, 93, 45, 89]],

[ 1, 25, 0,[ 22, 88, 44]],

[ 54, 25, 0,[ 86, 17, 44, 97, 16, 25]],

[ 6, 85, 0,[ 72, 65, 1, 17, 81]],

[ 63, 85, 0,[ 28, 10, 3]],

[ 51, 85, 0,[ 25, 41, 21]],

[ 60, 85, 0,[ 58, 14, 43]],

[ 38, 85, 0,[ 47, 42, 7]],

[ 20, 85, 0,[ 2, 25, 40]],

[ 12, 85, 0,[ 77, 35, 40]],

[ 24, 85, 0,[ 55, 44, 62]],

[ 19, 85, 0,[ 64, 50, 55, 91]],

[ 40, 85, 0,[ 20, 87, 12]],

[ 92, 85, 0,[ 98, 89, 81]],

[ 90, 85, 0,[ 18]],

[ 43, 85, 0,[ 21, 60, 85]],

[ 45, 5, 1,[ 73, 35, 50, 7, 46, 89]],

[ 5, 85, 0,[ 82, 80, 49]],

[ 66, 85, 0,[ 62, 30, 70]],

[ 39, 85, 0,[ 26, 89, 87]],

[ 4, 85, 0,[ 69, 3, 44]],

[ 57, 85, 0,[ 68, 91, 79]],

[ 84, 85, 0,[ 48, 91]],

[ 86, 85, 0,[ 34, 30]],

[ 34, 85, 0,[ 28, 86]],

[ 28, 85, 0,[ 63, 14, 34]],

[ 83, 65, 1,[ 62, 49, 78]],

[ 61, 85, 0,[ 88, 13, 95]],

[ 52, 85, 0,[ 37, 72, 89, 55]],

[ 47, 85, 1,[ 65, 38, 72, 14, 22, 1, 11]],

[ 8, 85, 0,[ 69]],

[ 36, 85, 0,[ 27, 82, 55]],

[ 7, 85, 0,[ 58, 45, 38, 78]],

[ 71, 85, 0,[ 10, 41, 35]],

[ 94, 85, 0,[ 53, 80]],

[ 22, 85, 0,[ 1, 97, 47]],

[ 58, 85, 0,[ 7, 60, 10]],

[ 35, 85, 0,[ 71, 98, 42, 16, 12, 45, 27]],

[ 1, 85, 0,[ 47, 50, 2, 22, 6, 89, 46, 44, 0]],

[ 59, 85, 0,[ 44, 25, 93]],

[ 64, 85, 0,[ 19]],

[ 68, 85, 0,[ 57, 85, 2]],

[ 67, 85, 0,[ 78]],

[ 75, 85, 0,[ 54, 62, 80]],

[ 76, 85, 0,[ 0]],

[ 41, 85, 0,[ 71, 18, 15, 51]],

[ 79, 85, 0,[ 57]],

[ 82, 85, 0,[ 5, 36, 18]],

[ 98, 85, 0,[ 92, 85, 35]],

[ 27, 85, 0,[ 36, 35]],

[ 30, 85, 0,[ 86, 66, 69]],

[ 26, 85, 0,[ 10, 39, 56, 13]],

[ 80, 85, 1,[ 5, 97, 17, 75, 16, 94, 23]],

[ 72, 85, 0,[ 6, 47, 52]],

[ 21, 85, 0,[ 0, 95, 73, 43, 51]],

[ 91, 5, 1,[ 57, 96, 2, 84, 19, 74]],

[ 56, 85, 0,[ 73, 29, 26]],

[ 87, 85, 0,[ 42, 40, 39]],

[ 31, 85, 0,[ 81, 13, 74]],

[ 50, 85, 0,[ 1, 45, 11, 19]],

[ 46, 85, 0,[ 0, 45, 1, 93]],

[ 97, 85, 0,[ 80, 62, 22]],

[ 62, 65, 1,[ 0, 75, 83, 66, 24, 54, 97, 53, 70]],

[ 11, 85, 0,[ 47, 88, 50]],

[ 33, 85, 0,[ 77]],

[ 16, 85, 0,[ 35, 96, 80]],

[ 10, 85, 0,[ 99, 71, 58, 77, 63, 26]],

[ 96, 85, 0,[ 89, 91, 16]],

[ 73, 85, 0,[ 21, 56, 45]],

[ 54, 85, 0,[ 62, 75, 32, 93]],

[ 13, 85, 0,[ 48, 31, 61, 26]],

[ 74, 85, 0,[ 91, 31]],

[ 23, 85, 0,[ 80]],

[ 89, 85, 1,[ 39, 96, 65, 92, 45, 1, 52]],

[ 2, 85, 0,[ 0, 91, 25, 68, 1, 95, 20]],

[ 49, 85, 0,[ 5, 83, 88]],

[ 48, 85, 0,[ 84, 13, 99]],

[ 44, 55, 1,[ 85, 24, 59, 42, 1, 4]],

[ 95, 85, 0,[ 21, 2, 61]],

[ 88, 85, 0,[ 49, 61, 11]],

[ 85, 85, 0,[ 43, 3, 68, 44, 98]],

[ 18, 85, 0,[ 41, 82, 90]],

[ 70, 85, 0,[ 62, 66, 53]],

[ 81, 85, 0,[ 31, 6, 93, 92]],

[ 93, 85, 1,[ 81, 59, 25, 54, 9, 46]],

[ 15, 85, 0,[ 41, 53]],

[ 42, 85, 0,[ 35, 38, 44, 87]],

[ 77, 85, 0,[ 12, 10, 33]],

[ 78, 85, 0,[ 37, 7, 67, 83]],

[ 9, 85, 0,[ 93]],

[ 17, 85, 0,[ 6, 37, 80]],

[ 65, 85, 0,[ 6, 47, 89]],

[ 25, 85, 0,[ 2, 93, 51, 20, 59]],

[ 0, 85, 0,[ 76, 1, 21, 62, 2, 46]],

[ 53, 85, 0,[ 94, 70, 62, 15]],

[ 14, 85, 0,[ 60, 28, 47]],

[ 32, 85, 0,[ 54]],

[ 3, 85, 0,[ 4, 99, 85, 63, 29]],

[ 55, 85, 1,[ 24, 36, 52, 19, 29]],

[ 37, 85, 0,[ 17, 78, 52]],

[ 69, 85, 0,[ 8, 4, 30]],

[ 99, 85, 0,[ 10, 48, 3]],

[ 29, 85, 0,[ 56, 55, 3]],

