[ 89, 15, 0,[ 66, 97, 19]],

[ 44, 15, 0,[ 19, 33]],

[ 3, 15, 0,[ 99, 66, 75]],

[ 0, 15, 0,[ 75, 66, 19]],

[ 29, 15, 0,[ 19, 66, 33]],

[ 4, 15, 0,[ 51, 66, 94]],

[ 43, 15, 0,[ 66, 94, 99]],

[ 26, 15, 0,[ 66, 94, 99]],

[ 9, 15, 0,[ 19, 96, 99]],

[ 8, 15, 0,[ 99, 66, 97]],

[ 71, 15, 0,[ 19, 75, 33]],

[ 96, 35, 1,[ 37, 68, 62, 76, 58, 85, 90, 42, 9, 64, 40, 98, 95, 79]],

[ 27, 15, 0,[ 66, 94, 19]],

[ 53, 15, 0,[ 94, 62, 19]],

[ 47, 15, 0,[ 99, 19, 75]],

[ 23, 15, 0,[ 99, 75, 94]],

[ 69, 15, 0,[ 97, 75, 94]],

[ 99, 5, 1,[ 45, 9, 25, 43, 83, 6, 3, 8, 7, 21, 16, 26, 49, 47, 23, 61, 39, 14, 55, 68, 48, 81, 2, 70, 72, 30, 18, 50, 42, 38, 59, 56, 88, 37, 82, 34, 51, 86, 52, 77, 87, 73, 5, 32, 84, 62, 22]],

[ 39, 15, 0,[ 94, 99, 19]],

[ 45, 15, 0,[ 19, 75, 99]],

[ 48, 15, 0,[ 97, 99, 19]],

[ 5, 15, 0,[ 66, 99, 94]],

[ 65, 15, 0,[ 19, 94]],

[ 55, 15, 0,[ 19, 99, 75]],

[ 18, 15, 0,[ 99, 19, 94]],

[ 34, 15, 0,[ 99, 19, 94]],

[ 66, 65, 1,[ 81, 10, 41, 26, 0, 5, 40, 20, 82, 77, 3, 68, 46, 11, 29, 52, 95, 31, 6, 73, 89, 17, 14, 43, 60, 93, 67, 36, 91, 24, 4, 50, 28, 78, 63, 27, 1, 76, 38, 86, 58, 8]],

[ 7, 15, 0,[ 19, 99]],

[ 42, 15, 0,[ 33, 96, 99]],

[ 93, 15, 0,[ 66, 75, 94]],

[ 68, 15, 0,[ 66, 99, 96]],

[ 61, 15, 0,[ 94, 75, 99]],

[ 16, 15, 0,[ 97, 19, 99]],

[ 46, 15, 0,[ 94, 66, 75]],

[ 11, 15, 0,[ 66]],

[ 85, 15, 0,[ 19, 94, 96]],

[ 36, 15, 0,[ 66]],

[ 84, 15, 0,[ 99, 33, 94]],

[ 50, 15, 0,[ 19, 99, 66]],

[ 30, 15, 0,[ 99, 12, 97, 75]],

[ 64, 15, 1,[ 96, 94]],

[ 81, 15, 0,[ 66, 19, 99]],

[ 97, 85, 1,[ 10, 8, 78, 16, 33, 89, 30, 51, 94, 48, 69, 24, 56, 72]],

[ 70, 15, 0,[ 19, 99, 94]],

[ 54, 15, 0,[ 75, 33, 94]],

[ 2, 15, 0,[ 94, 19, 99]],

[ 94, 45, 1,[ 57, 46, 60, 27, 10, 64, 38, 53, 15, 59, 22, 76, 20, 74, 14, 92, 2, 70, 17, 79, 49, 32, 13, 23, 24, 5, 25, 61, 43, 4, 18, 97, 26, 84, 39, 35, 80, 85, 65, 93, 77, 41, 54, 62, 90, 34, 69, 12, 83]],

[ 6, 15, 0,[ 99, 66, 33]],

[ 19, 95, 1,[ 27, 70, 33, 92, 48, 53, 49, 80, 55, 85, 90, 83, 60, 7, 67, 89, 16, 25, 50, 95, 21, 37, 34, 74, 0, 63, 18, 15, 47, 2, 44, 87, 91, 9, 58, 45, 40, 28, 35, 78, 29, 39, 22, 71, 59, 65, 81, 31]],

[ 33, 85, 1,[ 13, 21, 54, 97, 29, 80, 1, 6, 92, 84, 71, 82, 42, 88, 44, 19]],

[ 35, 15, 0,[ 94, 19, 75]],

[ 49, 15, 0,[ 99, 94, 19]],

[ 63, 15, 0,[ 75, 19, 66]],

[ 76, 15, 0,[ 96, 66, 94]],

[ 51, 15, 0,[ 99, 4, 97]],

[ 80, 15, 0,[ 33, 19, 94]],

[ 78, 15, 0,[ 19, 66, 97]],

[ 87, 15, 0,[ 99, 19, 75]],

[ 98, 15, 1,[ 72, 75, 96]],

[ 74, 15, 0,[ 94, 19]],

[ 73, 15, 0,[ 75, 99, 66]],

[ 75, 35, 1,[ 46, 41, 69, 3, 55, 67, 63, 56, 32, 54, 0, 23, 45, 47, 61, 71, 1, 12, 17, 73, 20, 93, 72, 86, 35, 87, 98, 30, 91]],

[ 52, 15, 0,[ 99, 66]],

[ 41, 15, 0,[ 75, 66, 94]],

[ 1, 15, 0,[ 75, 66, 33]],

[ 95, 15, 0,[ 96, 66, 19]],

[ 82, 15, 0,[ 33, 66, 99]],

[ 57, 15, 0,[ 94]],

[ 92, 15, 0,[ 94, 19, 33]],

[ 31, 15, 0,[ 19, 66]],

[ 79, 15, 0,[ 94, 96]],

[ 12, 15, 0,[ 30, 94, 75]],

[ 88, 15, 0,[ 99, 33]],

[ 20, 15, 0,[ 66, 75, 94]],

[ 77, 15, 0,[ 66, 94, 99]],

[ 28, 15, 0,[ 66, 19]],

[ 14, 15, 0,[ 94, 66, 99]],

[ 32, 15, 0,[ 94, 99, 75]],

[ 37, 15, 0,[ 19, 99, 96]],

[ 25, 15, 0,[ 99, 94, 19]],

[ 21, 15, 0,[ 99, 33, 19]],

[ 38, 15, 0,[ 99, 66, 94]],

[ 24, 15, 0,[ 97, 94, 66]],

[ 15, 15, 0,[ 19, 94]],

[ 91, 15, 0,[ 66, 75, 19]],

[ 83, 15, 0,[ 94, 99, 19]],

[ 90, 15, 0,[ 19, 96, 94]],

[ 60, 15, 0,[ 66, 94, 19]],

[ 59, 15, 0,[ 19, 99, 94]],

[ 86, 15, 0,[ 99, 75, 66]],

[ 62, 15, 0,[ 99, 96, 53, 94]],

[ 13, 15, 0,[ 94, 33]],

[ 10, 15, 0,[ 66, 97, 94]],

[ 72, 15, 0,[ 97, 75, 99, 98]],

[ 17, 15, 0,[ 75, 66, 94]],

[ 40, 15, 0,[ 96, 66, 19]],

[ 58, 15, 0,[ 66, 96, 19]],

[ 56, 15, 0,[ 75, 99, 97]],

[ 22, 15, 0,[ 99, 94, 19]],

[ 67, 15, 0,[ 66, 75, 19]],

