[ 85, 95, 1,[ 22, 34, 96, 94]],

[ 11, 15, 1,[ 64, 95, 57, 4, 32, 53]],

[ 96, 15, 0,[ 85, 32, 72]],

[ 61, 75, 0,[ 65, 54, 83]],

[ 3, 25, 1,[ 71, 60, 34]],

[ 71, 75, 0,[ 95, 88, 3, 49]],

[ 25, 15, 1,[ 95, 63, 16]],

[ 81, 75, 0,[ 72, 74, 43, 80]],

[ 70, 15, 0,[ 95, 37, 36]],

[ 37, 15, 1,[ 70, 30, 57, 58]],

[ 23, 15, 0,[ 32, 86, 54]],

[ 46, 95, 1,[ 88, 97, 58]],

[ 34, 25, 1,[ 3, 85, 52]],

[ 74, 75, 0,[ 20, 81, 88]],

[ 29, 75, 1,[ 91, 59, 38, 67, 75]],

[ 82, 75, 0,[ 41, 7, 24]],

[ 40, 75, 0,[ 68, 1, 73, 57]],

[ 24, 75, 1,[ 35, 82, 50]],

[ 83, 75, 0,[ 26, 92, 51, 61, 8]],

[ 59, 35, 1,[ 17, 29, 97]],

[ 73, 75, 0,[ 40, 93, 4]],

[ 49, 75, 0,[ 47, 71, 36]],

[ 55, 55, 0,[ 14, 87, 63]],

[ 6, 25, 1,[ 75, 47, 84]],

[ 42, 55, 0,[ 7, 4, 97]],

[ 79, 45, 0,[ 21, 99, 22]],

[ 75, 75, 0,[ 97, 77, 29, 6, 62]],

[ 10, 65, 1,[ 8, 76, 2, 31, 26, 17]],

[ 52, 75, 1,[ 34, 88, 7]],

[ 63, 55, 1,[ 25, 55, 7]],

[ 41, 75, 0,[ 82, 33, 35]],

[ 62, 75, 0,[ 91, 87, 75]],

[ 88, 25, 1,[ 8, 74, 71, 52, 46]],

[ 15, 45, 1,[ 31, 90, 58]],

[ 93, 75, 0,[ 68, 73]],

[ 57, 15, 1,[ 11, 40, 37]],

[ 53, 75, 1,[ 32, 11, 77]],

[ 92, 75, 0,[ 83, 94, 0]],

[ 33, 75, 0,[ 91, 41, 69]],

[ 0, 15, 1,[ 72, 92, 54, 44, 19]],

[ 48, 55, 1,[ 7, 86, 5]],

[ 99, 45, 0,[ 79, 97, 16]],

[ 94, 75, 0,[ 92, 85, 97, 18]],

[ 56, 75, 0,[ 18, 4, 7, 98]],

[ 5, 55, 1,[ 28, 48, 76, 19, 36]],

[ 35, 75, 1,[ 41, 44, 24]],

[ 38, 75, 1,[ 19, 29, 60, 66, 89]],

[ 9, 75, 1,[ 78, 20, 17]],

[ 43, 55, 1,[ 68, 81, 2]],

[ 44, 75, 0,[ 35, 50, 0]],

[ 72, 25, 1,[ 81, 0, 96]],

[ 19, 75, 0,[ 0, 5, 38]],

[ 67, 75, 0,[ 21, 29, 51]],

[ 26, 55, 0,[ 83, 97, 10]],

[ 21, 75, 1,[ 79, 2, 67, 98]],

[ 32, 65, 1,[ 96, 53, 11, 23]],

[ 27, 25, 1,[ 78, 17, 69]],

[ 51, 75, 0,[ 83, 67, 17]],

[ 2, 5, 1,[ 14, 43, 21, 10]],

[ 45, 75, 0,[ 36, 18, 13]],

[ 36, 75, 1,[ 13, 49, 69, 5, 70, 77, 45]],

[ 87, 55, 0,[ 7, 62, 55]],

[ 91, 75, 0,[ 33, 62, 29]],

[ 13, 95, 1,[ 14, 36, 45]],

[ 8, 75, 0,[ 88, 10, 83]],

[ 65, 75, 0,[ 61, 90, 31]],

[ 90, 75, 0,[ 15, 65, 20]],

[ 80, 75, 0,[ 28, 81, 17]],

[ 1, 75, 1,[ 76, 20, 40]],

[ 84, 65, 0,[ 78, 6, 31]],

[ 58, 15, 0,[ 46, 37, 15]],

[ 18, 55, 1,[ 50, 56, 45, 94]],

[ 4, 75, 1,[ 31, 56, 73, 42, 11]],

[ 28, 25, 1,[ 5, 80, 98]],

[ 16, 15, 1,[ 99, 25, 31]],

[ 17, 45, 1,[ 9, 51, 10, 80, 27, 59]],

[ 78, 65, 0,[ 9, 27, 84]],

[ 69, 75, 0,[ 33, 36, 27]],

[ 39, 75, 0,[ 30, 66, 77]],

[ 14, 55, 1,[ 2, 13, 55]],

[ 50, 75, 0,[ 89, 24, 44, 18]],

[ 47, 25, 1,[ 49, 68, 6, 12]],

[ 77, 65, 1,[ 36, 31, 75, 39, 53]],

[ 60, 75, 0,[ 98, 38, 3]],

[ 95, 15, 0,[ 71, 70, 25, 11, 86]],

[ 22, 55, 1,[ 85, 79]],

[ 86, 15, 0,[ 23, 95, 48]],

[ 7, 55, 1,[ 48, 63, 82, 64, 87, 52, 56, 42]],

[ 54, 95, 1,[ 61, 0, 23]],

[ 64, 45, 0,[ 66, 11, 7]],

[ 76, 15, 0,[ 12, 5, 10, 1]],

[ 30, 45, 1,[ 39, 37, 68]],

[ 89, 75, 0,[ 50, 97, 38]],

[ 20, 75, 1,[ 74, 9, 90, 1]],

[ 31, 75, 1,[ 15, 77, 10, 16, 4, 65, 84]],

[ 68, 75, 0,[ 93, 40, 30, 43, 47]],

[ 12, 75, 1,[ 76, 47, 66]],

[ 66, 75, 1,[ 39, 38, 12, 64]],

[ 98, 75, 0,[ 60, 28, 21, 56]],

[ 97, 95, 1,[ 75, 94, 59, 89, 26, 99, 42, 46]],

[ 48, 75, 1,[ 6, 51, 47]],

[ 59, 75, 0,[ 93, 41, 54, 71]],

[ 28, 45, 1,[ 18, 39, 81]],

[ 2, 35, 1,[ 19, 70, 43]],

[ 63, 35, 1,[ 34, 64, 35, 86, 71]],

[ 69, 35, 0,[ 60, 19, 22, 76]],

[ 35, 25, 1,[ 15, 63, 80, 92]],

[ 57, 35, 1,[ 4, 84, 9, 31]],

[ 15, 75, 0,[ 13, 5, 35, 8, 53]],

[ 78, 15, 0,[ 85, 80, 60]],

[ 8, 75, 0,[ 15, 52, 73]],

[ 1, 45, 1,[ 82, 68, 90, 38, 36, 10]],

[ 32, 15, 1,[ 34, 99, 54]],

[ 74, 5, 0,[ 40, 50, 20]],

[ 65, 75, 0,[ 22, 81, 33]],

[ 23, 75, 0,[ 13, 47, 46, 99]],

[ 68, 85, 0,[ 54, 80, 16, 1]],

[ 45, 45, 0,[ 88, 25]],

[ 24, 45, 0,[ 49, 4, 3]],

[ 20, 35, 1,[ 74, 87, 9, 12]],

[ 53, 15, 1,[ 15, 96, 17, 60]],

[ 80, 85, 1,[ 78, 68, 50, 35]],

[ 52, 75, 1,[ 17, 97, 12, 47, 8, 21]],

[ 55, 5, 0,[ 66, 31, 27]],

[ 21, 75, 1,[ 52, 73, 34]],

[ 17, 15, 1,[ 36, 53, 52, 44]],

[ 92, 25, 0,[ 35, 89, 67]],

[ 94, 45, 0,[ 86, 49]],

[ 34, 75, 1,[ 63, 32, 21]],

[ 97, 75, 0,[ 29, 88, 52, 6]],

[ 29, 45, 1,[ 0, 97, 40]],

[ 95, 35, 0,[ 79, 30, 86]],

[ 58, 15, 0,[ 72, 90, 0]],

[ 46, 55, 1,[ 56, 41, 49, 23, 37]],

[ 75, 75, 0,[ 13, 85, 98]],

[ 9, 25, 1,[ 49, 20, 57]],

[ 87, 75, 0,[ 61, 20, 79, 77, 76, 11, 14]],

[ 39, 5, 0,[ 91, 28, 83]],

[ 85, 75, 0,[ 41, 78, 75]],

[ 77, 75, 0,[ 87, 51, 13]],

[ 76, 75, 0,[ 69, 87, 11, 66]],

[ 19, 35, 1,[ 64, 69, 30, 2]],

[ 84, 95, 0,[ 57, 22]],

[ 31, 75, 1,[ 27, 55, 13, 57, 11]],

[ 12, 55, 1,[ 96, 5, 20, 52, 67]],

[ 25, 5, 1,[ 89, 71, 45, 7, 62, 26]],

[ 26, 5, 0,[ 7, 81, 25, 50]],

[ 51, 55, 1,[ 77, 48, 89, 70, 43]],

[ 62, 65, 0,[ 25, 33, 99]],

[ 3, 45, 1,[ 16, 91, 24]],

[ 93, 95, 0,[ 18, 38, 59, 22, 60]],

[ 66, 15, 0,[ 76, 72, 36, 55]],

[ 6, 85, 1,[ 48, 56, 97]],

[ 50, 5, 0,[ 80, 74, 26]],

[ 90, 45, 0,[ 40, 58, 67, 1]],

[ 47, 75, 0,[ 48, 61, 52, 23]],

[ 88, 25, 1,[ 10, 42, 97, 45, 70]],

[ 64, 35, 0,[ 10, 63, 19]],

[ 5, 5, 1,[ 12, 15]],

[ 72, 25, 1,[ 61, 66, 58, 98, 14]],

[ 73, 15, 1,[ 37, 8, 42, 7, 0, 21]],

[ 27, 75, 1,[ 55, 31, 89]],

[ 99, 65, 0,[ 62, 23, 32]],

[ 36, 15, 1,[ 17, 66, 1]],

[ 79, 35, 1,[ 87, 95]],

[ 0, 5, 1,[ 30, 58, 29, 73]],

[ 91, 5, 0,[ 39, 4, 3]],

[ 22, 95, 1,[ 82, 93, 69, 65, 84]],

[ 40, 45, 0,[ 29, 90, 74]],

[ 83, 5, 0,[ 39, 30, 43]],

[ 60, 75, 1,[ 93, 37, 53, 78, 69]],

[ 86, 95, 1,[ 63, 94, 42, 95, 7]],

[ 13, 5, 1,[ 23, 77, 15, 31, 75]],

[ 71, 55, 0,[ 25, 63, 59]],

[ 43, 45, 1,[ 51, 2, 83]],

[ 67, 15, 0,[ 92, 38, 12, 90]],

[ 10, 45, 1,[ 88, 64, 1]],

[ 38, 45, 1,[ 67, 93, 1]],

[ 4, 35, 1,[ 24, 91, 57]],

[ 14, 25, 1,[ 87, 72, 82]],

[ 61, 75, 0,[ 72, 87, 47]],

[ 11, 85, 1,[ 31, 76, 87]],

[ 33, 35, 1,[ 62, 65, 44]],

[ 37, 65, 1,[ 73, 46, 60]],

[ 42, 15, 0,[ 73, 88, 86]],

[ 96, 15, 0,[ 12, 53]],

[ 56, 15, 0,[ 46, 16, 6]],

[ 7, 15, 1,[ 26, 86, 73, 25]],

[ 70, 35, 0,[ 51, 2, 88]],

[ 41, 75, 0,[ 46, 59, 85]],

[ 89, 5, 0,[ 51, 25, 92, 27]],

[ 81, 25, 0,[ 28, 26, 65]],

[ 18, 85, 1,[ 93, 54, 28]],

[ 30, 35, 1,[ 0, 19, 83, 95]],

[ 44, 85, 0,[ 98, 17, 33]],

[ 16, 45, 1,[ 3, 68, 56]],

[ 82, 25, 0,[ 1, 14, 22]],

[ 49, 45, 0,[ 94, 24, 46, 9]],

[ 54, 85, 1,[ 18, 68, 32, 59]],

[ 98, 85, 0,[ 72, 44, 75]],

