[ 29, 15, 0,[ 2, 16, 5]],

[ 50, 15, 0,[ 1, 89, 6, 22]],

[ 57, 15, 0,[ 6, 49, 38]],

[ 84, 15, 0,[ 2, 16]],

[ 47, 15, 0,[ 1, 38, 16]],

[ 67, 15, 0,[ 16, 2, 6]],

[ 1, 35, 1,[ 88, 12, 53, 83, 72, 95, 4, 16, 48, 5, 50, 92, 68, 43, 3, 69, 58, 76, 37, 41, 47, 64, 42]],

[ 6, 45, 1,[ 40, 53, 12, 26, 9, 50, 94, 57, 77, 4, 91, 25, 99, 67, 88, 27, 70, 20, 92, 18, 86, 13, 46, 56, 54, 32, 44, 85, 75, 62, 21, 98, 51, 71, 3, 80, 30, 78, 61, 31, 33, 48, 19, 24, 49, 39, 16, 66, 60, 17]],

[ 64, 15, 0,[ 38, 1, 2]],

[ 72, 15, 0,[ 38, 1, 0]],

[ 95, 15, 0,[ 1, 2]],

[ 33, 15, 0,[ 2, 6]],

[ 28, 15, 0,[ 11, 2]],

[ 54, 15, 0,[ 6, 11, 38]],

[ 21, 15, 0,[ 2, 6, 16]],

[ 46, 15, 0,[ 2, 6, 38]],

[ 65, 15, 0,[ 0, 16]],

[ 62, 15, 0,[ 38, 16, 6]],

[ 98, 15, 0,[ 2, 6, 38]],

[ 68, 15, 0,[ 5, 1, 38]],

[ 53, 5, 0,[ 6, 1, 77, 16]],

[ 26, 15, 0,[ 11, 6, 38]],

[ 25, 15, 0,[ 38, 6, 16]],

[ 77, 15, 0,[ 6, 53, 38]],

[ 45, 15, 0,[ 16, 2, 38]],

[ 31, 15, 0,[ 2, 6, 38]],

[ 87, 15, 0,[ 2, 7]],

[ 27, 15, 0,[ 6, 16, 38]],

[ 78, 15, 0,[ 2, 16, 6]],

[ 85, 15, 0,[ 6, 2, 11, 52]],

[ 61, 15, 0,[ 2, 6, 38]],

[ 51, 15, 0,[ 6]],

[ 49, 15, 0,[ 2, 6, 57, 11]],

[ 76, 15, 0,[ 11, 2, 1]],

[ 52, 15, 0,[ 38, 85, 2]],

[ 39, 15, 0,[ 5, 38, 6]],

[ 37, 15, 0,[ 1, 38, 2]],

[ 8, 5, 0,[ 38, 16, 58]],

[ 99, 15, 0,[ 11, 16, 6]],

[ 32, 15, 0,[ 16, 6, 2]],

[ 70, 15, 0,[ 38, 6, 16]],

[ 13, 15, 0,[ 38, 2, 6]],

[ 18, 5, 0,[ 6, 35, 16]],

[ 41, 15, 0,[ 38, 2, 1]],

[ 22, 15, 0,[ 16, 38, 50]],

[ 14, 15, 0,[ 38, 2, 16]],

[ 9, 15, 0,[ 6, 16]],

[ 89, 15, 0,[ 0, 50, 2]],

[ 48, 15, 0,[ 1, 2, 6]],

[ 96, 15, 0,[ 5]],

[ 92, 15, 0,[ 6, 1]],

[ 20, 15, 0,[ 6, 11, 16]],

[ 43, 15, 0,[ 1, 38]],

[ 2, 75, 1,[ 31, 37, 5, 94, 40, 84, 73, 48, 93, 49, 34, 81, 79, 45, 0, 33, 36, 23, 61, 95, 11, 89, 64, 59, 98, 78, 41, 44, 82, 85, 55, 83, 21, 90, 14, 67, 46, 13, 76, 63, 3, 15, 28, 32, 52, 35, 60, 71, 29, 87]],

[ 73, 15, 0,[ 16, 5, 2]],

[ 58, 15, 0,[ 8, 1, 16]],

[ 60, 15, 0,[ 5, 2, 6]],

[ 56, 15, 0,[ 6, 16]],

[ 42, 15, 0,[ 1, 16]],

[ 80, 5, 0,[ 75, 6, 38]],

[ 40, 15, 0,[ 16, 2, 6]],

[ 93, 5, 0,[ 38, 16, 2]],

[ 83, 15, 0,[ 2, 1]],

[ 69, 15, 0,[ 1, 16, 0]],

[ 17, 15, 0,[ 16, 0, 6]],

[ 3, 15, 1,[ 1, 6, 2]],

[ 97, 15, 0,[ 38]],

[ 16, 25, 1,[ 6, 67, 36, 56, 32, 58, 82, 73, 90, 99, 27, 21, 81, 20, 93, 19, 55, 17, 25, 53, 44, 30, 78, 74, 65, 22, 10, 7, 42, 18, 59, 62, 69, 14, 23, 47, 84, 40, 9, 70, 63, 66, 1, 8, 91, 75, 29, 45]],

[ 4, 15, 0,[ 6, 1]],

[ 66, 15, 0,[ 16, 6, 0]],

[ 36, 15, 0,[ 5, 16, 2]],

[ 82, 15, 0,[ 2, 38, 16]],

[ 63, 15, 0,[ 5, 2, 16]],

[ 5, 5, 1,[ 24, 60, 96, 1, 73, 36, 29, 68, 39, 2, 74, 63]],

[ 19, 15, 0,[ 6, 11, 16]],

[ 11, 5, 1,[ 76, 2, 85, 26, 94, 28, 20, 19, 54, 99, 49]],

[ 24, 15, 0,[ 6, 5]],

[ 94, 15, 0,[ 11, 6, 2]],

[ 86, 15, 0,[ 38, 6]],

[ 71, 15, 0,[ 38, 6, 2]],

[ 23, 15, 0,[ 16, 2, 38]],

[ 44, 15, 0,[ 16, 6, 2]],

[ 12, 15, 0,[ 6, 38, 1]],

[ 91, 15, 0,[ 6, 16]],

[ 34, 15, 0,[ 2, 0, 38]],

[ 10, 15, 1,[ 15, 16]],

[ 15, 5, 0,[ 10, 2, 38]],

[ 79, 15, 0,[ 0, 2, 38]],

[ 90, 15, 0,[ 2, 38, 16]],

[ 59, 15, 0,[ 16, 2, 0]],

[ 55, 15, 0,[ 16, 38, 2]],

[ 88, 15, 0,[ 38, 1, 6]],

[ 30, 15, 0,[ 16, 6, 38]],

[ 81, 15, 0,[ 0, 16, 2]],

[ 7, 15, 0,[ 87, 16, 38]],

[ 74, 5, 0,[ 16, 38, 5]],

[ 35, 5, 0,[ 2, 18]],

[ 0, 5, 1,[ 81, 66, 65, 34, 72, 79, 69, 17, 89, 59, 2]],

[ 38, 95, 1,[ 22, 88, 54, 90, 39, 31, 41, 82, 30, 79, 97, 77, 23, 27, 71, 43, 8, 55, 98, 26, 61, 47, 68, 15, 72, 14, 74, 34, 70, 57, 25, 80, 37, 64, 7, 62, 13, 93, 46, 12, 45, 86, 52]],

[ 75, 15, 0,[ 80, 6, 16]],

