[ 84, 35, 1,[ 8, 42, 56]],

[ 1, 25, 0,[ 34, 73, 36]],

[ 62, 35, 1,[ 78, 7, 41, 42, 86, 35, 0]],

[ 21, 45, 0,[ 71, 42, 4]],

[ 8, 25, 0,[ 77, 49, 76, 84]],

[ 80, 15, 0,[ 54, 56, 48]],

[ 32, 45, 0,[]],

[ 53, 5, 0,[ 26, 54, 25]],

[ 91, 45, 1,[ 87, 26, 31, 56]],

[ 6, 15, 0,[ 63, 82, 87]],

[ 33, 45, 0,[ 58, 42, 3, 85]],

[ 34, 75, 0,[ 44, 40, 74, 1]],

[ 46, 15, 0,[ 35]],

[ 78, 85, 1,[ 62, 49, 97, 65, 63]],

[ 11, 35, 0,[ 92, 95, 12]],

[ 45, 25, 1,[ 74, 65, 82]],

[ 88, 5, 0,[ 61, 71, 16]],

[ 65, 35, 1,[ 45, 99, 78]],

[ 61, 5, 1,[ 40, 28, 7, 72, 88, 29]],

[ 57, 45, 0,[ 59, 85, 99]],

[ 74, 15, 1,[ 39, 82, 34, 47, 45]],

[ 73, 25, 0,[ 93, 1]],

[ 56, 15, 1,[ 22, 91, 84, 80]],

[ 40, 45, 1,[ 61, 34, 98, 30]],

[ 44, 75, 1,[ 34, 13, 81, 5, 50]],

[ 7, 35, 0,[ 62, 61]],

[ 35, 15, 0,[ 62, 46, 14, 96]],

[ 43, 5, 0,[ 71, 10, 64]],

[ 55, 35, 1,[ 63, 51, 38]],

[ 26, 45, 1,[ 53, 91, 18]],

[ 99, 15, 1,[ 57, 79, 65, 51, 71, 67]],

[ 14, 15, 0,[ 35, 86, 24]],

[ 75, 25, 1,[ 42, 97, 24]],

[ 10, 5, 0,[ 54, 5, 43]],

[ 0, 35, 0,[ 62, 38, 18]],

[ 67, 35, 1,[ 82, 97, 99]],

[ 38, 35, 0,[ 55, 0]],

[ 89, 75, 1,[ 79, 95, 27]],

[ 87, 75, 1,[ 50, 6, 49, 91]],

[ 64, 5, 0,[ 43, 12]],

[ 3, 85, 0,[ 33, 93, 97]],

[ 17, 5, 0,[ 60, 18, 9]],

[ 68, 5, 1,[ 54, 83, 76]],

[ 95, 55, 1,[ 11, 79, 89, 77]],

[ 31, 65, 1,[ 91, 27, 23, 30, 81, 2]],

[ 97, 85, 1,[ 78, 2, 75, 50, 67, 3]],

[ 58, 85, 1,[ 33, 79, 4]],

[ 98, 45, 1,[ 92, 40, 19]],

[ 81, 65, 0,[ 44, 28, 31]],

[ 49, 35, 1,[ 87, 8, 78, 15, 22]],

[ 24, 15, 0,[ 14, 85, 75]],

[ 22, 35, 0,[ 49, 56]],

[ 27, 65, 0,[ 31, 9, 89]],

[ 96, 15, 1,[ 86, 85, 35]],

[ 69, 5, 1,[ 94, 25, 23]],

[ 51, 15, 0,[ 99, 55]],

[ 71, 45, 1,[ 43, 90, 99, 59, 21, 88]],

[ 90, 35, 1,[ 16, 4, 71]],

[ 13, 75, 0,[ 44, 76]],

[ 48, 45, 0,[ 66, 85, 80]],

[ 82, 15, 1,[ 74, 45, 67, 6]],

[ 39, 45, 1,[ 93, 74, 47]],

[ 4, 85, 0,[ 90, 21, 58]],

[ 42, 25, 1,[ 33, 21, 84, 75, 62]],

[ 15, 5, 1,[ 66, 49, 23]],

[ 85, 45, 1,[ 96, 24, 57, 33, 30, 48]],

[ 19, 15, 1,[ 29, 60, 86, 98, 66]],

[ 20, 75, 0,[]],

[ 66, 15, 1,[ 15, 19, 48]],

[ 70, 85, 1,[ 9, 83, 41]],

[ 76, 5, 0,[ 68, 8, 13]],

[ 83, 25, 1,[ 36, 68, 70]],

[ 5, 75, 0,[ 41, 10, 44]],

[ 29, 5, 0,[ 19, 93, 61]],

[ 12, 45, 0,[ 64, 37, 11]],

[ 41, 15, 1,[ 70, 62, 5]],

[ 94, 45, 1,[ 59, 69]],

[ 36, 25, 0,[ 1, 83]],

[ 54, 5, 0,[ 53, 68, 80, 10]],

[ 59, 85, 1,[ 57, 94, 71]],

[ 37, 45, 0,[ 25, 86, 12]],

[ 30, 65, 0,[ 31, 85, 40, 23]],

[ 50, 5, 1,[ 97, 44, 87]],

[ 2, 65, 0,[ 31, 28, 97]],

[ 93, 75, 1,[ 3, 29, 60, 39, 73]],

[ 16, 5, 0,[ 72, 90, 88]],

[ 28, 65, 0,[ 61, 2, 81]],

[ 60, 15, 0,[ 93, 19, 17]],

[ 23, 15, 1,[ 15, 69, 31, 30]],

[ 9, 45, 0,[ 27, 70, 17]],

[ 86, 45, 1,[ 62, 14, 37, 96, 19]],

[ 79, 5, 1,[ 95, 89, 99, 58]],

[ 52, 75, 0,[]],

[ 18, 5, 0,[ 26, 0, 17]],

[ 72, 5, 0,[ 77, 16, 61]],

[ 77, 25, 1,[ 47, 8, 92, 95, 72]],

[ 25, 45, 0,[ 69, 53, 37]],

[ 63, 65, 1,[ 55, 6, 78]],

[ 47, 75, 1,[ 39, 77, 74]],

[ 92, 35, 1,[ 98, 77, 11]],

