[ 14, 85, 1,[ 15, 90, 78, 73]],

[ 55, 65, 0,[ 98, 20, 2]],

[ 84, 15, 0,[ 33, 95, 78]],

[ 65, 55, 0,[ 13, 70, 63]],

[ 27, 65, 1,[ 44, 77, 54]],

[ 7, 45, 1,[ 83, 28, 32, 49]],

[ 45, 45, 0,[ 11, 48, 62]],

[ 86, 15, 0,[ 68, 46, 61, 56]],

[ 26, 55, 0,[ 43, 32, 92]],

[ 54, 5, 1,[ 27, 41, 24]],

[ 40, 55, 0,[ 69, 17, 85]],

[ 12, 45, 1,[ 77, 30, 6, 42, 23, 50]],

[ 17, 45, 1,[ 31, 40, 70, 21]],

[ 25, 95, 1,[ 4, 88, 83, 13]],

[ 43, 15, 1,[ 44, 87, 26, 33]],

[ 5, 15, 1,[ 13, 93, 37, 50]],

[ 71, 5, 1,[ 32, 74, 11]],

[ 95, 15, 0,[ 3, 13, 52, 59, 84, 6]],

[ 18, 55, 1,[ 61, 48, 8, 34, 16]],

[ 23, 95, 0,[ 44, 12, 39]],

[ 82, 65, 0,[ 64, 24, 80, 74]],

[ 61, 15, 0,[ 18, 86, 53, 97]],

[ 42, 45, 0,[ 12, 1, 9]],

[ 62, 45, 0,[ 29, 45, 79, 10]],

[ 93, 55, 0,[ 56, 36, 33, 5]],

[ 78, 55, 0,[ 35, 14, 84, 20, 60]],

[ 85, 55, 0,[ 87, 41, 68, 40]],

[ 57, 45, 1,[ 98, 29, 64]],

[ 91, 55, 0,[ 1, 68, 15]],

[ 19, 45, 0,[ 35, 79, 66, 49, 2]],

[ 56, 15, 0,[ 87, 86, 81, 93, 3]],

[ 67, 95, 1,[ 22, 20, 81]],

[ 60, 15, 1,[ 78, 16, 97]],

[ 92, 55, 0,[ 34, 26, 1, 16]],

[ 3, 35, 1,[ 56, 96, 95]],

[ 10, 15, 1,[ 47, 94, 62, 96]],

[ 80, 95, 1,[ 82, 66, 69]],

[ 76, 55, 0,[ 20, 51, 29, 70]],

[ 21, 5, 1,[ 99, 94, 17, 36]],

[ 35, 15, 1,[ 19, 70, 79, 52, 78]],

[ 22, 5, 1,[ 50, 67, 97]],

[ 1, 95, 1,[ 92, 91, 58, 0, 88, 42]],

[ 8, 85, 0,[ 38, 18, 97]],

[ 11, 85, 1,[ 32, 45, 71, 89]],

[ 33, 15, 0,[ 43, 84, 93, 73]],

[ 87, 15, 0,[ 66, 85, 97, 43, 56]],

[ 58, 75, 0,[ 36, 81, 1]],

[ 59, 5, 0,[ 64, 4, 95]],

[ 30, 75, 1,[ 4, 12, 15, 28]],

[ 15, 55, 0,[ 30, 14, 91]],

[ 83, 95, 0,[ 25, 7, 34]],

[ 90, 55, 0,[ 6, 48, 14]],

[ 75, 15, 0,[ 0, 37, 24]],

[ 32, 95, 1,[ 71, 11, 96, 26, 7]],

[ 51, 95, 1,[ 99, 76, 2, 38]],

[ 69, 65, 0,[ 0, 80, 40]],

[ 38, 65, 1,[ 51, 8, 94]],

[ 46, 5, 1,[ 37, 86, 24]],

[ 77, 85, 1,[ 27, 97, 12]],

[ 20, 65, 1,[ 78, 76, 55, 66, 67]],

[ 36, 35, 1,[ 21, 58, 63, 93]],

[ 52, 75, 1,[ 95, 35]],

[ 44, 95, 0,[ 23, 43, 27]],

[ 24, 55, 0,[ 54, 46, 70, 75, 82]],

[ 48, 65, 1,[ 90, 81, 45, 18]],

[ 73, 15, 0,[ 33, 14, 89]],

[ 68, 55, 0,[ 86, 91, 85]],

[ 70, 55, 0,[ 65, 24, 76, 35, 17]],

[ 41, 65, 0,[ 0, 85, 54]],

[ 96, 15, 0,[ 3, 32, 10]],

[ 79, 45, 0,[ 62, 19, 35]],

[ 99, 85, 0,[ 72, 21, 51]],

[ 13, 25, 1,[ 25, 5, 95, 65]],

[ 64, 15, 0,[ 82, 59, 97, 57]],

[ 49, 25, 1,[ 47, 7, 19]],

[ 31, 25, 0,[ 17, 63]],

[ 97, 15, 0,[ 64, 8, 77, 60, 87, 61, 22]],

[ 0, 75, 1,[ 41, 69, 75, 53, 1]],

[ 63, 25, 1,[ 36, 65, 31, 39]],

[ 34, 65, 1,[ 92, 83, 18, 53]],

[ 74, 75, 1,[ 71, 89, 82]],

[ 39, 65, 0,[ 23, 81, 63, 98]],

[ 98, 65, 0,[ 55, 57, 39]],

[ 2, 65, 1,[ 19, 55, 51]],

[ 88, 85, 1,[ 1, 4, 25]],

[ 37, 25, 1,[ 75, 5, 46]],

[ 28, 45, 1,[ 7, 9, 30]],

[ 66, 15, 0,[ 87, 19, 20, 80]],

[ 47, 45, 0,[ 9, 49, 10]],

[ 29, 85, 1,[ 57, 76, 62]],

[ 94, 85, 0,[ 21, 10, 38]],

[ 53, 45, 1,[ 34, 61, 0]],

[ 4, 85, 1,[ 30, 59, 88, 25, 72]],

[ 89, 5, 1,[ 73, 11, 74]],

[ 81, 5, 0,[ 67, 39, 48, 58, 56]],

[ 50, 5, 0,[ 5, 22, 12]],

[ 16, 65, 1,[ 72, 60, 92, 18]],

[ 6, 95, 1,[ 12, 95, 90]],

[ 9, 85, 1,[ 28, 47, 42]],

[ 72, 55, 1,[ 4, 99, 16]],

[ 72, 15, 1,[ 35, 98, 59, 51, 79, 89, 95]],

[ 51, 15, 0,[ 72, 70, 88]],

[ 23, 75, 0,[ 16, 85, 34, 25]],

[ 96, 45, 0,[ 12, 34, 81]],

[ 83, 85, 0,[ 84, 94]],

[ 70, 75, 1,[ 87, 57, 51]],

[ 78, 45, 0,[ 63, 84, 82, 12]],

[ 1, 95, 1,[ 3, 71, 76, 64]],

[ 24, 95, 0,[ 55, 32, 71]],

[ 66, 5, 0,[ 60, 57, 25]],

[ 91, 55, 0,[ 53, 20, 48, 93]],

[ 77, 85, 0,[ 28, 12, 64]],

[ 94, 5, 1,[ 97, 2, 15, 39, 83, 47, 59]],

[ 80, 75, 0,[ 54, 8, 42, 79, 41]],

[ 9, 85, 1,[ 41, 93, 17, 85, 37, 61]],

[ 73, 95, 0,[ 35, 81, 42]],

[ 28, 55, 1,[ 32, 0, 77, 47]],

[ 64, 85, 0,[ 53, 77, 1]],

[ 8, 75, 0,[ 22, 18, 29, 80]],

[ 41, 75, 0,[ 16, 80, 50, 9]],

[ 61, 85, 0,[ 9, 46, 39]],

[ 18, 75, 1,[ 8, 49, 95]],

[ 22, 95, 1,[ 13, 8, 26, 10]],

[ 86, 75, 0,[ 82, 84, 2]],

[ 85, 75, 0,[ 23, 46, 9, 92, 74]],

[ 14, 35, 1,[ 49, 54, 99, 26]],

[ 99, 95, 0,[ 62, 14, 36, 88, 10]],

[ 27, 15, 1,[ 95, 87, 37, 38]],

[ 25, 5, 1,[ 66, 23, 84]],

[ 15, 25, 0,[ 94, 38, 45, 33]],

[ 67, 45, 0,[ 38, 6, 21]],

[ 44, 75, 0,[ 17, 35, 5, 84]],

[ 63, 75, 0,[ 78, 26, 97]],

[ 97, 75, 0,[ 16, 94, 63, 50]],

[ 88, 65, 1,[ 31, 99, 51, 55]],

[ 53, 5, 1,[ 91, 48, 64]],

[ 31, 35, 0,[ 88, 36, 30, 17]],

[ 40, 5, 0,[ 60, 75, 6]],

[ 69, 55, 0,[ 10, 57, 76]],

[ 47, 95, 0,[ 28, 94, 42]],

[ 54, 65, 1,[ 29, 80, 14]],

[ 32, 45, 1,[ 28, 49, 24, 2, 58]],

[ 79, 95, 0,[ 19, 80, 72]],

[ 95, 85, 0,[ 90, 27, 18, 72]],

[ 4, 55, 1,[ 92, 11, 13]],

[ 29, 95, 1,[ 8, 54, 82]],

[ 17, 55, 1,[ 44, 9, 31]],

[ 87, 95, 0,[ 27, 70, 12]],

[ 74, 75, 0,[ 85, 26, 5]],

[ 98, 35, 0,[ 72, 60]],

[ 84, 55, 1,[ 83, 25, 44, 86, 52, 78]],

[ 33, 25, 0,[ 5, 43, 15]],

[ 68, 95, 0,[ 3, 6, 7]],

[ 43, 25, 1,[ 89, 33, 37]],

[ 30, 85, 1,[ 31, 39, 26]],

[ 16, 45, 1,[ 97, 41, 23]],

[ 0, 75, 1,[ 93, 28, 76, 52]],

[ 38, 85, 1,[ 27, 67, 15]],

[ 21, 75, 1,[ 67, 65, 34, 62]],

[ 2, 75, 1,[ 32, 86, 94, 56, 7]],

[ 46, 55, 1,[ 60, 85, 61]],

[ 82, 75, 0,[ 86, 75, 78, 19, 26, 29]],

[ 7, 95, 1,[ 2, 68]],

[ 36, 85, 1,[ 99, 31, 59]],

[ 5, 55, 1,[ 44, 50, 74, 33]],

[ 34, 85, 1,[ 23, 21, 96]],

[ 58, 95, 0,[ 32, 45, 56]],

[ 89, 5, 0,[ 57, 72, 43]],

[ 3, 55, 1,[ 48, 37, 68, 1]],

[ 76, 55, 0,[ 0, 69, 1]],

[ 59, 95, 0,[ 72, 94, 36]],

[ 92, 15, 1,[ 11, 85, 4]],

[ 90, 35, 1,[ 55, 95, 62]],

[ 56, 95, 0,[ 58, 71, 2]],

[ 55, 55, 1,[ 90, 88, 24]],

[ 26, 75, 0,[ 30, 22, 74, 14, 82, 63]],

[ 48, 15, 1,[ 3, 75, 53, 91]],

[ 49, 15, 0,[ 18, 32, 14]],

[ 39, 85, 0,[ 61, 94, 30]],

[ 50, 75, 0,[ 41, 5, 97]],

[ 45, 95, 0,[ 57, 58, 15]],

[ 65, 35, 0,[ 35, 21, 12]],

[ 10, 85, 1,[ 69, 99, 22]],

[ 62, 85, 0,[ 90, 21, 99]],

[ 81, 35, 1,[ 73, 96, 11]],

[ 35, 95, 1,[ 44, 65, 72, 73]],

[ 52, 65, 1,[ 84, 0]],

[ 13, 35, 1,[ 4, 19, 22]],

[ 71, 95, 0,[ 24, 20, 56, 1]],

[ 11, 5, 1,[ 81, 4, 92]],

[ 93, 75, 0,[ 91, 0, 9]],

[ 60, 45, 1,[ 66, 40, 46, 98]],

[ 20, 45, 1,[ 71, 91, 6]],

[ 75, 75, 0,[ 82, 40, 48]],

[ 6, 45, 1,[ 40, 20, 68, 67]],

[ 42, 95, 1,[ 80, 73, 47]],

[ 37, 25, 1,[ 9, 43, 27, 3]],

[ 19, 35, 1,[ 82, 13, 79]],

[ 12, 15, 1,[ 87, 77, 65, 96, 78]],

[ 57, 65, 1,[ 69, 70, 45, 66, 89]],

