[ 95, 55, 1,[ 79, 27, 66]],

[ 86, 55, 1,[ 56, 85, 36, 82, 76, 20, 58]],

[ 21, 15, 0,[ 93, 14]],

[ 7, 55, 0,[ 92, 33, 31]],

[ 2, 5, 0,[ 13, 3, 88]],

[ 72, 35, 0,[ 16, 58, 69]],

[ 50, 35, 1,[ 58, 22, 93]],

[ 71, 35, 1,[ 63, 31, 24]],

[ 53, 85, 0,[ 19, 0, 76]],

[ 75, 65, 1,[ 69, 97, 40, 70]],

[ 3, 5, 0,[ 2, 33, 99]],

[ 64, 75, 0,[ 9]],

[ 35, 85, 0,[ 44, 93]],

[ 26, 35, 1,[ 89, 73, 52, 42]],

[ 31, 55, 1,[ 81, 71, 96, 80, 7, 11]],

[ 36, 55, 0,[ 59, 86, 10]],

[ 12, 35, 0,[ 69, 46, 74]],

[ 60, 95, 1,[ 33, 15, 8, 83]],

[ 57, 35, 0,[ 29, 39]],

[ 13, 35, 0,[ 2, 38]],

[ 25, 45, 0,[ 78, 46, 56]],

[ 98, 55, 1,[ 18, 85, 67]],

[ 81, 35, 1,[ 83, 96, 31, 99]],

[ 28, 5, 0,[ 68, 44, 99]],

[ 67, 55, 1,[ 94, 98, 91, 97]],

[ 85, 65, 1,[ 86, 22, 98]],

[ 45, 85, 1,[ 63, 23, 39, 44, 62, 70]],

[ 18, 85, 0,[ 41, 98, 39]],

[ 62, 35, 1,[ 73, 45, 89, 0, 69, 5, 42]],

[ 88, 5, 0,[ 77, 6, 2]],

[ 66, 15, 1,[ 95, 33, 8, 97]],

[ 9, 85, 0,[ 64]],

[ 69, 35, 1,[ 12, 72, 75, 62, 32]],

[ 40, 85, 1,[ 79, 46, 75]],

[ 56, 45, 1,[ 33, 25, 86]],

[ 42, 45, 1,[ 62, 70, 26]],

[ 0, 35, 0,[ 62, 14, 53]],

[ 74, 25, 1,[ 8, 12, 80, 10]],

[ 91, 55, 0,[ 1, 67, 5, 84]],

[ 16, 15, 0,[ 72, 90, 89, 84]],

[ 89, 15, 1,[ 16, 41, 26, 62]],

[ 73, 15, 1,[ 62, 96, 26, 29]],

[ 59, 85, 1,[ 94, 36, 47]],

[ 65, 55, 1,[ 94, 99, 48]],

[ 68, 55, 0,[ 87, 28]],

[ 5, 55, 0,[ 62, 91, 34]],

[ 97, 5, 1,[ 67, 75, 66]],

[ 99, 5, 1,[ 15, 28, 65, 3, 81]],

[ 43, 15, 0,[ 49, 23, 27]],

[ 49, 15, 1,[ 92, 11, 43, 22]],

[ 44, 85, 1,[ 35, 45, 78, 28, 87]],

[ 54, 35, 0,[ 76, 38, 8]],

[ 15, 65, 1,[ 52, 60, 99, 30]],

[ 24, 75, 1,[ 38, 94, 84, 71]],

[ 10, 55, 0,[ 74, 36, 87]],

[ 96, 95, 1,[ 73, 11, 31, 81]],

[ 92, 95, 1,[ 7, 30, 78, 49, 17]],

[ 52, 65, 0,[ 15, 8, 26]],

[ 41, 85, 1,[ 82, 76, 19, 87, 89, 18]],

[ 58, 5, 1,[ 72, 86, 50]],

[ 8, 15, 0,[ 66, 54, 52, 74, 60]],

[ 11, 15, 0,[ 96, 31, 49]],

[ 33, 75, 1,[ 56, 66, 3, 60, 7, 47]],

[ 90, 15, 0,[ 37, 16]],

[ 23, 85, 0,[ 45, 43, 4]],

[ 77, 35, 0,[ 38, 93, 88]],

[ 27, 15, 0,[ 43, 95]],

[ 51, 25, 1,[ 4, 63, 55]],

[ 70, 45, 1,[ 45, 42, 75]],

[ 34, 55, 0,[ 5]],

[ 94, 5, 1,[ 59, 65, 24, 67]],

[ 84, 75, 0,[ 16, 91, 24]],

[ 4, 15, 0,[ 23, 51, 93]],

[ 19, 85, 1,[ 53, 41, 6]],

[ 79, 45, 1,[ 40, 87, 95]],

[ 22, 35, 0,[ 49, 85, 50]],

[ 63, 45, 1,[ 51, 45, 71]],

[ 38, 35, 0,[ 83, 24, 77, 6, 13, 54]],

[ 1, 55, 0,[ 55, 91]],

[ 55, 75, 1,[ 20, 51, 61, 1]],

[ 93, 15, 1,[ 32, 77, 4, 35, 21, 50]],

[ 6, 35, 0,[ 19, 88, 38]],

[ 80, 5, 1,[ 82, 31, 74]],

[ 83, 15, 1,[ 60, 38, 81]],

[ 87, 55, 1,[ 79, 10, 44, 68, 41]],

[ 39, 35, 1,[ 18, 57, 45]],

[ 61, 55, 0,[ 37, 55, 17]],

[ 29, 15, 0,[ 30, 57, 73]],

[ 78, 85, 0,[ 92, 25, 44]],

[ 82, 15, 1,[ 86, 80, 41]],

[ 30, 95, 0,[ 15, 29, 92]],

[ 14, 5, 0,[ 47, 0, 21]],

[ 48, 75, 0,[ 65, 76]],

[ 32, 35, 0,[ 69, 17, 93]],

[ 76, 75, 1,[ 41, 54, 48, 53, 86]],

[ 17, 95, 0,[ 92, 32, 61]],

[ 20, 55, 0,[ 86, 55]],

[ 37, 55, 0,[ 90, 61]],

[ 46, 85, 0,[ 40, 12, 25]],

[ 47, 5, 1,[ 14, 33, 59]],

