[ 9, 15, 0,[ 32, 81, 21, 35, 13, 10]],

[ 15, 15, 0,[ 97, 0, 57]],

[ 91, 15, 0,[ 29, 10, 62, 49]],

[ 59, 15, 0,[ 38, 37, 22]],

[ 98, 15, 0,[ 64, 21, 6, 81, 10]],

[ 34, 15, 0,[ 90, 37, 48, 97, 6]],

[ 80, 15, 0,[ 26, 41, 83]],

[ 46, 15, 0,[ 0, 50, 84]],

[ 43, 15, 0,[ 84, 50, 74]],

[ 0, 25, 1,[ 41, 15, 46, 1, 92, 29, 57, 62, 93, 90, 60, 4, 2, 16]],

[ 4, 15, 0,[ 0, 1, 56]],

[ 35, 15, 0,[ 9, 14, 54]],

[ 76, 15, 0,[ 10, 45, 24]],

[ 14, 15, 0,[ 56, 35, 78, 66, 32]],

[ 83, 15, 0,[ 77, 80, 75, 45]],

[ 36, 15, 0,[ 67, 1, 10]],

[ 33, 15, 0,[ 53, 71, 73, 61, 2]],

[ 12, 15, 0,[ 29, 47, 54]],

[ 99, 15, 0,[ 92, 28, 89, 19]],

[ 77, 15, 0,[ 83, 27, 20, 5]],

[ 70, 15, 0,[ 3, 11, 47]],

[ 66, 15, 0,[ 14, 29, 95]],

[ 88, 15, 0,[ 2, 72, 26]],

[ 69, 15, 0,[ 72, 5, 1]],

[ 26, 15, 0,[ 80, 88, 86, 54, 61]],

[ 61, 15, 0,[ 33, 26, 37]],

[ 27, 15, 0,[ 31, 2, 77]],

[ 49, 15, 0,[ 6, 91, 54]],

[ 63, 15, 0,[ 53, 38, 10]],

[ 11, 15, 1,[ 5, 2, 70]],

[ 8, 15, 0,[ 60, 7, 51, 3]],

[ 51, 15, 0,[ 64, 8, 39]],

[ 47, 15, 0,[ 10, 70, 94, 12, 40]],

[ 17, 15, 0,[ 18, 1, 16]],

[ 42, 15, 0,[ 84, 1, 16]],

[ 44, 15, 0,[ 1, 2, 81, 54]],

[ 96, 15, 0,[ 38, 73, 52, 78, 25]],

[ 18, 15, 0,[ 89, 17, 22]],

[ 54, 25, 1,[ 58, 12, 49, 37, 38, 73, 35, 67, 26, 44, 13]],

[ 64, 15, 0,[ 30, 98, 1, 51, 21, 41]],

[ 84, 15, 0,[ 43, 42, 46]],

[ 53, 15, 0,[ 33, 6, 63]],

[ 65, 15, 0,[ 30, 67, 5]],

[ 39, 15, 0,[ 3, 75, 51, 25]],

[ 45, 15, 0,[ 83, 24, 76]],

[ 30, 15, 0,[ 22, 65, 64, 2]],

[ 22, 15, 0,[ 18, 1, 30, 23, 59]],

[ 10, 45, 1,[ 98, 1, 76, 47, 36, 9, 91, 63, 74]],

[ 13, 15, 0,[ 97, 54, 9]],

[ 20, 15, 0,[ 77, 2, 89]],

[ 5, 75, 1,[ 77, 65, 1, 57, 11, 19, 2, 86, 71, 69]],

[ 38, 75, 1,[ 63, 94, 56, 54, 24, 3, 96, 82, 92, 90, 59, 87, 72]],

[ 87, 15, 0,[ 40, 38, 86]],

[ 74, 15, 0,[ 55, 10, 43]],

[ 97, 15, 0,[ 34, 15, 13]],

[ 62, 15, 0,[ 91, 0, 75]],

[ 7, 15, 0,[ 19, 21, 8, 79]],

[ 92, 15, 0,[ 0, 38, 99]],

[ 40, 15, 0,[ 68, 47, 87]],

[ 2, 25, 1,[ 31, 30, 3, 11, 88, 27, 20, 33, 1, 5, 44, 0]],

[ 37, 15, 0,[ 34, 61, 54, 59]],

[ 56, 15, 0,[ 38, 14, 4]],

[ 19, 15, 0,[ 5, 7, 99]],

[ 67, 15, 0,[ 65, 54, 36]],

[ 90, 15, 0,[ 38, 34, 0]],

[ 68, 15, 0,[ 93, 23, 40]],

[ 71, 15, 0,[ 85, 3, 33, 5]],

[ 21, 15, 0,[ 86, 7, 98, 75, 64, 9]],

[ 6, 85, 1,[ 34, 32, 53, 41, 28, 98, 49, 1]],

[ 89, 15, 0,[ 60, 99, 18, 20]],

[ 52, 15, 0,[ 3, 96]],

[ 58, 15, 0,[ 94, 54, 3]],

[ 78, 15, 0,[ 72, 96, 14]],

[ 50, 15, 0,[ 43, 46, 85]],

[ 31, 15, 0,[ 27, 85, 2]],

[ 24, 15, 0,[ 38, 76, 45]],

[ 29, 15, 0,[ 25, 12, 66, 91, 0]],

[ 82, 15, 0,[ 38, 3, 1]],

[ 55, 15, 0,[ 1, 74, 86, 48]],

[ 86, 15, 0,[ 5, 26, 87, 55, 21]],

[ 41, 15, 0,[ 64, 0, 6, 80]],

[ 25, 15, 0,[ 39, 29, 96, 93]],

[ 85, 15, 0,[ 50, 31, 71]],

[ 81, 15, 0,[ 44, 9, 98]],

[ 16, 15, 0,[ 0, 42, 17]],

[ 60, 15, 0,[ 8, 79, 0, 89]],

[ 72, 15, 0,[ 69, 78, 38, 88]],

[ 95, 15, 0,[ 66, 48, 79]],

[ 28, 15, 0,[ 99, 3, 6]],

[ 23, 15, 0,[ 22, 3, 68]],

[ 79, 15, 0,[ 60, 7, 95]],

[ 93, 15, 0,[ 25, 0, 68]],

[ 94, 15, 0,[ 38, 58, 47]],

[ 48, 15, 0,[ 95, 55, 34]],

[ 75, 15, 0,[ 83, 62, 39, 21]],

[ 57, 15, 0,[ 15, 5, 0]],

[ 32, 15, 0,[ 9, 14, 6]],

[ 73, 15, 0,[ 33, 54, 96]],

[ 1, 5, 1,[ 42, 3, 64, 82, 44, 10, 17, 0, 55, 36, 4, 22, 2, 5, 69, 6]],

[ 3, 55, 1,[ 28, 23, 38, 71, 39, 52, 2, 58, 1, 82, 70, 8]],

