[ 54, 5, 1,[ 51, 91, 37]],

[ 25, 25, 1,[ 78, 30]],

[ 95, 5, 0,[ 87, 3, 15]],

[ 22, 95, 1,[ 58, 46, 10]],

[ 41, 5, 0,[ 3, 20, 12, 7]],

[ 29, 95, 1,[ 17, 73, 80, 47]],

[ 73, 45, 0,[ 69, 23, 19, 29]],

[ 63, 15, 0,[ 57, 12, 84, 38, 17]],

[ 39, 25, 0,[ 66, 89]],

[ 6, 25, 1,[ 75, 91, 35, 99]],

[ 81, 45, 0,[ 45, 86, 1]],

[ 75, 5, 1,[ 11, 98, 6, 74]],

[ 76, 95, 0,[ 64, 8, 21]],

[ 48, 45, 1,[ 61, 60, 70]],

[ 44, 15, 0,[ 66, 72]],

[ 74, 45, 0,[ 75, 33, 15, 99]],

[ 93, 25, 0,[ 46, 78, 53]],

[ 84, 45, 1,[ 94, 55, 63, 11]],

[ 67, 15, 1,[ 62, 78, 26]],

[ 61, 55, 0,[ 2, 30, 48, 68]],

[ 38, 5, 1,[ 24, 80, 63]],

[ 94, 45, 0,[ 42, 84, 50, 7]],

[ 62, 45, 0,[ 12, 55, 35, 67]],

[ 13, 95, 1,[ 2, 34, 16]],

[ 53, 25, 1,[ 85, 65, 93, 36]],

[ 28, 55, 1,[ 80, 16, 5, 1]],

[ 9, 5, 1,[ 59, 91, 55]],

[ 40, 35, 0,[ 60, 80, 47, 21]],

[ 27, 85, 1,[ 10, 70, 20]],

[ 51, 5, 0,[ 54, 0, 65]],

[ 72, 85, 1,[ 42, 31, 44]],

[ 49, 95, 0,[ 88, 58, 21]],

[ 15, 5, 0,[ 64, 95, 74]],

[ 12, 45, 1,[ 41, 62, 63]],

[ 19, 55, 1,[ 46, 88, 73]],

[ 55, 25, 0,[ 84, 62, 71, 9]],

[ 50, 45, 0,[ 43, 79, 94, 97]],

[ 5, 45, 1,[ 83, 30, 28]],

[ 24, 45, 0,[ 92, 8, 38]],

[ 4, 95, 1,[ 23, 71, 0]],

[ 1, 5, 1,[ 28, 96, 45, 43, 81]],

[ 97, 45, 0,[ 42, 50, 34]],

[ 80, 35, 0,[ 40, 36, 38, 29, 28]],

[ 60, 5, 0,[ 18, 48, 26, 40]],

[ 35, 5, 1,[ 6, 89, 62, 42, 71]],

[ 87, 5, 0,[ 78, 37, 95]],

[ 58, 95, 0,[ 98, 49, 47, 22]],

[ 88, 75, 1,[ 14, 49, 19]],

[ 78, 65, 1,[ 25, 87, 67, 93, 66, 37]],

[ 0, 35, 1,[ 30, 51, 4]],

[ 17, 75, 1,[ 59, 86, 29, 63]],

[ 3, 55, 1,[ 34, 90, 41, 95]],

[ 45, 45, 0,[ 1, 81, 52, 86]],

[ 10, 5, 1,[ 22, 70, 27, 52]],

[ 96, 5, 0,[ 31, 20, 16, 1]],

[ 99, 95, 0,[ 74, 6, 85]],

[ 82, 15, 0,[ 37]],

[ 59, 15, 0,[ 32, 9, 68, 17]],

[ 92, 5, 0,[ 20, 24, 57]],

[ 98, 95, 0,[ 75, 56, 36, 58]],

[ 33, 45, 0,[ 74, 79]],

[ 7, 5, 1,[ 56, 90, 94, 41]],

[ 30, 95, 1,[ 25, 85, 5, 61, 14, 0]],

[ 77, 15, 0,[ 21, 26, 37]],

[ 86, 25, 1,[ 81, 69, 17, 45]],

[ 57, 65, 1,[ 83, 63, 92]],

[ 21, 25, 1,[ 77, 76, 40, 49, 18, 20]],

[ 23, 45, 0,[ 4, 73, 43]],

[ 14, 55, 1,[ 30, 88, 69]],

[ 16, 85, 1,[ 96, 28, 13]],

[ 43, 95, 1,[ 23, 85, 50, 1]],

[ 89, 25, 0,[ 2, 35, 39]],

[ 83, 75, 0,[ 57, 68, 5]],

[ 8, 95, 0,[ 18, 56, 76, 24]],

[ 52, 5, 1,[ 10, 45, 65, 79]],

[ 37, 65, 1,[ 54, 77, 82, 87, 78]],

[ 66, 25, 0,[ 44, 39, 78]],

[ 42, 5, 1,[ 97, 94, 72, 35]],

[ 32, 75, 1,[ 59, 64]],

[ 18, 75, 1,[ 21, 60, 8, 90]],

[ 46, 15, 1,[ 22, 19, 93]],

[ 11, 35, 1,[ 84, 64, 75]],

[ 79, 45, 0,[ 52, 50, 33]],

[ 70, 65, 0,[ 10, 48, 27]],

[ 69, 45, 0,[ 73, 86, 14]],

[ 36, 75, 1,[ 98, 80, 53]],

[ 20, 55, 1,[ 96, 92, 27, 21, 41, 85]],

[ 31, 75, 0,[ 96, 72, 2]],

[ 64, 75, 1,[ 32, 15, 76, 11]],

[ 68, 55, 0,[ 83, 59, 61]],

[ 85, 65, 0,[ 30, 53, 99, 20, 43]],

[ 47, 5, 0,[ 40, 29, 58]],

[ 91, 55, 0,[ 54, 6, 9]],

[ 34, 25, 1,[ 13, 3, 97]],

[ 65, 65, 1,[ 53, 51, 52]],

[ 71, 45, 0,[ 55, 4, 35]],

[ 26, 15, 1,[ 67, 77, 60]],

[ 90, 85, 0,[ 3, 18, 7]],

[ 2, 25, 1,[ 13, 89, 61, 31]],

[ 56, 95, 0,[ 8, 7, 98]],

[ 0, 35, 1,[ 78, 96, 30, 33]],

[ 27, 75, 1,[ 45, 13, 74]],

[ 45, 25, 0,[ 59, 8, 27]],

[ 96, 55, 0,[ 0, 46, 20]],

[ 12, 85, 1,[ 42, 88, 97]],

[ 19, 85, 0,[ 10, 87, 21]],

[ 51, 85, 0,[ 29, 20, 94, 54]],

[ 61, 65, 0,[ 86, 65, 33]],

[ 53, 35, 1,[ 49, 7, 89]],

[ 11, 15, 1,[ 52, 42, 63, 92]],

[ 98, 95, 0,[ 59]],

[ 75, 95, 0,[ 34, 42, 32, 89]],

[ 3, 85, 1,[ 44, 9, 71, 55, 5]],

[ 43, 15, 1,[ 76, 52, 63, 85, 67]],

[ 37, 85, 1,[ 34, 16, 6, 44]],

[ 15, 5, 0,[ 40, 95, 5]],

[ 49, 45, 0,[ 5, 77, 29, 53]],

[ 29, 65, 1,[ 51, 23, 49]],

[ 33, 65, 0,[ 61, 0, 92, 72]],

[ 42, 15, 0,[ 77, 2, 12, 75, 11]],

[ 99, 65, 0,[ 56, 25, 80]],

[ 46, 45, 1,[ 38, 96, 44, 47]],

[ 76, 25, 0,[ 7, 43, 34]],

[ 26, 45, 0,[ 94, 52, 22]],

[ 52, 95, 1,[ 26, 43, 11]],

[ 50, 5, 0,[ 59, 91, 60]],

[ 24, 45, 0,[ 30, 7, 90]],

[ 57, 55, 1,[ 68, 81, 85, 66]],

[ 85, 85, 0,[ 57, 43, 71, 64]],

[ 60, 45, 0,[ 50, 80, 17]],

[ 62, 5, 0,[ 7]],

[ 58, 15, 0,[ 2, 77, 36]],

[ 32, 35, 1,[ 75, 65]],

[ 74, 55, 0,[ 6, 27, 9]],

[ 25, 5, 1,[ 99, 9, 23]],

[ 38, 55, 1,[ 39, 47, 46, 16]],

[ 56, 5, 0,[ 91, 99, 66]],

[ 84, 45, 0,[ 31, 72, 78]],

[ 16, 65, 1,[ 37, 38, 1, 82]],

[ 97, 5, 0,[ 12, 95, 10]],

[ 86, 65, 0,[ 55, 61, 54]],

[ 70, 45, 0,[ 63, 77, 10]],

[ 28, 35, 1,[ 91, 80, 90, 6, 83, 73]],

[ 55, 45, 0,[ 86, 68, 18, 3]],

[ 23, 85, 0,[ 29, 35, 25, 17]],

[ 47, 45, 0,[ 46, 38, 82]],

[ 14, 65, 1,[ 35, 41, 8]],

[ 22, 15, 1,[ 41, 26, 87]],

[ 1, 75, 1,[ 93, 78, 16]],

[ 91, 5, 0,[ 50, 56, 28, 88, 48]],

[ 18, 5, 1,[ 39, 31, 71, 55, 13]],

[ 31, 45, 0,[ 36, 82, 18, 84]],

[ 94, 45, 0,[ 26, 51, 4]],

[ 68, 15, 1,[ 81, 55, 57]],

[ 21, 35, 1,[ 7, 54, 19]],

[ 4, 15, 1,[ 67, 64, 94]],

[ 20, 85, 1,[ 51, 96, 13]],

[ 69, 85, 0,[ 93, 83, 79]],

[ 67, 95, 0,[ 7, 43, 4]],

[ 78, 35, 0,[ 1, 84, 0]],

[ 95, 5, 0,[ 72, 15, 97]],

[ 54, 45, 1,[ 21, 51, 66, 86, 89]],

[ 35, 85, 1,[ 23, 14, 73]],

[ 41, 75, 0,[ 87, 22, 14]],

[ 90, 45, 0,[ 28, 24, 39]],

[ 79, 15, 1,[ 69, 87, 40]],

[ 87, 85, 0,[ 22, 79, 41, 19]],

[ 10, 5, 1,[ 97, 19, 13, 70]],

[ 73, 5, 1,[ 28, 89, 35]],

[ 82, 45, 0,[ 16, 31, 47, 81]],

[ 7, 25, 1,[ 62, 67, 53, 76, 21, 24]],

[ 2, 95, 1,[ 42, 88, 58]],

[ 5, 5, 1,[ 15, 3, 49]],

[ 44, 15, 0,[ 46, 3, 37]],

[ 9, 55, 1,[ 3, 25, 74]],

[ 59, 5, 0,[ 98, 50, 45]],

[ 63, 85, 0,[ 43, 83, 70, 11]],

[ 92, 65, 0,[ 89, 65, 33, 11]],

[ 80, 45, 0,[ 60, 28, 81, 99]],

[ 36, 45, 1,[ 17, 58, 48, 40, 31]],

[ 8, 45, 1,[ 45, 40, 14]],

[ 34, 5, 1,[ 37, 75, 76]],

[ 13, 25, 1,[ 10, 27, 20, 18]],

[ 48, 95, 1,[ 64, 91, 36]],

[ 39, 75, 1,[ 90, 38, 18]],

[ 83, 85, 0,[ 28, 69, 63]],

[ 72, 35, 1,[ 84, 95, 33]],

[ 64, 85, 1,[ 48, 85, 4]],

[ 6, 65, 1,[ 74, 28, 37]],

[ 89, 35, 1,[ 53, 73, 92, 30, 54, 75]],

[ 66, 5, 0,[ 54, 56, 57]],

[ 88, 45, 1,[ 2, 12, 91]],

[ 93, 65, 0,[ 69, 17, 1]],

[ 65, 65, 1,[ 92, 61, 32]],

[ 71, 85, 0,[ 85, 3, 18]],

[ 40, 45, 0,[ 8, 36, 79, 15]],

[ 17, 25, 1,[ 23, 36, 93, 60]],

[ 30, 65, 1,[ 89, 24, 0]],

[ 77, 85, 1,[ 42, 58, 49, 70]],

[ 81, 45, 1,[ 80, 82, 57, 68]],

