[ 51, 95, 1,[ 74, 56, 61]],

[ 43, 75, 0,[ 82, 17, 27, 84]],

[ 52, 25, 0,[ 91, 39, 88, 13]],

[ 77, 75, 1,[ 94, 83, 20, 59]],

[ 46, 55, 0,[ 80, 7, 68]],

[ 39, 25, 1,[ 52, 88, 66, 65]],

[ 94, 15, 1,[ 45, 77, 70, 20]],

[ 66, 25, 1,[ 39, 53, 55]],

[ 27, 75, 0,[ 89, 43, 47]],

[ 54, 45, 0,[ 90, 24, 50, 26]],

[ 48, 75, 0,[ 82, 76, 3]],

[ 34, 55, 0,[ 75, 74, 56]],

[ 40, 5, 1,[ 37, 97, 79, 92]],

[ 93, 85, 0,[ 56, 74]],

[ 89, 35, 0,[ 90, 35, 27]],

[ 24, 45, 1,[ 60, 96, 54]],

[ 96, 65, 1,[ 24, 8, 17]],

[ 50, 95, 1,[ 54, 65, 78]],

[ 53, 35, 0,[ 1, 98, 19, 66]],

[ 55, 55, 1,[ 73, 72, 66, 15]],

[ 12, 5, 0,[ 45, 18, 38]],

[ 64, 25, 1,[ 16, 68, 79]],

[ 72, 55, 0,[ 5, 55]],

[ 61, 5, 1,[ 26, 51, 23]],

[ 11, 15, 0,[]],

[ 59, 75, 0,[ 77, 84, 9]],

[ 5, 75, 0,[ 81, 98, 42, 72]],

[ 45, 5, 1,[ 25, 94, 12]],

[ 80, 45, 1,[ 37, 31, 46]],

[ 49, 25, 1,[ 20, 15, 33]],

[ 18, 5, 0,[ 12, 19, 17]],

[ 67, 95, 1,[ 28, 62, 16]],

[ 15, 75, 1,[ 90, 49, 55]],

[ 73, 75, 1,[ 75, 83, 9, 55]],

[ 35, 15, 0,[ 71, 89, 91]],

[ 10, 65, 0,[ 20, 6, 69, 95]],

[ 83, 45, 1,[ 25, 77, 60, 73, 87, 32]],

[ 62, 45, 0,[ 42, 67, 3]],

[ 85, 5, 1,[ 68, 14, 4]],

[ 36, 35, 0,[ 92, 63, 84]],

[ 21, 5, 0,[ 65, 92]],

[ 8, 75, 1,[ 82, 76, 96]],

[ 58, 35, 1,[ 65, 30, 7, 28, 86]],

[ 87, 55, 1,[ 65, 83, 63]],

[ 79, 35, 1,[ 40, 42, 6, 64]],

[ 98, 75, 1,[ 6, 5, 30, 53]],

[ 26, 55, 1,[ 90, 61, 81, 54]],

[ 19, 45, 1,[ 53, 18, 56, 81]],

[ 69, 25, 1,[ 10, 7]],

[ 28, 95, 0,[ 58, 25, 67, 44, 95]],

[ 14, 5, 0,[ 31, 85, 9]],

[ 4, 5, 0,[ 85, 31, 2]],

[ 70, 5, 1,[ 94, 6, 60]],

[ 7, 35, 0,[ 46, 58, 69, 71, 32]],

[ 88, 25, 0,[ 52, 95, 39, 75, 82]],

[ 81, 5, 1,[ 13, 5, 26, 19]],

[ 76, 35, 1,[ 8, 48, 1, 2]],

[ 68, 55, 1,[ 64, 56, 46, 85]],

[ 71, 15, 1,[ 57, 7, 35]],

[ 84, 95, 1,[ 2, 0, 43, 36, 59]],

[ 91, 35, 1,[ 52, 44, 35]],

[ 29, 75, 0,[ 30, 99, 22]],

[ 82, 75, 0,[ 8, 43, 48, 88]],

[ 38, 5, 0,[ 12, 16, 9, 60]],

[ 23, 5, 1,[ 61, 65, 41]],

[ 74, 85, 1,[ 93, 34, 51]],

[ 78, 95, 0,[ 0, 50, 22, 47]],

[ 44, 55, 1,[ 28, 91, 99]],

[ 1, 35, 0,[ 53, 33, 76]],

[ 97, 95, 1,[ 40, 47, 95]],

[ 9, 75, 0,[ 14, 73, 59, 38]],

[ 95, 65, 1,[ 88, 97, 28, 10]],

[ 2, 95, 0,[ 4, 84, 76]],

[ 16, 25, 0,[ 64, 67, 38]],

[ 25, 95, 0,[ 83, 45, 28]],

[ 56, 5, 1,[ 34, 68, 51, 19, 93]],

[ 32, 35, 0,[ 7, 6, 83]],

[ 92, 5, 0,[ 21, 40, 36]],

[ 22, 5, 0,[ 29, 78, 65]],

[ 42, 45, 1,[ 5, 60, 62, 79, 57]],

[ 41, 5, 1,[ 23, 33, 86]],

[ 65, 5, 1,[ 21, 39, 87, 22, 58, 50, 23]],

[ 31, 15, 1,[ 80, 4, 14]],

[ 0, 95, 0,[ 84, 78]],

[ 47, 95, 0,[ 86, 78, 97, 27]],

[ 17, 75, 0,[ 18, 96, 43]],

[ 86, 5, 0,[ 58, 47, 41]],

[ 60, 5, 1,[ 83, 70, 24, 42, 38]],

[ 20, 65, 0,[ 49, 94, 77, 10]],

[ 13, 5, 0,[ 81, 33, 52]],

[ 99, 75, 0,[ 3, 44, 29]],

[ 57, 45, 0,[ 71, 63, 42]],

[ 30, 75, 0,[ 58, 29, 98, 75]],

[ 3, 75, 0,[ 99, 62, 48]],

[ 63, 35, 1,[ 36, 87, 57]],

[ 75, 55, 1,[ 30, 73, 88, 34]],

[ 90, 35, 1,[ 54, 15, 6, 89, 26]],

[ 33, 5, 1,[ 13, 41, 1, 49]],

[ 6, 35, 0,[ 32, 90, 98, 79, 70, 10]],

[ 37, 5, 0,[ 80, 40]],

