[ 81, 85, 0,[]],

[ 0, 75, 1,[ 1, 94, 92, 6, 33, 2, 54, 29]],

[ 70, 25, 0,[]],

[ 75, 75, 0,[]],

[ 91, 85, 0,[]],

[ 1, 25, 1,[ 5, 0, 33, 20, 74]],

[ 79, 25, 0,[]],

[ 67, 95, 0,[]],

[ 26, 15, 0,[]],

[ 88, 75, 0,[]],

[ 6, 75, 1,[ 38, 10, 0]],

[ 2, 15, 1,[ 62, 29, 5, 0, 4, 34, 74, 39]],

[ 20, 25, 0,[ 62, 1, 47]],

[ 17, 75, 0,[]],

[ 61, 75, 0,[]],

[ 18, 25, 0,[ 43, 11, 59]],

[ 76, 15, 0,[]],

[ 95, 15, 0,[]],

[ 29, 15, 0,[ 0, 2, 36]],

[ 5, 75, 1,[ 1, 2, 38]],

[ 82, 25, 0,[]],

[ 46, 95, 0,[]],

[ 37, 85, 0,[ 3, 39]],

[ 41, 75, 0,[]],

[ 16, 75, 0,[]],

[ 4, 15, 0,[ 11, 2, 7]],

[ 73, 85, 0,[]],

[ 54, 25, 1,[ 11, 44, 69, 7, 43, 0, 93]],

[ 84, 25, 0,[]],

[ 51, 25, 0,[]],

[ 19, 25, 0,[]],

[ 47, 85, 0,[ 20, 3]],

[ 93, 25, 0,[ 54]],

[ 66, 75, 0,[]],

[ 35, 75, 0,[]],

[ 78, 85, 0,[]],

[ 85, 15, 0,[]],

[ 10, 75, 1,[ 6, 38, 69, 68, 11]],

[ 24, 15, 0,[]],

[ 58, 15, 0,[]],

[ 30, 85, 0,[]],

[ 8, 25, 0,[]],

[ 60, 15, 0,[]],

[ 42, 85, 0,[]],

[ 97, 75, 0,[]],

[ 62, 25, 0,[ 2, 20]],

[ 56, 15, 0,[]],

[ 14, 15, 0,[]],

[ 52, 85, 0,[]],

[ 87, 75, 0,[]],

[ 45, 75, 0,[]],

[ 7, 25, 0,[ 54, 4]],

[ 48, 85, 0,[ 44, 3, 74]],

[ 55, 75, 0,[]],

[ 38, 75, 1,[ 10, 96, 3, 6, 5]],

[ 50, 75, 0,[]],

[ 74, 15, 0,[ 48, 2, 1]],

[ 3, 85, 1,[ 47, 36, 48, 37, 63, 38]],

[ 11, 95, 1,[ 10, 53, 18, 4, 54, 96]],

[ 9, 15, 0,[]],

[ 44, 25, 0,[ 48, 54]],

[ 32, 85, 0,[]],

[ 65, 75, 0,[]],

[ 43, 25, 0,[ 18, 54, 34]],

[ 90, 15, 0,[ 36, 33]],

[ 98, 85, 0,[]],

[ 77, 15, 0,[]],

[ 72, 25, 0,[]],

[ 69, 75, 0,[ 10, 54]],

[ 25, 25, 0,[]],

[ 31, 25, 0,[]],

[ 13, 85, 0,[]],

[ 99, 85, 0,[]],

[ 23, 75, 0,[]],

[ 89, 15, 0,[]],

[ 71, 75, 0,[]],

[ 64, 15, 0,[]],

[ 63, 85, 0,[ 3, 53]],

[ 28, 75, 0,[]],

[ 21, 75, 0,[]],

[ 27, 75, 0,[]],

[ 57, 25, 0,[]],

[ 68, 75, 0,[ 10]],

[ 33, 75, 0,[ 90, 0, 1]],

[ 86, 25, 0,[]],

[ 94, 75, 0,[ 0]],

[ 40, 15, 0,[]],

[ 22, 75, 0,[]],

[ 80, 25, 0,[]],

[ 49, 95, 0,[]],

[ 96, 95, 0,[ 53, 38, 11]],

[ 36, 15, 0,[ 90, 3, 29]],

[ 59, 25, 0,[ 18]],

[ 12, 95, 0,[]],

[ 15, 25, 0,[]],

[ 83, 25, 0,[]],

[ 53, 95, 0,[ 11, 96, 63]],

[ 92, 75, 0,[ 0]],

[ 39, 85, 0,[ 37, 2]],

[ 34, 25, 0,[ 43, 2]],

