[ 80, 75, 0,[ 2, 62, 67]],

[ 54, 65, 0,[ 90, 45]],

[ 71, 65, 0,[ 89, 61]],

[ 19, 65, 0,[ 44, 61, 95, 67]],

[ 49, 65, 0,[ 67, 61, 98]],

[ 31, 45, 0,[ 0, 61, 67, 50]],

[ 44, 65, 0,[ 67, 19]],

[ 4, 65, 0,[ 98, 73, 50, 67]],

[ 22, 65, 0,[ 11, 67, 95, 61]],

[ 94, 65, 0,[ 95, 50, 98]],

[ 2, 45, 0,[ 61, 79, 80, 67]],

[ 46, 45, 0,[ 61]],

[ 5, 65, 0,[ 67, 98, 61]],

[ 42, 45, 1,[ 38, 96, 52, 23, 56, 60, 87, 14, 37, 39]],

[ 6, 65, 0,[ 89, 98, 67]],

[ 74, 65, 0,[ 98]],

[ 32, 65, 0,[ 45, 67, 61]],

[ 24, 45, 0,[ 85, 98]],

[ 77, 65, 0,[ 67, 98, 45]],

[ 96, 65, 0,[ 67, 45, 42]],

[ 33, 65, 0,[ 45, 53]],

[ 39, 75, 0,[ 67, 75, 42]],

[ 17, 65, 0,[ 61, 98, 89]],

[ 98, 25, 1,[ 0, 26, 6, 28, 86, 74, 83, 5, 70, 36, 30, 8, 78, 24, 29, 34, 77, 58, 72, 9, 75, 48, 94, 49, 55, 68, 10, 41, 17, 56, 3, 63, 85, 35, 66, 18, 69, 91, 4, 7, 14, 76]],

[ 72, 65, 0,[ 92, 98, 97, 43]],

[ 64, 65, 0,[ 61, 67]],

[ 8, 65, 0,[ 88, 45, 61, 98]],

[ 57, 65, 0,[ 67, 50]],

[ 93, 65, 0,[ 50, 61]],

[ 79, 65, 0,[ 2, 67, 61]],

[ 37, 65, 0,[ 42, 95, 67]],

[ 25, 65, 0,[ 95, 81, 67]],

[ 58, 65, 0,[ 98, 67, 35]],

[ 10, 65, 0,[ 98, 61, 16]],

[ 92, 65, 0,[ 72, 45, 61]],

[ 65, 65, 0,[ 61, 67]],

[ 88, 45, 0,[ 8, 61]],

[ 55, 65, 0,[ 67, 61, 98]],

[ 15, 65, 0,[ 61, 67, 95]],

[ 69, 65, 0,[ 98, 61, 45]],

[ 97, 65, 0,[ 61, 72, 67]],

[ 23, 65, 0,[ 42, 61]],

[ 20, 65, 0,[ 61, 67]],

[ 89, 5, 1,[ 71, 45, 17, 6]],

[ 48, 65, 0,[ 98, 61, 67]],

[ 70, 75, 0,[ 76, 98]],

[ 91, 65, 0,[ 98, 35, 67]],

[ 38, 65, 0,[ 67, 61, 42]],

[ 40, 65, 0,[ 76, 95, 61]],

[ 27, 65, 0,[ 67]],

[ 76, 65, 1,[ 98, 70, 40, 28]],

[ 56, 65, 0,[ 42, 67, 98]],

[ 28, 45, 0,[ 76, 98, 67]],

[ 83, 65, 0,[ 67, 98, 61]],

[ 12, 65, 0,[ 95]],

[ 43, 45, 0,[ 72, 95, 61]],

[ 36, 65, 0,[ 45, 98, 61]],

[ 35, 65, 0,[ 58, 45, 91, 98]],

[ 87, 65, 0,[ 61, 95, 42]],

[ 41, 65, 0,[ 98]],

[ 13, 65, 0,[ 67, 95]],

[ 62, 65, 0,[ 61, 80]],

[ 26, 65, 0,[ 61, 98]],

[ 9, 65, 0,[ 67, 98]],

[ 29, 65, 0,[ 61, 67, 98]],

[ 45, 75, 1,[ 77, 92, 18, 99, 47, 8, 59, 21, 89, 86, 69, 54, 36, 32, 35, 78, 33, 96]],

[ 90, 65, 0,[ 95, 54, 61]],

[ 68, 65, 0,[ 98, 61, 85]],

[ 63, 65, 0,[ 61, 98]],

[ 73, 65, 0,[ 4]],

[ 3, 65, 0,[ 67, 61, 98]],

[ 99, 65, 0,[ 45, 67, 61]],

[ 18, 65, 0,[ 67, 45, 98]],

[ 50, 45, 1,[ 94, 4, 95, 31, 57, 82, 93, 75, 30]],

[ 86, 65, 0,[ 98, 61, 45]],

[ 78, 65, 0,[ 98, 67, 45]],

[ 47, 65, 0,[ 61, 45]],

[ 95, 75, 1,[ 16, 40, 19, 37, 15, 50, 13, 94, 25, 34, 22, 90, 87, 51, 12, 43]],

[ 7, 65, 0,[ 98, 67]],

[ 52, 65, 0,[ 42, 67, 61]],

[ 34, 65, 0,[ 95, 98, 61]],

[ 0, 65, 0,[ 67, 31, 98]],

[ 16, 65, 0,[ 95, 10, 61]],

[ 66, 65, 0,[ 67, 98]],

[ 30, 65, 0,[ 50, 98, 67]],

[ 81, 65, 0,[ 61, 67, 25]],

[ 85, 45, 0,[ 68, 98, 24]],

[ 1, 45, 0,[ 67, 61, 51]],

[ 75, 65, 0,[ 50, 39, 98]],

[ 59, 45, 0,[ 84, 61, 45]],

[ 21, 75, 0,[ 45, 67, 61]],

[ 61, 35, 1,[ 43, 15, 46, 99, 79, 83, 86, 64, 65, 17, 36, 90, 11, 34, 2, 93, 81, 21, 40, 20, 63, 32, 22, 59, 5, 84, 53, 47, 38, 87, 92, 1, 31, 68, 71, 3, 51, 8, 52, 16, 55, 69, 10, 97, 23, 26, 62, 19, 48, 49, 88, 29]],

[ 84, 65, 0,[ 61, 67, 59]],

[ 60, 45, 0,[ 42]],

[ 82, 65, 0,[ 50]],

[ 14, 65, 0,[ 98, 42, 67]],

[ 67, 85, 1,[ 78, 19, 9, 44, 39, 64, 58, 15, 96, 52, 30, 48, 27, 56, 4, 21, 99, 91, 77, 80, 29, 31, 66, 55, 57, 20, 28, 18, 97, 25, 6, 37, 14, 22, 7, 84, 83, 32, 2, 79, 49, 0, 38, 13, 65, 1, 5, 81, 3]],

[ 11, 65, 0,[ 61, 22]],

[ 51, 65, 1,[ 95, 1, 61]],

[ 53, 65, 0,[ 61, 33]],

