[ 44, 75, 0,[ 63, 67, 96]],

[ 1, 65, 0,[ 23, 47, 17, 0]],

[ 74, 15, 0,[ 70, 23, 46]],

[ 77, 15, 0,[ 78, 2, 21]],

[ 87, 25, 0,[ 2, 94, 28]],

[ 43, 75, 0,[ 18, 65, 9]],

[ 62, 45, 0,[ 89, 32, 23]],

[ 69, 15, 0,[ 49, 80, 30, 99]],

[ 53, 5, 0,[ 76, 7, 94]],

[ 97, 75, 0,[ 49, 51, 32, 11, 31]],

[ 34, 55, 0,[ 56, 99, 10]],

[ 41, 5, 0,[ 84, 71, 66]],

[ 61, 25, 0,[ 94, 73, 2]],

[ 17, 45, 0,[ 1, 89, 92]],

[ 13, 65, 0,[ 90, 60, 22]],

[ 39, 75, 0,[ 19, 81, 71, 37]],

[ 2, 25, 0,[ 87, 77, 61]],

[ 67, 75, 0,[ 3, 23, 44]],

[ 82, 55, 0,[ 80, 0, 64]],

[ 58, 65, 1,[ 33, 92, 54, 35, 28, 42, 88]],

[ 64, 5, 0,[ 82, 50, 48, 76]],

[ 22, 65, 0,[ 13, 16, 47]],

[ 4, 15, 0,[ 47, 66, 52]],

[ 6, 15, 0,[ 23, 18, 38]],

[ 45, 15, 0,[ 18, 84, 98]],

[ 7, 55, 0,[ 71, 80, 53]],

[ 93, 15, 0,[ 63, 76, 49]],

[ 98, 15, 0,[ 12, 28, 45, 15]],

[ 30, 15, 0,[ 69, 85, 42, 33]],

[ 28, 15, 0,[ 58, 87, 10, 98]],

[ 52, 15, 0,[ 4, 36, 5]],

[ 32, 75, 0,[ 97, 71, 62, 81, 3]],

[ 31, 55, 0,[ 84, 40, 97]],

[ 11, 75, 0,[ 65, 97, 25, 73]],

[ 27, 5, 0,[ 68, 94, 57, 83]],

[ 60, 65, 0,[ 75, 99, 13]],

[ 37, 75, 0,[ 55, 71, 39]],

[ 68, 15, 0,[ 27, 5, 24, 76]],

[ 16, 25, 0,[ 38, 22, 94]],

[ 89, 45, 0,[ 17, 62, 73, 49, 59]],

[ 73, 85, 1,[ 9, 11, 50, 89, 61, 55, 70, 12, 90]],

[ 19, 95, 0,[ 23, 39, 71]],

[ 51, 75, 0,[ 23, 94, 18, 97]],

[ 56, 55, 0,[ 71, 5, 34]],

[ 99, 95, 1,[ 69, 79, 86, 48, 60, 34]],

[ 38, 15, 0,[ 6, 36, 16, 26]],

[ 23, 75, 1,[ 85, 74, 51, 62, 6, 1, 72, 67, 90, 19, 79, 91, 46]],

[ 55, 75, 0,[ 88, 73, 37]],

[ 35, 15, 0,[ 86, 92, 58]],

[ 80, 55, 0,[ 7, 71, 69, 29, 82, 48]],

[ 91, 15, 0,[ 71, 5, 23]],

[ 59, 75, 0,[ 83, 46, 89]],

[ 84, 25, 1,[ 45, 33, 41, 9, 31, 40]],

[ 29, 55, 0,[ 0, 80, 47]],

[ 81, 75, 0,[ 20, 39, 32]],

[ 48, 5, 0,[ 80, 64, 99]],

[ 33, 15, 0,[ 58, 84, 8, 30]],

[ 5, 15, 0,[ 91, 71, 52, 68, 56]],

[ 79, 65, 0,[ 86, 23, 99]],

[ 0, 55, 0,[ 1, 94, 76, 29, 12, 82]],

[ 63, 75, 0,[ 14, 44, 93]],

[ 88, 75, 0,[ 58, 83, 55]],

[ 76, 75, 1,[ 53, 3, 93, 0, 68, 49, 64, 36]],

[ 75, 15, 0,[ 60, 40, 42]],

[ 42, 15, 0,[ 75, 58, 30]],

[ 71, 25, 1,[ 80, 56, 8, 14, 91, 32, 20, 41, 37, 5, 65, 39, 26, 40, 7, 19]],

[ 40, 55, 0,[ 84, 71, 75, 31]],

[ 70, 15, 0,[ 73, 74, 72]],

[ 96, 75, 0,[ 44, 83, 8, 47]],

[ 66, 15, 0,[ 41, 24, 4, 92]],

[ 9, 5, 0,[ 73, 43, 84]],

[ 24, 15, 0,[ 94, 66, 68]],

[ 18, 75, 0,[ 45, 6, 51, 43]],

[ 14, 75, 0,[ 63, 20, 71]],

[ 21, 45, 0,[ 94, 77, 86]],

[ 90, 65, 0,[ 73, 23, 13]],

[ 57, 5, 0,[ 27, 46, 95]],

[ 78, 15, 0,[ 77, 85, 26, 94, 47]],

[ 15, 15, 0,[ 36, 47, 98]],

[ 72, 65, 0,[ 94, 70, 23]],

[ 36, 15, 0,[ 76, 38, 52, 15]],

[ 46, 5, 0,[ 74, 59, 23, 57]],

[ 20, 75, 0,[ 71, 81, 14]],

[ 85, 15, 0,[ 23, 30, 78]],

[ 49, 35, 1,[ 76, 97, 25, 95, 69, 89, 93, 54]],

[ 3, 75, 0,[ 67, 76, 32]],

[ 92, 15, 0,[ 35, 66, 25, 58, 17]],

[ 95, 15, 0,[ 10, 57, 49]],

[ 10, 15, 0,[ 28, 34, 94, 95]],

[ 94, 85, 1,[ 21, 86, 61, 78, 51, 16, 27, 0, 24, 72, 87, 10, 53]],

[ 26, 15, 0,[ 78, 71, 38]],

[ 86, 15, 0,[ 94, 79, 99, 35, 21]],

[ 12, 15, 0,[ 73, 0, 98]],

[ 8, 75, 0,[ 33, 96, 71]],

[ 47, 85, 1,[ 1, 22, 15, 29, 78, 4, 96]],

[ 25, 15, 0,[ 49, 92, 11]],

[ 65, 75, 0,[ 43, 11, 71]],

[ 83, 75, 0,[ 59, 27, 88, 96]],

[ 54, 15, 0,[ 49, 58, 50]],

[ 50, 5, 0,[ 54, 64, 73]],

[ 35, 5, 0,[ 27, 1, 24]],

[ 9, 5, 0,[ 55, 18, 74]],

[ 5, 5, 0,[ 18, 73, 47, 16]],

[ 51, 75, 0,[ 59, 99, 50]],

[ 17, 5, 0,[ 52, 64, 6]],

[ 30, 5, 0,[ 40, 95, 89]],

[ 71, 25, 0,[ 97, 50, 43]],

[ 36, 5, 0,[ 8, 20, 2]],

[ 89, 55, 1,[ 97, 53, 77, 69, 64, 48, 30, 22]],

[ 64, 95, 0,[ 17, 89, 85]],

[ 1, 5, 0,[ 0, 35, 41]],

[ 29, 5, 0,[ 14, 8, 24]],

[ 37, 75, 0,[ 86, 83, 45]],

[ 20, 5, 0,[ 88, 74, 36]],

[ 46, 5, 0,[ 94, 93, 72]],

[ 23, 5, 0,[ 48, 87, 91]],

[ 75, 5, 0,[ 82, 68, 8]],

[ 16, 5, 0,[ 31, 6, 5]],

[ 82, 5, 0,[ 56, 75, 98, 63]],

[ 94, 5, 0,[ 46, 55, 13]],

[ 92, 5, 0,[ 72, 15, 59, 52, 7]],

[ 54, 95, 0,[ 50, 62, 99]],

[ 56, 5, 0,[ 53, 82, 40, 50]],

[ 12, 5, 0,[ 62, 13, 78]],

[ 91, 5, 0,[ 23, 39, 62]],

[ 78, 5, 0,[ 98, 12, 33, 79]],

[ 67, 45, 0,[ 8, 4, 98]],

[ 72, 5, 0,[ 81, 46, 92, 65]],

[ 26, 5, 0,[ 53, 87, 42]],

[ 13, 5, 0,[ 12, 55, 94]],

[ 28, 5, 0,[ 98, 87, 48, 22, 47, 61]],

[ 2, 5, 0,[ 31, 36, 96, 59]],

[ 33, 5, 0,[ 78, 66]],

[ 21, 65, 0,[ 19, 31, 34]],

[ 40, 5, 0,[ 30, 31, 56]],

[ 70, 5, 0,[ 98, 41, 4]],

[ 85, 95, 0,[ 87, 8, 64]],

[ 0, 5, 0,[ 1, 62, 31]],

[ 22, 5, 0,[ 55, 44, 89, 28]],

[ 3, 75, 0,[ 62, 83, 50]],

[ 74, 5, 0,[ 9, 20, 59]],

[ 83, 75, 0,[ 31, 37, 3]],

[ 42, 5, 0,[ 8, 26, 66]],

[ 55, 55, 1,[ 7, 45, 13, 94, 22, 97, 65, 79, 9, 69, 66]],

[ 19, 25, 0,[ 62, 21, 87]],

[ 39, 5, 0,[ 15, 8, 91]],

[ 27, 5, 0,[ 35, 59, 31]],

[ 93, 95, 0,[ 46, 87, 62]],

[ 18, 5, 0,[ 68, 9, 5]],

[ 24, 5, 0,[ 29, 35, 73]],

[ 60, 5, 0,[ 90, 38, 69]],

[ 14, 5, 0,[ 62, 29, 49, 76, 6]],

[ 65, 5, 0,[ 59, 55, 72]],

[ 15, 5, 0,[ 39, 25, 92]],

[ 31, 5, 1,[ 27, 90, 6, 21, 40, 16, 68, 0, 2, 83]],

[ 81, 5, 0,[ 72, 59, 73, 90]],

[ 44, 5, 0,[ 87, 22, 25]],

[ 87, 75, 1,[ 96, 28, 93, 26, 19, 38, 44, 85, 80, 23]],

[ 34, 5, 0,[ 21, 84, 32, 10, 59]],

[ 6, 5, 0,[ 17, 14, 50, 16, 31]],

[ 59, 15, 1,[ 65, 81, 74, 84, 2, 61, 92, 49, 86, 27, 34, 10, 76, 51]],

[ 32, 5, 0,[ 62, 34, 58]],

[ 38, 5, 0,[ 95, 84, 60, 87]],

[ 50, 95, 1,[ 3, 80, 54, 56, 41, 11, 6, 51, 71, 79, 25]],

[ 96, 5, 0,[ 98, 87, 2, 63]],

[ 41, 5, 0,[ 50, 62, 70, 1]],

[ 98, 35, 1,[ 68, 99, 78, 82, 67, 96, 77, 70, 28]],

[ 53, 5, 0,[ 56, 73, 80, 26, 89]],

[ 25, 5, 0,[ 44, 15, 50, 8]],

[ 8, 95, 1,[ 39, 57, 29, 36, 25, 67, 84, 75, 42, 61, 85]],

[ 47, 5, 0,[ 28, 86, 5]],

[ 10, 5, 0,[ 59, 63, 34]],

[ 88, 5, 0,[ 20, 11, 62, 57]],

[ 7, 5, 0,[ 55, 86, 92]],

[ 95, 5, 0,[ 38, 30, 4]],

[ 45, 75, 0,[ 37, 55, 62]],

[ 43, 5, 0,[ 57, 71, 48]],

[ 63, 5, 0,[ 96, 58, 82, 10]],

[ 57, 5, 0,[ 8, 43, 88]],

[ 73, 85, 1,[ 5, 49, 81, 24, 53]],

[ 52, 5, 0,[ 11, 92, 17]],

[ 97, 25, 0,[ 89, 55, 71]],

[ 69, 5, 0,[ 55, 89, 60]],

[ 11, 5, 0,[ 52, 50, 88]],

[ 84, 5, 0,[ 38, 34, 59, 8]],

[ 61, 5, 0,[ 8, 59, 28]],

[ 77, 25, 0,[ 58, 89, 98]],

[ 90, 5, 0,[ 81, 31, 60]],

[ 49, 5, 0,[ 59, 73, 14]],

[ 62, 65, 1,[ 14, 3, 88, 91, 19, 12, 54, 32, 0, 45, 41, 93]],

[ 99, 95, 0,[ 54, 51, 98]],

[ 48, 5, 0,[ 28, 89, 23, 43]],

[ 79, 5, 0,[ 55, 78, 50]],

[ 80, 95, 0,[ 87, 53, 50]],

[ 76, 5, 0,[ 14, 59]],

[ 66, 5, 0,[ 33, 42, 55]],

[ 86, 5, 0,[ 37, 59, 47, 7]],

[ 58, 5, 0,[ 77, 63, 32]],

[ 4, 5, 0,[ 70, 95, 67]],

[ 68, 5, 0,[ 98, 18, 31, 75]],

