[ 84, 45, 0,[ 88, 76, 71]],

[ 73, 45, 0,[ 49, 71, 59, 13]],

[ 98, 45, 0,[ 58, 29, 93, 82]],

[ 32, 45, 0,[ 42, 55, 27]],

[ 99, 65, 0,[ 61, 5, 39]],

[ 34, 45, 0,[ 37, 95, 57, 30]],

[ 14, 45, 0,[ 92, 39, 51]],

[ 35, 85, 0,[ 95, 23, 11]],

[ 43, 95, 0,[ 17, 91, 92, 96]],

[ 29, 45, 0,[ 75, 98, 80]],

[ 92, 85, 1,[ 14, 86, 11, 41, 76, 43, 89, 91, 62, 54, 2]],

[ 78, 45, 0,[ 44, 15, 31]],

[ 38, 5, 0,[ 47, 93, 21]],

[ 80, 45, 0,[ 29, 66, 82, 45]],

[ 63, 45, 0,[ 90, 49, 57]],

[ 60, 45, 0,[ 40, 95, 96]],

[ 17, 95, 0,[ 96, 43, 4]],

[ 62, 45, 0,[ 92, 47, 48, 51]],

[ 94, 95, 0,[ 91, 52, 39]],

[ 42, 65, 0,[ 32, 47, 61]],

[ 30, 45, 0,[ 89, 34, 18]],

[ 56, 45, 0,[ 88, 2, 77]],

[ 46, 45, 0,[ 27, 69, 10]],

[ 41, 15, 0,[ 79, 82, 92]],

[ 71, 35, 1,[ 57, 33, 40, 12, 21, 66, 31, 65, 73, 59, 84]],

[ 15, 75, 0,[ 16, 78, 6]],

[ 37, 45, 0,[ 34, 81, 57]],

[ 85, 45, 0,[ 53, 39, 65]],

[ 86, 45, 0,[ 75, 40, 12, 92]],

[ 20, 45, 0,[ 70, 48, 7, 75, 90]],

[ 25, 75, 0,[ 28, 47, 22]],

[ 39, 25, 1,[ 94, 81, 70, 14, 19, 99, 74, 33, 44, 53, 26, 85, 48, 57, 96]],

[ 2, 35, 0,[ 75, 56, 92, 8, 95]],

[ 93, 45, 1,[ 50, 28, 5, 24, 49, 98, 38, 6, 45]],

[ 5, 15, 0,[ 95, 97, 93, 99]],

[ 97, 15, 0,[ 8, 68, 5]],

[ 90, 45, 0,[ 79, 63, 20]],

[ 83, 75, 0,[ 16, 47, 11]],

[ 1, 45, 0,[ 77, 64, 47]],

[ 69, 45, 0,[ 46, 53, 76]],

[ 66, 85, 0,[ 24, 71, 80, 21, 6]],

[ 70, 45, 0,[ 39, 96, 20, 55]],

[ 74, 75, 0,[ 39, 23, 54, 87]],

[ 11, 85, 0,[ 35, 83, 64, 47, 92]],

[ 44, 45, 0,[ 39, 78, 82]],

[ 18, 45, 0,[ 0, 30, 64]],

[ 23, 85, 0,[ 75, 35, 74]],

[ 77, 45, 0,[ 12, 56, 1, 47]],

[ 8, 45, 1,[ 52, 88, 72, 10, 48, 2, 97]],

[ 64, 45, 0,[ 59, 75, 1, 11, 18]],

[ 7, 45, 0,[ 9, 76, 20]],

[ 89, 45, 0,[ 59, 65, 30, 92]],

[ 9, 45, 0,[ 7, 51, 19]],

[ 24, 85, 0,[ 66, 93, 50, 72]],

[ 88, 45, 0,[ 56, 84, 8]],

[ 51, 45, 0,[ 9, 79, 62, 14]],

[ 10, 45, 0,[ 95, 46, 68, 8, 31]],

[ 57, 45, 0,[ 37, 71, 39, 34, 63, 58]],

[ 4, 15, 0,[ 17, 82, 68]],

[ 55, 45, 0,[ 70, 32, 75]],

[ 45, 45, 0,[ 93, 0, 80]],

[ 40, 45, 0,[ 86, 60, 71]],

[ 16, 75, 0,[ 28, 15, 22, 54, 83]],

[ 72, 35, 0,[ 47, 8, 24]],

[ 87, 95, 0,[ 50, 74, 47]],

[ 49, 45, 0,[ 93, 63, 73]],

[ 68, 45, 0,[ 97, 95, 10, 4]],

[ 79, 45, 0,[ 26, 51, 90, 41, 75]],

[ 12, 45, 0,[ 71, 86, 77]],

[ 67, 15, 0,[ 82, 75, 81]],

[ 81, 45, 0,[ 37, 67, 39]],

[ 36, 45, 0,[ 13, 58, 76]],

[ 27, 45, 0,[ 58, 46, 32]],

[ 96, 55, 1,[ 70, 0, 17, 43, 60, 39]],

[ 48, 45, 0,[ 20, 22, 62, 39, 8]],

[ 19, 45, 0,[ 9, 39, 58, 75]],

[ 59, 45, 0,[ 73, 71, 89, 64]],

[ 61, 65, 0,[ 42, 75, 99]],

[ 26, 45, 0,[ 39, 47, 3, 79]],

[ 0, 45, 0,[ 45, 18, 96, 95]],

[ 21, 5, 0,[ 71, 66, 38]],

[ 47, 55, 1,[ 11, 26, 72, 83, 62, 38, 77, 87, 25, 42, 1]],

[ 75, 95, 1,[ 86, 2, 67, 61, 29, 19, 64, 79, 23, 55, 20]],

[ 50, 35, 0,[ 87, 93, 24]],

[ 52, 15, 0,[ 8, 6, 95, 94]],

[ 58, 45, 0,[ 19, 36, 98, 27, 57]],

[ 13, 45, 0,[ 82, 73, 36]],

[ 6, 85, 0,[ 15, 52, 93, 66]],

[ 33, 45, 0,[ 95, 39, 71]],

[ 91, 95, 0,[ 94, 43, 92]],

[ 28, 75, 0,[ 3, 25, 16, 93]],

[ 22, 75, 0,[ 48, 16, 25]],

[ 3, 75, 0,[ 28, 82, 26]],

[ 31, 45, 0,[ 10, 78, 71]],

[ 65, 45, 0,[ 71, 85, 89, 95]],

[ 82, 45, 1,[ 41, 44, 3, 13, 4, 80, 67, 98]],

[ 95, 5, 1,[ 10, 60, 34, 0, 65, 68, 5, 52, 33, 35, 76, 2]],

[ 76, 45, 0,[ 69, 7, 92, 36, 84, 95]],

[ 54, 75, 0,[ 74, 92, 16]],

[ 53, 45, 0,[ 69, 39, 85]],

[ 62, 35, 1,[ 70, 10, 66, 16, 88, 85, 31, 12, 6]],

[ 30, 15, 0,[ 23, 98, 80]],

[ 86, 45, 0,[ 70, 40, 19]],

[ 64, 15, 0,[ 16, 35, 78]],

[ 80, 15, 0,[ 30, 15, 24, 34, 51]],

[ 35, 15, 0,[ 14, 64, 3, 79, 18]],

[ 20, 15, 0,[ 1, 70, 84]],

[ 44, 55, 0,[ 63, 51, 17]],

[ 60, 65, 0,[ 39, 65, 24]],

[ 29, 15, 0,[ 82, 69]],

[ 88, 15, 0,[ 73, 52, 0, 62]],

[ 41, 55, 0,[ 8, 58, 50]],

[ 15, 15, 0,[ 80, 89, 24]],

[ 93, 15, 0,[ 84, 6, 25, 51, 50]],

[ 55, 15, 0,[ 18, 46, 50]],

[ 94, 35, 1,[ 67, 73, 68, 16, 84, 49, 27, 46, 11, 0, 90, 53]],

[ 32, 15, 0,[ 66, 89, 78, 40]],

[ 13, 15, 0,[ 38, 76, 96]],

[ 23, 15, 0,[ 40, 42, 31, 79, 30]],

[ 73, 15, 0,[ 88, 94, 50]],

[ 1, 15, 0,[ 58, 20, 57]],

[ 82, 15, 0,[ 61, 29, 59, 45]],

[ 56, 15, 0,[ 33, 24, 81]],

[ 22, 15, 0,[ 81, 98, 74]],

[ 98, 35, 1,[ 53, 30, 52, 22, 90, 54, 43, 47, 11, 10]],

[ 67, 45, 0,[ 51, 50, 94]],

[ 42, 15, 0,[ 45, 50, 23, 24]],

[ 38, 15, 0,[ 13, 75, 10, 66]],

[ 33, 15, 0,[ 87, 56, 74, 63]],

[ 57, 15, 0,[ 14, 21, 26, 61, 1, 25]],

[ 17, 55, 0,[ 97, 61, 44]],

[ 84, 15, 0,[ 20, 94, 93, 37]],

[ 27, 55, 0,[ 8, 63, 94]],

[ 97, 55, 0,[ 72, 99, 79, 17]],

[ 61, 35, 1,[ 8, 49, 39, 87, 2, 85, 17, 48, 57, 21, 82, 47, 68, 77]],

[ 68, 45, 0,[ 9, 43, 94, 31, 61]],

[ 25, 15, 0,[ 93, 57, 7]],

[ 26, 15, 0,[ 57, 24, 69]],

[ 66, 15, 0,[ 38, 32, 62]],

[ 10, 15, 0,[ 96, 98, 62, 38, 95]],

[ 83, 15, 0,[ 40, 19, 87]],

[ 79, 35, 1,[ 35, 97, 9, 5, 95, 14, 47, 39, 23]],

[ 69, 15, 0,[ 36, 26, 24, 29, 37]],

[ 75, 15, 0,[ 65, 38, 51]],

[ 24, 65, 1,[ 71, 60, 59, 56, 5, 15, 69, 18, 26, 19, 42, 99, 80, 77]],

[ 99, 55, 0,[ 97, 58, 24]],

[ 0, 15, 0,[ 88, 12, 94]],

[ 45, 15, 0,[ 82, 42, 28]],

[ 40, 75, 1,[ 4, 2, 23, 32, 86, 83]],

[ 92, 45, 0,[ 50, 4, 51]],

[ 49, 45, 0,[ 94, 61, 3]],

[ 46, 65, 0,[ 65, 53, 55, 94]],

[ 21, 15, 0,[ 4, 57, 61]],

[ 14, 15, 0,[ 79, 35, 57]],

[ 78, 15, 0,[ 32, 51, 64]],

[ 65, 65, 0,[ 46, 90, 60, 75]],

[ 34, 15, 0,[ 71, 7, 80]],

[ 51, 25, 1,[ 67, 44, 28, 36, 92, 80, 48, 78, 75, 93]],

[ 11, 5, 0,[ 98, 37, 94]],

[ 87, 15, 0,[ 61, 33, 83, 12]],

[ 48, 25, 0,[ 91, 51, 61]],

[ 47, 35, 0,[ 98, 61, 79]],

[ 91, 15, 0,[ 54, 2, 48]],

[ 16, 15, 0,[ 64, 62, 94]],

[ 39, 65, 0,[ 60, 61, 79]],

[ 58, 55, 0,[ 41, 99, 1, 63]],

[ 59, 15, 0,[ 74, 50, 71, 82, 24]],

[ 95, 15, 0,[ 81, 10, 79, 85]],

[ 81, 15, 0,[ 95, 56, 7, 22]],

[ 54, 15, 0,[ 37, 98, 91]],

[ 5, 45, 0,[ 79, 24, 43, 70]],

[ 63, 65, 1,[ 76, 44, 27, 58, 33, 89]],

[ 31, 15, 0,[ 23, 68, 36, 62]],

[ 85, 75, 0,[ 9, 62, 95, 61]],

[ 90, 5, 0,[ 98, 65, 94]],

[ 2, 95, 0,[ 91, 40, 61]],

[ 72, 15, 0,[ 97, 4, 96]],

[ 3, 75, 0,[ 50, 28, 35, 49]],

[ 71, 15, 0,[ 34, 24, 59]],

[ 18, 15, 0,[ 24, 96, 35, 55]],

[ 4, 15, 0,[ 92, 72, 21, 7, 40]],

[ 96, 15, 0,[ 18, 13, 10, 72]],

[ 52, 15, 0,[ 88, 76, 98]],

[ 89, 15, 0,[ 63, 32, 15]],

[ 76, 15, 0,[ 63, 52, 13, 50]],

[ 36, 15, 0,[ 31, 51, 69]],

[ 8, 55, 0,[ 61, 27, 41]],

[ 28, 15, 0,[ 45, 51, 3]],

[ 53, 45, 0,[ 98, 94, 46]],

[ 9, 75, 0,[ 85, 68, 79]],

[ 43, 45, 0,[ 5, 68, 98]],

[ 12, 15, 0,[ 62, 87, 0]],

[ 74, 15, 0,[ 22, 59, 33]],

[ 37, 15, 0,[ 69, 54, 11, 84]],

[ 70, 45, 0,[ 5, 62, 86, 20]],

[ 7, 15, 0,[ 34, 4, 81, 25]],

[ 50, 65, 1,[ 67, 55, 3, 76, 73, 42, 92, 59, 93, 41]],

[ 77, 95, 0,[ 6, 24, 61]],

[ 19, 15, 0,[ 83, 86, 24]],

[ 6, 95, 0,[ 93, 62, 77]],

