[ 33, 85, 0,[ 9, 46, 80, 61]],

[ 76, 85, 0,[ 24, 53, 7]],

[ 94, 85, 0,[ 46, 21, 24]],

[ 55, 85, 0,[ 13, 28, 72]],

[ 81, 85, 0,[ 59, 24, 20]],

[ 99, 85, 0,[ 25, 12]],

[ 58, 85, 0,[ 17, 3, 53]],

[ 19, 85, 0,[ 37, 4, 20]],

[ 77, 85, 0,[ 22, 10, 43]],

[ 12, 85, 1,[ 26, 2, 93, 24, 99]],

[ 61, 25, 1,[ 78, 56, 33, 37, 85]],

[ 13, 85, 1,[ 55, 96, 45, 70, 69, 14]],

[ 89, 85, 0,[ 57, 11, 30]],

[ 28, 75, 1,[ 87, 55, 25, 69, 22, 47]],

[ 44, 85, 0,[ 43, 93, 29]],

[ 24, 55, 1,[ 56, 8, 12, 76, 88, 62, 81, 94]],

[ 54, 85, 1,[ 78, 86, 8, 26, 23, 51, 10]],

[ 41, 85, 0,[ 0, 52, 97, 32]],

[ 34, 55, 1,[ 70, 51, 91]],

[ 65, 85, 0,[ 6, 39, 20]],

[ 10, 85, 1,[ 73, 54, 77, 37]],

[ 93, 85, 0,[ 44, 12, 3]],

[ 35, 85, 1,[ 63, 86, 31]],

[ 8, 85, 0,[ 54, 24, 52]],

[ 75, 85, 0,[ 30, 14, 11]],

[ 78, 15, 1,[ 54, 72, 61]],

[ 66, 85, 0,[ 67]],

[ 79, 85, 0,[ 57, 7, 42]],

[ 85, 85, 0,[ 48, 29, 61]],

[ 25, 75, 1,[ 28, 99, 16]],

[ 57, 85, 1,[ 89, 38, 62, 79]],

[ 37, 85, 1,[ 17, 19, 95, 74, 10, 61]],

[ 63, 85, 0,[ 42, 2, 35]],

[ 9, 85, 1,[ 97, 33, 39]],

[ 43, 85, 1,[ 44, 77, 1, 47, 15, 73]],

[ 27, 45, 1,[ 90, 45, 82, 40, 51]],

[ 67, 35, 1,[ 66, 21, 36]],

[ 47, 85, 0,[ 43, 59, 28, 6]],

[ 84, 85, 0,[ 18, 29]],

[ 87, 85, 0,[ 28, 38, 16]],

[ 95, 85, 0,[ 0, 37, 15]],

[ 20, 85, 1,[ 80, 19, 65, 64, 81]],

[ 3, 85, 1,[ 4, 58, 93, 7]],

[ 74, 85, 0,[ 7, 37, 52]],

[ 80, 85, 0,[ 20, 33, 15]],

[ 39, 85, 1,[ 18, 53, 9, 65]],

[ 6, 85, 1,[ 68, 47, 65]],

[ 49, 85, 0,[ 30, 1, 53]],

[ 69, 85, 0,[ 13, 17, 28]],

[ 64, 85, 0,[ 42, 20, 48]],

[ 91, 85, 0,[ 18, 34, 0]],

[ 15, 85, 1,[ 32, 95, 43, 50, 80]],

[ 70, 85, 0,[ 5, 13, 34]],

[ 46, 85, 1,[ 68, 94, 22, 29, 33]],

[ 40, 85, 0,[ 22, 27, 53]],

[ 29, 85, 1,[ 84, 46, 44, 71, 85]],

[ 51, 85, 0,[ 54, 34, 27]],

[ 96, 85, 0,[ 53, 16, 13]],

[ 23, 85, 0,[ 72, 1, 54]],

[ 38, 85, 1,[ 87, 30, 57, 14, 32]],

[ 68, 65, 1,[ 46, 83, 6, 18]],

[ 21, 85, 1,[ 82, 7, 94, 60, 67]],

[ 83, 85, 0,[ 68, 22, 92]],

[ 4, 65, 1,[ 22, 19, 3]],

[ 90, 85, 0,[ 27, 92, 1]],

[ 72, 15, 1,[ 23, 55, 78]],

[ 17, 85, 1,[ 71, 69, 58, 37]],

[ 60, 85, 0,[ 21, 88, 5]],

[ 0, 85, 1,[ 41, 16, 95, 11, 91]],

[ 31, 85, 0,[ 1, 92, 35]],

[ 45, 85, 0,[ 27, 2, 13]],

[ 42, 55, 1,[ 64, 59, 79, 63]],

[ 88, 95, 1,[ 73, 24, 60]],

[ 52, 55, 1,[ 41, 8, 74, 11]],

[ 73, 85, 0,[ 43, 88, 10]],

[ 11, 85, 1,[ 75, 0, 89, 52]],

[ 82, 85, 0,[ 21, 36, 27]],

[ 53, 35, 1,[ 76, 49, 39, 40, 96, 58]],

[ 98, 85, 0,[ 48, 18, 97]],

[ 62, 85, 0,[ 24, 57]],

[ 71, 85, 0,[ 29, 17]],

[ 5, 85, 1,[ 1, 60, 70, 36]],

[ 2, 85, 1,[ 45, 12, 50, 63, 86]],

[ 30, 85, 1,[ 38, 50, 49, 89, 75]],

[ 50, 85, 0,[ 30, 2, 15, 48]],

[ 92, 75, 1,[ 31, 83, 90, 1]],

[ 16, 55, 1,[ 96, 0, 87, 25]],

[ 18, 95, 1,[ 91, 39, 84, 68, 98]],

[ 59, 85, 0,[ 81, 47, 42]],

[ 56, 85, 0,[ 61, 97, 24]],

[ 1, 25, 1,[ 49, 31, 43, 92, 23, 5, 90]],

[ 48, 45, 1,[ 64, 85, 50, 98]],

[ 14, 45, 1,[ 38, 13, 75]],

[ 36, 65, 1,[ 26, 5, 67, 82]],

[ 26, 85, 0,[ 36, 12, 54]],

[ 7, 45, 1,[ 76, 3, 79, 21, 74]],

[ 86, 85, 0,[ 35, 54, 2]],

[ 22, 55, 1,[ 83, 4, 46, 28, 40, 77]],

[ 32, 85, 1,[ 15, 41, 38]],

[ 97, 85, 1,[ 56, 9, 41, 98]],

[ 30, 85, 1,[ 55, 83, 50, 59]],

[ 73, 85, 0,[ 48, 19, 37]],

[ 80, 85, 0,[ 35, 22, 52]],

[ 76, 85, 0,[ 52, 35, 93]],

[ 19, 85, 1,[ 73, 72, 53]],

[ 62, 85, 0,[ 32, 40, 67]],

[ 1, 65, 1,[ 39, 31, 70]],

[ 84, 85, 0,[ 6, 48, 35]],

[ 45, 85, 0,[ 37, 38, 2, 28]],

[ 41, 85, 0,[ 42, 24, 17]],

[ 33, 85, 1,[ 88, 51, 94]],

[ 38, 75, 1,[ 52, 99, 12, 45, 29, 42, 95]],

[ 81, 85, 0,[ 22, 0, 36]],

[ 57, 85, 1,[ 14, 10, 60]],

[ 11, 85, 1,[ 2, 93, 69, 75, 91, 86, 87]],

[ 18, 85, 1,[ 82, 65, 79, 39, 14]],

[ 23, 85, 0,[ 22, 25, 14]],

[ 36, 35, 1,[ 71, 81, 49, 14, 98]],

[ 0, 85, 1,[ 81, 77, 92, 24]],

[ 65, 85, 0,[ 52, 53, 18]],

[ 96, 85, 0,[ 16, 3, 14]],

[ 4, 25, 1,[ 91, 70]],

[ 28, 85, 1,[ 40, 82, 71, 45]],

[ 67, 85, 0,[ 9, 6, 62]],

[ 52, 85, 1,[ 76, 65, 77, 38, 95, 80]],

[ 98, 85, 0,[ 72, 36, 46]],

[ 47, 85, 0,[ 43, 34]],

[ 27, 15, 1,[ 68, 8, 44]],

[ 13, 55, 1,[ 16, 7, 5, 31]],

[ 9, 85, 1,[ 61, 67, 7]],

[ 3, 85, 1,[ 50, 17, 85, 96]],

[ 72, 25, 1,[ 66, 82, 53, 98, 19]],

[ 35, 55, 1,[ 58, 84, 97, 76, 80]],

[ 37, 85, 1,[ 66, 15, 45, 51, 73]],

[ 53, 35, 1,[ 63, 19, 20, 72, 65]],

[ 97, 85, 0,[ 8, 35]],

[ 79, 85, 0,[ 18, 5, 14]],

[ 69, 85, 0,[ 15, 11, 22]],

[ 39, 85, 0,[ 18, 54, 1]],

[ 40, 85, 1,[ 28, 83, 82, 62]],

[ 6, 85, 1,[ 84, 2, 8, 67, 49]],

[ 12, 45, 1,[ 99, 25, 38]],

[ 95, 85, 0,[ 38, 21, 52]],

[ 58, 85, 1,[ 35, 10, 54]],

[ 5, 85, 1,[ 21, 13, 79, 78]],

[ 94, 85, 0,[ 33, 54, 7]],

[ 63, 85, 1,[ 53, 64, 15]],

[ 42, 85, 1,[ 38, 93, 60, 41]],

[ 50, 85, 0,[ 29, 30, 3]],

[ 32, 85, 1,[ 55, 62, 48]],

[ 91, 85, 0,[ 21, 11, 4]],

[ 31, 85, 0,[ 89, 1, 13]],

[ 2, 85, 1,[ 6, 45, 11]],

[ 56, 85, 0,[ 83, 48, 34]],

[ 26, 85, 0,[ 82, 34]],

[ 59, 85, 1,[ 30, 64, 16]],

[ 99, 85, 0,[ 38, 90, 12]],

[ 49, 85, 1,[ 36, 6, 74]],

[ 66, 85, 0,[ 90, 37, 72]],

[ 46, 85, 1,[ 98, 29, 75]],

[ 64, 85, 0,[ 59, 63]],

[ 43, 85, 1,[ 47, 61, 44, 90, 70]],

[ 83, 85, 0,[ 30, 40, 56]],

[ 24, 85, 0,[ 0, 41]],

[ 88, 5, 1,[ 61, 33, 60]],

[ 25, 85, 1,[ 34, 12, 23, 10]],

[ 8, 85, 0,[ 27, 6, 97]],

[ 92, 85, 0,[ 20, 0, 16]],

[ 44, 85, 0,[ 7, 27, 43]],

[ 86, 85, 0,[ 21, 11, 90]],

[ 54, 95, 1,[ 58, 68, 51, 39, 94]],

[ 60, 85, 0,[ 57, 88, 42]],

[ 14, 85, 1,[ 23, 36, 57, 96, 18, 79]],

[ 29, 45, 1,[ 50, 78, 38, 46]],

[ 85, 85, 0,[ 3, 16, 21]],

[ 22, 85, 1,[ 78, 81, 69, 80, 23]],

[ 68, 85, 0,[ 54, 20, 27]],

[ 34, 85, 1,[ 26, 25, 47, 56]],

[ 90, 85, 1,[ 70, 43, 66, 86, 99]],

[ 61, 85, 0,[ 43, 88, 9]],

[ 87, 85, 0,[ 89, 16, 11]],

[ 15, 85, 0,[ 69, 63, 37]],

[ 16, 85, 1,[ 13, 87, 59, 96, 92, 85, 74]],

[ 77, 85, 0,[ 52, 0, 89]],

[ 82, 85, 0,[ 28, 40, 26, 18, 72]],

[ 48, 45, 1,[ 32, 56, 73, 84]],

[ 74, 85, 0,[ 16, 49]],

[ 7, 85, 1,[ 9, 94, 44, 13]],

[ 20, 85, 1,[ 92, 89, 53, 68]],

[ 93, 85, 0,[ 76, 42, 11]],

[ 17, 35, 1,[ 41, 3, 55]],

[ 71, 85, 0,[ 36, 28]],

[ 55, 85, 0,[ 17, 30, 32]],

[ 89, 95, 1,[ 87, 31, 20, 77]],

[ 78, 85, 0,[ 29, 22, 5]],

[ 10, 75, 1,[ 25, 57, 58]],

[ 75, 85, 0,[ 11, 46]],

[ 51, 85, 0,[ 54, 37, 33]],

[ 70, 85, 0,[ 4, 43, 90, 1]],

[ 21, 85, 1,[ 5, 95, 85, 91, 86]],

