[ 76, 65, 0,[ 82, 90, 78]],

[ 71, 65, 1,[ 88, 22, 26]],

[ 64, 35, 1,[ 53, 12, 77]],

[ 14, 65, 0,[ 15]],

[ 65, 65, 1,[ 21, 89, 88, 74, 94, 38]],

[ 63, 65, 1,[ 10, 69, 96]],

[ 31, 5, 1,[ 20, 67, 27, 94]],

[ 67, 25, 1,[ 24, 39, 31, 13, 99]],

[ 74, 85, 1,[ 98, 58, 37, 65]],

[ 8, 65, 1,[ 89, 79, 24]],

[ 52, 65, 0,[ 50, 44]],

[ 40, 5, 1,[ 35, 48, 94, 90, 30]],

[ 51, 65, 1,[ 30, 11, 79, 36, 16, 13]],

[ 61, 65, 1,[ 5, 36, 90, 45]],

[ 97, 65, 1,[ 12, 79, 81, 49]],

[ 93, 95, 1,[ 60, 86, 25]],

[ 59, 65, 1,[ 1, 13, 28, 20]],

[ 81, 65, 0,[ 97, 98, 66]],

[ 54, 65, 0,[ 78, 73, 68]],

[ 94, 65, 0,[ 65, 40, 31, 92]],

[ 26, 65, 0,[ 71, 84, 68]],

[ 0, 65, 0,[ 45, 55, 70]],

[ 7, 65, 0,[ 82, 70, 80]],

[ 73, 95, 1,[ 54, 2, 4, 99, 45]],

[ 57, 65, 0,[ 77, 55, 24]],

[ 6, 65, 0,[ 90, 83, 47]],

[ 80, 65, 1,[ 27, 42, 48, 18, 7]],

[ 19, 65, 0,[ 16, 82, 84]],

[ 79, 65, 0,[ 51, 8, 97]],

[ 62, 55, 1,[ 95, 21, 75]],

[ 21, 65, 0,[ 65, 78, 62]],

[ 23, 95, 1,[ 43, 96, 89, 9, 11, 1, 32]],

[ 24, 25, 1,[ 57, 8, 67]],

[ 28, 65, 0,[ 33, 59, 58]],

[ 49, 65, 0,[ 56, 97]],

[ 36, 65, 0,[ 51, 85, 61]],

[ 95, 85, 1,[ 62, 72, 68]],

[ 29, 65, 0,[ 45, 87, 47]],

[ 5, 65, 0,[ 44, 61, 17]],

[ 32, 65, 0,[ 23, 50, 86]],

[ 27, 65, 0,[ 31, 80]],

[ 18, 65, 0,[ 80, 47, 92]],

[ 33, 65, 1,[ 11, 28, 56]],

[ 46, 65, 0,[ 92, 75, 56]],

[ 45, 95, 1,[ 17, 61, 29, 0, 73]],

[ 66, 65, 1,[ 81, 34, 37]],

[ 12, 65, 0,[ 47, 97, 64]],

[ 16, 65, 0,[ 86, 19, 51, 50]],

[ 39, 55, 1,[ 67, 88, 92]],

[ 53, 65, 0,[ 98, 70, 64]],

[ 72, 65, 0,[ 95, 55, 91]],

[ 10, 65, 0,[ 90, 63, 44]],

[ 69, 65, 1,[ 63, 70, 22]],

[ 25, 65, 0,[ 75, 93, 15]],

[ 2, 65, 0,[ 73, 85, 41]],

[ 1, 65, 0,[ 59, 44, 23]],

[ 20, 65, 0,[ 31, 78, 59]],

[ 35, 65, 0,[ 15, 40, 87]],

[ 41, 55, 1,[ 43, 9, 83, 4, 38, 2]],

[ 90, 95, 1,[ 6, 40, 10, 76, 61]],

[ 42, 65, 0,[ 80, 50]],

[ 77, 65, 1,[ 60, 57, 83, 64, 9]],

[ 75, 65, 1,[ 62, 25, 46, 47, 87]],

[ 91, 95, 1,[ 15, 86, 56, 72]],

[ 60, 65, 0,[ 44, 93, 77]],

[ 83, 85, 1,[ 77, 41, 6]],

[ 84, 65, 1,[ 87, 19, 26, 37, 43]],

[ 70, 75, 1,[ 53, 7, 69, 0]],

[ 56, 65, 1,[ 33, 17, 46, 49, 91]],

[ 44, 65, 1,[ 52, 60, 5, 10, 1]],

[ 4, 65, 0,[ 41, 47, 73]],

[ 15, 35, 1,[ 35, 14, 85, 25, 91]],

[ 38, 65, 0,[ 65, 82, 41]],

[ 88, 65, 0,[ 39, 65, 71]],

[ 96, 5, 1,[ 63, 23, 30, 22]],

[ 34, 65, 0,[ 66]],

[ 43, 65, 0,[ 41, 84, 23]],

[ 11, 65, 0,[ 33, 51, 23]],

[ 99, 25, 1,[ 3, 67, 73]],

[ 3, 65, 0,[ 99, 82]],

[ 87, 95, 1,[ 75, 84, 29, 35]],

[ 85, 75, 1,[ 15, 2, 36]],

[ 48, 65, 0,[ 80, 40, 82]],

[ 47, 65, 1,[ 4, 29, 6, 75, 12, 18]],

[ 58, 45, 1,[ 17, 74, 28]],

[ 17, 65, 0,[ 58, 45, 5, 56]],

[ 30, 65, 0,[ 96, 40, 51]],

[ 98, 65, 1,[ 74, 81, 53]],

[ 22, 65, 0,[ 96, 69, 71]],

[ 13, 65, 0,[ 67, 59, 51]],

[ 86, 95, 1,[ 16, 91, 93, 32]],

[ 37, 65, 0,[ 74, 84, 66]],

[ 68, 95, 1,[ 95, 26, 54]],

[ 55, 65, 1,[ 57, 0, 72]],

[ 89, 65, 0,[ 65, 8, 23]],

[ 82, 65, 1,[ 48, 7, 3, 76, 38, 19]],

[ 78, 65, 1,[ 21, 76, 20, 54]],

[ 50, 65, 1,[ 52, 16, 32, 42]],

[ 92, 65, 1,[ 18, 94, 39, 46]],

[ 9, 65, 0,[ 23, 77, 41]],

[ 96, 25, 1,[ 59, 1, 37, 63, 12]],

[ 15, 55, 1,[ 71, 59, 48, 46, 93, 98, 29]],

[ 89, 55, 1,[ 43, 13, 74, 18, 46]],

[ 84, 15, 1,[ 30, 61, 64, 57, 76]],

[ 46, 55, 0,[ 89, 12, 15]],

[ 65, 55, 1,[ 9, 14, 16, 87]],

[ 73, 25, 1,[ 29, 67, 2]],

[ 28, 55, 0,[ 58, 87, 78]],

[ 1, 55, 0,[ 96, 66, 25]],

[ 43, 55, 0,[ 89, 87]],

[ 63, 55, 1,[ 14, 95, 96]],

[ 20, 55, 0,[ 87, 60, 10]],

[ 50, 55, 0,[ 51, 55, 90]],

[ 6, 55, 0,[ 62, 11, 92]],

[ 37, 55, 0,[ 95, 96, 56]],

[ 47, 55, 1,[ 76, 57, 22, 51]],

[ 68, 55, 1,[ 10, 30, 34, 27, 29]],

[ 8, 55, 0,[ 26, 94, 87, 64]],

[ 32, 55, 0,[ 61, 51, 92]],

[ 88, 55, 0,[ 44, 82, 79]],

[ 55, 55, 1,[ 66, 50, 45]],

[ 17, 55, 0,[ 42, 94, 78]],

[ 80, 55, 1,[ 9, 22, 82, 44]],

[ 22, 55, 0,[ 75, 47, 80]],

[ 12, 55, 0,[ 46, 33, 96]],

[ 70, 55, 1,[ 49, 34, 26, 19, 18, 7, 99]],

[ 5, 55, 0,[ 90, 24]],

[ 64, 75, 1,[ 72, 69, 2, 8, 54, 27, 84]],

[ 72, 55, 0,[ 61, 64, 87]],

[ 39, 25, 1,[ 58, 99]],

[ 78, 55, 1,[ 28, 17, 87, 14, 41, 62, 7, 45]],

[ 26, 85, 1,[ 23, 8, 70]],

[ 41, 55, 0,[ 78, 91, 7]],

[ 76, 55, 0,[ 84, 47, 97]],

[ 45, 55, 0,[ 55, 60, 78, 19]],

[ 35, 55, 0,[ 60, 91, 62]],

[ 11, 55, 0,[ 86, 56, 6]],

[ 40, 55, 1,[ 57, 0, 3]],

[ 49, 55, 1,[ 70, 24, 21, 52]],

[ 7, 55, 0,[ 41, 78, 70]],

[ 14, 55, 0,[ 65, 63, 78]],

[ 61, 55, 1,[ 84, 72, 32, 99]],

[ 52, 55, 0,[ 49, 33, 95]],

[ 48, 55, 0,[ 15, 69]],

[ 36, 55, 0,[ 82, 81, 92]],

[ 74, 55, 0,[ 83, 90, 89]],

[ 81, 95, 1,[ 36, 16, 23]],

[ 58, 25, 1,[ 39, 42, 28, 85]],

[ 71, 55, 0,[ 15, 62]],

[ 0, 55, 0,[ 40, 67, 97]],

[ 62, 85, 1,[ 6, 75, 78, 35, 42, 3, 60, 71]],

[ 21, 55, 0,[ 79, 49, 75]],

[ 51, 55, 1,[ 47, 50, 32, 24]],

[ 82, 75, 1,[ 88, 77, 80, 36, 4]],

[ 3, 55, 0,[ 40, 97, 62]],

[ 57, 55, 0,[ 84, 47, 40]],

[ 93, 55, 0,[ 15, 69, 2, 31]],

[ 94, 55, 1,[ 86, 17, 8]],

[ 34, 55, 0,[ 87, 70, 68]],

[ 19, 25, 1,[ 44, 45, 70]],

[ 4, 55, 0,[ 82]],

[ 18, 55, 0,[ 89, 70, 23]],

[ 92, 55, 1,[ 36, 6, 32]],

[ 79, 55, 1,[ 88, 67, 85, 21, 25]],

[ 23, 35, 1,[ 95, 81, 26, 18]],

[ 99, 55, 0,[ 70, 61, 39]],

[ 9, 55, 0,[ 87, 65, 80]],

[ 83, 55, 1,[ 77, 74, 66]],

[ 25, 55, 0,[ 1, 79, 60]],

[ 44, 55, 1,[ 31, 54, 80, 88, 19]],

[ 16, 55, 0,[ 65, 81, 24]],

[ 98, 95, 1,[ 91, 15, 69, 31]],

[ 91, 55, 1,[ 59, 41, 98, 35, 27]],

[ 27, 55, 0,[ 91, 64, 68]],

[ 13, 55, 0,[ 89, 59, 75]],

[ 67, 25, 1,[ 73, 0, 79]],

[ 56, 45, 1,[ 11, 37, 97]],

[ 29, 55, 0,[ 15, 73, 68]],

[ 97, 65, 1,[ 76, 3, 0, 10, 56]],

[ 10, 55, 0,[ 20, 97, 68]],

[ 85, 35, 1,[ 58, 53, 79]],

[ 2, 55, 0,[ 73, 93, 64]],

[ 77, 55, 0,[ 83, 87, 82]],

[ 90, 55, 1,[ 74, 50, 5, 95]],

[ 42, 55, 1,[ 62, 17, 58]],

[ 33, 55, 1,[ 52, 53, 12]],

[ 75, 55, 1,[ 13, 21, 22, 62]],

[ 86, 55, 1,[ 11, 94, 54, 38]],

[ 66, 65, 1,[ 55, 83, 24, 1]],

[ 30, 55, 0,[ 95, 84, 68]],

[ 53, 55, 0,[ 33, 95, 85]],

[ 31, 35, 1,[ 93, 44, 98]],

[ 95, 55, 1,[ 37, 23, 90, 30, 63, 52, 53]],

[ 69, 55, 1,[ 64, 98, 93, 48]],

[ 24, 55, 1,[ 5, 16, 51, 66, 38, 49]],

[ 87, 55, 1,[ 20, 34, 78, 72, 9, 77, 8, 43, 65, 28, 38]],

[ 38, 55, 0,[ 24, 87, 86]],

[ 59, 55, 1,[ 13, 91, 96, 15]],

[ 54, 55, 0,[ 86, 64, 44]],

[ 60, 55, 1,[ 35, 20, 62, 45, 25]],

