[ 6, 45, 0,[ 23]],

[ 9, 65, 0,[ 2, 95, 61]],

[ 46, 45, 0,[ 98, 42, 51, 38]],

[ 71, 55, 1,[ 49, 83, 5, 98, 32]],

[ 50, 65, 0,[ 31]],

[ 35, 45, 0,[ 30, 89, 33]],

[ 96, 65, 0,[ 92, 95]],

[ 24, 45, 0,[ 8, 62]],

[ 53, 45, 0,[ 27, 36, 48]],

[ 95, 65, 1,[ 26, 39, 96, 61, 9, 0, 89]],

[ 22, 75, 0,[ 40, 54]],

[ 42, 45, 0,[ 46, 77, 65]],

[ 43, 45, 0,[ 73, 91]],

[ 98, 45, 0,[ 46, 85, 71]],

[ 47, 45, 0,[ 41]],

[ 97, 95, 0,[ 44, 66, 89]],

[ 83, 95, 0,[ 94, 44, 71]],

[ 37, 45, 0,[ 69, 70, 13]],

[ 73, 95, 0,[ 76, 18, 43]],

[ 91, 45, 0,[ 33, 74, 43]],

[ 15, 55, 0,[ 7]],

[ 21, 45, 0,[]],

[ 84, 55, 0,[]],

[ 29, 45, 0,[ 20, 99]],

[ 5, 55, 0,[ 71, 41, 90]],

[ 77, 45, 0,[ 65, 68, 42, 70]],

[ 13, 45, 0,[ 37, 39]],

[ 99, 45, 0,[ 23, 29, 72]],

[ 87, 85, 0,[ 79]],

[ 88, 45, 0,[ 76]],

[ 14, 45, 0,[ 92]],

[ 94, 45, 0,[ 83, 33, 86, 8]],

[ 70, 45, 0,[ 37, 92, 77]],

[ 81, 95, 0,[]],

[ 33, 45, 0,[ 94, 35, 91]],

[ 31, 65, 0,[ 50]],

[ 8, 75, 0,[ 94, 39, 24]],

[ 72, 45, 0,[ 79, 99, 32]],

[ 59, 45, 0,[]],

[ 60, 75, 0,[ 85, 58, 40, 80]],

[ 3, 45, 0,[ 51, 38]],

[ 1, 55, 0,[ 52, 54, 66]],

[ 7, 55, 0,[ 11, 15, 80]],

[ 26, 65, 0,[ 95, 57, 45]],

[ 63, 45, 0,[ 12]],

[ 27, 45, 0,[ 57, 53]],

[ 49, 55, 0,[ 10, 71]],

[ 62, 45, 0,[ 23, 4, 24]],

[ 23, 45, 0,[ 6, 62, 99]],

[ 93, 85, 1,[ 80, 61, 75]],

[ 28, 45, 0,[]],

[ 4, 55, 0,[ 30, 62, 54]],

[ 80, 55, 0,[ 93, 78, 60, 36, 7]],

[ 48, 45, 0,[ 17, 0, 53]],

[ 66, 45, 0,[ 41, 1, 97]],

[ 76, 45, 1,[ 73, 88, 10]],

[ 18, 95, 0,[ 73, 44, 90]],

[ 51, 45, 0,[ 67, 3, 46]],

[ 45, 65, 0,[ 26]],

[ 64, 45, 0,[ 78, 32, 36]],

[ 17, 45, 0,[ 57, 48]],

[ 0, 65, 0,[ 89, 95, 48]],

[ 32, 45, 0,[ 72, 64, 2, 58, 71]],

[ 68, 55, 0,[ 25, 77]],

[ 65, 95, 0,[ 77, 42, 78]],

[ 61, 35, 1,[ 9, 95, 86, 93, 56]],

[ 11, 55, 0,[ 7]],

[ 19, 75, 0,[ 39]],

[ 41, 45, 0,[ 66, 5, 47]],

[ 90, 55, 0,[ 5, 18, 85]],

[ 36, 45, 0,[ 53, 64, 80]],

[ 39, 75, 1,[ 78, 8, 13, 95, 19]],

[ 86, 95, 0,[ 78, 61, 94]],

[ 78, 95, 0,[ 80, 64, 39, 86, 44, 65]],

[ 16, 75, 0,[]],

[ 85, 75, 0,[ 98, 60, 90]],

[ 54, 55, 0,[ 4, 22, 1]],

[ 12, 45, 0,[ 63]],

[ 44, 95, 1,[ 74, 83, 18, 57, 78, 97, 10]],

[ 56, 75, 1,[ 67, 57, 61]],

[ 75, 45, 0,[ 93, 34]],

[ 25, 55, 0,[ 68, 38, 55]],

[ 92, 45, 0,[ 70, 14, 96]],

[ 2, 65, 0,[ 32, 9]],

[ 30, 55, 0,[ 35, 69, 4]],

[ 89, 75, 1,[ 35, 0, 79, 95, 97]],

[ 74, 95, 0,[ 34, 44, 52, 91]],

[ 34, 45, 0,[ 74, 75]],

[ 52, 55, 0,[ 1, 20, 74]],

[ 55, 55, 0,[ 40, 25]],

[ 57, 95, 0,[ 44, 17, 27, 26, 56]],

[ 40, 75, 0,[ 60, 22, 82, 55]],

[ 58, 45, 0,[ 32, 60]],

[ 79, 85, 1,[ 87, 72, 89]],

[ 10, 95, 0,[ 76, 44, 49]],

[ 38, 45, 0,[ 25, 46, 3]],

[ 82, 75, 0,[ 40]],

[ 67, 75, 0,[ 56, 51]],

[ 20, 55, 0,[ 29, 52]],

[ 69, 45, 0,[ 37, 30]],

