[ 71, 75, 0,[ 2, 38, 11]],

[ 5, 75, 1,[ 38, 2, 0]],

[ 48, 75, 0,[ 38, 3]],

[ 56, 75, 0,[ 1, 38]],

[ 30, 25, 0,[ 1, 19]],

[ 70, 75, 0,[ 38, 1, 27, 3]],

[ 89, 75, 0,[ 6, 1, 38]],

[ 25, 75, 0,[ 1, 11, 38]],

[ 69, 75, 0,[ 38, 2, 3]],

[ 90, 75, 0,[ 11, 38, 1]],

[ 63, 25, 0,[ 11, 26, 1]],

[ 59, 75, 0,[ 38, 1, 2]],

[ 86, 75, 0,[ 11, 54, 1]],

[ 79, 75, 0,[ 38, 2, 1]],

[ 36, 75, 0,[ 6, 11, 1]],

[ 39, 75, 0,[ 6, 11, 3]],

[ 78, 75, 0,[ 1, 54, 38]],

[ 10, 75, 1,[ 3, 15, 54]],

[ 60, 75, 0,[ 38, 11, 1]],

[ 62, 75, 0,[ 11, 1, 38]],

[ 7, 75, 0,[ 3, 2, 54]],

[ 51, 75, 0,[ 54, 11, 1]],

[ 6, 25, 1,[ 81, 89, 67, 85, 84, 23, 74, 55, 36, 68, 28, 39, 76, 83, 49]],

[ 41, 75, 0,[ 1, 11]],

[ 94, 75, 0,[ 1, 38, 11]],

[ 40, 75, 0,[ 1, 11, 3]],

[ 95, 75, 0,[ 54, 3, 11]],

[ 92, 75, 0,[ 3, 38, 54]],

[ 45, 75, 0,[ 1, 2]],

[ 88, 75, 0,[ 11, 2, 3]],

[ 98, 75, 0,[ 1, 3, 11]],

[ 17, 75, 0,[ 20, 11, 38]],

[ 37, 75, 0,[ 1, 11]],

[ 20, 75, 0,[ 1, 17, 3, 38, 75]],

[ 97, 75, 0,[ 54, 11, 38]],

[ 28, 75, 0,[ 38, 6, 3]],

[ 64, 75, 0,[ 1, 3, 11]],

[ 80, 75, 0,[ 1, 3, 11]],

[ 19, 75, 0,[ 38, 1, 30, 3]],

[ 24, 75, 0,[ 11, 3, 1]],

[ 12, 75, 0,[ 38, 1, 2]],

[ 31, 75, 0,[ 38, 3, 1]],

[ 3, 55, 1,[ 88, 29, 76, 52, 39, 68, 31, 0, 91, 49, 69, 80, 98, 64, 70, 28, 58, 33, 7, 40, 96, 24, 20, 10, 13, 53, 42, 47, 95, 50, 32, 48, 73, 46, 92, 34, 93, 67, 81, 19, 85, 77, 61, 4, 18, 8]],

[ 93, 75, 0,[ 3, 1, 11]],

[ 15, 25, 0,[ 10, 38]],

[ 76, 75, 0,[ 6, 38, 3]],

[ 83, 75, 0,[ 6, 11, 1]],

[ 23, 75, 0,[ 6, 11]],

[ 87, 75, 0,[ 11, 1, 54]],

[ 52, 75, 0,[ 38, 3, 54]],

[ 29, 75, 0,[ 1, 3, 11]],

[ 77, 75, 0,[ 3, 38]],

[ 34, 75, 0,[ 38, 11, 3]],

[ 96, 75, 0,[ 1, 3, 38]],

[ 16, 75, 0,[ 38, 1]],

[ 44, 75, 0,[ 38, 54, 1]],

[ 49, 75, 0,[ 11, 6, 3]],

[ 18, 75, 0,[ 3, 11, 2]],

[ 27, 75, 0,[ 38, 70, 11]],

[ 4, 75, 0,[ 11, 1, 3, 32]],

[ 74, 75, 0,[ 54, 11, 6]],

[ 85, 75, 0,[ 11, 3, 6]],

[ 66, 75, 0,[ 2, 11, 38]],

[ 33, 75, 0,[ 1, 3, 38]],

[ 42, 75, 0,[ 3, 11, 38]],

[ 67, 25, 0,[ 6, 1, 3]],

[ 22, 75, 0,[ 1, 38, 11]],

[ 91, 75, 0,[ 0, 11, 3]],

[ 72, 75, 0,[ 38, 1, 11]],

[ 8, 25, 0,[ 1, 3, 11]],

[ 47, 75, 0,[ 3, 38]],

[ 1, 85, 1,[ 16, 63, 36, 45, 98, 86, 31, 59, 30, 84, 64, 58, 40, 51, 14, 4, 20, 96, 8, 19, 55, 65, 89, 90, 29, 82, 2, 57, 93, 73, 37, 35, 41, 83, 78, 60, 94, 70, 56, 79, 50, 62, 22, 21, 72, 81, 87, 33, 53, 44, 25, 43, 80, 12, 24, 26, 67]],

[ 84, 75, 0,[ 6, 1, 11]],

[ 50, 75, 0,[ 1, 3]],

[ 38, 65, 1,[ 46, 48, 77, 71, 76, 12, 52, 65, 70, 26, 20, 19, 44, 34, 25, 33, 79, 9, 17, 75, 62, 31, 58, 60, 32, 59, 94, 68, 72, 90, 27, 16, 35, 14, 96, 47, 5, 56, 69, 97, 99, 28, 22, 78, 89, 15, 92, 66, 42]],

[ 65, 75, 0,[ 54, 1, 38]],

[ 11, 35, 1,[ 4, 75, 99, 73, 90, 60, 88, 14, 41, 95, 84, 80, 49, 39, 27, 53, 25, 63, 98, 64, 36, 46, 85, 54, 97, 37, 18, 94, 8, 51, 86, 17, 22, 35, 83, 61, 93, 57, 29, 71, 42, 23, 55, 66, 40, 62, 34, 74, 82, 72, 24, 91, 87]],

[ 2, 25, 1,[ 82, 5, 71, 69, 12, 13, 21, 66, 88, 59, 18, 7, 79, 1, 45]],

[ 26, 75, 0,[ 63, 38, 1]],

[ 82, 75, 0,[ 1, 2, 11]],

[ 73, 75, 0,[ 11, 1, 3]],

[ 99, 75, 0,[ 38, 11]],

[ 75, 25, 0,[ 11, 20, 38]],

[ 46, 25, 0,[ 11, 38, 3]],

[ 68, 75, 0,[ 38, 6, 3]],

[ 55, 75, 0,[ 1, 6, 11]],

[ 53, 75, 0,[ 11, 3, 1]],

[ 61, 75, 0,[ 3, 54, 11]],

[ 21, 75, 0,[ 54, 1, 2]],

[ 0, 75, 1,[ 91, 5, 3]],

[ 13, 75, 0,[ 54, 3, 2]],

[ 54, 45, 1,[ 13, 78, 9, 74, 87, 7, 61, 57, 65, 44, 86, 52, 92, 43, 95, 11, 51, 21, 97, 10]],

[ 14, 75, 0,[ 1, 11, 38]],

[ 81, 75, 0,[ 3, 1, 6]],

[ 32, 75, 0,[ 4, 3, 38]],

[ 57, 75, 0,[ 1, 11, 54]],

[ 58, 75, 0,[ 38, 3, 1]],

[ 35, 25, 0,[ 1, 38, 11]],

[ 9, 75, 0,[ 38, 54]],

[ 43, 75, 0,[ 1, 54]],

