[ 90, 95, 0,[ 59, 87, 61, 94]],

[ 0, 95, 0,[ 58, 87, 5]],

[ 54, 95, 0,[ 38, 69, 39, 28]],

[ 69, 95, 1,[ 7, 71, 16, 88, 85, 99, 1, 6, 54, 84, 41]],

[ 48, 95, 0,[ 58, 74, 60]],

[ 55, 75, 0,[ 21, 42, 58, 41]],

[ 4, 95, 0,[ 27, 82, 97]],

[ 71, 95, 0,[ 60, 42, 52, 69]],

[ 70, 95, 0,[ 72, 52, 62]],

[ 84, 95, 0,[ 51, 60, 12, 69]],

[ 28, 95, 0,[ 11, 60, 54, 35]],

[ 7, 75, 0,[ 69, 60, 85]],

[ 79, 95, 0,[ 1, 50, 95]],

[ 96, 95, 0,[ 42, 9, 58, 24]],

[ 49, 5, 0,[ 34, 45, 87]],

[ 26, 95, 0,[ 63, 58, 61]],

[ 25, 95, 0,[ 95, 51, 61]],

[ 2, 5, 0,[ 81, 87, 86, 61]],

[ 52, 95, 0,[ 42, 70, 71]],

[ 32, 95, 0,[ 14, 61]],

[ 23, 95, 0,[ 60, 82, 75]],

[ 58, 15, 1,[ 73, 22, 67, 29, 48, 0, 96, 88, 26, 55]],

[ 38, 95, 0,[ 54, 82, 74]],

[ 56, 15, 0,[ 74, 61, 45]],

[ 83, 95, 0,[ 5, 39, 62]],

[ 31, 95, 0,[ 22, 98, 87]],

[ 6, 95, 0,[ 10, 87, 67, 69]],

[ 3, 5, 0,[ 36, 99]],

[ 14, 15, 0,[ 87, 61, 32]],

[ 63, 95, 0,[ 42, 26, 98]],

[ 94, 95, 0,[ 78, 90, 60]],

[ 41, 75, 0,[ 55, 69]],

[ 42, 95, 1,[ 30, 96, 34, 71, 55, 89, 44, 19, 86, 52, 46, 63, 53]],

[ 67, 95, 0,[ 39, 6, 58]],

[ 40, 5, 0,[ 97, 45, 61]],

[ 17, 95, 0,[ 87, 57, 44]],

[ 50, 95, 0,[ 79, 60, 10]],

[ 9, 95, 0,[ 43, 35, 60, 96]],

[ 59, 5, 0,[ 62, 45, 90]],

[ 77, 95, 0,[ 87, 39, 62, 33]],

[ 34, 95, 0,[ 42, 47, 49]],

[ 62, 95, 1,[ 24, 77, 18, 59, 78, 64, 36, 70, 16, 13, 91, 57, 74, 15, 80, 83]],

[ 82, 95, 1,[ 73, 37, 38, 47, 27, 5, 4, 21, 23]],

[ 91, 95, 0,[ 62, 87, 39]],

[ 36, 95, 0,[ 87, 3, 62]],

[ 85, 75, 0,[ 69, 87, 7]],

[ 45, 95, 1,[ 51, 81, 1, 18, 40, 56, 87, 49, 59, 66, 64]],

[ 1, 95, 0,[ 79, 69, 45]],

[ 11, 95, 0,[ 27, 39, 28]],

[ 47, 95, 0,[ 30, 82, 34, 39]],

[ 66, 95, 0,[ 76, 72, 45]],

[ 15, 95, 0,[ 62, 13, 19, 92]],

[ 43, 95, 0,[ 9, 19, 76]],

[ 22, 95, 0,[ 58, 31, 60]],

[ 24, 95, 0,[ 60, 62, 96]],

[ 21, 75, 0,[ 55, 82]],

[ 16, 95, 0,[ 69, 60, 62]],

[ 5, 95, 0,[ 0, 83, 82, 44]],

[ 8, 65, 0,[ 61, 87, 65]],

[ 78, 95, 0,[ 33, 61, 62, 94]],

[ 72, 95, 0,[ 66, 60, 70]],

[ 95, 95, 0,[ 29, 79, 25]],

[ 74, 95, 0,[ 38, 62, 48, 56]],

[ 57, 95, 0,[ 17, 68, 62]],

[ 93, 95, 0,[ 39, 89, 51]],

[ 12, 95, 0,[ 35, 87, 84]],

[ 87, 85, 1,[ 77, 31, 6, 12, 17, 91, 2, 90, 85, 36, 45, 49, 75, 97, 14, 0, 8]],

[ 98, 95, 0,[ 31, 63, 39]],

[ 97, 65, 0,[ 40, 4, 87]],

[ 80, 95, 0,[ 62, 60, 46]],

[ 65, 95, 0,[ 68, 8, 46]],

[ 10, 95, 0,[ 6, 30, 50]],

[ 37, 95, 0,[ 39, 53, 82]],

[ 44, 95, 0,[ 17, 42, 5]],

[ 64, 95, 0,[ 39, 62, 45]],

[ 51, 95, 0,[ 84, 25, 60, 93, 45]],

[ 13, 95, 0,[ 60, 62, 15]],

[ 33, 95, 0,[ 78, 77, 75]],

[ 18, 5, 0,[ 45, 62, 86]],

[ 61, 95, 1,[ 32, 14, 56, 8, 25, 40, 78, 2, 90, 26]],

[ 75, 95, 0,[ 33, 87, 23]],

[ 76, 95, 0,[ 66, 43]],

[ 81, 5, 0,[ 45, 2]],

[ 29, 95, 0,[ 58, 95, 60]],

[ 73, 95, 0,[ 58, 82, 60]],

[ 92, 95, 0,[ 15, 35, 60]],

[ 30, 95, 0,[ 53, 39, 42, 47, 10]],

[ 86, 5, 0,[ 42, 2, 39, 18]],

[ 20, 95, 0,[ 89, 39]],

[ 39, 95, 1,[ 20, 19, 93, 54, 37, 67, 83, 86, 98, 30, 11, 64, 47, 91, 77]],

[ 60, 15, 1,[ 94, 71, 89, 23, 48, 13, 22, 73, 28, 92, 84, 72, 29, 9, 51, 80, 68, 50, 24, 7, 16]],

[ 46, 95, 0,[ 80, 65, 42]],

[ 27, 95, 0,[ 88, 4, 82, 11]],

[ 89, 95, 0,[ 60, 42, 93, 20]],

[ 99, 75, 0,[ 69, 3]],

[ 88, 95, 0,[ 58, 27, 69]],

[ 68, 95, 0,[ 60, 65, 57]],

[ 35, 95, 0,[ 92, 9, 28, 12]],

[ 53, 95, 0,[ 30, 37, 42]],

[ 19, 95, 0,[ 15, 42, 43, 39]],

[ 95, 95, 1,[ 22, 17, 84, 39, 31, 62, 12, 63, 34, 71, 94, 40, 11]],

[ 50, 95, 0,[ 58, 59, 4]],

[ 91, 65, 0,[ 92, 72, 17]],

[ 8, 85, 1,[ 39, 55, 97, 90, 48, 30, 84, 94, 24, 36, 69]],

[ 69, 95, 0,[ 98, 93, 8, 3]],

[ 39, 95, 0,[ 25, 8, 95]],

[ 51, 95, 0,[ 58, 24, 73]],

[ 16, 95, 0,[ 92, 36, 73]],

[ 63, 95, 0,[ 12, 95, 46, 88]],

[ 29, 95, 0,[ 42, 83, 98]],

[ 57, 95, 0,[ 30, 98, 74]],

[ 90, 65, 0,[ 73, 87, 8]],

[ 79, 95, 0,[ 58, 60, 44]],

[ 25, 95, 0,[ 39, 19, 58]],

[ 93, 95, 0,[ 69, 89, 14]],

[ 64, 95, 1,[ 53, 7, 23, 6, 41, 75, 76, 4, 46, 38, 47, 40, 44]],

[ 34, 95, 0,[ 77, 95, 98, 56]],

[ 88, 95, 0,[ 63, 58, 60]],

[ 75, 95, 0,[ 83, 64, 26]],

[ 11, 95, 0,[ 41, 0, 95]],

[ 21, 95, 0,[ 97, 83, 28]],

[ 27, 95, 0,[ 78, 13, 65]],

[ 67, 95, 0,[ 4, 43, 86]],

[ 42, 35, 1,[ 59, 10, 62, 2, 61, 81, 38, 29]],

[ 31, 95, 0,[ 95, 59, 84]],

[ 70, 95, 0,[ 52, 60, 38]],

[ 37, 95, 0,[ 72, 82]],

[ 77, 95, 0,[ 96, 0, 34]],

[ 89, 95, 0,[ 93, 71, 92, 83, 6]],

[ 23, 95, 0,[ 64, 44, 40]],

[ 54, 95, 0,[ 2]],

[ 59, 95, 0,[ 50, 42, 31]],

[ 38, 95, 0,[ 70, 42, 64]],

[ 82, 95, 0,[ 19, 58, 37]],

[ 98, 95, 1,[ 69, 34, 99, 10, 28, 57, 19, 94, 35, 49, 7, 9, 29, 85]],

[ 28, 95, 0,[ 98, 94, 21]],

[ 56, 95, 0,[ 58, 20, 34]],

[ 83, 45, 1,[ 48, 17, 75, 26, 21, 89, 45, 29, 80, 35, 71, 72, 33]],

[ 78, 95, 0,[ 27, 66, 13]],

[ 80, 25, 0,[ 60, 83]],

[ 73, 75, 1,[ 16, 74, 60, 87, 90, 51, 13]],

[ 10, 95, 0,[ 53, 42, 98]],

[ 97, 25, 0,[ 8, 21, 60]],

[ 87, 95, 0,[ 90, 73, 62]],

[ 26, 95, 0,[ 83, 75]],

[ 55, 95, 0,[ 76, 8, 24, 92]],

[ 9, 45, 0,[ 98]],

[ 62, 95, 0,[ 87, 95, 42]],

[ 40, 95, 0,[ 23, 64, 95]],

[ 61, 95, 0,[ 60, 42, 5]],

[ 45, 95, 0,[ 92, 13, 83]],

[ 65, 95, 0,[ 92, 27, 15]],

[ 17, 95, 0,[ 95, 91, 83]],

[ 12, 95, 0,[ 95, 92, 63]],

[ 58, 95, 1,[ 20, 44, 56, 52, 82, 68, 19, 25, 50, 74, 51, 18, 88, 1, 79]],

[ 47, 95, 0,[ 24, 64]],

[ 6, 95, 0,[ 86, 89, 64]],

[ 35, 95, 0,[ 98, 32, 83]],

[ 74, 95, 0,[ 73, 58, 57]],

[ 3, 95, 0,[ 69, 92]],

[ 60, 75, 1,[ 88, 86, 70, 15, 96, 79, 14, 1, 0, 97, 73, 80, 43, 5, 2, 61]],

[ 52, 95, 0,[ 58, 70, 24]],

[ 92, 55, 1,[ 16, 22, 12, 91, 0, 65, 55, 45, 89, 44, 2, 3, 85]],

[ 66, 95, 0,[ 4, 78, 46]],

[ 44, 95, 0,[ 58, 92, 15, 23, 64, 79]],

[ 86, 95, 0,[ 6, 67, 60]],

[ 32, 95, 0,[ 35]],

[ 72, 95, 0,[ 83, 37, 91]],

[ 85, 95, 0,[ 7, 98, 92]],

[ 33, 95, 0,[ 83, 99]],

[ 2, 95, 0,[ 54, 42, 92, 60]],

[ 18, 95, 0,[ 58, 53, 22]],

[ 76, 95, 0,[ 64, 55, 99]],

[ 53, 95, 0,[ 10, 18, 64]],

[ 49, 5, 0,[ 36, 98]],

[ 81, 95, 0,[ 19, 42]],

[ 48, 95, 0,[ 20, 83, 8]],

[ 4, 95, 0,[ 66, 67, 50, 64]],

[ 14, 95, 0,[ 93, 60]],

[ 96, 95, 0,[ 60, 77]],

[ 30, 95, 0,[ 8, 57, 22]],

[ 7, 95, 0,[ 98, 64, 85]],

[ 99, 5, 0,[ 33, 98, 76]],

[ 43, 25, 0,[ 60, 67]],

[ 84, 95, 0,[ 95, 31, 8]],

[ 41, 95, 0,[ 11, 64]],

[ 0, 95, 0,[ 77, 92, 60, 11]],

[ 68, 95, 0,[ 58]],

[ 5, 95, 0,[ 1, 61, 60]],

[ 36, 5, 0,[ 8, 49, 16]],

[ 94, 95, 0,[ 95, 28, 8, 98]],

[ 1, 95, 0,[ 60, 58, 5]],

[ 22, 95, 0,[ 30, 95, 18, 92]],

[ 15, 95, 0,[ 60, 44, 65]],

[ 13, 95, 0,[ 27, 73, 78, 45]],

[ 24, 95, 0,[ 52, 47, 51, 8, 55]],

[ 46, 95, 0,[ 66, 64, 63]],

[ 71, 95, 0,[ 95, 89, 83]],

[ 20, 95, 0,[ 58, 56, 48]],

[ 19, 95, 0,[ 58, 81, 82, 25, 98]],

