[ 22, 5, 0,[ 75, 77, 98, 64, 89, 73]],

[ 38, 35, 0,[ 69, 63, 70]],

[ 18, 45, 0,[ 29, 71, 49, 32]],

[ 91, 95, 0,[ 12, 94, 97, 0]],

[ 53, 15, 0,[ 51, 0]],

[ 17, 15, 0,[ 68, 87, 0]],

[ 21, 5, 0,[ 65, 66, 51]],

[ 83, 15, 1,[ 47, 66, 57]],

[ 8, 55, 1,[ 97, 50, 41]],

[ 95, 55, 1,[ 51, 7, 35, 27, 47]],

[ 98, 75, 1,[ 47, 61, 22, 63]],

[ 93, 75, 1,[ 84, 40, 32]],

[ 27, 25, 0,[ 36, 95, 54, 31]],

[ 89, 5, 0,[ 3, 70, 22]],

[ 82, 95, 1,[ 33, 4, 80]],

[ 19, 95, 1,[ 56, 26, 84, 40]],

[ 28, 25, 0,[ 49, 40, 10, 59]],

[ 75, 65, 0,[ 84, 22, 96]],

[ 11, 35, 0,[ 99, 50, 65, 9]],

[ 7, 55, 0,[ 45, 95, 24]],

[ 26, 55, 0,[ 14, 66, 99, 19]],

[ 39, 85, 1,[ 59, 51, 20]],

[ 68, 15, 1,[ 69, 52, 12, 17, 37]],

[ 4, 95, 0,[ 76, 99, 82]],

[ 9, 35, 0,[ 30, 80, 11]],

[ 94, 35, 1,[ 80, 91, 20]],

[ 24, 15, 1,[ 7, 96, 78]],

[ 3, 5, 0,[ 48, 89, 70, 66]],

[ 5, 15, 0,[ 73, 51, 25]],

[ 31, 25, 1,[ 29, 20, 27, 23]],

[ 51, 55, 1,[ 5, 95, 53, 39, 29, 21, 58]],

[ 99, 55, 1,[ 4, 26, 67, 11, 56]],

[ 50, 45, 1,[ 65, 11, 48, 87, 46, 97, 86, 32, 8]],

[ 61, 15, 1,[ 6, 84, 98]],

[ 52, 15, 0,[ 78, 64, 68]],

[ 88, 25, 0,[ 10, 46, 54]],

[ 66, 5, 1,[ 3, 83, 26, 1, 60, 21]],

[ 71, 5, 1,[ 18, 92, 42]],

[ 56, 65, 0,[ 47, 19, 99]],

[ 81, 75, 0,[ 74, 6, 60]],

[ 33, 65, 1,[ 72, 64, 15, 82]],

[ 0, 15, 0,[ 17, 91, 55, 53, 44]],

[ 1, 15, 0,[ 66, 60, 12]],

[ 79, 65, 1,[ 86, 6, 63]],

[ 77, 35, 1,[ 69, 30, 22]],

[ 54, 25, 0,[ 88, 44, 27]],

[ 40, 75, 1,[ 55, 19, 93, 28, 76]],

[ 25, 15, 0,[ 58, 36, 5]],

[ 15, 15, 0,[ 33, 63, 87]],

[ 44, 75, 1,[ 2, 86, 54, 0]],

[ 70, 95, 1,[ 72, 89, 38, 3, 23]],

[ 96, 65, 1,[ 24, 62, 75, 85]],

[ 84, 25, 1,[ 75, 61, 93, 19]],

[ 72, 65, 0,[ 33, 70]],

[ 73, 5, 1,[ 34, 5, 22]],

[ 36, 85, 0,[ 20, 25, 27, 43, 2]],

[ 47, 65, 1,[ 83, 95, 98, 56, 46]],

[ 67, 25, 1,[ 16, 90, 76, 74, 99]],

[ 57, 5, 0,[ 34, 62, 83]],

[ 85, 25, 1,[ 96, 23, 87]],

[ 97, 65, 1,[ 50, 8, 91, 35]],

[ 80, 35, 0,[ 94, 82, 9, 41]],

[ 13, 25, 0,[ 92, 10, 58]],

[ 59, 25, 1,[ 90, 39, 28]],

[ 74, 25, 1,[ 81, 60, 14, 67, 55]],

[ 45, 65, 1,[ 65, 7]],

[ 35, 65, 0,[ 95, 97, 46]],

[ 62, 5, 1,[ 16, 48, 96, 57]],

[ 87, 25, 1,[ 17, 15, 85, 50]],

[ 43, 85, 0,[ 23, 36]],

[ 41, 25, 1,[ 34, 80, 8]],

[ 12, 15, 0,[ 68, 1, 91]],

[ 92, 5, 0,[ 13, 71]],

[ 14, 25, 0,[ 26, 74]],

[ 34, 5, 0,[ 57, 41, 73]],

[ 20, 85, 0,[ 94, 36, 31, 39]],

[ 37, 15, 0,[ 68]],

[ 58, 15, 1,[ 51, 25, 13]],

[ 23, 85, 1,[ 31, 85, 70, 43]],

[ 60, 75, 1,[ 1, 66, 81, 74]],

[ 30, 35, 0,[ 9, 65, 77]],

[ 46, 65, 0,[ 50, 47, 35, 16, 88]],

[ 49, 85, 1,[ 18, 28]],

[ 65, 15, 1,[ 45, 11, 21, 42, 30, 50]],

[ 6, 15, 0,[ 61, 64, 90, 79, 81, 69]],

[ 2, 75, 0,[ 36, 44]],

[ 78, 65, 1,[ 42, 24, 52]],

[ 55, 85, 1,[ 40, 74, 0]],

[ 10, 25, 0,[ 13, 28, 88]],

[ 48, 5, 0,[ 3, 62, 50]],

[ 29, 45, 0,[ 51, 31, 18]],

[ 64, 95, 1,[ 6, 22, 33, 52]],

[ 90, 15, 1,[ 67, 59, 6]],

[ 42, 95, 1,[ 71, 78, 65]],

[ 76, 15, 1,[ 67, 4, 40]],

[ 16, 65, 0,[ 67, 62, 46]],

[ 86, 75, 0,[ 50, 79, 44]],

[ 69, 35, 1,[ 6, 38, 68, 77]],

[ 32, 45, 0,[ 93, 18, 50]],

[ 63, 15, 1,[ 15, 38, 98, 79]],

