[ 38, 65, 1,[ 52, 47, 34, 61]],

[ 7, 55, 1,[ 93, 94, 40]],

[ 8, 45, 0,[ 57, 29, 52]],

[ 19, 55, 0,[ 60, 18, 30]],

[ 42, 65, 0,[ 45, 5, 39]],

[ 35, 35, 1,[ 45, 47, 49, 32, 66]],

[ 10, 75, 1,[ 0, 80, 12, 36]],

[ 28, 5, 1,[ 65, 46, 4, 84, 22]],

[ 82, 25, 1,[ 67, 37, 14, 15, 2]],

[ 99, 65, 1,[ 70, 97, 66, 33]],

[ 3, 15, 1,[ 68, 93, 14, 23, 57]],

[ 73, 55, 0,[ 16, 63, 54, 51]],

[ 76, 55, 0,[ 6, 13, 27]],

[ 32, 15, 1,[ 35, 50, 13, 78]],

[ 41, 5, 0,[ 97, 13, 88, 74]],

[ 64, 65, 0,[ 13, 2, 50]],

[ 62, 55, 0,[ 57, 86, 30]],

[ 96, 65, 0,[ 71, 22, 74]],

[ 14, 85, 1,[ 59, 15, 3, 88, 87, 82]],

[ 93, 15, 0,[ 7, 72, 3]],

[ 79, 85, 0,[ 37, 11, 45]],

[ 4, 15, 1,[ 52, 54, 28]],

[ 94, 15, 0,[ 53, 7]],

[ 21, 85, 1,[ 75, 58, 98]],

[ 13, 75, 1,[ 41, 64, 76, 32, 34]],

[ 30, 45, 1,[ 62, 5, 61, 19, 70]],

[ 74, 5, 1,[ 41, 87, 60, 96, 89, 86, 90, 27]],

[ 75, 65, 0,[ 9, 21, 81]],

[ 95, 85, 0,[ 67, 72, 40, 26]],

[ 85, 85, 0,[ 37, 9]],

[ 77, 65, 0,[ 50, 12, 53]],

[ 12, 75, 1,[ 10, 77]],

[ 69, 55, 0,[ 29, 22, 63]],

[ 17, 85, 1,[ 57, 97, 18]],

[ 61, 55, 0,[ 38, 60, 30]],

[ 20, 85, 1,[ 25, 90, 78]],

[ 24, 45, 0,[ 36, 1]],

[ 23, 65, 0,[ 3, 36]],

[ 72, 85, 1,[ 5, 26, 95, 93]],

[ 63, 55, 0,[ 16, 73, 69]],

[ 81, 65, 0,[ 75, 2, 50]],

[ 52, 75, 1,[ 38, 11, 4, 36, 8]],

[ 59, 15, 0,[ 14, 9, 55]],

[ 2, 5, 1,[ 64, 82, 81]],

[ 57, 55, 1,[ 62, 70, 3, 17, 34, 8]],

[ 9, 15, 1,[ 59, 65, 85, 48, 75, 49, 6]],

[ 67, 45, 1,[ 95, 44, 82]],

[ 31, 5, 1,[ 58, 11, 39]],

[ 37, 85, 1,[ 79, 82, 85]],

[ 36, 65, 1,[ 23, 98, 52, 10, 24]],

[ 98, 85, 0,[ 78, 21, 36]],

[ 50, 65, 1,[ 32, 44, 81, 64, 77]],

[ 80, 65, 0,[ 1, 51, 10, 15]],

[ 45, 65, 0,[ 35, 79, 91, 42]],

[ 16, 55, 1,[ 71, 73, 63]],

[ 43, 5, 1,[ 11, 66]],

[ 55, 15, 0,[ 27, 59, 22]],

[ 18, 15, 1,[ 17, 19, 54, 44]],

[ 83, 65, 0,[ 47, 60, 91]],

[ 53, 15, 1,[ 0, 94, 1, 77]],

[ 15, 25, 0,[ 80, 14, 82]],

[ 29, 45, 1,[ 51, 8, 69, 65]],

[ 84, 65, 0,[ 48, 65, 28]],

[ 48, 35, 1,[ 9, 84, 27, 86]],

[ 89, 5, 0,[ 33, 11, 74]],

[ 34, 75, 1,[ 13, 38, 57]],

[ 70, 65, 0,[ 30, 57, 99]],

[ 33, 65, 0,[ 99, 71, 89]],

[ 5, 65, 1,[ 30, 42, 72]],

[ 68, 35, 0,[ 46, 87, 0, 3]],

[ 60, 55, 1,[ 19, 83, 74, 61]],

[ 39, 65, 0,[ 42, 31, 56]],

[ 46, 65, 1,[ 68, 28, 40]],

[ 58, 5, 0,[ 31, 21, 25]],

[ 88, 15, 1,[ 41, 71, 14]],

[ 78, 85, 0,[ 20, 32, 98]],

[ 51, 65, 0,[ 73, 56, 29, 80]],

[ 87, 5, 0,[ 14, 68, 74]],

[ 65, 65, 1,[ 9, 84, 28, 56, 29, 22]],

[ 97, 5, 0,[ 41, 17, 99]],

[ 54, 35, 1,[ 18, 90, 73, 4]],

[ 92, 15, 0,[ 22, 40]],

[ 1, 45, 1,[ 24, 53, 80, 49]],

[ 6, 35, 1,[ 25, 76, 9]],

[ 22, 65, 1,[ 55, 92, 65, 69, 96, 28]],

[ 66, 65, 0,[ 35, 99, 43]],

[ 44, 45, 0,[ 50, 18, 67]],

[ 40, 15, 1,[ 95, 46, 92, 7]],

[ 47, 65, 0,[ 83, 38, 35]],

[ 90, 5, 0,[ 74, 20, 54]],

[ 27, 55, 1,[ 76, 74, 55, 48]],

[ 0, 35, 1,[ 26, 53, 10, 68]],

[ 71, 85, 1,[ 91, 96, 88, 16, 33]],

[ 11, 45, 1,[ 43, 52, 89, 31, 79]],

[ 91, 65, 0,[ 45, 71, 83]],

[ 56, 65, 0,[ 51, 49, 65, 39]],

[ 25, 15, 1,[ 58, 6, 20]],

[ 86, 35, 0,[ 48, 74, 62]],

[ 49, 65, 0,[ 35, 56, 9, 1]],

[ 26, 85, 0,[ 95, 0, 72]],

