[ 39, 95, 0,[ 40, 14, 8]],

[ 98, 65, 0,[ 44, 63, 10]],

[ 73, 15, 0,[ 70, 19, 23]],

[ 17, 85, 1,[ 50, 26, 25, 93, 24]],

[ 72, 55, 1,[ 32, 47, 77, 11, 33]],

[ 85, 95, 0,[ 88, 55]],

[ 12, 85, 1,[ 79, 4, 27, 80]],

[ 75, 75, 0,[ 91, 22, 15]],

[ 2, 75, 1,[ 63, 90, 52, 68, 30, 58]],

[ 92, 55, 0,[ 65, 49, 14, 88, 4]],

[ 99, 65, 0,[ 24, 13, 96, 33]],

[ 43, 75, 1,[ 48, 74, 79]],

[ 52, 45, 1,[ 91, 64, 2]],

[ 34, 45, 1,[ 54, 62, 19]],

[ 29, 15, 1,[ 36, 32, 10]],

[ 46, 95, 1,[ 5, 4, 10, 37]],

[ 97, 55, 0,[ 48, 37, 38]],

[ 28, 85, 1,[ 87, 82, 63]],

[ 81, 75, 0,[ 64, 31, 6, 15]],

[ 50, 85, 0,[ 26, 17, 5]],

[ 9, 65, 1,[ 25, 48, 87]],

[ 61, 15, 0,[ 54, 76, 94]],

[ 4, 15, 1,[ 92, 46, 12]],

[ 79, 65, 0,[ 18, 43, 12]],

[ 31, 35, 1,[ 65, 81, 51, 76]],

[ 91, 75, 0,[ 27, 67, 52, 75]],

[ 82, 85, 1,[ 7, 28, 20, 55]],

[ 74, 15, 0,[ 76, 43, 59]],

[ 87, 85, 0,[ 25, 94, 28, 9]],

[ 37, 35, 1,[ 97, 44, 83, 46]],

[ 15, 75, 0,[ 41, 81, 22, 69, 75]],

[ 57, 55, 1,[ 14, 10, 76]],

[ 33, 65, 0,[ 3, 72, 99, 93]],

[ 14, 95, 1,[ 0, 23, 57, 8, 39, 38, 92]],

[ 21, 85, 1,[ 55, 22, 89, 5]],

[ 42, 15, 0,[ 44, 23, 0]],

[ 36, 55, 1,[ 55, 29, 70, 7]],

[ 89, 25, 0,[ 21, 60, 3]],

[ 70, 55, 0,[ 56, 36, 73]],

[ 5, 45, 1,[ 21, 50, 46, 58]],

[ 40, 55, 1,[ 39, 65, 45, 86, 78]],

[ 54, 5, 1,[ 30, 34, 61]],

[ 76, 15, 1,[ 61, 31, 74, 57]],

[ 48, 55, 1,[ 43, 9, 49, 97]],

[ 53, 95, 1,[ 18, 20, 32]],

[ 90, 5, 0,[ 32, 38, 2]],

[ 10, 55, 1,[ 57, 46, 29, 98]],

[ 84, 45, 0,[ 11, 60]],

[ 3, 75, 1,[ 18, 23, 33, 89]],

[ 78, 55, 0,[ 40, 35, 94]],

[ 30, 95, 1,[ 2, 83, 54, 95]],

[ 63, 45, 1,[ 98, 28, 88, 0, 2]],

[ 7, 25, 1,[ 82, 56, 36, 60]],

[ 38, 15, 1,[ 90, 86, 97, 47, 13, 14]],

[ 94, 85, 0,[ 61, 78, 87, 59]],

[ 80, 45, 0,[ 12, 6, 88]],

[ 41, 75, 0,[ 15, 1]],

[ 96, 25, 0,[ 88, 99, 83]],

[ 22, 75, 1,[ 21, 75, 45, 15]],

[ 8, 95, 0,[ 39, 14, 1]],

[ 32, 5, 1,[ 53, 29, 35, 72, 90]],

[ 83, 45, 1,[ 37, 96, 47, 77, 30]],

[ 64, 65, 0,[ 52, 24, 71, 81]],

[ 62, 45, 0,[ 34, 25, 59]],

[ 1, 35, 1,[ 95, 86, 41, 8]],

[ 59, 95, 1,[ 62, 94, 69, 74]],

[ 11, 45, 1,[ 72, 55, 84]],

[ 66, 15, 0,[ 88, 93, 58]],

[ 19, 15, 1,[ 34, 73]],

[ 45, 55, 0,[ 22, 6, 40]],

[ 56, 55, 0,[ 7, 51, 70]],

[ 65, 55, 0,[ 31, 92, 40]],

[ 88, 25, 1,[ 92, 66, 96, 68, 85, 63, 80]],

[ 13, 65, 1,[ 99, 68, 38]],

[ 35, 5, 1,[ 32, 78]],

[ 24, 65, 0,[ 71, 17, 99, 64]],

[ 27, 25, 1,[ 12, 91, 60, 55]],

[ 44, 65, 0,[ 98, 42, 16, 37]],

[ 67, 95, 0,[ 93, 91, 69]],

[ 51, 35, 0,[ 56, 31]],

[ 86, 35, 0,[ 1, 40, 38]],

[ 71, 65, 0,[ 24, 64, 20]],

[ 95, 95, 0,[ 30, 20, 1]],

[ 47, 15, 0,[ 72, 38, 83]],

[ 16, 65, 1,[ 44, 25, 55]],

[ 49, 55, 0,[ 6, 92, 48]],

[ 60, 25, 0,[ 84, 27, 89, 7, 23]],

[ 0, 15, 1,[ 63, 42, 14]],

[ 55, 95, 1,[ 21, 82, 16, 85, 27, 11, 36]],

[ 77, 45, 0,[ 26, 72, 83]],

[ 25, 35, 1,[ 17, 16, 26, 87, 9, 62]],

[ 20, 85, 1,[ 53, 71, 82, 95, 6]],

[ 58, 45, 0,[ 2, 5, 66]],

[ 18, 65, 1,[ 79, 53, 3]],

[ 68, 75, 0,[ 88, 13, 2]],

[ 6, 45, 1,[ 80, 81, 20, 45, 49]],

[ 69, 95, 0,[ 15, 59, 67]],

[ 93, 15, 1,[ 17, 26, 67, 33, 66]],

[ 26, 85, 0,[ 50, 25, 93, 17, 77]],

[ 23, 15, 0,[ 73, 42, 3, 60, 14]],

