[ 93, 85, 0,[ 21, 2, 46]],

[ 83, 75, 0,[ 0, 92, 82]],

[ 59, 75, 0,[ 11, 37, 87, 14, 36, 56]],

[ 40, 35, 0,[ 4, 79, 0]],

[ 2, 85, 1,[ 24, 0, 29, 5, 93, 46, 67, 71, 36]],

[ 61, 75, 0,[ 14, 13, 74]],

[ 71, 75, 0,[ 0, 2, 98]],

[ 17, 75, 0,[ 1, 88, 84]],

[ 67, 75, 0,[ 7, 70, 2]],

[ 0, 35, 1,[ 91, 25, 50, 63, 40, 49, 75, 2, 52, 83, 55, 71, 96]],

[ 42, 85, 0,[ 20, 78, 47]],

[ 60, 75, 0,[ 31, 6, 84, 5]],

[ 3, 75, 1,[ 78, 56, 30, 81, 21, 80, 69, 23, 51]],

[ 92, 75, 0,[ 57, 76, 83]],

[ 69, 75, 0,[ 82, 3, 43]],

[ 12, 75, 0,[ 7, 72, 38]],

[ 90, 85, 0,[ 72, 6, 62]],

[ 31, 75, 0,[ 60, 95, 64, 29]],

[ 50, 35, 0,[ 0, 19, 34]],

[ 51, 75, 0,[ 3, 85, 87, 6]],

[ 73, 85, 0,[ 27, 66, 63, 13]],

[ 8, 85, 0,[ 6, 53, 68]],

[ 86, 55, 0,[ 11, 38, 23]],

[ 63, 35, 0,[ 0, 32, 73]],

[ 5, 75, 1,[ 94, 2, 52, 70, 77, 76, 99, 60]],

[ 52, 35, 0,[ 10, 0, 5]],

[ 26, 85, 0,[ 25, 11, 43]],

[ 37, 75, 0,[ 81, 59, 15]],

[ 38, 75, 1,[ 15, 35, 45, 12, 86, 33, 22, 97, 96, 27]],

[ 56, 75, 0,[ 6, 59, 3]],

[ 65, 85, 0,[ 85, 81, 43]],

[ 85, 55, 0,[ 65, 11, 51]],

[ 76, 75, 0,[ 1, 5, 92]],

[ 6, 85, 1,[ 56, 51, 8, 96, 60, 33, 90, 48, 23, 32]],

[ 44, 85, 0,[ 23, 11, 25]],

[ 74, 75, 0,[ 61, 45, 18]],

[ 89, 75, 0,[ 36, 49, 47]],

[ 77, 75, 0,[ 34, 5, 30]],

[ 27, 75, 0,[ 38, 11, 73]],

[ 84, 75, 0,[ 28, 60, 17]],

[ 39, 75, 0,[ 98, 99, 30]],

[ 23, 85, 0,[ 3, 86, 6, 44]],

[ 13, 85, 0,[ 61, 73, 58, 20]],

[ 57, 75, 0,[ 79, 92, 22]],

[ 24, 85, 0,[ 78, 66, 2]],

[ 22, 75, 0,[ 57, 38, 75]],

[ 97, 75, 0,[ 10, 29, 38]],

[ 41, 55, 0,[ 10, 11, 58]],

[ 75, 35, 0,[ 1, 22, 0, 55]],

[ 34, 75, 0,[ 11, 36, 58, 50, 15, 77]],

[ 81, 75, 0,[ 65, 3, 37]],

[ 10, 15, 1,[ 52, 80, 97, 53, 41]],

[ 64, 75, 0,[ 47, 11, 31]],

[ 66, 85, 0,[ 46, 73, 24]],

[ 9, 85, 0,[ 55, 25, 68]],

[ 53, 85, 0,[ 10, 8, 11]],

[ 36, 75, 0,[ 89, 34, 59, 82, 2]],

[ 1, 85, 1,[ 17, 75, 43, 28, 76]],

[ 35, 15, 1,[ 11, 87, 38]],

[ 55, 35, 0,[ 19, 0, 9, 48, 75]],

[ 94, 75, 0,[ 16, 5, 32, 14]],

[ 21, 85, 0,[ 68, 93, 3]],

[ 87, 75, 0,[ 35, 59, 95, 51, 72]],

[ 95, 75, 0,[ 31, 87]],

[ 29, 75, 0,[ 49, 97, 82, 31, 2]],

[ 33, 75, 0,[ 38, 6]],

[ 43, 85, 0,[ 69, 26, 65, 1]],

[ 19, 35, 0,[ 55, 4, 50]],

[ 48, 35, 0,[ 55, 6, 18]],

[ 30, 75, 0,[ 39, 88, 77, 3]],

[ 62, 85, 0,[ 90, 11, 20]],

[ 99, 75, 0,[ 5, 20, 39]],

[ 14, 75, 0,[ 59, 94, 61]],

[ 88, 75, 0,[ 17, 30, 54, 91]],

[ 70, 75, 0,[ 32, 47, 67, 5]],

[ 82, 75, 0,[ 83, 36, 69, 29]],

[ 96, 35, 0,[ 0, 38, 6]],

[ 58, 85, 0,[ 41, 13, 34]],

[ 45, 75, 0,[ 74, 38, 46]],

[ 49, 75, 0,[ 89, 29, 11, 18, 0]],

[ 54, 75, 0,[ 88, 11, 16]],

[ 11, 55, 1,[ 41, 26, 54, 35, 98, 27, 86, 62, 46, 59, 91, 85, 53, 34, 44, 49, 79, 28, 64]],

[ 78, 85, 0,[ 3, 24, 42]],

[ 18, 75, 0,[ 49, 74, 48]],

[ 4, 35, 0,[ 40, 7, 19]],

[ 79, 55, 0,[ 57, 40, 11]],

[ 68, 85, 0,[ 9, 21, 8]],

[ 46, 85, 0,[ 93, 11, 66, 45, 2]],

[ 72, 75, 0,[ 90, 87, 12]],

[ 15, 75, 0,[ 37, 34, 38]],

[ 28, 55, 0,[ 1, 84, 11]],

[ 7, 75, 0,[ 12, 4, 67]],

[ 91, 55, 0,[ 11, 88, 0]],

[ 32, 75, 0,[ 70, 94, 6, 63]],

[ 47, 75, 0,[ 89, 64, 70, 42]],

[ 16, 75, 0,[ 94, 54, 80]],

[ 98, 75, 0,[ 71, 11, 39]],

[ 25, 85, 0,[ 9, 44, 0, 26]],

[ 80, 75, 0,[ 3, 10, 16]],

[ 20, 85, 0,[ 42, 13, 99, 62]],

