[ 99, 5, 1,[ 0, 73, 43, 77]],

[ 94, 45, 0,[ 1, 78, 26]],

[ 64, 35, 0,[ 93, 4, 31]],

[ 12, 55, 1,[ 40, 38, 14]],

[ 22, 25, 1,[ 27, 26, 48]],

[ 48, 95, 1,[ 67, 55, 22]],

[ 59, 45, 1,[ 36, 91, 5, 82, 42]],

[ 14, 15, 1,[ 78, 55, 12]],

[ 35, 5, 1,[ 5, 52, 77]],

[ 89, 75, 0,[ 11, 55, 30, 90]],

[ 42, 45, 0,[ 59, 66, 84]],

[ 90, 55, 0,[ 82, 72, 89]],

[ 10, 25, 1,[ 69, 61, 25, 41, 32, 47]],

[ 8, 65, 0,[ 38, 7]],

[ 45, 5, 0,[ 11, 80, 41]],

[ 80, 75, 0,[ 5, 83, 45]],

[ 65, 5, 0,[ 98, 37, 13]],

[ 78, 65, 0,[ 56, 94, 14]],

[ 9, 15, 1,[ 0, 92, 36, 72]],

[ 97, 5, 0,[ 6, 63, 13]],

[ 29, 5, 1,[ 4, 57, 86]],

[ 28, 85, 1,[ 37, 16, 73, 30]],

[ 72, 55, 1,[ 21, 76, 9, 3, 90, 50]],

[ 30, 5, 1,[ 28, 89, 1]],

[ 93, 15, 1,[ 64, 37, 62]],

[ 58, 25, 0,[ 23, 46, 6, 34]],

[ 33, 95, 0,[ 1, 57, 37]],

[ 46, 65, 1,[ 54, 81, 58, 74]],

[ 86, 5, 1,[ 29, 31, 47, 68]],

[ 84, 95, 1,[ 42, 2, 3]],

[ 68, 25, 1,[ 20, 32, 2, 86, 16]],

[ 96, 95, 0,[ 57, 98, 71, 6]],

[ 31, 35, 0,[ 39, 86, 64]],

[ 74, 75, 0,[ 37, 46]],

[ 20, 85, 1,[ 38, 77, 68]],

[ 19, 25, 0,[ 83, 6]],

[ 4, 5, 1,[ 64, 16, 69, 29]],

[ 17, 45, 1,[ 54, 13, 75]],

[ 24, 5, 0,[ 13, 27, 0]],

[ 87, 35, 0,[ 18, 1, 49]],

[ 75, 5, 1,[ 17, 61, 83, 79]],

[ 36, 85, 1,[ 9, 44, 59]],

[ 92, 5, 0,[ 9, 79, 50, 40]],

[ 38, 75, 1,[ 20, 55, 8, 12]],

[ 32, 15, 1,[ 18, 68, 56, 10, 23]],

[ 82, 45, 0,[ 59, 0, 90]],

[ 49, 5, 0,[ 13, 37, 87]],

[ 62, 5, 0,[ 71, 73, 93]],

[ 71, 5, 0,[ 5, 62, 96]],

[ 54, 5, 1,[ 60, 5, 46, 25, 34, 17]],

[ 11, 95, 1,[ 45, 57, 89]],

[ 43, 15, 1,[ 99, 44, 67]],

[ 76, 55, 0,[ 26, 72, 27]],

[ 16, 85, 1,[ 28, 4, 53, 68]],

[ 91, 85, 0,[ 77, 53, 59]],

[ 85, 25, 0,[ 88, 81]],

[ 34, 85, 1,[ 58, 27, 54]],

[ 21, 95, 1,[ 72, 53, 61]],

[ 61, 95, 0,[ 21, 75, 10]],

[ 60, 45, 0,[ 52, 54, 25]],

[ 41, 55, 0,[ 45, 51, 10]],

[ 3, 5, 1,[ 84, 72, 53]],

[ 2, 25, 1,[ 18, 68, 84]],

[ 25, 55, 1,[ 54, 10, 60]],

[ 51, 55, 0,[ 41, 66, 98]],

[ 73, 85, 0,[ 62, 99, 28]],

[ 15, 65, 0,[ 56, 69]],

[ 98, 5, 0,[ 51, 65, 96]],

[ 6, 25, 1,[ 97, 44, 19, 96, 58, 7]],

[ 40, 5, 0,[ 92, 12, 13]],

[ 27, 75, 1,[ 24, 76, 95, 22, 39, 34]],

[ 56, 65, 0,[ 88, 32, 15, 78]],

[ 47, 5, 0,[ 10, 86]],

[ 39, 35, 0,[ 50, 31, 27]],

[ 79, 75, 0,[ 5, 75, 92]],

[ 55, 75, 1,[ 89, 38, 81, 14, 63, 48]],

[ 53, 5, 1,[ 21, 91, 3, 16]],

[ 0, 95, 1,[ 24, 82, 99, 9]],

[ 77, 85, 1,[ 20, 70, 91, 88, 99, 35]],

[ 13, 5, 1,[ 24, 97, 49, 52, 17, 65, 40]],

[ 66, 65, 0,[ 7, 51, 42]],

[ 37, 75, 1,[ 33, 44, 74, 65, 49, 28, 93]],

[ 52, 45, 1,[ 60, 35, 13]],

[ 44, 85, 1,[ 43, 37, 6, 36, 67]],

[ 88, 25, 1,[ 77, 56, 85]],

[ 95, 75, 0,[ 27]],

[ 83, 85, 0,[ 19, 80, 75]],

[ 67, 85, 0,[ 43, 44, 48]],

[ 1, 45, 1,[ 87, 30, 94, 33]],

[ 18, 35, 1,[ 32, 70, 2, 87]],

[ 57, 95, 1,[ 63, 96, 29, 33, 11]],

[ 81, 75, 0,[ 46, 85, 55]],

[ 63, 95, 0,[ 55, 57, 97]],

[ 26, 25, 0,[ 22, 70, 76, 94]],

[ 70, 85, 0,[ 23, 77, 26, 18]],

[ 69, 25, 0,[ 15, 4, 10]],

[ 23, 15, 0,[ 32, 58, 70]],

[ 5, 75, 1,[ 79, 59, 71, 35, 54, 80]],

[ 50, 65, 0,[ 92, 7, 72, 39]],

[ 7, 65, 1,[ 8, 50, 6, 66]],

