[ 89, 75, 0,[ 25, 9, 90]],

[ 55, 75, 0,[ 34, 93, 52]],

[ 0, 25, 1,[ 79, 6, 1, 2, 99, 50, 38]],

[ 81, 75, 0,[ 92, 34, 19, 15, 90]],

[ 66, 75, 0,[ 34, 26]],

[ 69, 75, 0,[ 87, 96, 95]],

[ 58, 75, 0,[ 47, 48, 60, 8]],

[ 43, 75, 0,[ 88, 84, 33, 30]],

[ 50, 75, 0,[ 30, 8, 0]],

[ 6, 45, 1,[ 78, 72, 93, 1, 16, 0]],

[ 91, 75, 0,[ 2, 51, 38, 92, 32, 90]],

[ 64, 75, 0,[ 48, 22, 59]],

[ 70, 75, 0,[ 52, 2, 82]],

[ 53, 75, 0,[ 41, 74, 44, 94]],

[ 62, 75, 0,[ 65, 3, 95]],

[ 12, 75, 0,[ 65, 96, 28]],

[ 88, 75, 0,[ 43, 56, 67]],

[ 11, 65, 1,[ 57, 98, 42, 2, 34]],

[ 16, 75, 1,[ 3, 6, 1]],

[ 73, 75, 0,[ 25, 75]],

[ 83, 75, 0,[ 57, 7, 33, 34, 15]],

[ 76, 75, 0,[ 37, 4, 30]],

[ 96, 75, 0,[ 57, 69, 12, 46, 20, 63, 94]],

[ 31, 75, 0,[ 97, 41, 52, 61]],

[ 65, 75, 0,[ 84, 93, 62, 97, 33, 74, 12]],

[ 5, 75, 1,[ 32, 18, 2, 1]],

[ 79, 75, 0,[ 25, 36, 0, 10]],

[ 57, 75, 0,[ 45, 83, 11, 44, 96, 1]],

[ 1, 75, 1,[ 46, 16, 23, 10, 57, 30, 5, 6, 45, 3, 0, 86, 2]],

[ 24, 75, 0,[ 28, 94, 23, 22]],

[ 23, 75, 0,[ 24, 20, 3, 75, 1]],

[ 32, 75, 0,[ 63, 5, 91]],

[ 75, 75, 0,[ 23, 73, 35]],

[ 80, 75, 0,[ 95, 22, 25, 46]],

[ 36, 75, 0,[ 71, 95, 79, 21]],

[ 34, 75, 0,[ 83, 11, 81, 55, 66]],

[ 42, 75, 0,[ 11, 2, 29]],

[ 37, 75, 0,[ 76, 2, 26]],

[ 30, 75, 0,[ 50, 43, 1, 76]],

[ 93, 75, 0,[ 6, 55, 68, 65]],

[ 18, 75, 0,[ 38, 17, 5]],

[ 71, 75, 0,[ 74, 36, 17]],

[ 47, 75, 0,[ 86, 4, 58]],

[ 45, 75, 0,[ 57, 1]],

[ 29, 75, 0,[ 60, 42, 33]],

[ 41, 75, 0,[ 31, 14, 53]],

[ 87, 75, 0,[ 77, 69, 40]],

[ 52, 75, 0,[ 55, 70, 31, 19]],

[ 49, 75, 0,[ 51, 44, 7, 17]],

[ 9, 75, 0,[ 98, 89, 99]],

[ 26, 75, 0,[ 66, 37, 77, 39, 59]],

[ 10, 75, 1,[ 3, 82, 85, 46, 79, 1]],

[ 4, 75, 0,[ 3, 63, 76, 67, 47]],

[ 20, 75, 0,[ 3, 96, 23]],

[ 78, 75, 0,[ 2, 54, 6, 85, 27]],

[ 56, 75, 0,[ 88, 3, 61]],

[ 19, 75, 0,[ 68, 51, 13, 52, 81]],

[ 99, 75, 0,[ 0, 85, 9, 14, 8, 39]],

[ 63, 75, 0,[ 4, 32, 96]],

[ 7, 75, 0,[ 49, 83, 60]],

[ 15, 75, 0,[ 83, 28, 81]],

[ 90, 75, 0,[ 89, 91, 81]],

[ 38, 55, 1,[ 0, 28, 91, 18]],

[ 94, 75, 0,[ 96, 24, 53, 13, 33]],

[ 84, 75, 0,[ 65, 22, 43]],

[ 17, 75, 0,[ 71, 49, 54, 18]],

[ 13, 75, 0,[ 28, 19, 94]],

[ 44, 75, 0,[ 57, 54, 53, 49]],

[ 48, 75, 0,[ 21, 64, 58]],

[ 97, 75, 0,[ 33, 65, 31]],

[ 67, 75, 0,[ 77, 8, 88, 4]],

[ 68, 75, 0,[ 93, 19]],

[ 2, 75, 1,[ 3, 86, 1, 60, 0, 91, 5, 42, 78, 70, 37, 11]],

[ 27, 75, 0,[ 78]],

[ 86, 75, 0,[ 47, 22, 1, 2]],

[ 46, 75, 0,[ 10, 96, 92, 80, 1]],

[ 40, 75, 0,[ 61, 87, 33]],

[ 25, 75, 0,[ 73, 89, 80, 79]],

[ 74, 75, 0,[ 71, 53, 65]],

[ 21, 75, 0,[ 36, 48, 14]],

[ 8, 75, 0,[ 67, 58, 99, 50]],

[ 28, 75, 0,[ 24, 12, 15, 13, 38]],

[ 54, 75, 0,[ 78, 44, 17]],

[ 39, 75, 0,[ 26, 99, 61]],

[ 85, 75, 0,[ 10, 99, 72, 78]],

[ 51, 75, 0,[ 19, 91, 49]],

[ 92, 75, 0,[ 46, 81, 91]],

[ 35, 75, 0,[ 3, 22, 75]],

[ 61, 75, 0,[ 56, 31, 39, 40]],

[ 95, 75, 0,[ 36, 62, 80, 69]],

[ 22, 75, 0,[ 64, 24, 84, 80, 35, 86]],

[ 14, 75, 0,[ 99, 21, 59, 41]],

[ 60, 75, 0,[ 7, 2, 29, 58]],

[ 72, 75, 0,[ 6, 82, 85]],

[ 77, 75, 0,[ 87, 26, 67]],

[ 98, 75, 0,[ 9, 11]],

[ 33, 75, 0,[ 65, 97, 94, 83, 43, 40, 29]],

[ 59, 75, 0,[ 26, 64, 14]],

[ 82, 75, 0,[ 70, 10, 72]],

[ 3, 75, 1,[ 4, 20, 16, 35, 62, 10, 23, 2, 1, 56]],

[ 21, 55, 0,[ 45, 65, 96, 3]],

[ 38, 25, 1,[ 82, 93, 44, 12, 35, 65, 64, 91]],

[ 24, 55, 0,[ 46, 8, 62]],

[ 94, 55, 0,[ 2, 18, 1]],

[ 97, 55, 0,[ 29, 10, 93]],

[ 91, 55, 0,[ 0, 32, 38]],

[ 16, 55, 0,[ 19, 31, 3]],

[ 90, 55, 0,[ 87, 83, 85]],

[ 50, 55, 0,[ 54, 66, 78]],

[ 68, 55, 0,[ 67, 22, 32, 75, 6]],

[ 39, 55, 0,[ 46, 63, 26]],

[ 51, 55, 0,[ 80, 85, 3]],

[ 5, 5, 1,[ 30, 73, 95, 13, 48, 37, 2, 1]],

[ 19, 55, 0,[ 34, 82, 18, 16, 4, 96]],

[ 42, 55, 0,[ 40, 28, 76, 46]],

[ 4, 55, 0,[ 12, 19, 99]],

[ 99, 55, 0,[ 31, 23, 17, 4]],

[ 9, 55, 0,[ 10, 13, 89]],

[ 88, 55, 0,[ 41, 30, 3]],

[ 56, 55, 0,[ 70, 75, 52]],

[ 13, 55, 0,[ 5, 18, 2, 32, 9, 74]],

[ 53, 55, 0,[ 62, 29, 41]],

[ 46, 55, 0,[ 55, 24, 61, 42, 39, 7]],

[ 85, 55, 0,[ 40, 90, 51]],

[ 81, 55, 0,[ 10, 41]],

[ 28, 45, 1,[ 42, 78, 92, 34, 1, 87, 2, 63, 31]],

[ 96, 55, 0,[ 21, 23, 19]],

[ 20, 55, 0,[ 79, 89, 65, 61]],

[ 7, 55, 0,[ 35, 27, 71, 46, 0]],

[ 61, 55, 0,[ 78, 20, 47, 46, 55]],

[ 23, 55, 0,[ 35, 99, 96]],

[ 11, 55, 1,[ 93, 2, 36, 33, 86, 37, 57]],

[ 69, 55, 0,[ 12, 6, 34]],

[ 15, 55, 0,[ 89, 59, 37]],

[ 98, 55, 0,[ 35]],

[ 82, 55, 0,[ 32, 19, 38]],

[ 93, 55, 0,[ 38, 10, 97, 11]],

[ 79, 55, 0,[ 86, 70, 20]],

[ 18, 55, 0,[ 71, 60, 13, 94, 19]],

[ 12, 55, 0,[ 69, 4, 38, 77]],

[ 72, 55, 0,[ 2, 87, 6]],

[ 55, 55, 0,[ 61, 3, 46]],

[ 27, 55, 0,[ 22, 17, 7]],

[ 78, 55, 0,[ 52, 49, 61, 28, 50]],

[ 92, 55, 0,[ 64, 95, 28, 2]],

[ 40, 55, 0,[ 85, 42, 57]],

[ 2, 85, 1,[ 5, 3, 0, 92, 28, 72, 1, 13, 94, 11]],

[ 58, 55, 0,[ 25, 57, 26, 1]],

[ 67, 55, 0,[ 95, 3, 68]],

[ 35, 55, 0,[ 98, 7, 32, 23, 38, 30, 52]],

[ 47, 55, 0,[ 61, 64, 52]],

[ 45, 55, 0,[ 17, 21, 48]],

[ 17, 55, 0,[ 27, 45, 99, 33]],

[ 44, 55, 0,[ 6, 38, 84]],

[ 49, 55, 0,[ 78]],

[ 74, 55, 0,[ 8, 33, 13, 63]],

[ 3, 55, 1,[ 14, 2, 51, 16, 10, 55, 67, 36, 1, 88, 43, 21]],

[ 32, 55, 0,[ 6, 91, 82, 70, 68, 35, 13]],

[ 66, 55, 0,[ 59, 84, 50]],

[ 75, 55, 0,[ 56, 0, 68, 62]],

[ 34, 55, 0,[ 19, 80, 28, 69]],

[ 95, 55, 0,[ 67, 5, 92]],

[ 62, 55, 0,[ 24, 75, 53, 43]],

[ 84, 55, 0,[ 37, 44, 87, 66]],

[ 37, 55, 0,[ 63, 84, 15, 5, 11]],

[ 87, 55, 0,[ 72, 90, 84, 28, 77]],

[ 64, 55, 0,[ 92, 47, 38]],

[ 59, 55, 0,[ 15, 6, 66]],

[ 76, 55, 0,[ 60, 25, 42]],

[ 8, 55, 0,[ 77, 24, 74]],

[ 57, 55, 0,[ 11, 58, 40]],

[ 63, 55, 0,[ 39, 28, 37, 74]],

[ 41, 55, 0,[ 81, 53, 88]],

[ 48, 55, 0,[ 80, 5, 45]],

[ 1, 55, 1,[ 6, 89, 28, 94, 2, 58, 10, 5, 3, 54, 0]],

[ 83, 55, 0,[ 10, 6, 90]],

[ 80, 55, 0,[ 34, 48, 22, 51]],

[ 26, 55, 0,[ 39, 58]],

[ 43, 55, 0,[ 62, 3, 71]],

[ 33, 55, 0,[ 11, 74, 17]],

[ 86, 55, 0,[ 11, 79]],

[ 71, 55, 0,[ 7, 43, 18]],

[ 54, 55, 0,[ 1, 52, 6, 50]],

[ 70, 55, 0,[ 32, 79, 56]],

[ 14, 55, 0,[ 73, 10, 3]],

[ 60, 55, 0,[ 18, 76]],

[ 6, 55, 1,[ 72, 29, 32, 59, 1, 83, 44, 54, 73, 69, 68]],

[ 73, 55, 0,[ 14, 5, 6]],

[ 30, 55, 0,[ 88, 5, 35]],

[ 10, 65, 1,[ 36, 93, 3, 83, 9, 14, 97, 81, 1]],

[ 25, 55, 0,[ 89, 58, 76]],

[ 36, 55, 0,[ 10, 11, 3]],

[ 89, 55, 0,[ 25, 1, 20, 9, 15]],

[ 22, 55, 0,[ 27, 68, 80]],

[ 31, 55, 0,[ 28, 16, 99]],

[ 0, 35, 1,[ 1, 91, 7, 2, 75]],

[ 52, 55, 0,[ 47, 56, 54, 35, 78]],

[ 77, 55, 0,[ 12, 87, 8]],

[ 29, 55, 0,[ 6, 53, 97]],

[ 65, 55, 0,[ 38, 21, 20]],

