[ 69, 5, 0,[ 91, 37, 67]],

[ 93, 15, 0,[ 99, 98, 86]],

[ 73, 75, 1,[ 36, 14, 59, 48, 5, 94, 20, 35, 72, 92, 70]],

[ 16, 55, 0,[ 7, 86, 95]],

[ 71, 45, 0,[ 44, 33, 99]],

[ 83, 55, 0,[ 91, 78, 49]],

[ 30, 15, 0,[ 74, 25, 62, 11]],

[ 7, 55, 0,[ 91, 23, 16]],

[ 85, 15, 0,[ 4, 0, 99, 32]],

[ 82, 35, 0,[ 91, 56, 40]],

[ 54, 15, 0,[ 36, 67, 43]],

[ 11, 85, 0,[ 30, 91, 84]],

[ 38, 15, 0,[ 89, 86, 99]],

[ 14, 45, 0,[ 91, 73, 99]],

[ 1, 95, 0,[ 55, 74, 91, 99]],

[ 10, 55, 0,[ 6, 49, 78]],

[ 33, 45, 0,[ 71, 42, 34]],

[ 9, 15, 0,[ 74, 65, 78]],

[ 52, 15, 0,[ 78, 76, 99, 21, 61]],

[ 22, 15, 0,[ 43, 74, 41]],

[ 0, 15, 0,[ 99, 41, 85]],

[ 18, 15, 0,[ 62, 74, 36]],

[ 19, 15, 0,[ 99, 41, 42]],

[ 78, 35, 1,[ 66, 53, 65, 10, 52, 25, 2, 59, 32, 9, 44, 21, 6, 13, 61, 83, 20]],

[ 57, 15, 0,[ 41, 72, 28]],

[ 95, 85, 0,[ 16, 41, 68]],

[ 28, 15, 0,[ 57, 91, 29]],

[ 96, 85, 0,[ 77, 74, 23]],

[ 70, 15, 0,[ 17, 73, 53]],

[ 64, 15, 0,[ 13, 41, 98]],

[ 32, 15, 0,[ 85, 78, 86]],

[ 25, 15, 0,[ 78, 30, 99]],

[ 46, 5, 0,[ 62, 3, 67]],

[ 20, 5, 0,[ 78, 58, 73]],

[ 56, 35, 0,[ 99, 82, 67]],

[ 60, 5, 0,[ 51, 37, 41]],

[ 86, 15, 1,[ 15, 93, 58, 32, 88, 31, 80, 68, 47, 29, 76, 55, 38, 49, 16, 81]],

[ 66, 5, 0,[ 78, 67, 91]],

[ 58, 15, 0,[ 20, 88, 86]],

[ 26, 15, 0,[ 91, 34, 74, 48]],

[ 49, 55, 0,[ 83, 10, 86]],

[ 17, 15, 0,[ 23, 74, 70]],

[ 55, 55, 0,[ 23, 86, 1]],

[ 63, 45, 0,[ 45, 39, 87, 23]],

[ 41, 25, 1,[ 19, 95, 50, 57, 79, 64, 39, 27, 29, 0, 4, 22, 12, 8, 60, 40, 84]],

[ 3, 5, 0,[ 67, 46, 50]],

[ 6, 15, 0,[ 10, 15, 78, 50]],

[ 65, 15, 0,[ 35, 5, 78, 9]],

[ 88, 15, 0,[ 58, 86, 62]],

[ 76, 15, 0,[ 62, 52, 86]],

[ 13, 5, 0,[ 67, 64, 78]],

[ 75, 15, 0,[ 99, 97, 90]],

[ 42, 45, 0,[ 19, 67, 33]],

[ 5, 5, 0,[ 73, 65, 2]],

[ 92, 5, 0,[ 74, 99, 73]],

[ 62, 25, 1,[ 88, 97, 30, 18, 46, 98, 8, 76]],

[ 97, 15, 0,[ 62, 75, 74]],

[ 61, 45, 0,[ 52, 78, 91]],

[ 31, 55, 0,[ 86, 84, 23]],

[ 50, 15, 0,[ 6, 3, 41, 84]],

[ 27, 15, 0,[ 74, 41, 48]],

[ 37, 5, 0,[ 69, 67, 60]],

[ 98, 15, 0,[ 93, 62, 12, 64]],

[ 29, 15, 0,[ 86, 41, 28]],

[ 80, 55, 0,[ 99, 72, 86]],

[ 81, 85, 0,[ 91, 86, 68]],

[ 44, 45, 0,[ 71, 99, 78]],

[ 43, 15, 0,[ 54, 22, 21]],

[ 51, 5, 0,[ 67, 60, 23]],

[ 39, 15, 0,[ 63, 74, 41]],

[ 45, 15, 0,[ 63, 99, 35]],

[ 24, 15, 0,[ 36, 99, 74]],

[ 68, 85, 0,[ 95, 81, 86]],

[ 87, 5, 0,[ 63, 94, 74]],

[ 34, 15, 0,[ 33, 12, 99, 26, 23]],

[ 67, 35, 1,[ 79, 3, 51, 94, 54, 89, 90, 47, 56, 2, 42, 69, 37, 66, 46, 84, 13]],

[ 74, 15, 1,[ 17, 39, 30, 87, 96, 26, 40, 27, 1, 18, 24, 92, 23, 9, 97, 22]],

[ 72, 55, 0,[ 57, 80, 73]],

[ 8, 15, 0,[ 41, 62, 89]],

[ 21, 15, 0,[ 78, 43, 52]],

[ 47, 5, 0,[ 67, 86, 77]],

[ 91, 25, 1,[ 81, 7, 26, 11, 1, 61, 28, 82, 90, 66, 83, 69, 14, 15]],

[ 94, 5, 0,[ 73, 67, 87]],

[ 4, 15, 0,[ 41, 59, 85, 23]],

[ 40, 15, 0,[ 82, 74, 41]],

[ 77, 85, 0,[ 90, 96, 47]],

[ 23, 15, 1,[ 74, 17, 31, 51, 55, 96, 36, 4, 63, 7, 34]],

[ 2, 5, 0,[ 78, 5, 67]],

[ 84, 55, 0,[ 41, 50, 11, 31, 67]],

[ 59, 5, 0,[ 4, 78, 73]],

[ 89, 15, 0,[ 99, 67, 8, 38]],

[ 90, 15, 0,[ 77, 67, 91, 75]],

[ 53, 15, 0,[ 48, 70, 78]],

[ 15, 55, 0,[ 86, 6, 91]],

[ 36, 15, 0,[ 24, 23, 54, 73, 79, 18]],

[ 12, 15, 0,[ 98, 41, 34]],

[ 48, 15, 0,[ 73, 26, 27, 53]],

[ 99, 15, 1,[ 92, 44, 71, 14, 89, 34, 25, 1, 52, 24, 56, 45, 85, 19, 93, 38, 75, 80, 0]],

[ 35, 15, 0,[ 73, 45, 65]],

[ 79, 15, 0,[ 41, 36, 67]],

[ 7, 35, 0,[ 23, 75, 49]],

[ 75, 35, 1,[ 55, 63, 59, 4, 76, 24, 44, 52, 22, 51, 18, 43, 28, 84, 50, 7]],

[ 97, 35, 0,[ 17, 11, 23]],

[ 60, 35, 0,[ 8, 93, 45]],

[ 39, 95, 0,[ 23, 19, 8]],

[ 61, 35, 0,[ 93, 45, 85]],

[ 20, 35, 0,[ 64, 30, 79]],

[ 27, 35, 0,[ 74, 23, 55]],

[ 57, 35, 0,[ 1, 62, 42]],

[ 56, 35, 0,[ 23, 64, 70]],

[ 23, 25, 1,[ 34, 68, 39, 28, 15, 10, 71, 7, 6, 27, 33, 26, 12, 85, 1, 53, 97, 70, 56, 90]],

[ 58, 35, 0,[ 45, 42, 30, 70]],

[ 16, 35, 0,[ 93, 62, 85]],

[ 35, 35, 0,[ 45, 81, 52]],

[ 32, 35, 0,[ 96, 72, 64]],

[ 2, 95, 0,[ 42, 49, 8]],

[ 52, 35, 0,[ 35, 75, 83]],

[ 13, 45, 0,[ 42, 96, 54]],

[ 38, 35, 0,[ 84, 96, 93]],

[ 93, 35, 1,[ 59, 61, 85, 53, 26, 37, 21, 80, 60, 38, 16, 30, 22, 47]],

[ 81, 85, 0,[ 8, 35]],

[ 76, 35, 0,[ 70, 75, 42]],

[ 71, 35, 0,[ 54, 67, 23]],

[ 87, 35, 0,[ 21, 19, 28, 83]],

[ 9, 35, 0,[ 94, 42, 89]],

[ 11, 35, 0,[ 64, 97, 83]],

[ 15, 35, 0,[ 12, 23]],

[ 4, 35, 0,[ 42, 3, 26, 75]],

[ 0, 35, 0,[ 89, 43, 8, 62]],

[ 53, 35, 0,[ 23, 10, 98, 93]],

[ 19, 35, 0,[ 39, 87, 10]],

[ 73, 95, 0,[ 8]],

[ 69, 95, 0,[ 96, 8, 54]],

[ 78, 95, 0,[ 62, 64, 96]],

[ 10, 35, 0,[ 23, 53, 19]],

[ 88, 35, 0,[ 83, 62, 5]],

[ 59, 35, 0,[ 93, 31, 96, 75]],

[ 65, 35, 0,[ 34, 1, 96]],

[ 3, 35, 0,[ 44, 4, 46]],

[ 33, 35, 0,[ 23, 74]],

[ 83, 35, 1,[ 88, 92, 87, 43, 17, 11, 52, 41, 94, 46]],

[ 21, 35, 0,[ 93, 40, 87]],

[ 40, 35, 0,[ 50, 21, 42]],

[ 91, 35, 0,[ 12, 64, 77]],

[ 49, 35, 0,[ 2, 45, 7, 24, 92]],

[ 28, 35, 0,[ 87, 23, 75]],

[ 98, 35, 0,[ 53, 17, 47]],

[ 46, 35, 0,[ 83, 12, 3]],

[ 82, 35, 0,[ 54]],

[ 34, 35, 0,[ 23, 64, 65]],

[ 37, 35, 0,[ 64, 17, 93]],

[ 12, 35, 0,[ 91, 15, 23, 46]],

[ 1, 35, 0,[ 65, 96, 57, 23]],

[ 67, 45, 0,[ 62, 71, 96]],

[ 41, 35, 0,[ 83, 45, 63]],

[ 36, 35, 0,[ 96, 80, 95]],

[ 44, 35, 0,[ 62, 75, 3]],

[ 47, 35, 0,[ 64, 93, 98]],

[ 72, 35, 0,[ 32, 45, 94]],

[ 43, 35, 0,[ 75, 0, 83]],

[ 51, 35, 0,[ 8, 75]],

[ 79, 35, 0,[ 20, 42, 30]],

[ 84, 35, 0,[ 38, 75, 48]],

[ 62, 35, 1,[ 18, 86, 67, 44, 29, 89, 16, 78, 88, 6, 0, 57, 95]],

[ 42, 35, 1,[ 4, 31, 13, 76, 24, 79, 9, 86, 58, 57, 40, 90, 2, 55]],

[ 99, 35, 0,[ 80, 74, 8]],

[ 54, 45, 0,[ 69, 82, 13, 71, 96]],

[ 92, 35, 0,[ 49, 86, 83]],

[ 70, 35, 0,[ 23, 56, 76, 58]],

[ 31, 25, 0,[ 59, 48, 42]],

[ 80, 35, 0,[ 93, 36, 8, 99]],

[ 68, 95, 0,[ 8, 23, 48]],

[ 6, 95, 0,[ 24, 62, 23]],

[ 26, 35, 0,[ 23, 4, 93]],

[ 66, 95, 0,[ 25, 8]],

[ 24, 35, 0,[ 75, 6, 49, 42]],

[ 95, 35, 0,[ 62, 36, 29]],

[ 50, 35, 0,[ 22, 75, 40, 45]],

[ 90, 35, 0,[ 63, 42, 23]],

[ 48, 95, 0,[ 84, 68, 31, 8]],

[ 96, 75, 1,[ 74, 65, 59, 86, 69, 67, 36, 1, 32, 78, 54, 38, 77, 13]],

[ 18, 35, 0,[ 75, 62, 64]],

[ 17, 35, 0,[ 97, 98, 37, 83]],

[ 63, 35, 0,[ 75, 41, 90]],

[ 25, 95, 0,[ 66, 5]],

[ 55, 35, 0,[ 75, 42, 27]],

[ 64, 35, 1,[ 18, 34, 37, 47, 11, 78, 91, 32, 20, 56]],

[ 30, 35, 0,[ 58, 20, 79, 93]],

[ 14, 35, 0,[]],

[ 5, 35, 0,[ 25, 8, 88]],

[ 8, 95, 1,[ 73, 2, 39, 81, 69, 0, 66, 48, 51, 68, 5, 99, 77, 60, 80]],

[ 45, 35, 1,[ 35, 49, 72, 61, 58, 41, 50, 60]],

[ 85, 35, 0,[ 16, 61, 23, 93]],

[ 77, 45, 0,[ 96, 91, 8]],

[ 86, 95, 0,[ 96, 92, 42, 62]],

[ 29, 35, 0,[ 95, 62]],

[ 74, 35, 0,[ 99, 27, 33, 96]],

[ 94, 35, 0,[ 83, 72, 9]],

[ 22, 35, 0,[ 75, 50, 93]],

[ 89, 35, 0,[ 9, 62, 0]],

