[ 47, 55, 0,[ 27, 86, 46]],

[ 4, 25, 1,[ 30, 65, 11]],

[ 5, 35, 1,[ 34, 60, 36]],

[ 6, 35, 1,[ 38, 13, 14]],

[ 24, 65, 1,[ 62, 58, 35, 41]],

[ 57, 25, 1,[ 23, 49]],

[ 51, 5, 0,[ 53]],

[ 53, 5, 1,[ 88, 76, 51, 55, 68]],

[ 89, 25, 0,[ 91, 44, 85, 31, 69]],

[ 58, 75, 0,[ 24, 23, 75]],

[ 30, 5, 1,[ 90, 4, 82]],

[ 70, 55, 0,[ 7, 43, 33]],

[ 16, 65, 1,[ 19, 34]],

[ 78, 65, 0,[ 82, 95, 23]],

[ 14, 5, 1,[ 65, 15, 6, 75]],

[ 74, 45, 0,[ 72, 84, 37]],

[ 55, 35, 1,[ 53, 25, 0]],

[ 54, 75, 1,[ 73, 93, 48]],

[ 8, 65, 0,[ 3, 72, 92]],

[ 33, 55, 0,[ 3, 70, 97]],

[ 83, 95, 0,[ 82, 68, 29]],

[ 72, 45, 1,[ 29, 8, 22, 74]],

[ 94, 45, 1,[ 98, 18, 67, 43, 25, 27]],

[ 44, 25, 0,[ 89, 31]],

[ 25, 85, 1,[ 87, 94, 55]],

[ 52, 35, 1,[ 18, 46, 62, 28]],

[ 75, 5, 0,[ 35, 14, 58]],

[ 90, 15, 0,[ 67, 43, 30]],

[ 69, 25, 0,[ 82, 37, 89]],

[ 29, 95, 1,[ 97, 66, 63, 28, 35, 11, 83, 42, 13, 72]],

[ 56, 35, 1,[ 7, 86, 49, 38]],

[ 84, 45, 0,[ 42, 74, 88]],

[ 17, 55, 1,[ 41, 86, 97, 34]],

[ 0, 95, 1,[ 7, 23, 48, 55]],

[ 77, 5, 0,[ 88, 49, 22]],

[ 67, 45, 0,[ 90, 68, 94]],

[ 41, 55, 0,[ 17, 10, 24]],

[ 10, 15, 1,[ 87, 41, 60, 81, 71]],

[ 32, 25, 1,[ 93, 61, 63, 59]],

[ 11, 5, 1,[ 29, 96, 4]],

[ 23, 75, 1,[ 57, 0, 78, 58, 21]],

[ 50, 15, 0,[ 80, 2, 12]],

[ 63, 45, 1,[ 39, 29, 32, 91]],

[ 1, 65, 1,[ 22, 59, 92]],

[ 46, 55, 1,[ 47, 88, 52, 7, 60, 87]],

[ 49, 15, 1,[ 13, 57, 40, 77, 56]],

[ 93, 25, 0,[ 22, 32, 54]],

[ 19, 25, 0,[ 64, 16, 34]],

[ 43, 15, 1,[ 90, 70, 96, 94]],

[ 13, 35, 1,[ 18, 29, 6, 49]],

[ 66, 15, 0,[ 22, 2, 29]],

[ 64, 25, 0,[ 19, 71, 31]],

[ 9, 65, 1,[ 20, 95, 61, 73]],

[ 71, 25, 0,[ 64, 10, 34]],

[ 38, 55, 1,[ 56, 80, 6, 65, 91]],

[ 2, 15, 1,[ 76, 50, 39, 48, 66, 61]],

[ 21, 45, 1,[ 82, 79, 23, 37]],

[ 98, 75, 0,[ 48, 94, 3]],

[ 45, 75, 0,[ 3, 12, 62]],

[ 79, 85, 0,[ 48, 21]],

[ 62, 65, 0,[ 24, 52, 45]],

[ 26, 55, 1,[ 40, 85, 88]],

[ 76, 65, 0,[ 53, 2, 20]],

[ 88, 45, 1,[ 46, 77, 26, 53, 84]],

[ 20, 65, 1,[ 76, 9, 80, 81]],

[ 18, 45, 1,[ 13, 94, 52]],

[ 65, 25, 0,[ 4, 14, 38]],

[ 7, 55, 1,[ 56, 0, 70, 96, 15, 39, 46]],

[ 31, 25, 0,[ 44, 89, 64]],

[ 86, 55, 0,[ 17, 47, 56]],

[ 37, 5, 1,[ 69, 74, 21]],

[ 92, 65, 0,[ 48, 1, 8]],

[ 27, 55, 1,[ 47, 59, 94]],

[ 39, 15, 0,[ 7, 63, 2]],

[ 34, 25, 1,[ 5, 71, 17, 12, 16, 19]],

[ 48, 85, 1,[ 2, 0, 12, 79, 98, 54, 92]],

[ 80, 65, 0,[ 20, 50, 38]],

[ 82, 25, 1,[ 85, 30, 83, 69, 36, 78, 21]],

[ 73, 65, 0,[ 9, 54]],

[ 91, 25, 0,[ 38, 89, 36, 63]],

[ 28, 45, 1,[ 29, 52, 15]],

[ 35, 85, 1,[ 29, 75, 40, 24]],

[ 95, 65, 0,[ 9, 78]],

[ 59, 55, 1,[ 1, 32, 27]],

[ 97, 55, 0,[ 33, 29, 17]],

[ 22, 5, 1,[ 42, 93, 72, 66, 77, 1]],

[ 3, 75, 1,[ 8, 98, 33, 45]],

[ 60, 15, 0,[ 5, 46, 10]],

[ 12, 45, 1,[ 50, 34, 45, 48]],

[ 85, 25, 0,[ 82, 89, 26]],

[ 81, 15, 0,[ 20, 36, 10]],

[ 68, 45, 0,[ 83, 67, 53]],

[ 61, 65, 0,[ 9, 32, 2]],

[ 99, 65, 0,[]],

[ 40, 85, 0,[ 26, 35, 49]],

[ 87, 55, 0,[ 10, 25, 46]],

[ 96, 15, 0,[ 43, 7, 11]],

[ 15, 5, 0,[ 14, 28, 7]],

[ 42, 45, 0,[ 22, 29, 84]],

[ 36, 85, 1,[ 81, 91, 82, 5]],

