[ 34, 5, 0,[ 58, 25, 59]],

[ 98, 85, 0,[ 93, 68, 73, 88, 24]],

[ 78, 95, 0,[ 29, 54, 11]],

[ 67, 95, 0,[ 41, 30, 99]],

[ 39, 95, 0,[ 58, 3, 15]],

[ 99, 95, 0,[ 40, 67, 57]],

[ 90, 5, 0,[ 5, 71, 92]],

[ 6, 75, 0,[ 83, 18, 62, 44]],

[ 92, 5, 0,[ 90, 91, 60]],

[ 52, 95, 0,[ 84, 63, 19, 27]],

[ 43, 95, 0,[ 32, 81, 4]],

[ 68, 5, 0,[ 50, 22, 98]],

[ 88, 85, 0,[ 7, 98, 48]],

[ 49, 95, 0,[ 85, 55, 24]],

[ 61, 35, 0,[ 80, 8, 10]],

[ 47, 75, 0,[ 3, 45, 80]],

[ 27, 25, 0,[ 45, 22, 52, 56]],

[ 97, 75, 1,[ 72, 12, 33, 53]],

[ 48, 95, 0,[ 85, 88, 26]],

[ 75, 95, 0,[ 73, 46, 81]],

[ 56, 95, 0,[ 15, 27, 95]],

[ 76, 35, 0,[ 65, 86, 82]],

[ 51, 95, 0,[ 55, 63, 4]],

[ 72, 95, 0,[ 97, 14, 33, 63]],

[ 24, 25, 1,[ 49, 64, 98, 57, 13]],

[ 96, 95, 0,[ 64, 19, 8]],

[ 79, 95, 1,[ 87, 8, 95, 2]],

[ 45, 25, 1,[ 47, 64, 27]],

[ 64, 25, 1,[ 59, 24, 45, 46, 96]],

[ 86, 35, 0,[ 76, 8, 84]],

[ 17, 75, 0,[ 30, 21, 2]],

[ 35, 95, 0,[ 31, 58, 28]],

[ 19, 95, 0,[ 52, 41, 3, 26, 96]],

[ 83, 75, 0,[ 50, 6, 18, 1]],

[ 28, 95, 0,[ 74, 35, 21]],

[ 50, 5, 1,[ 77, 68, 83, 33]],

[ 13, 95, 0,[ 24, 71, 44]],

[ 63, 95, 0,[ 52, 51, 66, 72]],

[ 87, 75, 0,[ 0, 79, 84]],

[ 38, 95, 0,[ 93, 1, 70, 85]],

[ 53, 95, 0,[ 26, 1, 97]],

[ 58, 5, 1,[ 35, 11, 34, 39, 26]],

[ 41, 95, 0,[ 25, 67, 12, 19]],

[ 95, 95, 0,[ 79, 56, 1]],

[ 57, 95, 0,[ 9, 99, 24]],

[ 59, 95, 1,[ 34, 64, 55, 37]],

[ 46, 75, 0,[ 75, 64, 80]],

[ 3, 95, 0,[ 39, 47, 19]],

[ 81, 95, 0,[ 12, 23, 75, 43]],

[ 91, 95, 0,[ 82, 14, 92]],

[ 54, 95, 0,[ 1, 69, 78]],

[ 0, 75, 0,[ 55, 87, 33]],

[ 30, 75, 0,[ 67, 17, 71]],

[ 1, 95, 0,[ 53, 54, 38, 83, 95]],

[ 5, 25, 0,[ 20, 37, 90]],

[ 89, 85, 0,[ 23, 62, 55]],

[ 60, 5, 0,[ 70, 92, 29, 22]],

[ 94, 5, 0,[ 74, 42, 40]],

[ 66, 95, 0,[ 63, 4, 74]],

[ 82, 75, 0,[ 36, 91, 76, 7]],

[ 7, 95, 0,[ 15, 88, 37, 82]],

[ 26, 95, 0,[ 19, 53, 48, 58]],

[ 36, 75, 0,[ 4, 40, 82]],

[ 2, 95, 0,[ 17, 79, 65]],

[ 23, 95, 0,[ 20, 89, 85, 81]],

[ 29, 95, 0,[ 60, 78, 77]],

[ 14, 95, 0,[ 91, 72, 12]],

[ 40, 5, 0,[ 11, 94, 12, 99, 36]],

[ 93, 95, 0,[ 38, 98, 73]],

[ 15, 95, 0,[ 56, 39, 7]],

[ 8, 35, 0,[ 79, 86, 61, 96]],

[ 16, 75, 0,[ 73, 69, 18]],

[ 20, 85, 0,[ 23, 31, 5]],

[ 85, 95, 0,[ 49, 38, 48, 23]],

[ 74, 95, 0,[ 94, 28, 66, 70]],

[ 73, 95, 0,[ 75, 93, 16, 98]],

[ 77, 5, 0,[ 50, 11, 29]],

[ 31, 85, 0,[ 65, 20, 35, 25]],

[ 69, 85, 1,[ 16, 25, 54]],

[ 21, 95, 0,[ 10, 28, 17]],

[ 42, 95, 0,[ 44, 94]],

[ 33, 95, 0,[ 72, 0, 50, 97]],

[ 55, 85, 1,[ 59, 49, 0, 51, 89]],

[ 25, 85, 0,[ 34, 41, 69, 31]],

[ 44, 95, 0,[ 6, 32, 42, 13]],

[ 37, 95, 0,[ 5, 7, 59]],

[ 70, 95, 0,[ 60, 74, 38]],

[ 62, 75, 0,[ 6, 89, 4]],

[ 80, 75, 0,[ 46, 61, 47, 9]],

[ 18, 75, 0,[ 16, 6, 83, 71]],

[ 10, 95, 0,[ 21, 32, 61]],

[ 9, 75, 0,[ 57, 80]],

[ 22, 5, 0,[ 27, 60, 68]],

[ 12, 95, 0,[ 14, 81, 41, 97, 40]],

[ 32, 95, 0,[ 44, 43, 10]],

[ 4, 75, 0,[ 51, 62, 36, 66, 43]],

[ 71, 75, 0,[ 13, 90, 30, 18]],

[ 84, 75, 0,[ 52, 87, 86]],

[ 65, 95, 0,[ 76, 31, 2]],

[ 11, 5, 0,[ 40, 58, 77, 78]],

