[ 3, 25, 1,[ 11, 33, 91, 84, 10, 1, 78]],

[ 80, 55, 0,[]],

[ 73, 25, 0,[ 26, 1, 14]],

[ 10, 85, 1,[ 68, 12, 99, 17, 47, 3, 16, 57, 1]],

[ 67, 5, 0,[]],

[ 32, 5, 0,[ 15]],

[ 38, 45, 1,[ 26, 29, 84, 22, 96, 64, 85, 53, 35, 63]],

[ 55, 45, 0,[]],

[ 44, 5, 0,[ 87, 9]],

[ 59, 25, 0,[ 7]],

[ 84, 35, 0,[ 3, 38, 5]],

[ 34, 25, 0,[ 1, 6, 9]],

[ 70, 25, 0,[]],

[ 64, 45, 0,[ 61, 77, 81, 38, 65, 40]],

[ 53, 5, 0,[ 27, 38, 21, 87]],

[ 60, 5, 0,[]],

[ 91, 75, 0,[ 85, 43, 3, 0]],

[ 51, 55, 0,[ 61, 6, 57]],

[ 88, 45, 0,[]],

[ 48, 45, 0,[]],

[ 81, 75, 0,[ 64, 23]],

[ 11, 75, 1,[ 46, 18, 5, 94, 69, 2, 3]],

[ 50, 85, 0,[ 13, 17]],

[ 15, 5, 0,[ 82, 6, 32, 30]],

[ 39, 35, 0,[]],

[ 95, 75, 0,[ 43, 23, 27]],

[ 65, 45, 0,[ 64, 29, 27]],

[ 46, 75, 0,[ 11, 1, 18, 19, 79]],

[ 76, 5, 0,[]],

[ 31, 75, 0,[]],

[ 72, 75, 0,[]],

[ 18, 75, 0,[ 74, 46, 49, 11]],

[ 14, 25, 0,[ 61, 73]],

[ 86, 45, 0,[]],

[ 52, 25, 0,[]],

[ 7, 25, 0,[ 59, 1]],

[ 49, 75, 0,[ 96, 85, 18, 83]],

[ 17, 85, 0,[ 10, 50]],

[ 66, 75, 0,[ 23]],

[ 40, 45, 0,[ 8, 41, 64]],

[ 41, 55, 0,[ 40, 6, 82]],

[ 89, 5, 0,[ 28, 21]],

[ 75, 5, 0,[]],

[ 74, 45, 0,[ 22, 18]],

[ 68, 85, 0,[ 10]],

[ 1, 25, 1,[ 46, 34, 4, 73, 99, 6, 97, 10, 28, 3, 7]],

[ 83, 75, 0,[ 49, 8, 37]],

[ 79, 25, 0,[ 99, 46, 35]],

[ 8, 75, 0,[ 30, 90, 83, 40]],

[ 93, 25, 0,[]],

[ 0, 75, 1,[ 77, 91, 6]],

[ 63, 55, 0,[ 6, 19, 38]],

[ 33, 25, 0,[ 3, 2, 28]],

[ 57, 55, 0,[ 51, 10]],

[ 25, 45, 0,[ 29, 69, 90]],

[ 47, 85, 0,[ 20, 10]],

[ 94, 75, 0,[ 11]],

[ 20, 45, 0,[ 96, 47, 5]],

[ 58, 25, 0,[]],

[ 21, 5, 0,[ 53, 82, 89]],

[ 97, 25, 0,[ 1]],

[ 85, 75, 0,[ 91, 38, 49]],

[ 43, 75, 0,[ 24, 95, 91]],

[ 62, 25, 0,[]],

[ 45, 5, 0,[]],

[ 22, 45, 0,[ 56, 74, 38, 78]],

[ 98, 45, 0,[]],

[ 35, 45, 0,[ 38, 36, 79]],

[ 29, 45, 0,[ 65, 38, 25]],

[ 96, 45, 0,[ 20, 49, 38, 13]],

[ 5, 35, 1,[ 20, 11, 61, 84, 27]],

[ 19, 55, 0,[ 16, 63, 46]],

[ 92, 85, 0,[]],

[ 90, 45, 0,[ 78, 25, 8]],

[ 26, 5, 0,[ 73, 38, 28]],

[ 69, 5, 0,[ 25, 9, 11]],

[ 99, 25, 0,[ 1, 10, 79]],

[ 54, 75, 0,[ 36]],

[ 24, 75, 0,[ 43, 13]],

[ 36, 75, 0,[ 54, 35]],

[ 16, 85, 0,[ 19, 10]],

[ 6, 55, 1,[ 63, 41, 37, 34, 1, 15, 51, 0]],

[ 9, 5, 0,[ 34, 69, 44]],

[ 30, 75, 0,[ 8, 15]],

[ 37, 5, 0,[ 6, 28, 83]],

[ 2, 35, 1,[ 13, 11, 71, 33]],

[ 28, 5, 1,[ 71, 89, 26, 1, 37, 33]],

[ 12, 85, 0,[ 10]],

[ 42, 5, 0,[ 87]],

[ 77, 45, 0,[ 13, 64, 0]],

[ 71, 35, 0,[ 28, 2, 4]],

[ 4, 75, 0,[ 1, 23, 71]],

[ 87, 5, 0,[ 44, 53, 42]],

[ 56, 5, 0,[ 82, 22]],

[ 82, 5, 0,[ 15, 21, 41, 56]],

[ 78, 45, 0,[ 22, 90, 3]],

[ 23, 75, 0,[ 66, 81, 4, 95]],

[ 13, 45, 0,[ 24, 50, 77, 96, 2]],

[ 61, 55, 0,[ 64, 51, 5, 14]],

[ 27, 35, 0,[ 53, 65, 95, 5]],

