[ 26, 35, 0,[ 58, 19, 0]],

[ 76, 55, 0,[ 1, 56, 18]],

[ 83, 55, 0,[ 74, 63, 72]],

[ 9, 85, 0,[ 11, 57, 35, 24]],

[ 1, 25, 1,[ 13, 20, 40, 76, 91, 16, 59, 30, 2, 15, 63, 74, 70, 65, 48, 88, 98, 57]],

[ 15, 55, 0,[ 51, 5, 1]],

[ 32, 55, 0,[ 38, 11, 82]],

[ 6, 75, 1,[ 16, 64, 23, 91, 14, 70, 87, 89, 80, 71, 53, 59, 36, 84, 99]],

[ 42, 15, 0,[ 64, 25, 38, 11, 79]],

[ 67, 85, 0,[ 0, 11, 12]],

[ 77, 15, 0,[ 48, 70, 54, 90, 4]],

[ 43, 55, 0,[ 29, 3, 16]],

[ 57, 85, 0,[ 21, 52, 63, 9, 1]],

[ 90, 75, 0,[ 77, 5, 11]],

[ 73, 55, 0,[ 36, 0, 5, 56]],

[ 81, 45, 0,[ 10, 96, 3]],

[ 14, 55, 0,[ 66, 6, 63, 3]],

[ 93, 25, 0,[ 10, 44, 0]],

[ 66, 55, 0,[ 72, 14, 0]],

[ 53, 55, 0,[ 6, 95, 38, 92]],

[ 41, 55, 0,[ 5, 87, 10]],

[ 86, 75, 0,[ 5, 11, 33]],

[ 25, 55, 0,[ 42, 50, 45]],

[ 69, 45, 0,[ 2, 10, 5]],

[ 97, 55, 0,[ 8, 39, 62, 5]],

[ 49, 65, 0,[ 18, 61, 5]],

[ 2, 75, 1,[ 48, 24, 39, 28, 22, 54, 11, 1, 68, 65, 5, 84, 69, 37, 58]],

[ 44, 15, 0,[ 19, 98, 11, 93]],

[ 82, 55, 0,[ 3, 59, 32]],

[ 35, 35, 1,[ 9, 21, 28, 27, 40, 64, 29, 18, 34]],

[ 40, 55, 0,[ 13, 1, 35]],

[ 22, 55, 0,[ 16, 55, 2]],

[ 52, 45, 0,[ 11, 57, 10]],

[ 68, 55, 0,[ 11, 55, 2]],

[ 65, 65, 0,[ 1, 0, 2]],

[ 50, 55, 0,[ 25, 63, 11]],

[ 70, 65, 0,[ 1, 77, 6]],

[ 96, 55, 0,[ 61, 81, 51]],

[ 23, 75, 0,[ 38, 99, 6, 46]],

[ 99, 65, 0,[ 10, 6, 23]],

[ 88, 65, 0,[ 1, 71, 5]],

[ 45, 65, 0,[ 10, 25, 61, 8, 3]],

[ 91, 65, 0,[ 6, 84, 29, 1, 33, 17]],

[ 84, 65, 0,[ 6, 2, 91]],

[ 87, 55, 0,[ 6, 80, 41]],

[ 85, 55, 0,[ 30, 16, 55]],

[ 34, 85, 0,[ 58, 35, 13]],

[ 64, 55, 0,[ 35, 42, 6]],

[ 28, 85, 0,[ 35, 37, 2]],

[ 89, 55, 0,[ 3, 72, 6]],

[ 56, 55, 0,[ 51, 73, 76]],

[ 55, 55, 0,[ 5, 68, 85, 22]],

[ 95, 55, 0,[ 53, 94, 47]],

[ 17, 55, 0,[ 75, 91, 36]],

[ 16, 55, 0,[ 1, 43, 6, 85, 22]],

[ 62, 55, 0,[ 38, 75, 60, 97]],

[ 92, 55, 0,[ 3, 37, 53]],

[ 19, 35, 0,[ 26, 44, 39, 10]],

[ 36, 55, 0,[ 73, 17, 6]],

[ 33, 45, 0,[ 3, 11, 86, 91]],

[ 75, 75, 0,[ 5, 11, 62, 17]],

[ 98, 85, 0,[ 44, 12, 1]],

[ 46, 55, 0,[ 31, 23, 0]],

[ 11, 85, 1,[ 80, 7, 86, 68, 90, 75, 2, 4, 50, 42, 27, 44, 94, 9, 52, 60, 67, 33, 32]],

[ 21, 85, 0,[ 57, 5, 35, 12]],

[ 58, 85, 0,[ 12, 26, 2, 34]],

[ 29, 65, 0,[ 91, 43, 35]],

[ 94, 45, 0,[ 95, 3, 11]],

[ 78, 65, 0,[ 61, 0, 30, 47]],

[ 37, 85, 0,[ 2, 28, 92]],

[ 47, 55, 0,[ 78, 0, 95]],

[ 71, 65, 0,[ 10, 88, 6, 80]],

[ 80, 55, 0,[ 6, 4, 71, 11, 87]],

[ 60, 85, 0,[ 24, 11, 62]],

[ 27, 75, 0,[ 35, 11, 38]],

[ 24, 85, 0,[ 2, 60, 9]],

[ 59, 65, 0,[ 82, 1, 6, 51]],

[ 74, 65, 0,[ 83, 1, 10]],

[ 18, 55, 0,[ 49, 31, 35, 76]],

[ 8, 55, 0,[ 97, 45, 5]],

[ 39, 35, 0,[ 2, 19, 97]],

[ 54, 15, 0,[ 77, 10, 2]],

[ 5, 85, 1,[ 15, 51, 69, 86, 75, 55, 8, 41, 88, 49, 73, 97, 90, 21, 2]],

[ 3, 25, 1,[ 43, 89, 82, 45, 33, 92, 30, 14, 81, 94, 31]],

[ 72, 55, 0,[ 89, 66, 38, 7, 83]],

[ 31, 55, 0,[ 38, 3, 46, 18]],

[ 30, 65, 0,[ 85, 3, 78, 61, 1]],

[ 20, 65, 0,[ 1, 38, 10]],

[ 0, 65, 1,[ 79, 46, 63, 93, 78, 47, 7, 73, 65, 67, 66, 26]],

[ 48, 65, 0,[ 2, 77, 1]],

[ 63, 55, 0,[ 1, 0, 83, 50, 14, 57]],

[ 13, 85, 0,[ 40, 34, 1]],

[ 12, 85, 0,[ 21, 58, 67, 98]],

[ 38, 85, 1,[ 62, 72, 20, 27, 79, 32, 53, 42, 31, 23]],

[ 10, 15, 1,[ 54, 71, 20, 41, 51, 52, 74, 93, 69, 99, 81, 19, 45]],

[ 61, 65, 0,[ 78, 45, 96, 30, 49]],

[ 79, 15, 0,[ 42, 38, 0]],

[ 4, 15, 0,[ 11, 80, 77]],

[ 7, 55, 0,[ 72, 11, 0]],

[ 51, 55, 0,[ 59, 5, 56, 15, 10, 96]],

[ 49, 35, 0,[ 63, 83, 38]],

[ 91, 35, 0,[ 90, 10, 11, 42]],

[ 7, 35, 0,[ 41, 16, 2]],

[ 16, 35, 0,[ 72, 7, 10]],

[ 9, 35, 0,[ 10, 86, 57, 61, 20]],

[ 68, 95, 0,[ 6, 90, 10, 25, 46]],

[ 15, 35, 0,[ 11, 66, 10, 62]],

[ 57, 75, 0,[ 11, 9, 31, 6]],

[ 81, 55, 0,[ 67, 58, 5, 19]],

[ 54, 75, 0,[ 0, 4, 69]],

[ 86, 35, 0,[ 23, 48, 2, 1, 43, 9]],

[ 6, 75, 1,[ 89, 70, 34, 17, 57, 71, 92, 63, 97, 19, 36, 29, 84, 68, 83]],

[ 64, 35, 0,[ 58, 38, 42, 0]],

[ 58, 35, 0,[ 81, 11, 64, 38]],

[ 92, 35, 0,[ 6, 14, 96]],

[ 25, 95, 0,[ 68, 21, 0]],

[ 14, 35, 0,[ 28, 2, 92, 85, 13, 35]],

[ 79, 35, 0,[ 0, 59, 1, 26]],

[ 45, 35, 0,[ 38, 3, 43]],

[ 18, 35, 0,[ 10, 17, 65, 2]],

[ 41, 5, 0,[ 35, 3, 59, 7]],

[ 74, 35, 0,[ 75, 67, 8, 11, 31, 42, 38]],

[ 4, 75, 0,[ 44, 0, 54]],

[ 80, 35, 0,[ 82, 10]],

[ 94, 15, 0,[ 35, 21, 0]],

[ 11, 75, 1,[ 53, 2, 33, 91, 83, 85, 58, 39, 57, 15, 3, 13, 74]],

[ 66, 35, 0,[ 96, 38, 46, 15]],

[ 51, 85, 0,[ 1, 89, 0, 72]],

[ 3, 55, 1,[ 41, 11, 37, 67, 1, 10, 78, 69, 33, 52, 63, 8, 45, 53]],

[ 23, 35, 0,[ 56, 86, 0]],

[ 83, 75, 0,[ 6, 49, 11, 34, 97]],

[ 39, 75, 0,[ 24, 5, 11, 50]],

[ 85, 35, 0,[ 14, 11]],

[ 77, 95, 0,[ 5, 87, 38]],

[ 82, 35, 0,[ 80, 50, 1]],

[ 2, 85, 1,[ 90, 14, 70, 56, 47, 18, 86, 76, 1, 11, 93, 52, 98, 7, 0]],

[ 90, 35, 0,[ 2, 91, 68]],

[ 59, 35, 0,[ 60, 79, 41]],

[ 24, 75, 0,[ 46, 39, 0, 1]],

[ 60, 35, 0,[ 59, 5, 19, 44, 99]],

[ 55, 35, 0,[ 35]],

[ 27, 35, 0,[ 99, 35, 21, 5]],

[ 48, 35, 0,[ 95, 86]],

[ 72, 35, 0,[ 16, 61, 51]],

[ 35, 25, 1,[ 84, 26, 63, 55, 47, 95, 28, 14, 41, 38, 27, 94]],

[ 76, 35, 0,[ 73, 2, 5]],

[ 69, 35, 0,[ 50, 54, 78, 38, 1, 65, 3]],

[ 88, 65, 0,[ 5, 33, 84]],

[ 19, 55, 0,[ 6, 81, 60]],

[ 89, 85, 0,[ 51, 73, 6]],

[ 52, 35, 0,[ 3, 2, 98, 99]],

[ 29, 35, 0,[ 71, 6, 5, 93]],

[ 33, 65, 0,[ 3, 88, 11]],

[ 78, 35, 0,[ 69, 3, 75]],

[ 13, 55, 0,[ 56, 14, 11]],

[ 71, 35, 0,[ 75, 6, 29]],

[ 99, 35, 0,[ 60, 38, 27, 52]],

[ 62, 95, 0,[ 15, 47, 1]],

[ 61, 35, 0,[ 72, 1, 5, 9, 32]],

[ 40, 35, 0,[ 26, 22, 1, 97]],

[ 44, 95, 0,[ 10, 38, 60, 4]],

[ 37, 5, 0,[ 32, 3, 5]],

[ 38, 25, 1,[ 12, 97, 31, 49, 58, 44, 64, 74, 69, 95, 66, 99, 35, 77, 93, 45]],

[ 31, 75, 0,[ 74, 57, 34, 38]],

[ 56, 35, 0,[ 13, 23, 98, 2]],

[ 87, 75, 0,[ 43, 77, 0]],

[ 65, 35, 0,[ 18, 69]],

[ 97, 35, 0,[ 38, 6, 36, 40, 96, 32, 83]],

[ 93, 35, 0,[ 38, 2, 29]],

[ 8, 35, 0,[ 3, 74, 22]],

[ 10, 75, 1,[ 98, 91, 44, 68, 30, 9, 53, 26, 16, 3, 18, 15, 80]],

[ 47, 95, 0,[ 35, 2, 62]],

[ 0, 95, 1,[ 51, 79, 75, 30, 2, 54, 4, 64, 23, 94, 25, 87, 12, 24]],

[ 50, 35, 0,[ 82, 39, 69]],

[ 30, 35, 0,[ 17, 0, 10]],

[ 53, 55, 0,[ 3, 11, 12, 10]],

[ 73, 35, 0,[ 76, 89]],

[ 32, 35, 0,[ 61, 37, 97]],

[ 67, 35, 0,[ 81, 74, 3]],

[ 1, 55, 1,[ 3, 62, 82, 24, 51, 2, 86, 61, 28, 40, 69, 79]],

[ 12, 55, 0,[ 53, 0, 38]],

[ 28, 35, 0,[ 1, 35, 14]],

[ 84, 15, 0,[ 35, 88, 5, 6]],

[ 95, 35, 0,[ 38, 48, 35]],

[ 98, 35, 0,[ 10, 52, 2, 56]],

[ 5, 55, 1,[ 81, 27, 29, 84, 17, 60, 39, 88, 61, 37, 77, 76]],

[ 26, 35, 0,[ 10, 35, 40, 79]],

[ 21, 35, 0,[ 25, 27, 94]],

[ 36, 75, 0,[ 22, 6, 97]],

[ 70, 35, 0,[ 2, 22, 6]],

[ 46, 35, 0,[ 68, 24, 66]],

[ 34, 75, 0,[ 31, 6, 83]],

[ 75, 35, 0,[ 71, 0, 78, 74]],

[ 42, 35, 0,[ 91, 64, 74]],

[ 17, 35, 0,[ 6, 30, 5, 18]],

[ 22, 35, 0,[ 36, 40, 8, 70]],

[ 96, 35, 0,[ 97, 92, 66]],

[ 20, 35, 0,[ 63, 9]],

[ 43, 35, 0,[ 87, 45, 86]],

[ 63, 35, 0,[ 3, 6, 20, 35, 49]],

