[ 93, 75, 0,[ 56, 2, 11]],

[ 25, 75, 0,[ 77, 76, 2]],

[ 79, 65, 0,[ 41, 1, 91, 50, 2]],

[ 11, 35, 1,[ 34, 61, 23, 88, 93, 16, 46, 70, 43]],

[ 46, 75, 0,[ 11, 69]],

[ 71, 75, 0,[ 72, 34, 96]],

[ 38, 45, 1,[ 6, 44, 33]],

[ 67, 45, 0,[ 81, 48, 57]],

[ 14, 45, 0,[ 50, 60, 2, 68, 23]],

[ 35, 65, 0,[ 37, 73, 18, 77]],

[ 31, 45, 0,[ 94, 41, 57]],

[ 18, 65, 0,[ 6, 99, 35]],

[ 12, 15, 0,[ 49, 85, 59]],

[ 44, 45, 0,[ 38, 2, 69, 94]],

[ 55, 75, 0,[ 54, 40, 66, 34]],

[ 88, 15, 0,[ 11, 36, 3]],

[ 81, 65, 0,[ 6, 84, 67]],

[ 98, 15, 0,[ 1, 59, 5]],

[ 9, 75, 0,[ 58, 83, 82, 22]],

[ 86, 65, 0,[ 54, 6, 91]],

[ 34, 75, 0,[ 71, 11, 55]],

[ 24, 25, 0,[ 45, 63, 10]],

[ 3, 15, 1,[ 57, 83, 1, 7, 88, 30, 96, 20, 52, 74, 42, 90, 10]],

[ 68, 45, 0,[ 14]],

[ 49, 65, 0,[ 80, 2, 52, 12]],

[ 40, 75, 0,[ 10, 92, 55]],

[ 72, 75, 0,[ 30, 71, 54]],

[ 84, 65, 0,[ 82, 81, 20, 2]],

[ 82, 75, 0,[ 9, 22, 87, 84, 33, 54]],

[ 43, 25, 0,[ 47, 11, 29, 61]],

[ 4, 75, 0,[ 1, 53, 39]],

[ 70, 75, 0,[ 11, 17, 83, 32, 19]],

[ 0, 25, 1,[ 29, 1, 19, 8, 64, 13]],

[ 33, 75, 0,[ 74, 38, 1, 54, 82]],

[ 66, 75, 0,[ 26, 54, 55]],

[ 2, 55, 1,[ 96, 1, 79, 14, 5, 75, 84, 93, 44, 49, 85, 53, 97, 8, 25, 48]],

[ 39, 75, 0,[ 65, 4, 51]],

[ 77, 75, 0,[ 8, 35, 54, 47, 25]],

[ 27, 25, 0,[ 30, 61, 78, 10]],

[ 1, 15, 1,[ 87, 79, 91, 4, 3, 78, 15, 98, 0, 95, 2, 45, 33, 22, 85]],

[ 94, 45, 0,[ 10, 44, 31]],

[ 63, 25, 0,[ 62, 19, 24, 61]],

[ 56, 75, 0,[ 90, 54, 97, 93]],

[ 89, 45, 0,[ 57, 21, 45]],

[ 8, 55, 0,[ 2, 77, 0]],

[ 74, 75, 0,[ 3, 69, 33]],

[ 78, 25, 0,[ 27, 1]],

[ 20, 65, 0,[ 41, 3, 84]],

[ 87, 65, 0,[ 1, 5, 82]],

[ 7, 75, 0,[ 3, 54, 45]],

[ 99, 75, 0,[ 65, 54, 28, 18]],

[ 30, 25, 0,[ 48, 27, 72, 3, 6]],

[ 48, 45, 0,[ 67, 30, 2]],

[ 17, 75, 0,[ 70, 28]],

[ 47, 25, 0,[ 77, 10, 43]],

[ 52, 65, 0,[ 6, 3, 49]],

[ 59, 15, 0,[ 54, 98, 12]],

[ 85, 15, 0,[ 2, 1, 12]],

[ 76, 75, 0,[ 21, 25, 92]],

[ 75, 45, 0,[ 2, 57, 60]],

[ 50, 65, 0,[ 79, 14, 6]],

[ 36, 75, 0,[ 88, 69, 54]],

[ 23, 45, 0,[ 11, 14, 26]],

[ 80, 65, 0,[ 5, 49, 32]],

[ 13, 75, 0,[ 58, 28, 0]],

[ 6, 65, 1,[ 50, 64, 18, 81, 38, 30, 86, 52]],

[ 58, 75, 0,[ 9, 45, 13]],

[ 32, 75, 0,[ 80, 70, 97]],

[ 62, 75, 0,[ 63, 16, 15]],

[ 91, 65, 0,[ 1, 79, 64, 86]],

[ 22, 75, 0,[ 9, 82, 1]],

[ 5, 65, 1,[ 41, 73, 87, 2, 53, 98, 80]],

[ 57, 45, 0,[ 26, 75, 90, 89, 31, 3, 67]],

[ 92, 75, 0,[ 40, 76, 97, 54]],

[ 96, 15, 0,[ 3, 10, 71, 2]],

[ 41, 65, 0,[ 5, 31, 79, 20, 21]],

[ 53, 75, 0,[ 2, 5, 4]],

[ 73, 65, 0,[ 42, 35, 5, 45]],

[ 60, 45, 0,[ 75, 14]],

[ 15, 65, 0,[ 1, 62, 37]],

[ 10, 25, 1,[ 47, 27, 24, 3, 94, 40, 96]],

[ 45, 75, 0,[ 51, 1, 89, 73, 24, 7, 58]],

[ 69, 75, 0,[ 36, 74, 44, 46]],

[ 65, 75, 0,[ 39, 16, 99]],

[ 37, 65, 0,[ 35, 15]],

[ 97, 75, 0,[ 92, 2, 32, 56]],

[ 16, 75, 0,[ 65, 62, 11]],

[ 42, 15, 0,[ 73, 3]],

[ 21, 65, 0,[ 76, 41, 89]],

[ 61, 25, 0,[ 43, 11, 63, 27, 26]],

[ 51, 75, 0,[ 45, 54, 39]],

[ 54, 75, 1,[ 7, 59, 72, 86, 82, 92, 56, 36, 66, 77, 33, 51, 55, 99]],

[ 95, 25, 0,[ 1, 29]],

[ 19, 25, 0,[ 0, 63, 70]],

[ 90, 75, 0,[ 56, 3, 57]],

[ 29, 25, 0,[ 95, 43, 0]],

[ 64, 65, 0,[ 91, 6, 0]],

[ 26, 45, 0,[ 66, 57, 23, 61]],

[ 83, 75, 0,[ 3, 70, 9]],

[ 28, 75, 0,[ 99, 13, 17]],

