[ 91, 85, 0,[ 52, 34, 38]],

[ 65, 85, 0,[ 6, 76, 69, 66]],

[ 41, 85, 0,[ 43, 54, 11]],

[ 44, 85, 0,[ 10, 60, 35, 97]],

[ 2, 85, 1,[ 11, 83, 33, 77, 63, 96, 55, 48, 69, 37, 40, 52, 62, 0, 29]],

[ 78, 85, 0,[ 10, 36, 33, 38]],

[ 71, 85, 0,[ 73, 5, 61]],

[ 47, 85, 0,[ 61, 38, 50, 10]],

[ 48, 45, 0,[ 2, 62, 11]],

[ 6, 75, 1,[ 89, 57, 54, 65, 56, 95, 70]],

[ 89, 85, 0,[ 6]],

[ 3, 85, 1,[ 45, 76, 14, 54, 72, 55, 7, 29, 49, 17, 81, 25, 34, 9, 67]],

[ 52, 85, 0,[ 91, 2]],

[ 36, 85, 0,[ 93, 90, 78]],

[ 49, 85, 0,[ 38, 22, 3]],

[ 90, 85, 0,[ 36, 5, 9]],

[ 38, 55, 1,[ 8, 18, 30, 78, 91, 42, 28, 47, 86, 39, 40, 95, 46, 37, 49]],

[ 67, 85, 0,[ 19, 3, 50]],

[ 22, 85, 0,[ 49, 82]],

[ 98, 85, 0,[ 84, 0]],

[ 43, 85, 0,[ 41, 1, 16]],

[ 46, 15, 0,[ 38, 12, 16]],

[ 94, 85, 0,[ 56, 10, 19]],

[ 66, 85, 0,[ 16, 10, 65]],

[ 73, 85, 0,[ 5, 71]],

[ 80, 85, 0,[ 11, 10]],

[ 31, 85, 0,[ 75, 50, 11]],

[ 18, 85, 0,[ 0, 38, 8]],

[ 39, 85, 0,[ 14, 38, 8, 13]],

[ 76, 85, 0,[ 0, 65, 97, 3]],

[ 99, 85, 0,[ 53, 1, 35]],

[ 93, 85, 0,[ 45, 0, 36]],

[ 33, 85, 0,[ 78, 5, 2]],

[ 19, 85, 0,[ 5, 67, 94]],

[ 54, 85, 0,[ 6, 3, 32, 41]],

[ 58, 85, 0,[ 42, 5, 92]],

[ 15, 15, 0,[ 12, 1]],

[ 84, 85, 0,[ 51, 21, 57, 24, 98]],

[ 56, 85, 0,[ 5, 6, 94]],

[ 70, 85, 0,[ 34, 6, 1]],

[ 26, 85, 0,[ 5, 77, 53]],

[ 25, 85, 0,[ 3, 96]],

[ 74, 85, 0,[ 10, 83, 16]],

[ 21, 85, 0,[ 84, 55, 1]],

[ 60, 85, 0,[ 16, 0, 44]],

[ 29, 55, 0,[ 2, 3, 11]],

[ 10, 85, 1,[ 74, 80, 81, 7, 44, 78, 94, 51, 30, 66, 47, 79, 4]],

[ 40, 55, 0,[ 2, 38]],

[ 45, 85, 0,[ 57, 93, 3]],

[ 42, 85, 0,[ 58, 38, 20]],

[ 23, 85, 0,[ 72, 16, 59]],

[ 17, 85, 0,[ 3, 16, 27]],

[ 72, 85, 0,[ 23, 28, 3]],

[ 92, 85, 0,[ 0, 86, 28, 16, 58]],

[ 5, 85, 1,[ 26, 90, 24, 19, 71, 33, 9, 82, 73, 61, 77, 63, 58, 64, 56]],

[ 7, 85, 0,[ 3, 10, 0]],

[ 24, 85, 0,[ 84, 5]],

[ 51, 85, 0,[ 10, 84]],

[ 85, 85, 0,[ 11, 68, 88]],

[ 14, 85, 0,[ 16, 39, 3]],

[ 77, 85, 0,[ 5, 26, 2]],

[ 63, 85, 0,[ 96, 2, 5]],

[ 27, 85, 0,[ 1, 17, 79]],

[ 34, 85, 0,[ 16, 91, 70, 3]],

[ 0, 85, 1,[ 35, 18, 32, 1, 92, 4, 98, 76, 7, 60, 13, 2, 93]],

[ 8, 85, 0,[ 18, 38, 39, 83]],

[ 87, 85, 0,[ 16, 30, 96]],

[ 20, 85, 0,[ 16, 32, 42, 57]],

[ 11, 85, 1,[ 41, 2, 75, 69, 29, 88, 48, 16, 80, 64, 50, 31, 57, 85]],

[ 30, 85, 0,[ 10, 38, 87]],

[ 88, 85, 0,[ 11, 85]],

[ 1, 85, 1,[ 64, 82, 16, 15, 68, 21, 27, 99, 35, 95, 43, 97, 0, 70, 59]],

[ 64, 85, 0,[ 1, 5, 11]],

[ 79, 85, 0,[ 27, 75, 10]],

[ 69, 85, 0,[ 11, 68, 65, 2]],

[ 13, 65, 0,[ 39, 16, 0]],

[ 61, 85, 0,[ 71, 5, 75, 47]],

[ 83, 85, 0,[ 8, 2, 74]],

[ 75, 85, 0,[ 11, 79, 61, 31]],

[ 16, 85, 1,[ 13, 59, 17, 92, 4, 60, 86, 20, 1, 46, 34, 66, 12, 43, 14, 11, 87, 23, 53, 74]],

[ 32, 85, 0,[ 54, 20, 0]],

[ 55, 85, 0,[ 2, 3, 21]],

[ 62, 85, 0,[ 37, 2, 48]],

[ 35, 85, 0,[ 0, 99, 44, 1]],

[ 82, 85, 0,[ 1, 22, 5]],

[ 37, 85, 0,[ 2, 62, 38]],

[ 97, 85, 0,[ 76, 44, 1]],

[ 68, 85, 0,[ 85, 69, 1]],

[ 59, 85, 0,[ 1, 23, 16]],

[ 28, 85, 0,[ 92, 72, 81, 38]],

[ 96, 85, 0,[ 63, 87, 25, 2]],

[ 95, 85, 0,[ 38, 1, 6]],

[ 57, 85, 0,[ 11, 20, 84, 6, 45]],

[ 50, 85, 0,[ 67, 11, 47, 31]],

[ 4, 85, 0,[ 16, 10, 0]],

[ 81, 85, 0,[ 28, 10, 3]],

[ 53, 85, 0,[ 26, 99, 16]],

[ 86, 85, 0,[ 38, 92, 16]],

[ 9, 85, 0,[ 5, 3, 90]],

[ 12, 15, 0,[ 16, 15, 46]],

[ 39, 75, 0,[ 11, 44, 83, 55]],

[ 51, 75, 0,[ 74, 5, 57, 22]],

[ 94, 75, 0,[ 0, 79, 1]],

[ 18, 75, 0,[ 95, 84, 0]],

[ 31, 75, 0,[ 6, 3, 64]],

[ 7, 75, 0,[ 92, 1, 26]],

[ 95, 75, 0,[ 18, 10, 2]],

[ 80, 75, 0,[ 6, 97, 70]],

[ 34, 75, 0,[ 98, 15, 50, 3]],

[ 29, 75, 0,[ 2, 1, 55]],

[ 96, 75, 0,[ 38, 66, 5]],

[ 35, 75, 0,[ 58, 64, 6]],

[ 72, 75, 0,[ 27, 60, 63, 67]],

[ 55, 75, 0,[ 29, 39, 38]],

[ 47, 75, 0,[ 66, 11]],

[ 52, 75, 0,[ 2, 65]],

[ 17, 75, 0,[ 78, 53, 10]],

[ 91, 75, 0,[ 71, 0, 2]],

[ 60, 75, 0,[ 83, 5, 72]],

[ 41, 75, 0,[ 10, 11, 26]],

[ 84, 75, 0,[ 5, 1, 18]],

[ 27, 75, 0,[ 69, 2, 72]],

[ 81, 75, 0,[ 68, 1, 5, 45]],

[ 88, 75, 0,[ 77, 2]],

[ 74, 75, 0,[ 16, 92, 51]],

[ 77, 75, 0,[ 23, 1, 88]],

[ 93, 75, 0,[ 19, 38, 5]],

[ 89, 75, 0,[ 1, 90, 2]],

[ 15, 75, 0,[ 5, 6, 34]],

[ 22, 75, 0,[ 51, 8, 16]],

[ 53, 75, 0,[ 17, 28]],

[ 50, 75, 0,[ 59, 56, 34]],

[ 49, 75, 0,[ 2, 20, 6]],

[ 11, 75, 1,[ 85, 63, 39, 13, 57, 99, 61, 41, 47, 90, 23]],

[ 78, 75, 0,[ 2, 17]],

[ 68, 75, 0,[ 81, 6, 21]],

[ 58, 75, 0,[ 54, 76, 38, 71, 35, 5]],

[ 26, 75, 0,[ 7, 41, 3, 38]],

[ 73, 75, 0,[ 6, 3, 59]],

[ 70, 75, 0,[ 80]],

[ 46, 75, 0,[ 38, 4, 59]],

[ 45, 75, 0,[ 81, 69, 2]],

[ 19, 75, 0,[ 3, 75, 2, 93]],

[ 44, 75, 0,[ 39, 86, 0]],

[ 21, 75, 0,[ 5, 62, 68]],

[ 30, 75, 0,[ 25, 0, 12]],

[ 12, 75, 0,[ 30, 2]],

[ 5, 85, 1,[ 81, 21, 4, 57, 75, 97, 93, 15, 2, 58, 51, 67, 96, 66, 84, 33, 60]],

[ 16, 65, 1,[ 97, 69, 74, 22]],

[ 71, 75, 0,[ 0, 91, 58]],

[ 43, 75, 0,[ 38, 0]],

[ 97, 75, 0,[ 5, 80, 16]],

[ 65, 75, 0,[ 24, 52, 82]],

[ 10, 95, 1,[ 20, 36, 56, 37, 32, 25, 69, 17, 95, 79, 41]],

[ 36, 75, 0,[ 3, 40, 10]],

[ 92, 75, 0,[ 1, 7, 74]],

[ 61, 75, 0,[ 86, 6, 11]],

[ 42, 75, 0,[ 38, 79]],

[ 25, 75, 0,[ 33, 30, 10]],

[ 56, 75, 0,[ 50, 6, 10]],

[ 63, 75, 0,[ 72, 0, 23, 11]],

[ 76, 75, 0,[ 58, 2]],

[ 8, 75, 0,[ 22, 0]],

[ 83, 75, 0,[ 39, 60, 2]],

[ 2, 35, 1,[ 76, 24, 5, 89, 52, 29, 48, 32, 83, 27, 82, 95, 91, 19, 45, 88, 4, 78, 49, 12]],

[ 79, 75, 0,[ 94, 42, 10]],

[ 37, 75, 0,[ 10, 1]],

[ 32, 75, 0,[ 2, 10, 82, 38]],

[ 48, 75, 0,[ 2, 87, 13]],

[ 24, 75, 0,[ 62, 65, 2]],

[ 66, 75, 0,[ 47, 5, 33, 96]],

[ 6, 75, 1,[ 80, 0, 61, 49, 35, 56, 31, 73, 15, 68]],

[ 62, 75, 0,[ 0, 24, 21]],

[ 75, 75, 0,[ 0, 19, 5]],

[ 28, 75, 0,[ 3, 53, 0]],

[ 86, 75, 0,[ 44, 3, 61]],

[ 69, 75, 0,[ 99, 16, 45, 27, 10, 14]],

[ 9, 75, 0,[ 1, 38, 57]],

[ 64, 75, 0,[ 31, 35, 1]],

[ 0, 75, 1,[ 30, 18, 43, 75, 62, 63, 71, 28, 91, 14, 8, 6, 44, 94]],

[ 67, 75, 0,[ 5, 72, 38]],

[ 3, 75, 1,[ 36, 31, 86, 87, 19, 26, 54, 98, 28, 57, 34, 73, 20]],

[ 59, 75, 0,[ 46, 50, 73]],

[ 13, 75, 0,[ 11, 48, 40]],

[ 40, 75, 0,[ 87, 36, 13]],

[ 1, 75, 1,[ 89, 64, 9, 77, 81, 7, 37, 29, 85, 94, 92, 84]],

[ 38, 15, 1,[ 93, 46, 32, 9, 26, 99, 54, 58, 43, 67, 42, 55, 96]],

[ 33, 75, 0,[ 66, 5, 25]],

[ 57, 75, 0,[ 9, 11, 3, 51, 5]],

[ 14, 75, 0,[ 69, 90, 0]],

[ 85, 75, 0,[ 11, 1]],

[ 98, 55, 0,[ 3, 34]],

[ 82, 75, 0,[ 65, 2, 32]],

[ 54, 75, 0,[ 3, 38, 58]],

[ 87, 75, 0,[ 40, 48, 3]],

[ 99, 75, 0,[ 69, 11, 38]],

[ 4, 75, 0,[ 5, 46, 2]],

[ 23, 75, 0,[ 63, 77, 11]],

[ 90, 75, 0,[ 11, 14, 89]],

[ 20, 15, 0,[ 49, 3, 10]],

