[ 54, 15, 0,[ 89, 67, 60]],

[ 36, 15, 0,[ 91, 67, 60]],

[ 33, 15, 0,[ 60, 67, 91]],

[ 85, 15, 0,[ 89, 60, 90]],

[ 64, 15, 0,[ 62, 60]],

[ 87, 15, 1,[ 35, 99, 81]],

[ 29, 15, 0,[ 0, 60, 67, 90]],

[ 75, 15, 0,[ 60, 23, 90, 89]],

[ 55, 15, 0,[ 67, 40, 90]],

[ 1, 15, 0,[ 91, 60, 7, 89]],

[ 39, 15, 0,[ 91, 62, 60]],

[ 62, 75, 1,[ 39, 60, 65, 16, 61, 6, 91, 49, 8, 97, 64, 26]],

[ 0, 15, 0,[ 60, 29]],

[ 10, 15, 0,[ 90, 60]],

[ 42, 15, 0,[ 60, 77, 57, 47]],

[ 98, 15, 0,[ 67, 60]],

[ 4, 15, 0,[ 90, 67, 40]],

[ 80, 15, 0,[ 90, 60]],

[ 63, 15, 0,[ 90, 67]],

[ 59, 15, 0,[ 90, 89]],

[ 19, 15, 0,[ 89, 40, 60]],

[ 23, 15, 0,[ 75, 67, 60]],

[ 14, 15, 0,[ 89]],

[ 5, 15, 0,[ 91, 89, 90]],

[ 15, 15, 0,[ 60, 67]],

[ 72, 15, 0,[ 89]],

[ 88, 15, 0,[ 90, 67, 60]],

[ 41, 15, 0,[ 67, 60]],

[ 6, 15, 0,[ 89, 60, 62]],

[ 94, 15, 0,[ 89]],

[ 92, 15, 0,[ 89]],

[ 76, 15, 0,[ 90, 67]],

[ 81, 15, 1,[ 89, 87, 66]],

[ 95, 15, 0,[ 90, 60, 89]],

[ 34, 15, 0,[ 20, 60, 90]],

[ 31, 15, 0,[ 67, 91, 89]],

[ 90, 35, 1,[ 88, 5, 25, 91, 85, 26, 50, 52, 57, 16, 10, 12, 61, 56, 55, 84, 47, 29, 95, 99, 37, 34, 75, 22, 96, 86, 70, 63, 69, 53, 80, 43, 4, 76, 51, 18, 59]],

[ 66, 15, 0,[ 81, 89, 60, 67]],

[ 99, 15, 0,[ 90, 87, 67]],

[ 32, 15, 0,[ 89, 16]],

[ 93, 15, 1,[ 91]],

[ 91, 85, 1,[ 61, 33, 9, 25, 48, 90, 31, 5, 62, 39, 36, 1, 71, 93, 70]],

[ 12, 15, 0,[ 90, 67, 40]],

[ 46, 15, 0,[ 89, 60, 40]],

[ 28, 15, 0,[ 67]],

[ 2, 15, 0,[ 60, 67, 40]],

[ 17, 15, 0,[ 67, 89]],

[ 3, 15, 0,[ 89, 67]],

[ 78, 15, 0,[ 67, 40]],

[ 49, 15, 0,[ 60, 62, 89]],

[ 9, 15, 0,[ 91, 67]],

[ 45, 15, 0,[ 60]],

[ 77, 15, 0,[ 60, 42]],

[ 65, 15, 0,[ 67, 62, 60]],

[ 67, 45, 1,[ 53, 12, 66, 56, 96, 78, 88, 4, 76, 44, 28, 36, 65, 35, 43, 30, 79, 41, 15, 55, 84, 2, 22, 8, 83, 63, 3, 17, 31, 54, 29, 23, 97, 33, 50, 20, 25, 51, 99, 18, 9, 98, 47, 86, 58, 73]],

[ 27, 15, 0,[ 84, 89]],

[ 86, 15, 0,[ 67, 71, 89, 90]],

[ 11, 15, 0,[ 89, 60]],

[ 60, 65, 1,[ 13, 95, 11, 42, 88, 45, 75, 80, 2, 41, 15, 44, 54, 21, 39, 19, 23, 83, 96, 64, 0, 35, 74, 1, 77, 36, 62, 57, 49, 65, 30, 26, 24, 52, 53, 33, 34, 29, 46, 98, 69, 10, 73, 50, 66, 43, 82, 6, 85, 20]],

[ 57, 15, 0,[ 60, 42, 90]],

[ 25, 15, 0,[ 67, 91, 90]],

[ 69, 15, 0,[ 60, 90, 73]],

[ 70, 15, 0,[ 89, 91, 90]],

[ 51, 15, 0,[ 89, 67, 90]],

[ 7, 15, 0,[ 89, 1]],

[ 38, 15, 0,[ 40, 89]],

[ 73, 15, 0,[ 67, 60, 69]],

[ 37, 15, 0,[ 90, 40]],

[ 56, 15, 0,[ 67, 90, 89]],

[ 97, 15, 0,[ 89, 62, 67]],

[ 84, 15, 0,[ 67, 27, 90]],

[ 71, 15, 0,[ 89, 86, 91]],

[ 50, 15, 0,[ 67, 60, 90]],

[ 48, 15, 0,[ 91, 89]],

[ 61, 15, 0,[ 91, 90, 62]],

[ 13, 15, 0,[ 89, 60, 18]],

[ 8, 15, 0,[ 62, 67]],

[ 82, 15, 0,[ 89, 60]],

[ 53, 15, 0,[ 60, 67, 90]],

[ 44, 15, 0,[ 67, 60, 89]],

[ 40, 85, 1,[ 19, 4, 55, 46, 2, 78, 12, 68, 21, 37, 38]],

[ 79, 15, 0,[ 67]],

[ 58, 15, 0,[ 89, 67]],

[ 21, 15, 0,[ 60, 40, 89]],

[ 89, 95, 1,[ 81, 59, 75, 44, 13, 6, 35, 19, 38, 66, 54, 83, 95, 11, 94, 70, 86, 1, 5, 32, 92, 48, 7, 71, 14, 3, 46, 27, 72, 21, 85, 17, 56, 58, 82, 51, 49, 31, 97]],

[ 24, 15, 0,[ 60]],

[ 83, 15, 0,[ 89, 67, 60]],

[ 96, 15, 0,[ 67, 60, 90]],

[ 26, 15, 0,[ 62, 90, 60]],

[ 18, 15, 0,[ 13, 90, 67]],

[ 35, 15, 0,[ 60, 89, 67, 87]],

[ 43, 15, 0,[ 67, 90, 60]],

[ 30, 15, 0,[ 60, 67]],

[ 47, 15, 0,[ 67, 42, 90]],

[ 16, 15, 0,[ 62, 32, 90]],

[ 74, 15, 0,[ 60]],

[ 52, 15, 0,[ 90, 60]],

[ 20, 15, 0,[ 60, 67, 34]],

[ 68, 15, 0,[ 40]],

[ 22, 15, 0,[ 90, 67]],

