[ 56, 95, 0,[ 95, 94, 24, 77]],

[ 63, 95, 0,[ 73, 75, 60, 1, 37]],

[ 73, 85, 1,[ 80, 63, 5, 48, 9, 41]],

[ 9, 95, 0,[ 73, 50, 38, 83, 58]],

[ 92, 95, 0,[ 28, 87, 54, 19, 53]],

[ 1, 95, 0,[ 63, 64, 74, 13, 16]],

[ 85, 95, 0,[ 81, 72, 41]],

[ 80, 95, 0,[ 13, 78, 73, 4, 96]],

[ 97, 95, 0,[ 2, 91, 76]],

[ 96, 95, 0,[ 12, 52, 80]],

[ 31, 95, 0,[ 54, 15, 5, 37]],

[ 40, 95, 0,[ 14, 29, 69]],

[ 18, 95, 0,[ 13, 74, 32, 51, 83]],

[ 26, 95, 0,[ 68, 2, 86]],

[ 32, 95, 0,[ 18, 99, 60]],

[ 62, 95, 0,[ 55, 20, 22, 98]],

[ 91, 45, 1,[ 48, 21, 15, 94, 70, 28, 97, 53, 33, 84, 72]],

[ 67, 95, 0,[ 23, 88, 75]],

[ 60, 95, 0,[ 32, 51, 63]],

[ 84, 95, 0,[ 24, 91, 6]],

[ 70, 95, 0,[ 77, 91, 25]],

[ 46, 95, 0,[ 76, 0, 7, 61]],

[ 27, 95, 0,[ 35, 81, 55, 28]],

[ 30, 95, 0,[ 55, 75, 52]],

[ 43, 95, 0,[ 75, 25, 51, 33]],

[ 37, 95, 0,[ 63, 52, 31]],

[ 38, 95, 0,[ 81, 9, 24]],

[ 2, 95, 0,[ 88, 81, 26, 97, 42]],

[ 83, 65, 1,[ 82, 19, 18, 87, 34, 61, 88, 22, 9, 76, 49]],

[ 15, 95, 0,[ 34, 91, 31]],

[ 33, 95, 0,[ 39, 91, 47, 24, 43]],

[ 53, 95, 0,[ 88, 92, 91]],

[ 50, 95, 0,[ 81, 5, 9]],

[ 14, 95, 0,[ 95, 40, 99, 24, 81]],

[ 93, 95, 0,[ 55, 90, 51]],

[ 68, 95, 0,[ 17, 26, 98]],

[ 82, 95, 0,[ 83, 10, 36, 55]],

[ 98, 95, 0,[ 68, 62, 86]],

[ 4, 95, 0,[ 58, 11, 80, 79, 69]],

[ 64, 95, 0,[ 1, 24, 86]],

[ 42, 95, 0,[ 34, 45, 2]],

[ 41, 95, 0,[ 73, 65, 45, 85, 39]],

[ 24, 85, 1,[ 61, 6, 33, 84, 78, 14, 12, 16, 0, 54, 64, 38, 56, 44, 71]],

[ 55, 45, 1,[ 82, 89, 62, 30, 93, 54, 27, 77]],

[ 59, 95, 0,[ 71, 21, 75]],

[ 19, 95, 0,[ 17, 83, 92]],

[ 81, 15, 1,[ 85, 38, 14, 50, 5, 27, 29, 2, 23, 79, 8]],

[ 20, 25, 0,[ 86, 51, 62]],

[ 5, 25, 0,[ 86, 31, 50, 73, 81]],

[ 79, 95, 0,[ 81, 89, 4]],

[ 75, 55, 1,[ 30, 49, 59, 89, 43, 67, 57, 63, 3]],

[ 88, 95, 0,[ 2, 83, 53, 69, 67]],

[ 11, 95, 0,[ 65, 4, 69]],

[ 76, 95, 0,[ 46, 97, 51, 58, 83]],

[ 95, 95, 0,[ 86, 14, 56]],

[ 87, 95, 0,[ 83, 92, 72]],

[ 61, 95, 0,[ 46, 83, 24]],

[ 90, 95, 0,[ 93, 25, 47, 6]],

[ 71, 95, 0,[ 8, 24, 59, 49]],

[ 48, 95, 0,[ 8, 91, 73]],

[ 21, 95, 0,[ 91, 58, 59]],

[ 45, 95, 0,[ 3, 42, 41]],

[ 34, 95, 0,[ 57, 15, 42, 83]],

[ 0, 95, 0,[ 24, 46, 66]],

[ 49, 5, 0,[ 71, 75, 83]],

[ 7, 95, 0,[ 78, 86, 46]],

[ 58, 95, 0,[ 4, 76, 9, 21, 16]],

[ 29, 95, 0,[ 81, 40, 66]],

[ 10, 95, 0,[ 78, 82, 99]],

[ 6, 95, 0,[ 24, 84, 90]],

[ 99, 95, 0,[ 14, 10, 32]],

[ 47, 95, 0,[ 86, 90, 33]],

[ 16, 95, 0,[ 1, 24, 58]],

[ 78, 95, 0,[ 80, 24, 7, 10]],

[ 72, 95, 0,[ 87, 91, 85]],

[ 35, 95, 0,[ 27, 44, 23, 36, 8]],

[ 54, 95, 0,[ 31, 24, 92, 55]],

[ 57, 95, 0,[ 75, 34, 44]],

[ 86, 85, 1,[ 64, 98, 26, 47, 7, 95, 5, 20, 65]],

[ 74, 95, 0,[ 18, 66, 1]],

[ 89, 95, 0,[ 55, 75, 79]],

[ 8, 95, 0,[ 81, 35, 22, 48, 51, 71]],

[ 39, 95, 0,[ 41, 51, 33]],

[ 44, 95, 0,[ 57, 24, 35]],

[ 25, 95, 0,[ 70, 90, 43]],

[ 52, 95, 0,[ 96, 30, 37]],

[ 51, 45, 1,[ 18, 93, 76, 66, 36, 39, 8, 20, 60, 43, 94, 3]],

[ 77, 95, 0,[ 56, 55, 70]],

[ 69, 65, 1,[ 88, 40, 4, 17, 11]],

[ 3, 95, 0,[ 45, 75, 51]],

[ 36, 95, 0,[ 82, 35, 51]],

[ 65, 95, 0,[ 41, 11, 86]],

[ 17, 95, 0,[ 68, 69, 19]],

[ 66, 95, 0,[ 29, 74, 0, 51]],

[ 13, 95, 0,[ 18, 80, 1]],

[ 22, 95, 0,[ 83, 62, 8]],

[ 94, 15, 0,[ 91, 51, 56]],

[ 12, 95, 0,[ 24, 96]],

[ 23, 95, 0,[ 67, 81, 35]],

[ 28, 95, 0,[ 27, 91, 92]],

[ 48, 65, 0,[ 19, 75, 50]],

[ 26, 35, 0,[ 94, 54, 23]],

[ 61, 25, 0,[ 94, 69, 80, 98]],

[ 11, 5, 0,[ 88, 71, 94, 44]],

[ 91, 5, 0,[ 24, 59, 65]],

[ 80, 25, 0,[ 61, 9, 98]],

[ 64, 45, 0,[ 36, 67, 68]],

[ 98, 25, 0,[ 50, 79, 75, 80, 82, 4, 61]],

[ 88, 5, 0,[ 12, 41, 93, 11]],

[ 30, 5, 0,[ 1, 69, 95]],

[ 67, 5, 0,[ 81, 49, 64]],

[ 23, 35, 0,[ 96, 94, 9, 26, 86]],

[ 96, 85, 0,[ 23, 13]],

[ 46, 35, 0,[ 9, 53, 2, 59]],

[ 87, 5, 0,[ 55, 22, 79]],

[ 17, 45, 0,[ 24, 5, 75]],

[ 72, 5, 0,[ 43, 33, 24]],

[ 7, 5, 0,[ 16, 35, 86]],

[ 34, 65, 0,[ 0, 94, 75]],

[ 41, 5, 0,[ 88, 44, 22, 94]],

[ 28, 35, 0,[ 92, 15, 94]],

[ 95, 5, 0,[ 58, 68, 30, 69]],

[ 56, 5, 0,[ 59, 39, 81, 35]],

[ 53, 5, 0,[ 46, 55, 85]],

[ 75, 65, 1,[ 17, 98, 25, 76, 77, 37, 99, 34, 8, 48, 0, 20, 45]],

[ 29, 65, 0,[ 93, 38, 45]],

[ 52, 35, 0,[ 2, 50, 15]],

[ 66, 75, 0,[ 32, 50, 35]],

[ 63, 95, 0,[ 68, 50, 32]],

[ 55, 5, 0,[ 87, 53, 90, 81, 83, 65]],

[ 37, 85, 0,[ 20, 50, 75]],

[ 33, 5, 0,[ 25, 89, 72]],

[ 25, 5, 0,[ 33, 75, 60]],

[ 44, 5, 0,[ 93, 18, 11, 39, 41]],

[ 24, 45, 1,[ 93, 0, 73, 72, 89, 17, 91, 70, 1]],

[ 47, 5, 0,[ 74, 59, 62]],

[ 71, 5, 0,[ 86, 62, 31, 5, 11, 97]],

[ 79, 25, 0,[ 87, 93, 98]],

[ 83, 5, 0,[ 55, 78, 50]],

[ 70, 45, 0,[ 27, 24, 93]],

[ 9, 35, 0,[ 23, 80, 84, 46]],

[ 15, 35, 0,[ 73, 52, 28, 86]],

[ 49, 5, 0,[ 77, 67, 14]],

[ 62, 5, 0,[ 27, 47, 86, 71]],

[ 22, 5, 0,[ 50, 87, 41]],

[ 99, 65, 0,[ 68, 75, 84]],

[ 43, 5, 0,[ 16, 94, 72]],

[ 50, 5, 1,[ 22, 48, 60, 42, 84, 63, 8, 83, 37, 52, 3, 66, 32, 98]],

[ 14, 5, 0,[ 49, 12, 68]],

[ 3, 75, 0,[ 68, 50, 59]],

[ 51, 45, 0,[ 6, 90, 93]],

[ 2, 35, 0,[ 68, 46, 94, 52]],

[ 5, 15, 0,[ 71, 6, 17]],

[ 1, 15, 0,[ 42, 24, 45, 30, 86, 59, 68]],

[ 10, 5, 0,[ 16, 69, 39]],

[ 38, 65, 0,[ 94, 29, 6]],

[ 97, 5, 0,[ 85, 71, 68]],

[ 54, 85, 0,[ 13, 26, 20, 74]],

[ 19, 95, 0,[ 18, 94, 48]],

[ 6, 65, 0,[ 51, 5, 59, 38, 89]],

[ 42, 45, 0,[ 1, 50, 86]],

[ 4, 25, 0,[ 78, 98, 93]],

[ 90, 5, 0,[ 94, 55, 51]],

[ 21, 95, 0,[ 69, 93, 65]],

[ 74, 5, 0,[ 54, 35, 47, 86]],

[ 36, 45, 0,[ 93, 64, 86]],

[ 94, 95, 1,[ 34, 23, 61, 26, 43, 19, 41, 2, 28, 11, 38, 82, 90]],

[ 20, 85, 0,[ 69, 54, 75, 37]],

[ 86, 95, 1,[ 42, 7, 23, 92, 74, 40, 62, 13, 76, 15, 71, 1, 31, 36]],

[ 93, 45, 1,[ 51, 21, 88, 36, 79, 44, 29, 65, 70, 4, 24]],

[ 32, 95, 0,[ 63, 50, 66]],

[ 68, 95, 1,[ 18, 1, 95, 63, 64, 14, 97, 99, 3, 2]],

[ 0, 65, 0,[ 75, 84, 24, 34]],

[ 78, 95, 0,[ 4, 69, 83]],

[ 73, 85, 0,[ 24, 15, 13]],

[ 84, 65, 0,[ 50, 0, 9, 99]],

[ 57, 5, 0,[ 40, 81, 60]],

[ 35, 5, 0,[ 66, 56, 7, 74]],

[ 8, 15, 0,[ 50, 75, 81]],

[ 77, 65, 0,[ 82, 49, 75]],

[ 31, 5, 0,[ 69, 71, 86]],

[ 40, 5, 0,[ 86, 57, 65]],

[ 39, 5, 0,[ 10, 44, 56]],

[ 85, 5, 0,[ 53, 69, 97]],

[ 13, 85, 0,[ 54, 73, 86, 96]],

[ 89, 5, 0,[ 24, 6, 33]],

[ 76, 5, 0,[ 58, 86, 75]],

[ 16, 5, 0,[ 43, 10, 59, 7]],

[ 59, 75, 1,[ 46, 12, 6, 56, 91, 1, 47, 3, 16]],

[ 65, 5, 0,[ 93, 55, 21, 40, 91]],

[ 82, 15, 0,[ 77, 94, 98]],

[ 69, 85, 1,[ 21, 31, 95, 78, 20, 30, 61, 85, 10]],

[ 18, 95, 0,[ 44, 68, 19]],

[ 92, 5, 0,[ 27, 86, 28]],

[ 58, 5, 0,[ 60, 76, 95]],

[ 45, 65, 0,[ 75, 29, 1]],

[ 12, 5, 0,[ 14, 88, 59]],

[ 27, 5, 0,[ 92, 70, 62]],

[ 60, 5, 0,[ 25, 50, 57, 58]],

[ 81, 75, 1,[ 56, 57, 8, 67, 55]],

