[ 25, 45, 1,[ 6, 95, 84]],

[ 23, 75, 0,[ 78, 61, 15]],

[ 18, 75, 1,[ 15, 93, 88]],

[ 72, 35, 1,[ 56, 59, 7]],

[ 95, 55, 1,[ 65, 25, 68, 50, 87, 30]],

[ 91, 75, 0,[ 38, 84, 32]],

[ 58, 65, 0,[ 43, 81, 3]],

[ 51, 15, 0,[ 77, 45, 63]],

[ 1, 25, 1,[ 20, 60, 85, 21]],

[ 50, 75, 0,[ 20, 95, 43]],

[ 85, 5, 0,[ 26, 79, 1]],

[ 75, 55, 1,[ 41, 2, 9, 94]],

[ 68, 55, 0,[ 4, 95, 64]],

[ 52, 35, 1,[ 5, 83, 97]],

[ 73, 45, 1,[ 37, 36, 13, 4]],

[ 70, 15, 0,[ 92, 3, 87, 63, 53]],

[ 11, 95, 1,[ 47, 82, 60]],

[ 14, 55, 1,[ 38, 17, 29, 34, 76]],

[ 78, 5, 1,[ 23, 33]],

[ 80, 95, 0,[ 86, 5, 69, 74]],

[ 12, 75, 1,[ 60, 94, 82]],

[ 10, 15, 1,[ 33, 0, 89]],

[ 53, 45, 1,[ 42, 96, 70, 8]],

[ 2, 85, 1,[ 63, 3, 75, 35]],

[ 24, 95, 0,[ 29, 4, 83, 38]],

[ 83, 5, 1,[ 24, 65, 81, 52]],

[ 94, 65, 0,[ 46, 12, 75]],

[ 86, 15, 0,[ 55, 62, 80, 17, 31, 77, 28]],

[ 89, 25, 0,[ 46, 81, 10]],

[ 98, 75, 0,[ 48, 41, 88]],

[ 41, 75, 0,[ 15, 98, 75]],

[ 30, 65, 1,[ 5, 36, 49, 47, 62, 95]],

[ 59, 45, 0,[ 7, 74, 72, 32, 92]],

[ 29, 35, 1,[ 24, 57, 14]],

[ 36, 35, 1,[ 20, 30, 73]],

[ 22, 65, 1,[ 77, 16, 6]],

[ 54, 25, 1,[ 40, 81]],

[ 46, 25, 1,[ 93, 89, 94]],

[ 76, 25, 0,[ 61, 99, 26, 14]],

[ 3, 5, 1,[ 58, 2, 70]],

[ 97, 15, 0,[ 52, 26, 34]],

[ 21, 65, 1,[ 47, 1, 9, 96]],

[ 63, 15, 0,[ 2, 51, 70]],

[ 87, 15, 0,[ 99, 95, 70]],

[ 44, 15, 0,[ 31, 7, 39]],

[ 43, 15, 1,[ 58, 50]],

[ 13, 75, 1,[ 66, 73, 45]],

[ 88, 25, 1,[ 90, 45, 71, 98, 42, 18]],

[ 0, 5, 1,[ 74, 10, 35]],

[ 66, 65, 0,[ 48, 62, 13]],

[ 15, 15, 0,[ 27, 23, 18, 41]],

[ 17, 25, 1,[ 86, 39, 14]],

[ 92, 55, 0,[ 59, 70, 33]],

[ 34, 15, 1,[ 14, 8, 97]],

[ 61, 75, 0,[ 67, 56, 23, 76]],

[ 77, 15, 0,[ 22, 51, 86]],

[ 93, 55, 0,[ 46, 18, 79]],

[ 28, 15, 1,[ 86, 60, 71]],

[ 19, 25, 0,[ 7, 40, 48, 27]],

[ 33, 55, 0,[ 10, 78, 55, 92, 6]],

[ 81, 75, 1,[ 54, 83, 58, 89]],

[ 16, 75, 1,[ 22, 35, 79]],

[ 5, 55, 1,[ 52, 42, 80, 30]],

[ 37, 35, 1,[ 40, 74, 73]],

[ 26, 25, 1,[ 85, 97, 48, 76]],

[ 71, 25, 0,[ 6, 96, 56, 28, 88]],

[ 55, 65, 0,[ 33, 86, 48]],

[ 62, 65, 0,[ 86, 30, 66]],

[ 8, 45, 0,[ 34, 53, 49]],

[ 35, 45, 1,[ 2, 0, 16, 39]],

[ 45, 75, 0,[ 13, 51, 88, 48]],

[ 31, 35, 1,[ 32, 86, 44]],

[ 57, 5, 1,[ 82, 29, 4]],

[ 38, 35, 1,[ 14, 24, 91]],

[ 9, 55, 1,[ 49, 84, 21, 75, 67]],

[ 39, 15, 0,[ 44, 17, 35]],

[ 90, 35, 0,[ 64, 79, 88]],

[ 84, 45, 1,[ 25, 91, 9]],

[ 49, 85, 0,[ 8, 9, 30]],

[ 42, 35, 0,[ 53, 5, 74, 88]],

[ 69, 75, 0,[ 6, 67, 80]],

[ 40, 25, 0,[ 54, 37, 99, 19]],

[ 74, 95, 0,[ 42, 37, 0, 59, 80]],

[ 64, 35, 0,[ 32, 90, 68]],

[ 99, 25, 0,[ 40, 87, 76]],

[ 7, 35, 1,[ 19, 44, 72, 59]],

[ 65, 75, 0,[ 67, 83, 95]],

[ 27, 15, 1,[ 60, 19, 15]],

[ 79, 35, 1,[ 93, 90, 16, 85]],

[ 4, 95, 1,[ 20, 24, 73, 68, 57]],

[ 60, 85, 0,[ 11, 12, 27, 28, 1]],

[ 67, 75, 0,[ 65, 69, 61, 9]],

[ 82, 75, 0,[ 57, 12, 11]],

[ 96, 25, 0,[ 21, 53, 71]],

[ 32, 65, 1,[ 59, 64, 31, 91]],

[ 20, 5, 1,[ 4, 50, 36, 1]],

[ 48, 25, 1,[ 45, 26, 98, 19, 55, 66]],

[ 47, 65, 0,[ 30, 11, 21]],

[ 6, 35, 1,[ 71, 25, 69, 22, 33]],

[ 56, 35, 0,[ 71, 61, 72]],

[ 29, 95, 1,[ 14, 15, 33, 77, 66]],

[ 37, 35, 1,[ 25, 71, 69, 24]],

[ 20, 5, 1,[ 11, 96, 85]],

[ 11, 25, 1,[ 54, 4, 20]],

[ 27, 75, 1,[ 52, 17, 81]],

[ 74, 5, 0,[ 57, 60, 23, 65]],

[ 21, 5, 1,[ 32, 96]],

[ 40, 95, 0,[ 61, 57, 6, 24, 82]],

[ 95, 25, 0,[ 98, 5, 9]],

[ 71, 25, 0,[ 75, 67, 37]],

[ 79, 5, 0,[ 81, 82, 17, 73, 25]],

[ 17, 5, 1,[ 27, 96, 79]],

[ 63, 5, 0,[ 15, 35, 13]],

[ 7, 55, 1,[ 87, 45, 66]],

[ 90, 35, 0,[ 88, 91, 34]],

[ 98, 75, 1,[ 95, 44, 47]],

[ 85, 15, 1,[ 25, 20, 99]],

[ 81, 85, 0,[ 79, 51, 27]],

[ 31, 75, 0,[ 2, 50, 12]],

[ 53, 55, 1,[ 51, 94, 70]],

[ 62, 15, 1,[ 30, 2, 50, 5]],

[ 0, 35, 1,[ 19, 39, 50]],

[ 23, 5, 0,[ 13, 36, 74]],

[ 96, 25, 0,[ 49, 17, 21, 15, 20]],

[ 78, 75, 0,[ 54, 26, 28]],

[ 2, 5, 1,[ 45, 31, 62, 3]],

[ 56, 65, 1,[ 93, 91, 99]],

[ 30, 75, 1,[ 62, 55, 70, 8, 4, 92]],

[ 48, 55, 1,[ 94, 12, 43]],

[ 54, 75, 1,[ 78, 91, 11]],

[ 58, 65, 0,[ 43, 69, 38]],

[ 80, 85, 0,[ 19, 46, 1]],

[ 25, 55, 1,[ 85, 37, 35, 79]],

[ 16, 45, 1,[ 65, 66, 68, 42]],

[ 89, 65, 0,[ 38, 8, 61]],

[ 9, 95, 1,[ 95, 24, 59]],

[ 84, 75, 0,[ 18, 6, 43]],

[ 14, 65, 1,[ 29, 64, 91]],

[ 97, 5, 0,[ 13, 35, 34]],

[ 35, 75, 1,[ 97, 63, 25]],

[ 24, 95, 0,[ 37, 40, 9]],

[ 42, 45, 0,[ 10, 16, 5]],

[ 50, 75, 0,[ 62, 76, 31, 0]],

[ 33, 25, 0,[ 29, 36, 41, 6]],

[ 57, 75, 1,[ 40, 74, 44]],

[ 38, 35, 1,[ 3, 83, 58, 89]],

[ 44, 15, 0,[ 98, 57, 26, 32]],

[ 86, 75, 0,[ 67, 47, 82]],

[ 26, 75, 0,[ 78, 44, 55]],

[ 10, 5, 1,[ 49, 59, 42]],

[ 94, 95, 0,[ 1, 53, 48]],

[ 8, 65, 0,[ 30, 28, 89]],

[ 3, 15, 1,[ 2, 38, 70]],

[ 70, 65, 1,[ 53, 3, 76, 30]],

[ 45, 15, 0,[ 7, 46, 2]],

[ 51, 25, 1,[ 92, 53, 81]],

[ 4, 75, 1,[ 11, 41, 30]],

[ 64, 5, 0,[ 60, 88, 14]],

[ 12, 95, 1,[ 91, 48, 31]],

[ 66, 35, 0,[ 29, 16, 7]],

[ 93, 65, 0,[ 87, 56]],

[ 77, 25, 0,[ 75, 29, 76]],

[ 73, 5, 0,[ 75, 79, 60]],

[ 18, 65, 1,[ 47, 55, 84]],

[ 34, 5, 1,[ 22, 97, 90, 46]],

[ 46, 5, 1,[ 80, 45, 34]],

[ 15, 85, 0,[ 29, 96, 63]],

[ 65, 15, 0,[ 74, 16, 22]],

[ 82, 95, 0,[ 79, 86, 40]],

[ 22, 95, 1,[ 34, 72, 55, 65]],

[ 13, 5, 1,[ 49, 41, 23, 63, 97]],

[ 19, 25, 0,[ 32, 80, 83, 0]],

[ 5, 35, 1,[ 42, 62, 95]],

[ 6, 65, 1,[ 84, 43, 40, 33]],

[ 87, 45, 1,[ 93, 7, 69, 75]],

[ 60, 5, 0,[ 74, 73, 64]],

[ 49, 25, 0,[ 10, 96, 13]],

[ 72, 45, 1,[ 59, 22]],

[ 1, 75, 1,[ 80, 94, 68]],

[ 39, 75, 0,[ 47, 0, 88, 92]],

[ 43, 75, 1,[ 58, 84, 6, 48, 52]],

[ 92, 75, 0,[ 30, 39, 51]],

[ 88, 55, 1,[ 39, 90, 64]],

[ 52, 15, 1,[ 36, 27, 43, 61]],

[ 75, 25, 0,[ 77, 71, 83, 87, 73]],

[ 59, 55, 0,[ 10, 9, 72]],

[ 83, 25, 0,[ 75, 19, 38]],

[ 28, 5, 1,[ 61, 78, 8]],

[ 41, 65, 0,[ 99, 4, 33, 13]],

[ 76, 75, 0,[ 50, 77, 70]],

[ 67, 35, 1,[ 86, 71, 68]],

[ 69, 65, 0,[ 87, 37, 58]],

[ 91, 95, 1,[ 56, 14, 12, 90, 54]],

[ 99, 65, 0,[ 85, 56, 41]],

[ 47, 45, 1,[ 98, 39, 18, 86]],

[ 61, 65, 0,[ 28, 68, 40, 89, 52]],

[ 68, 35, 0,[ 61, 16, 1, 67]],

[ 32, 45, 1,[ 44, 19, 21]],

[ 55, 55, 0,[ 22, 30, 18, 26]],

[ 36, 65, 1,[ 52, 23, 33]],

