[ 83, 85, 1,[ 53, 41, 38]],

[ 99, 95, 0,[ 58, 43, 95]],

[ 24, 95, 0,[ 68, 31, 23]],

[ 78, 65, 1,[ 85, 42, 3, 22]],

[ 64, 75, 1,[ 96, 91, 46, 56, 11, 33, 9, 1]],

[ 9, 75, 0,[ 64, 8, 70]],

[ 8, 55, 1,[ 43, 44, 33, 9]],

[ 4, 95, 0,[ 71, 58, 40]],

[ 21, 85, 0,[ 82, 5]],

[ 71, 95, 1,[ 16, 62, 4]],

[ 3, 85, 0,[ 78, 23, 89]],

[ 25, 25, 0,[ 90, 19, 92]],

[ 60, 85, 1,[ 65, 82, 72]],

[ 45, 75, 1,[ 54, 56, 13, 81]],

[ 28, 85, 0,[ 98, 40, 56]],

[ 19, 25, 1,[ 59, 31, 25, 0, 36]],

[ 39, 85, 0,[ 59, 62, 27]],

[ 82, 35, 1,[ 77, 60, 68, 21]],

[ 65, 85, 1,[ 60, 27, 42, 2, 0]],

[ 87, 85, 0,[ 63, 68, 56]],

[ 76, 95, 1,[ 36, 73, 50]],

[ 61, 85, 1,[ 12, 23, 63, 15]],

[ 79, 85, 1,[ 37, 63, 11, 86]],

[ 46, 75, 0,[ 64, 68, 22, 97]],

[ 48, 85, 0,[ 77, 31]],

[ 54, 75, 0,[ 45, 49, 91, 90]],

[ 14, 85, 0,[ 62, 72, 18]],

[ 57, 85, 0,[ 86, 75, 92]],

[ 44, 35, 1,[ 53, 38, 2, 8]],

[ 41, 85, 1,[ 29, 89, 51, 83]],

[ 1, 75, 0,[ 64, 37]],

[ 26, 85, 0,[ 17, 74, 42]],

[ 97, 95, 1,[ 46, 69, 74]],

[ 52, 85, 0,[ 75, 15, 31]],

[ 49, 65, 1,[ 90, 54, 37]],

[ 31, 15, 1,[ 52, 19, 24, 7, 48, 98]],

[ 37, 85, 0,[ 1, 79, 49, 5, 59]],

[ 35, 85, 0,[ 84]],

[ 15, 85, 0,[ 40, 74, 52, 61]],

[ 77, 85, 0,[ 13, 48, 47, 82, 10]],

[ 22, 85, 0,[ 13, 46, 78]],

[ 80, 5, 1,[ 30, 95, 73]],

[ 34, 85, 0,[ 96, 86, 88, 69]],

[ 27, 85, 0,[ 65, 39]],

[ 47, 15, 1,[ 20, 77, 66, 93, 85]],

[ 90, 75, 1,[ 32, 49, 25, 11, 54]],

[ 75, 5, 1,[ 57, 6, 52, 84]],

[ 2, 85, 0,[ 65, 20, 44]],

[ 96, 85, 1,[ 34, 64, 73]],

[ 62, 85, 1,[ 39, 66, 71, 14]],

[ 63, 85, 1,[ 87, 79, 61, 66]],

[ 18, 85, 0,[ 89, 86, 14]],

[ 11, 75, 0,[ 79, 64, 90]],

[ 67, 25, 1,[ 93, 58, 59]],

[ 17, 85, 0,[ 40, 81, 26]],

[ 55, 5, 0,[ 86, 51, 23]],

[ 68, 85, 1,[ 94, 82, 46, 24, 87, 12, 43]],

[ 86, 85, 1,[ 57, 12, 34, 55, 79, 29, 18]],

[ 59, 25, 1,[ 39, 67, 37, 19]],

[ 51, 85, 1,[ 55, 41, 40]],

[ 42, 85, 1,[ 26, 78, 7, 65]],

[ 93, 85, 1,[ 67, 69, 47]],

[ 6, 85, 0,[ 88, 94, 75]],

[ 69, 85, 1,[ 93, 5, 34, 97, 32]],

[ 50, 35, 1,[ 85, 33, 76]],

[ 20, 85, 0,[ 2, 84, 47]],

[ 5, 85, 0,[ 37, 69, 98, 21]],

[ 23, 55, 1,[ 7, 24, 3, 55, 38, 61]],

[ 12, 85, 0,[ 86, 61, 68]],

[ 53, 85, 0,[ 66, 44, 83]],

[ 58, 95, 1,[ 4, 99, 16, 67]],

[ 43, 95, 0,[ 70, 99, 68, 92, 8]],

[ 30, 85, 0,[ 33, 80, 0]],

[ 74, 85, 1,[ 15, 26, 97]],

[ 29, 85, 0,[ 86, 84, 41]],

[ 95, 15, 1,[ 36, 10, 80, 99]],

[ 33, 15, 1,[ 64, 10, 50, 8, 30]],

[ 10, 85, 0,[ 33, 95, 77]],

[ 56, 65, 1,[ 28, 45, 64, 87, 91]],

[ 66, 85, 0,[ 47, 62, 63, 53, 32]],

[ 32, 85, 0,[ 90, 69, 66, 40, 89]],

[ 94, 85, 1,[ 68, 89, 6, 92]],

[ 88, 85, 0,[ 85, 34, 6]],

[ 85, 65, 1,[ 78, 88, 47, 50]],

[ 72, 85, 0,[ 16, 60, 14]],

[ 36, 85, 0,[ 76, 95, 19]],

[ 89, 45, 1,[ 18, 94, 32, 3, 41]],

[ 73, 65, 1,[ 80, 96, 76]],

[ 13, 85, 0,[ 22, 70, 81, 77, 45]],

[ 0, 65, 0,[ 30, 19, 65]],

[ 98, 85, 1,[ 28, 5, 31]],

[ 70, 95, 1,[ 13, 43, 9]],

[ 92, 65, 1,[ 94, 25, 43, 57]],

[ 40, 85, 1,[ 28, 32, 51, 17, 15, 4]],

[ 38, 85, 0,[ 83, 44, 23]],

[ 84, 85, 1,[ 20, 35, 75, 29]],

[ 7, 95, 0,[ 23, 42, 31]],

[ 91, 75, 0,[ 64, 54, 56]],

[ 16, 95, 0,[ 71, 72, 58]],

[ 81, 85, 1,[ 45, 17, 13]],

[ 92, 45, 1,[ 3, 31, 77, 22]],

[ 34, 35, 0,[ 7, 50, 41, 98]],

[ 80, 65, 0,[ 55, 89, 47]],

[ 70, 35, 1,[ 36, 55, 57, 71, 53, 26]],

[ 21, 45, 0,[ 18, 84]],

[ 23, 45, 1,[ 41, 13, 67]],

[ 71, 45, 0,[ 24, 70, 17]],

[ 45, 45, 0,[ 64, 93]],

[ 16, 55, 0,[ 91, 24, 89]],

[ 76, 85, 1,[ 87, 97, 32]],

[ 37, 45, 0,[ 9, 53, 68, 55]],

[ 86, 75, 1,[ 9, 39, 74]],

[ 50, 35, 1,[ 74, 99, 34]],

[ 79, 55, 1,[ 98, 43, 81]],

[ 68, 45, 1,[ 13, 37, 30, 25, 2]],

[ 30, 25, 0,[ 68, 91, 15]],

[ 42, 45, 0,[ 56, 62]],

[ 48, 45, 0,[ 40, 58, 38]],

[ 57, 45, 0,[ 73, 70, 99]],

[ 44, 45, 0,[ 97, 14, 39]],

[ 4, 45, 0,[ 62, 88, 19]],

[ 93, 45, 0,[ 83, 90, 45]],

[ 0, 45, 0,[ 96, 84, 59]],

[ 60, 45, 1,[ 51, 72, 67, 25]],

[ 53, 45, 0,[ 37, 96, 70]],

[ 22, 45, 0,[ 26, 51, 92]],

[ 65, 45, 0,[ 56, 61, 97]],

[ 26, 35, 1,[ 61, 70, 96, 22]],

[ 61, 45, 1,[ 18, 66, 65, 26, 94, 38, 36, 11]],

[ 69, 45, 1,[ 72, 6, 97, 99]],

[ 78, 45, 1,[ 56, 41, 9, 27]],

[ 47, 65, 1,[ 40, 28, 94, 29, 6, 80]],

[ 59, 25, 1,[ 73, 0, 94]],

[ 95, 5, 1,[ 52, 18, 83, 40, 1]],

[ 36, 15, 0,[ 61, 74, 70]],

[ 17, 45, 0,[ 52, 54, 71]],

[ 32, 45, 0,[ 76, 67, 62]],

[ 19, 45, 1,[ 35, 84, 82, 4]],

[ 96, 35, 1,[ 66, 26, 0, 53, 82]],

[ 49, 75, 1,[ 74, 91, 3]],

[ 75, 45, 1,[ 25, 1, 94]],

[ 84, 95, 1,[ 31, 21, 19, 0, 40]],

[ 35, 45, 0,[ 98, 67, 19]],

[ 97, 45, 1,[ 65, 44, 69, 76]],

[ 87, 25, 1,[ 29, 76, 51]],

[ 41, 5, 1,[ 23, 78, 34]],

[ 56, 45, 1,[ 12, 42, 65, 78, 6]],

[ 1, 45, 0,[ 95, 10, 75]],

[ 10, 45, 0,[ 85, 1]],

[ 7, 45, 0,[ 34, 58]],

[ 14, 45, 0,[ 44, 67, 81]],

[ 66, 45, 1,[ 96, 2, 85, 61]],

[ 81, 45, 1,[ 24, 79, 14]],

[ 38, 45, 0,[ 88, 48, 61, 58]],

[ 99, 45, 1,[ 8, 57, 50, 69]],

[ 89, 45, 1,[ 15, 80, 16]],

[ 58, 5, 1,[ 72, 38, 28, 7, 48, 90]],

[ 63, 45, 0,[ 8, 33]],

[ 9, 45, 0,[ 86, 78, 37]],

[ 51, 45, 1,[ 60, 22, 87, 64]],

[ 91, 45, 1,[ 27, 31, 49, 16, 30]],

[ 6, 65, 0,[ 69, 47, 56]],

[ 67, 45, 1,[ 14, 32, 35, 60, 23]],

[ 27, 45, 0,[ 73, 91, 78]],

[ 94, 65, 1,[ 47, 75, 59, 61]],

[ 62, 45, 1,[ 55, 4, 42, 32]],

[ 15, 15, 1,[ 5, 30, 89]],

[ 3, 95, 0,[ 49, 39, 92]],

[ 8, 15, 1,[ 20, 99, 63]],

[ 20, 35, 0,[ 88, 8, 98]],

[ 13, 45, 0,[ 23, 68, 46]],

[ 24, 45, 1,[ 16, 81, 71]],

[ 31, 45, 1,[ 84, 92, 12, 91]],

[ 28, 65, 0,[ 77, 58, 47]],

[ 11, 85, 0,[ 74, 77, 61]],

[ 83, 45, 1,[ 12, 95, 93]],

[ 39, 65, 1,[ 3, 44, 86]],

[ 64, 45, 1,[ 45, 51]],

[ 82, 45, 0,[ 19, 96, 43]],

[ 46, 45, 0,[ 13]],

[ 12, 45, 0,[ 83, 31, 56]],

[ 33, 65, 1,[ 63, 85, 2]],

[ 40, 45, 0,[ 95, 48, 47, 84]],

[ 25, 45, 0,[ 68, 60, 75]],

[ 29, 65, 0,[ 87, 47]],

[ 73, 45, 1,[ 59, 27, 57]],

[ 55, 25, 1,[ 62, 70, 80, 37]],

[ 77, 15, 1,[ 92, 90, 28, 11]],

[ 5, 15, 0,[ 90, 15, 2]],

[ 2, 45, 0,[ 33, 68, 5, 66]],

[ 98, 35, 1,[ 35, 20, 79, 34]],

[ 74, 85, 1,[ 86, 49, 50, 11, 36]],

[ 90, 35, 1,[ 58, 93, 5, 77]],

[ 88, 45, 0,[ 20, 38, 4]],

[ 43, 45, 0,[ 82, 79]],

[ 85, 95, 1,[ 33, 10, 66]],

[ 54, 45, 0,[ 17]],

[ 52, 45, 0,[ 17, 95]],

[ 72, 45, 0,[ 58, 60, 69]],

[ 18, 45, 0,[ 21, 95, 61]],

