[ 81, 75, 0,[ 2, 52, 95]],

[ 47, 75, 0,[ 8, 64, 0]],

[ 52, 75, 0,[ 81, 76, 77, 65]],

[ 17, 75, 0,[ 1, 14, 10]],

[ 4, 75, 0,[ 5, 28, 73]],

[ 89, 75, 0,[ 86, 39, 67]],

[ 5, 75, 1,[ 13, 1, 43, 65, 98, 2, 94, 53, 4, 48]],

[ 20, 75, 0,[ 74, 61, 27]],

[ 0, 5, 1,[ 34, 1, 6, 88, 27, 47, 35]],

[ 98, 75, 0,[ 5, 80, 71]],

[ 75, 75, 0,[ 96, 50, 13]],

[ 33, 75, 0,[ 68, 30, 38]],

[ 54, 75, 0,[ 13, 80, 85, 95]],

[ 35, 75, 0,[ 0, 32, 63]],

[ 8, 75, 0,[ 47, 12, 67, 36, 46]],

[ 40, 75, 0,[ 16, 90, 71]],

[ 29, 75, 0,[ 76, 53]],

[ 86, 75, 0,[ 69, 89, 13]],

[ 85, 75, 0,[ 38, 54, 62]],

[ 42, 75, 0,[ 51, 38, 9]],

[ 45, 75, 0,[ 57, 92, 22]],

[ 95, 75, 0,[ 54, 81, 64, 51, 41]],

[ 51, 75, 0,[ 61, 95, 42]],

[ 50, 75, 0,[ 1, 75, 70]],

[ 88, 75, 0,[ 0, 11, 6]],

[ 91, 75, 0,[ 39, 26, 38]],

[ 72, 75, 0,[ 73, 87, 58]],

[ 41, 75, 0,[ 1, 73, 95]],

[ 30, 75, 0,[ 33, 79, 57]],

[ 56, 75, 0,[ 13]],

[ 1, 75, 1,[ 41, 2, 27, 32, 38, 17, 5, 3, 0, 50, 6, 10, 97]],

[ 9, 75, 0,[ 64, 32, 42, 34, 92]],

[ 97, 75, 0,[ 2, 1, 66]],

[ 65, 75, 0,[ 24, 5, 52]],

[ 26, 75, 0,[ 99, 91, 23]],

[ 18, 75, 0,[ 43, 48, 38]],

[ 57, 75, 0,[ 96, 45, 30, 84, 59]],

[ 55, 75, 0,[ 19]],

[ 84, 75, 0,[ 12, 82, 57]],

[ 70, 75, 0,[ 62, 50, 21]],

[ 66, 75, 0,[ 6, 78, 83, 97]],

[ 82, 75, 0,[ 22, 38, 84]],

[ 71, 75, 0,[ 58, 98, 40]],

[ 24, 75, 0,[ 65, 60, 19]],

[ 15, 75, 0,[ 23, 79, 49, 80]],

[ 43, 75, 0,[ 6, 18, 5, 28]],

[ 19, 75, 0,[ 25, 55, 7, 24]],

[ 64, 75, 0,[ 95, 21, 47, 9, 34]],

[ 49, 75, 0,[ 77, 78, 39, 38, 15]],

[ 14, 75, 0,[ 17, 3, 79]],

[ 74, 75, 0,[ 67, 73, 20]],

[ 94, 75, 0,[ 5, 77, 13]],

[ 78, 75, 0,[ 49, 80, 66, 73]],

[ 16, 75, 0,[ 25, 67, 40, 59]],

[ 67, 75, 0,[ 74, 89, 16, 8]],

[ 59, 75, 0,[ 57, 16, 7]],

[ 7, 75, 0,[ 13, 19, 59]],

[ 39, 75, 0,[ 91, 49, 11, 89]],

[ 38, 5, 1,[ 49, 82, 85, 33, 18, 68, 31, 91, 1, 42]],

[ 25, 75, 0,[ 11, 16, 19]],

[ 31, 75, 0,[ 87, 38, 6]],

[ 83, 75, 0,[ 87, 66, 93]],

[ 68, 75, 0,[ 33, 76, 38, 10]],

[ 60, 75, 0,[ 28, 96, 24]],

[ 63, 75, 0,[ 46, 11, 12, 93, 35]],

[ 10, 95, 1,[ 3, 62, 1, 17, 68]],

[ 99, 75, 0,[ 61, 26]],

[ 96, 75, 0,[ 75, 60, 57]],

[ 61, 75, 0,[ 51, 20, 99]],

[ 27, 75, 0,[ 0, 1, 36, 20]],

[ 12, 75, 0,[ 8, 63, 84]],

[ 90, 75, 0,[ 6, 40]],

[ 93, 75, 0,[ 83, 6, 37, 87, 63]],

[ 37, 75, 0,[ 11, 3, 93]],

[ 22, 75, 0,[ 44, 45, 82]],

[ 13, 75, 1,[ 86, 5, 2, 7, 56, 94, 75, 54]],

[ 80, 75, 0,[ 15, 78, 98, 54]],

[ 73, 75, 0,[ 72, 74, 41, 4, 44, 58, 78]],

[ 53, 75, 0,[ 29, 5]],

[ 76, 75, 0,[ 68, 3, 29, 52]],

[ 77, 75, 0,[ 94, 52, 49]],

[ 21, 75, 0,[ 70, 64, 58]],

[ 48, 75, 0,[ 5, 62, 18]],

[ 44, 75, 0,[ 73, 22, 28]],

[ 11, 75, 1,[ 2, 63, 39, 25, 23, 37, 88]],

[ 62, 75, 0,[ 48, 10, 70, 85]],

[ 3, 45, 1,[ 76, 37, 14, 1, 2, 10]],

[ 28, 75, 0,[ 43, 4, 44, 60]],

[ 32, 75, 0,[ 35, 36, 1, 9]],

[ 87, 75, 0,[ 72, 83, 31, 93]],

[ 23, 75, 0,[ 92, 26, 15, 58, 11]],

[ 58, 75, 0,[ 23, 73, 21, 71, 72]],

[ 92, 75, 0,[ 23, 45, 9]],

[ 34, 75, 0,[ 64, 9, 0]],

[ 36, 75, 0,[ 27, 8, 32]],

[ 79, 75, 0,[ 14, 30, 15]],

[ 2, 25, 1,[ 5, 11, 1, 81, 3, 97, 13]],

[ 69, 75, 0,[ 86]],

[ 6, 85, 1,[ 0, 90, 31, 66, 1, 88, 93, 43]],

[ 46, 75, 0,[ 63, 8]],

[ 12, 75, 0,[ 71, 61, 9, 59, 76, 63]],

[ 0, 15, 1,[ 71, 88, 75, 1, 34, 6, 2, 57]],

[ 33, 75, 0,[ 63, 25, 69]],

[ 96, 75, 0,[ 18, 25, 68]],

[ 57, 75, 0,[ 0, 82, 4]],

[ 17, 75, 0,[ 20, 54]],

[ 97, 75, 0,[ 58, 2, 13]],

[ 67, 75, 0,[ 80, 85, 55]],

[ 77, 75, 0,[ 21, 2, 91]],

[ 53, 75, 0,[ 94, 13, 20]],

[ 11, 75, 1,[ 62, 78, 51, 41, 56, 58, 15, 64, 69, 89]],

[ 40, 75, 0,[ 74, 38]],

[ 99, 75, 0,[ 18, 26, 38]],

[ 13, 35, 1,[ 7, 79, 97, 5, 2, 27, 53, 92]],

[ 92, 75, 0,[ 38, 6, 13]],

[ 49, 75, 0,[ 87, 1, 98, 29]],

[ 20, 75, 0,[ 17, 60, 62, 53]],

[ 22, 75, 0,[ 8, 56]],

[ 71, 75, 0,[ 0, 12, 44]],

[ 76, 75, 0,[ 64, 38, 79, 12]],

[ 1, 65, 1,[ 6, 26, 10, 86, 3, 30, 2, 5, 35, 70, 31, 0, 49]],

[ 14, 75, 0,[ 28, 52, 85, 50]],

[ 16, 75, 0,[ 90, 45, 60]],

[ 55, 75, 0,[ 2, 3, 67]],

[ 2, 95, 1,[ 55, 13, 8, 48, 0, 5, 1, 97, 77, 3, 69, 64, 43, 72]],

[ 24, 75, 0,[ 86, 45, 42]],

[ 50, 75, 0,[ 80, 23, 19, 14]],

[ 61, 75, 0,[ 12, 95, 37]],

[ 43, 75, 0,[ 23, 85, 38, 2]],

[ 81, 75, 0,[ 15, 44, 38]],

[ 18, 75, 0,[ 96, 98, 65, 59, 99]],

[ 7, 75, 0,[ 13, 41, 93]],

[ 9, 75, 0,[ 90, 12]],

[ 95, 75, 0,[ 61, 10]],

[ 37, 75, 0,[ 56, 91, 61]],

[ 79, 75, 0,[ 6, 13, 76]],

[ 82, 75, 0,[ 57, 27, 90]],

[ 19, 75, 0,[ 6, 5, 50]],

[ 15, 75, 0,[ 81, 11, 10, 84]],

[ 6, 75, 1,[ 8, 79, 19, 1, 29, 92, 0, 36]],

[ 4, 75, 0,[ 25, 32, 57]],

[ 90, 75, 0,[ 82, 16, 9]],

[ 84, 75, 0,[ 75, 35, 15]],

[ 73, 75, 0,[ 28, 38, 91]],

[ 42, 75, 0,[ 94, 54, 24, 52]],

[ 10, 75, 1,[ 29, 1, 95, 3, 72, 51, 15]],

[ 38, 75, 1,[ 92, 40, 70, 43, 81, 75, 73, 30, 99, 76, 46]],

[ 39, 75, 0,[ 36, 89, 78]],

[ 23, 75, 0,[ 43, 87, 50]],

[ 28, 75, 0,[ 73, 65, 14, 32]],

[ 29, 75, 0,[ 48, 10, 6, 49]],

[ 62, 75, 0,[ 47, 11, 20]],

[ 48, 75, 0,[ 5, 2, 29]],

[ 86, 75, 0,[ 24, 1]],

[ 31, 75, 0,[ 21, 1]],

[ 35, 75, 0,[ 84, 32, 1]],

[ 70, 75, 0,[ 38, 1, 75]],

[ 98, 75, 0,[ 18, 56, 49]],

[ 21, 75, 0,[ 44, 31, 77]],

[ 89, 75, 0,[ 11, 39, 52]],

[ 60, 75, 0,[ 20, 34, 3, 16]],

[ 72, 75, 0,[ 10, 44, 2]],

[ 83, 75, 0,[ 87, 5, 30]],

[ 64, 75, 0,[ 11, 93, 2, 76]],

[ 93, 75, 0,[ 7, 47, 64]],

[ 44, 75, 0,[ 36, 74, 72, 81, 21, 71]],

[ 8, 75, 0,[ 2, 6, 22]],

[ 51, 75, 0,[ 10, 69, 11]],

[ 74, 75, 0,[ 44, 40, 66, 27]],

[ 85, 75, 0,[ 43, 67, 14, 88]],

[ 65, 75, 0,[ 5, 18, 28]],

[ 34, 75, 0,[ 60, 88, 0]],

[ 46, 75, 0,[ 38, 32, 5]],

[ 30, 75, 0,[ 83, 38, 27, 1]],

[ 63, 75, 0,[ 75, 33, 12]],

[ 5, 95, 1,[ 48, 13, 46, 45, 65, 2, 19, 83, 1]],

[ 41, 75, 0,[ 11, 7, 78]],

[ 75, 75, 0,[ 84, 38, 70, 0, 63]],

[ 27, 75, 0,[ 30, 68, 82, 74, 13]],

[ 26, 75, 0,[ 99, 45, 1]],

[ 87, 75, 0,[ 83, 23, 54, 49]],

[ 78, 75, 0,[ 41, 11, 39]],

[ 88, 75, 0,[ 85, 34, 0]],

[ 36, 75, 0,[ 6, 39, 44, 59]],

[ 32, 75, 0,[ 28, 46, 4, 35]],

[ 25, 75, 0,[ 96, 33, 4]],

[ 91, 75, 0,[ 77, 37, 73]],

[ 47, 75, 0,[ 62, 3, 93]],

[ 69, 75, 0,[ 33, 11, 51, 2]],

[ 94, 75, 0,[ 3, 42, 53]],

[ 3, 75, 1,[ 60, 55, 47, 10, 94, 1, 2]],

[ 52, 75, 0,[ 42, 89, 14]],

[ 68, 75, 0,[ 27, 96, 58]],

[ 45, 75, 0,[ 5, 26, 16, 24]],

[ 59, 75, 0,[ 18, 36, 12]],

[ 54, 75, 0,[ 87, 17, 42]],

[ 58, 75, 0,[ 11, 68, 97]],

[ 80, 75, 0,[ 50, 67]],

[ 56, 75, 0,[ 11, 98, 22, 37]],

[ 66, 75, 0,[ 74]],

