[ 5, 25, 1,[ 94, 87, 50]],

[ 17, 75, 1,[ 71, 2, 37, 46]],

[ 14, 25, 1,[ 30, 92, 98]],

[ 1, 15, 1,[ 15, 69, 55, 95, 19, 77, 43, 42]],

[ 28, 85, 1,[ 31, 54, 23]],

[ 50, 85, 0,[ 5, 15, 94]],

[ 36, 35, 1,[ 3, 63, 39]],

[ 59, 35, 0,[ 84, 55, 90, 85, 67]],

[ 70, 65, 0,[ 25, 8, 74]],

[ 24, 25, 0,[ 57, 96, 52, 44, 64]],

[ 18, 65, 1,[ 53, 81, 46]],

[ 72, 25, 1,[ 76, 9, 63, 91]],

[ 77, 65, 0,[ 62, 69, 1, 57, 96]],

[ 8, 65, 0,[ 58, 70, 66]],

[ 27, 25, 1,[ 45, 35, 0]],

[ 56, 75, 0,[ 9, 74, 43]],

[ 85, 35, 0,[ 59, 89, 60]],

[ 73, 95, 0,[ 92, 35, 38, 0, 78]],

[ 35, 35, 1,[ 79, 19, 27, 73]],

[ 20, 5, 1,[ 45, 89, 31]],

[ 39, 85, 0,[ 97, 81, 36]],

[ 7, 35, 1,[ 65, 55, 49, 16, 42]],

[ 2, 45, 1,[ 17, 94, 22]],

[ 63, 5, 0,[ 34, 36, 72]],

[ 98, 65, 0,[ 14, 99, 91]],

[ 37, 95, 1,[ 32, 17, 26, 0, 87]],

[ 4, 5, 1,[ 86, 91, 75]],

[ 61, 35, 0,[ 30, 46, 95]],

[ 44, 25, 0,[ 75, 24, 97]],

[ 92, 25, 0,[ 73, 14, 33]],

[ 41, 25, 0,[ 34, 49]],

[ 43, 15, 1,[ 1, 33, 56]],

[ 21, 85, 1,[ 52, 96, 60]],

[ 64, 45, 0,[ 24, 3, 49]],

[ 89, 15, 1,[ 97, 75, 20, 85]],

[ 40, 95, 0,[ 46, 88, 67]],

[ 29, 55, 1,[ 76, 3, 75]],

[ 0, 75, 1,[ 37, 27, 73]],

[ 58, 25, 1,[ 8, 99, 15]],

[ 91, 85, 1,[ 4, 72, 82, 79, 98]],

[ 79, 45, 0,[ 35, 91, 25]],

[ 26, 25, 0,[ 37, 47, 10, 87]],

[ 84, 45, 0,[ 97, 59, 10]],

[ 30, 15, 1,[ 61, 14, 45]],

[ 42, 15, 1,[ 96, 7, 1]],

[ 3, 45, 1,[ 29, 69, 64, 80, 36, 57]],

[ 90, 75, 0,[ 16, 59, 22]],

[ 94, 45, 0,[ 2, 50, 5]],

[ 65, 65, 0,[ 7, 6, 87]],

[ 78, 95, 0,[ 73, 68, 71]],

[ 12, 5, 1,[ 16, 66, 83]],

[ 52, 35, 1,[ 80, 21, 24, 93]],

[ 88, 95, 1,[ 40, 54, 47]],

[ 96, 45, 1,[ 42, 24, 21, 77]],

[ 57, 85, 1,[ 77, 3, 11, 66, 24, 6]],

[ 82, 35, 0,[ 71, 9, 91]],

[ 13, 95, 1,[ 93, 75, 95]],

[ 68, 95, 0,[ 78, 71, 60]],

[ 71, 65, 1,[ 82, 68, 78, 17]],

[ 95, 95, 0,[ 38, 1, 13, 61]],

[ 67, 45, 1,[ 40, 59, 75]],

[ 23, 65, 0,[ 28, 60, 32, 48]],

[ 33, 25, 0,[ 43, 92, 87]],

[ 74, 65, 0,[ 70, 56, 99]],

[ 47, 25, 0,[ 88, 26, 11, 51]],

[ 31, 65, 0,[ 20, 60, 28]],

[ 87, 25, 0,[ 37, 66, 33, 5, 26, 65]],

[ 81, 85, 0,[ 39, 18, 15]],

[ 38, 55, 1,[ 53, 73, 95]],

[ 75, 65, 1,[ 44, 29, 67, 4, 89, 62, 83, 13]],

[ 22, 25, 1,[ 48, 2, 90]],

[ 93, 55, 0,[ 52, 13, 54]],

[ 53, 45, 1,[ 18, 76, 38]],

[ 9, 55, 1,[ 72, 56, 82]],

[ 55, 35, 0,[ 59, 1, 7]],

[ 62, 85, 0,[ 77, 15, 75]],

[ 19, 35, 0,[ 1, 16, 35]],

[ 83, 25, 0,[ 75, 12, 25]],

[ 32, 25, 1,[ 23, 37, 51, 6]],

[ 6, 45, 1,[ 57, 65, 32]],

[ 45, 35, 0,[ 30, 20, 27, 49, 60]],

[ 49, 15, 1,[ 7, 41, 45, 64]],

[ 48, 95, 1,[ 86, 22, 80, 23]],

[ 66, 65, 0,[ 87, 12, 57, 86, 8]],

[ 16, 85, 1,[ 90, 19, 12, 51, 7]],

[ 99, 65, 0,[ 58, 98, 74]],

[ 34, 5, 1,[ 76, 41, 63, 10]],

[ 51, 75, 0,[ 16, 32, 47]],

[ 46, 25, 1,[ 17, 18, 61, 40]],

[ 76, 15, 0,[ 29, 34, 72, 53, 11]],

[ 97, 85, 1,[ 39, 84, 44, 89]],

[ 60, 65, 0,[ 68, 45, 85, 31, 21, 23]],

[ 86, 85, 0,[ 4, 66, 48]],

[ 54, 95, 1,[ 28, 88, 93]],

[ 11, 25, 1,[ 47, 57, 76]],

[ 69, 45, 0,[ 77, 1, 3]],

[ 10, 85, 1,[ 26, 34, 84]],

[ 80, 25, 0,[ 52, 3, 48]],

[ 25, 45, 1,[ 79, 70, 83]],

[ 15, 85, 0,[ 58, 50, 81, 62, 1]],

[ 53, 5, 1,[ 52, 89, 38, 5]],

[ 65, 75, 0,[ 23, 50, 86]],

[ 71, 95, 0,[ 7, 17, 13]],

[ 10, 25, 1,[ 76, 49, 81]],

[ 56, 5, 0,[ 35, 58, 80]],

[ 82, 25, 0,[ 76, 15, 52]],

[ 73, 5, 1,[ 62, 11, 48, 98, 87]],

[ 91, 5, 0,[ 93, 19, 85]],

[ 12, 25, 1,[ 68, 58, 95]],

[ 86, 85, 1,[ 39, 68, 65]],

[ 64, 45, 1,[ 27, 25, 55, 54, 89]],

[ 83, 15, 0,[ 47, 66]],

[ 48, 95, 1,[ 73, 43, 27]],

[ 99, 95, 0,[ 72, 13, 7]],

[ 19, 5, 0,[ 3, 67, 91]],

[ 17, 95, 1,[ 22, 80, 43, 71]],

[ 21, 75, 1,[ 33, 47, 59]],

[ 29, 65, 1,[ 88, 41, 26, 78]],

[ 16, 35, 1,[ 67, 70, 23, 1]],

[ 67, 5, 0,[ 19, 18, 51, 16]],

[ 5, 45, 1,[ 59, 53, 79, 55, 89]],

[ 74, 55, 0,[ 18, 25, 31]],

[ 33, 75, 0,[ 0, 49, 98, 21]],

[ 2, 35, 1,[ 80, 55, 62, 95]],

[ 95, 5, 0,[ 2, 12, 77]],

[ 26, 15, 0,[ 1, 88, 38, 28, 29]],

[ 96, 55, 0,[ 15, 6, 37]],

[ 45, 15, 1,[ 94, 11, 30]],

[ 54, 35, 1,[ 75, 61, 23, 64]],

[ 63, 15, 0,[ 32, 9, 97]],

[ 1, 95, 1,[ 16, 14, 26, 28]],

[ 72, 85, 1,[ 44, 99, 28]],

[ 31, 55, 0,[ 4, 34, 74, 20]],

[ 39, 45, 0,[ 46, 37, 41, 86, 0]],

[ 24, 65, 0,[ 0, 36, 90]],

[ 70, 35, 0,[ 44, 16, 37, 4]],

[ 81, 75, 0,[ 94, 10, 46, 68]],

[ 9, 65, 1,[ 97, 80, 63]],

[ 47, 35, 0,[ 40, 0, 3, 21, 83]],

[ 75, 5, 0,[ 32, 54]],

[ 15, 15, 1,[ 66, 96, 82]],

[ 36, 75, 1,[ 24, 85, 97]],

[ 93, 5, 0,[ 91, 66, 98]],

[ 78, 65, 0,[ 38, 92, 29]],

[ 8, 65, 0,[ 13, 92, 35]],

[ 57, 5, 1,[ 90, 13, 62]],

[ 60, 45, 1,[ 43, 42, 6]],

[ 4, 85, 1,[ 70, 31, 11, 90, 30]],

[ 66, 45, 1,[ 40, 15, 93, 83]],

[ 20, 35, 1,[ 31, 41, 42]],

[ 89, 25, 0,[ 5, 64, 53]],

[ 61, 5, 0,[ 27, 54, 44]],

[ 43, 55, 1,[ 51, 48, 60, 17]],

[ 40, 35, 0,[ 3, 66, 47]],

[ 28, 45, 1,[ 72, 1, 26]],

[ 59, 25, 0,[ 21, 79, 5]],

[ 85, 75, 0,[ 52, 36, 91]],

[ 38, 65, 1,[ 78, 53, 26]],

[ 3, 75, 1,[ 76, 19, 40, 47]],

[ 7, 85, 1,[ 71, 87, 69, 99]],

[ 25, 35, 1,[ 74, 64, 79, 11]],

[ 49, 75, 0,[ 33, 10, 14, 0]],

[ 27, 75, 1,[ 48, 64, 61]],

[ 6, 35, 1,[ 60, 96, 88]],

[ 88, 85, 1,[ 98, 84, 6, 26, 29]],

[ 34, 45, 1,[ 31, 69, 97, 18]],

[ 46, 55, 1,[ 81, 97, 39]],

[ 32, 15, 1,[ 79, 76, 75, 63]],

[ 90, 25, 0,[ 57, 24, 4]],

[ 58, 5, 0,[ 56, 84, 12]],

[ 22, 45, 1,[ 17, 84]],

[ 62, 25, 0,[ 2, 73, 57]],

[ 68, 75, 0,[ 86, 81, 12]],

[ 13, 35, 1,[ 71, 8, 99, 57]],

[ 98, 5, 0,[ 88, 93, 33, 73]],

[ 97, 25, 1,[ 9, 63, 46, 36, 34, 69]],

[ 18, 55, 1,[ 74, 34, 67]],

[ 94, 65, 0,[ 81, 30, 45, 50, 77]],

[ 55, 35, 0,[ 64, 5, 2]],

[ 77, 35, 1,[ 94, 95, 0]],

[ 11, 5, 1,[ 73, 25, 4, 45]],

[ 69, 5, 0,[ 7, 97, 34]],

[ 44, 55, 0,[ 61, 70, 72]],

[ 42, 45, 0,[ 60, 20]],

[ 84, 35, 0,[ 58, 22, 88]],

[ 87, 35, 0,[ 50, 73, 7]],

[ 35, 35, 1,[ 52, 8, 56]],

[ 52, 45, 1,[ 85, 53, 82, 35, 14]],

[ 0, 35, 1,[ 77, 49, 24, 33, 47, 39]],

[ 14, 65, 1,[ 52, 1, 76, 49]],

[ 79, 5, 1,[ 32, 5, 59, 25]],

[ 92, 65, 0,[ 78, 8, 37]],

[ 80, 85, 0,[ 17, 2, 9, 56]],

[ 30, 5, 1,[ 4, 45, 94]],

[ 76, 75, 0,[ 10, 3, 82, 14, 32]],

[ 37, 85, 1,[ 39, 51, 96, 70, 92]],

[ 50, 35, 0,[ 65, 94, 87]],

[ 23, 5, 0,[ 16, 54, 65]],

[ 51, 5, 0,[ 67, 43, 37]],

[ 41, 15, 0,[ 29, 20, 39]],

