[ 4, 95, 1,[ 52, 15, 16, 78, 96]],

[ 16, 45, 1,[ 7, 11, 58, 4]],

[ 59, 55, 0,[ 96, 24]],

[ 92, 85, 0,[ 13, 73, 88]],

[ 3, 75, 1,[ 98, 95, 35, 53, 74]],

[ 17, 25, 1,[ 44, 61, 10, 76]],

[ 51, 65, 0,[ 63, 54, 60]],

[ 9, 85, 1,[ 43, 20, 72, 64, 49]],

[ 63, 15, 0,[ 43, 51, 95]],

[ 53, 75, 1,[ 76, 64, 3]],

[ 21, 15, 1,[ 18, 27, 26, 11]],

[ 32, 55, 1,[ 84, 45, 78, 31]],

[ 23, 45, 0,[ 40, 86, 95]],

[ 26, 15, 0,[ 49, 21, 77]],

[ 7, 5, 1,[ 16, 85, 22]],

[ 78, 55, 0,[ 32, 4, 39, 45]],

[ 86, 45, 0,[ 23, 93]],

[ 46, 15, 1,[ 87, 24, 6]],

[ 18, 85, 1,[ 5, 21, 68]],

[ 41, 15, 0,[ 1, 14, 90]],

[ 25, 85, 1,[ 87, 43, 19, 67]],

[ 15, 15, 0,[ 54, 31, 4]],

[ 34, 5, 1,[ 84, 30]],

[ 81, 65, 1,[ 75, 97, 54]],

[ 83, 25, 0,[ 80, 14, 13]],

[ 45, 5, 1,[ 32, 6, 78]],

[ 79, 25, 0,[ 64, 48, 90]],

[ 31, 15, 0,[ 15, 32, 56]],

[ 74, 85, 1,[ 39, 3, 80, 22]],

[ 50, 65, 0,[ 95, 97, 12]],

[ 73, 85, 0,[ 71, 72, 92]],

[ 44, 15, 0,[ 97, 89, 39, 17]],

[ 30, 5, 1,[ 1, 2, 34]],

[ 6, 5, 1,[ 45, 68, 46]],

[ 89, 15, 0,[ 36, 71, 44]],

[ 90, 35, 0,[ 41, 22, 79, 65]],

[ 20, 25, 1,[ 9, 57]],

[ 85, 5, 0,[ 91, 7, 72]],

[ 47, 35, 0,[ 2, 35, 19]],

[ 71, 65, 0,[ 89, 38, 73]],

[ 67, 35, 0,[ 25, 5, 22]],

[ 68, 85, 0,[ 6, 18, 60]],

[ 1, 15, 1,[ 52, 30, 97, 95, 41]],

[ 94, 55, 0,[ 60, 99, 93]],

[ 19, 65, 0,[ 47, 49, 25]],

[ 14, 25, 1,[ 12, 41, 83]],

[ 0, 45, 1,[ 13, 80, 42]],

[ 22, 35, 1,[ 67, 74, 90, 7]],

[ 48, 25, 1,[ 24, 99, 79]],

[ 69, 85, 0,[ 70]],

[ 11, 85, 1,[ 21, 16, 28]],

[ 66, 15, 0,[ 27, 12, 43]],

[ 13, 65, 1,[ 92, 83, 0, 54]],

[ 77, 15, 0,[ 26, 82, 55]],

[ 38, 5, 1,[ 52, 71, 55]],

[ 97, 15, 1,[ 81, 50, 44, 1, 29]],

[ 62, 5, 0,[ 5]],

[ 76, 85, 0,[ 53, 17, 70]],

[ 8, 35, 0,[ 91, 36]],

[ 37, 15, 1,[ 10, 29, 98]],

[ 87, 15, 0,[ 46, 33, 25]],

[ 80, 45, 0,[ 74, 83, 0]],

[ 27, 35, 1,[ 82, 66, 21]],

[ 24, 55, 1,[ 59, 57, 46, 48]],

[ 10, 75, 1,[ 33, 17, 37, 2, 56]],

[ 99, 25, 0,[ 48, 94]],

[ 12, 95, 1,[ 50, 14, 66]],

[ 49, 65, 0,[ 26, 9, 19]],

[ 56, 15, 0,[ 31, 28, 58, 10]],

[ 43, 15, 1,[ 63, 25, 70, 66, 9]],

[ 52, 85, 1,[ 38, 29, 1, 4]],

[ 33, 15, 0,[ 10, 87, 42]],

[ 55, 85, 0,[ 38, 77, 70]],

[ 75, 15, 0,[ 35, 28, 81]],

[ 91, 35, 0,[ 8, 85, 35]],

[ 35, 15, 1,[ 75, 91, 3, 47]],

[ 29, 35, 1,[ 37, 52, 97]],

[ 82, 15, 1,[ 28, 27, 77]],

[ 93, 55, 0,[ 86, 94]],

[ 88, 15, 1,[ 40, 84, 92]],

[ 84, 55, 1,[ 60, 32, 88, 34]],

[ 40, 45, 0,[ 2, 88, 23]],

[ 39, 85, 0,[ 74, 44, 78]],

[ 61, 65, 0,[ 17, 54, 58]],

[ 95, 65, 1,[ 50, 1, 23, 63, 3]],

[ 60, 55, 1,[ 94, 42, 84, 68, 51]],

[ 28, 35, 1,[ 82, 11, 56, 75]],

[ 36, 15, 1,[ 89, 8, 57]],

[ 57, 85, 1,[ 20, 24, 36]],

[ 70, 85, 1,[ 76, 55, 69, 43]],

[ 42, 55, 0,[ 0, 33, 60]],

[ 98, 75, 0,[ 2, 3, 37]],

[ 5, 5, 1,[ 18, 62, 67]],

[ 2, 35, 1,[ 30, 98, 40, 47, 10]],

[ 65, 95, 0,[ 96, 90]],

[ 54, 65, 1,[ 15, 13, 81, 61, 51]],

[ 96, 95, 0,[ 59, 65, 4]],

[ 72, 75, 1,[ 85, 73, 9]],

[ 64, 85, 0,[ 79, 9, 53]],

[ 58, 45, 0,[ 61, 16, 56]],

