[ 16, 65, 0,[ 96, 39, 80]],

[ 7, 95, 0,[ 40, 43, 5]],

[ 23, 65, 0,[ 96, 46, 74, 64]],

[ 41, 55, 1,[ 24, 14, 77]],

[ 49, 25, 1,[ 54, 5, 22, 87, 8, 34]],

[ 29, 65, 0,[ 66, 31, 82]],

[ 15, 45, 1,[ 12, 10, 32, 27, 83, 47, 76, 46]],

[ 94, 65, 1,[ 19, 92, 66]],

[ 5, 35, 0,[ 49, 88, 18, 7]],

[ 30, 65, 0,[ 63, 92, 91]],

[ 69, 65, 1,[ 97, 77, 85]],

[ 40, 85, 1,[ 56, 60, 17, 7]],

[ 38, 55, 0,[ 37, 77, 96]],

[ 75, 35, 1,[ 86, 1, 73, 14]],

[ 13, 65, 0,[ 77, 70, 67]],

[ 92, 65, 1,[ 94, 86, 30]],

[ 71, 55, 1,[ 28, 85, 76, 83, 34, 93]],

[ 84, 55, 1,[ 63, 97, 31]],

[ 73, 35, 0,[ 26, 75, 98]],

[ 85, 85, 1,[ 71, 74, 96, 69, 64]],

[ 3, 65, 0,[ 55, 95, 93]],

[ 76, 55, 1,[ 71, 15, 79]],

[ 95, 15, 1,[ 72, 48, 82, 32, 3, 0, 20]],

[ 63, 55, 1,[ 84, 56, 30]],

[ 11, 65, 0,[ 14, 98, 25]],

[ 8, 65, 0,[ 14, 49, 51]],

[ 64, 65, 1,[ 81, 23, 42, 85]],

[ 36, 25, 0,[ 2, 35, 70]],

[ 10, 65, 0,[ 80, 97, 15]],

[ 59, 65, 1,[ 44, 9, 39]],

[ 20, 65, 0,[ 74, 95]],

[ 61, 65, 1,[ 79, 80, 37]],

[ 9, 55, 0,[ 59, 68, 67]],

[ 2, 5, 0,[ 65, 27, 70, 36]],

[ 83, 65, 0,[ 15, 44, 71]],

[ 55, 25, 1,[ 18, 19, 60, 3, 47]],

[ 68, 5, 1,[ 9, 12, 53]],

[ 24, 95, 1,[ 37, 41, 93, 33, 50]],

[ 1, 35, 0,[ 87, 75, 96]],

[ 74, 95, 1,[ 23, 47, 20, 85]],

[ 51, 35, 1,[ 4, 96, 8]],

[ 58, 5, 1,[ 62, 17, 78, 28]],

[ 32, 65, 0,[ 95, 42, 15]],

[ 34, 35, 0,[ 71, 49]],

[ 28, 35, 0,[ 71, 80, 58]],

[ 39, 35, 1,[ 16, 22, 59, 0]],

[ 52, 65, 0,[ 50, 53, 35]],

[ 96, 5, 1,[ 38, 35, 1, 51, 16, 85, 23, 82]],

[ 22, 65, 0,[ 49, 39]],

[ 37, 65, 0,[ 61, 38, 45, 24]],

[ 4, 35, 0,[ 67, 44, 51]],

[ 35, 35, 0,[ 52, 96, 36]],

[ 87, 95, 0,[ 42, 89, 49, 1]],

[ 60, 65, 0,[ 50, 55, 33, 40]],

[ 93, 35, 1,[ 24, 6, 71, 3, 78, 90]],

[ 97, 95, 1,[ 84, 10, 69, 21, 81]],

[ 45, 25, 1,[ 37, 90, 86, 72]],

[ 42, 75, 1,[ 64, 32, 87]],

[ 33, 55, 1,[ 60, 21, 24]],

[ 0, 35, 0,[ 43, 39, 95]],

[ 99, 55, 1,[ 6, 26, 82]],

[ 89, 15, 1,[ 88, 87, 27, 21]],

[ 62, 65, 0,[ 26, 58, 88]],

[ 86, 85, 1,[ 92, 43, 75, 45]],

[ 6, 65, 0,[ 47, 99, 93]],

[ 82, 95, 1,[ 78, 29, 96, 99, 95]],

[ 66, 85, 1,[ 50, 94, 29]],

[ 53, 65, 0,[ 68, 50, 52]],

[ 47, 65, 0,[ 6, 15, 55, 70, 74]],

[ 46, 65, 0,[ 15, 98, 23]],

[ 26, 75, 1,[ 99, 62, 57, 73]],

[ 31, 55, 1,[ 84, 25, 29, 80, 65, 57]],

[ 81, 35, 1,[ 64, 97, 25]],

[ 43, 95, 0,[ 7, 0, 86]],

[ 70, 95, 1,[ 13, 2, 12, 36, 47, 91]],

[ 18, 65, 0,[ 5, 55, 91]],

[ 91, 85, 1,[ 65, 70, 18, 30]],

[ 50, 95, 1,[ 60, 52, 66, 24, 53]],

[ 17, 65, 0,[ 58, 40]],

[ 67, 85, 1,[ 13, 9, 4]],

[ 80, 85, 1,[ 72, 28, 31, 16, 10, 61]],

[ 78, 35, 0,[ 58, 93, 82]],

[ 14, 65, 0,[ 11, 75, 41, 8]],

[ 48, 65, 0,[ 95, 57]],

[ 57, 35, 0,[ 31, 48, 26]],

[ 27, 65, 0,[ 89, 2, 15]],

[ 19, 65, 1,[ 55, 56, 94]],

[ 54, 65, 0,[ 49, 79]],

[ 12, 85, 0,[ 15, 68, 70]],

[ 88, 35, 0,[ 5, 89, 62]],

[ 72, 5, 0,[ 45, 95, 80]],

[ 98, 5, 1,[ 46, 11, 73]],

[ 56, 35, 1,[ 63, 40, 19]],

[ 21, 85, 0,[ 97, 89, 33]],

[ 25, 65, 0,[ 11, 81, 31]],

[ 65, 85, 1,[ 31, 91, 2]],

[ 77, 35, 1,[ 38, 41, 13, 69]],

[ 44, 25, 1,[ 83, 4, 59]],

[ 90, 25, 0,[ 79, 93, 45]],

[ 79, 65, 1,[ 76, 90, 61, 54]],

