[ 85, 85, 1,[ 19, 49, 5]],

[ 24, 45, 1,[ 81, 76, 71, 75]],

[ 37, 75, 0,[ 3, 42, 23]],

[ 90, 45, 0,[ 42, 77]],

[ 81, 25, 1,[ 97, 24, 84, 47, 8]],

[ 22, 85, 0,[ 16, 35, 82]],

[ 49, 25, 1,[ 65, 11, 85, 69]],

[ 58, 85, 0,[ 62, 99, 43, 45]],

[ 28, 85, 0,[ 0, 44, 91, 55]],

[ 69, 55, 1,[ 49, 94, 73]],

[ 16, 85, 0,[ 8, 22, 71, 84]],

[ 45, 25, 1,[ 36, 33, 58]],

[ 61, 35, 1,[ 53, 20, 30]],

[ 92, 35, 1,[ 26, 36, 74, 18]],

[ 55, 15, 1,[ 28, 97, 73]],

[ 27, 85, 0,[ 42, 63, 91]],

[ 20, 85, 0,[ 67, 83, 96, 61]],

[ 76, 55, 1,[ 33, 24, 43]],

[ 34, 85, 0,[ 89, 68, 40, 51]],

[ 74, 95, 1,[ 56, 77, 92]],

[ 53, 35, 0,[ 50, 61, 51, 0]],

[ 68, 85, 1,[ 34, 80, 42]],

[ 95, 25, 1,[ 75, 66, 86, 67]],

[ 84, 95, 1,[ 81, 16, 19]],

[ 29, 15, 0,[ 65, 64, 79]],

[ 87, 85, 1,[ 97, 57]],

[ 98, 75, 1,[ 38, 32, 89]],

[ 72, 75, 0,[ 88, 86, 63]],

[ 23, 85, 1,[ 52, 9, 37, 48, 77, 30, 46]],

[ 9, 75, 0,[ 23, 4, 17, 44, 56]],

[ 66, 95, 1,[ 95, 83, 43]],

[ 1, 95, 0,[ 39, 40, 83, 26]],

[ 96, 95, 1,[ 20, 70, 13]],

[ 82, 85, 1,[ 22, 12, 10]],

[ 57, 45, 0,[ 87, 26, 31]],

[ 75, 25, 1,[ 24, 59, 95]],

[ 63, 85, 0,[ 72, 27, 91]],

[ 77, 95, 1,[ 90, 23, 74, 12]],

[ 30, 75, 0,[ 99, 23, 61, 40, 4]],

[ 50, 75, 1,[ 67, 53]],

[ 47, 55, 1,[ 21, 17, 81]],

[ 86, 75, 1,[ 64, 72, 95]],

[ 43, 85, 0,[ 58, 66, 76]],

[ 13, 85, 0,[ 96, 46, 93]],

[ 11, 75, 0,[ 15, 70, 49]],

[ 5, 15, 0,[ 60, 65, 85]],

[ 7, 55, 0,[ 93, 6, 83]],

[ 97, 35, 1,[ 38, 44, 78, 55, 81, 87]],

[ 38, 15, 0,[ 97, 64, 98]],

[ 44, 55, 1,[ 28, 9, 48, 97]],

[ 0, 35, 0,[ 53, 56, 28]],

[ 21, 85, 0,[ 2, 89, 47]],

[ 8, 65, 1,[ 16, 81, 25]],

[ 36, 75, 0,[ 92, 93, 45]],

[ 33, 15, 1,[ 76, 45, 18, 79]],

[ 62, 45, 1,[ 2, 58, 39]],

[ 15, 55, 1,[ 11, 6, 4]],

[ 78, 85, 1,[ 59, 97, 94]],

[ 10, 45, 0,[ 82, 60, 42]],

[ 25, 35, 0,[ 8, 18, 51]],

[ 83, 35, 1,[ 7, 1, 66, 20]],

[ 65, 55, 1,[ 91, 5, 49, 29]],

[ 54, 45, 0,[ 14, 42, 89]],

[ 94, 45, 1,[ 18, 14, 69, 78]],

[ 17, 75, 0,[ 9, 26, 47]],

[ 19, 5, 1,[ 60, 88, 85, 32, 84]],

[ 3, 75, 0,[ 42, 59, 37, 88]],

[ 2, 85, 0,[ 21, 4, 62, 46]],

[ 46, 85, 0,[ 2, 23, 13, 52]],

[ 42, 5, 1,[ 3, 54, 37, 90, 27, 68, 10]],

[ 14, 45, 0,[ 73, 54, 94]],

[ 35, 85, 0,[ 22, 79, 6]],

[ 4, 75, 0,[ 15, 30, 2, 9]],

[ 52, 75, 0,[ 46, 41, 23]],

[ 70, 65, 1,[ 48, 11, 96]],

[ 67, 75, 1,[ 50, 39, 20, 95]],

[ 32, 15, 0,[ 99, 19, 98]],

[ 91, 25, 1,[ 89, 65, 63, 28, 27, 41]],

[ 99, 85, 0,[ 32, 58, 30]],

[ 26, 85, 1,[ 57, 17, 92, 1]],

[ 39, 65, 0,[ 62, 67, 1]],

[ 41, 85, 0,[ 52, 91, 93]],

[ 64, 95, 1,[ 86, 38, 29, 31, 18]],

[ 88, 75, 0,[ 72, 19, 3]],

[ 93, 5, 1,[ 41, 13, 36, 7]],

[ 40, 45, 1,[ 34, 1, 30]],

[ 12, 35, 0,[ 80, 82, 77]],

[ 31, 35, 1,[ 79, 57, 64]],

[ 56, 85, 1,[ 0, 9, 74]],

[ 80, 25, 1,[ 12, 68, 59]],

[ 51, 45, 1,[ 25, 34, 53]],

[ 71, 45, 1,[ 24, 16]],

[ 73, 45, 0,[ 55, 69, 14]],

[ 6, 85, 0,[ 7, 35, 15]],

[ 48, 95, 0,[ 70, 44, 23]],

[ 60, 5, 1,[ 19, 5, 10]],

[ 79, 85, 0,[ 29, 35, 31, 33]],

[ 89, 85, 0,[ 98, 21, 54, 34, 91]],

[ 59, 75, 0,[ 75, 78, 80, 3]],

[ 18, 35, 0,[ 33, 92, 25, 64, 94]],

[ 42, 85, 1,[ 91, 22, 24, 28]],

[ 81, 45, 1,[ 44, 12, 53, 76]],

[ 15, 75, 1,[ 14, 76, 6]],

[ 16, 95, 0,[ 70, 41, 5]],

[ 64, 55, 1,[ 75, 87, 71]],

[ 14, 5, 0,[ 15, 84, 87, 60]],

[ 84, 55, 1,[ 6, 14, 58]],

[ 36, 45, 0,[ 68, 90, 71]],

[ 74, 75, 0,[ 94, 67, 19, 55]],

[ 10, 65, 0,[ 60, 79, 69]],

[ 52, 15, 0,[ 88, 97, 67]],

[ 58, 75, 0,[ 46, 80, 84, 94]],

[ 51, 75, 1,[ 66, 19, 45, 82, 30]],

[ 41, 15, 1,[ 62, 16, 87]],

[ 83, 65, 1,[ 1, 86, 21]],

[ 46, 85, 0,[ 93, 58, 85]],

[ 75, 5, 1,[ 43, 64, 57, 55]],

[ 73, 55, 1,[ 88, 0, 72, 78]],

[ 92, 15, 0,[ 21, 2, 12]],

[ 80, 75, 0,[ 48, 97, 58]],

[ 98, 45, 1,[ 85, 18, 32]],

[ 79, 55, 1,[ 10, 28, 43]],

[ 60, 35, 1,[ 17, 10, 63, 14]],

[ 45, 25, 1,[ 77, 51, 21]],

[ 19, 75, 0,[ 78, 54, 74, 51, 24]],

[ 44, 35, 0,[ 56, 95, 81]],

[ 97, 85, 1,[ 59, 52, 80, 33]],

[ 38, 5, 0,[ 57, 71, 48]],

[ 28, 55, 0,[ 91, 37, 31, 42, 79]],

[ 70, 15, 1,[ 99, 35, 16]],

[ 65, 15, 1,[ 88, 21, 35, 78]],

[ 56, 65, 1,[ 29, 78, 99, 49, 44]],

[ 30, 25, 0,[ 61, 51, 77]],

[ 12, 15, 0,[ 22, 81, 92]],

[ 57, 95, 0,[ 75, 38, 86, 5]],

[ 49, 65, 1,[ 39, 56, 11]],

[ 13, 75, 0,[ 8, 11, 29]],

[ 4, 5, 0,[ 20, 27, 90]],

[ 40, 95, 1,[ 33, 18, 86, 66]],

[ 31, 75, 1,[ 28, 89, 6, 1]],

[ 68, 15, 1,[ 5, 36, 50]],

[ 37, 55, 0,[ 59, 28, 0]],

[ 9, 75, 0,[ 66, 11, 85]],

[ 69, 45, 1,[ 26, 10, 82]],

[ 48, 5, 0,[ 39, 80, 38, 62]],

[ 87, 5, 1,[ 25, 41, 64, 14]],

[ 50, 5, 1,[ 94, 96, 53, 68]],

[ 89, 85, 1,[ 35, 34, 31]],

[ 7, 5, 0,[ 17, 96, 34, 61]],

[ 61, 45, 1,[ 7, 1, 30, 2]],

[ 6, 5, 0,[ 84, 31, 15]],

[ 63, 75, 1,[ 5, 60, 8]],

[ 78, 45, 1,[ 19, 56, 65, 73]],

[ 21, 15, 0,[ 83, 45, 65, 91, 92, 23]],

[ 93, 95, 1,[ 46, 94, 5, 43]],

[ 47, 95, 1,[ 59, 8, 22]],

[ 25, 75, 0,[ 29, 87, 77]],

[ 99, 5, 1,[ 70, 56, 72, 54]],

[ 95, 55, 0,[ 53, 71, 24, 44]],

[ 24, 85, 1,[ 19, 20, 85, 95, 42]],

[ 96, 5, 0,[ 35, 7, 50]],

[ 26, 45, 1,[ 69, 17, 67]],

[ 72, 95, 0,[ 3, 99, 73]],

[ 5, 95, 0,[ 93, 63, 16, 68, 57]],

[ 62, 15, 1,[ 23, 41, 48]],

[ 34, 5, 0,[ 32, 7, 89]],

[ 27, 5, 0,[ 4, 39]],

[ 88, 15, 0,[ 65, 52, 73]],

[ 2, 45, 0,[ 90, 61, 92]],

[ 76, 25, 1,[ 15, 82, 81]],

[ 43, 5, 0,[ 79, 75, 93]],

[ 66, 75, 0,[ 40, 9, 51, 82]],

[ 71, 35, 1,[ 95, 36, 64, 38]],

[ 1, 5, 0,[ 61, 31, 83]],

[ 18, 55, 0,[ 40, 98, 0]],

[ 29, 75, 0,[ 13, 56, 25, 55]],

[ 17, 5, 0,[ 60, 7, 26, 20]],

[ 77, 95, 1,[ 25, 45, 30]],

[ 0, 55, 0,[ 73, 18, 37]],

[ 33, 15, 1,[ 23, 97, 55, 40]],

[ 67, 65, 1,[ 26, 52, 74]],

[ 22, 15, 0,[ 47, 12, 42]],

[ 82, 5, 1,[ 3, 51, 76, 69, 66]],

[ 85, 65, 1,[ 24, 46, 98, 9]],

[ 8, 65, 1,[ 13, 47, 63]],

[ 32, 75, 0,[ 34, 98, 54]],

[ 91, 65, 1,[ 28, 42, 21]],

[ 90, 95, 1,[ 36, 86, 59, 4, 2]],

[ 11, 75, 0,[ 94, 13, 9, 49]],

[ 35, 5, 0,[ 89, 96, 65, 70]],

[ 59, 35, 1,[ 47, 90, 37, 97]],

[ 20, 5, 0,[ 24, 4, 17]],

[ 94, 5, 1,[ 11, 50, 58, 93, 74]],

[ 55, 95, 1,[ 33, 29, 75, 74]],

[ 3, 75, 0,[ 82, 72, 23]],

[ 54, 75, 0,[ 19, 99, 32]],

[ 23, 15, 1,[ 3, 21, 62, 33]],

[ 86, 75, 1,[ 57, 83, 90, 40]],

[ 53, 55, 0,[ 95, 81, 50]],

[ 39, 5, 0,[ 49, 27, 48]],

