[ 41, 25, 1,[ 96, 70, 19, 74]],

[ 32, 85, 0,[ 79, 94, 73]],

[ 25, 75, 0,[ 66, 98, 67]],

[ 45, 5, 0,[ 40, 43, 93, 50]],

[ 74, 95, 1,[ 41, 86, 94]],

[ 56, 55, 0,[ 26, 57, 13]],

[ 19, 5, 0,[ 41, 99, 14, 60]],

[ 31, 5, 1,[ 5, 70, 2, 22, 82, 35, 86]],

[ 20, 95, 0,[ 63, 42, 93, 17]],

[ 2, 75, 0,[ 51, 31, 94]],

[ 99, 55, 1,[ 60, 19, 62]],

[ 63, 45, 1,[ 6, 0, 53, 20, 9]],

[ 51, 65, 1,[ 4, 53, 8, 57, 2, 17]],

[ 50, 65, 1,[ 45, 0, 69]],

[ 64, 35, 1,[ 59, 62, 4]],

[ 72, 65, 0,[ 49, 65, 94]],

[ 61, 55, 1,[ 80, 67, 87]],

[ 17, 85, 0,[ 90, 20, 51]],

[ 86, 35, 1,[ 31, 8, 12, 74]],

[ 55, 85, 0,[ 40, 39, 98]],

[ 26, 75, 1,[ 88, 56, 18]],

[ 12, 95, 0,[ 86, 15, 76]],

[ 73, 75, 1,[ 83, 57, 8, 48, 53, 6, 32]],

[ 37, 95, 0,[ 75, 58, 82]],

[ 97, 55, 1,[ 48, 80, 65]],

[ 28, 55, 0,[ 35, 65, 39]],

[ 92, 85, 1,[ 59, 46, 0, 66]],

[ 16, 75, 0,[ 13, 47, 39, 71]],

[ 21, 85, 0,[ 68, 24, 65]],

[ 59, 95, 0,[ 92, 64]],

[ 69, 65, 1,[ 50, 3, 9]],

[ 83, 95, 1,[ 73, 60, 75, 14]],

[ 9, 95, 0,[ 63, 24, 69]],

[ 3, 85, 0,[ 69, 7, 33]],

[ 91, 35, 1,[ 11, 34, 78]],

[ 81, 35, 1,[ 49, 46, 58]],

[ 77, 5, 1,[ 98, 30, 90]],

[ 4, 65, 0,[ 51, 22, 64]],

[ 36, 95, 0,[ 58, 90, 47]],

[ 78, 65, 1,[ 47, 91, 29]],

[ 46, 95, 0,[ 81, 92, 44]],

[ 82, 75, 1,[ 68, 37, 31, 43]],

[ 24, 25, 1,[ 9, 71, 21]],

[ 94, 55, 1,[ 72, 32, 2, 74]],

[ 18, 75, 0,[ 58, 26]],

[ 65, 35, 1,[ 28, 72, 97, 60, 21, 42]],

[ 87, 85, 0,[ 96, 61, 70]],

[ 0, 25, 0,[ 63, 50, 92]],

[ 80, 55, 1,[ 90, 61, 29, 97]],

[ 98, 75, 1,[ 77, 71, 75, 25, 55, 27]],

[ 88, 55, 0,[ 26, 40, 23]],

[ 54, 95, 0,[ 89, 44, 85]],

[ 38, 25, 0,[ 62, 27, 79]],

[ 23, 15, 1,[ 88, 49, 11, 66]],

[ 13, 65, 0,[ 56, 58, 16]],

[ 11, 15, 0,[ 93, 23, 91]],

[ 67, 5, 1,[ 10, 61, 95, 7, 25]],

[ 90, 35, 1,[ 17, 77, 68, 36, 40, 80]],

[ 27, 95, 0,[ 38, 79, 98]],

[ 84, 95, 1,[ 60, 47]],

[ 33, 25, 1,[ 95, 22, 3]],

[ 35, 95, 0,[ 76, 28, 31]],

[ 14, 35, 0,[ 19, 83]],

[ 43, 25, 0,[ 82, 29, 45]],

[ 8, 75, 1,[ 86, 51, 73]],

[ 85, 85, 1,[ 68, 76, 54]],

[ 60, 95, 1,[ 84, 65, 83, 19, 99, 95]],

[ 57, 95, 0,[ 56, 73, 51]],

[ 75, 85, 1,[ 37, 98, 48, 83]],

[ 7, 95, 0,[ 3, 93, 67, 47]],

[ 39, 45, 1,[ 55, 5, 16, 28, 30]],

[ 58, 5, 1,[ 13, 37, 81, 18, 36, 44, 1]],

[ 15, 65, 1,[ 52, 10, 12]],

[ 71, 95, 1,[ 16, 98, 24]],

[ 48, 95, 0,[ 89, 75, 73, 97]],

[ 53, 75, 0,[ 51, 73, 52, 63]],

[ 62, 25, 1,[ 66, 99, 38, 64]],

[ 96, 5, 1,[ 87, 41, 29]],

[ 79, 85, 1,[ 34, 27, 38, 10, 32]],

[ 29, 95, 0,[ 80, 78, 96, 43]],

[ 1, 95, 0,[ 58]],

[ 66, 85, 0,[ 25, 92, 23, 62]],

[ 34, 35, 0,[ 79, 91, 89]],

[ 44, 65, 1,[ 58, 46, 54]],

[ 5, 55, 0,[ 31, 42, 39]],

[ 42, 95, 0,[ 5, 65, 20]],

[ 30, 75, 0,[ 77, 47, 39]],

[ 6, 55, 0,[ 63, 73, 52]],

[ 52, 95, 0,[ 53, 15, 6]],

[ 76, 25, 1,[ 35, 12, 85]],

[ 49, 85, 0,[ 81, 23, 72]],

[ 70, 95, 0,[ 87, 41, 31]],

[ 93, 15, 1,[ 11, 20, 45, 7]],

[ 40, 55, 1,[ 55, 90, 45, 88]],

[ 95, 95, 1,[ 60, 33, 67]],

[ 68, 95, 1,[ 85, 21, 90, 82]],

[ 22, 95, 0,[ 31, 4, 33]],

[ 89, 5, 1,[ 34, 48, 54]],

[ 47, 75, 1,[ 36, 30, 16, 84, 7, 78]],

[ 10, 95, 0,[ 15, 79, 67]],

