[ 94, 45, 1,[ 6, 39, 5, 68, 38, 43, 77, 69, 45, 66, 60, 10]],

[ 20, 15, 0,[ 12, 4, 33]],

[ 62, 15, 0,[ 70, 45, 32, 93]],

[ 42, 15, 0,[ 46, 21, 18]],

[ 48, 15, 0,[ 72, 15, 21]],

[ 8, 15, 0,[ 56, 22, 76]],

[ 92, 5, 1,[ 37, 67, 10, 23, 90]],

[ 51, 15, 0,[ 55]],

[ 64, 15, 0,[ 50, 65, 59]],

[ 72, 15, 0,[ 36, 48, 3, 7]],

[ 61, 15, 0,[ 99, 59, 45]],

[ 6, 15, 0,[ 94, 12, 85]],

[ 81, 15, 0,[ 97, 38, 93, 37, 25, 52]],

[ 66, 15, 0,[ 13, 1, 94]],

[ 40, 15, 0,[ 86, 28, 30]],

[ 58, 15, 0,[ 63, 5, 18]],

[ 80, 15, 0,[ 68, 75, 25]],

[ 79, 15, 0,[ 45, 59, 29]],

[ 60, 15, 0,[ 86, 94, 28]],

[ 53, 15, 0,[ 84, 89, 74]],

[ 2, 15, 0,[ 15, 12, 82, 75, 41, 86]],

[ 98, 15, 0,[ 46, 73, 30]],

[ 45, 85, 1,[ 79, 14, 61, 62, 71, 38, 94]],

[ 38, 15, 0,[ 94, 81, 45]],

[ 30, 15, 0,[ 16, 99, 98, 63, 40]],

[ 78, 15, 0,[ 37, 36, 18]],

[ 82, 75, 1,[ 49, 32, 2, 73, 36, 56]],

[ 74, 15, 0,[ 56, 53, 91]],

[ 73, 55, 1,[ 31, 95, 26, 24, 71, 82, 11, 98]],

[ 16, 15, 0,[ 27, 30]],

[ 35, 15, 0,[ 4, 67, 99, 47]],

[ 85, 15, 0,[ 22, 6, 96, 88]],

[ 71, 15, 0,[ 24, 73, 45]],

[ 18, 15, 0,[ 76, 58, 78, 42, 33, 25]],

[ 10, 15, 0,[ 92, 94, 34, 47]],

[ 27, 15, 0,[ 56, 70, 96, 16]],

[ 96, 15, 0,[ 85, 23, 27]],

[ 91, 15, 0,[ 55, 95, 74, 83]],

[ 32, 15, 0,[ 39, 62, 33, 28, 82]],

[ 86, 95, 1,[ 40, 76, 2, 1, 60]],

[ 37, 15, 0,[ 19, 78, 69, 92, 81]],

[ 13, 15, 0,[ 66, 50, 89, 0]],

[ 17, 15, 0,[ 76, 56, 69, 44]],

[ 3, 15, 0,[ 26, 72, 19, 52]],

[ 68, 15, 0,[ 80, 94, 44, 97]],

[ 21, 15, 0,[ 48, 65, 42]],

[ 69, 15, 0,[ 37, 94, 17]],

[ 4, 15, 0,[ 20, 54, 35, 59]],

[ 83, 35, 1,[ 49, 91, 36, 57, 43]],

[ 63, 15, 0,[ 30, 84, 58]],

[ 43, 15, 0,[ 34, 94, 83]],

[ 76, 55, 1,[ 18, 7, 59, 12, 17, 8, 86]],

[ 70, 15, 0,[ 44, 87, 27, 62]],

[ 99, 15, 0,[ 61, 30, 89, 35]],

[ 29, 15, 0,[ 59, 79, 89]],

[ 41, 15, 0,[ 46, 2, 55]],

[ 59, 65, 1,[ 23, 61, 29, 79, 4, 57, 31, 93, 64, 15, 76]],

[ 50, 15, 0,[ 77, 64, 13]],

[ 22, 15, 0,[ 85, 8, 7]],

[ 14, 15, 0,[ 45, 33, 57]],

[ 54, 15, 0,[ 36, 89, 4]],

[ 75, 15, 0,[ 80, 2, 0]],

[ 89, 85, 1,[ 47, 99, 24, 54, 11, 29, 13, 53, 46, 1, 9]],

[ 46, 15, 0,[ 89, 41, 42, 98]],

[ 33, 15, 0,[ 11, 20, 32, 14, 18]],

[ 57, 15, 0,[ 83, 59, 14, 36]],

[ 28, 15, 0,[ 7, 32, 40, 60]],

[ 19, 15, 0,[ 3, 0, 37]],

[ 90, 15, 0,[ 87, 67, 92, 12]],

[ 31, 15, 0,[ 59, 9, 73]],

[ 44, 15, 0,[ 68, 70, 17]],

[ 34, 15, 0,[ 10, 95, 43]],

[ 24, 15, 0,[ 73, 71, 89]],

[ 95, 15, 0,[ 34, 91, 73]],

[ 25, 15, 0,[ 81, 80, 18, 36]],

[ 47, 15, 0,[ 35, 89, 10, 12]],

[ 55, 15, 0,[ 15, 91, 41, 51]],

[ 5, 15, 0,[ 58, 1, 94]],

[ 9, 15, 0,[ 89, 31]],

[ 52, 15, 0,[ 26, 3, 81]],

[ 39, 15, 0,[ 94, 87, 32]],

[ 49, 15, 0,[ 82, 83]],

[ 11, 15, 0,[ 89, 0, 33, 73, 77]],

[ 93, 15, 0,[ 62, 59, 81]],

[ 1, 15, 0,[ 89, 66, 86, 5]],

[ 67, 15, 0,[ 92, 35, 90]],

[ 36, 15, 0,[ 83, 25, 57, 72, 82, 54, 78]],

[ 15, 15, 0,[ 48, 59, 2, 55]],

[ 65, 15, 0,[ 21, 64, 97]],

[ 97, 15, 0,[ 65, 81, 68]],

[ 26, 15, 0,[ 73, 88, 52, 3]],

[ 23, 15, 0,[ 59, 92, 96, 88]],

[ 56, 15, 0,[ 27, 82, 84, 74, 17, 8]],

[ 7, 15, 0,[ 76, 72, 28, 22]],

[ 88, 15, 0,[ 23, 26, 85]],

[ 12, 15, 0,[ 2, 76, 90, 20, 47, 6]],

[ 77, 15, 0,[ 94, 11, 50]],

[ 0, 15, 0,[ 13, 11, 19, 75]],

[ 84, 15, 0,[ 56, 53, 63]],

[ 87, 15, 0,[ 39, 90, 70]],

