[ 96, 35, 0,[ 34, 8, 55]],

[ 18, 35, 0,[ 86, 0, 17]],

[ 0, 75, 1,[ 30, 2, 6, 1, 7, 24, 18, 56, 79, 93, 67]],

[ 66, 35, 0,[ 56, 10, 58]],

[ 94, 35, 0,[ 46, 6, 61]],

[ 28, 95, 1,[ 2, 1, 12, 32, 57, 69]],

[ 6, 5, 1,[ 9, 27, 0, 1, 46, 47, 94, 95]],

[ 64, 35, 0,[ 78, 41, 2]],

[ 1, 55, 1,[ 24, 2, 5, 28, 0, 22, 75, 6, 10, 50, 55, 40, 3, 57]],

[ 90, 35, 0,[ 26, 95, 62, 89]],

[ 3, 15, 1,[ 10, 1, 49, 84, 82, 9, 2, 73]],

[ 72, 35, 0,[ 20, 53, 38]],

[ 99, 35, 0,[ 5, 71]],

[ 93, 35, 0,[ 63, 14, 0]],

[ 86, 35, 0,[ 47, 18]],

[ 15, 35, 0,[ 77, 12, 25, 30]],

[ 82, 35, 0,[ 3, 91, 22]],

[ 12, 35, 0,[ 15, 28, 32]],

[ 42, 35, 0,[ 14, 2, 52]],

[ 16, 35, 0,[ 85, 5, 43]],

[ 8, 35, 0,[ 96, 95]],

[ 41, 35, 0,[ 19, 83, 54, 64, 36, 11]],

[ 91, 35, 0,[ 82, 62]],

[ 13, 35, 0,[ 45, 74, 31]],

[ 77, 35, 0,[ 15, 11, 14]],

[ 46, 35, 0,[ 6, 94, 11]],

[ 68, 35, 0,[ 79]],

[ 78, 35, 0,[ 97, 64, 38, 33]],

[ 67, 35, 0,[ 0, 35]],

[ 92, 35, 0,[ 65, 50, 53]],

[ 38, 75, 1,[ 69, 58, 72, 59, 60, 78, 85, 34]],

[ 31, 35, 0,[ 5, 13, 63, 85]],

[ 56, 35, 0,[ 74, 0, 66]],

[ 88, 35, 0,[ 23, 95]],

[ 79, 35, 0,[ 65, 68, 0]],

[ 33, 35, 0,[ 78, 83, 32]],

[ 60, 35, 0,[ 38, 49, 4]],

[ 74, 35, 0,[ 21, 50, 56, 13]],

[ 80, 35, 0,[ 37, 11, 40]],

[ 53, 35, 0,[ 48, 72, 84, 92, 70]],

[ 51, 35, 0,[ 20, 29, 97, 87]],

[ 43, 35, 0,[ 29, 16, 30]],

[ 54, 35, 0,[ 21, 41]],

[ 62, 35, 0,[ 90, 91, 76]],

[ 34, 35, 0,[ 48, 38, 96]],

[ 84, 35, 0,[ 53, 3, 19]],

[ 63, 35, 0,[ 93, 31, 50, 23]],

[ 14, 35, 0,[ 93, 2, 42, 77]],

[ 76, 35, 0,[ 61, 5, 59, 62]],

[ 48, 35, 0,[ 59, 98, 40, 53, 34]],

[ 23, 35, 0,[ 63, 22, 88]],

[ 85, 35, 0,[ 38, 16, 31]],

[ 27, 35, 0,[ 70, 6, 10]],

[ 36, 35, 0,[ 39, 41]],

[ 32, 35, 0,[ 33, 12, 28]],

[ 40, 35, 0,[ 48, 1, 80, 47, 58]],

[ 39, 35, 0,[ 36, 65]],

[ 98, 35, 0,[ 11, 48, 22]],

[ 95, 35, 0,[ 88, 90, 69, 8, 6]],

[ 19, 35, 0,[ 41, 35, 71, 84, 7]],

[ 81, 35, 0,[ 5, 47]],

[ 59, 35, 0,[ 4, 76, 48, 38]],

[ 65, 35, 0,[ 61, 10, 79, 92, 39]],

[ 70, 35, 0,[ 87, 53, 27, 44]],

[ 61, 35, 0,[ 94, 76, 65, 26]],

[ 17, 35, 0,[ 18, 22, 11, 2, 29]],

[ 55, 35, 0,[ 73, 1, 96]],

[ 44, 35, 0,[ 83, 70, 52, 97]],

[ 5, 95, 1,[ 31, 4, 1, 81, 16, 2, 76, 99]],

[ 24, 35, 0,[ 1, 0, 21]],

[ 71, 35, 0,[ 19, 99, 52]],

[ 26, 35, 0,[ 90, 61, 57]],

[ 21, 35, 0,[ 74, 24, 54]],

[ 10, 35, 1,[ 65, 1, 3, 66, 27]],

[ 69, 35, 0,[ 38, 95, 28]],

[ 29, 35, 0,[ 43, 17, 51]],

[ 73, 35, 0,[ 25, 55, 3, 75]],

[ 20, 35, 0,[ 51, 72]],

[ 97, 35, 0,[ 78, 51, 44]],

[ 11, 75, 1,[ 77, 87, 45, 98, 80, 46, 41, 17, 2]],

[ 87, 35, 0,[ 70, 51, 11]],

[ 45, 35, 0,[ 11, 2, 13]],

[ 35, 35, 0,[ 19, 67]],

[ 25, 35, 0,[ 15, 73, 2]],

[ 57, 35, 0,[ 26, 1, 28, 75]],

[ 75, 35, 0,[ 1, 57, 73]],

[ 52, 35, 0,[ 42, 71, 44]],

[ 22, 35, 0,[ 98, 1, 82, 17, 23]],

[ 4, 35, 0,[ 59, 5, 60]],

[ 50, 35, 0,[ 92, 74, 63, 1]],

[ 49, 35, 0,[ 60, 3]],

[ 30, 35, 0,[ 43, 0, 15]],

[ 9, 35, 0,[ 89, 6, 3]],

[ 37, 35, 0,[ 80]],

[ 89, 35, 0,[ 90, 9]],

[ 47, 35, 0,[ 40, 86, 6, 81]],

[ 2, 5, 1,[ 45, 17, 1, 42, 0, 5, 11, 14, 3, 25, 64, 28]],

[ 58, 35, 0,[ 40, 38, 66]],

[ 7, 35, 0,[ 0, 19]],

[ 83, 35, 0,[ 44, 41, 33]],

