[ 43, 5, 0,[ 0, 37, 94]],

[ 95, 5, 0,[ 23, 81, 64, 80]],

[ 32, 45, 0,[ 99, 68, 59]],

[ 83, 5, 0,[ 99, 92]],

[ 46, 5, 0,[ 53]],

[ 76, 5, 0,[ 60, 96, 42]],

[ 70, 5, 0,[ 58, 67]],

[ 99, 45, 1,[ 84, 60, 57, 0, 6, 32, 85, 49, 28, 5, 10, 72, 53, 22, 54, 83, 98, 39, 65, 88]],

[ 80, 65, 1,[ 3, 77, 52, 91, 33, 92, 47, 95, 93, 13, 75, 62, 16, 27, 38, 12, 90]],

[ 68, 5, 1,[ 77, 61, 30, 35, 52, 66, 7, 22, 15, 39, 32, 4]],

[ 85, 5, 0,[ 22, 99, 12]],

[ 10, 5, 0,[ 18, 99, 17, 51, 7]],

[ 21, 5, 0,[ 72, 67, 23, 96]],

[ 5, 45, 0,[ 99, 27]],

[ 25, 5, 0,[ 90, 73, 34]],

[ 52, 5, 0,[ 80, 68, 97]],

[ 98, 5, 0,[ 24, 69, 94, 99]],

[ 41, 5, 0,[ 13, 33, 57]],

[ 9, 5, 0,[ 94, 82, 42]],

[ 4, 5, 0,[ 8, 30, 68]],

[ 3, 5, 0,[ 80, 17, 42]],

[ 88, 5, 0,[ 6, 67, 99, 47]],

[ 1, 5, 0,[ 71, 42, 96]],

[ 37, 5, 0,[ 43, 96, 77, 6]],

[ 54, 45, 0,[ 96, 40, 99]],

[ 89, 5, 0,[ 94, 42, 65]],

[ 26, 5, 0,[ 19, 73, 27]],

[ 82, 5, 0,[ 39, 9, 71]],

[ 57, 45, 0,[ 96, 41, 99]],

[ 28, 5, 0,[ 27, 99, 15]],

[ 84, 45, 0,[ 36, 99, 67]],

[ 38, 5, 0,[ 14, 80, 29]],

[ 87, 5, 0,[ 42, 73, 35, 20]],

[ 0, 5, 0,[ 43, 99, 94]],

[ 67, 5, 1,[ 88, 55, 50, 71, 84, 29, 21, 19, 91, 79, 65, 66, 70, 31]],

[ 60, 5, 0,[ 94, 99, 76]],

[ 65, 5, 0,[ 89, 99, 67]],

[ 6, 5, 0,[ 37, 99, 88]],

[ 53, 5, 0,[ 46, 48, 99]],

[ 91, 5, 0,[ 96, 80, 67]],

[ 77, 5, 0,[ 68, 80, 37]],

[ 27, 5, 0,[ 80, 5, 26, 78, 28]],

[ 20, 5, 0,[ 56, 94, 87]],

[ 23, 5, 0,[ 95, 56, 21]],

[ 44, 5, 0,[ 62, 97]],

[ 19, 5, 0,[ 67, 45, 26]],

[ 62, 5, 0,[ 36, 80, 44]],

[ 18, 5, 0,[ 96, 94, 10]],

[ 24, 5, 0,[ 98]],

[ 29, 5, 0,[ 45, 67, 38]],

[ 96, 5, 1,[ 36, 51, 21, 11, 18, 57, 31, 55, 66, 1, 91, 34, 76, 14, 54, 37]],

[ 13, 5, 0,[ 41, 7, 80]],

[ 72, 5, 0,[ 99, 56, 21]],

[ 74, 5, 0,[ 42, 56, 58]],

[ 90, 5, 0,[ 80, 79, 25, 73]],

[ 97, 5, 0,[ 86, 44, 52]],

[ 7, 5, 0,[ 13, 63, 68, 10]],

[ 34, 45, 0,[ 96, 25, 40]],

[ 71, 5, 0,[ 56, 82, 1, 67]],

[ 15, 5, 0,[ 68, 94, 28]],

[ 55, 5, 0,[ 96, 67, 92]],

[ 49, 5, 0,[ 75, 16, 99]],

[ 16, 5, 0,[ 80, 94, 49]],

[ 45, 5, 1,[ 56, 19, 61, 29, 86, 47, 64, 48]],

[ 79, 5, 0,[ 56, 67, 90]],

[ 22, 45, 0,[ 85, 99, 68]],

[ 51, 5, 0,[ 48, 10, 96]],

[ 17, 5, 0,[ 10, 3, 94]],

[ 35, 5, 0,[ 47, 87, 68]],

[ 73, 65, 1,[ 2, 90, 26, 14, 33, 87, 81, 25, 11]],

[ 11, 5, 0,[ 73, 56, 96]],

[ 2, 5, 0,[ 56, 73, 94]],

[ 94, 5, 1,[ 0, 43, 18, 78, 20, 2, 15, 12, 9, 17, 16, 98, 89, 60, 63]],

[ 78, 5, 0,[ 27, 42, 94]],

[ 92, 5, 0,[ 83, 80, 55]],

[ 50, 5, 0,[ 67, 42, 59]],

[ 36, 45, 0,[ 96, 62, 84]],

[ 69, 5, 0,[ 56, 98, 93]],

[ 47, 5, 0,[ 35, 45, 88, 80]],

[ 81, 5, 0,[ 73, 95, 42]],

[ 58, 5, 0,[ 70, 56, 74, 75]],

[ 61, 5, 0,[ 45, 42, 68]],

[ 64, 5, 0,[ 56, 45, 95]],

[ 75, 5, 0,[ 49, 80, 58]],

[ 56, 95, 1,[ 79, 72, 8, 2, 23, 63, 69, 11, 74, 71, 45, 64, 20, 31, 58]],

[ 8, 5, 0,[ 42, 56, 4]],

[ 30, 5, 0,[ 42, 4, 68]],

[ 59, 5, 0,[ 32, 50]],

[ 33, 5, 0,[ 41, 80, 73]],

[ 40, 45, 0,[ 34, 54]],

[ 14, 5, 0,[ 73, 96, 38]],

[ 48, 5, 0,[ 53, 45, 51]],

[ 31, 5, 0,[ 67, 56, 96]],

[ 93, 5, 0,[ 80, 69]],

[ 42, 55, 1,[ 81, 3, 89, 87, 76, 8, 78, 86, 61, 9, 74, 1, 50, 30]],

[ 86, 5, 0,[ 42, 97, 45]],

[ 12, 5, 0,[ 94, 85, 80]],

[ 39, 45, 0,[ 68, 82, 99]],

[ 63, 5, 0,[ 7, 94, 56]],

[ 66, 45, 0,[ 67, 96, 68]],

[ 0, 35, 0,[ 85, 30, 94, 60]],

[ 89, 35, 0,[ 25, 86, 78]],

[ 73, 55, 1,[ 62, 13, 5, 47, 4, 41, 51, 90, 53, 14, 83, 7, 23, 24]],

[ 22, 35, 0,[ 71, 8, 54]],

[ 58, 35, 0,[ 63, 30, 99]],

[ 19, 35, 0,[ 72, 71]],

[ 65, 35, 0,[ 1, 83, 66]],

[ 25, 35, 0,[ 81, 89, 43, 37]],

[ 24, 35, 0,[ 73, 48]],

[ 55, 35, 0,[ 59, 50, 71]],

[ 63, 35, 1,[ 33, 58, 95, 40, 96, 98, 13, 42, 97, 50, 88, 48, 47, 69, 32, 34]],

[ 90, 35, 0,[ 73, 8, 59]],

[ 83, 35, 0,[ 65, 73]],

[ 59, 35, 0,[ 55, 90, 85]],

[ 45, 35, 0,[ 99, 60, 62]],

[ 27, 35, 0,[ 54, 18, 15]],

[ 94, 35, 0,[ 49, 85, 8, 0, 32]],

[ 75, 85, 0,[ 29, 92, 8]],

[ 93, 35, 1,[ 53, 39, 66, 5, 10, 57, 20, 72]],

[ 86, 35, 0,[ 89, 71, 52]],

[ 2, 35, 0,[ 85, 48, 81]],

[ 48, 35, 0,[ 24, 63, 2, 99]],

[ 67, 35, 0,[ 78, 92, 61]],

[ 60, 35, 0,[ 81, 0, 45, 47]],

[ 95, 35, 0,[ 63, 88, 57]],

[ 32, 35, 0,[ 94, 81, 63]],

[ 31, 35, 0,[ 44, 92, 16, 7]],

[ 5, 35, 0,[ 93, 73, 33]],

[ 78, 35, 1,[ 38, 97, 9, 3, 72, 15, 67, 34, 89, 80, 52]],

[ 18, 35, 0,[ 37, 56, 27, 71]],

[ 76, 35, 0,[ 91, 51, 99]],

[ 44, 35, 0,[ 99, 31, 81]],

[ 3, 35, 0,[ 68, 78]],

[ 17, 35, 0,[ 39, 92, 7]],

[ 14, 35, 0,[ 80, 73, 71]],

[ 84, 35, 0,[ 92, 91, 46]],

[ 46, 35, 0,[ 84, 81, 72]],

[ 47, 35, 0,[ 63, 60, 73]],

[ 40, 75, 0,[ 8, 63, 99]],

[ 77, 35, 0,[ 81, 82, 85]],

[ 79, 35, 0,[ 10, 98, 81]],

[ 8, 35, 1,[ 22, 35, 28, 64, 51, 75, 94, 52, 70, 40, 98, 90, 56, 91, 1, 29, 36]],

[ 74, 35, 0,[ 12, 38, 28]],

[ 54, 35, 0,[ 27, 81, 13, 22]],

[ 98, 85, 0,[ 8, 63, 79]],

[ 91, 35, 0,[ 8, 84, 76, 10]],

[ 62, 35, 0,[ 45, 99, 73]],

[ 29, 85, 0,[ 8, 75, 64]],

[ 35, 35, 0,[ 4, 50, 8]],

[ 42, 35, 0,[ 63, 68, 81]],

[ 38, 35, 0,[ 78, 74, 33]],

[ 52, 35, 0,[ 86, 8, 78]],

[ 68, 35, 0,[ 3, 42]],

[ 61, 35, 0,[ 67, 71, 80]],

[ 50, 35, 0,[ 55, 63, 99, 35]],

[ 82, 35, 0,[ 77, 69, 85]],

[ 96, 75, 0,[ 63, 92, 97]],

[ 72, 35, 0,[ 46, 78, 19, 93]],

[ 97, 35, 0,[ 49, 96, 63, 78]],

[ 36, 35, 0,[ 71, 8, 11]],

[ 26, 35, 0,[ 81, 34, 6]],

[ 56, 35, 0,[ 85, 18, 8]],

[ 69, 25, 0,[ 82, 63, 12]],

[ 80, 35, 0,[ 61, 78, 14]],

[ 88, 75, 0,[ 95, 92, 63]],

[ 4, 35, 0,[ 87, 99, 73, 35]],

[ 20, 35, 0,[ 81, 93, 85]],

[ 23, 35, 0,[ 11, 73, 9]],

[ 49, 35, 0,[ 97, 85, 94]],

[ 7, 35, 0,[ 31, 17, 73]],

[ 21, 35, 0,[ 71, 16, 81]],

[ 34, 35, 0,[ 26, 78, 63]],

[ 6, 35, 0,[ 92, 26, 81]],

[ 9, 35, 0,[ 78, 70, 23]],

[ 99, 85, 1,[ 76, 4, 40, 85, 16, 50, 62, 44, 58, 48, 45]],

[ 70, 35, 0,[ 9, 81, 8]],

[ 11, 35, 0,[ 81, 53, 36, 23]],

[ 43, 35, 0,[ 25, 85, 92]],

[ 15, 35, 0,[ 78, 92, 27, 1]],

[ 81, 35, 1,[ 26, 20, 12, 42, 60, 46, 6, 44, 25, 70, 21, 11, 2, 79, 32, 54, 77]],

[ 16, 35, 0,[ 31, 21, 99]],

[ 71, 35, 1,[ 61, 36, 64, 14, 21, 86, 55, 37, 18, 19, 22]],

[ 30, 35, 0,[ 85, 58, 0]],

[ 33, 35, 0,[ 63, 38, 5]],

[ 87, 35, 0,[ 4, 85, 92]],

[ 92, 85, 1,[ 75, 87, 31, 96, 67, 43, 15, 6, 41, 88, 17, 84]],

[ 10, 35, 0,[ 91, 93, 79]],

[ 66, 35, 0,[ 65, 93]],

[ 37, 35, 0,[ 25, 18, 71]],

[ 85, 35, 1,[ 59, 94, 77, 49, 99, 51, 87, 56, 20, 0, 30, 2, 28, 82, 43]],

[ 1, 35, 0,[ 15, 65, 8]],

[ 64, 85, 0,[ 8, 71, 29]],

[ 39, 35, 0,[ 17, 93]],

[ 53, 35, 0,[ 73, 11, 93]],

[ 57, 35, 0,[ 93, 95, 41]],

[ 13, 35, 0,[ 54, 73, 63]],

[ 12, 35, 0,[ 74, 81, 69]],

[ 51, 35, 0,[ 73, 85, 76, 8]],

[ 28, 35, 0,[ 74, 85, 8]],

[ 41, 35, 0,[ 92, 57, 73]],

