[ 64, 5, 0,[ 21, 3, 35, 78, 60]],

[ 69, 5, 0,[ 32, 21, 79]],

[ 2, 85, 1,[ 43, 34, 3, 0, 73, 19, 15, 80, 33, 11, 86, 28, 1]],

[ 76, 5, 0,[ 16, 24, 14, 40, 38, 73]],

[ 73, 5, 0,[ 63, 76, 2]],

[ 56, 5, 0,[ 10, 1, 99]],

[ 53, 5, 0,[ 1, 26, 11]],

[ 32, 5, 0,[ 65, 20, 69, 9]],

[ 37, 5, 0,[ 23, 44, 61]],

[ 10, 75, 1,[ 71, 16, 1, 56, 3]],

[ 34, 5, 0,[ 5, 78, 2]],

[ 91, 5, 0,[ 97, 80, 62]],

[ 26, 5, 0,[ 5, 53, 85, 31]],

[ 5, 65, 1,[ 74, 54, 34, 26, 63, 8, 92, 1, 45, 87, 85]],

[ 25, 5, 0,[ 0]],

[ 51, 5, 0,[ 67, 17, 84]],

[ 45, 5, 0,[ 75, 7, 5]],

[ 72, 5, 0,[ 18, 35, 59, 62]],

[ 54, 5, 0,[ 41, 5, 97, 89]],

[ 28, 75, 1,[ 67, 40, 8, 63, 36, 1, 47, 94, 2]],

[ 52, 5, 0,[ 66, 6]],

[ 17, 5, 0,[ 61, 24, 33, 82, 51]],

[ 43, 5, 0,[ 27, 1, 2]],

[ 62, 5, 0,[ 72, 95, 4, 91]],

[ 29, 5, 0,[ 3, 1, 68]],

[ 47, 5, 0,[ 28, 74, 75]],

[ 67, 5, 0,[ 28, 92, 51]],

[ 46, 5, 0,[ 6, 21, 16]],

[ 23, 5, 0,[ 38, 37, 96]],

[ 80, 5, 0,[ 91, 83, 24, 2, 44]],

[ 93, 5, 0,[ 87, 21, 78]],

[ 39, 5, 0,[ 30, 86, 38]],

[ 59, 5, 0,[ 8, 72, 3]],

[ 31, 5, 0,[ 3, 98, 65, 26]],

[ 38, 25, 1,[ 76, 0, 36, 39, 79, 23, 89, 71]],

[ 11, 65, 1,[ 53, 12, 2, 83]],

[ 79, 5, 0,[ 38, 22, 84, 69, 57]],

[ 98, 5, 0,[ 31, 20, 75]],

[ 12, 5, 0,[ 61, 49, 11, 22]],

[ 99, 5, 0,[ 15, 95, 56]],

[ 94, 5, 0,[ 7, 28, 77]],

[ 13, 5, 0,[ 6, 97, 48]],

[ 20, 5, 0,[ 16, 98, 75, 32, 58]],

[ 63, 5, 0,[ 73, 60, 28, 42, 5, 7]],

[ 15, 5, 0,[ 2, 99, 55]],

[ 71, 5, 0,[ 10, 38, 81]],

[ 6, 25, 1,[ 13, 96, 77, 52, 46, 66, 0, 1, 83, 70, 42, 48]],

[ 70, 5, 0,[ 6, 41, 1]],

[ 3, 75, 1,[ 31, 29, 55, 1, 74, 59, 10, 2, 57, 64]],

[ 57, 5, 0,[ 79, 3, 66]],

[ 33, 5, 0,[ 16, 2, 17]],

[ 44, 5, 0,[ 80, 37, 0]],

[ 87, 5, 0,[ 5, 41, 93]],

[ 60, 5, 0,[ 63, 92, 64]],

[ 61, 5, 0,[ 17, 12, 37, 9]],

[ 55, 5, 0,[ 3, 15, 49]],

[ 75, 5, 0,[ 45, 98, 20, 47, 89]],

[ 58, 5, 0,[ 20, 1]],

[ 48, 5, 0,[ 13, 6]],

[ 21, 5, 0,[ 64, 93, 69, 41, 97, 46]],

[ 4, 5, 0,[ 62, 40]],

[ 40, 5, 0,[ 76, 4, 28]],

[ 77, 5, 0,[ 42, 6, 94, 50]],

[ 8, 5, 0,[ 28, 5, 59]],

[ 74, 5, 0,[ 30, 47, 3, 5]],

[ 22, 5, 0,[ 68, 79, 12, 85]],

[ 24, 5, 0,[ 18, 17, 80, 76]],

[ 89, 5, 0,[ 54, 38, 75]],

[ 7, 5, 0,[ 45, 94, 63]],

[ 83, 5, 0,[ 80, 6, 11]],

[ 85, 5, 0,[ 5, 22, 26, 95]],

[ 66, 5, 0,[ 6, 57, 52]],

[ 78, 5, 0,[ 93, 34, 64]],

[ 27, 5, 0,[ 16, 18, 43]],

[ 90, 5, 0,[ 82, 68, 1, 16]],

[ 0, 5, 1,[ 2, 6, 44, 38, 25, 1]],

[ 88, 5, 0,[ 35, 42, 50]],

[ 41, 5, 0,[ 54, 70, 21, 87]],

[ 35, 5, 0,[ 88, 72, 64]],

[ 81, 5, 0,[ 50, 1, 71]],

[ 9, 5, 0,[ 97, 61, 32]],

[ 16, 5, 0,[ 90, 20, 33, 76, 10, 46, 27]],

[ 1, 65, 1,[ 10, 56, 6, 58, 5, 2, 53, 70, 43, 90, 0, 28, 3, 81, 29]],

[ 14, 5, 0,[ 82, 86, 76]],

[ 68, 5, 0,[ 22, 29, 90]],

[ 92, 5, 0,[ 60, 67, 5]],

[ 97, 5, 0,[ 13, 91, 54, 9, 21]],

[ 30, 5, 0,[ 39, 74, 19]],

[ 84, 5, 0,[ 36, 51, 79]],

[ 49, 5, 0,[ 55, 12, 18]],

[ 18, 5, 0,[ 27, 72, 24, 49]],

[ 50, 5, 0,[ 81, 88, 77]],

[ 96, 5, 0,[ 6, 82, 23]],

[ 86, 5, 0,[ 14, 39, 2]],

[ 42, 5, 0,[ 6, 63, 77, 88]],

[ 82, 5, 0,[ 17, 14, 90, 96]],

[ 95, 5, 0,[ 62, 99, 85]],

[ 36, 5, 0,[ 28, 84, 38]],

[ 19, 5, 0,[ 2, 30, 65]],

[ 65, 5, 0,[ 31, 19, 32]],

