[ 94, 65, 0,[ 32, 54, 81]],

[ 23, 45, 0,[ 67, 29, 17]],

[ 52, 95, 1,[ 26, 72, 1]],

[ 24, 5, 0,[ 67, 30, 37]],

[ 5, 95, 1,[ 71, 31, 76, 16, 7]],

[ 92, 25, 0,[ 0, 32, 46]],

[ 8, 45, 0,[ 32, 87, 34]],

[ 54, 75, 1,[ 0, 71, 88, 94, 21, 89, 97, 19]],

[ 56, 5, 1,[ 41, 81, 22]],

[ 58, 65, 0,[ 10, 72, 34]],

[ 72, 65, 1,[ 58, 67, 75, 52]],

[ 40, 95, 0,[ 53, 31]],

[ 17, 5, 1,[ 71, 91, 23, 48]],

[ 4, 25, 1,[ 9, 62, 25, 73, 84, 75, 38, 64]],

[ 74, 5, 0,[ 82, 49, 97]],

[ 85, 5, 0,[ 28, 1, 6, 59]],

[ 27, 45, 1,[ 65, 20, 91, 42]],

[ 42, 75, 0,[ 27, 16, 57]],

[ 30, 5, 1,[ 35, 9, 24, 1, 50]],

[ 22, 45, 1,[ 75, 56, 95, 81]],

[ 49, 5, 0,[ 89, 46, 74, 87]],

[ 86, 55, 0,[ 41, 13, 71]],

[ 48, 15, 1,[ 45, 17, 99, 2]],

[ 21, 15, 1,[ 70, 59, 11, 54]],

[ 41, 95, 0,[ 11, 56, 16, 86]],

[ 84, 45, 0,[ 67, 4, 3]],

[ 57, 75, 1,[ 1, 42, 43, 50]],

[ 70, 95, 0,[ 35, 21, 33, 69, 25]],

[ 64, 25, 0,[ 26, 43, 4]],

[ 82, 5, 1,[ 74, 69, 89]],

[ 50, 5, 0,[ 57, 30, 91]],

[ 26, 75, 1,[ 78, 64, 52, 71]],

[ 97, 75, 0,[ 16, 74, 54]],

[ 75, 45, 0,[ 4, 72, 22]],

[ 90, 65, 0,[ 18]],

[ 76, 95, 0,[ 5, 15, 78]],

[ 13, 45, 1,[ 16, 86]],

[ 29, 35, 1,[ 23, 44, 0]],

[ 15, 45, 0,[ 76, 63, 39]],

[ 20, 15, 1,[ 32, 93, 27]],

[ 59, 5, 0,[ 85, 21, 83]],

[ 39, 45, 0,[ 68, 15, 71]],

[ 43, 25, 1,[ 57, 44, 64, 38, 18]],

[ 32, 65, 1,[ 2, 20, 8, 14, 94, 92]],

[ 19, 25, 0,[ 31, 54, 37]],

[ 1, 95, 1,[ 57, 37, 51, 80, 52, 68, 85, 30, 98]],

[ 67, 45, 1,[ 72, 24, 84, 83, 88, 23]],

[ 18, 65, 1,[ 90, 43, 80, 79, 78, 38]],

[ 99, 15, 0,[ 71, 48, 12]],

[ 31, 95, 0,[ 5, 40, 19]],

[ 10, 25, 1,[ 80, 58, 83, 12, 36]],

[ 47, 95, 0,[ 36, 77]],

[ 0, 25, 1,[ 92, 54, 29]],

[ 38, 85, 1,[ 18, 43, 4]],

[ 66, 5, 0,[ 88, 77]],

[ 65, 75, 1,[ 6, 27, 68, 53]],

[ 44, 25, 0,[ 43, 29]],

[ 9, 25, 1,[ 79, 61, 4, 96, 30]],

[ 34, 45, 1,[ 45, 79, 8, 58]],

[ 16, 95, 1,[ 42, 41, 97, 55, 5, 13]],

[ 89, 5, 0,[ 49, 54, 82, 7]],

[ 55, 35, 0,[ 46, 16]],

[ 53, 95, 1,[ 7, 33, 65, 40]],

[ 35, 5, 1,[ 30, 70, 78]],

[ 12, 25, 1,[ 11, 10, 99]],

[ 3, 95, 1,[ 84, 6, 95]],

[ 81, 45, 0,[ 94, 56, 22]],

[ 46, 35, 1,[ 49, 55, 71, 92]],

[ 11, 35, 1,[ 12, 41, 21]],

[ 69, 95, 0,[ 60, 70, 82, 14, 51]],

[ 83, 25, 1,[ 67, 59, 10]],

[ 79, 65, 0,[ 34, 9, 18, 78]],

[ 68, 45, 1,[ 1, 60, 39, 65]],

[ 88, 65, 1,[ 54, 51, 66, 67]],

[ 28, 35, 1,[ 14, 2, 85]],

[ 96, 45, 0,[ 71, 87, 9]],

[ 33, 95, 0,[ 53, 70, 63]],

[ 2, 45, 1,[ 28, 32, 48]],

[ 71, 55, 1,[ 5, 54, 61, 63, 46, 99, 96, 39, 26, 17, 86]],

[ 63, 45, 0,[ 15, 45, 71, 33]],

[ 45, 45, 0,[ 63, 34, 48]],

[ 95, 95, 0,[ 93, 3, 22]],

[ 87, 45, 0,[ 96, 25, 8, 49]],

[ 73, 95, 0,[ 4, 36]],

[ 93, 95, 0,[ 98, 20, 95]],

[ 7, 5, 1,[ 89, 53, 5]],

[ 37, 25, 1,[ 19, 1, 24]],

[ 60, 95, 0,[ 36, 68, 69]],

[ 14, 15, 1,[ 69, 32, 28]],

[ 80, 25, 0,[ 10, 1, 18]],

[ 91, 5, 0,[ 27, 17, 50]],

[ 6, 5, 1,[ 85, 3, 65, 62]],

[ 62, 5, 0,[ 6, 4]],

[ 77, 5, 1,[ 61, 47, 66]],

[ 25, 75, 1,[ 70, 4, 87]],

[ 98, 95, 0,[ 1, 93]],

[ 78, 95, 1,[ 35, 18, 76, 79, 26]],

[ 51, 95, 0,[ 69, 1, 88]],

[ 61, 55, 0,[ 9, 71, 77]],

[ 36, 95, 1,[ 73, 47, 60, 10]],

