[ 18, 25, 1,[ 22, 65, 58]],

[ 89, 15, 1,[ 71, 9, 64]],

[ 10, 35, 1,[ 22, 99, 31]],

[ 28, 35, 1,[ 80, 12, 97, 81]],

[ 35, 95, 1,[ 85, 30, 25]],

[ 0, 65, 1,[ 58, 36, 46, 4, 38]],

[ 72, 35, 1,[ 30, 7, 95]],

[ 70, 55, 0,[ 13, 96, 6, 66]],

[ 74, 35, 0,[ 75, 21, 23, 94, 37]],

[ 43, 95, 1,[ 67, 71, 59]],

[ 37, 75, 1,[ 88, 74, 76]],

[ 92, 45, 0,[ 34, 14, 29]],

[ 47, 5, 0,[ 3, 25, 78, 19]],

[ 84, 15, 1,[ 5, 34, 65, 66]],

[ 12, 85, 1,[ 28, 61, 77]],

[ 19, 5, 0,[ 47, 96, 53]],

[ 55, 35, 0,[ 77, 33]],

[ 40, 85, 0,[ 62, 44, 16, 27]],

[ 24, 45, 1,[ 54, 11, 86]],

[ 38, 45, 1,[ 83, 48, 0]],

[ 31, 25, 0,[ 15, 62, 59, 10, 44, 1]],

[ 4, 55, 1,[ 81, 0, 80, 36]],

[ 91, 15, 0,[ 63, 8, 50, 2]],

[ 96, 65, 1,[ 19, 42, 44, 67, 70]],

[ 5, 45, 1,[ 84, 97, 42, 62]],

[ 41, 5, 0,[ 14, 54, 69]],

[ 68, 5, 1,[ 77, 46, 99]],

[ 71, 15, 0,[ 98, 89, 34, 43]],

[ 75, 5, 0,[ 39, 45, 74]],

[ 50, 15, 0,[ 14, 91, 9]],

[ 1, 85, 1,[ 27, 16, 31, 85, 61]],

[ 52, 45, 1,[ 79, 58, 95]],

[ 93, 95, 0,[ 82, 2, 88]],

[ 87, 35, 0,[ 20, 17, 16, 94]],

[ 51, 35, 0,[ 26, 16, 88, 57, 29]],

[ 21, 35, 1,[ 45, 6, 74]],

[ 53, 65, 1,[ 19, 94, 99]],

[ 27, 65, 1,[ 40, 54, 1]],

[ 65, 15, 0,[ 84, 98, 13, 18, 20]],

[ 2, 15, 1,[ 94, 91, 93]],

[ 69, 35, 0,[ 41, 32, 94]],

[ 94, 35, 0,[ 53, 2, 30, 74, 69, 61, 87, 26]],

[ 15, 25, 0,[ 22, 20, 31]],

[ 13, 55, 1,[ 70, 65, 49]],

[ 8, 15, 0,[ 39, 7, 91, 83]],

[ 76, 75, 1,[ 16, 85, 37]],

[ 62, 75, 1,[ 31, 40, 5]],

[ 44, 25, 0,[ 31, 96, 40]],

[ 11, 85, 1,[ 81, 24, 60]],

[ 16, 55, 1,[ 1, 48, 51, 76, 30, 40, 87]],

[ 95, 75, 0,[ 46, 56, 9, 72, 52]],

[ 99, 95, 0,[ 68, 53, 10, 22]],

[ 77, 85, 1,[ 55, 68, 12, 79]],

[ 22, 95, 1,[ 15, 99, 18, 10]],

[ 32, 25, 1,[ 69, 36, 45]],

[ 33, 35, 0,[ 55, 59, 48]],

[ 60, 35, 0,[ 11, 42, 79]],

[ 26, 35, 0,[ 51, 94, 3]],

[ 39, 5, 0,[ 8, 46, 75]],

[ 29, 45, 1,[ 98, 92, 51]],

[ 9, 15, 1,[ 50, 89, 95]],

[ 85, 25, 0,[ 76, 1, 35, 25]],

[ 80, 5, 0,[ 20, 28, 4]],

[ 57, 15, 1,[ 82, 67, 51, 66, 97]],

[ 14, 75, 1,[ 50, 86, 64, 92, 41]],

[ 97, 75, 0,[ 28, 23, 7, 5, 57]],

[ 63, 35, 1,[ 42, 91, 67]],

[ 54, 65, 1,[ 41, 27, 24]],

[ 86, 5, 0,[ 78, 14, 90, 24]],

[ 59, 25, 0,[ 33, 43, 31, 17]],

[ 49, 5, 0,[ 90, 6, 13]],

[ 82, 35, 1,[ 57, 64, 93]],

[ 7, 95, 1,[ 90, 8, 97, 72]],

[ 98, 15, 0,[ 29, 65, 71]],

[ 46, 95, 1,[ 95, 39, 68, 0]],

[ 45, 5, 0,[ 75, 21, 32]],

[ 6, 35, 1,[ 56, 21, 81, 70, 78, 49]],

[ 64, 5, 0,[ 82, 89, 14]],

[ 36, 5, 1,[ 32, 3, 4, 0]],

[ 67, 35, 0,[ 57, 96, 63, 43]],

[ 17, 25, 1,[ 79, 59, 87]],

[ 78, 5, 0,[ 6, 86, 47, 73]],

[ 48, 75, 1,[ 88, 16, 38, 33]],

[ 90, 5, 0,[ 7, 49, 86]],

[ 61, 35, 0,[ 12, 94, 1]],

[ 81, 5, 0,[ 28, 4, 6, 11]],

[ 83, 15, 0,[ 38, 8, 25]],

[ 34, 25, 1,[ 92, 84, 71]],

[ 58, 35, 0,[ 52, 18, 0]],

[ 3, 15, 1,[ 36, 47, 73, 26]],

[ 56, 75, 0,[ 6, 30, 95]],

[ 79, 35, 0,[ 52, 60, 17, 77]],

[ 66, 55, 0,[ 70, 84, 57]],

[ 88, 65, 1,[ 93, 48, 51, 37]],

[ 73, 5, 0,[ 78, 3, 23]],

[ 25, 75, 1,[ 83, 35, 47, 85]],

[ 23, 35, 0,[ 97, 74, 73]],

[ 30, 15, 1,[ 94, 16, 56, 72, 35]],

[ 42, 35, 0,[ 63, 5, 96, 60]],

[ 20, 45, 1,[ 87, 80, 15, 65]],

[ 34, 65, 1,[ 77, 94, 50]],

[ 45, 5, 0,[ 73, 53, 55]],

[ 15, 65, 0,[ 38, 0, 22]],

[ 44, 35, 0,[ 52, 20, 14]],

[ 59, 85, 0,[ 11, 62, 5]],

[ 16, 95, 1,[ 56, 84, 18]],

[ 39, 35, 0,[ 92, 64, 47]],

[ 2, 85, 1,[ 19, 32, 23, 24, 63]],

[ 83, 95, 0,[ 54, 27, 31, 25]],

[ 54, 95, 1,[ 57, 68, 83, 48]],

[ 80, 25, 1,[ 97, 71, 53, 98]],

[ 86, 85, 0,[ 18, 57, 52, 78]],

[ 36, 25, 1,[ 20, 0, 28, 81]],

[ 14, 65, 1,[ 21, 43, 44]],

[ 64, 55, 0,[ 5, 39, 48]],

[ 72, 45, 1,[ 49, 63, 97]],

[ 23, 85, 0,[ 5, 2, 94, 12]],

[ 97, 55, 0,[ 46, 80, 4, 72]],

[ 21, 45, 1,[ 35, 63, 90, 14, 75]],

[ 66, 25, 0,[ 75, 7, 69]],

[ 19, 65, 0,[ 43, 93, 2]],

[ 35, 35, 1,[ 70, 21, 8]],

[ 47, 35, 0,[ 48, 39, 30]],

[ 20, 35, 1,[ 36, 44, 37]],

[ 11, 15, 1,[ 92, 1, 59]],

[ 26, 5, 0,[ 55, 85, 71]],

[ 38, 15, 1,[ 60, 18, 15]],

[ 6, 85, 1,[ 98, 4, 65]],

[ 77, 85, 0,[ 58, 96, 34]],

[ 32, 65, 1,[ 95, 37, 2]],

[ 25, 65, 1,[ 10, 12, 83]],

[ 57, 85, 1,[ 75, 86, 54]],

[ 42, 25, 0,[ 30, 7, 61]],

[ 92, 65, 0,[ 88, 7, 11, 39]],

[ 68, 85, 0,[ 85, 4, 54]],

[ 7, 65, 1,[ 42, 92, 66]],

[ 30, 75, 1,[ 42, 85, 47]],

[ 22, 55, 1,[ 79, 15, 87]],

[ 94, 55, 0,[ 28, 23, 34]],

[ 53, 35, 1,[ 45, 80, 0]],

[ 43, 55, 1,[ 81, 19, 14, 51, 82]],

[ 91, 75, 0,[ 63, 28, 70]],

[ 70, 75, 0,[ 3, 91, 13, 35]],

[ 62, 15, 1,[ 67, 41, 90, 59]],

[ 73, 55, 1,[ 45, 40]],

[ 17, 65, 1,[ 61, 49, 41, 67]],

[ 41, 65, 0,[ 33, 62, 17]],

[ 69, 85, 0,[ 76, 66, 5]],

[ 9, 85, 1,[ 99, 24, 61]],

[ 60, 65, 0,[ 1, 38, 49]],

[ 87, 5, 0,[ 85, 55, 22]],

[ 63, 75, 0,[ 72, 2, 21, 91, 84]],

[ 65, 5, 1,[ 6, 37, 95, 31]],

[ 12, 45, 1,[ 40, 25, 23, 8]],

[ 56, 75, 0,[ 79, 16, 48]],

[ 5, 35, 1,[ 64, 71, 98, 96, 69, 23, 55, 59]],

[ 76, 45, 1,[ 8, 95, 74, 96, 69]],

[ 27, 85, 1,[ 4, 83]],

[ 31, 55, 1,[ 83, 75, 65]],

[ 49, 95, 0,[ 17, 60, 46, 72, 48, 10]],

[ 61, 85, 1,[ 29, 9, 42, 17]],

[ 88, 35, 1,[ 92, 78, 40, 33]],

[ 4, 5, 1,[ 68, 97, 27, 29, 78, 6]],

[ 55, 5, 0,[ 5, 87, 45, 26]],

[ 40, 15, 0,[ 73, 88, 12]],

[ 18, 55, 1,[ 74, 38, 86, 16, 93]],

[ 78, 85, 0,[ 86, 88, 4]],

[ 84, 75, 0,[ 16, 63, 13, 85]],

[ 99, 35, 0,[ 3, 29, 9]],

[ 85, 65, 1,[ 84, 26, 68, 30, 87]],

[ 95, 85, 0,[ 32, 65, 76]],

[ 58, 85, 0,[ 10, 77, 37]],

[ 96, 85, 0,[ 5, 76, 77]],

[ 1, 15, 1,[ 11, 60, 28]],

[ 50, 65, 0,[ 81, 34, 82, 33]],

[ 13, 95, 1,[ 70, 84, 52]],

[ 67, 65, 0,[ 17, 0, 62]],

[ 8, 15, 0,[ 76, 12, 35]],

[ 98, 85, 0,[ 80, 5, 6]],

[ 51, 65, 0,[ 43, 82]],

[ 71, 85, 0,[ 26, 80, 5]],

[ 74, 35, 0,[ 89, 76, 18]],

[ 46, 85, 1,[ 97, 49, 24]],

[ 3, 45, 1,[ 99, 89, 70]],

[ 29, 55, 1,[ 4, 61, 99]],

[ 33, 65, 0,[ 41, 50, 88]],

[ 48, 35, 1,[ 64, 56, 54, 49, 47, 10]],

[ 52, 85, 1,[ 86, 13, 44]],

[ 79, 75, 0,[ 22, 56, 37]],

[ 75, 25, 1,[ 31, 21, 57, 66]],

[ 24, 65, 0,[ 9, 46, 2]],

[ 81, 65, 0,[ 36, 43, 50]],

[ 89, 75, 1,[ 74, 3, 90]],

[ 37, 65, 1,[ 58, 32, 79, 65, 20]],

[ 28, 35, 1,[ 91, 36, 1, 94]],

[ 93, 65, 0,[ 19, 0, 18]],

[ 82, 65, 0,[ 51, 50, 43]],

[ 90, 5, 0,[ 62, 21, 89]],

[ 10, 75, 1,[ 25, 58, 48, 49]],

[ 0, 55, 1,[ 15, 67, 53, 36, 93]],

