[ 60, 5, 0,[ 1, 82, 41, 5]],

[ 40, 55, 1,[ 77, 11, 10, 84, 79, 87, 54, 0, 28]],

[ 43, 15, 0,[ 29, 85, 21, 41]],

[ 38, 55, 0,[ 78, 61, 80, 16]],

[ 50, 85, 1,[ 48, 29, 46, 6, 42, 78, 73, 64, 83, 18]],

[ 59, 5, 0,[ 66, 31, 62]],

[ 3, 15, 0,[ 26, 47, 78, 94]],

[ 77, 15, 0,[ 14, 40, 19]],

[ 66, 55, 0,[ 32, 59, 78]],

[ 47, 15, 0,[ 3, 33, 31, 98]],

[ 44, 25, 0,[ 28, 31, 58, 35]],

[ 22, 45, 0,[ 17, 11, 70, 15]],

[ 7, 15, 0,[ 81, 89, 27, 33]],

[ 21, 15, 0,[ 95, 43, 12]],

[ 84, 15, 0,[ 74, 23, 45, 40]],

[ 55, 15, 0,[ 81, 68, 34, 94]],

[ 45, 25, 0,[ 71, 31, 73, 28, 84]],

[ 95, 15, 0,[ 21, 49, 31, 37, 58]],

[ 36, 45, 0,[ 83, 71, 70, 19]],

[ 4, 5, 0,[ 89, 58, 37]],

[ 75, 55, 0,[ 31, 57, 80]],

[ 37, 15, 0,[ 80, 71, 4, 95]],

[ 42, 5, 0,[ 50, 31, 89]],

[ 51, 5, 0,[ 41, 81, 82]],

[ 92, 25, 0,[ 28, 78, 26]],

[ 10, 15, 0,[ 94, 40, 71]],

[ 14, 15, 0,[ 77, 76, 56, 58, 31]],

[ 9, 55, 0,[ 58, 8, 30, 25, 97]],

[ 25, 55, 0,[ 9, 98, 58]],

[ 56, 15, 0,[ 94, 14, 71]],

[ 53, 55, 0,[ 46, 30, 78, 31, 0]],

[ 5, 5, 0,[ 60, 58, 64]],

[ 86, 5, 0,[ 67, 91, 41, 20]],

[ 13, 95, 0,[ 85, 69, 58]],

[ 30, 55, 0,[ 9, 53, 74]],

[ 64, 5, 0,[ 50, 5, 89]],

[ 8, 55, 0,[ 16, 81, 9, 88]],

[ 96, 5, 0,[ 71, 20, 68]],

[ 49, 25, 0,[ 35, 97, 95]],

[ 61, 55, 0,[ 74, 38, 85]],

[ 97, 25, 0,[ 49, 87, 71, 9]],

[ 90, 55, 0,[ 93, 80, 32]],

[ 67, 5, 0,[ 58, 86, 18]],

[ 93, 55, 0,[ 90, 65, 80]],

[ 74, 5, 1,[ 61, 33, 84, 30, 65, 72]],

[ 58, 35, 1,[ 14, 13, 54, 44, 9, 4, 95, 29, 67, 69, 25, 5, 19]],

[ 85, 95, 0,[ 13, 43, 71, 61, 34]],

[ 94, 15, 0,[ 10, 3, 55, 56]],

[ 91, 5, 0,[ 28, 82, 86]],

[ 20, 5, 0,[ 86, 96, 71]],

[ 88, 55, 0,[ 81, 80, 8]],

[ 76, 5, 0,[ 31, 14, 41]],

[ 23, 15, 0,[ 1, 84, 52]],

[ 54, 35, 0,[ 58, 11, 24, 40]],

[ 57, 55, 0,[ 75, 31, 2]],

[ 39, 45, 0,[ 31, 99, 27]],

[ 33, 15, 0,[ 74, 7, 47]],

[ 28, 25, 0,[ 83, 40, 45, 91, 92, 0, 44]],

[ 81, 5, 1,[ 79, 26, 19, 32, 55, 88, 34, 51, 31, 8, 15, 7]],

[ 83, 25, 0,[ 28, 50, 36]],

[ 2, 55, 0,[ 32, 78, 57]],

[ 12, 15, 0,[ 48, 26, 89, 21, 24]],

[ 17, 15, 0,[ 22, 52, 80]],

[ 62, 95, 0,[ 79, 59, 41]],

[ 18, 75, 0,[ 31, 50, 69, 80, 67]],

[ 29, 15, 0,[ 43, 58, 50]],

[ 48, 15, 0,[ 12, 50, 65]],

[ 26, 15, 0,[ 92, 12, 3, 81]],

[ 16, 55, 0,[ 8, 38, 41, 1]],

[ 82, 5, 0,[ 80, 60, 78, 51, 91]],

[ 15, 95, 0,[ 46, 81, 22, 6]],

[ 1, 5, 0,[ 60, 23, 16]],

[ 98, 55, 0,[ 31, 47, 25]],

[ 32, 55, 0,[ 66, 90, 81, 2]],

[ 89, 5, 0,[ 4, 12, 41, 42, 64, 7]],

[ 41, 25, 1,[ 86, 62, 16, 35, 43, 76, 89, 60, 51, 63]],

[ 31, 95, 1,[ 75, 81, 42, 95, 57, 59, 44, 39, 70, 76, 98, 47, 53, 14, 45, 18]],

[ 63, 95, 0,[ 41, 87, 72]],

[ 6, 95, 0,[ 71, 15, 50]],

[ 19, 45, 0,[ 58, 36, 77, 81]],

[ 65, 55, 0,[ 74, 48, 93]],

[ 87, 25, 0,[ 97, 40, 63]],

[ 71, 5, 1,[ 37, 36, 97, 20, 6, 24, 68, 10, 85, 96, 45, 56]],

[ 0, 55, 0,[ 28, 53, 40]],

[ 72, 95, 0,[ 46, 74, 63]],

[ 69, 95, 0,[ 58, 46, 13, 18]],

[ 79, 5, 0,[ 62, 40, 81, 73]],

[ 70, 45, 0,[ 22, 31, 99, 36]],

[ 68, 15, 0,[ 55, 96, 71]],

[ 52, 15, 0,[ 80, 17, 23]],

[ 27, 5, 0,[ 78, 39, 7]],

[ 78, 25, 1,[ 53, 2, 99, 38, 3, 46, 27, 50, 82, 92, 66]],

[ 34, 15, 0,[ 81, 85, 55]],

[ 73, 25, 0,[ 50, 79, 45]],

[ 11, 35, 0,[ 54, 40, 22]],

[ 46, 95, 0,[ 50, 69, 72, 53, 78, 15]],

[ 99, 45, 0,[ 39, 78, 70]],

[ 35, 25, 0,[ 41, 49, 44]],

[ 24, 15, 0,[ 71, 54, 12]],

[ 80, 5, 1,[ 93, 18, 88, 17, 90, 37, 75, 82, 38, 52]],

[ 7, 75, 0,[ 3, 9, 50, 8]],

[ 29, 75, 0,[ 79, 98, 19]],

[ 67, 75, 0,[ 11, 79, 8]],

[ 46, 5, 0,[ 77, 95, 80, 33, 28]],

[ 40, 75, 0,[ 80, 92, 79, 9, 90, 20, 97, 65]],

[ 39, 75, 0,[ 80, 72, 28]],

[ 53, 75, 0,[ 73, 24, 35]],

[ 44, 25, 0,[ 51, 55, 31]],

[ 93, 85, 0,[ 25, 63, 42, 58]],

[ 74, 25, 0,[ 96, 43, 13]],

[ 52, 15, 0,[ 63, 73, 43]],

[ 11, 75, 0,[ 86, 59, 67, 58, 16]],

[ 20, 75, 0,[ 75, 40, 6]],

[ 18, 75, 0,[ 92, 73, 57]],

[ 90, 25, 0,[ 98, 40, 47]],

[ 32, 75, 0,[ 78, 60, 64, 65, 55]],

[ 66, 25, 0,[ 89, 13, 69]],

[ 99, 75, 0,[ 80, 62, 72]],

[ 28, 5, 0,[ 46, 77, 39]],

[ 35, 75, 0,[ 49, 19, 53]],

[ 78, 25, 0,[ 8, 32, 86, 38]],

[ 47, 25, 0,[ 90, 50, 95]],

[ 41, 75, 0,[ 75, 94, 86]],

[ 57, 75, 0,[ 79, 72, 17, 68, 18]],

[ 88, 25, 0,[ 54, 75, 30]],

[ 85, 15, 0,[ 98, 73, 72]],

[ 31, 25, 0,[ 55, 44, 89, 34]],

[ 1, 25, 0,[ 81, 3, 8]],

[ 89, 25, 0,[ 31, 66, 10, 65, 4]],

[ 64, 75, 0,[ 5, 98, 79, 32, 23]],

[ 59, 75, 0,[ 11, 8, 25]],

[ 42, 55, 0,[ 93, 80, 75]],

[ 24, 75, 0,[ 53, 98, 9, 8]],

[ 58, 85, 0,[ 11, 68, 93]],

[ 87, 75, 0,[ 83, 75, 86]],

[ 19, 75, 0,[ 35, 29, 96]],

[ 75, 25, 1,[ 4, 41, 25, 27, 48, 87, 95, 0, 88, 20, 42, 26, 22]],

[ 15, 35, 0,[ 6, 63, 0]],

[ 97, 65, 0,[ 40, 61, 55, 63]],

[ 91, 75, 0,[ 68, 84, 2]],

[ 73, 55, 1,[ 85, 53, 82, 52, 4, 45, 18, 23]],

[ 45, 75, 0,[ 79, 22, 73]],

[ 26, 55, 0,[ 98, 27, 75]],

[ 56, 25, 0,[ 50, 81, 55]],

[ 69, 75, 0,[ 66, 63, 43]],

[ 37, 75, 0,[ 80, 43, 14]],

[ 33, 15, 0,[ 55, 65, 46, 63]],

[ 27, 55, 0,[ 80, 75, 26]],

[ 16, 75, 0,[ 63, 60, 11]],

[ 22, 75, 0,[ 45, 75, 51, 94]],

[ 38, 25, 0,[ 79, 84, 78, 81]],

[ 23, 25, 0,[ 96, 73, 64, 86]],

[ 34, 25, 0,[ 13, 31, 61]],

[ 63, 45, 1,[ 33, 16, 69, 93, 92, 6, 98, 70, 60, 97, 52, 15]],

[ 14, 75, 0,[ 86, 65, 37]],

[ 4, 25, 0,[ 73, 89, 75]],

[ 3, 25, 0,[ 2, 7, 80, 1, 98]],

[ 68, 75, 0,[ 21, 57, 91, 58, 8]],

[ 2, 75, 0,[ 3, 54, 91]],

[ 95, 25, 0,[ 75, 46, 47]],

[ 65, 55, 1,[ 89, 14, 32, 33, 40, 77]],

[ 49, 25, 0,[ 82, 35, 98]],

[ 61, 65, 0,[ 55, 34, 97]],

[ 82, 25, 0,[ 5, 49, 36, 73]],

[ 80, 65, 1,[ 37, 21, 27, 39, 83, 40, 3, 62, 99, 46, 42]],

[ 55, 5, 1,[ 31, 44, 97, 33, 32, 96, 61, 56]],

[ 36, 25, 0,[ 70, 82, 48]],

[ 12, 25, 0,[ 51, 30, 86]],

[ 60, 75, 0,[ 32, 16, 9, 63]],

[ 98, 15, 1,[ 26, 25, 6, 86, 24, 3, 63, 85, 29, 76, 64, 49, 81, 10, 90, 54]],

[ 70, 75, 0,[ 92, 36, 63]],

[ 5, 75, 0,[ 64, 79, 82]],

[ 62, 75, 0,[ 10, 80, 76, 99]],

[ 86, 55, 1,[ 78, 98, 87, 11, 79, 14, 12, 41, 21, 23, 13]],

[ 21, 65, 0,[ 86, 68, 80]],

[ 83, 75, 0,[ 80, 94, 87]],

[ 8, 25, 1,[ 67, 7, 1, 17, 59, 78, 24, 68, 84, 71]],

[ 50, 25, 0,[ 56, 47, 7]],

[ 13, 25, 0,[ 66, 74, 86, 34]],

[ 51, 25, 0,[ 22, 44, 12]],

[ 92, 75, 0,[ 63, 70, 18, 40]],

[ 84, 75, 0,[ 8, 38, 91]],

[ 6, 15, 0,[ 98, 15, 20, 63]],

[ 54, 25, 0,[ 88, 98, 2, 79]],

[ 9, 75, 0,[ 60, 24, 7, 40]],

[ 72, 75, 0,[ 99, 57, 39, 85]],

[ 94, 75, 0,[ 41, 22, 83]],

[ 79, 5, 1,[ 77, 57, 40, 64, 71, 5, 54, 38, 67, 29, 45, 48, 86]],

[ 71, 45, 0,[ 8, 79]],

[ 43, 75, 0,[ 37, 52, 69, 74]],

[ 81, 25, 0,[ 17, 38, 98, 1, 56]],

[ 10, 25, 0,[ 89, 62, 98]],

[ 76, 35, 0,[ 98, 0, 62]],

[ 30, 25, 0,[ 12, 88]],

[ 77, 5, 0,[ 65, 28, 46, 79]],

[ 96, 25, 0,[ 19, 55, 74, 23]],

[ 17, 75, 0,[ 57, 8, 81]],

[ 0, 35, 0,[ 15, 75, 76]],

[ 25, 75, 0,[ 93, 59, 98, 75]],

[ 48, 95, 0,[ 79, 75, 36]],

