[ 35, 25, 0,[ 62, 96, 51]],

[ 33, 25, 0,[ 86, 3, 52, 53]],

[ 24, 25, 0,[ 26, 79, 47]],

[ 88, 25, 0,[ 11, 78, 98]],

[ 5, 25, 0,[ 82, 99, 98]],

[ 62, 25, 0,[ 35, 99, 23, 97]],

[ 64, 25, 0,[ 6, 10, 3]],

[ 45, 25, 0,[ 1, 93, 59]],

[ 98, 35, 1,[ 90, 87, 82, 88, 7, 5, 80, 75, 58]],

[ 31, 25, 0,[ 39, 10, 44, 91]],

[ 61, 25, 0,[ 30, 74, 26]],

[ 8, 65, 0,[ 50, 54, 63, 7]],

[ 12, 25, 0,[ 68, 6, 89]],

[ 3, 25, 0,[ 33, 79, 50, 64]],

[ 66, 25, 0,[ 21, 70, 63, 47, 97, 15]],

[ 59, 25, 0,[ 45, 17, 67, 92]],

[ 39, 95, 1,[ 93, 31, 29, 13, 76, 73, 34]],

[ 92, 25, 1,[ 86, 32, 59, 37, 89, 68, 48, 0]],

[ 38, 25, 0,[ 0, 27]],

[ 28, 25, 0,[ 51, 42, 19, 76]],

[ 44, 25, 0,[ 42, 97, 31]],

[ 49, 25, 0,[ 85, 42, 51]],

[ 22, 25, 0,[ 99, 43, 29]],

[ 20, 25, 0,[ 14, 11]],

[ 93, 25, 0,[ 17, 39, 63, 45]],

[ 89, 25, 0,[ 92, 77, 12, 4]],

[ 76, 25, 0,[ 53, 28, 39]],

[ 86, 25, 0,[ 92, 95, 33]],

[ 68, 45, 1,[ 12, 82, 79, 11, 95, 69, 6, 27, 92, 70, 1]],

[ 27, 25, 0,[ 38, 68, 26]],

[ 99, 25, 1,[ 62, 40, 22, 37, 2, 5, 16, 73]],

[ 97, 25, 1,[ 57, 13, 66, 9, 44, 52, 80, 62]],

[ 42, 25, 0,[ 49, 44, 28]],

[ 25, 25, 0,[ 17, 60, 18, 26, 53]],

[ 58, 5, 0,[ 91, 73, 98]],

[ 15, 25, 0,[ 75, 66, 51]],

[ 80, 25, 0,[ 77, 97, 98, 19]],

[ 69, 25, 0,[ 41, 68, 55]],

[ 95, 25, 0,[ 87, 68, 84, 26, 86]],

[ 52, 25, 0,[ 97, 33, 50]],

[ 63, 25, 1,[ 8, 73, 16, 18, 43, 71, 93, 66]],

[ 37, 25, 0,[ 34, 92, 99]],

[ 41, 25, 0,[ 54, 69]],

[ 14, 25, 0,[ 20, 0]],

[ 16, 25, 0,[ 99, 83, 63]],

[ 65, 25, 0,[ 78, 60, 51]],

[ 84, 25, 0,[ 95, 56, 83]],

[ 2, 25, 0,[ 23, 99, 9]],

[ 72, 25, 0,[ 9, 55, 1]],

[ 91, 25, 0,[ 58, 96, 31]],

[ 34, 25, 0,[ 36, 37, 39]],

[ 1, 25, 0,[ 68, 21, 72, 30, 45]],

[ 46, 25, 0,[ 26, 53, 36]],

[ 50, 25, 0,[ 3, 8, 52]],

[ 56, 25, 0,[ 74, 94, 84]],

[ 0, 25, 0,[ 14, 92, 90, 38, 70]],

[ 10, 25, 0,[ 79, 64, 31, 85]],

[ 55, 25, 0,[ 72, 69, 85]],

[ 54, 25, 0,[ 40, 8, 41, 26]],

[ 96, 25, 0,[ 91, 35, 11]],

[ 36, 25, 0,[ 46, 32, 34]],

[ 32, 25, 0,[ 26, 92, 36]],

[ 75, 25, 0,[ 51, 15, 98]],

[ 30, 25, 0,[ 57, 61, 1]],

[ 4, 25, 0,[ 9, 83, 89]],

[ 77, 25, 0,[ 40, 80, 89, 51]],

[ 11, 25, 0,[ 96, 81, 88, 20, 68]],

[ 17, 25, 0,[ 59, 25, 93]],

[ 71, 25, 0,[ 51, 79, 63]],

[ 67, 25, 0,[ 59, 51, 13]],

[ 43, 65, 0,[ 63, 22]],

[ 26, 55, 1,[ 24, 95, 23, 61, 25, 27, 32, 54, 46]],

[ 74, 25, 0,[ 56, 61, 60, 48]],

[ 48, 25, 0,[ 74, 92, 29]],

[ 21, 25, 0,[ 1, 7, 66]],

[ 87, 25, 0,[ 95, 40, 98]],

[ 70, 25, 0,[ 66, 0, 68]],

[ 18, 65, 0,[ 63, 25]],

[ 82, 25, 0,[ 68, 98, 5, 53]],

[ 78, 25, 0,[ 81, 6, 65, 51, 88]],

[ 51, 25, 1,[ 67, 35, 49, 85, 78, 15, 71, 75, 28, 83, 65, 77]],

[ 40, 25, 0,[ 77, 54, 99, 87]],

[ 94, 25, 0,[ 57, 56]],

[ 23, 25, 0,[ 2, 26, 62]],

[ 47, 25, 0,[ 66, 24]],

[ 19, 25, 0,[ 80, 28]],

[ 9, 25, 0,[ 4, 2, 72, 97]],

[ 7, 5, 0,[ 21, 8, 98]],

[ 53, 25, 0,[ 46, 82, 76, 33, 25]],

[ 90, 25, 0,[ 98, 0, 81]],

[ 85, 55, 1,[ 55, 10, 51, 49]],

[ 29, 25, 0,[ 48, 39, 22]],

[ 81, 25, 0,[ 78, 11, 90]],

[ 79, 25, 0,[ 10, 71, 3, 68, 24]],

[ 6, 25, 0,[ 12, 68, 64, 78]],

[ 60, 25, 0,[ 25, 65, 74]],

[ 83, 25, 0,[ 16, 4, 84, 51]],

[ 13, 25, 0,[ 39, 97, 67]],

[ 57, 25, 0,[ 30, 94, 97]],

[ 73, 25, 0,[ 63, 99, 39, 58]],

[ 10, 55, 0,[ 63, 79, 59]],

[ 92, 45, 0,[ 76, 54, 36]],

[ 93, 55, 0,[ 97, 87, 27]],

[ 79, 55, 0,[ 34, 10, 84, 97, 99]],

[ 24, 65, 0,[ 73, 91, 50]],

[ 21, 45, 0,[ 6, 78, 33, 22, 51]],

[ 8, 45, 0,[ 12, 83, 61]],

[ 80, 65, 0,[ 46, 77, 20, 3]],

[ 38, 55, 0,[ 40, 13, 87]],

[ 55, 35, 0,[ 9, 57, 66]],

[ 18, 55, 0,[ 87, 69, 71]],

[ 50, 65, 0,[ 64, 24, 1, 31]],

[ 47, 45, 0,[ 26, 33, 95]],

[ 17, 35, 0,[ 37, 85, 72]],

[ 5, 45, 0,[ 31, 83, 44]],

[ 12, 45, 0,[ 8, 60, 62]],

[ 32, 35, 0,[ 43, 26, 53]],

[ 73, 45, 0,[ 65, 33, 77, 83, 64, 24]],

[ 6, 45, 0,[ 21, 59, 19]],

[ 37, 45, 0,[ 33, 13, 17, 25, 98]],

[ 85, 35, 0,[ 41, 17, 61, 43]],

[ 99, 55, 0,[ 59, 79, 74]],

[ 46, 65, 0,[ 57, 28, 80]],

[ 97, 45, 1,[ 93, 67, 64, 70, 79, 3, 28]],

[ 35, 25, 0,[ 82, 63, 49]],

[ 94, 45, 0,[ 36, 33, 75, 20]],

[ 0, 55, 0,[ 87, 9, 60]],

[ 29, 45, 0,[ 30, 3, 33]],

[ 41, 25, 0,[ 85, 64, 63]],

[ 72, 45, 0,[ 45, 96, 17]],

[ 68, 35, 0,[ 75, 16, 36]],

[ 25, 45, 0,[ 37, 83, 23, 58]],

[ 28, 65, 0,[ 97, 78, 46, 54, 84]],

[ 45, 65, 0,[ 72, 15, 52, 42]],

[ 20, 55, 0,[ 94, 87, 80]],

[ 40, 45, 0,[ 96, 89, 38]],

[ 69, 75, 1,[ 44, 74, 18, 89]],

[ 70, 45, 0,[ 48, 97, 33]],

[ 36, 35, 0,[ 94, 92, 68]],

[ 65, 45, 0,[ 11, 73]],

[ 14, 15, 0,[ 59, 86, 15, 19]],

[ 16, 25, 0,[ 68, 22, 63]],

[ 67, 75, 1,[ 90, 23, 97, 15, 22, 86, 82]],

[ 59, 45, 1,[ 1, 6, 48, 99, 4, 10, 14]],

[ 26, 35, 0,[ 53, 87, 47, 32]],

[ 60, 65, 1,[ 11, 86, 39, 12, 52, 0]],

[ 57, 35, 0,[ 46, 55, 39]],

[ 48, 45, 0,[ 90, 59, 56, 70]],

[ 22, 75, 0,[ 21, 67, 16]],

[ 96, 45, 0,[ 40, 72, 83]],

[ 66, 35, 0,[ 86, 55, 84]],

[ 83, 45, 1,[ 30, 8, 96, 25, 5, 75, 56, 73]],

[ 51, 65, 0,[ 88, 52, 21, 34]],

[ 77, 45, 0,[ 73, 1, 80]],

[ 82, 35, 0,[ 67, 75, 35]],

[ 39, 35, 0,[ 27, 57, 60, 49]],

[ 53, 35, 0,[ 32, 75, 26]],

[ 56, 45, 0,[ 83, 48, 7]],

[ 76, 45, 0,[ 98, 7, 33, 92]],

[ 19, 15, 0,[ 14, 90, 6]],

[ 87, 5, 1,[ 18, 42, 0, 91, 38, 26, 13, 4, 20, 93]],

[ 95, 65, 0,[ 88, 47, 9]],

[ 43, 35, 0,[ 32, 85, 98, 61]],

[ 4, 55, 0,[ 58, 61, 87, 59]],

[ 49, 35, 0,[ 2, 39, 35, 71]],

[ 61, 35, 1,[ 2, 8, 4, 85, 43]],

[ 3, 65, 0,[ 29, 91, 80, 42, 97]],

[ 62, 45, 0,[ 74, 81, 33, 12]],

[ 27, 45, 0,[ 33, 93, 39, 11]],

[ 86, 75, 0,[ 60, 67, 14, 66]],

[ 33, 45, 1,[ 76, 73, 71, 21, 29, 37, 34, 94, 62, 47, 70, 27]],

[ 84, 35, 0,[ 28, 66, 79]],

[ 23, 15, 0,[ 15, 67, 25]],

[ 78, 65, 0,[ 75, 28, 21]],

[ 44, 35, 0,[ 69, 89, 5]],

[ 71, 45, 0,[ 18, 33, 88, 49]],

[ 81, 35, 0,[ 58, 31, 62]],

[ 74, 35, 0,[ 69, 99, 62]],

[ 42, 65, 0,[ 45, 3, 87]],

[ 11, 25, 0,[ 60, 65, 27]],

[ 89, 75, 1,[ 44, 69, 40, 7]],

[ 30, 45, 0,[ 29, 2, 83]],

[ 15, 15, 0,[ 67, 45, 14, 23]],

[ 63, 25, 0,[ 16, 35, 10, 41]],

[ 1, 45, 0,[ 77, 50, 59]],

[ 88, 65, 0,[ 95, 51, 71]],

[ 54, 65, 0,[ 91, 28, 92]],

[ 98, 45, 0,[ 43, 76, 37]],

[ 52, 65, 0,[ 51, 60, 45]],

[ 13, 55, 0,[ 37, 87, 38]],

[ 58, 35, 0,[ 25, 81, 4]],

[ 31, 35, 0,[ 5, 50, 81]],

[ 7, 45, 0,[ 89, 76, 56]],

[ 90, 75, 0,[ 67, 19, 48]],

[ 2, 35, 0,[ 30, 49, 61]],

[ 9, 65, 0,[ 95, 55, 0]],

[ 34, 45, 0,[ 51, 79, 33]],

[ 91, 65, 0,[ 24, 3, 87, 54]],

[ 75, 35, 0,[ 78, 82, 68, 53, 94, 83]],

[ 64, 25, 0,[ 50, 41, 73, 97]],

