[ 81, 65, 0,[ 94, 99, 37]],

[ 28, 65, 0,[ 24, 93]],

[ 27, 65, 0,[ 53, 38, 54]],

[ 26, 65, 0,[ 45, 37, 36, 3]],

[ 70, 65, 1,[ 1, 64, 82, 83, 14, 86]],

[ 69, 65, 0,[ 71, 30, 34]],

[ 55, 65, 0,[ 88, 38]],

[ 32, 65, 0,[ 52, 25, 88, 78]],

[ 42, 65, 0,[ 17, 95, 82, 14]],

[ 58, 65, 1,[ 33, 98, 73, 59, 2, 21]],

[ 5, 65, 0,[ 31, 80, 98, 15, 83, 74]],

[ 51, 65, 0,[ 30, 12, 46]],

[ 57, 65, 0,[ 24, 73, 9]],

[ 88, 65, 0,[ 1, 32, 55]],

[ 63, 65, 1,[ 16, 67, 72, 35, 44, 25, 52]],

[ 23, 65, 0,[ 18, 44, 29, 59]],

[ 29, 65, 0,[ 90, 11, 23]],

[ 41, 65, 0,[ 56, 72, 76]],

[ 85, 65, 0,[ 46, 49, 2]],

[ 53, 65, 0,[ 27, 68, 39]],

[ 96, 65, 0,[ 78, 98, 84, 0]],

[ 40, 65, 0,[ 19, 50, 8, 18]],

[ 52, 65, 0,[ 31, 32, 63]],

[ 50, 65, 0,[ 40, 78, 15, 54, 34]],

[ 38, 65, 0,[ 31, 27, 22, 80, 55, 35]],

[ 6, 65, 0,[ 65]],

[ 80, 65, 1,[ 3, 38, 33, 43, 22, 5]],

[ 22, 65, 0,[ 49, 80, 13, 38]],

[ 48, 65, 0,[ 98, 31]],

[ 3, 65, 0,[ 2, 36, 39, 80, 26, 79, 67, 1]],

[ 56, 65, 0,[ 41, 75, 71, 87]],

[ 93, 65, 0,[ 43, 25, 91, 28, 18]],

[ 10, 65, 0,[ 33, 77, 83]],

[ 78, 65, 1,[ 37, 32, 97, 92, 96, 50]],

[ 44, 65, 0,[ 63, 39, 23]],

[ 19, 65, 0,[ 39, 75, 40]],

[ 47, 65, 0,[ 60, 7]],

[ 0, 65, 0,[ 94, 68, 8, 96, 2]],

[ 45, 65, 0,[ 8, 37, 43, 26]],

[ 71, 65, 0,[ 64, 56, 11, 69]],

[ 87, 25, 1,[ 59, 39, 13, 56]],

[ 7, 65, 0,[ 47, 77, 2]],

[ 46, 65, 0,[ 77, 51, 68, 85]],

[ 2, 65, 0,[ 3, 58, 85, 11, 0, 7, 99, 72, 12, 92]],

[ 97, 65, 0,[ 1, 78, 99]],

[ 4, 65, 0,[ 89, 9, 62, 76, 94]],

[ 89, 65, 0,[ 9, 4, 86]],

[ 49, 65, 0,[ 85, 22, 8]],

[ 76, 65, 0,[ 86, 4, 41]],

[ 33, 65, 0,[ 65, 20, 94, 58, 10, 80]],

[ 59, 55, 1,[ 58, 30, 86, 87, 23, 1]],

[ 39, 65, 1,[ 3, 21, 19, 53, 87, 64, 44]],

[ 82, 65, 0,[ 42, 74, 70]],

[ 75, 65, 0,[ 15, 84, 19, 56, 74]],

[ 77, 65, 0,[ 10, 46, 7]],

[ 72, 65, 0,[ 2, 63, 41]],

[ 8, 55, 1,[ 49, 0, 40, 12, 45]],

[ 31, 65, 0,[ 48, 38, 5, 52, 17]],

[ 91, 65, 0,[ 61, 93]],

[ 86, 65, 0,[ 70, 89, 76, 59]],

[ 9, 65, 0,[ 30, 57, 89, 4]],

[ 11, 65, 0,[ 73, 35, 71, 29, 2]],

[ 62, 65, 0,[ 4, 13, 25]],

[ 66, 65, 0,[ 67, 37, 13]],

[ 98, 65, 0,[ 58, 5, 48, 96]],

[ 68, 65, 0,[ 67, 53, 0, 46]],

[ 14, 65, 0,[ 84, 42, 70]],

[ 15, 65, 0,[ 5, 75, 50]],

[ 74, 65, 0,[ 82, 5, 75]],

[ 94, 65, 0,[ 4, 0, 81, 33]],

[ 92, 65, 0,[ 78, 54, 2]],

[ 16, 65, 0,[ 95, 63, 67]],

[ 43, 65, 0,[ 80, 45, 93]],

[ 64, 65, 0,[ 39, 70, 71]],

[ 99, 65, 0,[ 97, 90, 81, 2]],

[ 24, 65, 0,[ 57, 79, 28]],

[ 60, 65, 0,[ 47]],

[ 79, 65, 0,[ 37, 24, 3]],

[ 30, 65, 0,[ 59, 69, 9, 51]],

[ 37, 65, 0,[ 78, 81, 66, 79, 26, 45]],

[ 61, 65, 0,[ 91, 20]],

[ 25, 65, 0,[ 93, 32, 63, 62]],

[ 67, 65, 1,[ 20, 63, 16, 66, 3, 68]],

[ 34, 65, 0,[ 13, 69, 50]],

[ 20, 65, 0,[ 33, 67, 61]],

[ 12, 65, 0,[ 51, 2, 8]],

[ 65, 65, 0,[ 6, 90, 33]],

[ 1, 65, 0,[ 3, 88, 59, 70, 97]],

[ 54, 65, 0,[ 50, 21, 92, 27]],

[ 83, 65, 0,[ 10, 5, 70]],

[ 18, 65, 0,[ 73, 40, 23, 93]],

[ 95, 65, 0,[ 42, 16, 17]],

[ 21, 65, 0,[ 58, 39, 54]],

[ 35, 65, 0,[ 11, 63, 38]],

[ 84, 65, 0,[ 96, 75, 14]],

[ 13, 65, 0,[ 62, 66, 22, 34, 87]],

[ 17, 65, 0,[ 42, 31, 95]],

[ 90, 65, 0,[ 99, 29, 65]],

[ 36, 65, 0,[ 3, 26]],

[ 73, 65, 0,[ 11, 57, 58, 18]],

[ 10, 35, 0,[ 94, 69, 15]],

[ 79, 35, 1,[ 35, 43, 55, 2, 36]],

[ 36, 35, 0,[ 30, 83, 79, 59, 56]],

[ 74, 35, 0,[ 11, 13, 78]],

[ 61, 35, 0,[ 75, 24, 95]],

[ 71, 35, 0,[ 77, 44, 40]],

[ 43, 35, 0,[ 79, 65, 8]],

[ 6, 35, 0,[ 99, 45, 87, 0]],

[ 62, 35, 0,[ 18, 53, 63, 16]],

[ 92, 35, 0,[ 54, 96, 24, 4]],

[ 45, 35, 0,[ 55, 6, 96, 51]],

[ 97, 35, 0,[ 89, 88, 90, 2, 39]],

[ 48, 35, 0,[ 95, 7, 27]],

[ 99, 35, 0,[ 37, 6, 16]],

[ 5, 35, 0,[ 98, 65, 2]],

[ 65, 35, 0,[ 5, 55, 18, 43, 28, 56]],

[ 7, 35, 0,[ 4, 70, 52, 48]],

[ 68, 35, 0,[ 25, 22, 38]],

[ 98, 25, 1,[ 41, 82, 89, 44, 19, 5, 23]],

[ 42, 35, 0,[ 75, 23]],

[ 14, 35, 0,[ 27, 78, 17]],

[ 9, 35, 0,[ 33, 85, 83, 82]],

[ 78, 75, 1,[ 74, 94, 14, 0, 19, 58]],

[ 52, 35, 0,[ 76, 38, 60, 7]],

[ 64, 35, 0,[ 94, 88, 85]],

[ 17, 35, 0,[ 75, 73, 86, 14]],

[ 2, 35, 0,[ 20, 87, 5, 79, 3, 97, 19, 8]],

[ 44, 35, 0,[ 98, 40, 57, 71]],

[ 22, 35, 0,[ 3, 68, 28]],

[ 34, 35, 0,[ 69, 28]],

[ 57, 35, 0,[ 82, 40, 44]],

[ 32, 35, 0,[ 1, 94, 66]],

[ 38, 35, 0,[ 12, 31, 52, 50, 68]],

[ 28, 35, 0,[ 72, 13, 22, 65, 34, 54]],

[ 11, 35, 0,[ 77, 81, 20, 74]],

[ 12, 35, 0,[ 95, 27, 38]],

[ 49, 35, 0,[ 1, 31, 33]],

[ 46, 35, 0,[ 30, 19, 69]],

[ 30, 35, 0,[ 46, 36, 60]],

[ 60, 35, 1,[ 20, 80, 81, 90, 52, 30]],

[ 56, 35, 0,[ 36, 65]],

[ 29, 35, 0,[ 89, 54, 4]],

[ 59, 35, 0,[ 39, 36, 67]],

[ 88, 35, 0,[ 84, 64, 97, 86]],

[ 72, 35, 0,[ 28, 55, 91]],

[ 90, 35, 0,[ 60, 97, 23]],

[ 19, 35, 1,[ 46, 78, 39, 98, 2]],

[ 39, 35, 0,[ 97, 16, 59, 19]],

[ 91, 35, 0,[ 8, 72, 54]],

[ 51, 35, 0,[ 95, 45]],

[ 26, 35, 0,[ 80, 87, 66, 25]],

[ 21, 35, 0,[ 3, 66, 70]],

[ 93, 35, 0,[ 75, 41, 80]],

[ 53, 35, 0,[ 58, 62, 13]],

[ 94, 35, 1,[ 10, 64, 78, 35, 32, 31]],

[ 1, 35, 0,[ 49, 3, 24, 32]],

[ 89, 35, 0,[ 29, 98, 97, 15]],

[ 47, 35, 0,[ 82, 85, 15]],

[ 23, 35, 0,[ 98, 76, 42, 90]],

[ 67, 35, 0,[ 58, 35, 59]],

[ 33, 35, 0,[ 9, 49, 25]],

[ 37, 35, 0,[ 50, 99]],

[ 8, 5, 1,[ 43, 91, 2, 20]],

[ 69, 35, 0,[ 10, 46, 34]],

[ 73, 35, 0,[ 84, 76, 17]],

[ 76, 35, 0,[ 23, 73, 52]],

[ 50, 35, 0,[ 37, 38, 20]],

[ 40, 35, 0,[ 57, 71, 44]],

[ 81, 35, 0,[ 70, 11, 60]],

[ 13, 35, 0,[ 53, 86, 74, 28]],

[ 86, 35, 0,[ 13, 17, 88]],

[ 58, 35, 0,[ 67, 53, 78, 4]],

[ 84, 35, 0,[ 73, 88, 0]],

[ 83, 35, 0,[ 95, 36, 9]],

[ 87, 35, 1,[ 26, 6, 82, 2, 18, 35]],

[ 15, 35, 0,[ 10, 47, 89]],

[ 20, 35, 0,[ 50, 8, 2, 11, 60]],

[ 35, 35, 0,[ 87, 79, 67, 54, 94]],

[ 25, 35, 0,[ 26, 68, 0, 33]],

[ 55, 35, 0,[ 65, 72, 45, 75, 79]],

[ 18, 35, 0,[ 87, 65, 62]],

[ 24, 35, 0,[ 61, 1, 92]],

[ 3, 35, 0,[ 22, 1, 27, 66, 2, 82, 21]],

[ 95, 35, 0,[ 12, 48, 51, 83, 61]],

[ 4, 35, 0,[ 7, 29, 92, 58]],

[ 77, 35, 0,[ 71, 82, 11]],

[ 82, 35, 1,[ 9, 77, 98, 57, 87, 3, 47]],

[ 96, 35, 0,[ 45, 27, 92]],

[ 80, 35, 0,[ 93, 26, 60]],

[ 16, 35, 0,[ 99, 39, 62]],

[ 27, 35, 0,[ 14, 12, 3, 96, 48]],

[ 63, 35, 0,[ 62]],

[ 85, 35, 0,[ 47, 9, 64]],

[ 0, 35, 0,[ 6, 78, 25, 84]],

[ 75, 35, 0,[ 61, 93, 42, 55, 17]],

[ 41, 35, 0,[ 98, 93]],

[ 54, 35, 0,[ 35, 28, 29, 91, 92]],

[ 70, 35, 0,[ 7, 81, 21]],

[ 31, 35, 0,[ 94, 49, 38]],

[ 66, 95, 1,[ 21, 3, 26, 32]],

