[ 40, 75, 1,[ 61, 91, 77]],

[ 5, 85, 0,[ 19, 44, 75]],

[ 46, 85, 0,[ 64, 49, 48]],

[ 34, 25, 0,[ 92, 44, 96]],

[ 28, 25, 0,[ 49, 92, 24]],

[ 24, 95, 1,[ 35, 28, 16]],

[ 30, 25, 0,[ 95, 15]],

[ 96, 55, 1,[ 76, 34, 62, 13]],

[ 48, 85, 0,[ 46, 11, 43, 31]],

[ 61, 75, 1,[ 59, 95, 53, 40]],

[ 37, 45, 0,[ 21, 56, 3, 26]],

[ 8, 75, 1,[ 63, 16]],

[ 44, 85, 1,[ 26, 34, 74, 62, 5]],

[ 35, 35, 0,[ 24, 23, 66]],

[ 3, 45, 0,[ 72, 37, 32]],

[ 6, 95, 0,[ 79, 90, 36]],

[ 33, 95, 1,[ 79, 10, 26, 95, 25, 42]],

[ 31, 55, 1,[ 57, 7, 50, 94, 48]],

[ 93, 25, 1,[ 73, 21, 88, 2, 60, 17]],

[ 70, 95, 1,[ 86, 91, 54, 36]],

[ 22, 5, 0,[ 36, 81, 67]],

[ 47, 85, 0,[ 60, 52, 77]],

[ 68, 75, 1,[ 1, 12, 73]],

[ 88, 55, 0,[ 93, 66, 14]],

[ 14, 55, 0,[ 88, 72, 99]],

[ 86, 95, 0,[ 70, 20, 71]],

[ 7, 75, 0,[ 31, 53, 32]],

[ 74, 85, 1,[ 16, 89, 44, 84]],

[ 39, 95, 1,[ 42, 78, 99]],

[ 73, 15, 1,[ 10, 59, 68, 94, 93]],

[ 4, 65, 0,[ 49, 53, 79]],

[ 78, 5, 1,[ 99, 39, 91]],

[ 83, 65, 0,[ 42, 75, 85]],

[ 59, 75, 0,[ 73, 75, 61]],

[ 29, 75, 0,[ 18, 1, 77]],

[ 17, 25, 0,[ 42, 58, 93, 38]],

[ 10, 15, 0,[ 33, 73]],

[ 49, 65, 1,[ 21, 28, 23, 4, 46]],

[ 23, 55, 1,[ 51, 87, 35, 64, 49]],

[ 98, 75, 0,[ 64, 94]],

[ 64, 75, 1,[ 27, 46, 98, 23, 11]],

[ 45, 95, 0,[ 63, 76, 94]],

[ 67, 5, 1,[ 89, 22, 69, 32]],

[ 41, 45, 1,[ 18, 11, 87, 43, 13]],

[ 76, 95, 1,[ 19, 96, 45]],

[ 54, 95, 0,[ 65, 70, 20]],

[ 52, 65, 0,[ 69, 47, 62]],

[ 9, 25, 0,[ 57, 71]],

[ 19, 35, 1,[ 76, 80, 89, 5, 55]],

[ 85, 55, 0,[ 82, 99, 83]],

[ 97, 45, 1,[ 80, 58, 56]],

[ 12, 55, 0,[ 84, 68, 80]],

[ 95, 35, 1,[ 61, 33, 30]],

[ 36, 95, 0,[ 6, 22, 43, 70]],

[ 15, 25, 1,[ 27, 60, 63, 30]],

[ 25, 25, 0,[ 92, 82, 33]],

[ 58, 5, 1,[ 66, 55, 43, 17, 97, 51]],

[ 82, 15, 1,[ 85, 75, 25, 56, 72]],

[ 20, 95, 0,[ 86, 79, 54]],

[ 55, 5, 1,[ 27, 2, 19, 58]],

[ 71, 25, 1,[ 90, 86, 9]],

[ 99, 55, 1,[ 39, 78, 85, 14]],

[ 94, 45, 1,[ 81, 73, 45, 98, 31, 90]],

[ 21, 45, 0,[ 93, 49, 37, 18]],

[ 72, 15, 0,[ 14, 3, 82]],

[ 1, 75, 0,[ 68, 65, 29]],

[ 80, 35, 1,[ 12, 97, 19]],

[ 53, 75, 0,[ 7, 61, 4, 62]],

[ 77, 85, 1,[ 29, 40, 47]],

[ 16, 95, 0,[ 24, 74, 8]],

[ 90, 75, 1,[ 94, 71, 6]],

[ 56, 45, 0,[ 82, 37, 97]],

[ 69, 65, 1,[ 81, 52, 67, 57]],

[ 81, 65, 1,[ 22, 94, 69]],

[ 84, 55, 1,[ 74, 12, 38]],

[ 18, 45, 0,[ 21, 29, 41, 32]],

[ 65, 75, 0,[ 1, 54, 38]],

[ 62, 55, 1,[ 44, 53, 96, 52]],

[ 91, 75, 1,[ 78, 40, 70]],

[ 89, 15, 1,[ 74, 19, 67]],

[ 32, 75, 0,[ 7, 87, 18, 3, 67]],

[ 92, 25, 1,[ 25, 28, 34, 0]],

[ 26, 45, 0,[ 37, 44, 33]],

[ 2, 65, 0,[ 50, 93, 55]],

[ 79, 35, 1,[ 4, 20, 33, 0, 6]],

[ 60, 75, 1,[ 93, 15, 47]],

[ 38, 25, 0,[ 65, 84, 17]],

[ 42, 65, 1,[ 33, 17, 83, 50, 39]],

[ 66, 35, 1,[ 58, 50, 35, 88]],

[ 57, 65, 0,[ 69, 9, 31]],

[ 63, 75, 1,[ 45, 8, 15, 13]],

[ 50, 65, 1,[ 66, 2, 42, 31]],

[ 87, 15, 1,[ 23, 0, 32, 41]],

[ 51, 65, 1,[ 58, 23]],

[ 43, 5, 0,[ 36, 58, 48, 41]],

[ 11, 85, 0,[ 64, 41, 48]],

[ 75, 85, 1,[ 82, 83, 5, 59]],

[ 0, 15, 0,[ 87, 79, 92]],

[ 27, 75, 0,[ 55, 15, 64]],

[ 13, 45, 0,[ 96, 41, 63]],

