[ 74, 55, 1,[ 25, 3, 12]],

[ 82, 35, 0,[ 33, 94, 99]],

[ 26, 35, 0,[ 15, 76, 49]],

[ 71, 35, 1,[ 14, 16, 57, 50, 41, 90, 98]],

[ 98, 65, 1,[ 71, 34, 73, 54]],

[ 29, 35, 0,[ 9, 15]],

[ 49, 15, 1,[ 37, 26, 46]],

[ 5, 35, 0,[ 84, 85, 95]],

[ 41, 35, 1,[ 71, 66, 12, 23, 54]],

[ 94, 35, 1,[ 46, 42, 82, 37, 75]],

[ 70, 35, 1,[ 4, 7, 10, 22, 37]],

[ 35, 35, 0,[ 83, 95, 84]],

[ 89, 15, 1,[ 27, 19, 3, 4]],

[ 62, 35, 1,[ 65, 28, 58, 64]],

[ 53, 35, 0,[ 90, 60, 83]],

[ 2, 35, 0,[ 12, 83, 56]],

[ 21, 35, 0,[ 59, 95]],

[ 57, 35, 0,[ 71, 99, 51]],

[ 32, 35, 0,[ 63, 15]],

[ 38, 35, 0,[ 55, 87]],

[ 60, 25, 1,[ 48, 10, 91, 53, 66]],

[ 75, 5, 1,[ 68, 94, 58]],

[ 47, 55, 1,[ 86, 88, 20, 6]],

[ 77, 5, 1,[ 24, 52, 8, 16]],

[ 66, 35, 1,[ 41, 11, 60]],

[ 28, 35, 0,[ 54, 69, 62]],

[ 34, 35, 0,[ 50, 65, 98]],

[ 42, 35, 0,[ 59, 94, 55]],

[ 50, 35, 1,[ 34, 92, 71, 64]],

[ 11, 35, 0,[ 36, 66, 31, 44, 23]],

[ 81, 35, 0,[ 63, 31, 79]],

[ 46, 35, 0,[ 94, 49, 83]],

[ 51, 25, 1,[ 57, 0, 61]],

[ 20, 35, 0,[ 87, 47]],

[ 92, 35, 0,[ 50, 93]],

[ 33, 35, 1,[ 88, 82, 6, 13, 25]],

[ 27, 35, 0,[ 93, 89, 56]],

[ 84, 5, 1,[ 43, 63, 5, 24, 35, 22]],

[ 43, 35, 0,[ 67, 56, 84]],

[ 85, 85, 1,[ 36, 5, 55]],

[ 95, 55, 1,[ 35, 5, 31, 21]],

[ 48, 25, 0,[ 97, 31, 60]],

[ 56, 35, 1,[ 2, 1, 86, 27, 43]],

[ 0, 35, 0,[ 87, 96, 91, 51]],

[ 19, 35, 1,[ 67, 89, 88]],

[ 68, 5, 1,[ 75, 45, 73, 83]],

[ 30, 35, 0,[ 69, 67, 8]],

[ 73, 35, 0,[ 79, 98, 68]],

[ 76, 15, 1,[ 22, 26, 78]],

[ 17, 35, 0,[ 90, 79]],

[ 4, 35, 0,[ 89, 63, 70]],

[ 61, 35, 0,[ 15, 51]],

[ 55, 35, 1,[ 15, 85, 38, 42, 1]],

[ 79, 45, 1,[ 3, 81, 17, 73]],

[ 37, 35, 0,[ 70, 94, 87, 49]],

[ 9, 35, 0,[ 29, 65, 97]],

[ 14, 35, 0,[ 71, 40, 96]],

[ 25, 35, 0,[ 33, 74, 86]],

[ 12, 35, 0,[ 41, 86, 2, 74]],

[ 52, 45, 0,[ 15, 45, 77]],

[ 86, 35, 1,[ 12, 25, 47, 56]],

[ 91, 65, 1,[ 0, 60]],

[ 59, 35, 1,[ 42, 16, 21, 78, 39]],

[ 1, 35, 0,[ 55, 80, 56]],

[ 93, 85, 1,[ 72, 27, 92]],

[ 80, 75, 1,[ 1, 24, 78]],

[ 31, 35, 1,[ 95, 11, 44, 7, 48, 81]],

[ 7, 35, 0,[ 31, 70]],

[ 78, 35, 0,[ 76, 59, 80]],

[ 36, 35, 0,[ 11, 85, 67]],

[ 8, 35, 1,[ 99, 77, 30]],

[ 45, 15, 1,[ 15, 52, 68]],

[ 69, 35, 1,[ 28, 30, 63, 96]],

[ 44, 35, 1,[ 11, 83, 31]],

[ 87, 15, 1,[ 0, 20, 37, 38, 18]],

[ 24, 35, 0,[ 84, 80, 77]],

[ 88, 35, 0,[ 33, 19, 47]],

[ 72, 35, 0,[ 39, 93, 54]],

[ 99, 35, 1,[ 57, 82, 8]],

[ 13, 35, 0,[ 97, 33]],

[ 22, 35, 0,[ 76, 84, 70]],

[ 90, 45, 1,[ 17, 71, 16, 53]],

[ 83, 65, 1,[ 68, 53, 35, 44, 2, 46]],

[ 96, 35, 1,[ 14, 0, 69]],

[ 64, 35, 0,[ 62, 15, 50]],

[ 67, 35, 1,[ 36, 19, 30, 43]],

[ 39, 35, 1,[ 72, 10, 59]],

[ 58, 35, 1,[ 75, 3, 62]],

[ 3, 35, 0,[ 58, 74, 79, 89]],

[ 65, 35, 1,[ 34, 9, 62]],

[ 10, 25, 0,[ 39, 70, 60]],

[ 18, 35, 0,[ 87]],

[ 40, 15, 1,[ 14, 16, 97]],

[ 15, 35, 1,[ 26, 64, 29, 55, 32, 61, 45, 52]],

[ 54, 35, 0,[ 72, 28, 98, 41]],

[ 6, 35, 0,[ 33, 47]],

[ 23, 35, 1,[ 41, 16, 11]],

[ 16, 35, 0,[ 77, 71, 23, 90, 40, 59]],

[ 97, 35, 1,[ 48, 40, 13, 9]],

[ 63, 55, 1,[ 81, 84, 4, 32, 69]],

[ 57, 65, 0,[ 21, 87, 31]],

[ 44, 15, 1,[ 46, 3, 92, 1]],

[ 70, 95, 1,[ 66, 8, 71, 58, 1]],

[ 12, 65, 0,[ 80, 54, 16]],

[ 68, 45, 1,[ 25, 1, 83, 98]],

[ 31, 45, 1,[ 59, 57, 89, 96]],

[ 79, 65, 1,[ 2, 14, 13, 45, 4]],

[ 36, 65, 0,[ 94, 47, 81, 89]],

[ 35, 65, 0,[ 96, 43]],

[ 73, 65, 0,[ 60, 26, 28]],

[ 20, 65, 0,[ 17, 6, 7, 40]],

[ 52, 65, 0,[ 50, 59, 25]],

[ 17, 65, 0,[ 66, 96, 20]],

[ 65, 65, 0,[ 25, 45, 96]],

[ 8, 65, 0,[ 40, 70, 30]],

[ 76, 65, 1,[ 37, 88, 75]],

[ 56, 75, 1,[ 5, 61, 32, 2]],

[ 9, 65, 0,[ 45, 38, 89]],

[ 46, 65, 0,[ 40, 44]],

[ 40, 65, 1,[ 20, 8, 46, 75, 5, 34]],

[ 49, 65, 1,[ 23, 5, 90, 85]],

[ 69, 15, 1,[ 93, 90, 1, 13]],

[ 34, 65, 0,[ 71, 40, 85]],

[ 47, 65, 1,[ 54, 1, 36]],

[ 66, 65, 0,[ 77, 70, 17]],

[ 42, 55, 1,[ 6, 2, 63]],

[ 91, 35, 1,[ 80, 71, 4, 38, 94]],

[ 99, 65, 0,[ 83, 51, 0]],

[ 24, 35, 1,[ 74, 22, 28, 0, 64]],

[ 60, 55, 1,[ 73, 4, 16, 98]],

[ 85, 65, 0,[ 49, 34]],

[ 39, 65, 0,[ 78, 75, 61]],

[ 94, 65, 0,[ 91, 55, 36]],

[ 3, 65, 0,[ 2, 1, 50, 44, 86]],

[ 22, 65, 0,[ 19, 77, 24]],

[ 86, 65, 1,[ 3, 88, 75, 1]],

[ 87, 35, 1,[ 55, 57, 54]],

[ 95, 55, 1,[ 67, 2, 97]],

[ 89, 65, 1,[ 31, 36, 55, 67, 9, 1]],

[ 0, 65, 0,[ 24, 99, 6, 1, 71]],

[ 15, 35, 1,[ 63, 51, 74]],

[ 48, 65, 0,[ 14, 64, 83, 81]],

[ 50, 5, 1,[ 3, 52, 33, 75]],

[ 81, 65, 1,[ 30, 36, 48]],

[ 51, 95, 1,[ 15, 97, 18, 84, 99]],

[ 98, 45, 1,[ 68, 60, 67, 5]],

[ 55, 65, 1,[ 11, 87, 89, 94, 63, 6]],

[ 53, 65, 0,[ 33, 58, 93]],

[ 54, 65, 0,[ 47, 87, 12]],

[ 5, 65, 0,[ 49, 56, 82, 98, 80, 83, 40]],

[ 7, 65, 0,[ 20, 62, 10, 78]],

[ 11, 65, 0,[ 32, 90, 55]],

[ 84, 45, 1,[ 51, 74, 26]],

[ 29, 65, 0,[ 27, 96, 4]],

[ 38, 65, 0,[ 91, 77, 9]],

[ 74, 5, 1,[ 15, 84, 24]],

[ 97, 65, 1,[ 51, 95, 1, 58, 28]],

[ 26, 15, 1,[ 80, 63, 84, 73]],

[ 23, 65, 0,[ 78, 49, 64]],

[ 1, 65, 0,[ 47, 43, 69, 89, 64, 86, 3, 68, 70, 2, 97, 0, 44]],

[ 83, 65, 1,[ 68, 5, 48, 62, 99]],

[ 96, 65, 1,[ 17, 65, 27, 35, 29, 31]],

[ 64, 65, 1,[ 1, 93, 23, 48, 24, 16]],

[ 82, 65, 1,[ 78, 30, 5, 72]],

[ 2, 65, 0,[ 3, 75, 1, 56, 79, 61, 95, 42]],

[ 63, 65, 1,[ 55, 15, 18, 26, 90, 42]],

[ 45, 65, 1,[ 9, 65, 79, 58]],

[ 19, 25, 1,[ 80, 10, 22, 72]],

[ 61, 65, 1,[ 56, 39, 2, 72]],

[ 58, 65, 1,[ 97, 45, 21, 53, 70]],

[ 80, 95, 1,[ 12, 91, 5, 26, 19]],

[ 78, 65, 1,[ 23, 7, 82, 39]],

[ 62, 45, 1,[ 83, 32, 7, 25, 14]],

[ 43, 65, 0,[ 35, 1, 77]],

[ 4, 65, 0,[ 91, 79, 60, 29]],

[ 25, 65, 0,[ 65, 68, 62, 52]],

[ 10, 65, 0,[ 19, 7, 41, 18]],

[ 59, 65, 1,[ 37, 52, 31]],

[ 18, 65, 0,[ 10, 51, 63]],

[ 71, 65, 1,[ 77, 34, 0, 70, 91, 27]],

[ 41, 45, 1,[ 33, 92, 67, 10]],

[ 77, 25, 1,[ 43, 38, 21, 71, 22, 66]],

[ 33, 65, 1,[ 50, 53, 41]],

[ 88, 65, 0,[ 76, 86]],

[ 16, 65, 0,[ 60, 12, 64]],

[ 32, 65, 0,[ 11, 62, 56]],

[ 27, 65, 0,[ 71, 96, 29]],

[ 72, 65, 0,[ 61, 19, 82]],

[ 14, 65, 0,[ 79, 48, 62]],

[ 93, 65, 1,[ 69, 53, 64]],

[ 92, 65, 1,[ 37, 44, 41]],

[ 37, 65, 0,[ 76, 59, 92, 13]],

[ 28, 65, 0,[ 24, 97, 73]],

[ 30, 65, 0,[ 8, 82, 81]],

[ 90, 65, 1,[ 11, 49, 63, 69]],

[ 67, 65, 0,[ 95, 41, 98, 89]],

[ 6, 65, 0,[ 55, 20, 42, 0]],

[ 21, 65, 0,[ 57, 77, 58]],

[ 75, 65, 1,[ 40, 39, 86, 50, 2, 76]],

[ 13, 65, 0,[ 69, 79, 37]],

