[ 41, 45, 1,[ 68, 34, 24, 17]],

[ 85, 5, 1,[ 2, 67, 51]],

[ 5, 15, 0,[ 46, 7, 44]],

[ 83, 85, 1,[ 65, 76, 61]],

[ 49, 95, 1,[ 28, 37, 8, 22]],

[ 17, 35, 0,[ 45, 20, 41]],

[ 2, 95, 0,[ 64, 90, 85]],

[ 0, 5, 0,[ 92, 21, 26, 76, 78]],

[ 35, 15, 0,[ 19, 13, 39]],

[ 65, 45, 0,[ 83, 56, 93]],

[ 52, 65, 0,[ 1, 84, 87]],

[ 39, 75, 1,[ 77, 20, 66, 88, 35]],

[ 74, 5, 1,[ 98, 79, 57, 42, 1]],

[ 77, 55, 1,[ 39, 55, 91, 70, 67]],

[ 22, 5, 0,[ 58, 43, 49]],

[ 60, 55, 1,[ 84, 14, 94]],

[ 58, 5, 0,[ 22, 27, 19]],

[ 55, 65, 1,[ 9, 68, 77]],

[ 18, 15, 0,[ 70, 88, 84, 47]],

[ 1, 75, 0,[ 52, 74, 11]],

[ 99, 15, 0,[ 66, 26]],

[ 68, 45, 1,[ 55, 51, 82, 41, 40]],

[ 84, 35, 1,[ 34, 60, 52, 18]],

[ 57, 5, 0,[ 95, 80, 36, 74]],

[ 67, 25, 0,[ 80, 77, 85, 63, 64]],

[ 10, 5, 0,[ 43, 53, 72, 15]],

[ 31, 75, 1,[ 16, 97, 23]],

[ 63, 55, 1,[ 67, 20, 72]],

[ 92, 5, 1,[ 0, 61, 97, 89]],

[ 14, 15, 0,[ 78, 60, 66, 4]],

[ 62, 75, 0,[ 9, 97, 94]],

[ 30, 25, 0,[ 80, 78, 24]],

[ 89, 75, 1,[ 59, 15, 7, 92]],

[ 36, 5, 0,[ 79, 8, 57]],

[ 48, 85, 0,[ 72, 44, 71]],

[ 29, 95, 0,[ 91, 61]],

[ 12, 15, 0,[ 45, 46, 6]],

[ 91, 55, 1,[ 45, 70, 19, 77, 29]],

[ 50, 45, 0,[ 8, 27, 81, 15]],

[ 72, 65, 0,[ 63, 48, 10]],

[ 7, 5, 0,[ 5, 26, 89]],

[ 97, 45, 1,[ 31, 92, 62]],

[ 28, 5, 0,[ 69, 53, 49, 71]],

[ 6, 15, 0,[ 13, 12]],

[ 61, 65, 1,[ 83, 29, 92]],

[ 45, 15, 1,[ 17, 12, 46, 91, 82]],

[ 53, 5, 0,[ 10, 71, 28]],

[ 16, 45, 0,[ 3, 31, 42]],

[ 15, 95, 1,[ 50, 81, 10, 73, 89]],

[ 98, 75, 1,[ 74, 88, 11, 21]],

[ 56, 15, 1,[ 65, 54, 47]],

[ 26, 85, 1,[ 0, 99, 7, 38]],

[ 25, 15, 0,[ 64, 46, 4]],

[ 33, 35, 1,[ 13, 95, 59]],

[ 24, 65, 1,[ 30, 41, 54]],

[ 19, 85, 1,[ 58, 35, 91]],

[ 20, 85, 0,[ 38, 39, 17, 69, 63]],

[ 82, 75, 1,[ 81, 45, 23, 68]],

[ 69, 85, 0,[ 40, 28, 20]],

[ 23, 45, 1,[ 82, 75, 86, 31]],

[ 90, 95, 1,[ 59, 2, 96]],

[ 3, 45, 0,[ 46, 16, 38]],

[ 80, 25, 1,[ 67, 30, 64, 57]],

[ 79, 55, 1,[ 88, 74, 95, 36, 87]],

[ 27, 15, 0,[ 50, 58, 42]],

[ 32, 45, 0,[ 42, 71]],

[ 66, 45, 1,[ 99, 14, 39]],

[ 21, 5, 0,[ 0, 98]],

[ 96, 65, 1,[ 51, 76, 90]],

[ 37, 65, 0,[ 49, 44, 86, 93]],

[ 94, 65, 1,[ 62, 60]],

[ 86, 45, 1,[ 23, 34, 37]],

[ 95, 95, 1,[ 33, 57, 79]],

[ 38, 45, 0,[ 20, 3, 26]],

[ 73, 15, 0,[ 13, 93, 15]],

[ 93, 5, 1,[ 37, 47, 65, 73]],

[ 34, 95, 0,[ 84, 41, 86]],

[ 70, 85, 1,[ 77, 91, 18]],

[ 9, 25, 0,[ 62, 11, 55]],

[ 88, 15, 0,[ 87, 40, 79, 18, 98, 39]],

[ 40, 15, 0,[ 69, 68, 88]],

[ 76, 5, 1,[ 83, 0, 96]],

[ 11, 25, 0,[ 1, 9, 98]],

[ 54, 5, 0,[ 71, 56, 24]],

[ 44, 55, 1,[ 5, 48, 37]],

[ 78, 95, 1,[ 30, 14, 0]],

[ 75, 65, 1,[ 23, 4]],

[ 43, 5, 0,[ 10, 22]],

[ 46, 15, 0,[ 45, 5, 12, 25, 3]],

[ 42, 65, 1,[ 32, 74, 27, 16]],

[ 71, 85, 1,[ 32, 53, 54, 28, 48]],

[ 81, 5, 1,[ 82, 50, 15]],

[ 8, 65, 1,[ 36, 50, 49]],

[ 64, 75, 1,[ 80, 67, 25, 2]],

[ 59, 25, 1,[ 90, 89, 33]],

[ 13, 15, 0,[ 6, 35, 33, 73]],

[ 87, 25, 1,[ 88, 52, 79]],

[ 47, 15, 0,[ 56, 18, 93]],

[ 4, 15, 0,[ 25, 75, 14]],

[ 51, 5, 1,[ 96, 68, 85]],

[ 60, 35, 1,[ 76, 0, 75]],

[ 87, 5, 1,[ 98, 49, 17, 0, 1, 52]],

[ 43, 25, 0,[ 76, 64, 38]],

[ 80, 45, 1,[ 77, 75, 71]],

[ 62, 15, 1,[ 24, 55, 18, 26, 95]],

[ 19, 65, 1,[ 44, 39, 37]],

[ 66, 95, 1,[ 77, 94, 1, 56]],

[ 29, 35, 0,[ 50, 21, 34, 86]],

[ 39, 15, 1,[ 19, 22, 4, 51]],

[ 57, 55, 0,[ 59, 38, 41]],

[ 82, 85, 0,[ 74, 15, 2]],

[ 63, 5, 1,[ 9, 20, 53, 45]],

[ 23, 55, 1,[ 32, 28, 61, 84]],

[ 81, 65, 1,[ 61, 90, 92]],

[ 4, 25, 0,[ 39, 51, 70]],

[ 93, 65, 1,[ 25, 67, 22]],

[ 8, 25, 1,[ 83, 26, 61, 5]],

[ 51, 5, 1,[ 52, 39, 45, 4, 88]],

[ 27, 35, 0,[ 9, 91, 72]],

[ 53, 35, 0,[ 74, 63, 7]],

[ 86, 85, 0,[ 5, 79, 29]],

[ 61, 35, 1,[ 37, 23, 81, 8]],

[ 54, 35, 0,[ 97, 21, 70]],

[ 9, 35, 0,[ 27, 63, 17]],

[ 72, 35, 0,[ 10, 27, 83]],

[ 18, 25, 0,[ 62, 58, 11]],

[ 30, 5, 0,[ 32, 3, 38]],

[ 92, 25, 0,[ 22, 95, 81]],

[ 99, 95, 1,[ 78, 45, 42]],

[ 12, 95, 0,[ 84, 17, 36]],

[ 98, 25, 1,[ 87, 89, 45]],

[ 94, 35, 1,[ 74, 66]],

[ 78, 95, 0,[ 99, 42, 55]],

[ 49, 5, 1,[ 89, 40, 87, 34]],

[ 48, 95, 0,[ 1, 13, 55, 68]],

[ 67, 95, 1,[ 47, 93, 65]],

[ 0, 45, 0,[ 87, 73, 97, 60]],

[ 70, 35, 0,[ 41, 4, 54]],

[ 33, 55, 1,[ 74, 89, 28]],

[ 69, 45, 1,[ 71, 38, 11]],

[ 96, 5, 0,[ 90, 15, 91]],

[ 84, 75, 1,[ 55, 12, 23, 28]],

[ 73, 75, 1,[ 50, 36, 0]],

[ 83, 65, 1,[ 8, 88, 72]],

[ 90, 75, 1,[ 31, 96, 81, 22]],

[ 10, 35, 0,[ 16, 58, 72, 3]],

[ 35, 55, 0,[ 14, 26, 95]],

[ 22, 25, 0,[ 39, 92, 90, 93]],

[ 46, 55, 0,[ 44, 32, 25]],

[ 88, 25, 0,[ 59, 51, 79, 83]],

[ 11, 25, 0,[ 6, 18, 69, 77, 20]],

[ 50, 95, 1,[ 73, 29, 71]],

[ 6, 25, 0,[ 31, 64, 11]],

[ 76, 25, 0,[ 60, 85, 43]],

[ 34, 35, 0,[ 49, 59, 29]],

[ 1, 95, 0,[ 87, 48, 41, 66]],

[ 77, 55, 1,[ 11, 80, 24, 66]],

[ 28, 15, 0,[ 84, 23, 33]],

[ 38, 5, 0,[ 69, 30, 58, 57, 43]],

[ 55, 35, 1,[ 48, 62, 78, 84]],

[ 36, 95, 0,[ 12, 68, 73]],

[ 21, 35, 0,[ 29, 47, 54]],

[ 91, 95, 1,[ 96, 27, 16]],

[ 16, 65, 0,[ 44, 10, 91]],

[ 85, 75, 1,[ 41, 76, 2]],

[ 3, 5, 0,[ 30, 10, 40, 65]],

[ 74, 75, 0,[ 82, 56, 53, 33, 94]],

[ 20, 5, 0,[ 11, 32, 63]],

[ 68, 15, 1,[ 31, 36, 48]],

[ 37, 25, 0,[ 19, 61, 52]],

[ 40, 45, 1,[ 3, 49, 58]],

[ 44, 55, 1,[ 16, 19, 46]],

[ 52, 25, 0,[ 87, 51, 37]],

[ 59, 35, 1,[ 88, 24, 34, 57]],

[ 64, 85, 1,[ 43, 6, 14]],

[ 97, 15, 1,[ 54, 2, 0]],

[ 79, 25, 0,[ 42, 86, 88]],

[ 42, 25, 1,[ 78, 99, 79, 17, 13]],

[ 15, 15, 1,[ 56, 82, 96]],

[ 5, 5, 0,[ 8, 75, 86]],

[ 24, 35, 1,[ 77, 62, 59]],

[ 58, 95, 1,[ 40, 18, 10, 38]],

[ 75, 75, 1,[ 80, 5, 60]],

[ 26, 5, 1,[ 62, 8, 25, 35]],

[ 31, 55, 0,[ 68, 6, 90]],

[ 71, 65, 1,[ 80, 69, 50]],

[ 45, 35, 1,[ 63, 51, 99, 98]],

[ 95, 45, 1,[ 35, 62, 92]],

[ 65, 55, 1,[ 67, 25, 3]],

[ 17, 35, 0,[ 42, 12, 9, 87]],

[ 56, 75, 1,[ 74, 66, 15]],

[ 89, 55, 1,[ 33, 98, 49, 7]],

[ 47, 5, 1,[ 67, 41, 7, 21]],

[ 41, 5, 1,[ 57, 47, 85, 1, 70]],

[ 14, 75, 0,[ 35, 13, 64]],

[ 7, 35, 0,[ 89, 53, 47]],

[ 25, 55, 0,[ 26, 46, 65, 93]],

[ 13, 5, 0,[ 42, 48, 14]],

[ 32, 5, 0,[ 23, 30, 20, 46]],

[ 2, 85, 0,[ 97, 82, 85]],

