[ 49, 45, 0,[ 69, 38, 36]],

[ 83, 15, 0,[ 67, 91, 6, 38]],

[ 77, 95, 0,[ 78, 19, 63, 21, 87]],

[ 44, 85, 0,[ 16, 84, 15]],

[ 69, 45, 0,[ 39, 64, 71, 49]],

[ 25, 85, 0,[ 39, 72, 65, 75]],

[ 18, 45, 0,[ 98, 91, 71]],

[ 50, 15, 0,[ 59, 54, 80]],

[ 36, 45, 0,[ 88, 49, 91, 7]],

[ 24, 15, 0,[ 78, 33, 97, 39]],

[ 39, 65, 1,[ 26, 93, 24, 23, 72, 69, 21, 5, 25, 60]],

[ 73, 65, 0,[ 31, 2, 67]],

[ 26, 35, 0,[ 78, 39, 12]],

[ 56, 65, 0,[ 15, 81, 48]],

[ 2, 75, 0,[ 90, 91, 73]],

[ 72, 5, 0,[ 34, 46, 25, 39]],

[ 48, 15, 0,[ 67, 1, 56, 32]],

[ 54, 15, 0,[ 50, 29, 61, 28]],

[ 88, 45, 0,[ 36, 15, 87]],

[ 64, 45, 0,[ 69, 15, 12, 5]],

[ 75, 25, 0,[ 61, 25, 94]],

[ 30, 15, 0,[ 23, 40, 67, 4]],

[ 19, 65, 0,[ 70, 87, 77]],

[ 5, 85, 0,[ 37, 74, 64, 39]],

[ 43, 15, 0,[ 97, 40, 84]],

[ 65, 85, 0,[ 16, 25, 10, 78, 91]],

[ 37, 85, 0,[ 5, 87, 78]],

[ 95, 15, 0,[ 67, 35, 34]],

[ 66, 15, 0,[ 61, 80, 91]],

[ 14, 65, 0,[ 60, 61, 70, 87]],

[ 63, 95, 0,[ 91, 77, 78]],

[ 86, 15, 0,[ 38, 59]],

[ 89, 15, 0,[ 35, 40, 62]],

[ 55, 15, 0,[ 61, 96, 68]],

[ 34, 5, 0,[ 95, 81, 72]],

[ 96, 15, 0,[ 55, 23, 68, 60]],

[ 41, 45, 0,[ 59, 98, 7]],

[ 58, 25, 0,[ 62, 81, 87]],

[ 97, 15, 0,[ 24, 46, 43]],

[ 12, 35, 0,[ 76, 26, 64]],

[ 7, 45, 0,[ 36, 81, 41]],

[ 61, 15, 1,[ 33, 45, 74, 14, 54, 21, 55, 75, 66, 93, 22, 11]],

[ 29, 15, 0,[ 67, 54, 38]],

[ 68, 15, 0,[ 96, 55, 78, 91]],

[ 62, 15, 0,[ 89, 58, 27]],

[ 22, 15, 0,[ 61, 38, 42]],

[ 42, 15, 0,[ 22, 93, 1]],

[ 78, 75, 1,[ 37, 63, 52, 65, 85, 1, 68, 47, 77, 26, 24]],

[ 81, 15, 1,[ 51, 58, 7, 56, 34]],

[ 13, 45, 0,[ 35, 90, 87, 52]],

[ 60, 35, 0,[ 39, 14, 96]],

[ 53, 25, 0,[ 79, 0, 51, 92]],

[ 87, 35, 1,[ 77, 14, 13, 15, 37, 58, 19, 88]],

[ 51, 25, 0,[ 94, 15, 81, 53]],

[ 93, 15, 0,[ 39, 8, 61, 42]],

[ 35, 15, 0,[ 13, 47, 89, 95]],

[ 32, 15, 0,[ 10, 8, 48, 4]],

[ 0, 25, 0,[ 53, 67, 1]],

[ 92, 15, 0,[ 67, 53, 3, 11]],

[ 57, 25, 0,[ 9, 17, 45, 59, 91]],

[ 17, 15, 0,[ 91, 28, 99, 57]],

[ 85, 35, 0,[ 10, 40, 78, 76]],

[ 46, 15, 0,[ 97, 72, 20]],

[ 10, 15, 0,[ 85, 65, 32]],

[ 8, 15, 0,[ 32, 93, 80]],

[ 31, 75, 0,[ 73, 91, 52]],

[ 70, 65, 0,[ 40, 14, 19]],

[ 52, 95, 0,[ 13, 78, 31]],

[ 99, 15, 0,[ 47, 17, 98]],

[ 21, 35, 0,[ 61, 77, 39]],

[ 71, 45, 0,[ 18, 40, 69]],

[ 84, 25, 0,[ 43, 82, 44]],

[ 45, 65, 0,[ 67, 61, 57]],

[ 40, 25, 1,[ 70, 43, 71, 89, 85, 20, 30]],

[ 27, 15, 0,[ 4, 3, 62]],

[ 80, 15, 0,[ 66, 8, 50]],

[ 16, 85, 0,[ 65, 44, 91]],

[ 59, 35, 1,[ 86, 50, 57, 4, 94, 79, 82, 41]],

[ 3, 15, 0,[ 91, 27, 92]],

[ 38, 15, 0,[ 83, 49, 22, 29, 86]],

[ 79, 25, 0,[ 53, 59, 82]],

[ 98, 45, 0,[ 99, 41, 18, 15]],

[ 74, 65, 0,[ 67, 61, 5]],

[ 20, 15, 0,[ 46, 91, 11, 40]],

[ 1, 15, 0,[ 48, 78, 33, 42, 0]],

[ 76, 35, 0,[ 85, 12, 91]],

[ 11, 15, 0,[ 61, 20, 92]],

[ 6, 15, 0,[ 83, 4, 94]],

[ 67, 95, 1,[ 48, 92, 74, 73, 29, 0, 45, 95, 83, 30]],

[ 23, 15, 0,[ 96, 39, 30]],

[ 82, 25, 0,[ 84, 79, 59, 9]],

[ 91, 35, 1,[ 16, 57, 18, 63, 20, 17, 76, 31, 68, 2, 66, 90, 3, 65, 36, 83]],

[ 33, 15, 0,[ 24, 61, 1]],

[ 47, 15, 0,[ 99, 78, 35]],

[ 4, 15, 0,[ 30, 6, 59, 32, 27]],

[ 9, 25, 0,[ 82, 57, 15]],

[ 94, 25, 0,[ 6, 59, 51, 75]],

[ 90, 75, 0,[ 13, 2, 91, 28]],

[ 28, 15, 0,[ 17, 90, 54]],

[ 15, 55, 1,[ 64, 51, 44, 98, 9, 56, 87, 88]],

[ 69, 5, 0,[ 63, 46, 20, 85]],

[ 61, 5, 0,[ 98, 63, 64, 39]],

[ 98, 5, 0,[ 61, 26, 22]],

[ 78, 25, 0,[ 77, 95, 46, 50]],

[ 93, 5, 0,[ 43, 38, 96]],

[ 77, 25, 0,[ 11, 78, 47]],

[ 67, 5, 0,[ 26, 95, 54]],

[ 82, 5, 0,[ 60, 56, 84, 75, 29]],

[ 52, 5, 0,[ 6, 32, 56, 89]],

[ 1, 25, 0,[ 96, 89, 14, 47]],

[ 50, 95, 1,[ 21, 78, 4, 36, 12, 71, 88, 49, 25, 3, 94, 28, 81, 9]],

[ 46, 25, 0,[ 69, 96, 78]],

[ 96, 95, 1,[ 2, 1, 20, 13, 65, 46, 74, 93, 19, 24, 32, 43, 49]],

[ 26, 35, 1,[ 21, 65, 47, 0, 67, 44, 98, 15, 10, 35, 64, 24]],

[ 90, 45, 1,[ 74, 85, 60, 20, 87, 80]],

[ 40, 5, 0,[ 97, 7, 47]],

[ 22, 5, 0,[ 9, 98, 75, 7]],

[ 41, 5, 0,[ 51, 58, 85, 27, 6, 53]],

[ 53, 5, 0,[ 95, 10, 41]],

[ 36, 15, 0,[ 14, 95, 50]],

[ 4, 15, 0,[ 50, 95, 71]],

[ 34, 5, 0,[ 11, 44, 30, 59]],

[ 13, 5, 0,[ 20, 56, 96]],

[ 9, 5, 0,[ 22, 33, 50]],

[ 89, 5, 1,[ 11, 16, 55, 1, 52, 86, 33]],

[ 48, 85, 0,[ 43, 15, 47]],

[ 94, 85, 0,[ 95, 50, 43]],

[ 2, 5, 0,[ 96, 92, 37]],

[ 66, 5, 0,[ 49, 7, 29]],

[ 27, 95, 0,[ 41, 95, 71]],

[ 62, 5, 0,[ 7, 6, 99]],

[ 83, 5, 0,[ 70, 16, 95]],

[ 72, 5, 0,[ 11, 51, 47]],

[ 49, 5, 0,[ 96, 66, 5, 50]],

[ 64, 25, 0,[ 26, 61]],

[ 30, 5, 0,[ 97, 95, 34]],

[ 75, 5, 1,[ 87, 22, 10, 82]],

[ 76, 5, 0,[ 17, 37, 47]],

[ 57, 5, 0,[ 42]],

[ 37, 5, 0,[ 2, 76, 68]],

[ 0, 25, 0,[ 81, 26, 24]],

[ 92, 5, 0,[ 35, 2, 38, 95, 56]],

[ 10, 5, 0,[ 26, 53, 87, 75]],

[ 31, 55, 0,[ 14, 18, 79]],

[ 56, 85, 1,[ 13, 73, 82, 59, 92, 79, 42, 52]],

[ 70, 5, 0,[ 83, 23, 95, 44, 65]],

[ 95, 65, 1,[ 21, 30, 7, 27, 91, 70, 36, 53, 78, 92, 83, 4, 67, 94]],

[ 85, 5, 0,[ 69, 90, 41, 47]],

[ 47, 25, 1,[ 19, 55, 48, 51, 26, 44, 1, 85, 76, 45, 73, 40, 86, 72, 77]],

[ 16, 5, 0,[ 45, 83, 89]],

[ 65, 5, 0,[ 70, 96, 26]],

[ 42, 5, 0,[ 57, 56, 71, 68]],

[ 5, 5, 0,[ 35, 86, 49]],

[ 60, 5, 0,[ 82, 90, 23]],

[ 97, 5, 0,[ 54, 30, 40]],

[ 35, 5, 0,[ 92, 26, 5]],

[ 39, 5, 0,[ 29, 8, 61]],

[ 20, 5, 0,[ 96, 13, 69, 90]],

[ 51, 5, 0,[ 47, 41, 72]],

[ 44, 25, 0,[ 70, 34, 47, 26]],

[ 21, 25, 0,[ 26, 50, 95]],

[ 74, 15, 0,[ 96, 88, 90]],

[ 45, 5, 0,[ 16, 99, 47, 28, 73]],

[ 73, 5, 0,[ 47, 56, 45]],

[ 71, 15, 0,[ 4, 42, 27, 50]],

[ 11, 5, 0,[ 34, 77, 99, 89, 72]],

[ 24, 25, 0,[ 96, 0, 26]],

[ 32, 55, 0,[ 96, 52, 19]],

[ 43, 85, 0,[ 48, 18, 96, 94, 93]],

[ 23, 5, 0,[ 70, 60, 63]],

[ 17, 5, 0,[ 76, 8, 3]],

[ 68, 5, 0,[ 8, 42, 37]],

[ 3, 15, 0,[ 17, 63, 50]],

[ 38, 5, 0,[ 59, 93, 92]],

[ 7, 5, 0,[ 95, 66, 40, 62, 22]],

[ 33, 5, 0,[ 9, 89, 87]],

[ 15, 75, 0,[ 26, 48, 81]],

[ 91, 5, 0,[ 63, 58, 95]],

[ 87, 5, 0,[ 10, 33, 75, 90]],

[ 19, 55, 0,[ 32, 47, 96]],

[ 18, 85, 0,[ 88, 31, 43]],

[ 25, 15, 0,[ 50, 54]],

[ 63, 95, 1,[ 61, 12, 69, 3, 23, 91, 79]],

[ 86, 5, 0,[ 12, 47, 8, 5, 89]],

[ 28, 5, 0,[ 45, 50, 84]],

[ 80, 5, 0,[ 8, 54, 90]],

[ 54, 5, 0,[ 58, 97, 25, 67, 80]],

[ 29, 5, 0,[ 39, 66, 82]],

[ 58, 5, 0,[ 41, 54, 91]],

[ 12, 85, 0,[ 50, 63, 86]],

[ 55, 5, 0,[ 47, 89, 84]],

[ 59, 5, 0,[ 56, 34, 38]],

[ 14, 25, 0,[ 31, 1, 84, 36]],

[ 8, 5, 0,[ 80, 39, 86, 17, 68]],

[ 88, 15, 0,[ 50, 74, 18]],

[ 6, 5, 0,[ 62, 41, 52]],

[ 99, 5, 0,[ 62, 11, 45]],

[ 84, 5, 0,[ 14, 82, 28, 55]],

[ 79, 55, 0,[ 63, 31, 56]],

[ 81, 75, 0,[ 15, 0, 50]],

