[ 31, 65, 0,[ 34, 83, 6]],

[ 89, 45, 0,[ 28, 39, 2]],

[ 99, 15, 0,[ 55, 32, 58]],

[ 8, 55, 0,[ 20, 97, 44]],

[ 83, 65, 0,[ 31, 96, 61]],

[ 58, 65, 0,[ 40, 99, 84]],

[ 53, 25, 0,[ 96, 69, 3, 18, 50, 46]],

[ 56, 65, 0,[ 87, 45, 22]],

[ 50, 95, 0,[ 85, 23, 53]],

[ 90, 45, 0,[ 17, 24, 62, 51, 19]],

[ 67, 45, 0,[ 0, 78, 4, 73]],

[ 55, 15, 0,[ 28, 93, 99]],

[ 34, 65, 0,[ 66, 14, 31]],

[ 36, 45, 0,[ 69, 96, 98]],

[ 3, 25, 1,[ 22, 1, 10, 7, 53]],

[ 18, 15, 0,[ 53, 27, 41]],

[ 25, 65, 0,[ 78, 48, 23, 91]],

[ 11, 15, 1,[ 51, 7, 49, 80]],

[ 21, 25, 0,[ 1, 33, 37, 82]],

[ 19, 45, 0,[ 90, 28, 98, 24]],

[ 46, 95, 0,[ 53, 59, 4]],

[ 49, 95, 0,[ 61, 70, 94, 11]],

[ 13, 45, 0,[ 42, 87, 60]],

[ 76, 95, 0,[ 68, 23, 29]],

[ 70, 15, 0,[ 88, 49, 7, 40]],

[ 92, 45, 0,[ 54, 51]],

[ 1, 25, 1,[ 5, 3, 6, 21, 10, 42, 2]],

[ 71, 65, 0,[ 63, 30, 95, 87]],

[ 32, 15, 0,[ 40, 81, 99]],

[ 62, 25, 0,[ 90, 16, 63]],

[ 12, 65, 0,[ 27, 78, 74]],

[ 48, 65, 0,[ 72, 25, 57]],

[ 87, 65, 0,[ 10, 56, 13, 71]],

[ 85, 85, 0,[ 50, 74, 61]],

[ 78, 65, 0,[ 12, 45, 25, 67]],

[ 6, 55, 1,[ 31, 0, 9, 82, 26, 1, 80]],

[ 57, 95, 0,[ 94, 48, 97]],

[ 22, 65, 0,[ 84, 56, 3, 72]],

[ 7, 25, 0,[ 29, 11, 65, 3, 47, 38, 70]],

[ 47, 85, 0,[ 7, 54, 72]],

[ 68, 85, 0,[ 80, 76, 60, 35]],

[ 27, 15, 0,[ 18, 12, 64, 91]],

[ 94, 95, 0,[ 57, 49, 26, 75, 52]],

[ 96, 25, 0,[ 36, 53, 17, 83]],

[ 0, 85, 1,[ 72, 69, 30, 67, 6]],

[ 26, 95, 0,[ 6, 66, 94]],

[ 16, 65, 0,[ 42, 14, 38, 62]],

[ 52, 95, 0,[ 86, 20, 94]],

[ 44, 45, 0,[ 81, 8, 43]],

[ 95, 65, 0,[ 71, 45, 43]],

[ 72, 85, 0,[ 22, 0, 38, 47, 48]],

[ 15, 95, 0,[ 97, 23, 38]],

[ 74, 85, 0,[ 85, 12, 37]],

[ 93, 95, 0,[ 55, 64, 23]],

[ 24, 45, 0,[ 19, 5, 90, 86]],

[ 14, 65, 0,[ 34, 60, 16]],

[ 35, 65, 0,[ 97, 20, 68]],

[ 23, 95, 0,[ 15, 93, 76, 50, 25]],

[ 79, 45, 0,[ 82, 54, 88]],

[ 82, 45, 0,[ 6, 98, 79, 21]],

[ 77, 95, 0,[ 75, 91, 43]],

[ 81, 15, 0,[ 44, 41, 32]],

[ 28, 15, 0,[ 33, 55, 89, 19]],

[ 80, 85, 0,[ 65, 68, 66, 84, 6, 11]],

[ 63, 25, 0,[ 71, 62, 2]],

[ 41, 95, 0,[ 18, 81, 37, 54]],

[ 54, 65, 1,[ 92, 79, 41, 47]],

[ 38, 45, 1,[ 7, 61, 16, 72, 15]],

[ 43, 65, 0,[ 77, 44, 95]],

[ 75, 95, 0,[ 84, 77, 94]],

[ 33, 15, 0,[ 37, 21, 28]],

[ 97, 65, 0,[ 57, 35, 15, 8]],

[ 37, 95, 0,[ 33, 41, 21, 9, 74]],

[ 40, 15, 0,[ 70, 32, 58]],

[ 10, 65, 1,[ 1, 87, 3]],

[ 20, 55, 0,[ 35, 8, 52]],

[ 2, 55, 1,[ 5, 63, 89, 1]],

[ 98, 45, 0,[ 36, 19, 82, 17]],

[ 88, 45, 0,[ 39, 70, 79]],

[ 60, 45, 0,[ 39, 13, 14, 68]],

[ 91, 95, 0,[ 27, 77, 25]],

[ 45, 65, 0,[ 95, 56, 78]],

[ 84, 65, 0,[ 80, 22, 58, 75]],

[ 65, 85, 0,[ 86, 80, 7]],

[ 73, 45, 0,[ 9, 67, 64]],

[ 51, 45, 0,[ 11, 90, 92]],

[ 86, 45, 0,[ 65, 52, 24, 4]],

[ 9, 95, 0,[ 6, 37, 73]],

[ 66, 85, 0,[ 26, 80, 34, 29]],

[ 61, 45, 0,[ 38, 49, 83, 85]],

[ 30, 45, 0,[ 71, 0, 4]],

[ 69, 85, 0,[ 0, 53, 36]],

[ 42, 25, 0,[ 13, 16, 1]],

[ 17, 45, 0,[ 90, 98, 59, 96]],

[ 29, 85, 0,[ 66, 76, 7]],

[ 64, 15, 0,[ 73, 93, 27]],

[ 5, 95, 1,[ 2, 1, 59, 24]],

[ 59, 95, 0,[ 46, 5, 17]],

[ 4, 45, 0,[ 67, 46, 86, 30]],

[ 39, 45, 0,[ 88, 89, 60]],

