[ 34, 15, 0,[ 90, 78, 72]],

[ 37, 15, 0,[]],

[ 77, 35, 0,[]],

[ 84, 85, 0,[ 73, 64, 14]],

[ 28, 15, 0,[ 74, 85]],

[ 12, 15, 0,[ 48, 78]],

[ 11, 35, 1,[ 10, 32, 30, 14, 95, 40, 1]],

[ 29, 15, 0,[ 95, 42, 90]],

[ 63, 85, 0,[ 56, 33, 36]],

[ 83, 15, 0,[ 7, 15, 36]],

[ 61, 35, 0,[ 45, 91]],

[ 21, 85, 0,[ 73, 26]],

[ 40, 35, 0,[ 95, 11, 49]],

[ 97, 85, 0,[ 85]],

[ 76, 35, 0,[ 23]],

[ 4, 45, 0,[ 87]],

[ 38, 15, 1,[ 35, 59, 10]],

[ 46, 85, 0,[ 19, 72]],

[ 68, 15, 0,[]],

[ 96, 15, 0,[ 52]],

[ 33, 85, 0,[ 66, 5, 63]],

[ 56, 85, 0,[ 67, 5, 63]],

[ 69, 15, 0,[ 53, 27, 72]],

[ 53, 15, 0,[ 69, 81]],

[ 50, 85, 0,[ 1, 10, 82]],

[ 13, 85, 1,[ 25, 44, 85, 79, 57, 9]],

[ 39, 45, 0,[ 98, 93, 59]],

[ 44, 85, 0,[ 5, 13, 1]],

[ 16, 85, 0,[ 48, 66, 47]],

[ 65, 15, 0,[]],

[ 27, 15, 0,[ 69]],

[ 90, 15, 0,[ 34, 29]],

[ 20, 15, 0,[]],

[ 45, 35, 0,[ 61, 73, 66]],

[ 85, 85, 0,[ 97, 13, 28]],

[ 75, 35, 0,[]],

[ 51, 85, 0,[]],

[ 1, 85, 1,[ 50, 11, 44, 98, 82, 67]],

[ 6, 35, 1,[ 98, 62, 82, 2]],

[ 43, 15, 0,[]],

[ 5, 45, 1,[ 33, 56, 52, 88, 44]],

[ 19, 85, 0,[ 46, 64, 86]],

[ 93, 45, 0,[ 39]],

[ 95, 15, 0,[ 11, 40, 2, 29]],

[ 30, 35, 0,[ 59, 2, 11]],

[ 52, 15, 0,[ 96, 54, 5]],

[ 48, 15, 0,[ 12, 16]],

[ 91, 45, 0,[ 18, 47, 61]],

[ 0, 95, 1,[ 2, 26]],

[ 71, 85, 0,[]],

[ 58, 85, 0,[ 3, 36]],

[ 17, 85, 0,[ 88]],

[ 7, 15, 0,[ 83, 86, 62]],

[ 26, 85, 0,[ 24, 0, 21]],

[ 42, 85, 0,[ 86, 18, 29]],

[ 60, 85, 0,[ 70]],

[ 14, 85, 0,[ 10, 11, 84]],

[ 41, 15, 0,[]],

[ 79, 85, 0,[ 13, 62]],

[ 23, 35, 0,[ 76]],

[ 8, 35, 0,[]],

[ 25, 85, 0,[ 13, 54]],

[ 54, 15, 0,[ 52, 25]],

[ 10, 85, 1,[ 14, 38, 11, 50, 22]],

[ 22, 85, 0,[ 10]],

[ 74, 15, 0,[ 64, 49, 28]],

[ 88, 85, 0,[ 17, 36, 5]],

[ 31, 15, 0,[]],

[ 82, 85, 0,[ 87, 6, 50, 1]],

[ 35, 45, 0,[ 38, 18, 32]],

[ 92, 35, 0,[]],

[ 98, 35, 0,[ 6, 1, 39]],

[ 59, 45, 0,[ 39, 38, 30, 9]],

[ 57, 85, 0,[ 62, 3, 13]],

[ 64, 85, 0,[ 84, 74, 89, 19]],

[ 73, 35, 0,[ 21, 94, 84, 45]],

[ 70, 35, 0,[ 60]],

[ 87, 45, 0,[ 18, 4, 82]],

[ 24, 85, 0,[ 26]],

[ 2, 15, 1,[ 6, 0, 81, 3, 95, 30]],

[ 47, 85, 0,[ 91, 16, 72]],

[ 62, 35, 0,[ 57, 7, 79, 6]],

[ 32, 35, 0,[ 11, 18, 35]],

[ 78, 15, 0,[ 34, 12]],

[ 89, 85, 0,[ 64]],

[ 55, 35, 0,[]],

[ 80, 85, 0,[]],

[ 67, 85, 0,[ 56, 1]],

[ 18, 45, 0,[ 87, 91, 42, 32, 35]],

[ 36, 85, 0,[ 58, 63, 88, 83]],

[ 66, 85, 0,[ 16, 45, 33]],

[ 9, 45, 0,[ 13, 59]],

[ 3, 35, 1,[ 58, 2, 57]],

[ 99, 85, 0,[]],

[ 49, 15, 0,[ 74, 40]],

[ 86, 85, 0,[ 42, 19, 7]],

[ 72, 85, 0,[ 47, 69, 46, 34]],

[ 15, 15, 0,[ 83]],

[ 81, 15, 0,[ 2, 53]],

[ 94, 35, 0,[ 73]],

