[ 91, 15, 1,[ 7, 19, 16, 36, 54]],

[ 36, 15, 0,[ 91, 87, 0]],

[ 7, 15, 0,[ 91, 2, 64]],

[ 45, 15, 0,[ 65, 94]],

[ 64, 15, 1,[ 81, 7, 49, 50, 37]],

[ 62, 15, 0,[ 63, 56, 8]],

[ 35, 15, 0,[ 78, 74]],

[ 66, 15, 1,[ 15, 71, 0]],

[ 88, 15, 0,[ 67, 6, 4, 41]],

[ 90, 15, 1,[ 71, 58, 1, 85]],

[ 0, 15, 0,[ 71, 36, 8, 66, 76, 5]],

[ 95, 15, 0,[ 18, 14, 1]],

[ 12, 15, 0,[ 15, 4, 9]],

[ 68, 15, 1,[ 3, 67, 44]],

[ 87, 15, 1,[ 52, 83, 36, 32, 29, 17]],

[ 46, 15, 0,[ 81, 70, 76, 55]],

[ 2, 15, 0,[ 56, 51, 7, 61, 92, 60, 75, 19, 8]],

[ 15, 75, 1,[ 9, 78, 12, 66]],

[ 25, 15, 0,[ 4, 89, 86]],

[ 84, 15, 1,[ 47, 73, 48]],

[ 6, 15, 0,[ 73, 51, 88]],

[ 4, 15, 0,[ 25, 12, 8, 88, 20]],

[ 59, 15, 1,[ 28, 19, 34, 48, 74, 38, 18, 83, 1]],

[ 53, 15, 0,[ 20, 47, 38, 96]],

[ 83, 15, 1,[ 41, 11, 59, 87, 33]],

[ 52, 15, 0,[ 87, 39, 22]],

[ 77, 55, 1,[ 85, 27, 24, 16]],

[ 1, 15, 0,[ 92, 85, 21, 90, 95, 97, 59, 10]],

[ 44, 15, 1,[ 28, 75, 78, 68, 26]],

[ 30, 15, 0,[ 81, 47]],

[ 82, 25, 1,[ 65, 61, 39, 94]],

[ 38, 15, 0,[ 86, 40, 53, 59]],

[ 5, 15, 0,[ 0, 40]],

[ 80, 15, 1,[ 40, 28, 43]],

[ 74, 75, 1,[ 89, 54, 59, 35]],

[ 42, 75, 1,[ 10, 19, 32, 33, 78, 61, 79]],

[ 29, 15, 0,[ 65, 87, 39]],

[ 58, 15, 0,[ 90, 31, 11]],

[ 10, 15, 0,[ 1, 42, 98]],

[ 67, 15, 1,[ 97, 88, 27, 68]],

[ 96, 15, 1,[ 23, 60, 99, 53]],

[ 19, 75, 1,[ 42, 2, 93, 59, 91]],

[ 9, 15, 0,[ 12, 15, 16]],

[ 47, 85, 1,[ 53, 84, 73, 30]],

[ 32, 15, 0,[ 57, 87, 42]],

[ 23, 75, 1,[ 54, 3, 96]],

[ 51, 15, 1,[ 34, 76, 6, 2]],

[ 63, 95, 1,[ 94, 62, 50, 8]],

[ 93, 25, 1,[ 19, 40, 92]],

[ 97, 65, 1,[ 79, 67, 1]],

[ 54, 15, 0,[ 23, 91, 74]],

[ 81, 15, 1,[ 30, 24, 22, 64, 26, 46, 73, 49]],

[ 34, 15, 0,[ 59, 37, 51, 72]],

[ 65, 15, 1,[ 20, 45, 17, 82, 29]],

[ 40, 15, 1,[ 93, 38, 5, 80]],

[ 37, 15, 0,[ 64, 34, 41]],

[ 41, 55, 1,[ 83, 88, 37]],

[ 13, 15, 0,[ 33, 39]],

[ 24, 65, 1,[ 50, 11, 77, 81]],

[ 78, 15, 1,[ 35, 15, 42, 44]],

[ 21, 15, 0,[ 14, 31, 1, 69]],

[ 72, 15, 0,[ 98, 34, 28]],

[ 16, 15, 0,[ 77, 91, 9]],

[ 73, 25, 1,[ 84, 81, 6, 47]],

[ 98, 55, 1,[ 72, 17, 57, 99, 14, 10]],

[ 55, 15, 1,[ 43, 26, 46]],

[ 86, 15, 1,[ 25, 27, 56, 38]],

[ 48, 15, 0,[ 84, 59, 14]],

[ 85, 15, 0,[ 77, 90, 1]],

[ 22, 15, 0,[ 70, 49, 52, 81]],

[ 3, 15, 0,[ 23, 68, 99]],

[ 11, 15, 0,[ 83, 58, 69, 24]],

[ 89, 45, 1,[ 74, 39, 25]],

[ 8, 15, 1,[ 62, 2, 4, 63, 0]],

[ 27, 15, 0,[ 86, 67, 77]],

[ 99, 15, 0,[ 3, 96, 98]],

[ 18, 15, 0,[ 75, 59, 95]],

[ 14, 15, 0,[ 95, 98, 48, 21]],

[ 61, 85, 1,[ 2, 82, 42]],

[ 31, 15, 0,[ 33, 21, 58, 70]],

[ 39, 95, 1,[ 29, 82, 13, 52, 89]],

[ 33, 15, 0,[ 42, 31, 13, 83]],

[ 94, 15, 1,[ 82, 71, 63, 45]],

[ 49, 15, 1,[ 64, 81, 22]],

[ 50, 15, 0,[ 63, 64, 24]],

[ 56, 35, 1,[ 62, 2, 86]],

[ 71, 15, 1,[ 0, 66, 94, 79, 90]],

[ 60, 5, 1,[ 43, 96, 2]],

[ 26, 15, 1,[ 81, 55, 44]],

[ 79, 15, 0,[ 42, 71, 97]],

[ 92, 15, 1,[ 1, 2, 93]],

[ 69, 15, 1,[ 11, 21, 43]],

[ 17, 15, 0,[ 65, 87, 98]],

[ 43, 15, 0,[ 60, 80, 55, 69]],

[ 75, 15, 1,[ 18, 2, 44]],

[ 28, 15, 0,[ 59, 44, 80, 72]],

[ 76, 5, 1,[ 0, 46, 51]],

[ 57, 15, 0,[ 32, 98]],

[ 70, 15, 1,[ 46, 22, 31]],

[ 20, 15, 0,[ 53, 4, 65]],

[ 40, 35, 1,[ 57, 32, 10]],

[ 37, 35, 0,[ 67, 65, 49]],

[ 48, 35, 0,[ 55, 70, 94]],

[ 2, 35, 0,[ 39, 74, 50]],

[ 91, 35, 0,[ 78, 84, 97]],

[ 85, 45, 1,[ 7, 1, 12, 42, 44, 53]],

[ 84, 35, 1,[ 22, 16, 17, 7, 91]],

[ 33, 35, 1,[ 75, 23, 97, 11]],

[ 14, 95, 0,[ 47, 39, 67]],

[ 68, 35, 1,[ 63, 61]],

[ 72, 35, 0,[ 82, 47, 96]],

[ 35, 15, 0,[ 86, 73, 39]],

[ 96, 35, 1,[ 99, 72, 60, 5, 59]],

[ 76, 35, 1,[ 53, 18, 1, 95]],

[ 31, 45, 1,[ 22, 0, 55, 5]],

[ 17, 35, 0,[ 39, 69, 84]],

[ 41, 25, 1,[ 16, 54, 53, 27, 47]],

[ 39, 35, 1,[ 46, 2, 14, 6, 35, 17]],

[ 12, 35, 0,[ 85]],

[ 13, 35, 0,[ 67, 97, 71]],

[ 83, 85, 1,[ 63, 78, 77, 38, 94]],

[ 4, 35, 0,[ 21, 34, 74]],

[ 11, 35, 0,[ 65, 33, 58]],

[ 19, 65, 1,[ 73, 34, 66]],

[ 90, 35, 1,[ 29, 59, 20, 87]],

[ 94, 35, 0,[ 48, 83]],

[ 92, 35, 1,[ 44, 88, 18, 8, 20, 61, 36]],

[ 58, 35, 1,[ 64, 54, 11]],

[ 78, 35, 1,[ 81, 26, 28, 91, 83]],

[ 53, 35, 0,[ 76, 85, 41]],

[ 6, 35, 0,[ 70, 80, 39]],

[ 36, 35, 0,[ 9, 55, 66, 92]],

[ 81, 95, 1,[ 78, 51, 88]],

[ 73, 35, 1,[ 19, 22, 52, 35, 50, 80, 29, 38]],

[ 20, 35, 0,[ 92, 23, 90, 64]],

[ 57, 35, 0,[ 40]],

[ 44, 35, 0,[ 69, 92, 85]],

[ 43, 35, 0,[ 70, 63, 8]],

[ 98, 75, 1,[ 82, 99, 16, 30, 25]],

[ 87, 35, 1,[ 90, 60, 23]],

[ 24, 35, 0,[ 45, 62]],

[ 9, 35, 0,[ 36, 74]],

[ 45, 35, 1,[ 24, 29, 26]],

[ 67, 45, 1,[ 37, 75, 56, 14, 64, 13]],

[ 71, 15, 1,[ 34, 13, 15]],

[ 55, 35, 1,[ 3, 31, 48, 36, 93]],

[ 50, 35, 0,[ 95, 73, 2]],

[ 60, 55, 1,[ 96, 38, 30, 87, 3]],

[ 23, 35, 0,[ 33, 20, 87]],

[ 93, 35, 1,[ 55, 28, 26]],

[ 38, 35, 0,[ 83, 73, 60]],

[ 1, 25, 0,[ 77, 85, 76]],

[ 75, 35, 1,[ 28, 67, 65, 33]],

[ 54, 35, 0,[ 58, 41, 79]],

[ 8, 45, 1,[ 56, 92, 43]],

[ 18, 65, 0,[ 76, 70, 92]],

[ 77, 25, 1,[ 1, 83, 62]],

[ 15, 35, 0,[ 71, 64]],

[ 34, 35, 0,[ 4, 71, 19]],

[ 49, 35, 1,[ 65, 63, 37]],

[ 16, 35, 0,[ 41, 98, 84]],

[ 47, 5, 1,[ 14, 72, 41]],

[ 27, 35, 0,[ 64, 80, 41]],

[ 5, 35, 0,[ 42, 96, 31]],

[ 99, 35, 1,[ 86, 98, 82, 96]],

[ 46, 35, 0,[ 39, 89]],

[ 51, 35, 0,[ 81, 97, 95]],

[ 25, 35, 0,[ 98, 86, 59]],

[ 69, 15, 1,[ 44, 17, 62]],

[ 63, 55, 1,[ 49, 83, 43, 68, 62]],

[ 42, 65, 1,[ 5, 97, 85]],

[ 56, 35, 0,[ 67, 65, 8]],

[ 89, 35, 1,[ 46, 7, 88]],

[ 66, 45, 1,[ 19, 10, 36, 82]],

[ 86, 95, 1,[ 99, 35, 7, 25]],

[ 95, 35, 1,[ 76, 51, 50]],

[ 22, 35, 0,[ 31, 84, 73]],

[ 29, 35, 0,[ 73, 45, 90]],

[ 59, 75, 1,[ 90, 25, 74, 96]],

[ 7, 35, 0,[ 86, 89, 84, 85]],

[ 28, 35, 0,[ 78, 93, 75]],

[ 10, 35, 0,[ 40, 66, 79]],

[ 74, 35, 1,[ 9, 2, 4, 59]],

[ 82, 35, 1,[ 99, 66, 72, 98]],

[ 62, 35, 1,[ 69, 24, 63, 32, 77]],

[ 21, 35, 0,[ 4]],

[ 88, 35, 0,[ 92, 89, 81]],

[ 26, 35, 0,[ 93, 61, 45, 78]],

[ 97, 75, 1,[ 33, 91, 52, 42, 51, 13]],

[ 70, 25, 1,[ 6, 43, 48, 18]],

[ 64, 65, 1,[ 27, 15, 20, 58, 67]],

[ 0, 35, 0,[ 31]],

[ 80, 95, 1,[ 6, 73, 27]],

[ 32, 35, 0,[ 40, 62]],

[ 79, 55, 1,[ 54, 30, 10]],

[ 65, 85, 1,[ 49, 11, 75, 37, 56]],

[ 30, 35, 0,[ 79, 98, 60]],

[ 3, 35, 0,[ 60, 55]],

[ 61, 35, 1,[ 92, 68, 26]],

[ 52, 35, 0,[ 73, 97]],

