[ 74, 35, 0,[ 2, 10, 11]],

[ 69, 35, 0,[ 6, 10, 2]],

[ 52, 35, 0,[ 11, 10, 38]],

[ 38, 95, 1,[ 49, 25, 99, 95, 60, 52, 79, 22, 55, 59, 34, 18, 64, 81, 88, 26, 80, 37, 85, 94, 45, 68, 17, 43, 77, 28, 92, 47, 27, 63, 30, 54, 57, 23, 1, 86, 15, 39, 97, 93, 13, 83]],

[ 61, 35, 0,[ 16, 0, 2]],

[ 1, 35, 1,[ 38, 3, 10]],

[ 37, 35, 0,[ 6, 11, 38]],

[ 72, 35, 0,[ 31, 2]],

[ 84, 35, 0,[ 11, 2, 16]],

[ 94, 35, 0,[ 2, 38, 16]],

[ 70, 35, 0,[ 2, 11, 0]],

[ 91, 35, 0,[ 2, 11, 16]],

[ 83, 35, 0,[ 16, 0, 38]],

[ 39, 35, 0,[ 6, 38, 10]],

[ 71, 35, 0,[ 2, 10]],

[ 68, 35, 0,[ 38, 2, 11]],

[ 41, 35, 0,[ 16, 0, 11]],

[ 4, 35, 0,[ 10, 2, 85]],

[ 32, 35, 0,[ 2, 11, 16]],

[ 9, 35, 0,[ 2, 16, 0]],

[ 86, 35, 0,[ 38, 10, 11]],

[ 14, 35, 0,[ 10, 2]],

[ 99, 35, 0,[ 38, 2]],

[ 35, 35, 0,[ 11, 10, 0]],

[ 43, 35, 0,[ 10, 38, 11]],

[ 85, 15, 0,[ 4, 11, 38]],

[ 50, 35, 0,[ 11, 16, 10]],

[ 49, 15, 0,[ 92, 38, 11]],

[ 92, 35, 0,[ 38, 11, 49]],

[ 56, 35, 0,[ 6, 2]],

[ 58, 35, 0,[ 10, 11, 2]],

[ 59, 35, 0,[ 16, 8, 11, 38]],

[ 66, 35, 0,[ 11, 10]],

[ 62, 35, 0,[ 2, 11, 10]],

[ 22, 35, 0,[ 11, 2, 38]],

[ 82, 35, 0,[ 16, 10]],

[ 30, 35, 0,[ 38, 11, 10]],

[ 12, 35, 0,[ 2]],

[ 53, 35, 0,[ 6, 10, 16]],

[ 33, 15, 0,[ 3, 2, 16]],

[ 34, 35, 0,[ 11, 38, 10]],

[ 47, 35, 0,[ 11, 38, 2]],

[ 27, 35, 0,[ 2, 38, 10]],

[ 55, 35, 0,[ 2, 38, 16]],

[ 54, 35, 0,[ 11, 38, 2]],

[ 40, 35, 0,[ 10, 2, 11]],

[ 15, 35, 0,[ 11, 38, 2]],

[ 64, 35, 0,[ 0, 38]],

[ 75, 35, 0,[ 16, 2, 0]],

[ 46, 35, 0,[ 10, 6, 2]],

[ 60, 35, 0,[ 38, 2, 16]],

[ 79, 35, 0,[ 38, 11, 0]],

[ 24, 35, 0,[ 10, 44, 11]],

[ 98, 35, 0,[ 11, 0]],

[ 7, 15, 0,[ 11]],

[ 96, 35, 0,[ 11, 2]],

[ 26, 35, 0,[ 2, 6, 38]],

[ 16, 25, 1,[ 81, 63, 57, 41, 75, 28, 60, 32, 91, 83, 9, 65, 84, 55, 10, 50, 76, 89, 59, 97, 88, 17, 94, 25, 33, 23, 82, 53, 5, 44, 61, 19, 78]],

[ 13, 35, 0,[ 38, 6, 10]],

[ 48, 35, 0,[ 11, 10]],

[ 0, 15, 1,[ 41, 64, 83, 2, 5, 73, 6, 87, 75, 70, 9, 8, 79, 98, 35, 61]],

[ 73, 35, 0,[ 2, 11, 0]],

[ 2, 5, 1,[ 3, 78, 40, 84, 91, 29, 72, 94, 26, 75, 69, 74, 51, 56, 96, 28, 65, 90, 33, 89, 60, 12, 55, 44, 11, 27, 20, 62, 88, 71, 0, 32, 47, 63, 54, 73, 9, 45, 15, 21, 22, 68, 58, 70, 67, 14, 61, 4, 99, 46]],

[ 17, 35, 0,[ 16, 38, 57, 11]],

[ 18, 35, 0,[ 38, 11]],

[ 31, 15, 0,[ 11, 72, 10]],

[ 42, 35, 0,[ 11, 6, 10]],

[ 76, 35, 0,[ 16, 10, 11]],

[ 6, 15, 1,[ 80, 93, 36, 69, 21, 26, 37, 0, 13, 56, 39, 53, 46, 42, 5]],

[ 28, 35, 0,[ 2, 38, 16]],

[ 65, 35, 0,[ 2, 16, 11]],

[ 90, 35, 0,[ 2, 10]],

[ 89, 35, 0,[ 2, 11, 16]],

[ 78, 35, 0,[ 16, 2]],

[ 97, 35, 0,[ 38, 16, 10]],

[ 3, 35, 1,[ 1, 33, 2, 10]],

[ 5, 35, 1,[ 6, 0, 16]],

[ 93, 35, 0,[ 38, 21, 6, 11]],

[ 57, 35, 0,[ 16, 38, 17]],

[ 10, 55, 1,[ 48, 62, 16, 30, 74, 20, 90, 25, 87, 36, 95, 42, 31, 80, 3, 52, 40, 76, 27, 46, 97, 66, 82, 13, 1, 51, 58, 35, 69, 71, 4, 67, 39, 14, 8, 86, 19, 43, 53, 50, 77, 34, 24]],

[ 8, 35, 0,[ 10, 59, 0]],

[ 80, 35, 0,[ 10, 6, 38]],

[ 63, 35, 0,[ 16, 38, 2]],

[ 77, 35, 0,[ 38, 11, 10]],

[ 29, 35, 0,[ 11, 2]],

[ 67, 35, 0,[ 11, 10, 2]],

[ 45, 35, 0,[ 11, 38, 2]],

[ 21, 35, 0,[ 2, 93, 6]],

[ 88, 35, 0,[ 38, 2, 16]],

[ 23, 35, 0,[ 16, 38, 11]],

[ 20, 35, 0,[ 10, 11, 2]],

[ 95, 35, 0,[ 10, 38, 11]],

[ 19, 35, 0,[ 16, 11, 10]],

[ 51, 35, 0,[ 10, 2, 11]],

[ 44, 35, 0,[ 2, 24, 16]],

[ 87, 35, 0,[ 10, 0]],

[ 11, 45, 1,[ 18, 93, 2, 23, 58, 15, 50, 70, 24, 51, 54, 17, 36, 40, 62, 89, 52, 43, 91, 29, 76, 31, 22, 45, 86, 30, 98, 92, 7, 67, 68, 48, 96, 37, 84, 73, 32, 34, 20, 79, 85, 66, 47, 74, 35, 95, 41, 49, 19, 59, 65, 42, 77]],

[ 25, 35, 0,[ 38, 10, 16]],

[ 36, 35, 0,[ 11, 10, 6]],

[ 81, 35, 0,[ 38, 16]],

