[ 86, 65, 1,[ 17, 11, 75, 47, 36]],

[ 62, 65, 1,[ 78, 25, 71, 33]],

[ 4, 55, 0,[ 27, 64]],

[ 92, 35, 1,[ 67, 0, 5, 70]],

[ 59, 85, 1,[ 50, 84, 31]],

[ 28, 75, 0,[ 26, 38, 31, 63]],

[ 48, 25, 0,[ 76, 90]],

[ 74, 95, 1,[ 45, 78, 58, 84]],

[ 97, 5, 1,[ 24, 18, 61, 3, 98]],

[ 6, 25, 0,[ 27, 23, 76]],

[ 54, 65, 0,[ 37, 5, 21]],

[ 63, 25, 0,[ 21, 28, 39]],

[ 57, 25, 0,[ 16, 12]],

[ 82, 55, 1,[ 71, 55, 40]],

[ 98, 55, 1,[ 8, 70, 97]],

[ 94, 25, 0,[ 49, 41, 12]],

[ 66, 95, 1,[ 95, 24, 3, 58]],

[ 80, 15, 1,[ 69, 33, 77]],

[ 2, 45, 0,[ 53, 61, 79]],

[ 47, 85, 1,[ 38, 67, 19, 86]],

[ 44, 55, 0,[ 26, 17, 9]],

[ 71, 95, 1,[ 87, 82, 62]],

[ 69, 45, 1,[ 91, 20, 80]],

[ 17, 65, 0,[ 44, 14, 27, 95, 86]],

[ 78, 55, 1,[ 96, 74, 62]],

[ 25, 65, 0,[ 91, 30, 62]],

[ 52, 35, 0,[ 60, 34, 0]],

[ 58, 15, 1,[ 15, 22, 42, 79, 90, 74, 66, 64]],

[ 18, 5, 0,[ 77, 97, 70]],

[ 70, 35, 1,[ 18, 29, 41, 98, 92]],

[ 11, 65, 0,[ 33, 86, 89]],

[ 29, 15, 0,[ 72, 77, 70]],

[ 75, 5, 1,[ 89, 46, 86]],

[ 79, 55, 1,[ 58, 85, 99, 2]],

[ 33, 35, 1,[ 3, 80, 87, 11, 30, 62]],

[ 23, 85, 0,[ 6, 19, 91]],

[ 64, 85, 1,[ 37, 58, 4, 42]],

[ 56, 35, 1,[ 43, 45, 72]],

[ 3, 35, 0,[ 33, 97, 66]],

[ 19, 85, 1,[ 32, 47, 23, 85]],

[ 13, 35, 0,[ 34, 88]],

[ 76, 25, 0,[ 48, 6, 12, 20, 89]],

[ 88, 65, 0,[ 1, 13]],

[ 10, 65, 0,[ 85, 68]],

[ 34, 35, 0,[ 13, 52, 31]],

[ 7, 15, 0,[ 50]],

[ 49, 65, 0,[ 94, 81]],

[ 46, 65, 0,[ 61, 21, 75]],

[ 50, 15, 1,[ 59, 39, 7, 65]],

[ 8, 35, 1,[ 68, 22, 98, 40]],

[ 37, 65, 0,[ 91, 54, 64]],

[ 73, 85, 1,[ 67, 85]],

[ 84, 25, 1,[ 59, 74]],

[ 68, 15, 1,[ 8, 10, 41]],

[ 35, 55, 0,[ 30, 43, 93]],

[ 45, 15, 1,[ 56, 91, 9, 74]],

[ 85, 65, 1,[ 53, 10, 79, 19, 73, 22]],

[ 96, 45, 1,[ 40, 78, 24, 60]],

[ 93, 25, 1,[ 31, 35, 67, 81]],

[ 24, 15, 1,[ 97, 66, 96, 31]],

[ 87, 75, 1,[ 71, 33, 16]],

[ 12, 25, 0,[ 76, 94, 57]],

[ 5, 65, 0,[ 54, 92, 99]],

[ 43, 55, 0,[ 20, 56, 35]],

[ 1, 65, 0,[ 42, 51, 88]],

[ 27, 55, 0,[ 17, 4, 6]],

[ 31, 75, 1,[ 93, 59, 28, 24, 95, 34]],

[ 22, 65, 0,[ 85, 8, 58]],

[ 9, 15, 0,[ 26, 45, 61, 44]],

[ 38, 95, 0,[ 55, 47, 28, 60]],

[ 72, 65, 0,[ 56, 29, 36]],

[ 91, 65, 1,[ 37, 25, 45, 23, 69]],

[ 99, 5, 1,[ 79, 5, 39]],

[ 67, 15, 1,[ 92, 93, 47, 51, 73]],

[ 32, 85, 0,[ 15, 19, 61]],

[ 41, 35, 0,[ 70, 68, 94]],

[ 95, 5, 1,[ 31, 66, 17]],

[ 53, 55, 0,[ 51, 85, 2]],

[ 60, 95, 1,[ 52, 38, 96]],

[ 14, 35, 0,[ 30, 17]],

[ 77, 15, 0,[ 18, 80, 29]],

[ 39, 25, 1,[ 65, 63, 99, 50]],

[ 65, 5, 1,[ 50, 39, 36]],

[ 89, 25, 1,[ 55, 76, 75, 11]],

[ 83, 65, 0,[]],

[ 42, 25, 1,[ 1, 64, 81, 58]],

[ 15, 55, 1,[ 32, 58]],

[ 81, 65, 1,[ 49, 93, 42]],

[ 40, 35, 1,[ 82, 96, 8]],

[ 30, 35, 0,[ 35, 25, 33, 14]],

[ 26, 55, 0,[ 44, 28, 9]],

[ 61, 45, 1,[ 9, 97, 46, 32, 2]],

[ 36, 65, 0,[ 86, 65, 72]],

[ 90, 35, 1,[ 58, 51, 48]],

[ 0, 35, 0,[ 92, 52]],

[ 16, 75, 0,[ 87, 57]],

[ 20, 55, 0,[ 69, 43, 76]],

[ 51, 55, 1,[ 1, 90, 67, 53]],

[ 55, 55, 1,[ 89, 82, 38]],

[ 21, 65, 0,[ 46, 54, 63]],

