[ 36, 45, 0,[ 69, 67, 66]],

[ 59, 45, 0,[ 42, 11, 88, 45, 13, 38, 97]],

[ 60, 45, 0,[ 5, 84, 66, 50, 0]],

[ 33, 95, 0,[ 70, 81, 3]],

[ 9, 95, 0,[ 27, 6, 88]],

[ 82, 95, 0,[ 98, 57, 5]],

[ 56, 95, 0,[ 98, 53, 1]],

[ 21, 45, 0,[ 77, 86, 85, 26]],

[ 23, 95, 0,[ 12, 54, 88]],

[ 73, 45, 0,[ 43, 8, 0]],

[ 44, 45, 0,[ 71, 35, 95, 96]],

[ 99, 35, 0,[ 6, 1, 93]],

[ 86, 45, 0,[ 0, 21, 5]],

[ 55, 95, 0,[ 3, 1, 34]],

[ 50, 95, 0,[ 30, 60, 80, 24]],

[ 49, 15, 0,[ 54, 48, 0]],

[ 17, 5, 0,[ 46, 29, 5, 11, 76]],

[ 64, 95, 0,[ 48, 94, 1]],

[ 6, 25, 1,[ 42, 80, 22, 99, 24, 81, 18, 0, 9, 78, 1]],

[ 98, 95, 0,[ 82, 58, 74, 56]],

[ 75, 85, 0,[ 8, 90, 0]],

[ 29, 35, 0,[ 65, 93, 17, 37]],

[ 27, 95, 0,[ 9, 18, 69]],

[ 28, 45, 0,[ 24, 3, 67]],

[ 39, 15, 0,[ 1, 48, 11]],

[ 69, 95, 0,[ 40, 36, 27]],

[ 26, 45, 0,[ 10, 38, 21]],

[ 77, 5, 0,[ 51, 91, 21, 0]],

[ 68, 5, 0,[ 91, 2, 11]],

[ 48, 15, 0,[ 64, 49, 4, 39, 1]],

[ 66, 45, 0,[ 11, 36, 60]],

[ 41, 5, 0,[ 54, 2, 19]],

[ 61, 45, 0,[ 11, 25, 62]],

[ 94, 95, 0,[ 34, 64, 11, 32]],

[ 74, 95, 0,[ 98, 5, 46]],

[ 79, 95, 0,[ 38, 85, 0]],

[ 8, 45, 0,[ 5, 73, 75]],

[ 89, 95, 0,[ 22, 2, 1]],

[ 71, 15, 0,[ 44, 1, 0, 43]],

[ 57, 95, 0,[ 3, 0, 82]],

[ 31, 95, 0,[ 5, 88, 30]],

[ 97, 45, 0,[ 7, 95, 59, 25, 54]],

[ 51, 5, 0,[ 77, 65, 52, 91]],

[ 81, 85, 0,[ 6, 38, 33]],

[ 12, 45, 0,[ 25, 2, 3, 80, 23]],

[ 47, 35, 0,[ 38, 0, 3]],

[ 54, 65, 1,[ 41, 49, 23, 97, 46, 67, 85]],

[ 78, 45, 0,[ 96, 10, 11, 6, 37]],

[ 25, 45, 0,[ 12, 97, 61, 67]],

[ 22, 95, 0,[ 89, 6, 13]],

[ 16, 45, 0,[ 1, 5, 7]],

[ 20, 95, 0,[ 32, 1, 37]],

[ 45, 45, 0,[ 59, 7, 3, 63]],

[ 83, 5, 0,[ 52, 5, 4]],

[ 18, 95, 0,[ 27, 6, 2]],

[ 91, 5, 0,[ 68, 51, 77]],

[ 92, 35, 0,[ 3, 0, 10]],

[ 63, 85, 0,[ 38, 45, 3]],

[ 70, 95, 0,[ 15, 40, 33, 38]],

[ 93, 35, 0,[ 99, 2, 29]],

[ 1, 55, 1,[ 76, 39, 16, 56, 71, 48, 99, 42, 64, 5, 55, 84, 46, 35, 6, 3, 52, 20, 89, 87]],

[ 34, 95, 0,[ 32, 55, 14, 94]],

[ 62, 45, 0,[ 58, 5, 11, 61]],

[ 15, 95, 0,[ 10, 38, 70]],

[ 5, 95, 1,[ 60, 87, 7, 74, 8, 16, 84, 83, 62, 1, 17, 82, 86, 4, 31]],

[ 2, 5, 1,[ 68, 11, 72, 43, 18, 0, 93, 3, 41, 76, 89, 12]],

[ 13, 45, 0,[ 84, 59, 22]],

[ 0, 65, 1,[ 60, 57, 6, 71, 75, 73, 92, 2, 77, 49, 47, 79, 86]],

[ 80, 95, 0,[ 12, 85, 50, 14, 6]],

[ 11, 85, 1,[ 2, 14, 62, 68, 94, 39, 78, 59, 66, 40, 17, 61]],

[ 42, 85, 0,[ 6, 59, 1]],

[ 84, 45, 0,[ 60, 13, 5, 1]],

[ 37, 35, 0,[ 20, 29, 78]],

[ 46, 95, 0,[ 1, 54, 74, 17]],

[ 52, 5, 0,[ 95, 1, 83, 51]],

[ 10, 25, 1,[ 53, 26, 65, 15, 19, 78, 92]],

[ 4, 5, 0,[ 83, 48, 5]],

[ 87, 45, 0,[ 1, 5, 67]],

[ 30, 95, 0,[ 31, 72, 50]],

[ 90, 85, 0,[ 38, 75]],

[ 96, 45, 0,[ 38, 44, 78]],

[ 32, 95, 0,[ 94, 34, 20]],

[ 43, 45, 0,[ 2, 73, 71]],

[ 58, 95, 0,[ 62, 98, 85]],

[ 40, 95, 0,[ 70, 11, 69]],

[ 53, 95, 0,[ 38, 10, 72, 56]],

[ 14, 95, 0,[ 11, 34, 80]],

[ 19, 5, 0,[ 10, 41, 24]],

[ 88, 95, 0,[ 59, 31, 23, 9]],

[ 35, 35, 0,[ 44, 38, 1]],

[ 3, 35, 1,[ 45, 28, 63, 33, 55, 1, 47, 2, 12, 92, 57]],

[ 38, 35, 1,[ 70, 90, 15, 59, 63, 26, 35, 53, 96, 47, 81, 79]],

[ 67, 45, 0,[ 36, 28, 87, 54, 25]],

[ 65, 5, 0,[ 10, 51, 29]],

[ 72, 95, 0,[ 2, 53, 30]],

[ 7, 45, 0,[ 45, 97, 5, 16]],

[ 24, 5, 0,[ 6, 19, 28, 50]],

[ 76, 35, 0,[ 1, 2, 17]],

[ 85, 95, 0,[ 58, 54, 21, 80, 79]],

[ 95, 45, 0,[ 97, 52, 44]],

[ 57, 5, 0,[ 6, 8, 5]],

[ 52, 35, 0,[ 35, 93, 19]],

[ 64, 35, 0,[ 31, 35, 80]],

[ 4, 75, 0,[ 36, 18, 10, 1]],

[ 71, 35, 0,[ 85, 38, 93]],

[ 5, 35, 1,[ 24, 57, 22, 97, 68, 54, 25, 93]],

[ 17, 35, 0,[ 68, 78, 70]],

[ 56, 85, 0,[ 55, 16, 59]],

[ 74, 35, 0,[ 83, 98, 69]],

[ 9, 35, 0,[ 14, 0, 39]],

[ 7, 75, 0,[ 0, 2, 37]],

[ 92, 35, 0,[ 0, 20, 3]],

[ 96, 35, 0,[ 86, 90, 10]],

[ 21, 15, 0,[ 11, 75, 3]],

[ 70, 35, 0,[ 38, 2, 17, 63, 55]],

[ 48, 15, 0,[ 13, 6, 38]],

[ 27, 15, 0,[ 38, 1, 77]],

[ 40, 35, 0,[ 1, 16, 95]],

[ 1, 35, 1,[ 31, 47, 43, 3, 6, 61, 40, 60, 15, 4, 27, 37, 69, 0, 53]],

[ 19, 35, 0,[ 6, 52, 44]],

[ 73, 35, 0,[ 33, 28, 38]],

[ 30, 35, 0,[ 11, 89, 32]],

[ 79, 35, 0,[ 43, 38]],

[ 61, 65, 0,[ 99, 11, 1]],

[ 95, 15, 0,[ 10, 25, 40, 3]],

[ 14, 35, 0,[ 10, 44, 9]],

[ 26, 35, 0,[ 38, 66, 41]],

[ 89, 35, 0,[ 22, 30, 49]],

[ 88, 25, 0,[ 0, 36, 51]],

[ 75, 35, 0,[ 24, 53, 21]],

[ 25, 35, 0,[ 5, 95, 85]],

[ 31, 35, 0,[ 11, 64, 1]],

[ 15, 75, 0,[ 1, 10, 39]],

[ 50, 35, 0,[ 28, 20, 94]],

[ 81, 35, 0,[ 18, 76, 6]],

[ 10, 75, 1,[ 4, 53, 20, 78, 3, 13, 47, 94, 77, 96, 46, 45, 14, 58, 15, 41, 65, 95]],

[ 3, 35, 1,[ 80, 84, 67, 92, 10, 95, 90, 68, 54, 1, 2, 21, 36, 41, 13]],

[ 12, 75, 0,[ 13, 43, 0]],

[ 28, 35, 0,[ 35, 38, 50, 73, 0]],

[ 45, 35, 0,[ 54, 0, 10]],

[ 83, 15, 0,[ 74, 11, 60, 38]],

[ 98, 35, 0,[ 74, 0, 55, 35]],

[ 42, 65, 0,[ 11, 24, 2]],

[ 90, 35, 0,[ 3, 87, 96, 35]],

[ 33, 15, 0,[ 11, 38, 73]],

[ 78, 15, 0,[ 11, 10, 17, 16]],

[ 23, 35, 0,[ 82, 44]],

[ 97, 15, 0,[ 6, 41, 5]],

[ 72, 35, 0,[ 86, 6, 62, 63, 76]],

[ 0, 85, 1,[ 49, 92, 98, 28, 59, 2, 9, 88, 93, 12, 45, 7, 82, 1, 44, 94, 8]],

[ 93, 15, 0,[ 71, 52, 0, 5]],

[ 58, 35, 0,[ 10, 82, 66]],

[ 66, 35, 0,[ 26, 37, 58]],

[ 46, 15, 0,[ 10, 11, 29]],

[ 53, 75, 0,[ 10, 75, 1]],

[ 35, 55, 1,[ 32, 34, 98, 64, 22, 69, 28, 90, 52]],

[ 8, 35, 0,[ 0, 57]],

[ 59, 85, 0,[ 56, 0, 62]],

[ 67, 15, 0,[ 3, 82, 6, 11]],

[ 91, 35, 0,[ 94, 2, 85]],

[ 65, 5, 0,[ 2, 10, 51]],

[ 69, 65, 0,[ 74, 1, 35]],

[ 94, 35, 0,[ 91, 50, 34, 0, 10]],

[ 82, 35, 0,[ 58, 67, 23, 0]],

[ 24, 5, 0,[ 29, 42, 75, 5]],

[ 32, 35, 0,[ 11, 35, 30]],

[ 87, 35, 0,[ 51, 54, 90]],

[ 68, 35, 0,[ 17, 99, 3, 5]],

[ 36, 25, 0,[ 4, 88, 3]],

[ 22, 35, 0,[ 5, 35, 89]],

[ 20, 35, 0,[ 50, 10, 92]],

[ 54, 35, 0,[ 3, 45, 87, 5]],

[ 38, 75, 1,[ 83, 62, 27, 73, 26, 48, 33, 71, 70, 79, 28]],

[ 39, 35, 0,[ 84, 9, 15]],

[ 47, 75, 0,[ 1, 10, 49]],

[ 76, 35, 0,[ 72, 37, 81]],

[ 99, 65, 0,[ 11, 34, 68, 2, 61]],

[ 51, 35, 0,[ 87, 65, 88]],

[ 37, 35, 0,[ 1, 7, 66, 76]],

[ 11, 35, 1,[ 85, 2, 31, 33, 46, 21, 83, 41, 30, 78, 32, 61, 42, 99, 67]],

[ 18, 75, 0,[ 4, 2, 81]],

[ 55, 35, 0,[ 98, 56, 70]],

[ 2, 5, 1,[ 29, 86, 70, 3, 43, 7, 91, 99, 42, 65, 18, 11, 0, 62]],

[ 60, 35, 0,[ 1, 83, 16]],

[ 43, 35, 0,[ 79, 12, 2, 1]],

[ 13, 15, 0,[ 10, 12, 3, 48]],

[ 44, 35, 0,[ 0, 19, 14, 23]],

[ 6, 35, 1,[ 80, 97, 67, 1, 48, 77, 81, 57, 19, 72]],

[ 63, 35, 0,[ 72, 85, 70]],

[ 77, 15, 0,[ 10, 27, 6]],

[ 80, 15, 0,[ 64, 3, 6]],

[ 62, 5, 0,[ 2, 38, 59, 72]],

[ 49, 35, 0,[ 89, 47, 0]],

[ 29, 5, 0,[ 2, 46, 24]],

[ 85, 35, 0,[ 71, 63, 11, 91, 25]],

[ 41, 15, 0,[ 10, 11, 26, 97, 3]],

[ 34, 35, 0,[ 99, 35, 94]],

[ 16, 35, 0,[ 40, 56, 60, 78]],

[ 84, 35, 0,[ 39, 3]],

[ 86, 35, 0,[ 2, 96, 72]],

