[ 64, 65, 0,[ 59, 4, 92]],

[ 58, 65, 0,[ 9, 35, 40]],

[ 39, 65, 0,[ 35, 63, 68, 44, 76, 99]],

[ 29, 65, 0,[ 4, 80, 73]],

[ 87, 65, 0,[ 3, 32, 75]],

[ 19, 65, 0,[ 38, 92, 3, 65]],

[ 89, 65, 0,[ 17, 41, 54]],

[ 54, 95, 1,[ 75, 93, 80, 66, 55, 99, 89]],

[ 4, 65, 0,[ 84, 64, 31, 29]],

[ 34, 65, 0,[ 63, 86, 21]],

[ 77, 65, 0,[ 57, 3, 30]],

[ 25, 65, 0,[ 31, 0, 90]],

[ 21, 65, 0,[ 40, 34, 9]],

[ 59, 65, 0,[ 43, 33, 64]],

[ 32, 65, 0,[ 87, 57, 50, 6]],

[ 23, 65, 0,[ 30, 60, 46, 74, 50, 95]],

[ 35, 65, 0,[ 40, 58, 83, 39, 93]],

[ 51, 65, 0,[ 76, 41, 0, 93, 85, 65]],

[ 99, 65, 0,[ 54, 39, 88, 36]],

[ 76, 65, 0,[ 46, 39, 51]],

[ 36, 65, 0,[ 37, 99, 6]],

[ 93, 65, 0,[ 35, 96, 54, 51]],

[ 75, 65, 0,[ 50, 92, 54, 87]],

[ 20, 65, 0,[ 47, 26, 98]],

[ 0, 95, 1,[ 37, 25, 12, 6, 51, 1, 71, 2]],

[ 71, 65, 0,[ 91, 0, 42, 38]],

[ 78, 65, 0,[ 38, 14, 67, 61]],

[ 73, 65, 0,[ 29, 96, 16]],

[ 60, 65, 0,[ 1, 79, 23]],

[ 15, 65, 0,[ 69, 56, 17]],

[ 83, 65, 0,[ 55, 35, 96]],

[ 53, 65, 0,[ 49, 2, 26]],

[ 86, 65, 0,[ 56, 8, 34, 70]],

[ 97, 65, 0,[ 69, 26, 43]],

[ 61, 65, 0,[ 96, 78, 2]],

[ 52, 65, 0,[ 95, 92, 66]],

[ 48, 65, 0,[ 46, 84, 5]],

[ 43, 65, 0,[ 27, 97, 59, 42]],

[ 8, 65, 0,[ 86, 1, 7, 68]],

[ 14, 65, 0,[ 68, 70, 78]],

[ 27, 65, 0,[ 33, 90, 37, 43]],

[ 31, 65, 0,[ 25, 4, 91]],

[ 62, 65, 0,[ 92, 81]],

[ 22, 65, 0,[ 79, 70, 88]],

[ 88, 65, 0,[ 94, 99, 22, 11]],

[ 85, 65, 0,[ 33, 51, 70, 91]],

[ 2, 45, 1,[ 61, 11, 3, 5, 0, 53, 1, 44]],

[ 55, 65, 0,[ 83, 54, 81, 45, 72]],

[ 66, 65, 0,[ 68, 52, 54]],

[ 90, 65, 0,[ 5, 25, 27]],

[ 56, 65, 0,[ 30, 79, 16, 15, 86, 10]],

[ 92, 65, 0,[ 62, 52, 75, 19, 63, 64]],

[ 11, 15, 1,[ 88, 98, 6, 2]],

[ 26, 65, 0,[ 94, 42, 53, 97, 20]],

[ 1, 75, 1,[ 3, 47, 8, 0, 6, 60, 5, 2]],

[ 74, 65, 0,[ 28, 23, 81, 12]],

[ 17, 65, 0,[ 50, 38, 89, 41, 15]],

[ 9, 65, 0,[ 96, 58, 21]],

[ 68, 65, 0,[ 8, 39, 14, 66]],

[ 16, 65, 0,[ 46, 45, 73, 56]],

[ 7, 65, 0,[ 8, 69, 82]],

[ 70, 65, 0,[ 14, 86, 85, 22]],

[ 18, 65, 0,[ 84, 69, 5, 41, 10]],

[ 30, 65, 0,[ 77, 23, 56]],

[ 38, 45, 1,[ 80, 17, 78, 71, 19, 49]],

[ 95, 65, 0,[ 23, 96, 52]],

[ 82, 65, 0,[ 5, 7, 3]],

[ 5, 45, 1,[ 18, 98, 82, 1, 2, 45, 47, 90, 48]],

[ 12, 65, 0,[ 0, 74, 33]],

[ 28, 65, 0,[ 74, 84, 72, 49]],

[ 98, 65, 0,[ 11, 5, 20]],

[ 10, 65, 1,[ 3, 56, 18]],

[ 67, 65, 0,[ 24, 78, 84]],

[ 13, 65, 0,[ 6, 24, 79]],

[ 69, 65, 0,[ 15, 18, 57, 7, 97]],

[ 63, 65, 0,[ 39, 34, 92]],

[ 94, 65, 0,[ 26, 72, 88]],

[ 46, 65, 0,[ 23, 76, 16, 48]],

[ 24, 65, 0,[ 67, 3, 13]],

[ 96, 65, 0,[ 73, 83, 95, 93, 61, 9]],

[ 44, 65, 0,[ 2, 39, 6]],

[ 41, 65, 0,[ 18, 51, 89, 17, 65]],

[ 33, 65, 0,[ 12, 59, 27, 85]],

[ 47, 65, 0,[ 1, 20, 5]],

[ 79, 65, 0,[ 60, 22, 13, 56]],

[ 84, 65, 0,[ 48, 4, 18, 67, 28]],

[ 57, 65, 0,[ 69, 77, 32]],

[ 6, 5, 1,[ 1, 0, 32, 11, 36, 44, 50, 13]],

[ 40, 65, 0,[ 21, 58, 35]],

[ 65, 65, 0,[ 19, 51, 41]],

[ 91, 65, 0,[ 71, 85, 31]],

[ 81, 65, 0,[ 55, 62, 74]],

[ 49, 65, 0,[ 28, 53, 38]],

[ 50, 65, 0,[ 32, 6, 75, 17, 23]],

[ 45, 65, 0,[ 5, 55, 16]],

[ 37, 65, 0,[ 36, 0, 27]],

[ 72, 65, 0,[ 28, 55, 94]],

[ 3, 55, 1,[ 87, 2, 82, 1, 19, 24, 77, 10]],

[ 80, 65, 0,[ 38, 54, 29]],

[ 42, 65, 0,[ 43, 71, 26]],

