[ 98, 85, 0,[ 4, 11, 18, 33]],

[ 93, 25, 0,[ 2, 71, 38]],

[ 81, 75, 0,[ 73, 38, 95]],

[ 6, 35, 1,[ 61, 75, 45, 44, 17, 35, 66, 99, 4, 63, 59, 77]],

[ 47, 65, 0,[ 49, 2, 99, 89]],

[ 38, 45, 1,[ 85, 41, 29, 17, 81, 93, 55]],

[ 25, 85, 0,[ 8, 67, 69]],

[ 49, 65, 0,[ 47, 88, 45]],

[ 40, 5, 0,[ 31, 7, 69, 5]],

[ 56, 65, 0,[ 77, 0, 78]],

[ 92, 65, 0,[ 99, 36, 77, 60]],

[ 19, 65, 0,[ 61, 71, 11]],

[ 80, 65, 0,[ 89, 55, 2]],

[ 48, 5, 0,[ 35, 39, 21]],

[ 53, 65, 0,[ 90, 54, 32, 11]],

[ 37, 65, 0,[ 31, 29, 39, 63]],

[ 23, 65, 0,[ 61, 45, 17]],

[ 42, 65, 0,[ 62, 36, 35, 16]],

[ 69, 15, 0,[ 3, 40, 25]],

[ 64, 65, 0,[ 28, 97, 86]],

[ 7, 65, 0,[ 28, 76, 40, 3]],

[ 14, 65, 0,[ 2, 39, 44]],

[ 79, 35, 0,[ 96, 75, 5]],

[ 13, 65, 0,[ 2, 17, 59]],

[ 74, 65, 0,[ 15, 86, 52]],

[ 51, 45, 0,[ 16, 68, 15]],

[ 99, 65, 0,[ 47, 6, 30, 92, 78]],

[ 35, 55, 0,[ 76, 48, 6, 42]],

[ 3, 5, 1,[ 21, 9, 67, 46, 69, 7, 1, 82, 10]],

[ 45, 65, 0,[ 23, 49, 6, 34, 83]],

[ 26, 65, 0,[ 2, 97, 30]],

[ 91, 5, 0,[ 85, 60, 11]],

[ 52, 65, 0,[ 77, 0, 74]],

[ 31, 5, 0,[ 37, 22, 40, 5]],

[ 95, 75, 0,[ 81, 75, 70, 66]],

[ 61, 65, 0,[ 41, 30, 89, 23, 19, 6]],

[ 39, 65, 0,[ 37, 48, 14, 16]],

[ 60, 5, 0,[ 11, 92, 91]],

[ 59, 65, 0,[ 13, 84, 73, 6]],

[ 55, 65, 0,[ 54, 38, 80]],

[ 75, 55, 0,[ 95, 6, 79]],

[ 9, 15, 0,[ 4, 3, 67]],

[ 34, 65, 0,[ 45, 88, 27]],

[ 43, 65, 0,[ 0, 77, 70]],

[ 21, 5, 0,[ 48, 22, 1, 20, 3]],

[ 83, 85, 0,[ 90, 45, 4]],

[ 89, 65, 0,[ 80, 61, 47]],

[ 97, 65, 0,[ 11, 26, 64, 10, 84, 62]],

[ 68, 35, 0,[ 76, 5, 66, 51]],

[ 15, 35, 0,[ 51, 74, 5]],

[ 90, 65, 0,[ 53, 71, 83, 4]],

[ 66, 55, 0,[ 95, 68, 6]],

[ 54, 65, 0,[ 53, 55, 0]],

[ 2, 95, 1,[ 93, 26, 27, 14, 80, 47, 13]],

[ 18, 85, 0,[ 36, 98, 8]],

[ 50, 65, 0,[ 1, 86]],

[ 11, 95, 1,[ 19, 98, 24, 22, 91, 63, 53, 60, 97]],

[ 17, 65, 0,[ 6, 13, 23, 78, 38, 94]],

[ 82, 65, 0,[ 94, 3, 85]],

[ 33, 15, 0,[ 65, 0, 98]],

[ 24, 85, 0,[ 11, 4, 87]],

[ 78, 65, 0,[ 99, 17, 56]],

[ 86, 65, 0,[ 44, 50, 46, 74, 64]],

[ 8, 85, 0,[ 22, 18, 25]],

[ 0, 55, 1,[ 52, 56, 54, 57, 20, 43, 33]],

[ 94, 65, 0,[ 82, 73, 17, 72]],

[ 77, 65, 0,[ 52, 6, 92, 43, 56]],

[ 28, 65, 0,[ 7, 64, 16]],

[ 76, 65, 0,[ 35, 7, 68]],

[ 36, 65, 0,[ 18, 42, 92, 65]],

[ 29, 65, 0,[ 96, 38, 37]],

[ 85, 65, 0,[ 91, 38, 82, 58]],

[ 72, 65, 0,[ 88, 16, 94]],

[ 10, 65, 1,[ 1, 97, 65, 57, 3, 96]],

[ 65, 65, 0,[ 36, 33, 10]],

[ 71, 65, 0,[ 90, 19, 93]],

[ 20, 15, 0,[ 0, 12, 21]],

[ 1, 5, 1,[ 21, 3, 16, 10, 46, 50]],

[ 62, 65, 0,[ 42, 12, 97]],

[ 30, 65, 0,[ 26, 61, 99]],

[ 84, 65, 0,[ 59, 87, 97]],

[ 41, 65, 0,[ 38, 61, 32]],

[ 22, 5, 0,[ 31, 21, 11, 8]],

[ 16, 85, 1,[ 42, 57, 1, 72, 51, 28, 39]],

[ 63, 55, 0,[ 11, 37, 6]],

[ 73, 65, 0,[ 81, 94, 59]],

[ 67, 15, 0,[ 9, 3, 25]],

[ 70, 85, 0,[ 4, 43, 95]],

[ 87, 35, 0,[ 24, 5, 84]],

[ 12, 65, 0,[ 27, 62, 20]],

[ 32, 65, 0,[ 41, 5, 53]],

[ 27, 65, 0,[ 2, 12, 34]],

[ 44, 65, 0,[ 58, 86, 14, 6]],

[ 46, 15, 0,[ 3, 86, 1]],

[ 96, 65, 0,[ 29, 79, 10]],

[ 4, 85, 0,[ 98, 6, 9, 24, 70, 90, 83]],

[ 88, 65, 0,[ 58, 34, 72, 49]],

[ 58, 65, 0,[ 85, 88, 44]],

[ 57, 15, 0,[ 10, 0, 16]],

[ 5, 45, 1,[ 31, 32, 87, 79, 40, 15, 68]],

[ 81, 75, 0,[ 22, 65, 87]],

[ 19, 75, 0,[ 89, 49, 78]],

[ 13, 75, 0,[ 14, 89, 20]],

[ 69, 85, 0,[ 46, 38, 33]],

[ 80, 25, 0,[ 35, 10, 28]],

[ 89, 75, 0,[ 19, 79, 1, 97, 13, 3]],

[ 56, 85, 0,[ 25, 31, 29]],

[ 6, 15, 1,[ 68, 16, 47]],

[ 98, 25, 0,[ 73, 2, 29, 9, 30]],

[ 76, 75, 0,[ 97, 85, 65, 53, 82, 57]],

[ 54, 25, 0,[ 32, 15, 41]],

[ 41, 25, 0,[ 1, 54, 17, 79, 43]],

[ 9, 75, 0,[ 97, 60, 98]],

[ 35, 55, 1,[ 8, 31, 38, 85, 7, 1, 80, 61, 17]],

[ 15, 25, 0,[ 26, 54, 37]],

[ 25, 85, 0,[ 64, 56, 40, 70, 95]],

[ 8, 25, 0,[ 39, 35, 30]],

[ 62, 75, 0,[ 4, 0, 71]],

[ 61, 25, 0,[ 1, 32, 35, 48, 12, 5]],

[ 70, 85, 0,[ 18, 50, 53, 10, 25]],

[ 32, 25, 0,[ 14, 61, 54]],

[ 59, 85, 0,[ 68, 5, 94, 38]],

[ 63, 75, 0,[ 3, 75, 47]],

[ 43, 25, 0,[ 77, 41, 26]],

[ 45, 75, 0,[ 14, 52, 72, 85, 23]],

[ 44, 15, 0,[ 37, 75, 51]],

[ 22, 85, 0,[ 92, 10, 81, 24, 36]],

[ 60, 85, 0,[ 9, 24]],

[ 12, 25, 0,[ 37, 61, 26]],

[ 90, 75, 0,[ 87, 34, 2]],

[ 11, 45, 1,[ 27, 71, 39, 84, 91, 2]],

[ 55, 25, 0,[ 16, 91, 38]],

[ 96, 75, 0,[ 74, 86, 99]],

[ 97, 75, 0,[ 9, 76, 89]],

[ 74, 75, 0,[ 31, 77, 4, 96]],

[ 49, 25, 0,[ 20, 19, 50]],

[ 14, 75, 0,[ 2, 13, 32, 45]],

[ 85, 75, 0,[ 76, 45, 35]],

[ 73, 25, 0,[ 98, 1, 4, 0]],

[ 53, 75, 0,[ 76, 70, 23]],

[ 93, 25, 0,[ 51, 42, 48, 82]],

[ 17, 25, 0,[ 83, 41, 94, 35]],

[ 30, 25, 0,[ 98, 8, 65, 36]],

[ 5, 5, 1,[ 61, 59, 66, 58, 27]],

[ 67, 25, 0,[ 27, 51, 40]],

[ 4, 75, 0,[ 73, 23, 62, 74]],

[ 42, 25, 0,[ 93, 95, 16, 39]],

[ 2, 75, 1,[ 1, 98, 11, 14, 90, 3]],

[ 21, 25, 0,[ 26, 34, 3]],

[ 83, 25, 0,[ 38, 58, 86, 17]],

[ 37, 15, 0,[ 44, 12, 15]],

[ 58, 25, 0,[ 84, 5, 83]],

[ 18, 85, 0,[ 7, 70, 0]],

[ 99, 75, 0,[ 72, 10, 96, 71]],

[ 84, 25, 0,[ 58, 11, 88]],

[ 47, 75, 0,[ 63, 6, 94]],

[ 91, 15, 0,[ 11, 55, 1]],

[ 1, 15, 1,[ 61, 75, 35, 16, 41, 91, 3, 89, 73, 2]],

[ 72, 75, 0,[ 77, 45, 99]],

[ 88, 25, 0,[ 84, 24, 10]],

[ 28, 25, 0,[ 80, 7, 27]],

[ 26, 25, 0,[ 43, 3, 21, 15, 57, 12]],

[ 16, 25, 0,[ 6, 48, 55, 42, 1]],

[ 78, 75, 0,[ 52, 79, 75, 19]],

[ 52, 75, 0,[ 78, 33, 45]],

[ 71, 75, 0,[ 62, 11, 99]],

[ 10, 65, 1,[ 80, 70, 22, 46, 88, 99, 86, 82]],

[ 66, 85, 0,[ 33, 77, 5, 68]],

[ 68, 85, 0,[ 6, 66, 59]],

[ 92, 85, 0,[ 22, 23, 64]],

[ 34, 25, 0,[ 21, 90, 0, 36]],

[ 7, 95, 0,[ 35, 18, 28]],

[ 48, 25, 0,[ 16, 61, 93, 27]],

[ 75, 15, 0,[ 63, 44, 78, 1]],

[ 39, 25, 0,[ 42, 11, 8, 57]],

[ 87, 75, 0,[ 0, 90, 81]],

[ 51, 15, 0,[ 93, 44, 67, 95]],

[ 64, 85, 0,[ 25, 92, 29]],

[ 0, 5, 1,[ 62, 87, 34, 18, 73, 50]],

[ 36, 25, 0,[ 22, 30, 34]],

[ 38, 15, 1,[ 59, 83, 35, 69, 55]],

[ 40, 85, 0,[ 67, 25, 31]],

[ 86, 25, 0,[ 10, 96, 83]],

[ 50, 25, 0,[ 70, 27, 0, 49]],

[ 82, 25, 0,[ 10, 76, 93]],

[ 95, 15, 0,[ 51, 25, 42]],

[ 94, 25, 0,[ 47, 59, 17]],

[ 33, 85, 0,[ 69, 52, 66]],

[ 79, 75, 0,[ 89, 41, 78]],

[ 20, 65, 0,[ 49, 13, 3]],

[ 77, 75, 0,[ 72, 66, 74, 43]],

[ 24, 85, 0,[ 60, 46, 88, 22]],

[ 31, 95, 0,[ 35, 74, 40, 56]],

[ 46, 85, 0,[ 24, 69, 10]],

[ 23, 75, 0,[ 53, 45, 92, 4]],

[ 3, 45, 1,[ 89, 63, 26, 1, 20, 2, 21]],

[ 65, 75, 0,[ 81, 76, 30]],

[ 29, 85, 0,[ 56, 98, 64]],

[ 27, 25, 0,[ 5, 28, 50, 67, 48, 11]],

[ 57, 25, 0,[ 76, 26, 39]],

