[ 52, 55, 0,[ 54, 93, 38, 26]],

[ 63, 35, 0,[ 8, 15, 71, 44]],

[ 51, 65, 0,[ 42, 47, 18]],

[ 22, 55, 0,[ 84, 99, 5]],

[ 21, 65, 0,[ 80, 73, 89]],

[ 69, 45, 0,[ 85, 92, 36, 2]],

[ 92, 45, 0,[ 16, 20, 72, 44, 69]],

[ 83, 35, 0,[ 18, 82, 15, 89, 98]],

[ 48, 35, 0,[ 12, 82, 34, 71, 73]],

[ 40, 35, 0,[ 59, 33, 60, 82]],

[ 36, 35, 0,[ 98, 26, 69]],

[ 0, 35, 0,[ 23, 99, 58]],

[ 88, 65, 0,[ 94, 24, 70, 29]],

[ 62, 35, 0,[ 45, 61, 49]],

[ 57, 35, 0,[ 58, 1, 37]],

[ 15, 75, 1,[ 32, 13, 56, 63, 5, 67, 83]],

[ 7, 55, 0,[ 39, 31, 3]],

[ 2, 45, 0,[ 31, 14, 69, 42]],

[ 81, 65, 0,[ 80, 56, 99]],

[ 84, 45, 0,[ 60, 22, 17]],

[ 45, 35, 0,[ 62, 85, 68]],

[ 91, 65, 0,[ 97, 50, 79]],

[ 97, 5, 1,[ 91, 33, 61, 1, 44, 68, 14, 90]],

[ 54, 55, 0,[ 52, 61, 47]],

[ 47, 55, 0,[ 54, 12, 51, 19]],

[ 9, 65, 0,[ 93, 94, 3]],

[ 33, 35, 0,[ 97, 40, 32]],

[ 26, 55, 0,[ 36, 52, 3]],

[ 50, 45, 0,[ 91, 17, 44]],

[ 76, 55, 0,[ 4, 86, 60, 99]],

[ 70, 35, 0,[ 88, 12, 28]],

[ 90, 65, 0,[ 97, 3, 38]],

[ 31, 35, 0,[ 7, 13, 2]],

[ 93, 35, 1,[ 41, 42, 30, 73, 9, 52]],

[ 89, 65, 0,[ 83, 56, 21]],

[ 6, 35, 0,[ 30, 29, 23]],

[ 37, 35, 0,[ 17, 12, 57]],

[ 53, 85, 0,[ 56, 29, 78]],

[ 56, 65, 0,[ 15, 53, 81, 89]],

[ 14, 65, 0,[ 2, 42, 97]],

[ 16, 45, 0,[ 92, 44, 5]],

[ 34, 35, 0,[ 66, 48, 75]],

[ 82, 35, 0,[ 48, 40, 95, 78, 83]],

[ 60, 35, 1,[ 40, 84, 4, 58, 94, 29, 76]],

[ 73, 65, 0,[ 21, 24, 48, 93]],

[ 85, 45, 0,[ 69, 96, 45]],

[ 78, 35, 0,[ 82, 67, 53, 46]],

[ 4, 55, 0,[ 76, 60, 77, 43]],

[ 65, 75, 1,[ 11, 87, 80]],

[ 17, 35, 0,[ 50, 84, 37, 10]],

[ 95, 65, 0,[ 82, 94, 87]],

[ 43, 55, 0,[ 4, 39, 35]],

[ 28, 35, 0,[ 70, 20, 23]],

[ 19, 65, 0,[ 24, 47, 30]],

[ 77, 65, 0,[ 87, 4, 94]],

[ 3, 55, 0,[ 9, 7, 90, 26, 86, 67]],

[ 44, 45, 0,[ 92, 50, 25, 63, 16, 97, 96]],

[ 58, 35, 0,[ 60, 68, 57, 0]],

[ 74, 65, 0,[ 66, 20, 94]],

[ 55, 65, 0,[ 86, 61, 18]],

[ 41, 35, 0,[ 23, 93, 67]],

[ 86, 55, 0,[ 55, 3, 76]],

[ 29, 85, 0,[ 60, 53, 6, 88]],

[ 46, 35, 0,[ 78, 61, 32, 99]],

[ 72, 45, 0,[ 59, 92, 8]],

[ 24, 65, 0,[ 73, 88, 19]],

[ 94, 65, 1,[ 27, 9, 95, 74, 77, 23, 60, 79, 88]],

[ 18, 65, 0,[ 51, 83, 1, 55]],

[ 39, 55, 0,[ 43, 7, 68]],

[ 71, 35, 0,[ 63, 48, 98]],

[ 5, 25, 0,[ 22, 15, 16]],

[ 79, 65, 0,[ 91, 75, 94, 49]],

[ 59, 75, 1,[ 72, 40, 10]],

[ 96, 45, 0,[ 85, 44, 27]],

[ 80, 65, 0,[ 81, 21, 65]],

[ 35, 65, 0,[ 43, 32, 66]],

[ 23, 35, 0,[ 0, 6, 41, 28, 94]],

[ 98, 35, 0,[ 36, 83, 71]],

[ 61, 35, 0,[ 54, 46, 55, 97, 62]],

[ 68, 35, 0,[ 64, 58, 97, 45, 75, 39]],

[ 99, 75, 1,[ 76, 22, 46, 25, 0, 81]],

[ 25, 45, 0,[ 99, 66, 44]],

[ 32, 35, 0,[ 35, 15, 46, 10, 33]],

[ 64, 35, 0,[ 13, 42, 68]],

[ 20, 45, 0,[ 28, 74, 92]],

[ 75, 35, 0,[ 68, 34, 79]],

[ 87, 95, 0,[ 38, 77, 65, 95]],

[ 38, 65, 0,[ 11, 90, 87, 52]],

[ 66, 65, 0,[ 35, 34, 25, 74]],

[ 27, 65, 0,[ 11, 94, 96, 42]],

[ 1, 65, 0,[ 97, 57, 18]],

[ 10, 35, 0,[ 17, 59, 32]],

[ 49, 45, 0,[ 42, 79, 62]],

[ 12, 35, 0,[ 48, 70, 37, 47]],

[ 30, 65, 0,[ 19, 6, 93]],

[ 13, 35, 0,[ 8, 31, 64, 15]],

[ 8, 35, 0,[ 13, 63, 72]],

[ 67, 15, 1,[ 15, 3, 78, 41]],

[ 42, 35, 1,[ 93, 49, 64, 27, 14, 51, 2]],

[ 11, 65, 0,[ 27, 38, 65]],

[ 68, 75, 1,[ 47, 84, 96, 83, 42, 31]],

[ 86, 85, 0,[ 76, 46, 2]],

[ 83, 75, 0,[ 18, 16, 68]],

[ 74, 45, 0,[ 16, 15, 73, 77]],

[ 14, 45, 0,[ 43, 34, 10]],

[ 79, 45, 0,[ 47, 24, 77]],

[ 46, 25, 0,[ 86, 73, 41]],

[ 32, 85, 0,[ 64, 60, 69]],

[ 96, 85, 0,[ 9, 44, 68]],

[ 23, 25, 0,[ 28, 80, 50, 60, 44]],

[ 10, 45, 0,[ 67, 14, 5]],

[ 4, 45, 0,[ 18, 66, 15, 0]],

[ 52, 45, 0,[ 93, 95, 15, 35, 76, 84]],

[ 45, 95, 0,[ 90, 38, 76]],

[ 49, 45, 0,[ 61, 21, 17]],

[ 0, 85, 0,[ 90, 60, 4]],

[ 43, 45, 0,[ 17, 6, 39, 14]],

[ 65, 95, 1,[ 3, 94, 12, 95, 53, 54]],

[ 2, 85, 0,[ 86, 60, 36, 55, 20]],

[ 85, 95, 1,[ 72, 63, 75, 24, 3, 66, 92, 5]],

[ 56, 15, 0,[ 55, 50, 82, 87]],

[ 37, 95, 0,[ 81, 13, 51]],

[ 95, 25, 0,[ 65, 52, 28]],

[ 3, 45, 0,[ 65, 40, 85]],

[ 22, 15, 0,[ 11, 94, 39]],

[ 48, 85, 0,[ 6, 63, 51]],

[ 92, 85, 0,[ 85, 36, 51]],

[ 9, 85, 0,[ 60, 99, 96]],

[ 17, 45, 0,[ 43, 60, 49, 11, 19]],

[ 5, 45, 0,[ 10, 93, 85, 80]],

[ 33, 45, 0,[ 15, 76, 20, 71, 61]],

[ 51, 95, 1,[ 21, 58, 11, 26, 89, 53, 48, 92, 37]],

[ 36, 85, 0,[ 66, 92, 2]],

[ 30, 45, 0,[ 70, 8, 29]],

[ 15, 45, 1,[ 97, 74, 70, 33, 6, 62, 75, 52, 47, 4, 1, 80]],

[ 1, 45, 0,[ 88, 54, 15]],

[ 16, 75, 0,[ 72, 74, 83]],

[ 34, 95, 0,[ 14, 59, 47]],

[ 69, 75, 0,[ 32, 26, 21]],

[ 11, 85, 0,[ 17, 51, 27, 22]],

[ 47, 45, 0,[ 34, 15, 68, 73, 79]],

[ 72, 45, 0,[ 53, 85, 16]],

[ 58, 75, 0,[ 51, 40, 78, 57]],

[ 97, 45, 0,[ 84, 25, 15]],

[ 57, 65, 0,[ 58, 62, 88]],

[ 25, 65, 0,[ 50, 97, 31]],

[ 82, 85, 1,[ 29, 56, 35, 8, 88]],

[ 73, 25, 0,[ 63, 47, 41, 46, 74, 60]],

[ 62, 45, 0,[ 15, 28, 98, 57]],

[ 54, 45, 0,[ 65, 77, 1]],

[ 20, 95, 0,[ 2, 59, 33]],

[ 98, 85, 1,[ 55, 62, 64, 44, 42, 7, 39, 93]],

[ 64, 55, 0,[ 32, 98, 78]],

[ 94, 15, 0,[ 22, 65, 87]],

[ 80, 45, 0,[ 23, 5, 15]],

[ 70, 45, 0,[ 30, 15, 31]],

[ 87, 15, 0,[ 56, 94, 81]],

[ 91, 95, 0,[ 59, 13, 41]],

[ 77, 45, 0,[ 74, 79, 54]],

[ 78, 75, 0,[ 89, 58, 64]],

[ 50, 25, 0,[ 23, 59, 25, 56]],

[ 71, 85, 0,[ 27, 33, 60]],

[ 59, 75, 1,[ 91, 34, 50, 89, 20, 61, 12, 8, 26]],

[ 44, 25, 0,[ 40, 23, 96, 98]],

[ 90, 95, 0,[ 38, 0, 45]],

[ 53, 45, 0,[ 65, 51, 72, 6]],

[ 66, 45, 0,[ 85, 36, 4]],

[ 75, 45, 0,[ 24, 15, 85]],

[ 40, 75, 0,[ 58, 3, 44]],

[ 6, 45, 0,[ 15, 48, 53, 29, 43]],

[ 61, 95, 0,[ 33, 59, 49]],

[ 93, 45, 0,[ 98, 5, 52]],

[ 12, 75, 0,[ 59, 7, 65]],

[ 55, 85, 0,[ 98, 2, 56]],

[ 38, 95, 0,[ 90, 45, 13]],

[ 88, 65, 0,[ 1, 82, 57]],

[ 31, 65, 0,[ 68, 25, 70]],

[ 42, 55, 0,[ 68, 7, 98]],

[ 39, 45, 0,[ 43, 81, 98, 22]],

[ 99, 85, 0,[ 60, 9, 26]],

[ 60, 45, 1,[ 9, 71, 99, 17, 23, 2, 32, 67, 73, 0]],

[ 8, 95, 0,[ 30, 59, 82]],

[ 19, 45, 0,[ 27, 17, 29]],

[ 21, 85, 0,[ 51, 49, 69]],

[ 67, 85, 0,[ 35, 18, 10, 60]],

[ 63, 45, 0,[ 85, 73, 48]],

[ 18, 75, 0,[ 83, 67, 4]],

[ 13, 95, 0,[ 38, 41, 91, 37]],

[ 76, 65, 1,[ 52, 86, 33, 45]],

[ 41, 25, 0,[ 91, 73, 46, 13]],

[ 27, 45, 0,[ 11, 71, 19]],

[ 35, 15, 0,[ 52, 67, 82]],

[ 7, 55, 0,[ 42, 12, 98]],

[ 28, 25, 0,[ 95, 62, 23]],

[ 84, 15, 0,[ 97, 68, 52]],

[ 24, 45, 0,[ 79, 75, 85]],

[ 81, 95, 0,[ 37, 87, 39]],

[ 29, 45, 0,[ 82, 30, 19, 6]],

[ 26, 85, 0,[ 51, 69, 99, 59]],

[ 89, 95, 0,[ 78, 59, 51]],

