[ 58, 95, 0,[ 50, 0, 2]],

[ 59, 25, 0,[ 14, 63, 11]],

[ 89, 25, 0,[ 8, 66, 10]],

[ 5, 75, 1,[ 52, 81, 53, 32, 17, 24, 42, 68, 37, 72, 90, 2, 27, 86, 12, 97, 16, 4, 15]],

[ 66, 25, 0,[ 89, 3, 61]],

[ 62, 5, 0,[ 10, 19, 36]],

[ 30, 25, 0,[ 17, 92, 11, 54, 43]],

[ 3, 75, 1,[ 10, 47, 46, 36, 71, 80, 14, 23, 66, 49, 28, 94, 54, 69, 45, 21, 2]],

[ 31, 25, 0,[ 54, 7, 48]],

[ 40, 25, 0,[ 53, 2, 10]],

[ 64, 75, 0,[ 10, 85, 1]],

[ 17, 25, 0,[ 0, 5, 30]],

[ 80, 75, 0,[ 23, 3, 0]],

[ 6, 95, 1,[ 1, 43, 76, 25, 72, 52, 86, 13, 56, 18, 26, 20, 78, 7, 74, 38, 61]],

[ 18, 35, 0,[ 6, 47, 38]],

[ 28, 25, 0,[ 71, 3, 72]],

[ 75, 25, 0,[ 34, 38, 2]],

[ 22, 95, 0,[ 0, 11, 94]],

[ 87, 25, 0,[ 0, 97, 20]],

[ 27, 25, 0,[ 8, 70, 5]],

[ 15, 25, 0,[ 5, 81, 78]],

[ 48, 25, 0,[ 31, 93, 38]],

[ 10, 85, 1,[ 89, 64, 3, 81, 67, 23, 62, 1, 40, 45]],

[ 78, 25, 0,[ 6, 54, 25, 15, 91]],

[ 61, 65, 0,[ 16, 66, 6]],

[ 37, 65, 0,[ 5, 95, 56, 2]],

[ 24, 5, 0,[ 5, 51, 11]],

[ 81, 25, 0,[ 15, 5, 10]],

[ 53, 25, 0,[ 5, 74, 60, 93, 82, 40]],

[ 39, 25, 0,[ 54, 63, 9]],

[ 65, 25, 0,[ 54, 86, 41]],

[ 47, 25, 0,[ 1, 3, 18]],

[ 25, 25, 0,[ 76, 78, 6]],

[ 7, 25, 0,[ 95, 31, 6]],

[ 94, 25, 0,[ 79, 3, 22]],

[ 55, 25, 0,[ 54, 16, 74]],

[ 1, 35, 1,[ 63, 6, 98, 20, 64, 69, 47, 10, 67, 29, 92, 8, 88, 93, 41]],

[ 84, 25, 0,[ 85, 71]],

[ 32, 65, 0,[ 21, 56, 5, 2]],

[ 21, 65, 0,[ 3, 26, 32, 51]],

[ 76, 25, 0,[ 25, 0, 83, 6]],

[ 74, 25, 0,[ 55, 6, 53]],

[ 16, 65, 0,[ 61, 5, 55, 38]],

[ 19, 25, 0,[ 9, 98, 62]],

[ 8, 25, 0,[ 1, 89, 2, 27]],

[ 33, 15, 0,[ 83, 38, 2, 49]],

[ 70, 25, 0,[ 27, 46, 0]],

[ 96, 85, 0,[ 9, 73, 54]],

[ 42, 25, 0,[ 20, 93, 5]],

[ 60, 25, 0,[ 79, 53, 34]],

[ 69, 25, 0,[ 3, 67, 1]],

[ 88, 95, 0,[ 1, 0, 2, 99]],

[ 49, 25, 0,[ 33, 86, 3]],

[ 93, 25, 0,[ 1, 48, 42, 53, 11]],

[ 91, 25, 0,[ 0, 78, 38]],

[ 95, 25, 0,[ 37, 7]],

[ 98, 25, 0,[ 19, 54, 35, 1, 41]],

[ 73, 85, 0,[ 43, 96, 68]],

[ 46, 25, 0,[ 63, 70, 3]],

[ 90, 25, 0,[ 63, 5, 0]],

[ 38, 95, 1,[ 18, 9, 16, 91, 33, 44, 45, 75, 6, 57, 36, 48]],

[ 77, 25, 0,[ 79, 13, 99]],

[ 68, 65, 0,[ 29, 73, 5, 2]],

[ 36, 5, 0,[ 62, 3, 35, 38]],

[ 35, 25, 0,[ 36, 98, 13]],

[ 34, 25, 0,[ 0, 75, 60]],

[ 51, 5, 0,[ 2, 21, 24]],

[ 2, 15, 1,[ 57, 33, 58, 40, 13, 12, 68, 51, 3, 8, 88, 37, 11, 0, 32, 5, 75]],

[ 13, 25, 0,[ 54, 2, 6, 77, 35]],

[ 0, 75, 1,[ 2, 58, 87, 90, 88, 17, 91, 22, 63, 80, 34, 76, 70]],

[ 9, 25, 0,[ 44, 38, 54, 19, 39, 96]],

[ 41, 25, 0,[ 1, 65, 98]],

[ 67, 25, 0,[ 69, 1, 10]],

[ 52, 85, 0,[ 5, 11, 6]],

[ 11, 55, 1,[ 99, 85, 83, 97, 52, 2, 59, 24, 12, 93, 30, 50, 22]],

[ 72, 25, 0,[ 6, 5, 28]],

[ 45, 5, 0,[ 10, 38, 3]],

[ 44, 25, 0,[ 9, 38, 29]],

[ 14, 25, 0,[ 3, 59, 97]],

[ 85, 75, 0,[ 11, 84, 64]],

[ 54, 55, 1,[ 98, 9, 55, 31, 13, 65, 3, 78, 30, 39, 96, 4]],

[ 63, 25, 0,[ 1, 39, 0, 90, 59, 46]],

[ 83, 15, 0,[ 11, 33, 76]],

[ 29, 25, 0,[ 44, 68, 1]],

[ 23, 75, 0,[ 10, 80, 3]],

[ 26, 25, 0,[ 21, 6, 50]],

[ 56, 25, 0,[ 6, 37, 32]],

[ 12, 65, 0,[ 2, 5, 11, 57]],

[ 57, 65, 0,[ 2, 38, 12]],

[ 82, 25, 0,[ 53, 86, 50]],

[ 4, 25, 0,[ 5, 92, 54]],

[ 43, 25, 0,[ 30, 6, 73]],

[ 79, 25, 0,[ 60, 77, 94]],

[ 20, 25, 0,[ 42, 87, 1, 6]],

[ 92, 25, 0,[ 4, 1, 30]],

[ 86, 25, 0,[ 49, 65, 5, 82, 6]],

[ 71, 25, 0,[ 28, 3, 84]],

[ 99, 95, 0,[ 77, 11, 88]],

[ 97, 25, 0,[ 5, 87, 14, 11]],

[ 50, 25, 0,[ 82, 58, 26, 11]],

[ 84, 85, 0,[ 4, 6, 85]],

[ 25, 45, 0,[ 90, 77, 98, 10]],

[ 15, 85, 0,[ 48, 58, 88, 10]],

[ 39, 85, 0,[ 6, 61, 10]],

[ 82, 15, 0,[ 43, 42, 60, 0]],

[ 10, 45, 1,[ 51, 15, 52, 23, 50, 35, 45, 78, 70, 18, 25, 92, 39]],

[ 56, 85, 0,[ 74, 69]],

[ 70, 85, 0,[ 6, 19, 87, 10]],

[ 9, 85, 0,[ 11, 73, 4]],

[ 95, 95, 0,[ 51, 93, 5]],

[ 32, 85, 0,[ 29, 26, 68]],

[ 53, 85, 0,[ 44, 31, 1, 48]],

[ 98, 85, 0,[ 0, 25, 54]],

[ 87, 85, 0,[ 0, 70, 40]],

[ 7, 95, 0,[ 38, 14, 0]],

[ 4, 85, 0,[ 84, 9, 91, 3]],

[ 0, 45, 1,[ 73, 98, 82, 67, 60, 90, 87, 7, 88]],

[ 24, 85, 0,[ 35, 1, 94]],

[ 16, 85, 0,[ 14, 94]],

[ 75, 85, 0,[ 43, 29, 1]],

[ 21, 85, 0,[ 54, 89, 58, 57]],

[ 14, 75, 0,[ 16, 7, 5, 54]],

[ 93, 85, 0,[ 95, 1, 49, 2]],

[ 86, 95, 0,[ 5, 36, 38, 17]],

[ 57, 85, 0,[ 38, 72, 21]],

[ 13, 85, 0,[ 54, 23, 18]],

[ 47, 85, 0,[ 33, 6, 41, 65, 3]],

[ 31, 15, 0,[ 62, 42, 53, 1]],

[ 58, 85, 0,[ 61, 21, 6, 15]],

[ 81, 85, 0,[ 1, 34, 46]],

[ 17, 95, 0,[ 5, 68, 8, 86]],

[ 64, 25, 0,[ 99, 44, 6, 38]],

[ 63, 85, 0,[ 2, 5, 67]],

[ 6, 15, 1,[ 96, 47, 84, 76, 64, 42, 1, 58, 30, 39, 27, 70]],

[ 3, 25, 1,[ 49, 60, 76, 45, 4, 1, 46, 47, 71]],

[ 19, 85, 0,[ 96, 70, 49]],

[ 12, 15, 0,[ 11, 2, 5]],

[ 40, 85, 0,[ 37, 87]],

[ 28, 85, 0,[ 2, 38, 69]],

[ 88, 25, 0,[ 15, 0, 5]],

[ 69, 85, 0,[ 78, 28, 37, 56, 2]],

[ 96, 85, 0,[ 6, 29, 92, 19]],

[ 85, 85, 0,[ 84, 1]],

[ 66, 85, 0,[ 79, 5, 71, 72]],

[ 60, 15, 0,[ 82, 3, 0]],

[ 62, 15, 0,[ 55, 5, 31]],

[ 78, 85, 0,[ 69, 10, 26]],

[ 37, 85, 0,[ 69, 40, 2]],

[ 77, 85, 0,[ 18, 2, 25]],

[ 49, 85, 0,[ 3, 93, 19]],

[ 48, 85, 0,[ 15, 11, 53]],

[ 11, 65, 1,[ 34, 97, 12, 2, 59, 9, 48, 91, 79, 29]],

[ 74, 65, 0,[ 56, 54, 1]],

[ 89, 85, 0,[ 22, 5, 21]],

[ 23, 85, 0,[ 10, 13, 8]],

[ 30, 85, 0,[ 6, 73, 41]],

[ 20, 85, 0,[ 46, 73, 83]],

[ 76, 55, 0,[ 6, 3, 97]],

[ 26, 75, 0,[ 1, 32, 78, 5]],

[ 68, 85, 0,[ 17, 38, 2, 32]],

[ 41, 85, 0,[ 30, 47, 83]],

[ 46, 85, 0,[ 81, 3, 20]],

[ 45, 75, 0,[ 52, 10, 33, 3]],

[ 8, 85, 0,[ 23, 5, 17]],

[ 73, 85, 0,[ 0, 20, 9, 30]],

[ 99, 55, 0,[ 36, 2, 64]],

[ 27, 85, 0,[ 34, 6, 36]],

[ 34, 85, 0,[ 81, 27, 11]],

[ 18, 85, 0,[ 10, 77, 13]],

[ 2, 55, 1,[ 65, 67, 93, 12, 1, 77, 37, 97, 63, 59, 28, 69, 11, 99, 5, 68, 92, 22]],

[ 80, 85, 0,[ 79, 50, 54]],

[ 44, 85, 0,[ 38, 64, 53]],

[ 33, 85, 0,[ 59, 47, 45]],

[ 29, 85, 0,[ 11, 54, 75, 96, 32]],

[ 67, 65, 0,[ 0, 63, 2]],

[ 55, 15, 0,[ 62, 71, 38]],

[ 79, 85, 0,[ 54, 66, 80, 11]],

[ 1, 75, 1,[ 52, 24, 2, 26, 3, 85, 5, 53, 75, 93, 74, 6, 31, 81]],

[ 90, 45, 0,[ 22, 25, 0]],

[ 59, 85, 0,[ 11, 33, 2]],

[ 97, 95, 0,[ 76, 11, 51, 36, 2]],

[ 61, 85, 0,[ 39, 58]],

[ 38, 65, 1,[ 7, 55, 86, 64, 57, 68, 44, 5, 28]],

[ 36, 95, 0,[ 99, 27, 97, 86]],

[ 94, 85, 0,[ 16, 24, 50]],

[ 54, 15, 1,[ 79, 21, 74, 50, 13, 98, 14, 80, 29]],

[ 91, 85, 0,[ 11, 4, 72]],

[ 5, 15, 1,[ 35, 63, 14, 1, 2, 88, 12, 89, 26, 38, 86, 22, 95, 43, 17, 8, 62, 66]],

[ 50, 85, 0,[ 94, 10, 80, 54, 83]],

[ 72, 85, 0,[ 57, 91, 66]],

[ 52, 75, 0,[ 1, 45, 10]],

[ 35, 85, 0,[ 10, 5, 24]],

[ 51, 95, 0,[ 10, 95, 97]],

[ 22, 85, 0,[ 5, 89, 2, 90]],

[ 92, 85, 0,[ 96, 2, 10]],

[ 83, 85, 0,[ 41, 50, 20]],

[ 43, 85, 0,[ 75, 65, 82, 5]],

[ 71, 85, 0,[ 3, 55, 66]],

[ 42, 15, 0,[ 6, 31, 82]],

[ 65, 85, 0,[ 47, 43, 2]],

