[ 47, 35, 0,[ 92, 70, 84]],

[ 45, 25, 0,[ 84, 80, 76]],

[ 14, 25, 0,[ 80, 79]],

[ 46, 25, 0,[ 58, 80, 79]],

[ 22, 95, 0,[ 84, 79, 8]],

[ 70, 25, 0,[ 47, 80, 79]],

[ 99, 25, 0,[ 79, 80]],

[ 40, 25, 0,[ 79, 26, 84]],

[ 79, 5, 1,[ 68, 1, 8, 53, 91, 5, 31, 72, 81, 64, 59, 10, 32, 15, 34, 35, 54, 51, 22, 89, 94, 67, 95, 84, 63, 99, 78, 29, 38, 28, 41, 11, 97, 52, 40, 46, 33, 87, 70, 12, 14, 21, 23, 24, 73, 4, 13, 74, 98, 71, 60, 55, 6, 50]],

[ 51, 25, 0,[ 42, 79, 76]],

[ 77, 25, 1,[ 58, 83, 62]],

[ 3, 25, 0,[ 80, 84]],

[ 72, 25, 0,[ 26, 79, 84]],

[ 11, 25, 0,[ 80, 79]],

[ 38, 25, 0,[ 79, 80]],

[ 57, 25, 0,[ 80, 10, 84, 26]],

[ 94, 25, 0,[ 79, 82]],

[ 32, 25, 0,[ 76, 80, 79]],

[ 91, 25, 0,[ 79, 84]],

[ 80, 15, 1,[ 31, 27, 46, 96, 10, 48, 5, 36, 18, 11, 45, 74, 60, 21, 95, 41, 24, 26, 33, 7, 90, 52, 37, 55, 6, 17, 56, 81, 14, 85, 63, 92, 19, 88, 86, 30, 65, 23, 0, 67, 8, 57, 75, 70, 3, 78, 62, 32, 49, 38, 61, 99, 69]],

[ 49, 25, 0,[ 80]],

[ 16, 25, 0,[ 84, 58, 82]],

[ 58, 95, 1,[ 74, 29, 46, 73, 84, 16, 64, 77, 43, 37, 33, 76]],

[ 97, 25, 0,[ 79, 84, 76]],

[ 2, 25, 0,[ 84, 76]],

[ 18, 25, 0,[ 80, 84, 26]],

[ 50, 25, 0,[ 84, 79]],

[ 59, 25, 0,[ 76, 84, 79]],

[ 76, 35, 1,[ 19, 44, 88, 53, 32, 12, 45, 4, 58, 17, 7, 37, 81, 0, 2, 60, 83, 97, 51, 59]],

[ 92, 35, 0,[ 84, 47, 80]],

[ 60, 25, 0,[ 76, 80, 79]],

[ 29, 25, 0,[ 84, 58, 79]],

[ 31, 25, 0,[ 82, 79, 80]],

[ 67, 25, 0,[ 84, 79, 80]],

[ 56, 25, 0,[ 84, 80, 82]],

[ 1, 25, 0,[ 84, 79, 61]],

[ 61, 25, 0,[ 1, 80, 84]],

[ 54, 25, 0,[ 79, 82, 84]],

[ 28, 35, 0,[ 79, 75]],

[ 89, 25, 0,[ 84, 79]],

[ 33, 25, 0,[ 80, 79, 58]],

[ 88, 25, 0,[ 84, 76, 80]],

[ 44, 25, 0,[ 26, 76]],

[ 86, 25, 0,[ 80, 84]],

[ 5, 25, 0,[ 79, 80, 82]],

[ 53, 25, 0,[ 76, 48, 79]],

[ 0, 25, 0,[ 80, 84, 76]],

[ 9, 25, 0,[ 84, 82]],

[ 98, 25, 0,[ 79, 84]],

[ 84, 65, 1,[ 47, 3, 23, 92, 4, 1, 17, 50, 43, 66, 18, 39, 40, 95, 87, 71, 89, 75, 13, 98, 29, 25, 16, 36, 59, 58, 61, 79, 97, 88, 9, 52, 91, 22, 56, 2, 72, 12, 45, 54, 86, 30, 65, 0, 64, 19, 20, 96, 90, 57, 67]],

[ 34, 25, 0,[ 79, 26]],

[ 10, 95, 0,[ 79, 80, 57]],

[ 81, 25, 0,[ 79, 76, 80]],

[ 66, 25, 0,[ 84, 82, 93]],

[ 75, 25, 0,[ 84, 80, 28]],

[ 17, 25, 0,[ 84, 76, 80]],

[ 15, 25, 0,[ 79, 26, 82]],

[ 30, 25, 0,[ 84, 80]],

[ 68, 25, 0,[ 79, 82]],

[ 87, 25, 0,[ 84, 79]],

[ 35, 25, 0,[ 79]],

[ 52, 25, 0,[ 79, 84, 80]],

[ 39, 25, 0,[ 84]],

[ 37, 25, 0,[ 80, 58, 76]],

[ 27, 25, 0,[ 80, 82]],

[ 8, 25, 0,[ 22, 79, 80]],

[ 19, 25, 0,[ 84, 76, 80]],

[ 83, 25, 1,[ 77, 76, 65]],

[ 23, 25, 0,[ 80, 84, 79]],

[ 36, 25, 0,[ 82, 80, 84]],

[ 24, 25, 0,[ 79, 80]],

[ 4, 25, 0,[ 76, 84, 79]],

[ 74, 25, 0,[ 79, 80, 58]],

[ 90, 25, 0,[ 96, 80, 84]],

[ 7, 35, 0,[ 76, 80]],

[ 25, 25, 0,[ 84]],

[ 48, 25, 0,[ 80, 53]],

[ 55, 25, 0,[ 80, 79, 42]],

[ 20, 25, 0,[ 42, 84]],

[ 62, 35, 0,[ 80, 77]],

[ 71, 25, 0,[ 26, 79, 84]],

[ 85, 25, 0,[ 80]],

[ 63, 25, 0,[ 80, 82, 79]],

[ 69, 25, 0,[ 82, 80]],

[ 95, 25, 0,[ 84, 80, 79]],

[ 73, 25, 0,[ 79, 58, 82]],

[ 41, 25, 0,[ 79, 80, 26]],

[ 6, 25, 0,[ 80, 79, 82]],

[ 26, 55, 1,[ 71, 40, 15, 18, 41, 72, 57, 42, 80, 34, 44]],

[ 65, 35, 0,[ 80, 83, 84]],

[ 82, 35, 1,[ 6, 78, 66, 93, 42, 5, 9, 73, 43, 16, 63, 68, 15, 36, 31, 56, 54, 27, 21, 69, 94]],

[ 93, 95, 0,[ 82, 42, 66]],

[ 43, 25, 0,[ 82, 84, 58]],

[ 12, 95, 0,[ 13, 76, 84, 79]],

[ 42, 95, 1,[ 82, 20, 93, 55, 26, 51]],

[ 21, 25, 0,[ 80, 79, 82]],

[ 13, 25, 0,[ 84, 79, 12]],

[ 96, 25, 0,[ 84, 80, 90]],

[ 78, 25, 0,[ 82, 80, 79]],

[ 64, 25, 0,[ 79, 58, 84]],

