[ 61, 45, 0,[]],

[ 40, 55, 1,[ 78, 87, 59, 10, 47, 44, 54, 46]],

[ 4, 75, 0,[]],

[ 27, 45, 0,[ 90, 19]],

[ 2, 45, 0,[]],

[ 80, 25, 0,[]],

[ 17, 55, 0,[ 10]],

[ 66, 25, 0,[]],

[ 50, 25, 0,[]],

[ 34, 75, 0,[]],

[ 85, 25, 0,[]],

[ 53, 25, 0,[]],

[ 49, 45, 0,[]],

[ 59, 45, 0,[ 40, 90]],

[ 77, 75, 0,[]],

[ 68, 75, 0,[]],

[ 86, 25, 0,[ 87]],

[ 39, 75, 1,[ 55, 10, 19]],

[ 94, 55, 0,[]],

[ 60, 75, 0,[]],

[ 90, 45, 1,[ 59, 46, 30, 27]],

[ 67, 75, 0,[]],

[ 63, 45, 0,[]],

[ 92, 75, 0,[]],

[ 89, 25, 0,[]],

[ 37, 25, 0,[]],

[ 33, 75, 0,[ 83]],

[ 56, 25, 0,[]],

[ 52, 75, 0,[]],

[ 11, 75, 0,[ 19]],

[ 87, 25, 0,[ 15, 40, 86]],

[ 31, 75, 0,[]],

[ 84, 25, 0,[]],

[ 96, 55, 0,[]],

[ 65, 45, 0,[]],

[ 23, 75, 0,[]],

[ 10, 55, 0,[ 17, 40, 39, 43]],

[ 30, 75, 0,[ 54, 90, 78, 83]],

[ 83, 75, 1,[ 30, 33, 55, 47, 78, 20]],

[ 76, 75, 0,[]],

[ 3, 75, 0,[]],

[ 62, 35, 0,[]],

[ 99, 25, 0,[]],

[ 14, 25, 0,[]],

[ 75, 45, 0,[]],

[ 55, 25, 1,[ 39, 78, 83]],

[ 58, 25, 0,[]],

[ 95, 35, 0,[]],

[ 73, 45, 0,[]],

[ 0, 25, 0,[]],

[ 13, 25, 0,[]],

[ 21, 25, 0,[]],

[ 8, 35, 0,[]],

[ 64, 75, 0,[]],

[ 74, 35, 1,[ 20, 98, 44, 15]],

[ 51, 45, 0,[]],

[ 28, 45, 0,[ 46]],

[ 79, 25, 0,[]],

[ 18, 55, 0,[]],

[ 22, 45, 0,[]],

[ 6, 75, 0,[]],

[ 57, 75, 0,[]],

[ 97, 25, 0,[]],

[ 91, 25, 0,[]],

[ 72, 25, 0,[]],

[ 41, 75, 0,[]],

[ 46, 45, 0,[ 40, 90, 28]],

[ 32, 25, 0,[]],

[ 47, 25, 0,[ 83, 40, 15]],

[ 25, 25, 0,[]],

[ 29, 75, 0,[]],

[ 38, 25, 0,[]],

[ 43, 25, 0,[ 10, 15]],

[ 36, 25, 0,[]],

[ 70, 45, 0,[]],

[ 69, 75, 0,[]],

[ 24, 55, 0,[]],

[ 45, 45, 0,[]],

[ 81, 45, 0,[]],

[ 15, 25, 1,[ 74, 87, 78, 47, 43, 19, 98]],

[ 16, 25, 0,[]],

[ 44, 35, 0,[ 40, 74]],

[ 7, 45, 0,[]],

[ 48, 75, 0,[]],

[ 35, 45, 0,[]],

[ 1, 25, 0,[]],

[ 20, 25, 0,[ 74, 83, 98]],

[ 12, 55, 0,[]],

[ 19, 75, 1,[ 98, 27, 15, 42, 39, 11]],

[ 54, 75, 0,[ 30, 40]],

[ 78, 25, 1,[ 15, 55, 30, 42, 40, 83]],

[ 9, 45, 0,[]],

[ 42, 25, 0,[ 19, 78]],

[ 26, 25, 0,[]],

[ 71, 75, 0,[]],

[ 5, 75, 0,[]],

[ 88, 55, 0,[]],

[ 98, 25, 1,[ 20, 15, 74, 19]],

[ 82, 75, 0,[]],

[ 93, 45, 0,[]],

