[ 84, 25, 0,[ 81, 21, 94]],

[ 33, 15, 0,[]],

[ 54, 45, 0,[]],

[ 64, 15, 0,[]],

[ 37, 85, 0,[ 17, 88, 0]],

[ 94, 25, 0,[ 13, 84, 77]],

[ 72, 25, 0,[]],

[ 43, 15, 0,[ 79, 19, 60]],

[ 74, 75, 0,[ 2, 98]],

[ 28, 85, 0,[ 11, 16, 2]],

[ 26, 65, 0,[ 6]],

[ 10, 85, 1,[ 73, 13, 1, 14, 88, 7, 36, 70, 44]],

[ 3, 15, 1,[ 62, 4, 86, 36, 2, 79]],

[ 42, 95, 0,[ 69, 59, 5]],

[ 65, 25, 0,[ 17, 78]],

[ 96, 15, 0,[]],

[ 62, 15, 0,[ 11, 3, 76]],

[ 51, 15, 0,[ 19]],

[ 1, 45, 1,[ 6, 76, 83, 0, 10]],

[ 69, 95, 0,[ 42, 19]],

[ 45, 45, 0,[]],

[ 31, 95, 0,[]],

[ 25, 85, 0,[ 17, 67]],

[ 50, 65, 0,[]],

[ 56, 65, 0,[]],

[ 38, 45, 1,[ 71, 14, 59, 5]],

[ 77, 25, 0,[ 11, 94]],

[ 81, 25, 0,[ 91, 84, 78]],

[ 89, 85, 0,[ 55]],

[ 36, 85, 0,[ 10, 3, 57]],

[ 68, 75, 0,[ 2, 6]],

[ 17, 85, 0,[ 37, 65, 25, 12, 57]],

[ 32, 15, 0,[ 60]],

[ 9, 65, 0,[ 59, 48, 34, 71]],

[ 86, 65, 0,[ 3, 6]],

[ 93, 65, 0,[ 8, 29]],

[ 6, 65, 1,[ 91, 26, 1, 68, 59, 12, 86, 83, 16, 7, 57]],

[ 40, 75, 0,[ 15]],

[ 58, 15, 0,[ 47]],

[ 60, 15, 0,[ 7, 43, 32]],

[ 48, 65, 0,[ 9]],

[ 53, 25, 0,[]],

[ 95, 25, 0,[]],

[ 7, 65, 0,[ 10, 60, 6]],

[ 87, 85, 0,[ 5, 57]],

[ 11, 85, 1,[ 28, 2, 18, 62, 77, 92, 67]],

[ 12, 65, 0,[ 6, 17]],

[ 47, 15, 0,[ 79, 92, 58]],

[ 92, 15, 0,[ 11, 47, 29]],

[ 73, 85, 0,[ 10]],

[ 44, 85, 0,[ 10, 34]],

[ 29, 15, 0,[ 92, 93]],

[ 97, 25, 0,[]],

[ 91, 25, 0,[ 6, 13, 81]],

[ 90, 45, 0,[]],

[ 5, 95, 1,[ 87, 38, 13, 2, 42, 52, 70, 80, 46, 23, 22]],

[ 71, 65, 0,[ 9, 38, 8]],

[ 16, 85, 0,[ 28, 6]],

[ 4, 75, 0,[ 13, 3, 2]],

[ 83, 25, 0,[ 6, 66, 1, 35]],

[ 0, 15, 1,[ 1, 41, 37, 35]],

[ 75, 65, 0,[]],

[ 18, 95, 0,[ 22, 11, 21, 46]],

[ 41, 65, 0,[ 98, 0, 59]],

[ 76, 75, 0,[ 1, 62, 2]],

[ 57, 85, 0,[ 87, 36, 6, 17]],

[ 30, 45, 0,[]],

[ 22, 95, 0,[ 5, 66, 18]],

[ 35, 15, 0,[ 0, 63, 83]],

[ 67, 85, 0,[ 11, 88, 25]],

[ 23, 95, 0,[ 5]],

[ 2, 75, 1,[ 21, 28, 80, 3, 14, 15, 13, 76, 11, 4, 68, 5, 74]],

[ 13, 25, 1,[ 94, 66, 21, 4, 78, 91, 2, 5, 10]],

[ 20, 15, 0,[]],

[ 34, 85, 0,[ 44, 9]],

[ 88, 85, 0,[ 10, 37, 67]],

[ 59, 65, 0,[ 42, 38, 41, 9, 6]],

[ 52, 95, 0,[ 5]],

[ 46, 95, 0,[ 5, 18]],

[ 15, 75, 0,[ 2, 8, 40]],

[ 82, 45, 0,[]],

[ 98, 75, 0,[ 41, 74]],

[ 39, 45, 0,[]],

[ 49, 65, 0,[]],

[ 70, 85, 0,[ 10, 5, 55]],

[ 66, 25, 0,[ 83, 13, 22]],

[ 24, 15, 0,[]],

[ 63, 15, 0,[ 35]],

[ 19, 15, 0,[ 51, 69, 43]],

[ 85, 95, 0,[]],

[ 61, 15, 0,[]],

[ 80, 95, 0,[ 2, 5]],

[ 21, 25, 0,[ 84, 2, 13, 18]],

[ 27, 65, 0,[]],

[ 8, 65, 0,[ 15, 93, 71]],

[ 14, 85, 0,[ 10, 38, 2]],

[ 99, 15, 0,[]],

[ 55, 85, 0,[ 89, 70]],

[ 78, 25, 0,[ 81, 13, 65]],

[ 79, 15, 0,[ 43, 47, 3]],

