[ 98, 75, 0,[ 14, 45, 89, 28]],

[ 23, 75, 0,[ 2, 8, 30]],

[ 87, 75, 0,[ 10, 35, 60]],

[ 79, 25, 0,[ 78, 3, 5]],

[ 47, 15, 0,[ 2, 0, 11]],

[ 22, 65, 0,[ 21, 95, 11, 0]],

[ 55, 15, 0,[ 83, 6, 66]],

[ 21, 65, 0,[ 0, 2, 22]],

[ 80, 45, 0,[ 0, 5, 45]],

[ 78, 75, 0,[ 79, 90, 9, 74, 49]],

[ 39, 75, 0,[ 67, 27, 6]],

[ 82, 75, 0,[ 11, 86, 89]],

[ 69, 15, 0,[ 75, 24, 83]],

[ 81, 75, 0,[ 56, 29, 5]],

[ 76, 25, 0,[ 70, 6, 38]],

[ 20, 75, 0,[ 11, 6, 16, 99]],

[ 5, 85, 1,[ 26, 99, 29, 79, 24, 80, 32, 81, 73, 77, 90, 42, 9]],

[ 94, 25, 0,[ 38, 1, 95, 65, 0]],

[ 61, 75, 0,[ 7, 64, 72, 0]],

[ 29, 75, 0,[ 5, 18, 63, 81]],

[ 77, 75, 0,[ 93, 5, 46]],

[ 72, 75, 0,[ 50, 15, 61]],

[ 38, 95, 1,[ 41, 94, 76, 49, 35, 74, 97, 31, 50, 18, 59]],

[ 24, 45, 0,[ 5, 69, 96]],

[ 10, 45, 1,[ 44, 32, 64, 88, 87, 59, 16, 8]],

[ 66, 75, 0,[ 17, 55, 35, 85]],

[ 90, 75, 0,[ 43, 78, 5]],

[ 75, 75, 0,[ 69, 57, 18]],

[ 86, 75, 0,[ 45, 63, 17, 6, 82]],

[ 41, 25, 0,[ 38, 13, 3]],

[ 70, 75, 0,[ 3, 65, 40, 85, 76]],

[ 84, 25, 0,[ 6, 34, 31]],

[ 9, 75, 0,[ 78, 5, 33]],

[ 32, 75, 0,[ 68, 5, 10, 18]],

[ 6, 95, 1,[ 55, 45, 20, 88, 84, 86, 76, 34, 40, 71, 51, 39]],

[ 35, 45, 1,[ 46, 37, 16, 43, 87, 66, 38]],

[ 7, 75, 0,[ 17, 61, 36]],

[ 92, 75, 0,[ 25, 50, 53]],

[ 59, 25, 0,[ 37, 38, 10]],

[ 17, 75, 0,[ 7, 86, 66, 30]],

[ 50, 75, 0,[ 57, 38, 26, 72, 92]],

[ 12, 35, 0,[ 95, 0, 42]],

[ 19, 75, 0,[ 2, 33, 16]],

[ 31, 25, 0,[ 84, 18, 38]],

[ 85, 75, 0,[ 66, 11, 70, 49]],

[ 68, 75, 0,[ 32, 89, 56]],

[ 43, 75, 0,[ 15, 90, 35]],

[ 73, 75, 0,[ 33, 5, 91]],

[ 52, 75, 0,[ 4, 46, 11]],

[ 40, 75, 0,[ 70, 4, 6]],

[ 8, 75, 0,[ 10, 23, 0, 28]],

[ 56, 75, 0,[ 15, 81, 68]],

[ 53, 95, 0,[ 92, 26, 2]],

[ 71, 65, 0,[ 64, 6, 11]],

[ 65, 25, 0,[ 70, 94, 1]],

[ 30, 75, 0,[ 0, 17, 23]],

[ 34, 95, 0,[ 2, 84, 6]],

[ 0, 5, 1,[ 8, 21, 30, 2, 12, 25, 97, 47, 94, 22, 62, 61, 80]],

[ 18, 75, 0,[ 31, 29, 75, 32, 38, 14]],

[ 54, 25, 0,[ 1, 2, 25]],

[ 51, 65, 0,[ 6, 48, 11]],

[ 25, 75, 0,[ 92, 0, 54]],

[ 13, 75, 0,[ 41, 63, 2, 36, 60]],

[ 58, 75, 0,[ 93, 14, 3]],

[ 91, 75, 0,[ 11, 74, 73, 4]],

[ 42, 75, 0,[ 48, 5, 12]],

[ 89, 75, 0,[ 98, 68, 82]],

[ 26, 75, 0,[ 5, 49, 50, 53]],

[ 28, 75, 0,[ 27, 8, 98]],

[ 14, 75, 0,[ 98, 18, 58, 36]],

[ 49, 75, 0,[ 26, 85, 78, 38]],

[ 11, 45, 1,[ 47, 52, 64, 51, 22, 60, 71, 2, 82, 85, 20, 91]],

[ 96, 5, 0,[ 24, 48, 88]],

[ 2, 55, 1,[ 19, 48, 23, 11, 54, 21, 47, 34, 0, 53, 13]],

[ 60, 75, 0,[ 67, 11, 3, 87, 13]],

[ 48, 75, 0,[ 51, 2, 96, 42]],

[ 99, 75, 0,[ 20, 15, 5]],

[ 36, 75, 0,[ 7, 13, 44, 14]],

[ 57, 75, 0,[ 75, 3, 50, 1]],

[ 88, 25, 0,[ 10, 6, 96]],

[ 83, 15, 0,[ 69, 62, 3, 55]],

[ 1, 85, 1,[ 54, 57, 65, 94]],

[ 95, 35, 0,[ 22, 94, 12]],

[ 62, 15, 0,[ 83, 0, 3]],

[ 16, 75, 0,[ 10, 20, 19, 35]],

[ 15, 75, 0,[ 43, 56, 99, 72]],

[ 37, 75, 0,[ 59, 67, 35]],

[ 93, 75, 0,[ 77, 58, 27]],

[ 74, 75, 0,[ 91, 78, 38]],

[ 64, 75, 0,[ 10, 61, 71, 11]],

[ 44, 25, 0,[ 3, 10, 36]],

[ 27, 75, 0,[ 39, 93, 97, 28]],

[ 45, 75, 0,[ 86, 98, 80, 6]],

[ 33, 75, 0,[ 9, 19, 73]],

[ 63, 75, 0,[ 86, 29, 13]],

[ 4, 75, 0,[ 52, 91, 40]],

[ 3, 45, 1,[ 70, 79, 83, 58, 44, 57, 62, 60, 41]],

[ 97, 15, 0,[ 0, 27, 38]],

[ 67, 75, 0,[ 39, 60, 37]],

[ 46, 75, 0,[ 52, 35, 77]],

[ 47, 45, 0,[ 17, 11, 38, 92, 59]],

[ 33, 15, 0,[ 19, 61, 89, 13, 86]],

[ 67, 75, 0,[ 41, 1, 16]],

[ 43, 15, 0,[ 6, 84, 15]],

[ 38, 95, 1,[ 9, 47, 24, 37, 84, 90, 61, 12, 75, 16, 31]],

[ 74, 55, 0,[ 23, 34, 3]],

[ 45, 15, 0,[ 3, 32, 2, 22]],

[ 7, 45, 0,[ 13, 90, 50]],

[ 76, 65, 0,[ 21, 6, 1]],

[ 32, 15, 0,[ 14, 71, 94, 45]],

[ 29, 35, 0,[ 22, 5, 6]],

[ 95, 15, 0,[ 36, 8, 2, 73, 26, 44]],

[ 58, 35, 0,[ 5, 1, 94, 10]],

[ 44, 15, 0,[ 95, 3, 55]],

[ 91, 25, 0,[ 14, 0, 3]],

[ 61, 15, 0,[ 36, 38, 33]],

[ 13, 15, 1,[ 2, 33, 7, 51, 42, 86, 25, 21, 69, 30]],

[ 25, 15, 0,[ 13, 10, 21]],

[ 46, 15, 0,[ 22, 21, 19]],

[ 87, 15, 0,[ 65, 10, 66]],

[ 42, 15, 0,[ 13, 4, 10]],

[ 41, 45, 0,[ 11, 60, 79, 67]],

[ 1, 55, 1,[ 76, 5, 83, 85, 65, 56, 34, 10, 79, 48, 58, 67, 2, 50]],

[ 39, 15, 0,[ 4, 78, 0]],

[ 51, 15, 0,[ 13, 10, 22]],

[ 14, 15, 0,[ 32, 91, 53]],

[ 62, 15, 0,[ 68, 78, 63]],

[ 28, 15, 0,[ 84, 88, 11]],

[ 78, 15, 0,[ 99, 62, 75, 39, 70]],

[ 9, 15, 0,[ 99, 38, 89]],

[ 3, 65, 1,[ 98, 91, 73, 80, 19, 45, 63, 48, 97, 2, 60, 30, 74, 44]],

[ 73, 15, 0,[ 3, 69, 98, 95]],

[ 72, 15, 0,[ 52, 66]],

[ 64, 15, 0,[ 11, 8, 70]],

[ 92, 45, 0,[ 93, 6, 47]],

[ 56, 15, 0,[ 1, 66, 31]],

[ 5, 5, 1,[ 26, 8, 29, 58, 93, 86, 49, 1]],

[ 98, 65, 0,[ 3, 6, 73]],

[ 96, 15, 0,[ 84, 10, 85]],

[ 80, 45, 0,[ 3, 10, 31]],

[ 49, 35, 0,[ 75, 2, 5]],

[ 48, 25, 0,[ 3, 1, 68]],

[ 19, 15, 0,[ 46, 3, 33]],

[ 27, 15, 0,[ 35, 10, 36, 11]],

[ 6, 85, 1,[ 15, 12, 43, 92, 76, 98, 34, 29]],

[ 57, 35, 0,[ 30, 10, 82]],

[ 88, 15, 0,[ 28, 0, 89, 97]],

[ 20, 15, 0,[ 79, 37, 85, 83, 10]],

[ 35, 15, 0,[ 27, 85, 18, 66]],

[ 16, 15, 0,[ 23, 67, 38]],

[ 53, 15, 0,[ 0, 26, 14]],

[ 81, 15, 0,[ 63, 52, 54]],

[ 12, 65, 0,[ 6, 38, 94]],

[ 93, 45, 0,[ 24, 68, 5, 92]],

[ 15, 45, 0,[ 6, 60, 43]],

[ 21, 15, 0,[ 25, 76, 46, 13, 82, 37]],

[ 85, 15, 0,[ 35, 20, 1, 96, 4]],

[ 4, 15, 0,[ 42, 85, 39]],

[ 69, 15, 0,[ 13, 73, 2]],

[ 94, 65, 0,[ 58, 32, 12]],

[ 84, 15, 0,[ 28, 96, 38, 43]],

[ 31, 45, 0,[ 38, 80, 56]],

[ 52, 15, 0,[ 2, 72, 11, 81]],

[ 66, 15, 0,[ 10, 35, 87, 72, 56]],

[ 63, 15, 0,[ 81, 3, 10, 62]],

[ 55, 15, 0,[ 23, 71, 44]],

[ 24, 45, 0,[ 59, 93, 2, 38]],

[ 77, 35, 0,[ 11, 97, 2]],

[ 11, 55, 1,[ 47, 83, 41, 28, 99, 52, 27, 26, 18, 17, 77, 64]],

[ 37, 15, 0,[ 38, 21, 20]],

[ 99, 15, 0,[ 9, 11, 78, 2]],

[ 40, 15, 0,[ 23, 0, 65]],

[ 97, 15, 0,[ 3, 77, 82, 88]],

[ 8, 15, 0,[ 5, 64, 2, 95]],

[ 50, 75, 0,[ 10, 0, 1, 7]],

[ 75, 45, 0,[ 78, 49, 38]],

[ 83, 35, 0,[ 11, 20, 1]],

[ 90, 45, 0,[ 7, 70, 38]],

[ 36, 15, 0,[ 61, 27, 95]],

[ 68, 45, 0,[ 2, 48, 93, 59, 62]],

[ 34, 55, 0,[ 1, 74, 6]],

[ 17, 5, 0,[ 2, 11, 47]],

[ 18, 15, 0,[ 35, 0, 11, 54]],

[ 86, 15, 0,[ 5, 13, 33]],

[ 79, 75, 0,[ 41, 20, 1]],

[ 71, 15, 0,[ 10, 55, 0, 32]],

[ 26, 15, 0,[ 5, 53, 11, 54, 95]],

[ 54, 15, 0,[ 81, 26, 18]],

[ 0, 5, 1,[ 53, 82, 88, 91, 71, 39, 18, 2, 50, 40]],

[ 60, 45, 0,[ 3, 41, 15]],

[ 10, 95, 1,[ 25, 50, 57, 71, 87, 63, 27, 58, 51, 66, 20, 1, 80, 96, 42]],

[ 65, 15, 0,[ 1, 40, 87]],

[ 70, 15, 0,[ 78, 90, 64]],

[ 89, 15, 0,[ 9, 88, 33]],

[ 30, 25, 0,[ 57, 3, 13]],

[ 23, 15, 0,[ 40, 16, 55, 74]],

[ 2, 5, 1,[ 45, 13, 1, 0, 24, 52, 17, 99, 3, 49, 77, 69, 68, 95, 8]],

[ 22, 15, 0,[ 51, 46, 29, 45]],

[ 82, 15, 0,[ 97, 0, 21, 57]],

[ 59, 45, 0,[ 47, 24, 68]],

