[ 78, 35, 0,[]],

[ 1, 75, 0,[ 33, 90]],

[ 87, 35, 0,[ 9]],

[ 51, 35, 0,[ 19, 80]],

[ 52, 35, 0,[ 59, 81, 62]],

[ 67, 35, 0,[ 19, 12]],

[ 12, 35, 0,[ 16, 82, 67, 90, 6, 97, 63]],

[ 4, 85, 0,[ 15, 55, 91]],

[ 83, 5, 0,[]],

[ 5, 5, 0,[ 95, 59]],

[ 17, 85, 0,[ 57, 59, 93]],

[ 9, 35, 0,[ 39, 87, 35]],

[ 6, 35, 0,[ 32, 47, 12]],

[ 18, 5, 0,[ 59, 91, 62]],

[ 69, 5, 0,[]],

[ 61, 35, 0,[ 15, 77, 22, 39, 62]],

[ 94, 5, 0,[]],

[ 95, 35, 0,[ 5, 68, 80]],

[ 92, 5, 0,[]],

[ 10, 55, 0,[]],

[ 43, 55, 0,[]],

[ 29, 85, 0,[]],

[ 54, 35, 0,[ 49, 33]],

[ 25, 55, 0,[]],

[ 66, 35, 0,[]],

[ 30, 85, 0,[ 93, 55, 35]],

[ 32, 35, 0,[ 6, 56, 62]],

[ 23, 75, 0,[]],

[ 50, 85, 0,[]],

[ 41, 85, 1,[ 98, 64, 88]],

[ 77, 35, 0,[ 42, 89, 61]],

[ 71, 5, 0,[]],

[ 56, 5, 1,[ 27, 38, 32, 89, 42]],

[ 35, 45, 0,[ 73, 9, 30, 91, 59]],

[ 72, 5, 0,[]],

[ 86, 75, 0,[ 2, 21]],

[ 58, 75, 0,[ 33]],

[ 0, 55, 0,[]],

[ 59, 5, 1,[ 17, 52, 96, 5, 34, 18, 35]],

[ 20, 85, 0,[]],

[ 74, 75, 0,[ 34, 98]],

[ 96, 35, 0,[ 62, 82, 59]],

[ 11, 85, 0,[]],

[ 98, 75, 0,[ 33, 74, 41]],

[ 37, 75, 0,[]],

[ 46, 85, 0,[]],

[ 24, 35, 0,[ 21, 91, 39]],

[ 2, 75, 0,[ 86, 33, 57]],

[ 33, 75, 1,[ 2, 68, 54, 3, 88, 58, 98, 1]],

[ 44, 5, 0,[]],

[ 22, 35, 0,[ 63, 34, 61]],

[ 28, 35, 0,[ 80, 90, 89]],

[ 63, 35, 0,[ 22, 12]],

[ 7, 35, 0,[]],

[ 40, 5, 0,[]],

[ 81, 35, 0,[ 47, 79, 52]],

[ 8, 85, 0,[ 89, 57, 42]],

[ 45, 5, 0,[]],

[ 79, 35, 0,[ 81]],

[ 39, 35, 0,[ 24, 9, 61]],

[ 21, 35, 0,[ 64, 3, 24, 86]],

[ 99, 85, 0,[]],

[ 62, 35, 1,[ 64, 96, 32, 27, 18, 52, 80, 61]],

[ 13, 35, 0,[]],

[ 97, 35, 0,[ 12]],

[ 19, 35, 0,[ 51, 67, 68, 84]],

[ 3, 75, 0,[ 21, 33]],

[ 55, 85, 0,[ 30, 4]],

[ 14, 35, 0,[]],

[ 76, 55, 0,[]],

[ 80, 35, 1,[ 95, 51, 28, 62]],

[ 31, 85, 0,[]],

[ 93, 85, 0,[ 30, 17]],

[ 47, 35, 0,[ 91, 6, 81]],

[ 85, 5, 0,[]],

[ 84, 35, 0,[ 19]],

[ 38, 5, 0,[ 56]],

[ 16, 35, 0,[ 15, 12]],

[ 68, 35, 0,[ 95, 33, 19]],

[ 27, 35, 0,[ 42, 62, 56]],

[ 88, 75, 0,[ 41, 64, 33]],

[ 91, 45, 1,[ 82, 47, 4, 35, 64, 18, 24]],

[ 15, 35, 0,[ 16, 61, 4]],

[ 48, 45, 0,[]],

[ 53, 55, 0,[]],

[ 82, 35, 0,[ 12, 96, 91]],

[ 89, 55, 1,[ 28, 77, 8, 64, 56]],

[ 42, 85, 1,[ 8, 77, 27, 56]],

[ 70, 5, 0,[]],

[ 36, 55, 0,[]],

[ 60, 35, 0,[]],

[ 49, 35, 0,[ 54, 64]],

[ 57, 85, 0,[ 8, 17, 2]],

[ 73, 45, 0,[ 35]],

[ 90, 35, 0,[ 28, 1, 12]],

[ 64, 35, 1,[ 88, 41, 89, 62, 21, 49, 91]],

[ 75, 75, 0,[]],

[ 65, 35, 0,[]],

[ 34, 35, 0,[ 59, 74, 22]],

[ 26, 55, 0,[]],

