[ 57, 75, 0,[ 46, 47, 18, 70]],

[ 20, 75, 0,[ 95, 61, 25]],

[ 64, 75, 0,[ 55, 5]],

[ 85, 75, 0,[ 15, 90, 2, 58]],

[ 27, 75, 0,[ 81, 91, 25]],

[ 49, 75, 0,[ 8, 1, 86]],

[ 80, 75, 0,[ 16, 96, 54]],

[ 13, 75, 0,[ 99, 38, 90]],

[ 87, 75, 0,[ 62, 53, 71]],

[ 56, 75, 0,[ 46, 92, 38]],

[ 72, 75, 0,[ 29, 77, 48]],

[ 58, 75, 0,[ 44, 86, 85]],

[ 16, 65, 1,[ 69, 80, 43, 48]],

[ 78, 75, 0,[ 67, 4, 98]],

[ 19, 75, 0,[ 59, 42, 0, 30]],

[ 91, 75, 0,[ 27, 42, 23]],

[ 83, 75, 0,[ 65, 8, 1]],

[ 24, 75, 0,[ 17, 32, 0]],

[ 66, 75, 0,[ 31, 43]],

[ 35, 75, 0,[ 23]],

[ 65, 75, 0,[ 1, 17, 83]],

[ 5, 75, 1,[ 28, 0, 64]],

[ 0, 95, 1,[ 19, 54, 5, 1, 6, 40, 24]],

[ 41, 75, 0,[ 8, 92, 11]],

[ 51, 75, 0,[ 23, 12, 94]],

[ 3, 75, 1,[ 31, 10, 43]],

[ 59, 75, 0,[ 11, 26, 19]],

[ 63, 75, 0,[ 60, 95, 34]],

[ 37, 75, 0,[ 42, 79]],

[ 71, 75, 0,[ 87, 4, 98, 25, 62]],

[ 79, 75, 0,[ 37, 93, 84]],

[ 92, 75, 0,[ 9, 56, 47, 41, 45, 6]],

[ 96, 75, 0,[ 88, 22, 80]],

[ 73, 75, 0,[ 93, 99, 8]],

[ 6, 75, 1,[ 92, 97, 0]],

[ 18, 75, 0,[ 2, 22, 57]],

[ 43, 75, 0,[ 3, 39, 61, 66, 16]],

[ 44, 75, 0,[ 11, 48, 58, 21]],

[ 90, 75, 0,[ 38, 13, 85]],

[ 2, 45, 1,[ 18, 47, 1, 85, 12, 28, 88]],

[ 99, 75, 0,[ 14, 13, 73]],

[ 54, 75, 0,[ 0, 80, 7]],

[ 22, 75, 0,[ 96, 81, 18]],

[ 76, 75, 0,[ 33, 28]],

[ 60, 75, 0,[ 23, 63, 53]],

[ 82, 75, 0,[ 25, 93, 30]],

[ 11, 15, 1,[ 42, 44, 46, 94, 88, 41, 59]],

[ 52, 75, 0,[ 97]],

[ 97, 75, 0,[ 52, 8, 62, 6, 39]],

[ 68, 75, 0,[ 94]],

[ 77, 75, 0,[ 72, 17]],

[ 26, 75, 0,[ 4, 89, 61, 59]],

[ 74, 95, 0,[ 36, 38]],

[ 30, 75, 0,[ 7, 19, 45, 50, 82]],

[ 50, 75, 0,[ 7, 89, 30]],

[ 69, 75, 0,[ 16, 39]],

[ 48, 75, 0,[ 44, 72, 16]],

[ 29, 75, 0,[ 81, 72, 88]],

[ 28, 75, 0,[ 76, 5, 2, 9, 7, 34]],

[ 25, 75, 0,[ 82, 20, 27, 39, 71]],

[ 33, 75, 0,[ 32, 76, 53, 17]],

[ 7, 75, 0,[ 28, 50, 30, 54]],

[ 8, 75, 0,[ 97, 41, 83, 49, 73]],

[ 4, 75, 0,[ 78, 67, 26, 71]],

[ 88, 15, 0,[ 29, 2, 96, 11]],

[ 40, 75, 0,[ 21, 32, 0]],

[ 94, 75, 0,[ 86, 75, 51, 11, 68]],

[ 32, 75, 0,[ 33, 40, 24]],

[ 86, 75, 0,[ 14, 49, 58, 94]],

[ 53, 75, 0,[ 87, 33, 60]],

[ 36, 75, 0,[ 34, 15, 74]],

[ 9, 75, 0,[ 92, 28, 39]],

[ 47, 45, 0,[ 92, 57, 2]],

[ 55, 75, 0,[ 64, 12]],

[ 84, 75, 0,[ 79, 70]],

[ 38, 95, 1,[ 90, 13, 74, 70, 56, 95, 10]],

[ 61, 75, 0,[ 26, 43, 20]],

[ 45, 75, 0,[ 39, 92, 30]],

[ 89, 75, 0,[ 50, 26]],

[ 1, 65, 1,[ 83, 0, 49, 65, 2]],

[ 10, 75, 1,[ 3, 15, 38]],

[ 98, 75, 0,[ 12, 71, 78]],

[ 81, 75, 0,[ 22, 29, 27]],

[ 42, 75, 0,[ 19, 37, 11, 91]],

[ 46, 75, 0,[ 31, 11, 56, 57]],

[ 34, 75, 0,[ 36, 28, 63]],

[ 95, 75, 0,[ 63, 38, 20]],

[ 15, 75, 0,[ 21, 14, 85, 10, 36]],

[ 14, 75, 0,[ 86, 15, 99]],

[ 31, 75, 0,[ 46, 3, 66]],

[ 23, 75, 0,[ 60, 35, 51, 91, 75]],

[ 70, 75, 0,[ 38, 75, 57, 84]],

[ 17, 75, 0,[ 33, 77, 65, 24]],

[ 62, 75, 0,[ 97, 87, 71]],

[ 21, 75, 0,[ 40, 44, 15]],

[ 93, 75, 0,[ 79, 82, 73]],

[ 12, 75, 0,[ 51, 98, 2, 55]],

[ 67, 75, 0,[ 4, 78]],

[ 39, 75, 0,[ 45, 9, 69, 25, 43, 97]],

[ 75, 75, 0,[ 23, 94, 70]],

