[ 64, 5, 1,[ 28, 35, 38, 87]],

[ 31, 25, 1,[ 47, 82, 20]],

[ 83, 5, 0,[ 99, 67, 32, 58]],

[ 45, 15, 1,[ 7, 27, 51, 12, 49, 16]],

[ 20, 25, 0,[ 49, 31, 94]],

[ 90, 5, 0,[ 81, 6, 84]],

[ 24, 55, 1,[ 7, 47, 72, 32]],

[ 56, 65, 1,[ 37, 13, 43]],

[ 34, 15, 0,[ 68, 73, 9]],

[ 95, 55, 1,[ 43, 63, 0, 27]],

[ 55, 65, 0,[ 41, 66, 96]],

[ 74, 95, 1,[ 18, 8, 93]],

[ 17, 45, 0,[ 61, 75, 15, 26]],

[ 92, 5, 1,[ 25, 40, 29, 47]],

[ 33, 5, 1,[ 70, 57, 61]],

[ 87, 15, 0,[ 64, 82, 21]],

[ 1, 15, 0,[ 71, 58]],

[ 11, 85, 0,[ 82, 78, 86]],

[ 22, 45, 0,[ 93, 51, 3, 52, 44]],

[ 14, 15, 0,[ 98, 61, 30]],

[ 75, 95, 1,[ 69, 18, 17]],

[ 5, 95, 0,[ 72, 94, 60]],

[ 32, 15, 0,[ 21, 24, 83]],

[ 73, 85, 1,[ 34, 21, 3]],

[ 62, 45, 1,[ 65, 60, 80]],

[ 48, 15, 0,[ 46, 59, 25]],

[ 47, 65, 1,[ 31, 24, 38, 92]],

[ 59, 35, 1,[ 23, 89, 53, 48]],

[ 84, 15, 1,[ 42, 79, 90]],

[ 61, 95, 1,[ 4, 14, 36, 33, 68, 17]],

[ 39, 95, 1,[ 44, 69, 91, 18, 12]],

[ 96, 45, 1,[ 55, 93, 43]],

[ 18, 85, 0,[ 75, 39, 74, 66]],

[ 50, 5, 1,[ 6, 89, 72]],

[ 9, 15, 0,[ 35, 34, 21]],

[ 3, 15, 0,[ 54, 22, 73]],

[ 79, 45, 1,[ 84, 38, 42]],

[ 36, 15, 0,[ 68, 10, 61]],

[ 78, 15, 1,[ 42, 91, 46, 11, 81]],

[ 60, 55, 1,[ 62, 5, 40, 37]],

[ 44, 75, 1,[ 22, 13, 39]],

[ 89, 5, 0,[ 59, 50, 54]],

[ 4, 5, 0,[ 99, 61, 6]],

[ 99, 5, 0,[ 57, 4, 83]],

[ 80, 25, 1,[ 53, 93, 62]],

[ 53, 5, 0,[ 81, 59, 80]],

[ 23, 25, 1,[ 58, 59, 26]],

[ 54, 5, 0,[ 89, 3, 41, 76]],

[ 67, 5, 0,[ 65, 83, 86]],

[ 88, 5, 0,[ 70, 8, 71]],

[ 25, 85, 0,[ 48, 92, 82]],

[ 7, 45, 0,[ 45, 71, 24]],

[ 68, 55, 1,[ 61, 36, 29, 38, 28, 34]],

[ 70, 45, 1,[ 13, 88, 33]],

[ 8, 75, 0,[ 52, 88, 74, 26]],

[ 40, 45, 1,[ 92, 60, 46]],

[ 2, 45, 0,[ 42, 41]],

[ 43, 5, 0,[ 96, 56, 95]],

[ 76, 25, 1,[ 58, 54, 29]],

[ 30, 15, 0,[ 65, 98, 85, 27, 14]],

[ 58, 45, 1,[ 97, 1, 76, 23, 10, 83]],

[ 29, 5, 0,[ 92, 68, 76]],

[ 98, 5, 1,[ 97, 14, 30]],

[ 15, 15, 1,[ 65, 10, 17]],

[ 42, 85, 0,[ 2, 78, 79, 84]],

[ 72, 95, 0,[ 50, 5, 24]],

[ 85, 15, 0,[ 30, 21, 10]],

[ 27, 5, 0,[ 30, 95, 45]],

[ 26, 55, 1,[ 23, 8, 17]],

[ 19, 35, 1,[ 16, 91]],

[ 66, 85, 1,[ 55, 12, 18]],

[ 37, 65, 0,[ 57, 56, 60]],

[ 51, 85, 1,[ 0, 45, 22]],

[ 21, 15, 0,[ 73, 9, 85, 87, 32]],

[ 12, 75, 0,[ 39, 66, 45]],

[ 81, 15, 1,[ 78, 90, 53, 52, 13]],

[ 69, 55, 1,[ 75, 39, 38]],

[ 82, 25, 1,[ 31, 25, 87, 11, 49]],

[ 0, 45, 0,[ 94, 51, 95]],

[ 97, 25, 1,[ 77, 98, 58]],

[ 91, 45, 1,[ 39, 19, 78]],

[ 10, 25, 0,[ 85, 57, 58, 36, 15]],

[ 86, 45, 1,[ 67, 11, 71]],

[ 41, 15, 1,[ 2, 54, 55, 63]],

[ 63, 5, 1,[ 95, 41, 77]],

[ 28, 5, 0,[ 68, 64]],

[ 35, 95, 0,[ 9, 64, 77]],

[ 46, 15, 0,[ 48, 40, 78]],

[ 13, 5, 0,[ 70, 44, 16, 56, 81]],

[ 77, 45, 1,[ 97, 35, 63]],

[ 71, 75, 1,[ 86, 88, 1, 7]],

[ 52, 75, 0,[ 81, 8, 22]],

[ 65, 5, 1,[ 30, 67, 15, 62]],

[ 16, 75, 0,[ 13, 45, 19]],

[ 6, 5, 0,[ 4, 90, 50]],

[ 94, 5, 1,[ 20, 0, 5]],

[ 38, 25, 0,[ 64, 79, 68, 47, 69]],

[ 57, 25, 0,[ 33, 10, 99, 37]],

[ 49, 95, 1,[ 20, 45, 82]],

[ 93, 85, 1,[ 80, 22, 96, 74]],

[ 64, 75, 1,[ 89, 4, 70]],

[ 58, 85, 1,[ 60, 46, 85, 57, 14]],

[ 76, 95, 1,[ 93, 66, 20, 50, 30]],

[ 95, 75, 1,[ 5, 52, 29, 74, 45]],

[ 39, 35, 1,[ 38, 37, 77, 11]],

[ 88, 25, 0,[ 26, 62, 31, 37]],

[ 31, 65, 1,[ 86, 88, 72, 8]],

[ 66, 75, 1,[ 33, 43, 47, 76, 57]],

[ 55, 25, 1,[ 81, 54, 70]],

[ 62, 35, 1,[ 32, 88, 10, 51, 91, 89]],

[ 94, 5, 1,[ 36, 23, 78, 46, 26]],

[ 24, 75, 0,[ 0, 43, 47]],

[ 68, 75, 1,[ 60, 56, 86, 26]],

[ 27, 15, 0,[ 53, 59, 80, 84]],

[ 91, 25, 1,[ 83, 62, 48]],

[ 26, 35, 1,[ 71, 40, 21, 68, 17, 94, 88]],

[ 13, 35, 0,[ 75, 49, 1]],

[ 10, 15, 0,[ 84, 62, 79]],

[ 38, 5, 0,[ 93, 99, 39, 15]],

[ 59, 5, 1,[ 35, 86, 72, 28, 33, 27]],

[ 46, 65, 0,[ 72, 94, 58]],

[ 96, 95, 1,[ 42, 87, 32]],

[ 34, 25, 0,[ 56, 3, 63]],

[ 0, 75, 0,[ 99, 65, 54, 24]],

[ 71, 95, 1,[ 2, 28, 26]],

[ 30, 45, 0,[ 16, 76, 6, 69]],

[ 67, 55, 1,[ 61, 29, 1]],

[ 6, 45, 0,[ 30, 93, 40]],

[ 60, 15, 0,[ 58, 68, 41]],

[ 2, 15, 0,[ 71, 42, 53]],

[ 90, 55, 1,[ 74, 21, 16]],

[ 87, 95, 1,[ 29, 96, 65]],

[ 97, 45, 1,[ 86, 20, 81]],

[ 86, 35, 1,[ 31, 21, 68, 15, 97, 59]],

[ 79, 35, 1,[ 10, 42, 7, 33]],

[ 33, 45, 1,[ 59, 66, 79]],

[ 1, 65, 0,[ 13, 8, 67, 63]],

[ 16, 15, 0,[ 90, 74, 30, 9]],

[ 74, 15, 0,[ 95, 90, 16]],

[ 99, 5, 1,[ 0, 56, 93, 38]],

[ 17, 25, 0,[ 37, 26, 81]],

[ 32, 5, 0,[ 15, 19, 96, 62, 49]],

[ 28, 75, 0,[ 69, 71, 59]],

[ 20, 35, 0,[ 76, 47, 97]],

[ 18, 5, 0,[ 53, 80]],

[ 82, 25, 1,[ 80, 73, 9]],

[ 52, 65, 0,[ 61, 56, 95]],

[ 61, 65, 0,[ 67, 36, 52]],

[ 72, 5, 0,[ 46, 59, 31]],

[ 37, 25, 0,[ 39, 17, 88]],

[ 93, 45, 1,[ 76, 38, 99, 6]],

[ 23, 35, 1,[ 47, 94, 98]],

[ 7, 75, 0,[ 79, 77, 12]],

[ 5, 5, 0,[ 92, 95, 89]],

[ 8, 95, 0,[ 42, 1, 31]],

[ 54, 75, 0,[ 55, 0, 9]],

[ 81, 95, 1,[ 97, 55, 17, 43]],

[ 42, 95, 1,[ 79, 2, 96, 8]],

[ 50, 15, 0,[ 76, 69, 53]],

[ 47, 75, 1,[ 19, 24, 66, 23, 20]],

[ 25, 15, 0,[ 44, 75, 78]],

[ 83, 65, 0,[ 56, 51, 91]],

[ 84, 35, 1,[ 27, 3, 10]],

[ 80, 85, 1,[ 82, 18, 27, 44]],

[ 56, 85, 1,[ 34, 52, 68, 83, 99]],

[ 14, 55, 0,[ 73, 58, 78]],

[ 92, 5, 1,[ 75, 5, 11, 45, 73]],

[ 19, 15, 1,[ 49, 35, 47, 32]],

[ 70, 95, 1,[ 55, 65, 64]],

[ 98, 5, 1,[ 12, 3, 23]],

[ 85, 95, 1,[ 12, 22, 58]],

[ 40, 45, 0,[ 6, 48, 26]],

[ 22, 35, 0,[ 44, 89, 51, 85]],

[ 48, 45, 0,[ 40, 3, 91]],

[ 49, 75, 1,[ 32, 13, 19]],

[ 78, 85, 1,[ 25, 94, 14]],

[ 44, 95, 1,[ 80, 22, 25]],

[ 36, 65, 0,[ 61, 35, 94]],

[ 69, 55, 1,[ 30, 28, 4, 50]],

[ 53, 15, 0,[ 27, 50, 2, 18]],

[ 9, 15, 0,[ 16, 82, 54]],

[ 3, 25, 0,[ 84, 48, 98, 45, 34]],

[ 63, 45, 1,[ 1, 51, 34]],

[ 4, 15, 0,[ 75, 64, 69]],

[ 89, 5, 1,[ 64, 5, 22, 62]],

[ 51, 35, 1,[ 22, 63, 83, 62]],

[ 15, 45, 1,[ 32, 38, 86]],

[ 29, 65, 0,[ 95, 67, 87, 41]],

[ 21, 45, 0,[ 90, 86, 26]],

[ 65, 35, 1,[ 0, 77, 70, 41, 87]],

[ 11, 25, 0,[ 92, 12, 39]],

[ 35, 65, 0,[ 36, 19, 59]],

[ 75, 15, 1,[ 25, 92, 4, 13]],

[ 12, 25, 0,[ 7, 85, 11, 98]],

[ 77, 75, 0,[ 7, 39, 65]],

[ 57, 75, 0,[ 45, 66, 58]],

[ 73, 85, 1,[ 14, 82, 92]],

[ 43, 75, 0,[ 66, 81, 24]],

[ 45, 95, 0,[ 92, 57, 3, 95]],

[ 41, 65, 1,[ 60, 29, 65]],

