[ 19, 75, 1,[ 18, 32, 41, 62, 42, 31]],

[ 10, 95, 0,[ 67, 24, 79, 81]],

[ 54, 35, 0,[ 77, 43, 59]],

[ 1, 65, 0,[ 48, 32, 37]],

[ 11, 95, 0,[ 47, 24, 57]],

[ 73, 15, 1,[ 56, 58, 74]],

[ 53, 25, 0,[ 48, 40, 91, 82]],

[ 49, 25, 1,[ 65, 20, 39]],

[ 70, 5, 1,[ 18, 78, 63]],

[ 78, 95, 1,[ 23, 70, 50, 33]],

[ 62, 15, 1,[ 17, 20, 19]],

[ 83, 15, 1,[ 61, 71, 96, 23]],

[ 55, 15, 1,[ 15, 46, 98]],

[ 57, 85, 0,[ 17, 11, 3]],

[ 60, 55, 0,[]],

[ 48, 65, 0,[ 1, 30, 53]],

[ 5, 85, 0,[ 91, 76, 30]],

[ 43, 45, 0,[ 54, 26, 58, 86]],

[ 36, 25, 0,[ 8, 51, 59]],

[ 29, 95, 0,[ 97, 37, 96]],

[ 68, 95, 1,[ 56, 65, 35]],

[ 99, 65, 1,[ 47, 44, 20]],

[ 91, 25, 1,[ 15, 13, 4, 53, 5, 69]],

[ 13, 25, 0,[ 25, 91, 18]],

[ 63, 25, 0,[ 70, 50, 31]],

[ 24, 95, 0,[ 76, 61, 11, 10]],

[ 34, 95, 0,[ 74, 61, 46, 40]],

[ 79, 55, 1,[ 88, 2, 10]],

[ 3, 95, 0,[ 57, 47, 98]],

[ 31, 25, 1,[ 19, 63, 47]],

[ 72, 95, 0,[ 66, 90, 16, 46]],

[ 98, 95, 1,[ 3, 59, 55]],

[ 9, 65, 0,[ 12, 95, 88]],

[ 25, 45, 0,[ 89, 65, 13]],

[ 2, 55, 0,[ 21, 6, 79]],

[ 30, 65, 0,[ 5, 48, 27]],

[ 12, 65, 0,[ 38, 9]],

[ 82, 5, 1,[ 53, 90, 93]],

[ 45, 95, 1,[ 97, 28, 40]],

[ 92, 95, 1,[ 67, 86, 35, 52, 56]],

[ 88, 95, 0,[ 79, 61, 9]],

[ 8, 15, 1,[ 36, 64, 33]],

[ 81, 85, 1,[ 10, 20, 50]],

[ 51, 25, 1,[ 39, 16, 86, 36]],

[ 56, 15, 1,[ 92, 68, 73]],

[ 50, 55, 1,[ 81, 63, 20, 78, 42, 71]],

[ 6, 95, 0,[ 28, 65, 2]],

[ 27, 65, 0,[ 30, 87]],

[ 39, 65, 0,[ 51, 93, 49, 89]],

[ 77, 35, 0,[ 54, 44, 42]],

[ 32, 45, 0,[ 1, 64, 19]],

[ 14, 15, 0,[ 38, 64]],

[ 46, 95, 0,[ 55, 72, 34]],

[ 75, 65, 0,[ 85, 15, 86]],

[ 28, 95, 0,[ 6, 45, 66]],

[ 76, 85, 1,[ 69, 44, 24, 5]],

[ 18, 5, 0,[ 13, 70, 19]],

[ 69, 5, 1,[ 33, 76, 91, 64]],

[ 23, 15, 1,[ 78, 38, 83]],

[ 94, 45, 1,[ 44, 66, 16, 26, 52, 65]],

[ 61, 95, 0,[ 88, 34, 83, 24]],

[ 7, 95, 0,[ 58, 17]],

[ 66, 45, 0,[ 72, 94, 28]],

[ 47, 35, 1,[ 31, 99, 41, 11, 3]],

[ 95, 65, 0,[ 86, 41, 9]],

[ 64, 45, 1,[ 69, 8, 14, 32]],

[ 17, 85, 0,[ 62, 57, 7]],

[ 84, 45, 1,[ 4, 40, 21]],

[ 52, 45, 0,[ 94, 92, 87]],

[ 41, 55, 1,[ 80, 95, 47, 19]],

[ 35, 95, 0,[ 0, 92, 68]],

[ 26, 85, 1,[ 94, 22, 43]],

[ 58, 95, 1,[ 73, 7, 43]],

[ 67, 95, 1,[ 92, 74, 10]],

[ 21, 55, 0,[ 44, 2, 84]],

[ 80, 75, 1,[ 93, 41, 87, 15]],

[ 37, 85, 0,[ 0, 1, 29]],

[ 20, 65, 0,[ 99, 81, 62, 49, 50]],

[ 90, 95, 1,[ 4, 72, 97, 82]],

[ 86, 45, 1,[ 51, 75, 95, 92, 43]],

[ 38, 15, 0,[ 23, 14, 0, 12]],

[ 22, 25, 0,[ 85, 26, 97]],

[ 87, 5, 1,[ 52, 27, 80]],

[ 97, 25, 1,[ 29, 90, 45, 22]],

[ 65, 45, 1,[ 49, 40, 68, 94, 25, 6]],

[ 16, 45, 0,[ 72, 51, 94]],

[ 44, 35, 1,[ 94, 77, 21, 76, 99]],

[ 33, 15, 1,[ 8, 69, 78]],

[ 4, 95, 0,[ 91, 84, 90]],

[ 71, 95, 1,[ 83, 50, 85]],

[ 15, 65, 1,[ 80, 91, 42, 55, 75]],

[ 0, 85, 0,[ 38, 37, 35]],

[ 42, 65, 1,[ 77, 15, 50, 19]],

[ 40, 5, 1,[ 84, 65, 53, 45, 34]],

[ 59, 35, 1,[ 36, 98, 54]],

[ 93, 65, 0,[ 82, 39, 80]],

[ 74, 65, 1,[ 73, 34, 67]],

[ 85, 15, 1,[ 22, 75, 71]],

[ 89, 65, 1,[ 96, 25, 39]],

[ 96, 95, 1,[ 89, 83, 29]],

