[ 57, 85, 0,[ 5, 1, 54]],

[ 92, 55, 0,[ 67, 36, 43, 9]],

[ 73, 55, 0,[ 52, 69, 63, 38, 7, 74]],

[ 83, 85, 1,[ 88, 24, 96]],

[ 98, 15, 0,[ 19, 4, 6, 78, 82, 3]],

[ 59, 25, 1,[ 62, 51, 11]],

[ 76, 85, 0,[ 96, 42, 18, 37, 40]],

[ 52, 85, 0,[ 40, 67, 73]],

[ 62, 15, 1,[ 59, 13, 56]],

[ 19, 55, 0,[ 98, 31, 2]],

[ 47, 55, 0,[ 1, 53, 27]],

[ 24, 85, 0,[ 2, 83, 79, 86]],

[ 45, 55, 0,[ 99, 81, 55]],

[ 81, 55, 0,[ 35, 45, 75, 11, 80]],

[ 25, 5, 0,[ 66, 39, 46, 37]],

[ 50, 5, 1,[ 74, 41, 89, 60, 40, 27, 9]],

[ 49, 55, 0,[ 61, 16, 36]],

[ 61, 55, 0,[ 68, 49, 42, 84]],

[ 1, 55, 0,[ 32, 47, 57]],

[ 82, 35, 1,[ 17, 98, 15, 3]],

[ 18, 85, 0,[ 76, 94, 3, 58]],

[ 15, 55, 0,[ 34, 12, 82]],

[ 30, 85, 0,[ 46, 72, 90]],

[ 27, 5, 0,[ 47, 22, 44, 50]],

[ 28, 55, 0,[ 32, 17, 94]],

[ 31, 55, 0,[ 36, 29, 19, 21]],

[ 72, 85, 0,[ 34, 5, 30]],

[ 66, 5, 0,[ 3, 25, 77, 7]],

[ 10, 15, 0,[ 97, 77, 96]],

[ 51, 85, 0,[ 65, 33, 94, 59]],

[ 64, 15, 0,[ 41, 11, 6]],

[ 13, 55, 0,[ 32, 62, 44]],

[ 75, 5, 0,[ 43, 81, 67, 3, 63]],

[ 11, 25, 0,[ 64, 59, 81]],

[ 80, 85, 0,[ 81, 40, 93]],

[ 85, 85, 0,[ 93, 14, 41, 5]],

[ 79, 25, 1,[ 34, 38, 24, 23, 91]],

[ 77, 15, 0,[ 90, 46, 66, 20, 10, 54]],

[ 86, 85, 0,[ 48, 14, 60, 24]],

[ 71, 5, 0,[ 93, 9, 20]],

[ 54, 15, 0,[ 70, 95, 26, 57, 77]],

[ 9, 5, 0,[ 92, 71, 50, 23]],

[ 68, 55, 0,[ 61, 5, 20]],

[ 8, 15, 1,[ 87, 23, 22]],

[ 2, 85, 0,[ 19, 24, 41]],

[ 0, 85, 0,[ 14, 39, 55, 16]],

[ 37, 85, 0,[ 40, 76, 25]],

[ 84, 85, 0,[ 61, 70, 16]],

[ 29, 55, 0,[ 31, 48, 26]],

[ 7, 85, 0,[ 73, 66, 94]],

[ 46, 5, 0,[ 25, 93, 30, 22, 77]],

[ 39, 25, 0,[ 25, 4, 63, 0]],

[ 20, 15, 0,[ 71, 68, 77]],

[ 4, 15, 0,[ 98, 39, 70]],

[ 63, 25, 0,[ 39, 75, 73]],

[ 16, 85, 0,[ 84, 6, 49, 97, 99, 0]],

[ 67, 15, 0,[ 44, 52, 35, 75, 92]],

[ 17, 55, 0,[ 82, 28, 65]],

[ 44, 55, 0,[ 13, 67, 27]],

[ 56, 15, 0,[ 58, 94, 62]],

[ 99, 55, 0,[ 45, 89, 16]],

[ 53, 55, 0,[ 33, 47, 42, 26, 78]],

[ 69, 55, 0,[ 65, 95, 40, 73]],

[ 74, 55, 0,[ 50, 73, 48]],

[ 26, 55, 0,[ 53, 29, 54]],

[ 35, 15, 0,[ 81, 12, 67]],

[ 34, 55, 0,[ 72, 15, 79]],

[ 6, 15, 0,[ 33, 16, 88, 98, 64]],

[ 23, 5, 0,[ 79, 8, 9]],

[ 93, 5, 0,[ 85, 71, 80, 46]],

[ 14, 85, 0,[ 86, 85, 95, 0, 33]],

[ 12, 85, 0,[ 55, 15, 58, 35]],

[ 58, 55, 1,[ 56, 12, 18]],

[ 43, 55, 0,[ 92, 88, 75]],

[ 33, 15, 0,[ 53, 14, 6, 51]],

[ 96, 15, 1,[ 10, 76, 83]],

[ 3, 5, 0,[ 18, 98, 82, 66, 75]],

[ 70, 15, 0,[ 84, 4, 54]],

[ 89, 5, 0,[ 99, 38, 50]],

[ 48, 55, 0,[ 60, 86, 74, 29]],

[ 65, 55, 0,[ 17, 51, 69]],

[ 32, 55, 0,[ 13, 1, 28]],

[ 94, 85, 0,[ 51, 56, 7, 28, 18]],

[ 36, 55, 0,[ 92, 49, 31]],

[ 90, 85, 1,[ 30, 77, 87]],

[ 91, 25, 0,[ 21, 79]],

[ 78, 15, 0,[ 98, 97, 53]],

[ 97, 85, 0,[ 95, 10, 16, 78]],

[ 95, 85, 0,[ 54, 14, 69, 97]],

[ 5, 85, 0,[ 57, 72, 85, 68]],

[ 22, 5, 0,[ 27, 46, 8]],

[ 60, 5, 0,[ 48, 86, 50]],

[ 87, 85, 0,[ 90, 21, 8]],

[ 38, 55, 0,[ 79, 73, 89]],

[ 41, 5, 0,[ 50, 85, 2, 64]],

[ 21, 85, 0,[ 91, 55, 31, 87]],

[ 55, 85, 0,[ 45, 21, 12, 0]],

[ 40, 85, 0,[ 37, 76, 80, 69, 50, 52]],

[ 88, 85, 0,[ 83, 43, 6]],

[ 42, 55, 0,[ 61, 76, 53]],

