[ 96, 85, 0,[ 97, 99, 24]],

[ 92, 85, 0,[ 35, 50, 9]],

[ 48, 85, 0,[ 72, 44, 38, 85]],

[ 61, 85, 0,[ 55, 74, 21]],

[ 51, 85, 0,[ 39, 56, 65]],

[ 95, 85, 0,[ 81, 56, 76]],

[ 17, 85, 0,[ 64, 81, 40]],

[ 18, 85, 0,[ 76, 87, 55, 40]],

[ 28, 85, 0,[ 73, 40, 12, 55]],

[ 29, 85, 0,[ 2, 94, 78]],

[ 37, 85, 0,[ 70, 85, 74, 91]],

[ 9, 85, 0,[ 34, 92, 10]],

[ 11, 85, 0,[ 89, 19, 7, 26]],

[ 34, 85, 0,[ 9, 85, 60]],

[ 76, 85, 0,[ 67, 95, 18]],

[ 82, 25, 0,[ 56, 60, 27]],

[ 30, 85, 0,[ 23, 59, 86]],

[ 24, 85, 0,[ 73, 19, 13, 31, 96]],

[ 57, 85, 0,[ 69, 79, 36]],

[ 46, 85, 0,[ 22, 66, 43, 50]],

[ 89, 35, 1,[ 11, 31, 71, 67, 83]],

[ 59, 85, 0,[ 30, 62, 90]],

[ 62, 85, 0,[ 59, 23, 80]],

[ 84, 85, 0,[ 27, 6, 43, 45]],

[ 21, 85, 0,[ 80, 61, 27]],

[ 99, 5, 1,[ 20, 98, 13, 78, 93, 97, 3, 19, 42, 58, 96, 45]],

[ 72, 85, 0,[ 3, 69, 48]],

[ 13, 85, 0,[ 99, 24, 53, 33, 75]],

[ 53, 85, 0,[ 13, 80, 44, 67]],

[ 80, 5, 1,[ 21, 66, 32, 1, 62, 74, 53, 58, 75, 86]],

[ 56, 75, 1,[ 82, 3, 4, 51, 75, 95]],

[ 10, 85, 0,[ 49, 14, 9, 55]],

[ 42, 25, 0,[ 14, 99]],

[ 98, 25, 0,[ 55, 79, 99]],

[ 97, 85, 0,[ 93, 99, 96]],

[ 83, 85, 0,[ 89, 16, 70]],

[ 31, 85, 0,[ 24, 12, 89]],

[ 93, 85, 0,[ 99, 97, 6]],

[ 20, 85, 0,[ 99, 91, 87]],

[ 15, 85, 0,[ 39, 2, 60]],

[ 71, 95, 0,[ 2, 91, 89]],

[ 27, 85, 0,[ 82, 84, 21]],

[ 25, 95, 0,[ 91, 77]],

[ 50, 65, 1,[ 5, 35, 92, 16, 46, 63, 3, 6, 78, 77]],

[ 35, 85, 0,[ 92, 5, 23, 50, 52]],

[ 90, 85, 0,[ 7, 60, 59]],

[ 60, 65, 1,[ 15, 34, 7, 90, 63, 85, 82]],

[ 2, 85, 0,[ 71, 43, 85, 32, 15, 29]],

[ 41, 85, 0,[ 81, 91, 33]],

[ 47, 85, 0,[ 44, 79, 49]],

[ 85, 85, 0,[ 60, 37, 34, 2, 48, 8]],

[ 86, 85, 0,[ 30, 32, 3, 80]],

[ 5, 85, 0,[ 50, 73, 35]],

[ 78, 5, 0,[ 50, 29, 99]],

[ 44, 85, 0,[ 47, 53, 48]],

[ 87, 85, 0,[ 55, 18, 20]],

[ 40, 85, 0,[ 28, 17, 18, 8]],

[ 64, 85, 0,[ 69, 88, 17]],

[ 68, 55, 0,[ 23, 4, 14, 70]],

[ 69, 85, 0,[ 72, 64, 57, 91]],

[ 3, 85, 0,[ 56, 50, 72, 86, 99]],

[ 12, 85, 0,[ 55, 31, 28]],

[ 19, 85, 0,[ 24, 55, 99, 11]],

[ 67, 85, 0,[ 89, 76, 53]],

[ 70, 35, 1,[ 37, 68, 83]],

[ 79, 85, 0,[ 98, 47, 57]],

[ 26, 85, 0,[ 11, 91, 49]],

[ 43, 85, 0,[ 2, 84, 46]],

[ 77, 45, 0,[ 25, 50, 54]],

[ 16, 85, 0,[ 83, 49, 36, 50]],

[ 94, 85, 0,[ 29, 91, 81]],

[ 52, 85, 0,[ 55, 54, 35]],

[ 22, 85, 0,[ 46, 36]],

[ 4, 55, 0,[ 0, 68, 56]],

[ 14, 55, 0,[ 42, 68, 10]],

[ 58, 95, 0,[ 99, 80, 91]],

[ 74, 85, 0,[ 37, 81, 80, 61]],

[ 88, 85, 0,[ 23, 1, 64, 54, 55]],

[ 7, 85, 0,[ 11, 60, 90]],

[ 45, 95, 0,[ 84, 99, 91]],

[ 33, 85, 0,[ 13, 55, 41]],

[ 38, 95, 0,[ 91, 55, 48]],

[ 32, 85, 0,[ 86, 80, 2]],

[ 49, 85, 0,[ 10, 16, 47, 26]],

[ 65, 85, 0,[ 51, 91, 36]],

[ 6, 85, 0,[ 93, 50, 84]],

[ 75, 85, 0,[ 56, 80, 13]],

[ 0, 55, 0,[ 63, 4, 23]],

[ 39, 85, 0,[ 51, 15, 23]],

[ 54, 85, 0,[ 77, 88, 52]],

[ 55, 95, 1,[ 38, 61, 12, 73, 28, 1, 36, 33, 52, 88, 10, 18, 98, 87, 19]],

[ 73, 85, 0,[ 28, 55, 5, 24]],

[ 63, 65, 0,[ 60, 50, 0]],

[ 1, 95, 0,[ 88, 55, 80, 23]],

[ 23, 35, 1,[ 0, 88, 1, 39, 30, 35, 68, 62]],

[ 81, 85, 0,[ 94, 17, 74, 41, 95]],

[ 66, 95, 0,[ 80, 46, 91]],

[ 36, 85, 0,[ 16, 65, 22, 57, 55]],

[ 91, 15, 1,[ 69, 66, 58, 71, 26, 38, 94, 41, 45, 20, 25, 8, 65, 37]],

[ 8, 85, 0,[ 85, 40, 91]],

[ 94, 45, 0,[ 63, 75, 5]],

[ 55, 5, 1,[ 1, 96, 53, 69, 25, 88, 7, 97, 51, 42, 3, 71, 31]],

[ 82, 35, 0,[ 20, 25, 32]],

[ 76, 45, 0,[ 61, 19, 65]],

[ 14, 65, 0,[ 41, 92, 74]],

[ 5, 45, 0,[ 83, 2, 94]],

[ 52, 15, 0,[ 63, 67, 36, 70, 73]],

[ 64, 45, 0,[ 79, 2, 68]],

[ 45, 5, 0,[ 47, 84, 58]],

[ 68, 45, 0,[ 59, 8, 64]],

[ 37, 15, 0,[ 49, 69, 66]],

[ 19, 55, 1,[ 87, 21, 58, 2, 38, 43, 76, 15]],

[ 13, 75, 0,[ 51, 59, 92, 98]],

[ 97, 5, 0,[ 7, 92, 55]],

[ 42, 75, 0,[ 63, 55, 32, 46]],

[ 33, 55, 0,[ 22, 91, 59, 99]],

[ 58, 45, 0,[ 75, 19, 45, 54]],

[ 70, 15, 0,[ 39, 6, 52]],

[ 40, 65, 0,[ 21, 2, 73]],

[ 17, 55, 0,[ 92, 28, 99]],

[ 28, 45, 0,[ 50, 17, 63, 11, 2]],

[ 80, 35, 0,[ 91, 20, 10]],

[ 65, 15, 0,[ 31, 72, 76]],

[ 46, 45, 0,[ 42, 41, 91]],

[ 86, 5, 0,[ 92, 34, 53]],

[ 62, 45, 0,[ 81, 50, 59]],

[ 49, 15, 0,[ 63, 3, 23, 37]],

[ 20, 35, 0,[ 92, 82, 81, 80]],

[ 83, 5, 1,[ 77, 4, 30, 35, 59, 18, 56, 5, 72, 98]],

[ 61, 15, 0,[ 96, 87, 0, 76]],

[ 74, 35, 0,[ 81, 14, 63]],

[ 75, 45, 0,[ 94, 58, 91]],

[ 81, 35, 0,[ 20, 62, 74, 92]],

[ 43, 15, 0,[ 36, 79, 66, 19]],

[ 53, 5, 0,[ 86, 93, 55]],

[ 87, 45, 0,[ 61, 19, 25]],

[ 90, 15, 0,[ 6, 71, 63]],

[ 85, 5, 0,[ 41, 93, 73, 12, 26]],

[ 26, 5, 0,[ 16, 34, 85]],

[ 16, 5, 0,[ 92, 26, 73]],

[ 30, 45, 0,[ 11, 83, 60]],

[ 51, 15, 0,[ 55, 13, 67]],

[ 99, 55, 0,[ 47, 17, 33]],

[ 91, 75, 1,[ 80, 12, 48, 88, 34, 9, 0, 11, 46, 78, 10, 4, 33, 2, 75]],

[ 7, 5, 0,[ 57, 55, 97, 93]],

[ 41, 35, 1,[ 14, 2, 69, 35, 46, 36, 44, 60, 85]],

[ 72, 15, 0,[ 83, 65, 27]],

[ 66, 15, 0,[ 43, 34, 37, 73]],

[ 38, 15, 0,[ 19, 79, 96]],

[ 88, 35, 0,[ 91, 39, 55]],

[ 56, 65, 0,[ 83, 73, 77]],

[ 54, 5, 0,[ 47, 58, 63]],

[ 3, 15, 0,[ 24, 49, 55]],

[ 63, 15, 1,[ 52, 8, 74, 15, 90, 54, 94, 42, 1, 49, 28]],

[ 96, 15, 0,[ 38, 61, 1, 55, 92]],

[ 79, 15, 0,[ 43, 64, 15, 38]],

[ 12, 45, 0,[ 78, 85, 91]],

[ 48, 45, 0,[ 0, 92, 91]],

[ 73, 35, 1,[ 40, 92, 27, 16, 47, 66, 56, 52, 85]],

[ 32, 75, 0,[ 92, 42, 82]],

[ 35, 5, 0,[ 41, 47, 83]],

[ 47, 55, 1,[ 67, 45, 54, 57, 89, 99, 18, 35, 73]],

[ 39, 35, 0,[ 77, 88, 70]],

[ 6, 15, 0,[ 70, 27, 90]],

[ 69, 15, 0,[ 41, 55, 37]],

[ 36, 15, 0,[ 52, 29, 41, 43]],

[ 18, 75, 0,[ 47, 59, 83]],

[ 10, 35, 0,[ 77, 91, 80]],

[ 31, 15, 0,[ 65, 55, 95]],

[ 25, 35, 0,[ 55, 82, 87]],

[ 89, 45, 0,[ 47, 71, 21]],

[ 34, 5, 0,[ 66, 86, 26, 91]],

[ 95, 15, 0,[ 31, 44, 98]],

[ 71, 15, 0,[ 55, 90, 9, 89]],

[ 77, 35, 0,[ 10, 83, 56, 39]],

[ 8, 45, 0,[ 60, 63, 68]],

[ 27, 15, 0,[ 73, 6, 29, 72]],

[ 93, 5, 0,[ 7, 53, 85]],

[ 22, 55, 0,[ 78, 33, 9]],

[ 84, 35, 0,[ 45, 92, 59]],

[ 44, 75, 0,[ 59, 95, 41]],

[ 78, 45, 0,[ 12, 22, 91]],

[ 11, 45, 0,[ 30, 91, 28]],

[ 4, 15, 0,[ 83, 29, 91]],

[ 2, 45, 0,[ 64, 28, 41, 5, 40, 19, 91]],

[ 57, 55, 0,[ 23, 7, 47]],

[ 50, 45, 0,[ 28, 62, 67]],

[ 24, 75, 0,[ 59, 3]],

[ 23, 15, 0,[ 92, 49, 57]],

[ 60, 45, 0,[ 30, 41, 8]],

[ 67, 15, 0,[ 52, 47, 51, 50]],

[ 15, 75, 0,[ 19, 79, 63]],

[ 92, 85, 1,[ 23, 20, 17, 84, 16, 48, 32, 14, 81, 96, 73, 97, 13, 9, 86]],

[ 29, 15, 0,[ 27, 4, 36]],

[ 9, 55, 0,[ 92, 91, 71, 22]],

[ 98, 75, 0,[ 13, 83, 95]],

[ 59, 75, 1,[ 68, 83, 33, 24, 13, 44, 18, 62, 84]],

[ 0, 15, 0,[ 91, 48, 61]],

[ 1, 15, 0,[ 96, 55, 63]],

[ 21, 45, 0,[ 89, 40, 19]],

