[ 26, 55, 0,[ 36, 0]],

[ 65, 55, 0,[ 51, 57]],

[ 31, 85, 0,[ 45, 70, 6, 96]],

[ 74, 55, 0,[ 71, 99, 83, 55]],

[ 48, 75, 0,[ 46, 30, 2]],

[ 76, 35, 0,[]],

[ 93, 35, 0,[ 83, 35, 82, 29]],

[ 37, 55, 0,[]],

[ 44, 55, 0,[ 0, 40, 56]],

[ 50, 55, 0,[ 14, 92]],

[ 72, 55, 0,[ 32, 58, 64]],

[ 34, 55, 0,[ 25, 81, 38, 51]],

[ 39, 95, 0,[ 22]],

[ 6, 85, 1,[ 0, 1, 31, 20, 11, 9, 32]],

[ 25, 55, 0,[ 12, 68, 34]],

[ 71, 95, 0,[ 74, 61, 7, 19]],

[ 38, 55, 1,[ 62, 69, 34]],

[ 30, 55, 0,[ 70, 36, 18, 48]],

[ 79, 35, 0,[ 33, 23, 84]],

[ 9, 85, 0,[ 8, 6]],

[ 27, 95, 0,[ 87, 62, 11]],

[ 98, 55, 0,[ 99, 67, 77, 5]],

[ 4, 45, 0,[ 53, 40, 68]],

[ 67, 35, 0,[ 98, 88]],

[ 97, 95, 0,[]],

[ 68, 55, 0,[ 4, 25, 43]],

[ 78, 85, 0,[]],

[ 77, 55, 0,[ 20, 98]],

[ 83, 35, 0,[ 92, 93, 74]],

[ 35, 35, 0,[ 95, 60, 93]],

[ 51, 95, 0,[ 34, 11, 65]],

[ 8, 35, 0,[ 86, 82, 9]],

[ 61, 95, 0,[ 60, 71]],

[ 81, 55, 0,[ 34, 53]],

[ 64, 55, 0,[ 52, 86, 72]],

[ 95, 85, 0,[ 18, 35, 63, 55]],

[ 84, 55, 0,[ 79, 47, 54]],

[ 32, 85, 0,[ 6, 13, 72, 15]],

[ 15, 95, 0,[ 82, 32, 22, 33]],

[ 5, 85, 1,[ 41, 2, 7, 98, 1]],

[ 22, 95, 0,[ 39, 15, 3]],

[ 89, 55, 0,[ 60, 33, 52]],

[ 47, 95, 0,[ 11, 24, 63, 84]],

[ 82, 35, 0,[ 8, 93, 15, 87]],

[ 66, 55, 0,[]],

[ 85, 55, 0,[ 56, 19]],

[ 70, 85, 0,[ 30, 91, 31]],

[ 13, 55, 0,[ 80, 32, 19]],

[ 80, 55, 0,[ 86, 13]],

[ 75, 55, 0,[ 46, 56]],

[ 56, 55, 0,[ 85, 44, 75]],

[ 87, 85, 0,[ 27, 63, 82]],

[ 1, 45, 1,[ 2, 10, 5, 6]],

[ 7, 95, 0,[ 53, 5, 36, 71]],

[ 69, 85, 0,[ 43, 38, 14]],

[ 59, 45, 0,[ 21, 55]],

[ 12, 55, 0,[ 25]],

[ 19, 75, 0,[ 24, 2, 71, 13, 85]],

[ 99, 55, 0,[ 74, 98, 3]],

[ 86, 55, 0,[ 8, 53, 64, 80]],

[ 90, 45, 0,[ 28, 23, 96]],

[ 52, 55, 0,[ 64, 89]],

[ 0, 35, 1,[ 6, 26, 10, 44]],

[ 92, 55, 0,[ 41, 50, 83]],

[ 23, 35, 0,[ 79, 90, 58, 88]],

[ 40, 45, 0,[ 4, 44]],

[ 21, 45, 0,[ 91, 96, 59]],

[ 36, 55, 0,[ 7, 26, 30]],

[ 24, 55, 0,[ 47, 19, 16]],

[ 91, 85, 0,[ 21, 63, 70]],

[ 17, 95, 0,[ 16, 11, 28]],

[ 88, 35, 0,[ 23, 67]],

[ 73, 35, 0,[]],

[ 46, 55, 0,[ 41, 49, 75, 48]],

[ 43, 95, 0,[ 68, 69, 45, 62]],

[ 16, 55, 0,[ 24, 17]],

[ 63, 85, 0,[ 87, 95, 91, 47]],

[ 2, 75, 1,[ 58, 5, 19, 1, 48]],

[ 58, 35, 0,[ 23, 72, 2]],

[ 41, 55, 0,[ 46, 92, 5]],

[ 3, 45, 1,[ 99, 10, 22]],

[ 14, 85, 0,[ 50, 94, 69]],

[ 45, 95, 0,[ 54, 31, 43]],

[ 57, 55, 0,[ 65]],

[ 20, 85, 0,[ 6, 77]],

[ 10, 35, 1,[ 0, 1, 3]],

[ 49, 85, 0,[ 46, 28, 18]],

[ 18, 85, 0,[ 30, 95, 49]],

[ 60, 55, 0,[ 89, 61, 35]],

[ 28, 95, 0,[ 17, 49, 90]],

[ 94, 85, 0,[ 14]],

[ 62, 95, 0,[ 43, 27, 38]],

[ 29, 35, 0,[ 54, 93]],

[ 11, 95, 1,[ 27, 47, 6, 17, 51]],

[ 96, 45, 0,[ 31, 21, 90]],

[ 54, 55, 1,[ 29, 84, 45]],

[ 53, 95, 0,[ 7, 4, 81, 86]],

[ 33, 95, 0,[ 79, 89, 15]],

[ 42, 55, 0,[ 55]],

[ 55, 55, 0,[ 59, 42, 74, 95]],

