[ 89, 65, 0,[ 84, 20, 21, 67]],

[ 90, 65, 0,[ 56, 24, 31]],

[ 54, 95, 0,[ 30, 28, 84, 98, 75, 80, 66]],

[ 27, 75, 0,[ 60, 65, 31]],

[ 24, 5, 1,[ 69, 64, 61, 67, 80, 3, 77, 9, 90]],

[ 25, 85, 0,[ 60, 69, 23]],

[ 43, 65, 0,[ 60, 33, 36]],

[ 36, 85, 0,[ 23, 73, 43]],

[ 81, 65, 0,[ 83, 96, 80]],

[ 10, 65, 0,[ 91, 19, 60]],

[ 0, 35, 0,[ 30, 8, 19]],

[ 64, 65, 0,[ 71, 24, 33]],

[ 26, 5, 0,[ 72, 51, 8]],

[ 93, 65, 0,[ 98, 42, 29, 32]],

[ 57, 65, 0,[ 9, 83, 56]],

[ 97, 35, 0,[ 67, 19, 8]],

[ 99, 65, 0,[ 60, 22, 23]],

[ 80, 65, 0,[ 81, 54, 24]],

[ 1, 35, 0,[ 31, 15, 19]],

[ 59, 65, 0,[ 51, 4, 8, 72, 62]],

[ 52, 65, 0,[ 88, 8, 78, 46, 51]],

[ 33, 65, 0,[ 43, 64, 84, 83, 66]],

[ 72, 5, 0,[ 59, 82, 26, 31]],

[ 78, 65, 0,[ 60, 52, 23, 13]],

[ 34, 65, 0,[ 84, 66, 98]],

[ 49, 65, 0,[ 16, 31, 84]],

[ 95, 65, 0,[ 70, 29, 23, 83, 94]],

[ 39, 65, 0,[ 84, 5, 48, 45, 18]],

[ 73, 35, 0,[ 96, 83, 8, 36]],

[ 12, 15, 0,[ 53, 19, 31, 11]],

[ 2, 95, 0,[ 48, 87, 98]],

[ 98, 15, 1,[ 4, 93, 2, 6, 34, 47, 54, 9, 50, 82, 18]],

[ 58, 65, 0,[ 16, 85, 8, 23]],

[ 9, 65, 0,[ 74, 98, 57, 24]],

[ 53, 65, 0,[ 12, 20, 14]],

[ 44, 65, 0,[ 83, 13, 96, 84]],

[ 68, 65, 0,[ 83, 86, 91]],

[ 60, 55, 1,[ 37, 41, 5, 38, 10, 75, 25, 78, 27, 76, 99, 43, 45]],

[ 61, 35, 0,[ 24, 38, 30]],

[ 17, 95, 0,[ 23, 14, 8]],

[ 56, 65, 0,[ 90, 23, 38, 57]],

[ 76, 65, 0,[ 18, 75, 60, 71]],

[ 83, 85, 1,[ 92, 73, 57, 44, 21, 68, 95, 62, 33, 81, 28]],

[ 46, 65, 0,[ 63, 52, 23]],

[ 31, 95, 1,[ 55, 12, 91, 90, 28, 27, 63, 72, 86, 70, 1, 49]],

[ 40, 5, 0,[ 74, 63, 8, 79]],

[ 55, 65, 0,[ 31, 37, 85]],

[ 45, 75, 0,[ 8, 39, 60]],

[ 21, 65, 0,[ 83, 89, 77]],

[ 20, 65, 0,[ 53, 89, 48]],

[ 22, 65, 0,[ 8, 99, 92]],

[ 13, 65, 0,[ 78, 44, 77]],

[ 47, 55, 0,[ 98, 51, 16]],

[ 6, 5, 0,[ 74, 98, 3]],

[ 74, 5, 0,[ 23, 51, 40, 9, 8, 6]],

[ 91, 65, 0,[ 10, 31, 68]],

[ 84, 55, 1,[ 65, 7, 34, 35, 11, 49, 54, 44, 89, 70, 33, 39]],

[ 86, 65, 0,[ 68, 31, 8]],

[ 62, 5, 0,[ 59, 19, 83]],

[ 42, 65, 0,[ 7, 8, 93]],

[ 87, 95, 0,[ 51, 23, 2, 11]],

[ 18, 65, 0,[ 8, 98, 39, 76]],

[ 67, 65, 0,[ 89, 24, 97]],

[ 77, 65, 0,[ 21, 24, 13]],

[ 88, 65, 0,[ 5, 52]],

[ 70, 65, 0,[ 84, 95, 31]],

[ 14, 65, 0,[ 51, 53, 17]],

[ 48, 95, 0,[ 2, 51, 20, 39]],

[ 82, 5, 0,[ 98, 35, 72]],

[ 19, 65, 1,[ 10, 1, 12, 62, 96, 15, 0, 30, 97]],

[ 32, 65, 0,[ 29, 75, 93]],

[ 5, 65, 0,[ 37, 88, 60, 39, 69]],

[ 38, 65, 0,[ 61, 56, 8, 60]],

[ 28, 95, 0,[ 83, 54, 50, 31]],

[ 7, 65, 0,[ 42, 84, 23]],

[ 63, 65, 0,[ 40, 31, 46]],

[ 71, 65, 0,[ 85, 64, 76]],

[ 16, 65, 0,[ 47, 58, 49]],

[ 65, 15, 0,[ 27, 84, 51]],

[ 75, 65, 0,[ 60, 76, 54, 32]],

[ 96, 35, 0,[ 8, 19, 81, 73, 44]],

[ 66, 65, 0,[ 54, 34, 33]],

[ 8, 65, 1,[ 85, 96, 18, 58, 41, 38, 22, 17, 45, 73, 79, 26, 97, 0, 86, 52, 40, 42, 59, 15, 74]],

[ 29, 65, 0,[ 23, 93, 32, 95]],

[ 3, 15, 0,[ 23, 24, 6]],

[ 30, 35, 0,[ 0, 19, 54, 61]],

[ 69, 85, 0,[ 24, 25, 5]],

[ 94, 65, 0,[ 95, 85, 51]],

[ 51, 85, 1,[ 26, 65, 50, 48, 59, 87, 94, 92, 52, 14, 74, 47]],

[ 35, 5, 0,[ 84, 82]],

[ 4, 65, 0,[ 59, 41, 98]],

[ 37, 65, 0,[ 60, 55, 5]],

[ 79, 5, 0,[ 23, 8, 40]],

[ 41, 75, 0,[ 8, 60, 4]],

[ 50, 55, 0,[ 98, 28, 51]],

[ 23, 95, 1,[ 7, 74, 95, 46, 56, 29, 79, 58, 36, 78, 3, 17, 99, 25, 87]],

[ 92, 45, 0,[ 83, 51, 22]],

[ 11, 15, 0,[ 12, 84, 87]],

[ 85, 65, 0,[ 55, 71, 8, 58, 94]],

[ 15, 35, 0,[ 1, 8, 19]],

[ 43, 95, 0,[ 98, 95, 56, 75]],

[ 6, 95, 0,[ 20, 79, 30, 92]],

[ 29, 95, 0,[ 89, 69, 32]],

[ 8, 75, 0,[ 78, 31, 92]],

[ 64, 95, 0,[ 69, 55, 37]],

[ 63, 95, 0,[ 24, 82, 69, 97, 70, 65, 98]],

[ 97, 55, 0,[ 63, 84, 86]],

[ 39, 95, 0,[ 7, 98, 68, 95]],

[ 40, 45, 0,[ 80, 94, 77, 71]],

[ 99, 95, 0,[ 44, 80, 86]],

[ 90, 55, 0,[ 77, 86, 84]],

[ 19, 95, 0,[ 71, 91, 50]],

[ 13, 95, 0,[ 92, 50, 4]],

[ 17, 75, 0,[ 98, 24, 3]],

[ 57, 95, 0,[ 71, 31, 93]],

[ 81, 65, 1,[ 87, 14, 48, 12, 82, 44, 78, 61, 41, 22]],

[ 25, 95, 0,[ 71, 78, 89]],

[ 18, 95, 0,[ 96, 51, 24]],

[ 93, 95, 0,[ 11, 50, 57]],

[ 16, 45, 0,[ 45, 71, 94]],

[ 62, 95, 0,[ 34, 69, 86, 83]],

[ 21, 75, 0,[ 22, 77, 98]],

[ 33, 95, 0,[ 65, 77, 26]],

[ 30, 95, 0,[ 28, 6, 22]],

[ 71, 75, 1,[ 25, 95, 19, 55, 45, 36, 72, 35, 16, 40, 44, 88, 57, 2, 20]],

[ 23, 95, 0,[ 69, 31, 37]],

[ 24, 5, 1,[ 11, 12, 18, 53, 17, 31, 36, 79, 37, 32, 49, 63]],

[ 44, 95, 0,[ 99, 71, 81]],

[ 45, 45, 0,[ 86, 92, 71, 16]],

[ 84, 55, 0,[ 97, 90, 86]],

[ 61, 95, 0,[ 81, 72, 37]],

[ 9, 55, 0,[ 31, 42, 70]],

[ 54, 95, 0,[ 86, 38, 26, 50]],

[ 34, 35, 0,[ 92, 50, 62]],

[ 47, 95, 0,[ 42, 31, 77]],

[ 55, 95, 0,[ 69, 64, 71]],

[ 11, 95, 0,[ 79, 93, 24]],

[ 65, 95, 0,[ 63, 92, 33]],

[ 52, 95, 0,[ 75, 85, 79]],

[ 85, 5, 0,[ 92, 52, 27, 86]],

[ 87, 95, 0,[ 81, 0, 69]],

[ 53, 95, 0,[ 24, 89, 51]],

[ 86, 15, 1,[ 84, 76, 28, 78, 85, 99, 94, 58, 10, 62, 77, 68, 45, 90, 97, 7, 54]],

[ 98, 85, 1,[ 17, 39, 74, 1, 27, 43, 63, 21]],

[ 70, 55, 0,[ 10, 63, 9, 94]],

[ 58, 35, 0,[ 74, 86, 50, 48]],

[ 36, 85, 0,[ 4, 83, 24, 12, 71]],

[ 0, 95, 0,[ 96, 87, 75]],

[ 14, 95, 0,[ 89, 81, 38]],

[ 83, 95, 0,[ 36, 62]],

[ 66, 95, 0,[ 92, 7]],

[ 48, 35, 0,[ 27, 58, 81]],

[ 94, 45, 0,[ 86, 70, 16, 40]],

[ 27, 5, 0,[ 85, 48, 98]],

[ 22, 95, 0,[ 21, 30, 81, 92]],

[ 92, 5, 1,[ 66, 6, 65, 35, 45, 22, 8, 5, 15, 34, 13, 89, 67, 85]],

[ 77, 85, 1,[ 56, 86, 21, 80, 40, 47, 96, 33, 90, 2]],

[ 74, 35, 0,[ 58, 98, 76]],

[ 73, 95, 0,[ 50, 5, 59, 75]],

[ 46, 95, 0,[ 49, 1, 51, 88]],

[ 89, 95, 0,[ 92, 14, 29, 25, 53, 50]],

[ 50, 65, 1,[ 58, 89, 93, 13, 73, 3, 56, 54, 34, 19]],

[ 56, 95, 0,[ 10, 50, 77, 26, 43, 42]],

[ 91, 95, 0,[ 19, 35, 31]],

[ 68, 95, 0,[ 86, 39, 31]],

[ 37, 95, 0,[ 61, 24, 64, 23]],

[ 49, 95, 0,[ 24, 46, 31]],

[ 82, 95, 0,[ 63, 81]],

[ 5, 55, 0,[ 92, 73, 69]],

[ 75, 95, 0,[ 52, 31, 73, 43, 0]],

[ 7, 95, 0,[ 66, 86, 39]],

[ 1, 95, 0,[ 46, 31, 98]],

[ 31, 55, 1,[ 49, 75, 8, 24, 41, 47, 23, 91, 1, 88, 72, 9, 57, 68]],

[ 78, 75, 0,[ 81, 86, 25, 8]],

[ 96, 55, 0,[ 18, 77, 0, 69]],

[ 12, 85, 0,[ 81, 24, 36]],

[ 28, 95, 0,[ 86, 30, 80]],

[ 10, 55, 0,[ 86, 70, 56]],

[ 59, 95, 0,[ 73, 69, 67]],

[ 95, 95, 0,[ 39, 71, 43]],

[ 76, 35, 0,[ 86, 74, 69]],

[ 88, 95, 0,[ 71, 31, 46]],

[ 32, 95, 0,[ 29, 60, 24]],

[ 38, 95, 0,[ 54, 14]],

[ 72, 95, 0,[ 31, 71, 61]],

[ 80, 45, 0,[ 99, 77, 40, 28, 67]],

[ 60, 95, 0,[ 41, 15, 69, 32]],

[ 3, 95, 0,[ 2, 50, 17]],

[ 41, 95, 0,[ 60, 81, 31]],

[ 69, 15, 1,[ 29, 60, 76, 23, 5, 55, 63, 96, 2, 59, 20, 64, 51, 87, 62]],

[ 4, 95, 0,[ 36, 13, 15]],

[ 35, 95, 0,[ 42, 71, 91, 92]],

[ 51, 95, 0,[ 69, 53, 18, 46]],

[ 15, 95, 0,[ 60, 4, 92]],

[ 79, 95, 0,[ 52, 11, 24, 6]],

[ 20, 95, 0,[ 6, 69, 71]],

[ 42, 95, 0,[ 9, 56, 47, 35]],

[ 67, 95, 0,[ 59, 80, 92]],

[ 26, 95, 0,[ 54, 56, 33]],

[ 2, 55, 0,[ 69, 3, 71, 77]],

