[ 22, 85, 0,[ 38, 0, 5]],

[ 27, 85, 0,[ 0, 6, 99]],

[ 38, 75, 1,[ 5, 3, 92, 36, 96, 25, 83, 86, 22, 42]],

[ 32, 55, 0,[ 63, 9, 21]],

[ 83, 55, 0,[ 38, 1, 78]],

[ 12, 85, 0,[ 0, 8, 5]],

[ 77, 85, 0,[ 86, 0, 85]],

[ 10, 75, 1,[ 53, 98, 3, 28, 20, 24, 47, 5, 64]],

[ 9, 55, 0,[ 55, 5, 11, 32]],

[ 67, 85, 0,[ 95, 54, 1]],

[ 95, 55, 0,[ 2, 26, 67]],

[ 51, 85, 0,[ 30, 44, 21, 11]],

[ 43, 85, 0,[ 58, 5]],

[ 34, 55, 0,[ 93, 31, 5, 6]],

[ 20, 85, 0,[ 10, 91]],

[ 61, 55, 0,[ 6, 1, 5]],

[ 94, 85, 0,[ 88, 6, 59]],

[ 70, 85, 0,[ 2, 0, 11]],

[ 98, 85, 0,[ 5, 0, 10]],

[ 49, 55, 0,[ 11, 5, 6]],

[ 76, 85, 0,[ 1, 0, 6]],

[ 8, 55, 0,[ 86, 12, 2]],

[ 37, 55, 0,[ 40, 4, 6]],

[ 85, 85, 0,[ 0, 4, 77]],

[ 72, 85, 0,[ 6, 5, 40]],

[ 90, 55, 0,[ 50, 1, 36]],

[ 46, 55, 0,[ 1, 6, 5]],

[ 88, 85, 0,[ 94, 6, 69, 0]],

[ 42, 55, 0,[ 38, 57, 0]],

[ 96, 85, 0,[ 0, 38, 6]],

[ 80, 85, 0,[ 6, 0, 87]],

[ 0, 25, 1,[ 4, 85, 24, 88, 68, 35, 12, 98, 71, 89, 64, 36, 44, 70, 99, 77, 80, 50, 22, 30, 33, 97, 31, 82, 73, 13, 19, 93, 39, 27, 17, 42, 66, 69, 7, 96, 78, 76]],

[ 29, 55, 0,[ 3, 2]],

[ 52, 85, 0,[ 21, 68, 6]],

[ 93, 55, 0,[ 58, 0, 34]],

[ 71, 55, 0,[ 5, 0, 1]],

[ 69, 55, 0,[ 0, 88, 5]],

[ 25, 85, 0,[ 38, 11, 5]],

[ 47, 85, 0,[ 10, 66]],

[ 40, 55, 0,[ 37, 39, 79, 1, 72]],

[ 66, 85, 0,[ 47, 0, 17, 1]],

[ 18, 55, 0,[ 92, 6, 5]],

[ 24, 85, 0,[ 10, 0, 33]],

[ 15, 85, 0,[ 11, 5]],

[ 16, 85, 0,[ 11, 6, 5]],

[ 48, 85, 0,[ 13, 1, 31]],

[ 73, 55, 0,[ 0, 1, 5]],

[ 87, 85, 0,[ 6, 5, 80]],

[ 75, 55, 0,[ 2, 1]],

[ 59, 85, 0,[ 94, 50, 13, 53]],

[ 31, 85, 0,[ 48, 0, 34]],

[ 99, 85, 0,[ 2, 0, 27, 56]],

[ 89, 85, 0,[ 0, 6, 5]],

[ 11, 55, 1,[ 81, 63, 9, 70, 58, 16, 41, 51, 78, 49, 4, 26, 25, 15]],

[ 1, 55, 1,[ 46, 83, 45, 90, 6, 40, 3, 60, 75, 73, 23, 84, 67, 71, 61, 76, 48, 66, 53]],

[ 44, 85, 0,[ 51, 0, 50]],

[ 57, 55, 0,[ 6, 5, 42]],

[ 53, 55, 0,[ 1, 59, 10]],

[ 41, 85, 0,[ 11, 5, 6]],

[ 91, 85, 0,[ 20, 5, 23]],

[ 13, 85, 0,[ 59, 48, 0]],

[ 5, 35, 1,[ 41, 10, 97, 98, 73, 35, 16, 71, 74, 87, 19, 23, 34, 26, 89, 72, 21, 92, 54, 12, 60, 15, 7, 17, 55, 91, 38, 43, 49, 57, 18, 14, 69, 9, 25, 61, 46, 22, 84, 82, 62]],

[ 56, 85, 0,[ 6, 99, 33]],

[ 62, 85, 0,[ 81, 2, 5]],

[ 97, 85, 0,[ 2, 0, 5, 65]],

[ 58, 55, 0,[ 79, 74, 11, 64, 43, 93, 6]],

[ 21, 85, 0,[ 52, 32, 51, 5]],

[ 17, 85, 0,[ 5, 26, 0, 66]],

[ 84, 85, 0,[ 68, 1, 5, 6]],

[ 45, 55, 0,[ 1, 3, 36]],

[ 4, 55, 0,[ 85, 0, 37, 11]],

[ 54, 85, 0,[ 67, 6, 5]],

[ 81, 85, 0,[ 62, 11]],

[ 64, 55, 0,[ 58, 19, 0, 10]],

[ 92, 85, 0,[ 38, 18, 5]],

[ 65, 85, 0,[ 97, 6]],

[ 79, 55, 0,[ 58, 40, 82]],

[ 3, 85, 1,[ 38, 45, 10, 2, 1, 29]],

[ 19, 55, 0,[ 64, 5, 0]],

[ 60, 85, 0,[ 5, 6, 1, 39]],

[ 30, 85, 0,[ 0, 51, 23]],

[ 39, 85, 0,[ 60, 0, 40]],

[ 78, 55, 0,[ 28, 11, 0, 83]],

[ 2, 75, 1,[ 75, 62, 3, 97, 63, 70, 99, 29, 8, 95]],

[ 6, 45, 1,[ 89, 1, 82, 88, 33, 55, 60, 72, 56, 37, 18, 16, 84, 61, 57, 76, 46, 96, 94, 87, 50, 54, 52, 27, 34, 49, 65, 28, 7, 80, 58, 14, 41, 74]],

[ 26, 55, 0,[ 11, 5, 95, 17]],

[ 63, 75, 0,[ 11, 2, 32]],

[ 33, 85, 0,[ 24, 56, 0, 6]],

[ 35, 55, 0,[ 14, 0, 5]],

[ 50, 85, 0,[ 0, 59, 90, 6, 44]],

[ 82, 85, 0,[ 6, 5, 0, 79]],

[ 68, 85, 0,[ 84, 52, 0]],

[ 28, 85, 1,[ 6, 78, 10]],

[ 86, 55, 0,[ 8, 77, 7, 38]],

[ 14, 85, 0,[ 35, 5, 6]],

[ 74, 85, 0,[ 58, 6, 5]],

[ 7, 55, 0,[ 0, 6, 5, 86]],

[ 36, 55, 0,[ 45, 38, 0, 90]],

[ 55, 85, 0,[ 6, 9, 5]],

[ 23, 85, 0,[ 1, 5, 91, 30]],

