[ 36, 25, 0,[ 69, 64, 26]],

[ 39, 25, 0,[ 11, 16, 83, 33]],

[ 47, 95, 0,[ 78, 74, 82]],

[ 93, 65, 0,[ 89, 25, 95]],

[ 19, 65, 0,[ 74, 66, 81]],

[ 92, 25, 0,[ 16, 58, 9, 94]],

[ 29, 25, 0,[ 51, 88, 11]],

[ 64, 25, 0,[ 74, 18, 36]],

[ 45, 25, 0,[ 2, 61, 74, 97]],

[ 59, 25, 0,[ 46, 2, 14]],

[ 74, 35, 1,[ 47, 21, 86, 53, 60, 4, 45, 8, 28, 13, 43, 64, 90, 19]],

[ 0, 25, 0,[ 13, 37]],

[ 24, 95, 0,[ 71, 42, 67]],

[ 32, 25, 0,[ 10, 96, 28, 77]],

[ 48, 25, 0,[ 63, 15, 67, 20, 69, 25]],

[ 72, 95, 0,[ 21, 82, 55]],

[ 66, 65, 0,[ 8, 33, 19]],

[ 33, 45, 1,[ 65, 94, 56, 97, 66, 60, 80, 39, 44, 26, 99, 89, 95]],

[ 97, 25, 0,[ 49, 45, 33]],

[ 17, 25, 0,[ 8, 67, 60, 38, 51]],

[ 56, 25, 0,[ 98, 63, 33, 73]],

[ 69, 65, 1,[ 77, 55, 48, 36]],

[ 2, 25, 0,[ 59, 45, 41]],

[ 52, 25, 0,[ 30, 1]],

[ 61, 25, 0,[ 45, 3, 84]],

[ 35, 75, 0,[ 41, 18, 76]],

[ 14, 25, 0,[ 28, 54, 59]],

[ 44, 65, 0,[ 33, 79]],

[ 55, 65, 0,[ 69, 53, 72]],

[ 40, 25, 0,[ 81, 84, 70]],

[ 84, 25, 0,[ 9, 61, 40]],

[ 30, 25, 0,[ 76, 25, 52]],

[ 89, 45, 0,[ 76, 93, 33]],

[ 11, 25, 0,[ 29, 39, 1, 27]],

[ 91, 75, 0,[ 41, 83, 76]],

[ 50, 95, 0,[ 37, 82, 21, 96]],

[ 1, 25, 0,[ 54, 76, 52, 11, 41]],

[ 87, 25, 0,[ 73, 53]],

[ 6, 95, 0,[ 62, 38, 78]],

[ 21, 95, 0,[ 74, 72, 50, 71]],

[ 58, 25, 0,[ 92, 28, 95]],

[ 20, 25, 0,[ 90, 81, 48]],

[ 63, 25, 0,[ 16, 56, 48]],

[ 94, 25, 0,[ 92, 33, 31]],

[ 90, 25, 0,[ 96, 20, 74, 75]],

[ 10, 25, 0,[ 32, 31, 22]],

[ 4, 25, 0,[ 75, 74, 5]],

[ 68, 25, 0,[ 31, 85, 26]],

[ 31, 25, 0,[ 10, 25, 68, 94]],

[ 27, 25, 0,[ 22, 49, 11]],

[ 60, 35, 0,[ 33, 74, 17]],

[ 62, 95, 0,[ 41, 23, 38, 6]],

[ 46, 25, 0,[ 81, 59, 99, 96]],

[ 98, 25, 0,[ 56, 34]],

[ 70, 25, 0,[ 96, 53, 40]],

[ 22, 25, 0,[ 28, 10, 27, 82]],

[ 38, 95, 0,[ 95, 17, 81, 6, 62]],

[ 53, 25, 0,[ 51, 87, 55, 74, 70]],

[ 83, 25, 1,[ 39, 71, 91]],

[ 54, 25, 0,[ 96, 14, 1]],

[ 77, 25, 1,[ 32, 69, 73]],

[ 51, 25, 0,[ 53, 17, 29, 76]],

[ 86, 35, 0,[ 65, 74, 12]],

[ 9, 25, 0,[ 57, 92, 82, 96, 84]],

[ 95, 65, 0,[ 79, 38, 93, 58, 7, 33]],

[ 79, 65, 0,[ 81, 44, 3, 95]],

[ 57, 25, 0,[ 18, 9, 41]],

[ 13, 25, 0,[ 0, 65, 74]],

[ 16, 25, 0,[ 92, 39, 63]],

[ 88, 25, 0,[ 41, 99, 29]],

[ 41, 95, 1,[ 2, 1, 88, 91, 15, 62, 5, 57, 35]],

[ 25, 25, 0,[ 48, 31, 65, 93, 30]],

[ 23, 25, 0,[ 80, 62, 37]],

[ 34, 25, 0,[ 98, 65, 43]],

[ 15, 95, 0,[ 48, 41]],

[ 96, 15, 1,[ 12, 50, 70, 80, 32, 28, 71, 9, 54, 46, 90]],

[ 28, 25, 0,[ 22, 32, 74, 58, 96, 14]],

[ 81, 65, 1,[ 85, 20, 38, 7, 46, 19, 79, 40]],

[ 3, 25, 0,[ 61, 79, 80]],

[ 7, 65, 0,[ 81, 65, 95]],

[ 71, 95, 0,[ 24, 96, 21, 83]],

[ 67, 25, 0,[ 17, 48, 24]],

[ 78, 95, 0,[ 18, 6, 47]],

[ 18, 25, 0,[ 35, 57, 64, 75, 78]],

[ 5, 95, 0,[ 42, 12, 41, 76, 4]],

[ 82, 95, 1,[ 9, 47, 72, 49, 22, 50]],

[ 76, 75, 1,[ 30, 1, 91, 5, 51, 89, 35, 65]],

[ 73, 25, 0,[ 42, 77, 56, 87]],

[ 8, 25, 0,[ 17, 66, 74]],

[ 42, 95, 0,[ 5, 24, 73]],

[ 26, 25, 0,[ 68, 36, 33]],

[ 75, 25, 0,[ 4, 18, 90]],

[ 49, 25, 0,[ 82, 27, 97]],

[ 85, 65, 0,[ 81, 68]],

[ 99, 25, 0,[ 88, 46, 33]],

[ 65, 25, 0,[ 25, 34, 33, 86, 43, 13, 76, 7]],

[ 12, 35, 0,[ 96, 86, 5]],

[ 80, 25, 0,[ 3, 23, 96, 33]],

[ 43, 25, 0,[ 34, 74, 65]],

[ 37, 25, 0,[ 0, 50, 23]],

