[ 80, 25, 1,[ 28, 47, 95]],

[ 74, 45, 1,[ 99, 69, 97, 30]],

[ 36, 75, 0,[ 19, 95, 39]],

[ 65, 35, 1,[ 45, 95, 16, 71]],

[ 93, 75, 1,[ 58, 35, 78, 41]],

[ 96, 75, 1,[ 39, 38, 52, 60, 21, 62]],

[ 47, 75, 1,[ 89, 80, 71]],

[ 24, 75, 1,[ 17, 42, 33, 10, 62, 15]],

[ 70, 75, 1,[ 8, 31, 28, 9]],

[ 59, 75, 1,[ 11, 53, 67, 64, 17, 83]],

[ 43, 75, 0,[ 86, 40, 91]],

[ 48, 75, 0,[ 19, 73, 18]],

[ 72, 75, 0,[ 76, 69, 95]],

[ 15, 75, 0,[ 24, 82, 40]],

[ 69, 45, 1,[ 46, 10, 72, 84, 74, 79]],

[ 33, 75, 0,[ 50, 24, 86]],

[ 50, 75, 1,[ 81, 29, 30, 57, 33, 63, 44]],

[ 91, 75, 1,[ 43, 73, 38]],

[ 89, 75, 0,[ 61, 47, 73]],

[ 13, 75, 0,[ 60, 76, 79]],

[ 25, 75, 0,[ 42, 95, 75]],

[ 68, 75, 1,[ 83, 35, 98, 63]],

[ 32, 75, 0,[ 87, 64, 63]],

[ 62, 75, 0,[ 58, 96, 24]],

[ 14, 75, 0,[ 99, 42, 49]],

[ 84, 75, 0,[ 69, 66, 82]],

[ 12, 75, 0,[ 60, 97]],

[ 8, 75, 1,[ 70, 11, 37, 92, 67]],

[ 0, 75, 0,[ 76, 23]],

[ 97, 85, 1,[ 74, 12, 34]],

[ 61, 15, 1,[ 89, 92, 90, 64]],

[ 66, 75, 1,[ 87, 88, 84]],

[ 67, 75, 0,[ 44, 8, 23, 59]],

[ 18, 75, 0,[ 85, 63, 48, 98]],

[ 90, 75, 1,[ 94, 51, 28, 10, 61]],

[ 29, 75, 0,[ 50, 51, 76]],

[ 87, 5, 1,[ 23, 66, 32]],

[ 83, 65, 1,[ 64, 68, 59]],

[ 9, 75, 0,[ 70, 64]],

[ 85, 75, 1,[ 7, 35, 18]],

[ 82, 15, 1,[ 84, 28, 15]],

[ 37, 75, 0,[ 42, 76, 8]],

[ 41, 75, 1,[ 6, 17, 93, 39, 1]],

[ 39, 35, 1,[ 41, 31, 78, 36, 96]],

[ 16, 75, 0,[ 58, 65, 56]],

[ 20, 75, 0,[ 75, 81, 42]],

[ 81, 75, 1,[ 20, 50, 1]],

[ 98, 75, 1,[ 68, 26, 18, 53]],

[ 60, 85, 1,[ 12, 96, 13]],

[ 77, 75, 1,[ 51, 57, 21]],

[ 2, 75, 0,[ 64, 55, 23]],

[ 4, 75, 0,[ 86, 19, 40]],

[ 35, 75, 0,[ 93, 68, 85]],

[ 51, 95, 1,[ 29, 90, 46, 77]],

[ 45, 75, 1,[ 64, 7, 56, 65]],

[ 3, 75, 0,[ 79, 86]],

[ 5, 75, 0,[ 75, 58]],

[ 58, 75, 1,[ 30, 54, 5, 62, 93, 22, 16]],

[ 86, 5, 1,[ 33, 3, 43, 28, 4]],

[ 53, 75, 0,[ 94, 98, 59]],

[ 94, 75, 1,[ 90, 31, 79, 53]],

[ 99, 85, 1,[ 26, 14, 22, 74]],

[ 56, 75, 1,[ 21, 45, 16]],

[ 76, 75, 1,[ 37, 13, 29, 0, 72, 6]],

[ 78, 75, 0,[ 95, 93, 39]],

[ 28, 75, 0,[ 90, 80, 70, 86, 82]],

[ 26, 95, 1,[ 98, 99, 73]],

[ 40, 25, 1,[ 34, 92, 43, 4, 52, 15]],

[ 88, 75, 0,[ 66]],

[ 75, 5, 1,[ 5, 25, 20, 79, 27]],

[ 63, 15, 1,[ 18, 68, 50, 32, 1]],

[ 38, 75, 0,[ 96, 91]],

[ 27, 75, 0,[ 75, 79, 19]],

[ 6, 75, 0,[ 49, 41, 76]],

[ 11, 75, 0,[ 44, 8, 59]],

[ 64, 65, 1,[ 54, 83, 59, 45, 61, 9, 2, 21, 32]],

[ 34, 75, 0,[ 79, 97, 40]],

[ 1, 75, 0,[ 49, 63, 81, 41]],

[ 17, 75, 0,[ 59, 41, 24]],

[ 52, 75, 0,[ 96, 55, 40]],

[ 42, 75, 1,[ 25, 57, 20, 14, 24, 37]],

[ 71, 75, 0,[ 23, 47, 65]],

[ 10, 75, 0,[ 90, 24, 69]],

[ 55, 75, 1,[ 2, 46, 52]],

[ 95, 65, 1,[ 78, 65, 36, 25, 72, 80]],

[ 92, 75, 0,[ 40, 8, 61]],

[ 23, 75, 1,[ 2, 0, 67, 71, 87]],

[ 57, 75, 0,[ 42, 50, 77]],

[ 79, 65, 1,[ 13, 3, 27, 94, 34, 69, 75]],

[ 19, 25, 1,[ 27, 48, 36, 4]],

[ 7, 75, 0,[ 85, 45]],

[ 54, 75, 0,[ 64, 58]],

[ 22, 75, 0,[ 99, 73, 58]],

[ 44, 65, 1,[ 50, 11, 67]],

[ 30, 75, 0,[ 58, 50, 74]],

[ 31, 75, 0,[ 39, 70, 94]],

[ 49, 75, 1,[ 1, 6, 14]],

[ 46, 75, 0,[ 55, 69, 51]],

[ 73, 75, 1,[ 22, 91, 26, 89, 48]],

[ 21, 75, 0,[ 96, 77, 56, 64]],

[ 11, 15, 0,[ 88, 4, 14]],

[ 69, 65, 1,[ 88, 9, 65, 1]],

[ 90, 15, 0,[ 94, 99, 47]],

[ 35, 15, 0,[ 54, 77, 61]],

[ 34, 15, 0,[ 96, 62, 81]],

[ 50, 15, 0,[ 60, 66, 3, 82]],

[ 42, 15, 0,[ 86, 39, 98, 71]],

[ 12, 15, 0,[ 70, 26, 38]],

[ 54, 15, 0,[ 35, 63, 28]],

[ 39, 75, 1,[ 71, 42, 8]],

[ 6, 15, 0,[ 38, 72, 1]],

[ 84, 15, 1,[ 47, 33, 49]],

[ 76, 15, 1,[ 24, 78, 46]],

[ 23, 65, 1,[ 57, 81, 63, 25]],

[ 40, 95, 1,[ 77, 41]],

[ 46, 15, 0,[ 92, 76, 27]],

[ 49, 75, 1,[ 81, 5, 84, 1]],

[ 8, 25, 1,[ 52, 39, 61, 80, 74, 7, 68, 9]],

[ 78, 15, 0,[ 1, 83, 76]],

[ 60, 95, 1,[ 31, 38, 55, 75, 36, 50]],

[ 85, 85, 1,[ 95, 48, 74]],

[ 17, 15, 0,[ 45, 52]],

[ 20, 15, 0,[ 22, 16, 99]],

[ 63, 75, 1,[ 54, 79, 29, 87, 23, 2, 37]],

[ 22, 15, 0,[ 75, 28, 20]],

[ 38, 15, 0,[ 60, 12, 6]],

[ 97, 75, 1,[ 93, 19, 72]],

[ 31, 15, 0,[ 44, 60, 43, 89]],

[ 48, 15, 0,[ 82, 7, 91, 85, 27]],

[ 30, 15, 0,[ 57, 64, 26, 56]],

[ 5, 15, 0,[ 98, 81, 49, 80, 56, 47, 1]],

[ 82, 45, 1,[ 48, 50, 16]],

[ 58, 15, 1,[ 92, 95, 55, 67, 65, 72]],

[ 36, 15, 0,[ 19, 60, 4]],

[ 21, 15, 0,[ 43, 72, 27]],

[ 47, 15, 1,[ 84, 81, 5, 29, 93, 90]],

[ 62, 25, 1,[ 73, 34, 0, 52]],

[ 70, 15, 1,[ 59, 1, 12]],

[ 68, 65, 1,[ 89, 8, 4]],

[ 83, 15, 1,[ 78, 75, 24]],

[ 72, 15, 0,[ 97, 21, 58, 6]],

[ 37, 15, 0,[ 63, 3, 28]],

[ 74, 85, 1,[ 85, 32, 53, 57, 8]],

[ 77, 15, 1,[ 40, 35, 96, 61]],

[ 80, 15, 1,[ 73, 8, 5]],

[ 64, 15, 1,[ 30, 73, 99]],

[ 29, 15, 0,[ 47, 27, 63]],

[ 44, 15, 1,[ 52, 59, 31]],

[ 99, 15, 1,[ 20, 90, 64, 0]],

[ 75, 15, 1,[ 60, 83, 22]],

[ 0, 15, 0,[ 99, 41, 62, 24, 71, 25]],

[ 57, 15, 0,[ 30, 23, 74]],

[ 65, 45, 1,[ 69, 59, 58]],

[ 15, 45, 1,[ 26, 45, 28]],

[ 1, 15, 0,[ 6, 5, 86, 96, 49, 78, 89, 69, 70, 24, 98, 55, 28]],

[ 25, 15, 0,[ 0, 88, 23]],

[ 18, 15, 0,[ 66, 51, 92, 79, 7]],

[ 98, 85, 1,[ 33, 42, 32, 1, 86, 14, 5]],

[ 7, 15, 0,[ 8, 48, 18]],

[ 3, 15, 0,[ 51, 91, 50, 37]],

[ 41, 65, 1,[ 0, 40, 93, 45]],

[ 10, 15, 0,[ 52, 79, 26]],

[ 51, 15, 0,[ 3, 4, 18]],

[ 96, 45, 1,[ 1, 77, 34, 33]],

[ 71, 15, 1,[ 0, 39, 42]],

[ 66, 15, 0,[ 43, 18, 50]],

[ 14, 15, 0,[ 11, 98, 55]],

[ 88, 15, 0,[ 69, 25, 11, 32]],

[ 93, 5, 1,[ 86, 53, 47, 41, 97]],

[ 45, 35, 1,[ 19, 41, 15, 17]],

[ 32, 15, 0,[ 98, 88, 74]],

[ 89, 55, 1,[ 68, 1, 31]],

[ 59, 15, 0,[ 65, 70, 44]],

[ 19, 15, 1,[ 45, 36, 13, 97, 26]],

[ 67, 15, 0,[ 26, 58, 86]],

[ 91, 15, 1,[ 3, 48, 16]],

[ 24, 75, 1,[ 76, 83, 0, 1]],

[ 16, 15, 0,[ 20, 91, 82, 27]],

[ 55, 55, 1,[ 60, 2, 58, 1, 14]],

[ 52, 15, 0,[ 62, 10, 8, 17, 44]],

[ 9, 15, 0,[ 69, 94, 8]],

[ 95, 15, 1,[ 58, 85, 13, 81, 79]],

[ 26, 15, 1,[ 10, 67, 30, 19, 15, 12]],

[ 61, 15, 1,[ 77, 94, 35, 8]],

[ 27, 15, 0,[ 48, 16, 21, 29, 46]],

[ 53, 15, 0,[ 74, 93, 73]],

[ 4, 15, 0,[ 51, 36, 68, 11]],

[ 13, 15, 0,[ 95, 73, 19]],

[ 33, 85, 1,[ 96, 84, 87, 98]],

[ 28, 15, 0,[ 87, 54, 22, 15, 1, 37]],

[ 81, 15, 1,[ 23, 5, 49, 95, 34, 47]],

[ 43, 15, 0,[ 21, 66, 31]],

[ 92, 15, 1,[ 58, 79, 18, 46]],

[ 94, 15, 1,[ 9, 61, 86, 90]],

[ 79, 15, 1,[ 10, 95, 63, 92, 18]],

[ 86, 15, 1,[ 67, 98, 1, 93, 42, 94]],

[ 87, 15, 0,[ 63, 28, 33]],

[ 56, 15, 1,[ 5, 30, 73]],

[ 2, 15, 0,[ 55, 63]],

[ 73, 5, 1,[ 64, 13, 53, 56, 80, 62]],

