[ 93, 15, 0,[ 46, 30, 11]],

[ 30, 55, 1,[ 77, 93, 2]],

[ 40, 95, 0,[ 59, 46, 51, 99]],

[ 54, 85, 1,[ 94, 44, 28, 87, 80]],

[ 72, 25, 1,[ 96, 71, 81, 90, 80, 1, 89, 42]],

[ 4, 15, 1,[ 48, 38, 17]],

[ 74, 65, 1,[ 65, 98, 82, 32]],

[ 32, 45, 1,[ 38, 73, 74, 98]],

[ 87, 15, 0,[ 54, 27, 55]],

[ 85, 65, 0,[ 27, 16, 89, 43, 81]],

[ 52, 25, 1,[ 56, 67, 86, 38, 94, 70]],

[ 48, 65, 1,[ 29, 4, 17]],

[ 60, 95, 1,[ 80, 98, 6]],

[ 59, 5, 0,[ 12, 40, 78]],

[ 23, 15, 0,[ 49, 14, 37]],

[ 6, 35, 1,[ 61, 62, 36, 60]],

[ 3, 55, 1,[ 71, 92, 98]],

[ 2, 75, 1,[ 58, 9, 67, 30]],

[ 8, 55, 0,[ 61, 67, 35]],

[ 29, 5, 1,[ 89, 97, 55, 79, 27, 48, 19]],

[ 90, 15, 0,[ 17, 51, 72]],

[ 79, 65, 0,[ 33, 44, 29]],

[ 1, 5, 1,[ 58, 72, 21]],

[ 82, 15, 0,[ 35, 74, 44, 39]],

[ 71, 85, 0,[ 72, 3, 37]],

[ 21, 65, 1,[ 47, 1, 24]],

[ 33, 95, 0,[ 79, 43, 20]],

[ 94, 55, 0,[ 52, 54, 67]],

[ 95, 15, 1,[ 51, 7, 31]],

[ 80, 65, 0,[ 54, 70, 60, 72]],

[ 36, 5, 1,[ 39, 6, 76, 0, 28]],

[ 25, 95, 1,[ 10, 14, 75, 66, 42]],

[ 81, 85, 0,[ 34, 85, 72]],

[ 27, 35, 1,[ 76, 58, 83, 29, 87, 85]],

[ 10, 15, 1,[ 47, 25, 83, 88, 20]],

[ 47, 75, 0,[ 39, 21, 10]],

[ 66, 95, 0,[ 25, 7, 69]],

[ 73, 15, 0,[ 11, 0, 32]],

[ 53, 85, 1,[ 86, 57, 78]],

[ 13, 95, 1,[ 97, 24, 34, 12, 31, 20, 45]],

[ 51, 85, 1,[ 63, 95, 90, 5, 40, 69, 84]],

[ 22, 75, 1,[ 68, 65, 18]],

[ 76, 15, 0,[ 0, 27, 69, 36]],

[ 0, 75, 1,[ 99, 16, 76, 73, 36]],

[ 56, 15, 0,[ 52, 7, 91]],

[ 15, 95, 0,[ 58, 67, 5]],

[ 99, 15, 0,[ 0, 40, 11]],

[ 5, 75, 1,[ 16, 45, 15, 78, 92, 51]],

[ 49, 35, 0,[ 50, 35, 23]],

[ 86, 45, 0,[ 11, 53, 52]],

[ 35, 55, 1,[ 82, 41, 24, 8, 49]],

[ 16, 15, 1,[ 84, 75, 5, 97, 0, 85]],

[ 20, 55, 1,[ 13, 33, 50, 64, 10]],

[ 62, 5, 0,[ 9, 6, 65]],

[ 26, 85, 0,[ 9, 12, 37]],

[ 24, 15, 0,[ 35, 13, 21]],

[ 41, 5, 0,[ 58, 35]],

[ 34, 75, 1,[ 63, 81, 13]],

[ 91, 65, 1,[ 14, 57, 19, 56]],

[ 98, 5, 0,[ 3, 32, 74, 60]],

[ 58, 15, 1,[ 41, 15, 2, 1, 27]],

[ 45, 15, 0,[ 13, 5, 50]],

[ 64, 95, 0,[ 68, 20, 57]],

[ 46, 35, 1,[ 40, 44, 11, 93]],

[ 65, 55, 0,[ 62, 74, 22]],

[ 38, 95, 1,[ 32, 4, 52]],

[ 55, 65, 1,[ 77, 29, 7, 87, 68]],

[ 77, 85, 0,[ 30, 55, 43]],

[ 70, 45, 0,[ 80, 37, 52]],

[ 68, 85, 0,[ 22, 64, 55]],

[ 44, 35, 1,[ 82, 79, 54, 46]],

[ 42, 5, 0,[ 72, 14, 25]],

[ 7, 15, 1,[ 95, 12, 56, 55, 66, 88]],

[ 14, 5, 1,[ 23, 25, 91, 42]],

[ 88, 15, 1,[ 7, 10]],

[ 97, 35, 0,[ 13, 16, 29]],

[ 67, 55, 0,[ 8, 15, 94, 2, 52]],

[ 31, 15, 1,[ 95, 13, 9]],

[ 19, 35, 0,[ 18, 29, 91]],

[ 92, 15, 0,[ 12, 3, 5]],

[ 75, 5, 0,[ 16, 12, 25]],

[ 50, 25, 0,[ 49, 45, 20]],

[ 28, 15, 1,[ 36, 61, 54, 18]],

[ 9, 5, 1,[ 2, 62, 31, 26]],

[ 12, 35, 1,[ 92, 75, 7, 13, 26, 59]],

[ 69, 55, 0,[ 76, 66, 51]],

[ 84, 5, 0,[ 17, 16, 51]],

[ 43, 95, 1,[ 77, 85, 33]],

[ 83, 5, 0,[ 10, 27]],

[ 96, 75, 0,[ 37, 72, 11]],

[ 39, 95, 0,[ 82, 36, 47]],

[ 57, 15, 1,[ 91, 64, 53]],

[ 18, 15, 1,[ 22, 28, 19]],

[ 61, 95, 1,[ 8, 28, 78, 6]],

[ 17, 5, 1,[ 90, 4, 84, 48]],

[ 89, 25, 0,[ 29, 85, 72]],

[ 37, 45, 1,[ 71, 96, 26, 63, 23, 70]],

[ 11, 65, 1,[ 96, 73, 46, 86, 99, 93]],

[ 78, 85, 0,[ 53, 5, 61, 59]],

[ 63, 15, 0,[ 34, 51, 37]],

