[ 2, 55, 1,[ 13, 3, 0, 52, 31, 5, 43, 11, 51, 44, 26, 1, 94]],

[ 76, 35, 0,[ 62, 43, 52, 77, 66]],

[ 32, 35, 0,[ 41, 40, 89, 92]],

[ 96, 35, 0,[ 17, 53, 80, 23, 42]],

[ 46, 35, 0,[ 78, 24, 44, 28, 67]],

[ 7, 35, 0,[ 31, 48, 78]],

[ 19, 35, 0,[ 44, 62, 88]],

[ 36, 35, 0,[ 22, 16, 71]],

[ 8, 35, 0,[ 89, 99, 79]],

[ 10, 75, 1,[ 3, 83, 50, 65, 45, 75]],

[ 45, 35, 0,[ 10, 33, 37]],

[ 84, 35, 0,[ 64, 51, 56, 99, 87]],

[ 4, 35, 0,[ 41, 13, 29]],

[ 99, 35, 0,[ 93, 11, 8, 84]],

[ 9, 35, 0,[ 39, 38, 40, 15, 61]],

[ 17, 35, 0,[ 72, 34, 96]],

[ 85, 35, 0,[ 38, 50, 95, 71]],

[ 82, 35, 0,[ 98, 29, 91, 20]],

[ 94, 35, 0,[ 2, 6, 70]],

[ 35, 35, 0,[ 73, 74, 3, 48]],

[ 50, 35, 0,[ 38, 85, 10]],

[ 18, 35, 0,[ 15, 59, 79, 71]],

[ 15, 35, 0,[ 9, 62, 18, 95]],

[ 71, 35, 0,[ 18, 36, 85, 63, 14]],

[ 44, 35, 0,[ 2, 41, 19, 46]],

[ 13, 35, 1,[ 53, 2, 23, 5, 4]],

[ 41, 35, 0,[ 20, 38, 4, 32, 34, 44]],

[ 56, 35, 0,[ 98, 84, 77]],

[ 28, 35, 0,[ 46, 98, 66, 29, 55]],

[ 81, 35, 0,[ 89, 70]],

[ 58, 35, 0,[ 6, 72, 54, 3]],

[ 83, 35, 0,[ 21, 10, 65]],

[ 12, 35, 0,[ 70, 88, 79, 1]],

[ 97, 35, 0,[ 98, 70, 68]],

[ 3, 15, 1,[ 14, 1, 65, 49, 10, 58, 43, 47, 22, 2, 35]],

[ 48, 35, 0,[ 7, 35, 5]],

[ 0, 85, 1,[ 68, 1, 53, 2, 6]],

[ 47, 35, 0,[ 3, 25, 42, 57]],

[ 57, 35, 0,[ 47, 38, 29]],

[ 60, 35, 0,[ 80, 14, 59]],

[ 67, 35, 0,[ 74, 46, 59]],

[ 31, 35, 0,[ 77, 7, 2]],

[ 68, 35, 0,[ 0, 97, 98]],

[ 90, 35, 0,[ 64, 49]],

[ 38, 45, 1,[ 85, 25, 69, 54, 87, 9, 57, 86, 72, 50, 41, 80]],

[ 24, 35, 0,[ 54, 46, 93, 51]],

[ 80, 35, 0,[ 96, 38, 60]],

[ 69, 35, 0,[ 77, 91, 38]],

[ 1, 35, 1,[ 5, 12, 2, 0, 3, 6]],

[ 49, 35, 0,[ 25, 3, 90, 73]],

[ 74, 35, 0,[ 21, 35, 67, 73]],

[ 59, 35, 0,[ 60, 67, 75, 18, 70]],

[ 65, 35, 0,[ 10, 3, 83]],

[ 42, 35, 0,[ 96, 47, 62]],

[ 43, 35, 0,[ 3, 76, 2]],

[ 89, 35, 0,[ 26, 81, 32, 8]],

[ 64, 35, 0,[ 11, 90, 84]],

[ 26, 35, 0,[ 89, 72, 2]],

[ 16, 35, 0,[ 62, 22, 36, 40]],

[ 98, 35, 0,[ 86, 56, 68, 97, 82, 28]],

[ 63, 35, 0,[ 39, 71, 34]],

[ 22, 35, 0,[ 16, 36, 3]],

[ 34, 35, 0,[ 63, 41, 17]],

[ 33, 35, 0,[ 62, 45, 55]],

[ 72, 35, 0,[ 17, 58, 26, 38]],

[ 91, 35, 0,[ 69, 82, 37]],

[ 88, 35, 0,[ 39, 19, 52, 86, 12]],

[ 54, 35, 0,[ 58, 24, 38]],

[ 11, 65, 1,[ 99, 66, 2, 64, 27]],

[ 66, 35, 0,[ 11, 76, 28]],

[ 73, 35, 0,[ 49, 74, 35]],

[ 52, 35, 0,[ 76, 88, 2]],

[ 40, 35, 0,[ 9, 16, 32]],

[ 70, 35, 0,[ 97, 12, 61, 81, 37, 59, 94]],

[ 79, 35, 0,[ 8, 12, 18]],

[ 30, 35, 0,[ 86]],

[ 5, 45, 1,[ 1, 13, 2, 48]],

[ 62, 35, 0,[ 16, 15, 42, 33, 19, 76]],

[ 21, 35, 0,[ 83, 6, 74]],

[ 87, 35, 0,[ 38, 6, 84]],

[ 14, 35, 0,[ 60, 71, 3]],

[ 78, 35, 0,[ 46, 7, 92]],

[ 20, 35, 0,[ 41, 82]],

[ 55, 35, 0,[ 28, 39, 33]],

[ 86, 35, 0,[ 38, 88, 98, 27, 30]],

[ 95, 35, 0,[ 85, 15, 93]],

[ 77, 35, 0,[ 76, 56, 31, 69]],

[ 51, 35, 0,[ 24, 75, 84, 2]],

[ 29, 35, 0,[ 57, 28, 4, 82]],

[ 37, 35, 0,[ 91, 70, 45]],

[ 93, 35, 0,[ 95, 27, 24, 99]],

[ 27, 35, 0,[ 93, 11, 86]],

[ 23, 35, 0,[ 96, 13, 92]],

[ 25, 35, 0,[ 49, 61, 38, 47]],

[ 61, 35, 0,[ 70, 9, 25]],

[ 53, 35, 0,[ 13, 96, 0]],

[ 39, 35, 0,[ 9, 88, 55, 63]],

[ 6, 75, 1,[ 21, 1, 0, 58, 94, 87]],

[ 92, 35, 0,[ 78, 23, 32]],

[ 75, 35, 0,[ 59, 51, 10]],

