[ 81, 15, 0,[ 89, 49, 8]],

[ 80, 15, 0,[ 6, 47, 11]],

[ 2, 15, 1,[ 11, 14, 3, 15, 6]],

[ 3, 75, 1,[ 38, 22, 1, 2]],

[ 61, 75, 0,[ 49, 60]],

[ 85, 75, 0,[ 55, 59, 5]],

[ 36, 55, 0,[ 88, 13, 8]],

[ 92, 75, 0,[ 5, 29, 27]],

[ 97, 65, 0,[ 66, 59, 7, 72]],

[ 40, 15, 0,[ 38, 43]],

[ 19, 55, 0,[ 59, 77, 88]],

[ 84, 75, 0,[ 9]],

[ 13, 25, 1,[ 5, 12, 36, 38]],

[ 23, 75, 0,[]],

[ 87, 65, 0,[ 47, 66, 73]],

[ 41, 65, 0,[ 39]],

[ 56, 75, 0,[]],

[ 44, 75, 0,[]],

[ 90, 75, 0,[]],

[ 9, 75, 0,[ 7, 84]],

[ 58, 65, 0,[]],

[ 60, 75, 0,[ 73, 61]],

[ 38, 15, 1,[ 13, 3, 40, 1]],

[ 48, 15, 0,[ 4, 46, 76]],

[ 49, 15, 0,[ 61, 24, 81]],

[ 28, 15, 0,[ 33, 96]],

[ 22, 65, 0,[ 53, 42, 3, 86]],

[ 73, 75, 0,[ 87, 21, 60, 59]],

[ 67, 15, 0,[]],

[ 77, 55, 0,[ 19, 95, 98]],

[ 93, 15, 0,[]],

[ 66, 65, 0,[ 25, 97, 87]],

[ 15, 15, 0,[ 74, 2]],

[ 32, 25, 0,[]],

[ 76, 15, 0,[ 48, 46]],

[ 10, 55, 1,[ 0, 4, 86, 11, 1]],

[ 34, 75, 0,[ 27]],

[ 18, 75, 0,[ 30]],

[ 43, 75, 0,[ 63, 40]],

[ 4, 55, 0,[ 89, 10, 71, 48]],

[ 37, 75, 0,[ 78, 8, 63]],

[ 70, 65, 0,[]],

[ 68, 65, 0,[ 57, 74, 94, 91]],

[ 12, 65, 0,[ 39, 13]],

[ 78, 65, 0,[ 39, 46, 37]],

[ 17, 15, 0,[]],

[ 27, 75, 0,[ 34, 55, 92]],

[ 63, 75, 0,[ 45, 37, 43]],

[ 21, 75, 0,[ 73, 79, 55]],

[ 69, 75, 0,[ 50]],

[ 96, 15, 0,[ 52, 28]],

[ 79, 75, 0,[ 21, 31]],

[ 75, 15, 0,[]],

[ 5, 15, 1,[ 92, 85, 13, 1]],

[ 98, 55, 0,[ 77]],

[ 65, 15, 0,[]],

[ 6, 15, 1,[ 0, 80, 2]],

[ 62, 75, 0,[]],

[ 0, 75, 1,[ 6, 57, 10]],

[ 11, 65, 1,[ 80, 10, 2]],

[ 55, 75, 0,[ 27, 51, 85, 21]],

[ 45, 15, 0,[ 82, 63]],

[ 89, 15, 0,[ 81, 4]],

[ 82, 15, 0,[ 31, 25, 45, 29]],

[ 25, 65, 0,[ 66, 82, 14]],

[ 33, 15, 0,[ 16, 28]],

[ 1, 75, 1,[ 10, 5, 38, 7, 3]],

[ 71, 75, 0,[ 16, 4]],

[ 39, 65, 0,[ 41, 51, 12, 78]],

[ 47, 65, 0,[ 80, 87, 29]],

[ 30, 75, 0,[ 18]],

[ 91, 55, 0,[ 64, 24, 68]],

[ 83, 65, 0,[]],

[ 51, 75, 0,[ 39, 55]],

[ 7, 75, 0,[ 97, 9, 1]],

[ 86, 55, 0,[ 22, 72, 10]],

[ 31, 15, 0,[ 82, 79]],

[ 16, 75, 0,[ 33, 71]],

[ 95, 55, 0,[ 77]],

[ 26, 15, 0,[]],

[ 52, 15, 0,[ 96, 20]],

[ 53, 65, 0,[ 22]],

[ 8, 75, 0,[ 81, 37, 36]],

[ 29, 65, 0,[ 92, 82, 47]],

[ 72, 65, 0,[ 97, 86, 54]],

[ 54, 65, 0,[ 72]],

[ 50, 75, 0,[ 69]],

[ 42, 65, 0,[ 22]],

[ 20, 15, 0,[ 52]],

[ 88, 55, 0,[ 36, 19]],

[ 59, 65, 0,[ 85, 97, 19, 73]],

[ 74, 75, 0,[ 68, 15]],

[ 35, 75, 0,[]],

[ 99, 65, 0,[]],

[ 24, 55, 0,[ 49, 91]],

[ 64, 55, 0,[ 91]],

[ 94, 65, 0,[ 68]],

[ 57, 65, 0,[ 68, 0]],

[ 46, 15, 0,[ 76, 78, 48]],

[ 14, 15, 0,[ 25, 2]],

