[ 74, 5, 0,[ 28, 94, 53, 21]],

[ 26, 5, 0,[ 67, 84, 4, 32, 61, 71]],

[ 17, 5, 0,[ 89, 25, 78, 0]],

[ 27, 5, 0,[ 91, 25, 47]],

[ 40, 5, 0,[ 98, 85, 35, 99]],

[ 64, 5, 0,[ 68, 30, 2]],

[ 96, 5, 0,[ 0, 48, 85]],

[ 19, 5, 0,[ 7, 72, 36]],

[ 86, 5, 0,[ 97, 24, 43]],

[ 23, 5, 0,[ 65, 85, 11, 29]],

[ 69, 5, 0,[ 94, 33, 14, 24]],

[ 8, 5, 0,[ 81, 97, 50]],

[ 51, 35, 1,[ 10, 89, 67, 98, 85]],

[ 54, 5, 0,[ 87, 21, 57]],

[ 61, 5, 0,[ 56, 31, 85, 26]],

[ 90, 5, 0,[ 89, 15, 78]],

[ 43, 5, 0,[ 86, 41, 1]],

[ 50, 5, 0,[ 8, 37]],

[ 20, 5, 0,[ 3, 31, 21]],

[ 29, 5, 0,[ 23, 73, 89]],

[ 45, 5, 0,[ 18, 59, 95]],

[ 81, 85, 1,[ 25, 65, 15, 70, 8]],

[ 13, 5, 0,[ 12, 10, 95]],

[ 6, 5, 0,[ 28, 99, 31, 16]],

[ 82, 5, 0,[ 98, 85, 16, 52]],

[ 85, 25, 1,[ 61, 82, 23, 63, 40, 9, 96, 92, 51, 34]],

[ 84, 5, 1,[ 78, 60, 49, 14, 16, 39, 26, 92]],

[ 89, 5, 0,[ 17, 29, 51, 90]],

[ 95, 5, 0,[ 59, 13, 79, 2, 45, 72]],

[ 79, 5, 0,[ 95, 1, 94, 10]],

[ 38, 5, 0,[ 58, 57, 4]],

[ 5, 5, 0,[ 1, 24, 41, 35, 34, 65]],

[ 66, 5, 0,[ 0, 3, 68]],

[ 68, 5, 0,[ 36, 64, 66]],

[ 92, 5, 0,[ 94, 84, 85]],

[ 12, 5, 0,[ 71, 48, 13]],

[ 87, 5, 0,[ 22, 88, 54, 4]],

[ 32, 5, 0,[ 47, 30, 26]],

[ 33, 5, 0,[ 57, 69, 44]],

[ 41, 5, 0,[ 5, 43, 72, 93]],

[ 55, 5, 0,[ 56, 70, 94]],

[ 52, 5, 0,[ 11, 82, 42]],

[ 83, 5, 0,[ 22, 49, 76]],

[ 76, 5, 0,[ 44, 99, 83, 70]],

[ 70, 5, 1,[ 76, 3, 34, 47, 55, 81]],

[ 31, 5, 0,[ 61, 20, 6]],

[ 25, 5, 0,[ 81, 56, 53, 27, 17]],

[ 56, 15, 1,[ 88, 73, 37, 61, 9, 55, 25]],

[ 36, 5, 0,[ 68, 0, 19]],

[ 10, 5, 0,[ 79, 51, 13]],

[ 37, 5, 0,[ 56, 50, 22, 21]],

[ 39, 5, 0,[ 18, 84, 21]],

[ 63, 5, 0,[ 49, 94, 85]],

[ 42, 5, 0,[ 3, 52, 99]],

[ 0, 5, 0,[ 96, 36, 17, 66]],

[ 91, 5, 0,[ 46, 62, 27, 48]],

[ 9, 5, 0,[ 85, 56, 14]],

[ 49, 5, 0,[ 63, 83, 84]],

[ 1, 5, 0,[ 5, 43, 75, 79]],

[ 22, 5, 0,[ 87, 83, 37]],

[ 35, 5, 0,[ 5, 40]],

[ 78, 5, 0,[ 90, 17, 84, 73, 58]],

[ 11, 5, 0,[ 23, 94, 52]],

[ 44, 5, 0,[ 16, 33, 76]],

[ 24, 5, 0,[ 69, 86, 4, 5]],

[ 62, 5, 0,[ 18, 91, 59]],

[ 71, 5, 0,[ 12, 7, 26]],

[ 98, 5, 0,[ 82, 53, 40, 51]],

[ 58, 5, 0,[ 78, 77, 38, 94]],

[ 18, 5, 0,[ 45, 62, 39]],

[ 34, 5, 0,[ 85, 70, 5]],

[ 14, 5, 0,[ 9, 84, 3, 69, 77]],

[ 75, 5, 0,[ 99, 59, 1]],

[ 3, 5, 0,[ 14, 66, 80, 20, 70, 42]],

[ 65, 5, 0,[ 23, 81, 5]],

[ 93, 5, 0,[ 94, 41, 7]],

[ 28, 5, 0,[ 6, 74, 88]],

[ 97, 5, 0,[ 86, 99, 8, 46]],

[ 73, 5, 0,[ 56, 78, 29]],

[ 72, 5, 0,[ 41, 95, 19]],

[ 59, 5, 1,[ 75, 45, 15, 62, 80, 95]],

[ 99, 5, 1,[ 42, 75, 67, 97, 6, 76, 40]],

[ 21, 5, 0,[ 54, 20, 74, 37, 39]],

[ 60, 5, 0,[ 7, 84]],

[ 2, 5, 0,[ 64, 95]],

[ 30, 5, 0,[ 57, 64, 32]],

[ 94, 35, 1,[ 46, 11, 74, 63, 55, 79, 80, 93, 58, 92, 69]],

[ 15, 5, 1,[ 90, 81, 59]],

[ 48, 5, 0,[ 12, 91, 96]],

[ 16, 5, 0,[ 44, 84, 6, 82]],

[ 7, 5, 0,[ 19, 71, 60, 93]],

[ 67, 5, 0,[ 99, 51, 26]],

[ 57, 5, 0,[ 33, 54, 47, 38, 30]],

[ 47, 5, 0,[ 32, 27, 57, 70]],

[ 77, 5, 0,[ 14, 58]],

[ 46, 5, 0,[ 94, 91, 97]],

[ 80, 5, 0,[ 94, 3, 59]],

[ 4, 5, 0,[ 26, 87, 38, 24]],

[ 53, 5, 0,[ 74, 25, 98]],

[ 88, 5, 0,[ 28, 87, 56]],

