[ 71, 5, 1,[ 40, 74, 6, 44, 3, 9]],

[ 96, 25, 0,[ 25, 46, 24]],

[ 30, 95, 1,[ 11, 0, 62]],

[ 4, 45, 1,[ 24, 44, 33]],

[ 1, 25, 1,[ 63, 31, 10, 70, 29, 81, 74]],

[ 25, 25, 1,[ 96, 20, 99]],

[ 6, 25, 1,[ 71, 35, 21]],

[ 44, 25, 0,[ 4, 16, 71]],

[ 8, 25, 0,[ 52, 32, 84]],

[ 41, 25, 0,[ 48, 7, 59]],

[ 64, 25, 0,[ 34, 5, 59]],

[ 94, 25, 0,[ 72]],

[ 77, 55, 1,[ 33, 10, 54]],

[ 62, 25, 0,[ 30, 20, 35]],

[ 32, 25, 1,[ 61, 42, 75, 83, 8]],

[ 7, 55, 1,[ 9, 82, 41, 55]],

[ 60, 25, 0,[ 2, 36]],

[ 39, 25, 0,[ 12, 29, 16]],

[ 45, 25, 0,[ 5]],

[ 81, 25, 0,[ 38, 1, 3]],

[ 24, 25, 1,[ 43, 85, 96, 49, 65, 4]],

[ 2, 15, 1,[ 67, 60, 84, 66]],

[ 98, 25, 0,[ 29, 13, 72]],

[ 54, 25, 1,[ 42, 91, 77, 26, 16]],

[ 29, 25, 1,[ 73, 1, 39, 98]],

[ 99, 25, 1,[ 20, 88, 25]],

[ 5, 25, 1,[ 46, 70, 64, 79, 45]],

[ 84, 25, 1,[ 8, 69, 70, 2]],

[ 12, 25, 1,[ 93, 39, 82]],

[ 13, 25, 1,[ 98, 63, 0]],

[ 53, 85, 1,[ 56, 85, 79]],

[ 9, 25, 1,[ 7, 37, 71, 69, 51]],

[ 93, 25, 0,[ 12, 35]],

[ 36, 55, 1,[ 0, 58, 23, 19, 92, 34, 91, 60]],

[ 69, 25, 0,[ 84, 9, 20]],

[ 68, 25, 0,[ 46, 16, 37]],

[ 35, 25, 1,[ 38, 62, 93, 6]],

[ 55, 25, 0,[ 28, 7]],

[ 38, 25, 1,[ 50, 81, 14, 35, 78]],

[ 78, 25, 0,[ 40, 90, 38]],

[ 42, 25, 0,[ 20, 32, 54]],

[ 28, 5, 1,[ 21, 76, 55, 67]],

[ 0, 85, 1,[ 36, 92, 30, 13]],

[ 40, 65, 1,[ 71, 78, 97, 58]],

[ 19, 25, 0,[ 36, 63, 88]],

[ 37, 25, 1,[ 52, 68, 74, 9]],

[ 80, 35, 1,[ 95, 86, 66, 57]],

[ 58, 25, 0,[ 36, 34, 40]],

[ 59, 95, 1,[ 41, 64, 27, 57, 83, 87]],

[ 76, 25, 0,[ 57, 10, 28]],

[ 18, 35, 1,[ 14, 48, 17]],

[ 51, 25, 0,[ 9, 16, 90]],

[ 73, 25, 0,[ 52, 29, 86, 34]],

[ 90, 25, 1,[ 66, 65, 78, 31, 51]],

[ 17, 35, 1,[ 56, 20, 18]],

[ 20, 45, 1,[ 22, 17, 42, 62, 25, 61, 99, 95, 69]],

[ 63, 15, 1,[ 13, 33, 1, 26, 19, 23]],

[ 52, 25, 1,[ 8, 73, 37, 89]],

[ 3, 15, 1,[ 61, 71, 81, 49]],

[ 75, 25, 0,[ 11, 32, 72]],

[ 34, 25, 1,[ 73, 64, 36, 49, 58]],

[ 91, 25, 0,[ 54, 36]],

[ 86, 25, 0,[ 73, 22, 80]],

[ 23, 25, 0,[ 36, 63, 11]],

[ 14, 15, 1,[ 38, 18, 82, 26]],

[ 50, 25, 0,[ 72, 38]],

[ 16, 35, 1,[ 15, 39, 54, 95, 65, 44, 68, 51]],

[ 83, 25, 0,[ 48, 32, 59]],

[ 48, 25, 1,[ 41, 97, 83, 87, 18]],

[ 70, 25, 0,[ 5, 84, 1]],

[ 97, 25, 0,[ 22, 40, 48]],

[ 31, 25, 0,[ 90, 1]],

[ 11, 5, 1,[ 47, 30, 75, 23]],

[ 82, 25, 0,[ 14, 7, 12]],

[ 61, 25, 0,[ 20, 32, 22, 3]],

[ 92, 25, 0,[ 0, 36, 43]],

[ 87, 25, 0,[ 59, 48, 10]],

[ 33, 25, 0,[ 77, 4, 63]],

[ 66, 25, 0,[ 80, 90, 2]],

[ 74, 25, 0,[ 37, 71, 1]],

[ 65, 25, 0,[ 90, 24, 16]],

[ 85, 55, 0,[ 53, 24, 88]],

[ 26, 25, 0,[ 14, 63, 54]],

[ 88, 25, 1,[ 56, 89, 99, 85, 19]],

[ 21, 25, 1,[ 6, 28, 47, 89]],

[ 22, 15, 1,[ 86, 67, 27, 97, 20, 61]],

[ 43, 25, 1,[ 15, 24, 79, 92]],

[ 56, 25, 0,[ 53, 88, 17]],

[ 47, 25, 0,[ 11, 46, 21]],

[ 89, 25, 0,[ 21, 52, 88]],

[ 15, 25, 0,[ 16, 10, 43]],

[ 57, 25, 1,[ 59, 76, 80]],

[ 10, 25, 1,[ 87, 27, 76, 1, 77, 15]],

[ 27, 95, 1,[ 22, 59, 10]],

[ 67, 25, 0,[ 28, 22, 2]],

[ 72, 25, 1,[ 75, 98, 50, 94]],

[ 49, 25, 0,[ 34, 3, 24]],

[ 79, 25, 0,[ 5, 43, 53]],

[ 46, 25, 1,[ 47, 96, 68, 5]],

[ 95, 25, 0,[ 20, 16, 80]],

[ 37, 65, 1,[ 62, 39, 0]],

[ 45, 75, 0,[ 17, 59]],

[ 57, 95, 1,[ 10, 96, 39]],

[ 56, 75, 0,[ 91, 38, 12]],

[ 58, 75, 0,[ 39, 96, 52]],

[ 16, 25, 1,[ 42, 55, 1, 32, 71, 6]],

[ 26, 75, 0,[ 18, 68, 63]],

[ 13, 75, 1,[ 77, 93, 31, 5, 99]],

[ 79, 75, 0,[ 82, 25, 9]],

[ 52, 75, 1,[ 44, 32, 58]],

[ 64, 75, 0,[ 83, 73, 70]],

[ 68, 75, 0,[ 26, 54, 89]],

[ 93, 75, 0,[ 13, 1, 4, 95]],

[ 92, 75, 0,[ 22, 54, 91]],

[ 59, 75, 1,[ 45, 22, 71]],

[ 49, 75, 0,[ 12, 80]],

[ 63, 75, 0,[ 65, 6, 26, 10, 29]],

[ 4, 75, 1,[ 11, 21, 93, 3, 8]],

[ 75, 75, 1,[ 60, 24, 2, 96]],

[ 28, 75, 1,[ 2, 61, 29]],

[ 1, 45, 1,[ 35, 5, 88, 16, 30, 43, 32, 93, 41, 12, 10, 9, 89, 3, 0]],

[ 47, 75, 1,[ 97, 77, 84]],

[ 62, 75, 1,[ 17, 34, 37]],

[ 88, 95, 1,[ 65, 33, 11, 40, 1, 43, 55]],

[ 34, 55, 1,[ 62, 29, 39, 51]],

[ 90, 75, 0,[ 76, 22, 10]],

[ 65, 75, 0,[ 88, 63, 44]],

[ 23, 75, 0,[ 7, 50, 83]],

[ 39, 25, 1,[ 57, 66, 36, 37, 34, 58]],

[ 81, 75, 0,[ 33, 83, 67, 6]],

[ 54, 75, 1,[ 35, 92, 72, 91, 21, 94, 68, 40, 24]],

[ 42, 75, 0,[ 25, 16, 15]],

[ 29, 25, 1,[ 87, 63, 89, 28, 34, 48]],

[ 14, 75, 1,[ 66, 3, 96, 74]],

[ 67, 75, 0,[ 8, 81]],

[ 33, 75, 0,[ 70, 88, 81]],

[ 69, 75, 0,[ 91, 61, 27]],

[ 36, 35, 1,[ 39, 96, 98]],

[ 24, 75, 0,[ 75, 54, 19]],

[ 51, 75, 0,[ 25, 61, 34]],

[ 30, 85, 1,[ 98, 1, 72, 0]],

[ 66, 75, 0,[ 14, 6, 39]],

[ 86, 75, 0,[ 77, 85]],

[ 12, 75, 1,[ 38, 56, 0, 1, 49]],

[ 27, 95, 1,[ 69, 73, 97, 50, 82]],

[ 94, 75, 0,[ 11, 35, 54]],

[ 95, 75, 0,[ 91, 3, 93]],

[ 17, 75, 1,[ 62, 45, 3]],

[ 41, 75, 0,[ 20, 74, 1]],

[ 6, 75, 1,[ 66, 72, 63, 0, 81, 16]],

[ 25, 85, 1,[ 42, 51, 2, 79]],

[ 0, 65, 1,[ 37, 2, 7, 30, 78, 46, 6, 71, 1, 12]],

[ 97, 75, 0,[ 27, 47, 48]],

[ 61, 75, 0,[ 46, 69, 28, 51]],

[ 43, 25, 1,[ 1, 9, 88]],

[ 73, 75, 1,[ 27, 64, 5]],

[ 74, 75, 0,[ 91, 78, 14, 41]],

[ 72, 75, 1,[ 6, 54, 30]],

[ 77, 75, 0,[ 47, 13, 86]],

[ 87, 75, 0,[ 2, 29, 44]],

[ 85, 75, 0,[ 53, 86, 96, 19]],

[ 80, 85, 1,[ 5, 49]],

[ 50, 75, 0,[ 23, 27]],

[ 82, 75, 0,[ 27, 79]],

[ 5, 65, 1,[ 73, 1, 13, 80]],

[ 22, 35, 1,[ 90, 92, 98, 2, 59]],

[ 55, 75, 0,[ 88, 16, 11]],

[ 19, 75, 1,[ 2, 7, 85, 24]],

[ 76, 75, 0,[ 35, 90]],

[ 70, 75, 0,[ 38, 33, 64]],

[ 89, 75, 0,[ 1, 68, 29]],

[ 96, 35, 1,[ 75, 85, 31, 36, 57, 58, 14]],

[ 31, 75, 0,[ 96, 99, 84, 13]],

[ 48, 25, 1,[ 2, 29, 97]],

[ 15, 75, 0,[ 9, 42]],

[ 8, 75, 0,[ 67, 4]],

[ 46, 75, 1,[ 61, 40, 0]],

[ 99, 75, 0,[ 13, 83, 31]],

[ 38, 75, 1,[ 21, 12, 70, 56]],

[ 20, 75, 1,[ 2, 83, 41]],

[ 2, 35, 1,[ 19, 87, 91, 0, 20, 28, 11, 7, 48, 22, 75, 25]],

[ 35, 35, 1,[ 76, 1, 54, 94, 32]],

[ 53, 75, 1,[ 85, 44, 3]],

[ 83, 75, 0,[ 23, 99, 81, 20, 64]],

[ 11, 75, 1,[ 94, 78, 55, 88, 4, 2]],

[ 78, 75, 0,[ 0, 11, 74]],

[ 10, 25, 1,[ 63, 90, 1, 57]],

[ 60, 75, 0,[ 75, 84, 21]],

[ 3, 75, 1,[ 53, 4, 14, 1, 17, 95]],

[ 98, 75, 0,[ 22, 36, 30]],

[ 7, 85, 1,[ 19, 23, 2, 44, 0]],

[ 40, 75, 0,[ 54, 46, 88]],

[ 84, 75, 0,[ 47, 60, 31]],

[ 21, 75, 1,[ 54, 18, 38, 60, 4]],

[ 32, 85, 1,[ 35, 16, 1, 52]],

[ 71, 75, 0,[ 59, 0, 16]],

[ 91, 95, 1,[ 54, 56, 2, 69, 92, 95, 74]],

[ 9, 5, 1,[ 15, 1, 43, 79]],

[ 18, 75, 1,[ 21, 26]],

[ 44, 75, 0,[ 53, 7, 65, 52, 87]],

