[ 49, 75, 0,[ 11, 77]],

[ 74, 75, 0,[ 0, 11, 5]],

[ 53, 65, 0,[ 11]],

[ 28, 75, 0,[ 10, 1, 11]],

[ 65, 75, 0,[ 11]],

[ 18, 75, 0,[ 1]],

[ 11, 45, 1,[ 44, 58, 85, 12, 86, 60, 89, 36, 42, 25, 24, 82, 43, 65, 56, 78, 29, 70, 53, 80, 84, 77, 51, 41, 59, 16, 17, 57, 67, 31, 7, 28, 96, 91, 74, 68, 20, 39, 88, 40, 47, 75, 72, 32, 63, 71, 69, 95, 99, 50, 23, 4, 37, 76, 90, 34, 14, 9, 61, 48, 55, 49, 93, 33, 13]],

[ 13, 75, 0,[ 10, 11, 67]],

[ 56, 75, 0,[ 1, 11, 78]],

[ 21, 75, 0,[ 48, 6, 27]],

[ 73, 75, 0,[ 35, 10]],

[ 59, 75, 0,[ 11, 10, 1]],

[ 25, 95, 0,[ 79, 10, 11, 87]],

[ 76, 75, 0,[ 10, 11, 82]],

[ 70, 75, 0,[ 11, 1, 10]],

[ 5, 25, 1,[ 74, 91, 79, 95, 61, 37, 29, 77]],

[ 32, 75, 0,[ 15, 11, 10]],

[ 40, 75, 0,[ 11, 10]],

[ 91, 25, 0,[ 11, 10, 5]],

[ 39, 65, 0,[ 38, 35, 11]],

[ 23, 75, 0,[ 44, 1, 11, 3]],

[ 4, 75, 0,[ 11, 0, 10]],

[ 42, 75, 0,[ 11, 2]],

[ 20, 65, 0,[ 11, 10, 78]],

[ 78, 75, 0,[ 11, 20, 56]],

[ 99, 65, 0,[ 6, 11]],

[ 92, 75, 0,[ 1, 10, 35]],

[ 67, 75, 0,[ 11, 1, 7, 13]],

[ 17, 25, 0,[ 47, 0, 11]],

[ 14, 65, 0,[ 10, 35, 11, 64]],

[ 77, 25, 0,[ 5, 11, 49, 10]],

[ 52, 75, 0,[ 35, 2, 10]],

[ 97, 75, 0,[ 2, 10]],

[ 36, 75, 0,[ 35, 11, 2]],

[ 85, 25, 0,[ 11, 10, 0]],

[ 80, 75, 0,[ 10, 6, 11]],

[ 8, 75, 0,[ 0, 10]],

[ 47, 75, 0,[ 2, 17, 11]],

[ 83, 75, 0,[ 10]],

[ 2, 65, 1,[ 84, 52, 97, 42, 36, 47, 0, 72]],

[ 68, 75, 0,[ 6, 11]],

[ 89, 75, 0,[ 11, 10]],

[ 86, 95, 0,[ 10, 11, 24]],

[ 33, 25, 0,[ 93, 0, 11]],

[ 26, 75, 0,[ 10]],

[ 81, 75, 0,[ 87, 10, 19]],

[ 54, 75, 0,[ 10, 6]],

[ 29, 75, 0,[ 5, 11, 10]],

[ 41, 75, 0,[ 10, 11]],

[ 61, 75, 0,[ 10, 11, 5]],

[ 48, 95, 0,[ 21, 10, 11]],

[ 75, 75, 0,[ 11, 6, 10]],

[ 16, 75, 0,[ 11]],

[ 9, 75, 0,[ 11, 10]],

[ 66, 75, 0,[ 35]],

[ 22, 75, 0,[ 35, 10]],

[ 46, 75, 0,[ 12]],

[ 0, 95, 1,[ 8, 4, 6, 74, 82, 17, 57, 2, 33, 85]],

[ 12, 25, 0,[ 11, 46, 10]],

[ 93, 75, 0,[ 11, 10, 33]],

[ 3, 75, 1,[ 23, 6, 10]],

[ 98, 75, 0,[]],

[ 84, 75, 0,[ 2, 11, 10]],

[ 60, 25, 0,[ 11]],

[ 34, 75, 0,[ 11, 10]],

[ 24, 75, 0,[ 11, 86]],

[ 63, 75, 0,[ 11]],

[ 7, 75, 0,[ 11, 67, 37, 10]],

[ 37, 75, 0,[ 11, 7, 5]],

[ 96, 75, 0,[ 11, 10]],

[ 58, 75, 0,[ 11, 35]],

[ 50, 75, 0,[ 11]],

[ 19, 65, 0,[ 81, 1, 10]],

[ 69, 75, 0,[ 10, 1, 11]],

[ 82, 75, 0,[ 11, 0, 76]],

[ 31, 75, 0,[ 10, 11]],

[ 1, 95, 1,[ 95, 92, 70, 56, 62, 28, 6, 10, 15, 18, 69, 19, 23, 59, 88, 67, 38]],

[ 71, 75, 0,[ 10, 11, 6]],

[ 57, 75, 0,[ 11, 0]],

[ 45, 75, 0,[ 10]],

[ 90, 75, 0,[ 10, 6, 11]],

[ 72, 75, 0,[ 2, 10, 11]],

[ 87, 25, 0,[ 81, 25]],

[ 55, 95, 0,[ 6, 11, 10]],

[ 30, 75, 0,[ 10]],

[ 43, 75, 0,[ 11]],

[ 44, 75, 0,[ 11, 23, 94]],

[ 51, 75, 0,[ 11, 35, 10]],

[ 88, 75, 0,[ 1, 94, 11]],

[ 95, 75, 0,[ 11, 1, 5]],

[ 35, 25, 1,[ 14, 66, 92, 36, 51, 15, 39, 73, 58, 52, 38, 22, 64]],

[ 79, 75, 0,[ 5, 25, 10]],

[ 15, 75, 0,[ 1, 35, 32]],

[ 62, 75, 0,[ 1]],

[ 6, 65, 1,[ 55, 71, 68, 1, 21, 99, 3, 0, 90, 75, 54, 80]],

[ 64, 75, 0,[ 14, 35, 10]],

[ 94, 75, 0,[ 10, 88, 44]],

[ 38, 75, 1,[ 1, 35, 39]],

[ 27, 75, 0,[ 21, 10]],

[ 10, 15, 1,[ 45, 96, 20, 83, 12, 84, 13, 93, 59, 90, 1, 27, 41, 81, 9, 19, 64, 54, 71, 91, 97, 77, 61, 3, 22, 92, 52, 31, 26, 55, 75, 34, 69, 8, 94, 14, 25, 76, 79, 48, 7, 40, 86, 73, 72, 70, 29, 89, 28, 80, 30, 32, 4, 85, 51]],

