[ 0, 75, 1,[ 1, 11, 6]],

[ 27, 75, 0,[ 3, 1]],

[ 95, 75, 0,[ 3, 1]],

[ 11, 85, 1,[ 49, 60, 79, 62, 72, 66, 67, 91, 24, 0, 80, 97]],

[ 60, 75, 0,[ 1, 3, 11]],

[ 7, 75, 0,[ 1, 3, 38]],

[ 10, 85, 1,[ 3, 16, 5, 19, 65, 45, 76]],

[ 75, 75, 0,[ 1, 6]],

[ 24, 75, 0,[ 11, 1]],

[ 58, 75, 0,[ 3, 6, 1]],

[ 72, 75, 0,[ 11, 3]],

[ 80, 75, 0,[ 3, 1, 11]],

[ 23, 85, 0,[ 3, 54, 44]],

[ 65, 15, 0,[ 10, 70, 3]],

[ 70, 75, 0,[ 3, 65, 1, 2]],

[ 6, 15, 1,[ 1, 73, 28, 43, 86, 58, 97, 96, 21, 77, 63, 75, 61, 3, 30, 0]],

[ 73, 75, 0,[ 3, 1, 6]],

[ 9, 75, 0,[ 3, 18, 1, 54]],

[ 22, 75, 0,[]],

[ 52, 75, 0,[ 2, 3, 1]],

[ 40, 85, 0,[ 82, 1]],

[ 90, 75, 0,[ 1, 3]],

[ 39, 75, 0,[ 1]],

[ 78, 85, 0,[ 26, 54, 1]],

[ 33, 75, 0,[ 1, 3]],

[ 66, 75, 0,[ 11, 1]],

[ 81, 75, 0,[ 1, 3]],

[ 37, 75, 0,[ 1, 38]],

[ 28, 75, 0,[ 1, 6]],

[ 71, 75, 0,[ 1, 3]],

[ 42, 75, 0,[ 3]],

[ 3, 35, 1,[ 44, 35, 19, 97, 55, 76, 56, 45, 48, 90, 36, 27, 73, 99, 2, 64, 51, 26, 42, 96, 61, 38, 46, 16, 67, 58, 74, 41, 7, 80, 84, 32, 79, 81, 31, 21, 29, 70, 15, 63, 12, 57, 62, 9, 95, 33, 25, 85, 6, 30, 34, 94, 91, 72, 77, 68, 4, 52, 87, 98, 59, 23, 17, 71, 10, 86, 60, 82, 65]],

[ 14, 75, 0,[ 1]],

[ 35, 75, 0,[ 1, 3]],

[ 57, 15, 0,[ 38, 3]],

[ 99, 85, 0,[ 3, 54, 5]],

[ 29, 75, 0,[ 3, 38, 1]],

[ 82, 75, 0,[ 3, 40]],

[ 86, 75, 0,[ 3, 47, 6]],

[ 36, 75, 0,[ 38, 1, 3]],

[ 12, 75, 0,[ 1, 3]],

[ 20, 75, 0,[ 38, 2]],

[ 4, 75, 0,[ 3, 2]],

[ 84, 15, 0,[ 46, 54, 3]],

[ 15, 75, 0,[ 3, 38]],

[ 16, 85, 0,[ 89, 10, 1, 3]],

[ 76, 75, 0,[ 10, 3, 38]],

[ 31, 75, 0,[ 1, 3, 38]],

[ 26, 75, 0,[ 1, 3, 78]],

[ 19, 75, 0,[ 54, 3, 10]],

[ 38, 15, 1,[ 54, 15, 68, 79, 59, 88, 3, 20, 57, 76, 37, 50, 74, 87, 5, 29, 85, 7, 25, 36, 31]],

[ 62, 75, 0,[ 3, 1, 11]],

[ 30, 85, 0,[ 6, 1, 3]],

[ 5, 75, 1,[ 99, 38, 10]],

[ 68, 75, 0,[ 1, 38, 3]],

[ 63, 75, 0,[ 3, 6, 1]],

[ 97, 75, 0,[ 6, 11, 3]],

[ 25, 75, 0,[ 38, 3, 1]],

[ 67, 75, 0,[ 3, 1, 11]],

[ 50, 75, 0,[ 1, 38]],

[ 69, 75, 0,[]],

[ 64, 75, 0,[ 2, 3, 1]],

[ 34, 75, 0,[ 3, 1]],

[ 74, 75, 0,[ 1, 38, 3]],

[ 55, 75, 0,[ 3, 1]],

[ 93, 75, 0,[ 32, 1, 54]],

[ 96, 75, 0,[ 2, 6, 3]],

[ 18, 85, 0,[ 1, 9]],

[ 8, 75, 0,[ 1]],

[ 87, 75, 0,[ 3, 1, 38]],

[ 59, 75, 0,[ 3, 1, 38]],

[ 43, 75, 0,[ 1, 6]],

[ 32, 85, 0,[ 1, 3, 93]],

[ 45, 75, 0,[ 1, 10, 3]],

[ 48, 85, 0,[ 1, 3]],

[ 13, 75, 0,[ 1]],

[ 92, 75, 0,[ 1]],

[ 94, 75, 0,[ 1, 2, 3]],

[ 2, 85, 1,[ 70, 64, 94, 20, 4, 96, 52, 3, 1, 46]],

[ 41, 75, 0,[ 3]],

[ 98, 75, 0,[ 3, 1]],

[ 56, 75, 0,[ 1, 3]],

[ 49, 75, 0,[ 54, 11, 1]],

[ 61, 75, 0,[ 6, 3]],

[ 51, 85, 0,[ 54, 1, 3]],

[ 53, 75, 0,[]],

[ 21, 75, 0,[ 1, 6, 3]],

[ 77, 75, 0,[ 6, 3]],

[ 17, 75, 0,[ 1, 54, 3]],

[ 79, 75, 0,[ 11, 38, 3]],

[ 47, 85, 0,[ 86, 1]],

[ 83, 85, 0,[ 1]],

[ 88, 75, 0,[ 38]],

[ 54, 15, 1,[ 9, 23, 17, 38, 84, 99, 78, 51, 19, 49, 93]],

[ 44, 75, 0,[ 3, 1, 23]],

[ 85, 75, 0,[ 3, 1, 38]],

[ 89, 75, 0,[ 1, 16]],

[ 1, 45, 1,[ 56, 35, 14, 64, 24, 34, 83, 7, 26, 43, 68, 52, 95, 27, 74, 66, 16, 32, 28, 98, 75, 67, 13, 91, 12, 93, 30, 58, 73, 60, 44, 45, 51, 89, 47, 62, 25, 33, 94, 21, 6, 85, 92, 59, 17, 39, 49, 87, 55, 90, 81, 50, 9, 70, 31, 46, 80, 0, 71, 63, 8, 40, 78, 29, 48, 18, 36, 37, 2]],

[ 46, 75, 0,[ 84, 3, 2, 1]],

[ 91, 75, 0,[ 11, 1, 3]],

