[ 53, 35, 0,[ 73, 28, 76, 49]],

[ 23, 5, 0,[ 66, 50, 59]],

[ 59, 75, 0,[ 65, 56, 23]],

[ 34, 45, 0,[ 62, 68, 67, 96]],

[ 91, 15, 1,[ 63, 27, 17, 42, 16, 25]],

[ 57, 35, 0,[ 30, 28, 31, 80, 6]],

[ 22, 65, 0,[ 83, 24, 27]],

[ 48, 75, 0,[ 52, 51, 98]],

[ 83, 45, 1,[ 22, 70, 2, 63]],

[ 69, 5, 1,[ 54, 90, 70, 88]],

[ 19, 45, 1,[ 36, 82, 33]],

[ 35, 65, 0,[ 66, 17, 55]],

[ 49, 35, 0,[ 28, 53, 43]],

[ 65, 25, 1,[ 31, 24, 59, 75]],

[ 2, 85, 0,[ 18, 74, 83]],

[ 82, 5, 1,[ 75, 33, 19]],

[ 79, 75, 0,[ 94, 86, 7]],

[ 51, 75, 0,[ 60, 48, 5, 74]],

[ 3, 15, 0,[ 81, 8, 38, 16]],

[ 9, 95, 0,[ 72, 47, 60]],

[ 58, 15, 1,[ 0, 55, 73]],

[ 6, 75, 0,[ 57, 78, 45]],

[ 97, 75, 1,[ 37, 17, 44]],

[ 77, 55, 1,[ 11, 26, 90]],

[ 39, 75, 1,[ 4, 36, 42]],

[ 75, 75, 0,[ 82, 65, 32]],

[ 11, 5, 0,[ 77, 10, 0]],

[ 44, 75, 1,[ 68, 76, 97]],

[ 74, 15, 1,[ 4, 2, 51]],

[ 87, 45, 1,[ 30, 66, 7, 16]],

[ 1, 5, 0,[ 76, 40, 37]],

[ 99, 5, 1,[ 31, 89, 61]],

[ 47, 45, 1,[ 96, 9, 90]],

[ 68, 95, 1,[ 34, 73, 44]],

[ 67, 35, 1,[ 34, 28, 92, 13, 14]],

[ 56, 65, 1,[ 76, 59, 52, 46]],

[ 43, 25, 0,[ 80, 49, 15, 41]],

[ 89, 65, 1,[ 99, 84]],

[ 13, 45, 0,[ 67, 42, 96, 32]],

[ 64, 85, 1,[ 93, 80]],

[ 61, 85, 1,[ 99, 37, 78]],

[ 33, 65, 1,[ 82, 38, 10, 19]],

[ 41, 35, 1,[ 43, 98, 27]],

[ 37, 85, 0,[ 97, 61, 1, 54]],

[ 26, 85, 1,[ 85, 38, 77, 8]],

[ 63, 75, 1,[ 78, 83, 91]],

[ 71, 75, 1,[ 88, 27, 25]],

[ 7, 75, 0,[ 46, 79, 87]],

[ 85, 95, 1,[ 4, 26, 18]],

[ 27, 25, 0,[ 91, 4, 22, 71, 41]],

[ 5, 75, 0,[ 10, 21, 51]],

[ 18, 75, 0,[ 85, 95, 2]],

[ 10, 5, 0,[ 5, 11, 33, 50]],

[ 92, 75, 1,[ 67, 29, 24]],

[ 50, 5, 1,[ 20, 10, 23]],

[ 73, 15, 1,[ 53, 68, 30, 58]],

[ 25, 85, 0,[ 91, 45, 71]],

[ 40, 5, 1,[ 76, 1, 93]],

[ 54, 85, 0,[ 37, 14, 69]],

[ 30, 35, 0,[ 73, 46, 57, 87]],

[ 98, 5, 1,[ 48, 15, 41, 90]],

[ 90, 25, 1,[ 29, 98, 62, 69, 52, 77, 47]],

[ 66, 65, 1,[ 23, 35, 87]],

[ 38, 15, 0,[ 26, 33, 3]],

[ 16, 45, 0,[ 91, 87, 3]],

[ 55, 55, 0,[ 45, 86, 35, 58]],

[ 60, 15, 1,[ 9, 20, 51]],

[ 76, 95, 1,[ 53, 40, 56, 44, 15, 1]],

[ 28, 35, 0,[ 49, 67, 53, 57]],

[ 42, 45, 1,[ 91, 39, 13]],

[ 94, 75, 1,[ 79, 93, 80]],

[ 78, 5, 1,[ 6, 63, 61]],

[ 4, 65, 0,[ 74, 39, 27, 85]],

[ 31, 75, 0,[ 99, 65, 57]],

[ 93, 95, 1,[ 64, 94, 40, 72]],

[ 72, 75, 0,[ 93, 84, 9, 95]],

[ 86, 15, 1,[ 20, 21, 79, 55]],

[ 81, 15, 0,[ 3, 95, 0]],

[ 62, 75, 1,[ 34, 21, 90]],

[ 17, 65, 0,[ 97, 91, 35]],

[ 29, 65, 0,[ 12, 92, 90]],

[ 36, 95, 0,[ 39, 19, 14]],

[ 8, 5, 1,[ 26, 3, 80]],

[ 0, 15, 0,[ 88, 11, 58, 81]],

[ 95, 65, 1,[ 32, 81, 18, 72]],

[ 96, 85, 1,[ 70, 47, 13, 34, 20]],

[ 52, 75, 0,[ 48, 90, 56]],

[ 21, 35, 0,[ 62, 5, 86]],

[ 80, 25, 1,[ 43, 12, 8, 64, 57, 94]],

[ 45, 75, 1,[ 55, 6, 25]],

[ 88, 95, 0,[ 69, 71, 0]],

[ 24, 25, 1,[ 65, 92, 84, 22]],

[ 32, 75, 0,[ 13, 95, 75]],

[ 46, 75, 0,[ 30, 7, 56]],

[ 14, 85, 0,[ 67, 54, 36]],

[ 70, 35, 1,[ 84, 83, 96, 12, 69]],

[ 20, 95, 0,[ 96, 60, 86, 50]],

[ 12, 35, 0,[ 29, 80, 70]],

[ 15, 25, 0,[ 76, 43, 98]],

[ 84, 15, 1,[ 89, 24, 70, 72]],

[ 26, 75, 0,[ 42, 6, 3]],

[ 98, 15, 0,[ 97, 81, 31]],

[ 71, 55, 1,[ 19, 4, 66, 64, 13]],

[ 56, 75, 1,[ 52, 67, 15]],

[ 67, 85, 1,[ 72, 47, 56, 61, 73]],

[ 79, 65, 1,[ 15, 76, 65, 24]],

[ 74, 75, 1,[ 11, 6, 7, 58]],

[ 93, 45, 1,[ 46, 95, 7, 65, 24]],

[ 88, 5, 0,[ 40, 58, 90]],

[ 96, 75, 1,[ 40, 68, 76, 90]],

[ 82, 25, 1,[ 42, 61, 59, 40]],

[ 34, 75, 0,[ 94, 17, 6, 87]],

[ 47, 15, 0,[ 22, 67, 43]],

[ 69, 95, 1,[ 44, 90, 21, 85, 10]],

[ 76, 45, 1,[ 96, 43, 79, 54]],

[ 24, 35, 1,[ 41, 59, 93, 60, 79, 72]],

[ 16, 15, 0,[ 41, 92, 13]],

[ 54, 95, 0,[ 10, 76, 70]],

[ 57, 25, 0,[ 44, 12, 53]],

[ 64, 45, 1,[ 4, 48, 6, 71, 86]],

[ 60, 15, 1,[ 24, 12, 65]],

[ 4, 15, 0,[ 71, 64, 8]],

[ 86, 25, 1,[ 39, 84, 3, 64]],

[ 89, 85, 1,[ 6, 15, 45]],

[ 78, 45, 1,[ 36, 38, 17]],

[ 52, 95, 0,[ 19, 56, 0]],

[ 39, 95, 1,[ 86, 94, 81]],

[ 8, 55, 1,[ 99, 4, 48, 37, 0]],

[ 63, 85, 1,[ 13, 55]],

[ 19, 35, 1,[ 52, 71, 51, 83, 20]],

[ 42, 45, 1,[ 82, 53, 26]],

[ 48, 25, 0,[ 12, 8, 23, 64]],

[ 28, 65, 0,[ 91, 5]],

[ 90, 5, 0,[ 69, 88, 96]],

[ 53, 15, 0,[ 57, 42, 22, 97]],

[ 58, 5, 1,[ 74, 88, 13, 11, 46, 50]],

[ 38, 95, 0,[ 78, 18, 92, 25]],

[ 29, 35, 0,[ 73, 81, 87]],

[ 46, 75, 0,[ 49, 93, 58]],

[ 66, 45, 0,[ 50, 9, 77, 71]],

[ 18, 95, 0,[ 70, 38, 87, 51]],

[ 43, 15, 0,[ 76, 2, 47, 92]],

[ 10, 95, 0,[ 3, 54, 75, 69]],

[ 45, 5, 1,[ 89, 68, 12]],

[ 97, 55, 1,[ 98, 1, 53]],

[ 94, 65, 1,[ 59, 34, 39, 55]],

[ 20, 35, 0,[ 19, 1, 73, 95]],

[ 14, 45, 0,[ 31, 21, 77]],

[ 83, 5, 1,[ 19, 23, 35]],

[ 6, 5, 0,[ 34, 26, 89, 74, 64, 80]],

[ 37, 15, 0,[ 15, 95, 8]],

[ 65, 75, 1,[ 93, 79, 75, 60, 1]],

[ 35, 65, 0,[ 83, 55]],

[ 31, 95, 1,[ 98, 41, 36, 32, 14]],

[ 44, 65, 1,[ 57, 95, 69, 80]],

[ 84, 75, 1,[ 40, 86, 99]],

[ 62, 75, 1,[ 25, 9, 99, 5]],

[ 21, 65, 0,[ 14, 91, 69, 77]],

[ 22, 15, 0,[ 47, 53, 41]],

[ 49, 35, 1,[ 46, 23, 81, 3]],

[ 12, 25, 0,[ 57, 60, 48, 45]],

[ 73, 55, 1,[ 20, 75, 67, 29]],

[ 68, 35, 1,[ 95, 45, 30, 96]],

[ 80, 5, 0,[ 44, 6, 51]],

[ 99, 15, 0,[ 62, 0, 84, 8]],

[ 13, 5, 0,[ 16, 71, 63, 25, 58]],

[ 23, 25, 0,[ 49, 61, 48, 83]],

[ 72, 95, 0,[ 24, 67, 32]],

[ 36, 25, 0,[ 78, 31, 30]],

[ 32, 15, 0,[ 55, 72, 31, 33]],

[ 92, 25, 1,[ 38, 43, 16]],

[ 75, 15, 1,[ 65, 11, 10, 73]],

[ 3, 95, 0,[ 49, 86, 10, 26]],

[ 41, 45, 1,[ 22, 2, 24, 16, 31]],

[ 70, 95, 0,[ 18, 54, 59]],

[ 85, 25, 0,[ 69, 40, 50]],

[ 27, 75, 0,[ 81, 87]],

[ 51, 55, 1,[ 19, 80, 18]],

[ 11, 5, 0,[ 74, 75, 58]],

[ 30, 15, 0,[ 68, 7, 36]],

[ 91, 35, 1,[ 28, 0, 21]],

[ 1, 35, 0,[ 97, 20, 65]],

[ 59, 65, 1,[ 82, 24, 70, 94]],

[ 25, 5, 0,[ 38, 13, 62]],

[ 77, 65, 1,[ 14, 66, 9, 21]],

[ 40, 95, 1,[ 82, 85, 2, 84, 88, 96]],

[ 81, 35, 1,[ 27, 29, 98, 39, 2, 49]],

[ 9, 45, 0,[ 66, 62, 77]],

[ 61, 25, 1,[ 82, 67, 23]],

[ 95, 45, 1,[ 93, 44, 37, 20, 68]],

[ 55, 95, 1,[ 32, 94, 35, 17, 63]],

[ 0, 95, 0,[ 91, 99, 8, 52]],

[ 5, 45, 0,[ 33, 62, 28]],

[ 17, 75, 0,[ 78, 34, 55]],

[ 33, 45, 1,[ 5, 32, 7]],

[ 87, 95, 1,[ 29, 27, 18, 34]],

[ 50, 5, 1,[ 66, 15, 85, 58]],

[ 2, 15, 0,[ 40, 81, 43, 41]],

[ 7, 75, 0,[ 74, 93, 33, 30]],

[ 15, 35, 1,[ 56, 79, 89, 37, 50]],

