[ 33, 65, 1,[ 45, 3, 40]],

[ 77, 35, 1,[ 25, 15, 1, 87, 60]],

[ 8, 35, 1,[ 53, 98, 10, 88, 12]],

[ 17, 55, 0,[ 69, 39, 81]],

[ 31, 35, 0,[ 75, 87, 32]],

[ 2, 65, 0,[ 94, 15, 20]],

[ 83, 25, 1,[ 95, 69, 38, 98]],

[ 23, 35, 1,[ 18, 94, 56, 35, 3, 29, 82]],

[ 22, 5, 0,[ 80, 29]],

[ 66, 5, 1,[ 55, 79, 50, 54]],

[ 87, 75, 1,[ 31, 77]],

[ 75, 45, 1,[ 4, 43, 27, 31, 62, 58, 65, 30]],

[ 0, 65, 0,[ 13, 40, 15, 34]],

[ 44, 55, 1,[ 85, 80, 96, 99]],

[ 96, 5, 0,[ 74, 39, 44]],

[ 88, 55, 0,[ 80, 89, 8]],

[ 40, 65, 1,[ 1, 32, 0, 47, 71, 33]],

[ 1, 35, 0,[ 77, 41, 40, 89]],

[ 6, 55, 0,[ 54, 42, 20]],

[ 78, 15, 1,[ 59, 91, 55, 19]],

[ 76, 75, 1,[ 74, 59, 11]],

[ 46, 65, 0,[ 92, 24, 74]],

[ 69, 65, 1,[ 54, 85, 72, 17, 49, 83]],

[ 7, 75, 0,[ 73, 82, 39]],

[ 68, 55, 0,[ 34, 25]],

[ 11, 55, 0,[ 93, 76, 56]],

[ 54, 55, 0,[ 69, 51, 66, 6]],

[ 53, 5, 0,[ 73, 63, 8]],

[ 94, 35, 1,[ 23, 2, 60]],

[ 21, 65, 0,[ 51, 62]],

[ 52, 75, 0,[ 82, 28]],

[ 35, 5, 0,[ 23, 19, 63]],

[ 58, 45, 0,[ 80, 75, 67]],

[ 74, 85, 1,[ 76, 46, 96, 25, 37, 18]],

[ 15, 5, 1,[ 2, 0, 77]],

[ 98, 15, 1,[ 99, 8, 39, 95, 83]],

[ 70, 15, 1,[ 86, 99, 48]],

[ 18, 75, 0,[ 9, 74, 63, 23]],

[ 5, 75, 0,[ 19, 56, 67]],

[ 4, 55, 0,[ 71, 75, 49]],

[ 84, 5, 1,[ 64, 73]],

[ 91, 75, 1,[ 78, 38, 13]],

[ 56, 35, 1,[ 5, 97, 49, 11, 23]],

[ 45, 15, 1,[ 33, 92, 36, 10, 71]],

[ 95, 75, 0,[ 98, 83]],

[ 92, 5, 1,[ 46, 65, 45]],

[ 51, 55, 1,[ 54, 21, 64, 42, 48]],

[ 41, 5, 1,[ 1, 28, 16]],

[ 50, 75, 1,[ 66, 26, 86]],

[ 36, 25, 0,[ 86, 73, 45]],

[ 43, 75, 0,[ 75, 10]],

[ 65, 85, 0,[ 92, 72, 75, 38]],

[ 48, 5, 0,[ 70, 51, 12, 34]],

[ 57, 5, 0,[ 73, 80, 60]],

[ 13, 65, 0,[ 0, 91, 86]],

[ 82, 65, 1,[ 52, 16, 23, 7, 97]],

[ 14, 25, 0,[ 86, 49, 79]],

[ 90, 15, 1,[ 67, 26, 16]],

[ 12, 75, 0,[ 93, 8, 48]],

[ 38, 35, 0,[ 83, 65, 91]],

[ 85, 45, 0,[ 44, 69, 79]],

[ 32, 5, 0,[ 47, 40, 31]],

[ 93, 85, 1,[ 12, 11, 89]],

[ 61, 5, 0,[ 80, 63, 81]],

[ 37, 75, 0,[ 42, 73, 74]],

[ 97, 55, 1,[ 56, 82, 62]],

[ 80, 55, 1,[ 22, 44, 61, 58, 57, 88]],

[ 72, 15, 0,[ 65, 69, 86]],

[ 42, 15, 1,[ 51, 37, 6]],

[ 9, 75, 0,[ 67, 18]],

[ 27, 35, 0,[ 75, 86, 28]],

[ 49, 75, 1,[ 4, 14, 56, 69]],

[ 73, 25, 1,[ 84, 37, 7, 36, 29, 57, 53]],

[ 86, 25, 1,[ 81, 13, 36, 14, 72, 70, 27, 50]],

[ 59, 5, 1,[ 78, 76, 19]],

[ 39, 45, 1,[ 96, 98, 17, 7]],

[ 63, 15, 1,[ 18, 61, 53, 35]],

[ 20, 55, 0,[ 6, 79, 2]],

[ 62, 5, 0,[ 97, 75, 71, 21]],

[ 16, 35, 0,[ 41, 82, 90]],

[ 71, 85, 1,[ 62, 4, 24, 45, 40]],

[ 64, 75, 1,[ 51, 60, 84]],

[ 81, 25, 1,[ 86, 17, 61]],

[ 10, 55, 0,[ 45, 30, 43, 8]],

[ 19, 65, 1,[ 5, 35, 78, 59]],

[ 24, 95, 1,[ 26, 71, 46]],

[ 30, 55, 0,[ 75, 67, 10]],

[ 3, 5, 0,[ 47, 33, 23]],

[ 67, 15, 1,[ 58, 9, 90, 30, 5]],

[ 34, 25, 0,[ 68, 48, 0]],

[ 26, 75, 1,[ 90, 24, 50]],

[ 47, 55, 1,[ 32, 3, 40]],

[ 79, 45, 1,[ 20, 14, 55, 66, 85]],

[ 55, 75, 1,[ 66, 78, 79]],

[ 29, 75, 0,[ 73, 23, 22]],

[ 28, 75, 0,[ 27, 52, 41]],

[ 60, 5, 1,[ 57, 77, 64, 94]],

[ 25, 5, 0,[ 77, 68, 74]],

[ 89, 75, 0,[ 93, 1, 88]],

[ 99, 75, 1,[ 44, 98, 70]],

