[ 38, 65, 1,[ 29, 54, 37]],

[ 43, 75, 1,[ 63, 7, 82, 62, 11]],

[ 99, 95, 0,[ 66, 50, 25]],

[ 66, 95, 1,[ 99, 76, 18, 14, 28]],

[ 13, 85, 1,[ 45, 71, 62]],

[ 63, 35, 1,[ 23, 43, 71]],

[ 56, 15, 1,[ 9, 15, 97, 64, 94]],

[ 27, 45, 1,[ 75, 74, 0, 85]],

[ 96, 95, 0,[ 85, 30, 86]],

[ 1, 65, 1,[ 48, 24, 64]],

[ 93, 35, 0,[ 61, 65, 54]],

[ 35, 15, 1,[ 26, 77, 95]],

[ 74, 35, 0,[ 88, 0, 73, 27]],

[ 69, 85, 0,[ 12, 15, 98, 83, 72]],

[ 17, 85, 1,[ 18, 58, 3, 40, 44, 98]],

[ 64, 45, 1,[ 47, 1, 5, 92, 56]],

[ 54, 85, 1,[ 65, 93, 38]],

[ 6, 5, 1,[ 57, 82, 5]],

[ 23, 45, 0,[ 16, 63, 81]],

[ 19, 15, 0,[ 34, 88, 86, 39]],

[ 8, 75, 0,[ 10, 21, 90]],

[ 59, 35, 1,[ 39, 72, 68, 60, 14]],

[ 7, 15, 1,[ 70, 43, 15]],

[ 0, 45, 1,[ 74, 52, 27]],

[ 26, 35, 0,[ 4, 35, 65, 20]],

[ 71, 35, 0,[ 84, 33, 13, 63]],

[ 11, 75, 1,[ 43, 28, 57]],

[ 70, 85, 0,[ 9, 52, 87, 91, 7]],

[ 60, 85, 0,[ 59, 52, 84]],

[ 24, 95, 1,[ 73, 90, 86, 78, 97, 1]],

[ 12, 25, 1,[ 69, 36, 97]],

[ 97, 35, 0,[ 12, 56, 24]],

[ 30, 75, 1,[ 96, 80, 53]],

[ 34, 45, 1,[ 88, 19, 36]],

[ 37, 85, 1,[ 38, 79, 85, 3, 22, 21]],

[ 61, 35, 0,[ 67, 75, 93]],

[ 79, 5, 0,[ 40, 37, 2]],

[ 90, 85, 1,[ 73, 24, 8, 55]],

[ 32, 45, 1,[ 86, 51, 68, 47]],

[ 5, 85, 1,[ 2, 9, 31, 64, 6, 91]],

[ 29, 25, 1,[ 48, 49, 38]],

[ 86, 15, 0,[ 19, 24, 32, 96]],

[ 15, 35, 0,[ 45, 69, 56, 7, 57]],

[ 18, 85, 1,[ 17, 66, 36]],

[ 14, 55, 1,[ 59, 36, 66]],

[ 81, 95, 0,[ 23, 68, 46, 98, 10]],

[ 72, 15, 1,[ 59, 58, 91, 69]],

[ 78, 15, 0,[ 24, 94, 52]],

[ 39, 85, 0,[ 87, 59, 19]],

[ 77, 25, 0,[ 57, 47, 35]],

[ 50, 65, 0,[ 10, 99, 42, 33]],

[ 49, 35, 0,[ 48, 41, 21, 29]],

[ 41, 35, 0,[ 49, 83, 53]],

[ 33, 95, 1,[ 50, 4, 71]],

[ 47, 45, 0,[ 77, 64, 32, 36]],

[ 44, 85, 0,[ 20, 48, 17]],

[ 22, 85, 1,[ 95, 25, 37]],

[ 94, 15, 0,[ 56, 88, 53, 78]],

[ 82, 35, 0,[ 55, 43, 6]],

[ 28, 55, 1,[ 9, 66, 11]],

[ 85, 35, 0,[ 27, 37, 96]],

[ 83, 35, 0,[ 41, 67, 69]],

[ 68, 65, 0,[ 59, 32, 81]],

[ 92, 45, 0,[ 64, 76, 46]],

[ 67, 35, 0,[ 61, 83, 40]],

[ 75, 35, 0,[ 58, 61, 27]],

[ 9, 75, 1,[ 5, 28, 70, 56]],

[ 25, 85, 1,[ 21, 84, 99, 22]],

[ 73, 35, 0,[ 24, 76, 74, 90]],

[ 2, 95, 1,[ 5, 88, 79, 20, 45]],

[ 95, 25, 0,[ 35, 22, 42]],

[ 76, 5, 0,[ 3, 92, 73, 80, 66]],

[ 98, 95, 0,[ 69, 17, 81]],

[ 53, 55, 1,[ 62, 30, 94, 42, 41]],

[ 21, 75, 1,[ 25, 49, 8, 37]],

[ 42, 5, 0,[ 50, 95, 53]],

[ 16, 55, 1,[ 89, 80, 23]],

[ 62, 15, 0,[ 53, 43, 13]],

[ 45, 45, 0,[ 2, 13, 15]],

[ 31, 85, 0,[ 51, 57, 5]],

[ 52, 25, 1,[ 0, 60, 70, 78]],

[ 91, 85, 0,[ 72, 5, 70]],

[ 88, 15, 1,[ 19, 34, 94, 51, 2, 74]],

[ 55, 35, 0,[ 65, 90, 82]],

[ 84, 35, 0,[ 60, 71, 25]],

[ 3, 45, 1,[ 76, 37, 17]],

[ 65, 35, 0,[ 93, 55, 54, 26]],

[ 46, 25, 1,[ 81, 92, 87]],

[ 10, 25, 1,[ 81, 8, 50]],

[ 58, 85, 0,[ 75, 72, 17]],

[ 57, 5, 1,[ 31, 6, 77, 15, 11]],

[ 48, 5, 1,[ 29, 1, 44, 49]],

[ 36, 5, 1,[ 14, 34, 12, 47, 18]],

[ 80, 35, 1,[ 30, 16, 76]],

[ 87, 85, 0,[ 70, 89, 39, 46]],

[ 89, 55, 1,[ 87, 16]],

[ 20, 45, 1,[ 2, 26, 44]],

[ 40, 5, 0,[ 79, 67, 17]],

[ 51, 65, 0,[ 32, 31, 88]],

[ 4, 85, 1,[ 26, 33]],

[ 43, 85, 1,[ 47, 77, 24, 66]],

[ 79, 85, 0,[ 7, 68, 36, 20]],

[ 81, 45, 0,[ 53, 98, 31, 14]],

[ 50, 15, 0,[ 65, 16, 42]],

[ 90, 35, 0,[ 28, 98, 0]],

[ 59, 15, 0,[ 48, 85, 4]],

[ 8, 35, 0,[ 6, 92, 97, 49, 36]],

[ 99, 85, 0,[ 22, 95, 25]],

[ 29, 15, 1,[ 60, 15, 42, 21]],

[ 70, 75, 0,[ 89, 37, 44]],

[ 41, 65, 0,[ 80, 10, 11]],

[ 55, 35, 1,[ 48, 89, 61]],

[ 53, 55, 1,[ 5, 20, 81]],

[ 13, 75, 1,[ 83, 95, 98, 17, 60]],

[ 2, 45, 1,[ 33, 31, 39, 74]],

[ 60, 25, 0,[ 13, 65, 29]],

[ 48, 95, 1,[ 59, 42, 55, 80]],

[ 87, 35, 1,[ 97, 3, 92, 40, 94]],

[ 57, 5, 1,[ 20, 72, 47]],

[ 61, 85, 0,[ 46, 55, 24]],

[ 72, 5, 1,[ 57, 83, 30, 91, 51, 34]],

[ 46, 95, 1,[ 61, 15, 63]],

[ 89, 75, 0,[ 10, 70, 55]],

[ 33, 65, 1,[ 77, 45, 2, 63]],

[ 98, 45, 0,[ 13, 90, 81, 16]],

[ 71, 45, 1,[ 4, 9, 17]],

[ 39, 15, 0,[ 2, 25]],

[ 42, 15, 0,[ 48, 29, 50, 16, 9]],

[ 96, 75, 1,[ 20, 62, 92]],

[ 24, 85, 0,[ 61, 95, 43]],

[ 94, 35, 0,[ 87, 17, 38]],

[ 12, 5, 1,[ 26, 44, 56, 91, 69]],

[ 34, 25, 1,[ 72, 37, 28, 18]],

[ 75, 35, 0,[ 38, 28, 27]],

[ 25, 5, 1,[ 39, 99, 73, 64]],

[ 93, 35, 0,[ 49, 45, 78]],

[ 36, 95, 1,[ 79, 8, 92]],

[ 40, 35, 0,[ 58, 87, 35]],

[ 7, 55, 1,[ 92, 91, 79, 69]],

[ 73, 15, 0,[ 25, 51, 18]],

[ 27, 15, 1,[ 85, 21, 75]],

[ 58, 35, 0,[ 82, 4, 40]],

[ 92, 35, 0,[ 7, 36, 8, 96, 87]],

[ 0, 45, 1,[ 90, 84, 97]],

[ 84, 15, 0,[ 22, 47, 0]],

[ 3, 65, 1,[ 66, 80, 87]],

[ 69, 65, 0,[ 80, 7, 12]],

[ 65, 25, 0,[ 60, 76, 19, 50]],

[ 14, 65, 1,[ 67, 81, 9]],

[ 56, 25, 0,[ 12, 11, 54]],

[ 35, 45, 1,[ 40, 19, 23]],

[ 20, 5, 1,[ 79, 57, 96, 53]],

[ 1, 25, 1,[ 66, 63]],

[ 62, 75, 1,[ 91, 96, 11]],

[ 80, 55, 1,[ 41, 22, 69, 48, 3, 68, 77]],

[ 37, 55, 1,[ 86, 34, 70, 23]],

[ 44, 75, 0,[ 70, 12]],

[ 91, 95, 0,[ 12, 62, 7, 72]],

[ 52, 85, 1,[ 5, 15, 45]],

[ 16, 25, 1,[ 88, 42, 98, 50, 31]],

[ 10, 55, 1,[ 89, 41, 11, 68]],

[ 47, 65, 0,[ 43, 57, 84]],

[ 19, 55, 0,[ 65, 35, 88]],

[ 30, 45, 1,[ 63, 85, 72]],

[ 64, 25, 0,[ 25, 54]],

[ 38, 35, 1,[ 94, 75, 5]],

[ 76, 35, 1,[ 63, 65, 51]],

[ 22, 25, 1,[ 26, 99, 84, 80, 6]],

[ 32, 95, 1,[ 97, 83, 63]],

[ 63, 85, 0,[ 76, 33, 46, 26, 30, 1, 32]],

[ 49, 15, 1,[ 8, 78, 93]],

[ 26, 85, 0,[ 22, 63, 12]],

[ 85, 55, 0,[ 30, 59, 88, 27]],

[ 54, 25, 1,[ 64, 56, 95]],

[ 88, 85, 1,[ 16, 19, 85]],

[ 77, 65, 0,[ 43, 80, 33]],

[ 78, 35, 0,[ 49, 4, 93]],

[ 11, 55, 1,[ 62, 10, 74, 41, 45, 56]],

[ 5, 15, 1,[ 52, 74, 53, 23, 67, 38]],

[ 82, 35, 0,[ 6, 58, 15]],

[ 83, 95, 0,[ 13, 72, 32]],

[ 97, 35, 0,[ 87, 8, 32, 0]],

[ 66, 65, 0,[ 43, 15, 3, 1]],

[ 15, 55, 1,[ 66, 46, 29, 82, 52]],

[ 28, 65, 1,[ 75, 34, 18, 90]],

[ 67, 65, 0,[ 4, 5, 14]],

[ 23, 65, 0,[ 35, 37, 5]],

[ 6, 15, 1,[ 22, 8, 82]],

[ 68, 55, 0,[ 10, 79, 80]],

[ 17, 45, 1,[ 13, 71, 86, 94]],

[ 51, 95, 0,[ 72, 76, 73]],

[ 18, 95, 1,[ 73, 34, 28]],

[ 45, 35, 0,[ 93, 33, 11, 52]],

[ 9, 85, 1,[ 42, 71, 14]],

[ 31, 15, 0,[ 81, 16, 2]],

[ 21, 35, 1,[ 86, 29, 27]],

[ 4, 5, 1,[ 67, 58, 59, 78, 71]],

[ 86, 65, 0,[ 21, 37, 17]],

[ 74, 5, 0,[ 2, 5, 11]],

[ 95, 85, 0,[ 13, 54, 24, 99]],

