[ 22, 5, 0,[]],

[ 48, 95, 0,[]],

[ 99, 95, 0,[]],

[ 43, 95, 0,[]],

[ 2, 15, 0,[ 13, 34, 86]],

[ 26, 55, 0,[ 60, 12]],

[ 67, 35, 0,[ 45]],

[ 16, 5, 0,[ 60, 75, 39, 7, 61]],

[ 44, 5, 0,[]],

[ 71, 75, 0,[]],

[ 86, 15, 1,[ 8, 53, 4, 2, 61, 45]],

[ 36, 35, 0,[ 32, 91, 63]],

[ 69, 15, 0,[]],

[ 35, 15, 0,[]],

[ 62, 75, 0,[ 60, 49, 32, 89]],

[ 41, 5, 0,[ 88]],

[ 90, 75, 0,[]],

[ 49, 75, 1,[ 73, 8, 24, 63, 62]],

[ 91, 35, 0,[ 36, 45, 4]],

[ 27, 55, 0,[ 73, 13, 63]],

[ 42, 45, 0,[ 80, 60, 11]],

[ 51, 5, 0,[ 18, 84, 76]],

[ 29, 75, 0,[]],

[ 61, 75, 1,[ 16, 86, 80]],

[ 94, 55, 0,[ 84, 63, 57]],

[ 96, 5, 0,[]],

[ 92, 15, 0,[ 33, 45, 84]],

[ 8, 75, 0,[ 86, 49, 0]],

[ 19, 5, 0,[ 31, 1, 7]],

[ 11, 35, 0,[ 42, 5, 45]],

[ 81, 15, 0,[ 33, 85, 45]],

[ 73, 75, 0,[ 27, 49, 78]],

[ 9, 55, 0,[ 38]],

[ 10, 75, 0,[ 53, 32]],

[ 53, 75, 0,[ 34, 86, 10]],

[ 45, 35, 1,[ 81, 91, 92, 86, 78, 67, 11]],

[ 47, 55, 0,[]],

[ 46, 75, 0,[]],

[ 79, 15, 0,[]],

[ 52, 95, 0,[]],

[ 13, 95, 0,[ 39, 85, 2, 27]],

[ 54, 35, 0,[]],

[ 58, 75, 0,[]],

[ 6, 55, 0,[]],

[ 80, 75, 0,[ 61, 42, 88]],

[ 88, 5, 0,[ 41, 80, 75]],

[ 74, 95, 0,[]],

[ 77, 5, 0,[]],

[ 75, 5, 0,[ 76, 16, 84, 82, 88]],

[ 37, 55, 0,[ 23, 63, 84]],

[ 60, 45, 1,[ 26, 62, 42, 16]],

[ 5, 35, 0,[ 11]],

[ 64, 15, 0,[]],

[ 78, 75, 0,[ 32, 84, 73, 45]],

[ 82, 5, 0,[ 75]],

[ 95, 55, 0,[ 38, 63, 28]],

[ 76, 5, 0,[ 31, 75, 51]],

[ 89, 75, 0,[ 0, 62]],

[ 24, 95, 0,[ 7, 39, 49]],

[ 21, 5, 0,[ 18]],

[ 31, 55, 1,[ 72, 76, 39, 70, 98, 19]],

[ 98, 55, 0,[ 34, 59, 31]],

[ 57, 55, 0,[ 94]],

[ 84, 5, 1,[ 92, 75, 51, 94, 85, 7, 78, 37]],

[ 12, 55, 0,[ 26, 72]],

[ 83, 95, 0,[]],

[ 93, 95, 0,[]],

[ 1, 55, 0,[ 19, 38]],

[ 17, 95, 0,[]],

[ 70, 55, 0,[ 31]],

[ 65, 95, 0,[]],

[ 50, 75, 0,[]],

[ 15, 95, 0,[]],

[ 56, 55, 0,[ 28]],

[ 38, 55, 0,[ 1, 95, 9, 14]],

[ 97, 55, 0,[]],

[ 66, 5, 0,[]],

[ 85, 5, 0,[ 81, 13, 84]],

[ 3, 95, 0,[]],

[ 7, 5, 0,[ 24, 19, 16, 84]],

[ 23, 55, 0,[ 37]],

[ 39, 95, 1,[ 31, 13, 33, 16, 24]],

[ 34, 75, 0,[ 2, 53, 98, 14]],

[ 40, 15, 0,[]],

[ 32, 75, 0,[ 62, 36, 78, 28, 10]],

[ 87, 95, 0,[]],

[ 18, 5, 0,[ 21, 51]],

[ 0, 75, 0,[ 8, 89, 63]],

[ 14, 75, 0,[ 34, 38]],

[ 33, 15, 1,[ 39, 92, 63, 81]],

[ 30, 95, 0,[]],

[ 59, 55, 0,[ 98]],

[ 28, 55, 0,[ 56, 32, 95]],

[ 20, 15, 0,[]],

[ 4, 15, 0,[ 86, 91]],

[ 25, 95, 0,[]],

[ 72, 55, 0,[ 31, 12]],

[ 63, 55, 1,[ 37, 95, 33, 49, 36, 0, 94, 27]],

[ 55, 95, 0,[]],

[ 68, 95, 0,[]],

