[ 14, 95, 0,[ 91]],

[ 82, 55, 0,[]],

[ 50, 15, 0,[ 41, 87, 12]],

[ 37, 75, 0,[ 75, 12, 92]],

[ 32, 75, 0,[ 4, 56, 23]],

[ 76, 95, 0,[ 70, 41, 48]],

[ 71, 95, 0,[ 23, 26, 38, 65]],

[ 15, 95, 0,[]],

[ 49, 95, 0,[ 5, 35]],

[ 48, 15, 0,[ 55, 76, 64, 11]],

[ 80, 45, 1,[ 85, 36, 66, 94, 43]],

[ 0, 85, 0,[ 83, 56, 43]],

[ 21, 15, 0,[ 31, 74, 75]],

[ 26, 95, 0,[ 71, 52]],

[ 73, 95, 0,[ 5, 99, 40]],

[ 61, 55, 1,[ 44, 85, 42]],

[ 87, 15, 0,[ 50]],

[ 95, 35, 0,[ 86, 22, 33, 89]],

[ 69, 95, 0,[ 97, 57]],

[ 88, 75, 0,[ 3, 2, 53]],

[ 10, 85, 0,[ 84, 41, 58]],

[ 4, 75, 0,[ 12, 32]],

[ 42, 85, 1,[ 13, 84, 39, 77, 61]],

[ 46, 95, 0,[ 93, 17, 96]],

[ 5, 95, 0,[ 73, 49, 1]],

[ 81, 85, 0,[ 3, 56, 39]],

[ 68, 95, 0,[]],

[ 53, 75, 0,[ 54, 67, 1, 17, 88]],

[ 75, 35, 0,[ 77, 21, 37]],

[ 91, 95, 0,[ 22, 14, 89]],

[ 89, 35, 0,[ 91, 95, 29]],

[ 99, 35, 1,[ 92, 73, 60]],

[ 24, 95, 0,[ 94, 25, 7, 45]],

[ 6, 5, 0,[ 85, 18, 16, 8]],

[ 86, 85, 0,[ 95, 27]],

[ 60, 75, 1,[ 99, 58, 51]],

[ 1, 15, 0,[ 31, 5, 53]],

[ 40, 95, 0,[ 8, 44, 73, 78]],

[ 19, 95, 0,[ 59, 25, 90]],

[ 67, 5, 1,[ 98, 53, 62, 17]],

[ 22, 95, 0,[ 95, 70, 91]],

[ 85, 55, 0,[ 6, 61, 66, 72, 80]],

[ 38, 95, 0,[ 30, 63, 71]],

[ 52, 95, 0,[ 26, 92, 9]],

[ 83, 95, 0,[ 59, 0, 31]],

[ 84, 85, 0,[ 42, 10, 20]],

[ 92, 95, 0,[ 37, 99, 44, 52]],

[ 94, 15, 1,[ 24, 31, 54, 80]],

[ 33, 35, 0,[ 95, 2]],

[ 36, 45, 0,[ 80]],

[ 66, 55, 0,[ 85, 80]],

[ 44, 95, 1,[ 92, 40, 61]],

[ 63, 95, 0,[ 9, 38]],

[ 64, 85, 0,[ 90, 48, 79]],

[ 9, 95, 0,[ 51, 52, 63]],

[ 16, 5, 0,[ 6, 28]],

[ 23, 95, 0,[ 96, 32, 71]],

[ 13, 95, 0,[ 78, 18, 42]],

[ 47, 95, 0,[ 78, 3]],

[ 43, 45, 0,[ 80, 39, 0]],

[ 74, 85, 0,[ 27, 20, 21, 28]],

[ 31, 15, 1,[ 21, 39, 83, 94, 1]],

[ 55, 95, 0,[ 8, 48]],

[ 56, 85, 0,[ 65, 81, 0, 32]],

[ 41, 95, 0,[ 50, 10, 76, 62]],

[ 62, 5, 0,[ 41, 67, 98]],

[ 51, 95, 0,[ 9, 60, 96]],

[ 8, 95, 0,[ 55, 40, 6]],

[ 78, 95, 0,[ 13, 96, 47, 40]],

[ 65, 95, 0,[ 56, 71, 72]],

[ 12, 75, 0,[ 4, 37, 50, 11]],

[ 93, 95, 0,[ 46]],

[ 57, 95, 0,[ 69, 28, 72]],

[ 35, 95, 0,[ 49, 79]],

[ 96, 95, 0,[ 46, 78, 51, 23]],

[ 18, 95, 0,[ 13, 6]],

[ 17, 5, 0,[ 53, 97, 46, 67]],

[ 39, 95, 1,[ 43, 81, 42, 31]],

[ 54, 75, 0,[ 94, 53, 79]],

[ 70, 95, 0,[ 76, 77, 22]],

[ 27, 85, 0,[ 74, 86]],

[ 77, 85, 0,[ 70, 75, 42]],

[ 34, 5, 0,[]],

[ 30, 95, 0,[ 38]],

[ 29, 55, 0,[ 72, 89]],

[ 25, 95, 0,[ 24, 19]],

[ 97, 95, 0,[ 17, 69]],

[ 28, 85, 0,[ 57, 3, 74, 16]],

[ 11, 15, 0,[ 12, 48]],

[ 7, 95, 0,[ 58, 24]],

[ 72, 55, 0,[ 29, 85, 57, 65]],

[ 2, 45, 0,[ 88, 33, 20, 98]],

[ 98, 5, 0,[ 67, 2, 62, 45]],

[ 79, 85, 0,[ 54, 64, 35, 58]],

[ 90, 85, 0,[ 19, 64]],

[ 20, 85, 0,[ 74, 84, 2]],

[ 3, 85, 0,[ 47, 28, 81, 88]],

[ 58, 85, 0,[ 60, 10, 7, 79]],

[ 45, 95, 0,[ 24, 98]],

[ 59, 95, 0,[ 83, 19]],

