[ 44, 85, 1,[ 16, 61, 82, 3]],

[ 17, 55, 1,[ 98, 34, 39]],

[ 41, 35, 0,[ 25, 21, 74]],

[ 39, 75, 0,[ 64, 14, 17]],

[ 96, 75, 0,[ 7, 66, 94]],

[ 79, 85, 0,[ 15, 3, 98]],

[ 94, 75, 0,[ 0, 63, 96]],

[ 64, 65, 0,[ 39, 81]],

[ 46, 85, 1,[ 56, 80, 85, 53]],

[ 48, 65, 1,[ 89, 77, 36]],

[ 1, 25, 1,[ 63, 32, 9, 6, 4, 40]],

[ 47, 75, 0,[ 97, 78, 23, 4]],

[ 31, 35, 0,[ 22, 4, 36, 28]],

[ 19, 65, 0,[ 63, 90, 0]],

[ 50, 75, 0,[ 66, 18, 45]],

[ 86, 85, 0,[ 89, 25, 83, 38]],

[ 14, 5, 1,[ 10, 40, 39, 92, 84, 73, 78]],

[ 53, 75, 1,[ 77, 84, 30, 46]],

[ 74, 85, 0,[ 27, 41, 35, 18]],

[ 34, 25, 1,[ 70, 25, 17]],

[ 11, 35, 1,[ 51, 58]],

[ 81, 65, 0,[ 52, 98, 64]],

[ 77, 25, 1,[ 22, 48, 53, 42]],

[ 54, 45, 1,[ 76, 49, 26]],

[ 10, 25, 1,[ 14, 87, 99, 37]],

[ 70, 85, 0,[ 49, 34, 52, 65]],

[ 80, 85, 1,[ 73, 46, 20]],

[ 78, 65, 0,[ 47, 14, 57]],

[ 59, 75, 0,[ 20, 25, 91]],

[ 36, 95, 1,[ 48, 31, 35]],

[ 67, 65, 0,[ 16, 91, 7]],

[ 83, 55, 0,[ 13, 86, 29, 52]],

[ 37, 35, 1,[ 10, 92, 22]],

[ 88, 75, 1,[ 0, 28, 58]],

[ 63, 15, 0,[ 94, 1, 19, 32]],

[ 49, 85, 0,[ 62, 54, 70]],

[ 27, 55, 1,[ 45, 74, 89]],

[ 51, 25, 0,[ 11, 29, 21]],

[ 12, 85, 1,[ 95, 98]],

[ 99, 25, 0,[ 71, 10, 21, 32, 18, 87]],

[ 65, 75, 0,[ 22, 90, 29, 85, 70]],

[ 8, 85, 1,[ 60, 56, 3]],

[ 42, 25, 0,[ 0, 77, 90]],

[ 97, 85, 0,[ 45, 76, 47, 72]],

[ 55, 35, 0,[ 57, 9, 66]],

[ 4, 75, 1,[ 47, 45, 2, 31, 60, 1]],

[ 71, 75, 0,[ 99, 24, 98]],

[ 85, 75, 0,[ 46, 98, 65]],

[ 91, 75, 0,[ 59, 67]],

[ 68, 85, 0,[ 18]],

[ 92, 25, 0,[ 37, 14, 43, 84]],

[ 23, 35, 0,[ 47]],

[ 6, 85, 1,[ 28, 1, 52]],

[ 40, 65, 0,[ 14, 1, 13]],

[ 45, 65, 1,[ 27, 56, 50, 4, 97, 9]],

[ 98, 75, 1,[ 81, 17, 71, 12, 79, 85]],

[ 90, 45, 1,[ 42, 19, 58, 65]],

[ 57, 65, 1,[ 55, 72, 78]],

[ 0, 25, 1,[ 94, 19, 42, 30, 88]],

[ 58, 35, 0,[ 11, 69, 90, 56, 88]],

[ 7, 55, 1,[ 96, 67, 25, 16, 13]],

[ 56, 85, 1,[ 8, 45, 46, 58, 43]],

[ 9, 55, 1,[ 55, 1, 45]],

[ 66, 35, 1,[ 96, 82, 50, 24, 21, 55]],

[ 33, 95, 0,[ 13, 28, 21]],

[ 93, 75, 0,[ 72, 18, 38]],

[ 87, 25, 0,[ 10, 99, 5]],

[ 38, 15, 1,[ 93, 69, 86]],

[ 84, 15, 0,[ 14, 53, 61, 92]],

[ 28, 15, 1,[ 33, 6, 88, 24, 31]],

[ 89, 75, 0,[ 27, 86, 48]],

[ 69, 35, 0,[ 38, 60, 58]],

[ 25, 65, 1,[ 41, 15, 86, 7, 59, 34]],

[ 61, 35, 0,[ 32, 84, 44]],

[ 75, 85, 0,[ 18, 26, 13]],

[ 76, 55, 0,[ 97, 54, 21]],

[ 5, 75, 1,[ 13, 87, 20]],

[ 95, 85, 0,[ 12, 22, 2]],

[ 16, 65, 1,[ 44, 7, 67]],

[ 82, 95, 0,[ 18, 66, 44]],

[ 73, 65, 0,[ 14, 80, 18]],

[ 35, 25, 1,[ 74, 62, 36, 21]],

[ 20, 15, 1,[ 22, 80, 59, 5]],

[ 72, 25, 1,[ 57, 93, 97]],

[ 52, 45, 1,[ 70, 81, 83, 6]],

[ 62, 85, 0,[ 49, 29, 35]],

[ 32, 35, 1,[ 1, 99, 61, 63]],

[ 43, 55, 1,[ 92, 56, 15]],

[ 26, 65, 0,[ 21, 54, 75]],

[ 15, 85, 0,[ 43, 25, 79]],

[ 29, 75, 1,[ 65, 83, 51, 62, 24]],

[ 3, 15, 1,[ 44, 30, 8, 79]],

[ 30, 65, 1,[ 3, 0, 53]],

[ 13, 35, 1,[ 33, 7, 5, 40, 83, 75]],

[ 21, 5, 1,[ 66, 99, 33, 76, 41, 26, 35, 51]],

[ 22, 55, 1,[ 65, 37, 77, 20, 95, 31]],

[ 60, 45, 0,[ 4, 8, 69]],

[ 24, 85, 1,[ 29, 66, 71, 28]],

[ 2, 75, 1,[ 4, 95]],

[ 18, 95, 1,[ 93, 75, 73, 82, 99, 50, 68, 74]],

