[ 22, 25, 1,[ 33, 29, 41, 26]],

[ 44, 25, 1,[ 60, 93, 28]],

[ 20, 45, 1,[ 25, 9, 8, 24, 19]],

[ 52, 25, 1,[ 51, 75, 33, 6]],

[ 3, 85, 1,[ 23, 70, 34]],

[ 1, 5, 1,[ 75, 65, 7]],

[ 24, 25, 0,[ 20, 97, 75]],

[ 65, 5, 0,[ 25, 53, 1]],

[ 69, 15, 0,[ 25, 4, 43]],

[ 18, 85, 1,[ 0, 57, 89]],

[ 67, 5, 0,[ 13, 64, 53]],

[ 21, 85, 1,[ 30, 15, 87]],

[ 5, 65, 1,[ 99, 94, 48]],

[ 97, 95, 0,[ 24, 36, 11]],

[ 79, 25, 0,[ 96, 26, 68]],

[ 53, 5, 1,[ 8, 85, 67, 65, 96]],

[ 45, 25, 0,[ 38, 75, 35]],

[ 7, 5, 1,[ 58, 54, 1, 80]],

[ 84, 85, 0,[ 36, 27, 78]],

[ 90, 5, 0,[ 13, 40, 15]],

[ 29, 65, 1,[ 22, 35, 71]],

[ 40, 5, 0,[ 42, 16, 90]],

[ 17, 15, 1,[ 28, 60, 6, 56, 95, 70]],

[ 74, 25, 0,[ 41, 66, 14]],

[ 48, 95, 1,[ 70, 36, 5]],

[ 36, 95, 1,[ 97, 43, 48, 42, 84]],

[ 66, 85, 0,[ 74, 94]],

[ 27, 65, 1,[ 43, 84, 68]],

[ 81, 15, 0,[ 46, 14, 83]],

[ 72, 15, 1,[ 92, 35, 76]],

[ 16, 15, 1,[ 40, 25, 6]],

[ 54, 55, 1,[ 73, 47, 31, 7]],

[ 26, 25, 1,[ 79, 50, 22]],

[ 75, 25, 1,[ 86, 1, 24, 52, 61, 45]],

[ 35, 75, 1,[ 72, 38, 39, 29, 45]],

[ 34, 85, 1,[ 59, 33, 46, 3, 63]],

[ 11, 45, 1,[ 97, 4, 85, 61]],

[ 68, 25, 0,[ 27, 79, 88, 38]],

[ 88, 95, 1,[ 25, 99, 95, 68]],

[ 47, 15, 0,[ 54, 46, 32]],

[ 50, 25, 0,[ 26, 85, 82]],

[ 96, 25, 1,[ 41, 63, 59, 79, 53]],

[ 99, 85, 0,[ 5, 88, 78]],

[ 82, 25, 0,[ 50, 37, 19, 98]],

[ 9, 95, 1,[ 20, 98, 92, 10]],

[ 30, 85, 1,[ 37, 89, 55, 71, 21, 77]],

[ 55, 45, 0,[ 30, 14, 76]],

[ 98, 25, 0,[ 9, 82, 2]],

[ 0, 85, 1,[ 62, 18, 41, 2]],

[ 62, 45, 0,[ 0, 31, 12]],

[ 58, 55, 0,[ 12, 7, 13]],

[ 56, 95, 0,[ 51, 4, 17]],

[ 4, 85, 1,[ 69, 56, 11]],

[ 57, 45, 1,[ 8, 85, 18]],

[ 76, 35, 1,[ 23, 55, 72, 93]],

[ 83, 15, 0,[ 12, 14, 81]],

[ 37, 5, 1,[ 30, 82, 73]],

[ 15, 15, 0,[ 21, 14, 89, 90]],

[ 85, 45, 1,[ 51, 50, 57, 11, 91, 53]],

[ 51, 25, 0,[ 52, 56, 31, 85]],

[ 10, 75, 1,[ 8, 9, 95]],

[ 78, 85, 0,[ 99, 84, 12]],

[ 39, 25, 0,[ 70, 35, 91]],

[ 71, 25, 0,[ 29, 93, 28, 30]],

[ 41, 25, 0,[ 0, 74, 14, 96, 22]],

[ 89, 85, 0,[ 18, 94, 15, 30]],

[ 61, 55, 1,[ 11, 75, 46]],

[ 64, 5, 0,[ 13, 67, 80]],

[ 33, 25, 0,[ 34, 22, 52]],

[ 32, 25, 1,[ 47, 60, 94]],

[ 14, 15, 1,[ 83, 81, 15, 74, 41, 55]],

[ 70, 55, 1,[ 39, 3, 17, 48]],

[ 63, 85, 0,[ 94, 34, 96]],

[ 60, 95, 0,[ 44, 32, 17]],

[ 93, 25, 0,[ 71, 44, 76]],

[ 94, 85, 0,[ 5, 89, 43, 32, 63, 66]],

[ 95, 95, 0,[ 17, 10, 88]],

[ 6, 15, 1,[ 52, 16, 17]],

[ 77, 45, 0,[ 12, 30, 2]],

[ 87, 15, 0,[ 21, 46, 92]],

[ 38, 25, 1,[ 45, 86, 49, 68, 35]],

[ 92, 15, 0,[ 72, 9, 87]],

[ 80, 15, 1,[ 64, 7, 42]],

[ 13, 5, 1,[ 73, 90, 64, 58, 67]],

[ 43, 5, 1,[ 36, 94, 27, 69, 23]],

[ 23, 15, 0,[ 43, 3, 76]],

[ 42, 95, 0,[ 36, 40, 80]],

[ 8, 5, 0,[ 53, 20, 57, 10]],

[ 59, 25, 0,[ 96, 2, 34]],

[ 46, 15, 1,[ 87, 47, 34, 81, 61]],

[ 49, 25, 0,[ 19, 2, 38]],

[ 2, 65, 1,[ 49, 77, 98, 59, 0]],

[ 31, 25, 1,[ 54, 51, 62]],

[ 12, 45, 1,[ 77, 62, 83, 78, 58]],

[ 91, 25, 0,[ 85, 39, 86]],

[ 73, 65, 0,[ 37, 13, 54]],

[ 86, 25, 0,[ 75, 91, 38]],

[ 28, 25, 1,[ 44, 71, 17]],

[ 25, 5, 1,[ 69, 16, 88, 20, 65]],

[ 19, 25, 0,[ 20, 82, 49]],

[ 47, 75, 0,[ 57, 1, 72]],

[ 15, 65, 0,[ 16, 70, 73, 0]],

[ 93, 35, 0,[ 23, 88]],

[ 19, 65, 0,[ 14, 41, 8]],

[ 44, 5, 1,[ 53, 84, 71, 61, 21]],

[ 38, 85, 1,[ 40, 94, 28]],

[ 98, 25, 0,[ 32, 56, 90, 2]],

[ 10, 85, 1,[ 74, 92, 24, 20]],

[ 3, 55, 1,[ 9, 53, 5]],

[ 96, 85, 1,[ 55, 85, 66, 80]],

[ 11, 15, 1,[ 48, 66, 43, 78]],

[ 21, 45, 1,[ 44, 94, 74, 34]],

[ 26, 95, 0,[ 46, 58, 2, 86]],

[ 5, 85, 1,[ 29, 45, 3, 22, 17]],

[ 80, 5, 0,[ 25, 85, 96]],

[ 59, 25, 0,[ 16, 7, 2]],

[ 99, 85, 0,[ 62, 66]],

[ 42, 85, 0,[ 39, 54, 0]],

[ 43, 35, 1,[ 91, 11, 78]],

[ 27, 85, 1,[ 37, 84, 48]],

[ 71, 65, 0,[ 76, 2, 4, 44]],

[ 86, 95, 0,[ 26, 49, 66]],

[ 6, 85, 1,[ 51, 62, 75, 65, 94, 33, 68]],

[ 76, 65, 0,[ 71, 57, 78]],

[ 24, 5, 1,[ 68, 58, 10, 61, 54]],

[ 40, 35, 0,[ 7, 38, 88]],

[ 74, 95, 0,[ 10, 21, 16, 68]],

[ 65, 85, 0,[ 6, 92, 84]],

[ 12, 95, 1,[ 87, 16, 57]],

[ 45, 95, 1,[ 5, 70, 49, 83]],

[ 23, 65, 0,[ 29, 93, 79]],

[ 68, 95, 1,[ 6, 24, 74]],

[ 90, 25, 1,[ 30, 81, 2, 98, 64, 87]],

[ 56, 45, 1,[ 98, 18, 33, 97, 13]],

[ 22, 15, 1,[ 28, 34, 64, 5, 55]],

[ 81, 25, 0,[ 90, 82, 2]],

[ 49, 95, 0,[ 86, 45, 13]],

[ 66, 85, 0,[ 82, 51, 86, 99, 11, 96]],

[ 91, 35, 1,[ 43, 83, 95, 30]],

[ 69, 75, 0,[ 25, 72, 88]],

[ 77, 65, 0,[ 8, 53, 34, 57]],

[ 87, 95, 0,[ 90, 4, 12]],

[ 58, 95, 0,[ 24, 26, 39]],

[ 67, 85, 0,[ 37, 29, 32]],

[ 60, 85, 0,[ 32, 92, 54]],

[ 0, 45, 1,[ 42, 2, 15, 35]],

[ 1, 85, 1,[ 16, 47, 83, 20]],

[ 29, 65, 1,[ 67, 23, 5]],

[ 62, 85, 0,[ 46, 99, 6]],

[ 51, 85, 0,[ 66, 39, 6]],

[ 8, 65, 0,[ 32, 77, 19]],

[ 46, 65, 1,[ 62, 26]],

[ 30, 5, 1,[ 91, 70, 90]],

[ 84, 85, 1,[ 27, 44, 65]],

[ 63, 65, 0,[ 50, 34, 79]],

[ 4, 95, 1,[ 31, 87, 71, 17, 14, 53]],

[ 95, 85, 0,[ 37, 25, 91, 17]],

[ 35, 65, 1,[ 73, 52, 0]],

[ 9, 65, 1,[ 3, 18, 89]],

[ 79, 65, 0,[ 23, 89, 63]],

[ 20, 15, 1,[ 1, 37, 10]],

[ 73, 65, 0,[ 18, 15, 35]],

[ 94, 85, 0,[ 6, 38, 21]],

[ 72, 75, 1,[ 47, 97, 52, 50, 69]],

[ 82, 85, 0,[ 66, 81, 28]],

[ 54, 85, 1,[ 24, 42, 60]],

[ 89, 65, 0,[ 9, 85, 79]],

[ 18, 75, 1,[ 56, 9, 73]],

[ 97, 75, 0,[ 72, 56, 14]],

[ 83, 95, 0,[ 1, 91, 45]],

[ 85, 65, 0,[ 89, 80, 96]],

[ 64, 25, 0,[ 22, 90, 57]],

[ 34, 95, 1,[ 21, 77, 22, 63]],

[ 13, 85, 1,[ 41, 37, 49, 56]],

[ 55, 85, 0,[ 96, 22, 37]],

[ 88, 35, 1,[ 40, 69, 93]],

[ 7, 75, 1,[ 59, 75, 25, 40]],

[ 61, 75, 0,[ 24, 44, 36]],

[ 16, 95, 1,[ 15, 12, 74, 1, 59]],

[ 31, 55, 0,[ 4, 36]],

[ 14, 75, 1,[ 4, 97, 19]],

[ 33, 85, 0,[ 6, 56, 75]],

[ 37, 85, 1,[ 13, 67, 41, 20, 27, 95, 39, 55]],

[ 48, 85, 1,[ 27, 36, 11]],

[ 39, 85, 0,[ 92, 42, 37, 58, 51]],

[ 78, 85, 0,[ 11, 43, 76]],

[ 17, 85, 1,[ 95, 4, 5]],

[ 25, 5, 1,[ 80, 95, 69, 7]],

[ 41, 85, 0,[ 19, 37, 13]],

[ 28, 85, 1,[ 38, 82, 22]],

[ 32, 85, 1,[ 98, 60, 8, 67]],

[ 50, 75, 0,[ 72, 57, 63]],

[ 92, 85, 1,[ 39, 65, 60, 10]],

[ 36, 55, 1,[ 53, 31, 48, 61]],

[ 57, 75, 1,[ 64, 52, 47, 50, 77, 76, 12]],

[ 52, 75, 1,[ 57, 72, 35]],

[ 70, 65, 0,[ 15, 30, 45]],

[ 2, 85, 1,[ 71, 81, 90, 0, 59, 26, 98]],

[ 53, 55, 1,[ 77, 4, 36, 3, 44]],

[ 75, 85, 0,[ 7, 6, 33]],

