[ 53, 75, 0,[ 55, 18, 14]],

[ 20, 15, 0,[ 28, 77, 25]],

[ 95, 75, 1,[ 76, 80, 65]],

[ 3, 75, 0,[ 39, 51, 91]],

[ 36, 45, 0,[ 63, 75, 74]],

[ 32, 75, 0,[ 91, 79, 5]],

[ 8, 75, 1,[ 46, 73, 50]],

[ 48, 15, 0,[ 18, 89, 6, 71, 65, 43]],

[ 85, 5, 1,[ 54, 21, 78]],

[ 49, 75, 0,[ 64, 67, 11]],

[ 98, 25, 0,[ 96, 38, 93]],

[ 70, 5, 1,[ 23, 43, 62]],

[ 88, 95, 0,[ 33, 46]],

[ 75, 45, 1,[ 93, 83, 36]],

[ 55, 25, 1,[ 11, 53, 45, 92]],

[ 81, 75, 1,[ 12, 63, 10, 66, 83]],

[ 82, 65, 0,[ 5, 83, 50]],

[ 12, 75, 0,[ 84, 17, 61, 68, 81]],

[ 83, 25, 1,[ 75, 81, 82]],

[ 57, 35, 0,[ 37, 30, 2]],

[ 86, 25, 1,[ 60, 16, 65, 67]],

[ 0, 95, 0,[ 67, 33, 76, 97]],

[ 97, 15, 1,[ 41, 1, 0]],

[ 9, 75, 0,[ 5, 56]],

[ 7, 45, 0,[ 51, 22, 59]],

[ 46, 75, 0,[ 50, 99, 88, 52, 17, 8]],

[ 21, 45, 0,[ 85, 80, 41]],

[ 34, 75, 0,[ 71, 64, 22]],

[ 17, 75, 0,[ 12, 46, 1]],

[ 14, 75, 0,[ 53, 5, 67]],

[ 35, 35, 0,[ 71, 76, 40]],

[ 24, 95, 1,[ 87, 69, 99, 23]],

[ 10, 75, 0,[ 43, 56, 81]],

[ 1, 75, 0,[ 17, 2, 97]],

[ 15, 5, 1,[ 63, 13, 68, 26]],

[ 99, 55, 1,[ 46, 24, 26]],

[ 59, 45, 1,[ 7, 79, 56, 4, 73]],

[ 37, 95, 0,[ 47, 77, 57]],

[ 61, 65, 0,[ 6, 26, 12]],

[ 47, 95, 1,[ 37, 87, 5]],

[ 38, 25, 0,[ 11, 98, 16]],

[ 19, 15, 1,[ 64, 29]],

[ 54, 15, 0,[ 58, 68, 85]],

[ 67, 55, 1,[ 14, 86, 0, 74, 49]],

[ 89, 15, 0,[ 39, 48, 74]],

[ 41, 65, 1,[ 97, 21, 44]],

[ 18, 75, 0,[ 48, 53, 90]],

[ 50, 65, 1,[ 8, 82, 46, 22]],

[ 11, 25, 0,[ 49, 38, 55]],

[ 31, 65, 0,[ 26, 44, 90]],

[ 78, 35, 0,[ 85, 76, 29]],

[ 92, 95, 1,[ 29, 55, 94]],

[ 71, 75, 1,[ 34, 35, 48]],

[ 29, 95, 0,[ 78, 19, 92]],

[ 25, 15, 0,[ 58, 93, 20]],

[ 74, 15, 1,[ 36, 89, 67]],

[ 26, 65, 1,[ 61, 31, 99, 15]],

[ 64, 75, 0,[ 19, 91, 49, 34]],

[ 40, 35, 0,[ 35, 42, 68]],

[ 30, 35, 0,[ 76, 57, 66]],

[ 80, 45, 1,[ 21, 91, 95]],

[ 42, 35, 0,[ 33, 40, 73]],

[ 90, 45, 1,[ 31, 6, 77, 18]],

[ 96, 25, 1,[ 51, 44, 45, 98]],

[ 79, 95, 1,[ 59, 32, 66]],

[ 69, 35, 1,[ 84, 24, 91]],

[ 22, 25, 0,[ 50, 34, 7, 16]],

[ 45, 5, 1,[ 60, 96, 84, 55, 23]],

[ 56, 25, 1,[ 94, 59, 10, 9]],

[ 27, 55, 0,[ 68, 77, 66]],

[ 28, 15, 0,[ 23, 20, 93]],

[ 63, 25, 1,[ 36, 81, 15]],

[ 52, 25, 0,[ 76, 46, 16]],

[ 43, 5, 0,[ 70, 48, 10]],

[ 33, 95, 1,[ 0, 88, 42]],

[ 58, 15, 1,[ 54, 4, 25]],

[ 4, 55, 0,[ 66, 58, 59]],

[ 23, 15, 1,[ 70, 28, 45, 24]],

[ 87, 95, 1,[ 47, 24, 60]],

[ 13, 35, 0,[ 68, 73, 15]],

[ 60, 75, 1,[ 86, 87, 45]],

[ 6, 15, 0,[ 48, 93, 61, 90]],

[ 16, 25, 0,[ 52, 38, 22, 86]],

[ 77, 85, 1,[ 37, 90, 27, 20]],

[ 72, 35, 0,[ 65, 68]],

[ 73, 55, 1,[ 13, 8, 42, 59]],

[ 2, 75, 0,[ 1, 57, 91, 5]],

[ 93, 95, 1,[ 75, 6, 98, 28, 25]],

[ 62, 5, 1,[ 91, 70, 94]],

[ 68, 35, 1,[ 15, 54, 13, 72, 40, 12, 27]],

[ 39, 25, 1,[ 3, 89, 91]],

[ 91, 75, 1,[ 64, 62, 80, 3, 69, 2, 32, 39]],

[ 44, 85, 1,[ 96, 41, 31]],

[ 65, 15, 1,[ 95, 48, 86, 72]],

[ 66, 55, 1,[ 84, 27, 4, 79, 30, 81]],

[ 76, 35, 1,[ 78, 0, 95, 52, 30, 35]],

[ 84, 15, 1,[ 12, 45, 69, 66]],

[ 5, 75, 0,[ 82, 2, 14, 47, 32, 9]],

[ 94, 95, 1,[ 56, 92, 62]],

[ 51, 65, 1,[ 3, 96, 7]],

