[ 65, 15, 0,[ 73, 46, 66]],

[ 79, 65, 1,[ 52, 27, 97]],

[ 36, 35, 0,[ 75, 5, 39]],

[ 29, 15, 0,[ 59, 24, 66]],

[ 94, 35, 1,[ 7, 80, 39]],

[ 33, 35, 1,[ 42, 58, 92]],

[ 67, 35, 1,[ 95, 90, 59, 5]],

[ 58, 45, 1,[ 33, 1, 78, 5, 68, 75]],

[ 45, 25, 1,[ 77, 53, 12, 78]],

[ 88, 95, 0,[ 89, 54]],

[ 85, 25, 1,[ 82, 66, 84, 96]],

[ 40, 75, 1,[ 43, 34, 6, 51, 92]],

[ 82, 85, 1,[ 19, 85, 53, 32]],

[ 90, 75, 1,[ 78, 67, 59]],

[ 97, 95, 1,[ 4, 9, 79, 44]],

[ 34, 55, 0,[ 81, 40, 26]],

[ 53, 15, 0,[ 2, 82, 61, 45, 64, 37]],

[ 74, 15, 1,[ 25, 89, 39]],

[ 2, 75, 0,[ 38, 53, 84]],

[ 17, 15, 0,[ 59, 93, 63]],

[ 31, 15, 1,[ 63, 54, 98]],

[ 38, 75, 0,[ 2]],

[ 9, 85, 0,[ 97, 81, 18]],

[ 64, 15, 0,[ 53, 27]],

[ 26, 55, 1,[ 30, 73, 86, 7, 34]],

[ 5, 35, 0,[ 51, 67, 36, 58]],

[ 70, 45, 1,[ 91, 80, 8]],

[ 99, 5, 0,[ 86, 42, 11]],

[ 75, 35, 1,[ 16, 58, 36, 28]],

[ 57, 45, 0,[ 1, 98]],

[ 95, 95, 1,[ 67, 68, 44, 30, 55]],

[ 48, 15, 0,[ 30, 66, 96]],

[ 19, 35, 1,[ 18, 82, 49, 77, 46, 8]],

[ 22, 85, 0,[ 3, 14, 96]],

[ 54, 95, 0,[ 31, 10, 88]],

[ 4, 55, 0,[ 35, 50, 97]],

[ 93, 85, 1,[ 71, 17, 69, 14]],

[ 12, 25, 0,[ 45, 92, 62]],

[ 63, 35, 1,[ 17, 1, 31]],

[ 25, 45, 0,[ 69, 8, 74]],

[ 46, 15, 0,[ 19, 65, 84]],

[ 7, 35, 0,[ 55, 94, 26]],

[ 3, 15, 0,[ 10, 62, 37, 60, 22]],

[ 35, 55, 0,[ 23, 86, 4]],

[ 44, 95, 1,[ 95, 97, 60]],

[ 98, 95, 1,[ 10, 57, 71, 31, 86]],

[ 23, 55, 1,[ 35, 76, 52]],

[ 14, 85, 0,[ 80, 93, 22]],

[ 78, 25, 1,[ 45, 58, 90, 13]],

[ 92, 5, 1,[ 15, 33, 12, 40]],

[ 50, 85, 0,[ 81, 4]],

[ 96, 45, 1,[ 85, 49, 48, 47, 22]],

[ 86, 35, 1,[ 26, 35, 99, 98]],

[ 69, 45, 0,[ 93, 11, 68, 25]],

[ 21, 35, 0,[ 51, 61, 87]],

[ 15, 5, 0,[ 52, 92, 49]],

[ 73, 5, 1,[ 26, 65, 59]],

[ 68, 75, 1,[ 58, 95, 69]],

[ 43, 75, 0,[ 62, 40]],

[ 61, 65, 1,[ 53, 55, 21]],

[ 80, 95, 1,[ 0, 70, 16, 14, 20, 94]],

[ 72, 5, 0,[ 55, 81, 49]],

[ 18, 85, 0,[ 47, 9, 19]],

[ 6, 85, 0,[ 24, 89, 40]],

[ 0, 95, 0,[ 59, 80]],

[ 32, 85, 0,[ 82]],

[ 83, 95, 0,[ 10, 55]],

[ 41, 15, 1,[ 47, 62, 39]],

[ 8, 45, 1,[ 19, 25, 60, 55, 70]],

[ 24, 85, 1,[ 13, 6, 29]],

[ 91, 55, 1,[ 87, 42, 70]],

[ 47, 85, 1,[ 77, 41, 18, 96]],

[ 59, 15, 1,[ 29, 90, 73, 17, 0, 67]],

[ 87, 5, 1,[ 27, 21, 91]],

[ 62, 45, 1,[ 43, 13, 3, 41, 12]],

[ 81, 85, 1,[ 50, 72, 34, 9]],

[ 55, 5, 1,[ 8, 83, 95, 72, 7, 61]],

[ 13, 25, 0,[ 62, 24, 78]],

[ 60, 15, 1,[ 3, 8, 44]],

[ 42, 5, 1,[ 91, 16, 99, 33]],

[ 51, 35, 0,[ 21, 20, 40, 5]],

[ 20, 95, 0,[ 80, 51, 71]],

[ 28, 45, 0,[ 75, 71]],

[ 89, 95, 1,[ 74, 76, 88, 6]],

[ 27, 5, 0,[ 76, 79, 64, 87]],

[ 66, 15, 0,[ 65, 29, 85, 48]],

[ 30, 55, 0,[ 95, 26, 48]],

[ 71, 45, 1,[ 28, 98, 93, 20]],

[ 37, 15, 0,[ 11, 53, 3]],

[ 1, 45, 0,[ 63, 58, 57]],

[ 84, 75, 1,[ 46, 85, 2]],

[ 77, 45, 1,[ 47, 45, 19]],

[ 56, 35, 0,[ 76]],

[ 49, 45, 1,[ 72, 19, 15, 96]],

[ 10, 95, 0,[ 3, 98, 54, 83]],

[ 11, 5, 0,[ 99, 37, 69]],

[ 76, 35, 1,[ 89, 27, 23, 56]],

[ 16, 35, 0,[ 80, 75, 42]],

[ 52, 5, 0,[ 15, 23, 79]],

[ 39, 45, 1,[ 74, 94, 36, 41]],

