[ 51, 45, 1,[ 29, 5, 73, 13, 16]],

[ 83, 25, 1,[ 80, 16, 46]],

[ 69, 85, 1,[ 22, 3, 17, 67]],

[ 19, 65, 0,[ 98, 17, 97]],

[ 65, 15, 1,[ 70, 42, 25]],

[ 90, 45, 1,[ 2, 54, 22, 30]],

[ 97, 45, 1,[ 56, 19, 53, 50]],

[ 34, 5, 0,[ 9, 60, 33, 32]],

[ 2, 35, 0,[ 82, 90, 78]],

[ 66, 95, 1,[ 93, 24, 42, 27]],

[ 12, 65, 0,[ 63, 5, 48]],

[ 0, 5, 0,[ 32, 27, 21]],

[ 13, 75, 0,[ 75, 89, 51]],

[ 42, 15, 1,[ 27, 65, 55, 66]],

[ 60, 35, 1,[ 21, 94, 34]],

[ 20, 5, 0,[ 59, 99, 4]],

[ 95, 25, 1,[ 29, 86, 61, 89]],

[ 14, 65, 0,[ 31, 33, 91]],

[ 7, 75, 0,[ 84, 52, 78]],

[ 77, 75, 1,[ 92, 6, 48, 46]],

[ 96, 5, 0,[ 4, 74, 56]],

[ 49, 5, 1,[ 54, 50]],

[ 8, 55, 1,[ 45, 5, 99, 62]],

[ 28, 15, 0,[ 40, 87, 74]],

[ 4, 5, 0,[ 20, 72, 96]],

[ 27, 85, 0,[ 42, 66, 0, 91]],

[ 36, 25, 0,[ 98, 86, 25]],

[ 52, 75, 0,[ 98, 7, 6]],

[ 91, 25, 1,[ 27, 54, 14]],

[ 33, 35, 1,[ 14, 92, 25, 34]],

[ 92, 65, 0,[ 33, 38, 77]],

[ 71, 35, 1,[ 32, 47, 31]],

[ 21, 5, 0,[ 60, 78, 0, 56]],

[ 39, 5, 1,[ 15, 53, 26]],

[ 18, 15, 0,[ 86, 88, 61]],

[ 98, 25, 1,[ 52, 36, 19]],

[ 11, 75, 0,[ 75, 26, 59]],

[ 56, 5, 0,[ 97, 96, 21]],

[ 63, 85, 1,[ 72, 24, 67, 48, 12]],

[ 23, 15, 1,[ 81, 24, 17]],

[ 44, 5, 1,[ 3, 58, 85, 81, 41]],

[ 16, 35, 0,[ 73, 57, 51, 83]],

[ 24, 45, 1,[ 87, 29, 23, 10, 66, 63]],

[ 76, 5, 1,[ 30, 86, 43]],

[ 53, 25, 0,[ 68, 97, 39, 93]],

[ 48, 65, 0,[ 63, 12, 77]],

[ 79, 85, 0,[ 62, 59, 85]],

[ 9, 5, 0,[ 61, 34, 10]],

[ 89, 35, 0,[ 13, 95, 94]],

[ 46, 35, 0,[ 78, 77, 83]],

[ 30, 25, 0,[ 76, 90, 68]],

[ 78, 75, 1,[ 35, 21, 7, 46, 2]],

[ 5, 65, 0,[ 8, 51, 12, 41]],

[ 41, 45, 1,[ 44, 5, 1]],

[ 75, 55, 1,[ 15, 11, 13]],

[ 15, 45, 1,[ 73, 70, 58, 38, 39, 75]],

[ 80, 15, 1,[ 64, 83, 61]],

[ 58, 75, 1,[ 73, 44, 15]],

[ 22, 55, 0,[ 90, 69]],

[ 47, 35, 1,[ 71, 1, 57, 88]],

[ 32, 5, 0,[ 84, 71, 34, 0]],

[ 84, 35, 1,[ 7, 32, 70]],

[ 74, 35, 1,[ 96, 85, 28]],

[ 45, 55, 1,[ 94, 8, 82]],

[ 64, 15, 1,[ 59, 55, 80]],

[ 59, 95, 1,[ 64, 20, 79, 11]],

[ 1, 25, 0,[ 47, 41, 68]],

[ 38, 85, 0,[ 62, 92, 15]],

[ 3, 75, 0,[ 55, 44, 69]],

[ 73, 35, 0,[ 35, 15, 16, 51, 58]],

[ 72, 55, 0,[ 4, 63, 93]],

[ 57, 65, 0,[ 47, 43, 16]],

[ 93, 25, 1,[ 66, 53, 72]],

[ 88, 25, 0,[ 18, 68, 47]],

[ 25, 25, 0,[ 10, 33, 65, 86, 36]],

[ 55, 35, 1,[ 94, 64, 42, 99, 3]],

[ 86, 35, 1,[ 18, 95, 76, 25, 36]],

[ 70, 85, 0,[ 84, 65, 15]],

[ 10, 25, 0,[ 24, 25, 9]],

[ 94, 5, 1,[ 55, 99, 60, 45, 89]],

[ 43, 65, 0,[ 57, 76]],

[ 68, 45, 1,[ 37, 1, 53, 88, 30]],

[ 40, 15, 0,[ 28, 85, 81]],

[ 87, 85, 1,[ 50, 28, 24]],

[ 29, 55, 0,[ 95, 51, 24]],

[ 99, 5, 0,[ 94, 55, 8, 20, 61]],

[ 50, 15, 1,[ 49, 97, 87]],

[ 82, 25, 1,[ 2, 61, 37, 45]],

[ 26, 55, 1,[ 39, 11, 81]],

[ 37, 25, 0,[ 67, 68, 82]],

[ 61, 95, 1,[ 99, 95, 80, 35, 18, 82, 9]],

[ 35, 35, 0,[ 61, 73, 78]],

[ 31, 5, 1,[ 71, 81, 14]],

[ 62, 25, 1,[ 38, 79, 6, 8]],

[ 81, 15, 1,[ 44, 26, 23, 31, 40]],

[ 54, 35, 0,[ 91, 90, 49]],

[ 67, 65, 1,[ 69, 37, 63]],

[ 85, 85, 1,[ 40, 44, 79, 74]],

[ 6, 75, 0,[ 62, 77, 52]],

[ 17, 65, 0,[ 19, 69, 23]],

[ 38, 85, 0,[ 94, 44, 95, 61]],

[ 7, 5, 0,[ 97, 51, 96]],

[ 93, 65, 1,[ 49, 39, 14, 96]],

[ 39, 45, 1,[ 29, 93, 3]],

[ 62, 5, 0,[ 21, 82, 48]],

[ 83, 75, 1,[ 37, 27, 89, 44, 99, 95]],

[ 26, 65, 1,[ 61, 52, 77, 11]],

[ 6, 15, 0,[ 13, 27, 97, 43]],

[ 13, 45, 0,[ 18, 60, 85, 6]],

[ 56, 45, 1,[ 1, 85, 30, 4]],

[ 34, 5, 0,[ 48, 69, 82]],

[ 47, 45, 1,[ 95, 36, 71]],

[ 16, 15, 0,[ 49, 82, 44]],

[ 42, 25, 1,[ 85, 54, 63]],

[ 28, 65, 0,[ 68, 31, 92, 58, 20]],

[ 60, 45, 0,[ 13, 94, 58]],

[ 0, 15, 0,[ 87, 37, 5]],

[ 36, 65, 0,[ 47, 57, 77]],

[ 79, 65, 1,[ 21, 29, 12]],

[ 84, 35, 1,[ 90, 30, 74, 73]],

[ 17, 45, 0,[ 48, 81, 41, 92, 45]],

[ 54, 55, 0,[ 74, 5, 55, 42, 58]],

[ 98, 45, 1,[ 87, 86, 20]],

[ 21, 65, 0,[ 79, 24, 10, 62, 59, 72]],

[ 35, 15, 0,[ 45, 33, 87, 78]],

[ 14, 5, 0,[ 53, 69, 31, 93]],

[ 86, 15, 1,[ 19, 98, 65, 29]],

[ 78, 85, 1,[ 35, 65, 57]],

[ 37, 45, 0,[ 88, 83, 0, 70]],

[ 65, 45, 1,[ 78, 86, 5]],

[ 48, 5, 0,[ 34, 89, 62, 17, 50]],

[ 4, 5, 0,[ 80, 97, 56]],

[ 2, 55, 0,[ 64, 46, 69]],

[ 44, 65, 1,[ 20, 83, 16, 38]],

[ 41, 5, 1,[ 64, 17, 11]],

[ 55, 75, 1,[ 54, 9, 33, 66]],

[ 82, 65, 1,[ 62, 34, 81, 16]],

[ 24, 65, 1,[ 46, 22, 21]],

[ 1, 65, 0,[ 56, 72, 40]],

[ 12, 55, 0,[ 64, 79, 96]],

[ 15, 95, 1,[ 76, 87, 32, 27]],

[ 75, 25, 1,[ 80, 23, 91]],

[ 69, 25, 1,[ 2, 11, 34, 76, 8, 14]],

[ 95, 85, 0,[ 38, 83, 47]],

[ 11, 15, 0,[ 69, 43, 41, 26]],

[ 22, 65, 0,[ 24, 31, 40]],

[ 89, 15, 1,[ 83, 8, 48]],

[ 94, 45, 1,[ 38, 60, 9]],

[ 59, 5, 1,[ 21, 73, 72]],

[ 73, 75, 1,[ 18, 59, 5, 84]],

[ 88, 65, 0,[ 37, 68, 49]],

[ 74, 95, 1,[ 54, 84, 92]],

[ 71, 65, 0,[ 67, 32, 47]],

[ 81, 45, 0,[ 17, 53, 82]],

[ 33, 65, 1,[ 3, 55, 35]],

[ 85, 15, 1,[ 10, 56, 42, 13]],

[ 53, 75, 0,[ 81, 14, 70]],

[ 23, 75, 1,[ 64, 75]],

[ 76, 45, 1,[ 40, 15, 69]],

[ 63, 5, 0,[ 42, 97, 40]],

[ 49, 15, 0,[ 93, 16, 88]],

[ 40, 95, 1,[ 63, 76, 1, 22, 77]],

[ 27, 45, 0,[ 83, 15, 6, 67, 8]],

[ 30, 65, 0,[ 66, 56, 84, 3]],

[ 87, 65, 1,[ 15, 35, 98, 0, 90]],

[ 18, 45, 0,[ 73, 13, 8]],

[ 29, 25, 0,[ 79, 39, 86]],

[ 46, 55, 0,[ 64, 2, 99, 24]],

[ 61, 85, 0,[ 80, 26, 38]],

[ 32, 65, 0,[ 68, 71, 15, 90]],

[ 43, 15, 0,[ 11, 6, 92]],

[ 66, 85, 1,[ 55, 91, 30]],

[ 50, 65, 1,[ 90, 48]],

[ 20, 65, 0,[ 98, 44, 28]],

[ 25, 85, 0,[ 8, 58, 99]],

[ 90, 75, 1,[ 84, 87, 50, 32]],

[ 9, 5, 0,[ 55, 97, 94]],

[ 99, 25, 1,[ 25, 46, 83]],

[ 68, 65, 0,[ 28, 32, 57, 88]],

[ 70, 65, 1,[ 37, 45, 53]],

[ 97, 35, 1,[ 9, 10, 63, 7, 4, 51, 6]],

[ 72, 65, 0,[ 21, 59, 1]],

[ 96, 85, 1,[ 12, 93, 7]],

[ 80, 85, 1,[ 4, 75, 61]],

[ 64, 75, 1,[ 46, 12, 2, 41, 23]],

[ 67, 95, 1,[ 52, 27, 71]],

[ 57, 65, 0,[ 36, 78, 68, 19]],

[ 8, 35, 1,[ 18, 69, 25, 27, 89]],

[ 45, 15, 1,[ 35, 70, 17]],

[ 3, 65, 0,[ 33, 39, 30]],

[ 51, 45, 1,[ 97, 92, 7]],

[ 58, 95, 1,[ 28, 54, 60, 25]],

[ 31, 15, 1,[ 28, 22, 14, 77]],

[ 10, 65, 0,[ 97, 21, 85]],

[ 91, 45, 1,[ 66, 52, 92, 75]],

[ 52, 25, 0,[ 67, 91, 26]],

[ 5, 55, 0,[ 54, 73, 0, 65]],

[ 77, 65, 0,[ 26, 40, 36, 31]],

[ 92, 65, 1,[ 51, 43, 91, 19, 28, 17, 74]],

[ 19, 95, 1,[ 86, 57, 92]],

