[ 6, 75, 0,[]],

[ 54, 15, 0,[]],

[ 4, 75, 0,[]],

[ 55, 5, 0,[]],

[ 2, 65, 0,[]],

[ 10, 75, 0,[]],

[ 14, 65, 0,[ 79, 15, 25]],

[ 3, 85, 0,[ 78, 89, 0]],

[ 52, 65, 0,[ 94, 79, 78]],

[ 83, 45, 0,[ 64, 89]],

[ 40, 5, 0,[]],

[ 69, 75, 1,[ 42, 49, 70, 34, 78]],

[ 58, 15, 0,[]],

[ 73, 45, 0,[]],

[ 85, 85, 0,[]],

[ 68, 15, 1,[ 66, 32, 90, 67, 38]],

[ 37, 75, 0,[]],

[ 91, 75, 0,[ 80, 64]],

[ 88, 65, 0,[ 42, 67, 22]],

[ 46, 75, 0,[ 92, 43]],

[ 75, 75, 0,[]],

[ 23, 75, 0,[]],

[ 82, 15, 0,[]],

[ 63, 15, 0,[ 53, 31]],

[ 39, 85, 0,[ 78]],

[ 66, 15, 0,[ 68, 74]],

[ 43, 75, 0,[ 8, 46]],

[ 62, 45, 0,[]],

[ 56, 75, 0,[ 20, 67]],

[ 92, 15, 0,[ 46, 51]],

[ 76, 65, 0,[]],

[ 29, 85, 0,[]],

[ 42, 65, 0,[ 15, 88, 69]],

[ 26, 15, 0,[]],

[ 86, 85, 0,[]],

[ 21, 75, 0,[]],

[ 30, 85, 0,[]],

[ 74, 5, 0,[ 66, 48]],

[ 18, 5, 0,[]],

[ 45, 75, 0,[]],

[ 41, 5, 1,[ 0, 64, 49, 94]],

[ 59, 75, 0,[]],

[ 36, 65, 0,[]],

[ 71, 15, 1,[ 79]],

[ 95, 65, 0,[]],

[ 60, 65, 0,[]],

[ 22, 65, 0,[ 88, 94]],

[ 78, 85, 1,[ 52, 3, 39, 81, 25, 69]],

[ 87, 5, 0,[]],

[ 50, 45, 0,[]],

[ 20, 75, 0,[ 31, 17, 64, 56]],

[ 61, 75, 0,[]],

[ 98, 75, 0,[]],

[ 28, 15, 0,[]],

[ 31, 15, 0,[ 63, 51, 20]],

[ 9, 65, 0,[]],

[ 33, 75, 0,[ 11, 79, 34]],

[ 11, 75, 0,[ 33, 49, 80]],

[ 16, 65, 0,[]],

[ 24, 75, 0,[]],

[ 96, 75, 0,[]],

[ 5, 75, 0,[]],

[ 44, 65, 0,[]],

[ 90, 15, 0,[ 79, 68]],

[ 12, 65, 0,[]],

[ 81, 75, 0,[ 78, 79, 51]],

[ 35, 65, 0,[]],

[ 77, 15, 0,[]],

[ 94, 65, 0,[ 52, 22, 41]],

[ 7, 85, 0,[]],

[ 32, 15, 0,[ 70, 68]],

[ 49, 75, 0,[ 69, 11, 41]],

[ 84, 15, 0,[]],

[ 70, 65, 0,[ 32, 15, 69]],

[ 79, 75, 1,[ 52, 81, 71, 53, 14, 90, 33]],

[ 1, 75, 0,[ 38]],

[ 67, 75, 1,[ 68, 48, 56, 88]],

[ 99, 75, 0,[]],

[ 48, 5, 0,[ 89, 0, 67, 74]],

[ 64, 75, 0,[ 83, 41, 20, 91]],

[ 53, 15, 0,[ 15, 63, 79]],

[ 97, 75, 0,[]],

[ 93, 85, 0,[]],

[ 13, 75, 0,[]],

[ 25, 65, 0,[ 14, 78]],

[ 0, 5, 0,[ 41, 48, 3]],

[ 34, 75, 0,[ 69, 33]],

[ 17, 75, 0,[ 20]],

[ 89, 45, 1,[ 48, 83, 3]],

[ 51, 15, 1,[ 92, 8, 31, 81]],

[ 15, 65, 1,[ 14, 42, 53, 70]],

[ 38, 75, 0,[ 68, 1]],

[ 65, 85, 0,[]],

[ 57, 85, 0,[]],

[ 27, 85, 0,[]],

[ 8, 75, 0,[ 51, 43]],

[ 19, 5, 0,[]],

[ 80, 75, 0,[ 11, 91]],

[ 72, 75, 0,[]],

[ 47, 85, 0,[]],

