[ 70, 5, 1,[ 72, 17, 57, 91, 74]],

[ 41, 15, 0,[ 71, 3, 34]],

[ 1, 65, 1,[ 85, 43, 20]],

[ 47, 65, 0,[ 33, 96, 76, 42]],

[ 69, 95, 0,[ 25, 24, 46]],

[ 86, 35, 0,[ 38, 76, 66]],

[ 14, 25, 1,[ 36, 60, 43, 40]],

[ 8, 95, 0,[ 97, 83, 46]],

[ 57, 75, 1,[ 70, 55, 59, 10]],

[ 53, 85, 1,[ 88, 58, 21]],

[ 62, 35, 0,[ 74, 26, 31]],

[ 97, 35, 1,[ 42, 8, 12]],

[ 0, 35, 1,[ 11, 74, 93]],

[ 7, 45, 1,[ 30, 89, 18]],

[ 89, 55, 0,[ 95, 7, 61, 92]],

[ 91, 35, 1,[ 87, 51, 70]],

[ 38, 95, 1,[ 48, 54, 20, 86, 33]],

[ 32, 15, 1,[ 72, 10, 6, 73]],

[ 93, 85, 1,[ 9, 81, 0]],

[ 94, 65, 1,[ 31, 21, 15]],

[ 78, 55, 0,[ 17, 36, 59]],

[ 15, 35, 0,[ 96, 19, 52, 94]],

[ 84, 35, 0,[ 92, 75, 83]],

[ 13, 35, 1,[ 90, 46, 74, 50]],

[ 67, 15, 0,[ 79, 82, 63]],

[ 98, 85, 0,[ 20, 23, 5, 26]],

[ 81, 15, 0,[ 93, 65]],

[ 20, 15, 1,[ 17, 92, 1, 98, 37, 38]],

[ 96, 35, 0,[ 47, 15]],

[ 54, 35, 1,[ 19, 80, 52, 38, 56, 11]],

[ 51, 65, 1,[ 6, 91]],

[ 5, 85, 1,[ 80, 25, 98, 46]],

[ 59, 45, 1,[ 55, 57, 27, 78]],

[ 37, 35, 1,[ 61, 20, 4]],

[ 87, 25, 0,[ 65, 10, 91]],

[ 10, 25, 1,[ 88, 32, 77, 57, 87, 9, 4]],

[ 29, 45, 1,[ 9, 48, 82, 4]],

[ 39, 65, 0,[ 33, 12, 40]],

[ 82, 25, 0,[ 95, 67, 29]],

[ 9, 55, 1,[ 10, 93, 29]],

[ 61, 35, 0,[ 89, 19, 37]],

[ 23, 35, 0,[ 76, 75, 98]],

[ 31, 35, 0,[ 94, 36, 62]],

[ 16, 45, 1,[ 17, 50, 56]],

[ 73, 15, 0,[ 32, 79, 28]],

[ 56, 45, 0,[ 54, 16, 44]],

[ 52, 5, 1,[ 15, 26, 54, 79, 80]],

[ 26, 5, 0,[ 52, 98, 62]],

[ 36, 35, 1,[ 14, 76, 78, 31]],

[ 80, 15, 1,[ 52, 54, 5]],

[ 74, 65, 1,[ 62, 0, 13, 70]],

[ 12, 25, 1,[ 39, 97, 4]],

[ 6, 15, 1,[ 46, 32, 45, 51]],

[ 22, 35, 1,[ 27, 21, 85]],

[ 60, 25, 0,[ 42, 35, 14]],

[ 30, 45, 1,[ 71, 7, 11, 68, 35]],

[ 90, 45, 0,[ 3, 13, 66]],

[ 85, 15, 0,[ 22, 66, 1]],

[ 65, 15, 0,[ 34, 87, 99, 81, 48]],

[ 77, 65, 0,[ 10, 18, 33]],

[ 63, 15, 0,[ 67, 49, 79]],

[ 50, 65, 0,[ 16, 25, 13]],

[ 83, 65, 0,[ 84, 88, 18, 8]],

[ 35, 15, 1,[ 40, 48, 30, 60, 49]],

[ 88, 65, 1,[ 64, 83, 53, 72, 10]],

[ 95, 25, 0,[ 45, 82, 89]],

[ 72, 85, 1,[ 70, 32, 88]],

[ 17, 55, 1,[ 44, 20, 70, 78, 16, 28]],

[ 42, 25, 1,[ 68, 47, 3, 60, 97]],

[ 27, 65, 1,[ 59, 34, 44, 22, 45]],

[ 58, 85, 0,[ 53, 43, 25]],

[ 49, 15, 0,[ 35, 79, 63]],

[ 76, 35, 0,[ 23, 36, 47, 86]],

[ 4, 25, 1,[ 10, 12, 37, 29]],

[ 28, 5, 1,[ 2, 17, 73, 21]],

[ 34, 15, 1,[ 41, 55, 27, 65]],

[ 43, 45, 1,[ 46, 14, 1, 58, 71]],

[ 24, 95, 0,[ 69]],

[ 44, 55, 0,[ 27, 56, 17]],

[ 99, 15, 0,[ 65, 68]],

[ 2, 25, 1,[ 11, 28, 25, 18]],

[ 71, 45, 0,[ 41, 43, 30]],

[ 40, 65, 0,[ 14, 35, 39]],

[ 68, 45, 0,[ 99, 42, 30]],

[ 92, 15, 0,[ 89, 84, 20]],

[ 55, 75, 0,[ 57, 34, 59]],

[ 79, 15, 0,[ 67, 63, 49, 52, 73]],

[ 3, 45, 1,[ 41, 90, 75, 42]],

[ 48, 95, 1,[ 65, 35, 29, 38]],

[ 66, 15, 0,[ 90, 86, 85]],

[ 45, 65, 0,[ 6, 27, 95]],

[ 11, 35, 1,[ 0, 54, 2, 30]],

[ 64, 65, 0,[ 88]],

[ 33, 65, 0,[ 77, 47, 39, 38]],

[ 21, 95, 1,[ 53, 22, 94, 28]],

[ 25, 65, 1,[ 5, 69, 58, 50, 2]],

[ 46, 95, 1,[ 6, 5, 8, 13, 69, 43]],

[ 75, 35, 0,[ 3, 84, 23]],

[ 19, 35, 0,[ 15, 54, 61]],

[ 18, 75, 1,[ 2, 77, 83, 7]],

