[ 58, 65, 0,[ 47, 76, 53]],

[ 26, 65, 0,[ 37, 80, 47, 96]],

[ 47, 65, 0,[ 26, 2, 31, 58]],

[ 67, 85, 0,[ 14, 70, 10]],

[ 77, 65, 0,[ 50, 11, 18, 53]],

[ 40, 45, 0,[ 43, 29, 7, 82]],

[ 66, 85, 0,[ 94, 89, 10, 4, 17]],

[ 91, 45, 0,[ 27, 11, 4, 97]],

[ 73, 65, 0,[ 15, 44, 17, 3, 83]],

[ 9, 15, 0,[ 78, 33, 88]],

[ 39, 65, 0,[ 87, 1, 30]],

[ 50, 65, 0,[ 15, 77, 99]],

[ 71, 45, 0,[ 20, 97, 10, 98]],

[ 98, 45, 0,[ 36, 69, 71]],

[ 88, 15, 0,[ 42, 15, 9, 95]],

[ 5, 65, 1,[ 54, 70, 1, 86, 62, 10]],

[ 69, 55, 0,[ 11, 43, 98]],

[ 82, 35, 0,[ 3, 90, 40]],

[ 61, 15, 0,[ 95, 92, 55]],

[ 97, 45, 0,[ 29, 91, 71]],

[ 10, 15, 1,[ 51, 5, 66, 49, 34, 85, 53, 71, 37, 86, 15, 67, 41]],

[ 43, 65, 0,[ 18, 69, 13, 54, 2, 40]],

[ 76, 65, 0,[ 21, 58, 55, 78]],

[ 83, 65, 0,[ 73, 44, 23]],

[ 38, 5, 1,[ 93, 14, 7]],

[ 35, 65, 0,[ 25, 13, 8]],

[ 14, 55, 0,[ 11, 38, 67, 99]],

[ 80, 65, 0,[ 21, 85, 26]],

[ 21, 65, 0,[ 74, 76, 80]],

[ 42, 65, 0,[ 88, 72, 45, 68]],

[ 27, 75, 0,[ 91, 2, 63]],

[ 51, 85, 0,[ 55, 10, 32]],

[ 22, 15, 0,[ 81, 90, 18, 16]],

[ 68, 65, 0,[ 42, 87, 0]],

[ 17, 65, 0,[ 66, 56, 73]],

[ 59, 35, 0,[ 23, 87, 34, 3]],

[ 4, 45, 0,[ 66, 95, 91]],

[ 44, 65, 0,[ 62, 73, 83, 25]],

[ 74, 65, 0,[ 54, 33, 21]],

[ 95, 15, 0,[ 61, 88, 4, 3, 81]],

[ 52, 15, 0,[ 48, 84, 32, 92, 0]],

[ 60, 65, 0,[ 8, 0, 72]],

[ 70, 65, 0,[ 67, 5, 37]],

[ 0, 5, 1,[ 81, 68, 45, 60, 75, 6, 28, 52]],

[ 37, 65, 0,[ 10, 56, 65, 70, 26]],

[ 89, 35, 0,[ 3, 66, 31]],

[ 93, 75, 0,[ 2, 38, 92]],

[ 3, 65, 1,[ 2, 64, 59, 89, 73, 95, 33, 90, 12, 82, 84]],

[ 18, 65, 0,[ 77, 43, 85, 22]],

[ 23, 65, 0,[ 59, 6, 83, 19]],

[ 99, 65, 0,[ 12, 14, 64, 50]],

[ 34, 85, 0,[ 12, 59, 10, 85]],

[ 48, 15, 0,[ 94, 2, 41, 52]],

[ 78, 25, 0,[ 9, 76, 84]],

[ 84, 35, 0,[ 78, 3, 52]],

[ 63, 25, 0,[ 56, 86, 27, 33]],

[ 49, 85, 0,[ 79, 10, 94]],

[ 6, 5, 1,[ 23, 0, 1, 65]],

[ 7, 45, 0,[ 79, 40, 57, 38]],

[ 28, 65, 0,[ 0, 32, 1]],

[ 90, 35, 0,[ 19, 13, 22, 82, 3]],

[ 72, 65, 0,[ 60, 42, 1]],

[ 94, 15, 0,[ 49, 32, 66, 48]],

[ 29, 45, 0,[ 40, 97, 46, 11]],

[ 75, 65, 0,[ 57, 0, 36]],

[ 41, 15, 0,[ 48, 81, 10, 62]],

[ 20, 45, 0,[ 45, 71, 11]],

[ 87, 65, 0,[ 68, 39, 59]],

[ 64, 35, 0,[ 99, 3, 46]],

[ 86, 85, 0,[ 5, 10, 63]],

[ 11, 95, 1,[ 91, 2, 14, 29, 69, 20, 77]],

[ 45, 65, 0,[ 0, 42, 20]],

[ 16, 65, 0,[ 30, 79, 22]],

[ 19, 15, 0,[ 90, 81, 23]],

[ 2, 15, 1,[ 11, 30, 43, 48, 93, 47, 27, 3]],

[ 33, 35, 0,[ 74, 3, 9, 63]],

[ 96, 65, 0,[ 26, 46, 8]],

[ 65, 65, 0,[ 37, 6, 1]],

[ 85, 65, 0,[ 10, 80, 15, 18, 34]],

[ 32, 15, 0,[ 28, 94, 52, 51]],

[ 79, 45, 0,[ 16, 49, 7, 24]],

[ 13, 15, 1,[ 35, 43, 90]],

[ 53, 85, 0,[ 10, 77, 58]],

[ 54, 65, 0,[ 43, 74, 5]],

[ 31, 15, 0,[ 47, 89, 81]],

[ 46, 65, 0,[ 64, 96, 29]],

[ 92, 15, 0,[ 52, 61, 93]],

[ 55, 65, 0,[ 61, 76, 51]],

[ 8, 65, 0,[ 24, 96, 35, 60]],

[ 30, 65, 0,[ 16, 57, 39, 2]],

[ 56, 65, 0,[ 37, 17, 63]],

[ 81, 15, 0,[ 22, 95, 41, 0, 19, 31]],

[ 1, 25, 1,[ 5, 72, 6, 39, 24, 65, 36, 28]],

[ 36, 65, 0,[ 75, 98, 1]],

[ 25, 65, 0,[ 35, 44]],

[ 62, 65, 0,[ 41, 44, 5]],

[ 24, 65, 0,[ 79, 1, 8]],

[ 57, 65, 0,[ 75, 30, 7]],

[ 15, 65, 0,[ 50, 10, 88, 85, 73]],

[ 12, 35, 0,[ 99, 34, 3]],

[ 90, 35, 0,[ 56, 11, 24, 5]],

[ 91, 5, 0,[ 10, 51, 0]],

[ 20, 45, 0,[ 5, 72, 26, 36, 31]],

[ 93, 5, 0,[ 11, 58, 13, 10]],

[ 5, 5, 1,[ 99, 40, 20, 2, 18, 25, 90]],

[ 56, 15, 0,[ 33, 90, 0]],

[ 14, 5, 0,[ 75, 80, 10, 79, 29]],

[ 87, 5, 0,[ 10, 85, 28]],

[ 74, 95, 0,[ 38, 34, 88]],

[ 96, 45, 0,[ 68, 16, 70]],

[ 79, 5, 0,[ 14, 41, 18]],

[ 86, 45, 0,[ 19, 27, 63, 76]],

[ 44, 5, 0,[ 82, 37, 36]],

[ 49, 5, 0,[ 83, 94, 59]],

[ 27, 45, 0,[ 88, 3, 86, 92]],

[ 25, 35, 0,[ 59, 8, 5]],

[ 72, 45, 0,[ 4, 20, 81, 7]],

[ 68, 95, 0,[ 96, 88, 38]],

[ 73, 5, 0,[ 2, 12, 8]],

[ 30, 5, 0,[ 23, 85, 60, 2, 98]],

[ 38, 35, 1,[ 65, 51, 62, 75, 68, 12, 78, 37, 77, 74]],

[ 18, 5, 0,[ 22, 79, 97, 82, 5, 32]],

[ 9, 5, 0,[ 89, 46, 10, 98]],

[ 59, 5, 0,[ 25, 46, 49]],

[ 48, 45, 0,[ 16, 89, 66]],

[ 35, 5, 0,[ 69, 29, 11]],

[ 17, 45, 0,[ 71, 67, 66]],

[ 28, 15, 1,[ 19, 78, 57, 87, 41, 1]],

[ 33, 45, 0,[ 61, 56]],

[ 34, 45, 0,[ 74, 58, 47]],

[ 58, 45, 0,[ 34, 52, 93]],

[ 45, 45, 0,[ 92, 78, 81]],

[ 99, 35, 0,[ 24, 31, 5]],

[ 57, 5, 0,[ 39, 71, 75, 28]],

[ 29, 5, 0,[ 14, 46, 55, 35, 1]],

[ 51, 95, 0,[ 91, 84, 38, 15]],

[ 3, 65, 1,[ 85, 40, 2, 27, 95, 1]],

[ 24, 5, 0,[ 99, 90, 10]],

[ 13, 45, 0,[ 93, 15, 47]],

[ 39, 5, 0,[ 32, 57, 53]],

[ 10, 55, 1,[ 1, 22, 83, 24, 87, 93, 76, 9, 60, 14, 26, 91]],

[ 78, 95, 0,[ 28, 45, 38]],

[ 64, 45, 0,[ 76, 46, 69]],

[ 6, 85, 1,[ 92, 70, 97, 16, 0]],

[ 71, 45, 0,[ 32, 57, 17]],

[ 0, 55, 1,[ 91, 50, 6, 2, 55, 42, 56, 21]],

[ 98, 5, 0,[ 97, 30, 9, 50]],

[ 97, 5, 0,[ 95, 6, 18, 98]],

[ 92, 45, 0,[ 6, 45, 27, 52]],

[ 65, 95, 0,[ 38, 61, 53]],

[ 40, 45, 0,[ 54, 15, 3, 5]],

[ 89, 5, 0,[ 21, 9, 48]],

[ 62, 95, 0,[ 38, 52, 23]],

[ 15, 45, 0,[ 51, 13, 40]],

[ 43, 45, 0,[ 52, 83, 37]],

[ 80, 5, 0,[ 22, 14]],

[ 52, 45, 0,[ 58, 92, 43, 62]],

[ 32, 5, 0,[ 71, 18, 82, 39]],

[ 42, 15, 0,[ 0, 53, 94]],

[ 41, 5, 0,[ 61, 79, 28]],

[ 81, 45, 0,[ 72, 45, 2]],

[ 60, 5, 0,[ 88, 10, 30]],

[ 83, 5, 0,[ 49, 10, 43]],

[ 1, 75, 1,[ 16, 2, 3, 69, 67, 8, 28, 29, 10]],

[ 53, 5, 0,[ 39, 42, 65]],

[ 85, 5, 0,[ 87, 3, 30]],

[ 11, 25, 1,[ 93, 90, 31, 35]],

[ 19, 5, 0,[ 28, 86]],

[ 66, 45, 0,[ 48, 17, 76]],

[ 55, 15, 0,[ 29, 4, 0]],

[ 69, 95, 0,[ 35, 64, 1]],

[ 63, 45, 0,[ 47, 86, 50, 54]],

[ 77, 95, 0,[ 94, 12, 38]],

[ 76, 45, 0,[ 64, 86, 10, 66]],

[ 47, 45, 0,[ 94, 13, 63, 34]],

[ 46, 5, 0,[ 9, 29, 59, 64]],

[ 26, 45, 0,[ 20, 16, 10]],

[ 12, 95, 0,[ 38, 77, 73, 70]],

[ 75, 95, 0,[ 57, 38, 14]],

[ 82, 5, 0,[ 36, 44, 32, 18]],

[ 95, 5, 0,[ 50, 23, 97, 3]],

[ 4, 45, 0,[ 7, 72, 2, 55]],

[ 7, 45, 0,[ 72, 21, 4]],

[ 22, 5, 0,[ 80, 18, 10]],

[ 23, 5, 0,[ 95, 62, 30]],

[ 2, 5, 1,[ 0, 81, 73, 4, 3, 54, 5, 1, 30]],

[ 37, 95, 0,[ 44, 38, 43]],

[ 94, 5, 0,[ 42, 47, 49, 77]],

[ 31, 45, 0,[ 20, 99, 11]],

[ 70, 15, 0,[ 12, 21, 6, 96]],

[ 21, 15, 0,[ 7, 0, 89, 70]],

[ 54, 45, 0,[ 63, 2, 84, 40]],

[ 84, 45, 0,[ 61, 54, 51]],

[ 50, 5, 0,[ 98, 95, 0, 63, 67]],

[ 67, 95, 0,[ 1, 50, 17]],

[ 36, 45, 0,[ 20, 44, 82]],

[ 61, 45, 0,[ 33, 84, 65, 41]],

[ 8, 95, 0,[ 1, 25, 73]],

[ 88, 45, 0,[ 74, 68, 27, 60]],

[ 16, 45, 0,[ 96, 26, 48, 1, 6]],

