[ 25, 55, 0,[ 77, 16, 46]],

[ 78, 45, 0,[ 42, 14, 19, 55, 83, 8]],

[ 47, 95, 0,[ 56, 73, 35, 77]],

[ 64, 85, 1,[ 65, 34, 43, 60, 87, 83, 16, 33]],

[ 79, 25, 0,[ 84, 86, 50]],

[ 22, 95, 0,[ 95, 52, 81]],

[ 56, 25, 1,[ 99, 21, 95, 13, 47, 24, 52, 67]],

[ 14, 45, 0,[ 66, 6, 82, 78]],

[ 83, 45, 0,[ 64, 78, 59]],

[ 86, 45, 1,[ 11, 18, 75, 59, 43, 79]],

[ 6, 25, 0,[ 27, 14, 0]],

[ 46, 55, 0,[ 93, 73, 25, 39, 98]],

[ 65, 25, 0,[ 64, 4, 70, 68]],

[ 91, 25, 0,[ 12, 82, 95]],

[ 57, 85, 0,[ 75, 73, 95]],

[ 52, 95, 0,[ 68, 22, 56, 72]],

[ 82, 25, 1,[ 51, 19, 14, 88, 34, 44, 91]],

[ 18, 35, 0,[ 86, 94, 27, 84]],

[ 87, 25, 0,[ 33, 62, 64]],

[ 2, 95, 0,[ 42, 95, 3, 53]],

[ 59, 65, 0,[ 63, 86, 83, 70]],

[ 58, 55, 0,[ 95, 4, 45, 90]],

[ 81, 35, 0,[ 10, 7, 42, 44, 22]],

[ 45, 55, 0,[ 67, 68, 58]],

[ 80, 25, 0,[ 69, 84, 38]],

[ 92, 25, 0,[ 32, 60, 21]],

[ 44, 35, 0,[ 29, 82, 81]],

[ 1, 25, 0,[ 49, 71, 68, 98, 35, 54, 23]],

[ 26, 55, 0,[ 73, 67, 98]],

[ 76, 85, 0,[ 42, 68, 85, 62]],

[ 43, 45, 0,[ 38, 64, 86]],

[ 32, 35, 0,[ 90, 84, 92]],

[ 34, 25, 0,[ 15, 64, 82]],

[ 98, 55, 0,[ 46, 26, 42, 1]],

[ 42, 35, 1,[ 12, 2, 24, 60, 78, 81, 41, 76, 98, 48, 20, 21, 17]],

[ 84, 85, 1,[ 4, 29, 89, 20, 79, 36, 18, 0, 80, 32]],

[ 36, 25, 0,[ 15, 84, 16]],

[ 54, 25, 0,[ 1, 39, 33, 50]],

[ 67, 95, 1,[ 94, 45, 26, 39, 11, 3, 5, 66, 51, 56]],

[ 68, 65, 1,[ 85, 33, 8, 93, 45, 65, 52, 1, 76, 88, 13]],

[ 69, 25, 0,[ 93, 80, 0]],

[ 61, 25, 0,[ 35, 73, 33]],

[ 74, 55, 0,[ 89, 88, 99, 95]],

[ 70, 25, 0,[ 31, 65, 59]],

[ 72, 35, 0,[ 29, 16, 52]],

[ 4, 55, 0,[ 96, 30, 8, 65, 84, 97, 58, 71]],

[ 73, 85, 1,[ 28, 26, 47, 57, 46, 53, 97, 61, 9]],

[ 9, 25, 0,[ 73, 15, 37]],

[ 17, 65, 0,[ 63, 12, 42]],

[ 77, 35, 0,[ 29, 47, 90, 25]],

[ 93, 55, 0,[ 69, 68, 46, 5]],

[ 20, 55, 0,[ 71, 84, 42]],

[ 63, 65, 0,[ 17, 59, 10]],

[ 99, 55, 0,[ 74, 49, 56]],

[ 13, 95, 0,[ 96, 56, 68, 48]],

[ 95, 25, 1,[ 55, 2, 3, 91, 56, 58, 28, 15, 40, 57, 22, 38, 89, 7, 23, 30, 74]],

[ 39, 55, 0,[ 67, 46, 54]],

[ 16, 35, 0,[ 64, 36, 25, 72]],

[ 28, 85, 0,[ 95, 73, 15]],

[ 62, 25, 0,[ 41, 12, 87, 76]],

[ 15, 25, 0,[ 95, 34, 28, 36, 9]],

[ 41, 25, 0,[ 62, 50, 42]],

[ 35, 25, 0,[ 47, 61, 1]],

[ 12, 25, 0,[ 42, 62, 17, 91]],

[ 51, 35, 0,[ 82, 10, 33, 67]],

[ 66, 45, 0,[ 97, 67, 14]],

[ 23, 25, 0,[ 1, 95, 33]],

[ 8, 45, 0,[ 68, 78, 4]],

[ 33, 25, 0,[ 54, 87, 23, 68, 61, 51, 64, 85]],

[ 3, 95, 0,[ 2, 67, 95]],

[ 24, 95, 0,[ 37, 42, 96, 56, 31]],

[ 31, 25, 0,[ 24, 5, 70]],

[ 10, 65, 0,[ 81, 63, 51]],

[ 40, 55, 0,[ 95, 49, 37]],

[ 30, 55, 0,[ 4, 95, 75]],

[ 53, 5, 0,[ 19, 2, 73]],

[ 97, 55, 0,[ 4, 73, 66]],

[ 96, 55, 0,[ 4, 24, 13]],

[ 71, 55, 0,[ 1, 4, 20]],

[ 94, 35, 0,[ 18, 0, 67]],

[ 21, 95, 0,[ 92, 56, 42]],

[ 55, 45, 0,[ 38, 95, 78]],

[ 27, 35, 0,[ 48, 6, 38, 18]],

[ 38, 45, 0,[ 43, 80, 55, 27, 95]],

[ 49, 55, 0,[ 99, 40, 1]],

[ 29, 35, 0,[ 84, 77, 72, 44]],

[ 37, 25, 0,[ 40, 9, 24]],

[ 90, 35, 0,[ 77, 58, 32]],

[ 11, 35, 0,[ 7, 86, 67]],

[ 88, 55, 0,[ 68, 82, 74]],

[ 5, 55, 0,[ 31, 67, 93]],

[ 48, 95, 0,[ 27, 13, 42]],

[ 50, 25, 0,[ 41, 54, 79]],

[ 60, 25, 0,[ 42, 92, 64]],

[ 75, 25, 0,[ 30, 86, 57]],

[ 85, 85, 0,[ 76, 68, 33]],

[ 19, 45, 0,[ 53, 82, 78]],

[ 0, 25, 0,[ 69, 94, 84, 6]],

[ 89, 55, 0,[ 95, 74, 84]],

[ 7, 35, 0,[ 95, 81, 11]],

[ 27, 85, 0,[ 63, 37, 62]],

[ 72, 75, 0,[ 14, 79, 91, 60]],

[ 6, 25, 0,[ 94, 64, 12, 99]],

[ 70, 85, 0,[ 99, 73, 65, 58]],

[ 86, 65, 0,[ 62, 73, 51, 97]],

[ 89, 65, 1,[ 16, 45, 38, 22, 1, 77, 33, 94, 76, 69, 19]],

[ 9, 85, 0,[ 71, 38, 50]],

[ 99, 45, 1,[ 42, 70, 85, 63, 15, 0, 44, 75, 20, 98, 6, 35, 60, 10, 80, 17]],

[ 26, 85, 0,[ 50, 0, 82]],

[ 4, 85, 0,[ 49, 59, 2]],

[ 37, 85, 0,[ 49, 27, 0, 68]],

[ 24, 85, 0,[ 96, 49]],

[ 57, 85, 0,[ 80, 16]],

[ 62, 35, 1,[ 74, 27, 3, 86, 7, 20, 18, 10, 81, 53, 13, 64, 12, 31, 69]],

[ 34, 85, 0,[ 51, 78, 49]],

[ 68, 85, 0,[ 29, 5, 37, 38, 39]],

[ 28, 85, 0,[ 36, 17, 16]],

[ 95, 85, 0,[ 50, 84, 67]],

[ 48, 85, 0,[ 84, 65, 0, 64]],

[ 75, 85, 0,[ 79, 21, 99]],

[ 53, 85, 0,[ 46, 62, 49]],

[ 38, 85, 0,[ 58, 89, 68, 9]],

[ 23, 75, 0,[ 7, 82, 50]],

[ 10, 85, 0,[ 62, 99, 36, 58]],

[ 97, 85, 0,[ 79, 86, 55, 51]],

[ 8, 5, 0,[ 84, 85, 88, 22]],

[ 63, 85, 0,[ 59, 27, 99, 79]],

[ 21, 85, 0,[ 75, 1, 61, 84]],

[ 80, 75, 0,[ 57, 99, 49]],

[ 42, 75, 0,[ 41, 99, 49]],

[ 46, 85, 0,[ 51, 53]],

[ 25, 85, 0,[ 32, 81, 49]],

[ 44, 75, 0,[ 99, 51, 7]],

[ 29, 85, 0,[ 84, 68, 49]],

[ 18, 85, 0,[ 84, 62, 30]],

[ 67, 85, 0,[ 49, 95, 87, 13]],

[ 22, 5, 0,[ 8, 89, 58]],

[ 40, 85, 0,[ 30, 58, 33, 52, 84]],

[ 74, 95, 0,[ 62, 90, 56, 82]],

[ 93, 85, 0,[ 52, 84, 64]],

[ 52, 85, 0,[ 93, 40, 14]],

[ 60, 75, 0,[ 72, 99, 45]],

[ 78, 85, 0,[ 79, 34, 36]],

[ 45, 5, 0,[ 89, 60, 90]],

[ 49, 35, 1,[ 29, 34, 25, 24, 76, 53, 42, 80, 37, 67, 4, 1, 54]],

[ 3, 85, 0,[ 62, 43, 58]],

[ 33, 85, 0,[ 50, 87, 89, 40]],

[ 82, 15, 1,[ 11, 17, 23, 47, 30, 61, 5, 26, 74, 66]],

[ 64, 85, 0,[ 6, 48, 93, 79, 62]],

[ 90, 5, 0,[ 56, 58, 45, 74]],

[ 98, 85, 0,[ 99, 47]],

[ 94, 85, 0,[ 6, 89, 43]],

[ 31, 85, 0,[ 62, 35]],

[ 59, 85, 0,[ 63, 4, 20]],

[ 61, 85, 0,[ 82, 21, 51]],

[ 5, 85, 0,[ 16, 68, 82]],

[ 32, 75, 0,[ 84, 79, 25]],

[ 79, 85, 1,[ 63, 78, 36, 75, 97, 2, 41, 32, 64, 83, 72]],

[ 54, 25, 0,[ 84, 49, 66]],

[ 0, 85, 0,[ 48, 99, 26, 37]],

[ 73, 65, 0,[ 51, 86, 70]],

[ 1, 85, 0,[ 85, 2, 49, 88, 89, 21]],

[ 92, 85, 0,[ 19, 14, 69]],

[ 17, 85, 0,[ 82, 28, 99]],

[ 36, 85, 0,[ 28, 79, 10, 78]],

[ 2, 85, 0,[ 4, 51, 11, 87, 1, 79]],

[ 76, 85, 0,[ 89, 49, 50]],

[ 65, 85, 0,[ 48, 70, 69]],

[ 69, 85, 0,[ 92, 62, 15, 89, 65]],

[ 55, 85, 0,[ 97, 84, 51]],

[ 11, 85, 0,[ 2, 16, 82]],

[ 15, 45, 0,[ 50, 69, 99]],

[ 81, 85, 0,[ 25, 58, 62]],

[ 51, 85, 1,[ 34, 71, 86, 39, 73, 46, 91, 2, 16, 44, 61, 97, 55]],

[ 91, 75, 0,[ 51, 72, 7]],

[ 16, 85, 0,[ 28, 57, 5, 89, 11, 51]],

[ 71, 85, 0,[ 83, 51, 9]],

[ 87, 85, 0,[ 33, 2, 67]],

[ 58, 25, 1,[ 90, 81, 3, 10, 22, 40, 70, 38]],

[ 19, 85, 0,[ 89, 85, 92]],

[ 83, 85, 0,[ 71, 13, 79, 43]],

[ 30, 85, 0,[ 40, 82, 18]],

[ 41, 85, 0,[ 42, 79, 50]],

[ 43, 85, 0,[ 3, 94, 83]],

[ 47, 85, 0,[ 66, 98, 82]],

[ 13, 85, 0,[ 62, 67, 83]],

[ 77, 15, 0,[ 89, 56, 84]],

[ 84, 15, 1,[ 96, 95, 77, 21, 40, 32, 8, 48, 18, 39, 55, 54, 29, 20, 93]],

[ 66, 25, 0,[ 54, 47, 82]],

[ 85, 85, 0,[ 1, 19, 99, 8]],

[ 96, 25, 0,[ 12, 84, 24, 50]],

[ 88, 85, 0,[ 1, 8]],

[ 39, 85, 0,[ 51, 84, 68]],

[ 50, 65, 1,[ 76, 9, 95, 96, 26, 33, 41, 15, 14, 23]],

[ 56, 5, 0,[ 90, 74, 77]],

[ 12, 25, 0,[ 62, 96, 6]],

[ 20, 5, 0,[ 99, 84, 59, 62]],

[ 35, 75, 0,[ 99, 7, 31]],

[ 7, 75, 0,[ 91, 62, 44, 35, 23]],

[ 14, 85, 0,[ 92, 52, 72, 50]],

