[ 5, 5, 1,[ 2, 26, 59, 94, 80, 22, 29, 18, 84, 19]],

[ 57, 95, 0,[ 42, 15, 64, 37]],

[ 53, 15, 0,[ 0, 10, 71]],

[ 24, 75, 0,[ 8, 9, 78]],

[ 50, 75, 0,[ 28, 2, 67]],

[ 19, 95, 0,[ 31, 49, 5]],

[ 93, 15, 0,[ 43, 63, 23]],

[ 97, 95, 0,[ 38, 17, 3]],

[ 48, 95, 0,[ 38, 30, 85, 14]],

[ 18, 95, 0,[ 72, 5, 92]],

[ 67, 75, 0,[ 38, 33, 74, 50]],

[ 4, 75, 0,[ 99, 7, 32]],

[ 52, 35, 0,[ 23, 6, 80]],

[ 95, 95, 0,[ 14, 77, 35]],

[ 74, 75, 0,[ 91, 29, 67]],

[ 89, 95, 0,[ 3, 10, 83]],

[ 87, 25, 0,[ 69, 90, 73, 72, 76]],

[ 32, 75, 0,[ 58, 28, 4, 35, 47]],

[ 23, 15, 0,[ 93, 52, 58, 84, 27]],

[ 45, 15, 0,[ 0, 81, 9]],

[ 66, 95, 0,[ 94, 1, 88]],

[ 41, 5, 0,[ 20, 25, 88]],

[ 61, 95, 0,[ 1, 54, 94]],

[ 28, 75, 0,[ 32, 56, 50]],

[ 62, 95, 0,[ 75, 6, 98]],

[ 15, 5, 0,[ 65, 10, 57]],

[ 13, 95, 0,[ 63, 81, 86]],

[ 69, 95, 0,[ 87, 85, 25, 98]],

[ 56, 75, 0,[ 59, 28, 78]],

[ 8, 35, 0,[ 6, 24, 3]],

[ 79, 95, 0,[ 43, 63, 75]],

[ 34, 65, 0,[ 96, 38, 88]],

[ 85, 95, 0,[ 69, 76, 48]],

[ 22, 95, 0,[ 16, 5, 6]],

[ 98, 95, 0,[ 62, 69, 0, 16]],

[ 1, 15, 1,[ 3, 70, 17, 66, 61, 7, 2, 51, 83]],

[ 96, 15, 0,[ 0, 34, 9]],

[ 2, 75, 1,[ 3, 26, 5, 11, 50, 0, 64, 1, 86]],

[ 84, 95, 0,[ 5, 23, 60]],

[ 17, 95, 0,[ 39, 1, 97, 9]],

[ 77, 95, 0,[ 54, 70, 95, 44]],

[ 94, 95, 0,[ 66, 61, 5]],

[ 11, 85, 1,[ 80, 33, 40, 37, 2, 42, 68]],

[ 16, 95, 0,[ 25, 98, 22]],

[ 0, 85, 1,[ 98, 45, 46, 53, 6, 55, 31, 96, 27, 39, 2]],

[ 80, 95, 0,[ 43, 5, 33, 52, 11]],

[ 55, 15, 0,[ 0, 70, 3]],

[ 76, 25, 0,[ 85, 31, 87]],

[ 43, 95, 0,[ 79, 93, 80]],

[ 92, 35, 0,[ 71, 18, 46]],

[ 65, 5, 0,[ 51, 15, 25, 39]],

[ 7, 95, 0,[ 1, 46, 4]],

[ 99, 35, 0,[ 4, 6, 70]],

[ 64, 75, 0,[ 86, 21, 2, 57]],

[ 25, 5, 0,[ 69, 16, 41, 65]],

[ 26, 95, 0,[ 5, 2, 30, 20]],

[ 42, 95, 0,[ 31, 57, 11]],

[ 54, 15, 0,[ 77, 35, 61]],

[ 35, 95, 1,[ 95, 29, 46, 60, 54, 32, 82, 9]],

[ 31, 15, 0,[ 42, 19, 0, 76]],

[ 60, 15, 0,[ 84, 35, 12]],

[ 90, 25, 0,[ 38, 21, 87]],

[ 46, 15, 0,[ 92, 35, 7, 0]],

[ 10, 55, 1,[ 89, 53, 15, 30]],

[ 27, 15, 0,[ 0, 51, 23]],

[ 37, 95, 0,[ 11, 86, 63, 57]],

[ 47, 75, 0,[ 38, 32, 68]],

[ 75, 95, 0,[ 38, 79, 62]],

[ 81, 95, 0,[ 82, 13, 45]],

[ 33, 55, 0,[ 11, 67, 80]],

[ 88, 35, 0,[ 41, 73, 66, 6, 34]],

[ 86, 75, 0,[ 13, 37, 64, 2]],

[ 44, 95, 0,[ 82, 77]],

[ 72, 25, 0,[ 18, 87, 40, 73, 6]],

[ 12, 65, 0,[ 60, 20, 38]],

[ 78, 75, 0,[ 24, 58, 56]],

[ 39, 15, 0,[ 17, 0, 36, 65]],

[ 9, 15, 0,[ 17, 24, 45, 96, 35]],

[ 59, 95, 0,[ 5, 36, 56]],

[ 40, 55, 0,[ 11, 68, 72]],

[ 6, 25, 1,[ 0, 52, 99, 62, 88, 21, 72, 22, 8, 71]],

[ 73, 25, 0,[ 87, 72, 88]],

[ 38, 65, 1,[ 97, 48, 67, 75, 12, 34, 47, 90]],

[ 51, 95, 0,[ 27, 91, 1, 65]],

[ 71, 35, 0,[ 53, 92, 6]],

[ 63, 95, 0,[ 93, 13, 79, 37]],

[ 58, 75, 0,[ 78, 32, 23]],

[ 30, 95, 0,[ 26, 48, 10]],

[ 14, 95, 0,[ 49, 95, 48]],

[ 91, 75, 0,[ 29, 74, 51]],

[ 82, 95, 0,[ 81, 44, 35]],

[ 83, 95, 0,[ 89, 3, 1]],

[ 21, 35, 0,[ 6, 64, 90]],

[ 3, 35, 1,[ 97, 55, 89, 83, 2, 8, 1]],

[ 49, 95, 0,[ 19, 29, 14]],

[ 68, 55, 0,[ 11, 40, 47]],

[ 29, 95, 0,[ 74, 49, 5, 35, 91]],

[ 70, 95, 0,[ 99, 1, 55, 77]],

[ 36, 35, 0,[ 39, 59]],

[ 20, 75, 0,[ 12, 26, 41]],

[ 71, 5, 0,[ 51, 3, 40]],

[ 95, 5, 0,[ 38, 73, 99]],

[ 33, 55, 0,[ 42, 7, 93]],

[ 46, 15, 0,[ 57, 44, 58]],

[ 2, 65, 1,[ 5, 47, 13, 11, 3, 30]],

[ 24, 85, 0,[ 49, 84, 5]],

[ 22, 65, 0,[ 10, 40, 9, 37, 92]],

[ 35, 15, 0,[ 13, 52, 20]],

[ 38, 35, 1,[ 95, 77, 85, 23, 91, 14, 90]],

[ 64, 5, 0,[ 28, 14, 44]],

[ 77, 95, 0,[ 1, 26, 38]],

[ 30, 55, 0,[ 96, 2, 17]],

[ 57, 15, 0,[ 62, 29, 13, 46, 6]],

[ 69, 65, 0,[ 0, 10, 82]],

[ 51, 55, 0,[ 29, 15, 59, 71]],

[ 6, 85, 1,[ 56, 0, 72, 43, 89, 57]],

[ 49, 55, 0,[ 67, 24, 14, 78]],

[ 53, 15, 0,[ 5, 20, 32]],

[ 50, 55, 0,[ 34, 80, 47]],

[ 59, 55, 0,[ 15, 51, 56]],

[ 8, 5, 0,[ 10, 75, 79, 66, 68]],

[ 91, 15, 0,[ 38, 19, 74, 4]],

[ 97, 15, 0,[ 26, 54, 85]],

[ 92, 15, 0,[ 22, 75, 21]],

[ 9, 55, 0,[ 94, 16, 22]],

[ 5, 75, 1,[ 53, 15, 74, 85, 2, 24]],

[ 15, 55, 0,[ 59, 5, 51]],

[ 93, 55, 0,[ 33, 56, 61, 10]],

[ 88, 55, 0,[ 10, 83, 60, 72]],

[ 13, 15, 1,[ 58, 84, 2, 35, 65, 57, 61, 70]],

[ 54, 55, 0,[ 78, 99, 97]],

[ 23, 5, 0,[ 79, 38, 39, 58]],

[ 81, 95, 0,[ 83, 61, 27, 1]],

[ 60, 5, 0,[ 88, 41, 0]],

[ 12, 15, 0,[ 55, 7, 66, 82]],

[ 63, 55, 0,[ 31, 25, 83]],

[ 26, 15, 0,[ 77, 32, 97, 67]],

[ 41, 5, 0,[ 40, 43, 60, 28, 80, 39]],

[ 37, 15, 0,[ 55, 22, 11]],

[ 67, 55, 0,[ 18, 26, 49]],

[ 52, 15, 0,[ 85, 3, 35]],

[ 65, 55, 0,[ 16, 13, 96]],

[ 11, 25, 1,[ 62, 37, 76, 75, 87, 94, 2, 40]],

[ 4, 15, 0,[ 70, 32, 91]],

[ 79, 5, 0,[ 10, 8, 23]],

[ 40, 5, 0,[ 11, 22, 41, 71]],

[ 45, 95, 0,[ 89, 1, 62]],

[ 72, 55, 0,[ 78, 6, 88]],

[ 58, 85, 0,[ 23, 13, 46]],

[ 43, 5, 0,[ 41, 6, 10]],

[ 83, 55, 0,[ 63, 88, 81]],

[ 62, 15, 0,[ 11, 45, 57]],

[ 87, 15, 0,[ 98, 29, 11]],

[ 89, 55, 0,[ 34, 6, 45]],

[ 0, 45, 1,[ 25, 27, 69, 60, 6]],

[ 3, 75, 1,[ 71, 73, 48, 2, 25, 21, 52, 16, 84]],

[ 68, 5, 0,[ 17, 8, 98]],

[ 73, 5, 0,[ 3, 95, 34]],

[ 84, 85, 0,[ 24, 3, 13]],

[ 44, 95, 0,[ 46, 21, 64, 1]],

[ 96, 55, 0,[ 42, 30, 65, 10]],

[ 82, 95, 0,[ 12, 1, 69]],

[ 18, 55, 0,[ 48, 67, 76]],

[ 19, 15, 0,[ 66, 90, 91]],

[ 27, 45, 0,[ 0, 14, 81]],

[ 75, 15, 0,[ 92, 8, 11]],

[ 21, 15, 0,[ 70, 92, 44, 3]],

[ 32, 15, 0,[ 10, 26, 4, 53]],

[ 74, 15, 0,[ 91, 5, 7, 94]],

[ 29, 15, 0,[ 51, 57, 87]],

[ 47, 65, 0,[ 2, 76, 36, 50]],

[ 90, 95, 0,[ 38, 86, 19, 1, 99]],

[ 42, 55, 0,[ 96, 28, 33]],

[ 14, 55, 0,[ 38, 49, 64, 27]],

[ 48, 5, 0,[ 18, 3, 36]],

[ 39, 5, 0,[ 23, 41, 25]],

[ 85, 15, 0,[ 38, 52, 97, 5]],

[ 55, 15, 0,[ 12, 20, 86, 37]],

[ 70, 15, 0,[ 21, 13, 4]],

[ 66, 15, 0,[ 12, 8, 19]],

[ 94, 15, 0,[ 74, 9, 11, 17]],

[ 76, 15, 0,[ 11, 18, 47]],

[ 99, 5, 0,[ 90, 95, 54]],

[ 31, 55, 0,[ 80, 63, 34]],

[ 10, 15, 1,[ 93, 1, 22, 69, 79, 8, 43, 32, 96, 88]],

[ 28, 5, 0,[ 41, 64, 42, 7]],

[ 20, 15, 0,[ 53, 35, 55]],

[ 98, 95, 0,[ 1, 68, 87]],

[ 78, 55, 0,[ 54, 72, 49]],

[ 25, 5, 0,[ 0, 3, 39, 63]],

[ 86, 95, 0,[ 90, 55, 1]],

[ 17, 55, 0,[ 94, 68, 30]],

[ 1, 25, 1,[ 82, 98, 77, 45, 81, 90, 86, 10, 44]],

[ 61, 85, 0,[ 93, 13, 81]],

[ 56, 55, 0,[ 93, 59, 6]],

[ 34, 55, 0,[ 89, 16, 50, 31, 73]],

[ 36, 65, 0,[ 48, 80, 47]],

[ 80, 5, 0,[ 36, 31, 50, 41]],

[ 16, 55, 0,[ 34, 65, 3, 9]],

[ 7, 15, 0,[ 74, 33, 12, 28]],

