[ 79, 35, 0,[ 74, 92, 95, 25, 64]],

[ 24, 35, 0,[ 53, 96, 31]],

[ 63, 35, 0,[ 64, 59, 45]],

[ 29, 35, 0,[ 8, 19, 23]],

[ 83, 35, 0,[ 46, 64, 31]],

[ 9, 35, 0,[ 75, 10, 11]],

[ 72, 35, 0,[ 11, 76, 44]],

[ 13, 35, 0,[ 15, 88, 74, 93]],

[ 46, 35, 0,[ 62, 0, 68, 83, 90]],

[ 16, 35, 0,[ 4, 91, 75]],

[ 23, 35, 0,[ 41, 18, 29, 65]],

[ 81, 35, 0,[ 60, 69, 34]],

[ 26, 65, 1,[ 12, 85, 3, 43, 36, 0, 77, 68, 53]],

[ 64, 35, 0,[ 69, 11, 63, 79, 83, 94]],

[ 32, 35, 0,[ 3, 60, 90]],

[ 53, 35, 0,[ 92, 24, 88, 26]],

[ 39, 35, 1,[ 93, 15, 42]],

[ 84, 35, 0,[ 50, 93, 31]],

[ 96, 35, 0,[ 24, 1, 74]],

[ 80, 15, 1,[ 92, 5, 97, 3, 52]],

[ 75, 35, 0,[ 16, 85, 9]],

[ 58, 35, 0,[ 17, 66, 42]],

[ 52, 35, 0,[ 80, 14, 31]],

[ 31, 65, 1,[ 6, 48, 83, 24, 7, 98, 35, 84, 89, 52, 56]],

[ 66, 35, 0,[ 69, 58, 27]],

[ 89, 35, 0,[ 31, 38, 93]],

[ 82, 35, 0,[ 2, 73, 76]],

[ 8, 5, 1,[ 54, 71, 87, 90, 99, 29, 2, 40, 35]],

[ 17, 35, 0,[ 58, 33, 50, 54]],

[ 14, 35, 0,[ 52, 20, 61]],

[ 35, 35, 0,[ 8, 31, 1, 98]],

[ 91, 35, 0,[ 85, 30, 16]],

[ 97, 35, 0,[ 80, 86, 55]],

[ 54, 35, 0,[ 87, 17, 8]],

[ 25, 35, 0,[ 28, 78, 18, 59, 79]],

[ 45, 75, 1,[ 49, 7, 63, 36, 21, 27, 47, 71, 77]],

[ 47, 35, 0,[ 71, 48, 45]],

[ 11, 35, 0,[ 72, 74, 64, 9]],

[ 76, 55, 1,[ 30, 18, 37, 20, 82, 94, 72, 69, 12, 62]],

[ 7, 35, 0,[ 31, 45, 19]],

[ 55, 35, 0,[ 34, 42, 97]],

[ 27, 35, 0,[ 67, 45, 38, 66]],

[ 15, 35, 0,[ 39, 13, 92]],

[ 33, 35, 0,[ 34, 17, 22]],

[ 42, 35, 0,[ 48, 39, 58, 22, 55, 4]],

[ 40, 35, 0,[ 38, 73, 8, 61]],

[ 85, 35, 0,[ 26, 91, 75, 41]],

[ 21, 35, 0,[ 45, 48]],

[ 20, 35, 0,[ 76, 2, 14]],

[ 36, 35, 0,[ 45, 65, 26]],

[ 49, 35, 0,[ 5, 57, 45]],

[ 28, 35, 0,[ 1, 73, 25]],

[ 5, 35, 0,[ 49, 2, 80]],

[ 99, 35, 0,[ 67, 8, 65]],

[ 62, 35, 0,[ 46, 76, 6]],

[ 94, 35, 0,[ 76, 0, 64]],

[ 67, 35, 0,[ 77, 99, 27]],

[ 60, 35, 0,[ 32, 2, 81]],

[ 98, 35, 0,[ 31, 35, 86]],

[ 19, 35, 0,[ 30, 2, 65, 7, 29]],

[ 78, 35, 0,[ 56, 70, 25]],

[ 88, 35, 0,[ 71, 13, 86, 53]],

[ 1, 35, 0,[ 3, 28, 96, 35, 69]],

[ 87, 35, 0,[ 74, 54, 8]],

[ 90, 35, 0,[ 46, 32, 8]],

[ 70, 35, 0,[ 4, 57, 78]],

[ 6, 35, 0,[ 38, 31, 62]],

[ 0, 35, 0,[ 46, 93, 51, 26, 94]],

[ 50, 35, 0,[ 34, 84, 17]],

[ 56, 35, 0,[ 34, 78, 31, 73]],

[ 57, 35, 0,[ 49, 70, 86]],

[ 34, 35, 0,[ 50, 33, 55, 81, 56]],

[ 37, 35, 0,[ 3, 44, 76]],

[ 68, 35, 0,[ 30, 26, 46]],

[ 48, 35, 0,[ 47, 21, 51, 31, 42]],

[ 71, 35, 0,[ 45, 8, 47, 88]],

[ 12, 35, 0,[ 22, 26, 76]],

[ 59, 35, 0,[ 93, 25, 63]],

[ 61, 35, 0,[ 40, 51, 14, 4]],

[ 3, 35, 0,[ 37, 80, 2, 26, 1, 32]],

[ 22, 35, 0,[ 33, 65, 12, 42]],

[ 74, 35, 0,[ 96, 13, 79, 11, 87]],

[ 69, 35, 1,[ 81, 66, 95, 43, 64, 76, 1]],

[ 93, 5, 1,[ 84, 0, 39, 59, 89, 13]],

[ 73, 35, 0,[ 40, 56, 28, 82]],

[ 95, 35, 0,[ 10, 79, 69]],

[ 65, 25, 1,[ 23, 19, 22, 36, 30, 43, 99]],

[ 86, 35, 0,[ 98, 88, 57, 97]],

[ 18, 35, 0,[ 30, 23, 76, 25]],

[ 41, 35, 0,[ 23, 85]],

[ 10, 35, 0,[ 9, 44, 95]],

[ 51, 35, 0,[ 48, 61, 0]],

[ 38, 35, 0,[ 27, 6, 40, 89]],

[ 2, 35, 0,[ 8, 60, 5, 82, 19, 20, 3]],

[ 92, 35, 0,[ 79, 53, 15, 80]],

[ 77, 35, 0,[ 45, 26, 67]],

[ 44, 35, 0,[ 37, 10, 72]],

[ 30, 35, 0,[ 68, 65, 19, 18, 91, 76]],

[ 43, 35, 0,[ 69, 26, 65]],

[ 4, 35, 0,[ 16, 61, 42, 70]],

