[ 59, 25, 1,[ 94, 8, 50, 56]],

[ 86, 15, 1,[ 28, 83, 75, 79]],

[ 96, 15, 1,[ 53, 76, 84]],

[ 8, 95, 1,[ 29, 64, 40, 59]],

[ 37, 55, 0,[ 6, 93, 14, 9]],

[ 13, 85, 0,[ 22, 52]],

[ 55, 85, 1,[ 60, 66, 70]],

[ 48, 55, 0,[ 1, 9, 32]],

[ 52, 5, 0,[ 79, 69, 13]],

[ 53, 95, 0,[ 96, 44, 92]],

[ 5, 55, 0,[ 88, 0, 14]],

[ 12, 5, 0,[ 3, 66, 89, 25]],

[ 83, 85, 1,[ 60, 86, 71, 95]],

[ 57, 65, 0,[ 21, 15, 82]],

[ 66, 5, 1,[ 85, 60, 55, 23, 12]],

[ 74, 35, 0,[ 11, 32, 67]],

[ 10, 5, 0,[ 19, 67, 72]],

[ 0, 55, 0,[ 5, 16, 69]],

[ 65, 55, 1,[ 61, 47, 24]],

[ 92, 95, 1,[ 51, 68, 53, 71]],

[ 95, 5, 1,[ 44, 85, 83]],

[ 58, 45, 1,[ 39, 41]],

[ 85, 55, 1,[ 66, 30, 73, 95]],

[ 78, 85, 1,[ 87, 93, 77, 49]],

[ 76, 5, 1,[ 51, 61, 96]],

[ 93, 35, 1,[ 37, 64, 78]],

[ 1, 75, 0,[ 97, 99, 48]],

[ 81, 55, 0,[ 32, 2, 27]],

[ 18, 35, 0,[ 89, 26]],

[ 4, 85, 0,[ 27, 73, 17]],

[ 30, 55, 0,[ 3, 85]],

[ 84, 35, 1,[ 34, 21, 96]],

[ 36, 45, 0,[ 45, 64, 87, 42]],

[ 21, 35, 0,[ 31, 84, 57]],

[ 50, 95, 0,[ 59, 11, 67]],

[ 63, 95, 1,[ 26, 79]],

[ 80, 55, 0,[ 91, 46, 68]],

[ 7, 45, 0,[ 97, 99, 20]],

[ 54, 85, 0,[ 40, 17]],

[ 94, 5, 1,[ 22, 59]],

[ 38, 45, 0,[]],

[ 82, 65, 1,[ 25, 27, 57, 35, 98, 68]],

[ 62, 15, 1,[ 44, 90, 33, 75]],

[ 17, 85, 0,[ 4, 28, 54]],

[ 31, 85, 0,[ 21, 46]],

[ 79, 5, 0,[ 63, 86, 52]],

[ 22, 85, 0,[ 13, 94]],

[ 88, 45, 0,[ 5, 72, 3]],

[ 69, 55, 1,[ 52, 70, 0, 90]],

[ 89, 35, 1,[ 12, 18]],

[ 49, 55, 1,[ 98, 72, 78]],

[ 87, 5, 1,[ 36, 78, 46, 73]],

[ 25, 65, 0,[ 82, 12]],

[ 68, 55, 1,[ 80, 77, 92, 82, 15]],

[ 9, 55, 0,[ 37, 90, 48]],

[ 14, 55, 0,[ 41, 37, 5]],

[ 77, 15, 1,[ 91, 34, 44, 68, 78]],

[ 60, 45, 1,[ 55, 66, 29, 83]],

[ 2, 55, 0,[ 81, 43, 23]],

[ 15, 35, 1,[ 61, 68, 56, 57]],

[ 67, 95, 1,[ 74, 50, 47, 10]],

[ 20, 5, 0,[ 7, 19]],

[ 41, 35, 1,[ 58, 14, 23]],

[ 6, 55, 0,[ 64, 37, 91]],

[ 44, 45, 1,[ 95, 62, 53, 72, 77]],

[ 46, 85, 0,[ 87, 80, 31]],

[ 34, 15, 0,[ 84, 33, 77]],

[ 26, 45, 1,[ 63, 18]],

[ 72, 45, 0,[ 44, 49, 10, 88]],

[ 27, 55, 0,[ 81, 4, 82]],

[ 47, 5, 1,[ 45, 65, 71, 67]],

[ 43, 55, 0,[ 19, 2, 39]],

[ 42, 85, 1,[ 51, 36, 11]],

[ 75, 75, 1,[ 19, 16, 62, 90, 86]],

[ 24, 55, 0,[ 65, 56, 35]],

[ 16, 75, 0,[ 0, 75, 39]],

[ 23, 95, 1,[ 90, 45, 66, 41, 2]],

[ 99, 45, 0,[ 39, 1, 7]],

[ 32, 55, 0,[ 48, 74, 81]],

[ 91, 5, 1,[ 80, 6, 77, 98]],

[ 61, 5, 1,[ 15, 76, 65]],

[ 97, 75, 1,[ 56, 7, 1]],

[ 19, 5, 1,[ 10, 43, 20, 75]],

[ 33, 15, 0,[ 28, 34, 62]],

[ 70, 5, 1,[ 55, 35, 69]],

[ 73, 85, 1,[ 4, 85, 87]],

[ 29, 45, 0,[ 8, 60]],

[ 3, 5, 0,[ 88, 12, 30]],

[ 56, 95, 1,[ 97, 15, 59, 24]],

[ 98, 95, 1,[ 91, 82, 49]],

[ 90, 95, 1,[ 69, 62, 75, 9, 23]],

[ 45, 85, 1,[ 23, 36, 47]],

[ 35, 5, 0,[ 82, 24, 70]],

[ 64, 45, 1,[ 6, 93, 36, 8]],

[ 71, 45, 1,[ 83, 47, 92]],

[ 39, 45, 0,[ 99, 43, 58, 16]],

[ 11, 35, 0,[ 50, 74, 42]],

[ 51, 15, 1,[ 76, 92, 42]],

[ 28, 15, 0,[ 86, 33, 17]],

[ 40, 45, 1,[ 8, 54]],

