[ 15, 15, 0,[ 54, 58, 1]],

[ 10, 95, 1,[ 7, 34, 79]],

[ 52, 85, 1,[ 70, 99, 45]],

[ 63, 55, 0,[ 69, 65, 96]],

[ 56, 5, 0,[ 29, 94, 93]],

[ 77, 35, 0,[ 64, 14, 67]],

[ 20, 25, 1,[ 68, 99, 69]],

[ 68, 55, 0,[ 20, 83]],

[ 27, 55, 1,[ 54, 12, 44]],

[ 98, 65, 0,[ 57, 66]],

[ 13, 5, 1,[ 48, 30, 80, 4, 16]],

[ 65, 5, 0,[ 63, 46, 74]],

[ 70, 5, 0,[ 52, 29, 11]],

[ 12, 55, 1,[ 27, 89, 7, 57]],

[ 96, 85, 1,[ 73, 62, 5, 63]],

[ 34, 25, 1,[ 10, 61, 76]],

[ 71, 85, 0,[ 8, 78, 37]],

[ 90, 55, 0,[ 53, 22, 78]],

[ 75, 5, 0,[ 36, 26, 93]],

[ 7, 95, 1,[ 14, 10, 12, 60]],

[ 50, 85, 0,[ 40, 11, 36]],

[ 88, 55, 1,[ 49, 16, 58]],

[ 45, 55, 0,[ 64, 52, 95]],

[ 5, 55, 1,[ 18, 96, 35]],

[ 92, 95, 0,[ 73, 85, 37]],

[ 31, 55, 0,[ 35, 14, 11]],

[ 44, 65, 0,[ 30, 27, 36, 66]],

[ 11, 95, 1,[ 97, 50, 70, 14, 21, 31]],

[ 95, 15, 0,[ 45, 93]],

[ 53, 65, 1,[ 76, 90, 39]],

[ 2, 15, 1,[ 59, 72, 73, 82, 91, 19, 87]],

[ 94, 5, 0,[ 56, 28, 74, 43]],

[ 0, 35, 1,[ 59, 89, 38, 60]],

[ 32, 75, 1,[ 93, 25, 6]],

[ 14, 35, 1,[ 31, 11, 7, 26, 80, 77, 46, 33, 87]],

[ 49, 5, 0,[ 81, 57, 88]],

[ 39, 15, 0,[ 78, 16, 53]],

[ 80, 55, 0,[ 13, 36, 14]],

[ 93, 85, 1,[ 32, 97, 86, 75, 95, 56, 41]],

[ 29, 65, 1,[ 24, 84, 64, 70, 58, 56, 69]],

[ 67, 85, 0,[ 83, 51, 64, 77]],

[ 41, 55, 0,[ 93, 36, 78]],

[ 22, 95, 1,[ 18, 23, 37, 81, 8, 90]],

[ 38, 5, 1,[ 3, 42, 0]],

[ 40, 5, 0,[ 61, 3, 16, 57, 50]],

[ 89, 55, 1,[ 0, 12, 72]],

[ 66, 45, 1,[ 33, 98, 44, 87]],

[ 42, 45, 0,[ 62, 38, 21]],

[ 19, 85, 0,[ 25, 2, 4]],

[ 86, 55, 0,[ 73, 6, 93]],

[ 83, 15, 0,[ 67, 68, 1, 28]],

[ 97, 95, 0,[ 93, 84, 11]],

[ 91, 15, 0,[ 2, 17, 28]],

[ 59, 55, 0,[ 0, 2, 46]],

[ 69, 95, 0,[ 29, 63, 20]],

[ 4, 5, 1,[ 47, 17, 13, 19]],

[ 84, 95, 0,[ 99, 43, 97, 29]],

[ 36, 75, 1,[ 44, 80, 50, 41, 75]],

[ 87, 55, 0,[ 66, 2, 14]],

[ 6, 45, 1,[ 32, 86, 26, 73]],

[ 8, 55, 0,[ 37, 71, 22]],

[ 85, 15, 1,[ 60, 23, 92]],

[ 55, 75, 0,[ 64, 25, 43]],

[ 78, 15, 1,[ 90, 39, 41, 71]],

[ 18, 45, 1,[ 74, 22, 51, 58, 5]],

[ 28, 65, 1,[ 91, 83, 26, 94]],

[ 1, 45, 1,[ 83, 47, 15]],

[ 25, 75, 1,[ 33, 19, 32, 17, 48, 55]],

[ 43, 85, 1,[ 84, 94, 55]],

[ 76, 5, 0,[ 53, 24, 34]],

[ 37, 5, 1,[ 22, 92, 71, 35, 8]],

[ 64, 45, 1,[ 67, 55, 79, 45, 29, 77]],

[ 62, 65, 0,[ 23, 42, 96]],

[ 35, 5, 1,[ 37, 9, 82, 31, 5]],

[ 57, 65, 1,[ 12, 49, 98, 51, 40]],

[ 46, 45, 1,[ 65, 14, 59, 72]],

[ 51, 55, 0,[ 67, 9, 18, 57]],

[ 23, 5, 0,[ 85, 22, 62]],

[ 3, 15, 1,[ 38, 48, 40]],

[ 47, 55, 0,[ 4, 54, 1]],

[ 82, 75, 0,[ 73, 2, 35]],

[ 60, 55, 0,[ 7, 85, 0]],

[ 33, 55, 0,[ 14, 25, 66]],

[ 81, 5, 0,[ 22, 49]],

[ 99, 55, 0,[ 84, 20, 52]],

[ 30, 85, 1,[ 61, 13, 44]],

[ 17, 55, 1,[ 25, 4, 21, 91]],

[ 72, 45, 1,[ 46, 2, 89]],

[ 24, 75, 0,[ 76, 29, 74]],

[ 9, 95, 1,[ 35, 51, 21]],

[ 61, 95, 0,[ 34, 30, 40]],

[ 26, 55, 0,[ 14, 6, 75, 28]],

[ 48, 5, 1,[ 13, 3, 25]],

[ 21, 55, 1,[ 42, 9, 11, 17]],

[ 54, 75, 1,[ 47, 15, 27, 79]],

[ 58, 55, 1,[ 88, 18, 29, 15]],

[ 73, 65, 1,[ 2, 6, 92, 82, 86, 96]],

[ 16, 75, 1,[ 88, 40, 13, 39]],

[ 79, 45, 0,[ 54, 64, 10]],

[ 74, 95, 1,[ 18, 65, 24, 94]],

