[ 2, 15, 1,[ 96, 90, 11]],

[ 71, 65, 0,[ 72, 14, 60, 20, 98]],

[ 29, 15, 1,[ 79, 81, 22]],

[ 38, 45, 1,[ 19, 62, 61]],

[ 0, 85, 1,[ 36, 99, 42]],

[ 4, 25, 1,[ 95, 8, 32]],

[ 88, 95, 1,[ 31, 83, 52, 91]],

[ 27, 85, 1,[ 28, 85, 33, 95]],

[ 50, 15, 0,[ 20, 5, 7]],

[ 91, 75, 0,[ 89, 88, 82]],

[ 85, 35, 0,[ 76, 27, 33]],

[ 86, 75, 0,[ 76, 68, 44]],

[ 42, 45, 0,[ 7, 0, 39]],

[ 26, 45, 0,[ 1, 22, 17]],

[ 40, 15, 1,[ 62, 80, 6]],

[ 47, 75, 0,[ 58, 92, 5, 28]],

[ 83, 15, 0,[ 34, 88]],

[ 39, 35, 1,[ 70, 81, 42]],

[ 64, 75, 0,[ 87, 93, 6]],

[ 92, 75, 0,[ 24, 47, 43, 23, 33]],

[ 6, 65, 1,[ 73, 64, 69, 40, 32, 51, 11, 90]],

[ 1, 95, 1,[ 80, 26, 94]],

[ 22, 15, 1,[ 59, 41, 55, 26, 10, 29]],

[ 99, 55, 0,[ 79, 0, 84]],

[ 79, 55, 0,[ 33, 29, 99]],

[ 7, 95, 1,[ 12, 75, 72, 42, 50]],

[ 57, 95, 1,[ 12, 8, 16]],

[ 25, 85, 1,[ 37, 12, 76]],

[ 61, 85, 0,[ 38, 67, 51]],

[ 16, 85, 1,[ 78, 57, 17]],

[ 34, 5, 1,[ 83, 45, 28]],

[ 68, 15, 0,[ 11, 74, 20, 86]],

[ 81, 85, 0,[ 53, 37, 39, 29]],

[ 58, 85, 1,[ 73, 66, 9, 47]],

[ 82, 75, 0,[ 91, 8, 33]],

[ 12, 25, 1,[ 57, 7, 25, 94, 77, 44]],

[ 95, 75, 0,[ 4, 27, 43]],

[ 62, 15, 1,[ 38, 97, 40, 43]],

[ 87, 75, 0,[ 49, 64, 89]],

[ 15, 15, 0,[ 51, 84, 93]],

[ 54, 25, 1,[ 52, 72, 13]],

[ 96, 85, 0,[ 41, 2, 77, 32]],

[ 55, 55, 0,[ 22, 56, 69]],

[ 48, 5, 1,[ 59, 89, 10]],

[ 52, 5, 1,[ 75, 54, 88]],

[ 43, 45, 1,[ 62, 98, 92, 95]],

[ 56, 55, 0,[ 20, 44, 55]],

[ 10, 15, 1,[ 22, 48, 63]],

[ 65, 5, 1,[ 69, 49, 20]],

[ 75, 55, 0,[ 7, 23, 52]],

[ 53, 65, 1,[ 59, 31, 81]],

[ 89, 25, 0,[ 87, 48, 91, 5]],

[ 49, 85, 0,[ 87, 70, 65]],

[ 3, 75, 1,[ 41, 63, 24, 66]],

[ 69, 55, 0,[ 65, 55, 6]],

[ 63, 15, 1,[ 10, 3, 20, 13]],

[ 59, 35, 0,[ 48, 53, 22, 36]],

[ 37, 5, 1,[ 93, 23, 25, 81]],

[ 8, 75, 0,[ 57, 4, 82, 21, 35]],

[ 93, 95, 0,[ 37, 64, 15, 21]],

[ 76, 45, 1,[ 86, 85, 25]],

[ 80, 95, 0,[ 46, 40, 1]],

[ 35, 55, 1,[ 45, 97, 60, 8]],

[ 66, 75, 0,[ 45, 3, 58]],

[ 24, 45, 0,[ 3, 92, 19]],

[ 98, 65, 1,[ 43, 78, 71]],

[ 74, 15, 0,[ 11, 68, 14]],

[ 44, 85, 1,[ 56, 46, 86, 12]],

[ 30, 95, 1,[ 36, 28, 9]],

[ 32, 35, 1,[ 17, 6, 4, 96]],

[ 9, 35, 1,[ 58, 30, 17]],

[ 84, 55, 0,[ 99, 15, 21]],

[ 78, 55, 0,[ 16, 21, 98]],

[ 60, 35, 0,[ 71, 36, 35]],

[ 31, 25, 0,[ 53, 88, 97]],

[ 13, 15, 1,[ 90, 63, 54]],

[ 97, 95, 0,[ 62, 35, 31]],

[ 72, 15, 1,[ 71, 7, 54]],

[ 70, 15, 1,[ 94, 39, 49]],

[ 36, 85, 1,[ 77, 0, 59, 28, 60, 30]],

[ 94, 55, 0,[ 12, 70, 1]],

[ 28, 15, 1,[ 27, 18, 34, 30, 47, 36]],

[ 45, 75, 0,[ 66, 34, 35]],

[ 5, 5, 1,[ 47, 50, 89, 67]],

[ 90, 15, 0,[ 2, 13, 6]],

[ 21, 25, 1,[ 84, 8, 46, 78, 93]],

[ 20, 25, 1,[ 67, 14, 65, 56, 63, 50, 71, 68]],

[ 51, 85, 0,[ 6, 61, 15]],

[ 14, 85, 1,[ 71, 74, 20, 73]],

[ 46, 55, 1,[ 44, 21, 33, 80, 18]],

[ 17, 35, 1,[ 32, 9, 26, 16]],

[ 77, 85, 0,[ 12, 96, 36]],

[ 33, 75, 0,[ 79, 85, 27, 82, 92, 46]],

[ 18, 45, 1,[ 46, 67, 28]],

[ 67, 55, 0,[ 20, 5, 61, 18]],

[ 19, 55, 0,[ 24, 38]],

[ 23, 55, 0,[ 75, 37, 92]],

[ 11, 65, 1,[ 2, 74, 68, 6]],

[ 41, 85, 0,[ 3, 22, 96]],

[ 73, 5, 0,[ 58, 6, 14]],

[ 31, 55, 0,[ 37, 4, 58, 57]],

[ 20, 55, 1,[ 43, 96, 63, 64]],

[ 34, 75, 1,[ 58, 59, 86, 46]],

[ 15, 75, 0,[ 16, 29, 39]],

[ 60, 75, 0,[ 82, 48, 30]],

[ 12, 55, 1,[ 36, 79, 19]],

[ 91, 55, 0,[ 21, 84, 9, 32]],

[ 90, 5, 0,[ 67, 13, 69]],

[ 71, 55, 1,[ 57, 89, 53]],

[ 62, 5, 0,[ 18, 59, 7, 28]],

[ 45, 75, 0,[ 68, 28, 93, 30]],

[ 57, 55, 1,[ 31, 23, 71, 96]],

[ 95, 15, 0,[ 14, 42, 27]],

[ 8, 45, 0,[ 50, 37, 73]],

[ 92, 35, 0,[ 82, 53, 29]],

[ 61, 5, 0,[ 22, 21, 29]],

[ 3, 45, 1,[ 2, 65]],

[ 13, 65, 1,[ 90, 30, 0, 32]],

[ 33, 45, 0,[ 87, 38, 17, 47]],

[ 68, 5, 1,[ 45, 26, 73, 4, 40]],

[ 44, 35, 0,[ 40, 96, 46]],

[ 0, 85, 1,[ 37, 13, 80]],

[ 6, 75, 1,[ 28, 10, 98]],

[ 4, 55, 1,[ 31, 85, 68]],

[ 59, 5, 0,[ 34, 51, 85, 62]],

[ 93, 85, 0,[ 10, 81, 45]],

[ 28, 45, 1,[ 6, 45, 62, 55]],

[ 88, 55, 1,[ 69, 16, 50]],

[ 76, 65, 0,[ 65, 26, 49]],

[ 18, 45, 1,[ 78, 62, 27]],

[ 74, 85, 0,[ 30, 81, 87]],

[ 80, 95, 0,[ 58, 0, 83]],

[ 97, 45, 0,[ 82, 43, 32]],

[ 86, 85, 0,[ 34, 22, 36]],

[ 14, 25, 1,[ 54, 10, 95, 77]],

[ 51, 5, 0,[ 81, 29, 59]],

[ 2, 85, 1,[ 3, 10, 75, 66]],

[ 40, 5, 0,[ 44, 23, 68]],

[ 10, 5, 1,[ 79, 93, 6, 72, 14, 2]],

[ 23, 75, 0,[ 57, 52, 55, 39, 40]],

[ 99, 45, 0,[ 73, 25, 77, 1, 37]],

[ 29, 95, 1,[ 61, 51, 15, 98, 92]],

[ 46, 55, 1,[ 1, 44, 34]],

[ 56, 25, 0,[ 75, 35, 22, 24, 78, 83]],

[ 19, 25, 0,[ 78, 38, 12]],

[ 37, 75, 1,[ 31, 99, 32, 0, 8]],

[ 48, 85, 1,[ 41, 60, 82, 85]],

[ 82, 35, 0,[ 24, 60, 48, 92, 97]],

[ 66, 65, 0,[ 5, 49, 2]],

[ 69, 5, 0,[ 55, 90, 7, 88]],

[ 25, 55, 1,[ 16, 99]],

[ 98, 5, 0,[ 29, 27, 26, 6]],

[ 41, 85, 1,[ 48, 53, 5]],

[ 77, 15, 0,[ 99, 14, 54, 9]],

[ 58, 95, 0,[ 31, 34, 84, 80]],

[ 17, 35, 1,[ 84, 49, 33, 35]],

[ 50, 25, 1,[ 88, 8, 63]],

[ 89, 25, 1,[ 49, 24, 71, 75]],

[ 24, 35, 1,[ 82, 35, 56, 53, 89]],

[ 96, 35, 0,[ 44, 20, 72, 57]],

[ 78, 25, 0,[ 19, 18, 56]],

[ 1, 75, 1,[ 99, 43, 47, 46, 21]],

[ 94, 5, 0,[ 64, 67, 11]],

[ 47, 5, 0,[ 64, 1, 33]],

[ 35, 35, 1,[ 24, 56, 17]],

[ 11, 65, 1,[ 9, 52, 94, 42]],

[ 85, 85, 1,[ 59, 54, 48, 4]],

[ 21, 65, 1,[ 1, 91, 61]],

[ 73, 45, 0,[ 8, 99, 68]],

[ 9, 85, 1,[ 77, 11, 91]],

[ 67, 95, 1,[ 94, 55, 90]],

[ 49, 15, 0,[ 89, 17, 66, 76]],

[ 53, 95, 1,[ 24, 41, 71, 92]],

[ 52, 55, 1,[ 23, 11, 36, 39]],

[ 79, 45, 0,[ 12, 10, 65]],

[ 64, 35, 0,[ 94, 47, 20]],

[ 83, 25, 0,[ 27, 56, 80]],

[ 63, 35, 0,[ 32, 50, 20]],

[ 30, 55, 1,[ 74, 60, 45, 13]],

[ 87, 45, 0,[ 74, 65, 33]],

[ 16, 35, 1,[ 26, 25, 15, 88]],

[ 36, 65, 1,[ 52, 12, 86]],

[ 70, 25, 0,[ 7, 5, 42]],

[ 38, 25, 1,[ 19, 33, 22]],

[ 22, 65, 1,[ 38, 86, 56, 61]],

[ 39, 75, 0,[ 23, 15, 52]],

[ 81, 85, 0,[ 93, 74, 51]],

[ 32, 75, 1,[ 63, 13, 97, 91, 37]],

[ 54, 15, 1,[ 85, 77, 14, 72]],

[ 26, 5, 0,[ 76, 98, 16, 68]],

[ 42, 15, 0,[ 5, 11, 95, 70]],

[ 72, 85, 1,[ 96, 10, 54]],

[ 84, 5, 1,[ 17, 58, 91]],

[ 7, 85, 1,[ 62, 70, 69]],

[ 55, 5, 1,[ 67, 23, 28, 69]],

[ 5, 5, 1,[ 42, 66, 70, 41]],

[ 27, 55, 1,[ 95, 98, 83, 18]],

[ 65, 45, 0,[ 79, 76, 87, 3]],

[ 43, 95, 1,[ 1, 97, 20]],

[ 75, 25, 0,[ 89, 2, 56]],

