[ 21, 55, 0,[ 98, 55, 93, 31]],

[ 49, 15, 0,[ 51, 35, 79, 65, 23, 69, 32]],

[ 10, 75, 0,[ 94, 16, 75, 1, 55, 15]],

[ 46, 15, 0,[ 83, 28, 33]],

[ 62, 15, 0,[ 28, 29, 41]],

[ 11, 85, 0,[ 68, 27, 73, 51, 47]],

[ 51, 35, 1,[ 3, 8, 2, 43, 11, 38, 76, 67, 58, 30, 71, 42, 49, 68]],

[ 78, 15, 0,[ 9, 24, 28]],

[ 63, 15, 0,[ 57, 19, 9]],

[ 82, 55, 1,[ 54, 88, 13, 50, 37, 77, 44]],

[ 6, 15, 0,[ 25, 77, 66]],

[ 92, 15, 0,[ 81, 68, 26]],

[ 73, 15, 1,[ 75, 97, 11, 7, 90, 24, 45]],

[ 68, 85, 0,[ 92, 11, 51]],

[ 61, 15, 0,[ 0, 76, 56]],

[ 17, 15, 0,[ 5, 8, 34, 89, 48]],

[ 79, 15, 0,[ 45, 49, 7, 35]],

[ 66, 65, 1,[ 87, 60, 57, 6, 89, 33, 27, 39, 31]],

[ 43, 15, 0,[ 51, 3, 65]],

[ 96, 15, 0,[ 91, 52, 50]],

[ 9, 15, 0,[ 63, 55, 40, 78]],

[ 7, 75, 0,[ 73, 79, 24]],

[ 19, 75, 0,[ 72, 55, 63, 16]],

[ 50, 15, 0,[ 38, 59, 82, 96, 39]],

[ 97, 75, 0,[ 87, 20, 71, 73]],

[ 1, 75, 0,[ 10, 2, 75]],

[ 0, 15, 0,[ 61, 30, 29]],

[ 74, 15, 0,[ 98, 84, 75]],

[ 18, 25, 0,[ 86, 95, 41, 81]],

[ 32, 15, 0,[ 42, 49, 71]],

[ 94, 75, 0,[ 8, 10, 75]],

[ 85, 15, 0,[ 70, 81, 72]],

[ 89, 65, 0,[ 66, 55, 17]],

[ 36, 15, 0,[ 90, 60, 15]],

[ 70, 15, 0,[ 85, 72, 41, 84]],

[ 58, 15, 0,[ 15, 47, 51]],

[ 90, 15, 0,[ 36, 73, 55]],

[ 38, 15, 0,[ 56, 50, 84, 51]],

[ 4, 25, 0,[ 81, 41, 55]],

[ 47, 15, 0,[ 71, 22, 11, 75, 58]],

[ 8, 15, 0,[ 17, 94, 51]],

[ 53, 15, 0,[ 27, 20, 88]],

[ 99, 15, 0,[ 76, 75]],

[ 20, 15, 0,[ 53, 98, 97]],

[ 40, 15, 0,[ 9, 71, 75]],

[ 77, 75, 0,[ 71, 55, 6, 82]],

[ 28, 15, 0,[ 78, 62, 46]],

[ 80, 25, 0,[ 35, 41, 81, 25]],

[ 5, 15, 0,[ 71, 12, 98, 72, 17]],

[ 22, 15, 0,[ 98, 26, 47]],

[ 29, 15, 0,[ 0, 62, 75]],

[ 87, 75, 0,[ 71, 67, 66, 97]],

[ 81, 25, 1,[ 76, 45, 80, 18, 13, 59, 85, 88, 92, 4]],

[ 25, 15, 0,[ 6, 60, 80, 98]],

[ 52, 15, 0,[ 71, 96, 56]],

[ 86, 15, 0,[ 41, 34, 31, 18]],

[ 59, 25, 0,[ 81, 45, 50]],

[ 55, 35, 1,[ 90, 10, 19, 89, 9, 4, 91, 83, 77, 23, 21, 15]],

[ 34, 15, 0,[ 64, 86, 17]],

[ 67, 75, 0,[ 56, 16, 69, 87, 51]],

[ 33, 5, 0,[ 75, 46, 66]],

[ 98, 35, 1,[ 54, 64, 5, 21, 20, 48, 25, 22, 74, 72]],

[ 26, 15, 0,[ 22, 92, 41, 95]],

[ 2, 15, 0,[ 1, 51, 44, 3, 75]],

[ 31, 15, 0,[ 66, 21, 86]],

[ 16, 75, 0,[ 10, 19, 67]],

[ 24, 15, 0,[ 78, 7, 73]],

[ 88, 75, 0,[ 53, 82, 81]],

[ 56, 15, 0,[ 67, 38, 61, 52]],

[ 64, 15, 0,[ 98, 71, 34]],

[ 93, 55, 0,[ 21, 91, 23]],

[ 75, 45, 1,[ 83, 33, 99, 2, 47, 1, 10, 95, 74, 40, 94, 29, 73]],

[ 12, 15, 0,[ 41, 5, 71]],

[ 30, 75, 0,[ 45, 0, 51]],

[ 3, 15, 0,[ 83, 43, 54, 2, 51]],

[ 39, 15, 0,[ 71, 50, 66]],

[ 60, 15, 0,[ 36, 71, 66, 25]],

[ 72, 15, 0,[ 70, 98, 19, 5, 85]],

[ 37, 5, 0,[ 41, 82, 76]],

[ 69, 15, 0,[ 67, 42, 49]],

[ 57, 15, 0,[ 66, 63, 14]],

[ 23, 55, 0,[ 55, 49, 93]],

[ 27, 15, 0,[ 11, 66, 53]],

[ 35, 15, 0,[ 80, 49, 79]],

[ 41, 35, 1,[ 18, 42, 80, 70, 37, 12, 62, 26, 86, 4]],

[ 95, 15, 0,[ 75, 18, 26]],

[ 13, 75, 0,[ 14, 81, 65, 82]],

[ 54, 15, 0,[ 82, 3, 98]],

[ 45, 25, 0,[ 73, 59, 81, 30, 79]],

[ 42, 15, 0,[ 41, 69, 32, 51]],

[ 84, 15, 0,[ 70, 38, 74]],

[ 44, 15, 0,[ 15, 82, 2]],

[ 76, 15, 0,[ 37, 51, 81, 99, 61]],

[ 14, 15, 0,[ 13, 48, 57]],

[ 15, 15, 0,[ 10, 36, 58, 55, 44]],

[ 83, 15, 0,[ 55, 46, 3, 75]],

[ 48, 15, 0,[ 98, 14, 17, 71]],

[ 65, 15, 0,[ 13, 49, 43]],

[ 71, 75, 1,[ 87, 47, 12, 52, 60, 77, 97, 40, 48, 51, 64, 32, 39, 5]],

[ 91, 55, 0,[ 96, 93, 55]],

[ 35, 95, 0,[ 18, 95, 56, 57]],

[ 50, 95, 0,[ 15, 36, 96, 8]],

[ 11, 55, 0,[ 92, 83, 78, 82]],

[ 45, 95, 0,[ 5, 20, 21, 49]],

[ 5, 95, 0,[ 45, 68, 66, 40]],

[ 68, 5, 1,[ 5, 6, 16, 80, 39, 57, 25]],

[ 55, 75, 0,[ 90, 94, 74]],

[ 44, 5, 1,[ 88, 83, 98, 54, 95, 27, 31, 61]],

[ 4, 95, 0,[ 85, 25, 40]],

[ 89, 75, 0,[ 1, 75, 93]],

[ 97, 95, 0,[ 48, 37, 51]],

[ 98, 55, 0,[ 32, 78, 44]],

[ 42, 65, 0,[ 51, 81, 79]],

[ 66, 95, 0,[ 5, 43, 29]],

[ 74, 65, 1,[ 61, 55, 10, 3, 80, 32, 17, 49, 52]],

[ 60, 95, 1,[ 88, 93, 19, 63, 31, 8, 81, 75, 38, 99]],

[ 95, 95, 0,[ 44, 35, 6]],

[ 39, 95, 0,[ 1, 10, 68]],

[ 33, 55, 0,[ 79, 12, 41]],

[ 51, 5, 1,[ 79, 12, 82, 43, 72, 2, 40, 47, 92, 42, 69, 67, 97, 91]],

[ 84, 75, 0,[ 80, 87, 94]],

[ 32, 55, 0,[ 38, 9, 74, 98]],

[ 65, 55, 0,[ 85, 41, 87]],

[ 57, 95, 0,[ 35, 48, 68]],

[ 41, 75, 1,[ 0, 71, 65, 29, 93, 58, 90, 27, 7, 33, 17]],

[ 77, 95, 0,[ 3, 67, 64]],

[ 49, 75, 0,[ 45, 6, 74]],

[ 24, 95, 0,[ 29, 81, 75]],

[ 71, 95, 0,[ 53, 47, 22, 41, 92]],

[ 14, 55, 0,[ 76, 79, 27]],

[ 40, 95, 0,[ 0, 4, 51, 5, 22]],

[ 25, 95, 0,[ 36, 58, 28, 4, 68]],

[ 75, 55, 1,[ 24, 29, 76, 89, 47, 60, 85, 43]],

[ 12, 55, 0,[ 70, 33, 51]],

[ 82, 55, 0,[ 51, 23, 11]],

[ 31, 95, 0,[ 60, 21, 44]],

[ 26, 95, 0,[ 73, 17, 7]],

[ 73, 95, 0,[ 86, 29, 15, 26]],

[ 23, 45, 0,[ 92, 96, 7, 82]],

[ 99, 55, 0,[ 60, 1, 76]],

[ 48, 95, 0,[ 97, 57, 34]],

[ 1, 95, 0,[ 99, 89, 96, 39]],

[ 18, 95, 0,[ 92, 35, 58]],

[ 78, 95, 0,[ 96, 98, 11]],

[ 54, 95, 0,[ 63, 44, 90]],

[ 36, 95, 0,[ 50, 22, 25]],

[ 21, 95, 0,[ 31, 45, 79]],

[ 59, 55, 0,[ 38, 37, 92]],

[ 62, 95, 0,[ 91, 29, 79]],

[ 94, 75, 0,[ 79, 55, 84, 96]],

[ 15, 95, 0,[ 92, 13, 53, 50, 73]],

[ 13, 95, 0,[ 96, 15, 88]],

[ 90, 95, 0,[ 96, 69, 55, 41, 54]],

[ 28, 95, 0,[ 19, 92, 37, 25]],

[ 86, 95, 0,[ 3, 73]],

[ 30, 95, 0,[ 34, 92]],

[ 88, 95, 0,[ 60, 44, 13]],

[ 61, 95, 0,[ 37, 74, 44]],

[ 53, 95, 0,[ 79, 16, 71, 15]],

[ 81, 55, 0,[ 42, 60, 79, 24]],

[ 34, 95, 0,[ 30, 96, 48]],

[ 67, 95, 0,[ 77, 52, 51, 46]],

[ 93, 75, 0,[ 83, 89, 41, 60]],

[ 43, 95, 0,[ 66, 75, 51, 83]],

[ 46, 95, 0,[ 37, 67, 92]],

[ 17, 95, 0,[ 52, 2, 74, 41, 26]],

[ 76, 55, 0,[ 75, 14, 91, 99]],

[ 52, 95, 0,[ 74, 67, 17]],

[ 47, 45, 0,[ 71, 75, 51]],

[ 9, 55, 0,[ 32, 92, 56]],

[ 8, 95, 0,[ 20, 50, 60]],

[ 37, 95, 0,[ 59, 28, 61, 46, 97]],

[ 69, 95, 0,[ 16, 51, 90]],

[ 3, 95, 0,[ 74, 86, 77, 19]],

[ 70, 55, 0,[ 12, 38, 10]],

[ 92, 95, 1,[ 30, 91, 23, 28, 9, 46, 59, 18, 15, 11, 51, 71]],

[ 2, 95, 0,[ 20, 51, 17]],

[ 16, 95, 0,[ 68, 69, 53]],

[ 20, 95, 0,[ 8, 45, 2]],

[ 80, 75, 0,[ 68, 74, 84]],

[ 29, 95, 0,[ 73, 24, 41, 62, 75, 66]],

[ 91, 55, 0,[ 92, 62, 51, 76]],

[ 19, 95, 0,[ 3, 28, 60]],

[ 0, 95, 0,[ 41, 40]],

[ 79, 65, 1,[ 94, 87, 85, 14, 53, 42, 33, 21, 81, 51, 62]],

[ 87, 55, 0,[ 84, 65, 79]],

[ 56, 95, 0,[ 9, 35, 96]],

[ 58, 95, 0,[ 18, 25, 41]],

[ 63, 55, 0,[ 85, 60, 54]],

[ 64, 45, 0,[ 72, 96, 77]],

[ 7, 95, 0,[ 23, 26, 41]],

[ 38, 55, 0,[ 59, 70, 60, 32]],

[ 10, 55, 0,[ 74, 70, 39, 72]],

[ 83, 95, 0,[ 93, 43, 44, 11]],

[ 85, 55, 0,[ 63, 79, 65, 4, 75]],

[ 6, 75, 0,[ 68, 95, 49]],

[ 72, 45, 0,[ 96, 51, 64, 10]],

[ 22, 95, 0,[ 71, 36, 40]],

[ 27, 55, 0,[ 14, 44, 41]],

[ 96, 5, 1,[ 23, 13, 56, 1, 78, 34, 72, 90, 50, 64, 94]],

