[ 28, 25, 0,[ 36, 59, 55, 49]],

[ 6, 65, 1,[ 40, 38, 62, 96, 54, 41]],

[ 34, 35, 1,[ 82, 20, 30, 7, 4]],

[ 86, 15, 0,[ 59, 20]],

[ 69, 85, 0,[ 35, 45]],

[ 70, 15, 0,[ 19, 5, 24]],

[ 26, 5, 1,[ 81, 91, 79, 40, 75, 93, 97]],

[ 78, 95, 1,[ 54, 92, 61, 90]],

[ 1, 95, 1,[ 32, 45, 81, 12]],

[ 96, 5, 1,[ 95, 6, 81, 73, 50, 56]],

[ 36, 45, 0,[ 28, 66, 4]],

[ 39, 65, 0,[ 29]],

[ 58, 5, 1,[ 53, 79, 44, 52, 46, 76]],

[ 7, 25, 1,[ 35, 76, 75, 31, 52, 34]],

[ 29, 15, 1,[ 39, 23, 17, 55, 61]],

[ 46, 15, 1,[ 77, 65, 8, 58]],

[ 56, 5, 0,[ 47, 96, 65]],

[ 79, 35, 1,[ 58, 41, 11, 26, 97, 2]],

[ 66, 75, 1,[ 0, 36, 47, 31, 23]],

[ 40, 75, 1,[ 68, 26, 49, 6, 13]],

[ 89, 5, 1,[ 24, 27, 80, 67, 2, 64]],

[ 4, 5, 1,[ 44, 34, 64, 36, 68, 85]],

[ 64, 95, 1,[ 4, 89, 43, 63, 9]],

[ 88, 5, 0,[ 2, 77, 21]],

[ 84, 25, 1,[ 12, 49, 8, 92, 33]],

[ 15, 75, 1,[ 9, 55, 27, 92, 37]],

[ 33, 5, 0,[ 84, 94, 35]],

[ 63, 65, 0,[ 64, 11, 54]],

[ 5, 15, 1,[ 97, 99, 70, 37, 23]],

[ 19, 45, 0,[ 54, 70]],

[ 68, 75, 1,[ 25, 44, 9, 77, 4, 40]],

[ 83, 35, 0,[ 42, 12, 67]],

[ 17, 55, 1,[ 43, 93, 29, 42]],

[ 98, 35, 0,[ 43]],

[ 57, 65, 0,[ 9]],

[ 38, 25, 0,[ 85, 6]],

[ 8, 95, 1,[ 14, 46, 87, 35, 73, 84]],

[ 93, 55, 0,[ 26, 95, 17, 60]],

[ 59, 15, 0,[ 3, 86, 28]],

[ 92, 65, 1,[ 12, 84, 94, 78, 15]],

[ 77, 85, 1,[ 88, 68, 27, 80, 46]],

[ 16, 85, 0,[ 41]],

[ 52, 65, 1,[ 91, 21, 2, 58, 7]],

[ 76, 35, 1,[ 80, 50, 7, 58, 9]],

[ 12, 45, 1,[ 92, 84, 1, 80, 83]],

[ 14, 5, 0,[ 8, 54, 30]],

[ 67, 65, 1,[ 49, 89, 18, 83]],

[ 48, 85, 0,[ 65]],

[ 55, 25, 1,[ 29, 28, 13, 15, 0]],

[ 25, 25, 0,[ 51, 68]],

[ 51, 35, 0,[ 71, 72, 25]],

[ 35, 85, 1,[ 33, 7, 8, 69, 71]],

[ 18, 35, 1,[ 67, 11, 72, 47]],

[ 42, 55, 0,[ 83, 17]],

[ 27, 65, 1,[ 89, 61, 15, 77]],

[ 0, 45, 1,[ 31, 49, 24, 55, 66, 3, 73, 44, 2, 13, 65]],

[ 53, 5, 0,[ 58, 2, 65]],

[ 43, 25, 1,[ 99, 98, 17, 97, 64]],

[ 23, 15, 0,[ 5, 66, 29]],

[ 9, 15, 1,[ 64, 68, 76, 15, 60, 57]],

[ 41, 55, 0,[ 6, 16, 79]],

[ 20, 15, 1,[ 86, 81, 65, 13, 34]],

[ 21, 5, 0,[ 88, 11, 52]],

[ 60, 55, 0,[ 9, 93, 62]],

[ 97, 55, 1,[ 26, 79, 5, 43, 11]],

[ 31, 55, 0,[ 0, 66, 7]],

[ 62, 25, 1,[ 60, 99, 6, 82]],

[ 13, 45, 1,[ 0, 55, 20, 40]],

[ 75, 45, 0,[ 26, 32, 7]],

[ 72, 35, 0,[ 51, 18, 32]],

[ 54, 5, 1,[ 2, 14, 63, 19, 78, 6]],

[ 82, 5, 0,[ 62, 3, 34]],

[ 22, 45, 0,[ 50, 71]],

[ 87, 45, 0,[ 11, 8, 30]],

[ 45, 25, 0,[ 69, 1, 50]],

[ 24, 75, 0,[ 0, 70, 89]],

[ 90, 65, 0,[ 81, 78]],

[ 30, 5, 0,[ 34, 14, 87]],

[ 81, 75, 1,[ 90, 96, 37, 50, 1, 20, 26]],

[ 80, 95, 1,[ 12, 89, 10, 77, 76]],

[ 91, 55, 0,[ 52, 26]],

[ 10, 15, 0,[ 80]],

[ 2, 75, 1,[ 0, 89, 54, 52, 53, 99, 3, 79, 88]],

[ 44, 55, 1,[ 58, 0, 68, 49, 4, 94]],

[ 61, 85, 0,[ 78, 27, 11, 29]],

[ 99, 85, 1,[ 74, 2, 43, 5, 62]],

[ 32, 95, 0,[ 1, 75, 72]],

[ 47, 5, 1,[ 66, 18, 56, 94]],

[ 65, 5, 1,[ 46, 0, 53, 20, 48, 56]],

[ 37, 75, 0,[ 81, 5, 15]],

[ 11, 75, 1,[ 21, 87, 79, 63, 61, 18, 97]],

[ 85, 5, 0,[ 4, 38]],

[ 95, 45, 0,[ 93, 96]],

[ 50, 65, 1,[ 45, 96, 22, 81, 76]],

[ 71, 35, 0,[ 35, 22, 51]],

[ 49, 25, 1,[ 44, 40, 28, 0, 84, 67]],

[ 3, 85, 0,[ 82, 59, 2, 0]],

[ 74, 5, 0,[ 99]],

[ 73, 15, 0,[ 0, 96, 8]],

[ 94, 5, 0,[ 44, 92, 47, 33]],

