[ 67, 55, 0,[ 49, 18, 83, 89]],

[ 62, 75, 0,[ 82, 60, 6, 99]],

[ 88, 85, 0,[ 2, 21, 77]],

[ 97, 55, 0,[ 26, 11, 5, 43, 79]],

[ 44, 25, 0,[ 94, 0, 49, 58, 68, 4]],

[ 75, 55, 0,[ 7, 26, 32]],

[ 82, 55, 0,[ 62, 34, 3]],

[ 14, 85, 0,[ 30, 8, 54]],

[ 41, 75, 0,[ 16, 6, 79]],

[ 7, 45, 0,[ 35, 76, 31, 34, 75, 52]],

[ 70, 55, 0,[ 24, 19, 5]],

[ 31, 25, 0,[ 66, 0, 7]],

[ 45, 45, 0,[ 50, 1, 69]],

[ 57, 5, 1,[ 9]],

[ 61, 85, 0,[ 78, 11, 27, 29]],

[ 25, 85, 1,[ 51, 68]],

[ 96, 35, 0,[ 73, 95, 56, 81, 6, 50]],

[ 50, 45, 0,[ 22, 76, 96, 45, 81]],

[ 83, 65, 0,[ 42, 12, 67]],

[ 94, 25, 0,[ 44, 92, 33, 47]],

[ 84, 15, 0,[ 33, 92, 12, 8, 49]],

[ 74, 35, 1,[ 99]],

[ 59, 25, 0,[ 28, 3, 86]],

[ 81, 35, 0,[ 20, 1, 90, 96, 37, 26, 50]],

[ 54, 75, 0,[ 2, 14, 78, 19, 63, 6]],

[ 0, 25, 0,[ 73, 44, 66, 24, 3, 31, 49, 65, 55, 13, 2]],

[ 93, 55, 0,[ 17, 95, 60, 26]],

[ 78, 75, 0,[ 92, 54, 61, 90]],

[ 32, 45, 0,[ 75, 1, 72]],

[ 17, 25, 0,[ 42, 29, 93, 43]],

[ 3, 25, 0,[ 82, 59, 0, 2]],

[ 68, 35, 0,[ 4, 25, 40, 9, 77, 44]],

[ 26, 55, 0,[ 93, 91, 97, 40, 79, 75, 81]],

[ 10, 85, 0,[ 80]],

[ 66, 25, 0,[ 47, 36, 31, 23, 0]],

[ 73, 25, 0,[ 8, 0, 96]],

[ 63, 55, 0,[ 54, 11, 64]],

[ 19, 75, 0,[ 54, 70]],

[ 40, 25, 0,[ 49, 6, 13, 68, 26]],

[ 15, 35, 0,[ 55, 27, 92, 37, 9]],

[ 22, 45, 0,[ 50, 71]],

[ 37, 35, 0,[ 5, 81, 15]],

[ 38, 15, 1,[ 6, 85]],

[ 20, 25, 0,[ 34, 81, 65, 13, 86]],

[ 47, 25, 0,[ 56, 18, 66, 94]],

[ 35, 85, 0,[ 71, 7, 8, 69, 33]],

[ 98, 85, 1,[ 43]],

[ 4, 55, 0,[ 36, 68, 34, 85, 44, 64]],

[ 43, 95, 0,[ 17, 99, 64, 98, 97]],

[ 30, 55, 0,[ 87, 34, 14]],

[ 89, 85, 0,[ 24, 80, 67, 27, 2, 64]],

[ 71, 75, 0,[ 51, 35, 22]],

[ 48, 95, 1,[ 65]],

[ 53, 85, 0,[ 2, 58, 65]],

[ 34, 55, 0,[ 20, 4, 7, 82, 30]],

[ 36, 25, 0,[ 28, 66, 4]],

[ 60, 55, 0,[ 93, 62, 9]],

[ 28, 25, 0,[ 55, 49, 36, 59]],

[ 11, 55, 0,[ 79, 21, 18, 87, 63, 97, 61]],

[ 85, 55, 0,[ 38, 4]],

[ 8, 85, 0,[ 84, 73, 46, 35, 14, 87]],

[ 13, 25, 0,[ 0, 55, 40, 20]],

[ 76, 45, 0,[ 7, 9, 50, 80, 58]],

[ 27, 85, 0,[ 15, 89, 77, 61]],

[ 58, 85, 0,[ 76, 79, 44, 53, 52, 46]],

[ 72, 75, 0,[ 18, 32, 51]],

[ 24, 25, 0,[ 70, 89, 0]],

[ 95, 35, 0,[ 96, 93]],

[ 49, 25, 0,[ 28, 67, 0, 40, 84, 44]],

[ 46, 85, 0,[ 77, 8, 65, 58]],

[ 12, 45, 0,[ 1, 80, 83, 84, 92]],

[ 21, 85, 0,[ 88, 52, 11]],

[ 55, 25, 0,[ 15, 28, 29, 0, 13]],

[ 33, 15, 0,[ 94, 84, 35]],

[ 65, 25, 0,[ 53, 56, 20, 46, 48, 0]],

[ 64, 95, 0,[ 9, 63, 43, 4, 89]],

[ 69, 85, 0,[ 35, 45]],

[ 16, 75, 1,[ 41]],

[ 92, 65, 0,[ 12, 78, 94, 15, 84]],

[ 1, 45, 0,[ 12, 81, 45, 32]],

[ 42, 65, 0,[ 83, 17]],

[ 80, 85, 0,[ 89, 77, 76, 12, 10]],

[ 52, 85, 0,[ 7, 91, 21, 2, 58]],

[ 77, 85, 0,[ 88, 80, 68, 27, 46]],

[ 23, 25, 0,[ 29, 5, 66]],

[ 90, 25, 1,[ 81, 78]],

[ 87, 55, 0,[ 11, 8, 30]],

[ 6, 75, 0,[ 54, 96, 41, 38, 40, 62]],

[ 91, 55, 0,[ 52, 26]],

[ 79, 55, 0,[ 2, 11, 41, 58, 97, 26]],

[ 29, 25, 0,[ 39, 17, 61, 23, 55]],

[ 56, 25, 0,[ 96, 65, 47]],

[ 2, 85, 0,[ 52, 3, 79, 0, 88, 89, 99, 53, 54]],

[ 5, 55, 0,[ 37, 23, 97, 70, 99]],

[ 99, 85, 0,[ 2, 74, 5, 62, 43]],

[ 18, 55, 0,[ 11, 47, 72, 67]],

[ 39, 5, 1,[ 29]],

[ 51, 75, 0,[ 25, 72, 71]],

[ 86, 55, 1,[ 20, 59]],

[ 9, 35, 0,[ 68, 76, 15, 60, 64, 57]],

