[ 61, 25, 1,[ 78, 27, 11, 29]],

[ 98, 95, 0,[ 43]],

[ 17, 75, 1,[ 29, 43, 42, 93]],

[ 36, 35, 0,[ 28, 66, 4]],

[ 82, 45, 0,[ 62, 34, 3]],

[ 16, 15, 0,[ 41]],

[ 97, 75, 1,[ 79, 26, 5, 11, 43]],

[ 47, 15, 1,[ 56, 18, 66, 94]],

[ 37, 85, 0,[ 15, 5, 81]],

[ 6, 25, 1,[ 96, 62, 54, 41, 38, 40]],

[ 88, 5, 0,[ 77, 21, 2]],

[ 45, 75, 0,[ 1, 50, 69]],

[ 35, 75, 1,[ 8, 69, 33, 7, 71]],

[ 4, 65, 1,[ 36, 85, 64, 68, 34, 44]],

[ 55, 75, 1,[ 15, 0, 29, 13, 28]],

[ 73, 35, 0,[ 0, 96, 8]],

[ 99, 95, 1,[ 5, 74, 43, 62, 2]],

[ 9, 45, 1,[ 64, 68, 15, 57, 76, 60]],

[ 24, 15, 0,[ 89, 0, 70]],

[ 96, 35, 1,[ 6, 73, 50, 81, 56, 95]],

[ 87, 85, 0,[ 8, 30, 11]],

[ 31, 15, 0,[ 7, 66, 0]],

[ 53, 25, 0,[ 58, 2, 65]],

[ 18, 85, 0,[ 11, 47, 67, 72]],

[ 51, 75, 0,[ 71, 72, 25]],

[ 69, 75, 0,[ 45, 35]],

[ 59, 25, 0,[ 86, 3, 28]],

[ 0, 65, 1,[ 44, 24, 3, 2, 55, 65, 73, 49, 31, 13, 66]],

[ 41, 95, 0,[ 6, 16, 79]],

[ 26, 65, 1,[ 91, 93, 79, 40, 75, 97, 81]],

[ 71, 75, 0,[ 35, 51, 22]],

[ 42, 85, 0,[ 83, 17]],

[ 21, 95, 0,[ 52, 88, 11]],

[ 56, 35, 0,[ 47, 65, 96]],

[ 3, 45, 1,[ 59, 82, 0, 2]],

[ 48, 15, 0,[ 65]],

[ 92, 95, 1,[ 15, 94, 12, 84, 78]],

[ 68, 25, 1,[ 40, 44, 4, 77, 9, 25]],

[ 40, 25, 1,[ 49, 13, 6, 26, 68]],

[ 94, 25, 1,[ 92, 44, 33, 47]],

[ 58, 35, 1,[ 46, 76, 79, 53, 44, 52]],

[ 54, 5, 1,[ 2, 19, 6, 78, 14, 63]],

[ 39, 5, 0,[ 29]],

[ 78, 55, 1,[ 92, 54, 90, 61]],

[ 62, 45, 0,[ 6, 82, 99, 60]],

[ 22, 65, 0,[ 50, 71]],

[ 63, 5, 0,[ 54, 64, 11]],

[ 25, 95, 0,[ 51, 68]],

[ 27, 15, 0,[ 77, 15, 89, 61]],

[ 20, 85, 1,[ 86, 81, 34, 65, 13]],

[ 57, 55, 0,[ 9]],

[ 67, 85, 1,[ 89, 49, 18, 83]],

[ 13, 85, 0,[ 40, 20, 0, 55]],

[ 12, 65, 1,[ 80, 1, 92, 83, 84]],

[ 23, 15, 0,[ 5, 29, 66]],

[ 74, 15, 0,[ 99]],

[ 86, 25, 0,[ 20, 59]],

[ 79, 45, 1,[ 97, 58, 11, 41, 26, 2]],

[ 11, 85, 1,[ 97, 18, 87, 61, 63, 21, 79]],

[ 49, 55, 1,[ 40, 0, 44, 84, 67, 28]],

[ 46, 5, 1,[ 8, 77, 65, 58]],

[ 19, 75, 0,[ 54, 70]],

[ 89, 15, 1,[ 27, 67, 24, 2, 64, 80]],

[ 50, 95, 1,[ 81, 96, 45, 76, 22]],

[ 52, 35, 1,[ 21, 58, 2, 7, 91]],

[ 91, 25, 0,[ 52, 26]],

[ 75, 45, 0,[ 7, 32, 26]],

[ 72, 65, 0,[ 18, 51, 32]],

[ 34, 5, 1,[ 7, 4, 82, 20, 30]],

[ 65, 25, 1,[ 53, 20, 56, 48, 46, 0]],

[ 28, 25, 1,[ 49, 36, 55, 59]],

[ 44, 75, 1,[ 0, 4, 68, 49, 94, 58]],

[ 95, 35, 0,[ 93, 96]],

[ 1, 45, 1,[ 81, 32, 45, 12]],

[ 33, 95, 0,[ 84, 35, 94]],

[ 8, 85, 1,[ 14, 46, 84, 73, 87, 35]],

[ 76, 25, 1,[ 50, 7, 9, 58, 80]],

[ 85, 65, 0,[ 4, 38]],

[ 43, 15, 1,[ 98, 17, 64, 97, 99]],

[ 80, 95, 1,[ 10, 76, 89, 12, 77]],

[ 32, 45, 0,[ 75, 72, 1]],

[ 84, 45, 1,[ 33, 8, 49, 12, 92]],

[ 60, 45, 0,[ 9, 62, 93]],

[ 30, 15, 0,[ 34, 87, 14]],

[ 29, 75, 1,[ 55, 17, 39, 61, 23]],

[ 83, 85, 0,[ 67, 12, 42]],

[ 5, 95, 1,[ 70, 97, 23, 99, 37]],

[ 10, 5, 0,[ 80]],

[ 7, 5, 1,[ 75, 52, 76, 34, 31, 35]],

[ 90, 55, 0,[ 78, 81]],

[ 14, 55, 0,[ 54, 30, 8]],

[ 81, 55, 1,[ 37, 50, 26, 20, 90, 96, 1]],

[ 70, 15, 0,[ 19, 5, 24]],

[ 64, 5, 1,[ 43, 4, 9, 63, 89]],

[ 77, 5, 1,[ 68, 27, 88, 46, 80]],

[ 66, 85, 1,[ 36, 0, 31, 23, 47]],

[ 38, 65, 0,[ 85, 6]],

[ 2, 25, 1,[ 79, 52, 89, 0, 3, 99, 88, 53, 54]],

[ 93, 15, 0,[ 95, 60, 17, 26]],

[ 15, 15, 1,[ 55, 27, 9, 92, 37]],

