[ 66, 35, 0,[ 47, 0, 23, 31, 36]],

[ 73, 35, 0,[ 0, 96, 8]],

[ 91, 55, 0,[ 26, 52]],

[ 68, 35, 0,[ 40, 4, 44, 25, 77, 9]],

[ 23, 35, 0,[ 5, 29, 66]],

[ 37, 35, 0,[ 5, 81, 15]],

[ 34, 35, 0,[ 30, 4, 20, 82, 7]],

[ 43, 35, 0,[ 97, 17, 98, 64, 99]],

[ 27, 35, 0,[ 77, 15, 61, 89]],

[ 96, 25, 1,[ 6, 95, 50, 81, 73, 56]],

[ 21, 35, 0,[ 52, 88, 11]],

[ 98, 55, 0,[ 43]],

[ 52, 35, 0,[ 58, 91, 2, 7, 21]],

[ 74, 65, 0,[ 99]],

[ 42, 35, 0,[ 17, 83]],

[ 33, 35, 0,[ 94, 35, 84]],

[ 62, 35, 0,[ 99, 60, 82, 6]],

[ 28, 35, 0,[ 49, 55, 36, 59]],

[ 79, 35, 0,[ 58, 26, 11, 41, 97, 2]],

[ 59, 35, 0,[ 3, 28, 86]],

[ 84, 35, 0,[ 33, 92, 49, 8, 12]],

[ 92, 35, 0,[ 84, 15, 12, 94, 78]],

[ 7, 35, 0,[ 76, 35, 52, 34, 75, 31]],

[ 60, 15, 0,[ 62, 9, 93]],

[ 0, 35, 1,[ 24, 49, 13, 2, 55, 44, 66, 31, 73, 65, 3]],

[ 13, 35, 0,[ 40, 20, 55, 0]],

[ 9, 55, 1,[ 57, 76, 60, 68, 15, 64]],

[ 63, 35, 0,[ 54, 64, 11]],

[ 12, 35, 0,[ 83, 1, 84, 80, 92]],

[ 16, 15, 0,[ 41]],

[ 17, 35, 0,[ 93, 43, 29, 42]],

[ 47, 35, 0,[ 18, 94, 66, 56]],

[ 25, 75, 0,[ 51, 68]],

[ 67, 35, 0,[ 83, 18, 89, 49]],

[ 51, 75, 0,[ 72, 71, 25]],

[ 69, 35, 0,[ 45, 35]],

[ 58, 35, 0,[ 52, 46, 76, 79, 44, 53]],

[ 30, 35, 0,[ 14, 34, 87]],

[ 97, 35, 0,[ 26, 43, 79, 11, 5]],

[ 46, 35, 0,[ 77, 8, 65, 58]],

[ 87, 35, 0,[ 11, 8, 30]],

[ 89, 35, 1,[ 80, 67, 64, 24, 2, 27]],

[ 44, 35, 0,[ 4, 0, 58, 94, 68, 49]],

[ 10, 95, 0,[ 80]],

[ 88, 35, 0,[ 2, 21, 77]],

[ 77, 35, 0,[ 27, 80, 46, 88, 68]],

[ 50, 55, 0,[ 96, 76, 81, 45, 22]],

[ 57, 35, 0,[ 9]],

[ 40, 35, 0,[ 49, 6, 26, 13, 68]],

[ 31, 35, 0,[ 0, 66, 7]],

[ 48, 65, 0,[ 65]],

[ 95, 95, 0,[ 93, 96]],

[ 82, 35, 0,[ 3, 34, 62]],

[ 15, 35, 0,[ 55, 92, 37, 27, 9]],

[ 32, 55, 0,[ 75, 72, 1]],

[ 54, 15, 1,[ 63, 6, 78, 14, 2, 19]],

[ 85, 15, 0,[ 4, 38]],

[ 55, 35, 0,[ 15, 29, 13, 28, 0]],

[ 94, 35, 0,[ 44, 33, 92, 47]],

[ 86, 35, 0,[ 59, 20]],

[ 5, 35, 0,[ 37, 23, 99, 97, 70]],

[ 39, 85, 0,[ 29]],

[ 36, 35, 0,[ 4, 66, 28]],

[ 24, 35, 0,[ 89, 70, 0]],

[ 4, 35, 0,[ 85, 34, 36, 68, 64, 44]],

[ 35, 35, 0,[ 69, 7, 71, 8, 33]],

[ 71, 75, 0,[ 22, 35, 51]],

[ 65, 35, 0,[ 56, 48, 46, 0, 20, 53]],

[ 83, 35, 0,[ 67, 12, 42]],

[ 29, 35, 0,[ 39, 55, 23, 61, 17]],

[ 2, 45, 1,[ 53, 52, 0, 54, 3, 89, 88, 99, 79]],

[ 72, 65, 0,[ 51, 18, 32]],

[ 38, 65, 0,[ 85, 6]],

[ 56, 35, 0,[ 65, 96, 47]],

[ 22, 75, 0,[ 50, 71]],

[ 64, 35, 0,[ 4, 43, 63, 9, 89]],

[ 76, 35, 0,[ 58, 9, 50, 80, 7]],

[ 11, 35, 1,[ 63, 97, 18, 79, 87, 61, 21]],

[ 80, 35, 0,[ 76, 12, 89, 77, 10]],

[ 18, 35, 0,[ 72, 47, 11, 67]],

[ 81, 55, 1,[ 96, 20, 26, 90, 37, 50, 1]],

[ 90, 45, 0,[ 81, 78]],

[ 26, 15, 1,[ 75, 91, 97, 93, 40, 79, 81]],

[ 45, 55, 0,[ 69, 1, 50]],

[ 41, 75, 0,[ 16, 6, 79]],

[ 19, 95, 0,[ 70, 54]],

[ 3, 35, 0,[ 2, 0, 82, 59]],

[ 49, 35, 0,[ 40, 28, 0, 67, 84, 44]],

[ 61, 35, 0,[ 27, 29, 11, 78]],

[ 70, 35, 0,[ 5, 24, 19]],

[ 14, 35, 0,[ 54, 8, 30]],

[ 93, 15, 0,[ 17, 26, 60, 95]],

[ 99, 35, 0,[ 2, 62, 74, 43, 5]],

[ 53, 35, 0,[ 2, 58, 65]],

[ 75, 55, 0,[ 7, 26, 32]],

[ 1, 55, 0,[ 32, 81, 45, 12]],

[ 78, 35, 0,[ 90, 92, 61, 54]],

[ 6, 25, 1,[ 54, 96, 38, 41, 40, 62]],

[ 8, 35, 0,[ 87, 84, 14, 35, 46, 73]],

[ 20, 35, 0,[ 81, 86, 65, 34, 13]],

