[ 32, 75, 0,[ 1, 75, 72]],

[ 62, 75, 0,[ 82, 60, 6, 99]],

[ 29, 75, 0,[ 23, 17, 55, 61, 39]],

[ 9, 75, 0,[ 68, 64, 60, 76, 15, 57]],

[ 97, 75, 0,[ 5, 26, 43, 11, 79]],

[ 60, 75, 0,[ 62, 9, 93]],

[ 68, 75, 0,[ 9, 77, 25, 4, 44, 40]],

[ 90, 75, 0,[ 81, 78]],

[ 49, 75, 0,[ 0, 40, 28, 44, 67, 84]],

[ 31, 75, 0,[ 7, 66, 0]],

[ 12, 75, 0,[ 84, 80, 92, 1, 83]],

[ 76, 75, 0,[ 80, 9, 7, 58, 50]],

[ 73, 75, 0,[ 0, 8, 96]],

[ 44, 75, 0,[ 58, 0, 4, 94, 49, 68]],

[ 83, 75, 0,[ 12, 42, 67]],

[ 81, 75, 0,[ 37, 96, 26, 90, 20, 1, 50]],

[ 88, 75, 0,[ 77, 2, 21]],

[ 51, 25, 0,[ 71, 25, 72]],

[ 94, 75, 0,[ 33, 92, 44, 47]],

[ 4, 75, 0,[ 36, 34, 44, 85, 64, 68]],

[ 18, 75, 0,[ 11, 72, 67, 47]],

[ 3, 75, 0,[ 0, 59, 82, 2]],

[ 59, 75, 0,[ 28, 86, 3]],

[ 80, 75, 0,[ 77, 10, 12, 76, 89]],

[ 87, 75, 0,[ 8, 30, 11]],

[ 65, 75, 0,[ 46, 56, 48, 0, 53, 20]],

[ 70, 75, 0,[ 5, 24, 19]],

[ 35, 75, 0,[ 7, 71, 33, 8, 69]],

[ 66, 75, 0,[ 23, 31, 0, 36, 47]],

[ 0, 75, 0,[ 31, 2, 55, 44, 49, 24, 65, 73, 66, 13, 3]],

[ 91, 75, 0,[ 26, 52]],

[ 61, 75, 0,[ 78, 11, 29, 27]],

[ 63, 75, 0,[ 11, 64, 54]],

[ 30, 75, 0,[ 14, 34, 87]],

[ 13, 75, 0,[ 20, 0, 55, 40]],

[ 86, 75, 0,[ 59, 20]],

[ 85, 25, 0,[ 4, 38]],

[ 23, 75, 0,[ 5, 29, 66]],

[ 1, 75, 0,[ 45, 81, 32, 12]],

[ 92, 75, 0,[ 12, 78, 84, 94, 15]],

[ 47, 75, 0,[ 94, 18, 56, 66]],

[ 46, 75, 0,[ 77, 58, 65, 8]],

[ 98, 35, 1,[ 43]],

[ 38, 35, 1,[ 6, 85]],

[ 7, 75, 0,[ 31, 76, 35, 75, 52, 34]],

[ 57, 45, 1,[ 9]],

[ 20, 75, 0,[ 13, 65, 81, 86, 34]],

[ 43, 75, 0,[ 64, 97, 99, 17, 98]],

[ 42, 5, 1,[ 83, 17]],

[ 39, 55, 1,[ 29]],

[ 28, 75, 0,[ 59, 36, 55, 49]],

[ 5, 75, 0,[ 99, 70, 97, 37, 23]],

[ 96, 75, 0,[ 6, 95, 56, 81, 73, 50]],

[ 58, 75, 0,[ 79, 52, 44, 76, 46, 53]],

[ 37, 75, 0,[ 15, 81, 5]],

[ 56, 75, 0,[ 96, 65, 47]],

[ 99, 75, 0,[ 62, 5, 2, 74, 43]],

[ 93, 75, 0,[ 60, 95, 17, 26]],

[ 34, 75, 0,[ 4, 20, 7, 82, 30]],

[ 64, 75, 0,[ 89, 9, 4, 63, 43]],

[ 10, 25, 0,[ 80]],

[ 15, 75, 0,[ 55, 27, 9, 92, 37]],

[ 71, 85, 0,[ 22, 35, 51]],

[ 40, 75, 0,[ 68, 26, 6, 49, 13]],

[ 27, 75, 0,[ 15, 61, 89, 77]],

[ 11, 75, 0,[ 87, 61, 63, 21, 79, 18, 97]],

[ 41, 75, 0,[ 6, 79, 16]],

[ 45, 75, 0,[ 69, 1, 50]],

[ 55, 75, 0,[ 0, 15, 28, 13, 29]],

[ 84, 75, 0,[ 49, 92, 33, 8, 12]],

[ 79, 75, 0,[ 41, 11, 2, 58, 26, 97]],

[ 54, 75, 0,[ 19, 14, 2, 78, 6, 63]],

[ 26, 75, 0,[ 75, 79, 97, 40, 81, 93, 91]],

[ 14, 75, 0,[ 8, 54, 30]],

[ 19, 65, 1,[ 54, 70]],

[ 17, 75, 0,[ 42, 29, 43, 93]],

[ 8, 75, 0,[ 84, 46, 14, 87, 35, 73]],

[ 33, 75, 0,[ 35, 84, 94]],

[ 2, 75, 0,[ 88, 0, 79, 89, 99, 52, 53, 54, 3]],

[ 25, 5, 1,[ 68, 51]],

[ 52, 75, 0,[ 58, 21, 91, 7, 2]],

[ 6, 75, 0,[ 38, 96, 41, 40, 54, 62]],

[ 78, 75, 0,[ 61, 54, 92, 90]],

[ 67, 75, 0,[ 83, 18, 89, 49]],

[ 36, 75, 0,[ 4, 28, 66]],

[ 69, 75, 0,[ 45, 35]],

[ 89, 75, 0,[ 2, 64, 80, 24, 27, 67]],

[ 16, 85, 1,[ 41]],

[ 24, 75, 0,[ 0, 89, 70]],

[ 77, 75, 0,[ 27, 80, 68, 88, 46]],

[ 21, 75, 0,[ 52, 11, 88]],

[ 53, 75, 0,[ 65, 58, 2]],

[ 72, 75, 0,[ 32, 18, 51]],

[ 75, 75, 0,[ 7, 26, 32]],

[ 22, 65, 0,[ 50, 71]],

[ 95, 75, 0,[ 96, 93]],

[ 82, 75, 0,[ 34, 62, 3]],

[ 74, 65, 1,[ 99]],

[ 48, 35, 1,[ 65]],

[ 50, 75, 0,[ 96, 81, 45, 76, 22]],

