[ 44, 15, 0,[ 94, 58, 4, 68, 49, 0]],

[ 34, 15, 0,[ 20, 4, 30, 82, 7]],

[ 3, 45, 1,[ 82, 59, 2, 0]],

[ 67, 15, 1,[ 83, 49, 18, 89]],

[ 19, 35, 1,[ 70, 54]],

[ 18, 15, 0,[ 11, 47, 72, 67]],

[ 59, 45, 1,[ 3, 28, 86]],

[ 4, 15, 0,[ 36, 68, 44, 34, 64, 85]],

[ 29, 15, 0,[ 39, 61, 55, 17, 23]],

[ 8, 15, 0,[ 14, 87, 46, 84, 73, 35]],

[ 62, 15, 0,[ 6, 60, 99, 82]],

[ 51, 65, 1,[ 72, 71, 25]],

[ 10, 35, 1,[ 80]],

[ 48, 45, 1,[ 65]],

[ 87, 15, 1,[ 8, 11, 30]],

[ 93, 15, 0,[ 60, 26, 95, 17]],

[ 24, 35, 1,[ 70, 89, 0]],

[ 1, 65, 1,[ 81, 12, 32, 45]],

[ 84, 15, 0,[ 8, 49, 92, 33, 12]],

[ 16, 15, 1,[ 41]],

[ 82, 25, 1,[ 34, 62, 3]],

[ 60, 45, 1,[ 93, 9, 62]],

[ 97, 15, 0,[ 79, 43, 11, 5, 26]],

[ 25, 15, 1,[ 68, 51]],

[ 37, 65, 1,[ 5, 81, 15]],

[ 7, 15, 0,[ 34, 76, 52, 31, 35, 75]],

[ 45, 75, 1,[ 1, 50, 69]],

[ 71, 95, 1,[ 51, 35, 22]],

[ 70, 35, 1,[ 5, 24, 19]],

[ 75, 85, 1,[ 7, 26, 32]],

[ 90, 75, 1,[ 81, 78]],

[ 14, 5, 1,[ 54, 30, 8]],

[ 33, 35, 1,[ 35, 84, 94]],

[ 58, 15, 0,[ 76, 52, 44, 53, 79, 46]],

[ 78, 5, 1,[ 61, 92, 90, 54]],

[ 61, 15, 0,[ 27, 78, 29, 11]],

[ 39, 15, 1,[ 29]],

[ 6, 15, 0,[ 96, 38, 40, 54, 62, 41]],

[ 49, 15, 0,[ 28, 40, 0, 44, 84, 67]],

[ 15, 15, 0,[ 9, 37, 92, 27, 55]],

[ 99, 15, 0,[ 43, 2, 62, 5, 74]],

[ 40, 15, 0,[ 6, 13, 68, 49, 26]],

[ 56, 25, 1,[ 96, 47, 65]],

[ 73, 95, 1,[ 8, 96, 0]],

[ 69, 55, 1,[ 45, 35]],

[ 32, 65, 1,[ 72, 75, 1]],

[ 88, 5, 1,[ 2, 21, 77]],

[ 53, 95, 1,[ 58, 2, 65]],

[ 86, 35, 1,[ 59, 20]],

[ 65, 15, 0,[ 20, 0, 56, 48, 53, 46]],

[ 21, 5, 1,[ 11, 52, 88]],

[ 0, 15, 0,[ 2, 44, 73, 13, 31, 49, 65, 24, 3, 55, 66]],

[ 98, 15, 0,[ 43]],

[ 12, 15, 0,[ 84, 92, 1, 80, 83]],

[ 79, 15, 0,[ 58, 26, 41, 97, 2, 11]],

[ 94, 5, 1,[ 33, 92, 47, 44]],

[ 81, 15, 0,[ 96, 90, 1, 20, 50, 37, 26]],

[ 43, 15, 0,[ 64, 98, 17, 99, 97]],

[ 55, 15, 0,[ 28, 13, 15, 29, 0]],

[ 92, 15, 0,[ 94, 78, 84, 12, 15]],

[ 91, 55, 1,[ 52, 26]],

[ 47, 5, 0,[ 18, 94, 66, 56]],

[ 9, 15, 0,[ 15, 68, 60, 76, 64, 57]],

[ 76, 15, 0,[ 80, 50, 58, 7, 9]],

[ 36, 5, 1,[ 4, 66, 28]],

[ 35, 15, 0,[ 69, 8, 71, 7, 33]],

[ 46, 15, 0,[ 58, 77, 65, 8]],

[ 23, 5, 1,[ 29, 5, 66]],

[ 83, 65, 1,[ 12, 42, 67]],

[ 13, 45, 1,[ 20, 40, 0, 55]],

[ 72, 45, 1,[ 18, 51, 32]],

[ 11, 15, 0,[ 18, 63, 87, 61, 79, 21, 97]],

[ 50, 15, 0,[ 76, 81, 96, 45, 22]],

[ 95, 35, 1,[ 93, 96]],

[ 66, 5, 0,[ 23, 47, 36, 0, 31]],

[ 96, 15, 0,[ 95, 73, 6, 56, 50, 81]],

[ 5, 15, 0,[ 97, 23, 37, 99, 70]],

[ 77, 15, 0,[ 80, 68, 27, 88, 46]],

[ 26, 15, 0,[ 40, 81, 79, 93, 75, 97, 91]],

[ 63, 15, 1,[ 64, 54, 11]],

[ 54, 15, 0,[ 6, 2, 14, 19, 78, 63]],

[ 38, 25, 1,[ 85, 6]],

[ 64, 15, 0,[ 4, 63, 89, 9, 43]],

[ 57, 45, 1,[ 9]],

[ 27, 15, 0,[ 77, 89, 61, 15]],

[ 20, 15, 0,[ 13, 34, 81, 65, 86]],

[ 85, 5, 1,[ 4, 38]],

[ 22, 25, 1,[ 50, 71]],

[ 68, 15, 0,[ 44, 77, 25, 9, 40, 4]],

[ 2, 15, 0,[ 88, 0, 99, 54, 89, 79, 3, 52, 53]],

[ 80, 15, 0,[ 10, 76, 89, 12, 77]],

[ 41, 55, 1,[ 16, 79, 6]],

[ 42, 5, 1,[ 17, 83]],

[ 74, 5, 1,[ 99]],

[ 17, 15, 0,[ 42, 29, 93, 43]],

[ 89, 15, 0,[ 64, 67, 2, 80, 24, 27]],

[ 31, 15, 1,[ 66, 7, 0]],

[ 28, 15, 0,[ 55, 49, 36, 59]],

[ 52, 15, 0,[ 58, 2, 21, 7, 91]],

[ 30, 55, 1,[ 14, 34, 87]],

