[ 85, 25, 0,[ 38, 4]],

[ 77, 5, 0,[ 27, 46, 68, 88, 80]],

[ 75, 5, 0,[ 7, 26, 32]],

[ 60, 5, 0,[ 62, 93, 9]],

[ 55, 5, 0,[ 13, 0, 15, 29, 28]],

[ 30, 5, 0,[ 14, 34, 87]],

[ 21, 5, 0,[ 52, 11, 88]],

[ 43, 5, 0,[ 17, 64, 97, 98, 99]],

[ 19, 85, 1,[ 70, 54]],

[ 6, 5, 0,[ 54, 62, 40, 38, 41, 96]],

[ 89, 5, 0,[ 24, 80, 27, 64, 67, 2]],

[ 88, 5, 0,[ 21, 77, 2]],

[ 14, 5, 0,[ 8, 54, 30]],

[ 1, 5, 0,[ 12, 81, 45, 32]],

[ 63, 5, 0,[ 54, 64, 11]],

[ 45, 5, 0,[ 1, 69, 50]],

[ 62, 5, 0,[ 60, 6, 99, 82]],

[ 27, 5, 0,[ 77, 15, 61, 89]],

[ 99, 5, 0,[ 74, 2, 5, 43, 62]],

[ 26, 5, 0,[ 93, 97, 75, 79, 81, 40, 91]],

[ 41, 5, 0,[ 6, 79, 16]],

[ 42, 5, 0,[ 17, 83]],

[ 5, 5, 0,[ 97, 99, 37, 23, 70]],

[ 69, 25, 1,[ 45, 35]],

[ 65, 5, 0,[ 53, 46, 48, 56, 20, 0]],

[ 34, 5, 0,[ 20, 4, 7, 82, 30]],

[ 12, 5, 0,[ 80, 83, 1, 84, 92]],

[ 93, 5, 0,[ 17, 95, 60, 26]],

[ 11, 5, 0,[ 87, 18, 97, 63, 61, 79, 21]],

[ 2, 5, 0,[ 53, 54, 3, 79, 89, 0, 52, 99, 88]],

[ 76, 5, 0,[ 7, 50, 58, 9, 80]],

[ 64, 5, 0,[ 43, 9, 63, 4, 89]],

[ 53, 5, 0,[ 58, 2, 65]],

[ 3, 5, 0,[ 0, 82, 59, 2]],

[ 25, 5, 0,[ 51, 68]],

[ 32, 5, 0,[ 72, 1, 75]],

[ 84, 5, 0,[ 49, 8, 12, 92, 33]],

[ 90, 75, 1,[ 81, 78]],

[ 78, 5, 0,[ 90, 61, 92, 54]],

[ 70, 5, 0,[ 24, 5, 19]],

[ 31, 5, 0,[ 66, 0, 7]],

[ 61, 5, 0,[ 78, 11, 29, 27]],

[ 48, 5, 1,[ 65]],

[ 81, 5, 0,[ 90, 96, 26, 20, 1, 50, 37]],

[ 50, 5, 0,[ 22, 45, 76, 81, 96]],

[ 86, 5, 0,[ 59, 20]],

[ 56, 5, 0,[ 96, 65, 47]],

[ 92, 5, 0,[ 15, 84, 94, 78, 12]],

[ 33, 5, 0,[ 84, 94, 35]],

[ 35, 5, 0,[ 7, 69, 71, 33, 8]],

[ 51, 5, 0,[ 25, 72, 71]],

[ 66, 5, 0,[ 0, 36, 31, 47, 23]],

[ 40, 5, 0,[ 68, 26, 49, 13, 6]],

[ 94, 5, 0,[ 47, 44, 92, 33]],

[ 49, 5, 0,[ 44, 40, 84, 28, 67, 0]],

[ 24, 5, 0,[ 89, 70, 0]],

[ 10, 65, 1,[ 80]],

[ 95, 25, 1,[ 93, 96]],

[ 74, 25, 1,[ 99]],

[ 38, 25, 0,[ 6, 85]],

[ 80, 5, 0,[ 10, 77, 76, 89, 12]],

[ 18, 5, 0,[ 47, 11, 72, 67]],

[ 9, 5, 0,[ 64, 60, 76, 68, 15, 57]],

[ 54, 5, 0,[ 14, 2, 78, 6, 63, 19]],

[ 59, 5, 0,[ 86, 3, 28]],

[ 46, 5, 0,[ 65, 77, 58, 8]],

[ 39, 15, 1,[ 29]],

[ 15, 5, 0,[ 9, 37, 55, 92, 27]],

[ 72, 5, 0,[ 18, 32, 51]],

[ 28, 5, 0,[ 49, 55, 59, 36]],

[ 82, 5, 0,[ 3, 34, 62]],

[ 17, 5, 0,[ 42, 93, 29, 43]],

[ 29, 5, 0,[ 23, 61, 39, 17, 55]],

[ 22, 5, 0,[ 71, 50]],

[ 87, 5, 0,[ 11, 30, 8]],

[ 58, 5, 0,[ 46, 52, 53, 79, 44, 76]],

[ 57, 25, 1,[ 9]],

[ 44, 5, 0,[ 68, 49, 4, 58, 94, 0]],

[ 8, 5, 0,[ 14, 84, 46, 35, 73, 87]],

[ 23, 5, 0,[ 29, 66, 5]],

[ 36, 5, 0,[ 66, 28, 4]],

[ 97, 5, 0,[ 79, 26, 43, 11, 5]],

[ 20, 5, 0,[ 81, 13, 34, 86, 65]],

[ 68, 5, 0,[ 4, 44, 9, 77, 25, 40]],

[ 37, 5, 0,[ 5, 81, 15]],

[ 4, 5, 0,[ 68, 64, 85, 44, 34, 36]],

[ 7, 5, 0,[ 35, 31, 52, 75, 34, 76]],

[ 71, 5, 0,[ 51, 35, 22]],

[ 13, 5, 0,[ 0, 40, 55, 20]],

[ 98, 85, 1,[ 43]],

[ 0, 5, 0,[ 73, 31, 2, 44, 55, 66, 13, 3, 65, 24, 49]],

[ 79, 5, 0,[ 11, 41, 2, 97, 58, 26]],

[ 96, 5, 0,[ 81, 50, 95, 73, 6, 56]],

[ 67, 5, 0,[ 49, 18, 83, 89]],

[ 73, 5, 0,[ 0, 8, 96]],

[ 83, 5, 0,[ 67, 12, 42]],

[ 16, 75, 0,[ 41]],

[ 47, 5, 0,[ 56, 18, 94, 66]],

[ 91, 5, 0,[ 52, 26]],

[ 52, 5, 0,[ 2, 58, 7, 21, 91]],

