[ 6, 55, 1,[ 54, 96, 41, 62, 40, 38]],

[ 95, 55, 0,[ 96, 93]],

[ 93, 35, 1,[ 26, 17, 95, 60]],

[ 89, 45, 1,[ 24, 27, 80, 67, 64, 2]],

[ 58, 25, 1,[ 53, 46, 76, 44, 79, 52]],

[ 17, 85, 0,[ 43, 29, 93, 42]],

[ 21, 95, 0,[ 11, 52, 88]],

[ 40, 25, 1,[ 6, 26, 13, 68, 49]],

[ 82, 5, 0,[ 34, 3, 62]],

[ 91, 85, 0,[ 26, 52]],

[ 99, 85, 1,[ 5, 74, 43, 2, 62]],

[ 69, 15, 0,[ 35, 45]],

[ 75, 25, 0,[ 7, 32, 26]],

[ 55, 75, 1,[ 29, 0, 28, 13, 15]],

[ 48, 75, 0,[ 65]],

[ 72, 75, 0,[ 32, 18, 51]],

[ 96, 85, 1,[ 73, 81, 56, 6, 95, 50]],

[ 25, 95, 0,[ 51, 68]],

[ 81, 25, 1,[ 26, 50, 96, 90, 1, 37, 20]],

[ 78, 5, 0,[ 54, 61, 90, 92]],

[ 13, 85, 1,[ 40, 55, 0, 20]],

[ 57, 55, 0,[ 9]],

[ 47, 25, 0,[ 56, 66, 18, 94]],

[ 44, 45, 1,[ 49, 4, 0, 94, 58, 68]],

[ 83, 75, 0,[ 67, 42, 12]],

[ 70, 25, 0,[ 19, 5, 24]],

[ 16, 5, 0,[ 41]],

[ 51, 75, 0,[ 71, 25, 72]],

[ 87, 45, 0,[ 8, 30, 11]],

[ 61, 55, 1,[ 78, 11, 29, 27]],

[ 42, 55, 0,[ 17, 83]],

[ 64, 65, 1,[ 4, 43, 89, 9, 63]],

[ 36, 55, 0,[ 4, 66, 28]],

[ 60, 5, 0,[ 62, 93, 9]],

[ 23, 25, 0,[ 5, 66, 29]],

[ 28, 55, 1,[ 36, 59, 49, 55]],

[ 31, 95, 0,[ 66, 7, 0]],

[ 43, 15, 1,[ 99, 98, 64, 97, 17]],

[ 5, 25, 1,[ 37, 23, 97, 99, 70]],

[ 88, 55, 0,[ 2, 77, 21]],

[ 73, 5, 0,[ 8, 0, 96]],

[ 8, 15, 1,[ 46, 84, 35, 14, 87, 73]],

[ 53, 65, 0,[ 58, 65, 2]],

[ 94, 55, 1,[ 33, 44, 47, 92]],

[ 35, 25, 1,[ 7, 69, 71, 33, 8]],

[ 85, 15, 0,[ 4, 38]],

[ 46, 35, 1,[ 8, 58, 65, 77]],

[ 67, 45, 1,[ 89, 18, 49, 83]],

[ 33, 55, 0,[ 94, 35, 84]],

[ 74, 85, 0,[ 99]],

[ 30, 25, 0,[ 87, 14, 34]],

[ 3, 5, 0,[ 2, 0, 59, 82]],

[ 54, 45, 1,[ 14, 19, 6, 63, 2, 78]],

[ 86, 25, 0,[ 59, 20]],

[ 11, 65, 1,[ 79, 97, 21, 87, 18, 61, 63]],

[ 26, 65, 1,[ 79, 97, 75, 40, 81, 93, 91]],

[ 76, 25, 1,[ 80, 50, 9, 58, 7]],

[ 50, 55, 1,[ 96, 76, 22, 81, 45]],

[ 80, 5, 1,[ 77, 89, 12, 10, 76]],

[ 29, 85, 1,[ 23, 55, 39, 61, 17]],

[ 45, 95, 0,[ 50, 69, 1]],

[ 20, 85, 1,[ 13, 65, 34, 86, 81]],

[ 49, 5, 1,[ 44, 67, 40, 0, 84, 28]],

[ 22, 75, 0,[ 71, 50]],

[ 18, 65, 1,[ 47, 67, 11, 72]],

[ 59, 15, 0,[ 28, 3, 86]],

[ 0, 65, 1,[ 49, 2, 73, 66, 13, 55, 31, 24, 44, 65, 3]],

[ 38, 15, 0,[ 85, 6]],

[ 24, 25, 0,[ 70, 89, 0]],

[ 90, 5, 0,[ 81, 78]],

[ 68, 25, 1,[ 77, 25, 4, 40, 44, 9]],

[ 92, 75, 1,[ 78, 84, 12, 15, 94]],

[ 2, 5, 1,[ 52, 99, 3, 0, 89, 88, 54, 79, 53]],

[ 10, 25, 0,[ 80]],

[ 52, 35, 1,[ 21, 91, 58, 2, 7]],

[ 77, 55, 1,[ 68, 80, 88, 27, 46]],

[ 4, 15, 1,[ 85, 36, 44, 34, 68, 64]],

[ 15, 85, 1,[ 55, 27, 9, 92, 37]],

[ 71, 75, 0,[ 22, 35, 51]],

[ 19, 45, 0,[ 54, 70]],

[ 98, 65, 0,[ 43]],

[ 66, 25, 1,[ 31, 36, 47, 23, 0]],

[ 39, 25, 0,[ 29]],

[ 65, 65, 1,[ 53, 46, 0, 20, 56, 48]],

[ 34, 65, 1,[ 7, 30, 4, 82, 20]],

[ 79, 5, 1,[ 97, 26, 11, 58, 2, 41]],

[ 9, 5, 1,[ 15, 57, 60, 76, 68, 64]],

[ 41, 5, 0,[ 6, 79, 16]],

[ 27, 5, 1,[ 89, 61, 77, 15]],

[ 84, 15, 1,[ 12, 33, 92, 49, 8]],

[ 56, 25, 0,[ 96, 65, 47]],

[ 97, 65, 1,[ 26, 5, 11, 43, 79]],

[ 1, 95, 0,[ 32, 81, 12, 45]],

[ 14, 95, 0,[ 54, 8, 30]],

[ 63, 65, 0,[ 54, 64, 11]],

[ 12, 95, 1,[ 92, 80, 84, 1, 83]],

[ 32, 75, 0,[ 75, 72, 1]],

[ 7, 15, 1,[ 76, 35, 75, 52, 31, 34]],

[ 62, 5, 1,[ 60, 99, 6, 82]],

[ 37, 25, 0,[ 15, 81, 5]],

