[ 46, 35, 0,[ 65, 58, 77, 8]],

[ 64, 15, 0,[ 4, 63, 43, 9, 89]],

[ 54, 95, 0,[ 14, 2, 63, 78, 6, 19]],

[ 41, 95, 0,[ 16, 6, 79]],

[ 22, 15, 0,[ 50, 71]],

[ 63, 25, 0,[ 54, 64, 11]],

[ 77, 15, 0,[ 88, 27, 68, 46, 80]],

[ 29, 95, 0,[ 55, 17, 39, 61, 23]],

[ 61, 95, 0,[ 11, 78, 29, 27]],

[ 35, 15, 0,[ 8, 33, 7, 71, 69]],

[ 80, 15, 0,[ 77, 89, 76, 12, 10]],

[ 88, 95, 0,[ 77, 21, 2]],

[ 42, 95, 0,[ 17, 83]],

[ 81, 35, 1,[ 37, 96, 1, 26, 50, 90, 20]],

[ 17, 95, 0,[ 93, 43, 29, 42]],

[ 5, 95, 0,[ 37, 99, 23, 97, 70]],

[ 96, 35, 0,[ 81, 50, 56, 73, 95, 6]],

[ 70, 95, 0,[ 5, 19, 24]],

[ 75, 85, 0,[ 7, 32, 26]],

[ 92, 15, 0,[ 15, 94, 78, 12, 84]],

[ 34, 35, 0,[ 30, 4, 82, 7, 20]],

[ 82, 35, 0,[ 62, 3, 34]],

[ 1, 15, 0,[ 81, 45, 12, 32]],

[ 40, 35, 0,[ 6, 26, 68, 49, 13]],

[ 39, 95, 0,[ 29]],

[ 43, 95, 0,[ 64, 99, 98, 17, 97]],

[ 57, 15, 0,[ 9]],

[ 27, 15, 0,[ 77, 15, 61, 89]],

[ 62, 95, 0,[ 6, 99, 82, 60]],

[ 50, 15, 0,[ 96, 76, 45, 22, 81]],

[ 36, 35, 0,[ 4, 28, 66]],

[ 47, 15, 0,[ 94, 56, 18, 66]],

[ 12, 15, 0,[ 80, 92, 83, 84, 1]],

[ 7, 95, 1,[ 35, 76, 75, 34, 52, 31]],

[ 78, 95, 0,[ 54, 90, 92, 61]],

[ 48, 35, 0,[ 65]],

[ 37, 35, 0,[ 5, 15, 81]],

[ 38, 95, 0,[ 85, 6]],

[ 67, 15, 0,[ 18, 89, 49, 83]],

[ 71, 15, 0,[ 51, 22, 35]],

[ 13, 35, 0,[ 40, 0, 20, 55]],

[ 45, 15, 0,[ 69, 50, 1]],

[ 2, 95, 1,[ 89, 0, 53, 79, 54, 52, 88, 99, 3]],

[ 44, 15, 0,[ 4, 58, 49, 0, 68, 94]],

[ 68, 15, 0,[ 25, 9, 4, 77, 44, 40]],

[ 58, 45, 1,[ 44, 76, 53, 79, 52, 46]],

[ 95, 35, 0,[ 93, 96]],

[ 51, 15, 0,[ 25, 72, 71]],

[ 83, 15, 0,[ 67, 12, 42]],

[ 33, 15, 0,[ 84, 35, 94]],

[ 69, 15, 0,[ 45, 35]],

[ 93, 95, 0,[ 17, 95, 26, 60]],

[ 9, 15, 0,[ 76, 64, 68, 15, 60, 57]],

[ 26, 85, 1,[ 81, 91, 75, 79, 40, 97, 93]],

[ 21, 95, 0,[ 52, 88, 11]],

[ 6, 95, 0,[ 38, 96, 62, 41, 54, 40]],

[ 4, 15, 1,[ 34, 36, 85, 64, 68, 44]],

[ 99, 95, 0,[ 2, 62, 43, 74, 5]],

[ 8, 35, 0,[ 73, 35, 84, 14, 46, 87]],

[ 97, 95, 0,[ 5, 43, 79, 11, 26]],

[ 86, 35, 0,[ 20, 59]],

[ 0, 35, 1,[ 3, 24, 66, 49, 31, 13, 55, 65, 2, 73, 44]],

[ 79, 95, 0,[ 26, 2, 58, 11, 41, 97]],

[ 11, 25, 1,[ 97, 21, 87, 61, 18, 79, 63]],

[ 23, 95, 0,[ 29, 5, 66]],

[ 30, 35, 0,[ 87, 34, 14]],

[ 98, 95, 0,[ 43]],

[ 66, 35, 0,[ 0, 23, 36, 47, 31]],

[ 31, 35, 0,[ 66, 0, 7]],

[ 89, 15, 1,[ 2, 67, 64, 80, 27, 24]],

[ 49, 65, 1,[ 67, 0, 28, 44, 40, 84]],

[ 10, 15, 0,[ 80]],

[ 65, 35, 0,[ 0, 46, 53, 56, 20, 48]],

[ 16, 95, 0,[ 41]],

[ 85, 15, 0,[ 38, 4]],

[ 74, 95, 0,[ 99]],

[ 18, 15, 0,[ 72, 67, 11, 47]],

[ 32, 15, 0,[ 72, 1, 75]],

[ 56, 35, 0,[ 96, 65, 47]],

[ 60, 95, 0,[ 62, 93, 9]],

[ 90, 35, 0,[ 78, 81]],

[ 20, 35, 0,[ 34, 13, 65, 86, 81]],

[ 14, 35, 0,[ 8, 30, 54]],

[ 55, 35, 0,[ 13, 29, 0, 15, 28]],

[ 94, 15, 0,[ 33, 47, 44, 92]],

[ 25, 15, 0,[ 68, 51]],

[ 91, 85, 0,[ 26, 52]],

[ 72, 15, 0,[ 18, 32, 51]],

[ 84, 15, 0,[ 12, 8, 49, 33, 92]],

[ 19, 95, 0,[ 70, 54]],

[ 15, 15, 0,[ 55, 92, 9, 37, 27]],

[ 59, 35, 0,[ 86, 3, 28]],

[ 28, 35, 0,[ 49, 59, 36, 55]],

[ 87, 35, 0,[ 30, 8, 11]],

[ 52, 95, 0,[ 7, 21, 58, 2, 91]],

[ 73, 35, 0,[ 0, 96, 8]],

[ 53, 45, 0,[ 58, 2, 65]],

[ 76, 15, 0,[ 80, 58, 7, 9, 50]],

[ 24, 95, 0,[ 0, 70, 89]],

[ 3, 35, 0,[ 82, 2, 59, 0]],

