[ 47, 65, 0,[ 94, 56, 18, 66]],

[ 92, 5, 0,[ 94, 84, 15, 78, 12]],

[ 18, 65, 0,[ 67, 72, 11, 47]],

[ 38, 55, 0,[ 85, 6]],

[ 12, 25, 0,[ 92, 1, 80, 84, 83]],

[ 36, 5, 0,[ 28, 66, 4]],

[ 70, 55, 0,[ 19, 24, 5]],

[ 94, 5, 0,[ 92, 47, 33, 44]],

[ 55, 85, 0,[ 0, 15, 28, 13, 29]],

[ 64, 85, 0,[ 9, 63, 4, 43, 89]],

[ 19, 55, 0,[ 54, 70]],

[ 79, 55, 1,[ 26, 97, 58, 41, 2, 11]],

[ 62, 55, 0,[ 99, 60, 6, 82]],

[ 35, 5, 0,[ 33, 8, 71, 69, 7]],

[ 1, 25, 0,[ 45, 12, 32, 81]],

[ 81, 25, 1,[ 20, 96, 90, 50, 37, 26, 1]],

[ 26, 55, 1,[ 97, 40, 91, 93, 81, 79, 75]],

[ 14, 5, 0,[ 30, 8, 54]],

[ 57, 85, 0,[ 9]],

[ 22, 5, 0,[ 71, 50]],

[ 87, 65, 0,[ 8, 30, 11]],

[ 40, 55, 0,[ 13, 49, 68, 26, 6]],

[ 54, 55, 0,[ 78, 2, 19, 6, 14, 63]],

[ 67, 65, 0,[ 49, 83, 18, 89]],

[ 84, 5, 0,[ 8, 12, 33, 49, 92]],

[ 29, 85, 0,[ 17, 23, 39, 61, 55]],

[ 13, 95, 0,[ 20, 0, 40, 55]],

[ 39, 85, 0,[ 29]],

[ 10, 25, 0,[ 80]],

[ 23, 95, 0,[ 66, 5, 29]],

[ 96, 75, 1,[ 95, 73, 81, 56, 50, 6]],

[ 99, 75, 0,[ 43, 74, 2, 62, 5]],

[ 4, 5, 0,[ 36, 68, 44, 85, 34, 64]],

[ 25, 5, 0,[ 68, 51]],

[ 6, 55, 0,[ 54, 41, 62, 96, 38, 40]],

[ 9, 85, 1,[ 68, 76, 15, 57, 60, 64]],

[ 53, 75, 0,[ 58, 65, 2]],

[ 82, 95, 0,[ 3, 62, 34]],

[ 37, 25, 0,[ 81, 15, 5]],

[ 60, 85, 0,[ 62, 93, 9]],

[ 17, 25, 0,[ 43, 29, 42, 93]],

[ 33, 5, 0,[ 84, 94, 35]],

[ 52, 75, 0,[ 58, 2, 21, 7, 91]],

[ 76, 75, 0,[ 58, 80, 9, 7, 50]],

[ 0, 95, 1,[ 44, 13, 2, 24, 31, 3, 49, 55, 65, 66, 73]],

[ 42, 65, 0,[ 83, 17]],

[ 21, 65, 0,[ 88, 52, 11]],

[ 59, 55, 0,[ 3, 86, 28]],

[ 8, 5, 0,[ 84, 14, 46, 35, 73, 87]],

[ 49, 55, 1,[ 40, 28, 0, 44, 67, 84]],

[ 3, 95, 0,[ 2, 82, 59, 0]],

[ 41, 55, 0,[ 79, 6, 16]],

[ 65, 95, 0,[ 48, 53, 46, 20, 0, 56]],

[ 80, 25, 0,[ 12, 89, 77, 10, 76]],

[ 69, 5, 0,[ 35, 45]],

[ 32, 25, 0,[ 72, 1, 75]],

[ 31, 95, 0,[ 66, 7, 0]],

[ 98, 25, 0,[ 43]],

[ 90, 25, 0,[ 78, 81]],

[ 58, 5, 0,[ 76, 53, 46, 52, 44, 79]],

[ 75, 55, 0,[ 7, 26, 32]],

[ 72, 65, 0,[ 18, 51, 32]],

[ 27, 95, 0,[ 77, 15, 89, 61]],

[ 97, 55, 0,[ 5, 43, 26, 11, 79]],

[ 61, 65, 0,[ 29, 27, 78, 11]],

[ 5, 55, 0,[ 70, 37, 97, 99, 23]],

[ 11, 65, 1,[ 21, 97, 87, 18, 63, 79, 61]],

[ 48, 95, 0,[ 65]],

[ 7, 95, 0,[ 35, 34, 75, 31, 52, 76]],

[ 20, 95, 0,[ 65, 86, 13, 34, 81]],

[ 16, 55, 0,[ 41]],

[ 77, 25, 0,[ 80, 46, 27, 88, 68]],

[ 73, 95, 0,[ 8, 96, 0]],

[ 30, 95, 0,[ 34, 14, 87]],

[ 66, 95, 0,[ 31, 36, 23, 47, 0]],

[ 95, 75, 0,[ 93, 96]],

[ 24, 95, 0,[ 70, 0, 89]],

[ 56, 65, 0,[ 47, 96, 65]],

[ 68, 5, 0,[ 25, 44, 9, 4, 77, 40]],

[ 78, 55, 0,[ 92, 61, 54, 90]],

[ 51, 5, 0,[ 72, 25, 71]],

[ 63, 85, 0,[ 11, 64, 54]],

[ 85, 5, 0,[ 4, 38]],

[ 34, 95, 0,[ 30, 4, 20, 82, 7]],

[ 89, 95, 1,[ 67, 24, 64, 2, 27, 80]],

[ 50, 75, 0,[ 45, 81, 22, 96, 76]],

[ 43, 25, 0,[ 97, 98, 17, 64, 99]],

[ 86, 95, 0,[ 59, 20]],

[ 71, 5, 0,[ 35, 22, 51]],

[ 28, 55, 0,[ 55, 36, 59, 49]],

[ 88, 75, 0,[ 77, 2, 21]],

[ 83, 65, 0,[ 67, 42, 12]],

[ 91, 55, 0,[ 52, 26]],

[ 2, 75, 1,[ 3, 54, 53, 79, 52, 0, 88, 99, 89]],

[ 44, 5, 0,[ 58, 4, 49, 0, 68, 94]],

[ 46, 5, 0,[ 65, 8, 58, 77]],

[ 93, 55, 0,[ 26, 17, 60, 95]],

[ 74, 75, 0,[ 99]],

[ 45, 5, 0,[ 50, 1, 69]],

[ 15, 85, 0,[ 9, 27, 37, 55, 92]],

