[ 88, 55, 0,[ 77, 21, 2]],

[ 7, 25, 1,[ 76, 31, 75, 34, 35, 52]],

[ 13, 65, 0,[ 40, 55, 0, 20]],

[ 73, 65, 0,[ 8, 0, 96]],

[ 41, 55, 0,[ 16, 79, 6]],

[ 12, 85, 1,[ 84, 83, 1, 80, 92]],

[ 43, 25, 1,[ 98, 99, 17, 64, 97]],

[ 0, 65, 1,[ 2, 55, 49, 44, 31, 13, 3, 24, 65, 73, 66]],

[ 71, 35, 0,[ 51, 22, 35]],

[ 11, 5, 1,[ 61, 97, 79, 18, 87, 21, 63]],

[ 15, 65, 1,[ 55, 9, 37, 27, 92]],

[ 80, 25, 1,[ 76, 89, 10, 77, 12]],

[ 95, 35, 0,[ 93, 96]],

[ 14, 55, 0,[ 8, 54, 30]],

[ 54, 55, 1,[ 6, 78, 14, 63, 19, 2]],

[ 8, 65, 1,[ 35, 84, 14, 73, 87, 46]],

[ 18, 65, 1,[ 11, 67, 72, 47]],

[ 40, 75, 1,[ 49, 13, 68, 6, 26]],

[ 58, 35, 1,[ 53, 76, 79, 44, 52, 46]],

[ 52, 5, 1,[ 7, 91, 2, 21, 58]],

[ 56, 55, 0,[ 47, 96, 65]],

[ 34, 45, 1,[ 20, 82, 30, 4, 7]],

[ 89, 65, 1,[ 67, 27, 64, 80, 2, 24]],

[ 93, 35, 0,[ 17, 95, 60, 26]],

[ 74, 95, 0,[ 99]],

[ 33, 35, 0,[ 35, 94, 84]],

[ 28, 5, 1,[ 49, 36, 59, 55]],

[ 22, 95, 0,[ 50, 71]],

[ 94, 75, 0,[ 44, 47, 92, 33]],

[ 98, 25, 0,[ 43]],

[ 68, 45, 1,[ 77, 40, 44, 9, 4, 25]],

[ 61, 95, 1,[ 27, 11, 29, 78]],

[ 76, 5, 1,[ 50, 58, 7, 80, 9]],

[ 57, 35, 0,[ 9]],

[ 2, 55, 1,[ 54, 88, 89, 0, 52, 79, 3, 53, 99]],

[ 92, 25, 1,[ 15, 12, 84, 94, 78]],

[ 60, 35, 0,[ 93, 9, 62]],

[ 87, 5, 0,[ 30, 11, 8]],

[ 91, 85, 0,[ 52, 26]],

[ 64, 35, 1,[ 89, 63, 4, 43, 9]],

[ 20, 5, 1,[ 81, 65, 86, 34, 13]],

[ 48, 55, 0,[ 65]],

[ 70, 45, 0,[ 24, 5, 19]],

[ 50, 95, 1,[ 45, 96, 22, 81, 76]],

[ 83, 85, 0,[ 42, 12, 67]],

[ 82, 25, 0,[ 3, 34, 62]],

[ 78, 95, 1,[ 54, 61, 92, 90]],

[ 37, 65, 0,[ 81, 5, 15]],

[ 85, 95, 0,[ 4, 38]],

[ 84, 15, 1,[ 92, 12, 49, 33, 8]],

[ 81, 65, 1,[ 50, 1, 26, 37, 96, 20, 90]],

[ 4, 95, 1,[ 36, 68, 85, 34, 64, 44]],

[ 55, 25, 1,[ 15, 13, 29, 0, 28]],

[ 51, 65, 0,[ 25, 72, 71]],

[ 47, 45, 1,[ 94, 18, 56, 66]],

[ 36, 95, 0,[ 4, 66, 28]],

[ 16, 55, 0,[ 41]],

[ 9, 35, 1,[ 68, 76, 60, 64, 57, 15]],

[ 1, 65, 0,[ 81, 32, 45, 12]],

[ 62, 25, 0,[ 99, 6, 82, 60]],

[ 44, 75, 1,[ 4, 94, 49, 58, 0, 68]],

[ 21, 5, 0,[ 11, 52, 88]],

[ 3, 25, 1,[ 2, 82, 59, 0]],

[ 96, 15, 1,[ 56, 50, 81, 95, 73, 6]],

[ 53, 55, 0,[ 65, 2, 58]],

[ 17, 55, 1,[ 42, 43, 29, 93]],

[ 25, 45, 0,[ 68, 51]],

[ 29, 85, 1,[ 23, 39, 17, 61, 55]],

[ 38, 15, 0,[ 85, 6]],

[ 63, 5, 0,[ 11, 54, 64]],

[ 99, 95, 1,[ 43, 5, 74, 62, 2]],

[ 86, 5, 0,[ 59, 20]],

[ 67, 75, 1,[ 49, 89, 18, 83]],

[ 35, 35, 1,[ 7, 33, 71, 69, 8]],

[ 79, 55, 1,[ 2, 41, 26, 58, 97, 11]],

[ 65, 55, 1,[ 20, 53, 46, 0, 48, 56]],

[ 24, 65, 0,[ 89, 0, 70]],

[ 45, 95, 0,[ 69, 50, 1]],

[ 42, 55, 0,[ 83, 17]],

[ 6, 15, 1,[ 41, 96, 38, 62, 40, 54]],

[ 49, 45, 1,[ 0, 28, 84, 67, 40, 44]],

[ 66, 5, 1,[ 36, 23, 0, 47, 31]],

[ 10, 25, 0,[ 80]],

[ 31, 65, 0,[ 0, 7, 66]],

[ 30, 5, 0,[ 34, 14, 87]],

[ 19, 55, 0,[ 54, 70]],

[ 5, 45, 1,[ 99, 97, 23, 37, 70]],

[ 69, 35, 0,[ 45, 35]],

[ 39, 85, 0,[ 29]],

[ 32, 65, 0,[ 1, 72, 75]],

[ 72, 65, 0,[ 18, 32, 51]],

[ 23, 5, 0,[ 66, 29, 5]],

[ 75, 85, 0,[ 26, 7, 32]],

[ 26, 85, 1,[ 79, 40, 75, 97, 93, 91, 81]],

[ 59, 25, 0,[ 28, 86, 3]],

[ 90, 65, 0,[ 78, 81]],

[ 27, 65, 1,[ 77, 15, 61, 89]],

[ 97, 25, 1,[ 43, 79, 11, 5, 26]],

[ 77, 15, 1,[ 88, 68, 27, 80, 46]],

[ 46, 15, 1,[ 8, 58, 77, 65]],

