[ 63, 85, 0,[ 54, 11, 64]],

[ 33, 85, 0,[ 35, 84, 94]],

[ 26, 85, 0,[ 93, 97, 91, 75, 81, 40, 79]],

[ 17, 85, 0,[ 29, 93, 42, 43]],

[ 38, 45, 0,[ 85, 6]],

[ 9, 85, 0,[ 57, 60, 68, 15, 64, 76]],

[ 15, 85, 0,[ 37, 92, 27, 9, 55]],

[ 89, 85, 0,[ 2, 80, 64, 24, 67, 27]],

[ 87, 85, 0,[ 30, 11, 8]],

[ 84, 85, 0,[ 49, 12, 33, 8, 92]],

[ 94, 85, 0,[ 44, 47, 92, 33]],

[ 75, 85, 0,[ 26, 32, 7]],

[ 16, 45, 0,[ 41]],

[ 28, 85, 0,[ 36, 59, 49, 55]],

[ 53, 85, 0,[ 58, 2, 65]],

[ 98, 65, 1,[ 43]],

[ 8, 85, 0,[ 73, 14, 46, 87, 35, 84]],

[ 66, 85, 0,[ 0, 23, 36, 31, 47]],

[ 2, 85, 0,[ 52, 54, 79, 89, 53, 99, 88, 0, 3]],

[ 65, 85, 0,[ 46, 0, 20, 53, 48, 56]],

[ 46, 85, 0,[ 65, 77, 58, 8]],

[ 45, 85, 0,[ 50, 69, 1]],

[ 37, 85, 0,[ 81, 15, 5]],

[ 25, 65, 0,[ 68, 51]],

[ 70, 85, 0,[ 5, 24, 19]],

[ 56, 85, 0,[ 96, 47, 65]],

[ 0, 85, 0,[ 73, 2, 66, 13, 49, 55, 3, 24, 44, 31, 65]],

[ 12, 85, 0,[ 80, 83, 84, 1, 92]],

[ 80, 85, 0,[ 89, 77, 76, 12, 10]],

[ 39, 35, 1,[ 29]],

[ 71, 25, 0,[ 22, 35, 51]],

[ 88, 85, 0,[ 21, 2, 77]],

[ 35, 85, 0,[ 8, 69, 33, 71, 7]],

[ 68, 85, 0,[ 9, 77, 40, 25, 44, 4]],

[ 79, 85, 0,[ 41, 26, 97, 2, 11, 58]],

[ 21, 85, 0,[ 11, 88, 52]],

[ 77, 85, 0,[ 46, 68, 27, 80, 88]],

[ 36, 85, 0,[ 66, 28, 4]],

[ 91, 35, 1,[ 52, 26]],

[ 67, 85, 0,[ 83, 18, 89, 49]],

[ 54, 85, 0,[ 2, 14, 63, 19, 78, 6]],

[ 14, 85, 0,[ 30, 54, 8]],

[ 49, 85, 0,[ 84, 0, 67, 44, 28, 40]],

[ 50, 85, 0,[ 81, 22, 45, 96, 76]],

[ 23, 85, 0,[ 66, 5, 29]],

[ 60, 85, 0,[ 62, 9, 93]],

[ 41, 85, 0,[ 79, 6, 16]],

[ 27, 85, 0,[ 61, 77, 15, 89]],

[ 40, 85, 0,[ 26, 6, 13, 68, 49]],

[ 97, 85, 0,[ 26, 43, 5, 11, 79]],

[ 82, 85, 0,[ 34, 3, 62]],

[ 61, 85, 0,[ 27, 11, 29, 78]],

[ 31, 85, 0,[ 66, 7, 0]],

[ 52, 85, 0,[ 7, 58, 91, 2, 21]],

[ 3, 85, 0,[ 82, 59, 0, 2]],

[ 81, 85, 0,[ 96, 50, 26, 20, 37, 1, 90]],

[ 13, 85, 0,[ 40, 0, 20, 55]],

[ 5, 85, 0,[ 70, 97, 99, 37, 23]],

[ 74, 55, 1,[ 99]],

[ 62, 85, 0,[ 60, 6, 99, 82]],

[ 90, 85, 0,[ 81, 78]],

[ 34, 85, 0,[ 82, 4, 30, 7, 20]],

[ 72, 85, 0,[ 18, 32, 51]],

[ 30, 85, 0,[ 34, 87, 14]],

[ 85, 25, 1,[ 38, 4]],

[ 73, 85, 0,[ 8, 96, 0]],

[ 99, 85, 0,[ 43, 74, 2, 62, 5]],

[ 55, 85, 0,[ 15, 29, 0, 28, 13]],

[ 51, 25, 0,[ 71, 72, 25]],

[ 78, 85, 0,[ 90, 61, 92, 54]],

[ 92, 85, 0,[ 12, 78, 84, 94, 15]],

[ 47, 85, 0,[ 66, 18, 94, 56]],

[ 4, 85, 0,[ 36, 64, 44, 34, 68, 85]],

[ 19, 25, 1,[ 70, 54]],

[ 64, 85, 0,[ 43, 9, 89, 4, 63]],

[ 42, 85, 0,[ 17, 83]],

[ 6, 85, 0,[ 54, 40, 38, 41, 62, 96]],

[ 83, 85, 0,[ 67, 12, 42]],

[ 59, 85, 0,[ 28, 3, 86]],

[ 10, 75, 1,[ 80]],

[ 7, 85, 0,[ 75, 52, 31, 35, 34, 76]],

[ 93, 85, 0,[ 95, 17, 26, 60]],

[ 22, 55, 0,[ 71, 50]],

[ 32, 85, 0,[ 75, 72, 1]],

[ 86, 85, 0,[ 59, 20]],

[ 69, 45, 1,[ 35, 45]],

[ 44, 85, 0,[ 94, 0, 4, 49, 68, 58]],

[ 57, 75, 1,[ 9]],

[ 11, 85, 0,[ 21, 97, 18, 61, 79, 87, 63]],

[ 24, 85, 0,[ 89, 70, 0]],

[ 43, 85, 0,[ 64, 17, 97, 98, 99]],

[ 20, 85, 0,[ 81, 13, 86, 34, 65]],

[ 1, 85, 0,[ 81, 12, 45, 32]],

[ 76, 85, 0,[ 80, 58, 7, 9, 50]],

[ 48, 85, 1,[ 65]],

[ 95, 85, 0,[ 93, 96]],

[ 18, 85, 0,[ 67, 11, 72, 47]],

[ 29, 85, 0,[ 55, 17, 39, 61, 23]],

[ 58, 85, 0,[ 46, 52, 79, 44, 76, 53]],

[ 96, 85, 0,[ 81, 56, 6, 73, 50, 95]],

