[ 22, 65, 0,[ 50, 71]],

[ 60, 5, 0,[ 93, 62, 9]],

[ 95, 25, 0,[ 96, 93]],

[ 37, 5, 0,[ 5, 81, 15]],

[ 47, 5, 0,[ 66, 94, 18, 56]],

[ 16, 5, 0,[ 41]],

[ 12, 5, 0,[ 84, 1, 83, 80, 92]],

[ 11, 35, 1,[ 79, 97, 61, 18, 87, 21, 63]],

[ 10, 5, 0,[ 80]],

[ 17, 5, 0,[ 93, 43, 29, 42]],

[ 63, 5, 0,[ 11, 64, 54]],

[ 71, 65, 0,[ 51, 35, 22]],

[ 43, 5, 0,[ 99, 17, 97, 64, 98]],

[ 78, 5, 0,[ 90, 54, 92, 61]],

[ 86, 5, 0,[ 59, 20]],

[ 15, 5, 0,[ 55, 92, 9, 27, 37]],

[ 50, 65, 0,[ 96, 45, 76, 22, 81]],

[ 4, 5, 0,[ 85, 68, 64, 34, 36, 44]],

[ 38, 5, 0,[ 85, 6]],

[ 29, 5, 0,[ 61, 55, 23, 39, 17]],

[ 58, 5, 0,[ 53, 76, 44, 52, 79, 46]],

[ 51, 65, 0,[ 25, 71, 72]],

[ 1, 65, 0,[ 45, 81, 12, 32]],

[ 28, 5, 0,[ 49, 59, 55, 36]],

[ 87, 5, 0,[ 8, 11, 30]],

[ 13, 5, 0,[ 0, 40, 20, 55]],

[ 98, 5, 0,[ 43]],

[ 44, 45, 1,[ 94, 0, 4, 49, 58, 68]],

[ 6, 5, 0,[ 54, 38, 41, 40, 96, 62]],

[ 70, 5, 0,[ 5, 19, 24]],

[ 56, 5, 0,[ 65, 96, 47]],

[ 72, 65, 0,[ 18, 51, 32]],

[ 65, 5, 0,[ 0, 20, 53, 48, 46, 56]],

[ 69, 65, 0,[ 35, 45]],

[ 32, 65, 0,[ 72, 75, 1]],

[ 5, 5, 0,[ 99, 97, 23, 37, 70]],

[ 90, 65, 0,[ 81, 78]],

[ 39, 5, 0,[ 29]],

[ 67, 5, 0,[ 18, 49, 89, 83]],

[ 80, 5, 0,[ 76, 10, 89, 12, 77]],

[ 66, 5, 0,[ 31, 0, 47, 36, 23]],

[ 64, 5, 0,[ 4, 9, 89, 63, 43]],

[ 49, 75, 1,[ 84, 67, 44, 28, 0, 40]],

[ 93, 5, 0,[ 26, 17, 95, 60]],

[ 77, 5, 0,[ 88, 46, 27, 68, 80]],

[ 8, 5, 0,[ 87, 35, 46, 14, 73, 84]],

[ 99, 5, 0,[ 74, 62, 5, 2, 43]],

[ 92, 5, 0,[ 94, 15, 78, 84, 12]],

[ 30, 5, 0,[ 14, 34, 87]],

[ 18, 5, 0,[ 67, 11, 47, 72]],

[ 94, 5, 0,[ 92, 33, 44, 47]],

[ 88, 5, 0,[ 2, 21, 77]],

[ 9, 5, 0,[ 57, 64, 15, 76, 60, 68]],

[ 45, 65, 0,[ 1, 69, 50]],

[ 46, 5, 0,[ 77, 65, 58, 8]],

[ 21, 5, 0,[ 88, 52, 11]],

[ 89, 85, 1,[ 27, 80, 2, 67, 64, 24]],

[ 48, 5, 0,[ 65]],

[ 19, 5, 0,[ 54, 70]],

[ 41, 5, 0,[ 6, 16, 79]],

[ 91, 75, 0,[ 52, 26]],

[ 54, 5, 0,[ 19, 78, 14, 63, 2, 6]],

[ 74, 5, 0,[ 99]],

[ 53, 5, 0,[ 2, 58, 65]],

[ 68, 95, 1,[ 9, 44, 40, 25, 77, 4]],

[ 81, 65, 1,[ 1, 26, 50, 20, 96, 37, 90]],

[ 20, 5, 0,[ 13, 65, 34, 86, 81]],

[ 85, 5, 0,[ 38, 4]],

[ 97, 5, 0,[ 26, 5, 11, 43, 79]],

[ 59, 5, 0,[ 3, 86, 28]],

[ 40, 75, 0,[ 13, 6, 26, 68, 49]],

[ 55, 5, 0,[ 0, 29, 28, 13, 15]],

[ 73, 5, 0,[ 0, 96, 8]],

[ 34, 5, 0,[ 4, 7, 30, 20, 82]],

[ 62, 5, 0,[ 82, 60, 6, 99]],

[ 82, 5, 0,[ 62, 3, 34]],

[ 83, 5, 0,[ 12, 42, 67]],

[ 52, 5, 0,[ 7, 91, 58, 21, 2]],

[ 3, 5, 0,[ 2, 0, 59, 82]],

[ 42, 5, 0,[ 17, 83]],

[ 14, 5, 0,[ 30, 8, 54]],

[ 26, 75, 1,[ 40, 93, 97, 81, 75, 79, 91]],

[ 23, 5, 0,[ 66, 29, 5]],

[ 31, 5, 0,[ 66, 7, 0]],

[ 35, 5, 0,[ 7, 71, 33, 8, 69]],

[ 0, 5, 1,[ 66, 55, 13, 3, 24, 65, 49, 73, 44, 31, 2]],

[ 75, 5, 0,[ 26, 7, 32]],

[ 2, 5, 1,[ 79, 3, 53, 0, 89, 54, 52, 88, 99]],

[ 7, 5, 0,[ 31, 76, 35, 52, 34, 75]],

[ 36, 5, 0,[ 4, 28, 66]],

[ 24, 5, 0,[ 89, 0, 70]],

[ 27, 5, 0,[ 89, 61, 77, 15]],

[ 57, 5, 0,[ 9]],

[ 25, 65, 0,[ 51, 68]],

[ 79, 5, 0,[ 58, 97, 11, 2, 26, 41]],

[ 61, 5, 0,[ 27, 11, 78, 29]],

[ 76, 5, 0,[ 80, 50, 9, 7, 58]],

[ 33, 5, 0,[ 35, 94, 84]],

[ 96, 25, 1,[ 95, 56, 50, 73, 81, 6]],

[ 84, 5, 0,[ 12, 8, 33, 49, 92]],

