[ 92, 45, 0,[ 84, 15, 12, 78, 94]],

[ 80, 55, 0,[ 12, 89, 77, 76, 10]],

[ 90, 85, 1,[ 81, 78]],

[ 83, 5, 0,[ 12, 42, 67]],

[ 17, 5, 0,[ 42, 43, 29, 93]],

[ 43, 75, 0,[ 64, 99, 97, 17, 98]],

[ 79, 55, 0,[ 26, 41, 2, 58, 97, 11]],

[ 25, 45, 0,[ 68, 51]],

[ 88, 95, 0,[ 2, 77, 21]],

[ 27, 55, 0,[ 15, 61, 89, 77]],

[ 85, 45, 1,[ 4, 38]],

[ 81, 15, 0,[ 37, 50, 26, 1, 20, 96, 90]],

[ 82, 95, 0,[ 34, 3, 62]],

[ 34, 95, 0,[ 7, 4, 30, 82, 20]],

[ 59, 95, 0,[ 28, 86, 3]],

[ 19, 95, 0,[ 70, 54]],

[ 50, 15, 0,[ 96, 76, 45, 81, 22]],

[ 41, 25, 0,[ 6, 79, 16]],

[ 67, 95, 0,[ 49, 89, 83, 18]],

[ 94, 45, 0,[ 44, 47, 92, 33]],

[ 76, 55, 0,[ 9, 7, 80, 50, 58]],

[ 44, 65, 0,[ 58, 94, 68, 4, 49, 0]],

[ 33, 45, 0,[ 84, 94, 35]],

[ 31, 65, 0,[ 0, 7, 66]],

[ 38, 25, 0,[ 6, 85]],

[ 93, 15, 0,[ 26, 60, 17, 95]],

[ 9, 45, 0,[ 15, 68, 76, 60, 57, 64]],

[ 10, 15, 1,[ 80]],

[ 63, 65, 0,[ 54, 64, 11]],

[ 60, 45, 0,[ 62, 9, 93]],

[ 56, 65, 0,[ 96, 47, 65]],

[ 37, 15, 0,[ 81, 15, 5]],

[ 22, 15, 0,[ 71, 50]],

[ 69, 15, 1,[ 45, 35]],

[ 55, 65, 0,[ 29, 15, 13, 28, 0]],

[ 3, 95, 0,[ 2, 59, 82, 0]],

[ 24, 65, 0,[ 70, 0, 89]],

[ 45, 15, 0,[ 69, 50, 1]],

[ 2, 95, 0,[ 53, 52, 88, 89, 99, 3, 54, 79, 0]],

[ 15, 45, 0,[ 27, 9, 92, 37, 55]],

[ 6, 25, 0,[ 96, 40, 54, 41, 62, 38]],

[ 99, 5, 0,[ 43, 74, 62, 5, 2]],

[ 61, 35, 0,[ 27, 29, 78, 11]],

[ 39, 35, 0,[ 29]],

[ 71, 55, 0,[ 35, 22, 51]],

[ 42, 5, 0,[ 17, 83]],

[ 70, 65, 0,[ 24, 5, 19]],

[ 14, 95, 0,[ 30, 8, 54]],

[ 49, 65, 0,[ 44, 0, 84, 40, 28, 67]],

[ 23, 65, 0,[ 29, 5, 66]],

[ 62, 5, 0,[ 6, 60, 99, 82]],

[ 78, 95, 0,[ 61, 54, 92, 90]],

[ 47, 65, 0,[ 66, 56, 94, 18]],

[ 96, 15, 0,[ 95, 50, 81, 56, 73, 6]],

[ 20, 95, 0,[ 81, 34, 13, 86, 65]],

[ 66, 65, 0,[ 0, 36, 31, 47, 23]],

[ 1, 15, 0,[ 45, 81, 12, 32]],

[ 87, 95, 0,[ 8, 30, 11]],

[ 35, 95, 0,[ 71, 33, 8, 7, 69]],

[ 36, 75, 0,[ 4, 28, 66]],

[ 54, 95, 0,[ 78, 63, 6, 2, 14, 19]],

[ 86, 95, 0,[ 59, 20]],

[ 30, 95, 0,[ 87, 34, 14]],

[ 64, 75, 0,[ 89, 43, 63, 4, 9]],

[ 5, 65, 0,[ 97, 37, 23, 70, 99]],

[ 89, 95, 0,[ 67, 80, 64, 2, 24, 27]],

[ 0, 65, 0,[ 49, 66, 65, 3, 73, 31, 55, 13, 2, 24, 44]],

[ 48, 45, 1,[ 65]],

[ 26, 15, 0,[ 97, 91, 75, 81, 79, 93, 40]],

[ 12, 45, 0,[ 92, 83, 84, 1, 80]],

[ 18, 65, 0,[ 67, 11, 72, 47]],

[ 21, 65, 0,[ 11, 88, 52]],

[ 72, 55, 0,[ 18, 51, 32]],

[ 75, 15, 0,[ 26, 32, 7]],

[ 40, 25, 0,[ 68, 49, 6, 26, 13]],

[ 57, 45, 1,[ 9]],

[ 97, 65, 0,[ 11, 43, 5, 79, 26]],

[ 53, 95, 0,[ 58, 2, 65]],

[ 8, 95, 0,[ 87, 84, 35, 46, 73, 14]],

[ 4, 75, 0,[ 34, 68, 85, 36, 44, 64]],

[ 16, 25, 1,[ 41]],

[ 46, 55, 0,[ 8, 58, 77, 65]],

[ 98, 5, 1,[ 43]],

[ 11, 65, 0,[ 61, 97, 87, 63, 79, 21, 18]],

[ 73, 65, 0,[ 0, 8, 96]],

[ 7, 65, 0,[ 34, 52, 76, 31, 35, 75]],

[ 29, 35, 0,[ 23, 55, 17, 39, 61]],

[ 95, 15, 0,[ 96, 93]],

[ 52, 65, 0,[ 21, 91, 2, 58, 7]],

[ 84, 45, 0,[ 12, 8, 33, 92, 49]],

[ 13, 65, 0,[ 40, 20, 0, 55]],

[ 51, 55, 0,[ 72, 71, 25]],

[ 65, 65, 0,[ 53, 20, 48, 0, 56, 46]],

[ 91, 85, 1,[ 52, 26]],

[ 68, 45, 0,[ 40, 4, 25, 9, 77, 44]],

[ 58, 55, 0,[ 79, 52, 46, 44, 53, 76]],

[ 28, 65, 0,[ 59, 49, 36, 55]],

[ 77, 55, 0,[ 27, 88, 80, 68, 46]],

[ 74, 55, 1,[ 99]],

[ 32, 15, 0,[ 75, 72, 1]],

