[ 13, 25, 0,[ 20, 40, 55, 0]],

[ 31, 25, 0,[ 66, 7, 0]],

[ 59, 55, 0,[ 28, 3, 86]],

[ 40, 55, 0,[ 49, 13, 68, 6, 26]],

[ 99, 5, 0,[ 5, 43, 62, 2, 74]],

[ 36, 75, 0,[ 66, 28, 4]],

[ 64, 5, 0,[ 43, 9, 63, 89, 4]],

[ 23, 25, 0,[ 29, 5, 66]],

[ 85, 75, 0,[ 4, 38]],

[ 83, 5, 0,[ 67, 12, 42]],

[ 92, 95, 0,[ 94, 84, 78, 12, 15]],

[ 86, 5, 0,[ 20, 59]],

[ 67, 55, 0,[ 18, 89, 83, 49]],

[ 6, 5, 0,[ 40, 54, 96, 38, 62, 41]],

[ 1, 5, 0,[ 45, 81, 32, 12]],

[ 68, 35, 0,[ 77, 4, 40, 9, 44, 25]],

[ 74, 5, 0,[ 99]],

[ 4, 75, 1,[ 36, 85, 68, 44, 34, 64]],

[ 7, 15, 0,[ 35, 31, 34, 52, 76, 75]],

[ 52, 15, 0,[ 21, 2, 58, 7, 91]],

[ 72, 75, 0,[ 18, 32, 51]],

[ 27, 35, 0,[ 61, 89, 15, 77]],

[ 69, 95, 0,[ 35, 45]],

[ 35, 95, 0,[ 8, 7, 69, 71, 33]],

[ 46, 45, 0,[ 8, 65, 58, 77]],

[ 53, 5, 0,[ 65, 58, 2]],

[ 0, 25, 1,[ 44, 73, 49, 55, 24, 65, 13, 66, 2, 31, 3]],

[ 88, 5, 0,[ 77, 21, 2]],

[ 17, 25, 0,[ 42, 29, 93, 43]],

[ 56, 35, 0,[ 96, 47, 65]],

[ 76, 65, 0,[ 9, 58, 50, 7, 80]],

[ 15, 25, 0,[ 92, 55, 9, 27, 37]],

[ 47, 35, 0,[ 56, 94, 66, 18]],

[ 19, 5, 0,[ 54, 70]],

[ 32, 5, 0,[ 1, 72, 75]],

[ 21, 15, 0,[ 52, 88, 11]],

[ 16, 55, 0,[ 41]],

[ 98, 5, 0,[ 43]],

[ 94, 35, 0,[ 92, 47, 33, 44]],

[ 84, 95, 0,[ 49, 8, 92, 33, 12]],

[ 55, 25, 0,[ 13, 28, 29, 0, 15]],

[ 9, 65, 1,[ 68, 15, 60, 76, 57, 64]],

[ 42, 5, 0,[ 83, 17]],

[ 45, 5, 0,[ 50, 69, 1]],

[ 28, 55, 0,[ 36, 59, 49, 55]],

[ 8, 45, 1,[ 46, 73, 87, 84, 14, 35]],

[ 22, 65, 0,[ 71, 50]],

[ 62, 5, 0,[ 6, 60, 82, 99]],

[ 78, 95, 0,[ 61, 92, 90, 54]],

[ 79, 55, 0,[ 58, 26, 41, 11, 97, 2]],

[ 90, 5, 0,[ 78, 81]],

[ 87, 75, 0,[ 8, 30, 11]],

[ 97, 55, 0,[ 11, 79, 5, 26, 43]],

[ 2, 5, 1,[ 79, 88, 54, 53, 52, 3, 99, 0, 89]],

[ 39, 25, 0,[ 29]],

[ 44, 25, 0,[ 4, 58, 94, 68, 49, 0]],

[ 80, 45, 0,[ 10, 12, 76, 77, 89]],

[ 57, 65, 0,[ 9]],

[ 66, 25, 0,[ 23, 36, 47, 0, 31]],

[ 10, 45, 0,[ 80]],

[ 14, 5, 0,[ 8, 54, 30]],

[ 50, 5, 0,[ 45, 76, 22, 96, 81]],

[ 63, 5, 0,[ 11, 64, 54]],

[ 61, 25, 0,[ 11, 29, 27, 78]],

[ 30, 15, 0,[ 87, 34, 14]],

[ 49, 55, 1,[ 40, 67, 28, 84, 0, 44]],

[ 41, 55, 0,[ 16, 6, 79]],

[ 48, 25, 0,[ 65]],

[ 71, 65, 0,[ 51, 35, 22]],

[ 65, 25, 0,[ 53, 56, 0, 48, 20, 46]],

[ 95, 5, 0,[ 93, 96]],

[ 3, 25, 0,[ 59, 82, 2, 0]],

[ 24, 25, 0,[ 89, 70, 0]],

[ 33, 95, 0,[ 35, 94, 84]],

[ 60, 65, 0,[ 93, 9, 62]],

[ 77, 35, 0,[ 27, 80, 88, 46, 68]],

[ 89, 55, 1,[ 2, 64, 27, 67, 80, 24]],

[ 11, 75, 1,[ 87, 61, 79, 21, 18, 97, 63]],

[ 29, 25, 0,[ 39, 55, 17, 23, 61]],

[ 93, 65, 0,[ 26, 17, 95, 60]],

[ 18, 75, 0,[ 47, 67, 11, 72]],

[ 37, 5, 0,[ 15, 5, 81]],

[ 34, 15, 0,[ 82, 4, 30, 20, 7]],

[ 75, 65, 0,[ 32, 26, 7]],

[ 58, 55, 0,[ 53, 46, 52, 44, 79, 76]],

[ 81, 5, 1,[ 20, 96, 50, 37, 90, 1, 26]],

[ 96, 5, 0,[ 73, 56, 81, 6, 95, 50]],

[ 38, 5, 0,[ 85, 6]],

[ 70, 55, 0,[ 24, 19, 5]],

[ 20, 5, 0,[ 81, 13, 86, 65, 34]],

[ 82, 15, 0,[ 62, 3, 34]],

[ 12, 95, 0,[ 83, 84, 92, 80, 1]],

[ 5, 55, 0,[ 70, 99, 37, 23, 97]],

[ 54, 5, 0,[ 19, 14, 63, 2, 6, 78]],

[ 25, 35, 0,[ 68, 51]],

[ 43, 5, 0,[ 98, 99, 64, 97, 17]],

[ 26, 65, 1,[ 93, 40, 97, 75, 81, 91, 79]],

[ 51, 65, 0,[ 25, 71, 72]],

[ 73, 25, 0,[ 96, 8, 0]],

[ 91, 15, 0,[ 52, 26]],

