[ 81, 75, 0,[ 37, 26, 96, 1, 20, 50, 90]],

[ 17, 75, 0,[ 43, 42, 29, 93]],

[ 56, 35, 1,[ 65, 47, 96]],

[ 48, 5, 1,[ 65]],

[ 94, 95, 0,[ 47, 44, 33, 92]],

[ 40, 75, 0,[ 49, 13, 6, 26, 68]],

[ 68, 75, 0,[ 9, 40, 4, 25, 77, 44]],

[ 10, 75, 1,[ 80]],

[ 93, 85, 1,[ 60, 17, 95, 26]],

[ 43, 75, 0,[ 64, 97, 99, 98, 17]],

[ 70, 35, 1,[ 5, 24, 19]],

[ 60, 45, 1,[ 9, 62, 93]],

[ 54, 65, 0,[ 2, 6, 78, 19, 63, 14]],

[ 34, 45, 0,[ 4, 82, 20, 7, 30]],

[ 25, 25, 1,[ 68, 51]],

[ 26, 75, 0,[ 75, 91, 93, 40, 81, 97, 79]],

[ 44, 75, 0,[ 58, 4, 49, 68, 0, 94]],

[ 11, 75, 0,[ 63, 87, 21, 18, 61, 79, 97]],

[ 78, 65, 1,[ 92, 61, 54, 90]],

[ 90, 75, 1,[ 81, 78]],

[ 74, 95, 1,[ 99]],

[ 89, 75, 0,[ 27, 24, 64, 67, 2, 80]],

[ 88, 65, 1,[ 2, 77, 21]],

[ 71, 5, 1,[ 35, 22, 51]],

[ 21, 5, 1,[ 52, 88, 11]],

[ 30, 45, 1,[ 14, 87, 34]],

[ 91, 75, 1,[ 26, 52]],

[ 29, 75, 0,[ 39, 55, 61, 17, 23]],

[ 35, 55, 0,[ 33, 69, 71, 8, 7]],

[ 86, 75, 1,[ 20, 59]],

[ 6, 75, 0,[ 96, 38, 54, 40, 62, 41]],

[ 84, 15, 0,[ 92, 8, 49, 12, 33]],

[ 77, 75, 0,[ 46, 80, 88, 68, 27]],

[ 42, 45, 1,[ 83, 17]],

[ 38, 75, 1,[ 85, 6]],

[ 23, 85, 1,[ 66, 29, 5]],

[ 36, 5, 1,[ 28, 4, 66]],

[ 3, 75, 0,[ 2, 0, 59, 82]],

[ 57, 65, 1,[ 9]],

[ 98, 95, 0,[ 43]],

[ 82, 45, 1,[ 34, 62, 3]],

[ 49, 15, 0,[ 0, 44, 28, 67, 84, 40]],

[ 33, 95, 1,[ 84, 35, 94]],

[ 53, 55, 1,[ 2, 58, 65]],

[ 0, 75, 0,[ 73, 55, 24, 31, 3, 13, 65, 66, 49, 2, 44]],

[ 75, 85, 1,[ 32, 26, 7]],

[ 67, 75, 0,[ 83, 18, 89, 49]],

[ 87, 35, 1,[ 8, 11, 30]],

[ 45, 5, 1,[ 1, 50, 69]],

[ 72, 55, 1,[ 32, 18, 51]],

[ 9, 75, 0,[ 76, 57, 64, 60, 15, 68]],

[ 63, 65, 1,[ 11, 64, 54]],

[ 69, 85, 1,[ 35, 45]],

[ 12, 45, 0,[ 80, 83, 1, 92, 84]],

[ 50, 75, 0,[ 22, 45, 96, 81, 76]],

[ 76, 75, 0,[ 80, 50, 7, 58, 9]],

[ 39, 25, 1,[ 29]],

[ 55, 75, 0,[ 29, 0, 13, 28, 15]],

[ 65, 75, 0,[ 20, 0, 48, 56, 46, 53]],

[ 64, 75, 0,[ 43, 89, 4, 63, 9]],

[ 97, 75, 0,[ 5, 26, 43, 79, 11]],

[ 80, 75, 0,[ 12, 10, 76, 89, 77]],

[ 61, 75, 0,[ 29, 78, 27, 11]],

[ 59, 85, 1,[ 86, 28, 3]],

[ 41, 55, 1,[ 6, 16, 79]],

[ 66, 75, 0,[ 23, 36, 0, 31, 47]],

[ 32, 85, 1,[ 72, 1, 75]],

[ 79, 75, 0,[ 97, 26, 2, 41, 11, 58]],

[ 99, 75, 0,[ 5, 62, 2, 43, 74]],

[ 52, 75, 0,[ 7, 2, 91, 21, 58]],

[ 2, 75, 0,[ 88, 99, 0, 3, 79, 54, 89, 52, 53]],

[ 83, 45, 1,[ 42, 67, 12]],

[ 31, 75, 1,[ 66, 7, 0]],

[ 27, 75, 0,[ 61, 77, 15, 89]],

[ 62, 75, 0,[ 99, 82, 60, 6]],

[ 15, 75, 0,[ 9, 55, 27, 92, 37]],

[ 1, 45, 1,[ 81, 45, 12, 32]],

[ 96, 75, 0,[ 73, 6, 95, 50, 81, 56]],

[ 5, 75, 0,[ 70, 37, 23, 99, 97]],

[ 73, 15, 1,[ 0, 8, 96]],

[ 37, 75, 1,[ 5, 15, 81]],

[ 46, 75, 0,[ 58, 65, 8, 77]],

[ 47, 65, 1,[ 18, 66, 56, 94]],

[ 19, 85, 1,[ 54, 70]],

[ 18, 75, 0,[ 11, 67, 72, 47]],

[ 95, 85, 1,[ 96, 93]],

[ 7, 75, 0,[ 75, 76, 31, 34, 35, 52]],

[ 8, 15, 0,[ 14, 35, 73, 84, 46, 87]],

[ 4, 75, 0,[ 68, 36, 34, 44, 85, 64]],

[ 58, 75, 0,[ 44, 76, 46, 79, 53, 52]],

[ 16, 65, 1,[ 41]],

[ 20, 75, 0,[ 65, 13, 81, 86, 34]],

[ 85, 35, 1,[ 38, 4]],

[ 28, 75, 1,[ 49, 36, 59, 55]],

[ 51, 15, 1,[ 25, 71, 72]],

[ 13, 95, 1,[ 20, 40, 55, 0]],

[ 24, 15, 1,[ 0, 89, 70]],

[ 92, 15, 0,[ 78, 84, 12, 15, 94]],

[ 14, 45, 1,[ 30, 54, 8]],

[ 22, 45, 1,[ 50, 71]],

