[ 62, 85, 0,[ 60, 99, 6, 82]],

[ 54, 95, 0,[ 78, 19, 2, 6, 63, 14]],

[ 72, 75, 0,[ 18, 51, 32]],

[ 17, 55, 0,[ 29, 42, 93, 43]],

[ 51, 75, 0,[ 72, 25, 71]],

[ 60, 85, 0,[ 9, 62, 93]],

[ 25, 15, 1,[ 68, 51]],

[ 30, 85, 0,[ 34, 14, 87]],

[ 88, 95, 0,[ 2, 21, 77]],

[ 71, 75, 0,[ 22, 51, 35]],

[ 2, 95, 0,[ 53, 88, 52, 99, 79, 3, 0, 89, 54]],

[ 9, 85, 0,[ 64, 76, 15, 57, 60, 68]],

[ 52, 5, 0,[ 2, 7, 58, 91, 21]],

[ 45, 65, 0,[ 1, 50, 69]],

[ 49, 25, 0,[ 40, 84, 28, 44, 0, 67]],

[ 85, 95, 1,[ 38, 4]],

[ 46, 95, 0,[ 77, 58, 8, 65]],

[ 79, 85, 0,[ 2, 26, 11, 58, 41, 97]],

[ 22, 65, 0,[ 50, 71]],

[ 87, 65, 0,[ 8, 30, 11]],

[ 7, 5, 0,[ 52, 76, 35, 75, 34, 31]],

[ 67, 35, 0,[ 49, 83, 89, 18]],

[ 24, 95, 0,[ 70, 89, 0]],

[ 55, 95, 0,[ 29, 15, 13, 28, 0]],

[ 92, 65, 0,[ 78, 12, 15, 84, 94]],

[ 77, 25, 0,[ 68, 80, 27, 88, 46]],

[ 18, 65, 0,[ 67, 72, 47, 11]],

[ 63, 65, 0,[ 11, 64, 54]],

[ 50, 65, 0,[ 22, 96, 81, 76, 45]],

[ 96, 95, 0,[ 6, 50, 95, 56, 73, 81]],

[ 98, 85, 1,[ 43]],

[ 5, 35, 0,[ 37, 99, 70, 23, 97]],

[ 4, 25, 0,[ 36, 68, 34, 64, 44, 85]],

[ 81, 55, 0,[ 37, 20, 1, 90, 26, 96, 50]],

[ 86, 55, 0,[ 20, 59]],

[ 93, 85, 0,[ 17, 26, 60, 95]],

[ 16, 55, 1,[ 41]],

[ 99, 85, 0,[ 2, 43, 62, 74, 5]],

[ 95, 95, 0,[ 96, 93]],

[ 59, 95, 0,[ 28, 86, 3]],

[ 69, 75, 1,[ 35, 45]],

[ 10, 5, 1,[ 80]],

[ 82, 85, 0,[ 3, 34, 62]],

[ 84, 65, 0,[ 92, 8, 12, 33, 49]],

[ 31, 95, 0,[ 7, 66, 0]],

[ 89, 95, 0,[ 80, 27, 2, 64, 67, 24]],

[ 41, 85, 0,[ 79, 6, 16]],

[ 47, 95, 0,[ 94, 66, 56, 18]],

[ 44, 25, 0,[ 94, 68, 49, 0, 58, 4]],

[ 8, 65, 0,[ 87, 84, 35, 46, 73, 14]],

[ 58, 35, 0,[ 52, 79, 53, 46, 76, 44]],

[ 80, 15, 0,[ 10, 89, 12, 76, 77]],

[ 15, 85, 0,[ 9, 92, 55, 27, 37]],

[ 68, 25, 0,[ 25, 9, 40, 44, 77, 4]],

[ 74, 35, 1,[ 99]],

[ 37, 35, 0,[ 15, 5, 81]],

[ 6, 95, 0,[ 41, 96, 62, 40, 54, 38]],

[ 23, 95, 0,[ 29, 66, 5]],

[ 43, 85, 0,[ 97, 17, 64, 99, 98]],

[ 48, 95, 1,[ 65]],

[ 36, 25, 0,[ 28, 66, 4]],

[ 65, 95, 0,[ 0, 20, 46, 53, 48, 56]],

[ 75, 85, 0,[ 26, 7, 32]],

[ 91, 85, 0,[ 26, 52]],

[ 33, 5, 0,[ 84, 35, 94]],

[ 57, 85, 0,[ 9]],

[ 14, 85, 0,[ 8, 30, 54]],

[ 61, 15, 0,[ 29, 27, 11, 78]],

[ 42, 35, 1,[ 83, 17]],

[ 90, 55, 0,[ 81, 78]],

[ 94, 25, 0,[ 33, 44, 47, 92]],

[ 29, 55, 0,[ 55, 23, 61, 17, 39]],

[ 27, 15, 0,[ 15, 89, 61, 77]],

[ 20, 55, 0,[ 13, 86, 34, 65, 81]],

[ 38, 95, 0,[ 6, 85]],

[ 32, 55, 0,[ 72, 75, 1]],

[ 1, 55, 0,[ 45, 12, 81, 32]],

[ 78, 15, 0,[ 54, 61, 92, 90]],

[ 76, 35, 0,[ 7, 58, 50, 80, 9]],

[ 34, 25, 0,[ 30, 4, 20, 7, 82]],

[ 70, 35, 0,[ 19, 5, 24]],

[ 3, 95, 0,[ 2, 59, 82, 0]],

[ 66, 95, 0,[ 47, 36, 0, 31, 23]],

[ 28, 25, 0,[ 49, 55, 36, 59]],

[ 26, 85, 0,[ 79, 40, 75, 81, 93, 97, 91]],

[ 21, 65, 0,[ 11, 88, 52]],

[ 13, 95, 0,[ 20, 40, 0, 55]],

[ 97, 85, 0,[ 43, 11, 26, 79, 5]],

[ 64, 25, 0,[ 63, 43, 4, 89, 9]],

[ 0, 95, 0,[ 49, 66, 31, 55, 65, 3, 73, 13, 2, 44, 24]],

[ 83, 35, 0,[ 67, 12, 42]],

[ 19, 95, 0,[ 54, 70]],

[ 11, 65, 0,[ 63, 87, 79, 18, 21, 61, 97]],

[ 35, 5, 0,[ 69, 7, 8, 33, 71]],

[ 40, 25, 0,[ 26, 68, 6, 49, 13]],

[ 39, 25, 1,[ 29]],

[ 56, 95, 0,[ 96, 47, 65]],

[ 53, 95, 0,[ 65, 2, 58]],

[ 12, 15, 0,[ 80, 84, 92, 83, 1]],

[ 73, 95, 0,[ 0, 8, 96]],

