[ 43, 25, 0,[ 99, 97, 17, 64, 98]],

[ 2, 25, 0,[ 53, 3, 88, 89, 79, 0, 54, 52, 99]],

[ 53, 45, 1,[ 2, 58, 65]],

[ 54, 25, 0,[ 14, 2, 6, 78, 19, 63]],

[ 84, 25, 0,[ 49, 8, 92, 12, 33]],

[ 14, 25, 1,[ 8, 30, 54]],

[ 67, 25, 0,[ 49, 18, 83, 89]],

[ 73, 45, 1,[ 96, 0, 8]],

[ 17, 25, 0,[ 42, 29, 93, 43]],

[ 40, 25, 0,[ 26, 68, 49, 6, 13]],

[ 88, 15, 1,[ 21, 2, 77]],

[ 26, 25, 0,[ 81, 40, 93, 97, 91, 75, 79]],

[ 74, 35, 1,[ 99]],

[ 31, 25, 1,[ 0, 66, 7]],

[ 15, 25, 0,[ 9, 37, 92, 55, 27]],

[ 5, 15, 0,[ 99, 97, 37, 70, 23]],

[ 57, 55, 1,[ 9]],

[ 9, 55, 0,[ 57, 15, 64, 68, 76, 60]],

[ 94, 25, 0,[ 44, 92, 33, 47]],

[ 19, 55, 1,[ 54, 70]],

[ 20, 25, 0,[ 34, 65, 86, 13, 81]],

[ 69, 65, 1,[ 35, 45]],

[ 49, 25, 0,[ 84, 0, 28, 44, 40, 67]],

[ 28, 25, 0,[ 59, 55, 49, 36]],

[ 7, 25, 0,[ 35, 76, 31, 34, 52, 75]],

[ 50, 25, 0,[ 22, 45, 76, 96, 81]],

[ 96, 25, 0,[ 56, 81, 50, 73, 95, 6]],

[ 92, 25, 0,[ 84, 94, 15, 12, 78]],

[ 46, 25, 0,[ 8, 77, 58, 65]],

[ 91, 25, 1,[ 26, 52]],

[ 68, 25, 0,[ 9, 77, 44, 4, 25, 40]],

[ 81, 25, 0,[ 1, 96, 90, 20, 26, 37, 50]],

[ 58, 25, 0,[ 44, 79, 52, 46, 53, 76]],

[ 72, 25, 1,[ 32, 18, 51]],

[ 65, 45, 0,[ 53, 48, 0, 56, 46, 20]],

[ 56, 35, 1,[ 96, 65, 47]],

[ 89, 25, 0,[ 2, 67, 24, 27, 64, 80]],

[ 18, 25, 0,[ 67, 47, 72, 11]],

[ 42, 15, 1,[ 83, 17]],

[ 44, 25, 0,[ 68, 94, 58, 49, 4, 0]],

[ 37, 85, 1,[ 5, 15, 81]],

[ 27, 45, 1,[ 15, 89, 77, 61]],

[ 47, 25, 1,[ 94, 18, 56, 66]],

[ 82, 45, 1,[ 3, 62, 34]],

[ 93, 75, 1,[ 26, 60, 17, 95]],

[ 3, 25, 0,[ 82, 0, 59, 2]],

[ 99, 35, 0,[ 74, 62, 43, 2, 5]],

[ 55, 25, 0,[ 28, 29, 0, 13, 15]],

[ 8, 25, 0,[ 35, 84, 87, 46, 73, 14]],

[ 25, 15, 1,[ 68, 51]],

[ 98, 35, 1,[ 43]],

[ 45, 95, 1,[ 69, 50, 1]],

[ 4, 25, 0,[ 85, 68, 36, 34, 64, 44]],

[ 22, 95, 1,[ 50, 71]],

[ 1, 45, 1,[ 45, 12, 81, 32]],

[ 6, 25, 0,[ 54, 41, 38, 96, 40, 62]],

[ 71, 95, 1,[ 35, 22, 51]],

[ 62, 35, 1,[ 60, 6, 82, 99]],

[ 33, 25, 1,[ 94, 84, 35]],

[ 11, 25, 0,[ 79, 61, 97, 18, 21, 63, 87]],

[ 90, 95, 1,[ 81, 78]],

[ 41, 15, 1,[ 79, 16, 6]],

[ 16, 35, 1,[ 41]],

[ 77, 25, 0,[ 88, 80, 27, 68, 46]],

[ 95, 95, 1,[ 93, 96]],

[ 12, 25, 0,[ 80, 92, 1, 84, 83]],

[ 61, 25, 0,[ 11, 27, 78, 29]],

[ 52, 25, 0,[ 7, 58, 2, 21, 91]],

[ 39, 65, 1,[ 29]],

[ 30, 15, 1,[ 87, 14, 34]],

[ 10, 15, 1,[ 80]],

[ 64, 25, 0,[ 89, 43, 9, 63, 4]],

[ 80, 25, 0,[ 12, 89, 77, 10, 76]],

[ 76, 25, 0,[ 58, 9, 80, 7, 50]],

[ 63, 55, 1,[ 54, 64, 11]],

[ 23, 65, 1,[ 5, 66, 29]],

[ 48, 45, 0,[ 65]],

[ 79, 25, 0,[ 11, 97, 26, 41, 58, 2]],

[ 34, 25, 0,[ 82, 20, 7, 30, 4]],

[ 21, 95, 1,[ 11, 88, 52]],

[ 83, 75, 1,[ 67, 42, 12]],

[ 13, 35, 1,[ 40, 20, 55, 0]],

[ 59, 55, 1,[ 3, 28, 86]],

[ 32, 75, 1,[ 75, 72, 1]],

[ 66, 65, 0,[ 47, 0, 36, 31, 23]],

[ 24, 95, 1,[ 89, 70, 0]],

[ 78, 25, 0,[ 92, 61, 90, 54]],

[ 70, 75, 1,[ 5, 19, 24]],

[ 36, 65, 1,[ 66, 4, 28]],

[ 60, 55, 1,[ 9, 93, 62]],

[ 86, 25, 1,[ 20, 59]],

[ 51, 85, 1,[ 71, 25, 72]],

[ 87, 35, 1,[ 11, 30, 8]],

[ 85, 5, 1,[ 4, 38]],

[ 35, 25, 0,[ 71, 69, 8, 33, 7]],

[ 97, 25, 0,[ 11, 79, 5, 43, 26]],

[ 38, 85, 1,[ 85, 6]],

[ 0, 45, 0,[ 44, 73, 24, 3, 55, 66, 65, 13, 49, 2, 31]],

[ 29, 65, 0,[ 61, 23, 55, 39, 17]],

[ 75, 25, 1,[ 26, 32, 7]],

