[ 74, 85, 0,[ 99]],

[ 8, 45, 1,[ 46, 87, 14, 73, 84, 35]],

[ 22, 45, 0,[ 50, 71]],

[ 25, 45, 0,[ 68, 51]],

[ 56, 45, 0,[ 65, 96, 47]],

[ 40, 55, 1,[ 13, 6, 49, 26, 68]],

[ 54, 45, 1,[ 6, 2, 63, 19, 78, 14]],

[ 13, 55, 0,[ 20, 0, 40, 55]],

[ 69, 45, 0,[ 45, 35]],

[ 99, 85, 1,[ 62, 5, 2, 43, 74]],

[ 20, 15, 1,[ 86, 34, 81, 13, 65]],

[ 82, 75, 0,[ 34, 62, 3]],

[ 15, 55, 1,[ 27, 92, 55, 9, 37]],

[ 37, 25, 0,[ 81, 15, 5]],

[ 16, 5, 0,[ 41]],

[ 4, 55, 1,[ 85, 34, 64, 44, 36, 68]],

[ 60, 75, 0,[ 93, 9, 62]],

[ 93, 75, 1,[ 17, 95, 26, 60]],

[ 49, 95, 1,[ 40, 0, 84, 44, 28, 67]],

[ 5, 25, 1,[ 97, 37, 99, 23, 70]],

[ 83, 75, 0,[ 67, 12, 42]],

[ 9, 15, 1,[ 76, 64, 68, 15, 57, 60]],

[ 51, 45, 0,[ 72, 25, 71]],

[ 24, 55, 0,[ 70, 89, 0]],

[ 58, 25, 1,[ 46, 53, 76, 52, 44, 79]],

[ 21, 75, 0,[ 88, 11, 52]],

[ 29, 75, 1,[ 39, 17, 61, 23, 55]],

[ 88, 65, 0,[ 77, 21, 2]],

[ 59, 95, 0,[ 3, 28, 86]],

[ 14, 45, 0,[ 54, 30, 8]],

[ 80, 75, 1,[ 10, 89, 77, 76, 12]],

[ 3, 25, 1,[ 0, 59, 82, 2]],

[ 10, 75, 0,[ 80]],

[ 94, 45, 1,[ 33, 47, 92, 44]],

[ 42, 75, 0,[ 83, 17]],

[ 96, 5, 1,[ 73, 56, 81, 95, 50, 6]],

[ 73, 55, 0,[ 8, 96, 0]],

[ 70, 25, 0,[ 19, 24, 5]],

[ 81, 25, 1,[ 50, 96, 90, 20, 26, 1, 37]],

[ 19, 25, 0,[ 54, 70]],

[ 53, 25, 0,[ 2, 65, 58]],

[ 35, 45, 1,[ 33, 7, 69, 71, 8]],

[ 89, 65, 1,[ 24, 80, 27, 64, 67, 2]],

[ 75, 5, 0,[ 26, 32, 7]],

[ 84, 75, 1,[ 8, 12, 49, 33, 92]],

[ 86, 95, 0,[ 59, 20]],

[ 43, 45, 1,[ 98, 97, 99, 17, 64]],

[ 61, 55, 1,[ 78, 27, 29, 11]],

[ 92, 25, 1,[ 12, 94, 84, 15, 78]],

[ 79, 95, 1,[ 41, 58, 97, 11, 26, 2]],

[ 91, 5, 0,[ 52, 26]],

[ 90, 25, 0,[ 81, 78]],

[ 36, 55, 0,[ 4, 66, 28]],

[ 62, 75, 0,[ 60, 99, 6, 82]],

[ 32, 45, 0,[ 1, 72, 75]],

[ 95, 75, 0,[ 93, 96]],

[ 72, 45, 0,[ 18, 51, 32]],

[ 67, 75, 1,[ 49, 89, 83, 18]],

[ 41, 5, 0,[ 16, 79, 6]],

[ 28, 95, 0,[ 55, 36, 59, 49]],

[ 18, 85, 1,[ 72, 47, 67, 11]],

[ 30, 45, 0,[ 14, 34, 87]],

[ 77, 65, 1,[ 27, 88, 68, 46, 80]],

[ 63, 45, 0,[ 54, 64, 11]],

[ 71, 45, 0,[ 22, 35, 51]],

[ 48, 35, 0,[ 65]],

[ 7, 65, 1,[ 31, 52, 35, 76, 34, 75]],

[ 39, 75, 0,[ 29]],

[ 44, 5, 1,[ 68, 94, 58, 49, 4, 0]],

[ 78, 25, 0,[ 92, 54, 90, 61]],

[ 33, 45, 0,[ 94, 35, 84]],

[ 64, 55, 1,[ 4, 89, 63, 9, 43]],

[ 38, 5, 0,[ 85, 6]],

[ 97, 95, 1,[ 11, 5, 79, 43, 26]],

[ 26, 5, 1,[ 79, 97, 93, 81, 91, 75, 40]],

[ 31, 75, 0,[ 0, 7, 66]],

[ 65, 35, 1,[ 53, 20, 56, 46, 0, 48]],

[ 57, 15, 0,[ 9]],

[ 17, 75, 0,[ 42, 93, 43, 29]],

[ 55, 45, 1,[ 0, 29, 13, 28, 15]],

[ 50, 85, 1,[ 76, 96, 81, 22, 45]],

[ 1, 25, 1,[ 32, 45, 12, 81]],

[ 52, 75, 1,[ 2, 91, 7, 21, 58]],

[ 46, 45, 1,[ 8, 65, 58, 77]],

[ 23, 75, 0,[ 66, 29, 5]],

[ 45, 45, 0,[ 50, 69, 1]],

[ 76, 85, 1,[ 7, 80, 50, 58, 9]],

[ 68, 45, 1,[ 4, 44, 77, 25, 9, 40]],

[ 85, 5, 0,[ 4, 38]],

[ 2, 25, 1,[ 54, 53, 0, 88, 79, 99, 52, 3, 89]],

[ 27, 35, 1,[ 15, 61, 77, 89]],

[ 0, 55, 1,[ 31, 13, 73, 24, 3, 55, 44, 49, 66, 65, 2]],

[ 87, 45, 0,[ 8, 11, 30]],

[ 12, 75, 1,[ 84, 80, 1, 83, 92]],

[ 98, 45, 0,[ 43]],

[ 6, 5, 1,[ 96, 54, 62, 38, 40, 41]],

[ 34, 75, 1,[ 82, 30, 4, 20, 7]],

[ 11, 45, 1,[ 63, 18, 61, 87, 79, 21, 97]],

[ 47, 45, 1,[ 56, 66, 94, 18]],

[ 66, 75, 1,[ 36, 23, 0, 47, 31]],

