[ 42, 75, 0,[ 17, 83]],

[ 56, 95, 0,[ 47, 96, 65]],

[ 67, 75, 0,[ 49, 18, 83, 89]],

[ 62, 65, 0,[ 60, 82, 6, 99]],

[ 3, 55, 0,[ 0, 82, 59, 2]],

[ 19, 15, 1,[ 54, 70]],

[ 63, 25, 0,[ 54, 64, 11]],

[ 53, 55, 0,[ 2, 65, 58]],

[ 61, 25, 0,[ 78, 27, 29, 11]],

[ 7, 95, 0,[ 34, 31, 52, 35, 75, 76]],

[ 80, 95, 0,[ 77, 76, 89, 10, 12]],

[ 69, 25, 0,[ 45, 35]],

[ 64, 75, 0,[ 4, 43, 9, 89, 63]],

[ 20, 45, 0,[ 86, 81, 65, 13, 34]],

[ 58, 55, 0,[ 46, 76, 79, 53, 44, 52]],

[ 33, 15, 0,[ 84, 35, 94]],

[ 21, 25, 0,[ 88, 11, 52]],

[ 30, 5, 0,[ 87, 34, 14]],

[ 35, 25, 0,[ 71, 69, 8, 7, 33]],

[ 87, 25, 0,[ 8, 11, 30]],

[ 85, 55, 0,[ 38, 4]],

[ 74, 5, 1,[ 99]],

[ 27, 75, 0,[ 77, 15, 61, 89]],

[ 15, 75, 0,[ 27, 92, 9, 37, 55]],

[ 89, 75, 0,[ 27, 80, 2, 24, 64, 67]],

[ 52, 55, 0,[ 91, 58, 7, 2, 21]],

[ 26, 25, 0,[ 97, 93, 40, 91, 81, 75, 79]],

[ 98, 75, 0,[ 43]],

[ 39, 55, 1,[ 29]],

[ 46, 55, 0,[ 8, 58, 77, 65]],

[ 17, 75, 0,[ 29, 93, 42, 43]],

[ 91, 25, 0,[ 26, 52]],

[ 10, 55, 1,[ 80]],

[ 0, 55, 0,[ 2, 3, 31, 55, 49, 65, 24, 13, 66, 73, 44]],

[ 37, 25, 0,[ 15, 81, 5]],

[ 73, 55, 0,[ 0, 8, 96]],

[ 96, 45, 0,[ 95, 50, 81, 56, 73, 6]],

[ 13, 55, 0,[ 0, 55, 20, 40]],

[ 90, 5, 1,[ 78, 81]],

[ 36, 55, 0,[ 66, 28, 4]],

[ 23, 25, 0,[ 29, 5, 66]],

[ 48, 35, 1,[ 65]],

[ 1, 15, 0,[ 81, 12, 45, 32]],

[ 76, 95, 0,[ 7, 58, 9, 50, 80]],

[ 18, 95, 0,[ 47, 11, 72, 67]],

[ 77, 55, 0,[ 88, 80, 27, 46, 68]],

[ 72, 95, 0,[ 18, 32, 51]],

[ 6, 65, 0,[ 62, 41, 96, 54, 40, 38]],

[ 68, 55, 0,[ 4, 25, 9, 40, 44, 77]],

[ 24, 55, 0,[ 70, 89, 0]],

[ 95, 35, 1,[ 96, 93]],

[ 4, 55, 0,[ 34, 85, 64, 68, 44, 36]],

[ 49, 55, 0,[ 28, 0, 40, 44, 84, 67]],

[ 11, 25, 0,[ 61, 79, 21, 63, 18, 97, 87]],

[ 34, 95, 0,[ 20, 7, 4, 82, 30]],

[ 92, 15, 0,[ 15, 94, 12, 78, 84]],

[ 99, 55, 0,[ 43, 5, 2, 74, 62]],

[ 45, 15, 0,[ 1, 69, 50]],

[ 16, 95, 1,[ 41]],

[ 40, 55, 0,[ 49, 68, 26, 13, 6]],

[ 29, 25, 0,[ 23, 17, 61, 39, 55]],

[ 2, 55, 0,[ 89, 0, 52, 88, 54, 79, 3, 53, 99]],

[ 5, 25, 0,[ 37, 70, 97, 99, 23]],

[ 59, 55, 0,[ 28, 86, 3]],

[ 66, 55, 0,[ 0, 23, 31, 47, 36]],

[ 78, 15, 0,[ 92, 61, 54, 90]],

[ 75, 95, 0,[ 32, 7, 26]],

[ 14, 5, 0,[ 54, 8, 30]],

[ 86, 45, 0,[ 20, 59]],

[ 93, 25, 0,[ 60, 95, 17, 26]],

[ 9, 75, 0,[ 57, 68, 76, 64, 15, 60]],

[ 57, 85, 1,[ 9]],

[ 50, 45, 0,[ 96, 81, 22, 45, 76]],

[ 88, 55, 0,[ 2, 21, 77]],

[ 41, 65, 0,[ 6, 16, 79]],

[ 81, 45, 0,[ 20, 1, 26, 96, 90, 37, 50]],

[ 65, 55, 0,[ 53, 0, 56, 46, 48, 20]],

[ 8, 25, 0,[ 35, 87, 73, 84, 46, 14]],

[ 55, 55, 0,[ 13, 28, 15, 0, 29]],

[ 22, 95, 0,[ 50, 71]],

[ 54, 65, 0,[ 63, 2, 19, 6, 14, 78]],

[ 12, 15, 0,[ 80, 83, 92, 1, 84]],

[ 82, 95, 0,[ 62, 34, 3]],

[ 79, 55, 0,[ 2, 58, 11, 41, 97, 26]],

[ 32, 95, 0,[ 72, 75, 1]],

[ 47, 95, 0,[ 18, 56, 94, 66]],

[ 71, 95, 0,[ 51, 35, 22]],

[ 97, 25, 0,[ 5, 79, 11, 43, 26]],

[ 94, 15, 0,[ 92, 47, 33, 44]],

[ 44, 55, 0,[ 4, 0, 58, 49, 94, 68]],

[ 83, 15, 0,[ 12, 67, 42]],

[ 84, 15, 0,[ 8, 33, 12, 49, 92]],

[ 43, 75, 0,[ 17, 99, 98, 97, 64]],

[ 51, 95, 0,[ 71, 25, 72]],

[ 70, 55, 0,[ 19, 5, 24]],

[ 25, 55, 0,[ 68, 51]],

[ 28, 55, 0,[ 59, 55, 49, 36]],

[ 38, 65, 1,[ 6, 85]],

[ 60, 75, 0,[ 93, 9, 62]],

[ 31, 55, 0,[ 0, 66, 7]],

