[ 85, 85, 0,[ 38, 4]],

[ 27, 85, 0,[ 15, 61, 77, 89]],

[ 14, 85, 0,[ 54, 30, 8]],

[ 34, 85, 0,[ 20, 30, 4, 82, 7]],

[ 65, 35, 1,[ 56, 53, 46, 20, 48, 0]],

[ 37, 85, 0,[ 15, 5, 81]],

[ 35, 85, 0,[ 69, 8, 33, 7, 71]],

[ 81, 25, 1,[ 50, 96, 90, 26, 20, 37, 1]],

[ 43, 85, 0,[ 97, 98, 64, 99, 17]],

[ 21, 95, 0,[ 11, 52, 88]],

[ 30, 85, 0,[ 34, 14, 87]],

[ 15, 85, 0,[ 37, 9, 92, 27, 55]],

[ 62, 85, 0,[ 99, 60, 82, 6]],

[ 25, 25, 0,[ 51, 68]],

[ 40, 85, 0,[ 68, 49, 13, 26, 6]],

[ 96, 65, 1,[ 50, 81, 73, 6, 95, 56]],

[ 31, 85, 0,[ 0, 66, 7]],

[ 20, 85, 0,[ 13, 81, 65, 86, 34]],

[ 4, 85, 0,[ 44, 36, 64, 68, 34, 85]],

[ 94, 85, 0,[ 44, 92, 33, 47]],

[ 50, 25, 0,[ 45, 81, 96, 22, 76]],

[ 68, 75, 1,[ 9, 77, 40, 25, 44, 4]],

[ 97, 85, 0,[ 26, 43, 5, 11, 79]],

[ 49, 85, 0,[ 44, 84, 40, 0, 28, 67]],

[ 38, 85, 0,[ 6, 85]],

[ 19, 85, 0,[ 70, 54]],

[ 92, 85, 0,[ 84, 12, 94, 15, 78]],

[ 24, 85, 0,[ 0, 70, 89]],

[ 87, 85, 0,[ 11, 8, 30]],

[ 39, 85, 0,[ 29]],

[ 29, 85, 0,[ 61, 17, 39, 55, 23]],

[ 11, 85, 1,[ 97, 63, 87, 18, 61, 21, 79]],

[ 64, 85, 0,[ 4, 9, 43, 63, 89]],

[ 80, 85, 0,[ 10, 77, 89, 76, 12]],

[ 47, 85, 0,[ 66, 56, 94, 18]],

[ 83, 85, 0,[ 67, 42, 12]],

[ 13, 85, 0,[ 40, 55, 0, 20]],

[ 70, 85, 0,[ 19, 24, 5]],

[ 1, 25, 0,[ 45, 12, 81, 32]],

[ 22, 25, 0,[ 71, 50]],

[ 8, 85, 0,[ 46, 84, 73, 35, 14, 87]],

[ 9, 85, 0,[ 68, 76, 60, 64, 15, 57]],

[ 28, 85, 0,[ 55, 59, 49, 36]],

[ 74, 85, 0,[ 99]],

[ 79, 15, 1,[ 41, 11, 58, 97, 26, 2]],

[ 42, 85, 0,[ 83, 17]],

[ 5, 85, 0,[ 97, 37, 23, 99, 70]],

[ 7, 85, 0,[ 52, 75, 31, 35, 76, 34]],

[ 10, 85, 0,[ 80]],

[ 36, 85, 0,[ 4, 28, 66]],

[ 77, 85, 0,[ 27, 68, 88, 46, 80]],

[ 91, 95, 0,[ 26, 52]],

[ 93, 85, 0,[ 26, 95, 60, 17]],

[ 88, 95, 0,[ 21, 2, 77]],

[ 57, 85, 0,[ 9]],

[ 63, 85, 0,[ 54, 11, 64]],

[ 75, 95, 0,[ 7, 26, 32]],

[ 86, 85, 0,[ 59, 20]],

[ 26, 95, 1,[ 75, 97, 81, 79, 91, 40, 93]],

[ 45, 25, 0,[ 1, 50, 69]],

[ 52, 95, 0,[ 7, 91, 58, 2, 21]],

[ 67, 85, 0,[ 18, 89, 83, 49]],

[ 66, 85, 0,[ 0, 36, 31, 23, 47]],

[ 56, 85, 0,[ 65, 47, 96]],

[ 33, 85, 0,[ 94, 84, 35]],

[ 78, 85, 0,[ 92, 54, 61, 90]],

[ 71, 25, 0,[ 51, 22, 35]],

[ 55, 85, 0,[ 29, 0, 13, 28, 15]],

[ 0, 5, 1,[ 2, 13, 49, 3, 66, 65, 24, 73, 55, 44, 31]],

[ 53, 35, 0,[ 58, 65, 2]],

[ 48, 35, 0,[ 65]],

[ 98, 85, 0,[ 43]],

[ 6, 85, 0,[ 62, 54, 96, 40, 38, 41]],

[ 2, 95, 1,[ 3, 99, 52, 79, 54, 53, 88, 89, 0]],

[ 41, 15, 0,[ 16, 6, 79]],

[ 76, 85, 0,[ 9, 50, 58, 80, 7]],

[ 3, 85, 0,[ 82, 0, 2, 59]],

[ 46, 85, 0,[ 77, 8, 65, 58]],

[ 99, 85, 0,[ 43, 2, 5, 74, 62]],

[ 72, 25, 0,[ 32, 18, 51]],

[ 61, 85, 0,[ 78, 29, 11, 27]],

[ 82, 85, 0,[ 62, 3, 34]],

[ 95, 85, 0,[ 93, 96]],

[ 58, 85, 0,[ 44, 53, 46, 52, 76, 79]],

[ 32, 25, 0,[ 72, 1, 75]],

[ 54, 85, 0,[ 78, 14, 6, 2, 63, 19]],

[ 73, 85, 0,[ 96, 8, 0]],

[ 90, 85, 0,[ 81, 78]],

[ 60, 85, 0,[ 9, 62, 93]],

[ 44, 55, 1,[ 4, 68, 94, 58, 0, 49]],

[ 12, 85, 0,[ 92, 83, 80, 1, 84]],

[ 84, 85, 0,[ 33, 49, 12, 92, 8]],

[ 23, 85, 0,[ 29, 5, 66]],

[ 69, 25, 0,[ 45, 35]],

[ 17, 85, 0,[ 93, 42, 43, 29]],

[ 16, 15, 0,[ 41]],

[ 18, 85, 0,[ 67, 11, 72, 47]],

[ 59, 85, 0,[ 86, 28, 3]],

[ 89, 85, 0,[ 2, 64, 27, 80, 24, 67]],

[ 51, 25, 0,[ 72, 25, 71]],

