[ 54, 65, 0,[ 19, 6, 2, 14, 78, 63]],

[ 99, 65, 0,[ 74, 2, 43, 62, 5]],

[ 7, 85, 0,[ 31, 35, 76, 52, 34, 75]],

[ 28, 45, 0,[ 36, 59, 55, 49]],

[ 6, 5, 1,[ 96, 40, 41, 38, 62, 54]],

[ 23, 15, 0,[ 66, 29, 5]],

[ 42, 15, 0,[ 17, 83]],

[ 45, 15, 0,[ 50, 1, 69]],

[ 36, 5, 0,[ 66, 28, 4]],

[ 81, 15, 1,[ 96, 26, 50, 20, 90, 37, 1]],

[ 78, 65, 0,[ 61, 90, 92, 54]],

[ 34, 85, 0,[ 82, 30, 4, 7, 20]],

[ 98, 25, 0,[ 43]],

[ 37, 75, 0,[ 81, 5, 15]],

[ 33, 85, 0,[ 94, 35, 84]],

[ 29, 15, 0,[ 39, 23, 61, 17, 55]],

[ 58, 85, 0,[ 44, 53, 76, 52, 46, 79]],

[ 38, 5, 0,[ 6, 85]],

[ 47, 85, 0,[ 66, 18, 94, 56]],

[ 40, 85, 0,[ 49, 68, 13, 26, 6]],

[ 12, 85, 0,[ 92, 1, 83, 84, 80]],

[ 89, 5, 1,[ 27, 24, 64, 67, 2, 80]],

[ 49, 85, 1,[ 28, 0, 67, 44, 40, 84]],

[ 25, 55, 0,[ 51, 68]],

[ 86, 45, 0,[ 20, 59]],

[ 39, 15, 0,[ 29]],

[ 43, 65, 0,[ 64, 97, 99, 17, 98]],

[ 80, 85, 0,[ 89, 76, 12, 10, 77]],

[ 75, 55, 0,[ 32, 7, 26]],

[ 69, 25, 0,[ 45, 35]],

[ 2, 45, 1,[ 0, 3, 53, 79, 88, 54, 89, 99, 52]],

[ 92, 85, 0,[ 15, 94, 78, 12, 84]],

[ 9, 85, 1,[ 76, 64, 57, 68, 15, 60]],

[ 32, 15, 0,[ 75, 72, 1]],

[ 57, 95, 0,[ 9]],

[ 65, 5, 0,[ 48, 0, 20, 53, 56, 46]],

[ 10, 65, 0,[ 80]],

[ 85, 5, 0,[ 38, 4]],

[ 18, 65, 0,[ 67, 11, 47, 72]],

[ 72, 5, 0,[ 32, 18, 51]],

[ 14, 65, 0,[ 8, 54, 30]],

[ 62, 65, 0,[ 6, 99, 82, 60]],

[ 60, 35, 0,[ 93, 9, 62]],

[ 95, 15, 0,[ 93, 96]],

[ 44, 85, 0,[ 4, 58, 49, 68, 0, 94]],

[ 30, 65, 0,[ 87, 34, 14]],

[ 66, 35, 0,[ 23, 47, 0, 31, 36]],

[ 13, 5, 0,[ 40, 55, 20, 0]],

[ 84, 85, 0,[ 92, 12, 33, 49, 8]],

[ 82, 85, 0,[ 34, 3, 62]],

[ 87, 65, 0,[ 11, 30, 8]],

[ 46, 85, 0,[ 8, 77, 65, 58]],

[ 67, 55, 0,[ 83, 89, 49, 18]],

[ 96, 15, 0,[ 6, 81, 50, 56, 95, 73]],

[ 76, 85, 0,[ 80, 9, 50, 58, 7]],

[ 31, 35, 0,[ 7, 0, 66]],

[ 74, 55, 0,[ 99]],

[ 93, 15, 0,[ 26, 60, 17, 95]],

[ 21, 5, 0,[ 52, 11, 88]],

[ 22, 75, 0,[ 71, 50]],

[ 35, 85, 0,[ 69, 8, 33, 7, 71]],

[ 70, 65, 0,[ 5, 24, 19]],

[ 1, 15, 0,[ 45, 12, 32, 81]],

[ 15, 85, 0,[ 37, 27, 55, 92, 9]],

[ 55, 55, 0,[ 29, 0, 13, 28, 15]],

[ 88, 5, 0,[ 77, 2, 21]],

[ 68, 85, 0,[ 9, 77, 40, 25, 4, 44]],

[ 4, 85, 0,[ 68, 34, 85, 36, 44, 64]],

[ 83, 35, 0,[ 12, 67, 42]],

[ 20, 5, 0,[ 34, 13, 86, 81, 65]],

[ 71, 85, 0,[ 51, 22, 35]],

[ 26, 65, 1,[ 81, 75, 93, 97, 40, 79, 91]],

[ 11, 65, 1,[ 61, 79, 97, 21, 18, 63, 87]],

[ 64, 85, 0,[ 43, 4, 63, 89, 9]],

[ 56, 95, 0,[ 47, 65, 96]],

[ 97, 65, 0,[ 26, 11, 79, 43, 5]],

[ 91, 55, 0,[ 52, 26]],

[ 77, 5, 0,[ 80, 68, 27, 88, 46]],

[ 52, 5, 0,[ 91, 7, 21, 58, 2]],

[ 50, 15, 0,[ 45, 22, 81, 76, 96]],

[ 19, 65, 0,[ 54, 70]],

[ 8, 85, 0,[ 46, 87, 84, 73, 35, 14]],

[ 94, 85, 0,[ 92, 33, 44, 47]],

[ 51, 55, 0,[ 71, 25, 72]],

[ 90, 65, 0,[ 81, 78]],

[ 0, 35, 1,[ 24, 3, 31, 55, 49, 13, 2, 66, 65, 73, 44]],

[ 16, 5, 0,[ 41]],

[ 48, 25, 0,[ 65]],

[ 5, 65, 0,[ 99, 23, 70, 37, 97]],

[ 61, 65, 0,[ 78, 11, 29, 27]],

[ 17, 15, 0,[ 29, 42, 43, 93]],

[ 24, 15, 0,[ 89, 70, 0]],

[ 59, 45, 0,[ 86, 28, 3]],

[ 41, 5, 0,[ 6, 16, 79]],

[ 3, 45, 0,[ 82, 0, 2, 59]],

[ 53, 5, 0,[ 65, 58, 2]],

[ 63, 65, 0,[ 11, 64, 54]],

[ 79, 15, 1,[ 11, 41, 26, 58, 97, 2]],

[ 27, 5, 0,[ 89, 61, 77, 15]],

[ 73, 65, 0,[ 96, 0, 8]],

