[ 19, 45, 0,[ 70, 54]],

[ 61, 85, 1,[ 29, 11, 78, 27]],

[ 10, 85, 0,[ 80]],

[ 34, 5, 1,[ 4, 7, 30, 20, 82]],

[ 11, 15, 1,[ 79, 97, 63, 61, 87, 18, 21]],

[ 44, 55, 1,[ 0, 49, 58, 94, 68, 4]],

[ 23, 85, 0,[ 5, 29, 66]],

[ 55, 25, 1,[ 13, 15, 29, 0, 28]],

[ 89, 75, 1,[ 64, 27, 67, 80, 2, 24]],

[ 13, 25, 1,[ 0, 20, 40, 55]],

[ 46, 15, 1,[ 65, 8, 77, 58]],

[ 33, 5, 0,[ 94, 84, 35]],

[ 63, 45, 0,[ 54, 11, 64]],

[ 30, 5, 0,[ 14, 87, 34]],

[ 82, 5, 0,[ 62, 3, 34]],

[ 36, 85, 0,[ 4, 28, 66]],

[ 80, 85, 1,[ 76, 89, 10, 12, 77]],

[ 78, 45, 0,[ 61, 90, 92, 54]],

[ 29, 95, 1,[ 23, 39, 17, 61, 55]],

[ 85, 85, 0,[ 38, 4]],

[ 31, 15, 0,[ 7, 0, 66]],

[ 21, 15, 0,[ 52, 11, 88]],

[ 48, 5, 0,[ 65]],

[ 75, 55, 0,[ 7, 32, 26]],

[ 14, 15, 0,[ 8, 30, 54]],

[ 77, 5, 1,[ 27, 88, 46, 80, 68]],

[ 35, 75, 1,[ 7, 8, 69, 71, 33]],

[ 51, 35, 0,[ 71, 25, 72]],

[ 40, 55, 1,[ 13, 49, 26, 6, 68]],

[ 20, 35, 1,[ 65, 34, 13, 81, 86]],

[ 81, 45, 1,[ 20, 90, 1, 50, 96, 37, 26]],

[ 59, 95, 0,[ 28, 86, 3]],

[ 73, 15, 0,[ 96, 0, 8]],

[ 97, 5, 1,[ 26, 79, 11, 43, 5]],

[ 25, 25, 0,[ 68, 51]],

[ 79, 75, 1,[ 11, 97, 58, 41, 26, 2]],

[ 53, 65, 0,[ 2, 65, 58]],

[ 69, 75, 0,[ 45, 35]],

[ 93, 55, 0,[ 17, 95, 26, 60]],

[ 9, 15, 1,[ 68, 76, 57, 64, 60, 15]],

[ 2, 15, 1,[ 79, 0, 99, 89, 88, 54, 53, 52, 3]],

[ 27, 35, 1,[ 15, 61, 77, 89]],

[ 50, 75, 1,[ 81, 76, 96, 45, 22]],

[ 6, 85, 1,[ 96, 54, 40, 41, 62, 38]],

[ 74, 25, 0,[ 99]],

[ 17, 35, 1,[ 42, 93, 29, 43]],

[ 54, 45, 1,[ 14, 19, 2, 78, 6, 63]],

[ 26, 55, 1,[ 75, 81, 91, 40, 93, 97, 79]],

[ 22, 75, 0,[ 71, 50]],

[ 87, 15, 0,[ 30, 11, 8]],

[ 8, 15, 1,[ 87, 46, 35, 73, 84, 14]],

[ 28, 95, 1,[ 36, 49, 59, 55]],

[ 16, 75, 0,[ 41]],

[ 37, 95, 0,[ 15, 81, 5]],

[ 39, 95, 0,[ 29]],

[ 91, 5, 0,[ 26, 52]],

[ 67, 75, 0,[ 49, 83, 89, 18]],

[ 7, 55, 1,[ 75, 76, 34, 35, 31, 52]],

[ 70, 15, 0,[ 24, 5, 19]],

[ 90, 45, 0,[ 78, 81]],

[ 47, 45, 1,[ 94, 18, 56, 66]],

[ 76, 65, 1,[ 7, 9, 50, 58, 80]],

[ 88, 15, 0,[ 2, 77, 21]],

[ 0, 15, 1,[ 13, 24, 66, 3, 55, 65, 49, 73, 2, 44, 31]],

[ 38, 85, 0,[ 6, 85]],

[ 3, 15, 0,[ 59, 82, 0, 2]],

[ 58, 65, 1,[ 52, 79, 53, 76, 46, 44]],

[ 60, 15, 0,[ 93, 62, 9]],

[ 43, 55, 1,[ 98, 17, 97, 99, 64]],

[ 95, 85, 0,[ 96, 93]],

[ 99, 25, 1,[ 43, 74, 5, 2, 62]],

[ 98, 55, 0,[ 43]],

[ 41, 75, 0,[ 79, 6, 16]],

[ 65, 5, 1,[ 0, 48, 53, 46, 56, 20]],

[ 42, 35, 0,[ 83, 17]],

[ 92, 75, 1,[ 84, 94, 15, 12, 78]],

[ 15, 95, 1,[ 37, 92, 27, 55, 9]],

[ 32, 35, 0,[ 75, 1, 72]],

[ 84, 5, 1,[ 33, 92, 8, 12, 49]],

[ 1, 15, 0,[ 45, 81, 12, 32]],

[ 5, 75, 1,[ 70, 99, 37, 23, 97]],

[ 18, 55, 1,[ 47, 11, 67, 72]],

[ 94, 85, 1,[ 44, 47, 92, 33]],

[ 52, 5, 1,[ 58, 21, 91, 2, 7]],

[ 64, 35, 1,[ 9, 43, 63, 4, 89]],

[ 12, 15, 1,[ 92, 84, 1, 83, 80]],

[ 66, 85, 1,[ 36, 23, 47, 0, 31]],

[ 62, 75, 1,[ 6, 82, 60, 99]],

[ 49, 55, 1,[ 84, 40, 44, 28, 67, 0]],

[ 56, 5, 0,[ 96, 47, 65]],

[ 24, 15, 0,[ 70, 0, 89]],

[ 45, 15, 0,[ 1, 69, 50]],

[ 86, 35, 0,[ 59, 20]],

[ 72, 35, 0,[ 18, 51, 32]],

[ 83, 15, 0,[ 12, 67, 42]],

[ 71, 75, 0,[ 51, 35, 22]],

[ 4, 85, 1,[ 64, 44, 85, 34, 68, 36]],

[ 57, 15, 0,[ 9]],

[ 68, 25, 1,[ 4, 25, 9, 44, 77, 40]],

[ 96, 85, 1,[ 56, 50, 73, 6, 81, 95]],

