[ 16, 55, 1,[ 41]],

[ 6, 45, 0,[ 62, 40, 38, 41, 54, 96]],

[ 55, 45, 0,[ 29, 28, 13, 15, 0]],

[ 33, 45, 0,[ 94, 35, 84]],

[ 85, 35, 0,[ 4, 38]],

[ 4, 45, 0,[ 64, 68, 34, 44, 36, 85]],

[ 0, 45, 0,[ 31, 66, 2, 24, 44, 65, 49, 13, 55, 3, 73]],

[ 63, 45, 0,[ 54, 11, 64]],

[ 17, 45, 0,[ 43, 42, 93, 29]],

[ 98, 85, 1,[ 43]],

[ 75, 45, 0,[ 26, 7, 32]],

[ 26, 45, 0,[ 97, 75, 81, 93, 79, 91, 40]],

[ 23, 45, 0,[ 66, 29, 5]],

[ 11, 45, 0,[ 79, 18, 97, 21, 63, 61, 87]],

[ 54, 45, 0,[ 2, 6, 63, 14, 78, 19]],

[ 70, 45, 0,[ 24, 5, 19]],

[ 45, 45, 0,[ 69, 1, 50]],

[ 41, 45, 0,[ 16, 79, 6]],

[ 25, 15, 1,[ 68, 51]],

[ 64, 45, 0,[ 9, 4, 89, 63, 43]],

[ 27, 45, 0,[ 77, 89, 61, 15]],

[ 5, 45, 0,[ 23, 70, 37, 99, 97]],

[ 96, 45, 0,[ 56, 73, 50, 95, 6, 81]],

[ 92, 45, 0,[ 12, 15, 84, 94, 78]],

[ 34, 45, 0,[ 7, 4, 20, 82, 30]],

[ 15, 45, 0,[ 92, 9, 27, 55, 37]],

[ 77, 45, 0,[ 46, 88, 27, 68, 80]],

[ 44, 45, 0,[ 0, 94, 68, 58, 4, 49]],

[ 36, 45, 0,[ 66, 4, 28]],

[ 97, 45, 0,[ 43, 5, 79, 26, 11]],

[ 19, 45, 0,[ 70, 54]],

[ 94, 45, 0,[ 44, 92, 33, 47]],

[ 59, 45, 0,[ 28, 86, 3]],

[ 48, 35, 0,[ 65]],

[ 56, 45, 0,[ 47, 96, 65]],

[ 93, 45, 0,[ 26, 60, 17, 95]],

[ 38, 35, 0,[ 85, 6]],

[ 87, 45, 0,[ 11, 30, 8]],

[ 12, 45, 0,[ 84, 1, 80, 92, 83]],

[ 18, 45, 0,[ 72, 67, 11, 47]],

[ 21, 45, 0,[ 52, 88, 11]],

[ 71, 25, 0,[ 22, 35, 51]],

[ 57, 75, 1,[ 9]],

[ 14, 45, 0,[ 54, 8, 30]],

[ 10, 35, 1,[ 80]],

[ 35, 45, 0,[ 71, 69, 8, 7, 33]],

[ 86, 45, 0,[ 59, 20]],

[ 53, 45, 0,[ 65, 2, 58]],

[ 67, 45, 0,[ 49, 83, 89, 18]],

[ 13, 45, 0,[ 40, 55, 20, 0]],

[ 68, 45, 0,[ 9, 25, 4, 77, 40, 44]],

[ 9, 45, 0,[ 57, 76, 64, 60, 15, 68]],

[ 24, 45, 0,[ 0, 70, 89]],

[ 78, 45, 0,[ 90, 92, 54, 61]],

[ 74, 35, 1,[ 99]],

[ 40, 45, 0,[ 13, 49, 68, 26, 6]],

[ 28, 45, 0,[ 59, 36, 55, 49]],

[ 66, 45, 0,[ 0, 31, 36, 47, 23]],

[ 49, 45, 0,[ 84, 44, 0, 67, 28, 40]],

[ 88, 45, 0,[ 2, 77, 21]],

[ 37, 45, 0,[ 15, 81, 5]],

[ 52, 45, 0,[ 2, 91, 21, 58, 7]],

[ 95, 45, 0,[ 96, 93]],

[ 29, 45, 0,[ 39, 55, 23, 61, 17]],

[ 76, 45, 0,[ 58, 7, 9, 50, 80]],

[ 2, 45, 0,[ 79, 3, 53, 0, 89, 52, 54, 88, 99]],

[ 90, 15, 1,[ 78, 81]],

[ 46, 45, 0,[ 65, 77, 58, 8]],

[ 84, 45, 0,[ 49, 92, 8, 12, 33]],

[ 79, 45, 0,[ 26, 58, 41, 11, 97, 2]],

[ 81, 45, 0,[ 1, 96, 50, 37, 26, 20, 90]],

[ 42, 45, 0,[ 17, 83]],

[ 69, 65, 1,[ 35, 45]],

[ 32, 45, 0,[ 1, 72, 75]],

[ 20, 45, 0,[ 65, 34, 81, 13, 86]],

[ 72, 45, 0,[ 32, 18, 51]],

[ 39, 75, 1,[ 29]],

[ 47, 45, 0,[ 94, 56, 66, 18]],

[ 50, 45, 0,[ 76, 22, 81, 45, 96]],

[ 73, 45, 0,[ 8, 96, 0]],

[ 22, 85, 1,[ 71, 50]],

[ 62, 45, 0,[ 99, 82, 6, 60]],

[ 83, 45, 0,[ 42, 12, 67]],

[ 61, 45, 0,[ 29, 78, 27, 11]],

[ 3, 45, 0,[ 0, 2, 82, 59]],

[ 58, 45, 0,[ 46, 52, 53, 76, 44, 79]],

[ 65, 45, 0,[ 46, 56, 20, 48, 53, 0]],

[ 7, 45, 0,[ 76, 31, 34, 75, 35, 52]],

[ 43, 45, 0,[ 64, 17, 99, 98, 97]],

[ 99, 45, 0,[ 43, 5, 62, 2, 74]],

[ 82, 45, 0,[ 34, 62, 3]],

[ 30, 45, 0,[ 87, 14, 34]],

[ 91, 45, 0,[ 26, 52]],

[ 1, 45, 0,[ 45, 81, 32, 12]],

[ 31, 45, 0,[ 0, 66, 7]],

[ 8, 45, 0,[ 35, 14, 84, 87, 73, 46]],

[ 89, 45, 0,[ 2, 64, 80, 27, 24, 67]],

[ 80, 45, 0,[ 12, 10, 76, 77, 89]],

[ 51, 25, 0,[ 72, 25, 71]],

[ 60, 45, 0,[ 62, 9, 93]],

