[ 67, 45, 0,[ 83, 18, 89, 49]],

[ 73, 15, 1,[ 8, 96, 0]],

[ 41, 45, 1,[ 16, 79, 6]],

[ 12, 35, 0,[ 1, 83, 80, 92, 84]],

[ 63, 25, 1,[ 64, 54, 11]],

[ 17, 45, 0,[ 29, 42, 93, 43]],

[ 56, 5, 1,[ 96, 47, 65]],

[ 80, 45, 0,[ 77, 76, 10, 12, 89]],

[ 69, 35, 1,[ 45, 35]],

[ 10, 75, 1,[ 80]],

[ 96, 5, 0,[ 56, 50, 95, 81, 73, 6]],

[ 0, 65, 0,[ 2, 65, 66, 73, 13, 31, 44, 24, 49, 55, 3]],

[ 77, 85, 0,[ 80, 27, 68, 88, 46]],

[ 74, 25, 1,[ 99]],

[ 65, 65, 0,[ 46, 0, 53, 48, 20, 56]],

[ 61, 25, 0,[ 78, 29, 11, 27]],

[ 7, 55, 0,[ 35, 52, 76, 31, 75, 34]],

[ 31, 95, 1,[ 66, 0, 7]],

[ 1, 55, 0,[ 45, 32, 81, 12]],

[ 6, 5, 0,[ 40, 96, 54, 62, 38, 41]],

[ 49, 65, 0,[ 44, 0, 67, 28, 84, 40]],

[ 48, 55, 1,[ 65]],

[ 68, 5, 0,[ 9, 25, 40, 4, 44, 77]],

[ 87, 75, 1,[ 11, 30, 8]],

[ 85, 85, 1,[ 38, 4]],

[ 2, 45, 0,[ 52, 99, 0, 89, 53, 88, 3, 54, 79]],

[ 70, 5, 1,[ 19, 5, 24]],

[ 5, 55, 0,[ 99, 37, 97, 70, 23]],

[ 33, 95, 1,[ 35, 84, 94]],

[ 38, 25, 1,[ 6, 85]],

[ 50, 5, 0,[ 76, 96, 45, 81, 22]],

[ 55, 65, 0,[ 15, 13, 0, 29, 28]],

[ 47, 15, 1,[ 18, 56, 66, 94]],

[ 52, 55, 0,[ 7, 58, 91, 2, 21]],

[ 90, 95, 1,[ 81, 78]],

[ 40, 5, 0,[ 26, 6, 49, 68, 13]],

[ 94, 15, 1,[ 92, 33, 44, 47]],

[ 97, 5, 0,[ 43, 26, 5, 79, 11]],

[ 4, 5, 0,[ 64, 44, 68, 34, 85, 36]],

[ 20, 65, 0,[ 81, 86, 65, 34, 13]],

[ 15, 15, 0,[ 55, 27, 9, 92, 37]],

[ 3, 55, 1,[ 0, 59, 2, 82]],

[ 24, 5, 1,[ 70, 89, 0]],

[ 54, 45, 0,[ 78, 63, 14, 2, 6, 19]],

[ 91, 15, 1,[ 52, 26]],

[ 60, 15, 1,[ 93, 9, 62]],

[ 39, 15, 1,[ 29]],

[ 11, 25, 0,[ 18, 97, 63, 87, 21, 79, 61]],

[ 64, 45, 0,[ 89, 43, 9, 63, 4]],

[ 27, 15, 0,[ 61, 89, 77, 15]],

[ 14, 45, 1,[ 8, 30, 54]],

[ 71, 75, 1,[ 22, 35, 51]],

[ 25, 5, 1,[ 51, 68]],

[ 8, 35, 0,[ 87, 35, 14, 73, 46, 84]],

[ 45, 15, 1,[ 50, 1, 69]],

[ 89, 45, 0,[ 24, 64, 27, 2, 80, 67]],

[ 76, 5, 0,[ 50, 58, 7, 9, 80]],

[ 16, 45, 1,[ 41]],

[ 75, 5, 1,[ 26, 32, 7]],

[ 26, 5, 0,[ 91, 75, 97, 79, 40, 93, 81]],

[ 81, 5, 0,[ 37, 20, 90, 50, 96, 26, 1]],

[ 42, 65, 1,[ 17, 83]],

[ 34, 65, 0,[ 20, 4, 7, 82, 30]],

[ 98, 45, 0,[ 43]],

[ 30, 55, 1,[ 87, 34, 14]],

[ 95, 5, 1,[ 96, 93]],

[ 37, 45, 1,[ 5, 15, 81]],

[ 18, 25, 0,[ 11, 67, 47, 72]],

[ 82, 45, 1,[ 3, 62, 34]],

[ 59, 25, 1,[ 28, 3, 86]],

[ 13, 25, 1,[ 40, 0, 55, 20]],

[ 86, 75, 1,[ 20, 59]],

[ 53, 55, 1,[ 58, 65, 2]],

[ 22, 85, 1,[ 71, 50]],

[ 46, 65, 0,[ 58, 77, 65, 8]],

[ 58, 5, 0,[ 44, 46, 52, 76, 53, 79]],

[ 9, 15, 0,[ 76, 57, 68, 64, 60, 15]],

[ 43, 45, 0,[ 97, 17, 64, 98, 99]],

[ 21, 25, 1,[ 88, 11, 52]],

[ 84, 35, 0,[ 33, 8, 92, 49, 12]],

[ 66, 65, 0,[ 23, 47, 0, 31, 36]],

[ 78, 15, 1,[ 54, 61, 90, 92]],

[ 83, 45, 1,[ 42, 12, 67]],

[ 99, 45, 0,[ 74, 43, 2, 5, 62]],

[ 72, 75, 1,[ 18, 51, 32]],

[ 28, 65, 1,[ 49, 55, 36, 59]],

[ 29, 85, 0,[ 55, 23, 39, 17, 61]],

[ 57, 55, 1,[ 9]],

[ 88, 85, 1,[ 77, 21, 2]],

[ 44, 5, 0,[ 49, 4, 68, 58, 94, 0]],

[ 32, 55, 1,[ 72, 75, 1]],

[ 36, 5, 1,[ 28, 4, 66]],

[ 51, 65, 1,[ 71, 25, 72]],

[ 79, 5, 0,[ 41, 11, 2, 26, 58, 97]],

[ 35, 55, 0,[ 7, 8, 69, 33, 71]],

[ 19, 55, 1,[ 70, 54]],

[ 62, 45, 0,[ 6, 60, 82, 99]],

[ 92, 15, 0,[ 15, 78, 84, 12, 94]],

[ 93, 5, 0,[ 17, 60, 95, 26]],

[ 23, 55, 1,[ 29, 5, 66]],

