[ 81, 55, 1,[ 20, 37, 90, 26, 1, 96, 50]],

[ 58, 75, 0,[ 46, 53, 76, 79, 52, 44]],

[ 90, 75, 0,[ 78, 81]],

[ 44, 55, 0,[ 49, 0, 68, 58, 94, 4]],

[ 23, 75, 0,[ 5, 29, 66]],

[ 18, 75, 0,[ 47, 72, 67, 11]],

[ 31, 55, 0,[ 7, 0, 66]],

[ 9, 75, 0,[ 60, 57, 64, 15, 76, 68]],

[ 98, 75, 0,[ 43]],

[ 56, 55, 0,[ 65, 96, 47]],

[ 3, 55, 0,[ 82, 2, 0, 59]],

[ 28, 55, 0,[ 49, 36, 59, 55]],

[ 36, 55, 0,[ 28, 66, 4]],

[ 83, 75, 0,[ 12, 67, 42]],

[ 17, 75, 0,[ 29, 42, 93, 43]],

[ 94, 75, 0,[ 47, 92, 33, 44]],

[ 13, 55, 0,[ 55, 40, 20, 0]],

[ 48, 55, 0,[ 65]],

[ 38, 55, 0,[ 6, 85]],

[ 99, 75, 0,[ 43, 5, 74, 2, 62]],

[ 82, 55, 0,[ 62, 3, 34]],

[ 20, 55, 0,[ 34, 13, 65, 86, 81]],

[ 46, 75, 0,[ 77, 65, 58, 8]],

[ 85, 55, 0,[ 38, 4]],

[ 39, 75, 0,[ 29]],

[ 78, 75, 0,[ 90, 92, 54, 61]],

[ 10, 75, 0,[ 80]],

[ 93, 55, 0,[ 60, 95, 17, 26]],

[ 14, 75, 0,[ 30, 54, 8]],

[ 16, 55, 0,[ 41]],

[ 89, 65, 1,[ 24, 27, 2, 80, 67, 64]],

[ 73, 55, 0,[ 0, 96, 8]],

[ 63, 75, 0,[ 54, 64, 11]],

[ 12, 75, 0,[ 92, 83, 80, 84, 1]],

[ 88, 75, 0,[ 2, 77, 21]],

[ 65, 55, 0,[ 48, 20, 53, 46, 0, 56]],

[ 47, 75, 0,[ 94, 18, 56, 66]],

[ 57, 75, 0,[ 9]],

[ 62, 55, 0,[ 6, 60, 99, 82]],

[ 55, 55, 0,[ 28, 29, 15, 13, 0]],

[ 53, 75, 0,[ 65, 58, 2]],

[ 76, 75, 0,[ 7, 58, 80, 50, 9]],

[ 66, 55, 0,[ 0, 31, 36, 23, 47]],

[ 2, 75, 1,[ 54, 89, 52, 53, 88, 3, 0, 99, 79]],

[ 41, 55, 0,[ 6, 79, 16]],

[ 74, 75, 0,[ 99]],

[ 26, 15, 1,[ 79, 97, 93, 91, 40, 81, 75]],

[ 19, 75, 0,[ 54, 70]],

[ 61, 75, 0,[ 27, 78, 11, 29]],

[ 79, 25, 1,[ 2, 97, 41, 58, 26, 11]],

[ 52, 75, 0,[ 91, 7, 21, 58, 2]],

[ 51, 75, 0,[ 72, 71, 25]],

[ 29, 75, 0,[ 39, 61, 55, 23, 17]],

[ 92, 75, 0,[ 84, 94, 15, 12, 78]],

[ 42, 75, 0,[ 83, 17]],

[ 0, 55, 1,[ 3, 49, 2, 55, 66, 31, 73, 13, 65, 24, 44]],

[ 59, 55, 0,[ 86, 3, 28]],

[ 43, 75, 0,[ 97, 17, 64, 98, 99]],

[ 45, 75, 0,[ 69, 1, 50]],

[ 87, 75, 0,[ 11, 30, 8]],

[ 68, 25, 1,[ 40, 9, 25, 4, 44, 77]],

[ 8, 75, 0,[ 14, 73, 46, 87, 84, 35]],

[ 72, 75, 0,[ 32, 51, 18]],

[ 86, 55, 0,[ 20, 59]],

[ 11, 75, 1,[ 79, 97, 63, 87, 21, 61, 18]],

[ 70, 75, 0,[ 19, 5, 24]],

[ 40, 55, 0,[ 49, 13, 26, 6, 68]],

[ 64, 75, 0,[ 63, 89, 4, 43, 9]],

[ 71, 75, 0,[ 35, 51, 22]],

[ 96, 55, 0,[ 73, 56, 6, 50, 95, 81]],

[ 21, 75, 0,[ 11, 52, 88]],

[ 34, 55, 0,[ 30, 7, 82, 4, 20]],

[ 33, 75, 0,[ 35, 94, 84]],

[ 6, 55, 1,[ 62, 96, 41, 38, 40, 54]],

[ 1, 75, 0,[ 32, 81, 45, 12]],

[ 77, 75, 0,[ 46, 80, 27, 68, 88]],

[ 97, 75, 0,[ 5, 11, 43, 79, 26]],

[ 5, 75, 0,[ 99, 37, 97, 23, 70]],

[ 27, 75, 0,[ 89, 61, 15, 77]],

[ 49, 55, 0,[ 67, 40, 0, 44, 84, 28]],

[ 91, 75, 0,[ 52, 26]],

[ 35, 75, 0,[ 69, 33, 7, 71, 8]],

[ 67, 75, 0,[ 18, 89, 49, 83]],

[ 60, 55, 0,[ 62, 93, 9]],

[ 32, 75, 0,[ 75, 1, 72]],

[ 84, 75, 0,[ 8, 92, 33, 49, 12]],

[ 7, 15, 1,[ 75, 52, 35, 34, 76, 31]],

[ 37, 75, 0,[ 15, 5, 81]],

[ 22, 75, 0,[ 71, 50]],

[ 75, 15, 0,[ 7, 32, 26]],

[ 95, 55, 0,[ 96, 93]],

[ 25, 25, 0,[ 68, 51]],

[ 4, 55, 0,[ 68, 36, 85, 64, 34, 44]],

[ 69, 75, 0,[ 35, 45]],

[ 80, 75, 0,[ 76, 12, 10, 89, 77]],

[ 54, 75, 0,[ 6, 2, 19, 78, 63, 14]],

[ 24, 55, 0,[ 70, 0, 89]],

[ 30, 75, 0,[ 34, 87, 14]],

[ 15, 75, 0,[ 55, 92, 27, 9, 37]],

[ 50, 75, 0,[ 22, 81, 76, 96, 45]],

