[ 84, 35, 0,[ 49, 8, 12, 33, 92]],

[ 53, 35, 1,[ 65, 58, 2]],

[ 17, 85, 0,[ 43, 93, 29, 42]],

[ 90, 65, 1,[ 81, 78]],

[ 86, 75, 1,[ 20, 59]],

[ 57, 35, 0,[ 9]],

[ 0, 35, 0,[ 24, 55, 2, 49, 66, 73, 3, 31, 44, 13, 65]],

[ 79, 35, 0,[ 11, 41, 2, 97, 58, 26]],

[ 27, 35, 0,[ 15, 77, 61, 89]],

[ 44, 35, 0,[ 49, 0, 4, 94, 58, 68]],

[ 55, 35, 0,[ 13, 29, 28, 0, 15]],

[ 62, 35, 0,[ 82, 60, 6, 99]],

[ 85, 5, 1,[ 38, 4]],

[ 64, 35, 0,[ 4, 43, 63, 89, 9]],

[ 58, 35, 0,[ 76, 44, 46, 52, 79, 53]],

[ 14, 45, 1,[ 54, 8, 30]],

[ 45, 15, 1,[ 69, 50, 1]],

[ 69, 15, 1,[ 45, 35]],

[ 94, 45, 1,[ 44, 92, 33, 47]],

[ 43, 35, 0,[ 17, 98, 97, 99, 64]],

[ 65, 35, 0,[ 0, 53, 20, 46, 56, 48]],

[ 89, 35, 0,[ 64, 2, 80, 27, 67, 24]],

[ 48, 85, 1,[ 65]],

[ 16, 35, 1,[ 41]],

[ 77, 35, 0,[ 46, 80, 68, 88, 27]],

[ 47, 35, 0,[ 94, 18, 66, 56]],

[ 1, 15, 0,[ 45, 32, 12, 81]],

[ 29, 85, 0,[ 55, 23, 39, 17, 61]],

[ 81, 15, 0,[ 96, 1, 37, 90, 20, 26, 50]],

[ 33, 5, 1,[ 94, 84, 35]],

[ 88, 15, 1,[ 2, 21, 77]],

[ 11, 35, 0,[ 61, 87, 63, 21, 97, 79, 18]],

[ 34, 35, 0,[ 30, 7, 20, 4, 82]],

[ 6, 35, 0,[ 41, 38, 40, 54, 96, 62]],

[ 20, 35, 0,[ 81, 86, 65, 13, 34]],

[ 22, 55, 1,[ 71, 50]],

[ 93, 85, 1,[ 17, 26, 95, 60]],

[ 8, 35, 0,[ 84, 87, 46, 35, 73, 14]],

[ 49, 35, 0,[ 44, 28, 40, 84, 67, 0]],

[ 63, 45, 1,[ 54, 64, 11]],

[ 41, 95, 1,[ 6, 16, 79]],

[ 74, 75, 1,[ 99]],

[ 9, 35, 0,[ 76, 60, 57, 15, 68, 64]],

[ 66, 35, 0,[ 0, 23, 36, 47, 31]],

[ 87, 45, 1,[ 11, 30, 8]],

[ 60, 55, 1,[ 93, 62, 9]],

[ 67, 35, 0,[ 49, 89, 83, 18]],

[ 83, 55, 1,[ 67, 42, 12]],

[ 19, 35, 1,[ 70, 54]],

[ 46, 35, 0,[ 8, 77, 65, 58]],

[ 30, 55, 1,[ 87, 34, 14]],

[ 28, 5, 1,[ 36, 55, 59, 49]],

[ 76, 35, 0,[ 58, 80, 9, 7, 50]],

[ 54, 35, 0,[ 14, 2, 19, 78, 63, 6]],

[ 37, 5, 1,[ 15, 5, 81]],

[ 50, 15, 0,[ 81, 76, 96, 45, 22]],

[ 98, 45, 1,[ 43]],

[ 68, 35, 0,[ 44, 25, 9, 77, 40, 4]],

[ 82, 85, 1,[ 3, 34, 62]],

[ 78, 75, 1,[ 61, 90, 54, 92]],

[ 5, 35, 0,[ 23, 99, 70, 37, 97]],

[ 96, 15, 0,[ 56, 6, 95, 81, 50, 73]],

[ 59, 45, 1,[ 3, 28, 86]],

[ 51, 75, 1,[ 25, 71, 72]],

[ 73, 85, 1,[ 0, 96, 8]],

[ 3, 35, 0,[ 0, 59, 82, 2]],

[ 2, 35, 0,[ 0, 89, 99, 79, 54, 53, 52, 88, 3]],

[ 23, 85, 1,[ 5, 66, 29]],

[ 7, 35, 0,[ 52, 76, 34, 35, 31, 75]],

[ 97, 35, 0,[ 43, 11, 79, 26, 5]],

[ 26, 35, 0,[ 81, 40, 91, 97, 93, 79, 75]],

[ 75, 85, 1,[ 32, 26, 7]],

[ 95, 95, 1,[ 96, 93]],

[ 92, 35, 0,[ 84, 78, 94, 15, 12]],

[ 72, 35, 1,[ 32, 18, 51]],

[ 61, 95, 1,[ 29, 78, 11, 27]],

[ 4, 35, 0,[ 34, 44, 68, 64, 85, 36]],

[ 32, 5, 1,[ 72, 1, 75]],

[ 31, 5, 1,[ 0, 7, 66]],

[ 99, 35, 0,[ 5, 43, 74, 2, 62]],

[ 70, 15, 1,[ 19, 5, 24]],

[ 91, 15, 1,[ 26, 52]],

[ 56, 15, 1,[ 47, 65, 96]],

[ 80, 35, 0,[ 10, 76, 77, 89, 12]],

[ 42, 75, 1,[ 17, 83]],

[ 12, 35, 0,[ 83, 92, 80, 1, 84]],

[ 15, 35, 0,[ 9, 55, 37, 92, 27]],

[ 24, 35, 1,[ 89, 0, 70]],

[ 36, 35, 1,[ 66, 28, 4]],

[ 10, 25, 1,[ 80]],

[ 21, 35, 1,[ 88, 52, 11]],

[ 38, 55, 1,[ 85, 6]],

[ 39, 45, 1,[ 29]],

[ 25, 5, 1,[ 51, 68]],

[ 18, 35, 0,[ 72, 47, 67, 11]],

[ 13, 65, 1,[ 55, 0, 20, 40]],

[ 71, 55, 1,[ 51, 22, 35]],

[ 52, 35, 0,[ 7, 21, 91, 58, 2]],

[ 35, 35, 0,[ 33, 8, 71, 69, 7]],

[ 40, 35, 0,[ 49, 6, 13, 68, 26]],

