[ 20, 55, 0,[ 81, 13, 65, 34, 86]],

[ 39, 75, 0,[ 29]],

[ 6, 65, 1,[ 96, 54, 40, 41, 38, 62]],

[ 83, 55, 0,[ 67, 12, 42]],

[ 42, 55, 0,[ 83, 17]],

[ 67, 55, 0,[ 49, 83, 18, 89]],

[ 58, 55, 0,[ 76, 79, 53, 46, 44, 52]],

[ 86, 55, 0,[ 20, 59]],

[ 19, 55, 0,[ 70, 54]],

[ 8, 55, 0,[ 14, 73, 35, 84, 87, 46]],

[ 55, 55, 0,[ 0, 28, 13, 29, 15]],

[ 77, 55, 0,[ 88, 80, 68, 46, 27]],

[ 1, 55, 0,[ 45, 12, 32, 81]],

[ 44, 55, 0,[ 94, 0, 58, 49, 4, 68]],

[ 9, 55, 1,[ 76, 15, 57, 60, 68, 64]],

[ 81, 85, 1,[ 37, 50, 20, 96, 1, 26, 90]],

[ 0, 25, 1,[ 31, 55, 3, 49, 66, 13, 65, 44, 2, 24, 73]],

[ 11, 35, 1,[ 21, 79, 97, 18, 63, 87, 61]],

[ 89, 55, 0,[ 2, 24, 80, 64, 27, 67]],

[ 13, 55, 0,[ 40, 55, 20, 0]],

[ 68, 15, 1,[ 77, 44, 4, 25, 40, 9]],

[ 51, 55, 0,[ 25, 71, 72]],

[ 84, 55, 0,[ 12, 49, 33, 8, 92]],

[ 48, 85, 0,[ 65]],

[ 14, 55, 0,[ 30, 54, 8]],

[ 90, 55, 0,[ 78, 81]],

[ 62, 55, 0,[ 99, 82, 6, 60]],

[ 10, 55, 0,[ 80]],

[ 82, 55, 0,[ 62, 34, 3]],

[ 47, 55, 0,[ 66, 56, 94, 18]],

[ 94, 55, 0,[ 33, 47, 44, 92]],

[ 33, 55, 0,[ 35, 94, 84]],

[ 15, 55, 0,[ 9, 92, 55, 37, 27]],

[ 87, 55, 0,[ 11, 8, 30]],

[ 16, 85, 0,[ 41]],

[ 56, 55, 0,[ 65, 47, 96]],

[ 22, 55, 0,[ 50, 71]],

[ 65, 55, 0,[ 20, 0, 48, 53, 46, 56]],

[ 95, 65, 0,[ 93, 96]],

[ 59, 55, 0,[ 28, 86, 3]],

[ 64, 55, 0,[ 43, 4, 89, 9, 63]],

[ 71, 55, 0,[ 22, 35, 51]],

[ 34, 55, 0,[ 7, 4, 30, 20, 82]],

[ 76, 55, 0,[ 7, 50, 58, 80, 9]],

[ 18, 55, 0,[ 72, 47, 11, 67]],

[ 24, 55, 0,[ 0, 89, 70]],

[ 73, 75, 0,[ 0, 96, 8]],

[ 63, 55, 0,[ 11, 54, 64]],

[ 12, 55, 0,[ 1, 80, 83, 84, 92]],

[ 7, 55, 0,[ 31, 76, 75, 34, 52, 35]],

[ 99, 55, 0,[ 2, 5, 62, 74, 43]],

[ 78, 55, 0,[ 92, 54, 90, 61]],

[ 79, 35, 0,[ 2, 11, 97, 41, 26, 58]],

[ 29, 55, 0,[ 55, 61, 39, 17, 23]],

[ 17, 55, 0,[ 43, 29, 93, 42]],

[ 32, 55, 0,[ 75, 1, 72]],

[ 28, 55, 0,[ 59, 55, 36, 49]],

[ 37, 55, 0,[ 81, 15, 5]],

[ 80, 55, 0,[ 77, 12, 89, 10, 76]],

[ 92, 55, 0,[ 15, 12, 94, 78, 84]],

[ 3, 55, 0,[ 0, 59, 2, 82]],

[ 43, 55, 0,[ 99, 17, 64, 97, 98]],

[ 52, 55, 0,[ 91, 2, 7, 21, 58]],

[ 91, 55, 0,[ 26, 52]],

[ 30, 55, 0,[ 14, 87, 34]],

[ 61, 55, 0,[ 11, 27, 29, 78]],

[ 54, 55, 0,[ 78, 6, 19, 2, 14, 63]],

[ 60, 55, 0,[ 9, 93, 62]],

[ 26, 55, 1,[ 97, 79, 40, 81, 91, 93, 75]],

[ 4, 55, 1,[ 64, 36, 34, 85, 44, 68]],

[ 66, 55, 0,[ 36, 31, 47, 0, 23]],

[ 97, 35, 0,[ 43, 5, 79, 26, 11]],

[ 25, 15, 0,[ 51, 68]],

[ 57, 45, 0,[ 9]],

[ 38, 65, 0,[ 6, 85]],

[ 74, 45, 0,[ 99]],

[ 40, 55, 0,[ 13, 6, 26, 49, 68]],

[ 23, 55, 0,[ 29, 66, 5]],

[ 53, 55, 0,[ 58, 65, 2]],

[ 27, 55, 0,[ 15, 61, 89, 77]],

[ 46, 55, 0,[ 77, 58, 65, 8]],

[ 21, 25, 0,[ 11, 52, 88]],

[ 69, 55, 0,[ 35, 45]],

[ 35, 55, 0,[ 7, 8, 33, 69, 71]],

[ 2, 35, 1,[ 0, 53, 3, 89, 52, 88, 54, 79, 99]],

[ 70, 55, 0,[ 5, 24, 19]],

[ 75, 55, 0,[ 26, 7, 32]],

[ 98, 95, 0,[ 43]],

[ 72, 55, 0,[ 51, 32, 18]],

[ 31, 55, 0,[ 66, 7, 0]],

[ 88, 95, 0,[ 21, 77, 2]],

[ 96, 75, 1,[ 6, 56, 81, 95, 73, 50]],

[ 50, 55, 0,[ 45, 81, 22, 76, 96]],

[ 85, 95, 0,[ 38, 4]],

[ 5, 55, 0,[ 70, 97, 37, 99, 23]],

[ 41, 75, 0,[ 79, 6, 16]],

[ 49, 55, 0,[ 44, 0, 40, 67, 84, 28]],

[ 45, 55, 0,[ 69, 1, 50]],

[ 93, 55, 0,[ 26, 17, 60, 95]],

[ 36, 55, 0,[ 4, 28, 66]],

