[ 66, 75, 0,[ 31, 23, 0, 47, 36]],

[ 73, 55, 1,[ 8, 96, 0]],

[ 21, 5, 1,[ 11, 52, 88]],

[ 92, 75, 0,[ 94, 15, 78, 12, 84]],

[ 13, 25, 1,[ 20, 40, 55, 0]],

[ 81, 55, 0,[ 50, 1, 90, 37, 20, 96, 26]],

[ 91, 65, 1,[ 26, 52]],

[ 19, 95, 1,[ 54, 70]],

[ 16, 95, 1,[ 41]],

[ 24, 45, 1,[ 0, 89, 70]],

[ 59, 25, 1,[ 28, 86, 3]],

[ 50, 55, 0,[ 76, 81, 45, 22, 96]],

[ 79, 35, 0,[ 26, 41, 58, 11, 97, 2]],

[ 55, 75, 0,[ 0, 28, 15, 13, 29]],

[ 95, 55, 1,[ 96, 93]],

[ 78, 55, 0,[ 92, 61, 90, 54]],

[ 56, 95, 1,[ 65, 47, 96]],

[ 62, 15, 1,[ 99, 6, 82, 60]],

[ 97, 35, 0,[ 79, 26, 11, 43, 5]],

[ 58, 75, 0,[ 44, 52, 53, 76, 46, 79]],

[ 89, 25, 0,[ 80, 2, 64, 24, 27, 67]],

[ 87, 25, 1,[ 30, 11, 8]],

[ 77, 25, 0,[ 46, 80, 68, 88, 27]],

[ 20, 55, 0,[ 65, 13, 86, 34, 81]],

[ 17, 35, 0,[ 43, 29, 42, 93]],

[ 99, 35, 0,[ 5, 43, 62, 74, 2]],

[ 31, 45, 1,[ 7, 66, 0]],

[ 48, 25, 1,[ 65]],

[ 51, 85, 1,[ 71, 72, 25]],

[ 7, 55, 0,[ 35, 75, 52, 34, 76, 31]],

[ 41, 25, 1,[ 79, 16, 6]],

[ 72, 25, 1,[ 32, 18, 51]],

[ 28, 75, 0,[ 55, 49, 59, 36]],

[ 35, 55, 0,[ 71, 33, 69, 8, 7]],

[ 2, 55, 0,[ 79, 52, 3, 89, 53, 99, 0, 54, 88]],

[ 5, 35, 0,[ 23, 99, 70, 97, 37]],

[ 54, 55, 0,[ 6, 2, 14, 63, 78, 19]],

[ 74, 65, 1,[ 99]],

[ 39, 95, 1,[ 29]],

[ 80, 25, 0,[ 10, 76, 89, 77, 12]],

[ 34, 55, 0,[ 30, 20, 4, 7, 82]],

[ 8, 55, 0,[ 46, 35, 87, 84, 73, 14]],

[ 53, 85, 1,[ 58, 65, 2]],

[ 46, 75, 0,[ 58, 65, 8, 77]],

[ 61, 25, 1,[ 29, 11, 78, 27]],

[ 64, 25, 0,[ 4, 89, 43, 63, 9]],

[ 43, 35, 0,[ 97, 17, 64, 99, 98]],

[ 26, 35, 0,[ 81, 40, 79, 93, 91, 97, 75]],

[ 1, 65, 1,[ 45, 32, 12, 81]],

[ 93, 35, 0,[ 95, 17, 60, 26]],

[ 45, 45, 1,[ 69, 50, 1]],

[ 47, 75, 0,[ 94, 66, 56, 18]],

[ 76, 75, 0,[ 7, 58, 9, 80, 50]],

[ 84, 75, 0,[ 8, 33, 92, 12, 49]],

[ 6, 55, 0,[ 62, 54, 38, 40, 96, 41]],

[ 30, 25, 1,[ 87, 14, 34]],

[ 60, 85, 1,[ 9, 62, 93]],

[ 67, 5, 1,[ 89, 18, 49, 83]],

[ 49, 75, 0,[ 84, 67, 28, 40, 44, 0]],

[ 85, 25, 1,[ 38, 4]],

[ 23, 45, 1,[ 66, 5, 29]],

[ 65, 75, 0,[ 48, 46, 56, 20, 0, 53]],

[ 33, 45, 1,[ 94, 35, 84]],

[ 18, 35, 0,[ 47, 72, 67, 11]],

[ 86, 35, 1,[ 59, 20]],

[ 32, 5, 1,[ 72, 75, 1]],

[ 14, 15, 1,[ 30, 8, 54]],

[ 38, 65, 1,[ 6, 85]],

[ 12, 75, 0,[ 92, 1, 84, 80, 83]],

[ 9, 75, 0,[ 57, 15, 60, 68, 76, 64]],

[ 88, 95, 1,[ 21, 77, 2]],

[ 3, 75, 0,[ 0, 82, 2, 59]],

[ 27, 25, 0,[ 89, 15, 61, 77]],

[ 44, 75, 0,[ 68, 94, 0, 58, 4, 49]],

[ 36, 25, 1,[ 4, 66, 28]],

[ 71, 85, 1,[ 35, 51, 22]],

[ 96, 55, 0,[ 81, 56, 50, 73, 6, 95]],

[ 37, 45, 1,[ 15, 81, 5]],

[ 10, 25, 1,[ 80]],

[ 0, 75, 0,[ 31, 65, 3, 55, 73, 2, 24, 44, 66, 13, 49]],

[ 52, 55, 0,[ 2, 21, 91, 58, 7]],

[ 63, 25, 1,[ 54, 11, 64]],

[ 98, 35, 0,[ 43]],

[ 42, 75, 1,[ 83, 17]],

[ 68, 55, 0,[ 9, 44, 40, 77, 25, 4]],

[ 29, 45, 0,[ 17, 61, 55, 39, 23]],

[ 75, 35, 1,[ 32, 7, 26]],

[ 4, 55, 0,[ 44, 68, 85, 36, 34, 64]],

[ 94, 75, 1,[ 33, 92, 47, 44]],

[ 22, 65, 1,[ 50, 71]],

[ 69, 25, 1,[ 45, 35]],

[ 90, 5, 1,[ 81, 78]],

[ 57, 65, 1,[ 9]],

[ 11, 35, 0,[ 79, 21, 61, 87, 63, 18, 97]],

[ 70, 65, 1,[ 19, 24, 5]],

[ 82, 25, 1,[ 3, 34, 62]],

[ 25, 85, 1,[ 51, 68]],

[ 15, 75, 0,[ 27, 9, 55, 92, 37]],

[ 40, 55, 0,[ 49, 26, 6, 13, 68]],

[ 83, 75, 1,[ 12, 42, 67]],

