[ 37, 65, 1,[ 81, 5, 15]],

[ 63, 85, 1,[ 11, 54, 64]],

[ 52, 25, 0,[ 7, 21, 2, 58, 91]],

[ 85, 25, 1,[ 38, 4]],

[ 53, 35, 1,[ 2, 58, 65]],

[ 9, 25, 0,[ 60, 64, 57, 15, 68, 76]],

[ 6, 45, 0,[ 38, 96, 54, 41, 40, 62]],

[ 7, 25, 0,[ 52, 75, 35, 31, 76, 34]],

[ 31, 95, 1,[ 0, 66, 7]],

[ 61, 55, 1,[ 27, 29, 78, 11]],

[ 77, 25, 0,[ 88, 46, 27, 68, 80]],

[ 30, 95, 1,[ 87, 34, 14]],

[ 22, 85, 1,[ 50, 71]],

[ 0, 45, 0,[ 2, 3, 13, 73, 66, 49, 24, 55, 65, 44, 31]],

[ 5, 65, 0,[ 23, 37, 99, 70, 97]],

[ 75, 95, 1,[ 7, 32, 26]],

[ 33, 45, 1,[ 35, 84, 94]],

[ 29, 55, 0,[ 55, 23, 17, 61, 39]],

[ 65, 45, 0,[ 56, 46, 53, 48, 20, 0]],

[ 56, 45, 1,[ 96, 65, 47]],

[ 79, 55, 0,[ 26, 41, 11, 58, 97, 2]],

[ 54, 85, 0,[ 19, 2, 63, 14, 78, 6]],

[ 87, 15, 1,[ 8, 11, 30]],

[ 98, 15, 1,[ 43]],

[ 4, 25, 0,[ 44, 34, 68, 64, 36, 85]],

[ 93, 45, 1,[ 26, 17, 60, 95]],

[ 26, 45, 0,[ 79, 91, 93, 40, 81, 97, 75]],

[ 60, 35, 1,[ 9, 93, 62]],

[ 28, 45, 0,[ 55, 49, 36, 59]],

[ 59, 95, 1,[ 28, 3, 86]],

[ 49, 45, 0,[ 0, 40, 44, 84, 67, 28]],

[ 82, 25, 1,[ 3, 62, 34]],

[ 42, 55, 1,[ 83, 17]],

[ 36, 75, 1,[ 66, 28, 4]],

[ 45, 5, 1,[ 69, 50, 1]],

[ 38, 45, 1,[ 6, 85]],

[ 1, 15, 1,[ 12, 45, 81, 32]],

[ 96, 45, 0,[ 50, 81, 56, 73, 95, 6]],

[ 12, 45, 0,[ 84, 83, 92, 1, 80]],

[ 3, 25, 0,[ 0, 2, 82, 59]],

[ 86, 45, 1,[ 20, 59]],

[ 8, 45, 0,[ 14, 87, 46, 84, 35, 73]],

[ 88, 15, 1,[ 2, 21, 77]],

[ 20, 45, 0,[ 13, 34, 86, 65, 81]],

[ 32, 5, 1,[ 72, 1, 75]],

[ 90, 55, 1,[ 81, 78]],

[ 84, 45, 0,[ 12, 8, 92, 33, 49]],

[ 81, 45, 0,[ 20, 50, 90, 96, 37, 1, 26]],

[ 99, 25, 0,[ 43, 74, 62, 2, 5]],

[ 46, 95, 1,[ 77, 58, 65, 8]],

[ 21, 25, 1,[ 11, 88, 52]],

[ 55, 45, 0,[ 13, 0, 28, 15, 29]],

[ 57, 85, 1,[ 9]],

[ 58, 25, 0,[ 76, 46, 52, 79, 53, 44]],

[ 16, 55, 1,[ 41]],

[ 69, 25, 1,[ 35, 45]],

[ 71, 45, 1,[ 22, 35, 51]],

[ 25, 95, 1,[ 68, 51]],

[ 23, 35, 1,[ 5, 66, 29]],

[ 76, 25, 0,[ 50, 9, 80, 7, 58]],

[ 43, 25, 0,[ 97, 17, 98, 64, 99]],

[ 40, 45, 0,[ 6, 49, 26, 68, 13]],

[ 41, 55, 1,[ 79, 16, 6]],

[ 18, 45, 0,[ 67, 47, 72, 11]],

[ 2, 25, 0,[ 88, 79, 54, 3, 99, 0, 53, 52, 89]],

[ 24, 55, 1,[ 70, 0, 89]],

[ 68, 25, 0,[ 40, 25, 9, 4, 77, 44]],

[ 10, 25, 0,[ 80]],

[ 92, 45, 0,[ 15, 84, 78, 12, 94]],

[ 47, 45, 0,[ 94, 18, 56, 66]],

[ 50, 45, 0,[ 96, 22, 76, 81, 45]],

[ 70, 65, 1,[ 24, 5, 19]],

[ 11, 55, 0,[ 63, 21, 87, 97, 18, 79, 61]],

[ 95, 35, 1,[ 96, 93]],

[ 14, 75, 1,[ 30, 54, 8]],

[ 15, 25, 0,[ 27, 37, 9, 55, 92]],

[ 35, 45, 0,[ 71, 33, 7, 8, 69]],

[ 51, 85, 1,[ 25, 72, 71]],

[ 66, 45, 0,[ 23, 36, 31, 0, 47]],

[ 89, 25, 0,[ 64, 24, 2, 80, 27, 67]],

[ 67, 45, 0,[ 18, 49, 89, 83]],

[ 17, 55, 1,[ 43, 42, 93, 29]],

[ 80, 25, 0,[ 10, 12, 76, 77, 89]],

[ 48, 75, 1,[ 65]],

[ 62, 25, 0,[ 60, 99, 82, 6]],

[ 27, 25, 1,[ 89, 77, 15, 61]],

[ 39, 35, 1,[ 29]],

[ 94, 45, 0,[ 47, 33, 92, 44]],

[ 64, 25, 0,[ 43, 9, 89, 63, 4]],

[ 19, 85, 1,[ 70, 54]],

[ 44, 25, 0,[ 94, 68, 0, 58, 4, 49]],

[ 97, 55, 0,[ 79, 26, 5, 11, 43]],

[ 83, 85, 1,[ 67, 42, 12]],

[ 13, 45, 0,[ 20, 55, 0, 40]],

[ 72, 35, 1,[ 32, 51, 18]],

[ 78, 55, 0,[ 54, 61, 92, 90]],

[ 34, 25, 0,[ 7, 82, 30, 20, 4]],

[ 91, 15, 1,[ 52, 26]],

[ 74, 15, 1,[ 99]],

[ 73, 75, 1,[ 0, 8, 96]],

