[ 19, 15, 1,[ 54, 70]],

[ 67, 35, 0,[ 83, 18, 49, 89]],

[ 84, 35, 0,[ 92, 49, 12, 33, 8]],

[ 64, 35, 0,[ 63, 9, 89, 4, 43]],

[ 46, 25, 1,[ 8, 58, 77, 65]],

[ 79, 35, 0,[ 26, 2, 58, 11, 41, 97]],

[ 71, 5, 1,[ 35, 22, 51]],

[ 90, 35, 1,[ 78, 81]],

[ 63, 55, 1,[ 54, 11, 64]],

[ 14, 25, 1,[ 54, 8, 30]],

[ 16, 95, 1,[ 41]],

[ 94, 35, 0,[ 47, 33, 92, 44]],

[ 47, 35, 0,[ 66, 18, 94, 56]],

[ 69, 25, 1,[ 35, 45]],

[ 35, 25, 0,[ 7, 33, 8, 69, 71]],

[ 4, 35, 0,[ 36, 85, 68, 44, 34, 64]],

[ 25, 95, 1,[ 51, 68]],

[ 33, 85, 1,[ 94, 84, 35]],

[ 60, 5, 1,[ 9, 93, 62]],

[ 80, 35, 0,[ 10, 89, 12, 76, 77]],

[ 87, 5, 1,[ 30, 11, 8]],

[ 77, 35, 0,[ 46, 68, 27, 88, 80]],

[ 75, 65, 1,[ 32, 7, 26]],

[ 0, 35, 0,[ 66, 13, 65, 2, 44, 31, 24, 3, 73, 49, 55]],

[ 28, 35, 1,[ 49, 36, 55, 59]],

[ 36, 35, 1,[ 28, 4, 66]],

[ 62, 35, 0,[ 99, 60, 82, 6]],

[ 41, 35, 1,[ 6, 79, 16]],

[ 59, 65, 1,[ 28, 3, 86]],

[ 24, 35, 1,[ 89, 70, 0]],

[ 9, 35, 0,[ 76, 15, 57, 68, 60, 64]],

[ 93, 35, 0,[ 17, 26, 95, 60]],

[ 54, 35, 0,[ 19, 2, 63, 14, 78, 6]],

[ 15, 35, 0,[ 92, 27, 55, 37, 9]],

[ 13, 45, 1,[ 55, 0, 20, 40]],

[ 17, 15, 1,[ 93, 29, 42, 43]],

[ 39, 65, 0,[ 29]],

[ 18, 25, 1,[ 72, 11, 47, 67]],

[ 44, 35, 0,[ 58, 49, 4, 94, 0, 68]],

[ 48, 75, 1,[ 65]],

[ 43, 35, 0,[ 17, 98, 99, 64, 97]],

[ 72, 15, 1,[ 18, 32, 51]],

[ 55, 35, 0,[ 13, 28, 0, 29, 15]],

[ 66, 35, 0,[ 0, 31, 36, 23, 47]],

[ 42, 95, 1,[ 17, 83]],

[ 20, 35, 0,[ 86, 65, 81, 13, 34]],

[ 83, 65, 1,[ 42, 67, 12]],

[ 31, 65, 1,[ 0, 66, 7]],

[ 91, 55, 1,[ 52, 26]],

[ 98, 55, 1,[ 43]],

[ 21, 75, 1,[ 11, 88, 52]],

[ 57, 15, 1,[ 9]],

[ 23, 35, 1,[ 5, 29, 66]],

[ 61, 35, 0,[ 78, 27, 11, 29]],

[ 45, 65, 1,[ 50, 69, 1]],

[ 6, 35, 0,[ 38, 96, 40, 54, 41, 62]],

[ 51, 55, 1,[ 72, 71, 25]],

[ 70, 25, 1,[ 5, 24, 19]],

[ 78, 35, 0,[ 54, 90, 61, 92]],

[ 8, 25, 0,[ 73, 35, 14, 87, 84, 46]],

[ 50, 35, 0,[ 96, 81, 76, 45, 22]],

[ 53, 75, 1,[ 58, 2, 65]],

[ 7, 35, 0,[ 75, 76, 31, 34, 52, 35]],

[ 97, 35, 0,[ 11, 79, 5, 43, 26]],

[ 81, 35, 0,[ 1, 96, 90, 50, 26, 20, 37]],

[ 10, 45, 1,[ 80]],

[ 11, 35, 0,[ 21, 18, 63, 87, 61, 79, 97]],

[ 88, 5, 1,[ 2, 77, 21]],

[ 34, 35, 0,[ 20, 4, 7, 30, 82]],

[ 92, 35, 0,[ 15, 12, 94, 84, 78]],

[ 76, 35, 0,[ 80, 9, 50, 7, 58]],

[ 29, 35, 0,[ 39, 55, 61, 23, 17]],

[ 89, 35, 0,[ 64, 24, 80, 2, 67, 27]],

[ 52, 35, 0,[ 58, 21, 7, 91, 2]],

[ 82, 55, 1,[ 3, 62, 34]],

[ 86, 95, 1,[ 20, 59]],

[ 3, 35, 0,[ 82, 59, 0, 2]],

[ 95, 45, 1,[ 93, 96]],

[ 40, 35, 0,[ 68, 6, 49, 13, 26]],

[ 96, 35, 0,[ 81, 6, 73, 95, 50, 56]],

[ 58, 35, 0,[ 53, 79, 44, 46, 76, 52]],

[ 85, 85, 1,[ 38, 4]],

[ 12, 35, 0,[ 84, 83, 92, 80, 1]],

[ 68, 35, 0,[ 4, 40, 25, 44, 9, 77]],

[ 38, 45, 1,[ 85, 6]],

[ 5, 35, 0,[ 37, 70, 97, 23, 99]],

[ 2, 35, 0,[ 54, 99, 89, 79, 53, 52, 88, 0, 3]],

[ 27, 35, 0,[ 15, 77, 89, 61]],

[ 99, 35, 0,[ 62, 74, 43, 5, 2]],

[ 22, 85, 1,[ 50, 71]],

[ 65, 75, 0,[ 0, 53, 46, 20, 56, 48]],

[ 30, 15, 1,[ 34, 87, 14]],

[ 32, 55, 1,[ 1, 72, 75]],

[ 49, 35, 0,[ 0, 40, 84, 28, 67, 44]],

[ 37, 75, 1,[ 81, 15, 5]],

[ 56, 45, 1,[ 47, 96, 65]],

[ 26, 35, 0,[ 79, 81, 93, 97, 40, 75, 91]],

[ 73, 15, 1,[ 8, 96, 0]],

[ 1, 95, 1,[ 81, 12, 32, 45]],

[ 74, 75, 1,[ 99]],

