[ 45, 35, 0,[ 50, 69, 1]],

[ 23, 35, 0,[ 66, 29, 5]],

[ 35, 35, 0,[ 8, 71, 69, 7, 33]],

[ 10, 35, 0,[ 80]],

[ 72, 35, 0,[ 51, 32, 18]],

[ 82, 35, 0,[ 62, 34, 3]],

[ 89, 35, 0,[ 64, 67, 27, 80, 2, 24]],

[ 63, 35, 0,[ 11, 64, 54]],

[ 24, 35, 0,[ 0, 89, 70]],

[ 27, 35, 0,[ 77, 15, 61, 89]],

[ 36, 35, 0,[ 66, 28, 4]],

[ 5, 35, 0,[ 70, 23, 99, 97, 37]],

[ 11, 35, 0,[ 61, 18, 79, 21, 63, 87, 97]],

[ 44, 35, 0,[ 58, 94, 49, 68, 4, 0]],

[ 74, 65, 1,[ 99]],

[ 54, 35, 0,[ 78, 19, 14, 6, 2, 63]],

[ 41, 35, 0,[ 16, 6, 79]],

[ 68, 35, 0,[ 77, 44, 4, 25, 9, 40]],

[ 20, 35, 0,[ 34, 81, 65, 13, 86]],

[ 28, 35, 0,[ 59, 36, 55, 49]],

[ 33, 35, 0,[ 84, 94, 35]],

[ 18, 35, 0,[ 67, 11, 47, 72]],

[ 43, 35, 0,[ 99, 17, 64, 98, 97]],

[ 78, 35, 0,[ 54, 90, 92, 61]],

[ 38, 35, 0,[ 6, 85]],

[ 59, 35, 0,[ 28, 86, 3]],

[ 94, 35, 0,[ 33, 47, 92, 44]],

[ 57, 45, 1,[ 9]],

[ 0, 35, 0,[ 49, 73, 3, 55, 31, 13, 2, 44, 24, 65, 66]],

[ 65, 35, 0,[ 20, 46, 53, 48, 0, 56]],

[ 31, 35, 0,[ 66, 7, 0]],

[ 99, 35, 0,[ 5, 43, 2, 62, 74]],

[ 76, 35, 0,[ 80, 58, 7, 50, 9]],

[ 84, 35, 0,[ 12, 92, 8, 49, 33]],

[ 79, 35, 0,[ 41, 26, 2, 11, 58, 97]],

[ 60, 35, 0,[ 93, 9, 62]],

[ 73, 35, 0,[ 96, 8, 0]],

[ 55, 35, 0,[ 28, 29, 15, 0, 13]],

[ 9, 35, 0,[ 57, 76, 64, 68, 15, 60]],

[ 56, 35, 0,[ 96, 65, 47]],

[ 22, 75, 1,[ 71, 50]],

[ 15, 35, 0,[ 37, 27, 9, 55, 92]],

[ 90, 75, 1,[ 78, 81]],

[ 64, 35, 0,[ 4, 89, 43, 63, 9]],

[ 12, 35, 0,[ 1, 84, 80, 92, 83]],

[ 69, 35, 0,[ 35, 45]],

[ 47, 35, 0,[ 56, 94, 66, 18]],

[ 96, 35, 0,[ 56, 6, 95, 50, 73, 81]],

[ 46, 35, 0,[ 58, 65, 77, 8]],

[ 39, 85, 1,[ 29]],

[ 25, 95, 1,[ 68, 51]],

[ 51, 35, 0,[ 72, 71, 25]],

[ 87, 35, 0,[ 30, 8, 11]],

[ 75, 35, 0,[ 7, 32, 26]],

[ 17, 35, 0,[ 43, 93, 42, 29]],

[ 3, 35, 0,[ 82, 2, 59, 0]],

[ 92, 35, 0,[ 12, 84, 15, 94, 78]],

[ 8, 35, 0,[ 87, 73, 84, 14, 46, 35]],

[ 62, 35, 0,[ 60, 99, 6, 82]],

[ 91, 35, 0,[ 26, 52]],

[ 88, 35, 0,[ 77, 2, 21]],

[ 16, 75, 1,[ 41]],

[ 26, 35, 0,[ 91, 81, 93, 97, 40, 79, 75]],

[ 13, 35, 0,[ 55, 0, 20, 40]],

[ 70, 35, 0,[ 19, 24, 5]],

[ 97, 35, 0,[ 5, 43, 26, 11, 79]],

[ 21, 35, 0,[ 52, 88, 11]],

[ 50, 35, 0,[ 81, 22, 96, 45, 76]],

[ 6, 35, 0,[ 38, 54, 96, 62, 40, 41]],

[ 29, 35, 0,[ 39, 17, 55, 61, 23]],

[ 40, 35, 0,[ 6, 49, 26, 13, 68]],

[ 86, 35, 0,[ 20, 59]],

[ 1, 35, 0,[ 81, 45, 32, 12]],

[ 66, 35, 0,[ 47, 36, 23, 31, 0]],

[ 53, 35, 0,[ 58, 65, 2]],

[ 7, 35, 0,[ 34, 35, 52, 76, 75, 31]],

[ 19, 35, 0,[ 54, 70]],

[ 30, 35, 0,[ 14, 34, 87]],

[ 2, 35, 0,[ 0, 89, 53, 99, 79, 52, 54, 88, 3]],

[ 61, 35, 0,[ 11, 27, 78, 29]],

[ 58, 35, 0,[ 76, 44, 52, 46, 53, 79]],

[ 95, 35, 0,[ 96, 93]],

[ 42, 75, 1,[ 17, 83]],

[ 67, 35, 0,[ 89, 83, 18, 49]],

[ 48, 85, 1,[ 65]],

[ 93, 35, 0,[ 26, 95, 17, 60]],

[ 4, 35, 0,[ 34, 64, 68, 44, 36, 85]],

[ 83, 35, 0,[ 42, 67, 12]],

[ 32, 35, 0,[ 1, 75, 72]],

[ 71, 35, 0,[ 22, 51, 35]],

[ 77, 35, 0,[ 88, 46, 27, 68, 80]],

[ 14, 35, 0,[ 8, 54, 30]],

[ 81, 35, 0,[ 37, 1, 90, 96, 26, 50, 20]],

[ 49, 35, 0,[ 40, 0, 28, 44, 67, 84]],

[ 98, 35, 1,[ 43]],

[ 80, 35, 0,[ 89, 76, 12, 10, 77]],

[ 37, 35, 0,[ 15, 5, 81]],

[ 34, 35, 0,[ 4, 30, 20, 7, 82]],

[ 52, 35, 0,[ 7, 21, 2, 91, 58]],

[ 85, 35, 0,[ 4, 38]],

