[ 8, 85, 0,[ 14, 35, 84, 46, 87, 73]],

[ 48, 35, 0,[ 65]],

[ 25, 25, 1,[ 68, 51]],

[ 7, 55, 0,[ 35, 52, 31, 75, 76, 34]],

[ 27, 45, 0,[ 77, 15, 61, 89]],

[ 36, 35, 0,[ 66, 28, 4]],

[ 83, 85, 0,[ 12, 67, 42]],

[ 41, 45, 0,[ 6, 16, 79]],

[ 35, 55, 0,[ 71, 7, 8, 69, 33]],

[ 31, 35, 0,[ 7, 0, 66]],

[ 51, 25, 0,[ 25, 71, 72]],

[ 10, 95, 1,[ 80]],

[ 59, 85, 0,[ 3, 28, 86]],

[ 13, 35, 0,[ 20, 0, 40, 55]],

[ 49, 85, 0,[ 67, 28, 40, 44, 84, 0]],

[ 32, 85, 0,[ 1, 72, 75]],

[ 0, 35, 0,[ 49, 66, 13, 31, 2, 3, 24, 73, 55, 65, 44]],

[ 79, 45, 0,[ 97, 11, 26, 2, 41, 58]],

[ 96, 85, 0,[ 81, 6, 95, 73, 50, 56]],

[ 65, 35, 0,[ 48, 56, 53, 46, 0, 20]],

[ 53, 45, 0,[ 58, 2, 65]],

[ 46, 45, 0,[ 77, 58, 65, 8]],

[ 19, 45, 0,[ 70, 54]],

[ 70, 35, 0,[ 5, 19, 24]],

[ 24, 35, 0,[ 0, 70, 89]],

[ 99, 35, 0,[ 5, 62, 2, 43, 74]],

[ 81, 85, 0,[ 37, 20, 1, 50, 26, 96, 90]],

[ 15, 85, 0,[ 37, 55, 9, 92, 27]],

[ 33, 85, 0,[ 84, 35, 94]],

[ 62, 85, 0,[ 60, 82, 6, 99]],

[ 2, 45, 0,[ 89, 0, 53, 52, 88, 79, 99, 54, 3]],

[ 67, 85, 0,[ 83, 49, 18, 89]],

[ 80, 45, 0,[ 76, 89, 10, 77, 12]],

[ 64, 45, 0,[ 43, 89, 63, 4, 9]],

[ 82, 85, 0,[ 62, 3, 34]],

[ 3, 35, 0,[ 0, 59, 2, 82]],

[ 61, 45, 0,[ 11, 29, 78, 27]],

[ 56, 35, 0,[ 96, 47, 65]],

[ 55, 35, 0,[ 0, 13, 15, 29, 28]],

[ 30, 85, 0,[ 87, 14, 34]],

[ 97, 85, 0,[ 43, 11, 79, 5, 26]],

[ 29, 45, 0,[ 61, 39, 23, 55, 17]],

[ 71, 25, 0,[ 51, 35, 22]],

[ 28, 85, 0,[ 59, 55, 36, 49]],

[ 17, 55, 0,[ 43, 42, 29, 93]],

[ 84, 85, 0,[ 92, 49, 8, 12, 33]],

[ 63, 45, 0,[ 64, 11, 54]],

[ 39, 15, 1,[ 29]],

[ 76, 55, 0,[ 50, 7, 58, 9, 80]],

[ 1, 85, 0,[ 12, 45, 81, 32]],

[ 26, 85, 0,[ 97, 75, 91, 40, 79, 93, 81]],

[ 87, 85, 0,[ 8, 30, 11]],

[ 22, 65, 1,[ 50, 71]],

[ 44, 35, 0,[ 0, 94, 68, 58, 49, 4]],

[ 86, 85, 0,[ 20, 59]],

[ 11, 85, 0,[ 97, 87, 21, 63, 18, 61, 79]],

[ 89, 45, 0,[ 27, 24, 2, 64, 67, 80]],

[ 68, 35, 0,[ 4, 77, 9, 25, 40, 44]],

[ 88, 45, 0,[ 2, 77, 21]],

[ 95, 15, 1,[ 93, 96]],

[ 20, 85, 0,[ 65, 13, 81, 34, 86]],

[ 34, 55, 0,[ 7, 4, 82, 20, 30]],

[ 43, 15, 0,[ 97, 98, 64, 17, 99]],

[ 98, 15, 1,[ 43]],

[ 5, 35, 0,[ 23, 99, 97, 37, 70]],

[ 85, 35, 0,[ 38, 4]],

[ 60, 55, 0,[ 9, 62, 93]],

[ 73, 35, 0,[ 8, 96, 0]],

[ 94, 35, 0,[ 33, 47, 92, 44]],

[ 37, 85, 0,[ 5, 81, 15]],

[ 66, 35, 0,[ 23, 36, 31, 0, 47]],

[ 6, 85, 0,[ 62, 96, 41, 54, 40, 38]],

[ 77, 45, 0,[ 27, 88, 68, 46, 80]],

[ 50, 85, 0,[ 96, 81, 76, 22, 45]],

[ 14, 85, 0,[ 30, 8, 54]],

[ 75, 85, 0,[ 7, 26, 32]],

[ 21, 85, 0,[ 11, 52, 88]],

[ 4, 35, 0,[ 34, 44, 85, 68, 64, 36]],

[ 18, 85, 0,[ 67, 11, 72, 47]],

[ 58, 45, 0,[ 52, 53, 79, 44, 46, 76]],

[ 72, 85, 0,[ 32, 51, 18]],

[ 54, 45, 0,[ 2, 19, 6, 63, 14, 78]],

[ 23, 35, 0,[ 29, 5, 66]],

[ 78, 45, 0,[ 54, 90, 61, 92]],

[ 16, 45, 1,[ 41]],

[ 40, 85, 0,[ 68, 6, 49, 26, 13]],

[ 38, 85, 0,[ 6, 85]],

[ 9, 55, 0,[ 64, 60, 68, 76, 57, 15]],

[ 91, 85, 0,[ 26, 52]],

[ 92, 85, 0,[ 84, 15, 78, 12, 94]],

[ 42, 55, 0,[ 17, 83]],

[ 52, 45, 0,[ 2, 91, 58, 21, 7]],

[ 45, 85, 0,[ 69, 1, 50]],

[ 69, 15, 1,[ 45, 35]],

[ 57, 95, 1,[ 9]],

[ 47, 35, 0,[ 94, 18, 56, 66]],

[ 93, 55, 0,[ 95, 26, 60, 17]],

[ 74, 85, 1,[ 99]],

[ 12, 85, 0,[ 83, 92, 84, 80, 1]],

[ 90, 85, 0,[ 78, 81]],

