[ 62, 75, 0,[ 99, 82, 60, 6]],

[ 44, 75, 0,[ 58, 49, 68, 0, 94, 4]],

[ 87, 5, 1,[ 8, 30, 11]],

[ 88, 55, 1,[ 2, 21, 77]],

[ 24, 35, 1,[ 0, 89, 70]],

[ 4, 75, 0,[ 68, 44, 85, 64, 36, 34]],

[ 59, 75, 1,[ 28, 3, 86]],

[ 23, 95, 1,[ 5, 29, 66]],

[ 43, 75, 0,[ 98, 17, 97, 64, 99]],

[ 21, 65, 1,[ 88, 52, 11]],

[ 16, 95, 0,[ 41]],

[ 11, 75, 0,[ 21, 87, 97, 63, 61, 79, 18]],

[ 15, 75, 0,[ 37, 9, 27, 92, 55]],

[ 40, 75, 0,[ 13, 68, 6, 49, 26]],

[ 7, 75, 0,[ 52, 35, 31, 75, 76, 34]],

[ 91, 15, 1,[ 52, 26]],

[ 22, 5, 1,[ 50, 71]],

[ 19, 25, 1,[ 70, 54]],

[ 69, 5, 1,[ 45, 35]],

[ 73, 85, 1,[ 96, 8, 0]],

[ 38, 95, 1,[ 6, 85]],

[ 97, 75, 0,[ 5, 26, 79, 11, 43]],

[ 41, 95, 1,[ 79, 16, 6]],

[ 72, 25, 1,[ 32, 18, 51]],

[ 90, 75, 1,[ 78, 81]],

[ 2, 75, 0,[ 79, 53, 99, 54, 0, 52, 3, 89, 88]],

[ 67, 25, 1,[ 49, 18, 89, 83]],

[ 47, 15, 0,[ 94, 18, 56, 66]],

[ 30, 45, 1,[ 34, 87, 14]],

[ 92, 75, 0,[ 84, 78, 15, 94, 12]],

[ 18, 35, 1,[ 47, 11, 72, 67]],

[ 81, 75, 0,[ 96, 26, 1, 50, 90, 20, 37]],

[ 8, 5, 0,[ 46, 14, 35, 87, 84, 73]],

[ 27, 75, 0,[ 61, 89, 77, 15]],

[ 42, 45, 1,[ 17, 83]],

[ 52, 75, 0,[ 58, 91, 21, 2, 7]],

[ 65, 75, 0,[ 53, 0, 48, 56, 46, 20]],

[ 25, 75, 1,[ 68, 51]],

[ 17, 75, 0,[ 43, 42, 93, 29]],

[ 28, 75, 0,[ 59, 55, 49, 36]],

[ 35, 5, 0,[ 7, 8, 71, 33, 69]],

[ 85, 15, 1,[ 38, 4]],

[ 10, 65, 1,[ 80]],

[ 3, 75, 0,[ 82, 2, 0, 59]],

[ 39, 95, 1,[ 29]],

[ 63, 95, 1,[ 64, 54, 11]],

[ 60, 75, 1,[ 62, 93, 9]],

[ 45, 5, 1,[ 1, 50, 69]],

[ 12, 75, 0,[ 1, 84, 80, 83, 92]],

[ 75, 15, 1,[ 26, 7, 32]],

[ 53, 95, 1,[ 65, 2, 58]],

[ 94, 45, 1,[ 47, 92, 33, 44]],

[ 95, 75, 1,[ 96, 93]],

[ 49, 75, 0,[ 44, 28, 40, 84, 0, 67]],

[ 1, 45, 1,[ 81, 32, 12, 45]],

[ 50, 75, 0,[ 45, 76, 22, 81, 96]],

[ 37, 35, 1,[ 15, 5, 81]],

[ 33, 85, 1,[ 84, 35, 94]],

[ 96, 75, 0,[ 73, 81, 50, 6, 95, 56]],

[ 99, 75, 0,[ 43, 62, 5, 2, 74]],

[ 80, 75, 0,[ 89, 76, 77, 12, 10]],

[ 64, 75, 0,[ 4, 43, 89, 63, 9]],

[ 26, 75, 0,[ 75, 81, 40, 97, 91, 93, 79]],

[ 54, 75, 0,[ 78, 19, 6, 63, 2, 14]],

[ 74, 75, 1,[ 99]],

[ 29, 75, 0,[ 61, 23, 39, 55, 17]],

[ 31, 15, 1,[ 0, 7, 66]],

[ 79, 75, 0,[ 11, 26, 2, 41, 97, 58]],

[ 6, 75, 0,[ 40, 54, 96, 41, 38, 62]],

[ 55, 75, 0,[ 13, 28, 0, 15, 29]],

[ 56, 15, 1,[ 96, 65, 47]],

[ 9, 75, 0,[ 64, 76, 60, 57, 68, 15]],

[ 93, 85, 1,[ 26, 95, 17, 60]],

[ 48, 75, 1,[ 65]],

[ 98, 55, 1,[ 43]],

[ 5, 75, 0,[ 99, 70, 97, 37, 23]],

[ 68, 75, 0,[ 9, 77, 25, 40, 4, 44]],

[ 77, 75, 0,[ 46, 27, 80, 68, 88]],

[ 58, 75, 0,[ 76, 44, 53, 79, 46, 52]],

[ 57, 45, 1,[ 9]],

[ 66, 15, 0,[ 36, 23, 0, 31, 47]],

[ 13, 75, 0,[ 20, 0, 55, 40]],

[ 86, 95, 1,[ 20, 59]],

[ 84, 75, 0,[ 33, 8, 49, 92, 12]],

[ 61, 75, 0,[ 29, 11, 27, 78]],

[ 14, 5, 1,[ 30, 8, 54]],

[ 76, 75, 0,[ 80, 58, 50, 7, 9]],

[ 71, 25, 1,[ 35, 51, 22]],

[ 82, 25, 1,[ 34, 62, 3]],

[ 20, 75, 0,[ 81, 65, 86, 34, 13]],

[ 51, 95, 1,[ 72, 71, 25]],

[ 89, 75, 0,[ 24, 80, 64, 2, 27, 67]],

[ 83, 65, 1,[ 42, 12, 67]],

[ 0, 75, 0,[ 55, 65, 31, 13, 66, 44, 73, 3, 24, 49, 2]],

[ 32, 75, 1,[ 75, 1, 72]],

[ 46, 65, 1,[ 65, 77, 58, 8]],

[ 34, 75, 0,[ 4, 82, 7, 30, 20]],

[ 70, 85, 1,[ 24, 19, 5]],

[ 78, 75, 0,[ 90, 92, 61, 54]],

[ 36, 55, 1,[ 66, 28, 4]],

