[ 52, 55, 0,[ 91, 7, 2, 58, 21]],

[ 13, 55, 0,[ 55, 20, 0, 40]],

[ 33, 85, 0,[ 94, 35, 84]],

[ 71, 55, 0,[ 35, 51, 22]],

[ 38, 55, 0,[ 6, 85]],

[ 70, 85, 0,[ 24, 5, 19]],

[ 49, 25, 1,[ 84, 28, 40, 44, 0, 67]],

[ 59, 85, 0,[ 86, 28, 3]],

[ 84, 85, 0,[ 12, 49, 33, 92, 8]],

[ 95, 85, 0,[ 93, 96]],

[ 32, 55, 0,[ 75, 1, 72]],

[ 22, 55, 0,[ 71, 50]],

[ 54, 85, 0,[ 14, 78, 2, 6, 19, 63]],

[ 10, 85, 0,[ 80]],

[ 28, 85, 0,[ 36, 59, 55, 49]],

[ 6, 95, 1,[ 96, 38, 62, 40, 54, 41]],

[ 88, 85, 0,[ 21, 77, 2]],

[ 1, 95, 0,[ 32, 12, 45, 81]],

[ 36, 85, 0,[ 66, 4, 28]],

[ 30, 55, 0,[ 34, 14, 87]],

[ 40, 55, 0,[ 49, 13, 68, 6, 26]],

[ 65, 55, 0,[ 56, 53, 20, 46, 48, 0]],

[ 51, 55, 0,[ 25, 72, 71]],

[ 46, 55, 0,[ 58, 65, 77, 8]],

[ 85, 55, 0,[ 38, 4]],

[ 73, 55, 0,[ 96, 0, 8]],

[ 26, 35, 1,[ 97, 79, 93, 81, 40, 75, 91]],

[ 77, 85, 0,[ 88, 80, 46, 68, 27]],

[ 5, 85, 0,[ 70, 97, 37, 23, 99]],

[ 98, 85, 0,[ 43]],

[ 89, 85, 1,[ 27, 80, 64, 2, 24, 67]],

[ 8, 55, 0,[ 73, 35, 87, 84, 46, 14]],

[ 2, 85, 1,[ 88, 54, 89, 0, 52, 53, 3, 79, 99]],

[ 99, 85, 0,[ 2, 74, 5, 62, 43]],

[ 83, 85, 0,[ 12, 67, 42]],

[ 94, 85, 0,[ 33, 47, 92, 44]],

[ 3, 85, 0,[ 2, 82, 59, 0]],

[ 56, 55, 0,[ 47, 65, 96]],

[ 72, 55, 0,[ 51, 18, 32]],

[ 92, 85, 0,[ 94, 12, 15, 84, 78]],

[ 42, 85, 0,[ 83, 17]],

[ 60, 85, 0,[ 9, 62, 93]],

[ 66, 85, 0,[ 0, 23, 36, 31, 47]],

[ 18, 85, 0,[ 11, 72, 47, 67]],

[ 76, 55, 0,[ 50, 58, 9, 80, 7]],

[ 74, 85, 0,[ 99]],

[ 21, 85, 0,[ 11, 88, 52]],

[ 29, 85, 0,[ 39, 17, 55, 61, 23]],

[ 67, 85, 0,[ 83, 18, 49, 89]],

[ 17, 85, 0,[ 93, 42, 43, 29]],

[ 11, 25, 1,[ 79, 87, 97, 21, 63, 61, 18]],

[ 68, 55, 0,[ 44, 40, 4, 25, 77, 9]],

[ 64, 85, 0,[ 63, 9, 4, 89, 43]],

[ 35, 55, 0,[ 69, 33, 7, 8, 71]],

[ 15, 85, 0,[ 55, 9, 37, 92, 27]],

[ 96, 95, 0,[ 73, 50, 6, 81, 95, 56]],

[ 24, 85, 0,[ 0, 70, 89]],

[ 39, 85, 0,[ 29]],

[ 25, 55, 0,[ 68, 51]],

[ 57, 45, 0,[ 9]],

[ 44, 55, 0,[ 49, 4, 58, 68, 94, 0]],

[ 80, 85, 0,[ 77, 12, 89, 76, 10]],

[ 23, 85, 0,[ 66, 29, 5]],

[ 69, 55, 0,[ 45, 35]],

[ 37, 85, 0,[ 15, 81, 5]],

[ 81, 95, 1,[ 26, 20, 96, 50, 1, 90, 37]],

[ 20, 55, 0,[ 81, 86, 34, 65, 13]],

[ 55, 85, 0,[ 28, 0, 13, 15, 29]],

[ 78, 85, 0,[ 90, 92, 61, 54]],

[ 48, 55, 0,[ 65]],

[ 61, 85, 0,[ 78, 11, 27, 29]],

[ 62, 85, 0,[ 6, 60, 99, 82]],

[ 4, 55, 1,[ 85, 34, 64, 68, 44, 36]],

[ 34, 55, 0,[ 30, 7, 82, 20, 4]],

[ 12, 85, 0,[ 84, 80, 1, 92, 83]],

[ 27, 85, 0,[ 61, 77, 89, 15]],

[ 82, 85, 0,[ 34, 62, 3]],

[ 47, 85, 0,[ 18, 94, 66, 56]],

[ 16, 95, 0,[ 41]],

[ 91, 55, 0,[ 26, 52]],

[ 50, 95, 0,[ 45, 81, 76, 22, 96]],

[ 93, 85, 0,[ 60, 95, 17, 26]],

[ 31, 55, 0,[ 66, 7, 0]],

[ 63, 85, 0,[ 11, 64, 54]],

[ 19, 85, 0,[ 54, 70]],

[ 58, 55, 0,[ 52, 76, 53, 46, 79, 44]],

[ 43, 85, 0,[ 97, 17, 64, 98, 99]],

[ 14, 55, 0,[ 54, 30, 8]],

[ 45, 95, 0,[ 50, 69, 1]],

[ 75, 55, 0,[ 32, 26, 7]],

[ 0, 55, 1,[ 13, 3, 31, 66, 2, 73, 24, 44, 65, 55, 49]],

[ 97, 85, 0,[ 5, 26, 11, 43, 79]],

[ 79, 85, 0,[ 26, 41, 11, 97, 2, 58]],

[ 90, 85, 0,[ 78, 81]],

[ 7, 55, 0,[ 52, 75, 35, 76, 34, 31]],

[ 87, 55, 0,[ 8, 11, 30]],

[ 86, 55, 0,[ 20, 59]],

[ 53, 55, 0,[ 2, 65, 58]],

[ 9, 45, 1,[ 76, 57, 68, 15, 60, 64]],

[ 41, 95, 0,[ 79, 16, 6]],

