[ 36, 15, 0,[ 66, 28, 4]],

[ 80, 25, 0,[ 77, 10, 12, 76, 89]],

[ 77, 25, 0,[ 80, 68, 27, 88, 46]],

[ 52, 25, 0,[ 58, 21, 91, 7, 2]],

[ 47, 45, 0,[ 66, 56, 94, 18]],

[ 30, 75, 0,[ 14, 87, 34]],

[ 63, 75, 0,[ 64, 11, 54]],

[ 22, 15, 1,[ 71, 50]],

[ 98, 25, 0,[ 43]],

[ 56, 45, 0,[ 96, 47, 65]],

[ 20, 85, 0,[ 13, 34, 65, 86, 81]],

[ 88, 25, 0,[ 2, 21, 77]],

[ 79, 25, 0,[ 41, 58, 97, 11, 26, 2]],

[ 41, 65, 0,[ 79, 6, 16]],

[ 9, 35, 0,[ 57, 76, 64, 68, 15, 60]],

[ 17, 25, 0,[ 42, 93, 43, 29]],

[ 64, 25, 0,[ 63, 43, 89, 4, 9]],

[ 11, 75, 0,[ 18, 61, 63, 79, 97, 87, 21]],

[ 96, 65, 0,[ 95, 56, 73, 6, 81, 50]],

[ 93, 85, 0,[ 17, 60, 95, 26]],

[ 25, 15, 1,[ 68, 51]],

[ 87, 75, 0,[ 8, 30, 11]],

[ 53, 25, 0,[ 58, 65, 2]],

[ 59, 45, 0,[ 86, 3, 28]],

[ 14, 75, 0,[ 30, 54, 8]],

[ 28, 95, 0,[ 49, 36, 55, 59]],

[ 51, 75, 0,[ 71, 72, 25]],

[ 19, 55, 0,[ 54, 70]],

[ 86, 15, 1,[ 59, 20]],

[ 5, 55, 0,[ 99, 97, 70, 23, 37]],

[ 75, 85, 0,[ 26, 32, 7]],

[ 18, 75, 0,[ 47, 67, 72, 11]],

[ 44, 15, 0,[ 4, 0, 49, 94, 58, 68]],

[ 2, 25, 0,[ 99, 54, 88, 89, 0, 53, 79, 3, 52]],

[ 68, 15, 0,[ 77, 44, 4, 25, 40, 9]],

[ 4, 15, 0,[ 44, 36, 64, 68, 85, 34]],

[ 13, 45, 0,[ 20, 40, 0, 55]],

[ 43, 25, 0,[ 99, 64, 17, 98, 97]],

[ 83, 85, 0,[ 12, 42, 67]],

[ 81, 85, 0,[ 96, 20, 90, 50, 26, 1, 37]],

[ 7, 15, 0,[ 75, 52, 31, 76, 35, 34]],

[ 34, 15, 0,[ 4, 20, 82, 30, 7]],

[ 0, 45, 0,[ 66, 65, 2, 44, 3, 49, 73, 55, 24, 31, 13]],

[ 76, 25, 0,[ 80, 50, 7, 9, 58]],

[ 92, 55, 0,[ 78, 84, 12, 94, 15]],

[ 95, 65, 0,[ 93, 96]],

[ 16, 85, 1,[ 41]],

[ 35, 75, 0,[ 33, 7, 69, 71, 8]],

[ 33, 75, 0,[ 84, 35, 94]],

[ 65, 45, 0,[ 0, 56, 53, 46, 20, 48]],

[ 85, 15, 0,[ 38, 4]],

[ 84, 95, 0,[ 92, 8, 12, 49, 33]],

[ 61, 25, 0,[ 11, 27, 78, 29]],

[ 90, 85, 1,[ 78, 81]],

[ 82, 65, 0,[ 3, 62, 34]],

[ 55, 45, 0,[ 0, 15, 29, 28, 13]],

[ 58, 25, 0,[ 44, 46, 79, 52, 53, 76]],

[ 99, 25, 0,[ 43, 62, 5, 2, 74]],

[ 97, 25, 0,[ 79, 11, 43, 26, 5]],

[ 32, 85, 0,[ 75, 1, 72]],

[ 21, 75, 0,[ 52, 11, 88]],

[ 31, 45, 0,[ 66, 0, 7]],

[ 70, 55, 0,[ 24, 5, 19]],

[ 3, 45, 0,[ 0, 82, 2, 59]],

[ 73, 45, 0,[ 96, 0, 8]],

[ 1, 85, 0,[ 45, 12, 81, 32]],

[ 89, 25, 0,[ 27, 80, 64, 67, 2, 24]],

[ 45, 85, 0,[ 50, 1, 69]],

[ 38, 65, 0,[ 85, 6]],

[ 37, 85, 0,[ 81, 15, 5]],

[ 46, 25, 0,[ 65, 8, 77, 58]],

[ 27, 25, 0,[ 77, 61, 15, 89]],

[ 50, 85, 0,[ 45, 76, 96, 81, 22]],

[ 72, 75, 0,[ 32, 18, 51]],

[ 48, 15, 1,[ 65]],

[ 26, 85, 0,[ 81, 91, 97, 75, 40, 93, 79]],

[ 29, 25, 0,[ 17, 39, 55, 23, 61]],

[ 62, 65, 0,[ 82, 99, 60, 6]],

[ 23, 55, 0,[ 5, 29, 66]],

[ 8, 75, 0,[ 87, 46, 84, 14, 35, 73]],

[ 54, 55, 0,[ 63, 14, 2, 78, 6, 19]],

[ 15, 35, 0,[ 92, 27, 9, 37, 55]],

[ 12, 85, 0,[ 92, 80, 83, 84, 1]],

[ 69, 85, 0,[ 35, 45]],

[ 67, 85, 0,[ 49, 18, 83, 89]],

[ 71, 75, 0,[ 22, 35, 51]],

[ 91, 85, 0,[ 26, 52]],

[ 66, 45, 0,[ 0, 36, 23, 31, 47]],

[ 10, 35, 1,[ 80]],

[ 49, 95, 0,[ 84, 40, 44, 0, 67, 28]],

[ 6, 65, 0,[ 41, 54, 40, 62, 96, 38]],

[ 94, 45, 0,[ 44, 47, 33, 92]],

[ 78, 55, 0,[ 54, 90, 61, 92]],

[ 74, 25, 1,[ 99]],

[ 39, 15, 1,[ 29]],

[ 40, 65, 0,[ 13, 26, 6, 68, 49]],

[ 57, 15, 1,[ 9]],

[ 24, 45, 0,[ 0, 89, 70]],

[ 60, 85, 0,[ 62, 93, 9]],

[ 42, 25, 0,[ 83, 17]],

