[ 18, 25, 0,[ 47, 11, 67, 72]],

[ 74, 55, 0,[ 99]],

[ 75, 15, 0,[ 32, 7, 26]],

[ 54, 65, 1,[ 6, 63, 2, 19, 78, 14]],

[ 17, 75, 0,[ 29, 93, 43, 42]],

[ 24, 45, 0,[ 0, 89, 70]],

[ 10, 35, 0,[ 80]],

[ 14, 65, 0,[ 30, 8, 54]],

[ 21, 25, 0,[ 52, 88, 11]],

[ 26, 15, 1,[ 75, 93, 40, 81, 91, 97, 79]],

[ 76, 55, 0,[ 50, 80, 58, 7, 9]],

[ 5, 55, 0,[ 70, 37, 97, 23, 99]],

[ 15, 55, 0,[ 37, 92, 55, 27, 9]],

[ 12, 35, 0,[ 83, 84, 92, 1, 80]],

[ 38, 15, 0,[ 6, 85]],

[ 13, 45, 0,[ 20, 55, 40, 0]],

[ 98, 25, 0,[ 43]],

[ 67, 15, 0,[ 89, 18, 49, 83]],

[ 46, 25, 0,[ 8, 58, 65, 77]],

[ 97, 25, 0,[ 11, 5, 26, 79, 43]],

[ 93, 15, 0,[ 60, 17, 26, 95]],

[ 22, 95, 0,[ 50, 71]],

[ 34, 55, 0,[ 30, 7, 20, 82, 4]],

[ 6, 15, 1,[ 96, 62, 40, 41, 54, 38]],

[ 36, 45, 0,[ 4, 66, 28]],

[ 61, 25, 0,[ 29, 11, 27, 78]],

[ 51, 85, 0,[ 71, 72, 25]],

[ 58, 25, 0,[ 46, 53, 52, 44, 76, 79]],

[ 35, 25, 0,[ 7, 33, 69, 8, 71]],

[ 49, 15, 0,[ 28, 44, 67, 84, 40, 0]],

[ 44, 25, 0,[ 94, 68, 0, 4, 58, 49]],

[ 65, 85, 1,[ 56, 20, 0, 48, 53, 46]],

[ 81, 65, 1,[ 50, 96, 37, 90, 1, 20, 26]],

[ 48, 85, 0,[ 65]],

[ 2, 45, 1,[ 3, 53, 79, 89, 99, 54, 52, 88, 0]],

[ 68, 25, 1,[ 4, 25, 40, 44, 9, 77]],

[ 85, 25, 0,[ 38, 4]],

[ 78, 35, 0,[ 90, 54, 92, 61]],

[ 9, 55, 0,[ 68, 15, 76, 57, 64, 60]],

[ 42, 75, 0,[ 17, 83]],

[ 59, 45, 0,[ 28, 3, 86]],

[ 0, 45, 1,[ 66, 73, 2, 13, 31, 24, 49, 65, 55, 3, 44]],

[ 86, 65, 0,[ 20, 59]],

[ 47, 25, 0,[ 56, 66, 94, 18]],

[ 29, 75, 0,[ 17, 23, 61, 55, 39]],

[ 69, 25, 0,[ 45, 35]],

[ 50, 95, 0,[ 45, 81, 76, 96, 22]],

[ 23, 75, 0,[ 5, 66, 29]],

[ 63, 25, 0,[ 54, 11, 64]],

[ 31, 45, 0,[ 0, 66, 7]],

[ 40, 15, 0,[ 6, 13, 68, 26, 49]],

[ 71, 25, 0,[ 51, 35, 22]],

[ 72, 85, 0,[ 18, 51, 32]],

[ 8, 25, 0,[ 84, 73, 14, 87, 46, 35]],

[ 25, 25, 0,[ 68, 51]],

[ 89, 45, 0,[ 27, 80, 2, 24, 67, 64]],

[ 28, 45, 0,[ 59, 55, 36, 49]],

[ 19, 65, 0,[ 54, 70]],

[ 73, 45, 0,[ 0, 96, 8]],

[ 37, 65, 0,[ 15, 5, 81]],

[ 16, 25, 0,[ 41]],

[ 92, 35, 0,[ 12, 15, 84, 94, 78]],

[ 70, 55, 0,[ 5, 19, 24]],

[ 57, 55, 0,[ 9]],

[ 30, 55, 0,[ 14, 87, 34]],

[ 77, 25, 0,[ 88, 80, 46, 27, 68]],

[ 56, 95, 0,[ 47, 96, 65]],

[ 20, 65, 0,[ 65, 86, 81, 34, 13]],

[ 11, 25, 1,[ 63, 18, 21, 79, 97, 61, 87]],

[ 79, 25, 0,[ 11, 41, 58, 2, 97, 26]],

[ 39, 75, 0,[ 29]],

[ 94, 25, 0,[ 92, 33, 44, 47]],

[ 55, 45, 0,[ 13, 0, 29, 15, 28]],

[ 45, 95, 0,[ 1, 50, 69]],

[ 4, 25, 0,[ 68, 64, 85, 34, 44, 36]],

[ 41, 25, 0,[ 79, 6, 16]],

[ 33, 25, 0,[ 84, 94, 35]],

[ 96, 95, 1,[ 81, 73, 50, 95, 56, 6]],

[ 95, 15, 0,[ 93, 96]],

[ 91, 15, 0,[ 26, 52]],

[ 32, 95, 0,[ 72, 75, 1]],

[ 52, 25, 0,[ 21, 58, 91, 2, 7]],

[ 62, 55, 0,[ 6, 60, 99, 82]],

[ 60, 55, 0,[ 62, 9, 93]],

[ 84, 15, 0,[ 8, 49, 92, 12, 33]],

[ 1, 95, 0,[ 32, 45, 12, 81]],

[ 27, 55, 0,[ 77, 61, 89, 15]],

[ 66, 45, 0,[ 23, 0, 31, 36, 47]],

[ 88, 45, 0,[ 77, 21, 2]],

[ 90, 65, 0,[ 78, 81]],

[ 83, 35, 0,[ 42, 12, 67]],

[ 87, 25, 0,[ 8, 30, 11]],

[ 3, 45, 0,[ 2, 0, 59, 82]],

[ 82, 55, 0,[ 62, 34, 3]],

[ 64, 25, 0,[ 9, 4, 63, 43, 89]],

[ 99, 55, 0,[ 5, 74, 2, 43, 62]],

[ 43, 25, 0,[ 64, 17, 99, 98, 97]],

[ 7, 55, 0,[ 76, 52, 31, 34, 35, 75]],

[ 53, 45, 0,[ 58, 65, 2]],

[ 80, 35, 0,[ 89, 10, 76, 12, 77]],

