[ 62, 35, 0,[ 99, 60, 6, 82]],

[ 29, 35, 0,[ 39, 61, 17, 55, 23]],

[ 46, 35, 0,[ 77, 8, 58, 65]],

[ 51, 75, 1,[ 72, 71, 25]],

[ 43, 35, 0,[ 98, 99, 17, 64, 97]],

[ 77, 35, 0,[ 88, 80, 68, 46, 27]],

[ 10, 25, 1,[ 80]],

[ 69, 75, 1,[ 45, 35]],

[ 90, 65, 1,[ 81, 78]],

[ 84, 35, 0,[ 12, 33, 92, 8, 49]],

[ 65, 35, 0,[ 20, 56, 53, 48, 46, 0]],

[ 85, 35, 1,[ 4, 38]],

[ 30, 25, 1,[ 14, 34, 87]],

[ 4, 35, 0,[ 44, 36, 34, 85, 68, 64]],

[ 35, 25, 0,[ 69, 33, 71, 8, 7]],

[ 17, 35, 0,[ 29, 43, 93, 42]],

[ 0, 35, 0,[ 55, 3, 13, 2, 44, 66, 31, 73, 65, 24, 49]],

[ 2, 35, 0,[ 54, 89, 53, 52, 99, 79, 0, 88, 3]],

[ 93, 55, 1,[ 17, 26, 60, 95]],

[ 91, 65, 1,[ 26, 52]],

[ 79, 35, 0,[ 26, 58, 97, 11, 2, 41]],

[ 7, 35, 0,[ 76, 75, 52, 34, 35, 31]],

[ 16, 95, 1,[ 41]],

[ 13, 45, 1,[ 40, 55, 20, 0]],

[ 74, 75, 0,[ 99]],

[ 52, 35, 0,[ 7, 58, 91, 21, 2]],

[ 97, 35, 0,[ 43, 11, 5, 26, 79]],

[ 1, 45, 1,[ 12, 32, 45, 81]],

[ 12, 45, 0,[ 80, 92, 84, 83, 1]],

[ 23, 85, 1,[ 29, 5, 66]],

[ 83, 45, 1,[ 67, 42, 12]],

[ 95, 35, 1,[ 96, 93]],

[ 24, 25, 1,[ 89, 70, 0]],

[ 6, 35, 0,[ 62, 40, 41, 54, 38, 96]],

[ 44, 35, 0,[ 94, 58, 4, 68, 49, 0]],

[ 3, 35, 0,[ 2, 0, 59, 82]],

[ 89, 35, 0,[ 67, 27, 64, 24, 2, 80]],

[ 60, 95, 1,[ 62, 93, 9]],

[ 78, 35, 0,[ 92, 90, 54, 61]],

[ 68, 35, 0,[ 25, 4, 9, 44, 40, 77]],

[ 67, 65, 1,[ 89, 83, 18, 49]],

[ 57, 45, 1,[ 9]],

[ 28, 35, 0,[ 59, 36, 55, 49]],

[ 76, 35, 0,[ 80, 9, 50, 58, 7]],

[ 19, 35, 1,[ 70, 54]],

[ 54, 35, 0,[ 14, 19, 78, 2, 6, 63]],

[ 38, 35, 1,[ 85, 6]],

[ 20, 35, 0,[ 86, 13, 65, 81, 34]],

[ 59, 5, 1,[ 3, 28, 86]],

[ 94, 35, 0,[ 47, 92, 44, 33]],

[ 39, 35, 1,[ 29]],

[ 11, 35, 0,[ 63, 79, 87, 61, 97, 21, 18]],

[ 31, 55, 1,[ 0, 66, 7]],

[ 87, 35, 1,[ 8, 11, 30]],

[ 26, 35, 0,[ 91, 79, 81, 75, 40, 93, 97]],

[ 82, 75, 1,[ 34, 62, 3]],

[ 40, 35, 0,[ 49, 26, 6, 13, 68]],

[ 22, 95, 1,[ 71, 50]],

[ 55, 35, 0,[ 0, 13, 28, 15, 29]],

[ 33, 25, 1,[ 84, 94, 35]],

[ 72, 25, 1,[ 18, 51, 32]],

[ 45, 45, 1,[ 1, 69, 50]],

[ 73, 95, 1,[ 8, 96, 0]],

[ 36, 65, 1,[ 4, 66, 28]],

[ 27, 35, 0,[ 77, 15, 61, 89]],

[ 8, 35, 0,[ 84, 87, 35, 46, 73, 14]],

[ 21, 95, 1,[ 52, 11, 88]],

[ 25, 85, 1,[ 51, 68]],

[ 32, 55, 1,[ 1, 72, 75]],

[ 37, 55, 1,[ 15, 5, 81]],

[ 98, 45, 1,[ 43]],

[ 56, 35, 1,[ 65, 96, 47]],

[ 34, 35, 0,[ 7, 82, 30, 4, 20]],

[ 42, 85, 1,[ 17, 83]],

[ 49, 35, 0,[ 67, 0, 44, 28, 40, 84]],

[ 50, 35, 0,[ 45, 22, 96, 76, 81]],

[ 41, 95, 1,[ 16, 79, 6]],

[ 71, 25, 1,[ 22, 51, 35]],

[ 5, 35, 0,[ 99, 70, 23, 37, 97]],

[ 75, 5, 1,[ 32, 26, 7]],

[ 96, 35, 0,[ 81, 6, 56, 73, 95, 50]],

[ 80, 35, 0,[ 12, 77, 89, 10, 76]],

[ 58, 35, 0,[ 53, 44, 52, 46, 79, 76]],

[ 64, 35, 0,[ 4, 9, 89, 43, 63]],

[ 88, 95, 1,[ 21, 2, 77]],

[ 63, 5, 1,[ 54, 11, 64]],

[ 92, 35, 0,[ 84, 78, 12, 94, 15]],

[ 81, 35, 0,[ 20, 96, 50, 37, 1, 26, 90]],

[ 53, 35, 1,[ 2, 58, 65]],

[ 47, 35, 0,[ 94, 18, 66, 56]],

[ 70, 35, 1,[ 24, 19, 5]],

[ 15, 35, 0,[ 55, 92, 37, 9, 27]],

[ 86, 95, 1,[ 59, 20]],

[ 61, 5, 1,[ 27, 29, 78, 11]],

[ 18, 25, 1,[ 11, 67, 72, 47]],

[ 9, 35, 0,[ 57, 60, 76, 68, 15, 64]],

[ 66, 35, 0,[ 36, 31, 23, 47, 0]],

[ 14, 75, 1,[ 8, 54, 30]],

[ 99, 35, 0,[ 43, 62, 2, 74, 5]],

[ 48, 45, 1,[ 65]],

