[ 21, 35, 0,[ 88, 52, 11]],

[ 40, 5, 1,[ 6, 13, 68, 49, 26]],

[ 69, 5, 0,[ 45, 35]],

[ 51, 5, 0,[ 72, 71, 25]],

[ 39, 75, 0,[ 29]],

[ 45, 45, 0,[ 50, 69, 1]],

[ 24, 45, 0,[ 89, 0, 70]],

[ 72, 45, 0,[ 32, 51, 18]],

[ 2, 75, 1,[ 99, 0, 3, 88, 52, 89, 54, 53, 79]],

[ 12, 15, 1,[ 84, 92, 80, 83, 1]],

[ 64, 95, 1,[ 63, 4, 89, 43, 9]],

[ 77, 25, 1,[ 68, 80, 27, 46, 88]],

[ 97, 25, 1,[ 5, 79, 11, 43, 26]],

[ 73, 15, 0,[ 96, 8, 0]],

[ 94, 15, 1,[ 33, 92, 44, 47]],

[ 43, 95, 1,[ 17, 98, 97, 99, 64]],

[ 53, 5, 0,[ 2, 58, 65]],

[ 70, 5, 0,[ 24, 5, 19]],

[ 6, 45, 1,[ 41, 40, 62, 54, 38, 96]],

[ 47, 45, 1,[ 56, 18, 66, 94]],

[ 17, 15, 0,[ 29, 43, 93, 42]],

[ 18, 45, 0,[ 11, 47, 67, 72]],

[ 61, 65, 0,[ 29, 27, 11, 78]],

[ 34, 65, 1,[ 4, 20, 82, 30, 7]],

[ 75, 45, 0,[ 32, 7, 26]],

[ 58, 65, 1,[ 44, 76, 79, 46, 52, 53]],

[ 36, 35, 0,[ 28, 4, 66]],

[ 28, 15, 1,[ 49, 59, 55, 36]],

[ 74, 65, 0,[ 99]],

[ 88, 25, 0,[ 77, 2, 21]],

[ 80, 35, 1,[ 77, 89, 10, 12, 76]],

[ 23, 35, 0,[ 5, 66, 29]],

[ 25, 5, 0,[ 51, 68]],

[ 79, 25, 1,[ 11, 41, 97, 58, 26, 2]],

[ 54, 35, 1,[ 6, 63, 14, 78, 19, 2]],

[ 76, 65, 1,[ 9, 58, 80, 7, 50]],

[ 31, 25, 0,[ 66, 0, 7]],

[ 59, 35, 0,[ 28, 3, 86]],

[ 9, 95, 1,[ 57, 60, 15, 68, 64, 76]],

[ 27, 65, 1,[ 89, 15, 77, 61]],

[ 46, 15, 1,[ 8, 77, 65, 58]],

[ 98, 95, 0,[ 43]],

[ 13, 65, 1,[ 40, 55, 20, 0]],

[ 52, 35, 1,[ 2, 91, 58, 7, 21]],

[ 42, 15, 0,[ 83, 17]],

[ 0, 25, 1,[ 13, 44, 49, 24, 66, 2, 73, 31, 65, 55, 3]],

[ 11, 95, 1,[ 87, 18, 79, 63, 21, 61, 97]],

[ 99, 65, 1,[ 62, 2, 5, 74, 43]],

[ 63, 95, 0,[ 54, 11, 64]],

[ 5, 5, 1,[ 97, 70, 99, 37, 23]],

[ 56, 5, 0,[ 96, 65, 47]],

[ 91, 35, 0,[ 52, 26]],

[ 66, 35, 1,[ 36, 23, 47, 0, 31]],

[ 4, 85, 1,[ 34, 64, 36, 85, 68, 44]],

[ 30, 85, 0,[ 87, 34, 14]],

[ 71, 5, 0,[ 51, 22, 35]],

[ 19, 35, 0,[ 54, 70]],

[ 78, 65, 0,[ 92, 54, 90, 61]],

[ 38, 45, 0,[ 85, 6]],

[ 83, 15, 0,[ 67, 12, 42]],

[ 8, 85, 1,[ 14, 46, 87, 84, 35, 73]],

[ 50, 45, 1,[ 76, 22, 81, 96, 45]],

[ 20, 75, 1,[ 13, 81, 65, 86, 34]],

[ 22, 45, 0,[ 50, 71]],

[ 85, 85, 0,[ 38, 4]],

[ 62, 65, 0,[ 6, 82, 60, 99]],

[ 81, 65, 1,[ 50, 1, 26, 96, 20, 37, 90]],

[ 95, 15, 0,[ 93, 96]],

[ 90, 65, 0,[ 78, 81]],

[ 49, 35, 1,[ 84, 0, 28, 44, 67, 40]],

[ 15, 55, 1,[ 9, 27, 37, 92, 55]],

[ 16, 45, 0,[ 41]],

[ 48, 5, 0,[ 65]],

[ 87, 85, 0,[ 30, 11, 8]],

[ 86, 35, 0,[ 59, 20]],

[ 7, 45, 1,[ 52, 34, 31, 76, 75, 35]],

[ 82, 65, 0,[ 3, 34, 62]],

[ 65, 5, 1,[ 0, 53, 46, 20, 48, 56]],

[ 1, 55, 1,[ 81, 32, 45, 12]],

[ 89, 45, 1,[ 80, 24, 27, 2, 67, 64]],

[ 32, 45, 0,[ 75, 1, 72]],

[ 60, 15, 0,[ 9, 62, 93]],

[ 68, 5, 1,[ 77, 40, 9, 25, 44, 4]],

[ 67, 25, 1,[ 49, 83, 18, 89]],

[ 35, 5, 1,[ 8, 33, 71, 69, 7]],

[ 93, 15, 1,[ 60, 95, 17, 26]],

[ 84, 65, 1,[ 8, 92, 49, 33, 12]],

[ 26, 65, 1,[ 97, 75, 79, 81, 93, 40, 91]],

[ 37, 5, 0,[ 5, 81, 15]],

[ 29, 75, 1,[ 39, 61, 17, 55, 23]],

[ 55, 15, 1,[ 29, 0, 28, 15, 13]],

[ 41, 45, 0,[ 6, 79, 16]],

[ 57, 95, 0,[ 9]],

[ 33, 5, 0,[ 94, 84, 35]],

[ 14, 85, 0,[ 54, 30, 8]],

[ 10, 35, 0,[ 80]],

[ 96, 15, 1,[ 95, 50, 81, 6, 56, 73]],

[ 92, 25, 1,[ 12, 84, 15, 94, 78]],

[ 44, 45, 1,[ 4, 49, 94, 58, 0, 68]],

[ 3, 35, 1,[ 2, 59, 82, 0]],

