[ 35, 65, 0,[ 71, 7, 8, 33, 69]],

[ 62, 25, 0,[ 99, 6, 60, 82]],

[ 0, 5, 1,[ 44, 55, 13, 24, 73, 66, 3, 65, 2, 31, 49]],

[ 36, 5, 0,[ 28, 4, 66]],

[ 53, 95, 0,[ 65, 58, 2]],

[ 7, 65, 0,[ 31, 75, 35, 76, 52, 34]],

[ 72, 25, 0,[ 32, 18, 51]],

[ 8, 65, 0,[ 46, 14, 87, 35, 84, 73]],

[ 12, 5, 0,[ 84, 80, 92, 1, 83]],

[ 76, 35, 0,[ 80, 58, 50, 9, 7]],

[ 51, 25, 0,[ 71, 25, 72]],

[ 64, 35, 0,[ 9, 4, 89, 43, 63]],

[ 95, 65, 0,[ 93, 96]],

[ 73, 65, 0,[ 96, 0, 8]],

[ 42, 35, 0,[ 17, 83]],

[ 34, 45, 0,[ 82, 20, 4, 30, 7]],

[ 91, 55, 0,[ 26, 52]],

[ 66, 5, 0,[ 0, 31, 36, 23, 47]],

[ 13, 5, 0,[ 0, 40, 20, 55]],

[ 65, 65, 1,[ 48, 56, 20, 53, 46, 0]],

[ 6, 55, 0,[ 40, 41, 96, 38, 62, 54]],

[ 33, 5, 0,[ 94, 84, 35]],

[ 98, 25, 0,[ 43]],

[ 81, 25, 1,[ 26, 50, 20, 1, 96, 90, 37]],

[ 27, 75, 0,[ 89, 15, 61, 77]],

[ 41, 55, 0,[ 79, 6, 16]],

[ 19, 85, 0,[ 70, 54]],

[ 10, 35, 0,[ 80]],

[ 79, 55, 0,[ 11, 2, 41, 26, 58, 97]],

[ 57, 35, 0,[ 9]],

[ 85, 5, 0,[ 38, 4]],

[ 46, 65, 0,[ 8, 58, 65, 77]],

[ 99, 25, 0,[ 2, 43, 5, 62, 74]],

[ 55, 5, 0,[ 29, 28, 13, 15, 0]],

[ 16, 55, 0,[ 41]],

[ 11, 35, 1,[ 79, 21, 87, 18, 61, 63, 97]],

[ 60, 35, 0,[ 62, 93, 9]],

[ 3, 5, 0,[ 82, 59, 2, 0]],

[ 48, 65, 0,[ 65]],

[ 2, 95, 1,[ 88, 53, 89, 99, 0, 54, 3, 52, 79]],

[ 86, 45, 0,[ 59, 20]],

[ 28, 5, 0,[ 59, 49, 55, 36]],

[ 77, 35, 0,[ 68, 80, 88, 27, 46]],

[ 31, 5, 0,[ 7, 66, 0]],

[ 67, 75, 0,[ 18, 89, 83, 49]],

[ 25, 55, 0,[ 68, 51]],

[ 63, 35, 0,[ 54, 11, 64]],

[ 22, 95, 0,[ 50, 71]],

[ 90, 25, 0,[ 81, 78]],

[ 26, 55, 1,[ 40, 81, 79, 91, 93, 75, 97]],

[ 94, 5, 0,[ 44, 47, 33, 92]],

[ 37, 25, 0,[ 15, 5, 81]],

[ 87, 35, 0,[ 30, 11, 8]],

[ 88, 95, 0,[ 77, 2, 21]],

[ 24, 5, 0,[ 89, 0, 70]],

[ 83, 5, 0,[ 67, 12, 42]],

[ 29, 45, 0,[ 23, 39, 17, 61, 55]],

[ 69, 65, 0,[ 35, 45]],

[ 14, 85, 0,[ 54, 30, 8]],

[ 21, 35, 0,[ 88, 11, 52]],

[ 56, 65, 0,[ 47, 65, 96]],

[ 59, 5, 0,[ 28, 86, 3]],

[ 54, 85, 1,[ 14, 6, 19, 2, 78, 63]],

[ 43, 25, 0,[ 99, 97, 98, 17, 64]],

[ 20, 45, 0,[ 81, 13, 34, 86, 65]],

[ 1, 25, 0,[ 12, 81, 32, 45]],

[ 23, 25, 0,[ 5, 66, 29]],

[ 15, 5, 0,[ 55, 9, 27, 92, 37]],

[ 45, 95, 0,[ 69, 1, 50]],

[ 75, 55, 0,[ 26, 32, 7]],

[ 49, 95, 1,[ 0, 67, 44, 28, 40, 84]],

[ 40, 55, 0,[ 49, 68, 13, 6, 26]],

[ 58, 35, 0,[ 76, 52, 79, 46, 44, 53]],

[ 44, 5, 0,[ 68, 49, 94, 58, 0, 4]],

[ 39, 45, 0,[ 29]],

[ 96, 65, 0,[ 56, 6, 50, 95, 81, 73]],

[ 84, 5, 0,[ 49, 33, 8, 92, 12]],

[ 38, 55, 0,[ 85, 6]],

[ 82, 45, 0,[ 3, 34, 62]],

[ 18, 35, 0,[ 72, 67, 47, 11]],

[ 70, 25, 0,[ 5, 19, 24]],

[ 71, 65, 0,[ 35, 22, 51]],

[ 30, 85, 0,[ 14, 87, 34]],

[ 97, 25, 0,[ 43, 11, 5, 79, 26]],

[ 61, 45, 0,[ 11, 27, 78, 29]],

[ 93, 35, 0,[ 26, 17, 60, 95]],

[ 5, 25, 0,[ 70, 37, 23, 97, 99]],

[ 32, 25, 0,[ 72, 1, 75]],

[ 89, 75, 1,[ 2, 24, 67, 64, 80, 27]],

[ 68, 55, 0,[ 4, 9, 40, 77, 25, 44]],

[ 92, 5, 0,[ 94, 78, 15, 12, 84]],

[ 52, 35, 0,[ 91, 2, 21, 58, 7]],

[ 80, 35, 0,[ 12, 10, 76, 89, 77]],

[ 4, 5, 1,[ 85, 68, 36, 44, 64, 34]],

[ 17, 35, 0,[ 29, 42, 93, 43]],

[ 50, 95, 0,[ 81, 96, 45, 76, 22]],

[ 74, 25, 0,[ 99]],

[ 9, 35, 0,[ 76, 15, 68, 64, 60, 57]],

[ 78, 85, 0,[ 90, 92, 61, 54]],

[ 47, 5, 0,[ 56, 18, 66, 94]],

