[ 74, 25, 0,[ 99]],

[ 36, 35, 0,[ 66, 4, 28]],

[ 90, 45, 0,[ 81, 78]],

[ 11, 45, 1,[ 21, 18, 79, 61, 63, 97, 87]],

[ 54, 45, 1,[ 2, 78, 14, 63, 19, 6]],

[ 60, 95, 0,[ 62, 9, 93]],

[ 91, 35, 0,[ 26, 52]],

[ 76, 35, 1,[ 50, 58, 9, 80, 7]],

[ 62, 95, 0,[ 82, 60, 99, 6]],

[ 34, 55, 1,[ 7, 82, 20, 30, 4]],

[ 56, 35, 0,[ 65, 96, 47]],

[ 52, 25, 1,[ 21, 91, 7, 58, 2]],

[ 79, 85, 1,[ 2, 58, 26, 41, 11, 97]],

[ 27, 85, 0,[ 61, 15, 89, 77]],

[ 75, 5, 0,[ 7, 32, 26]],

[ 53, 35, 0,[ 2, 65, 58]],

[ 4, 55, 1,[ 36, 34, 64, 44, 85, 68]],

[ 97, 95, 1,[ 43, 11, 26, 79, 5]],

[ 48, 5, 0,[ 65]],

[ 63, 45, 0,[ 54, 11, 64]],

[ 42, 95, 0,[ 17, 83]],

[ 28, 75, 0,[ 59, 36, 55, 49]],

[ 82, 25, 0,[ 34, 3, 62]],

[ 30, 55, 0,[ 14, 34, 87]],

[ 33, 65, 0,[ 84, 35, 94]],

[ 94, 65, 1,[ 47, 33, 92, 44]],

[ 9, 85, 1,[ 68, 76, 15, 60, 64, 57]],

[ 88, 75, 0,[ 77, 21, 2]],

[ 6, 75, 1,[ 54, 96, 40, 41, 38, 62]],

[ 19, 55, 0,[ 54, 70]],

[ 87, 55, 0,[ 30, 8, 11]],

[ 31, 75, 0,[ 0, 7, 66]],

[ 25, 65, 0,[ 68, 51]],

[ 26, 55, 1,[ 40, 91, 75, 79, 97, 93, 81]],

[ 86, 25, 0,[ 20, 59]],

[ 61, 5, 1,[ 27, 78, 29, 11]],

[ 32, 65, 0,[ 75, 1, 72]],

[ 92, 45, 1,[ 12, 84, 94, 15, 78]],

[ 71, 65, 0,[ 22, 35, 51]],

[ 69, 85, 0,[ 35, 45]],

[ 96, 15, 1,[ 95, 56, 50, 6, 73, 81]],

[ 85, 45, 0,[ 4, 38]],

[ 46, 55, 1,[ 65, 58, 8, 77]],

[ 29, 75, 1,[ 61, 23, 39, 55, 17]],

[ 8, 55, 1,[ 84, 46, 14, 35, 73, 87]],

[ 55, 95, 1,[ 15, 0, 13, 29, 28]],

[ 20, 35, 1,[ 86, 65, 13, 81, 34]],

[ 65, 95, 1,[ 48, 20, 53, 56, 46, 0]],

[ 64, 55, 1,[ 63, 89, 43, 4, 9]],

[ 89, 45, 1,[ 2, 64, 80, 27, 67, 24]],

[ 57, 25, 0,[ 9]],

[ 83, 95, 0,[ 67, 12, 42]],

[ 47, 45, 1,[ 56, 18, 94, 66]],

[ 67, 15, 1,[ 18, 49, 89, 83]],

[ 66, 65, 1,[ 31, 36, 0, 47, 23]],

[ 43, 55, 1,[ 97, 64, 98, 17, 99]],

[ 10, 5, 0,[ 80]],

[ 40, 15, 1,[ 26, 49, 68, 6, 13]],

[ 68, 75, 1,[ 40, 9, 44, 77, 4, 25]],

[ 98, 35, 0,[ 43]],

[ 16, 35, 0,[ 41]],

[ 12, 55, 1,[ 1, 92, 80, 84, 83]],

[ 95, 45, 0,[ 96, 93]],

[ 93, 35, 1,[ 26, 17, 95, 60]],

[ 7, 95, 1,[ 35, 75, 76, 34, 52, 31]],

[ 99, 45, 1,[ 2, 5, 62, 43, 74]],

[ 58, 35, 1,[ 76, 44, 79, 46, 53, 52]],

[ 78, 45, 0,[ 61, 90, 54, 92]],

[ 72, 65, 0,[ 51, 32, 18]],

[ 81, 45, 1,[ 96, 1, 37, 50, 90, 26, 20]],

[ 14, 55, 0,[ 8, 54, 30]],

[ 51, 65, 0,[ 71, 25, 72]],

[ 15, 15, 1,[ 9, 55, 27, 92, 37]],

[ 3, 45, 1,[ 59, 82, 2, 0]],

[ 23, 75, 0,[ 5, 29, 66]],

[ 39, 15, 0,[ 29]],

[ 38, 75, 0,[ 85, 6]],

[ 17, 75, 0,[ 29, 42, 93, 43]],

[ 84, 85, 1,[ 8, 33, 49, 12, 92]],

[ 45, 45, 0,[ 1, 50, 69]],

[ 2, 35, 1,[ 88, 99, 3, 89, 0, 79, 54, 53, 52]],

[ 21, 95, 0,[ 11, 88, 52]],

[ 49, 85, 1,[ 40, 28, 44, 84, 0, 67]],

[ 18, 5, 1,[ 47, 67, 72, 11]],

[ 0, 35, 1,[ 66, 49, 31, 13, 73, 3, 2, 65, 55, 24, 44]],

[ 50, 75, 1,[ 96, 76, 22, 45, 81]],

[ 35, 65, 1,[ 69, 7, 71, 33, 8]],

[ 44, 65, 1,[ 94, 4, 68, 58, 0, 49]],

[ 1, 65, 1,[ 32, 45, 81, 12]],

[ 22, 45, 0,[ 50, 71]],

[ 13, 15, 1,[ 55, 0, 20, 40]],

[ 80, 15, 1,[ 76, 12, 77, 89, 10]],

[ 37, 55, 0,[ 15, 5, 81]],

[ 5, 75, 1,[ 37, 99, 97, 23, 70]],

[ 77, 65, 1,[ 88, 80, 27, 46, 68]],

[ 70, 55, 0,[ 5, 24, 19]],

[ 41, 45, 0,[ 79, 6, 16]],

[ 59, 65, 0,[ 3, 86, 28]],

[ 73, 15, 0,[ 96, 0, 8]],

[ 24, 55, 0,[ 0, 70, 89]],

