[ 95, 55, 0,[ 96, 93]],

[ 55, 75, 1,[ 15, 28, 29, 13, 0]],

[ 73, 35, 0,[ 0, 96, 8]],

[ 20, 35, 1,[ 34, 13, 81, 65, 86]],

[ 71, 15, 0,[ 51, 35, 22]],

[ 90, 25, 0,[ 81, 78]],

[ 87, 95, 0,[ 11, 30, 8]],

[ 3, 65, 1,[ 0, 82, 2, 59]],

[ 68, 65, 1,[ 25, 9, 4, 77, 44, 40]],

[ 85, 65, 0,[ 38, 4]],

[ 1, 15, 1,[ 81, 45, 32, 12]],

[ 4, 25, 1,[ 34, 68, 85, 44, 36, 64]],

[ 98, 5, 0,[ 43]],

[ 65, 85, 1,[ 46, 53, 56, 0, 48, 20]],

[ 80, 55, 1,[ 77, 76, 12, 89, 10]],

[ 15, 85, 1,[ 9, 55, 92, 37, 27]],

[ 91, 45, 0,[ 52, 26]],

[ 89, 95, 1,[ 80, 2, 64, 24, 67, 27]],

[ 33, 15, 0,[ 35, 94, 84]],

[ 94, 35, 1,[ 33, 92, 44, 47]],

[ 99, 5, 1,[ 2, 62, 43, 74, 5]],

[ 59, 15, 0,[ 3, 28, 86]],

[ 25, 45, 0,[ 51, 68]],

[ 53, 45, 0,[ 65, 58, 2]],

[ 7, 5, 1,[ 76, 34, 35, 75, 31, 52]],

[ 74, 95, 0,[ 99]],

[ 44, 95, 1,[ 68, 0, 58, 49, 4, 94]],

[ 97, 55, 1,[ 79, 43, 11, 26, 5]],

[ 0, 85, 1,[ 2, 73, 3, 49, 55, 65, 31, 13, 24, 44, 66]],

[ 57, 65, 0,[ 9]],

[ 24, 95, 0,[ 0, 70, 89]],

[ 64, 55, 1,[ 63, 43, 9, 89, 4]],

[ 26, 85, 1,[ 81, 40, 97, 79, 93, 75, 91]],

[ 72, 35, 0,[ 32, 18, 51]],

[ 70, 25, 0,[ 5, 19, 24]],

[ 36, 65, 0,[ 66, 4, 28]],

[ 60, 55, 0,[ 62, 93, 9]],

[ 14, 25, 0,[ 54, 8, 30]],

[ 88, 55, 0,[ 21, 2, 77]],

[ 46, 85, 1,[ 58, 8, 65, 77]],

[ 54, 35, 1,[ 63, 6, 19, 78, 14, 2]],

[ 10, 45, 0,[ 80]],

[ 78, 45, 1,[ 92, 61, 54, 90]],

[ 27, 35, 1,[ 61, 77, 89, 15]],

[ 12, 15, 1,[ 84, 80, 1, 92, 83]],

[ 11, 95, 1,[ 87, 63, 97, 61, 18, 79, 21]],

[ 83, 65, 0,[ 67, 42, 12]],

[ 42, 35, 0,[ 83, 17]],

[ 28, 75, 0,[ 49, 55, 59, 36]],

[ 23, 35, 0,[ 5, 29, 66]],

[ 35, 15, 1,[ 33, 71, 7, 8, 69]],

[ 29, 75, 1,[ 61, 55, 39, 23, 17]],

[ 43, 35, 1,[ 99, 98, 64, 97, 17]],

[ 6, 65, 1,[ 38, 54, 62, 41, 40, 96]],

[ 48, 25, 0,[ 65]],

[ 86, 5, 0,[ 59, 20]],

[ 40, 95, 1,[ 68, 26, 6, 49, 13]],

[ 31, 5, 0,[ 7, 0, 66]],

[ 37, 65, 0,[ 15, 81, 5]],

[ 69, 95, 0,[ 45, 35]],

[ 96, 25, 1,[ 56, 50, 81, 73, 6, 95]],

[ 2, 55, 1,[ 79, 54, 88, 89, 52, 99, 53, 3, 0]],

[ 8, 95, 1,[ 35, 46, 87, 73, 84, 14]],

[ 62, 75, 1,[ 99, 82, 60, 6]],

[ 5, 65, 1,[ 70, 97, 23, 99, 37]],

[ 92, 95, 1,[ 94, 84, 12, 78, 15]],

[ 34, 15, 1,[ 4, 30, 20, 7, 82]],

[ 49, 75, 1,[ 84, 44, 67, 28, 40, 0]],

[ 81, 65, 1,[ 20, 26, 1, 90, 37, 50, 96]],

[ 39, 55, 0,[ 29]],

[ 61, 55, 0,[ 78, 27, 11, 29]],

[ 84, 15, 1,[ 33, 8, 92, 49, 12]],

[ 56, 45, 0,[ 65, 47, 96]],

[ 16, 85, 0,[ 41]],

[ 76, 95, 1,[ 58, 9, 50, 80, 7]],

[ 82, 5, 0,[ 3, 62, 34]],

[ 41, 85, 0,[ 6, 79, 16]],

[ 13, 65, 1,[ 40, 0, 55, 20]],

[ 19, 5, 0,[ 70, 54]],

[ 32, 15, 0,[ 72, 1, 75]],

[ 18, 85, 1,[ 47, 11, 67, 72]],

[ 47, 15, 1,[ 56, 66, 94, 18]],

[ 58, 5, 1,[ 53, 46, 44, 79, 52, 76]],

[ 67, 55, 0,[ 18, 49, 89, 83]],

[ 45, 5, 0,[ 1, 69, 50]],

[ 93, 55, 0,[ 95, 60, 17, 26]],

[ 52, 35, 1,[ 2, 58, 91, 7, 21]],

[ 30, 15, 0,[ 14, 34, 87]],

[ 38, 65, 0,[ 85, 6]],

[ 22, 25, 0,[ 71, 50]],

[ 50, 65, 1,[ 76, 96, 81, 22, 45]],

[ 66, 5, 1,[ 47, 31, 23, 0, 36]],

[ 79, 85, 1,[ 58, 26, 11, 97, 41, 2]],

[ 21, 35, 0,[ 52, 88, 11]],

[ 75, 15, 0,[ 26, 7, 32]],

[ 51, 5, 0,[ 71, 25, 72]],

[ 17, 35, 0,[ 43, 42, 29, 93]],

[ 77, 55, 1,[ 27, 46, 88, 68, 80]],

[ 63, 65, 0,[ 64, 54, 11]],

[ 9, 35, 1,[ 15, 64, 60, 57, 68, 76]],

