[ 57, 45, 0,[ 9]],

[ 67, 35, 0,[ 83, 49, 89, 18]],

[ 22, 65, 0,[ 71, 50]],

[ 60, 45, 0,[ 9, 62, 93]],

[ 47, 85, 0,[ 94, 66, 18, 56]],

[ 77, 55, 0,[ 68, 27, 46, 88, 80]],

[ 63, 85, 0,[ 54, 64, 11]],

[ 86, 75, 0,[ 20, 59]],

[ 49, 35, 0,[ 28, 0, 67, 84, 40, 44]],

[ 37, 65, 0,[ 15, 5, 81]],

[ 23, 15, 0,[ 29, 5, 66]],

[ 58, 45, 0,[ 46, 44, 79, 76, 53, 52]],

[ 91, 5, 0,[ 26, 52]],

[ 45, 65, 0,[ 69, 50, 1]],

[ 90, 65, 0,[ 78, 81]],

[ 65, 55, 0,[ 20, 56, 46, 48, 53, 0]],

[ 80, 55, 0,[ 76, 89, 12, 10, 77]],

[ 81, 65, 1,[ 90, 26, 1, 20, 37, 96, 50]],

[ 6, 35, 1,[ 54, 40, 96, 62, 41, 38]],

[ 26, 5, 1,[ 79, 97, 75, 40, 91, 93, 81]],

[ 85, 95, 0,[ 38, 4]],

[ 20, 55, 0,[ 65, 86, 34, 81, 13]],

[ 0, 75, 1,[ 55, 31, 3, 24, 65, 73, 2, 49, 13, 44, 66]],

[ 28, 75, 0,[ 36, 49, 59, 55]],

[ 46, 55, 0,[ 77, 58, 65, 8]],

[ 53, 55, 0,[ 58, 2, 65]],

[ 52, 15, 0,[ 2, 7, 91, 21, 58]],

[ 21, 15, 0,[ 88, 11, 52]],

[ 79, 5, 0,[ 2, 11, 58, 26, 97, 41]],

[ 43, 5, 0,[ 98, 99, 97, 17, 64]],

[ 36, 95, 0,[ 28, 66, 4]],

[ 64, 95, 0,[ 89, 9, 63, 43, 4]],

[ 8, 35, 0,[ 35, 84, 46, 73, 87, 14]],

[ 14, 65, 0,[ 30, 54, 8]],

[ 66, 75, 0,[ 0, 47, 31, 23, 36]],

[ 89, 95, 1,[ 80, 64, 27, 24, 2, 67]],

[ 40, 35, 0,[ 13, 49, 6, 68, 26]],

[ 9, 45, 0,[ 15, 57, 68, 60, 64, 76]],

[ 35, 45, 0,[ 7, 69, 8, 33, 71]],

[ 56, 65, 0,[ 65, 47, 96]],

[ 88, 15, 0,[ 21, 2, 77]],

[ 29, 15, 0,[ 23, 61, 55, 17, 39]],

[ 59, 75, 0,[ 86, 3, 28]],

[ 15, 45, 0,[ 37, 55, 92, 9, 27]],

[ 54, 65, 1,[ 14, 6, 78, 63, 2, 19]],

[ 1, 55, 0,[ 45, 32, 81, 12]],

[ 7, 75, 1,[ 35, 52, 76, 34, 31, 75]],

[ 25, 15, 0,[ 51, 68]],

[ 38, 35, 0,[ 85, 6]],

[ 30, 55, 0,[ 14, 34, 87]],

[ 48, 55, 0,[ 65]],

[ 70, 65, 0,[ 24, 19, 5]],

[ 50, 65, 0,[ 45, 22, 81, 76, 96]],

[ 83, 55, 0,[ 67, 42, 12]],

[ 5, 65, 0,[ 99, 70, 23, 97, 37]],

[ 84, 35, 0,[ 8, 33, 92, 12, 49]],

[ 27, 95, 0,[ 77, 15, 89, 61]],

[ 87, 85, 0,[ 8, 11, 30]],

[ 73, 75, 0,[ 8, 96, 0]],

[ 17, 5, 0,[ 43, 29, 42, 93]],

[ 39, 15, 0,[ 29]],

[ 51, 35, 0,[ 71, 25, 72]],

[ 33, 35, 0,[ 94, 35, 84]],

[ 71, 45, 0,[ 35, 51, 22]],

[ 95, 65, 0,[ 93, 96]],

[ 92, 85, 0,[ 94, 78, 15, 84, 12]],

[ 18, 85, 0,[ 47, 72, 11, 67]],

[ 4, 95, 0,[ 36, 68, 85, 44, 64, 34]],

[ 94, 85, 0,[ 47, 92, 44, 33]],

[ 62, 65, 0,[ 60, 82, 99, 6]],

[ 74, 65, 0,[ 99]],

[ 97, 5, 0,[ 26, 5, 11, 43, 79]],

[ 34, 55, 0,[ 82, 20, 30, 7, 4]],

[ 13, 75, 0,[ 40, 0, 55, 20]],

[ 41, 35, 0,[ 6, 79, 16]],

[ 55, 75, 0,[ 29, 13, 0, 28, 15]],

[ 72, 35, 0,[ 32, 51, 18]],

[ 61, 85, 0,[ 27, 11, 29, 78]],

[ 2, 15, 1,[ 89, 79, 88, 54, 52, 53, 3, 99, 0]],

[ 12, 55, 0,[ 1, 80, 83, 92, 84]],

[ 99, 65, 0,[ 62, 2, 43, 74, 5]],

[ 16, 35, 0,[ 41]],

[ 42, 55, 0,[ 17, 83]],

[ 32, 55, 0,[ 1, 72, 75]],

[ 76, 45, 0,[ 58, 50, 9, 7, 80]],

[ 98, 5, 0,[ 43]],

[ 19, 65, 0,[ 54, 70]],

[ 24, 75, 0,[ 0, 89, 70]],

[ 11, 85, 1,[ 79, 61, 21, 18, 63, 87, 97]],

[ 68, 15, 0,[ 4, 25, 9, 77, 44, 40]],

[ 3, 75, 0,[ 59, 2, 0, 82]],

[ 82, 75, 0,[ 3, 34, 62]],

[ 31, 75, 0,[ 0, 66, 7]],

[ 96, 65, 0,[ 81, 73, 56, 6, 95, 50]],

[ 10, 55, 0,[ 80]],

[ 69, 45, 0,[ 45, 35]],

[ 78, 85, 0,[ 90, 54, 92, 61]],

[ 75, 5, 0,[ 7, 26, 32]],

[ 44, 85, 1,[ 4, 58, 68, 49, 94, 0]],

[ 93, 5, 0,[ 17, 60, 26, 95]],

