[ 19, 5, 0,[ 54, 70]],

[ 44, 85, 0,[ 94, 58, 68, 0, 49, 4]],

[ 14, 85, 0,[ 30, 8, 54]],

[ 25, 85, 0,[ 68, 51]],

[ 79, 75, 1,[ 58, 41, 11, 2, 97, 26]],

[ 31, 85, 0,[ 0, 66, 7]],

[ 55, 85, 0,[ 28, 29, 0, 15, 13]],

[ 39, 85, 0,[ 29]],

[ 17, 85, 0,[ 42, 29, 93, 43]],

[ 2, 85, 1,[ 3, 0, 79, 54, 52, 53, 89, 88, 99]],

[ 90, 5, 0,[ 81, 78]],

[ 35, 85, 0,[ 7, 69, 71, 8, 33]],

[ 85, 85, 0,[ 4, 38]],

[ 12, 85, 0,[ 84, 83, 1, 80, 92]],

[ 49, 5, 1,[ 44, 0, 40, 84, 67, 28]],

[ 94, 85, 0,[ 44, 92, 33, 47]],

[ 67, 85, 0,[ 83, 18, 49, 89]],

[ 47, 85, 0,[ 18, 94, 66, 56]],

[ 7, 85, 0,[ 52, 35, 31, 76, 75, 34]],

[ 48, 85, 0,[ 65]],

[ 54, 5, 1,[ 6, 78, 14, 63, 2, 19]],

[ 68, 85, 0,[ 40, 25, 4, 9, 44, 77]],

[ 98, 85, 0,[ 43]],

[ 80, 85, 0,[ 10, 76, 77, 12, 89]],

[ 22, 85, 0,[ 50, 71]],

[ 43, 85, 0,[ 64, 97, 99, 17, 98]],

[ 60, 85, 0,[ 62, 93, 9]],

[ 89, 85, 0,[ 67, 24, 27, 64, 2, 80]],

[ 40, 85, 0,[ 26, 13, 6, 49, 68]],

[ 37, 85, 0,[ 5, 81, 15]],

[ 65, 85, 0,[ 53, 56, 46, 20, 0, 48]],

[ 11, 55, 1,[ 63, 61, 79, 97, 21, 18, 87]],

[ 87, 85, 0,[ 30, 11, 8]],

[ 1, 85, 0,[ 45, 81, 12, 32]],

[ 92, 85, 0,[ 12, 78, 15, 84, 94]],

[ 56, 85, 0,[ 96, 65, 47]],

[ 78, 85, 0,[ 90, 61, 54, 92]],

[ 28, 85, 0,[ 36, 59, 49, 55]],

[ 70, 85, 0,[ 19, 5, 24]],

[ 51, 85, 0,[ 71, 25, 72]],

[ 6, 85, 0,[ 62, 96, 40, 41, 54, 38]],

[ 26, 55, 1,[ 75, 79, 81, 97, 91, 40, 93]],

[ 41, 85, 0,[ 6, 79, 16]],

[ 4, 85, 0,[ 85, 68, 44, 36, 64, 34]],

[ 72, 85, 0,[ 18, 32, 51]],

[ 3, 85, 0,[ 82, 59, 0, 2]],

[ 24, 85, 0,[ 0, 89, 70]],

[ 95, 55, 0,[ 96, 93]],

[ 83, 85, 0,[ 67, 12, 42]],

[ 8, 85, 0,[ 73, 84, 14, 46, 35, 87]],

[ 91, 85, 0,[ 52, 26]],

[ 50, 85, 0,[ 22, 81, 45, 96, 76]],

[ 20, 85, 0,[ 34, 65, 81, 86, 13]],

[ 84, 85, 0,[ 8, 33, 92, 12, 49]],

[ 0, 25, 1,[ 2, 44, 24, 65, 31, 73, 55, 66, 13, 3, 49]],

[ 71, 85, 0,[ 35, 51, 22]],

[ 99, 85, 0,[ 62, 2, 74, 43, 5]],

[ 46, 85, 0,[ 77, 58, 65, 8]],

[ 9, 85, 1,[ 15, 76, 64, 57, 60, 68]],

[ 66, 85, 0,[ 47, 23, 36, 31, 0]],

[ 74, 85, 0,[ 99]],

[ 29, 85, 0,[ 61, 17, 23, 39, 55]],

[ 63, 85, 0,[ 64, 54, 11]],

[ 32, 85, 0,[ 1, 75, 72]],

[ 82, 85, 0,[ 34, 62, 3]],

[ 13, 85, 0,[ 40, 20, 55, 0]],

[ 15, 85, 0,[ 55, 9, 27, 37, 92]],

[ 81, 5, 1,[ 50, 96, 90, 37, 20, 26, 1]],

[ 38, 85, 0,[ 6, 85]],

[ 53, 85, 0,[ 58, 2, 65]],

[ 33, 85, 0,[ 84, 94, 35]],

[ 69, 85, 0,[ 45, 35]],

[ 23, 85, 0,[ 66, 29, 5]],

[ 59, 85, 0,[ 28, 3, 86]],

[ 61, 85, 0,[ 11, 27, 29, 78]],

[ 34, 85, 0,[ 20, 7, 30, 82, 4]],

[ 96, 55, 1,[ 95, 81, 73, 6, 50, 56]],

[ 27, 85, 0,[ 15, 89, 61, 77]],

[ 86, 85, 0,[ 59, 20]],

[ 62, 85, 0,[ 82, 6, 99, 60]],

[ 21, 85, 0,[ 52, 11, 88]],

[ 30, 85, 0,[ 14, 34, 87]],

[ 18, 85, 0,[ 11, 47, 67, 72]],

[ 16, 85, 0,[ 41]],

[ 58, 85, 0,[ 76, 53, 79, 52, 44, 46]],

[ 57, 85, 0,[ 9]],

[ 73, 25, 0,[ 0, 96, 8]],

[ 64, 85, 0,[ 43, 4, 63, 9, 89]],

[ 36, 85, 0,[ 28, 4, 66]],

[ 42, 85, 0,[ 83, 17]],

[ 93, 55, 0,[ 26, 17, 60, 95]],

[ 45, 85, 0,[ 50, 1, 69]],

[ 76, 85, 0,[ 50, 9, 80, 7, 58]],

[ 52, 85, 0,[ 91, 21, 2, 58, 7]],

[ 77, 85, 0,[ 68, 27, 80, 46, 88]],

[ 75, 85, 0,[ 7, 26, 32]],

[ 88, 85, 0,[ 77, 21, 2]],

[ 5, 85, 0,[ 99, 97, 70, 23, 37]],

[ 10, 85, 0,[ 80]],

[ 97, 55, 0,[ 43, 26, 11, 5, 79]],

