[ 74, 65, 0,[ 99]],

[ 42, 65, 0,[ 17, 83]],

[ 66, 85, 0,[ 0, 23, 47, 31, 36]],

[ 37, 65, 0,[ 81, 15, 5]],

[ 88, 15, 0,[ 2, 77, 21]],

[ 41, 85, 0,[ 79, 6, 16]],

[ 14, 85, 0,[ 8, 30, 54]],

[ 99, 65, 0,[ 62, 5, 2, 74, 43]],

[ 92, 65, 0,[ 12, 84, 94, 78, 15]],

[ 17, 65, 0,[ 29, 42, 93, 43]],

[ 35, 85, 0,[ 71, 69, 8, 7, 33]],

[ 59, 85, 0,[ 28, 3, 86]],

[ 13, 85, 0,[ 0, 20, 55, 40]],

[ 97, 65, 0,[ 11, 5, 43, 79, 26]],

[ 79, 65, 0,[ 97, 41, 11, 2, 26, 58]],

[ 8, 85, 0,[ 84, 46, 35, 73, 14, 87]],

[ 38, 85, 0,[ 6, 85]],

[ 82, 85, 0,[ 3, 34, 62]],

[ 9, 45, 1,[ 76, 68, 57, 60, 15, 64]],

[ 25, 45, 0,[ 68, 51]],

[ 69, 65, 0,[ 35, 45]],

[ 26, 95, 1,[ 97, 40, 91, 81, 75, 93, 79]],

[ 44, 85, 0,[ 0, 68, 4, 94, 58, 49]],

[ 60, 85, 0,[ 9, 93, 62]],

[ 70, 65, 0,[ 5, 24, 19]],

[ 71, 65, 0,[ 35, 51, 22]],

[ 30, 85, 0,[ 87, 34, 14]],

[ 28, 85, 0,[ 36, 49, 59, 55]],

[ 34, 85, 0,[ 82, 20, 7, 4, 30]],

[ 29, 65, 0,[ 61, 17, 39, 23, 55]],

[ 64, 65, 0,[ 9, 4, 63, 43, 89]],

[ 61, 65, 0,[ 29, 27, 11, 78]],

[ 77, 65, 0,[ 88, 80, 27, 46, 68]],

[ 55, 85, 0,[ 0, 28, 15, 29, 13]],

[ 52, 15, 0,[ 91, 58, 7, 2, 21]],

[ 62, 85, 0,[ 82, 60, 99, 6]],

[ 84, 85, 0,[ 49, 92, 8, 12, 33]],

[ 85, 85, 0,[ 4, 38]],

[ 24, 65, 0,[ 0, 70, 89]],

[ 87, 85, 0,[ 8, 11, 30]],

[ 15, 65, 0,[ 9, 27, 92, 37, 55]],

[ 90, 65, 0,[ 78, 81]],

[ 83, 65, 0,[ 12, 42, 67]],

[ 16, 85, 0,[ 41]],

[ 6, 85, 0,[ 54, 41, 96, 40, 38, 62]],

[ 67, 65, 0,[ 18, 83, 49, 89]],

[ 23, 65, 0,[ 5, 29, 66]],

[ 0, 85, 1,[ 66, 2, 65, 44, 31, 24, 55, 49, 13, 73, 3]],

[ 33, 85, 0,[ 94, 84, 35]],

[ 49, 85, 0,[ 40, 84, 28, 0, 44, 67]],

[ 89, 65, 0,[ 27, 80, 24, 67, 64, 2]],

[ 7, 85, 0,[ 34, 52, 31, 35, 75, 76]],

[ 45, 65, 0,[ 1, 50, 69]],

[ 53, 25, 0,[ 2, 65, 58]],

[ 43, 65, 0,[ 99, 98, 64, 97, 17]],

[ 54, 25, 1,[ 14, 78, 19, 63, 6, 2]],

[ 36, 85, 0,[ 28, 4, 66]],

[ 50, 65, 0,[ 76, 96, 81, 22, 45]],

[ 96, 15, 1,[ 73, 6, 50, 81, 95, 56]],

[ 73, 85, 0,[ 0, 96, 8]],

[ 21, 15, 0,[ 88, 11, 52]],

[ 12, 65, 0,[ 80, 83, 84, 1, 92]],

[ 75, 85, 0,[ 7, 32, 26]],

[ 94, 85, 0,[ 92, 47, 33, 44]],

[ 20, 85, 0,[ 81, 86, 13, 65, 34]],

[ 40, 85, 0,[ 26, 6, 68, 49, 13]],

[ 18, 65, 0,[ 67, 72, 11, 47]],

[ 93, 95, 0,[ 95, 60, 17, 26]],

[ 68, 45, 1,[ 44, 4, 40, 9, 77, 25]],

[ 2, 15, 1,[ 79, 54, 3, 89, 0, 52, 99, 88, 53]],

[ 4, 85, 0,[ 34, 36, 85, 64, 68, 44]],

[ 10, 65, 0,[ 80]],

[ 58, 65, 0,[ 53, 46, 76, 52, 44, 79]],

[ 19, 65, 0,[ 54, 70]],

[ 48, 25, 0,[ 65]],

[ 27, 65, 0,[ 61, 89, 15, 77]],

[ 78, 65, 0,[ 54, 90, 61, 92]],

[ 22, 65, 0,[ 71, 50]],

[ 98, 65, 0,[ 43]],

[ 65, 25, 1,[ 46, 20, 53, 56, 48, 0]],

[ 76, 65, 0,[ 7, 9, 50, 58, 80]],

[ 47, 85, 0,[ 56, 18, 94, 66]],

[ 72, 65, 0,[ 51, 32, 18]],

[ 86, 85, 0,[ 20, 59]],

[ 63, 65, 0,[ 11, 54, 64]],

[ 31, 85, 0,[ 7, 0, 66]],

[ 91, 95, 0,[ 52, 26]],

[ 57, 45, 0,[ 9]],

[ 80, 65, 0,[ 89, 10, 12, 76, 77]],

[ 81, 65, 1,[ 37, 26, 90, 96, 50, 20, 1]],

[ 1, 65, 0,[ 45, 32, 81, 12]],

[ 39, 65, 0,[ 29]],

[ 11, 65, 1,[ 79, 97, 61, 18, 21, 87, 63]],

[ 95, 15, 0,[ 96, 93]],

[ 51, 65, 0,[ 71, 72, 25]],

[ 5, 65, 0,[ 99, 97, 23, 70, 37]],

[ 56, 25, 0,[ 65, 96, 47]],

[ 3, 85, 0,[ 2, 59, 0, 82]],

[ 46, 65, 0,[ 65, 58, 8, 77]],

[ 32, 65, 0,[ 1, 72, 75]],

