[ 27, 15, 0,[ 89, 61, 77, 15]],

[ 88, 15, 0,[ 2, 77, 21]],

[ 64, 15, 0,[ 4, 89, 9, 63, 43]],

[ 82, 15, 0,[ 34, 62, 3]],

[ 50, 15, 0,[ 76, 96, 81, 22, 45]],

[ 19, 95, 1,[ 70, 54]],

[ 76, 15, 0,[ 58, 7, 50, 9, 80]],

[ 75, 15, 0,[ 7, 32, 26]],

[ 15, 15, 0,[ 37, 55, 92, 9, 27]],

[ 60, 15, 0,[ 93, 9, 62]],

[ 5, 15, 0,[ 37, 70, 97, 99, 23]],

[ 83, 15, 0,[ 42, 67, 12]],

[ 10, 15, 0,[ 80]],

[ 95, 15, 0,[ 93, 96]],

[ 29, 15, 0,[ 61, 23, 39, 17, 55]],

[ 32, 15, 0,[ 1, 75, 72]],

[ 34, 15, 0,[ 4, 82, 20, 7, 30]],

[ 87, 15, 0,[ 30, 11, 8]],

[ 37, 15, 0,[ 15, 81, 5]],

[ 18, 15, 0,[ 67, 72, 47, 11]],

[ 35, 15, 0,[ 33, 7, 69, 8, 71]],

[ 85, 15, 0,[ 38, 4]],

[ 22, 15, 0,[ 50, 71]],

[ 26, 15, 0,[ 40, 93, 79, 97, 75, 91, 81]],

[ 96, 15, 0,[ 81, 56, 73, 6, 95, 50]],

[ 98, 65, 1,[ 43]],

[ 13, 15, 0,[ 55, 40, 0, 20]],

[ 81, 15, 0,[ 90, 20, 1, 26, 96, 37, 50]],

[ 99, 15, 0,[ 74, 43, 2, 62, 5]],

[ 1, 15, 0,[ 81, 32, 12, 45]],

[ 58, 15, 0,[ 46, 52, 44, 53, 76, 79]],

[ 68, 15, 0,[ 40, 44, 25, 4, 77, 9]],

[ 66, 15, 0,[ 0, 31, 36, 23, 47]],

[ 9, 15, 0,[ 76, 15, 64, 68, 60, 57]],

[ 63, 15, 0,[ 11, 54, 64]],

[ 25, 15, 0,[ 51, 68]],

[ 97, 15, 0,[ 43, 11, 5, 79, 26]],

[ 28, 15, 0,[ 55, 36, 49, 59]],

[ 67, 15, 0,[ 89, 18, 83, 49]],

[ 48, 85, 1,[ 65]],

[ 74, 95, 1,[ 99]],

[ 33, 15, 0,[ 94, 35, 84]],

[ 89, 15, 0,[ 64, 67, 24, 80, 27, 2]],

[ 12, 15, 0,[ 84, 1, 83, 92, 80]],

[ 44, 15, 0,[ 58, 49, 94, 0, 68, 4]],

[ 71, 15, 0,[ 22, 35, 51]],

[ 92, 15, 0,[ 94, 12, 84, 78, 15]],

[ 45, 15, 0,[ 69, 50, 1]],

[ 57, 95, 1,[ 9]],

[ 8, 15, 0,[ 84, 46, 73, 35, 87, 14]],

[ 79, 15, 0,[ 58, 26, 11, 2, 97, 41]],

[ 42, 15, 0,[ 83, 17]],

[ 16, 15, 1,[ 41]],

[ 80, 15, 0,[ 12, 76, 10, 89, 77]],

[ 93, 15, 0,[ 17, 95, 60, 26]],

[ 56, 15, 0,[ 65, 47, 96]],

[ 73, 15, 0,[ 8, 0, 96]],

[ 4, 15, 0,[ 36, 64, 34, 85, 44, 68]],

[ 2, 15, 0,[ 3, 52, 54, 99, 53, 88, 89, 0, 79]],

[ 62, 15, 0,[ 60, 99, 82, 6]],

[ 41, 15, 0,[ 79, 6, 16]],

[ 69, 45, 1,[ 35, 45]],

[ 55, 15, 0,[ 28, 29, 15, 13, 0]],

[ 52, 15, 0,[ 2, 91, 58, 21, 7]],

[ 0, 15, 0,[ 66, 31, 24, 55, 13, 73, 3, 49, 65, 2, 44]],

[ 24, 15, 0,[ 89, 0, 70]],

[ 7, 15, 0,[ 76, 75, 52, 31, 35, 34]],

[ 70, 15, 0,[ 19, 24, 5]],

[ 47, 15, 0,[ 56, 18, 94, 66]],

[ 54, 15, 0,[ 14, 19, 2, 63, 78, 6]],

[ 51, 15, 0,[ 25, 71, 72]],

[ 65, 15, 0,[ 0, 48, 56, 53, 20, 46]],

[ 40, 15, 0,[ 26, 49, 68, 13, 6]],

[ 86, 75, 1,[ 59, 20]],

[ 78, 15, 0,[ 54, 90, 92, 61]],

[ 72, 15, 0,[ 51, 32, 18]],

[ 20, 15, 0,[ 86, 13, 34, 65, 81]],

[ 21, 15, 0,[ 11, 52, 88]],

[ 6, 15, 0,[ 41, 38, 62, 54, 96, 40]],

[ 61, 15, 0,[ 27, 78, 29, 11]],

[ 77, 15, 0,[ 88, 46, 27, 80, 68]],

[ 23, 15, 0,[ 66, 29, 5]],

[ 11, 15, 0,[ 87, 97, 21, 63, 18, 61, 79]],

[ 90, 15, 0,[ 78, 81]],

[ 17, 15, 0,[ 43, 93, 42, 29]],

[ 31, 15, 0,[ 66, 7, 0]],

[ 43, 15, 0,[ 17, 99, 97, 64, 98]],

[ 91, 75, 1,[ 52, 26]],

[ 53, 15, 0,[ 2, 65, 58]],

[ 46, 15, 0,[ 65, 77, 8, 58]],

[ 14, 15, 0,[ 54, 8, 30]],

[ 36, 15, 0,[ 66, 4, 28]],

[ 39, 75, 1,[ 29]],

[ 38, 15, 0,[ 85, 6]],

[ 59, 15, 0,[ 86, 28, 3]],

[ 3, 15, 0,[ 59, 0, 2, 82]],

[ 84, 15, 0,[ 8, 12, 49, 92, 33]],

[ 49, 15, 0,[ 44, 84, 28, 40, 67, 0]],

[ 30, 15, 0,[ 87, 14, 34]],

[ 94, 15, 0,[ 44, 33, 47, 92]],

