[ 54, 45, 0,[ 6, 63, 19, 78, 2, 14]],

[ 12, 45, 0,[ 92, 1, 84, 83, 80]],

[ 57, 5, 0,[ 9]],

[ 56, 45, 0,[ 96, 47, 65]],

[ 61, 45, 0,[ 27, 11, 29, 78]],

[ 94, 45, 0,[ 47, 33, 92, 44]],

[ 53, 45, 0,[ 2, 65, 58]],

[ 70, 15, 0,[ 24, 5, 19]],

[ 27, 45, 0,[ 61, 77, 89, 15]],

[ 9, 45, 0,[ 15, 60, 68, 64, 76, 57]],

[ 91, 15, 0,[ 52, 26]],

[ 25, 15, 0,[ 51, 68]],

[ 65, 45, 1,[ 0, 20, 56, 46, 53, 48]],

[ 1, 45, 0,[ 12, 32, 81, 45]],

[ 44, 35, 0,[ 49, 68, 0, 4, 58, 94]],

[ 14, 45, 0,[ 8, 54, 30]],

[ 17, 45, 0,[ 42, 93, 43, 29]],

[ 33, 45, 0,[ 84, 94, 35]],

[ 99, 15, 0,[ 62, 2, 5, 74, 43]],

[ 41, 45, 0,[ 16, 6, 79]],

[ 11, 45, 1,[ 63, 21, 87, 18, 97, 61, 79]],

[ 3, 95, 0,[ 59, 2, 82, 0]],

[ 77, 45, 0,[ 27, 68, 88, 80, 46]],

[ 16, 25, 0,[ 41]],

[ 59, 65, 0,[ 28, 3, 86]],

[ 26, 95, 1,[ 93, 75, 40, 81, 79, 97, 91]],

[ 76, 45, 0,[ 58, 80, 7, 50, 9]],

[ 83, 45, 0,[ 67, 42, 12]],

[ 84, 45, 0,[ 33, 49, 92, 8, 12]],

[ 40, 45, 0,[ 6, 49, 26, 13, 68]],

[ 85, 85, 0,[ 38, 4]],

[ 69, 45, 0,[ 45, 35]],

[ 64, 45, 0,[ 9, 4, 43, 63, 89]],

[ 86, 25, 0,[ 59, 20]],

[ 89, 45, 1,[ 24, 80, 67, 64, 2, 27]],

[ 74, 15, 0,[ 99]],

[ 35, 45, 0,[ 69, 71, 8, 7, 33]],

[ 68, 45, 0,[ 4, 44, 25, 40, 9, 77]],

[ 78, 45, 0,[ 54, 90, 61, 92]],

[ 88, 45, 0,[ 2, 21, 77]],

[ 87, 45, 0,[ 8, 30, 11]],

[ 55, 45, 0,[ 15, 0, 13, 29, 28]],

[ 58, 45, 1,[ 79, 44, 52, 76, 46, 53]],

[ 73, 45, 0,[ 0, 8, 96]],

[ 75, 45, 0,[ 26, 32, 7]],

[ 29, 45, 0,[ 17, 23, 61, 55, 39]],

[ 60, 95, 0,[ 93, 62, 9]],

[ 62, 65, 0,[ 6, 82, 60, 99]],

[ 36, 35, 0,[ 28, 4, 66]],

[ 51, 15, 0,[ 71, 25, 72]],

[ 34, 45, 0,[ 4, 82, 20, 30, 7]],

[ 7, 45, 0,[ 34, 75, 76, 31, 52, 35]],

[ 8, 45, 0,[ 35, 73, 14, 84, 46, 87]],

[ 52, 45, 0,[ 91, 58, 7, 21, 2]],

[ 31, 35, 0,[ 66, 7, 0]],

[ 37, 85, 0,[ 81, 5, 15]],

[ 43, 45, 0,[ 97, 99, 64, 17, 98]],

[ 6, 45, 0,[ 96, 41, 40, 54, 62, 38]],

[ 63, 45, 0,[ 54, 11, 64]],

[ 92, 45, 0,[ 15, 78, 12, 94, 84]],

[ 19, 5, 0,[ 54, 70]],

[ 0, 35, 1,[ 66, 2, 55, 3, 73, 49, 65, 13, 31, 24, 44]],

[ 24, 65, 0,[ 70, 89, 0]],

[ 45, 45, 0,[ 69, 50, 1]],

[ 49, 35, 0,[ 67, 84, 40, 44, 0, 28]],

[ 32, 45, 0,[ 72, 1, 75]],

[ 72, 45, 0,[ 32, 18, 51]],

[ 13, 45, 0,[ 20, 55, 0, 40]],

[ 46, 45, 0,[ 77, 58, 65, 8]],

[ 47, 45, 0,[ 56, 18, 66, 94]],

[ 22, 85, 0,[ 50, 71]],

[ 48, 55, 0,[ 65]],

[ 5, 15, 0,[ 97, 70, 99, 37, 23]],

[ 4, 35, 1,[ 85, 68, 34, 64, 36, 44]],

[ 66, 35, 0,[ 47, 36, 31, 0, 23]],

[ 95, 75, 0,[ 93, 96]],

[ 39, 5, 0,[ 29]],

[ 23, 55, 0,[ 29, 66, 5]],

[ 90, 45, 0,[ 81, 78]],

[ 42, 45, 0,[ 17, 83]],

[ 2, 75, 1,[ 99, 88, 89, 52, 54, 0, 3, 53, 79]],

[ 79, 45, 0,[ 11, 97, 58, 26, 2, 41]],

[ 97, 45, 0,[ 79, 11, 26, 5, 43]],

[ 30, 45, 0,[ 34, 14, 87]],

[ 38, 25, 0,[ 85, 6]],

[ 80, 45, 0,[ 76, 10, 12, 77, 89]],

[ 18, 45, 0,[ 47, 72, 67, 11]],

[ 21, 45, 0,[ 52, 11, 88]],

[ 28, 45, 0,[ 49, 36, 59, 55]],

[ 81, 85, 1,[ 37, 50, 96, 1, 26, 90, 20]],

[ 67, 45, 0,[ 83, 49, 18, 89]],

[ 93, 95, 0,[ 60, 95, 26, 17]],

[ 50, 45, 0,[ 81, 76, 22, 45, 96]],

[ 96, 45, 1,[ 56, 95, 73, 50, 81, 6]],

[ 71, 85, 0,[ 22, 51, 35]],

[ 10, 55, 0,[ 80]],

[ 98, 45, 0,[ 43]],

[ 20, 45, 0,[ 81, 13, 34, 86, 65]],

[ 15, 45, 0,[ 9, 27, 37, 55, 92]],

[ 82, 85, 0,[ 62, 34, 3]],

