[ 43, 5, 0,[ 99, 64, 98, 97, 17]],

[ 0, 5, 0,[ 44, 24, 55, 3, 66, 2, 31, 13, 49, 65, 73]],

[ 15, 5, 0,[ 92, 37, 27, 9, 55]],

[ 13, 5, 0,[ 0, 40, 20, 55]],

[ 4, 5, 0,[ 44, 36, 85, 68, 34, 64]],

[ 47, 5, 0,[ 94, 66, 56, 18]],

[ 66, 5, 0,[ 31, 0, 23, 36, 47]],

[ 67, 5, 0,[ 49, 18, 83, 89]],

[ 86, 5, 0,[ 20, 59]],

[ 73, 5, 0,[ 8, 96, 0]],

[ 7, 5, 0,[ 75, 31, 76, 35, 52, 34]],

[ 33, 5, 0,[ 35, 94, 84]],

[ 89, 5, 0,[ 80, 67, 2, 27, 64, 24]],

[ 53, 5, 0,[ 58, 65, 2]],

[ 40, 5, 0,[ 49, 6, 13, 68, 26]],

[ 70, 5, 0,[ 24, 5, 19]],

[ 11, 5, 0,[ 79, 63, 61, 21, 87, 97, 18]],

[ 91, 5, 0,[ 52, 26]],

[ 39, 65, 0,[ 29]],

[ 45, 5, 0,[ 1, 50, 69]],

[ 74, 75, 1,[ 99]],

[ 32, 5, 0,[ 1, 72, 75]],

[ 35, 5, 0,[ 8, 33, 69, 71, 7]],

[ 90, 65, 1,[ 78, 81]],

[ 16, 95, 1,[ 41]],

[ 88, 5, 0,[ 77, 2, 21]],

[ 22, 5, 0,[ 50, 71]],

[ 51, 5, 0,[ 25, 71, 72]],

[ 34, 5, 0,[ 7, 4, 82, 30, 20]],

[ 24, 5, 0,[ 0, 89, 70]],

[ 44, 5, 0,[ 68, 58, 4, 0, 94, 49]],

[ 31, 5, 0,[ 0, 66, 7]],

[ 49, 5, 0,[ 84, 44, 67, 0, 28, 40]],

[ 20, 5, 0,[ 34, 81, 13, 86, 65]],

[ 55, 5, 0,[ 28, 13, 15, 0, 29]],

[ 29, 5, 0,[ 39, 61, 23, 17, 55]],

[ 77, 5, 0,[ 88, 46, 80, 27, 68]],

[ 23, 5, 0,[ 5, 29, 66]],

[ 14, 5, 0,[ 30, 54, 8]],

[ 92, 5, 0,[ 15, 94, 78, 12, 84]],

[ 93, 5, 0,[ 17, 60, 26, 95]],

[ 36, 5, 0,[ 66, 4, 28]],

[ 38, 35, 0,[ 85, 6]],

[ 10, 75, 1,[ 80]],

[ 3, 5, 0,[ 59, 2, 82, 0]],

[ 81, 5, 0,[ 37, 20, 96, 90, 1, 50, 26]],

[ 95, 5, 0,[ 93, 96]],

[ 64, 5, 0,[ 9, 43, 89, 4, 63]],

[ 82, 5, 0,[ 62, 34, 3]],

[ 59, 5, 0,[ 28, 86, 3]],

[ 48, 35, 1,[ 65]],

[ 71, 5, 0,[ 51, 22, 35]],

[ 80, 5, 0,[ 77, 76, 12, 89, 10]],

[ 83, 5, 0,[ 42, 67, 12]],

[ 84, 5, 0,[ 33, 12, 8, 92, 49]],

[ 72, 5, 0,[ 18, 32, 51]],

[ 12, 5, 0,[ 84, 1, 80, 92, 83]],

[ 94, 5, 0,[ 44, 33, 92, 47]],

[ 30, 5, 0,[ 34, 14, 87]],

[ 98, 75, 1,[ 43]],

[ 62, 5, 0,[ 6, 99, 60, 82]],

[ 54, 5, 0,[ 6, 19, 14, 78, 63, 2]],

[ 58, 5, 0,[ 52, 53, 44, 76, 46, 79]],

[ 76, 5, 0,[ 7, 58, 80, 9, 50]],

[ 50, 5, 0,[ 45, 22, 96, 76, 81]],

[ 8, 5, 0,[ 46, 14, 84, 35, 73, 87]],

[ 17, 5, 0,[ 43, 29, 93, 42]],

[ 9, 5, 0,[ 15, 60, 76, 57, 64, 68]],

[ 63, 5, 0,[ 64, 54, 11]],

[ 78, 5, 0,[ 90, 92, 54, 61]],

[ 6, 5, 0,[ 62, 38, 96, 40, 54, 41]],

[ 28, 5, 0,[ 49, 55, 59, 36]],

[ 41, 5, 0,[ 6, 79, 16]],

[ 85, 35, 1,[ 4, 38]],

[ 18, 5, 0,[ 72, 67, 47, 11]],

[ 57, 55, 1,[ 9]],

[ 87, 5, 0,[ 8, 30, 11]],

[ 27, 5, 0,[ 61, 89, 77, 15]],

[ 68, 5, 0,[ 4, 77, 40, 44, 9, 25]],

[ 21, 5, 0,[ 52, 88, 11]],

[ 26, 5, 0,[ 93, 91, 75, 79, 40, 81, 97]],

[ 19, 65, 1,[ 54, 70]],

[ 25, 5, 0,[ 51, 68]],

[ 37, 5, 0,[ 15, 81, 5]],

[ 96, 5, 0,[ 95, 81, 6, 50, 56, 73]],

[ 75, 5, 0,[ 32, 7, 26]],

[ 69, 55, 1,[ 45, 35]],

[ 60, 5, 0,[ 9, 62, 93]],

[ 42, 5, 0,[ 83, 17]],

[ 99, 5, 0,[ 2, 5, 43, 62, 74]],

[ 46, 5, 0,[ 8, 65, 58, 77]],

[ 79, 5, 0,[ 2, 11, 97, 58, 41, 26]],

[ 61, 5, 0,[ 11, 78, 29, 27]],

[ 5, 5, 0,[ 23, 70, 37, 97, 99]],

[ 52, 5, 0,[ 7, 91, 58, 2, 21]],

[ 1, 5, 0,[ 12, 81, 32, 45]],

[ 56, 5, 0,[ 65, 96, 47]],

[ 2, 5, 0,[ 54, 88, 99, 89, 53, 79, 3, 52, 0]],

[ 65, 5, 0,[ 0, 53, 56, 46, 20, 48]],

[ 97, 5, 0,[ 79, 43, 11, 26, 5]],

