[ 51, 55, 0,[ 71, 72, 25]],

[ 77, 45, 1,[ 68, 27, 88, 80, 46]],

[ 70, 75, 0,[ 24, 5, 19]],

[ 41, 15, 0,[ 79, 6, 16]],

[ 88, 75, 0,[ 77, 2, 21]],

[ 18, 55, 1,[ 72, 67, 11, 47]],

[ 79, 35, 1,[ 2, 26, 41, 11, 58, 97]],

[ 40, 35, 1,[ 26, 6, 68, 49, 13]],

[ 89, 65, 1,[ 67, 27, 2, 64, 24, 80]],

[ 82, 65, 0,[ 62, 34, 3]],

[ 72, 55, 0,[ 18, 51, 32]],

[ 78, 65, 1,[ 90, 92, 61, 54]],

[ 29, 95, 1,[ 39, 61, 55, 17, 23]],

[ 32, 55, 0,[ 1, 72, 75]],

[ 20, 95, 1,[ 13, 86, 34, 65, 81]],

[ 55, 35, 1,[ 28, 0, 15, 29, 13]],

[ 43, 45, 1,[ 97, 99, 98, 17, 64]],

[ 60, 45, 0,[ 62, 9, 93]],

[ 52, 35, 1,[ 21, 58, 2, 7, 91]],

[ 37, 85, 0,[ 81, 5, 15]],

[ 30, 85, 0,[ 34, 87, 14]],

[ 33, 25, 0,[ 94, 84, 35]],

[ 44, 85, 1,[ 49, 4, 58, 68, 0, 94]],

[ 69, 45, 0,[ 45, 35]],

[ 3, 5, 1,[ 59, 82, 0, 2]],

[ 26, 75, 1,[ 81, 79, 97, 91, 40, 75, 93]],

[ 11, 95, 1,[ 63, 87, 61, 79, 97, 18, 21]],

[ 23, 95, 0,[ 5, 29, 66]],

[ 0, 85, 1,[ 66, 73, 49, 3, 24, 44, 31, 55, 13, 2, 65]],

[ 63, 5, 0,[ 11, 64, 54]],

[ 50, 95, 1,[ 81, 22, 76, 45, 96]],

[ 49, 95, 1,[ 84, 67, 28, 0, 40, 44]],

[ 5, 75, 1,[ 23, 37, 70, 99, 97]],

[ 6, 75, 1,[ 40, 54, 38, 62, 41, 96]],

[ 75, 75, 0,[ 26, 7, 32]],

[ 68, 65, 1,[ 9, 4, 44, 40, 25, 77]],

[ 12, 35, 1,[ 92, 83, 84, 1, 80]],

[ 61, 95, 0,[ 27, 11, 29, 78]],

[ 65, 95, 1,[ 46, 48, 20, 56, 53, 0]],

[ 35, 25, 1,[ 33, 69, 7, 71, 8]],

[ 54, 45, 1,[ 14, 78, 2, 63, 6, 19]],

[ 64, 85, 1,[ 9, 43, 89, 63, 4]],

[ 76, 95, 1,[ 58, 7, 9, 80, 50]],

[ 56, 55, 0,[ 47, 96, 65]],

[ 96, 15, 1,[ 73, 81, 50, 6, 56, 95]],

[ 36, 75, 0,[ 66, 28, 4]],

[ 67, 45, 0,[ 83, 18, 49, 89]],

[ 90, 55, 0,[ 81, 78]],

[ 16, 55, 0,[ 41]],

[ 2, 85, 1,[ 88, 52, 53, 54, 79, 99, 0, 3, 89]],

[ 19, 95, 0,[ 70, 54]],

[ 92, 15, 1,[ 94, 78, 12, 15, 84]],

[ 45, 95, 0,[ 50, 69, 1]],

[ 8, 15, 1,[ 14, 46, 87, 73, 84, 35]],

[ 58, 45, 1,[ 46, 79, 53, 44, 76, 52]],

[ 10, 15, 0,[ 80]],

[ 91, 25, 0,[ 26, 52]],

[ 84, 55, 1,[ 92, 12, 33, 8, 49]],

[ 15, 55, 1,[ 55, 27, 92, 37, 9]],

[ 87, 45, 0,[ 8, 11, 30]],

[ 57, 5, 0,[ 9]],

[ 4, 15, 1,[ 68, 36, 64, 85, 44, 34]],

[ 47, 75, 1,[ 66, 94, 56, 18]],

[ 81, 35, 1,[ 26, 20, 96, 1, 37, 50, 90]],

[ 1, 55, 1,[ 45, 81, 12, 32]],

[ 13, 55, 1,[ 40, 55, 0, 20]],

[ 99, 35, 1,[ 2, 43, 74, 62, 5]],

[ 48, 65, 0,[ 65]],

[ 9, 65, 1,[ 60, 15, 64, 76, 68, 57]],

[ 62, 55, 0,[ 6, 60, 99, 82]],

[ 98, 55, 0,[ 43]],

[ 38, 5, 0,[ 85, 6]],

[ 85, 25, 0,[ 38, 4]],

[ 74, 5, 0,[ 99]],

[ 94, 25, 1,[ 47, 44, 92, 33]],

[ 27, 25, 1,[ 89, 77, 15, 61]],

[ 17, 95, 1,[ 42, 93, 29, 43]],

[ 7, 85, 1,[ 35, 75, 31, 34, 76, 52]],

[ 66, 95, 1,[ 23, 0, 47, 36, 31]],

[ 97, 85, 1,[ 79, 5, 11, 26, 43]],

[ 28, 65, 1,[ 36, 59, 55, 49]],

[ 80, 15, 1,[ 89, 77, 12, 10, 76]],

[ 24, 15, 0,[ 0, 70, 89]],

[ 42, 45, 0,[ 83, 17]],

[ 31, 85, 0,[ 66, 7, 0]],

[ 73, 15, 0,[ 8, 96, 0]],

[ 21, 55, 0,[ 52, 88, 11]],

[ 59, 65, 0,[ 86, 3, 28]],

[ 71, 25, 0,[ 35, 51, 22]],

[ 83, 45, 0,[ 67, 12, 42]],

[ 34, 65, 1,[ 82, 30, 4, 7, 20]],

[ 25, 5, 0,[ 51, 68]],

[ 95, 15, 0,[ 96, 93]],

[ 39, 85, 0,[ 29]],

[ 14, 5, 0,[ 30, 8, 54]],

[ 86, 65, 0,[ 59, 20]],

[ 53, 95, 0,[ 58, 65, 2]],

[ 22, 25, 0,[ 71, 50]],

[ 93, 95, 0,[ 26, 17, 95, 60]],

[ 46, 45, 0,[ 58, 8, 77, 65]],

