[ 92, 65, 0,[ 78, 12, 84, 15, 94]],

[ 60, 65, 0,[ 9, 62, 93]],

[ 79, 5, 1,[ 58, 41, 26, 11, 97, 2]],

[ 19, 75, 0,[ 70, 54]],

[ 95, 35, 0,[ 96, 93]],

[ 34, 85, 0,[ 20, 30, 82, 4, 7]],

[ 3, 75, 0,[ 0, 59, 2, 82]],

[ 85, 55, 0,[ 38, 4]],

[ 2, 75, 1,[ 99, 79, 0, 52, 89, 88, 53, 3, 54]],

[ 29, 95, 0,[ 23, 55, 61, 39, 17]],

[ 49, 85, 0,[ 84, 28, 40, 44, 67, 0]],

[ 86, 85, 0,[ 20, 59]],

[ 47, 65, 0,[ 94, 56, 66, 18]],

[ 0, 55, 1,[ 65, 44, 13, 31, 73, 49, 55, 66, 24, 3, 2]],

[ 58, 5, 0,[ 76, 52, 79, 53, 46, 44]],

[ 52, 5, 0,[ 7, 58, 21, 91, 2]],

[ 82, 75, 0,[ 34, 3, 62]],

[ 99, 75, 0,[ 2, 43, 62, 74, 5]],

[ 22, 15, 0,[ 50, 71]],

[ 37, 25, 0,[ 5, 15, 81]],

[ 88, 5, 0,[ 2, 21, 77]],

[ 4, 45, 0,[ 44, 68, 34, 85, 36, 64]],

[ 76, 15, 0,[ 50, 58, 9, 80, 7]],

[ 68, 75, 0,[ 77, 44, 40, 25, 9, 4]],

[ 61, 95, 0,[ 29, 78, 27, 11]],

[ 1, 25, 0,[ 12, 32, 45, 81]],

[ 24, 75, 0,[ 0, 70, 89]],

[ 14, 5, 0,[ 8, 30, 54]],

[ 9, 15, 1,[ 76, 57, 68, 15, 60, 64]],

[ 94, 65, 0,[ 44, 92, 47, 33]],

[ 21, 5, 0,[ 52, 11, 88]],

[ 36, 45, 0,[ 4, 66, 28]],

[ 45, 25, 0,[ 50, 1, 69]],

[ 90, 25, 0,[ 78, 81]],

[ 98, 45, 0,[ 43]],

[ 7, 15, 0,[ 35, 52, 76, 75, 34, 31]],

[ 10, 15, 0,[ 80]],

[ 25, 75, 0,[ 68, 51]],

[ 5, 75, 0,[ 37, 23, 97, 70, 99]],

[ 44, 35, 0,[ 58, 68, 94, 49, 0, 4]],

[ 80, 15, 0,[ 76, 10, 12, 77, 89]],

[ 59, 85, 0,[ 86, 28, 3]],

[ 62, 75, 0,[ 6, 82, 60, 99]],

[ 77, 5, 0,[ 88, 80, 68, 46, 27]],

[ 72, 25, 0,[ 18, 51, 32]],

[ 56, 65, 0,[ 47, 65, 96]],

[ 57, 5, 0,[ 9]],

[ 69, 45, 0,[ 35, 45]],

[ 81, 25, 1,[ 1, 20, 96, 37, 90, 50, 26]],

[ 40, 85, 0,[ 6, 26, 13, 49, 68]],

[ 65, 65, 1,[ 46, 56, 53, 20, 0, 48]],

[ 11, 45, 1,[ 63, 79, 18, 97, 61, 87, 21]],

[ 48, 65, 0,[ 65]],

[ 16, 25, 0,[ 41]],

[ 39, 65, 0,[ 29]],

[ 32, 25, 0,[ 72, 1, 75]],

[ 54, 75, 0,[ 63, 19, 14, 78, 2, 6]],

[ 64, 45, 0,[ 4, 9, 89, 63, 43]],

[ 38, 55, 0,[ 85, 6]],

[ 53, 85, 0,[ 58, 2, 65]],

[ 23, 95, 0,[ 29, 66, 5]],

[ 74, 35, 0,[ 99]],

[ 27, 5, 0,[ 89, 61, 15, 77]],

[ 20, 85, 0,[ 81, 34, 13, 65, 86]],

[ 96, 25, 1,[ 56, 6, 81, 73, 50, 95]],

[ 26, 35, 1,[ 75, 93, 91, 81, 79, 40, 97]],

[ 43, 45, 0,[ 98, 17, 97, 64, 99]],

[ 42, 45, 0,[ 83, 17]],

[ 71, 15, 0,[ 35, 51, 22]],

[ 75, 55, 0,[ 7, 32, 26]],

[ 13, 85, 0,[ 0, 55, 40, 20]],

[ 8, 5, 0,[ 14, 35, 73, 46, 87, 84]],

[ 73, 25, 0,[ 0, 8, 96]],

[ 28, 85, 0,[ 36, 59, 49, 55]],

[ 17, 45, 0,[ 43, 42, 29, 93]],

[ 35, 15, 0,[ 8, 69, 33, 71, 7]],

[ 15, 25, 0,[ 37, 92, 27, 55, 9]],

[ 78, 75, 0,[ 90, 61, 54, 92]],

[ 31, 15, 0,[ 7, 0, 66]],

[ 12, 65, 0,[ 1, 83, 92, 80, 84]],

[ 70, 75, 0,[ 5, 24, 19]],

[ 18, 65, 0,[ 11, 47, 67, 72]],

[ 30, 55, 0,[ 14, 34, 87]],

[ 67, 95, 0,[ 89, 83, 49, 18]],

[ 91, 35, 0,[ 26, 52]],

[ 66, 25, 0,[ 47, 31, 36, 0, 23]],

[ 55, 85, 0,[ 29, 0, 15, 28, 13]],

[ 63, 45, 0,[ 64, 11, 54]],

[ 93, 35, 0,[ 95, 26, 17, 60]],

[ 33, 65, 0,[ 35, 94, 84]],

[ 46, 5, 0,[ 65, 77, 58, 8]],

[ 50, 25, 0,[ 76, 22, 81, 96, 45]],

[ 6, 65, 1,[ 38, 96, 41, 62, 54, 40]],

[ 89, 75, 0,[ 2, 67, 27, 64, 80, 24]],

[ 84, 65, 0,[ 8, 33, 92, 49, 12]],

[ 97, 45, 0,[ 79, 26, 11, 43, 5]],

[ 41, 35, 0,[ 6, 79, 16]],

[ 51, 15, 0,[ 72, 25, 71]],

[ 87, 55, 0,[ 8, 30, 11]],

[ 83, 35, 0,[ 67, 12, 42]],

