[ 26, 5, 1,[ 75, 40, 79, 91, 81, 97, 93]],

[ 54, 35, 1,[ 14, 19, 63, 2, 6, 78]],

[ 80, 15, 0,[ 89, 12, 77, 10, 76]],

[ 20, 75, 0,[ 13, 34, 65, 86, 81]],

[ 4, 25, 1,[ 44, 64, 85, 36, 34, 68]],

[ 16, 55, 0,[ 41]],

[ 68, 15, 0,[ 40, 25, 44, 4, 9, 77]],

[ 30, 75, 0,[ 34, 14, 87]],

[ 39, 15, 0,[ 29]],

[ 90, 15, 0,[ 78, 81]],

[ 52, 15, 0,[ 2, 91, 21, 7, 58]],

[ 38, 15, 0,[ 85, 6]],

[ 15, 15, 0,[ 55, 37, 92, 27, 9]],

[ 69, 15, 0,[ 35, 45]],

[ 98, 15, 0,[ 43]],

[ 81, 15, 1,[ 1, 90, 20, 26, 96, 50, 37]],

[ 77, 15, 0,[ 80, 46, 68, 27, 88]],

[ 42, 15, 0,[ 83, 17]],

[ 75, 15, 0,[ 7, 32, 26]],

[ 43, 15, 0,[ 17, 97, 98, 64, 99]],

[ 50, 15, 0,[ 76, 96, 81, 45, 22]],

[ 37, 15, 0,[ 5, 15, 81]],

[ 27, 15, 0,[ 61, 89, 15, 77]],

[ 96, 15, 0,[ 6, 81, 95, 73, 56, 50]],

[ 12, 15, 0,[ 84, 1, 92, 83, 80]],

[ 97, 15, 0,[ 5, 26, 11, 79, 43]],

[ 23, 15, 0,[ 66, 29, 5]],

[ 70, 15, 0,[ 24, 19, 5]],

[ 55, 75, 0,[ 15, 28, 29, 13, 0]],

[ 1, 15, 0,[ 81, 45, 32, 12]],

[ 66, 75, 0,[ 0, 36, 31, 23, 47]],

[ 64, 15, 0,[ 63, 43, 4, 9, 89]],

[ 94, 75, 0,[ 47, 44, 33, 92]],

[ 11, 85, 1,[ 97, 61, 63, 79, 21, 18, 87]],

[ 34, 75, 0,[ 7, 20, 4, 82, 30]],

[ 84, 75, 0,[ 8, 12, 33, 49, 92]],

[ 56, 75, 0,[ 96, 65, 47]],

[ 36, 75, 0,[ 28, 66, 4]],

[ 6, 15, 0,[ 62, 38, 40, 41, 96, 54]],

[ 47, 75, 0,[ 18, 94, 56, 66]],

[ 78, 15, 0,[ 92, 90, 54, 61]],

[ 71, 15, 0,[ 22, 51, 35]],

[ 95, 15, 0,[ 96, 93]],

[ 51, 15, 0,[ 25, 72, 71]],

[ 60, 15, 0,[ 62, 9, 93]],

[ 91, 5, 0,[ 26, 52]],

[ 24, 15, 0,[ 70, 89, 0]],

[ 67, 15, 0,[ 89, 18, 83, 49]],

[ 32, 15, 0,[ 1, 72, 75]],

[ 7, 15, 0,[ 76, 52, 35, 75, 34, 31]],

[ 99, 15, 0,[ 43, 62, 2, 5, 74]],

[ 44, 95, 1,[ 94, 49, 4, 58, 68, 0]],

[ 19, 15, 0,[ 54, 70]],

[ 89, 15, 0,[ 24, 27, 80, 64, 67, 2]],

[ 92, 15, 0,[ 84, 94, 78, 12, 15]],

[ 48, 75, 0,[ 65]],

[ 86, 75, 0,[ 59, 20]],

[ 93, 15, 0,[ 17, 26, 95, 60]],

[ 61, 15, 0,[ 11, 78, 27, 29]],

[ 3, 75, 0,[ 82, 0, 2, 59]],

[ 57, 15, 0,[ 9]],

[ 13, 75, 0,[ 55, 20, 40, 0]],

[ 63, 85, 0,[ 11, 54, 64]],

[ 72, 15, 0,[ 51, 18, 32]],

[ 8, 75, 0,[ 73, 87, 84, 46, 35, 14]],

[ 5, 15, 0,[ 37, 70, 99, 23, 97]],

[ 73, 75, 0,[ 96, 8, 0]],

[ 58, 15, 1,[ 76, 79, 52, 53, 46, 44]],

[ 85, 25, 0,[ 38, 4]],

[ 14, 75, 0,[ 54, 30, 8]],

[ 83, 15, 0,[ 42, 67, 12]],

[ 17, 15, 0,[ 29, 93, 43, 42]],

[ 49, 75, 0,[ 67, 84, 28, 0, 40, 44]],

[ 21, 15, 0,[ 52, 88, 11]],

[ 87, 75, 0,[ 8, 30, 11]],

[ 62, 15, 0,[ 82, 6, 60, 99]],

[ 22, 15, 0,[ 50, 71]],

[ 59, 75, 0,[ 86, 3, 28]],

[ 76, 15, 0,[ 9, 80, 7, 58, 50]],

[ 33, 75, 0,[ 94, 35, 84]],

[ 2, 15, 1,[ 79, 54, 3, 52, 53, 99, 0, 88, 89]],

[ 79, 55, 1,[ 97, 41, 11, 58, 2, 26]],

[ 45, 15, 0,[ 1, 69, 50]],

[ 0, 75, 1,[ 3, 2, 13, 31, 66, 65, 73, 44, 55, 24, 49]],

[ 9, 15, 0,[ 60, 76, 15, 57, 64, 68]],

[ 10, 15, 0,[ 80]],

[ 40, 15, 0,[ 6, 68, 13, 49, 26]],

[ 65, 75, 0,[ 0, 46, 53, 48, 20, 56]],

[ 35, 15, 0,[ 69, 33, 8, 71, 7]],

[ 46, 15, 0,[ 77, 65, 58, 8]],

[ 28, 75, 0,[ 55, 36, 59, 49]],

[ 88, 15, 0,[ 2, 77, 21]],

[ 29, 15, 0,[ 55, 39, 17, 23, 61]],

[ 25, 15, 0,[ 51, 68]],

[ 31, 75, 0,[ 7, 66, 0]],

[ 74, 15, 0,[ 99]],

[ 18, 15, 0,[ 72, 67, 47, 11]],

[ 53, 15, 0,[ 58, 65, 2]],

[ 41, 55, 0,[ 16, 79, 6]],

[ 82, 75, 0,[ 34, 3, 62]],

