[ 65, 25, 0,[ 0, 56, 48, 53, 20, 46]],

[ 4, 25, 0,[ 34, 85, 68, 64, 36, 44]],

[ 43, 75, 0,[ 64, 97, 99, 17, 98]],

[ 86, 5, 1,[ 20, 59]],

[ 42, 65, 1,[ 83, 17]],

[ 28, 35, 1,[ 49, 59, 36, 55]],

[ 12, 25, 0,[ 80, 83, 92, 84, 1]],

[ 56, 5, 1,[ 96, 47, 65]],

[ 52, 25, 0,[ 58, 91, 7, 2, 21]],

[ 79, 75, 0,[ 58, 2, 11, 41, 26, 97]],

[ 74, 15, 1,[ 99]],

[ 71, 35, 1,[ 22, 35, 51]],

[ 0, 25, 0,[ 65, 3, 55, 49, 2, 73, 31, 24, 13, 66, 44]],

[ 76, 25, 0,[ 50, 80, 9, 7, 58]],

[ 27, 25, 0,[ 89, 61, 15, 77]],

[ 21, 75, 1,[ 11, 52, 88]],

[ 96, 25, 0,[ 95, 73, 81, 56, 6, 50]],

[ 95, 95, 1,[ 96, 93]],

[ 19, 25, 1,[ 54, 70]],

[ 69, 25, 1,[ 35, 45]],

[ 30, 95, 1,[ 87, 14, 34]],

[ 51, 5, 1,[ 25, 72, 71]],

[ 84, 25, 0,[ 8, 33, 12, 92, 49]],

[ 67, 25, 0,[ 49, 18, 83, 89]],

[ 97, 25, 0,[ 11, 26, 5, 43, 79]],

[ 70, 35, 1,[ 5, 19, 24]],

[ 34, 25, 0,[ 82, 20, 7, 30, 4]],

[ 87, 75, 1,[ 11, 30, 8]],

[ 10, 5, 1,[ 80]],

[ 54, 25, 0,[ 63, 2, 6, 14, 19, 78]],

[ 88, 5, 1,[ 21, 77, 2]],

[ 62, 85, 1,[ 82, 99, 60, 6]],

[ 26, 75, 0,[ 81, 79, 75, 40, 97, 91, 93]],

[ 53, 25, 1,[ 58, 2, 65]],

[ 36, 75, 1,[ 4, 28, 66]],

[ 29, 65, 0,[ 55, 61, 39, 17, 23]],

[ 45, 15, 1,[ 1, 69, 50]],

[ 50, 25, 0,[ 22, 45, 81, 96, 76]],

[ 78, 25, 0,[ 90, 92, 54, 61]],

[ 9, 25, 0,[ 64, 68, 15, 60, 57, 76]],

[ 91, 25, 1,[ 26, 52]],

[ 39, 65, 1,[ 29]],

[ 6, 25, 0,[ 96, 41, 54, 40, 62, 38]],

[ 38, 85, 1,[ 6, 85]],

[ 93, 35, 1,[ 60, 26, 17, 95]],

[ 48, 25, 1,[ 65]],

[ 83, 25, 1,[ 12, 67, 42]],

[ 64, 25, 0,[ 89, 9, 43, 63, 4]],

[ 44, 25, 0,[ 0, 94, 4, 49, 58, 68]],

[ 20, 25, 0,[ 81, 65, 34, 86, 13]],

[ 55, 25, 0,[ 29, 13, 15, 28, 0]],

[ 82, 35, 1,[ 34, 3, 62]],

[ 24, 65, 1,[ 89, 0, 70]],

[ 61, 35, 1,[ 11, 29, 27, 78]],

[ 49, 25, 0,[ 0, 84, 40, 44, 28, 67]],

[ 85, 85, 1,[ 4, 38]],

[ 23, 55, 1,[ 5, 66, 29]],

[ 77, 25, 0,[ 27, 68, 80, 46, 88]],

[ 15, 25, 0,[ 9, 55, 27, 37, 92]],

[ 46, 25, 0,[ 8, 58, 77, 65]],

[ 75, 75, 1,[ 7, 26, 32]],

[ 99, 25, 0,[ 43, 5, 2, 74, 62]],

[ 89, 25, 0,[ 27, 67, 24, 64, 2, 80]],

[ 17, 75, 1,[ 93, 42, 29, 43]],

[ 81, 25, 0,[ 50, 37, 96, 20, 26, 90, 1]],

[ 63, 65, 1,[ 11, 64, 54]],

[ 72, 65, 1,[ 51, 18, 32]],

[ 32, 35, 1,[ 72, 75, 1]],

[ 41, 75, 1,[ 6, 79, 16]],

[ 16, 75, 1,[ 41]],

[ 47, 25, 0,[ 18, 66, 94, 56]],

[ 11, 75, 0,[ 63, 87, 79, 18, 61, 21, 97]],

[ 57, 5, 1,[ 9]],

[ 18, 25, 0,[ 72, 47, 11, 67]],

[ 14, 75, 1,[ 30, 8, 54]],

[ 60, 75, 1,[ 9, 62, 93]],

[ 3, 25, 0,[ 2, 0, 59, 82]],

[ 80, 25, 0,[ 12, 89, 76, 77, 10]],

[ 31, 85, 1,[ 7, 66, 0]],

[ 58, 25, 0,[ 79, 44, 46, 52, 53, 76]],

[ 73, 65, 1,[ 96, 0, 8]],

[ 37, 55, 1,[ 15, 5, 81]],

[ 8, 75, 0,[ 46, 84, 87, 73, 14, 35]],

[ 66, 25, 0,[ 0, 47, 23, 31, 36]],

[ 98, 75, 0,[ 43]],

[ 35, 25, 0,[ 33, 7, 8, 69, 71]],

[ 92, 25, 0,[ 12, 94, 15, 78, 84]],

[ 94, 25, 0,[ 92, 47, 33, 44]],

[ 59, 25, 1,[ 3, 86, 28]],

[ 40, 25, 0,[ 49, 13, 26, 6, 68]],

[ 33, 55, 1,[ 94, 84, 35]],

[ 2, 25, 0,[ 79, 88, 89, 54, 3, 52, 99, 53, 0]],

[ 25, 85, 1,[ 51, 68]],

[ 5, 55, 0,[ 23, 97, 37, 70, 99]],

[ 90, 45, 1,[ 78, 81]],

[ 22, 65, 1,[ 50, 71]],

[ 1, 25, 0,[ 81, 32, 45, 12]],

[ 68, 25, 0,[ 25, 77, 9, 4, 44, 40]],

[ 13, 25, 1,[ 40, 0, 20, 55]],

[ 7, 25, 0,[ 52, 75, 31, 34, 35, 76]],

