[ 66, 55, 0,[ 36, 31, 0, 47, 23]],

[ 93, 85, 0,[ 26, 95, 60, 17]],

[ 35, 55, 0,[ 71, 69, 7, 8, 33]],

[ 4, 55, 0,[ 44, 36, 64, 68, 34, 85]],

[ 81, 55, 0,[ 50, 1, 37, 96, 90, 26, 20]],

[ 11, 55, 0,[ 63, 18, 87, 97, 61, 21, 79]],

[ 88, 65, 1,[ 21, 2, 77]],

[ 40, 55, 0,[ 13, 49, 6, 68, 26]],

[ 16, 45, 0,[ 41]],

[ 87, 5, 1,[ 11, 8, 30]],

[ 70, 25, 1,[ 24, 19, 5]],

[ 26, 55, 0,[ 97, 91, 81, 40, 75, 79, 93]],

[ 57, 55, 1,[ 9]],

[ 79, 55, 0,[ 2, 26, 58, 41, 11, 97]],

[ 37, 55, 1,[ 5, 15, 81]],

[ 8, 55, 0,[ 73, 35, 84, 46, 14, 87]],

[ 38, 65, 1,[ 6, 85]],

[ 3, 55, 0,[ 0, 2, 82, 59]],

[ 10, 65, 1,[ 80]],

[ 46, 55, 1,[ 58, 65, 77, 8]],

[ 67, 55, 0,[ 89, 18, 83, 49]],

[ 33, 15, 1,[ 84, 94, 35]],

[ 47, 55, 0,[ 94, 18, 56, 66]],

[ 21, 75, 1,[ 88, 11, 52]],

[ 45, 95, 1,[ 50, 69, 1]],

[ 97, 55, 0,[ 26, 43, 11, 5, 79]],

[ 41, 45, 1,[ 79, 6, 16]],

[ 36, 55, 1,[ 66, 28, 4]],

[ 2, 55, 0,[ 88, 53, 79, 99, 3, 54, 0, 89, 52]],

[ 74, 15, 1,[ 99]],

[ 89, 55, 0,[ 67, 80, 27, 24, 2, 64]],

[ 18, 55, 0,[ 72, 47, 67, 11]],

[ 1, 55, 0,[ 45, 12, 32, 81]],

[ 17, 75, 1,[ 43, 42, 29, 93]],

[ 0, 55, 0,[ 24, 65, 2, 66, 31, 73, 49, 13, 55, 3, 44]],

[ 6, 55, 0,[ 96, 54, 41, 40, 62, 38]],

[ 49, 55, 0,[ 67, 0, 44, 84, 40, 28]],

[ 22, 5, 1,[ 50, 71]],

[ 71, 45, 1,[ 51, 22, 35]],

[ 19, 5, 1,[ 70, 54]],

[ 69, 45, 1,[ 45, 35]],

[ 29, 65, 0,[ 61, 23, 17, 55, 39]],

[ 34, 55, 0,[ 30, 7, 20, 82, 4]],

[ 92, 55, 0,[ 12, 84, 15, 94, 78]],

[ 5, 55, 0,[ 23, 37, 70, 99, 97]],

[ 54, 55, 0,[ 14, 63, 78, 2, 19, 6]],

[ 96, 55, 0,[ 50, 73, 6, 95, 56, 81]],

[ 84, 55, 0,[ 92, 33, 8, 49, 12]],

[ 68, 55, 0,[ 9, 44, 4, 40, 25, 77]],

[ 91, 45, 1,[ 26, 52]],

[ 30, 35, 1,[ 87, 14, 34]],

[ 55, 55, 0,[ 15, 29, 13, 0, 28]],

[ 39, 65, 1,[ 29]],

[ 25, 15, 1,[ 68, 51]],

[ 44, 55, 0,[ 4, 0, 94, 58, 68, 49]],

[ 62, 45, 1,[ 82, 60, 6, 99]],

[ 32, 25, 1,[ 75, 72, 1]],

[ 50, 55, 0,[ 45, 76, 22, 81, 96]],

[ 63, 95, 1,[ 64, 54, 11]],

[ 42, 55, 1,[ 83, 17]],

[ 23, 65, 1,[ 5, 66, 29]],

[ 56, 25, 1,[ 96, 47, 65]],

[ 15, 55, 0,[ 37, 27, 92, 55, 9]],

[ 53, 95, 1,[ 2, 65, 58]],

[ 20, 55, 0,[ 65, 13, 81, 86, 34]],

[ 48, 35, 1,[ 65]],

[ 99, 55, 0,[ 62, 2, 74, 43, 5]],

[ 61, 55, 0,[ 78, 27, 29, 11]],

[ 76, 55, 0,[ 9, 7, 80, 58, 50]],

[ 12, 55, 0,[ 84, 92, 1, 83, 80]],

[ 43, 55, 0,[ 64, 99, 98, 97, 17]],

[ 27, 55, 0,[ 15, 89, 77, 61]],

[ 13, 55, 0,[ 40, 0, 55, 20]],

[ 60, 5, 1,[ 62, 93, 9]],

[ 64, 55, 0,[ 9, 4, 89, 63, 43]],

[ 14, 75, 1,[ 54, 8, 30]],

[ 72, 35, 1,[ 18, 32, 51]],

[ 58, 55, 0,[ 52, 76, 44, 79, 46, 53]],

[ 59, 25, 1,[ 3, 28, 86]],

[ 7, 55, 0,[ 52, 35, 75, 31, 76, 34]],

[ 24, 55, 1,[ 89, 0, 70]],

[ 83, 15, 1,[ 42, 67, 12]],

[ 9, 55, 0,[ 15, 64, 68, 57, 60, 76]],

[ 80, 55, 0,[ 77, 10, 89, 76, 12]],

[ 65, 55, 0,[ 48, 46, 20, 53, 56, 0]],

[ 77, 55, 0,[ 88, 46, 68, 27, 80]],

[ 78, 65, 1,[ 92, 54, 90, 61]],

[ 85, 35, 1,[ 38, 4]],

[ 95, 85, 1,[ 96, 93]],

[ 86, 65, 1,[ 20, 59]],

[ 28, 75, 1,[ 49, 55, 36, 59]],

[ 52, 55, 0,[ 7, 21, 2, 58, 91]],

[ 98, 5, 1,[ 43]],

[ 82, 35, 1,[ 34, 62, 3]],

[ 94, 55, 1,[ 47, 44, 33, 92]],

[ 51, 5, 1,[ 71, 25, 72]],

[ 31, 5, 1,[ 7, 0, 66]],

[ 90, 5, 1,[ 78, 81]],

[ 73, 15, 1,[ 8, 96, 0]],

[ 75, 65, 1,[ 7, 32, 26]],

