[ 50, 45, 0,[ 81, 45, 96, 76, 22]],

[ 89, 45, 0,[ 64, 67, 2, 80, 24, 27]],

[ 17, 35, 0,[ 29, 43, 42, 93]],

[ 22, 45, 0,[ 50, 71]],

[ 5, 45, 0,[ 23, 70, 97, 37, 99]],

[ 20, 45, 0,[ 81, 65, 34, 13, 86]],

[ 69, 45, 0,[ 45, 35]],

[ 3, 45, 0,[ 0, 59, 82, 2]],

[ 1, 45, 0,[ 32, 12, 45, 81]],

[ 34, 45, 0,[ 7, 4, 82, 30, 20]],

[ 47, 45, 0,[ 66, 56, 94, 18]],

[ 86, 45, 0,[ 59, 20]],

[ 85, 45, 0,[ 4, 38]],

[ 27, 35, 0,[ 89, 61, 15, 77]],

[ 24, 45, 0,[ 89, 70, 0]],

[ 49, 25, 1,[ 84, 44, 28, 0, 40, 67]],

[ 38, 45, 0,[ 6, 85]],

[ 83, 35, 0,[ 12, 42, 67]],

[ 46, 45, 0,[ 8, 65, 58, 77]],

[ 94, 45, 0,[ 33, 92, 44, 47]],

[ 12, 35, 0,[ 92, 84, 80, 1, 83]],

[ 8, 45, 0,[ 14, 73, 84, 87, 46, 35]],

[ 36, 45, 0,[ 66, 28, 4]],

[ 60, 35, 0,[ 62, 9, 93]],

[ 40, 35, 0,[ 26, 6, 68, 49, 13]],

[ 18, 45, 0,[ 47, 72, 11, 67]],

[ 53, 45, 0,[ 2, 65, 58]],

[ 56, 45, 0,[ 96, 47, 65]],

[ 64, 45, 0,[ 43, 4, 89, 9, 63]],

[ 87, 45, 0,[ 30, 8, 11]],

[ 44, 75, 1,[ 68, 94, 58, 4, 0, 49]],

[ 84, 35, 0,[ 49, 33, 8, 12, 92]],

[ 9, 35, 0,[ 68, 57, 64, 76, 60, 15]],

[ 11, 45, 1,[ 79, 21, 63, 61, 97, 18, 87]],

[ 0, 65, 1,[ 2, 31, 24, 65, 13, 3, 49, 73, 55, 44, 66]],

[ 10, 35, 0,[ 80]],

[ 88, 45, 0,[ 77, 2, 21]],

[ 58, 45, 0,[ 46, 44, 79, 53, 52, 76]],

[ 16, 45, 0,[ 41]],

[ 78, 35, 0,[ 61, 90, 54, 92]],

[ 98, 45, 0,[ 43]],

[ 71, 45, 0,[ 35, 22, 51]],

[ 32, 45, 0,[ 72, 1, 75]],

[ 14, 45, 0,[ 30, 54, 8]],

[ 25, 45, 0,[ 51, 68]],

[ 59, 45, 0,[ 86, 28, 3]],

[ 73, 45, 0,[ 96, 8, 0]],

[ 99, 45, 0,[ 43, 5, 74, 2, 62]],

[ 7, 45, 0,[ 52, 34, 76, 31, 75, 35]],

[ 76, 45, 0,[ 50, 80, 7, 9, 58]],

[ 45, 45, 0,[ 50, 69, 1]],

[ 77, 35, 0,[ 68, 80, 46, 27, 88]],

[ 61, 35, 0,[ 29, 78, 11, 27]],

[ 68, 35, 1,[ 40, 9, 25, 4, 44, 77]],

[ 26, 15, 1,[ 40, 91, 97, 79, 93, 75, 81]],

[ 79, 45, 0,[ 11, 58, 41, 97, 26, 2]],

[ 67, 45, 0,[ 18, 83, 49, 89]],

[ 37, 35, 0,[ 5, 81, 15]],

[ 33, 45, 0,[ 35, 84, 94]],

[ 51, 45, 0,[ 72, 71, 25]],

[ 66, 45, 0,[ 47, 36, 31, 0, 23]],

[ 39, 35, 0,[ 29]],

[ 43, 45, 0,[ 64, 98, 17, 99, 97]],

[ 72, 45, 0,[ 18, 51, 32]],

[ 29, 35, 0,[ 61, 55, 23, 17, 39]],

[ 41, 45, 0,[ 79, 6, 16]],

[ 96, 45, 0,[ 95, 56, 73, 6, 81, 50]],

[ 80, 35, 0,[ 77, 10, 12, 89, 76]],

[ 92, 35, 0,[ 84, 78, 12, 15, 94]],

[ 30, 45, 0,[ 14, 87, 34]],

[ 35, 45, 0,[ 71, 33, 69, 7, 8]],

[ 28, 45, 0,[ 55, 36, 59, 49]],

[ 31, 45, 0,[ 7, 66, 0]],

[ 2, 45, 1,[ 88, 3, 0, 53, 99, 54, 52, 89, 79]],

[ 19, 45, 0,[ 70, 54]],

[ 4, 45, 1,[ 85, 36, 44, 64, 34, 68]],

[ 55, 35, 0,[ 29, 15, 0, 13, 28]],

[ 48, 45, 0,[ 65]],

[ 21, 45, 0,[ 52, 88, 11]],

[ 13, 35, 0,[ 20, 0, 40, 55]],

[ 75, 45, 0,[ 26, 32, 7]],

[ 91, 45, 0,[ 26, 52]],

[ 15, 35, 0,[ 37, 55, 27, 9, 92]],

[ 95, 45, 0,[ 96, 93]],

[ 23, 45, 0,[ 29, 66, 5]],

[ 52, 45, 0,[ 21, 2, 91, 7, 58]],

[ 57, 35, 0,[ 9]],

[ 93, 35, 0,[ 26, 95, 60, 17]],

[ 97, 45, 0,[ 5, 43, 26, 11, 79]],

[ 6, 45, 0,[ 40, 54, 41, 96, 38, 62]],

[ 65, 45, 1,[ 48, 20, 56, 46, 53, 0]],

[ 82, 45, 0,[ 62, 3, 34]],

[ 63, 45, 0,[ 54, 64, 11]],

[ 62, 45, 0,[ 99, 60, 82, 6]],

[ 42, 35, 0,[ 83, 17]],

[ 74, 45, 0,[ 99]],

[ 90, 95, 0,[ 78, 81]],

[ 70, 45, 0,[ 24, 19, 5]],

[ 54, 45, 0,[ 63, 78, 2, 6, 19, 14]],

[ 81, 95, 1,[ 37, 1, 20, 50, 26, 96, 90]],

