[ 53, 75, 0,[ 2, 58, 65]],

[ 50, 45, 0,[ 22, 45, 81, 76, 96]],

[ 16, 85, 0,[ 41]],

[ 93, 65, 0,[ 60, 26, 95, 17]],

[ 76, 5, 0,[ 50, 80, 7, 58, 9]],

[ 64, 5, 0,[ 63, 43, 4, 89, 9]],

[ 90, 45, 0,[ 81, 78]],

[ 54, 25, 0,[ 78, 14, 19, 2, 6, 63]],

[ 60, 5, 0,[ 9, 62, 93]],

[ 40, 65, 0,[ 49, 13, 6, 26, 68]],

[ 70, 45, 0,[ 5, 19, 24]],

[ 78, 45, 0,[ 92, 61, 90, 54]],

[ 97, 5, 0,[ 79, 5, 11, 26, 43]],

[ 91, 65, 0,[ 26, 52]],

[ 21, 15, 0,[ 88, 11, 52]],

[ 10, 65, 0,[ 80]],

[ 37, 45, 0,[ 15, 81, 5]],

[ 89, 65, 1,[ 80, 27, 67, 2, 24, 64]],

[ 38, 85, 0,[ 85, 6]],

[ 0, 65, 1,[ 44, 13, 66, 24, 49, 73, 3, 65, 31, 2, 55]],

[ 6, 85, 0,[ 38, 40, 41, 62, 54, 96]],

[ 82, 65, 0,[ 34, 3, 62]],

[ 30, 45, 0,[ 14, 87, 34]],

[ 49, 65, 0,[ 67, 28, 84, 40, 0, 44]],

[ 22, 5, 0,[ 50, 71]],

[ 92, 55, 0,[ 78, 15, 84, 94, 12]],

[ 98, 5, 0,[ 43]],

[ 57, 5, 0,[ 9]],

[ 68, 5, 0,[ 4, 9, 40, 77, 25, 44]],

[ 48, 65, 0,[ 65]],

[ 67, 65, 0,[ 89, 49, 83, 18]],

[ 61, 15, 0,[ 27, 78, 29, 11]],

[ 18, 45, 0,[ 67, 47, 11, 72]],

[ 31, 65, 0,[ 0, 66, 7]],

[ 80, 65, 0,[ 10, 89, 12, 76, 77]],

[ 7, 45, 0,[ 52, 76, 35, 75, 31, 34]],

[ 59, 65, 0,[ 86, 3, 28]],

[ 20, 45, 0,[ 34, 13, 81, 65, 86]],

[ 33, 25, 0,[ 35, 94, 84]],

[ 1, 55, 0,[ 32, 45, 12, 81]],

[ 88, 75, 0,[ 2, 21, 77]],

[ 42, 65, 0,[ 17, 83]],

[ 72, 45, 0,[ 18, 51, 32]],

[ 36, 65, 0,[ 4, 66, 28]],

[ 87, 15, 0,[ 11, 8, 30]],

[ 17, 65, 0,[ 42, 43, 93, 29]],

[ 65, 65, 0,[ 0, 56, 48, 20, 46, 53]],

[ 19, 25, 0,[ 54, 70]],

[ 23, 65, 0,[ 66, 5, 29]],

[ 26, 65, 1,[ 91, 40, 93, 79, 97, 75, 81]],

[ 8, 25, 1,[ 87, 35, 46, 73, 14, 84]],

[ 13, 65, 0,[ 20, 0, 40, 55]],

[ 73, 65, 0,[ 0, 8, 96]],

[ 69, 25, 0,[ 35, 45]],

[ 52, 45, 0,[ 21, 7, 91, 2, 58]],

[ 56, 55, 0,[ 65, 47, 96]],

[ 45, 55, 0,[ 50, 69, 1]],

[ 46, 65, 0,[ 8, 65, 77, 58]],

[ 2, 75, 1,[ 89, 54, 52, 3, 88, 0, 99, 79, 53]],

[ 35, 25, 0,[ 7, 71, 33, 8, 69]],

[ 81, 45, 1,[ 96, 37, 50, 90, 20, 26, 1]],

[ 83, 65, 0,[ 67, 42, 12]],

[ 84, 25, 0,[ 33, 8, 12, 49, 92]],

[ 28, 65, 0,[ 55, 49, 36, 59]],

[ 77, 65, 0,[ 88, 80, 27, 68, 46]],

[ 29, 65, 0,[ 55, 17, 39, 23, 61]],

[ 66, 65, 0,[ 31, 47, 0, 36, 23]],

[ 99, 45, 0,[ 5, 43, 74, 2, 62]],

[ 27, 65, 0,[ 77, 89, 61, 15]],

[ 71, 5, 0,[ 51, 22, 35]],

[ 5, 45, 0,[ 99, 97, 23, 70, 37]],

[ 96, 45, 1,[ 73, 56, 95, 6, 50, 81]],

[ 14, 25, 0,[ 30, 54, 8]],

[ 79, 5, 0,[ 97, 2, 11, 58, 41, 26]],

[ 55, 65, 0,[ 15, 13, 29, 0, 28]],

[ 32, 55, 0,[ 75, 72, 1]],

[ 63, 15, 0,[ 11, 64, 54]],

[ 43, 5, 0,[ 99, 98, 64, 97, 17]],

[ 41, 85, 0,[ 6, 16, 79]],

[ 95, 45, 0,[ 93, 96]],

[ 15, 65, 0,[ 55, 27, 37, 9, 92]],

[ 24, 65, 0,[ 70, 89, 0]],

[ 51, 5, 0,[ 72, 25, 71]],

[ 9, 5, 1,[ 64, 68, 76, 57, 60, 15]],

[ 3, 65, 0,[ 2, 0, 59, 82]],

[ 58, 5, 0,[ 46, 52, 79, 44, 53, 76]],

[ 94, 55, 0,[ 92, 33, 47, 44]],

[ 11, 15, 1,[ 63, 87, 18, 61, 97, 21, 79]],

[ 74, 45, 0,[ 99]],

[ 12, 55, 0,[ 80, 84, 92, 1, 83]],

[ 34, 45, 0,[ 4, 30, 7, 82, 20]],

[ 62, 85, 0,[ 99, 6, 82, 60]],

[ 75, 65, 0,[ 7, 32, 26]],

[ 85, 5, 0,[ 38, 4]],

[ 86, 45, 0,[ 59, 20]],

[ 44, 5, 1,[ 49, 58, 4, 0, 68, 94]],

[ 25, 5, 0,[ 68, 51]],

[ 47, 55, 0,[ 18, 66, 56, 94]],

[ 4, 5, 0,[ 44, 36, 68, 85, 34, 64]],

[ 39, 65, 0,[ 29]],

