[ 29, 15, 0,[ 23, 55, 39, 61, 17]],

[ 22, 75, 1,[ 50, 71]],

[ 10, 95, 1,[ 80]],

[ 17, 15, 0,[ 43, 42, 29, 93]],

[ 78, 15, 0,[ 90, 92, 61, 54]],

[ 80, 15, 0,[ 76, 10, 12, 89, 77]],

[ 15, 15, 0,[ 27, 37, 55, 92, 9]],

[ 68, 15, 0,[ 25, 40, 9, 77, 44, 4]],

[ 42, 15, 0,[ 83, 17]],

[ 20, 15, 0,[ 34, 13, 65, 81, 86]],

[ 65, 15, 0,[ 0, 48, 53, 46, 20, 56]],

[ 92, 15, 0,[ 12, 84, 78, 15, 94]],

[ 62, 15, 0,[ 60, 99, 6, 82]],

[ 57, 55, 1,[ 9]],

[ 21, 15, 0,[ 88, 52, 11]],

[ 77, 15, 0,[ 88, 80, 68, 46, 27]],

[ 47, 15, 0,[ 18, 56, 66, 94]],

[ 71, 15, 0,[ 51, 22, 35]],

[ 36, 15, 0,[ 28, 4, 66]],

[ 99, 15, 0,[ 62, 5, 2, 43, 74]],

[ 49, 15, 0,[ 28, 84, 67, 44, 0, 40]],

[ 84, 15, 0,[ 92, 33, 8, 49, 12]],

[ 72, 15, 0,[ 32, 18, 51]],

[ 61, 15, 0,[ 11, 27, 29, 78]],

[ 79, 15, 0,[ 11, 2, 97, 41, 58, 26]],

[ 0, 15, 0,[ 73, 65, 66, 3, 2, 55, 31, 44, 13, 24, 49]],

[ 26, 15, 0,[ 75, 93, 81, 40, 97, 91, 79]],

[ 1, 15, 0,[ 12, 45, 32, 81]],

[ 44, 15, 0,[ 0, 94, 58, 4, 68, 49]],

[ 23, 15, 0,[ 29, 5, 66]],

[ 43, 15, 0,[ 17, 97, 99, 98, 64]],

[ 34, 15, 0,[ 7, 4, 30, 20, 82]],

[ 81, 15, 0,[ 50, 37, 1, 20, 96, 90, 26]],

[ 19, 15, 0,[ 54, 70]],

[ 83, 15, 0,[ 12, 42, 67]],

[ 73, 15, 0,[ 8, 96, 0]],

[ 58, 15, 0,[ 76, 52, 53, 79, 46, 44]],

[ 41, 15, 0,[ 79, 16, 6]],

[ 55, 15, 0,[ 29, 0, 13, 28, 15]],

[ 93, 15, 0,[ 95, 26, 17, 60]],

[ 86, 65, 1,[ 59, 20]],

[ 82, 15, 0,[ 3, 34, 62]],

[ 32, 15, 0,[ 72, 1, 75]],

[ 54, 15, 0,[ 63, 6, 14, 2, 19, 78]],

[ 53, 15, 0,[ 2, 58, 65]],

[ 6, 15, 0,[ 38, 54, 41, 62, 96, 40]],

[ 85, 15, 0,[ 38, 4]],

[ 76, 15, 0,[ 7, 9, 80, 50, 58]],

[ 13, 15, 0,[ 20, 55, 0, 40]],

[ 52, 15, 0,[ 58, 91, 2, 21, 7]],

[ 75, 15, 0,[ 7, 26, 32]],

[ 60, 15, 0,[ 9, 62, 93]],

[ 59, 15, 0,[ 28, 3, 86]],

[ 9, 15, 0,[ 76, 57, 15, 60, 68, 64]],

[ 90, 95, 1,[ 81, 78]],

[ 87, 15, 0,[ 30, 11, 8]],

[ 48, 95, 1,[ 65]],

[ 5, 15, 0,[ 99, 23, 70, 97, 37]],

[ 97, 15, 0,[ 26, 11, 79, 5, 43]],

[ 8, 15, 0,[ 14, 84, 87, 35, 73, 46]],

[ 69, 15, 0,[ 45, 35]],

[ 51, 15, 0,[ 71, 25, 72]],

[ 50, 15, 0,[ 45, 96, 22, 81, 76]],

[ 64, 15, 0,[ 63, 9, 89, 4, 43]],

[ 27, 15, 0,[ 61, 77, 15, 89]],

[ 33, 15, 0,[ 84, 35, 94]],

[ 37, 15, 0,[ 15, 81, 5]],

[ 12, 15, 0,[ 83, 1, 84, 80, 92]],

[ 74, 15, 0,[ 99]],

[ 46, 15, 0,[ 8, 58, 77, 65]],

[ 40, 15, 0,[ 26, 13, 49, 68, 6]],

[ 18, 15, 0,[ 72, 67, 47, 11]],

[ 39, 95, 1,[ 29]],

[ 14, 15, 0,[ 30, 54, 8]],

[ 25, 15, 0,[ 51, 68]],

[ 30, 15, 0,[ 14, 34, 87]],

[ 45, 15, 0,[ 1, 50, 69]],

[ 88, 15, 0,[ 2, 77, 21]],

[ 31, 15, 0,[ 66, 7, 0]],

[ 96, 15, 0,[ 73, 81, 50, 95, 6, 56]],

[ 91, 65, 1,[ 26, 52]],

[ 3, 15, 0,[ 82, 0, 59, 2]],

[ 98, 25, 1,[ 43]],

[ 94, 15, 0,[ 92, 47, 44, 33]],

[ 7, 15, 0,[ 75, 52, 34, 76, 31, 35]],

[ 11, 15, 0,[ 79, 63, 97, 61, 18, 21, 87]],

[ 38, 15, 0,[ 6, 85]],

[ 63, 15, 0,[ 11, 64, 54]],

[ 66, 15, 0,[ 36, 23, 31, 47, 0]],

[ 95, 15, 0,[ 96, 93]],

[ 70, 15, 0,[ 24, 5, 19]],

[ 89, 15, 0,[ 27, 2, 64, 24, 80, 67]],

[ 56, 15, 0,[ 96, 47, 65]],

[ 24, 15, 0,[ 0, 70, 89]],

[ 28, 15, 0,[ 59, 36, 49, 55]],

[ 16, 65, 1,[ 41]],

[ 35, 15, 0,[ 33, 71, 69, 8, 7]],

[ 2, 15, 0,[ 54, 99, 0, 88, 3, 52, 89, 79, 53]],

[ 4, 15, 0,[ 68, 64, 85, 36, 44, 34]],

[ 67, 15, 0,[ 18, 89, 83, 49]],

