[ 46, 55, 1,[ 8, 77, 65, 58]],

[ 52, 65, 1,[ 21, 58, 7, 91, 2]],

[ 29, 95, 1,[ 17, 61, 39, 23, 55]],

[ 15, 5, 1,[ 27, 92, 55, 9, 37]],

[ 81, 15, 1,[ 37, 96, 1, 90, 20, 50, 26]],

[ 27, 35, 1,[ 15, 89, 61, 77]],

[ 37, 65, 0,[ 15, 5, 81]],

[ 9, 95, 1,[ 76, 68, 64, 57, 60, 15]],

[ 61, 65, 0,[ 78, 27, 29, 11]],

[ 28, 15, 1,[ 59, 36, 49, 55]],

[ 21, 5, 0,[ 52, 88, 11]],

[ 51, 65, 0,[ 71, 72, 25]],

[ 87, 45, 0,[ 8, 30, 11]],

[ 70, 45, 0,[ 5, 19, 24]],

[ 75, 45, 0,[ 26, 32, 7]],

[ 67, 75, 1,[ 89, 49, 83, 18]],

[ 89, 95, 1,[ 2, 24, 80, 64, 67, 27]],

[ 63, 55, 0,[ 64, 54, 11]],

[ 0, 85, 1,[ 3, 13, 44, 24, 73, 65, 31, 2, 49, 55, 66]],

[ 65, 85, 1,[ 56, 48, 46, 53, 0, 20]],

[ 53, 85, 0,[ 58, 2, 65]],

[ 79, 15, 1,[ 58, 11, 2, 26, 41, 97]],

[ 23, 95, 0,[ 66, 5, 29]],

[ 94, 85, 0,[ 33, 47, 44, 92]],

[ 58, 85, 1,[ 52, 46, 44, 79, 76, 53]],

[ 2, 5, 1,[ 99, 0, 53, 52, 88, 3, 54, 79, 89]],

[ 73, 85, 0,[ 96, 0, 8]],

[ 88, 5, 0,[ 21, 77, 2]],

[ 44, 85, 1,[ 49, 58, 94, 68, 4, 0]],

[ 26, 5, 1,[ 97, 81, 91, 40, 79, 93, 75]],

[ 82, 95, 0,[ 34, 3, 62]],

[ 45, 55, 0,[ 1, 69, 50]],

[ 62, 25, 1,[ 6, 82, 99, 60]],

[ 35, 85, 1,[ 71, 33, 69, 7, 8]],

[ 76, 75, 1,[ 80, 58, 7, 9, 50]],

[ 25, 85, 0,[ 51, 68]],

[ 10, 55, 0,[ 80]],

[ 33, 85, 0,[ 35, 94, 84]],

[ 77, 5, 1,[ 88, 27, 80, 68, 46]],

[ 19, 15, 0,[ 70, 54]],

[ 84, 5, 1,[ 8, 49, 92, 33, 12]],

[ 64, 95, 1,[ 43, 4, 89, 9, 63]],

[ 36, 95, 0,[ 4, 28, 66]],

[ 6, 5, 1,[ 96, 62, 54, 41, 38, 40]],

[ 41, 5, 0,[ 79, 6, 16]],

[ 17, 95, 0,[ 29, 43, 42, 93]],

[ 83, 55, 0,[ 12, 42, 67]],

[ 69, 75, 0,[ 35, 45]],

[ 47, 85, 1,[ 94, 56, 66, 18]],

[ 74, 75, 0,[ 99]],

[ 16, 45, 0,[ 41]],

[ 66, 95, 1,[ 0, 23, 31, 47, 36]],

[ 92, 25, 1,[ 15, 78, 84, 12, 94]],

[ 60, 25, 0,[ 9, 62, 93]],

[ 90, 55, 0,[ 78, 81]],

[ 3, 95, 1,[ 59, 82, 0, 2]],

[ 56, 85, 0,[ 47, 96, 65]],

[ 1, 25, 1,[ 32, 12, 45, 81]],

[ 54, 75, 1,[ 78, 63, 6, 19, 2, 14]],

[ 91, 85, 0,[ 26, 52]],

[ 57, 65, 0,[ 9]],

[ 8, 85, 1,[ 35, 14, 46, 87, 84, 73]],

[ 20, 45, 1,[ 86, 34, 13, 65, 81]],

[ 86, 85, 0,[ 59, 20]],

[ 18, 15, 0,[ 67, 72, 47, 11]],

[ 55, 75, 1,[ 28, 0, 29, 15, 13]],

[ 34, 85, 1,[ 20, 30, 4, 82, 7]],

[ 99, 35, 1,[ 62, 5, 43, 74, 2]],

[ 43, 95, 1,[ 17, 98, 97, 99, 64]],

[ 85, 45, 0,[ 4, 38]],

[ 4, 5, 1,[ 64, 68, 34, 44, 36, 85]],

[ 5, 25, 1,[ 37, 99, 23, 97, 70]],

[ 72, 35, 0,[ 32, 51, 18]],

[ 12, 55, 1,[ 80, 84, 1, 83, 92]],

[ 93, 35, 1,[ 60, 95, 26, 17]],

[ 11, 5, 1,[ 21, 63, 18, 61, 87, 97, 79]],

[ 50, 95, 1,[ 96, 45, 22, 81, 76]],

[ 71, 65, 0,[ 22, 35, 51]],

[ 98, 25, 0,[ 43]],

[ 95, 15, 0,[ 93, 96]],

[ 24, 5, 0,[ 70, 0, 89]],

[ 31, 65, 0,[ 7, 0, 66]],

[ 13, 35, 1,[ 55, 20, 0, 40]],

[ 7, 55, 1,[ 34, 35, 76, 75, 52, 31]],

[ 80, 35, 1,[ 12, 89, 77, 76, 10]],

[ 49, 45, 1,[ 84, 44, 28, 67, 40, 0]],

[ 96, 55, 1,[ 73, 50, 56, 6, 95, 81]],

[ 14, 5, 0,[ 8, 54, 30]],

[ 22, 65, 0,[ 71, 50]],

[ 40, 35, 1,[ 6, 49, 26, 13, 68]],

[ 39, 55, 0,[ 29]],

[ 68, 45, 1,[ 77, 44, 40, 25, 9, 4]],

[ 42, 85, 0,[ 83, 17]],

[ 97, 75, 1,[ 43, 5, 11, 79, 26]],

[ 59, 65, 0,[ 28, 3, 86]],

[ 78, 65, 0,[ 61, 90, 92, 54]],

[ 30, 65, 0,[ 87, 34, 14]],

[ 32, 95, 0,[ 1, 75, 72]],

[ 48, 85, 0,[ 65]],

[ 38, 85, 0,[ 6, 85]],

