[ 85, 85, 0,[ 4, 38]],

[ 81, 45, 1,[ 37, 50, 96, 1, 26, 20, 90]],

[ 68, 85, 1,[ 25, 9, 40, 77, 44, 4]],

[ 24, 15, 0,[ 89, 0, 70]],

[ 14, 45, 0,[ 8, 30, 54]],

[ 70, 45, 0,[ 24, 19, 5]],

[ 90, 45, 0,[ 78, 81]],

[ 31, 15, 0,[ 66, 7, 0]],

[ 86, 95, 0,[ 59, 20]],

[ 21, 75, 0,[ 11, 88, 52]],

[ 71, 75, 0,[ 35, 22, 51]],

[ 80, 65, 1,[ 12, 10, 77, 89, 76]],

[ 2, 5, 1,[ 89, 53, 79, 3, 54, 88, 99, 0, 52]],

[ 72, 95, 0,[ 51, 18, 32]],

[ 23, 75, 0,[ 5, 66, 29]],

[ 94, 25, 1,[ 92, 47, 33, 44]],

[ 1, 5, 0,[ 81, 45, 32, 12]],

[ 20, 65, 1,[ 81, 13, 65, 34, 86]],

[ 97, 55, 1,[ 26, 5, 11, 43, 79]],

[ 9, 65, 1,[ 64, 15, 68, 76, 57, 60]],

[ 52, 95, 1,[ 7, 2, 58, 91, 21]],

[ 56, 85, 0,[ 96, 47, 65]],

[ 18, 95, 1,[ 67, 72, 11, 47]],

[ 67, 95, 0,[ 49, 89, 83, 18]],

[ 34, 65, 1,[ 20, 82, 4, 7, 30]],

[ 76, 75, 1,[ 7, 58, 9, 80, 50]],

[ 36, 75, 0,[ 4, 66, 28]],

[ 65, 85, 1,[ 0, 20, 56, 46, 53, 48]],

[ 62, 45, 1,[ 60, 82, 99, 6]],

[ 69, 75, 0,[ 35, 45]],

[ 10, 65, 0,[ 80]],

[ 32, 5, 0,[ 1, 72, 75]],

[ 66, 75, 1,[ 36, 23, 47, 31, 0]],

[ 30, 65, 0,[ 14, 87, 34]],

[ 82, 65, 0,[ 3, 62, 34]],

[ 77, 5, 1,[ 80, 88, 46, 68, 27]],

[ 73, 15, 0,[ 0, 8, 96]],

[ 7, 15, 1,[ 31, 34, 76, 75, 52, 35]],

[ 43, 55, 1,[ 98, 97, 99, 17, 64]],

[ 93, 75, 1,[ 26, 95, 17, 60]],

[ 40, 15, 1,[ 6, 13, 26, 49, 68]],

[ 16, 85, 0,[ 41]],

[ 51, 65, 0,[ 72, 25, 71]],

[ 64, 45, 1,[ 9, 4, 43, 63, 89]],

[ 95, 5, 0,[ 93, 96]],

[ 99, 15, 1,[ 5, 62, 2, 74, 43]],

[ 75, 15, 0,[ 26, 32, 7]],

[ 47, 75, 0,[ 18, 66, 94, 56]],

[ 35, 75, 1,[ 7, 33, 8, 71, 69]],

[ 55, 55, 1,[ 15, 13, 29, 28, 0]],

[ 59, 95, 0,[ 3, 86, 28]],

[ 48, 85, 0,[ 65]],

[ 61, 65, 1,[ 11, 78, 27, 29]],

[ 54, 45, 1,[ 2, 19, 14, 63, 6, 78]],

[ 58, 85, 1,[ 76, 44, 53, 52, 79, 46]],

[ 37, 45, 0,[ 81, 5, 15]],

[ 92, 5, 1,[ 78, 12, 84, 15, 94]],

[ 53, 85, 0,[ 58, 65, 2]],

[ 17, 55, 0,[ 93, 42, 43, 29]],

[ 78, 25, 1,[ 90, 92, 54, 61]],

[ 3, 55, 1,[ 2, 0, 82, 59]],

[ 96, 5, 1,[ 6, 73, 81, 56, 50, 95]],

[ 49, 95, 1,[ 44, 28, 0, 67, 84, 40]],

[ 27, 25, 1,[ 61, 89, 15, 77]],

[ 44, 25, 1,[ 68, 0, 58, 94, 49, 4]],

[ 74, 15, 0,[ 99]],

[ 45, 15, 0,[ 69, 50, 1]],

[ 84, 25, 1,[ 12, 8, 92, 33, 49]],

[ 25, 85, 0,[ 51, 68]],

[ 87, 75, 0,[ 8, 11, 30]],

[ 98, 55, 0,[ 43]],

[ 89, 35, 1,[ 80, 24, 27, 2, 64, 67]],

[ 26, 35, 1,[ 81, 75, 93, 79, 91, 40, 97]],

[ 46, 35, 1,[ 58, 65, 77, 8]],

[ 4, 85, 1,[ 68, 34, 36, 44, 85, 64]],

[ 12, 5, 1,[ 80, 92, 83, 84, 1]],

[ 28, 95, 0,[ 59, 55, 49, 36]],

[ 50, 15, 1,[ 96, 45, 76, 22, 81]],

[ 5, 65, 1,[ 23, 37, 70, 97, 99]],

[ 6, 85, 1,[ 41, 54, 38, 96, 62, 40]],

[ 11, 75, 1,[ 61, 21, 18, 79, 97, 63, 87]],

[ 39, 25, 0,[ 29]],

[ 15, 95, 1,[ 92, 55, 9, 27, 37]],

[ 60, 65, 0,[ 62, 9, 93]],

[ 19, 45, 0,[ 70, 54]],

[ 63, 45, 0,[ 54, 11, 64]],

[ 88, 5, 0,[ 2, 77, 21]],

[ 91, 35, 0,[ 52, 26]],

[ 38, 85, 0,[ 6, 85]],

[ 8, 35, 1,[ 35, 87, 84, 46, 14, 73]],

[ 79, 75, 1,[ 97, 58, 2, 11, 26, 41]],

[ 41, 85, 0,[ 79, 16, 6]],

[ 22, 15, 0,[ 71, 50]],

[ 13, 55, 1,[ 55, 40, 0, 20]],

[ 42, 55, 0,[ 17, 83]],

[ 29, 25, 1,[ 23, 17, 61, 55, 39]],

[ 57, 65, 0,[ 9]],

[ 33, 25, 0,[ 35, 84, 94]],

[ 83, 5, 0,[ 12, 67, 42]],

[ 0, 15, 1,[ 55, 13, 66, 44, 49, 31, 73, 2, 3, 24, 65]],

