[ 62, 5, 0,[ 60, 82, 99, 6]],

[ 0, 5, 0,[ 3, 66, 73, 24, 44, 49, 65, 31, 13, 2, 55]],

[ 46, 5, 0,[ 8, 65, 58, 77]],

[ 34, 5, 0,[ 20, 7, 4, 82, 30]],

[ 2, 5, 0,[ 79, 89, 99, 88, 52, 0, 54, 53, 3]],

[ 48, 5, 0,[ 65]],

[ 11, 5, 0,[ 18, 21, 61, 97, 63, 79, 87]],

[ 67, 5, 0,[ 89, 83, 18, 49]],

[ 29, 5, 0,[ 55, 23, 17, 39, 61]],

[ 33, 5, 0,[ 94, 84, 35]],

[ 8, 25, 0,[ 87, 35, 84, 73, 14, 46]],

[ 15, 5, 0,[ 55, 27, 37, 9, 92]],

[ 28, 5, 0,[ 55, 49, 59, 36]],

[ 57, 65, 1,[ 9]],

[ 78, 5, 0,[ 54, 92, 90, 61]],

[ 10, 75, 1,[ 80]],

[ 49, 5, 0,[ 40, 28, 44, 84, 0, 67]],

[ 7, 5, 0,[ 34, 52, 31, 75, 76, 35]],

[ 39, 75, 1,[ 29]],

[ 31, 5, 0,[ 7, 0, 66]],

[ 60, 5, 0,[ 62, 9, 93]],

[ 1, 25, 0,[ 12, 81, 32, 45]],

[ 18, 5, 0,[ 67, 47, 11, 72]],

[ 95, 25, 1,[ 96, 93]],

[ 97, 5, 0,[ 11, 79, 26, 5, 43]],

[ 66, 5, 0,[ 23, 31, 47, 0, 36]],

[ 69, 25, 0,[ 35, 45]],

[ 26, 5, 0,[ 79, 97, 40, 75, 93, 81, 91]],

[ 47, 5, 0,[ 56, 94, 66, 18]],

[ 64, 5, 0,[ 63, 89, 9, 43, 4]],

[ 90, 25, 1,[ 81, 78]],

[ 89, 5, 0,[ 2, 24, 27, 64, 80, 67]],

[ 77, 5, 0,[ 80, 27, 46, 68, 88]],

[ 12, 5, 0,[ 80, 83, 92, 84, 1]],

[ 99, 5, 0,[ 74, 43, 2, 62, 5]],

[ 13, 5, 0,[ 40, 20, 55, 0]],

[ 96, 25, 0,[ 56, 6, 95, 73, 81, 50]],

[ 25, 25, 0,[ 68, 51]],

[ 79, 5, 0,[ 11, 58, 26, 97, 41, 2]],

[ 53, 5, 0,[ 58, 65, 2]],

[ 21, 5, 0,[ 52, 88, 11]],

[ 6, 5, 0,[ 96, 62, 40, 54, 38, 41]],

[ 76, 5, 0,[ 7, 9, 80, 50, 58]],

[ 63, 5, 0,[ 64, 11, 54]],

[ 83, 5, 0,[ 42, 67, 12]],

[ 92, 5, 0,[ 94, 84, 12, 78, 15]],

[ 65, 5, 0,[ 53, 0, 56, 48, 20, 46]],

[ 82, 5, 0,[ 34, 62, 3]],

[ 58, 5, 0,[ 46, 79, 52, 53, 76, 44]],

[ 5, 5, 0,[ 70, 99, 37, 97, 23]],

[ 54, 5, 0,[ 2, 6, 19, 14, 78, 63]],

[ 94, 5, 0,[ 47, 33, 44, 92]],

[ 22, 25, 0,[ 50, 71]],

[ 52, 5, 0,[ 2, 21, 91, 58, 7]],

[ 50, 25, 0,[ 96, 76, 45, 81, 22]],

[ 88, 5, 0,[ 77, 21, 2]],

[ 30, 25, 0,[ 87, 34, 14]],

[ 9, 5, 0,[ 64, 68, 76, 15, 60, 57]],

[ 24, 5, 0,[ 70, 89, 0]],

[ 80, 5, 0,[ 12, 77, 89, 10, 76]],

[ 51, 25, 0,[ 72, 25, 71]],

[ 73, 25, 0,[ 0, 96, 8]],

[ 14, 25, 0,[ 30, 54, 8]],

[ 59, 5, 0,[ 3, 28, 86]],

[ 16, 75, 1,[ 41]],

[ 98, 5, 1,[ 43]],

[ 45, 25, 0,[ 1, 50, 69]],

[ 40, 5, 0,[ 13, 6, 68, 26, 49]],

[ 74, 45, 1,[ 99]],

[ 35, 25, 0,[ 7, 33, 8, 69, 71]],

[ 19, 5, 0,[ 54, 70]],

[ 55, 5, 0,[ 29, 13, 15, 0, 28]],

[ 86, 35, 1,[ 59, 20]],

[ 75, 5, 0,[ 26, 7, 32]],

[ 87, 25, 0,[ 30, 8, 11]],

[ 32, 25, 0,[ 72, 75, 1]],

[ 3, 5, 0,[ 0, 59, 82, 2]],

[ 38, 5, 0,[ 6, 85]],

[ 17, 5, 0,[ 43, 29, 42, 93]],

[ 20, 5, 0,[ 34, 81, 86, 65, 13]],

[ 23, 5, 0,[ 29, 66, 5]],

[ 91, 5, 0,[ 26, 52]],

[ 36, 5, 0,[ 66, 28, 4]],

[ 85, 5, 0,[ 38, 4]],

[ 68, 5, 0,[ 4, 77, 25, 9, 44, 40]],

[ 56, 5, 0,[ 65, 96, 47]],

[ 4, 5, 0,[ 85, 44, 36, 68, 34, 64]],

[ 42, 65, 1,[ 17, 83]],

[ 61, 5, 0,[ 11, 78, 29, 27]],

[ 71, 25, 0,[ 22, 35, 51]],

[ 43, 5, 0,[ 64, 97, 17, 99, 98]],

[ 27, 5, 0,[ 61, 77, 89, 15]],

[ 70, 5, 0,[ 19, 24, 5]],

[ 37, 5, 0,[ 15, 5, 81]],

[ 81, 25, 0,[ 26, 37, 50, 20, 90, 96, 1]],

[ 44, 5, 0,[ 0, 58, 4, 94, 68, 49]],

[ 72, 25, 0,[ 51, 18, 32]],

[ 84, 5, 0,[ 92, 12, 33, 8, 49]],

[ 41, 5, 0,[ 79, 16, 6]],

[ 93, 5, 0,[ 60, 17, 95, 26]],

