[ 96, 75, 1,[ 81, 50, 73, 95, 6, 56]],

[ 89, 55, 1,[ 80, 24, 67, 2, 64, 27]],

[ 40, 95, 1,[ 49, 6, 13, 68, 26]],

[ 82, 55, 0,[ 62, 34, 3]],

[ 93, 85, 1,[ 26, 95, 60, 17]],

[ 92, 25, 1,[ 78, 12, 94, 15, 84]],

[ 43, 45, 1,[ 98, 64, 17, 97, 99]],

[ 53, 55, 0,[ 65, 2, 58]],

[ 37, 15, 0,[ 81, 5, 15]],

[ 29, 5, 1,[ 23, 61, 17, 55, 39]],

[ 70, 25, 0,[ 19, 24, 5]],

[ 57, 25, 0,[ 9]],

[ 5, 25, 1,[ 70, 99, 37, 97, 23]],

[ 41, 65, 0,[ 6, 79, 16]],

[ 73, 55, 0,[ 96, 8, 0]],

[ 30, 55, 0,[ 14, 34, 87]],

[ 45, 15, 0,[ 50, 1, 69]],

[ 34, 55, 1,[ 30, 20, 4, 82, 7]],

[ 65, 55, 1,[ 0, 56, 53, 20, 46, 48]],

[ 94, 25, 0,[ 47, 92, 44, 33]],

[ 36, 45, 0,[ 66, 28, 4]],

[ 54, 25, 1,[ 14, 63, 6, 19, 78, 2]],

[ 56, 55, 0,[ 96, 47, 65]],

[ 78, 85, 1,[ 61, 54, 90, 92]],

[ 14, 55, 0,[ 30, 54, 8]],

[ 35, 35, 1,[ 69, 33, 8, 7, 71]],

[ 16, 65, 0,[ 41]],

[ 39, 5, 0,[ 29]],

[ 24, 55, 0,[ 70, 0, 89]],

[ 72, 15, 0,[ 18, 51, 32]],

[ 17, 85, 0,[ 43, 29, 42, 93]],

[ 51, 15, 0,[ 25, 71, 72]],

[ 4, 15, 1,[ 36, 85, 34, 44, 64, 68]],

[ 7, 85, 1,[ 31, 34, 35, 52, 75, 76]],

[ 15, 15, 1,[ 92, 37, 27, 55, 9]],

[ 20, 85, 1,[ 86, 34, 65, 81, 13]],

[ 76, 65, 1,[ 50, 58, 7, 80, 9]],

[ 85, 15, 0,[ 38, 4]],

[ 18, 35, 1,[ 67, 72, 47, 11]],

[ 22, 15, 0,[ 71, 50]],

[ 64, 85, 1,[ 89, 4, 9, 43, 63]],

[ 52, 45, 1,[ 58, 91, 7, 21, 2]],

[ 88, 15, 0,[ 21, 77, 2]],

[ 79, 65, 1,[ 41, 11, 2, 97, 58, 26]],

[ 8, 55, 1,[ 84, 87, 46, 35, 14, 73]],

[ 28, 45, 1,[ 55, 36, 59, 49]],

[ 83, 85, 0,[ 42, 67, 12]],

[ 62, 75, 1,[ 6, 60, 82, 99]],

[ 91, 35, 0,[ 26, 52]],

[ 6, 35, 1,[ 38, 96, 54, 62, 41, 40]],

[ 1, 15, 0,[ 81, 12, 45, 32]],

[ 63, 15, 0,[ 11, 54, 64]],

[ 67, 85, 1,[ 89, 83, 18, 49]],

[ 75, 35, 0,[ 26, 32, 7]],

[ 47, 65, 1,[ 94, 18, 56, 66]],

[ 9, 25, 1,[ 60, 68, 64, 15, 57, 76]],

[ 80, 95, 1,[ 76, 77, 12, 10, 89]],

[ 95, 85, 0,[ 93, 96]],

[ 97, 75, 1,[ 26, 43, 5, 11, 79]],

[ 50, 15, 1,[ 76, 81, 96, 45, 22]],

[ 58, 45, 1,[ 44, 52, 76, 79, 53, 46]],

[ 81, 15, 1,[ 50, 90, 1, 20, 37, 96, 26]],

[ 10, 95, 0,[ 80]],

[ 49, 85, 1,[ 28, 40, 67, 44, 0, 84]],

[ 23, 5, 0,[ 66, 29, 5]],

[ 55, 55, 1,[ 28, 15, 0, 13, 29]],

[ 44, 55, 1,[ 0, 68, 4, 94, 58, 49]],

[ 84, 85, 1,[ 33, 49, 92, 8, 12]],

[ 74, 55, 0,[ 99]],

[ 46, 75, 1,[ 58, 65, 77, 8]],

[ 48, 55, 0,[ 65]],

[ 38, 35, 0,[ 85, 6]],

[ 66, 5, 1,[ 0, 36, 31, 47, 23]],

[ 90, 85, 0,[ 81, 78]],

[ 77, 35, 1,[ 68, 88, 27, 80, 46]],

[ 86, 85, 0,[ 20, 59]],

[ 31, 5, 0,[ 66, 0, 7]],

[ 19, 25, 0,[ 54, 70]],

[ 2, 15, 1,[ 53, 88, 0, 99, 54, 52, 3, 89, 79]],

[ 12, 45, 1,[ 84, 80, 92, 83, 1]],

[ 25, 15, 0,[ 68, 51]],

[ 99, 55, 1,[ 62, 5, 2, 43, 74]],

[ 26, 35, 1,[ 81, 79, 75, 93, 40, 91, 97]],

[ 59, 45, 0,[ 86, 3, 28]],

[ 60, 85, 0,[ 93, 9, 62]],

[ 98, 45, 0,[ 43]],

[ 0, 55, 1,[ 73, 31, 13, 44, 24, 65, 2, 66, 49, 3, 55]],

[ 32, 15, 0,[ 75, 1, 72]],

[ 68, 15, 1,[ 4, 9, 40, 25, 77, 44]],

[ 33, 25, 0,[ 35, 84, 94]],

[ 13, 55, 0,[ 20, 0, 40, 55]],

[ 71, 15, 0,[ 35, 22, 51]],

[ 61, 15, 1,[ 27, 78, 29, 11]],

[ 42, 85, 0,[ 83, 17]],

[ 11, 15, 1,[ 87, 97, 61, 18, 63, 79, 21]],

[ 87, 55, 0,[ 8, 11, 30]],

[ 69, 15, 0,[ 35, 45]],

[ 3, 55, 1,[ 59, 0, 2, 82]],

[ 27, 15, 0,[ 77, 15, 89, 61]],

[ 21, 15, 0,[ 88, 11, 52]],

