[ 50, 45, 0,[ 76, 22, 96, 81, 45]],

[ 15, 45, 0,[ 55, 27, 9, 37, 92]],

[ 49, 45, 0,[ 67, 44, 0, 28, 84, 40]],

[ 84, 45, 0,[ 49, 33, 12, 92, 8]],

[ 3, 45, 0,[ 82, 59, 2, 0]],

[ 71, 5, 0,[ 22, 51, 35]],

[ 23, 45, 0,[ 5, 66, 29]],

[ 24, 45, 0,[ 89, 0, 70]],

[ 32, 45, 0,[ 75, 72, 1]],

[ 46, 45, 0,[ 58, 8, 77, 65]],

[ 97, 45, 0,[ 5, 11, 26, 43, 79]],

[ 21, 45, 0,[ 88, 52, 11]],

[ 25, 95, 0,[ 68, 51]],

[ 95, 55, 1,[ 96, 93]],

[ 79, 45, 0,[ 26, 97, 11, 2, 41, 58]],

[ 74, 5, 1,[ 99]],

[ 51, 75, 0,[ 25, 72, 71]],

[ 96, 45, 0,[ 50, 81, 56, 73, 6, 95]],

[ 57, 25, 1,[ 9]],

[ 30, 45, 0,[ 34, 14, 87]],

[ 9, 45, 0,[ 57, 76, 64, 15, 68, 60]],

[ 18, 45, 0,[ 67, 11, 47, 72]],

[ 6, 45, 0,[ 96, 41, 38, 62, 40, 54]],

[ 8, 45, 0,[ 35, 84, 87, 73, 14, 46]],

[ 42, 45, 0,[ 17, 83]],

[ 38, 45, 0,[ 6, 85]],

[ 53, 45, 0,[ 58, 2, 65]],

[ 91, 45, 0,[ 52, 26]],

[ 89, 45, 0,[ 67, 27, 24, 80, 2, 64]],

[ 75, 45, 0,[ 7, 32, 26]],

[ 27, 45, 0,[ 15, 89, 77, 61]],

[ 81, 45, 0,[ 37, 1, 50, 90, 20, 96, 26]],

[ 78, 45, 0,[ 90, 61, 54, 92]],

[ 44, 45, 0,[ 94, 58, 49, 68, 4, 0]],

[ 92, 45, 0,[ 84, 12, 15, 94, 78]],

[ 62, 45, 0,[ 60, 82, 6, 99]],

[ 4, 45, 0,[ 44, 36, 68, 34, 85, 64]],

[ 69, 5, 1,[ 45, 35]],

[ 85, 45, 0,[ 38, 4]],

[ 87, 45, 0,[ 8, 30, 11]],

[ 39, 45, 0,[ 29]],

[ 0, 45, 0,[ 65, 3, 44, 49, 73, 13, 24, 2, 55, 31, 66]],

[ 55, 45, 0,[ 0, 13, 29, 15, 28]],

[ 58, 45, 0,[ 53, 44, 76, 52, 79, 46]],

[ 48, 35, 1,[ 65]],

[ 54, 45, 0,[ 6, 19, 14, 63, 2, 78]],

[ 67, 45, 0,[ 89, 18, 83, 49]],

[ 68, 45, 0,[ 44, 9, 40, 4, 77, 25]],

[ 47, 45, 0,[ 94, 66, 18, 56]],

[ 34, 45, 0,[ 4, 30, 7, 20, 82]],

[ 52, 45, 0,[ 2, 91, 7, 58, 21]],

[ 73, 45, 0,[ 0, 8, 96]],

[ 61, 45, 0,[ 29, 27, 11, 78]],

[ 94, 45, 0,[ 33, 47, 44, 92]],

[ 65, 45, 0,[ 56, 53, 46, 48, 0, 20]],

[ 41, 45, 0,[ 79, 6, 16]],

[ 29, 45, 0,[ 23, 39, 61, 55, 17]],

[ 20, 45, 0,[ 81, 86, 13, 65, 34]],

[ 35, 45, 0,[ 8, 69, 33, 71, 7]],

[ 76, 45, 0,[ 58, 80, 50, 9, 7]],

[ 86, 45, 0,[ 20, 59]],

[ 31, 45, 0,[ 0, 66, 7]],

[ 63, 45, 0,[ 11, 64, 54]],

[ 99, 45, 0,[ 5, 74, 62, 2, 43]],

[ 98, 15, 1,[ 43]],

[ 1, 45, 0,[ 32, 81, 45, 12]],

[ 45, 45, 0,[ 1, 69, 50]],

[ 37, 45, 0,[ 5, 15, 81]],

[ 28, 45, 0,[ 36, 59, 55, 49]],

[ 60, 45, 0,[ 62, 93, 9]],

[ 19, 65, 1,[ 70, 54]],

[ 12, 45, 0,[ 84, 1, 80, 92, 83]],

[ 93, 45, 0,[ 95, 17, 26, 60]],

[ 64, 45, 0,[ 89, 63, 9, 4, 43]],

[ 43, 45, 0,[ 97, 17, 99, 98, 64]],

[ 5, 45, 0,[ 23, 97, 70, 99, 37]],

[ 90, 55, 1,[ 81, 78]],

[ 83, 45, 0,[ 42, 12, 67]],

[ 66, 45, 0,[ 23, 0, 36, 31, 47]],

[ 70, 45, 0,[ 19, 5, 24]],

[ 2, 45, 0,[ 89, 79, 54, 99, 53, 3, 0, 88, 52]],

[ 16, 45, 1,[ 41]],

[ 77, 45, 0,[ 80, 88, 27, 68, 46]],

[ 40, 45, 0,[ 49, 13, 6, 68, 26]],

[ 22, 5, 0,[ 50, 71]],

[ 14, 45, 0,[ 30, 54, 8]],

[ 56, 45, 0,[ 96, 47, 65]],

[ 80, 45, 0,[ 89, 76, 12, 77, 10]],

[ 82, 45, 0,[ 3, 34, 62]],

[ 36, 45, 0,[ 4, 66, 28]],

[ 13, 45, 0,[ 0, 55, 40, 20]],

[ 33, 45, 0,[ 94, 84, 35]],

[ 59, 45, 0,[ 28, 3, 86]],

[ 72, 45, 0,[ 18, 32, 51]],

[ 10, 25, 1,[ 80]],

[ 26, 45, 0,[ 75, 40, 79, 91, 97, 93, 81]],

[ 11, 45, 0,[ 79, 97, 21, 61, 18, 87, 63]],

[ 7, 45, 0,[ 75, 31, 34, 35, 76, 52]],

[ 17, 45, 0,[ 43, 93, 42, 29]],

[ 88, 45, 0,[ 77, 2, 21]],

