[ 79, 25, 0,[ 41, 11, 58, 2, 97, 26]],

[ 14, 85, 0,[ 30, 54, 8]],

[ 2, 25, 1,[ 99, 3, 89, 79, 54, 88, 0, 53, 52]],

[ 72, 35, 0,[ 32, 51, 18]],

[ 84, 35, 0,[ 12, 8, 49, 33, 92]],

[ 54, 25, 1,[ 63, 19, 14, 2, 78, 6]],

[ 59, 65, 0,[ 28, 3, 86]],

[ 50, 15, 0,[ 22, 76, 96, 81, 45]],

[ 32, 35, 0,[ 75, 72, 1]],

[ 33, 45, 0,[ 35, 94, 84]],

[ 5, 75, 0,[ 99, 97, 23, 37, 70]],

[ 16, 25, 0,[ 41]],

[ 80, 35, 0,[ 89, 12, 77, 76, 10]],

[ 42, 65, 0,[ 17, 83]],

[ 45, 25, 0,[ 1, 69, 50]],

[ 98, 5, 0,[ 43]],

[ 75, 25, 0,[ 32, 26, 7]],

[ 9, 85, 0,[ 68, 15, 76, 60, 57, 64]],

[ 3, 25, 0,[ 2, 82, 0, 59]],

[ 73, 15, 0,[ 0, 96, 8]],

[ 63, 45, 0,[ 11, 54, 64]],

[ 7, 25, 0,[ 31, 34, 76, 52, 75, 35]],

[ 83, 55, 0,[ 12, 42, 67]],

[ 10, 45, 0,[ 80]],

[ 66, 25, 0,[ 36, 0, 31, 23, 47]],

[ 44, 25, 0,[ 0, 4, 94, 58, 68, 49]],

[ 90, 75, 0,[ 78, 81]],

[ 67, 55, 0,[ 83, 18, 89, 49]],

[ 65, 25, 0,[ 56, 48, 20, 46, 0, 53]],

[ 52, 25, 0,[ 7, 91, 21, 58, 2]],

[ 51, 65, 0,[ 25, 72, 71]],

[ 77, 35, 0,[ 46, 80, 88, 27, 68]],

[ 74, 75, 0,[ 99]],

[ 53, 25, 0,[ 2, 58, 65]],

[ 40, 55, 0,[ 13, 6, 49, 68, 26]],

[ 39, 25, 0,[ 29]],

[ 64, 85, 0,[ 4, 63, 89, 9, 43]],

[ 8, 75, 0,[ 73, 35, 14, 84, 87, 46]],

[ 27, 35, 0,[ 89, 77, 15, 61]],

[ 21, 65, 0,[ 88, 11, 52]],

[ 97, 75, 0,[ 26, 5, 11, 43, 79]],

[ 94, 45, 0,[ 44, 47, 33, 92]],

[ 47, 45, 0,[ 66, 94, 18, 56]],

[ 68, 45, 1,[ 25, 9, 4, 44, 40, 77]],

[ 55, 55, 0,[ 0, 15, 13, 28, 29]],

[ 95, 55, 0,[ 93, 96]],

[ 70, 75, 0,[ 19, 24, 5]],

[ 13, 55, 0,[ 20, 40, 55, 0]],

[ 43, 5, 0,[ 17, 98, 64, 97, 99]],

[ 86, 65, 0,[ 59, 20]],

[ 12, 35, 0,[ 83, 84, 92, 1, 80]],

[ 92, 35, 0,[ 78, 94, 84, 12, 15]],

[ 46, 25, 0,[ 77, 8, 65, 58]],

[ 93, 5, 0,[ 95, 60, 26, 17]],

[ 99, 75, 0,[ 43, 62, 2, 74, 5]],

[ 87, 75, 0,[ 30, 8, 11]],

[ 36, 55, 0,[ 66, 4, 28]],

[ 22, 15, 0,[ 50, 71]],

[ 15, 35, 0,[ 55, 9, 27, 37, 92]],

[ 57, 75, 0,[ 9]],

[ 41, 25, 0,[ 16, 79, 6]],

[ 35, 45, 0,[ 69, 8, 33, 71, 7]],

[ 82, 35, 0,[ 62, 3, 34]],

[ 56, 45, 0,[ 96, 47, 65]],

[ 60, 5, 0,[ 62, 9, 93]],

[ 30, 35, 0,[ 14, 87, 34]],

[ 91, 75, 0,[ 26, 52]],

[ 19, 25, 0,[ 54, 70]],

[ 85, 85, 0,[ 38, 4]],

[ 69, 85, 0,[ 45, 35]],

[ 25, 75, 0,[ 51, 68]],

[ 4, 55, 1,[ 36, 85, 68, 44, 64, 34]],

[ 38, 95, 0,[ 85, 6]],

[ 89, 35, 0,[ 80, 2, 24, 64, 67, 27]],

[ 37, 35, 0,[ 15, 81, 5]],

[ 28, 55, 0,[ 36, 55, 59, 49]],

[ 29, 5, 0,[ 17, 23, 55, 39, 61]],

[ 11, 45, 1,[ 63, 61, 79, 21, 97, 87, 18]],

[ 1, 35, 0,[ 81, 12, 32, 45]],

[ 49, 25, 0,[ 0, 44, 28, 67, 84, 40]],

[ 71, 55, 0,[ 35, 22, 51]],

[ 61, 5, 0,[ 11, 29, 78, 27]],

[ 48, 25, 0,[ 65]],

[ 18, 45, 0,[ 11, 72, 47, 67]],

[ 34, 35, 0,[ 82, 4, 20, 7, 30]],

[ 23, 35, 0,[ 5, 29, 66]],

[ 24, 75, 0,[ 70, 89, 0]],

[ 17, 5, 0,[ 29, 43, 42, 93]],

[ 96, 15, 0,[ 73, 50, 56, 81, 95, 6]],

[ 76, 25, 0,[ 50, 7, 58, 80, 9]],

[ 62, 95, 0,[ 99, 82, 6, 60]],

[ 0, 25, 1,[ 73, 31, 65, 66, 55, 13, 24, 2, 49, 3, 44]],

[ 31, 25, 0,[ 0, 7, 66]],

[ 20, 35, 0,[ 81, 13, 86, 65, 34]],

[ 6, 95, 1,[ 96, 54, 40, 62, 38, 41]],

[ 78, 85, 0,[ 92, 54, 61, 90]],

[ 88, 35, 0,[ 77, 2, 21]],

[ 81, 35, 1,[ 50, 26, 90, 20, 1, 96, 37]],

[ 26, 85, 1,[ 79, 97, 93, 75, 40, 81, 91]],

[ 58, 25, 1,[ 76, 46, 44, 79, 52, 53]],

