[ 16, 65, 1,[ 92, 37, 22, 18]],

[ 1, 65, 0,[ 66, 24, 94, 6, 23]],

[ 11, 65, 0,[ 5, 97, 71, 7]],

[ 73, 55, 1,[ 85, 27, 78, 93, 43, 81]],

[ 59, 55, 1,[ 3, 29, 76, 50, 48, 47]],

[ 81, 85, 0,[ 73, 41, 40]],

[ 61, 65, 0,[ 14, 38, 75]],

[ 2, 65, 0,[ 0, 33, 10]],

[ 66, 45, 0,[ 1, 67, 9, 41]],

[ 96, 65, 0,[ 12, 99, 71, 31]],

[ 72, 5, 1,[ 92, 34, 40, 9, 49]],

[ 49, 65, 0,[ 97, 39, 72]],

[ 84, 65, 0,[ 58, 25, 32, 69, 95]],

[ 13, 5, 1,[ 93, 94, 58, 77]],

[ 56, 15, 1,[ 29, 32, 83]],

[ 75, 55, 1,[ 5, 63, 61, 88]],

[ 47, 85, 0,[ 34, 82, 39, 51, 59]],

[ 6, 65, 0,[ 10, 53, 1]],

[ 91, 5, 1,[ 76, 65, 28, 68]],

[ 4, 45, 0,[ 69, 57, 33]],

[ 64, 85, 0,[ 45, 78, 85]],

[ 27, 65, 0,[ 67, 73, 48]],

[ 32, 15, 1,[ 56, 50, 84]],

[ 24, 65, 1,[ 1, 46, 42]],

[ 93, 85, 0,[ 13, 38, 73]],

[ 74, 5, 1,[ 19, 51, 50]],

[ 54, 45, 0,[ 82, 17, 30]],

[ 65, 85, 0,[ 90, 55, 91, 62]],

[ 90, 65, 1,[ 23, 46, 18, 65]],

[ 60, 35, 1,[ 52, 25, 86, 53]],

[ 76, 85, 0,[ 59, 14, 91, 80]],

[ 63, 5, 1,[ 15, 75, 57, 86]],

[ 5, 65, 0,[ 86, 75, 11]],

[ 78, 85, 1,[ 17, 43, 83, 64, 73]],

[ 58, 5, 0,[ 21, 13, 94, 84]],

[ 68, 65, 0,[ 91, 45, 0]],

[ 52, 45, 0,[ 60, 67, 95]],

[ 79, 65, 0,[ 87, 46, 98]],

[ 10, 85, 1,[ 50, 2, 6]],

[ 43, 55, 0,[ 78, 70, 73]],

[ 28, 85, 0,[ 91, 19, 22]],

[ 67, 45, 0,[ 66, 3, 27, 52]],

[ 20, 65, 0,[ 83, 94, 48]],

[ 42, 15, 1,[ 7, 51, 35, 26, 24]],

[ 57, 65, 0,[ 4, 26, 21, 15, 63]],

[ 35, 65, 0,[ 42, 53, 82]],

[ 80, 65, 0,[ 19, 82, 76]],

[ 23, 85, 1,[ 1, 90, 31]],

[ 14, 95, 1,[ 76, 61, 46]],

[ 46, 25, 1,[ 44, 90, 51, 79, 24, 14]],

[ 83, 65, 1,[ 20, 78, 56]],

[ 37, 85, 1,[ 22, 16, 82, 12]],

[ 98, 15, 1,[ 30, 79]],

[ 89, 15, 0,[ 41, 51]],

[ 41, 35, 1,[ 66, 89, 81]],

[ 48, 25, 1,[ 20, 88, 18, 59, 27, 19, 99]],

[ 38, 45, 1,[ 61, 7, 93]],

[ 97, 65, 0,[ 49, 94, 11]],

[ 77, 65, 0,[ 51, 13, 21, 39]],

[ 53, 75, 1,[ 60, 35, 62, 6]],

[ 12, 85, 0,[ 96, 25, 37]],

[ 82, 5, 1,[ 80, 37, 54, 47, 35]],

[ 85, 65, 1,[ 73, 87, 64, 29]],

[ 31, 65, 1,[ 23, 95, 96]],

[ 39, 95, 1,[ 0, 47, 77, 49]],

[ 51, 85, 1,[ 47, 40, 74, 46, 42, 62, 89, 77]],

[ 22, 85, 1,[ 16, 37, 28]],

[ 71, 45, 1,[ 11, 92, 96]],

[ 87, 35, 1,[ 79, 69, 85]],

[ 94, 35, 1,[ 97, 20, 13, 58, 1]],

[ 55, 85, 0,[ 33, 65, 70]],

[ 25, 45, 1,[ 84, 60, 12]],

[ 92, 85, 0,[ 16, 71, 72]],

[ 33, 45, 1,[ 99, 55, 4, 2, 17, 36, 8]],

[ 69, 85, 1,[ 84, 87, 4]],

[ 3, 45, 1,[ 67, 59, 30]],

[ 30, 15, 1,[ 3, 8, 98, 54]],

[ 45, 95, 1,[ 8, 68, 15, 64]],

[ 21, 75, 1,[ 57, 77, 58]],

[ 62, 85, 0,[ 65, 51, 53]],

[ 8, 65, 0,[ 30, 33, 45]],

[ 26, 65, 0,[ 57, 42, 88]],

[ 29, 5, 0,[ 59, 85, 56]],

[ 7, 65, 0,[ 18, 42, 11, 38]],

[ 44, 65, 0,[ 46, 19]],

[ 88, 35, 1,[ 48, 26, 75]],

[ 34, 85, 0,[ 47, 19, 72]],

[ 99, 85, 0,[ 48, 33, 96]],

[ 17, 45, 0,[ 78, 54, 18, 33]],

[ 70, 35, 1,[ 43, 55, 36, 19]],

[ 0, 65, 0,[ 39, 2, 68]],

[ 19, 35, 1,[ 70, 48, 34, 28, 74, 44, 80]],

[ 40, 85, 0,[ 72, 51, 81]],

[ 15, 65, 0,[ 45, 95, 57, 63]],

[ 9, 5, 0,[ 72, 66]],

[ 36, 65, 1,[ 70, 33]],

[ 18, 65, 1,[ 90, 16, 48, 17, 7]],

[ 86, 85, 1,[ 5, 60, 63]],

[ 95, 25, 1,[ 52, 15, 84, 31]],

[ 50, 85, 0,[ 59, 74, 32, 10]],

