[ 88, 35, 0,[ 57, 43, 67]],

[ 42, 35, 0,[ 74, 76, 47, 64]],

[ 2, 35, 0,[ 97, 66, 90]],

[ 73, 15, 0,[ 22, 38, 57]],

[ 14, 35, 0,[ 71, 17, 61]],

[ 79, 35, 0,[ 89, 51, 83]],

[ 74, 75, 0,[ 42, 48, 38]],

[ 10, 35, 1,[ 0, 58, 54, 68, 70, 95, 72, 65]],

[ 87, 35, 0,[ 33, 31, 18]],

[ 32, 35, 0,[ 55, 84, 17]],

[ 91, 45, 1,[ 85, 15, 96, 90, 29, 17, 34, 44, 75, 31, 19, 98, 52, 33, 82, 99, 3]],

[ 29, 35, 0,[ 91, 64, 22]],

[ 97, 35, 0,[ 72, 2, 4]],

[ 13, 35, 0,[ 57, 4, 17]],

[ 45, 35, 0,[ 62, 18, 55]],

[ 65, 35, 0,[ 38, 23, 10]],

[ 20, 75, 0,[ 66, 25, 38]],

[ 82, 35, 0,[ 91, 6, 11]],

[ 49, 45, 0,[ 22, 35, 38]],

[ 80, 35, 0,[ 76, 7, 56]],

[ 75, 75, 0,[ 71, 91, 60]],

[ 85, 45, 0,[ 91, 35, 15]],

[ 22, 35, 1,[ 76, 36, 73, 49, 29, 21, 38, 69, 37]],

[ 57, 15, 1,[ 13, 88, 37, 24, 73]],

[ 70, 35, 0,[ 68, 53, 40, 50, 10]],

[ 64, 35, 0,[ 8, 40, 42, 38, 29]],

[ 59, 35, 0,[ 46, 54, 63]],

[ 93, 75, 0,[ 1, 38, 60]],

[ 94, 35, 0,[ 83, 48]],

[ 89, 35, 0,[ 28, 48, 61, 25, 79]],

[ 15, 45, 0,[ 91, 85, 77]],

[ 48, 25, 1,[ 44, 5, 89, 94, 23, 26, 74, 90, 92]],

[ 26, 25, 0,[ 53, 19, 48]],

[ 51, 35, 0,[ 1, 96, 99, 98, 79]],

[ 23, 35, 0,[ 95, 47, 48, 65]],

[ 84, 35, 0,[ 32]],

[ 60, 75, 0,[ 93, 31, 75, 8]],

[ 50, 35, 0,[ 1, 18, 44, 81, 63, 70, 98]],

[ 5, 35, 0,[ 48, 92, 67]],

[ 24, 35, 0,[ 81, 57, 17]],

[ 81, 35, 0,[ 71, 50, 98, 86, 24]],

[ 99, 45, 0,[ 51, 35, 91]],

[ 62, 35, 0,[ 45, 90, 98]],

[ 33, 35, 0,[ 90, 87, 38, 91]],

[ 83, 35, 0,[ 94, 1, 63, 79]],

[ 39, 15, 1,[ 78, 69, 0]],

[ 0, 35, 0,[ 61, 12, 10, 39, 16]],

[ 67, 35, 0,[ 7, 5, 88]],

[ 6, 35, 0,[ 46, 56, 82]],

[ 11, 35, 0,[ 34, 77, 82]],

[ 92, 35, 0,[ 5, 30, 27, 48]],

[ 69, 5, 1,[ 52, 39, 71, 22]],

[ 77, 35, 0,[ 11, 55, 15, 68]],

[ 63, 35, 0,[ 58, 59, 50, 83, 52]],

[ 38, 75, 1,[ 98, 4, 22, 64, 49, 74, 73, 25, 20, 93, 37, 33, 78, 30, 21, 65]],

[ 30, 35, 0,[ 92, 4, 38]],

[ 61, 35, 0,[ 0, 89, 14]],

[ 96, 35, 0,[ 91, 51, 41]],

[ 16, 5, 1,[ 21, 12, 36, 0]],

[ 40, 35, 0,[ 46, 70, 64]],

[ 9, 35, 0,[ 28, 90, 46]],

[ 8, 35, 0,[ 64, 98, 60]],

[ 78, 75, 0,[ 38, 39, 31]],

[ 53, 35, 0,[ 98, 26, 70]],

[ 25, 75, 0,[ 20, 38, 89]],

[ 31, 75, 0,[ 78, 91, 60, 87]],

[ 66, 35, 0,[ 86, 2, 20]],

[ 54, 35, 0,[ 4, 59, 10]],

[ 43, 35, 0,[ 88, 12, 1]],

[ 7, 35, 0,[ 19, 80, 67, 98]],

[ 58, 35, 0,[ 44, 63, 10]],

[ 56, 35, 0,[ 6, 80]],

[ 72, 35, 0,[ 10, 97, 27]],

[ 1, 35, 0,[ 93, 51, 50, 43, 83]],

[ 34, 35, 0,[ 28, 11, 91]],

[ 71, 35, 0,[ 75, 14, 69, 81]],

[ 21, 35, 0,[ 22, 38, 16]],

[ 90, 35, 0,[ 9, 2, 91, 62, 48, 33]],

[ 35, 45, 0,[ 99, 49, 85]],

[ 76, 35, 0,[ 22, 98, 42, 80]],

[ 12, 35, 0,[ 16, 0, 43]],

[ 19, 25, 0,[ 26, 91, 7]],

[ 47, 35, 0,[ 86, 42, 23, 98]],

[ 3, 35, 0,[ 91, 41]],

[ 37, 75, 0,[ 57, 22, 38]],

[ 98, 95, 1,[ 51, 53, 55, 62, 47, 91, 76, 7, 28, 38, 8, 81, 50]],

[ 36, 35, 0,[ 22, 44, 16]],

[ 41, 35, 0,[ 3, 96, 4]],

[ 55, 35, 0,[ 27, 32, 98, 77, 45]],

[ 46, 35, 0,[ 9, 6, 40, 59]],

[ 95, 35, 0,[ 10, 23]],

[ 17, 35, 0,[ 32, 24, 18, 14, 13, 91]],

[ 52, 5, 0,[ 69, 63, 91]],

[ 44, 35, 0,[ 48, 58, 36, 91, 50]],

[ 18, 35, 0,[ 87, 50, 45, 17]],

[ 4, 35, 0,[ 30, 97, 13, 38, 54, 41]],

[ 27, 35, 0,[ 72, 92, 55]],

[ 86, 35, 0,[ 81, 47, 66]],

[ 68, 35, 0,[ 77, 70, 10]],

[ 28, 35, 0,[ 89, 34, 98, 9]],

