[ 7, 95, 0,[ 83, 43, 74]],

[ 75, 95, 0,[ 72, 20, 93, 11, 49]],

[ 26, 95, 0,[ 49, 32, 45]],

[ 52, 95, 0,[ 92, 16, 32]],

[ 40, 55, 0,[ 25, 16]],

[ 34, 95, 0,[ 68, 74]],

[ 90, 45, 1,[ 23, 18, 83]],

[ 54, 95, 0,[ 21, 19, 58, 57, 94]],

[ 84, 95, 0,[ 48, 33, 2]],

[ 24, 95, 0,[ 27, 91, 57]],

[ 95, 95, 0,[ 86, 83, 22]],

[ 2, 95, 0,[ 84, 43, 22]],

[ 79, 95, 0,[ 16, 70, 4, 47]],

[ 99, 95, 0,[ 42, 27, 86]],

[ 6, 65, 0,[ 5, 57, 16]],

[ 92, 95, 0,[ 52, 57, 87]],

[ 51, 95, 0,[ 36, 86, 13, 22]],

[ 98, 95, 0,[ 37, 10, 74]],

[ 0, 95, 0,[ 83, 16, 85, 50, 1]],

[ 71, 95, 0,[ 72, 70, 16]],

[ 11, 95, 0,[ 91, 75, 48]],

[ 13, 95, 0,[ 51, 78, 21, 4, 72]],

[ 12, 95, 0,[ 57, 97, 15]],

[ 22, 25, 1,[ 8, 81, 53, 51, 2, 85, 15, 33, 64, 95, 46, 43, 97, 45]],

[ 58, 95, 0,[ 55, 44, 54, 16]],

[ 47, 95, 0,[ 79, 48, 85]],

[ 83, 95, 0,[ 57, 90, 95, 7, 69, 0, 53, 5]],

[ 42, 95, 1,[ 64, 39, 60, 46, 36, 9, 69, 99, 89, 31]],

[ 36, 95, 0,[ 42, 51, 77, 46]],

[ 81, 95, 0,[ 59, 22, 88, 55, 82]],

[ 23, 45, 0,[ 97, 90, 60]],

[ 57, 65, 1,[ 54, 12, 6, 92, 44, 48, 20, 30, 83, 96, 73, 55, 24]],

[ 53, 95, 0,[ 22, 94, 83]],

[ 56, 95, 0,[ 16, 68, 25]],

[ 76, 95, 0,[ 19, 45]],

[ 62, 95, 0,[ 68, 35, 33]],

[ 89, 95, 0,[ 8, 63, 42]],

[ 60, 45, 0,[ 23, 42, 39, 61]],

[ 65, 95, 0,[ 18, 28, 48]],

[ 37, 95, 0,[ 82, 98]],

[ 44, 95, 0,[ 57, 9, 58]],

[ 48, 95, 1,[ 11, 82, 35, 65, 47, 80, 84, 67, 96, 57, 73, 33]],

[ 73, 65, 0,[ 48, 39, 57]],

[ 59, 95, 0,[ 50, 21, 10, 81]],

[ 39, 45, 1,[ 66, 70, 42, 73, 60, 94, 61]],

[ 14, 95, 0,[ 33, 16]],

[ 25, 95, 0,[ 40, 31, 56]],

[ 82, 95, 0,[ 81, 48, 37]],

[ 55, 95, 0,[ 58, 81, 57]],

[ 1, 95, 0,[ 46, 66, 0]],

[ 32, 95, 0,[ 74, 26, 52, 10, 4]],

[ 94, 95, 0,[ 53, 54, 74, 39]],

[ 8, 95, 0,[ 22, 10, 89]],

[ 33, 95, 0,[ 84, 38, 62, 48, 22, 14]],

[ 18, 95, 0,[ 65, 91, 90]],

[ 16, 55, 1,[ 0, 71, 93, 87, 58, 78, 14, 40, 56, 79, 52, 6, 38, 77, 67, 88, 3]],

[ 20, 95, 0,[ 75, 80, 57]],

[ 63, 95, 0,[ 80, 35, 89]],

[ 4, 95, 0,[ 79, 32, 93, 13]],

[ 97, 95, 0,[ 23, 41, 12, 22]],

[ 35, 95, 0,[ 48, 3, 87, 62, 63, 28]],

[ 5, 95, 0,[ 6, 83, 49]],

[ 49, 95, 0,[ 5, 75, 26]],

[ 85, 5, 1,[ 72, 69, 22, 47, 31, 0]],

[ 29, 95, 0,[ 50, 10, 74]],

[ 15, 95, 0,[ 17, 77, 12, 22]],

[ 10, 15, 1,[ 32, 61, 8, 88, 29, 17, 98, 59]],

[ 64, 95, 0,[ 43, 42, 22]],

[ 38, 95, 0,[ 66, 16, 33]],

[ 17, 95, 0,[ 80, 10, 15]],

[ 72, 95, 0,[ 85, 71, 13, 75, 74]],

[ 80, 95, 0,[ 17, 20, 63, 48]],

[ 78, 95, 0,[ 16, 68, 13]],

[ 77, 95, 0,[ 16, 15, 36]],

[ 27, 95, 0,[ 24, 99, 45]],

[ 61, 45, 0,[ 10, 39, 60]],

[ 31, 95, 0,[ 85, 42, 25]],

[ 3, 55, 0,[ 35, 16]],

[ 9, 95, 0,[ 42, 43, 44]],

[ 46, 95, 0,[ 22, 1, 36, 42]],

[ 96, 95, 0,[ 57, 48]],

[ 87, 95, 0,[ 16, 92, 35]],

[ 21, 95, 0,[ 59, 54, 13]],

[ 43, 95, 0,[ 64, 2, 9, 45, 22, 7]],

[ 28, 95, 0,[ 65, 35]],

[ 68, 95, 0,[ 62, 34, 56, 78]],

[ 88, 55, 0,[ 10, 81, 16]],

[ 66, 95, 0,[ 1, 38, 39]],

[ 70, 95, 0,[ 71, 79, 39]],

[ 45, 95, 0,[ 43, 27, 76, 26, 22]],

[ 50, 95, 0,[ 59, 29, 0]],

[ 67, 95, 0,[ 16, 48]],

[ 41, 95, 0,[ 19, 74, 97]],

[ 69, 95, 0,[ 42, 83, 85]],

[ 86, 95, 0,[ 51, 99, 95, 30]],

[ 19, 95, 0,[ 76, 54, 41]],

[ 93, 95, 0,[ 16, 75, 4]],

[ 74, 95, 1,[ 72, 94, 34, 7, 30, 29, 41, 98, 32]],

[ 91, 95, 0,[ 24, 18, 11]],

[ 30, 95, 0,[ 86, 74, 57]],

