[ 34, 65, 0,[ 16, 69, 38, 9]],

[ 62, 65, 0,[ 39, 22, 70, 50]],

[ 36, 55, 0,[ 98, 39, 91]],

[ 60, 65, 0,[ 57, 22, 93, 38]],

[ 12, 55, 0,[ 98, 38, 32]],

[ 59, 55, 0,[ 21, 48, 38]],

[ 54, 65, 0,[ 26, 20, 82, 10]],

[ 72, 65, 0,[ 98, 96, 38, 69]],

[ 24, 65, 0,[ 86, 48, 64, 69]],

[ 68, 55, 0,[ 10, 82, 39]],

[ 27, 65, 0,[ 7, 17, 98]],

[ 8, 55, 0,[ 48, 13, 38]],

[ 6, 55, 0,[ 42, 10, 98]],

[ 87, 65, 0,[ 98, 22]],

[ 99, 65, 0,[ 82, 39, 66]],

[ 78, 55, 0,[ 38, 10, 74, 22]],

[ 29, 65, 0,[ 38, 98, 5]],

[ 56, 65, 0,[ 74, 76, 10, 38]],

[ 13, 55, 0,[ 8, 98]],

[ 86, 65, 0,[ 88, 24, 0]],

[ 38, 35, 1,[ 58, 56, 78, 11, 61, 3, 64, 45, 63, 59, 37, 18, 12, 34, 29, 8, 5, 31, 4, 95, 51, 60, 83, 20, 49, 88, 89, 72, 65, 43]],

[ 97, 65, 0,[ 0, 98, 22, 90]],

[ 26, 65, 0,[ 69, 54, 2, 43]],

[ 22, 65, 1,[ 97, 40, 62, 23, 32, 42, 16, 49, 94, 47, 79, 96, 78, 60, 87, 11, 76, 28, 63, 1]],

[ 66, 55, 0,[ 99, 39, 98, 10]],

[ 31, 65, 0,[ 69, 38, 20]],

[ 17, 55, 0,[ 47, 10, 98, 27]],

[ 55, 65, 0,[ 69, 92, 48]],

[ 45, 55, 0,[ 98, 38, 48]],

[ 49, 65, 0,[ 10, 38, 22]],

[ 23, 65, 0,[ 98, 39, 22]],

[ 89, 65, 0,[ 33, 50, 84, 38]],

[ 42, 65, 0,[ 98, 22, 95, 6, 39]],

[ 88, 65, 0,[ 38, 74, 86]],

[ 28, 65, 0,[ 39, 10, 22]],

[ 67, 65, 0,[ 39, 69, 90]],

[ 7, 65, 0,[ 39, 3, 27]],

[ 44, 65, 0,[ 98, 64, 48]],

[ 40, 65, 0,[ 90, 22, 10]],

[ 94, 65, 0,[ 22, 39]],

[ 3, 65, 0,[ 38, 7, 10]],

[ 69, 65, 1,[ 84, 34, 75, 67, 64, 26, 70, 31, 72, 52, 55, 73, 95, 35, 15, 24]],

[ 77, 65, 0,[ 25]],

[ 47, 55, 0,[ 98, 22, 48, 17]],

[ 52, 65, 0,[ 69, 80, 85, 73]],

[ 80, 65, 0,[ 52, 79, 39]],

[ 76, 65, 0,[ 56, 98, 22]],

[ 70, 65, 0,[ 62, 57, 69, 98, 46]],

[ 73, 65, 0,[ 69, 10, 52]],

[ 91, 65, 0,[ 36, 82, 33]],

[ 98, 85, 1,[ 17, 42, 19, 82, 29, 18, 58, 66, 71, 72, 6, 45, 36, 93, 65, 23, 87, 21, 76, 13, 97, 70, 20, 44, 47, 12, 14, 27]],

[ 74, 55, 1,[ 88, 85, 56, 78]],

[ 50, 65, 0,[ 89, 62, 10]],

[ 58, 65, 0,[ 38, 98, 48]],

[ 92, 55, 0,[ 55, 9, 5]],

[ 32, 65, 0,[ 48, 12, 22]],

[ 5, 65, 0,[ 92, 38, 29]],

[ 18, 65, 0,[ 71, 98, 38]],

[ 64, 65, 0,[ 44, 48, 38, 69, 24]],

[ 79, 65, 0,[ 53, 22, 80, 48]],

[ 53, 65, 0,[ 79, 2, 10]],

[ 2, 65, 0,[ 39, 53, 41, 26, 48]],

[ 33, 65, 0,[ 91, 61, 30, 89]],

[ 96, 65, 0,[ 22, 10, 72]],

[ 71, 65, 0,[ 39, 18, 98, 57]],

[ 14, 65, 0,[ 98, 4, 48]],

[ 57, 55, 1,[ 71, 70, 60]],

[ 37, 65, 0,[ 38, 39, 30]],

[ 82, 65, 0,[ 54, 98, 91, 68, 99]],

[ 25, 65, 0,[ 10, 77]],

[ 1, 65, 0,[ 48, 22]],

[ 85, 65, 0,[ 39, 74, 52]],

[ 20, 65, 0,[ 98, 54, 38, 31]],

[ 9, 55, 0,[ 92, 10, 34]],

[ 61, 65, 0,[ 38, 33, 48]],

[ 51, 65, 0,[ 10, 38, 46]],

[ 63, 65, 0,[ 38, 39, 22]],

[ 90, 55, 1,[ 84, 67, 40, 97]],

[ 95, 65, 0,[ 38, 69, 42]],

[ 75, 65, 0,[ 69, 10, 11, 83]],

[ 48, 75, 1,[ 55, 30, 58, 1, 45, 35, 8, 93, 61, 14, 32, 64, 44, 47, 79, 19, 0, 59, 24, 65, 2]],

[ 83, 65, 0,[ 38, 39, 75]],

[ 41, 65, 0,[ 10, 2]],

[ 81, 65, 0,[ 10, 39, 35]],

[ 39, 15, 1,[ 4, 36, 80, 94, 85, 83, 7, 46, 68, 28, 71, 42, 84, 63, 23, 99, 67, 37, 2, 81, 66, 62]],

[ 65, 65, 0,[ 38, 98, 48]],

[ 10, 95, 1,[ 15, 66, 17, 9, 56, 30, 81, 40, 75, 53, 50, 6, 73, 68, 96, 41, 78, 25, 43, 54, 28, 3, 49, 51]],

[ 84, 65, 0,[ 39, 69, 89, 90]],

[ 30, 65, 0,[ 37, 48, 10, 33]],

[ 21, 65, 0,[ 59, 98]],

[ 0, 65, 0,[ 86, 48, 97]],

[ 46, 65, 0,[ 16, 39, 51, 70]],

[ 43, 55, 0,[ 10, 26, 38]],

[ 19, 55, 0,[ 98, 48, 15]],

[ 11, 65, 0,[ 22, 75, 38]],

[ 16, 65, 0,[ 34, 46, 22]],

[ 4, 55, 0,[ 14, 39, 38]],

[ 15, 65, 0,[ 69, 19, 10]],

[ 93, 65, 0,[ 48, 98, 60]],

[ 35, 65, 0,[ 81, 69, 48]],

