[ 58, 45, 1,[ 36, 22, 49]],

[ 4, 15, 1,[ 94, 68]],

[ 44, 55, 1,[ 18, 31, 43]],

[ 64, 45, 1,[ 96, 35, 67]],

[ 17, 15, 1,[ 96, 6, 97]],

[ 47, 35, 1,[ 30, 57, 59, 75, 9]],

[ 24, 45, 0,[ 79, 55, 38, 42]],

[ 10, 25, 0,[ 6, 72, 26, 77]],

[ 13, 85, 1,[ 84, 61, 45]],

[ 46, 55, 0,[ 31, 60, 41]],

[ 52, 95, 1,[ 99, 88, 60]],

[ 99, 85, 1,[ 52, 39, 14]],

[ 54, 65, 1,[ 53, 78, 42]],

[ 91, 65, 0,[ 7, 77, 92]],

[ 86, 15, 0,[ 35, 96, 93]],

[ 48, 35, 0,[ 11, 49, 59]],

[ 28, 75, 1,[ 98, 87, 14]],

[ 80, 5, 1,[ 71, 19, 90, 76]],

[ 81, 55, 1,[ 21, 5, 67, 79]],

[ 62, 85, 0,[ 65, 2, 94, 43]],

[ 53, 15, 0,[ 5, 36, 65, 54]],

[ 67, 65, 0,[ 64, 18, 15, 81]],

[ 32, 55, 0,[ 96, 6, 97]],

[ 45, 85, 0,[ 11, 60, 13]],

[ 79, 45, 1,[ 22, 92, 31, 81, 8, 63, 24, 37]],

[ 3, 15, 1,[ 95, 92, 7]],

[ 6, 25, 1,[ 32, 10, 15, 84, 17, 51]],

[ 2, 75, 1,[ 75, 62, 43]],

[ 22, 45, 0,[ 79, 14, 74, 25, 58]],

[ 33, 15, 0,[ 50, 78]],

[ 19, 55, 0,[ 51, 80, 59, 56]],

[ 97, 45, 1,[ 17, 32, 12]],

[ 94, 75, 0,[ 68, 4, 62]],

[ 66, 25, 1,[ 76, 36, 23, 30]],

[ 77, 65, 1,[ 10, 87, 93, 91]],

[ 65, 85, 1,[ 26, 20, 62, 82, 53]],

[ 26, 15, 1,[ 10, 65, 51, 16]],

[ 36, 15, 0,[ 58, 66, 53]],

[ 90, 55, 0,[ 80, 9, 95]],

[ 51, 25, 0,[ 71, 26, 6, 19]],

[ 39, 65, 0,[ 57, 12, 88, 74, 99]],

[ 50, 35, 1,[ 33, 42, 40]],

[ 40, 75, 1,[ 15, 50, 29]],

[ 57, 15, 0,[ 27, 47, 14, 39]],

[ 37, 45, 0,[ 79, 83]],

[ 70, 35, 0,[ 59, 15, 89]],

[ 75, 55, 0,[ 96, 2, 47]],

[ 63, 45, 0,[ 79, 68, 55]],

[ 38, 55, 0,[ 96, 16, 24]],

[ 88, 65, 0,[ 29, 39, 52]],

[ 35, 15, 1,[ 20, 89, 30, 64, 12, 42, 69, 86]],

[ 8, 35, 1,[ 79, 85, 71]],

[ 60, 75, 0,[ 45, 46, 52]],

[ 96, 55, 1,[ 32, 64, 17, 86, 38, 75]],

[ 20, 55, 1,[ 69, 35, 98, 65, 18]],

[ 14, 15, 0,[ 57, 22, 28, 99]],

[ 82, 85, 0,[ 18, 65, 11]],

[ 74, 65, 0,[ 22, 39, 98]],

[ 92, 25, 1,[ 23, 79, 91, 3]],

[ 12, 95, 1,[ 35, 39, 97]],

[ 69, 55, 0,[ 73, 35, 20]],

[ 72, 25, 0,[ 10, 16, 9, 25]],

[ 49, 35, 1,[ 48, 23, 58, 84]],

[ 84, 15, 1,[ 11, 55, 49, 6, 13]],

[ 18, 65, 1,[ 20, 44, 82, 67]],

[ 76, 55, 1,[ 43, 80, 66]],

[ 78, 15, 1,[ 54, 34, 33]],

[ 95, 15, 0,[ 90, 3]],

[ 7, 35, 1,[ 29, 3, 91]],

[ 59, 35, 0,[ 47, 70, 48, 19]],

[ 55, 65, 1,[ 24, 63, 84, 68]],

[ 93, 45, 1,[ 25, 86, 77]],

[ 85, 35, 0,[ 23, 8, 27]],

[ 73, 55, 0,[ 56, 69, 89]],

[ 56, 55, 0,[ 0, 19, 34, 73]],

[ 15, 35, 1,[ 67, 6, 70, 40]],

[ 87, 25, 0,[ 5, 34, 28, 77]],

[ 21, 75, 0,[ 81, 5, 0]],

[ 1, 85, 1,[ 0, 41]],

[ 16, 25, 0,[ 26, 72, 38]],

[ 42, 15, 0,[ 54, 24, 50, 35]],

[ 25, 25, 0,[ 22, 72, 93, 83]],

[ 43, 35, 1,[ 61, 62, 2, 44, 76]],

[ 27, 65, 1,[ 41, 85, 57]],

[ 23, 25, 0,[ 66, 85, 49, 92]],

[ 29, 55, 1,[ 7, 40, 88]],

[ 61, 75, 0,[ 13, 43, 68]],

[ 98, 75, 0,[ 20, 74, 28]],

[ 83, 55, 0,[ 41, 25, 37]],

[ 9, 55, 1,[ 90, 47, 72]],

[ 89, 55, 1,[ 73, 70, 35]],

[ 11, 45, 1,[ 48, 45, 84, 82]],

[ 68, 75, 1,[ 63, 55, 94, 4, 61]],

[ 34, 75, 1,[ 87, 78, 56]],

[ 0, 75, 1,[ 56, 1, 21]],

[ 31, 55, 0,[ 44, 79, 46]],

[ 30, 15, 0,[ 47, 66, 35]],

[ 71, 25, 0,[ 8, 80, 51]],

[ 41, 55, 0,[ 1, 27, 46, 83]],

[ 5, 25, 1,[ 81, 87, 21, 53]],

