[ 44, 95, 0,[ 43, 38, 17, 67, 42]],

[ 99, 5, 0,[ 21, 94, 60]],

[ 33, 5, 0,[ 60, 37, 49]],

[ 96, 55, 0,[ 51, 87, 91, 38]],

[ 65, 5, 0,[ 14, 82, 45]],

[ 75, 75, 0,[ 15, 92, 66, 47]],

[ 10, 75, 0,[ 24, 16, 8, 22, 87]],

[ 98, 45, 1,[ 54, 86, 90]],

[ 58, 55, 0,[ 2, 13, 89]],

[ 52, 5, 0,[ 78, 28, 72, 3]],

[ 90, 5, 0,[ 22, 98, 86]],

[ 80, 55, 0,[ 31, 0, 89]],

[ 93, 65, 0,[ 83, 76, 78, 46]],

[ 31, 5, 0,[ 83, 5, 80, 69]],

[ 94, 45, 0,[ 99, 48, 34, 19]],

[ 24, 45, 0,[ 81, 10, 1]],

[ 84, 65, 0,[ 29, 37, 77]],

[ 4, 55, 0,[ 72, 32, 61]],

[ 72, 55, 0,[ 4, 50, 52, 91]],

[ 28, 5, 0,[ 68, 8, 52, 55]],

[ 15, 75, 0,[ 75, 64, 27]],

[ 77, 55, 0,[ 30, 27, 26, 84]],

[ 34, 35, 0,[ 57, 94, 9]],

[ 64, 75, 0,[ 15, 92, 38, 2]],

[ 54, 65, 0,[ 32, 30, 29, 98]],

[ 76, 25, 0,[ 25, 18, 93]],

[ 5, 95, 0,[ 66, 12, 31]],

[ 56, 5, 0,[ 40, 49, 38]],

[ 48, 5, 1,[ 94, 39, 11]],

[ 85, 5, 1,[ 7, 57, 91, 6]],

[ 30, 55, 0,[ 54, 77, 41, 53, 88]],

[ 67, 95, 0,[ 91, 44, 97]],

[ 41, 55, 0,[ 62, 95, 30]],

[ 38, 95, 0,[ 44, 96, 56, 64]],

[ 0, 75, 0,[ 80, 20, 59]],

[ 25, 25, 1,[ 35, 26, 51, 76]],

[ 22, 75, 1,[ 8, 63, 10, 13, 90]],

[ 89, 55, 0,[ 58, 71, 42, 16, 80]],

[ 27, 55, 0,[ 77, 15, 17]],

[ 66, 95, 0,[ 5, 21, 75]],

[ 43, 95, 0,[ 49, 59, 44]],

[ 29, 65, 0,[ 84, 54, 50]],

[ 83, 65, 0,[ 45, 31, 93, 23]],

[ 53, 55, 0,[ 7, 70, 30]],

[ 91, 55, 1,[ 72, 17, 96, 67, 85]],

[ 18, 45, 0,[ 76, 51, 1]],

[ 88, 5, 0,[ 69, 30, 21]],

[ 61, 55, 0,[ 4, 1, 73]],

[ 79, 5, 0,[ 9, 63, 62]],

[ 23, 65, 0,[ 36, 16, 83]],

[ 26, 55, 0,[ 77, 19, 25]],

[ 86, 5, 0,[ 69, 98, 59, 90, 82]],

[ 8, 75, 0,[ 10, 28, 22]],

[ 11, 5, 0,[ 92, 47, 48]],

[ 50, 75, 0,[ 14, 29, 72]],

[ 6, 5, 0,[ 85, 20, 63]],

[ 81, 5, 0,[ 24, 37, 20]],

[ 1, 45, 0,[ 61, 24, 18, 40, 12]],

[ 74, 95, 1,[ 40, 73, 35]],

[ 71, 55, 0,[ 46, 89, 57]],

[ 16, 45, 1,[ 89, 23, 46, 57, 10]],

[ 40, 5, 0,[ 1, 74, 56]],

[ 78, 5, 0,[ 52, 68, 93]],

[ 49, 55, 0,[ 17, 33, 39, 43, 56]],

[ 19, 45, 0,[ 26, 7, 68, 94, 97]],

[ 63, 75, 0,[ 6, 79, 22]],

[ 55, 5, 0,[ 39, 28, 95, 62, 68]],

[ 47, 5, 0,[ 32, 75, 11]],

[ 7, 5, 0,[ 53, 19, 85]],

[ 42, 95, 0,[ 21, 44, 89]],

[ 60, 5, 0,[ 33, 99, 82]],

[ 69, 5, 0,[ 31, 88, 86, 57]],

[ 82, 5, 0,[ 86, 65, 60]],

[ 46, 45, 0,[ 71, 93, 16]],

[ 14, 75, 0,[ 50, 59, 65, 35]],

[ 20, 5, 0,[ 81, 0, 6]],

[ 39, 55, 1,[ 48, 49, 55]],

[ 68, 5, 0,[ 3, 19, 55, 28, 73, 78]],

[ 97, 45, 0,[ 19, 67, 12]],

[ 9, 5, 0,[ 87, 34, 79]],

[ 36, 65, 0,[ 23, 2, 32]],

[ 51, 45, 0,[ 18, 96, 25]],

[ 57, 35, 1,[ 85, 71, 16, 34, 69]],

[ 12, 45, 0,[ 5, 97, 1]],

[ 2, 75, 0,[ 58, 64, 36]],

[ 3, 5, 0,[ 52, 68, 45]],

[ 37, 75, 0,[ 81, 59, 84, 33]],

[ 59, 75, 0,[ 37, 0, 86, 14, 43]],

[ 17, 55, 0,[ 44, 27, 91, 49]],

[ 87, 5, 0,[ 96, 9, 10]],

[ 13, 75, 0,[ 22, 70, 58]],

[ 32, 65, 0,[ 54, 47, 4, 36]],

[ 73, 5, 0,[ 68, 61, 74]],

[ 70, 75, 0,[ 62, 13, 53]],

[ 95, 65, 0,[ 55, 45, 41]],

[ 92, 75, 0,[ 64, 11, 75]],

[ 35, 25, 0,[ 74, 14, 25]],

[ 62, 5, 0,[ 79, 55, 70, 41]],

[ 45, 65, 0,[ 3, 83, 65, 95]],

[ 21, 95, 0,[ 42, 66, 88, 99]],

