[ 57, 85, 1,[ 47, 60, 36]],

[ 44, 65, 0,[ 29, 12, 98]],

[ 73, 15, 1,[ 19, 93, 80, 84, 87]],

[ 27, 25, 1,[ 31, 12, 18]],

[ 68, 95, 0,[ 58, 36, 56]],

[ 32, 15, 1,[ 23, 56, 9]],

[ 99, 25, 0,[ 70, 9, 75]],

[ 77, 65, 0,[ 29, 70, 87]],

[ 92, 25, 0,[ 76, 59, 70]],

[ 59, 75, 1,[ 92, 71, 81]],

[ 80, 15, 0,[ 14, 73, 70]],

[ 54, 45, 0,[ 72, 3, 98]],

[ 48, 55, 1,[ 14, 76, 0]],

[ 7, 25, 0,[ 64, 67, 31]],

[ 12, 65, 0,[ 81, 27, 44]],

[ 33, 15, 1,[ 11, 85, 46, 15]],

[ 81, 65, 0,[ 91, 74, 12, 47, 59]],

[ 45, 45, 1,[ 75, 78, 23]],

[ 37, 35, 1,[ 17, 42, 14]],

[ 66, 15, 0,[ 5, 86, 43]],

[ 13, 65, 0,[ 3, 26]],

[ 39, 45, 1,[ 4, 25, 8, 46, 49]],

[ 71, 75, 1,[ 2, 79, 59, 17]],

[ 4, 55, 0,[ 39, 87, 83]],

[ 16, 85, 0,[ 82, 40, 51, 55]],

[ 29, 65, 0,[ 77, 62, 44, 43]],

[ 28, 5, 1,[ 5, 10, 61]],

[ 24, 65, 1,[ 18, 89, 49]],

[ 98, 45, 1,[ 20, 44, 25, 54, 89, 23, 78]],

[ 58, 95, 0,[ 3, 21, 68]],

[ 72, 5, 1,[ 60, 54, 61]],

[ 49, 45, 0,[ 39, 24, 94]],

[ 52, 15, 0,[ 5, 69, 34]],

[ 26, 65, 0,[ 41, 13, 19]],

[ 86, 55, 1,[ 66, 84, 56]],

[ 65, 15, 0,[ 75, 90, 38, 74]],

[ 10, 5, 1,[ 51, 28, 38]],

[ 46, 15, 0,[ 39, 33, 91]],

[ 15, 95, 0,[ 33, 36]],

[ 9, 25, 0,[ 99, 83, 32]],

[ 61, 5, 1,[ 72, 28, 53, 95, 63]],

[ 20, 15, 0,[ 98, 25, 42, 64]],

[ 42, 55, 1,[ 37, 20, 89]],

[ 53, 55, 1,[ 55, 61, 56]],

[ 64, 25, 0,[ 7, 70, 20, 78]],

[ 60, 15, 1,[ 72, 5, 57]],

[ 93, 85, 0,[ 17, 73, 89]],

[ 21, 5, 1,[ 58, 78, 1, 82]],

[ 87, 5, 1,[ 73, 6, 96, 77, 4]],

[ 2, 5, 0,[ 94, 71, 85, 8]],

[ 67, 55, 0,[ 63, 74, 7, 84, 14]],

[ 88, 5, 1,[ 50, 8, 22]],

[ 84, 55, 0,[ 67, 86, 85, 73]],

[ 90, 95, 1,[ 95, 0, 65, 69]],

[ 18, 65, 0,[ 83, 27, 24]],

[ 47, 15, 0,[ 81, 57, 30]],

[ 41, 5, 1,[ 26, 11, 35]],

[ 62, 65, 1,[ 29, 63, 56]],

[ 63, 5, 1,[ 67, 62, 61]],

[ 83, 55, 1,[ 30, 18, 4, 9]],

[ 97, 15, 0,[ 50, 23, 56]],

[ 69, 65, 1,[ 90, 52, 0]],

[ 36, 95, 1,[ 68, 57, 23, 15]],

[ 76, 35, 0,[ 92, 48, 91]],

[ 95, 15, 1,[ 90, 61, 34, 31]],

[ 11, 5, 0,[ 14, 33, 22, 35, 41]],

[ 82, 85, 1,[ 16, 21]],

[ 25, 15, 1,[ 98, 39, 20]],

[ 43, 65, 0,[ 29, 66, 96, 38]],

[ 96, 65, 0,[ 43, 87, 3]],

[ 8, 5, 0,[ 39, 2, 88]],

[ 23, 75, 1,[ 98, 36, 32, 45, 97]],

[ 91, 35, 1,[ 81, 46, 76, 38]],

[ 94, 5, 0,[ 49, 2, 79]],

[ 38, 15, 1,[ 65, 91, 10, 43]],

[ 31, 25, 1,[ 95, 7, 27]],

[ 3, 65, 1,[ 96, 54, 58, 13, 1]],

[ 78, 65, 1,[ 45, 98, 64, 21]],

[ 1, 5, 0,[ 56, 21, 3]],

[ 50, 5, 0,[ 97, 35, 88, 40]],

[ 19, 75, 1,[ 73, 26, 34]],

[ 14, 35, 1,[ 48, 11, 80, 37, 67]],

[ 17, 75, 0,[ 6, 93, 71, 37]],

[ 74, 65, 1,[ 67, 81, 65]],

[ 22, 75, 1,[ 88, 85, 11]],

[ 40, 5, 0,[ 50, 79, 16]],

[ 5, 15, 0,[ 52, 55, 28, 66, 60]],

[ 85, 85, 1,[ 33, 22, 2, 84]],

[ 75, 5, 1,[ 65, 89, 99, 45]],

[ 70, 25, 1,[ 77, 80, 99, 92, 64]],

[ 89, 85, 0,[ 93, 42, 98, 24, 75]],

[ 30, 15, 1,[ 47, 6, 51, 83]],

[ 55, 15, 0,[ 53, 16, 5]],

[ 35, 5, 0,[ 50, 11, 41]],

[ 0, 65, 0,[ 48, 69, 90]],

[ 56, 15, 1,[ 32, 86, 62, 68, 1, 53, 97]],

[ 51, 95, 1,[ 10, 30, 16]],

[ 34, 15, 0,[ 95, 19, 52]],

[ 6, 15, 0,[ 17, 30, 87]],

[ 79, 5, 0,[ 71, 40, 94]],

