[ 89, 25, 0,[ 62, 99, 45, 98, 70]],

[ 81, 15, 1,[ 22, 53, 26, 56, 50, 5]],

[ 36, 25, 0,[ 4, 34, 63, 92, 30]],

[ 92, 25, 0,[ 52, 36, 26]],

[ 11, 25, 1,[ 61, 63, 13, 76]],

[ 17, 25, 0,[ 29, 67, 45]],

[ 5, 25, 0,[ 48, 1, 23, 44, 81, 26]],

[ 53, 25, 0,[ 10, 21, 81, 24, 55]],

[ 31, 25, 0,[ 0, 7, 16]],

[ 66, 25, 0,[ 47, 23, 99]],

[ 52, 25, 0,[ 58, 21, 92, 49]],

[ 58, 25, 0,[ 52, 32, 86]],

[ 83, 25, 0,[ 9, 15, 62]],

[ 12, 25, 0,[ 51, 62, 85]],

[ 24, 25, 0,[ 53, 65, 74]],

[ 46, 25, 0,[ 47, 21, 33]],

[ 69, 25, 0,[ 28, 45, 72]],

[ 4, 25, 0,[ 36, 85, 40, 15]],

[ 71, 25, 0,[ 22, 51, 43]],

[ 45, 25, 0,[ 17, 69, 84, 89]],

[ 15, 25, 0,[ 13, 20, 84, 27, 4, 83, 28]],

[ 48, 25, 0,[ 6, 87, 47, 5]],

[ 86, 25, 0,[ 58, 35, 96, 51]],

[ 20, 25, 0,[ 15, 97, 72]],

[ 99, 25, 0,[ 89, 80, 66]],

[ 9, 35, 1,[ 87, 10, 68, 83, 18, 97]],

[ 73, 25, 0,[ 47, 54, 77]],

[ 13, 25, 0,[ 44, 11, 15]],

[ 23, 25, 0,[ 5, 70, 97, 66]],

[ 55, 25, 0,[ 14, 53, 35, 0]],

[ 85, 25, 0,[ 18, 12, 93, 4]],

[ 79, 25, 0,[ 95, 41]],

[ 97, 25, 0,[ 23, 61, 96, 20, 9, 80]],

[ 32, 25, 0,[ 94, 58, 78, 37, 43]],

[ 76, 25, 0,[ 37, 60, 11]],

[ 74, 25, 0,[ 24, 54, 37]],

[ 2, 25, 1,[ 57, 8, 56, 0]],

[ 3, 25, 0,[ 82, 93, 64]],

[ 62, 25, 0,[ 83, 38, 12, 89]],

[ 72, 25, 0,[ 69, 0, 20]],

[ 34, 25, 0,[ 36, 82, 78]],

[ 54, 25, 0,[ 74, 26, 73]],

[ 50, 25, 0,[ 77, 81, 47]],

[ 0, 65, 1,[ 72, 35, 44, 2, 40, 43, 38, 55, 31]],

[ 75, 25, 0,[ 42, 7]],

[ 88, 25, 0,[ 93, 18, 77]],

[ 70, 25, 0,[ 89, 23]],

[ 82, 25, 0,[ 3, 34]],

[ 80, 25, 0,[ 84, 99, 97]],

[ 27, 25, 0,[ 15, 98]],

[ 68, 25, 1,[ 30, 9, 1, 25, 44]],

[ 61, 25, 0,[ 11, 16, 97]],

[ 63, 25, 0,[ 36, 33, 11]],

[ 16, 25, 0,[ 14, 31, 60, 61]],

[ 42, 25, 0,[ 56, 77, 75]],

[ 26, 95, 1,[ 6, 94, 92, 54, 81, 5]],

[ 47, 25, 0,[ 25, 50, 46, 73, 48, 96, 66]],

[ 37, 25, 0,[ 74, 76, 32]],

[ 57, 25, 0,[ 25, 2, 49]],

[ 67, 25, 0,[ 21, 17, 19]],

[ 39, 25, 0,[ 78, 65, 41]],

[ 49, 25, 0,[ 96, 59, 52, 57]],

[ 77, 25, 0,[ 88, 73, 50, 42]],

[ 94, 25, 0,[ 60, 26, 10, 32]],

[ 18, 25, 0,[ 88, 9, 85]],

[ 51, 25, 0,[ 71, 19, 86, 12]],

[ 41, 25, 0,[ 79, 90, 39]],

[ 28, 25, 0,[ 64, 15, 69]],

[ 60, 25, 0,[ 16, 94, 76]],

[ 10, 25, 0,[ 53, 9, 94]],

[ 33, 25, 0,[ 46, 63]],

[ 87, 25, 0,[ 48, 8, 9]],

[ 98, 25, 0,[ 89, 27, 7]],

[ 78, 25, 0,[ 32, 39, 34]],

[ 44, 15, 1,[ 59, 5, 13, 68, 0, 95]],

[ 30, 25, 0,[ 36, 91, 68]],

[ 21, 25, 0,[ 46, 67, 53, 52]],

[ 91, 25, 0,[ 8, 93, 30]],

[ 95, 25, 0,[ 44, 90, 79]],

[ 7, 25, 0,[ 98, 31, 75]],

[ 64, 25, 0,[ 28, 19, 3, 43]],

[ 59, 25, 0,[ 38, 44, 49]],

[ 40, 25, 0,[ 0, 6, 4]],

[ 38, 25, 0,[ 62, 59, 0]],

[ 90, 25, 0,[ 65, 95, 41]],

[ 65, 75, 1,[ 24, 39, 90, 96]],

[ 35, 25, 0,[ 86, 0, 55]],

[ 1, 25, 0,[ 68, 5]],

[ 56, 25, 0,[ 2, 42, 81]],

[ 14, 25, 0,[ 55, 16]],

[ 25, 25, 0,[ 47, 57, 68]],

[ 8, 25, 0,[ 91, 2, 87]],

[ 29, 25, 0,[ 6, 17]],

[ 93, 25, 0,[ 85, 3, 91, 88]],

[ 22, 25, 0,[ 81, 19, 71]],

[ 43, 25, 0,[ 0, 32, 64, 71]],

[ 6, 25, 0,[ 26, 29, 48, 40]],

[ 96, 15, 1,[ 47, 65, 49, 97, 86]],

[ 19, 25, 0,[ 51, 64, 22, 67]],

[ 84, 25, 0,[ 80, 15, 45]],

