[ 76, 15, 0,[ 69, 31, 97]],

[ 70, 15, 0,[ 83, 39, 56, 1]],

[ 83, 15, 0,[ 70, 58, 31]],

[ 12, 75, 0,[ 7, 35, 66, 84]],

[ 92, 95, 0,[ 80, 16, 98]],

[ 44, 75, 0,[ 81, 79, 49, 51]],

[ 61, 5, 0,[ 19, 23, 11, 14, 84]],

[ 48, 75, 1,[ 16, 87, 69, 90]],

[ 14, 5, 0,[ 75, 61, 21]],

[ 53, 25, 0,[ 86, 10, 17, 27]],

[ 75, 75, 0,[ 14, 64, 23]],

[ 11, 5, 0,[ 61, 65, 34]],

[ 20, 25, 0,[ 38, 56, 3]],

[ 79, 5, 0,[ 44, 65, 91]],

[ 80, 15, 0,[ 50, 74, 92, 99]],

[ 78, 75, 0,[ 59, 2, 1, 94, 21]],

[ 98, 95, 1,[ 52, 38, 55, 92, 88, 8, 66]],

[ 34, 15, 0,[ 11, 4, 87]],

[ 74, 25, 1,[ 80, 25, 26]],

[ 81, 75, 0,[ 5, 22, 44]],

[ 89, 5, 0,[ 71, 84, 3, 67]],

[ 88, 95, 0,[ 9, 52, 98]],

[ 66, 75, 0,[ 98, 12, 97]],

[ 37, 15, 0,[ 84, 33, 0, 5]],

[ 30, 25, 0,[ 38, 19, 23]],

[ 7, 15, 0,[ 65, 42, 12]],

[ 91, 5, 1,[ 82, 79, 15, 62, 31]],

[ 13, 75, 0,[ 18, 24, 41, 67]],

[ 59, 75, 0,[ 2, 78, 95]],

[ 82, 75, 0,[ 91, 32, 95]],

[ 93, 55, 0,[ 33, 87, 47]],

[ 50, 15, 0,[ 80, 43, 90, 97]],

[ 65, 15, 0,[ 11, 7, 72, 79]],

[ 29, 55, 0,[ 57, 45, 68]],

[ 67, 75, 0,[ 89, 13, 72]],

[ 62, 75, 0,[ 41, 36, 91]],

[ 85, 15, 0,[ 90, 45, 64]],

[ 56, 15, 0,[ 20, 70, 1]],

[ 41, 75, 0,[ 63, 62, 13]],

[ 2, 15, 0,[ 39, 78, 59, 96]],

[ 97, 15, 0,[ 50, 76, 66, 86]],

[ 22, 55, 0,[ 47, 81, 58]],

[ 27, 25, 0,[ 53, 15, 35, 10]],

[ 96, 15, 0,[ 84, 60, 2, 94]],

[ 19, 25, 0,[ 25, 61, 30, 73]],

[ 1, 75, 0,[ 56, 70, 78]],

[ 60, 75, 0,[ 25, 16, 96]],

[ 51, 75, 0,[ 57, 44, 3]],

[ 68, 55, 0,[ 58, 40, 29, 69, 42]],

[ 3, 25, 0,[ 99, 51, 72, 20, 89, 21]],

[ 23, 5, 0,[ 75, 52, 61, 30]],

[ 0, 75, 0,[ 37, 95, 36]],

[ 28, 15, 0,[ 9, 57, 6]],

[ 47, 55, 0,[ 17, 31, 93, 22]],

[ 55, 15, 0,[ 9, 26, 98]],

[ 17, 75, 0,[ 4, 38, 47, 53]],

[ 10, 25, 1,[ 84, 27, 8, 53, 18, 46]],

[ 94, 15, 0,[ 32, 78, 39, 96]],

[ 9, 15, 0,[ 88, 28, 55]],

[ 21, 25, 0,[ 78, 14, 3]],

[ 86, 15, 0,[ 53, 97, 24]],

[ 46, 15, 0,[ 5, 10, 77]],

[ 64, 75, 0,[ 42, 95, 75, 85, 54]],

[ 72, 75, 0,[ 67, 3, 65, 38]],

[ 24, 55, 0,[ 13, 86, 15]],

[ 16, 75, 1,[ 92, 48, 60]],

[ 49, 55, 0,[ 69, 71, 26, 44]],

[ 87, 15, 0,[ 48, 34, 93]],

[ 58, 55, 0,[ 22, 68, 83]],

[ 38, 75, 0,[ 20, 30, 72, 17, 98, 40]],

[ 43, 15, 0,[ 15, 77, 36, 18, 50]],

[ 71, 5, 0,[ 89, 49]],

[ 15, 55, 0,[ 18, 91, 69, 24, 27, 43]],

[ 40, 15, 0,[ 42, 38, 68]],

[ 42, 15, 0,[ 7, 64, 68, 40]],

[ 52, 95, 0,[ 98, 88, 23, 63]],

[ 31, 5, 0,[ 83, 76, 47, 91]],

[ 4, 75, 0,[ 34, 17, 33, 8]],

[ 5, 15, 0,[ 81, 46, 37]],

[ 32, 15, 0,[ 82, 94, 57]],

[ 84, 5, 0,[ 12, 89, 37, 10, 61, 96]],

[ 6, 75, 0,[ 35, 28]],

[ 45, 15, 0,[ 85, 29]],

[ 95, 75, 1,[ 59, 64, 82, 0, 77]],

[ 18, 15, 0,[ 15, 43, 10, 13]],

[ 36, 75, 0,[ 62, 0, 43]],

[ 26, 15, 0,[ 74, 49, 55]],

[ 77, 15, 0,[ 43, 46, 95]],

[ 57, 15, 1,[ 51, 29, 28, 99, 32]],

[ 8, 95, 0,[ 98, 10, 4]],

[ 99, 15, 0,[ 3, 57, 80]],

[ 54, 75, 0,[ 90, 64, 73]],

[ 33, 75, 0,[ 93, 37, 4]],

[ 25, 55, 0,[ 19, 74, 60, 69]],

[ 73, 75, 0,[ 63, 54, 19]],

[ 63, 75, 0,[ 41, 73, 52]],

[ 90, 15, 1,[ 85, 50, 48, 54]],

[ 35, 75, 0,[ 6, 12, 27]],

[ 39, 15, 0,[ 94, 70, 2]],

[ 69, 55, 1,[ 76, 49, 48, 15, 68, 25]],

