[ 65, 35, 0,[ 22, 71, 57]],

[ 13, 75, 0,[ 44, 20, 56]],

[ 75, 25, 1,[ 28, 83, 47]],

[ 36, 65, 1,[ 39, 63, 17]],

[ 2, 75, 0,[ 66, 27, 59]],

[ 61, 5, 1,[ 68, 23, 81, 17]],

[ 39, 65, 1,[ 36, 32, 38, 6]],

[ 0, 75, 0,[ 67, 62, 17]],

[ 53, 75, 1,[ 21, 41, 52]],

[ 80, 75, 0,[ 27, 87, 33]],

[ 97, 75, 0,[ 69, 96, 73]],

[ 17, 65, 1,[ 61, 45, 36, 0]],

[ 91, 15, 1,[ 84, 94, 57, 26]],

[ 32, 45, 1,[ 35, 30, 3, 39, 89]],

[ 16, 75, 0,[ 31, 44]],

[ 55, 75, 0,[ 88, 79]],

[ 8, 45, 0,[ 71, 42, 41]],

[ 85, 75, 1,[ 25, 88, 10]],

[ 23, 75, 1,[ 88, 61, 29]],

[ 14, 5, 1,[ 96, 25, 77]],

[ 46, 5, 1,[ 15, 28, 22, 59, 5, 48, 44, 84]],

[ 56, 35, 1,[ 13, 82, 29, 58, 79, 50, 76, 38]],

[ 93, 75, 0,[ 73, 42, 83, 24]],

[ 54, 75, 0,[ 52, 62, 90]],

[ 92, 75, 0,[ 28, 71, 60]],

[ 10, 45, 1,[ 85, 58, 59]],

[ 69, 85, 1,[ 97, 58, 89, 24, 49]],

[ 28, 25, 0,[ 75, 92, 46, 19]],

[ 77, 75, 0,[ 71, 74, 14]],

[ 59, 45, 1,[ 46, 10, 50, 2, 62, 41]],

[ 12, 75, 0,[ 30, 72, 27, 6]],

[ 67, 75, 0,[ 41, 57, 0]],

[ 66, 75, 0,[ 60, 2, 24]],

[ 24, 95, 1,[ 94, 69, 9, 95, 66, 29, 7, 93]],

[ 29, 75, 0,[ 24, 56, 23]],

[ 82, 5, 1,[ 98, 56]],

[ 95, 35, 1,[ 37, 24, 52]],

[ 83, 5, 1,[ 73, 93, 75]],

[ 11, 5, 0,[ 22, 42, 88]],

[ 94, 75, 0,[ 1, 42, 91, 24]],

[ 72, 35, 1,[ 27, 5, 12]],

[ 27, 95, 1,[ 2, 26, 72, 99, 40, 43, 12, 35, 80]],

[ 60, 55, 1,[ 57, 84, 92, 66]],

[ 33, 65, 1,[ 4, 80, 64]],

[ 57, 55, 1,[ 67, 91, 65, 60, 21]],

[ 38, 75, 1,[ 56, 39, 34]],

[ 70, 75, 1,[ 51, 41, 86]],

[ 45, 65, 1,[ 17, 1, 96, 18]],

[ 51, 15, 1,[ 6, 74, 7, 3, 70]],

[ 44, 75, 0,[ 46, 13, 16]],

[ 41, 95, 1,[ 70, 59, 67, 53, 8]],

[ 6, 75, 0,[ 51, 12, 39]],

[ 20, 45, 0,[ 86, 30, 68, 13]],

[ 79, 75, 0,[ 5, 7, 56, 55]],

[ 1, 5, 0,[ 49, 45, 94]],

[ 63, 35, 1,[ 19, 87, 36]],

[ 87, 35, 1,[ 63, 3, 80, 22, 99, 30, 37]],

[ 47, 75, 0,[ 99, 48, 75]],

[ 98, 75, 1,[ 48, 88, 82]],

[ 4, 45, 0,[ 62, 33, 71]],

[ 26, 75, 0,[ 27, 15, 25, 91]],

[ 73, 65, 1,[ 78, 93, 76, 97, 83]],

[ 19, 55, 1,[ 64, 28, 63]],

[ 84, 75, 0,[ 60, 46, 91]],

[ 7, 75, 0,[ 24, 25, 79, 51]],

[ 35, 45, 0,[ 27, 52, 32]],

[ 31, 25, 1,[ 16, 86, 78]],

[ 50, 75, 0,[ 56, 59, 89]],

[ 21, 65, 1,[ 9, 57, 81, 53]],

[ 15, 75, 0,[ 26, 46, 71]],

[ 22, 5, 1,[ 87, 40, 11, 46, 65]],

[ 71, 35, 1,[ 77, 9, 15, 65, 92, 8, 4]],

[ 90, 35, 1,[ 49, 18, 54]],

[ 48, 45, 1,[ 47, 46, 43, 98, 62]],

[ 96, 5, 0,[ 45, 97, 14]],

[ 52, 75, 0,[ 54, 95, 53, 35]],

[ 99, 75, 0,[ 47, 87, 27]],

[ 42, 45, 1,[ 93, 8, 64, 94, 11]],

[ 58, 75, 0,[ 10, 56, 69]],

[ 76, 5, 0,[ 56, 86, 74, 73]],

[ 64, 45, 0,[ 19, 33, 42]],

[ 74, 45, 1,[ 51, 77, 76]],

[ 88, 15, 1,[ 98, 81, 85, 11, 34, 55, 23]],

[ 89, 75, 0,[ 50, 69, 32]],

[ 34, 75, 0,[ 88, 30, 38]],

[ 81, 5, 0,[ 61, 21, 88]],

[ 5, 75, 0,[ 79, 72, 46]],

[ 78, 5, 0,[ 73, 37, 31]],

[ 25, 25, 1,[ 14, 85, 26, 7]],

[ 68, 75, 0,[ 20, 61, 43]],

[ 9, 75, 0,[ 71, 21, 24]],

[ 37, 5, 1,[ 95, 87, 78]],

[ 86, 5, 1,[ 31, 18, 70, 20, 76]],

[ 3, 75, 0,[ 51, 87, 32]],

[ 62, 15, 1,[ 0, 54, 4, 48, 59, 40]],

[ 30, 45, 1,[ 20, 12, 34, 87, 32]],

[ 18, 75, 1,[ 45, 86, 90]],

[ 40, 75, 0,[ 62, 22, 27]],

[ 43, 75, 0,[ 27, 48, 68]],

[ 49, 5, 0,[ 69, 1, 90]],

