[ 71, 35, 0,[ 66, 44, 58]],

[ 66, 35, 0,[ 68, 44, 71]],

[ 3, 35, 0,[ 4, 55, 95]],

[ 27, 35, 0,[ 79, 64, 44]],

[ 14, 35, 0,[ 68]],

[ 30, 35, 0,[ 99, 48, 26, 4]],

[ 39, 35, 0,[ 36, 86, 4, 52]],

[ 6, 35, 0,[ 92]],

[ 99, 35, 0,[ 30, 77, 98]],

[ 67, 35, 0,[ 2, 64]],

[ 28, 35, 0,[ 2, 24, 87]],

[ 19, 35, 0,[ 68, 0, 81]],

[ 73, 35, 0,[ 11, 91]],

[ 70, 35, 0,[ 68]],

[ 78, 35, 0,[ 2]],

[ 33, 35, 0,[ 43]],

[ 85, 35, 0,[ 68, 88, 32, 4]],

[ 15, 35, 0,[ 68, 44]],

[ 17, 35, 0,[ 94, 74, 92, 48]],

[ 21, 35, 0,[ 72, 44, 88]],

[ 41, 35, 0,[ 54, 43]],

[ 84, 35, 0,[ 56, 90, 46]],

[ 90, 35, 0,[ 81, 11, 84]],

[ 74, 35, 0,[ 58, 43, 17]],

[ 2, 5, 1,[ 0, 55, 79, 67, 97, 80, 28, 53, 47, 13, 8, 78]],

[ 60, 35, 0,[ 79, 57, 51]],

[ 61, 35, 0,[ 83, 29]],

[ 93, 35, 0,[ 4, 53, 92]],

[ 88, 35, 0,[ 21, 65, 59, 85]],

[ 75, 35, 0,[ 44]],

[ 38, 35, 0,[ 65, 24]],

[ 72, 35, 0,[ 21, 4]],

[ 92, 35, 0,[ 6, 81, 24, 17, 93, 53]],

[ 48, 35, 0,[ 30, 17, 53]],

[ 69, 35, 0,[ 7, 83, 26, 54]],

[ 97, 35, 0,[ 4, 2]],

[ 11, 15, 1,[ 63, 79, 90, 50, 73, 45, 89, 36]],

[ 96, 35, 0,[ 9, 81]],

[ 13, 35, 0,[ 9, 2, 58]],

[ 46, 35, 0,[ 26, 65, 84]],

[ 56, 35, 0,[ 84, 44]],

[ 32, 35, 0,[ 68, 36, 85]],

[ 94, 35, 0,[ 17]],

[ 91, 35, 0,[ 52, 73, 95]],

[ 34, 35, 0,[ 26]],

[ 0, 35, 1,[ 44, 2, 19, 64]],

[ 36, 35, 0,[ 1, 11, 45, 32, 39]],

[ 37, 35, 0,[ 20, 22, 82]],

[ 51, 35, 0,[ 60, 57, 89]],

[ 24, 35, 0,[ 92, 38, 47, 87, 28]],

[ 26, 5, 1,[ 18, 69, 43, 42, 81, 98, 79, 50, 30, 34, 46]],

[ 45, 35, 0,[ 11, 79, 36]],

[ 83, 35, 0,[ 29, 61, 69, 20]],

[ 87, 35, 0,[ 28, 44, 24]],

[ 31, 35, 0,[ 86, 42, 58]],

[ 10, 35, 0,[ 62, 76, 82]],

[ 9, 35, 0,[ 13, 96, 62]],

[ 79, 5, 1,[ 45, 16, 2, 11, 27, 60, 58, 26, 40]],

[ 49, 35, 0,[ 58, 54]],

[ 40, 35, 0,[ 79, 23, 1, 44]],

[ 54, 35, 0,[ 49, 5, 22, 41, 69]],

[ 80, 35, 0,[ 98, 2, 58]],

[ 59, 35, 0,[ 57, 88, 58]],

[ 1, 35, 0,[ 81, 40, 36]],

[ 4, 25, 1,[ 5, 63, 93, 39, 44, 97, 76, 3, 30, 85, 68, 72]],

[ 44, 65, 1,[ 87, 58, 27, 0, 4, 75, 15, 40, 21, 71, 56, 66, 76, 12]],

[ 86, 35, 0,[ 39, 31]],

[ 64, 35, 0,[ 67, 81, 27, 77, 0]],

[ 81, 85, 1,[ 1, 64, 19, 35, 95, 92, 90, 96, 42, 50, 82, 26]],

[ 20, 35, 0,[ 83, 82, 37]],

[ 42, 35, 0,[ 31, 26, 81]],

[ 95, 35, 0,[ 3, 81, 91]],

[ 12, 35, 0,[ 68, 44, 63]],

[ 77, 35, 0,[ 76, 99, 64]],

[ 68, 95, 1,[ 85, 32, 12, 66, 15, 4, 19, 25, 89, 14, 70]],

[ 29, 35, 0,[ 83, 61, 23]],

[ 98, 35, 0,[ 80, 26, 99]],

[ 22, 35, 0,[ 37, 54]],

[ 58, 15, 1,[ 74, 31, 49, 44, 8, 7, 47, 79, 25, 16, 71, 80, 59, 13]],

[ 16, 35, 0,[ 58, 79]],

[ 8, 35, 0,[ 58, 2]],

[ 35, 35, 0,[ 81]],

[ 25, 35, 0,[ 68, 58]],

[ 82, 35, 0,[ 37, 20, 10, 65, 81]],

[ 43, 35, 0,[ 26, 41, 33, 74]],

[ 55, 35, 0,[ 3, 2]],

[ 62, 35, 0,[ 10, 9]],

[ 76, 35, 0,[ 44, 77, 10, 4]],

[ 18, 35, 0,[ 57, 26]],

[ 52, 35, 0,[ 39, 91, 53]],

[ 7, 35, 0,[ 69, 58]],

[ 65, 35, 0,[ 38, 82, 46, 57, 88]],

[ 23, 35, 0,[ 29, 40]],

[ 47, 35, 0,[ 24, 2, 58]],

[ 89, 35, 0,[ 51, 68, 11]],

[ 5, 35, 0,[ 54, 4]],

[ 63, 35, 0,[ 4, 11, 12]],

[ 53, 35, 0,[ 92, 48, 93, 52, 2]],

[ 57, 35, 0,[ 60, 18, 65, 59, 51]],

[ 50, 35, 0,[ 11, 81, 26]],

