[ 41, 45, 0,[ 46, 98, 21]],

[ 12, 45, 0,[ 83, 26, 90, 5]],

[ 32, 45, 0,[ 57, 1, 96]],

[ 24, 45, 0,[ 8, 64, 70]],

[ 16, 75, 1,[ 88, 57, 38, 97, 43]],

[ 83, 45, 0,[ 88, 56, 12]],

[ 28, 45, 0,[ 84, 37, 10]],

[ 38, 45, 0,[ 78, 11, 16]],

[ 56, 45, 0,[ 91, 0, 5, 83, 85]],

[ 19, 15, 1,[ 99, 90, 22, 21, 66]],

[ 98, 45, 1,[ 10, 41]],

[ 47, 45, 0,[ 73, 82]],

[ 43, 45, 0,[ 95, 63, 16]],

[ 27, 45, 0,[ 29, 81, 22]],

[ 52, 45, 0,[ 42, 94, 7]],

[ 76, 45, 0,[ 79, 22, 30]],

[ 3, 45, 0,[ 46, 7]],

[ 48, 55, 1,[ 59, 69, 86, 15]],

[ 44, 45, 0,[ 67, 71, 4]],

[ 79, 45, 0,[ 37, 76, 67, 14]],

[ 64, 45, 0,[ 24, 66, 84, 2]],

[ 26, 45, 0,[ 12, 11, 1]],

[ 45, 45, 0,[ 97, 62, 49, 21, 50]],

[ 70, 45, 0,[ 24, 14, 77]],

[ 8, 45, 0,[ 39, 53, 24]],

[ 21, 45, 0,[ 19, 45, 41, 17]],

[ 7, 45, 0,[ 89, 52, 37, 3]],

[ 20, 45, 0,[ 25, 34, 94]],

[ 62, 45, 0,[ 45, 6]],

[ 59, 45, 0,[ 22, 86, 48, 58]],

[ 22, 5, 1,[ 86, 19, 76, 9, 81, 27, 59, 73]],

[ 4, 45, 0,[ 34, 84, 93, 44]],

[ 40, 45, 0,[ 89, 6, 10]],

[ 53, 45, 0,[ 61, 57, 8, 65, 31]],

[ 91, 45, 0,[ 56, 88]],

[ 81, 45, 0,[ 25, 27, 22]],

[ 85, 45, 0,[ 56, 10]],

[ 66, 45, 0,[ 64, 19, 36]],

[ 89, 45, 0,[ 9, 40, 29, 36, 67, 7]],

[ 63, 45, 0,[ 74, 43, 58]],

[ 61, 45, 0,[ 50, 53, 96]],

[ 42, 45, 0,[ 31, 52, 73]],

[ 50, 45, 0,[ 54, 45, 61]],

[ 14, 45, 0,[ 72, 70, 75, 82, 87, 79]],

[ 65, 45, 0,[ 51, 93, 53]],

[ 88, 45, 0,[ 83, 91, 16]],

[ 31, 45, 0,[ 18, 42, 53]],

[ 94, 45, 0,[ 20, 60, 52, 71]],

[ 49, 45, 0,[ 0, 45, 54]],

[ 1, 45, 0,[ 26, 32, 55, 80, 46]],

[ 29, 45, 0,[ 89, 27, 17]],

[ 57, 85, 1,[ 32, 58, 53, 16]],

[ 55, 45, 0,[ 93, 1, 10]],

[ 37, 45, 0,[ 79, 7, 28]],

[ 67, 45, 0,[ 69, 89, 44, 79]],

[ 60, 45, 0,[ 15, 92, 94]],

[ 6, 45, 0,[ 40, 62, 99]],

[ 35, 45, 0,[ 75]],

[ 23, 45, 0,[ 18, 46, 2]],

[ 97, 45, 0,[ 16, 11, 45]],

[ 58, 45, 0,[ 96, 15, 63, 57, 59]],

[ 30, 45, 0,[ 93, 76, 92]],

[ 86, 45, 1,[ 59, 22, 48]],

[ 82, 45, 0,[ 14, 47, 34]],

[ 75, 45, 0,[ 14, 35, 15]],

[ 69, 45, 0,[ 67, 39, 48]],

[ 39, 45, 1,[ 69, 8, 2]],

[ 5, 45, 0,[ 10, 56, 12]],

[ 92, 45, 0,[ 11, 77, 30, 60]],

[ 2, 45, 0,[ 64, 23, 39]],

[ 84, 45, 0,[ 11, 80, 4, 64, 28]],

[ 36, 45, 0,[ 89, 66, 77]],

[ 77, 45, 0,[ 70, 36, 13, 92]],

[ 15, 45, 0,[ 60, 75, 58, 99, 48, 33]],

[ 9, 45, 0,[ 89, 22]],

[ 93, 45, 0,[ 4, 65, 55, 30]],

[ 73, 45, 0,[ 47, 42, 22]],

[ 25, 45, 0,[ 68, 78, 20, 81]],

[ 78, 45, 0,[ 38, 25, 13, 51, 87]],

[ 54, 45, 0,[ 74, 50, 49]],

[ 96, 45, 0,[ 58, 10, 61, 32, 95]],

[ 74, 45, 0,[ 63, 10, 54]],

[ 80, 45, 0,[ 0, 13, 84, 1]],

[ 33, 45, 0,[ 71, 0, 15, 10]],

[ 72, 45, 0,[ 18, 14, 51]],

[ 18, 45, 0,[ 31, 72, 23]],

[ 34, 45, 0,[ 82, 4, 20]],

[ 11, 45, 0,[ 97, 38, 84, 26, 92]],

[ 0, 45, 0,[ 49, 56, 33, 80]],

[ 10, 65, 1,[ 55, 33, 28, 98, 96, 40, 90, 85, 5, 74, 17]],

[ 99, 45, 0,[ 19, 15, 6]],

[ 95, 45, 0,[ 43, 96, 68]],

[ 51, 45, 0,[ 78, 65, 72]],

[ 46, 45, 0,[ 1, 3, 23, 41]],

[ 13, 45, 0,[ 77, 78, 80]],

[ 17, 45, 0,[ 29, 21, 10]],

[ 87, 45, 0,[ 78, 68, 14]],

[ 71, 45, 0,[ 44, 33, 94]],

[ 90, 45, 1,[ 12, 19, 10]],

[ 68, 45, 0,[ 95, 87, 25]],

