[ 65, 45, 1,[ 68, 46, 44, 20]],

[ 90, 25, 0,[ 61, 79, 97]],

[ 21, 75, 0,[ 57, 87, 88]],

[ 59, 5, 0,[ 52, 29, 71]],

[ 57, 95, 0,[ 53, 21, 2, 29]],

[ 47, 55, 1,[ 33, 94, 60]],

[ 40, 65, 1,[ 99, 51, 71]],

[ 92, 45, 1,[ 43, 28, 12, 60, 37]],

[ 88, 75, 0,[ 21, 26, 42]],

[ 61, 25, 1,[ 90, 66, 70]],

[ 27, 25, 1,[ 10, 89, 24, 82, 50]],

[ 17, 15, 0,[ 36, 25, 11]],

[ 4, 95, 1,[ 31, 22, 45, 6]],

[ 6, 55, 1,[ 4, 91, 0]],

[ 33, 5, 0,[ 39, 54, 47, 36]],

[ 11, 15, 1,[ 78, 17, 72]],

[ 3, 75, 0,[ 32, 23, 30]],

[ 7, 35, 1,[ 80, 19, 83, 41, 78]],

[ 9, 55, 1,[ 35, 73, 37]],

[ 69, 75, 0,[ 30, 41, 73]],

[ 82, 5, 0,[ 27, 63, 15]],

[ 19, 55, 0,[ 38, 72, 7]],

[ 8, 85, 1,[ 86, 50, 52, 75]],

[ 58, 55, 1,[ 85, 43, 25, 18, 0]],

[ 76, 55, 1,[ 28, 24, 77]],

[ 95, 25, 0,[ 39, 24, 66]],

[ 93, 65, 1,[ 1, 15, 18]],

[ 35, 75, 1,[ 48, 78, 9]],

[ 96, 55, 1,[ 77, 37, 89]],

[ 79, 75, 1,[ 48, 15, 90]],

[ 37, 95, 0,[ 92, 96, 29, 9]],

[ 46, 45, 1,[ 10, 65, 32]],

[ 45, 95, 0,[ 4, 83, 54]],

[ 54, 75, 1,[ 80, 33, 98, 45]],

[ 42, 25, 0,[ 66, 88, 12]],

[ 89, 15, 1,[ 1, 96, 50, 27]],

[ 60, 95, 0,[ 55, 92, 47]],

[ 44, 95, 1,[ 74, 65, 15]],

[ 32, 45, 0,[ 5, 67, 46, 3, 28]],

[ 16, 45, 0,[ 56, 22, 67]],

[ 91, 85, 0,[ 6, 84, 13, 80]],

[ 28, 25, 1,[ 92, 76, 32, 73]],

[ 94, 45, 1,[ 47, 83]],

[ 0, 35, 1,[ 13, 58, 18, 6]],

[ 24, 25, 0,[ 95, 76, 27, 14]],

[ 98, 5, 0,[ 26, 22, 54]],

[ 14, 25, 0,[ 24, 55, 23]],

[ 63, 75, 0,[ 82, 77, 2]],

[ 83, 95, 0,[ 94, 45, 5, 7]],

[ 26, 85, 1,[ 88, 98]],

[ 2, 85, 1,[ 34, 57, 63, 56, 49]],

[ 5, 5, 1,[ 64, 83, 32]],

[ 18, 55, 0,[ 93, 58, 0]],

[ 66, 15, 1,[ 42, 95, 61]],

[ 22, 5, 0,[ 4, 98, 16]],

[ 25, 55, 0,[ 38, 17, 70, 58, 84]],

[ 43, 95, 1,[ 92, 99, 58]],

[ 20, 15, 1,[ 53, 51, 65]],

[ 84, 75, 1,[ 25, 91, 77]],

[ 31, 55, 0,[ 39, 62, 4]],

[ 68, 45, 1,[ 23, 77, 65]],

[ 75, 5, 0,[ 55, 72, 8]],

[ 56, 85, 0,[ 16, 2]],

[ 15, 5, 1,[ 93, 82, 79, 99, 44]],

[ 38, 55, 0,[ 25, 52, 19]],

[ 81, 65, 1,[ 77, 87, 97]],

[ 52, 5, 1,[ 59, 8, 38]],

[ 86, 85, 0,[ 1, 97, 8]],

[ 29, 95, 1,[ 37, 57, 59]],

[ 53, 65, 0,[ 71, 20, 57, 48]],

[ 55, 95, 1,[ 75, 14, 60]],

[ 34, 65, 1,[ 2, 62, 10]],

[ 23, 75, 0,[ 14, 68, 3]],

[ 85, 15, 0,[ 77, 64, 58]],

[ 74, 45, 0,[ 97, 44, 48]],

[ 78, 45, 1,[ 7, 35, 11]],

[ 39, 55, 0,[ 95, 33, 31]],

[ 64, 15, 1,[ 5, 36, 49, 85]],

[ 99, 75, 1,[ 15, 40, 43]],

[ 10, 65, 0,[ 34, 46, 27]],

[ 70, 25, 0,[ 61, 67, 25]],

[ 50, 75, 1,[ 27, 8, 89]],

[ 36, 5, 0,[ 17, 64, 33]],

[ 80, 25, 1,[ 7, 54, 91]],

[ 12, 25, 1,[ 92, 42, 30]],

[ 97, 45, 1,[ 81, 74, 86, 90, 13]],

[ 13, 85, 1,[ 91, 0, 97]],

[ 72, 5, 0,[ 75, 19, 11]],

[ 49, 25, 1,[ 2, 51, 64]],

[ 41, 75, 0,[ 69, 87, 7]],

[ 71, 65, 0,[ 40, 59, 53]],

[ 48, 65, 0,[ 79, 53, 74, 35, 62]],

[ 77, 75, 1,[ 96, 84, 68, 81, 63, 76, 85]],

[ 1, 15, 0,[ 89, 86, 93]],

[ 73, 75, 0,[ 69, 9, 28]],

[ 51, 15, 0,[ 40, 49, 20]],

[ 67, 45, 0,[ 32, 70, 16]],

[ 87, 75, 0,[ 41, 21, 81]],

[ 62, 35, 1,[ 34, 31, 48]],

[ 30, 75, 0,[ 69, 12, 3]],

