[ 72, 45, 0,[ 64, 3, 17, 57]],

[ 29, 5, 1,[ 4, 76, 82, 70]],

[ 44, 5, 1,[ 51, 96, 23, 25]],

[ 21, 75, 0,[ 76, 66, 46]],

[ 20, 85, 1,[ 25, 61, 7]],

[ 58, 35, 1,[ 35, 81, 53]],

[ 63, 45, 0,[ 42, 94, 1]],

[ 78, 45, 1,[ 92, 64, 67]],

[ 92, 35, 1,[ 36, 81, 78, 77, 47]],

[ 52, 75, 1,[ 32, 48, 61, 71, 14, 10]],

[ 17, 45, 0,[ 86, 72, 7]],

[ 90, 85, 0,[ 9, 79]],

[ 75, 75, 0,[ 33, 2, 67]],

[ 98, 95, 0,[ 15, 50, 55, 5]],

[ 3, 45, 0,[ 68, 91, 72]],

[ 86, 55, 0,[ 40, 17, 0]],

[ 57, 45, 0,[ 39, 88, 72]],

[ 37, 5, 0,[ 4, 35, 9]],

[ 4, 45, 1,[ 96, 37, 99, 29, 27]],

[ 61, 75, 0,[ 76, 24, 20, 52]],

[ 39, 45, 0,[ 59, 2, 67, 80, 57]],

[ 47, 85, 1,[ 89, 28, 92]],

[ 91, 25, 0,[ 74, 66, 3]],

[ 88, 45, 0,[ 23, 22, 57, 89]],

[ 24, 75, 0,[ 22, 41, 61, 0]],

[ 2, 75, 1,[ 12, 75, 7, 39]],

[ 93, 5, 1,[ 0, 94, 85, 28, 95]],

[ 79, 85, 1,[ 90, 68, 46]],

[ 28, 85, 1,[ 47, 40, 0, 5, 93]],

[ 80, 25, 1,[ 84, 39, 43]],

[ 60, 45, 0,[ 59, 1, 89]],

[ 42, 75, 0,[ 31, 99, 63, 74, 36]],

[ 18, 25, 1,[ 66, 26, 97]],

[ 81, 15, 1,[ 58, 68, 92]],

[ 56, 55, 0,[ 71, 38, 65]],

[ 89, 15, 1,[ 47, 88, 60]],

[ 76, 65, 1,[ 21, 62, 13, 29, 41, 61, 12]],

[ 32, 75, 0,[ 14, 52, 73]],

[ 6, 75, 1,[ 9, 96, 55]],

[ 10, 35, 0,[ 52, 53]],

[ 54, 75, 1,[ 34, 16, 85]],

[ 65, 45, 1,[ 56, 1, 68]],

[ 50, 75, 1,[ 98, 70, 82]],

[ 13, 15, 1,[ 76, 73, 36]],

[ 7, 45, 1,[ 2, 16, 20, 17]],

[ 83, 5, 0,[ 97, 11, 70]],

[ 70, 75, 0,[ 49, 83, 34, 50, 29]],

[ 26, 5, 1,[ 16, 45, 18]],

[ 71, 75, 0,[ 56, 35, 52, 41]],

[ 23, 45, 0,[ 88, 87, 44]],

[ 5, 55, 1,[ 51, 73, 98, 28]],

[ 43, 15, 1,[ 0, 80]],

[ 49, 85, 1,[ 11, 46, 70]],

[ 16, 45, 0,[ 26, 7, 54]],

[ 95, 5, 0,[ 93, 77, 12]],

[ 62, 45, 0,[ 51, 76, 68]],

[ 15, 95, 1,[ 45, 48, 53, 98]],

[ 85, 95, 0,[ 54, 64, 93, 99]],

[ 64, 95, 1,[ 33, 85, 78, 72]],

[ 84, 95, 1,[ 80, 30, 19]],

[ 69, 75, 0,[ 30, 33, 31]],

[ 40, 95, 1,[ 97, 68, 28, 86]],

[ 53, 35, 0,[ 10, 15, 58]],

[ 35, 5, 1,[ 37, 58, 87, 71]],

[ 46, 75, 1,[ 21, 49, 79]],

[ 36, 75, 0,[ 92, 13, 42]],

[ 59, 45, 0,[ 60, 39]],

[ 48, 75, 0,[ 15, 52, 19]],

[ 94, 55, 1,[ 93, 63, 68]],

[ 73, 75, 0,[ 30, 13, 5, 32]],

[ 12, 95, 1,[ 95, 38, 76, 2]],

[ 45, 25, 0,[ 9, 26, 15]],

[ 96, 75, 1,[ 4, 6, 11, 44]],

[ 38, 55, 0,[ 12, 56, 0]],

[ 51, 5, 0,[ 5, 62, 44]],

[ 34, 75, 1,[ 54, 70, 55]],

[ 67, 35, 1,[ 39, 78, 8, 75]],

[ 87, 45, 0,[ 35, 27, 23, 31]],

[ 14, 75, 0,[ 52, 27, 32]],

[ 77, 75, 1,[ 33, 92, 95]],

[ 1, 45, 1,[ 65, 60, 63]],

[ 11, 85, 1,[ 83, 96, 49]],

[ 66, 25, 1,[ 91, 21, 18]],

[ 68, 45, 1,[ 62, 65, 94, 79, 3, 81, 40]],

[ 8, 45, 1,[ 25, 19, 67, 82]],

[ 19, 75, 0,[ 84, 48, 74, 8]],

[ 22, 75, 0,[ 24, 88, 30]],

[ 25, 5, 0,[ 8, 44, 20]],

[ 9, 25, 1,[ 90, 37, 6, 45]],

[ 99, 65, 1,[ 4, 42, 85]],

[ 55, 15, 1,[ 98, 34, 6]],

[ 97, 5, 1,[ 18, 40, 83]],

[ 30, 75, 0,[ 69, 84, 22, 73]],

[ 33, 75, 0,[ 69, 64, 75, 77]],

[ 0, 55, 1,[ 28, 93, 86, 38, 43, 24]],

[ 74, 75, 0,[ 42, 91, 19]],

[ 82, 75, 0,[ 8, 29, 50]],

[ 31, 75, 0,[ 69, 42, 87]],

[ 41, 75, 0,[ 76, 24, 71]],

[ 27, 45, 0,[ 87, 14, 4]],

