[ 96, 5, 0,[ 30, 5, 69, 25, 29]],

[ 87, 5, 0,[ 75, 23, 44]],

[ 79, 55, 0,[]],

[ 62, 55, 0,[ 78, 9, 45, 26, 82]],

[ 49, 55, 0,[ 22, 4, 8]],

[ 23, 5, 0,[ 21, 87, 12]],

[ 11, 55, 1,[ 2, 81, 0, 91]],

[ 26, 15, 1,[ 54, 83, 27, 38, 62, 36]],

[ 50, 55, 0,[ 84, 38, 90]],

[ 19, 5, 0,[ 98, 47, 0]],

[ 54, 55, 0,[ 26, 24, 44]],

[ 98, 55, 0,[ 51, 19, 46]],

[ 75, 55, 0,[ 63, 39, 74, 85, 87]],

[ 39, 5, 0,[ 20, 42, 75]],

[ 47, 55, 0,[ 48, 19, 7, 46, 14, 41]],

[ 21, 5, 0,[ 68, 22, 23, 85, 44]],

[ 40, 55, 0,[ 30, 89, 24]],

[ 82, 55, 0,[ 18, 62, 76, 37]],

[ 41, 55, 0,[ 28, 47, 61]],

[ 16, 55, 0,[ 42, 65, 17]],

[ 46, 55, 0,[ 47, 31, 89, 69, 98]],

[ 28, 5, 0,[ 48, 2, 41, 12]],

[ 57, 5, 0,[ 61]],

[ 25, 5, 0,[ 94, 96, 78]],

[ 73, 55, 0,[ 91, 10, 67]],

[ 36, 55, 0,[ 86, 88, 26, 71]],

[ 51, 5, 0,[ 3, 98, 94]],

[ 80, 5, 0,[ 34, 18, 37]],

[ 70, 5, 0,[ 0, 15, 89, 72]],

[ 68, 95, 1,[ 13, 21, 91, 60, 43, 15, 0]],

[ 99, 5, 0,[ 66, 43]],

[ 30, 55, 0,[ 40, 63, 96]],

[ 71, 55, 0,[ 95, 36, 33]],

[ 92, 55, 0,[ 13, 55, 43]],

[ 81, 55, 1,[ 11, 58, 7]],

[ 72, 55, 0,[ 70, 77, 33]],

[ 17, 55, 0,[ 0, 16, 58]],

[ 15, 55, 0,[ 8, 68, 70]],

[ 83, 55, 0,[ 69, 26, 91, 37]],

[ 64, 5, 0,[ 66, 32, 97, 89]],

[ 45, 55, 0,[ 4, 56, 62, 9]],

[ 37, 55, 0,[ 7, 82, 83, 80]],

[ 22, 5, 0,[ 32, 49, 56, 21]],

[ 52, 5, 0,[ 67, 61]],

[ 74, 55, 0,[ 75, 2, 13]],

[ 89, 35, 1,[ 70, 46, 40, 32, 64]],

[ 43, 55, 0,[ 99, 63, 92, 68, 35]],

[ 55, 55, 0,[ 31, 27, 92]],

[ 76, 55, 0,[ 82]],

[ 20, 5, 0,[ 5, 10, 3, 8, 58, 18, 90, 39]],

[ 53, 15, 0,[]],

[ 18, 5, 0,[ 80, 82, 20]],

[ 94, 5, 0,[ 25, 51, 13]],

[ 58, 55, 1,[ 81, 17, 20, 90, 44]],

[ 88, 55, 0,[ 27, 59, 36]],

[ 38, 55, 0,[ 26, 6, 50]],

[ 0, 5, 1,[ 17, 95, 70, 68, 11, 19, 3]],

[ 32, 35, 0,[ 22, 89, 64]],

[ 10, 5, 0,[ 93, 73, 20]],

[ 93, 5, 0,[ 4, 10, 97]],

[ 78, 55, 0,[ 25, 62, 65]],

[ 29, 5, 0,[ 96]],

[ 4, 55, 0,[ 14, 45, 49, 93, 2]],

[ 8, 55, 0,[ 24, 49, 14, 35, 15, 20]],

[ 12, 5, 0,[ 23, 35, 91, 28]],

[ 66, 5, 0,[ 99, 34, 64, 31, 33]],

[ 34, 5, 0,[ 66, 27, 80]],

[ 9, 55, 0,[ 45, 86, 60, 62]],

[ 90, 55, 0,[ 58, 50, 20]],

[ 67, 55, 0,[ 6, 73, 52]],

[ 59, 55, 0,[ 95, 88]],

[ 97, 5, 0,[ 93, 64, 2]],

[ 48, 55, 0,[ 24, 47, 28]],

[ 1, 55, 0,[]],

[ 42, 5, 0,[ 16, 2, 39]],

[ 85, 5, 0,[ 21, 75]],

[ 63, 55, 0,[ 61, 30, 75, 43]],

[ 84, 55, 0,[ 77, 50, 5]],

[ 5, 5, 0,[ 96, 20, 84]],

[ 33, 55, 0,[ 71, 72, 66]],

[ 7, 5, 1,[ 37, 81, 47, 65]],

[ 95, 55, 0,[ 71, 0, 59]],

[ 44, 5, 0,[ 87, 21, 58, 54]],

[ 65, 55, 1,[ 7, 78, 16]],

[ 91, 95, 0,[ 12, 68, 11, 73, 83]],

[ 69, 55, 0,[ 83, 96, 46]],

[ 77, 55, 0,[ 84, 72, 13]],

[ 86, 55, 0,[ 13, 9, 36]],

[ 6, 55, 0,[ 24, 38, 67]],

[ 31, 5, 0,[ 46, 66, 55, 61]],

[ 61, 5, 0,[ 31, 41, 63, 57, 52]],

[ 13, 95, 0,[ 77, 74, 86, 92, 94, 68]],

[ 3, 5, 0,[ 51, 0, 20]],

[ 14, 55, 0,[ 47, 4, 8]],

[ 24, 55, 0,[ 40, 48, 8, 54, 6]],

[ 2, 5, 1,[ 11, 97, 28, 42, 74, 4]],

[ 60, 55, 0,[ 9, 68, 27]],

[ 27, 15, 0,[ 88, 55, 26, 34, 60]],

[ 35, 55, 0,[ 8, 43, 12]],

[ 56, 55, 0,[ 22, 45]],

