[ 27, 65, 0,[ 86, 14, 75]],

[ 94, 45, 0,[ 2, 10, 88]],

[ 36, 15, 0,[ 11, 79, 41]],

[ 1, 45, 0,[ 66, 44, 51, 43, 74]],

[ 6, 35, 1,[ 22, 48, 92, 39, 80, 12, 46, 50, 38, 11, 74]],

[ 74, 45, 0,[ 1, 90, 78, 6, 72]],

[ 17, 65, 0,[ 65, 47, 71]],

[ 10, 45, 0,[ 40, 94, 89]],

[ 66, 45, 0,[ 1, 59, 45]],

[ 87, 15, 0,[ 70, 65, 41]],

[ 33, 45, 0,[ 0, 68, 40]],

[ 20, 65, 0,[ 68, 82, 11, 86]],

[ 19, 15, 0,[ 68, 37, 98]],

[ 3, 55, 0,[ 69, 65, 55]],

[ 44, 45, 0,[ 60, 0, 1]],

[ 52, 15, 0,[ 23, 61, 7]],

[ 30, 15, 0,[ 63, 37, 79, 41]],

[ 35, 45, 0,[ 47, 0, 89]],

[ 23, 65, 0,[ 52, 67, 68, 2]],

[ 38, 35, 0,[ 57, 6, 85]],

[ 68, 95, 1,[ 20, 97, 37, 33, 57, 19, 77, 23]],

[ 53, 45, 0,[ 49, 72, 83]],

[ 28, 65, 0,[ 67, 12, 2]],

[ 91, 65, 0,[ 18, 95]],

[ 0, 45, 1,[ 76, 33, 5, 25, 16, 44, 92, 75, 64, 83, 2, 51, 8, 35]],

[ 8, 65, 0,[ 31, 75, 0, 86]],

[ 2, 65, 1,[ 34, 28, 46, 97, 23, 94, 16, 62, 0, 43, 84, 79, 49]],

[ 26, 85, 1,[ 58, 73, 80, 7, 49, 81, 4, 78, 67]],

[ 42, 65, 0,[ 77, 69, 71]],

[ 40, 45, 0,[ 10, 48, 54, 33]],

[ 31, 65, 0,[ 8, 24, 29]],

[ 96, 15, 0,[ 47, 92, 56]],

[ 24, 65, 0,[ 5, 50, 31]],

[ 63, 15, 0,[ 79, 30, 29]],

[ 15, 15, 0,[ 16, 79, 21]],

[ 60, 45, 0,[ 65, 44, 59]],

[ 83, 45, 0,[ 53, 11, 0]],

[ 64, 45, 0,[ 22, 81, 0]],

[ 54, 45, 0,[ 40, 7, 59]],

[ 90, 15, 0,[ 22, 74, 56]],

[ 78, 15, 0,[ 74, 79, 26]],

[ 16, 15, 0,[ 2, 95, 15, 0]],

[ 69, 65, 0,[ 42, 3, 86, 21]],

[ 48, 45, 0,[ 45, 40, 6]],

[ 99, 15, 0,[ 65, 37, 29]],

[ 62, 65, 0,[ 71, 25, 2, 86]],

[ 51, 45, 0,[ 18, 0, 1]],

[ 82, 65, 0,[ 18, 14, 20]],

[ 41, 15, 0,[ 70, 36, 92, 30, 87]],

[ 4, 15, 0,[ 92, 37, 26]],

[ 55, 45, 0,[ 76, 45, 3]],

[ 97, 65, 0,[ 68, 18, 2]],

[ 79, 15, 1,[ 30, 61, 2, 21, 78, 63, 15, 36, 88]],

[ 71, 65, 0,[ 42, 17, 12, 62]],

[ 67, 65, 0,[ 28, 26, 23]],

[ 59, 45, 0,[ 60, 54, 66, 56]],

[ 81, 5, 1,[ 9, 70, 64, 26]],

[ 39, 35, 0,[ 6, 5, 13]],

[ 34, 65, 0,[ 93, 14, 32, 2]],

[ 29, 15, 0,[ 63, 31, 99]],

[ 88, 15, 0,[ 98, 58, 94, 79]],

[ 70, 15, 0,[ 87, 81, 41]],

[ 75, 65, 0,[ 27, 9, 8, 93, 0]],

[ 61, 15, 0,[ 32, 79, 52]],

[ 43, 45, 0,[ 92, 2, 1]],

[ 7, 85, 0,[ 52, 54, 84, 26]],

[ 49, 45, 0,[ 2, 53, 26]],

[ 37, 15, 0,[ 30, 92, 19, 68, 4, 99]],

[ 95, 15, 0,[ 16, 92, 65, 91]],

[ 98, 15, 0,[ 22, 88, 19]],

[ 50, 35, 0,[ 24, 6, 57]],

[ 46, 65, 0,[ 6, 47, 2, 89]],

[ 73, 85, 0,[ 26, 84, 65]],

[ 84, 85, 0,[ 7, 2, 73, 9]],

[ 13, 65, 0,[ 93, 39, 47]],

[ 25, 65, 0,[ 62, 56, 0]],

[ 32, 15, 0,[ 34, 21, 61]],

[ 5, 35, 0,[ 0, 39, 24]],

[ 45, 45, 0,[ 55, 48, 66]],

[ 9, 5, 1,[ 75, 81, 84]],

[ 93, 65, 0,[ 75, 13, 34]],

[ 58, 15, 0,[ 26, 88, 47]],

[ 77, 95, 0,[ 42, 72, 68]],

[ 65, 55, 1,[ 95, 17, 99, 60, 85, 87, 3, 73]],

[ 47, 65, 0,[ 58, 35, 13, 46, 96, 17]],

[ 11, 25, 1,[ 83, 20, 6, 36]],

[ 14, 65, 0,[ 34, 27, 82]],

[ 89, 45, 0,[ 35, 46, 10]],

[ 12, 65, 0,[ 6, 28, 71]],

[ 22, 15, 0,[ 64, 90, 6, 98]],

[ 92, 15, 0,[ 4, 56, 96, 41, 43, 37, 95, 0, 6]],

[ 56, 15, 0,[ 59, 25, 96, 92, 90]],

[ 72, 45, 0,[ 77, 74, 53]],

[ 85, 45, 0,[ 76, 38, 65]],

[ 57, 35, 0,[ 38, 50, 68]],

[ 76, 45, 0,[ 85, 0, 55]],

[ 86, 65, 0,[ 20, 8, 62, 69, 27]],

[ 80, 85, 0,[ 26, 6]],

[ 21, 15, 0,[ 15, 32, 79, 69]],

[ 18, 65, 0,[ 51, 91, 82, 97]],

