[ 41, 15, 1,[ 84, 71, 70]],

[ 50, 15, 0,[ 79, 82, 88]],

[ 77, 45, 0,[ 0, 42, 69, 95, 68, 59]],

[ 58, 95, 0,[ 7, 9, 39]],

[ 88, 25, 1,[ 29, 50, 17, 13]],

[ 14, 95, 1,[ 98, 65, 85, 21]],

[ 53, 5, 1,[ 87, 99, 61, 64, 35, 1, 52, 19, 82, 18]],

[ 89, 5, 0,[ 86, 23, 56]],

[ 12, 95, 0,[ 9, 25, 69]],

[ 73, 85, 1,[ 7, 5, 10]],

[ 93, 75, 0,[ 33, 94, 86]],

[ 27, 55, 1,[ 24, 72, 3]],

[ 74, 75, 1,[ 72, 66, 86, 16, 81, 25]],

[ 70, 5, 1,[ 84, 2, 41]],

[ 80, 85, 0,[ 18, 22, 30]],

[ 86, 75, 1,[ 93, 78, 89, 74]],

[ 79, 15, 0,[ 50, 45, 47]],

[ 99, 25, 0,[ 53, 31, 42]],

[ 0, 35, 0,[ 77, 76, 10]],

[ 22, 75, 1,[ 38, 80, 67]],

[ 5, 5, 0,[ 73, 23, 60]],

[ 20, 75, 0,[ 11, 10]],

[ 82, 15, 1,[ 59, 50, 53]],

[ 33, 55, 1,[ 56, 93, 2, 97]],

[ 45, 65, 1,[ 97, 79, 31]],

[ 97, 75, 0,[ 31, 45, 94, 33]],

[ 52, 55, 0,[ 67, 53, 92]],

[ 95, 85, 1,[ 85, 17, 60, 77]],

[ 66, 85, 0,[ 91, 78, 74]],

[ 8, 75, 0,[ 49, 81, 34]],

[ 42, 25, 1,[ 77, 99, 78, 43]],

[ 78, 25, 0,[ 42, 86, 4, 66]],

[ 40, 45, 0,[ 60, 47, 39]],

[ 81, 75, 0,[ 46, 74, 8, 43]],

[ 30, 85, 1,[ 38, 80, 15]],

[ 69, 45, 1,[ 54, 77, 12, 18]],

[ 59, 65, 1,[ 1, 77, 82, 51, 55, 96]],

[ 29, 25, 0,[ 88, 91, 64]],

[ 23, 5, 1,[ 72, 89, 24, 7, 5]],

[ 85, 5, 1,[ 95, 14, 36]],

[ 75, 45, 1,[ 19, 98, 32]],

[ 26, 75, 0,[ 44, 67, 39, 31]],

[ 3, 35, 0,[ 39, 27, 76]],

[ 7, 5, 0,[ 73, 23, 58]],

[ 32, 15, 1,[ 24, 47, 6, 51, 36, 25, 75, 13, 46]],

[ 60, 45, 1,[ 5, 68, 47, 40, 95]],

[ 90, 75, 1,[ 96, 54, 28]],

[ 94, 15, 1,[ 97, 57, 93]],

[ 2, 5, 0,[ 33, 70, 47, 83]],

[ 11, 75, 0,[ 98, 20, 44]],

[ 35, 25, 0,[ 19, 53, 57]],

[ 31, 75, 1,[ 99, 45, 97, 26]],

[ 24, 95, 1,[ 32, 27, 23]],

[ 98, 35, 1,[ 14, 62, 75, 11]],

[ 76, 35, 0,[ 16, 83, 3, 0]],

[ 71, 95, 1,[ 48, 41, 67]],

[ 62, 25, 0,[ 38, 98, 57]],

[ 13, 75, 1,[ 15, 32, 88]],

[ 72, 95, 1,[ 27, 74, 23]],

[ 49, 75, 0,[ 64, 8]],

[ 36, 45, 1,[ 51, 85, 32]],

[ 9, 95, 0,[ 48, 12, 58]],

[ 56, 85, 1,[ 57, 33, 89, 10]],

[ 51, 85, 1,[ 25, 37, 59, 32, 36]],

[ 19, 95, 1,[ 35, 53, 21, 75]],

[ 4, 25, 0,[ 43, 78, 34]],

[ 92, 55, 0,[ 46, 52, 57]],

[ 84, 15, 0,[ 70, 41, 57]],

[ 18, 5, 0,[ 53, 69, 80]],

[ 34, 25, 0,[ 83, 4, 8]],

[ 96, 65, 0,[ 59, 90, 17]],

[ 17, 95, 1,[ 95, 96, 88]],

[ 63, 75, 1,[ 87, 65]],

[ 44, 75, 0,[ 46, 26, 68, 11, 1]],

[ 43, 25, 0,[ 4, 42, 81]],

[ 6, 15, 0,[ 32]],

[ 48, 95, 0,[ 71, 54, 9]],

[ 67, 55, 1,[ 22, 71, 26, 52]],

[ 38, 45, 1,[ 30, 62, 22]],

[ 64, 5, 0,[ 29, 53, 49]],

[ 91, 85, 1,[ 65, 29, 66, 37]],

[ 54, 95, 0,[ 48, 69, 90]],

[ 47, 15, 0,[ 60, 2, 79, 40, 32]],

[ 37, 25, 1,[ 91, 51]],

[ 83, 35, 1,[ 76, 2, 34]],

[ 55, 5, 0,[ 1, 59, 61]],

[ 61, 5, 0,[ 53, 55, 16]],

[ 21, 25, 1,[ 19, 14, 25]],

[ 57, 25, 1,[ 62, 35, 92, 56, 94, 84]],

[ 10, 75, 1,[ 56, 25, 0, 20, 73]],

[ 46, 75, 0,[ 81, 92, 32, 44, 28]],

[ 25, 35, 1,[ 51, 12, 32, 74, 21, 10]],

[ 65, 95, 0,[ 63, 14, 91]],

[ 15, 95, 0,[ 30, 87, 13]],

[ 87, 95, 1,[ 15, 63, 53]],

[ 68, 45, 0,[ 60, 77, 44]],

[ 28, 75, 0,[ 46, 90]],

[ 39, 95, 1,[ 26, 40, 3, 58]],

[ 16, 45, 1,[ 76, 74, 61]],

[ 1, 95, 1,[ 44, 59, 53, 55]],

