[ 53, 35, 0,[ 50, 90]],

[ 62, 85, 0,[ 72, 49, 70]],

[ 17, 35, 0,[ 51, 46, 69, 70]],

[ 47, 55, 0,[ 8, 74, 55, 79]],

[ 8, 35, 1,[ 43, 47, 11]],

[ 11, 75, 1,[ 12, 79, 8]],

[ 55, 55, 0,[ 47, 79, 94]],

[ 34, 35, 0,[ 42, 41, 23, 95, 57]],

[ 4, 15, 0,[ 89, 58, 95, 66]],

[ 80, 35, 0,[ 42, 96, 76, 91]],

[ 78, 35, 0,[ 87, 88, 66]],

[ 73, 5, 0,[ 30, 28, 63, 19]],

[ 25, 85, 0,[ 5, 52]],

[ 49, 85, 0,[ 37, 66, 62, 83]],

[ 96, 35, 0,[ 27, 58, 80]],

[ 64, 85, 0,[ 6, 0, 81, 67, 33]],

[ 87, 35, 0,[ 78, 97, 98]],

[ 5, 85, 0,[ 25, 27, 0, 29]],

[ 61, 35, 0,[ 50, 23, 32]],

[ 92, 55, 0,[ 84, 75, 71, 90]],

[ 67, 35, 0,[ 7, 64, 24]],

[ 93, 15, 0,[ 88, 98, 89]],

[ 60, 85, 0,[ 16, 31, 51, 65]],

[ 3, 35, 0,[ 41, 91, 14]],

[ 7, 35, 0,[ 20, 67, 45]],

[ 16, 85, 0,[ 9, 42, 60, 40, 83, 77]],

[ 85, 35, 0,[ 57, 10, 0]],

[ 72, 55, 0,[ 14, 33, 82, 62]],

[ 95, 35, 0,[ 34, 12, 4]],

[ 70, 35, 0,[ 62, 1, 17, 89]],

[ 97, 35, 0,[ 52, 59, 87]],

[ 59, 35, 0,[ 97, 84, 91]],

[ 65, 55, 1,[ 60, 0, 81]],

[ 37, 35, 0,[ 49, 33, 39]],

[ 2, 5, 1,[ 90, 0, 50]],

[ 36, 35, 0,[ 19, 35, 68, 10, 22, 98]],

[ 22, 35, 0,[ 36, 10, 21]],

[ 84, 55, 0,[ 92, 59, 44]],

[ 30, 15, 0,[ 48, 14, 73]],

[ 79, 55, 0,[ 47, 55, 11]],

[ 44, 15, 1,[ 23, 84, 6, 63]],

[ 74, 35, 0,[ 52, 90, 47]],

[ 12, 85, 0,[ 50, 95, 15, 0, 11]],

[ 66, 85, 0,[ 4, 49, 78]],

[ 94, 55, 0,[ 40, 82, 55]],

[ 0, 85, 1,[ 85, 2, 29, 12, 65, 64, 5]],

[ 56, 35, 0,[ 20, 18, 24]],

[ 63, 15, 0,[ 29, 44, 73]],

[ 26, 45, 1,[ 21, 23, 13]],

[ 28, 5, 0,[ 43, 73, 88]],

[ 41, 35, 0,[ 54, 3, 34]],

[ 39, 5, 0,[ 37, 43]],

[ 19, 5, 0,[ 73, 36, 48]],

[ 76, 35, 0,[ 80, 1, 46]],

[ 46, 35, 0,[ 9, 17, 76, 24]],

[ 6, 5, 1,[ 44, 75, 64]],

[ 40, 35, 0,[ 68, 91, 16, 94]],

[ 69, 35, 0,[ 86, 17, 18]],

[ 77, 85, 0,[ 68, 16, 32]],

[ 35, 35, 0,[ 45, 36, 21]],

[ 18, 35, 0,[ 86, 56, 69]],

[ 68, 35, 0,[ 36, 40, 77]],

[ 91, 35, 0,[ 80, 59, 3, 40]],

[ 71, 85, 0,[ 29, 20, 92]],

[ 13, 85, 0,[ 9, 26]],

[ 75, 55, 0,[ 92, 32, 6]],

[ 89, 15, 0,[ 4, 93, 70]],

[ 50, 85, 0,[ 53, 2, 61, 12, 38]],

[ 1, 35, 0,[ 48, 76, 70]],

[ 99, 35, 0,[ 82, 58, 15]],

[ 48, 15, 0,[ 31, 30, 19, 1]],

[ 51, 85, 0,[ 17, 60]],

[ 54, 35, 0,[ 81, 41, 29]],

[ 10, 35, 0,[ 36, 22, 85]],

[ 42, 85, 0,[ 16, 34, 80]],

[ 88, 15, 0,[ 93, 78, 28]],

[ 29, 85, 0,[ 71, 63, 5, 54, 0]],

[ 27, 85, 0,[ 38, 96, 5]],

[ 32, 55, 0,[ 77, 61, 75]],

[ 15, 35, 0,[ 12, 99, 57]],

[ 24, 35, 0,[ 67, 46, 56]],

[ 82, 55, 0,[ 83, 94, 99, 72]],

[ 31, 15, 0,[ 48, 86, 60]],

[ 9, 85, 0,[ 52, 13, 16, 46]],

[ 90, 35, 0,[ 74, 57, 2, 45, 53, 92]],

[ 45, 35, 0,[ 7, 35, 90]],

[ 33, 35, 0,[ 37, 72, 64]],

[ 98, 35, 0,[ 87, 36, 93]],

[ 58, 15, 1,[ 99, 96, 4]],

[ 57, 35, 0,[ 34, 85, 90, 15]],

[ 38, 85, 0,[ 83, 27, 50]],

[ 81, 35, 1,[ 64, 65, 54]],

[ 43, 5, 0,[ 8, 28, 39]],

[ 21, 35, 0,[ 22, 26, 35]],

[ 14, 55, 0,[ 3, 30, 72]],

[ 83, 85, 0,[ 82, 16, 49, 38]],

[ 86, 35, 0,[ 69, 31, 18]],

[ 52, 85, 0,[ 97, 74, 9, 25]],

[ 23, 35, 0,[ 34, 44, 26, 61]],

[ 20, 35, 0,[ 56, 71, 7]],

