[ 94, 85, 0,[ 39, 48]],

[ 67, 85, 0,[ 48, 1, 19]],

[ 58, 85, 0,[ 26, 19, 71]],

[ 62, 85, 0,[ 25, 33, 60, 53, 76, 86]],

[ 87, 85, 0,[ 19]],

[ 63, 85, 0,[ 95, 59, 73]],

[ 82, 85, 0,[ 26, 15, 16, 95, 17]],

[ 96, 85, 0,[ 38, 27, 15]],

[ 60, 85, 0,[ 3, 62]],

[ 12, 85, 0,[ 57, 16, 43]],

[ 86, 85, 0,[ 90, 75, 62]],

[ 20, 85, 0,[ 31, 55, 64]],

[ 72, 85, 0,[ 95, 36, 30]],

[ 38, 85, 0,[ 57, 54, 96]],

[ 13, 85, 0,[ 3, 30, 40]],

[ 16, 35, 1,[ 82, 93, 12, 18, 1, 55, 49, 79, 14, 47, 46, 36]],

[ 4, 85, 0,[ 18, 69, 44]],

[ 68, 85, 0,[ 3, 79, 95]],

[ 77, 85, 0,[ 69, 41]],

[ 9, 85, 0,[ 37, 7, 57]],

[ 24, 85, 0,[ 50, 84, 33]],

[ 48, 95, 1,[ 99, 29, 94, 21, 34, 67, 97, 14, 69]],

[ 26, 85, 0,[ 2, 88, 58, 82, 52]],

[ 88, 85, 0,[ 26, 95, 98]],

[ 81, 85, 0,[ 17, 76, 84]],

[ 46, 85, 0,[ 39, 49, 16]],

[ 73, 85, 0,[ 21, 63, 15]],

[ 41, 85, 0,[ 79, 15, 77]],

[ 90, 95, 1,[ 28, 86, 71, 39, 65]],

[ 76, 85, 0,[ 81, 32, 62, 10]],

[ 80, 85, 0,[ 95, 33, 98, 69]],

[ 78, 85, 0,[ 27, 97, 99]],

[ 3, 85, 0,[ 68, 13, 32, 50, 60]],

[ 70, 85, 0,[ 25, 84, 31]],

[ 7, 85, 0,[ 66, 9, 36, 28]],

[ 83, 85, 0,[ 79]],

[ 85, 85, 0,[ 6]],

[ 23, 85, 0,[ 29, 53, 69]],

[ 45, 85, 0,[ 56]],

[ 64, 85, 0,[ 20, 99, 74]],

[ 84, 85, 0,[ 81, 24, 70]],

[ 43, 85, 0,[ 28, 22, 12, 18]],

[ 14, 85, 0,[ 48, 16]],

[ 71, 85, 0,[ 74, 58, 90]],

[ 37, 85, 0,[ 9, 61, 74]],

[ 29, 85, 0,[ 33, 23, 48]],

[ 33, 85, 0,[ 25, 29, 24, 49, 80, 89, 62]],

[ 98, 85, 1,[ 80, 57, 88]],

[ 34, 85, 0,[ 69, 1, 48]],

[ 36, 85, 0,[ 47, 75, 2, 72, 55, 42, 7, 16]],

[ 47, 85, 0,[ 16, 74, 36]],

[ 10, 85, 0,[ 32, 39, 76]],

[ 27, 85, 0,[ 96, 39, 11, 91, 78]],

[ 89, 85, 0,[ 91, 19, 33]],

[ 1, 85, 0,[ 16, 34, 67]],

[ 97, 85, 0,[ 48, 57, 78]],

[ 5, 85, 0,[ 57, 52]],

[ 53, 85, 0,[ 62, 23, 65]],

[ 52, 85, 0,[ 50, 56, 26, 5]],

[ 39, 45, 1,[ 19, 90, 46, 94, 35, 44, 42, 0, 10, 27]],

[ 0, 85, 0,[ 39]],

[ 40, 85, 0,[ 13, 57, 6]],

[ 30, 85, 0,[ 91, 72, 57, 13]],

[ 28, 85, 0,[ 7, 43, 90, 6]],

[ 59, 85, 0,[ 91, 57, 66, 63]],

[ 32, 85, 0,[ 10, 91, 76, 3]],

[ 25, 85, 0,[ 62, 33, 70]],

[ 55, 85, 0,[ 20, 36, 16]],

[ 6, 85, 0,[ 40, 85, 22, 28]],

[ 93, 85, 0,[ 74, 16]],

[ 44, 85, 0,[ 4, 74, 39]],

[ 56, 85, 0,[ 19, 45, 52]],

[ 31, 85, 0,[ 70, 20, 57]],

[ 51, 85, 0,[ 22, 91]],

[ 75, 85, 0,[ 57, 86, 36]],

[ 42, 85, 0,[ 91, 36, 39]],

[ 18, 85, 0,[ 16, 4, 43]],

[ 79, 85, 0,[ 41, 68, 83, 16]],

[ 57, 15, 1,[ 30, 75, 92, 65, 98, 69, 59, 97, 12, 38, 40, 5, 31, 9]],

[ 50, 85, 0,[ 24, 3, 52, 2, 11]],

[ 95, 95, 1,[ 68, 82, 72, 88, 74, 63, 80, 61]],

[ 8, 85, 0,[ 54, 99]],

[ 61, 85, 0,[ 95, 19, 37]],

[ 15, 85, 0,[ 73, 82, 41, 96]],

[ 35, 85, 0,[ 17, 39, 69]],

[ 99, 85, 0,[ 48, 8, 78, 64]],

[ 22, 85, 0,[ 6, 43, 51, 66]],

[ 21, 85, 0,[ 73, 54, 48]],

[ 65, 85, 0,[ 90, 53, 57]],

[ 74, 25, 1,[ 71, 44, 37, 93, 95, 64, 47]],

[ 66, 85, 0,[ 22, 7, 59]],

[ 91, 5, 1,[ 32, 59, 11, 42, 49, 27, 51, 30, 89]],

[ 11, 85, 0,[ 50, 27, 91]],

[ 92, 85, 0,[ 54, 57]],

[ 2, 85, 0,[ 26, 50, 36]],

[ 19, 85, 0,[ 56, 39, 87, 58, 61, 89, 67]],

[ 49, 85, 0,[ 46, 33, 91, 16]],

[ 54, 85, 0,[ 8, 21, 38, 92]],

[ 17, 85, 0,[ 82, 81, 35]],

[ 69, 15, 1,[ 77, 80, 48, 4, 34, 23, 35, 57]],

