[ 86, 55, 0,[ 89, 13, 50]],

[ 93, 95, 1,[ 3, 1, 95, 17]],

[ 5, 25, 1,[ 75, 79, 77]],

[ 57, 65, 0,[ 68, 67, 20]],

[ 97, 95, 1,[ 10, 84]],

[ 91, 35, 0,[ 69, 99, 34]],

[ 38, 45, 0,[ 23, 96, 40]],

[ 6, 65, 1,[ 65, 74, 53]],

[ 59, 95, 0,[ 88, 61, 42, 55]],

[ 44, 95, 1,[ 71, 15, 8]],

[ 89, 95, 1,[ 63, 17, 86, 53]],

[ 28, 45, 0,[ 12, 2, 94]],

[ 58, 85, 1,[ 54, 60, 36]],

[ 99, 45, 1,[ 91, 98, 51]],

[ 83, 55, 0,[ 53, 13, 21]],

[ 81, 45, 1,[ 65, 41, 7]],

[ 55, 55, 1,[ 59, 3, 18]],

[ 46, 25, 0,[ 15, 65, 34]],

[ 82, 95, 0,[ 88, 66, 9]],

[ 61, 75, 0,[ 59, 25, 84]],

[ 71, 95, 0,[ 80, 34, 44]],

[ 69, 35, 0,[ 73, 64, 91]],

[ 37, 55, 0,[ 14, 95, 72]],

[ 39, 85, 0,[ 76, 36, 54]],

[ 70, 55, 0,[ 3, 42, 7]],

[ 9, 95, 1,[ 82, 35, 63, 30]],

[ 68, 65, 1,[ 65, 57, 36]],

[ 87, 35, 0,[ 2, 73, 47]],

[ 10, 25, 0,[ 85, 7, 97]],

[ 90, 55, 0,[ 21, 45, 11]],

[ 22, 45, 0,[ 50, 23, 47]],

[ 41, 45, 0,[ 81, 98, 65]],

[ 77, 75, 1,[ 5, 63, 31, 53]],

[ 73, 35, 0,[ 92, 69, 87]],

[ 13, 55, 1,[ 86, 83, 72]],

[ 31, 75, 0,[ 19, 62, 77]],

[ 88, 95, 0,[ 82, 59]],

[ 20, 25, 1,[ 11, 43, 74, 60, 57]],

[ 18, 55, 1,[ 8, 55, 80]],

[ 54, 35, 1,[ 39, 58, 47]],

[ 4, 45, 1,[ 14, 96]],

[ 98, 45, 0,[ 32, 62, 41, 99]],

[ 11, 55, 1,[ 26, 90, 20]],

[ 76, 25, 1,[ 33, 50, 39]],

[ 14, 55, 0,[ 4, 26, 37]],

[ 1, 5, 1,[ 51, 75, 93, 92]],

[ 40, 55, 1,[ 12, 60, 38, 48, 79]],

[ 7, 25, 1,[ 81, 10, 70]],

[ 95, 95, 0,[ 25, 37, 93]],

[ 29, 65, 1,[ 24, 84, 56]],

[ 45, 45, 0,[ 67, 85, 90, 23]],

[ 8, 65, 1,[ 44, 85, 18]],

[ 78, 25, 0,[ 96, 33, 43, 27]],

[ 79, 15, 1,[ 84, 5, 40, 52]],

[ 26, 35, 1,[ 11, 14, 96, 2]],

[ 17, 55, 1,[ 93, 89, 24, 80]],

[ 72, 55, 0,[ 74, 37, 13]],

[ 50, 45, 1,[ 22, 86, 76, 85]],

[ 33, 25, 0,[ 35, 76, 78, 24]],

[ 36, 85, 0,[ 85, 58, 39, 68]],

[ 75, 5, 0,[ 1, 5]],

[ 92, 55, 1,[ 34, 1, 73]],

[ 34, 35, 1,[ 27, 71, 92, 91, 46]],

[ 47, 75, 1,[ 54, 87, 52, 22]],

[ 60, 55, 0,[ 58, 40, 20, 63]],

[ 85, 45, 0,[ 50, 10, 8, 45, 36]],

[ 0, 95, 1,[ 65, 42, 21]],

[ 15, 15, 1,[ 25, 44, 46]],

[ 74, 65, 0,[ 72, 20, 6]],

[ 16, 5, 0,[ 53, 64]],

[ 25, 75, 0,[ 95, 61, 15]],

[ 49, 65, 1,[ 63, 62, 21]],

[ 3, 55, 0,[ 70, 66, 67, 55, 93, 32]],

[ 52, 95, 1,[ 51, 79, 47]],

[ 84, 75, 1,[ 29, 79, 61, 30, 97]],

[ 30, 55, 0,[ 32, 56, 84, 9]],

[ 32, 55, 0,[ 3, 98, 30]],

[ 80, 75, 1,[ 17, 71, 18]],

[ 62, 5, 1,[ 31, 49, 98]],

[ 65, 25, 1,[ 0, 68, 41, 46, 81, 6]],

[ 94, 45, 1,[ 66, 48, 28]],

[ 2, 35, 1,[ 28, 87, 26]],

[ 48, 25, 0,[ 40, 94, 12]],

[ 64, 5, 1,[ 23, 69, 16]],

[ 27, 35, 1,[ 78, 34, 12]],

[ 24, 55, 0,[ 29, 33, 17]],

[ 43, 25, 1,[ 20, 19, 78]],

[ 96, 45, 1,[ 26, 78, 38, 4]],

[ 67, 35, 1,[ 3, 57, 45]],

[ 12, 25, 1,[ 28, 27, 35, 48, 40]],

[ 53, 5, 0,[ 89, 6, 83, 16, 77]],

[ 56, 65, 0,[ 30, 29]],

[ 51, 45, 0,[ 99, 52, 1]],

[ 42, 95, 0,[ 70, 19, 0, 59]],

[ 63, 95, 0,[ 77, 60, 49, 9, 89]],

[ 21, 95, 0,[ 49, 0, 83, 90]],

[ 23, 45, 0,[ 22, 45, 64, 38]],

[ 66, 55, 1,[ 94, 3, 82]],

[ 19, 75, 0,[ 42, 31, 43]],

[ 35, 55, 1,[ 9, 33, 12]],

