[ 41, 65, 0,[ 69, 17, 20]],

[ 83, 65, 0,[ 42, 45, 6, 98]],

[ 19, 65, 0,[ 87, 6, 2]],

[ 3, 65, 0,[ 93, 4, 21, 53]],

[ 96, 65, 0,[ 78, 56, 79, 17]],

[ 74, 65, 1,[ 71, 25, 48, 38, 46]],

[ 86, 65, 0,[ 62, 25, 89, 95]],

[ 39, 75, 1,[ 23, 84, 95, 0, 38, 43]],

[ 91, 65, 0,[ 16, 79, 14, 69, 85]],

[ 40, 65, 0,[ 54, 7, 5, 99]],

[ 20, 65, 0,[ 41, 62, 17, 38]],

[ 58, 65, 0,[ 99, 11, 46]],

[ 24, 65, 0,[ 1, 60, 69]],

[ 1, 65, 0,[ 64, 24, 61, 22]],

[ 30, 65, 0,[ 45, 11, 22, 87, 61]],

[ 65, 65, 0,[ 61, 60, 99, 31]],

[ 71, 65, 0,[ 15, 74, 85]],

[ 78, 65, 0,[ 35, 96, 43]],

[ 44, 65, 0,[ 43, 27, 25, 34, 37]],

[ 17, 65, 0,[ 56, 96, 69, 41, 20, 97]],

[ 67, 65, 0,[ 46, 26, 60]],

[ 72, 65, 0,[ 82, 90, 88, 22]],

[ 76, 65, 0,[ 80, 51, 38, 59]],

[ 4, 65, 0,[ 94, 68, 81, 3, 79]],

[ 60, 65, 0,[ 64, 24, 65, 67, 25]],

[ 59, 65, 0,[ 76, 35, 47, 32]],

[ 28, 65, 0,[ 38, 73, 5, 13, 98]],

[ 63, 65, 0,[ 49, 47, 80]],

[ 35, 65, 0,[ 37, 59, 79, 78, 88]],

[ 8, 65, 0,[ 48, 62, 55, 95, 31, 12]],

[ 48, 65, 1,[ 31, 74, 8, 14, 98]],

[ 31, 65, 0,[ 65, 48, 8]],

[ 5, 65, 0,[ 61, 85, 95, 64, 40, 28]],

[ 85, 65, 0,[ 69, 71, 91, 5]],

[ 98, 85, 1,[ 33, 83, 11, 90, 28, 48]],

[ 25, 35, 1,[ 93, 92, 77, 60, 86, 70, 95, 74, 44]],

[ 46, 65, 0,[ 67, 74, 58]],

[ 21, 65, 0,[ 10, 18, 81, 3]],

[ 33, 65, 0,[ 16, 23, 94, 69, 98]],

[ 56, 65, 0,[ 94, 17, 96]],

[ 12, 65, 0,[ 0, 8, 6]],

[ 87, 65, 0,[ 19, 38, 42, 30]],

[ 7, 65, 0,[ 40, 10, 32, 49]],

[ 90, 65, 0,[ 72, 97, 98, 80]],

[ 94, 65, 0,[ 33, 4, 56, 75]],

[ 92, 65, 0,[ 70, 15, 0, 25]],

[ 95, 75, 1,[ 82, 25, 8, 49, 86, 81, 27, 39, 5]],

[ 73, 65, 0,[ 45, 57, 28]],

[ 54, 65, 0,[ 81, 40, 27]],

[ 66, 65, 0,[ 99, 57, 47]],

[ 32, 65, 0,[ 59, 7]],

[ 10, 25, 1,[ 7, 9, 21]],

[ 9, 65, 0,[ 53, 10, 15]],

[ 61, 65, 0,[ 65, 80, 5, 18, 1, 26, 29, 30]],

[ 55, 65, 0,[ 6, 68, 8]],

[ 49, 65, 0,[ 29, 7, 95, 69, 63]],

[ 70, 65, 0,[ 25, 92, 69]],

[ 15, 65, 0,[ 71, 2, 9, 92, 68]],

[ 45, 65, 0,[ 30, 23, 73, 83]],

[ 34, 65, 0,[ 44, 38, 84]],

[ 11, 65, 0,[ 38, 58, 98, 30]],

[ 81, 65, 0,[ 54, 95, 4, 21]],

[ 69, 25, 1,[ 85, 33, 49, 70, 41, 91, 13, 17, 24]],

[ 26, 65, 0,[ 61, 89, 14, 67]],

[ 68, 65, 0,[ 15, 4, 55]],

[ 79, 65, 0,[ 96, 4, 35, 91]],

[ 89, 65, 0,[ 26, 50, 86]],

[ 47, 65, 0,[ 59, 66, 63]],

[ 13, 65, 0,[ 28, 69, 18]],

[ 42, 65, 0,[ 87, 97, 83]],

[ 16, 75, 1,[ 33, 91, 50, 99]],

[ 82, 65, 0,[ 62, 72, 95]],

[ 37, 65, 0,[ 44, 99, 35]],

[ 43, 65, 0,[ 78, 44, 39]],

[ 38, 5, 1,[ 2, 87, 74, 11, 53, 76, 28, 39, 34, 20]],

[ 50, 65, 0,[ 89, 16, 51]],

[ 2, 65, 0,[ 38, 15, 88, 19]],

[ 97, 65, 0,[ 90, 52, 17, 42]],

[ 36, 65, 0,[ 0, 53]],

[ 80, 65, 0,[ 90, 63, 61, 76]],

[ 22, 65, 0,[ 30, 84, 52, 75, 1, 72]],

[ 14, 65, 0,[ 26, 91, 62, 48]],

[ 18, 65, 0,[ 21, 61, 13]],

[ 23, 65, 0,[ 39, 33, 45]],

[ 84, 65, 0,[ 39, 34, 22]],

[ 75, 65, 0,[ 22, 93, 94]],

[ 27, 65, 0,[ 95, 44, 54]],

[ 57, 65, 0,[ 88, 66, 73]],

[ 0, 65, 0,[ 39, 12, 92, 36]],

[ 93, 65, 0,[ 3, 25, 75]],

[ 29, 65, 0,[ 64, 49, 61]],

[ 64, 65, 0,[ 60, 29, 1, 5]],

[ 62, 65, 0,[ 82, 8, 20, 14, 86]],

[ 52, 65, 0,[ 22, 97, 53]],

[ 77, 65, 0,[ 25, 99]],

[ 6, 65, 0,[ 19, 12, 55, 83]],

[ 51, 65, 0,[ 50, 88, 76]],

[ 53, 65, 0,[ 36, 38, 52, 9, 3]],

[ 88, 65, 0,[ 57, 2, 51, 72, 35]],

[ 99, 65, 0,[ 66, 16, 65, 77, 40, 58, 37]],

