[ 85, 5, 1,[ 12, 82, 20, 84]],

[ 41, 55, 1,[ 0, 42, 68]],

[ 93, 95, 1,[ 96, 17, 90]],

[ 90, 25, 1,[ 20, 77, 56, 66, 93, 59]],

[ 9, 35, 0,[ 47, 42, 36]],

[ 37, 55, 1,[ 40, 88, 70, 4]],

[ 11, 25, 0,[ 35, 25, 69]],

[ 21, 55, 1,[ 97, 39, 12]],

[ 0, 25, 0,[ 41, 75, 10]],

[ 72, 35, 1,[ 28, 82, 67]],

[ 53, 15, 1,[ 95, 15, 52]],

[ 78, 55, 0,[ 13, 22, 65]],

[ 95, 95, 1,[ 44, 53, 10, 58]],

[ 10, 85, 1,[ 57, 95, 0, 63]],

[ 98, 95, 1,[ 23, 2, 83, 69, 66, 32]],

[ 39, 65, 1,[ 22, 68, 21, 82]],

[ 48, 35, 1,[ 19, 58, 60, 29, 8]],

[ 30, 85, 1,[ 4, 19, 1]],

[ 29, 25, 0,[ 13, 48, 46]],

[ 88, 65, 1,[ 74, 50, 47, 37]],

[ 84, 25, 0,[ 58, 85, 42]],

[ 51, 45, 1,[ 35, 89, 64]],

[ 40, 35, 0,[ 3, 15, 37]],

[ 69, 55, 1,[ 98, 11]],

[ 12, 45, 0,[ 85, 76, 36, 21]],

[ 3, 15, 1,[ 54, 40, 32, 99, 59]],

[ 58, 25, 0,[ 48, 97, 95, 84]],

[ 22, 15, 1,[ 39, 92, 78]],

[ 5, 35, 0,[ 61, 63]],

[ 27, 35, 0,[ 92, 47]],

[ 4, 85, 0,[ 26, 37, 76, 30, 60]],

[ 8, 15, 0,[ 81, 17, 48]],

[ 45, 5, 1,[ 33, 70, 35]],

[ 70, 25, 1,[ 45, 37, 38]],

[ 44, 25, 0,[ 95, 80, 16]],

[ 25, 45, 1,[ 64, 11, 94, 1]],

[ 23, 55, 1,[ 65, 98, 7]],

[ 62, 35, 0,[ 31, 18]],

[ 61, 65, 1,[ 49, 5, 32, 2]],

[ 47, 35, 0,[ 18, 88, 9, 27]],

[ 50, 25, 0,[ 38, 43, 88]],

[ 36, 75, 1,[ 12, 9, 42]],

[ 52, 55, 0,[ 65, 33, 53]],

[ 19, 65, 1,[ 48, 86, 30]],

[ 64, 45, 0,[ 51, 25, 7]],

[ 91, 15, 1,[ 59, 79, 42, 80]],

[ 97, 25, 0,[ 58, 21, 14]],

[ 1, 25, 0,[ 74, 30, 25]],

[ 86, 25, 1,[ 56, 31, 19]],

[ 89, 25, 0,[ 60, 51, 55]],

[ 79, 25, 0,[ 91, 31, 99]],

[ 6, 25, 0,[ 87, 26, 83]],

[ 87, 35, 1,[ 28, 14, 6]],

[ 17, 55, 0,[ 8, 93, 16]],

[ 59, 95, 1,[ 90, 3, 91]],

[ 75, 65, 1,[ 18, 54, 0, 77]],

[ 94, 25, 0,[ 38, 25, 16]],

[ 7, 55, 0,[ 23, 64]],

[ 56, 5, 1,[ 42, 86, 57, 90, 71]],

[ 28, 55, 1,[ 55, 87, 72]],

[ 38, 5, 1,[ 94, 70, 24, 50, 14]],

[ 34, 45, 0,[ 55, 46, 57]],

[ 66, 25, 0,[ 90, 98, 80]],

[ 31, 45, 1,[ 16, 79, 86, 62, 92, 68]],

[ 49, 65, 0,[ 61, 14, 16]],

[ 24, 45, 1,[ 46, 63, 38]],

[ 16, 75, 1,[ 44, 49, 67, 94, 31, 17]],

[ 2, 25, 0,[ 98, 67, 61]],

[ 76, 45, 0,[ 12, 4, 54]],

[ 96, 35, 0,[ 77, 93, 73]],

[ 63, 75, 1,[ 14, 5, 81, 24, 10]],

[ 83, 95, 1,[ 6, 98, 68]],

[ 54, 65, 0,[ 75, 81, 76, 3]],

[ 99, 55, 0,[ 79, 3, 73]],

[ 65, 55, 0,[ 78, 52, 23]],

[ 18, 35, 0,[ 47, 62, 75]],

[ 68, 95, 0,[ 31, 41, 13, 39, 83]],

[ 82, 25, 1,[ 72, 85, 39]],

[ 33, 75, 1,[ 45, 52]],

[ 14, 95, 1,[ 63, 49, 97, 87, 26, 71, 38]],

[ 77, 75, 0,[ 90, 96, 75, 13]],

[ 20, 35, 0,[ 85, 42, 43, 90]],

[ 92, 25, 0,[ 27, 31, 22]],

[ 74, 55, 0,[ 73, 88, 1]],

[ 80, 25, 0,[ 66, 91, 44]],

[ 26, 25, 0,[ 4, 14, 6]],

[ 81, 75, 0,[ 8, 54, 63]],

[ 15, 35, 0,[ 40, 53, 60]],

[ 43, 15, 0,[ 50, 20, 55]],

[ 42, 35, 1,[ 57, 36, 20, 91, 56, 84, 41, 9]],

[ 57, 35, 1,[ 34, 56, 42, 10]],

[ 67, 25, 0,[ 2, 16, 72]],

[ 55, 15, 0,[ 89, 28, 43, 34]],

[ 73, 35, 1,[ 96, 74, 99]],

[ 71, 25, 1,[ 14, 56]],

[ 35, 25, 0,[ 45, 51, 11]],

[ 46, 45, 1,[ 29, 34, 24]],

[ 13, 85, 1,[ 77, 29, 68, 78]],

[ 32, 45, 1,[ 98, 3, 61]],

[ 60, 85, 1,[ 89, 15, 4, 48]],

