[ 71, 25, 0,[ 33, 6, 97, 99]],

[ 47, 35, 1,[ 17, 22, 60, 41]],

[ 94, 35, 0,[ 70, 5, 54]],

[ 19, 85, 0,[ 40, 36, 82, 50]],

[ 91, 95, 0,[ 72, 54, 1, 58]],

[ 0, 95, 1,[ 21, 96, 88, 18, 75, 50, 8]],

[ 14, 25, 0,[ 76, 18, 44]],

[ 97, 85, 1,[ 82, 71, 56, 16, 44]],

[ 58, 95, 1,[ 80, 49, 91, 20]],

[ 68, 25, 1,[ 9, 61, 25]],

[ 8, 25, 1,[ 56, 9, 0]],

[ 89, 85, 1,[ 29, 24, 26, 15]],

[ 17, 45, 1,[ 81, 47, 83]],

[ 55, 5, 1,[ 13, 96, 72]],

[ 70, 35, 0,[ 94, 95, 43]],

[ 33, 25, 0,[ 88, 78, 25, 71, 9]],

[ 54, 45, 1,[ 91, 79, 94]],

[ 35, 35, 1,[ 40, 52, 20, 69]],

[ 62, 5, 0,[ 13, 38, 2, 16]],

[ 85, 35, 0,[ 27, 73, 4]],

[ 32, 25, 0,[ 15, 4, 25, 75]],

[ 98, 35, 0,[ 38, 27, 57, 11]],

[ 11, 15, 1,[ 98, 36, 86]],

[ 36, 35, 0,[ 53, 60, 11, 19]],

[ 80, 35, 1,[ 58, 49, 74]],

[ 4, 25, 1,[ 85, 7, 32, 12]],

[ 78, 55, 1,[ 25, 33, 63]],

[ 59, 35, 0,[ 12, 99, 95]],

[ 9, 25, 1,[ 46, 8, 33, 68]],

[ 43, 95, 1,[ 86, 70, 57]],

[ 46, 35, 1,[ 81, 9, 61]],

[ 27, 35, 1,[ 98, 65, 28, 85]],

[ 26, 25, 1,[ 18, 69, 89, 15]],

[ 76, 65, 1,[ 53, 14, 7]],

[ 10, 55, 0,[ 92, 34]],

[ 82, 85, 0,[ 42, 97, 19]],

[ 92, 55, 1,[ 10, 1, 22]],

[ 12, 95, 1,[ 4, 59, 51]],

[ 29, 35, 1,[ 45, 89, 3]],

[ 67, 5, 1,[ 63, 96, 77]],

[ 83, 95, 0,[ 93, 17, 69, 66]],

[ 2, 15, 1,[ 99, 62, 42]],

[ 48, 65, 0,[ 77, 15, 49]],

[ 65, 15, 1,[ 27, 45, 6]],

[ 99, 35, 1,[ 34, 71, 59, 2]],

[ 64, 25, 1,[ 15, 79, 75]],

[ 45, 35, 0,[ 29, 51, 65]],

[ 53, 35, 0,[ 31, 36, 76]],

[ 79, 45, 1,[ 54, 64, 30, 22]],

[ 51, 35, 0,[ 45, 21, 12]],

[ 44, 45, 1,[ 14, 93, 97]],

[ 60, 35, 0,[ 47, 73, 36, 20]],

[ 96, 35, 1,[ 0, 5, 55, 67]],

[ 49, 5, 1,[ 87, 48, 80, 56, 58]],

[ 6, 15, 1,[ 74, 65, 71]],

[ 56, 25, 0,[ 49, 8, 97]],

[ 34, 5, 1,[ 15, 99, 10]],

[ 21, 35, 0,[ 0, 73, 74, 51]],

[ 16, 85, 0,[ 93, 97, 62]],

[ 66, 55, 1,[ 28, 83, 61]],

[ 22, 45, 0,[ 47, 79, 92]],

[ 87, 35, 0,[ 49, 3, 7]],

[ 77, 65, 1,[ 48, 15, 67]],

[ 39, 85, 0,[ 84, 50, 40, 61]],

[ 52, 75, 1,[ 35, 37, 23]],

[ 5, 35, 1,[ 96, 31, 94]],

[ 40, 45, 1,[ 39, 35, 19]],

[ 84, 25, 1,[ 39, 72, 50]],

[ 24, 85, 0,[ 13, 89]],

[ 50, 85, 1,[ 41, 19, 39, 84, 23, 0]],

[ 69, 35, 0,[ 31, 83, 35, 26]],

[ 41, 35, 0,[ 50, 57, 47]],

[ 30, 45, 0,[ 61, 79, 20]],

[ 23, 85, 0,[ 50, 38, 52]],

[ 25, 25, 0,[ 78, 68, 32, 33]],

[ 18, 25, 1,[ 26, 14, 0]],

[ 61, 85, 0,[ 39, 66, 46, 30, 68]],

[ 20, 85, 1,[ 30, 58, 35, 60]],

[ 31, 35, 0,[ 69, 53, 5]],

[ 95, 35, 0,[ 70, 37, 90, 59]],

[ 37, 35, 0,[ 95, 52, 28]],

[ 42, 15, 0,[ 1, 2, 82]],

[ 38, 85, 0,[ 98, 23, 62]],

[ 90, 35, 0,[ 81, 95]],

[ 13, 5, 0,[ 62, 24, 55, 88]],

[ 1, 15, 1,[ 42, 92, 91]],

[ 7, 65, 1,[ 76, 4, 87]],

[ 93, 95, 1,[ 44, 16, 83]],

[ 72, 95, 0,[ 84, 55, 91]],

[ 88, 25, 0,[ 0, 33, 13]],

[ 57, 35, 0,[ 41, 98, 43]],

[ 63, 55, 0,[ 78, 67]],

[ 74, 35, 0,[ 6, 80, 21]],

[ 75, 25, 0,[ 64, 32, 0]],

[ 81, 15, 1,[ 46, 17, 90]],

[ 86, 35, 0,[ 3, 43, 11]],

[ 15, 15, 1,[ 64, 34, 89, 32, 48, 26, 77]],

[ 3, 35, 1,[ 29, 86, 87]],

[ 28, 35, 0,[ 27, 66, 37]],

[ 73, 35, 0,[ 85, 21, 60]],

