[ 85, 65, 0,[ 76, 26, 96]],

[ 8, 45, 0,[ 17, 57, 62]],

[ 92, 5, 0,[ 19, 44, 75]],

[ 96, 65, 1,[ 94, 6, 61, 85, 31, 82, 11, 63, 41, 34, 84, 51, 38, 58, 28, 65, 70, 10, 67]],

[ 91, 5, 0,[ 49, 79, 95]],

[ 38, 95, 0,[ 54, 96, 37]],

[ 51, 95, 0,[ 64, 96, 49]],

[ 1, 65, 0,[ 29, 67, 9]],

[ 66, 5, 0,[ 65, 27, 79]],

[ 56, 85, 0,[ 81, 40, 35, 15]],

[ 10, 5, 0,[ 14, 96, 47]],

[ 13, 5, 0,[ 27, 44, 64, 21]],

[ 75, 45, 0,[ 15, 92, 61]],

[ 71, 85, 0,[ 21, 54, 81, 36]],

[ 79, 15, 1,[ 18, 45, 88, 91, 35, 66, 94, 11, 86, 62]],

[ 68, 5, 0,[ 58, 44, 30, 97, 99]],

[ 99, 5, 0,[ 4, 68, 20]],

[ 35, 15, 0,[ 14, 56, 79]],

[ 93, 5, 0,[ 9, 97, 63]],

[ 84, 95, 0,[ 9, 96, 97]],

[ 15, 45, 0,[ 9, 56, 75, 16, 34]],

[ 25, 5, 0,[ 20, 98]],

[ 23, 5, 0,[ 74, 6, 65, 29, 76]],

[ 88, 65, 0,[ 14, 79, 80]],

[ 64, 95, 0,[ 13, 51, 9]],

[ 57, 45, 0,[ 2, 42, 8]],

[ 44, 5, 1,[ 42, 33, 87, 14, 65, 27, 68, 63, 92, 0, 77, 53, 13, 20, 12, 29, 97]],

[ 62, 95, 0,[ 79, 87, 9, 8]],

[ 41, 5, 0,[ 43, 96, 39]],

[ 5, 45, 0,[ 9, 80, 2, 3]],

[ 70, 65, 0,[ 4, 80, 96]],

[ 54, 85, 0,[ 4, 71, 38, 9]],

[ 42, 5, 0,[ 44, 57, 20, 81]],

[ 31, 65, 0,[ 96, 80, 12]],

[ 20, 5, 0,[ 44, 99, 42, 25]],

[ 60, 95, 0,[ 69, 59, 83]],

[ 50, 15, 0,[ 81, 45, 94, 32]],

[ 95, 5, 0,[ 6, 19, 91]],

[ 74, 5, 0,[ 24, 23, 59]],

[ 97, 5, 0,[ 84, 68, 44, 93, 22]],

[ 32, 15, 0,[ 50, 30, 18, 83]],

[ 11, 45, 1,[ 0, 79, 55, 96, 3, 7, 34]],

[ 67, 65, 0,[ 1, 81, 96]],

[ 34, 45, 0,[ 96, 15, 11]],

[ 39, 5, 0,[ 65, 41, 4]],

[ 89, 95, 0,[ 9, 45, 4]],

[ 17, 85, 0,[ 26, 8, 81]],

[ 4, 85, 1,[ 77, 45, 99, 70, 18, 54, 89, 39, 9]],

[ 86, 15, 0,[ 78, 46, 79]],

[ 58, 95, 0,[ 68, 96, 9]],

[ 14, 5, 0,[ 10, 88, 44, 35]],

[ 98, 95, 0,[ 45, 9, 25]],

[ 82, 95, 0,[ 96, 37, 59, 24, 9]],

[ 6, 5, 0,[ 23, 73, 96, 95]],

[ 83, 15, 0,[ 32, 94, 60]],

[ 87, 5, 0,[ 62, 81, 22, 44, 46]],

[ 73, 95, 0,[ 9, 37, 6]],

[ 37, 95, 0,[ 82, 73, 38]],

[ 28, 45, 0,[ 45, 96, 2]],

[ 3, 45, 0,[ 11, 5, 16, 12]],

[ 49, 85, 0,[ 51, 91, 7, 81]],

[ 72, 95, 0,[ 48]],

[ 80, 65, 0,[ 5, 31, 88, 70]],

[ 27, 5, 0,[ 44, 13, 66, 30]],

[ 77, 5, 0,[ 44, 4, 47]],

[ 22, 5, 0,[ 97, 65, 87, 48]],

[ 94, 15, 0,[ 78, 83, 96, 50, 79]],

[ 24, 5, 0,[ 82, 74, 2, 52]],

[ 59, 95, 0,[ 60, 74, 82, 9]],

[ 46, 5, 0,[ 81, 86, 87]],

[ 43, 5, 0,[ 41, 52, 9, 81]],

[ 36, 85, 0,[ 7, 71, 0]],

[ 21, 85, 0,[ 13, 71, 40]],

[ 33, 5, 0,[ 40, 44, 63]],

[ 9, 95, 1,[ 48, 1, 54, 5, 69, 78, 84, 82, 89, 4, 98, 59, 58, 64, 15, 47, 43, 55, 73, 62, 93]],

[ 90, 65, 0,[ 81, 12, 76]],

[ 19, 5, 0,[ 47, 95, 92]],

[ 2, 45, 1,[ 81, 57, 47, 24, 5, 28]],

[ 7, 85, 0,[ 36, 11, 49]],

[ 78, 15, 0,[ 86, 94, 9]],

[ 45, 15, 0,[ 79, 98, 89, 4, 28, 50]],

[ 65, 5, 0,[ 66, 44, 22, 96, 39, 23]],

[ 76, 65, 0,[ 23, 90, 85]],

[ 52, 5, 0,[ 24, 26, 43]],

[ 12, 65, 0,[ 90, 44, 3, 31]],

[ 55, 45, 0,[ 11, 9, 53]],

[ 30, 5, 0,[ 27, 32, 68]],

[ 53, 45, 0,[ 81, 44, 55]],

[ 69, 95, 0,[ 9, 48, 60]],

[ 61, 65, 0,[ 26, 96, 75]],

[ 47, 5, 0,[ 19, 9, 10, 2, 77]],

[ 81, 85, 1,[ 17, 46, 56, 71, 49, 43, 87, 50, 2, 67, 90, 42, 53]],

[ 26, 55, 1,[ 85, 61, 17, 52, 16]],

[ 16, 45, 0,[ 3, 15, 26]],

[ 0, 55, 1,[ 11, 44, 36]],

[ 40, 85, 0,[ 33, 21, 56]],

[ 29, 5, 0,[ 1, 44, 23]],

[ 63, 5, 0,[ 93, 44, 33, 96]],

[ 18, 15, 0,[ 79, 32, 4]],

[ 48, 95, 0,[ 69, 72, 22, 9]],

