[ 47, 35, 0,[ 97, 13, 53, 66]],

[ 34, 35, 0,[ 71, 20, 30]],

[ 2, 35, 0,[ 21, 79, 18]],

[ 89, 35, 0,[ 15, 9, 58, 83, 77]],

[ 95, 75, 1,[ 17, 97, 6, 87, 73, 3, 58, 70, 61]],

[ 22, 35, 0,[ 71, 18, 74]],

[ 42, 45, 1,[ 1, 27, 26, 8, 7, 83, 75, 49]],

[ 4, 35, 0,[ 64, 51, 19]],

[ 19, 35, 0,[ 35, 0, 54, 4]],

[ 32, 35, 0,[ 7, 38, 85, 20]],

[ 77, 35, 0,[ 99, 89, 1, 49, 72, 13]],

[ 96, 35, 0,[ 86, 67, 70, 39, 33, 79]],

[ 70, 35, 0,[ 96, 63, 95]],

[ 64, 35, 0,[ 4, 74, 13]],

[ 68, 35, 0,[ 78, 63, 40]],

[ 98, 35, 0,[ 81, 49, 56]],

[ 93, 35, 0,[ 85, 65, 7]],

[ 45, 35, 0,[ 50, 56, 39]],

[ 11, 35, 0,[ 74, 69]],

[ 79, 35, 0,[ 58, 99, 26, 2, 96, 83, 55]],

[ 5, 35, 0,[ 46, 69, 23]],

[ 8, 35, 0,[ 14, 73, 42]],

[ 87, 35, 0,[ 95, 0]],

[ 1, 35, 0,[ 36, 77, 42]],

[ 73, 35, 0,[ 82, 8, 27, 95, 74, 26]],

[ 35, 35, 0,[ 19, 58, 14]],

[ 86, 35, 0,[ 96]],

[ 69, 65, 1,[ 90, 29, 5, 11, 59, 50, 63, 13, 44, 76]],

[ 38, 35, 0,[ 32, 94, 24]],

[ 91, 35, 0,[ 74, 16, 46]],

[ 65, 35, 0,[ 93, 50, 55, 10, 74, 53]],

[ 37, 35, 0,[ 58, 82, 15, 28]],

[ 46, 35, 0,[ 91, 5, 17]],

[ 48, 35, 1,[ 10, 67, 44]],

[ 16, 45, 1,[ 91, 12, 28, 88, 53, 90, 84, 59, 72, 56, 17, 51]],

[ 13, 35, 0,[ 69, 47, 64, 77]],

[ 76, 35, 0,[ 58, 52, 69]],

[ 58, 35, 0,[ 85, 76, 88, 89, 35, 6, 95, 71, 79, 37]],

[ 36, 35, 0,[ 66, 92, 1]],

[ 39, 5, 1,[ 96, 24, 51, 45, 31]],

[ 57, 55, 1,[ 23, 78, 74, 84, 44]],

[ 31, 35, 0,[ 10, 39, 78]],

[ 90, 35, 0,[ 0, 69, 16]],

[ 72, 35, 0,[ 12, 16, 77]],

[ 30, 35, 0,[ 9, 29, 34, 24, 14]],

[ 84, 35, 0,[ 92, 57, 16]],

[ 60, 35, 0,[ 41, 23]],

[ 56, 35, 0,[ 98, 45, 16]],

[ 62, 35, 0,[ 82, 10, 94]],

[ 59, 35, 0,[ 69, 16, 17]],

[ 41, 35, 0,[ 60, 33, 18, 21]],

[ 24, 35, 0,[ 38, 74, 39, 85, 30]],

[ 49, 35, 0,[ 77, 98, 42]],

[ 78, 35, 0,[ 68, 57, 20, 31]],

[ 3, 35, 0,[ 10, 95]],

[ 94, 35, 0,[ 25, 38, 62]],

[ 55, 35, 0,[ 21, 65, 52, 79]],

[ 80, 35, 0,[ 40, 92, 28]],

[ 7, 35, 0,[ 21, 42, 32, 93, 97]],

[ 88, 35, 0,[ 50, 58, 16]],

[ 83, 35, 0,[ 42, 79, 89]],

[ 28, 35, 0,[ 23, 81, 16, 37, 21, 80]],

[ 97, 35, 0,[ 47, 95, 7]],

[ 23, 35, 0,[ 57, 60, 5, 28]],

[ 21, 35, 0,[ 6, 28, 41, 55, 7, 2, 10]],

[ 15, 35, 0,[ 89, 37, 27]],

[ 44, 35, 0,[ 69, 57, 48]],

[ 99, 35, 0,[ 77, 29, 79]],

[ 20, 35, 0,[ 78, 34, 32]],

[ 82, 35, 0,[ 37, 73, 62]],

[ 33, 35, 0,[ 41, 43, 96]],

[ 54, 35, 0,[ 85, 61, 19, 67]],

[ 51, 35, 0,[ 4, 39, 16]],

[ 74, 15, 1,[ 64, 75, 91, 73, 22, 65, 11, 24, 52, 57]],

[ 67, 35, 0,[ 48, 54, 96]],

[ 29, 35, 0,[ 30, 99, 69]],

[ 50, 35, 0,[ 65, 88, 69, 45]],

[ 9, 35, 0,[ 89, 14, 30]],

[ 14, 35, 0,[ 35, 30, 9, 8]],

[ 0, 35, 0,[ 19, 87, 27, 90]],

[ 26, 35, 0,[ 73, 79, 42]],

[ 17, 35, 0,[ 46, 59, 95, 16]],

[ 81, 35, 0,[ 98, 28, 18]],

[ 25, 35, 0,[ 94, 75, 85]],

[ 18, 35, 0,[ 2, 22, 53, 81, 41]],

[ 10, 65, 1,[ 65, 3, 48, 43, 31, 12, 21, 62]],

[ 43, 35, 0,[ 33, 10, 92]],

[ 40, 35, 0,[ 75, 68, 80]],

[ 12, 35, 0,[ 72, 10, 16]],

[ 85, 55, 1,[ 58, 32, 25, 93, 24, 54, 61, 66]],

[ 6, 35, 0,[ 95, 21, 58]],

[ 53, 35, 0,[ 47, 65, 18, 16]],

[ 71, 35, 0,[ 58, 22, 34]],

[ 75, 35, 0,[ 40, 25, 74, 42]],

[ 27, 35, 0,[ 15, 0, 73, 42]],

[ 61, 35, 0,[ 85, 54, 95]],

[ 66, 35, 0,[ 36, 47, 85]],

[ 52, 35, 0,[ 74, 76, 55]],

[ 63, 35, 0,[ 69, 68, 70]],

[ 92, 35, 0,[ 84, 43, 80, 36]],

