[ 55, 25, 0,[ 6, 17, 24]],

[ 69, 5, 1,[ 50, 32, 61]],

[ 61, 65, 1,[ 54, 69, 19, 90, 15]],

[ 39, 95, 1,[ 9, 30, 37, 44]],

[ 96, 35, 0,[ 72, 76, 3]],

[ 19, 15, 1,[ 61, 87, 84]],

[ 33, 65, 1,[ 80, 70, 74, 0]],

[ 15, 15, 0,[ 61, 89, 91, 64]],

[ 80, 85, 0,[ 60, 33]],

[ 72, 35, 1,[ 84, 48, 96]],

[ 76, 35, 0,[ 96, 60, 88]],

[ 4, 75, 0,[ 2, 14, 12, 84]],

[ 68, 25, 0,[ 90, 35, 89, 79, 83]],

[ 95, 15, 1,[ 87, 28, 90]],

[ 30, 5, 1,[ 38, 63, 39, 3]],

[ 97, 5, 0,[ 66, 10, 26]],

[ 10, 5, 1,[ 79, 97]],

[ 5, 5, 0,[ 94, 43, 91]],

[ 59, 55, 1,[ 45, 48, 12]],

[ 1, 65, 0,[ 66, 94, 53]],

[ 22, 25, 1,[ 74, 71, 26, 11]],

[ 50, 85, 0,[ 62, 60, 31, 69]],

[ 81, 25, 0,[ 20, 28, 89, 45]],

[ 56, 95, 1,[ 94, 21, 13, 43]],

[ 34, 55, 0,[ 98, 73, 25]],

[ 78, 25, 0,[ 27, 21, 12]],

[ 64, 15, 0,[ 15, 6, 23]],

[ 28, 65, 1,[ 95, 81, 49]],

[ 57, 65, 1,[ 93, 92, 8]],

[ 54, 75, 0,[ 17, 12, 61]],

[ 83, 85, 1,[ 37, 62, 73, 68]],

[ 60, 85, 1,[ 76, 50, 65, 77, 49, 80]],

[ 52, 65, 0,[ 79, 25, 53]],

[ 99, 25, 0,[ 79, 3, 58]],

[ 74, 75, 1,[ 22, 48, 33]],

[ 46, 65, 0,[ 66, 7, 92, 53]],

[ 6, 15, 0,[ 45, 55, 64, 18]],

[ 38, 25, 1,[ 30, 88, 32]],

[ 91, 15, 1,[ 73, 5, 18, 15]],

[ 87, 75, 1,[ 19, 95, 84, 44]],

[ 86, 75, 1,[ 49, 21, 0]],

[ 66, 65, 0,[ 1, 46, 73, 67, 97]],

[ 45, 5, 1,[ 6, 81, 59]],

[ 42, 25, 1,[ 12, 82, 17]],

[ 17, 75, 1,[ 55, 41, 54, 42]],

[ 77, 75, 0,[ 40, 60, 21]],

[ 12, 25, 0,[ 42, 8, 54, 78, 59, 4, 58]],

[ 26, 5, 0,[ 97, 7, 22]],

[ 25, 55, 1,[ 52, 34, 71]],

[ 53, 65, 1,[ 46, 58, 1, 52, 48]],

[ 85, 55, 1,[ 70, 92, 98, 13]],

[ 70, 25, 1,[ 33, 79, 85]],

[ 88, 75, 1,[ 76, 38, 35, 47]],

[ 90, 95, 1,[ 20, 68, 95, 71, 61]],

[ 89, 25, 0,[ 68, 15, 81]],

[ 62, 85, 0,[ 50, 32, 29, 83]],

[ 31, 35, 1,[ 29, 50, 75]],

[ 0, 75, 0,[ 33, 86, 16]],

[ 71, 15, 1,[ 22, 90, 25]],

[ 94, 5, 1,[ 56, 5, 8, 7, 1]],

[ 36, 25, 1,[ 13, 20, 40]],

[ 47, 5, 0,[ 7, 88, 75]],

[ 48, 5, 1,[ 49, 59, 84, 74, 72, 53]],

[ 84, 75, 0,[ 51, 72, 87, 4, 19, 48]],

[ 49, 85, 0,[ 48, 86, 28, 60]],

[ 75, 15, 1,[ 2, 47, 31]],

[ 35, 75, 0,[ 98, 68, 88]],

[ 43, 5, 0,[ 18, 5, 56]],

[ 41, 15, 1,[ 63, 67, 17]],

[ 93, 95, 0,[ 13, 2, 57]],

[ 67, 65, 0,[ 41, 66, 82]],

[ 65, 85, 0,[ 60, 7, 98]],

[ 18, 15, 0,[ 6, 43, 91]],

[ 73, 35, 1,[ 27, 51, 83, 66, 34, 91]],

[ 44, 95, 0,[ 24, 87, 39]],

[ 2, 95, 0,[ 4, 93, 75]],

[ 92, 65, 0,[ 46, 51, 85, 57]],

[ 21, 75, 1,[ 86, 24, 77, 78, 56]],

[ 79, 25, 0,[ 10, 70, 99, 52, 68]],

[ 13, 95, 0,[ 36, 93, 85, 56]],

[ 58, 25, 0,[ 12, 99, 53]],

[ 37, 35, 1,[ 24, 83, 39, 27]],

[ 9, 35, 0,[ 3, 14, 39]],

[ 8, 25, 0,[ 94, 12, 57]],

[ 14, 35, 1,[ 9, 16, 3, 4]],

[ 7, 5, 0,[ 26, 94, 46, 47, 65]],

[ 51, 75, 1,[ 73, 84, 92]],

[ 29, 35, 0,[ 31, 11, 62]],

[ 98, 55, 0,[ 34, 65, 85, 35]],

[ 3, 15, 1,[ 96, 30, 14, 99, 9]],

[ 40, 75, 0,[ 77, 36, 23]],

[ 27, 25, 1,[ 73, 78, 37]],

[ 32, 25, 1,[ 62, 38, 69]],

[ 24, 25, 1,[ 23, 21, 37, 44, 55]],

[ 20, 25, 0,[ 36, 81, 90]],

[ 63, 55, 1,[ 41, 30, 11]],

[ 23, 35, 1,[ 24, 40, 64]],

[ 11, 25, 0,[ 22, 63, 29]],

[ 16, 5, 1,[ 82, 0, 14]],

[ 82, 65, 1,[ 67, 42, 16]],

