[ 58, 5, 0,[ 48, 38, 16]],

[ 52, 55, 0,[ 7, 68, 98]],

[ 84, 55, 0,[ 91, 79, 99]],

[ 9, 55, 0,[ 4, 59]],

[ 64, 55, 0,[ 94, 26, 8]],

[ 29, 55, 0,[ 73, 95, 10]],

[ 4, 55, 0,[ 75, 78, 9, 46, 28]],

[ 78, 55, 0,[ 4, 48, 21]],

[ 72, 55, 0,[ 82, 60, 69, 66]],

[ 25, 95, 0,[ 13, 91, 98]],

[ 26, 55, 0,[ 82, 97, 64, 6, 66, 48]],

[ 82, 55, 0,[ 26, 68, 72]],

[ 44, 95, 0,[ 98, 7, 88]],

[ 79, 55, 0,[ 37, 77, 57, 84, 34, 16]],

[ 42, 25, 1,[ 22, 50, 74, 2, 71]],

[ 88, 95, 0,[ 40, 44, 91]],

[ 56, 55, 0,[ 74, 60, 45]],

[ 14, 85, 0,[ 98, 74]],

[ 15, 55, 0,[ 92, 83, 34]],

[ 5, 55, 0,[ 19, 70, 86]],

[ 20, 55, 0,[ 37, 16, 67]],

[ 11, 55, 0,[ 63, 68, 54]],

[ 33, 55, 0,[ 81, 83, 74]],

[ 47, 55, 0,[ 57, 39, 48]],

[ 66, 55, 0,[ 72, 26, 98]],

[ 60, 55, 0,[ 16, 72, 56]],

[ 50, 55, 0,[ 42, 48, 74, 97]],

[ 41, 85, 0,[ 12, 98, 91]],

[ 70, 55, 0,[ 5, 74, 28]],

[ 62, 55, 0,[ 97, 85, 43]],

[ 53, 35, 0,[ 16, 81, 65]],

[ 19, 55, 0,[ 10, 22, 5]],

[ 0, 15, 0,[ 22, 48, 87]],

[ 10, 55, 1,[ 29, 99, 7, 80, 76, 19, 1, 38, 94]],

[ 49, 55, 0,[ 16, 12, 61, 48, 27, 54]],

[ 69, 55, 0,[ 34, 22, 72]],

[ 38, 25, 1,[ 58, 40, 98, 75, 10, 61]],

[ 93, 55, 0,[ 91, 89, 48]],

[ 18, 55, 0,[ 16, 76, 92]],

[ 34, 55, 0,[ 79, 69, 15]],

[ 7, 55, 0,[ 63, 52, 10, 77, 44]],

[ 61, 55, 0,[ 38, 49, 35]],

[ 89, 55, 0,[ 80, 51, 93]],

[ 17, 55, 0,[ 36, 13, 8]],

[ 23, 55, 0,[ 43, 39, 16]],

[ 87, 15, 0,[ 22, 48, 90, 0, 95]],

[ 85, 55, 0,[ 48, 74, 62]],

[ 51, 55, 0,[ 89, 55, 30]],

[ 76, 55, 0,[ 22, 18, 10, 31]],

[ 67, 55, 0,[ 74, 20, 46]],

[ 73, 95, 0,[ 90, 29, 91]],

[ 99, 55, 0,[ 84, 3, 10]],

[ 37, 55, 0,[ 48, 20, 79]],

[ 43, 55, 0,[ 62, 23, 28]],

[ 86, 95, 0,[ 48, 5, 57]],

[ 8, 55, 0,[ 64, 48, 17]],

[ 24, 5, 0,[ 27, 48, 71]],

[ 59, 55, 0,[ 22, 74, 31, 9]],

[ 3, 55, 0,[ 99, 22, 63]],

[ 28, 55, 0,[ 98, 70, 43, 4]],

[ 27, 55, 0,[ 95, 16, 24, 49]],

[ 98, 85, 1,[ 66, 14, 25, 80, 41, 31, 28, 52, 38, 44, 21, 35]],

[ 81, 35, 0,[ 53, 16, 71, 33]],

[ 91, 95, 1,[ 25, 41, 84, 6, 88, 73, 93]],

[ 54, 55, 0,[ 74, 39, 11, 49]],

[ 45, 55, 0,[ 56, 36, 16]],

[ 96, 55, 0,[ 2, 22, 30]],

[ 6, 15, 0,[ 91, 26, 22]],

[ 2, 55, 0,[ 74, 42, 96]],

[ 90, 15, 0,[ 87, 22, 73]],

[ 16, 35, 1,[ 68, 49, 23, 45, 63, 27, 18, 79, 53, 21, 58, 55, 81, 60, 20]],

[ 94, 55, 0,[ 64, 10, 22, 32]],

[ 36, 55, 0,[ 17, 45, 31]],

[ 97, 55, 0,[ 50, 62, 26]],

[ 46, 55, 0,[ 4, 74, 67]],

[ 1, 15, 0,[ 22, 10]],

[ 75, 55, 0,[ 77, 38, 4]],

[ 74, 55, 1,[ 2, 59, 85, 56, 67, 14, 33, 42, 70, 54, 50, 46]],

[ 48, 5, 1,[ 93, 87, 83, 37, 78, 49, 50, 85, 47, 86, 58, 26, 0, 8, 24]],

[ 92, 55, 0,[ 32, 18, 15]],

[ 63, 55, 0,[ 3, 7, 16, 11]],

[ 57, 95, 1,[ 79, 65, 30, 47, 13, 86]],

[ 39, 55, 0,[ 68, 54, 22, 23, 47]],

[ 13, 95, 0,[ 57, 17, 25]],

[ 35, 55, 0,[ 32, 98, 61]],

[ 30, 55, 0,[ 51, 96, 57]],

[ 68, 55, 0,[ 82, 11, 52, 39, 16]],

[ 71, 25, 0,[ 81, 42, 24]],

[ 22, 15, 1,[ 6, 65, 87, 76, 55, 69, 3, 39, 90, 0, 42, 1, 94, 59, 96, 19]],

[ 32, 55, 0,[ 94, 35, 92]],

[ 31, 55, 0,[ 98, 36, 12, 76, 59]],

[ 21, 35, 0,[ 16, 98, 78]],

[ 77, 55, 0,[ 7, 75, 79]],

[ 65, 95, 0,[ 57, 22, 53]],

[ 80, 55, 0,[ 98, 89, 10]],

[ 95, 55, 0,[ 87, 27, 29]],

[ 40, 25, 0,[ 88, 38]],

[ 12, 55, 0,[ 31, 49, 41]],

[ 55, 55, 0,[ 22, 16, 51]],

[ 83, 55, 0,[ 15, 33, 48]],

