[ 0, 75, 0,[ 29, 57]],

[ 77, 75, 0,[ 22, 3, 72]],

[ 60, 25, 0,[ 42, 70, 78, 20, 76, 53]],

[ 51, 25, 0,[ 78, 1, 91]],

[ 17, 75, 0,[ 27, 16, 67, 65]],

[ 72, 75, 0,[ 65, 77, 58, 38, 39]],

[ 96, 45, 0,[ 9, 42, 50, 57, 71]],

[ 9, 45, 0,[ 66, 38, 96]],

[ 1, 25, 0,[ 51, 85]],

[ 66, 45, 0,[ 74, 9, 91, 4]],

[ 97, 75, 0,[ 15, 26, 44, 24, 59]],

[ 28, 75, 0,[ 54, 42, 25, 62]],

[ 63, 75, 0,[ 54, 98, 32]],

[ 32, 75, 0,[ 63, 25, 10, 68]],

[ 43, 75, 0,[]],

[ 52, 75, 0,[ 62, 92]],

[ 80, 75, 0,[ 5, 54, 10]],

[ 14, 75, 0,[ 56, 84, 91]],

[ 50, 45, 0,[ 74, 25, 96]],

[ 18, 25, 0,[ 91, 22, 55, 57]],

[ 93, 75, 0,[ 41, 82, 13]],

[ 75, 75, 0,[ 49, 76, 7, 4]],

[ 30, 45, 0,[ 89, 48]],

[ 8, 75, 0,[ 91, 98, 25]],

[ 98, 75, 1,[ 34, 63, 40, 8, 83]],

[ 64, 75, 0,[ 41, 61, 20]],

[ 84, 75, 0,[ 79, 76, 14, 44]],

[ 35, 75, 0,[ 57, 11, 78]],

[ 13, 75, 0,[ 93, 46, 16]],

[ 67, 85, 0,[ 57, 89, 17]],

[ 19, 75, 0,[ 49, 54, 82]],

[ 86, 75, 0,[ 4, 16, 81]],

[ 10, 55, 1,[ 3, 46, 69, 32, 22, 53, 7, 87, 80, 89, 33, 73, 2]],

[ 16, 75, 0,[ 13, 23, 27, 86, 37, 17]],

[ 3, 75, 0,[ 40, 83, 77, 10]],

[ 41, 75, 0,[ 64, 74, 24, 93]],

[ 45, 85, 0,[ 95, 57]],

[ 20, 75, 0,[ 60, 25, 64]],

[ 27, 75, 0,[ 16, 17]],

[ 7, 25, 0,[ 91, 48, 10, 75]],

[ 62, 75, 0,[ 33, 28, 52]],

[ 48, 45, 1,[ 7, 65, 33, 55, 22, 92, 26, 74, 2, 30, 73]],

[ 88, 75, 0,[ 58, 78, 74]],

[ 6, 75, 0,[ 11]],

[ 76, 75, 0,[ 84, 60, 75]],

[ 81, 75, 0,[ 25, 86, 99]],

[ 47, 75, 0,[ 15]],

[ 29, 75, 0,[ 36, 73, 0, 26]],

[ 23, 75, 0,[ 16, 22, 94]],

[ 73, 75, 0,[ 10, 29, 12, 99, 48]],

[ 56, 75, 0,[ 44, 14, 57]],

[ 91, 25, 1,[ 85, 78, 51, 7, 71, 92, 44, 70, 8, 66, 21, 14, 18, 53, 99]],

[ 94, 75, 0,[ 87, 23, 74]],

[ 54, 75, 0,[ 21, 80, 63, 28, 19]],

[ 90, 75, 0,[ 37, 39, 12]],

[ 38, 75, 0,[ 72, 34, 9]],

[ 74, 45, 1,[ 94, 48, 68, 21, 88, 41, 66, 50]],

[ 78, 25, 0,[ 35, 91, 60, 51, 88]],

[ 21, 45, 0,[ 74, 91, 54]],

[ 83, 75, 0,[ 65, 3, 98]],

[ 4, 75, 0,[ 66, 86, 75]],

[ 99, 75, 0,[ 91, 73, 81]],

[ 79, 75, 0,[ 84, 31, 22]],

[ 37, 75, 0,[ 16, 90, 42, 31]],

[ 82, 75, 0,[ 19, 95, 11, 36, 93]],

[ 44, 75, 0,[ 56, 84, 91, 97]],

[ 12, 75, 0,[ 90, 95, 73]],

[ 71, 45, 0,[ 91, 96, 5]],

[ 22, 95, 1,[ 31, 79, 48, 40, 23, 77, 46, 10, 18]],

[ 15, 75, 0,[ 97, 47, 87]],

[ 33, 45, 0,[ 62, 10, 48]],

[ 46, 75, 0,[ 10, 13, 22, 65]],

[ 69, 55, 0,[ 10]],

[ 70, 25, 0,[ 60, 91, 2]],

[ 65, 75, 0,[ 17, 48, 46, 72, 61, 83]],

[ 25, 75, 0,[ 32, 81, 28, 20, 50, 8]],

[ 42, 45, 1,[ 34, 28, 96, 60, 37]],

[ 55, 25, 0,[ 95, 48, 18]],

[ 26, 75, 0,[ 48, 29, 97]],

[ 95, 75, 1,[ 82, 39, 45, 12, 55]],

[ 89, 55, 0,[ 10, 67, 30]],

[ 49, 75, 0,[ 57, 75, 19]],

[ 57, 85, 1,[ 59, 18, 96, 56, 49, 67, 45, 0, 24, 35]],

[ 53, 25, 0,[ 60, 91, 10]],

[ 39, 85, 1,[ 68, 90, 72, 58, 95]],

[ 68, 45, 0,[ 32, 74, 39]],

[ 24, 75, 0,[ 57, 97, 41]],

[ 40, 75, 0,[ 22, 98, 3]],

[ 58, 75, 0,[ 72, 39, 88]],

[ 2, 25, 0,[ 70, 10, 48]],

[ 59, 75, 0,[ 57, 97]],

[ 92, 25, 0,[ 91, 48, 52]],

[ 5, 75, 0,[ 71, 80, 31]],

[ 85, 25, 0,[ 91, 61, 1]],

[ 11, 75, 0,[ 82, 6, 35]],

[ 87, 75, 0,[ 15, 94, 10]],

[ 36, 75, 0,[ 61, 29, 82]],

[ 61, 75, 0,[ 64, 65, 85, 36]],

[ 31, 75, 0,[ 37, 79, 22, 5]],

[ 34, 75, 0,[ 98, 42, 38]],

