[ 24, 65, 0,[ 92, 6, 10]],

[ 22, 15, 0,[ 56, 39, 94, 96, 53, 64]],

[ 98, 65, 0,[ 88, 44, 41, 47]],

[ 88, 65, 0,[ 25, 98, 20]],

[ 78, 35, 1,[ 95, 46, 49, 87]],

[ 50, 65, 1,[ 2, 30, 10]],

[ 49, 95, 1,[ 78, 9, 62, 56]],

[ 33, 95, 0,[ 96, 53, 34, 69, 40]],

[ 81, 45, 1,[ 57, 38, 52]],

[ 46, 5, 0,[ 84, 35, 78]],

[ 70, 55, 0,[ 91, 12, 77]],

[ 42, 55, 0,[ 16, 67, 7]],

[ 28, 75, 0,[ 76, 82, 37]],

[ 2, 95, 1,[ 50, 69, 95, 55, 83]],

[ 60, 85, 0,[ 72, 75, 27]],

[ 93, 45, 1,[ 68, 92, 91]],

[ 44, 5, 1,[ 83, 95, 98, 18, 58]],

[ 26, 75, 1,[ 55, 11, 21]],

[ 56, 15, 0,[ 22, 49, 68, 19]],

[ 36, 85, 0,[ 6, 74, 4]],

[ 9, 45, 1,[ 19, 49, 23]],

[ 92, 45, 1,[ 5, 24, 93]],

[ 54, 95, 1,[ 74, 87, 43]],

[ 31, 15, 0,[ 65, 0, 89]],

[ 86, 65, 0,[ 48, 38, 45]],

[ 61, 75, 1,[ 63, 91, 25, 62]],

[ 6, 5, 1,[ 24, 36, 8]],

[ 48, 95, 0,[ 86, 89, 83]],

[ 91, 25, 0,[ 93, 61, 34, 70]],

[ 29, 15, 1,[ 66, 76, 35]],

[ 5, 55, 1,[ 92, 73, 25]],

[ 80, 5, 1,[ 71, 77, 11]],

[ 62, 75, 1,[ 0, 61, 23, 57, 49, 51]],

[ 12, 85, 1,[ 37, 70, 3]],

[ 76, 75, 1,[ 4, 47, 28, 85, 29]],

[ 64, 15, 1,[ 27, 0, 30, 22]],

[ 58, 25, 1,[ 44, 14, 11]],

[ 55, 95, 1,[ 26, 2, 39, 90, 85]],

[ 75, 65, 0,[ 60, 16, 84]],

[ 68, 15, 1,[ 93, 56, 97]],

[ 21, 35, 0,[ 26, 89, 13]],

[ 7, 55, 1,[ 57, 69, 42]],

[ 39, 15, 0,[ 55, 22, 71]],

[ 95, 5, 0,[ 44, 78, 2]],

[ 63, 15, 0,[ 74, 61, 13]],

[ 59, 75, 0,[ 51, 82, 37]],

[ 18, 65, 1,[ 44, 90, 87]],

[ 51, 75, 0,[ 62, 59, 79]],

[ 94, 15, 1,[ 22, 14, 97]],

[ 41, 45, 0,[ 98, 66, 40]],

[ 13, 15, 1,[ 52, 63, 21, 99, 77]],

[ 8, 15, 1,[ 6, 32, 96]],

[ 15, 65, 1,[ 1, 43, 85, 11]],

[ 17, 5, 1,[ 66, 0, 99]],

[ 83, 95, 0,[ 2, 48, 44]],

[ 35, 5, 1,[ 46, 19, 27, 29]],

[ 0, 15, 1,[ 62, 31, 64, 17]],

[ 74, 95, 0,[ 54, 63, 36]],

[ 67, 55, 0,[ 73, 66, 42]],

[ 65, 85, 1,[ 31, 23, 87]],

[ 82, 75, 0,[ 32, 28, 59]],

[ 45, 65, 0,[ 99, 86, 47]],

[ 85, 65, 0,[ 55, 15, 76]],

[ 84, 65, 1,[ 43, 46, 75]],

[ 73, 55, 0,[ 67, 72, 5]],

[ 25, 55, 0,[ 5, 61, 88]],

[ 69, 95, 0,[ 2, 33, 66, 7]],

[ 97, 95, 1,[ 94, 68]],

[ 79, 45, 1,[ 32, 96, 51]],

[ 19, 45, 0,[ 35, 9, 56]],

[ 40, 45, 1,[ 41, 1, 33]],

[ 47, 65, 0,[ 98, 76, 45]],

[ 87, 65, 0,[ 18, 78, 65, 54]],

[ 66, 75, 1,[ 72, 67, 69, 29, 17, 41, 10]],

[ 37, 75, 0,[ 12, 20, 59, 28]],

[ 38, 95, 0,[ 86, 90, 72, 81]],

[ 52, 35, 1,[ 4, 71, 81, 13, 43]],

[ 4, 85, 1,[ 76, 52, 36]],

[ 90, 95, 0,[ 55, 38, 18]],

[ 16, 65, 0,[ 42, 75, 89]],

[ 32, 75, 0,[ 82, 79, 8]],

[ 34, 25, 1,[ 1, 91, 33]],

[ 77, 55, 1,[ 70, 13, 80]],

[ 1, 45, 0,[ 34, 40, 15]],

[ 27, 25, 1,[ 35, 64, 60]],

[ 72, 85, 0,[ 66, 60, 73, 38, 53]],

[ 30, 95, 0,[ 3, 50, 64]],

[ 57, 45, 0,[ 7, 62, 81]],

[ 71, 15, 0,[ 39, 80, 52, 14]],

[ 14, 15, 0,[ 71, 58, 94]],

[ 23, 75, 0,[ 62, 65, 9]],

[ 89, 35, 1,[ 31, 16, 21, 48]],

[ 96, 5, 1,[ 33, 22, 8, 99, 79]],

[ 53, 95, 0,[ 22, 72, 33]],

[ 43, 25, 1,[ 15, 84, 52, 54]],

[ 10, 65, 0,[ 66, 50, 24]],

[ 3, 95, 1,[ 30, 12, 20]],

[ 20, 65, 1,[ 88, 3, 37]],

[ 99, 65, 1,[ 96, 45, 17, 13]],

[ 11, 65, 1,[ 58, 26, 80, 15]],

