[ 43, 5, 0,[ 28, 95, 76]],

[ 92, 55, 0,[ 99, 48, 88, 71]],

[ 45, 55, 0,[ 54, 93, 61]],

[ 42, 15, 0,[ 9, 14, 64]],

[ 34, 15, 0,[ 56, 24, 74]],

[ 71, 55, 0,[ 90, 61, 92, 78, 12]],

[ 67, 65, 0,[ 94, 4, 72]],

[ 76, 25, 0,[ 43, 55, 33]],

[ 1, 55, 0,[ 99, 14, 13]],

[ 33, 25, 0,[ 72, 76, 73, 57, 25]],

[ 9, 55, 0,[ 13, 42, 69, 86]],

[ 10, 65, 1,[ 82, 74, 65]],

[ 93, 15, 0,[ 45, 31, 11, 7]],

[ 56, 15, 0,[ 79, 34, 11, 81]],

[ 64, 15, 0,[ 83, 65, 26, 41, 42, 94]],

[ 8, 15, 0,[ 50, 79, 11]],

[ 60, 45, 0,[ 11, 5, 38, 59, 49]],

[ 41, 15, 0,[ 68, 65, 64]],

[ 74, 15, 1,[ 39, 10, 36, 34]],

[ 82, 15, 0,[ 0, 32, 10, 22]],

[ 5, 55, 0,[ 61, 94, 60]],

[ 26, 15, 0,[ 2, 86, 55, 25, 64, 95]],

[ 79, 15, 0,[ 66, 56, 8]],

[ 22, 15, 1,[ 11, 70, 82, 63, 96]],

[ 94, 15, 0,[ 64, 5, 67]],

[ 53, 55, 0,[ 17, 63, 30]],

[ 24, 25, 0,[ 38, 37, 34]],

[ 54, 55, 0,[ 97, 30, 45]],

[ 89, 55, 0,[ 77, 78, 48, 57]],

[ 38, 45, 0,[ 13, 60, 24]],

[ 55, 55, 0,[ 61, 76, 26]],

[ 65, 65, 0,[ 62, 64, 41, 10]],

[ 21, 15, 0,[ 2, 88, 18]],

[ 90, 55, 0,[ 68, 71, 51]],

[ 37, 25, 0,[ 75, 24, 81, 39]],

[ 32, 65, 0,[ 58, 82, 0]],

[ 88, 35, 0,[ 92, 21, 47]],

[ 72, 65, 0,[ 67, 3, 33]],

[ 13, 55, 0,[ 1, 9, 38, 59]],

[ 46, 15, 0,[ 83, 11, 48]],

[ 3, 35, 0,[ 20, 72, 17, 91]],

[ 66, 5, 0,[ 95, 51, 52, 79]],

[ 25, 55, 0,[ 19, 33, 26]],

[ 91, 35, 1,[ 86, 47, 3, 44, 30, 50]],

[ 62, 65, 0,[ 48, 75, 65]],

[ 52, 25, 0,[ 15, 20, 66]],

[ 2, 15, 0,[ 23, 26, 21]],

[ 75, 25, 0,[ 37, 62, 18]],

[ 20, 25, 0,[ 27, 3, 52]],

[ 0, 25, 0,[ 58, 82, 32, 12, 31]],

[ 17, 55, 0,[ 3, 80, 53]],

[ 83, 15, 0,[ 64, 46, 12]],

[ 70, 25, 0,[ 63, 22, 18]],

[ 15, 65, 0,[ 49, 52, 29]],

[ 48, 55, 1,[ 46, 89, 92, 62, 80]],

[ 39, 45, 1,[ 37, 87, 74]],

[ 99, 55, 0,[ 92, 63, 1]],

[ 28, 5, 0,[ 49, 43, 40]],

[ 57, 5, 1,[ 6, 33, 36, 4, 89]],

[ 12, 15, 0,[ 0, 71, 83]],

[ 35, 65, 0,[ 23, 29, 51]],

[ 18, 25, 0,[ 21, 70, 75]],

[ 87, 45, 0,[ 50, 78, 39]],

[ 51, 25, 0,[ 66, 35, 40, 90]],

[ 30, 55, 0,[ 53, 54, 91]],

[ 19, 55, 0,[ 85, 50, 25]],

[ 59, 55, 0,[ 13, 81, 60]],

[ 84, 55, 0,[ 40, 85, 95]],

[ 95, 5, 0,[ 66, 84, 29, 43, 26]],

[ 68, 55, 0,[ 41, 90, 97, 61]],

[ 98, 95, 1,[ 78, 47, 14]],

[ 4, 65, 0,[ 67, 69, 57, 16]],

[ 29, 65, 0,[ 15, 95, 35]],

[ 23, 15, 0,[ 40, 35, 2, 80]],

[ 47, 35, 0,[ 98, 88, 91]],

[ 44, 55, 0,[ 16, 91, 27]],

[ 6, 5, 0,[ 57, 96]],

[ 80, 55, 0,[ 23, 48, 17, 31]],

[ 81, 15, 0,[ 56, 59, 37]],

[ 40, 25, 0,[ 51, 28, 23, 84]],

[ 50, 35, 0,[ 8, 91, 87, 19]],

[ 78, 55, 0,[ 87, 71, 98, 89]],

[ 73, 65, 0,[ 33, 58, 7]],

[ 97, 55, 0,[ 54, 63, 68]],

[ 63, 55, 0,[ 22, 97, 70, 53, 7, 99]],

[ 7, 55, 0,[ 73, 93, 63]],

[ 16, 55, 0,[ 77, 4, 44]],

[ 96, 15, 0,[ 6, 11, 22]],

[ 61, 55, 0,[ 55, 71, 68, 45, 5]],

[ 27, 55, 0,[ 44, 20, 77]],

[ 85, 55, 1,[ 19, 86, 84]],

[ 69, 55, 0,[ 4, 9, 36]],

[ 14, 65, 0,[ 98, 42, 1]],

[ 49, 65, 0,[ 15, 28, 60]],

[ 31, 25, 0,[ 0, 80, 93]],

[ 36, 55, 0,[ 74, 69, 57]],

[ 77, 55, 0,[ 89, 16, 27]],

[ 58, 65, 0,[ 73, 32, 0]],

[ 11, 15, 0,[ 8, 56, 93, 60, 96, 22, 46]],

[ 86, 65, 1,[ 91, 9, 85, 26]],

