[ 40, 75, 0,[ 49, 23, 81]],

[ 18, 75, 0,[ 80, 73, 14]],

[ 22, 75, 0,[ 50, 91, 21]],

[ 70, 75, 0,[ 51, 5, 35, 83, 52]],

[ 56, 75, 0,[ 2, 63, 13]],

[ 20, 75, 0,[ 94, 45, 87, 82, 86]],

[ 71, 75, 0,[ 31, 94, 90]],

[ 99, 75, 0,[ 67, 51, 95, 1]],

[ 30, 75, 0,[ 10, 14, 54]],

[ 72, 75, 0,[ 14, 59, 23, 8]],

[ 8, 75, 0,[ 26, 72, 44]],

[ 14, 75, 0,[ 25, 30, 18, 72, 10]],

[ 59, 75, 0,[ 72, 49, 39]],

[ 41, 75, 0,[ 83, 27]],

[ 9, 75, 0,[ 52, 53, 51]],

[ 7, 75, 0,[ 96, 28, 3, 88]],

[ 65, 75, 0,[ 57, 24, 25]],

[ 93, 75, 0,[ 95, 91, 63, 1]],

[ 87, 75, 0,[ 50, 74, 20]],

[ 88, 75, 0,[ 69, 7]],

[ 68, 75, 0,[ 86, 16, 64]],

[ 69, 75, 0,[ 27, 36, 88, 4]],

[ 81, 75, 0,[ 3, 61, 40, 86]],

[ 98, 55, 1,[ 11, 90, 66, 85, 57, 12, 82]],

[ 10, 5, 1,[ 5, 57, 6, 51, 30, 15, 14]],

[ 13, 75, 0,[ 79, 55, 56]],

[ 96, 75, 0,[ 12, 29, 97, 7]],

[ 6, 75, 0,[ 29, 10, 0, 3, 23]],

[ 60, 75, 0,[ 82, 36, 78, 54]],

[ 27, 75, 0,[ 41, 69, 80]],

[ 55, 75, 0,[ 13, 11, 33]],

[ 24, 75, 0,[ 65, 89, 23, 90, 83]],

[ 80, 75, 0,[ 27, 18, 91]],

[ 45, 75, 0,[ 0, 20, 62]],

[ 33, 75, 0,[ 75, 91, 55]],

[ 26, 75, 0,[ 8, 19, 37]],

[ 48, 75, 0,[ 49, 2, 0]],

[ 38, 35, 1,[ 50, 15, 34, 53, 76]],

[ 86, 75, 0,[ 44, 2, 20, 68, 81, 67]],

[ 67, 75, 0,[ 99, 86, 37]],

[ 31, 75, 0,[ 97, 74, 64, 71]],

[ 76, 75, 0,[ 91, 38, 28]],

[ 47, 75, 0,[ 29, 16, 35]],

[ 94, 75, 0,[ 54, 73, 20, 71]],

[ 4, 75, 0,[ 85, 69, 19, 17]],

[ 74, 85, 1,[ 61, 31, 87, 57, 53, 0, 44]],

[ 64, 75, 0,[ 73, 63, 68, 31]],

[ 37, 75, 0,[ 28, 67, 26, 34, 62]],

[ 75, 75, 0,[ 32, 91, 33]],

[ 52, 75, 0,[ 21, 70, 9, 42]],

[ 51, 75, 0,[ 25, 10, 99, 9, 70]],

[ 25, 45, 1,[ 54, 58, 65, 0, 51, 61, 14]],

[ 49, 75, 0,[ 84, 48, 40, 59]],

[ 89, 75, 0,[ 17, 79, 24, 1]],

[ 1, 75, 0,[ 92, 78, 93, 16, 99, 89]],

[ 36, 75, 0,[ 60, 42, 69]],

[ 58, 75, 0,[ 35, 85, 25, 46, 54]],

[ 73, 75, 0,[ 94, 64, 19, 77, 18]],

[ 83, 75, 0,[ 41, 97, 82, 91, 70, 24]],

[ 54, 75, 0,[ 95, 94, 25, 58, 2, 19, 30, 60]],

[ 50, 75, 0,[ 46, 15, 22, 38, 87]],

[ 91, 25, 1,[ 34, 80, 33, 83, 75, 76, 66, 22, 93]],

[ 17, 75, 0,[ 4, 89, 32, 28]],

[ 0, 75, 0,[ 6, 74, 25, 48, 45, 39]],

[ 15, 75, 0,[ 10, 50, 38]],

[ 82, 75, 0,[ 20, 43, 83, 60, 98]],

[ 43, 75, 0,[ 66, 82, 46, 63, 16]],

[ 11, 75, 0,[ 98, 21, 12, 92, 55]],

[ 79, 75, 0,[ 57, 89, 42, 13]],

[ 5, 75, 0,[ 10, 70, 19]],

[ 28, 75, 0,[ 17, 7, 37, 76]],

[ 29, 75, 0,[ 6, 96, 39, 47]],

[ 92, 75, 0,[ 1, 11]],

[ 12, 75, 0,[ 96, 11, 98]],

[ 2, 75, 0,[ 54, 56, 86, 3, 48]],

[ 90, 75, 0,[ 98, 71, 24]],

[ 46, 75, 0,[ 43, 77, 58, 50]],

[ 77, 75, 0,[ 46, 73, 62]],

[ 35, 75, 0,[ 70, 78, 58, 47]],

[ 78, 75, 0,[ 35, 60, 1]],

[ 97, 75, 0,[ 83, 32, 31, 96]],

[ 63, 75, 0,[ 93, 64, 56, 43]],

[ 84, 75, 0,[ 49, 16, 21]],

[ 19, 15, 1,[ 4, 54, 5, 26, 73]],

[ 32, 75, 0,[ 75, 97, 17, 39]],

[ 34, 75, 0,[ 38, 37, 91]],

[ 61, 75, 0,[ 81, 25, 74]],

[ 16, 25, 1,[ 43, 68, 1, 84, 47]],

[ 62, 75, 0,[ 37, 45, 77]],

[ 95, 75, 0,[ 93, 99, 54]],

[ 85, 75, 0,[ 58, 98, 4]],

[ 44, 75, 0,[ 74, 8, 86]],

[ 42, 75, 0,[ 79, 36, 52]],

[ 57, 35, 1,[ 74, 10, 98, 65, 79]],

[ 53, 75, 0,[ 38, 9, 74]],

[ 39, 75, 1,[ 32, 29, 0, 59]],

[ 3, 75, 0,[ 81, 2, 7, 6]],

[ 66, 75, 0,[ 98, 43, 91]],

[ 23, 75, 0,[ 24, 40, 6, 72]],

[ 21, 75, 0,[ 11, 52, 84, 22]],

