[ 27, 45, 0,[ 56, 43, 13]],

[ 69, 65, 1,[ 42, 89, 68]],

[ 18, 85, 0,[ 10, 36, 55, 44, 5]],

[ 44, 85, 0,[ 18, 54, 7]],

[ 95, 25, 1,[ 81, 73, 93, 96, 17, 24]],

[ 11, 55, 0,[ 65, 35, 38, 22]],

[ 82, 15, 1,[ 47, 14, 13, 39]],

[ 41, 15, 1,[ 19, 88, 46]],

[ 38, 45, 1,[ 73, 64, 11]],

[ 88, 35, 1,[ 85, 30, 41, 10]],

[ 45, 15, 1,[ 10, 7, 16]],

[ 60, 55, 1,[ 3, 35, 52, 55]],

[ 21, 5, 1,[ 84, 37, 96]],

[ 99, 5, 0,[ 1, 84, 59]],

[ 67, 65, 0,[ 89, 57]],

[ 74, 45, 1,[ 86, 70, 50]],

[ 80, 5, 0,[ 73, 5, 54]],

[ 43, 75, 0,[ 27, 81, 78, 20]],

[ 85, 5, 1,[ 92, 64, 88]],

[ 52, 5, 0,[ 34, 70, 60, 61]],

[ 54, 35, 0,[ 80, 28, 44, 62, 9]],

[ 70, 75, 1,[ 65, 86, 59, 52, 74]],

[ 83, 95, 1,[ 39, 89, 78]],

[ 25, 15, 1,[ 84, 39, 16]],

[ 93, 65, 0,[ 95, 23, 58, 89]],

[ 53, 75, 1,[ 77, 20, 68]],

[ 10, 55, 1,[ 45, 18, 88, 47]],

[ 7, 85, 0,[ 3, 45, 44]],

[ 50, 45, 0,[ 68, 97, 74]],

[ 30, 35, 1,[ 76, 49, 88, 79]],

[ 2, 5, 0,[ 55, 87, 66]],

[ 19, 75, 1,[ 41, 56, 51, 98]],

[ 97, 5, 0,[ 71, 50, 34]],

[ 62, 15, 1,[ 26, 54, 36]],

[ 94, 55, 0,[ 78, 71, 75]],

[ 46, 75, 0,[ 1, 68, 41]],

[ 59, 5, 1,[ 58, 31, 99, 70]],

[ 31, 65, 1,[ 59, 48, 84]],

[ 98, 5, 1,[ 87, 76, 19]],

[ 56, 95, 1,[ 27, 91, 19, 8, 49]],

[ 32, 85, 1,[ 71, 37, 4]],

[ 63, 35, 1,[ 92, 20, 96]],

[ 84, 5, 0,[ 21, 25, 31, 99]],

[ 8, 95, 0,[ 56]],

[ 17, 95, 1,[ 95, 6, 72]],

[ 4, 75, 0,[ 20, 71, 32]],

[ 68, 85, 0,[ 69, 53, 90, 46, 50]],

[ 9, 35, 0,[ 54, 71]],

[ 81, 75, 0,[ 43, 20, 95]],

[ 23, 75, 1,[ 22, 93, 91]],

[ 37, 65, 1,[ 21, 22, 32]],

[ 61, 5, 0,[ 75, 26, 52]],

[ 24, 95, 1,[ 6, 39, 95, 3, 64, 40]],

[ 26, 55, 0,[ 14, 62, 61]],

[ 29, 35, 0,[ 15, 55, 89]],

[ 79, 15, 0,[ 90, 42, 30, 86]],

[ 34, 5, 0,[ 97, 57, 52]],

[ 72, 5, 1,[ 17, 40, 90]],

[ 12, 95, 0,[ 66, 0, 76]],

[ 22, 75, 1,[ 37, 20, 23, 11]],

[ 47, 55, 0,[ 73, 10, 82]],

[ 55, 5, 0,[ 60, 2, 18, 29]],

[ 57, 85, 0,[ 48, 67, 34]],

[ 86, 45, 1,[ 79, 74, 70]],

[ 20, 75, 0,[ 53, 22, 81, 4, 43, 63]],

[ 49, 95, 0,[ 36, 56, 30]],

[ 92, 5, 0,[ 63, 65, 85]],

[ 90, 85, 1,[ 79, 72, 68]],

[ 42, 15, 1,[ 79, 16, 69, 5]],

[ 16, 75, 1,[ 25, 42, 45]],

[ 13, 45, 1,[ 82, 1, 27]],

[ 5, 5, 0,[ 42, 80, 18]],

[ 76, 55, 0,[ 98, 12, 14, 33, 30]],

[ 96, 25, 0,[ 95, 36, 28, 21, 63]],

[ 28, 35, 1,[ 96, 75, 54]],

[ 73, 5, 1,[ 64, 95, 47, 38, 80]],

[ 89, 65, 0,[ 67, 93, 69, 29, 83]],

[ 64, 5, 0,[ 24, 73, 85, 38]],

[ 91, 15, 1,[ 58, 56, 23]],

[ 71, 5, 1,[ 32, 94, 66, 4, 9, 97]],

[ 0, 95, 0,[ 6, 12, 78]],

[ 3, 85, 1,[ 39, 60, 24, 7]],

[ 6, 95, 0,[ 0, 17, 24]],

[ 65, 55, 0,[ 92, 11, 70]],

[ 14, 55, 1,[ 40, 76, 82, 26, 51]],

[ 66, 5, 0,[ 12, 71, 2]],

[ 87, 85, 1,[ 2, 98, 33]],

[ 33, 45, 1,[ 15, 87, 76]],

[ 1, 75, 1,[ 13, 58, 15, 99, 46]],

[ 78, 95, 0,[ 43, 77, 94, 0, 83]],

[ 36, 85, 1,[ 96, 49, 62, 18]],

[ 40, 55, 0,[ 72, 24, 14]],

[ 35, 55, 0,[ 60, 48, 11]],

[ 58, 75, 0,[ 1, 91, 59, 93]],

[ 51, 45, 1,[ 14, 77, 19]],

[ 39, 85, 1,[ 83, 25, 24, 82, 3]],

[ 77, 75, 0,[ 53, 51, 78]],

[ 75, 55, 1,[ 28, 94, 61]],

[ 15, 35, 0,[ 29, 33, 1]],

[ 48, 85, 1,[ 57, 31, 35]],

