[ 34, 45, 0,[ 4, 72, 62]],

[ 84, 45, 0,[ 59, 60, 85, 15]],

[ 22, 15, 0,[ 6, 89, 88]],

[ 6, 65, 0,[ 48, 16, 22]],

[ 48, 45, 0,[ 6, 27, 61, 30, 81]],

[ 69, 45, 0,[ 24, 87, 1]],

[ 36, 45, 0,[ 5, 97, 73]],

[ 88, 45, 0,[ 22, 15, 45, 95, 7, 75, 27]],

[ 98, 45, 0,[ 87, 1]],

[ 44, 45, 0,[ 65, 10, 66, 78]],

[ 18, 45, 0,[ 56, 49, 28, 87]],

[ 35, 45, 0,[ 51, 1, 94]],

[ 39, 45, 0,[ 17, 24, 74, 3]],

[ 19, 35, 0,[ 2, 77, 57]],

[ 1, 45, 0,[ 35, 98, 69]],

[ 68, 45, 0,[ 71, 85]],

[ 73, 45, 0,[ 2, 40, 36]],

[ 58, 15, 0,[ 79, 30, 59, 86]],

[ 94, 45, 0,[ 42, 35, 27]],

[ 10, 45, 0,[ 46, 44, 5, 75, 12]],

[ 4, 85, 1,[ 57, 7, 34]],

[ 17, 45, 0,[ 39, 54, 66]],

[ 33, 85, 0,[ 96, 81, 7, 60, 91]],

[ 78, 45, 0,[ 92, 9, 44, 96, 74, 40]],

[ 62, 95, 0,[ 34, 11, 89, 32]],

[ 63, 45, 0,[ 29, 47, 92]],

[ 12, 45, 0,[ 9, 3, 10]],

[ 21, 45, 0,[ 52, 11, 43]],

[ 32, 45, 0,[ 13, 54, 62]],

[ 42, 45, 0,[ 94, 37, 20, 41]],

[ 95, 45, 0,[ 90, 88, 55]],

[ 46, 45, 0,[ 10, 3, 90]],

[ 72, 45, 0,[ 76, 31, 34]],

[ 16, 65, 0,[ 81, 56, 6]],

[ 14, 45, 0,[ 40, 83, 31]],

[ 0, 5, 1,[ 2, 54, 85, 38, 5, 65]],

[ 52, 15, 0,[ 15, 59, 21]],

[ 56, 45, 0,[ 71, 16, 18]],

[ 29, 45, 0,[ 67, 59, 63, 43, 37]],

[ 7, 85, 1,[ 33, 28, 83, 4, 88, 81, 79]],

[ 5, 45, 0,[ 41, 0, 10, 36]],

[ 27, 45, 0,[ 94, 48, 88, 55]],

[ 80, 45, 0,[ 79, 47, 67]],

[ 54, 5, 0,[ 32, 50, 17, 0]],

[ 64, 45, 0,[ 86, 82, 91]],

[ 61, 45, 0,[ 48, 28, 97]],

[ 89, 15, 1,[ 22, 62, 13, 65]],

[ 86, 45, 0,[ 40, 58, 64]],

[ 3, 45, 0,[ 26, 39, 46, 12]],

[ 79, 85, 0,[ 7, 80, 58, 51, 15]],

[ 74, 45, 0,[ 39, 78, 76]],

[ 47, 15, 0,[ 80, 63, 59, 2]],

[ 70, 35, 0,[ 77, 99, 38, 2]],

[ 87, 45, 0,[ 69, 18, 49, 98]],

[ 28, 85, 0,[ 7, 61, 18, 8]],

[ 76, 85, 0,[ 83, 72, 74]],

[ 82, 45, 0,[ 11, 53, 64]],

[ 55, 45, 0,[ 67, 27, 95]],

[ 90, 45, 0,[ 95, 59, 46]],

[ 24, 45, 0,[ 39, 31, 69]],

[ 25, 45, 0,[ 9, 26, 40]],

[ 91, 45, 0,[ 53, 64, 33, 38]],

[ 2, 35, 1,[ 47, 73, 19, 70, 43, 31, 0]],

[ 8, 45, 1,[ 28, 81]],

[ 97, 45, 0,[ 93, 61, 11, 36]],

[ 71, 45, 0,[ 93, 68, 56]],

[ 65, 45, 1,[ 89, 0, 44]],

[ 9, 45, 0,[ 51, 53, 25, 78, 12]],

[ 38, 45, 0,[ 0, 70, 91]],

[ 67, 45, 0,[ 55, 80, 43, 29]],

[ 57, 45, 0,[ 99, 19, 4]],

[ 11, 95, 1,[ 82, 23, 21, 97, 49, 62, 92]],

[ 37, 45, 0,[ 29, 42, 23]],

[ 40, 45, 0,[ 25, 73, 14, 86, 78]],

[ 45, 45, 0,[ 88, 75, 30]],

[ 30, 45, 0,[ 48, 45, 58]],

[ 99, 45, 0,[ 41, 70, 57]],

[ 75, 45, 0,[ 10, 45, 88]],

[ 43, 45, 0,[ 67, 2, 29, 21]],

[ 92, 45, 0,[ 11, 78, 63]],

[ 96, 45, 0,[ 66, 78, 33]],

[ 60, 45, 0,[ 33, 84, 20]],

[ 85, 5, 0,[ 0, 68, 84]],

[ 83, 85, 0,[ 14, 76, 66, 7]],

[ 53, 45, 0,[ 91, 82, 9]],

[ 20, 45, 0,[ 60, 42, 13]],

[ 66, 45, 0,[ 83, 17, 96, 44]],

[ 49, 45, 0,[ 18, 87, 11]],

[ 93, 45, 0,[ 97, 71, 23]],

[ 26, 15, 1,[ 25, 81, 3, 77, 50]],

[ 77, 45, 0,[ 26, 50, 70, 19]],

[ 51, 45, 0,[ 9, 79, 35]],

[ 41, 45, 0,[ 99, 5, 42]],

[ 13, 45, 0,[ 32, 89, 20]],

[ 81, 65, 1,[ 48, 16, 8, 33, 26, 7]],

[ 23, 45, 0,[ 37, 93, 11]],

[ 50, 45, 0,[ 77, 54, 26]],

[ 15, 45, 0,[ 79, 52, 88, 84]],

[ 59, 15, 0,[ 52, 58, 47, 90, 84, 29]],

[ 31, 35, 0,[ 14, 2, 72, 24]],

