[ 98, 75, 0,[ 5, 76, 62]],

[ 7, 45, 0,[ 50, 73, 93]],

[ 48, 65, 1,[ 0, 58, 67, 18, 85, 2]],

[ 2, 25, 0,[ 25, 78, 48, 42]],

[ 54, 5, 0,[ 83, 45, 70]],

[ 35, 25, 0,[ 52, 26, 23]],

[ 13, 55, 0,[ 87, 31, 14, 1]],

[ 29, 55, 0,[ 87, 81, 65]],

[ 31, 45, 1,[ 89, 43, 13]],

[ 78, 25, 0,[ 2, 41, 10]],

[ 16, 35, 1,[ 72, 39, 96]],

[ 5, 55, 0,[ 51, 98, 64]],

[ 74, 45, 1,[ 37, 24, 83]],

[ 9, 55, 0,[ 25, 34, 32]],

[ 73, 15, 1,[ 51, 23, 8, 7]],

[ 45, 45, 1,[ 18, 54, 0, 69]],

[ 87, 25, 1,[ 57, 11, 63, 13, 29]],

[ 59, 95, 1,[ 88, 56, 15]],

[ 95, 35, 1,[ 19, 11, 84, 52, 83, 44]],

[ 52, 35, 0,[ 95, 35, 6, 36]],

[ 1, 75, 1,[ 3, 28, 32, 77, 13]],

[ 82, 95, 1,[ 64, 91, 80]],

[ 50, 45, 0,[ 61, 7, 90, 93]],

[ 20, 25, 0,[ 94, 18, 93]],

[ 72, 15, 1,[ 81, 84, 32, 16]],

[ 33, 75, 1,[ 21, 99, 62]],

[ 93, 65, 1,[ 63, 50, 20, 7]],

[ 90, 25, 1,[ 22, 70, 50]],

[ 65, 35, 0,[ 96, 29, 17]],

[ 0, 25, 0,[ 66, 45, 48]],

[ 76, 35, 0,[ 24, 98, 68]],

[ 58, 25, 0,[ 22, 48, 61]],

[ 71, 25, 1,[ 88, 83, 4]],

[ 23, 85, 1,[ 35, 73, 91]],

[ 44, 35, 0,[ 63, 95, 79]],

[ 88, 35, 1,[ 71, 36, 59]],

[ 62, 75, 1,[ 33, 12, 4, 98, 97]],

[ 34, 35, 0,[ 9, 84, 26]],

[ 91, 55, 1,[ 81, 23, 47, 82]],

[ 8, 45, 0,[ 73, 39, 15, 86]],

[ 3, 45, 0,[ 22, 1, 32]],

[ 53, 25, 1,[ 26, 49, 70]],

[ 27, 75, 0,[ 25, 47, 83]],

[ 57, 55, 1,[ 87, 80, 86]],

[ 81, 55, 0,[ 29, 72, 91]],

[ 89, 25, 0,[ 64, 31, 60, 32]],

[ 75, 5, 1,[ 38, 85, 28, 30]],

[ 15, 25, 0,[ 83, 8, 59]],

[ 41, 25, 1,[ 55, 28, 78, 94]],

[ 40, 35, 0,[ 96, 86]],

[ 39, 45, 1,[ 16, 80, 8, 11]],

[ 61, 35, 1,[ 18, 50, 69, 58]],

[ 37, 5, 1,[ 74, 10, 67]],

[ 49, 85, 0,[ 53, 14, 97]],

[ 4, 45, 0,[ 62, 21, 71]],

[ 18, 25, 1,[ 61, 45, 20, 48]],

[ 85, 55, 1,[ 75, 48, 77]],

[ 21, 65, 1,[ 4, 33, 12]],

[ 24, 95, 1,[ 92, 19, 74, 76]],

[ 80, 25, 0,[ 39, 56, 82, 57]],

[ 30, 45, 1,[ 25, 46, 75]],

[ 25, 95, 1,[ 9, 27, 84, 30, 2, 97]],

[ 47, 45, 0,[ 27, 46, 91]],

[ 84, 35, 0,[ 25, 72, 34, 95]],

[ 14, 85, 1,[ 49, 13, 92, 22]],

[ 63, 15, 1,[ 93, 43, 87, 44]],

[ 19, 35, 1,[ 24, 32, 95]],

[ 70, 35, 1,[ 90, 54, 69, 53, 68, 64]],

[ 83, 5, 1,[ 71, 95, 74, 54, 15, 27]],

[ 38, 35, 1,[ 68, 75, 17]],

[ 68, 35, 0,[ 38, 76, 70]],

[ 99, 25, 0,[ 33, 42, 46]],

[ 67, 45, 0,[ 79, 48, 37]],

[ 64, 25, 0,[ 5, 89, 70, 82]],

[ 46, 15, 1,[ 99, 30, 66, 47]],

[ 96, 35, 0,[ 65, 40, 16, 55]],

[ 12, 35, 0,[ 62, 69, 21]],

[ 22, 5, 1,[ 14, 3, 6, 90, 58]],

[ 10, 45, 1,[ 37, 17, 78]],

[ 55, 35, 0,[ 60, 41, 96]],

[ 92, 25, 0,[ 56, 94, 24, 14]],

[ 26, 25, 0,[ 34, 53, 35]],

[ 56, 5, 1,[ 92, 80, 59]],

[ 97, 35, 0,[ 25, 62, 49]],

[ 42, 35, 1,[ 77, 99, 2]],

[ 86, 55, 1,[ 6, 43, 40, 57, 60, 8]],

[ 43, 45, 0,[ 63, 86, 31]],

[ 28, 45, 0,[ 41, 1, 75]],

[ 11, 45, 0,[ 95, 39, 87]],

[ 60, 85, 1,[ 89, 55, 86, 79]],

[ 6, 45, 0,[ 22, 52, 86]],

[ 69, 25, 1,[ 45, 61, 12, 70]],

[ 94, 25, 0,[ 20, 92, 41]],

[ 17, 45, 0,[ 10, 38, 65]],

[ 77, 25, 0,[ 42, 85, 1]],

[ 79, 25, 0,[ 60, 67, 44, 66]],

[ 51, 45, 1,[ 5, 73]],

[ 36, 25, 1,[ 88, 52]],

[ 32, 55, 1,[ 89, 1, 19, 3, 72, 9]],

[ 66, 25, 0,[ 79, 0, 46]],

