[ 38, 75, 1,[ 88, 57, 60]],

[ 6, 95, 0,[ 81, 57, 13]],

[ 61, 85, 1,[ 27, 43, 17, 72, 93]],

[ 25, 45, 1,[ 81, 41, 7]],

[ 11, 5, 0,[ 88, 0, 75, 67]],

[ 12, 5, 0,[ 89, 0, 58]],

[ 24, 75, 1,[ 23, 45, 55]],

[ 2, 55, 0,[ 60, 1, 70]],

[ 54, 5, 0,[ 96, 86, 50]],

[ 4, 75, 0,[ 51, 75, 76, 65, 0]],

[ 52, 5, 0,[ 35, 33, 23]],

[ 7, 15, 0,[ 78, 25, 31]],

[ 33, 65, 1,[ 16, 52, 88, 32]],

[ 30, 75, 1,[ 18, 63, 29]],

[ 95, 95, 1,[ 99, 31, 64, 94, 47]],

[ 29, 75, 0,[ 30, 98, 56]],

[ 62, 65, 1,[ 70, 96, 73]],

[ 76, 75, 0,[ 4, 89, 53]],

[ 98, 75, 1,[ 93, 37, 28, 29, 85, 22]],

[ 87, 45, 1,[ 40, 19, 91, 71]],

[ 28, 75, 0,[ 44, 98, 51]],

[ 68, 85, 0,[ 69, 81, 79]],

[ 78, 5, 0,[ 35, 7, 44, 72, 13]],

[ 83, 95, 1,[ 20, 66]],

[ 49, 45, 0,[ 21, 82, 14]],

[ 69, 35, 1,[ 37, 10, 68, 27]],

[ 15, 5, 0,[ 80, 93, 97, 26]],

[ 23, 5, 1,[ 52, 94, 20, 24]],

[ 55, 55, 0,[ 31, 90, 24]],

[ 26, 65, 0,[ 44, 39, 15]],

[ 1, 25, 0,[ 75, 2, 63]],

[ 97, 85, 0,[ 15, 56]],

[ 34, 5, 0,[ 45, 59]],

[ 99, 65, 0,[ 95, 18, 46]],

[ 35, 5, 0,[ 52, 8, 78]],

[ 22, 95, 1,[ 96, 3, 98, 50, 48, 89]],

[ 44, 65, 0,[ 28, 64, 9, 26, 47, 78]],

[ 96, 5, 0,[ 54, 22, 62, 72]],

[ 65, 65, 0,[ 47, 45, 4]],

[ 45, 5, 1,[ 65, 34, 24, 91]],

[ 90, 55, 1,[ 53, 55, 27]],

[ 73, 15, 1,[ 62, 86, 42, 74]],

[ 37, 45, 1,[ 42, 98, 69]],

[ 31, 15, 1,[ 43, 95, 7, 55]],

[ 10, 75, 1,[ 69, 59, 19, 71]],

[ 67, 65, 0,[ 32, 11, 56]],

[ 48, 15, 0,[ 60, 22, 91]],

[ 16, 5, 1,[ 33, 20, 14]],

[ 71, 85, 1,[ 10, 87, 3]],

[ 19, 95, 1,[ 87, 10, 58]],

[ 21, 55, 1,[ 32, 49, 82]],

[ 57, 95, 1,[ 6, 40, 38, 0]],

[ 75, 25, 1,[ 85, 4, 11, 1, 80]],

[ 70, 65, 1,[ 62, 17, 2]],

[ 63, 85, 1,[ 1, 30, 36]],

[ 53, 15, 1,[ 76, 18, 90]],

[ 32, 65, 1,[ 33, 67, 21]],

[ 84, 5, 0,[ 66, 74, 42]],

[ 66, 25, 0,[ 84, 83, 79]],

[ 72, 5, 1,[ 96, 61, 78]],

[ 59, 95, 1,[ 81, 34, 10]],

[ 46, 65, 1,[ 64, 91, 99]],

[ 82, 5, 1,[ 49, 77, 88, 21]],

[ 0, 75, 0,[ 4, 11, 12, 57]],

[ 18, 25, 0,[ 53, 85, 30, 99, 79]],

[ 50, 95, 0,[ 14, 22, 54]],

[ 85, 65, 1,[ 18, 98, 41, 75, 43]],

[ 9, 15, 0,[ 13, 44, 92, 91]],

[ 17, 85, 0,[ 88, 70, 61]],

[ 39, 25, 1,[ 26, 36]],

[ 91, 15, 1,[ 45, 9, 87, 46, 48]],

[ 3, 25, 1,[ 71, 77, 22]],

[ 60, 55, 1,[ 48, 40, 38, 2]],

[ 20, 5, 0,[ 16, 83, 23, 92]],

[ 56, 85, 1,[ 86, 97, 67, 29]],

[ 80, 5, 0,[ 75, 15, 58]],

[ 58, 5, 0,[ 12, 19, 89, 80]],

[ 88, 5, 1,[ 82, 17, 38, 33, 11]],

[ 36, 15, 1,[ 77, 39, 63, 5]],

[ 47, 65, 0,[ 95, 65, 44]],

[ 51, 5, 1,[ 4, 41, 28, 5]],

[ 14, 45, 1,[ 50, 16, 49]],

[ 64, 65, 0,[ 95, 46, 44]],

[ 93, 75, 0,[ 61, 98, 15]],

[ 8, 5, 0,[ 35, 94, 79, 92]],

[ 42, 5, 1,[ 73, 37, 84]],

[ 13, 5, 0,[ 6, 9, 78]],

[ 43, 85, 0,[ 85, 31, 61]],

[ 5, 15, 0,[ 51, 36, 86]],

[ 40, 95, 0,[ 87, 60, 57]],

[ 74, 45, 1,[ 73, 41, 84]],

[ 77, 25, 0,[ 82, 3, 36]],

[ 92, 5, 0,[ 20, 9, 8]],

[ 89, 95, 0,[ 58, 76, 22, 12]],

[ 86, 55, 1,[ 54, 56, 73, 5]],

[ 41, 35, 1,[ 85, 51, 25, 74]],

[ 94, 75, 1,[ 23, 8, 95]],

[ 27, 95, 1,[ 61, 90, 69]],

[ 81, 85, 0,[ 68, 6, 25, 59]],

[ 79, 25, 0,[ 18, 66, 68, 8]],

