[ 51, 75, 0,[ 33, 2, 48]],

[ 40, 5, 0,[ 86, 90, 77]],

[ 89, 75, 0,[ 23, 39, 22, 59]],

[ 57, 25, 1,[ 93, 52, 6, 31, 79, 67, 12, 14, 27, 17, 81, 85, 76, 73, 78, 7, 28, 1, 95, 0, 41, 83, 68, 18, 30, 62]],

[ 58, 75, 0,[ 83, 9, 10]],

[ 64, 5, 0,[ 39, 28]],

[ 46, 75, 0,[ 74, 5, 94]],

[ 43, 75, 0,[ 74, 22, 39]],

[ 68, 5, 0,[ 39, 67, 57, 44]],

[ 98, 5, 1,[ 84, 48, 20, 88]],

[ 25, 5, 1,[ 69, 73, 74]],

[ 32, 75, 0,[ 74, 37, 4, 99, 50]],

[ 39, 95, 1,[ 16, 84, 70, 9, 8, 61, 45, 31, 86, 68, 64, 87, 78, 21, 42, 43, 26, 53, 81, 62, 28, 14, 66, 89, 55, 75, 63, 50, 41, 65, 96, 85]],

[ 99, 5, 0,[ 74, 69, 32]],

[ 34, 75, 0,[ 91, 38, 22]],

[ 33, 75, 0,[ 51, 66, 16, 48, 91]],

[ 47, 75, 0,[ 49, 74, 2, 77]],

[ 0, 75, 0,[ 48, 65, 57]],

[ 36, 75, 0,[ 93, 21, 71]],

[ 59, 75, 0,[ 48, 89, 22]],

[ 27, 75, 0,[ 57, 6, 48, 72]],

[ 5, 75, 0,[ 46, 15]],

[ 77, 75, 0,[ 74, 47, 40]],

[ 73, 75, 0,[ 57, 25, 74]],

[ 13, 5, 0,[ 48, 96]],

[ 60, 75, 0,[ 70, 79, 20]],

[ 16, 75, 0,[ 22, 74, 39, 33]],

[ 70, 75, 0,[ 48, 39, 60]],

[ 74, 15, 1,[ 32, 82, 42, 6, 9, 86, 46, 23, 47, 97, 52, 3, 75, 92, 99, 67, 43, 73, 53, 94, 16, 56, 77, 25, 87]],

[ 35, 5, 0,[ 38, 24, 31, 22]],

[ 53, 5, 0,[ 71, 39, 74]],

[ 63, 5, 0,[ 19, 38, 39]],

[ 49, 75, 0,[ 52, 47, 22]],

[ 81, 5, 0,[ 39, 57, 90]],

[ 38, 5, 0,[ 34, 63, 35, 48]],

[ 2, 75, 0,[ 51, 18, 47, 22, 62]],

[ 10, 5, 1,[ 11, 58, 79, 29]],

[ 3, 75, 0,[ 23, 74]],

[ 83, 75, 0,[ 58, 57, 37, 15]],

[ 11, 75, 0,[ 22, 20, 10]],

[ 37, 75, 0,[ 32, 83, 90, 7, 54]],

[ 41, 5, 0,[ 39, 90, 57]],

[ 86, 5, 0,[ 74, 40, 39]],

[ 79, 75, 0,[ 57, 10, 60]],

[ 84, 75, 0,[ 98, 39]],

[ 78, 75, 0,[ 48, 57, 30, 39]],

[ 22, 75, 1,[ 59, 34, 61, 8, 89, 19, 2, 35, 72, 11, 49, 43, 16, 20, 54, 14, 42, 91, 71, 88]],

[ 15, 75, 0,[ 83, 30, 5, 26, 90, 45]],

[ 9, 75, 0,[ 58, 74, 39]],

[ 54, 75, 0,[ 37, 22, 48]],

[ 93, 75, 0,[ 36, 90, 29, 57, 48]],

[ 62, 75, 0,[ 44, 94, 39, 57, 2]],

[ 66, 75, 0,[ 85, 39, 33]],

[ 6, 75, 0,[ 80, 57, 74, 24, 27]],

[ 75, 75, 0,[ 39, 74]],

[ 87, 5, 0,[ 74, 39, 48]],

[ 50, 75, 0,[ 90, 32, 39]],

[ 20, 75, 0,[ 98, 22, 11, 60]],

[ 19, 75, 0,[ 22, 48, 63]],

[ 69, 5, 1,[ 97, 21, 25, 48, 99]],

[ 23, 75, 0,[ 89, 3, 74]],

[ 90, 75, 1,[ 15, 50, 41, 4, 81, 55, 37, 40, 44, 93, 97]],

[ 80, 75, 0,[ 45, 71, 6]],

[ 55, 75, 0,[ 48, 90, 39]],

[ 61, 75, 0,[ 48, 22, 39]],

[ 26, 75, 0,[ 48, 39, 15]],

[ 48, 85, 1,[ 19, 1, 93, 29, 61, 59, 54, 82, 69, 27, 0, 51, 70, 26, 65, 95, 55, 98, 24, 33, 92, 4, 88, 78, 17, 87, 38, 13]],

[ 96, 75, 0,[ 13, 18, 39]],

[ 21, 75, 0,[ 36, 69, 39]],

[ 44, 5, 0,[ 62, 68, 90]],

[ 17, 75, 0,[ 48, 57]],

[ 30, 75, 0,[ 78, 15, 57]],

[ 82, 5, 0,[ 48, 88, 74]],

[ 1, 75, 0,[ 97, 48, 57]],

[ 94, 75, 0,[ 46, 74, 62]],

[ 67, 75, 0,[ 57, 68, 74]],

[ 71, 75, 0,[ 22, 53, 36, 80]],

[ 91, 75, 0,[ 33, 22, 34]],

[ 95, 5, 0,[ 48, 8, 57]],

[ 24, 5, 0,[ 48, 6, 35]],

[ 18, 75, 0,[ 57, 96, 2]],

[ 92, 75, 0,[ 48, 74, 56]],

[ 52, 75, 0,[ 49, 74, 57]],

[ 31, 5, 0,[ 57, 39, 35]],

[ 45, 75, 0,[ 39, 80, 15]],

[ 42, 75, 0,[ 39, 74, 22]],

[ 56, 75, 0,[ 76, 92, 74]],

[ 14, 5, 0,[ 57, 22, 39]],

[ 85, 5, 0,[ 57, 66, 39]],

[ 28, 75, 0,[ 64, 57, 39]],

[ 29, 75, 0,[ 93, 10, 48]],

[ 97, 5, 0,[ 1, 69, 90, 74, 76]],

[ 88, 5, 0,[ 82, 22, 98, 48]],

[ 72, 75, 0,[ 22, 27]],

[ 7, 75, 0,[ 57, 37, 12]],

[ 4, 75, 0,[ 32, 90, 48]],

[ 8, 5, 0,[ 39, 95, 22]],

[ 12, 75, 0,[ 7, 57]],

[ 76, 75, 0,[ 56, 97, 57]],

[ 65, 75, 0,[ 0, 48, 39]],

