[ 71, 95, 0,[ 11, 19, 99]],

[ 82, 35, 0,[ 72, 99, 85, 12]],

[ 17, 35, 0,[ 35, 80, 53, 37]],

[ 3, 45, 1,[ 14, 53, 47, 78]],

[ 21, 75, 0,[ 15, 49]],

[ 92, 35, 1,[ 58, 12, 26]],

[ 37, 35, 0,[ 17, 42, 0, 26]],

[ 48, 95, 0,[ 83, 29, 60]],

[ 88, 95, 0,[ 98, 19]],

[ 14, 95, 0,[ 81, 3, 65]],

[ 40, 25, 1,[ 91, 41, 68, 93, 38, 2]],

[ 41, 95, 0,[ 34, 40, 29]],

[ 73, 35, 0,[ 64, 97, 98, 80]],

[ 86, 15, 0,[ 72, 2, 6, 13, 29]],

[ 83, 25, 0,[ 48, 10, 97, 89]],

[ 91, 35, 0,[ 40, 11, 28]],

[ 9, 45, 1,[ 66, 84, 59]],

[ 84, 85, 1,[ 9, 8, 42]],

[ 31, 15, 0,[ 76, 80, 74]],

[ 39, 95, 0,[ 47, 35, 43]],

[ 26, 45, 1,[ 92, 16, 37, 79, 70]],

[ 78, 35, 1,[ 77, 90, 3]],

[ 12, 5, 1,[ 24, 82, 42, 52, 92]],

[ 8, 95, 1,[ 84, 65]],

[ 81, 15, 1,[ 14, 52, 33, 36]],

[ 13, 25, 1,[ 75, 86, 33, 90, 64, 74, 35]],

[ 94, 25, 0,[ 34, 76, 43]],

[ 72, 35, 0,[ 82, 86, 29]],

[ 55, 95, 1,[ 95, 77, 52, 18]],

[ 77, 95, 1,[ 51, 55, 78]],

[ 64, 35, 1,[ 13, 73, 58]],

[ 79, 55, 1,[ 26, 76, 56, 95, 5]],

[ 93, 95, 0,[ 62, 40, 45]],

[ 47, 85, 1,[ 63, 3, 39, 44, 51]],

[ 87, 35, 0,[ 15, 90, 49]],

[ 11, 75, 1,[ 71, 27, 30, 91]],

[ 15, 75, 1,[ 87, 75, 74, 49, 21]],

[ 65, 25, 1,[ 34, 8, 14, 22]],

[ 57, 85, 0,[ 6, 44, 66]],

[ 74, 25, 0,[ 31, 15, 13]],

[ 56, 85, 0,[ 45, 79, 80]],

[ 80, 85, 1,[ 76, 31, 17, 56, 73]],

[ 25, 35, 0,[ 23, 66, 76]],

[ 52, 85, 1,[ 12, 55, 81]],

[ 19, 95, 0,[ 88, 71, 34]],

[ 50, 95, 1,[ 66, 68, 24]],

[ 62, 35, 1,[ 33, 18, 93]],

[ 6, 5, 1,[ 38, 70, 86, 57]],

[ 99, 25, 1,[ 82, 71, 28]],

[ 59, 35, 0,[ 9, 1, 22, 16]],

[ 34, 95, 1,[ 41, 65, 94, 19, 38]],

[ 69, 85, 0,[ 68, 32, 97]],

[ 36, 35, 0,[ 30, 61, 81]],

[ 18, 75, 1,[ 62, 55, 22]],

[ 5, 95, 1,[ 79, 63, 7]],

[ 96, 35, 1,[ 61, 7, 20]],

[ 60, 35, 0,[ 46, 48, 7]],

[ 20, 55, 1,[ 96, 1, 23]],

[ 68, 35, 1,[ 40, 69, 75, 50]],

[ 23, 95, 0,[ 70, 20, 25]],

[ 46, 15, 1,[ 1, 61, 60]],

[ 2, 15, 1,[ 67, 40, 86]],

[ 28, 95, 0,[ 89, 91, 99]],

[ 22, 35, 0,[ 65, 95, 18, 59]],

[ 1, 25, 1,[ 46, 59, 63, 20]],

[ 35, 65, 1,[ 54, 17, 32, 39, 13]],

[ 70, 75, 0,[ 6, 23, 26]],

[ 33, 35, 0,[ 13, 62, 81]],

[ 44, 95, 1,[ 47, 57, 75]],

[ 7, 75, 1,[ 45, 5, 53, 60, 96]],

[ 97, 75, 1,[ 69, 73, 83]],

[ 16, 95, 0,[ 59, 26, 4]],

[ 85, 95, 0,[ 82, 61]],

[ 45, 95, 0,[ 7, 93, 56]],

[ 58, 35, 1,[ 92, 67, 64]],

[ 49, 85, 1,[ 87, 15, 98, 21, 4]],

[ 10, 85, 0,[ 89, 83, 51]],

[ 38, 95, 0,[ 40, 34, 6]],

[ 75, 35, 0,[ 44, 98, 13, 68, 15]],

[ 54, 95, 1,[ 35, 30]],

[ 67, 35, 1,[ 58, 32, 43, 2]],

[ 90, 35, 0,[ 87, 78, 13]],

[ 76, 65, 1,[ 79, 80, 31, 94, 25]],

[ 53, 25, 0,[ 7, 3, 17]],

[ 27, 35, 0,[ 0, 11]],

[ 24, 35, 0,[ 12, 4, 50]],

[ 43, 15, 1,[ 30, 67, 94, 39]],

[ 95, 95, 0,[ 55, 79, 22]],

[ 89, 55, 1,[ 28, 83, 10]],

[ 42, 35, 0,[ 37, 84, 12]],

[ 61, 45, 1,[ 46, 96, 85, 36]],

[ 32, 15, 0,[ 67, 35, 69]],

[ 29, 65, 1,[ 86, 41, 72, 48]],

[ 30, 95, 0,[ 11, 43, 54, 36]],

[ 51, 85, 0,[ 77, 47, 10]],

[ 4, 55, 1,[ 16, 49, 24]],

[ 98, 85, 0,[ 75, 88, 49, 73]],

[ 66, 85, 1,[ 25, 57, 9, 0, 50]],

[ 63, 35, 0,[ 5, 1, 47]],

[ 0, 55, 1,[ 37, 27, 66]],

