[ 53, 35, 0,[ 67, 62, 99]],

[ 31, 35, 0,[ 94, 20, 26]],

[ 86, 55, 0,[ 54, 55, 63, 95]],

[ 71, 85, 0,[ 54, 23, 24]],

[ 39, 25, 0,[ 97, 83, 68]],

[ 75, 5, 0,[ 32, 44, 60]],

[ 65, 55, 1,[ 14, 10, 32, 63]],

[ 35, 95, 1,[ 50, 79]],

[ 12, 95, 1,[ 64, 27, 93, 58]],

[ 41, 35, 0,[ 30, 34, 22]],

[ 13, 35, 0,[ 17, 99, 82]],

[ 46, 55, 1,[ 33, 89, 59]],

[ 3, 95, 0,[ 72, 74, 62]],

[ 73, 65, 0,[ 83, 78, 92]],

[ 93, 55, 1,[ 18, 48, 12, 89]],

[ 74, 95, 0,[ 29, 36, 30, 61, 3]],

[ 89, 35, 1,[ 93, 46, 57, 88]],

[ 10, 95, 0,[ 92, 65, 47]],

[ 88, 85, 0,[ 47, 66, 89]],

[ 98, 35, 0,[ 24, 44, 47, 82]],

[ 92, 95, 1,[ 5, 10, 55, 73]],

[ 62, 35, 1,[ 56, 3, 14, 53, 52]],

[ 59, 45, 0,[ 7, 2, 67, 46]],

[ 56, 55, 0,[ 87, 62, 5, 70]],

[ 19, 5, 0,[ 94, 1, 66]],

[ 66, 85, 1,[ 88, 90, 51, 72, 70, 22, 19]],

[ 91, 5, 0,[ 84, 94, 21]],

[ 8, 5, 1,[ 20, 49, 47]],

[ 26, 95, 1,[ 83, 84, 31]],

[ 77, 85, 1,[ 82, 40, 94, 9, 16]],

[ 55, 75, 1,[ 92, 15, 86]],

[ 33, 85, 0,[ 24, 84, 46]],

[ 82, 35, 0,[ 77, 98, 90, 6, 13]],

[ 4, 75, 1,[ 38, 52, 45, 40]],

[ 29, 35, 1,[ 36, 74, 32]],

[ 54, 85, 1,[ 99, 71, 43, 63, 86]],

[ 60, 5, 0,[ 75, 21]],

[ 64, 25, 1,[ 43, 81, 12]],

[ 21, 5, 0,[ 91, 68, 60, 49]],

[ 20, 65, 1,[ 94, 31, 16, 76, 8]],

[ 32, 5, 0,[ 65, 61, 29, 75]],

[ 81, 95, 1,[ 97, 64, 7]],

[ 79, 5, 1,[ 42, 70, 35]],

[ 49, 5, 1,[ 28, 21, 96, 8]],

[ 90, 25, 0,[ 82, 40, 66]],

[ 14, 5, 0,[ 69, 62, 65]],

[ 83, 45, 0,[ 73, 26, 39, 47]],

[ 5, 55, 1,[ 52, 92, 56, 45]],

[ 78, 55, 0,[ 6, 28, 73]],

[ 37, 95, 0,[ 6, 96, 11]],

[ 69, 45, 0,[ 14, 50, 68, 2]],

[ 1, 5, 0,[ 27, 25, 19, 24]],

[ 0, 75, 1,[ 50, 57, 80]],

[ 25, 95, 0,[ 23, 1, 50]],

[ 84, 95, 1,[ 76, 91, 26, 33]],

[ 47, 45, 1,[ 38, 83, 10, 88, 98, 8]],

[ 99, 25, 1,[ 54, 13, 11, 53]],

[ 67, 65, 1,[ 53, 28, 59, 30]],

[ 28, 35, 1,[ 78, 23, 67, 49, 70]],

[ 48, 55, 0,[ 93, 42]],

[ 22, 85, 0,[ 41, 66, 52]],

[ 34, 45, 1,[ 7, 41, 68, 43]],

[ 52, 95, 1,[ 43, 5, 62, 22, 4]],

[ 24, 85, 0,[ 58, 71, 96, 1, 98, 33]],

[ 38, 5, 0,[ 47, 4, 45]],

[ 17, 35, 1,[ 13, 95, 18]],

[ 87, 55, 0,[ 56, 68, 7]],

[ 76, 15, 1,[ 84, 20, 16]],

[ 23, 95, 0,[ 51, 25, 28, 9, 71]],

[ 58, 45, 1,[ 44, 24, 12]],

[ 95, 55, 0,[ 17, 94, 86]],

[ 30, 95, 0,[ 67, 41, 74]],

[ 36, 35, 0,[ 29, 57, 97, 74]],

[ 43, 15, 1,[ 52, 34, 64, 54]],

[ 7, 5, 1,[ 87, 34, 80, 81, 59]],

[ 45, 55, 0,[ 38, 5, 61, 4]],

[ 2, 45, 1,[ 68, 69, 59]],

[ 16, 5, 0,[ 77, 76, 20]],

[ 94, 55, 1,[ 31, 91, 95, 20, 77, 19]],

[ 50, 65, 1,[ 51, 0, 35, 69, 25]],

[ 61, 65, 1,[ 74, 32, 45]],

[ 72, 95, 0,[ 3, 66]],

[ 97, 5, 1,[ 36, 68, 39, 81]],

[ 27, 65, 1,[ 44, 12, 80, 1]],

[ 51, 55, 0,[ 66, 23, 50]],

[ 6, 95, 1,[ 82, 37, 78]],

[ 44, 95, 1,[ 75, 98, 58, 11, 27]],

[ 40, 5, 1,[ 4, 90, 77]],

[ 18, 85, 0,[ 93, 85, 17]],

[ 63, 55, 0,[ 54, 65, 86]],

[ 96, 25, 1,[ 24, 37, 49]],

[ 70, 55, 0,[ 66, 28, 79, 56]],

[ 80, 55, 1,[ 0, 7, 27]],

[ 11, 75, 1,[ 99, 44, 37]],

[ 85, 85, 0,[ 9, 15, 18]],

[ 15, 25, 1,[ 55, 85, 42]],

[ 42, 5, 0,[ 15, 48, 79]],

[ 57, 35, 0,[ 0, 36, 89]],

[ 68, 25, 1,[ 34, 2, 97, 69, 21, 39, 87]],

[ 9, 75, 1,[ 85, 23, 77]],

