[ 18, 85, 0,[ 3, 34, 43]],

[ 12, 25, 0,[ 50, 83, 36, 51, 33, 22]],

[ 19, 25, 0,[ 83, 14, 20, 39]],

[ 87, 75, 0,[ 55, 43, 9]],

[ 84, 5, 0,[ 44, 48, 61, 28]],

[ 35, 75, 0,[ 33, 98, 72]],

[ 4, 85, 0,[ 76, 50, 69]],

[ 20, 95, 0,[ 47, 69, 1, 19]],

[ 8, 25, 0,[ 7, 83]],

[ 5, 95, 0,[ 82, 30, 94, 74, 62]],

[ 98, 35, 0,[ 65, 93, 37, 35, 26, 58]],

[ 96, 95, 0,[ 76, 40, 15]],

[ 48, 5, 0,[ 84, 26, 57]],

[ 77, 5, 0,[ 40, 73, 41, 29, 16]],

[ 66, 95, 0,[ 39, 14, 3, 91, 73]],

[ 23, 5, 0,[ 13, 90, 0, 7]],

[ 1, 95, 0,[ 64, 57, 20, 25, 94, 74]],

[ 46, 85, 0,[ 37, 63, 38, 17]],

[ 99, 95, 0,[ 45, 95, 40]],

[ 80, 85, 0,[ 60, 49, 38, 27]],

[ 17, 5, 0,[ 38, 46, 61]],

[ 93, 85, 0,[ 75, 44, 98]],

[ 47, 95, 0,[ 20, 13, 0]],

[ 54, 95, 0,[ 50, 28, 63, 76, 78]],

[ 62, 95, 0,[ 44, 5, 75]],

[ 10, 85, 0,[ 30, 11, 53, 69]],

[ 0, 95, 1,[ 56, 47, 23]],

[ 68, 5, 0,[ 88, 36, 89]],

[ 72, 75, 0,[ 83, 95, 35, 11]],

[ 91, 85, 0,[ 43, 66, 6]],

[ 6, 85, 1,[ 86, 85, 91]],

[ 13, 75, 0,[ 21, 47, 33, 23]],

[ 39, 85, 0,[ 89, 66, 19, 45]],

[ 94, 95, 0,[ 26, 5, 1, 3]],

[ 28, 95, 0,[ 84, 74, 54]],

[ 29, 95, 0,[ 60, 81, 70, 77]],

[ 42, 25, 0,[ 82, 59, 69]],

[ 22, 5, 0,[ 63, 90, 12]],

[ 89, 15, 1,[ 2, 39, 68, 7]],

[ 73, 5, 0,[ 59, 66, 77]],

[ 15, 95, 0,[ 24, 96]],

[ 63, 5, 0,[ 22, 54, 46]],

[ 76, 95, 0,[ 21, 54, 96, 4]],

[ 26, 35, 1,[ 97, 56, 98, 48, 94]],

[ 55, 5, 0,[ 27, 87, 44]],

[ 82, 95, 0,[ 65, 42, 5]],

[ 51, 45, 0,[ 12, 36, 81, 25]],

[ 78, 5, 0,[ 67, 88, 54]],

[ 30, 95, 0,[ 10, 5, 41]],

[ 49, 95, 0,[ 21, 80, 64]],

[ 67, 5, 0,[ 32, 11, 61, 78]],

[ 45, 85, 0,[ 99, 39, 71, 58]],

[ 40, 5, 0,[ 99, 61, 96, 77]],

[ 56, 35, 0,[ 0, 26, 92]],

[ 79, 85, 0,[ 70, 52, 81]],

[ 32, 5, 0,[ 67, 75, 44, 88]],

[ 86, 5, 0,[ 6, 41, 64]],

[ 70, 95, 0,[ 90, 79, 29]],

[ 60, 95, 0,[ 29, 80, 25]],

[ 74, 95, 0,[ 59, 1, 28, 5]],

[ 14, 25, 0,[ 37, 66, 19]],

[ 58, 35, 0,[ 81, 98, 45]],

[ 65, 95, 0,[ 82, 98, 7]],

[ 16, 5, 0,[ 2, 90, 77]],

[ 81, 45, 1,[ 79, 3, 51, 29, 25, 58]],

[ 50, 25, 0,[ 85, 34, 4, 12, 54]],

[ 37, 25, 0,[ 14, 46, 98]],

[ 83, 25, 0,[ 72, 12, 8, 19]],

[ 64, 95, 0,[ 49, 1, 86, 52, 31]],

[ 33, 75, 0,[ 12, 35, 92, 13]],

[ 21, 75, 0,[ 49, 76, 13]],

[ 95, 95, 0,[ 99, 72, 85]],

[ 75, 85, 0,[ 32, 62, 93]],

[ 3, 95, 0,[ 81, 31, 94, 18, 66]],

[ 57, 25, 0,[ 1, 59, 48]],

[ 90, 5, 0,[ 70, 23, 16, 22]],

[ 34, 85, 0,[ 9, 18, 50]],

[ 25, 45, 0,[ 1, 81, 51, 60]],

[ 85, 95, 0,[ 6, 50, 95]],

[ 36, 25, 0,[ 12, 68, 51]],

[ 53, 85, 0,[ 41, 43, 10]],

[ 43, 85, 0,[ 18, 53, 87, 91]],

[ 52, 85, 0,[ 64, 79, 9]],

[ 2, 25, 1,[ 9, 16, 59, 11, 89]],

[ 38, 85, 0,[ 46, 17, 80]],

[ 9, 75, 1,[ 34, 87, 2, 52]],

[ 59, 25, 0,[ 73, 57, 74, 2, 42, 92, 71]],

[ 24, 95, 0,[ 27, 15, 31]],

[ 44, 5, 1,[ 93, 62, 32, 71, 55, 84]],

[ 41, 5, 0,[ 30, 77, 53, 86]],

[ 88, 5, 0,[ 78, 68, 32]],

[ 31, 95, 0,[ 3, 24, 64]],

[ 97, 85, 0,[ 27, 26, 11]],

[ 92, 25, 0,[ 59, 33, 56]],

[ 27, 85, 0,[ 24, 55, 80, 97]],

[ 69, 85, 0,[ 20, 4, 10, 42]],

[ 11, 5, 1,[ 2, 72, 67, 10, 97]],

[ 71, 5, 0,[ 59, 45, 44]],

[ 61, 5, 0,[ 84, 67, 40, 17]],

[ 7, 5, 1,[ 8, 23, 89, 65]],

