[ 57, 55, 0,[ 71, 9, 95]],

[ 99, 55, 0,[ 55, 63, 62]],

[ 52, 55, 0,[ 2, 7, 21, 58]],

[ 93, 55, 0,[ 84, 60, 2, 26]],

[ 46, 55, 0,[ 58, 85, 8, 63, 65]],

[ 64, 55, 0,[ 16, 25, 4]],

[ 28, 55, 0,[ 31, 55, 59, 18]],

[ 48, 55, 0,[ 39, 5, 23]],

[ 58, 55, 0,[ 46, 39, 52]],

[ 23, 55, 0,[ 98, 48, 66]],

[ 73, 55, 0,[ 59, 43, 26]],

[ 3, 55, 0,[ 19, 59, 2, 82]],

[ 47, 55, 0,[ 66, 36, 37, 18, 94, 49]],

[ 16, 55, 0,[ 78, 69, 19, 64]],

[ 41, 55, 0,[ 79, 25, 26]],

[ 82, 55, 0,[ 37, 3, 62]],

[ 21, 55, 0,[ 87, 38, 88, 52, 15, 11]],

[ 50, 55, 0,[ 86, 96, 76, 13, 22, 81]],

[ 87, 55, 0,[ 6, 21, 9]],

[ 63, 55, 0,[ 99, 46, 11, 44]],

[ 77, 55, 0,[ 68, 1, 20]],

[ 8, 85, 1,[ 94, 46, 35]],

[ 49, 55, 0,[ 13, 0, 47]],

[ 71, 55, 0,[ 22, 35, 57]],

[ 65, 55, 1,[ 46, 0, 20, 53]],

[ 69, 55, 0,[ 16, 14, 10, 45]],

[ 95, 55, 0,[ 91, 57, 68]],

[ 86, 55, 0,[ 34, 50, 20, 70]],

[ 39, 55, 0,[ 30, 58, 25, 48, 38]],

[ 10, 55, 0,[ 69, 37, 80]],

[ 94, 55, 0,[ 47, 33, 8, 85]],

[ 7, 55, 1,[ 52, 75, 42, 76]],

[ 81, 55, 1,[ 43, 92, 90, 50]],

[ 32, 55, 0,[ 75, 79, 45]],

[ 9, 55, 0,[ 68, 87, 57]],

[ 12, 55, 0,[ 92, 84, 29]],

[ 89, 55, 0,[ 75, 80, 67]],

[ 59, 55, 0,[ 36, 91, 3, 73, 28, 74]],

[ 38, 55, 0,[ 21, 39, 6]],

[ 79, 55, 0,[ 41, 11, 32]],

[ 25, 55, 0,[ 41, 39, 98, 64]],

[ 11, 65, 1,[ 21, 61, 18, 63, 79, 22]],

[ 19, 55, 0,[ 3, 54, 16, 84]],

[ 1, 55, 0,[ 45, 77, 5]],

[ 42, 55, 0,[ 17, 7, 83]],

[ 61, 55, 0,[ 29, 11, 78]],

[ 67, 55, 0,[ 89, 35, 68, 44]],

[ 62, 55, 0,[ 99, 82, 60]],

[ 76, 55, 0,[ 88, 50, 7, 80]],

[ 36, 55, 0,[ 59, 47, 66]],

[ 6, 55, 0,[ 54, 38, 56, 40, 87]],

[ 24, 55, 0,[ 0, 72, 70]],

[ 26, 65, 1,[ 93, 73, 41, 91]],

[ 44, 55, 0,[ 63, 4, 67]],

[ 22, 55, 0,[ 11, 71, 50]],

[ 91, 55, 0,[ 26, 95, 59, 97]],

[ 20, 55, 0,[ 77, 86, 43, 65, 34]],

[ 14, 55, 0,[ 69, 74, 54]],

[ 90, 55, 0,[ 81, 78, 98]],

[ 75, 55, 0,[ 56, 89, 32, 7]],

[ 68, 55, 0,[ 78, 95, 72, 4, 9, 77, 67]],

[ 15, 55, 0,[ 85, 21, 27]],

[ 5, 55, 0,[ 1, 48, 97, 37]],

[ 13, 55, 0,[ 37, 50, 96, 49]],

[ 40, 55, 0,[ 6, 51, 60]],

[ 60, 55, 0,[ 62, 40, 27, 83, 93]],

[ 30, 55, 0,[ 39, 34, 33]],

[ 56, 55, 0,[ 96, 75, 6]],

[ 70, 55, 0,[ 86, 24]],

[ 2, 55, 1,[ 53, 3, 93, 52, 88]],

[ 34, 55, 0,[ 86, 30, 20]],

[ 18, 55, 0,[ 11, 47, 28]],

[ 83, 55, 0,[ 42, 66, 60]],

[ 29, 55, 0,[ 55, 78, 12, 61]],

[ 17, 55, 0,[ 0, 42, 98]],

[ 45, 55, 0,[ 1, 32, 51, 69]],

[ 78, 55, 0,[ 29, 61, 68, 16, 90]],

[ 98, 55, 0,[ 25, 23, 90, 17]],

[ 33, 55, 0,[ 30, 94, 35]],

[ 4, 55, 1,[ 44, 64, 85, 68]],

[ 88, 55, 0,[ 21, 76, 2]],

[ 35, 55, 0,[ 67, 71, 33, 8]],

[ 80, 55, 0,[ 89, 10, 27, 76]],

[ 53, 55, 0,[ 65, 97, 2]],

[ 55, 55, 0,[ 99, 28, 54, 29]],

[ 31, 55, 0,[ 66, 28, 0]],

[ 72, 55, 0,[ 24, 51, 68]],

[ 0, 55, 1,[ 31, 65, 66, 49, 24, 17]],

[ 96, 55, 0,[ 56, 13, 50, 92]],

[ 27, 55, 0,[ 15, 80, 60]],

[ 66, 55, 0,[ 74, 31, 47, 0, 36, 83, 23]],

[ 37, 55, 0,[ 5, 13, 47, 82, 10]],

[ 43, 55, 0,[ 20, 73, 81]],

[ 97, 55, 0,[ 91, 5, 53]],

[ 85, 55, 0,[ 94, 15, 4, 46]],

[ 51, 55, 0,[ 40, 45, 72]],

[ 74, 55, 0,[ 59, 14, 66]],

[ 54, 55, 1,[ 19, 6, 55, 14]],

[ 84, 55, 0,[ 19, 93, 12]],

[ 92, 55, 0,[ 81, 96, 12]],

