[ 17, 75, 1,[ 6, 77, 68]],

[ 44, 5, 0,[ 78, 27, 86]],

[ 75, 75, 1,[ 7, 99, 87]],

[ 11, 85, 0,[ 85, 38, 10, 14]],

[ 16, 25, 0,[ 0, 79, 7]],

[ 83, 95, 1,[ 71, 56, 55]],

[ 63, 45, 1,[ 70, 37, 8]],

[ 10, 85, 1,[ 68, 11, 77]],

[ 38, 65, 1,[ 36, 42, 11]],

[ 27, 5, 0,[ 6, 84, 49, 44]],

[ 96, 5, 0,[ 66, 82, 62]],

[ 95, 15, 1,[ 58, 59, 62, 45]],

[ 9, 25, 0,[ 93, 79, 29]],

[ 98, 15, 1,[ 47, 45, 15]],

[ 31, 25, 1,[ 36, 18, 26]],

[ 3, 25, 0,[ 91, 51, 49]],

[ 47, 25, 0,[ 98, 50, 76]],

[ 21, 15, 1,[ 42, 4, 33]],

[ 59, 5, 1,[ 22, 1, 95]],

[ 86, 55, 1,[ 70, 44, 91]],

[ 2, 45, 0,[ 30, 39, 71]],

[ 34, 45, 0,[ 35, 64, 0]],

[ 26, 25, 0,[ 31, 90, 52, 72]],

[ 88, 45, 1,[ 65, 42, 24, 89]],

[ 91, 35, 1,[ 41, 86, 3]],

[ 6, 5, 0,[ 69, 82, 27, 17, 46]],

[ 85, 85, 1,[ 94, 32, 11, 12]],

[ 74, 65, 1,[ 57, 14, 52, 1]],

[ 80, 65, 0,[ 67, 25, 62]],

[ 7, 65, 0,[ 16, 5, 20, 14, 75]],

[ 66, 25, 0,[ 96, 77, 29]],

[ 20, 65, 0,[ 99, 40, 7, 64]],

[ 93, 25, 0,[ 9, 51, 84]],

[ 33, 65, 1,[ 28, 21, 36]],

[ 78, 75, 1,[ 44, 87, 79]],

[ 43, 65, 0,[ 90, 60, 72]],

[ 4, 25, 0,[ 61, 57, 28, 21]],

[ 97, 95, 0,[ 50, 71, 60]],

[ 8, 65, 0,[ 12, 63, 61, 67]],

[ 14, 95, 1,[ 11, 7, 84, 74]],

[ 87, 15, 1,[ 19, 75, 78]],

[ 73, 35, 1,[ 22, 13]],

[ 24, 5, 1,[ 88, 55, 46, 41]],

[ 67, 65, 0,[ 80, 8, 36]],

[ 15, 25, 0,[ 72, 98, 40]],

[ 72, 25, 1,[ 15, 43, 26]],

[ 71, 45, 1,[ 97, 2, 83]],

[ 5, 5, 0,[ 7, 32]],

[ 51, 25, 1,[ 3, 65, 93]],

[ 89, 45, 0,[ 36, 88, 57]],

[ 53, 25, 1,[ 25, 76, 57]],

[ 65, 25, 0,[ 88, 51, 18]],

[ 90, 65, 1,[ 43, 28, 26]],

[ 82, 5, 1,[ 6, 92, 96]],

[ 50, 25, 0,[ 97, 47, 94]],

[ 29, 25, 0,[ 69, 54, 9, 66, 62]],

[ 30, 45, 1,[ 48, 1, 35, 2]],

[ 19, 75, 1,[ 48, 87, 54, 23]],

[ 55, 65, 0,[ 64, 83, 24]],

[ 32, 5, 1,[ 85, 41, 81, 5]],

[ 62, 65, 1,[ 80, 29, 95, 96, 68]],

[ 60, 95, 1,[ 81, 97, 43]],

[ 12, 65, 0,[ 8, 76, 23, 85]],

[ 54, 75, 0,[ 29, 37, 19]],

[ 22, 45, 1,[ 73, 59, 48, 13]],

[ 57, 45, 1,[ 53, 74, 94, 4, 89]],

[ 39, 95, 1,[ 2, 0, 48]],

[ 76, 25, 0,[ 12, 47, 61, 53]],

[ 23, 65, 1,[ 12, 19, 37]],

[ 41, 95, 1,[ 91, 24, 32, 37]],

[ 94, 25, 1,[ 57, 85, 50]],

[ 1, 45, 0,[ 25, 30, 59, 74]],

[ 70, 75, 1,[ 63, 56, 86]],

[ 99, 65, 0,[ 75, 20, 40]],

[ 77, 75, 0,[ 10, 66, 17]],

[ 37, 95, 1,[ 63, 23, 54, 41]],

[ 79, 25, 0,[ 16, 78, 9]],

[ 58, 5, 0,[ 95, 81, 92]],

[ 40, 65, 0,[ 20, 99, 15]],

[ 13, 35, 1,[ 84, 73, 22]],

[ 18, 25, 0,[ 69, 42, 31, 65]],

[ 48, 65, 1,[ 52, 19, 22, 39, 30]],

[ 42, 5, 1,[ 18, 88, 38, 21]],

[ 84, 35, 0,[ 93, 14, 27, 13]],

[ 49, 5, 0,[ 3, 27, 81]],

[ 35, 45, 0,[ 30, 81, 34]],

[ 25, 15, 1,[ 53, 1, 80]],

[ 61, 25, 0,[ 8, 76, 4]],

[ 64, 65, 0,[ 20, 55, 92, 34]],

[ 45, 45, 1,[ 95, 56, 98]],

[ 69, 25, 1,[ 6, 29, 18]],

[ 56, 35, 1,[ 70, 83, 45]],

[ 28, 35, 1,[ 33, 4, 90]],

[ 52, 65, 0,[ 74, 26, 48]],

[ 46, 5, 0,[ 24, 6]],

[ 36, 85, 1,[ 89, 67, 38, 31, 33]],

[ 92, 5, 0,[ 82, 64, 58]],

[ 81, 5, 0,[ 32, 35, 58, 49, 60]],

[ 68, 75, 0,[ 17, 10, 62]],

[ 0, 25, 0,[ 39, 34, 16]],

