[ 31, 85, 0,[ 7, 55, 8]],

[ 68, 85, 0,[ 62, 29, 15]],

[ 67, 85, 0,[ 20, 1, 75]],

[ 23, 85, 0,[ 93, 1, 56, 11]],

[ 92, 85, 0,[ 66, 12, 50]],

[ 54, 85, 0,[ 14, 66, 32]],

[ 75, 85, 0,[ 52, 67, 81]],

[ 99, 85, 0,[ 59, 71, 26]],

[ 96, 85, 0,[ 60, 25, 19]],

[ 35, 85, 0,[ 95, 72, 84, 24, 63]],

[ 14, 85, 0,[ 53, 34, 7, 54, 60]],

[ 48, 95, 1,[ 74, 10, 9, 3]],

[ 60, 85, 0,[ 25, 20, 14, 96]],

[ 91, 15, 1,[ 6, 58, 12, 69, 86, 24]],

[ 61, 85, 0,[ 0, 79, 49]],

[ 55, 85, 0,[ 81, 74, 31]],

[ 43, 85, 0,[ 30, 27, 29]],

[ 98, 5, 1,[ 45, 87, 12]],

[ 15, 85, 0,[ 68, 40, 7]],

[ 27, 85, 0,[ 76, 36, 41, 73, 43, 78]],

[ 97, 85, 0,[ 16, 52, 83]],

[ 74, 15, 1,[ 48, 55, 26, 45]],

[ 82, 85, 0,[ 94, 78, 11, 29]],

[ 76, 85, 0,[ 27, 39, 12]],

[ 16, 5, 1,[ 19, 97, 13]],

[ 22, 85, 0,[ 21, 3, 2]],

[ 81, 85, 0,[ 75, 57, 55]],

[ 18, 85, 0,[ 86, 51, 12]],

[ 57, 95, 1,[ 26, 17, 80, 81]],

[ 56, 85, 0,[ 77, 65, 23]],

[ 0, 85, 0,[ 61, 5, 47]],

[ 69, 85, 0,[ 4, 91, 87]],

[ 85, 85, 0,[ 46, 63, 65]],

[ 53, 85, 0,[ 14, 1, 3]],

[ 40, 85, 0,[ 87, 2, 15, 70]],

[ 28, 85, 0,[ 37, 93, 73, 95]],

[ 44, 85, 0,[ 20, 64, 39]],

[ 17, 85, 0,[ 90, 57, 80]],

[ 90, 85, 0,[ 17, 63, 42, 83]],

[ 77, 85, 0,[ 33, 56]],

[ 36, 85, 0,[ 52, 3, 27]],

[ 9, 85, 0,[ 48, 94, 32]],

[ 13, 85, 0,[ 20, 16, 52]],

[ 84, 85, 0,[ 89, 35, 30, 46]],

[ 83, 85, 0,[ 90, 37, 97]],

[ 2, 85, 0,[ 22, 52, 8, 40]],

[ 93, 85, 0,[ 72, 23, 28]],

[ 5, 85, 0,[ 50, 0, 51]],

[ 34, 85, 0,[ 87, 71, 62, 14]],

[ 32, 85, 0,[ 54, 9, 21]],

[ 3, 85, 0,[ 48, 36, 22, 53]],

[ 6, 85, 0,[ 91, 63, 79]],

[ 19, 25, 1,[ 16, 86, 70, 96]],

[ 70, 85, 0,[ 19, 64, 40]],

[ 30, 85, 0,[ 49, 84, 43, 25]],

[ 1, 85, 0,[ 50, 53, 23, 8, 67]],

[ 65, 85, 0,[ 56, 85, 47]],

[ 52, 85, 0,[ 75, 97, 13, 36, 2]],

[ 51, 85, 0,[ 5, 88, 18, 89]],

[ 62, 85, 0,[ 34, 68, 26]],

[ 41, 85, 0,[ 20, 10, 27]],

[ 79, 85, 0,[ 6, 61, 88]],

[ 86, 85, 0,[ 19, 91, 18, 58]],

[ 29, 85, 0,[ 82, 43, 68]],

[ 4, 85, 0,[ 69]],

[ 63, 85, 0,[ 47, 6, 90, 35, 94, 85]],

[ 89, 85, 0,[ 25, 51, 84]],

[ 10, 85, 0,[ 48, 38, 41]],

[ 24, 85, 0,[ 91, 33, 35]],

[ 78, 85, 0,[ 73, 82, 27]],

[ 26, 85, 0,[ 74, 57, 62, 99]],

[ 46, 85, 0,[ 85, 42, 84]],

[ 11, 85, 0,[ 72, 82, 23]],

[ 66, 85, 0,[ 92, 33, 54]],

[ 47, 85, 0,[ 65, 95, 0, 63]],

[ 58, 85, 0,[ 91, 80, 86, 39]],

[ 72, 85, 0,[ 35, 20, 11, 93]],

[ 59, 85, 0,[ 64, 80, 99]],

[ 95, 85, 0,[ 47, 35, 28]],

[ 45, 85, 0,[ 74, 94, 98]],

[ 25, 45, 1,[ 30, 60, 96, 89, 42, 94]],

[ 71, 85, 0,[ 99, 34]],

[ 7, 85, 0,[ 31, 15, 14]],

[ 88, 85, 0,[ 49, 79, 51]],

[ 80, 85, 0,[ 17, 57, 59, 58]],

[ 8, 85, 0,[ 2, 31, 1]],

[ 42, 65, 1,[ 90, 12, 46, 25]],

[ 64, 85, 0,[ 33, 44, 59, 70]],

[ 38, 85, 0,[ 10, 21, 37]],

[ 49, 85, 0,[ 61, 88, 30]],

[ 33, 85, 0,[ 24, 77, 64, 66]],

[ 50, 85, 0,[ 5, 1, 92]],

[ 87, 85, 0,[ 69, 34, 40, 98]],

[ 12, 85, 0,[ 18, 91, 98, 76, 42, 92]],

[ 73, 85, 0,[ 27, 28, 78]],

[ 39, 85, 1,[ 76, 58, 44]],

[ 21, 85, 0,[ 38, 22, 32, 37]],

[ 37, 85, 0,[ 28, 21, 38, 83]],

[ 94, 85, 0,[ 82, 63, 45, 9, 25]],

[ 20, 85, 0,[ 67, 72, 60, 41, 13, 44]],

