[ 45, 45, 0,[ 18, 40, 63]],

[ 43, 95, 1,[ 23, 49, 85, 68]],

[ 27, 45, 0,[ 2, 19, 93]],

[ 90, 45, 0,[ 61, 16, 3, 98]],

[ 14, 45, 0,[ 66, 41, 95, 67]],

[ 66, 45, 1,[ 39, 51, 14, 59]],

[ 75, 25, 0,[ 8, 99, 48]],

[ 7, 15, 1,[ 56, 80, 54, 42]],

[ 63, 45, 0,[ 83, 48, 45]],

[ 99, 25, 1,[ 75, 19, 16]],

[ 85, 45, 0,[ 43, 72, 50, 76]],

[ 60, 45, 0,[ 5, 89, 72]],

[ 81, 25, 1,[ 16, 23, 96, 59, 73, 62]],

[ 79, 45, 1,[ 55, 61, 28]],

[ 15, 25, 1,[ 47, 92, 8, 49, 69]],

[ 52, 45, 1,[ 36, 58, 6]],

[ 1, 45, 1,[ 65, 76, 21, 89]],

[ 18, 45, 1,[ 76, 48, 20, 45]],

[ 37, 45, 0,[ 32, 84, 57]],

[ 82, 45, 0,[ 58, 46, 19]],

[ 65, 75, 1,[ 80, 93, 1]],

[ 11, 5, 1,[ 41, 98, 9, 69]],

[ 67, 75, 1,[ 95, 40, 8, 41, 54, 14]],

[ 19, 45, 0,[ 82, 80, 88, 27, 99, 49]],

[ 40, 55, 1,[ 45, 67, 9]],

[ 92, 65, 1,[ 4, 47, 15]],

[ 2, 45, 1,[ 27, 12, 46]],

[ 58, 95, 1,[ 82, 77, 52, 0]],

[ 98, 5, 0,[ 97, 90, 11]],

[ 17, 45, 0,[ 72, 44, 84]],

[ 50, 45, 1,[ 85, 86, 80]],

[ 34, 55, 1,[ 33, 29, 5]],

[ 97, 5, 1,[ 83, 94, 26, 31, 47, 98]],

[ 86, 15, 0,[ 50, 24, 84]],

[ 3, 45, 0,[ 95, 90, 71, 25, 78]],

[ 38, 45, 0,[ 61, 31, 56]],

[ 23, 45, 0,[ 81, 29, 43, 73, 53]],

[ 22, 45, 0,[ 12, 6, 59]],

[ 26, 5, 1,[ 77, 10, 76, 97]],

[ 80, 25, 1,[ 50, 7, 65, 53, 19]],

[ 8, 25, 1,[ 75, 15, 67]],

[ 83, 5, 0,[ 63, 97, 35, 9]],

[ 36, 45, 0,[ 35, 89, 52]],

[ 42, 45, 0,[ 7, 68, 89, 53]],

[ 57, 45, 0,[ 37, 68, 87, 96]],

[ 93, 65, 1,[ 65, 32, 27, 33]],

[ 59, 45, 0,[ 66, 81, 22]],

[ 48, 45, 0,[ 63, 78, 18, 75]],

[ 32, 45, 0,[ 95, 37, 93]],

[ 10, 5, 0,[ 26, 24, 9]],

[ 89, 45, 1,[ 42, 1, 36, 60]],

[ 56, 45, 0,[ 73, 7, 38]],

[ 73, 45, 0,[ 23, 81, 56]],

[ 49, 45, 1,[ 19, 43, 15]],

[ 0, 5, 1,[ 28, 71, 58, 54]],

[ 55, 95, 1,[ 69, 20, 21, 79]],

[ 35, 65, 1,[ 6, 83, 36]],

[ 88, 45, 0,[ 19, 95, 51]],

[ 31, 45, 0,[ 25, 38, 97]],

[ 94, 75, 1,[ 68, 97, 77]],

[ 25, 45, 0,[ 31, 3, 16, 20]],

[ 21, 65, 0,[ 70, 55, 1]],

[ 24, 5, 0,[ 10, 71, 86, 9]],

[ 91, 45, 0,[ 62, 87, 74]],

[ 5, 65, 1,[ 64, 34, 60]],

[ 54, 45, 1,[ 67, 0, 7]],

[ 39, 45, 0,[ 66, 6, 30, 62]],

[ 76, 65, 1,[ 85, 26, 1, 74, 18]],

[ 4, 85, 1,[ 29, 28, 6, 92]],

[ 13, 45, 0,[ 47, 96, 30]],

[ 53, 45, 0,[ 80, 42, 23]],

[ 29, 45, 1,[ 34, 23, 4]],

[ 51, 45, 0,[ 66, 88]],

[ 33, 45, 0,[ 44, 34, 93]],

[ 6, 75, 1,[ 39, 4, 35, 22, 52]],

[ 95, 45, 0,[ 67, 3, 32, 88, 14]],

[ 72, 45, 0,[ 17, 30, 85, 60]],

[ 41, 45, 0,[ 11, 14, 67]],

[ 16, 45, 0,[ 25, 90, 99, 81]],

[ 87, 45, 0,[ 12, 57, 91]],

[ 30, 45, 0,[ 72, 78, 13, 39]],

[ 70, 5, 0,[ 21, 12]],

[ 61, 45, 1,[ 79, 38, 90]],

[ 69, 25, 0,[ 55, 11, 15]],

[ 74, 45, 0,[ 76, 91, 44]],

[ 77, 85, 1,[ 58, 26, 94]],

[ 44, 45, 1,[ 33, 17, 74]],

[ 96, 45, 1,[ 57, 81, 13]],

[ 78, 45, 1,[ 48, 30, 3]],

[ 12, 65, 1,[ 2, 22, 70, 87]],

[ 9, 75, 1,[ 10, 11, 40, 46, 83, 24]],

[ 62, 45, 1,[ 64, 81, 39, 91]],

[ 20, 85, 1,[ 25, 18, 55]],

[ 84, 45, 1,[ 17, 37, 86]],

[ 64, 5, 1,[ 47, 5, 62]],

[ 28, 5, 1,[ 4, 79, 0]],

[ 71, 45, 0,[ 3, 24, 0]],

[ 47, 45, 0,[ 97, 64, 92, 15, 13]],

[ 68, 45, 1,[ 57, 94, 43, 42]],

[ 46, 55, 1,[ 9, 82, 2]],

