[ 25, 55, 1,[ 63, 9]],

[ 38, 75, 1,[ 59, 89, 24]],

[ 98, 75, 0,[ 3, 15, 21]],

[ 21, 45, 1,[ 80, 35, 98]],

[ 73, 15, 1,[ 60, 36, 61, 58]],

[ 10, 25, 1,[ 99, 16, 62]],

[ 83, 5, 1,[ 56, 50, 24]],

[ 59, 45, 1,[ 38, 22, 26, 69, 31]],

[ 46, 55, 0,[ 49, 63, 16]],

[ 92, 15, 0,[ 56, 60, 14]],

[ 96, 25, 0,[ 23, 34]],

[ 33, 35, 1,[ 29, 36, 19]],

[ 32, 85, 1,[ 72, 37, 40, 15]],

[ 48, 45, 1,[ 85, 87, 13]],

[ 37, 95, 1,[ 24, 39, 47, 32, 70]],

[ 78, 25, 1,[ 16, 76, 79]],

[ 87, 15, 1,[ 2, 48, 26, 52]],

[ 49, 45, 0,[ 12, 46, 43]],

[ 20, 25, 0,[ 4, 12, 81]],

[ 9, 55, 0,[ 1, 25, 50]],

[ 26, 45, 0,[ 87, 66, 59]],

[ 94, 5, 0,[ 76, 67, 27, 5, 95]],

[ 68, 65, 0,[ 97, 70, 41, 36]],

[ 14, 15, 1,[ 92, 62, 89, 56]],

[ 55, 25, 0,[ 45, 5, 44]],

[ 50, 5, 0,[ 9, 83, 0, 72]],

[ 12, 45, 0,[ 13, 72, 20, 31, 49]],

[ 2, 55, 0,[ 69, 87, 51, 16]],

[ 58, 15, 0,[ 73, 27, 67]],

[ 54, 95, 0,[ 85, 61]],

[ 8, 65, 0,[ 85, 31, 44, 4]],

[ 22, 5, 1,[ 86, 80, 59]],

[ 43, 45, 0,[ 49, 80, 19]],

[ 72, 75, 1,[ 50, 32, 12]],

[ 53, 15, 1,[ 99, 85, 57]],

[ 62, 15, 0,[ 14, 35, 10, 80]],

[ 93, 5, 1,[ 34, 31, 6]],

[ 28, 95, 0,[ 24, 79, 71]],

[ 67, 35, 1,[ 94, 17, 58]],

[ 97, 65, 0,[ 42, 68, 71]],

[ 65, 25, 0,[ 35, 7, 91]],

[ 80, 15, 0,[ 62, 21, 43, 22]],

[ 57, 15, 1,[ 53, 52]],

[ 85, 95, 1,[ 8, 48, 35, 53, 54]],

[ 40, 55, 0,[ 1, 32, 17]],

[ 36, 25, 1,[ 73, 33, 75, 68]],

[ 61, 25, 1,[ 73, 54, 90]],

[ 19, 45, 1,[ 64, 33, 43, 82]],

[ 69, 65, 1,[ 59, 2, 42]],

[ 5, 25, 0,[ 51, 55, 94]],

[ 23, 25, 1,[ 81, 30, 96]],

[ 60, 65, 1,[ 73, 92, 77]],

[ 47, 25, 1,[ 88, 45, 37]],

[ 13, 45, 0,[ 39, 7, 12, 89, 63, 48]],

[ 84, 25, 0,[ 79, 30, 35]],

[ 6, 65, 0,[ 93, 41, 4, 18]],

[ 44, 25, 0,[ 15, 8, 55]],

[ 71, 45, 1,[ 24, 28, 97]],

[ 39, 95, 1,[ 37, 13, 90]],

[ 7, 95, 0,[ 65, 13, 77]],

[ 64, 45, 0,[ 19, 95, 88]],

[ 82, 35, 1,[ 90, 19, 41]],

[ 16, 55, 1,[ 10, 2, 46, 0, 78]],

[ 42, 65, 1,[ 97, 41, 69]],

[ 3, 65, 0,[ 98, 41, 95]],

[ 0, 55, 0,[ 50, 34, 16]],

[ 11, 35, 0,[ 75, 86, 34]],

[ 27, 95, 1,[ 94, 45, 58, 29, 81]],

[ 75, 15, 1,[ 4, 36, 24, 11]],

[ 17, 35, 0,[ 89, 40, 67, 74]],

[ 99, 15, 0,[ 88, 10, 24, 53, 86]],

[ 95, 5, 1,[ 94, 3, 64, 41]],

[ 74, 35, 1,[ 51, 30, 17]],

[ 66, 45, 0,[ 26, 90, 1]],

[ 89, 45, 0,[ 17, 14, 13, 38]],

[ 45, 95, 1,[ 29, 55, 27, 47]],

[ 15, 25, 0,[ 44, 98, 32]],

[ 63, 95, 1,[ 25, 13, 46]],

[ 4, 65, 0,[ 8, 75, 20, 6, 91]],

[ 51, 55, 1,[ 5, 2, 74]],

[ 86, 35, 1,[ 22, 99, 11]],

[ 70, 75, 1,[ 37, 81, 68]],

[ 90, 15, 1,[ 66, 82, 61, 39]],

[ 77, 95, 0,[ 7, 52, 60, 30]],

[ 41, 65, 1,[ 42, 18, 82, 3, 95, 6, 68]],

[ 1, 55, 0,[ 66, 40, 9]],

[ 24, 95, 1,[ 83, 75, 99, 37, 71, 38, 28]],

[ 35, 25, 0,[ 85, 65, 21, 84, 62]],

[ 18, 65, 0,[ 88, 41, 6]],

[ 31, 85, 1,[ 12, 59, 93, 8]],

[ 88, 45, 1,[ 64, 18, 47, 99]],

[ 81, 25, 0,[ 70, 20, 23, 27]],

[ 76, 75, 0,[ 30, 78, 91, 94]],

[ 52, 15, 0,[ 57, 87, 77]],

[ 30, 85, 1,[ 74, 77, 76, 23, 84]],

[ 34, 5, 0,[ 11, 96, 0, 93]],

[ 79, 25, 0,[ 28, 84, 78]],

[ 91, 75, 1,[ 65, 4, 76]],

[ 56, 5, 1,[ 92, 83, 14]],

[ 29, 95, 0,[ 45, 27, 33]],

