[ 19, 95, 0,[ 70, 48, 72, 69, 17]],

[ 34, 95, 0,[ 82, 4, 20, 91]],

[ 9, 95, 0,[ 57, 15, 76, 68]],

[ 93, 95, 0,[ 26, 60, 17]],

[ 87, 95, 0,[ 71, 25, 30]],

[ 36, 95, 0,[ 4, 66, 21]],

[ 14, 95, 0,[ 8, 30, 54]],

[ 13, 95, 0,[ 40, 0, 57, 20]],

[ 92, 95, 0,[ 15, 78, 84]],

[ 28, 95, 0,[ 49, 25, 59]],

[ 65, 95, 0,[ 0, 46, 48, 56, 53, 20]],

[ 16, 45, 1,[ 42, 83, 63]],

[ 79, 95, 0,[ 26, 58, 2, 97, 41]],

[ 42, 5, 1,[ 44, 83, 16, 23, 17]],

[ 20, 95, 0,[ 81, 34, 13, 38, 65]],

[ 81, 95, 0,[ 50, 26, 37, 20, 90, 1]],

[ 53, 95, 0,[ 85, 58, 65, 86]],

[ 62, 95, 0,[ 60, 99, 6, 98]],

[ 96, 95, 0,[ 6, 95, 56, 73, 50]],

[ 70, 95, 0,[ 23, 19, 21, 5, 24]],

[ 85, 95, 0,[ 1, 38, 53]],

[ 1, 95, 0,[ 32, 45, 85, 81, 12]],

[ 45, 95, 0,[ 32, 1, 68]],

[ 83, 95, 0,[ 12, 42, 33, 16, 67]],

[ 55, 95, 0,[ 0, 74]],

[ 56, 95, 0,[ 74, 65, 96, 47]],

[ 95, 95, 0,[ 4, 96, 15]],

[ 50, 95, 0,[ 57, 81, 22, 96, 98, 76]],

[ 17, 95, 0,[ 29, 19, 93, 42, 43]],

[ 24, 95, 0,[ 89, 70, 39]],

[ 57, 95, 0,[ 50, 9, 13]],

[ 98, 35, 1,[ 62, 43, 50]],

[ 25, 95, 0,[ 87, 68, 94, 28, 51]],

[ 23, 95, 0,[ 70, 5, 42]],

[ 94, 95, 0,[ 44, 47, 25]],

[ 74, 35, 1,[ 56, 55, 6, 99]],

[ 5, 95, 0,[ 97, 70, 23, 99, 37]],

[ 49, 95, 0,[ 40, 84, 67, 28]],

[ 18, 95, 0,[ 31, 40]],

[ 76, 95, 0,[ 80, 9, 50, 58, 7]],

[ 73, 95, 0,[ 0, 96, 8]],

[ 51, 95, 0,[ 25, 71, 72]],

[ 30, 95, 0,[ 88, 14, 87, 0, 78]],

[ 78, 95, 0,[ 30, 92, 61]],

[ 97, 95, 0,[ 5, 79, 11, 43, 26]],

[ 22, 95, 0,[ 64, 75, 50]],

[ 4, 95, 0,[ 68, 34, 95, 36]],

[ 32, 95, 0,[ 1, 72, 45, 75]],

[ 15, 95, 0,[ 95, 9, 37, 92]],

[ 44, 95, 0,[ 68, 42, 94, 58, 0]],

[ 38, 25, 1,[ 90, 85, 6, 20]],

[ 67, 95, 0,[ 83, 89, 49]],

[ 41, 95, 0,[ 6, 79, 91]],

[ 66, 95, 0,[ 31, 0, 47, 36]],

[ 68, 95, 0,[ 4, 9, 25, 45, 44, 40, 77]],

[ 33, 95, 0,[ 35, 83, 37]],

[ 77, 95, 0,[ 88, 46, 27, 68]],

[ 48, 15, 1,[ 19, 39, 65]],

[ 10, 45, 1,[ 80, 12, 86]],

[ 75, 95, 0,[ 22, 32, 7, 26]],

[ 64, 95, 0,[ 63, 89, 43, 22]],

[ 82, 95, 0,[ 3, 80, 34]],

[ 8, 95, 0,[ 14, 35, 84, 46, 73]],

[ 2, 95, 0,[ 0, 99, 52, 79, 89, 3, 54]],

[ 47, 95, 0,[ 66, 56, 94]],

[ 88, 95, 0,[ 21, 77, 30]],

[ 61, 95, 0,[ 27, 78, 29]],

[ 59, 95, 0,[ 86, 3, 28]],

[ 80, 95, 0,[ 76, 82, 89, 10, 12]],

[ 40, 95, 0,[ 6, 13, 18, 49, 68]],

[ 71, 95, 0,[ 35, 51, 87]],

[ 63, 95, 0,[ 11, 54, 64, 16]],

[ 84, 95, 0,[ 12, 8, 49, 92]],

[ 69, 65, 1,[ 19, 11, 35, 26]],

[ 72, 95, 0,[ 51, 19, 32]],

[ 7, 95, 0,[ 75, 52, 76, 35]],

[ 39, 65, 1,[ 24, 29, 48]],

[ 37, 95, 0,[ 15, 81, 5, 33]],

[ 46, 95, 0,[ 77, 65, 8]],

[ 89, 95, 0,[ 80, 67, 24, 64, 2]],

[ 12, 95, 0,[ 84, 1, 10, 80, 83]],

[ 58, 95, 0,[ 79, 76, 44, 53]],

[ 6, 95, 0,[ 41, 96, 74, 54, 40, 38, 62]],

[ 54, 95, 0,[ 6, 63, 2, 14]],

[ 43, 95, 0,[ 98, 64, 17, 97, 99]],

[ 21, 95, 0,[ 36, 52, 88, 70]],

[ 26, 95, 0,[ 91, 93, 69, 75, 97, 81, 79]],

[ 99, 95, 0,[ 43, 5, 2, 62, 74]],

[ 31, 95, 0,[ 66, 18, 0]],

[ 35, 95, 0,[ 71, 69, 7, 8, 27, 33]],

[ 91, 95, 0,[ 26, 34, 90, 41]],

[ 0, 95, 0,[ 44, 30, 13, 3, 2, 66, 73, 55, 31, 65]],

[ 60, 95, 0,[ 93, 62]],

[ 86, 85, 1,[ 59, 53, 10]],

[ 11, 95, 0,[ 97, 63, 69]],

[ 90, 95, 0,[ 38, 81, 91]],

[ 29, 95, 0,[ 17, 61, 39]],

[ 3, 95, 0,[ 0, 2, 59, 82]],

[ 27, 95, 0,[ 77, 35, 61]],

[ 52, 95, 0,[ 2, 21, 7]],

