[ 61, 95, 0,[ 78, 2, 28, 5, 37]],

[ 44, 95, 0,[ 0, 47, 58, 17, 94, 4, 68]],

[ 96, 65, 1,[ 93, 6, 32]],

[ 39, 95, 0,[ 30, 36, 17]],

[ 30, 95, 0,[ 39, 16]],

[ 10, 95, 0,[ 55, 74, 67]],

[ 40, 95, 0,[ 26, 1, 11]],

[ 48, 95, 0,[ 2, 72, 79]],

[ 63, 95, 0,[ 5, 86, 13]],

[ 14, 95, 0,[ 7, 78, 67, 58]],

[ 90, 95, 0,[ 52, 78, 0, 88]],

[ 65, 95, 0,[ 86, 53, 20, 22, 56]],

[ 51, 95, 0,[ 87, 8, 92]],

[ 13, 95, 0,[ 63, 7, 33]],

[ 79, 95, 0,[ 19, 48, 97]],

[ 93, 95, 0,[ 9, 17, 96]],

[ 20, 95, 0,[ 32, 65, 73, 89]],

[ 41, 95, 0,[ 6, 56, 31]],

[ 92, 95, 0,[ 84, 51, 62]],

[ 95, 95, 0,[ 76, 33, 97]],

[ 68, 95, 0,[ 83, 44, 9]],

[ 88, 95, 0,[ 31, 86, 90, 73, 21]],

[ 28, 95, 0,[ 55, 61, 34]],

[ 60, 95, 0,[ 49, 9, 6]],

[ 74, 95, 0,[ 52, 94, 10, 57]],

[ 21, 95, 0,[ 88, 52, 36, 32, 31, 11]],

[ 97, 95, 0,[ 12, 79, 59, 95]],

[ 77, 95, 0,[ 50, 66, 87]],

[ 45, 95, 0,[ 11, 69, 67]],

[ 85, 95, 0,[ 0, 71, 91, 4]],

[ 23, 95, 0,[ 99, 31, 42]],

[ 71, 95, 0,[ 64, 12, 85]],

[ 64, 95, 0,[ 71, 4, 15]],

[ 1, 95, 0,[ 40, 81, 98, 25]],

[ 38, 95, 0,[ 42, 19]],

[ 69, 95, 0,[ 45, 35, 70, 82]],

[ 26, 5, 1,[ 40, 81, 3]],

[ 9, 95, 0,[ 70, 60, 93, 68, 76]],

[ 37, 95, 0,[ 43, 62, 8, 61]],

[ 11, 95, 1,[ 40, 45, 21]],

[ 0, 95, 1,[ 90, 73, 85, 49, 55, 44, 62]],

[ 62, 95, 0,[ 0, 92, 37, 82]],

[ 22, 95, 0,[ 65, 70, 49]],

[ 31, 95, 0,[ 23, 88, 41, 21]],

[ 72, 95, 0,[ 48, 24, 32]],

[ 6, 75, 1,[ 60, 96, 41]],

[ 42, 95, 0,[ 25, 23, 38, 4, 91, 19]],

[ 3, 95, 0,[ 82, 84, 2, 26]],

[ 78, 95, 0,[ 54, 15, 90, 18, 14, 61]],

[ 86, 95, 0,[ 65, 88, 63]],

[ 16, 95, 0,[ 50, 46, 82, 75, 30]],

[ 29, 95, 0,[ 19, 59, 87, 17]],

[ 66, 95, 0,[ 47, 76, 77]],

[ 7, 95, 0,[ 14, 18, 13, 76]],

[ 80, 95, 0,[ 83, 81, 89]],

[ 82, 95, 0,[ 62, 3, 69, 16]],

[ 35, 95, 0,[ 49, 69, 52, 36]],

[ 52, 95, 0,[ 90, 21, 74, 35]],

[ 94, 95, 0,[ 33, 5, 44, 74]],

[ 43, 95, 0,[ 87, 37, 33]],

[ 19, 95, 0,[ 38, 79, 29, 42]],

[ 73, 95, 0,[ 0, 88, 20]],

[ 75, 95, 0,[ 91, 24, 16]],

[ 4, 95, 0,[ 42, 44, 85, 64]],

[ 83, 95, 0,[ 87, 24, 68, 80]],

[ 8, 65, 1,[ 37, 51, 70]],

[ 49, 95, 0,[ 0, 35, 60, 22, 57]],

[ 36, 95, 0,[ 35, 21, 39]],

[ 2, 15, 1,[ 61, 48, 58, 3]],

[ 25, 95, 0,[ 42, 98, 1]],

[ 47, 95, 0,[ 44, 18, 66]],

[ 34, 95, 0,[ 12, 28]],

[ 58, 95, 1,[ 2, 14, 44]],

[ 67, 95, 0,[ 45, 14, 10, 89, 54]],

[ 99, 95, 0,[ 53, 54, 23]],

[ 12, 95, 0,[ 98, 71, 97, 34]],

[ 70, 95, 0,[ 22, 8, 9, 69]],

[ 53, 95, 0,[ 99, 65]],

[ 56, 95, 0,[ 41, 33, 57, 65]],

[ 81, 5, 1,[ 80, 1, 26]],

[ 76, 95, 0,[ 7, 66, 95, 9]],

[ 57, 95, 0,[ 49, 56, 74]],

[ 27, 95, 0,[ 59, 32, 15]],

[ 18, 95, 0,[ 7, 78, 47]],

[ 24, 95, 0,[ 72, 75, 89, 83]],

[ 91, 95, 0,[ 75, 42, 85]],

[ 50, 95, 0,[ 77, 16]],

[ 33, 95, 0,[ 46, 43, 13, 94, 95, 56]],

[ 55, 95, 0,[ 28, 10, 0]],

[ 17, 95, 0,[ 44, 93, 39, 29]],

[ 15, 95, 0,[ 64, 27, 78]],

[ 59, 95, 0,[ 27, 29, 97]],

[ 32, 95, 0,[ 20, 21, 96, 27, 72]],

[ 84, 95, 0,[ 92, 46, 3]],

[ 98, 95, 0,[ 12, 25, 1]],

[ 87, 95, 0,[ 29, 77, 83, 51, 43]],

[ 89, 95, 0,[ 24, 20, 80, 67]],

[ 46, 95, 0,[ 33, 16, 84]],

[ 5, 95, 0,[ 61, 63, 94]],

[ 54, 35, 1,[ 99, 67, 78]],

