[ 10, 65, 0,[ 54, 56, 31, 80]],

[ 16, 25, 1,[ 72, 39, 35, 37, 41]],

[ 46, 65, 0,[ 8, 75, 47]],

[ 74, 15, 1,[ 85, 50, 4]],

[ 82, 65, 0,[ 55, 3, 34, 69, 40]],

[ 86, 65, 0,[ 2, 7]],

[ 13, 65, 0,[ 92, 90, 42]],

[ 58, 65, 0,[ 17, 54, 44, 20]],

[ 45, 65, 0,[ 27, 69, 54]],

[ 32, 65, 0,[ 1, 72, 67]],

[ 51, 65, 0,[ 47, 93, 83]],

[ 18, 65, 0,[ 11, 71]],

[ 99, 65, 0,[ 43, 62, 5]],

[ 78, 65, 0,[ 90, 61, 54]],

[ 25, 25, 1,[ 68, 39, 69]],

[ 41, 65, 0,[ 38, 4, 47, 16]],

[ 31, 65, 0,[ 98, 3, 10]],

[ 21, 65, 0,[ 90, 7, 40, 96]],

[ 26, 65, 0,[ 33, 43, 64]],

[ 62, 65, 0,[ 6, 85, 14, 99]],

[ 80, 65, 0,[ 10, 69, 12]],

[ 61, 65, 0,[ 33, 59, 90, 78]],

[ 87, 65, 0,[ 70, 98, 92]],

[ 92, 65, 0,[ 13, 67, 87, 56]],

[ 95, 65, 1,[ 5, 28, 83, 7, 36]],

[ 89, 65, 0,[ 91, 53, 67, 2]],

[ 47, 65, 0,[ 41, 65, 66, 91, 51, 46]],

[ 49, 65, 0,[ 28, 24, 75, 60]],

[ 3, 65, 0,[ 31, 82, 96]],

[ 70, 65, 0,[ 71, 87, 24]],

[ 8, 65, 0,[ 27, 84, 42, 14, 46, 73]],

[ 81, 65, 0,[ 20, 38, 79]],

[ 36, 65, 0,[ 52, 59, 95]],

[ 34, 65, 0,[ 20, 82, 52]],

[ 88, 65, 0,[ 77, 2, 38]],

[ 98, 95, 1,[ 87, 30, 43, 31, 28]],

[ 7, 65, 0,[ 95, 76, 35, 86, 21]],

[ 59, 65, 0,[ 36, 44, 61]],

[ 42, 65, 1,[ 6, 13, 8]],

[ 97, 65, 0,[ 50, 43, 11]],

[ 22, 65, 0,[ 14, 94, 15]],

[ 1, 65, 0,[ 71, 32, 12]],

[ 71, 65, 0,[ 1, 70, 18]],

[ 9, 65, 0,[ 15, 57, 68, 64]],

[ 84, 65, 0,[ 8, 29, 23]],

[ 85, 65, 0,[ 62, 74, 24]],

[ 91, 65, 0,[ 65, 47, 19, 89]],

[ 79, 65, 0,[ 0, 81, 2]],

[ 48, 35, 1,[ 24, 57]],

[ 83, 65, 0,[ 11, 51, 95]],

[ 24, 65, 0,[ 85, 48, 0, 49, 70]],

[ 14, 65, 0,[ 62, 22, 8, 54]],

[ 57, 15, 1,[ 9, 54, 48]],

[ 44, 65, 0,[ 4, 94, 59, 58]],

[ 50, 65, 0,[ 74, 52, 64, 29, 97]],

[ 6, 65, 0,[ 42, 66, 62]],

[ 15, 65, 0,[ 22, 9, 11]],

[ 55, 65, 0,[ 82, 29, 0]],

[ 72, 65, 0,[ 32, 96, 16]],

[ 29, 65, 0,[ 84, 50, 55]],

[ 93, 65, 0,[ 51, 56, 52]],

[ 76, 65, 0,[ 5, 7, 19]],

[ 77, 65, 0,[ 19, 65, 88, 68]],

[ 35, 65, 0,[ 16, 28, 7]],

[ 33, 65, 0,[ 26, 61]],

[ 5, 65, 0,[ 99, 76, 95]],

[ 96, 65, 0,[ 3, 21, 72, 63]],

[ 30, 65, 0,[ 98, 75]],

[ 2, 65, 0,[ 86, 89, 88, 79]],

[ 23, 65, 0,[ 66, 19, 84]],

[ 0, 65, 0,[ 56, 79, 55, 73, 24]],

[ 27, 65, 0,[ 68, 8, 45]],

[ 64, 65, 0,[ 50, 9, 43, 26]],

[ 54, 65, 0,[ 57, 58, 78, 14, 10, 45]],

[ 56, 65, 0,[ 0, 10, 93, 92]],

[ 20, 65, 0,[ 58, 34, 81]],

[ 60, 65, 0,[ 53, 49]],

[ 17, 65, 0,[ 58, 43, 37]],

[ 40, 65, 0,[ 82, 21, 68]],

[ 4, 65, 0,[ 74, 41, 44]],

[ 90, 65, 0,[ 78, 21, 61, 13]],

[ 43, 65, 0,[ 64, 97, 17, 99, 26, 98]],

[ 12, 65, 0,[ 39, 1, 80, 73]],

[ 66, 65, 0,[ 6, 47, 23]],

[ 38, 85, 1,[ 88, 41, 81]],

[ 73, 65, 0,[ 12, 8, 0]],

[ 94, 65, 0,[ 37, 22, 44]],

[ 37, 65, 0,[ 94, 16, 17]],

[ 11, 65, 0,[ 83, 18, 15, 97, 63]],

[ 68, 65, 0,[ 27, 25, 40, 9, 77]],

[ 69, 65, 0,[ 25, 45, 82, 53, 80]],

[ 63, 65, 0,[ 75, 11, 96]],

[ 39, 95, 1,[ 25, 12, 16]],

[ 53, 65, 0,[ 69, 60, 89]],

[ 75, 65, 0,[ 46, 30, 63, 49]],

[ 65, 65, 0,[ 91, 47, 77]],

[ 52, 65, 0,[ 34, 50, 36, 93]],

[ 28, 65, 0,[ 95, 35, 49, 98]],

[ 67, 65, 0,[ 32, 89, 92]],

[ 19, 65, 0,[ 91, 77, 23, 76]],

