[ 57, 95, 0,[ 37, 16]],

[ 92, 95, 0,[ 33, 13, 84]],

[ 19, 95, 0,[ 85, 93, 54]],

[ 84, 95, 0,[ 49, 91, 55, 92, 69, 62]],

[ 10, 95, 0,[ 87, 4]],

[ 38, 95, 0,[ 2, 98, 32]],

[ 45, 95, 0,[ 4, 14, 30, 35]],

[ 67, 95, 0,[ 28, 56, 27, 72]],

[ 75, 95, 0,[ 26, 34, 52]],

[ 70, 95, 0,[ 29, 53]],

[ 79, 95, 0,[ 1, 26, 61, 97]],

[ 49, 95, 1,[ 20, 84, 44]],

[ 76, 95, 0,[ 89, 24, 69, 60, 50]],

[ 8, 15, 1,[ 97, 46, 73]],

[ 51, 95, 0,[ 23, 89, 98, 81, 86, 24, 25]],

[ 81, 75, 1,[ 96, 51, 37]],

[ 55, 95, 0,[ 84, 13, 0]],

[ 29, 95, 0,[ 39, 65, 70]],

[ 16, 95, 0,[ 33, 58, 57]],

[ 97, 95, 0,[ 79, 43, 14, 8]],

[ 27, 95, 0,[ 89, 30, 34, 67]],

[ 15, 95, 0,[ 11, 26]],

[ 5, 95, 0,[ 43, 82]],

[ 58, 95, 0,[ 16, 53, 52]],

[ 9, 55, 1,[ 12, 77]],

[ 39, 95, 0,[ 2, 29, 73, 23]],

[ 23, 95, 0,[ 61, 50, 51, 39]],

[ 31, 95, 0,[ 14, 64, 83]],

[ 89, 95, 0,[ 63, 76, 27, 51]],

[ 56, 95, 0,[ 3, 67, 41]],

[ 53, 95, 0,[ 90, 58, 70]],

[ 54, 95, 0,[ 74, 63, 19, 7]],

[ 24, 95, 0,[ 51, 0, 76]],

[ 99, 95, 0,[ 46, 59, 88]],

[ 93, 95, 0,[ 37, 68, 22, 83, 19]],

[ 4, 95, 0,[ 10, 35, 45]],

[ 17, 95, 0,[ 66, 74, 35, 87]],

[ 90, 95, 0,[ 94, 53, 1, 66]],

[ 44, 15, 1,[ 49, 6, 13]],

[ 11, 35, 1,[ 15, 64]],

[ 28, 95, 0,[ 12, 40, 67, 62, 26]],

[ 91, 95, 0,[ 84, 34, 32]],

[ 34, 95, 0,[ 27, 91, 75]],

[ 60, 95, 0,[ 12, 76, 41]],

[ 59, 95, 0,[ 99, 66, 77]],

[ 20, 95, 0,[ 49, 13, 80]],

[ 63, 95, 0,[ 71, 89, 54]],

[ 40, 95, 0,[ 28, 52, 86, 78]],

[ 74, 95, 0,[ 71, 54, 17]],

[ 69, 95, 0,[ 12, 84, 76]],

[ 61, 95, 0,[ 47, 79, 23]],

[ 0, 95, 1,[ 65, 24, 55, 32]],

[ 43, 95, 0,[ 5, 87, 97]],

[ 46, 95, 0,[ 8, 99, 3]],

[ 22, 95, 0,[ 64, 30, 93]],

[ 30, 95, 0,[ 45, 27, 22]],

[ 37, 95, 0,[ 57, 93, 81]],

[ 85, 95, 0,[ 95, 88, 19]],

[ 2, 95, 1,[ 38, 39, 48, 36, 80]],

[ 7, 95, 0,[ 72, 98, 54]],

[ 36, 95, 0,[ 2, 68, 86]],

[ 65, 95, 1,[ 0, 83, 29]],

[ 78, 95, 0,[ 40, 73, 95]],

[ 66, 95, 0,[ 90, 17, 59]],

[ 12, 95, 0,[ 28, 9, 18, 60, 69, 71, 83]],

[ 21, 95, 0,[ 33, 3, 41]],

[ 18, 95, 0,[ 48, 32, 12]],

[ 64, 95, 0,[ 11, 22, 31]],

[ 68, 95, 0,[ 72, 93, 36]],

[ 72, 95, 0,[ 77, 67, 68, 7]],

[ 41, 95, 0,[ 60, 21, 56]],

[ 52, 95, 0,[ 40, 58, 75]],

[ 73, 95, 0,[ 39, 8, 78]],

[ 82, 95, 0,[ 95, 5, 62]],

[ 6, 95, 0,[ 44, 96, 25]],

[ 94, 95, 0,[ 90, 42, 33]],

[ 80, 95, 0,[ 95, 20, 2]],

[ 48, 95, 0,[ 18, 47, 2]],

[ 71, 95, 0,[ 50, 12, 74, 63]],

[ 95, 95, 0,[ 85, 80, 42, 87, 88, 82, 78]],

[ 14, 95, 0,[ 45, 31, 97]],

[ 25, 95, 0,[ 6, 32, 51]],

[ 50, 95, 0,[ 96, 71, 23, 76]],

[ 3, 95, 0,[ 46, 21, 56]],

[ 33, 95, 0,[ 92, 94, 16, 47, 21, 96]],

[ 26, 85, 1,[ 75, 79, 15, 28]],

[ 87, 95, 0,[ 10, 17, 95, 43]],

[ 98, 95, 0,[ 7, 38, 51]],

[ 83, 95, 0,[ 12, 93, 31, 65]],

[ 13, 95, 0,[ 20, 55, 92, 44]],

[ 96, 95, 0,[ 33, 6, 81, 50]],

[ 77, 95, 0,[ 72, 59, 9]],

[ 35, 95, 0,[ 17, 45, 4]],

[ 62, 95, 0,[ 28, 84, 82]],

[ 32, 95, 0,[ 1, 0, 38, 25, 18, 91]],

[ 86, 95, 0,[ 40, 51, 36]],

[ 88, 95, 0,[ 95, 99, 85]],

[ 42, 95, 0,[ 47, 94, 95]],

[ 1, 95, 0,[ 79, 90, 32]],

[ 47, 95, 0,[ 61, 48, 42, 33]],

