[ 10, 75, 1,[ 69, 3, 25]],

[ 15, 55, 0,[ 75, 71, 30, 98]],

[ 80, 55, 0,[ 77, 6, 48]],

[ 78, 55, 0,[ 84, 97]],

[ 3, 55, 0,[ 10, 4, 12]],

[ 63, 55, 0,[ 85, 54, 38]],

[ 42, 55, 0,[ 89, 30, 37]],

[ 94, 55, 0,[ 90, 59, 65]],

[ 4, 55, 0,[ 14, 3, 9, 88]],

[ 89, 55, 0,[ 49, 6, 79, 42]],

[ 40, 55, 0,[ 46, 16, 67, 55]],

[ 52, 55, 0,[ 20, 71, 64]],

[ 79, 55, 0,[ 89, 60, 66]],

[ 64, 55, 0,[ 7, 45, 52, 93]],

[ 86, 5, 1,[ 5, 51]],

[ 1, 55, 0,[ 72, 68, 67, 41]],

[ 20, 55, 0,[ 52, 81, 74]],

[ 26, 55, 0,[ 39, 28, 7]],

[ 19, 35, 1,[ 65, 38]],

[ 71, 55, 0,[ 52, 12, 36, 15]],

[ 82, 55, 0,[ 60, 13, 54]],

[ 75, 55, 0,[ 15, 50, 91]],

[ 57, 95, 1,[ 51, 91, 56]],

[ 17, 55, 0,[ 67, 0, 31, 93, 5]],

[ 0, 55, 0,[ 49, 17, 8, 81]],

[ 45, 55, 0,[ 27, 33, 64]],

[ 93, 55, 0,[ 16, 17, 64]],

[ 97, 55, 0,[ 62, 5, 78]],

[ 36, 55, 0,[ 2, 24, 87, 71]],

[ 41, 55, 0,[ 83, 1, 21]],

[ 88, 55, 0,[ 4, 70, 34, 59]],

[ 99, 55, 0,[ 55, 74, 62]],

[ 53, 55, 0,[ 16, 76, 69]],

[ 48, 85, 1,[ 59, 98, 80]],

[ 91, 55, 0,[ 57, 75]],

[ 43, 55, 0,[ 81, 58, 14, 18]],

[ 67, 55, 0,[ 1, 46, 35, 40, 17]],

[ 95, 55, 0,[ 9, 50, 23]],

[ 23, 55, 0,[ 83, 66, 95]],

[ 24, 55, 0,[ 30, 83, 36]],

[ 98, 65, 1,[ 15, 13, 48]],

[ 9, 55, 0,[ 4, 7, 85, 95, 28, 54]],

[ 58, 55, 0,[ 44, 43, 46]],

[ 92, 55, 0,[ 87, 21, 32]],

[ 54, 55, 0,[ 82, 63, 9]],

[ 28, 55, 0,[ 9, 26, 35]],

[ 5, 55, 0,[ 44, 97, 55, 86, 17]],

[ 76, 55, 0,[ 62, 31, 53, 16, 73]],

[ 51, 55, 0,[ 86, 34, 57, 60]],

[ 84, 55, 0,[ 69, 22, 31, 78]],

[ 13, 55, 0,[ 82, 37, 98, 29, 6, 56]],

[ 14, 55, 0,[ 72, 4, 43]],

[ 49, 55, 0,[ 0, 27, 89]],

[ 55, 55, 0,[ 99, 40, 5, 74]],

[ 70, 55, 0,[ 90, 61, 88]],

[ 37, 55, 0,[ 83, 56, 42, 13, 8]],

[ 38, 55, 1,[ 19, 18, 50, 63]],

[ 27, 55, 0,[ 22, 45, 49]],

[ 31, 55, 0,[ 84, 17, 76]],

[ 61, 55, 0,[ 83, 96, 70]],

[ 34, 55, 0,[ 96, 51, 47, 88]],

[ 73, 55, 0,[ 76, 30, 66]],

[ 32, 55, 0,[ 50, 92, 2]],

[ 72, 55, 0,[ 14, 1, 39, 33]],

[ 68, 55, 0,[ 25, 1, 29]],

[ 74, 55, 1,[ 55, 99, 44, 20, 11]],

[ 56, 55, 0,[ 57, 37, 13]],

[ 18, 55, 0,[ 43, 38, 96, 85, 8]],

[ 59, 55, 0,[ 94, 48, 88]],

[ 83, 55, 0,[ 41, 37, 24, 61, 23]],

[ 8, 55, 0,[ 37, 18, 0]],

[ 6, 55, 0,[ 89, 13, 80]],

[ 46, 55, 0,[ 67, 58, 40]],

[ 22, 55, 0,[ 27, 35, 84]],

[ 35, 55, 0,[ 25, 28, 67, 90, 22]],

[ 60, 55, 0,[ 79, 51, 82]],

[ 81, 55, 0,[ 43, 20, 50, 0]],

[ 65, 55, 0,[ 19, 11, 94]],

[ 29, 55, 0,[ 77, 68, 13]],

[ 96, 55, 0,[ 18, 61, 34]],

[ 25, 5, 1,[ 68, 2, 35, 10]],

[ 85, 55, 0,[ 9, 63, 18]],

[ 69, 55, 0,[ 10, 53, 84]],

[ 87, 55, 0,[ 11, 36, 92]],

[ 21, 55, 0,[ 47, 41, 92]],

[ 50, 55, 0,[ 81, 38, 32, 95, 75]],

[ 47, 55, 0,[ 44, 21, 34]],

[ 33, 55, 0,[ 39, 45, 72]],

[ 66, 55, 0,[ 23, 73, 79]],

[ 11, 55, 0,[ 65, 87, 74]],

[ 7, 55, 0,[ 9, 64, 26]],

[ 2, 55, 0,[ 32, 36, 25]],

[ 62, 55, 0,[ 99, 77, 97, 76]],

[ 16, 55, 1,[ 40, 53, 76, 93]],

[ 44, 55, 0,[ 74, 5, 47, 58]],

[ 77, 55, 0,[ 29, 62, 80]],

[ 39, 55, 0,[ 72, 33, 26]],

[ 90, 55, 0,[ 94, 35, 70]],

[ 30, 55, 0,[ 15, 42, 24, 73]],

[ 12, 55, 0,[ 71, 3]],

