[ 53, 55, 0,[ 34, 19, 60, 93]],

[ 97, 55, 0,[ 34, 32, 31]],

[ 8, 55, 0,[ 46, 73]],

[ 74, 55, 1,[ 11, 23, 64]],

[ 92, 55, 0,[ 98, 4, 38]],

[ 73, 55, 0,[ 0, 8, 51, 14]],

[ 48, 5, 1,[ 65, 87, 36, 93]],

[ 52, 55, 0,[ 91, 38, 5, 7]],

[ 4, 55, 0,[ 44, 68, 22, 92]],

[ 18, 55, 0,[ 58, 95, 41]],

[ 49, 55, 0,[ 1, 41, 57, 88]],

[ 94, 55, 0,[ 9, 96, 6]],

[ 55, 55, 0,[ 25, 15, 31]],

[ 32, 55, 0,[ 97, 70, 63]],

[ 9, 55, 0,[ 35, 67, 94, 81]],

[ 2, 55, 0,[ 54, 3, 99, 51]],

[ 61, 55, 0,[ 56, 22, 75, 29]],

[ 78, 55, 0,[ 75, 80, 27]],

[ 16, 35, 1,[ 85, 86, 65, 21]],

[ 75, 55, 0,[ 82, 61, 78, 45]],

[ 72, 55, 0,[ 37, 56, 91, 57]],

[ 7, 55, 0,[ 20, 52, 31]],

[ 13, 55, 0,[ 34, 88, 45]],

[ 59, 55, 0,[ 62, 43, 14, 39]],

[ 17, 55, 0,[ 1, 45, 47]],

[ 99, 55, 0,[ 2, 90, 24]],

[ 93, 55, 0,[ 89, 48, 53]],

[ 39, 15, 1,[ 59, 95, 46, 62]],

[ 60, 55, 0,[ 43, 83, 25, 53]],

[ 41, 55, 0,[ 49, 79, 77, 18]],

[ 89, 55, 0,[ 95, 79, 47, 64, 93]],

[ 35, 55, 0,[ 33, 51, 9]],

[ 23, 55, 0,[ 74, 36, 42]],

[ 96, 55, 0,[ 94, 66, 68, 85]],

[ 71, 55, 0,[ 67, 0, 28]],

[ 64, 55, 0,[ 89, 58, 74]],

[ 80, 55, 0,[ 78, 25, 54]],

[ 5, 55, 0,[ 44, 37, 52, 70]],

[ 95, 55, 0,[ 39, 18, 89]],

[ 63, 55, 0,[ 32, 11, 76]],

[ 79, 55, 0,[ 41, 42, 65, 44, 89]],

[ 98, 55, 0,[ 0, 25, 92]],

[ 0, 55, 0,[ 71, 73, 98]],

[ 82, 55, 0,[ 75, 43, 37, 29, 11]],

[ 45, 55, 0,[ 13, 75, 36, 17]],

[ 24, 55, 0,[ 10, 84, 99]],

[ 11, 55, 0,[ 82, 86, 10, 74, 87, 63, 15]],

[ 19, 75, 1,[ 50, 53, 70]],

[ 1, 55, 0,[ 17, 49, 84]],

[ 10, 75, 1,[ 24, 11, 83]],

[ 25, 55, 0,[ 60, 33, 98, 55, 80]],

[ 26, 55, 0,[ 40, 91, 15]],

[ 88, 55, 0,[ 13, 58, 28, 27, 49]],

[ 87, 55, 0,[ 30, 47, 11, 48]],

[ 91, 55, 0,[ 72, 52, 81, 26]],

[ 54, 55, 0,[ 80, 6, 2]],

[ 86, 55, 0,[ 16, 11, 69]],

[ 22, 55, 0,[ 61, 76, 4, 58]],

[ 83, 55, 0,[ 10, 60, 42]],

[ 27, 55, 0,[ 78, 34, 88]],

[ 20, 55, 0,[ 90, 7, 36]],

[ 3, 55, 0,[ 81, 40, 2]],

[ 50, 55, 0,[ 81, 19, 69]],

[ 15, 55, 0,[ 26, 55, 11]],

[ 77, 55, 0,[ 90, 34, 41, 56]],

[ 57, 55, 1,[ 72, 49, 12]],

[ 31, 55, 0,[ 55, 97, 7, 40]],

[ 28, 55, 0,[ 71, 88, 46]],

[ 21, 55, 0,[ 62, 16]],

[ 84, 55, 0,[ 24, 1, 67, 12]],

[ 42, 55, 0,[ 83, 23, 79]],

[ 81, 55, 0,[ 91, 3, 9, 50]],

[ 51, 55, 0,[ 2, 35, 76, 73]],

[ 62, 55, 0,[ 6, 59, 39, 21]],

[ 76, 55, 0,[ 22, 63, 51]],

[ 47, 55, 0,[ 17, 87, 89]],

[ 90, 45, 1,[ 77, 20, 99]],

[ 46, 55, 0,[ 8, 39, 28]],

[ 38, 15, 1,[ 6, 52, 92]],

[ 65, 55, 0,[ 79, 48, 16]],

[ 12, 55, 0,[ 57, 84, 30]],

[ 70, 55, 0,[ 5, 32, 19]],

[ 43, 55, 0,[ 59, 60, 82]],

[ 37, 55, 0,[ 5, 82, 72]],

[ 85, 55, 0,[ 66, 69, 16, 96]],

[ 67, 55, 0,[ 71, 9, 84]],

[ 44, 55, 0,[ 4, 79, 5]],

[ 34, 55, 0,[ 77, 13, 97, 53, 27]],

[ 66, 55, 0,[ 85, 96, 36]],

[ 56, 55, 0,[ 77, 72, 61, 68]],

[ 6, 55, 0,[ 62, 38, 94, 54]],

[ 14, 55, 0,[ 73, 30, 59]],

[ 30, 55, 0,[ 14, 87, 12, 29]],

[ 69, 95, 1,[ 85, 86, 50]],

[ 29, 55, 0,[ 61, 30, 82]],

[ 68, 55, 0,[ 96, 4, 56]],

[ 40, 55, 0,[ 26, 3, 31]],

[ 36, 55, 0,[ 66, 20, 23, 45, 48]],

[ 58, 55, 0,[ 88, 22, 64, 18]],

[ 33, 55, 0,[ 35, 25]],

