[ 57, 25, 0,[ 62, 79, 90]],

[ 89, 65, 1,[ 29, 0, 61, 26, 37, 82]],

[ 31, 25, 0,[ 96, 90, 38]],

[ 70, 25, 0,[ 46, 96, 94]],

[ 37, 25, 0,[ 43, 4, 44, 73, 89]],

[ 97, 25, 0,[ 28, 74, 35]],

[ 41, 25, 0,[ 56, 78, 86, 39]],

[ 39, 25, 0,[ 36, 41, 16, 92]],

[ 60, 25, 0,[ 86, 53, 98]],

[ 20, 25, 0,[ 54, 91, 43, 79]],

[ 90, 25, 0,[ 48, 57, 31]],

[ 28, 25, 0,[ 18, 97, 96]],

[ 68, 25, 1,[ 1, 72, 56, 6]],

[ 74, 25, 0,[ 12, 2, 92, 97]],

[ 87, 25, 0,[ 51, 10, 18, 9, 50]],

[ 58, 25, 0,[ 27, 84, 75]],

[ 92, 25, 0,[ 43, 39, 74]],

[ 69, 25, 0,[ 23, 17, 10, 71]],

[ 14, 25, 0,[ 77, 82, 88]],

[ 27, 25, 0,[ 58, 4, 36]],

[ 65, 25, 0,[ 99, 85, 2]],

[ 53, 25, 0,[ 82, 60, 3]],

[ 55, 25, 0,[ 50, 33, 7]],

[ 5, 25, 0,[ 21, 34, 46]],

[ 75, 25, 0,[ 42, 47, 58]],

[ 48, 25, 0,[ 98, 21, 90, 25]],

[ 56, 25, 0,[ 30, 68, 41]],

[ 77, 25, 0,[ 64, 96, 95, 14]],

[ 30, 25, 0,[ 45, 56, 23]],

[ 47, 25, 0,[ 75, 33, 38]],

[ 86, 25, 0,[ 60, 49, 41, 52]],

[ 95, 25, 0,[ 42, 12, 77, 18]],

[ 67, 25, 0,[ 6, 32, 15]],

[ 25, 25, 0,[ 13, 11, 48]],

[ 35, 25, 0,[ 97, 3, 11, 78]],

[ 2, 75, 1,[ 79, 4, 74, 66, 65]],

[ 79, 25, 0,[ 20, 2, 57, 23, 42]],

[ 73, 25, 0,[ 99, 37, 16]],

[ 8, 25, 0,[ 49, 0, 29, 91]],

[ 50, 25, 0,[ 55, 51, 87, 7]],

[ 96, 65, 1,[ 31, 34, 28, 77, 70]],

[ 52, 25, 0,[ 83, 17, 88, 86]],

[ 49, 25, 0,[ 54, 86, 8]],

[ 19, 25, 0,[ 80, 10, 85]],

[ 17, 25, 0,[ 13, 52, 69, 82]],

[ 85, 25, 0,[ 88, 61, 19, 65]],

[ 51, 25, 0,[ 13, 87, 94, 50]],

[ 40, 25, 0,[ 24, 63, 22, 11, 44]],

[ 66, 25, 0,[ 9, 2, 93, 43]],

[ 93, 25, 0,[ 61, 63, 66]],

[ 64, 25, 0,[ 38, 11, 62, 77]],

[ 26, 95, 1,[ 63, 46, 89]],

[ 36, 25, 0,[ 44, 39, 27]],

[ 29, 25, 0,[ 89, 81, 8]],

[ 81, 75, 1,[ 59, 24, 29]],

[ 99, 25, 0,[ 65, 73, 9]],

[ 10, 25, 0,[ 87, 69, 19]],

[ 11, 85, 1,[ 35, 40, 64, 25]],

[ 43, 25, 0,[ 72, 66, 92, 20, 37]],

[ 98, 25, 0,[ 48, 60, 80]],

[ 63, 25, 0,[ 93, 40, 26]],

[ 91, 25, 0,[ 20, 8]],

[ 80, 25, 0,[ 19, 46, 98]],

[ 12, 25, 0,[ 95, 84, 74]],

[ 24, 25, 0,[ 81, 40, 45]],

[ 22, 25, 0,[ 40, 15]],

[ 82, 25, 0,[ 53, 89, 17, 14]],

[ 3, 25, 0,[ 35, 53, 4]],

[ 62, 25, 0,[ 64, 57]],

[ 18, 25, 0,[ 95, 87, 28]],

[ 45, 25, 0,[ 30, 38, 24]],

[ 32, 25, 0,[ 67, 6, 94]],

[ 1, 25, 0,[ 68, 21, 38]],

[ 13, 25, 0,[ 51, 17, 25]],

[ 44, 75, 1,[ 37, 40, 36]],

[ 16, 25, 0,[ 46, 39, 73]],

[ 72, 25, 0,[ 43, 68]],

[ 78, 25, 0,[ 33, 35, 41]],

[ 59, 25, 0,[ 46, 81, 34, 94]],

[ 6, 25, 0,[ 67, 32, 68]],

[ 23, 25, 0,[ 69, 79, 30]],

[ 88, 25, 0,[ 85, 76, 52, 14]],

[ 34, 25, 0,[ 59, 71, 96, 5]],

[ 4, 25, 0,[ 37, 84, 27, 2, 3]],

[ 42, 25, 0,[ 79, 71, 75, 95]],

[ 84, 25, 0,[ 58, 4, 12]],

[ 0, 25, 1,[ 8, 89, 83]],

[ 94, 25, 0,[ 70, 51, 32, 59]],

[ 83, 25, 0,[ 54, 52, 0]],

[ 15, 25, 0,[ 67, 76, 22]],

[ 7, 25, 1,[ 9, 50, 76, 55]],

[ 38, 25, 0,[ 31, 45, 64, 47, 1]],

[ 71, 25, 0,[ 34, 69, 42]],

[ 21, 25, 0,[ 5, 48, 1]],

[ 46, 25, 0,[ 26, 16, 70, 59, 80, 5]],

[ 33, 25, 0,[ 78, 47, 55]],

[ 9, 25, 0,[ 87, 7, 99, 66]],

[ 61, 25, 0,[ 93, 85, 89]],

[ 76, 25, 0,[ 15, 88, 7]],

[ 54, 25, 0,[ 83, 20, 49]],

