[ 48, 25, 1,[ 40, 78, 67, 65]],

[ 54, 85, 0,[ 92, 65, 86, 63]],

[ 8, 5, 0,[ 27, 50, 41, 45, 64]],

[ 78, 55, 0,[ 13, 48]],

[ 75, 45, 1,[ 81, 35, 16]],

[ 95, 25, 1,[ 52, 74, 6, 27]],

[ 88, 65, 1,[ 34, 79, 17, 39]],

[ 20, 5, 0,[ 35, 64]],

[ 7, 15, 0,[ 4, 33, 47]],

[ 96, 55, 0,[ 26, 82, 13]],

[ 15, 25, 0,[ 11]],

[ 10, 5, 1,[ 29, 61, 6]],

[ 6, 45, 0,[ 39, 10, 95]],

[ 14, 5, 1,[ 81, 50, 3]],

[ 2, 45, 0,[ 34, 12, 69, 92]],

[ 77, 5, 0,[ 9, 84, 58]],

[ 13, 85, 1,[ 90, 72, 78, 63, 86, 96]],

[ 73, 95, 1,[ 50, 81, 51]],

[ 66, 5, 0,[ 12, 49, 61]],

[ 16, 25, 1,[ 30, 99, 75]],

[ 25, 55, 1,[ 69, 5, 74]],

[ 50, 5, 0,[ 73, 91, 70, 39, 46, 8, 14, 40]],

[ 24, 15, 1,[ 63, 72, 26]],

[ 28, 5, 1,[ 21, 29, 99]],

[ 63, 65, 1,[ 87, 54, 13, 57, 24]],

[ 35, 5, 0,[ 75, 20, 30]],

[ 9, 5, 0,[ 0, 32, 99, 53, 77]],

[ 80, 65, 0,[ 56, 41, 59]],

[ 19, 25, 1,[ 40, 89, 97]],

[ 3, 45, 0,[ 1, 14, 30]],

[ 47, 65, 1,[ 46, 34, 7]],

[ 32, 5, 1,[ 9, 61, 93]],

[ 97, 5, 0,[ 21, 71, 12, 19, 91]],

[ 85, 55, 1,[ 71, 44, 18]],

[ 56, 45, 1,[ 71, 41, 68, 80]],

[ 98, 5, 1,[ 37, 11, 79]],

[ 27, 5, 0,[ 68, 8, 95]],

[ 21, 65, 1,[ 97, 26, 28]],

[ 93, 5, 0,[ 79, 32, 68]],

[ 26, 5, 0,[ 24, 96, 89, 21]],

[ 45, 95, 1,[ 8, 58, 44]],

[ 18, 5, 0,[ 0, 85, 23]],

[ 49, 5, 0,[ 66, 94, 90]],

[ 29, 85, 0,[ 28, 10, 42]],

[ 42, 5, 1,[ 33, 36, 89, 29, 0]],

[ 65, 85, 0,[ 48, 44, 54]],

[ 57, 15, 0,[ 63, 62, 44]],

[ 23, 25, 1,[ 18, 81, 82]],

[ 43, 5, 0,[ 59, 76, 79]],

[ 91, 25, 1,[ 50, 76, 97, 55]],

[ 92, 45, 0,[ 2, 36, 1, 54]],

[ 4, 15, 0,[ 70, 7, 87, 59]],

[ 69, 85, 1,[ 58, 2, 25, 62]],

[ 33, 85, 1,[ 7, 38, 41, 42]],

[ 59, 35, 1,[ 43, 4, 84, 80]],

[ 41, 15, 1,[ 33, 80, 56, 8]],

[ 51, 95, 1,[ 39, 73, 90]],

[ 89, 5, 0,[ 19, 26, 42]],

[ 38, 65, 1,[ 33, 76, 82]],

[ 94, 5, 1,[ 83, 11, 49]],

[ 11, 25, 0,[ 98, 94, 15]],

[ 31, 35, 1,[ 22, 37, 5]],

[ 39, 95, 1,[ 6, 60, 51, 52, 88, 50]],

[ 22, 45, 1,[ 17, 60, 31]],

[ 36, 85, 1,[ 92, 83, 42]],

[ 81, 35, 0,[ 23, 73, 75, 62, 14]],

[ 62, 55, 1,[ 69, 81, 57]],

[ 44, 15, 0,[ 57, 45, 65, 85]],

[ 60, 25, 1,[ 61, 22, 39]],

[ 72, 75, 1,[ 13, 46, 87, 24]],

[ 71, 95, 1,[ 56, 97, 85]],

[ 40, 5, 0,[ 50, 19, 48]],

[ 58, 5, 0,[ 69, 45, 77, 17]],

[ 99, 5, 0,[ 16, 9, 28]],

[ 0, 5, 0,[ 9, 42, 18]],

[ 83, 45, 1,[ 36, 70, 94]],

[ 87, 85, 1,[ 4, 63, 72]],

[ 1, 45, 0,[ 3, 70, 30, 5, 92]],

[ 52, 5, 0,[ 95, 76, 39]],

[ 84, 25, 0,[ 61, 77, 59, 37]],

[ 76, 5, 0,[ 91, 43, 52, 38]],

[ 67, 5, 0,[ 48, 55, 79]],

[ 82, 45, 1,[ 23, 38, 96]],

[ 30, 5, 1,[ 3, 35, 1, 16]],

[ 79, 5, 0,[ 67, 93, 43, 88, 98]],

[ 12, 5, 0,[ 97, 66, 2]],

[ 37, 55, 1,[ 84, 31, 86, 98]],

[ 17, 5, 0,[ 88, 22, 58]],

[ 46, 5, 0,[ 50, 72, 47]],

[ 5, 45, 0,[ 25, 31, 1]],

[ 61, 55, 1,[ 66, 10, 84, 32, 60]],

[ 34, 45, 0,[ 53, 47, 2, 88]],

[ 53, 85, 1,[ 34, 68, 9]],

[ 55, 5, 0,[ 67, 64, 91]],

[ 74, 5, 1,[ 95, 86, 25]],

[ 90, 35, 1,[ 51, 49, 13]],

[ 68, 5, 0,[ 27, 53, 93, 56]],

[ 70, 5, 1,[ 50, 1, 83, 4]],

[ 86, 65, 1,[ 54, 37, 74, 13]],

[ 64, 5, 0,[ 20, 55, 8]],

