[ 14, 15, 1,[ 15, 41, 16, 37]],

[ 44, 5, 0,[ 56, 91, 88]],

[ 7, 75, 0,[ 94, 26, 51]],

[ 35, 25, 0,[ 99, 4, 10]],

[ 64, 15, 0,[ 80, 31, 95]],

[ 56, 5, 1,[ 97, 59, 44]],

[ 41, 95, 1,[ 98, 65, 14]],

[ 47, 75, 0,[ 92, 21, 40, 1]],

[ 94, 5, 1,[ 96, 48, 16, 68, 7, 9]],

[ 85, 85, 1,[ 28, 19, 40, 95]],

[ 76, 35, 0,[ 27, 99, 23]],

[ 51, 35, 1,[ 7, 20, 82]],

[ 42, 75, 1,[ 37, 97, 30, 83]],

[ 68, 35, 0,[ 12, 31, 94]],

[ 15, 65, 0,[ 71, 14, 61, 72]],

[ 28, 25, 0,[ 74, 85, 3, 69, 82]],

[ 90, 15, 1,[ 70, 22, 10]],

[ 98, 95, 0,[ 75, 41, 92]],

[ 8, 75, 0,[ 37, 50, 77, 92]],

[ 19, 85, 1,[ 37, 85, 36]],

[ 78, 25, 0,[ 32, 62, 4, 71]],

[ 83, 55, 1,[ 40, 42, 63]],

[ 20, 25, 0,[ 57, 87, 51, 79]],

[ 12, 35, 0,[ 68, 23, 18]],

[ 25, 5, 1,[ 30, 63, 11, 97]],

[ 75, 95, 1,[ 98, 49, 32, 67]],

[ 17, 45, 1,[ 57, 24, 33]],

[ 88, 95, 1,[ 44, 87, 24]],

[ 34, 25, 0,[ 84, 80, 50]],

[ 93, 15, 1,[ 55, 2, 9]],

[ 61, 85, 0,[ 15, 63, 26, 58, 70]],

[ 87, 95, 1,[ 88, 71, 20]],

[ 80, 25, 0,[ 64, 34]],

[ 2, 75, 0,[ 93, 37, 48, 62]],

[ 82, 5, 1,[ 28, 95, 51]],

[ 1, 75, 1,[ 47, 9, 31]],

[ 96, 65, 0,[ 89, 39, 94]],

[ 5, 25, 0,[ 18, 50]],

[ 27, 35, 1,[ 53, 67, 76, 18, 99]],

[ 33, 45, 1,[ 49, 81, 73, 52, 17]],

[ 53, 85, 1,[ 30, 27, 77]],

[ 81, 45, 0,[ 84, 72, 71, 33]],

[ 11, 85, 0,[ 86, 25, 54]],

[ 22, 95, 1,[ 65, 71, 90]],

[ 89, 65, 0,[ 66, 0, 96]],

[ 6, 65, 0,[ 55, 29, 0]],

[ 50, 25, 0,[ 8, 5, 34]],

[ 36, 85, 1,[ 24, 97, 19]],

[ 63, 55, 1,[ 25, 49, 45, 61, 83]],

[ 18, 25, 0,[ 5, 43, 84, 12, 27]],

[ 3, 25, 0,[ 28, 31, 4]],

[ 79, 25, 0,[ 45, 20]],

[ 69, 25, 1,[ 66, 28, 57]],

[ 16, 5, 1,[ 73, 14, 94]],

[ 29, 65, 0,[ 99, 86, 6, 62, 38]],

[ 13, 25, 0,[ 73, 10]],

[ 21, 5, 1,[ 45, 47, 91]],

[ 95, 35, 1,[ 64, 65, 82, 85]],

[ 0, 65, 0,[ 6, 89, 9]],

[ 52, 45, 0,[ 74, 86, 33]],

[ 62, 25, 1,[ 2, 78, 29]],

[ 92, 75, 0,[ 59, 98, 8, 47]],

[ 39, 85, 1,[ 46, 96, 49]],

[ 4, 25, 0,[ 3, 78, 35]],

[ 57, 45, 1,[ 17, 20, 43, 69]],

[ 26, 45, 0,[ 49, 7, 61]],

[ 38, 45, 1,[ 29, 23, 10]],

[ 54, 15, 0,[ 74, 11, 23]],

[ 74, 55, 1,[ 54, 52, 28]],

[ 31, 15, 1,[ 68, 64, 3, 1, 55]],

[ 67, 95, 0,[ 58, 27, 75]],

[ 55, 65, 0,[ 6, 31, 93]],

[ 59, 65, 1,[ 66, 56, 92, 24]],

[ 99, 35, 0,[ 35, 76, 29, 27]],

[ 73, 5, 1,[ 84, 33, 13, 16, 60]],

[ 32, 95, 1,[ 78, 75, 71]],

[ 97, 35, 0,[ 23, 42, 56, 36, 25]],

[ 40, 95, 0,[ 85, 47, 83, 58]],

[ 10, 65, 1,[ 35, 38, 13, 90]],

[ 91, 5, 1,[ 44, 60, 21]],

[ 70, 35, 1,[ 90, 61, 43]],

[ 49, 45, 0,[ 26, 63, 75, 39, 33]],

[ 46, 25, 0,[ 39, 45, 30]],

[ 60, 85, 1,[ 91, 73, 23]],

[ 24, 95, 1,[ 88, 59, 36, 17]],

[ 23, 35, 1,[ 60, 97, 76, 12, 38, 54]],

[ 86, 85, 1,[ 29, 11, 52]],

[ 9, 35, 0,[ 93, 1, 48, 94, 0]],

[ 71, 95, 1,[ 81, 22, 72, 15, 78, 87, 32]],

[ 66, 25, 0,[ 69, 89, 59]],

[ 84, 25, 0,[ 34, 73, 81, 18]],

[ 37, 75, 1,[ 2, 14, 19, 8, 42]],

[ 65, 95, 0,[ 41, 95, 22]],

[ 58, 25, 0,[ 61, 40, 67]],

[ 48, 75, 1,[ 9, 94, 2]],

[ 45, 45, 1,[ 46, 21, 79, 63]],

[ 30, 5, 1,[ 53, 46, 42, 25]],

[ 43, 25, 0,[ 18, 57, 70]],

[ 77, 75, 0,[ 8, 53]],

[ 72, 65, 1,[ 81, 15, 71]],

