[ 68, 45, 1,[ 23, 91, 16]],

[ 92, 95, 1,[ 18, 89, 35]],

[ 33, 55, 0,[ 28, 62, 8]],

[ 54, 15, 1,[ 45, 75, 73, 67]],

[ 48, 15, 0,[ 91, 20, 94, 93, 5]],

[ 96, 75, 1,[ 84, 93, 40, 76]],

[ 86, 65, 0,[ 21, 52]],

[ 12, 65, 1,[ 30, 87, 98, 82]],

[ 22, 5, 0,[ 11, 90, 19]],

[ 94, 15, 0,[ 48, 38, 72]],

[ 70, 65, 0,[ 81, 52, 50, 60]],

[ 79, 75, 1,[ 16, 99, 13, 40]],

[ 38, 5, 0,[ 65, 94, 69, 21]],

[ 85, 25, 0,[ 47, 93, 99]],

[ 36, 45, 0,[ 64, 25, 27]],

[ 74, 55, 0,[ 55, 59, 6, 0]],

[ 41, 95, 0,[ 13, 88, 4]],

[ 27, 45, 0,[ 36, 44, 39]],

[ 98, 15, 0,[ 49, 64, 77, 12, 99]],

[ 13, 65, 0,[ 2, 34, 41, 4, 28, 79]],

[ 57, 45, 0,[ 59, 91, 82, 67, 42]],

[ 66, 55, 1,[ 31, 61, 84]],

[ 30, 65, 0,[ 16, 12, 28]],

[ 62, 65, 1,[ 81, 73, 33, 20]],

[ 59, 45, 0,[ 57, 99, 51, 74]],

[ 7, 35, 1,[ 55, 89, 49]],

[ 35, 75, 1,[ 99, 92, 72]],

[ 81, 15, 1,[ 70, 1, 62]],

[ 14, 55, 0,[ 50, 61, 76]],

[ 95, 5, 0,[ 11, 28, 17]],

[ 84, 95, 1,[ 16, 96, 66]],

[ 91, 15, 0,[ 48, 57, 68]],

[ 53, 65, 0,[ 47, 34, 29]],

[ 43, 15, 1,[ 97, 56, 76, 25, 10]],

[ 52, 5, 1,[ 6, 1, 86, 72, 70]],

[ 87, 15, 0,[ 12, 28, 72]],

[ 65, 55, 1,[ 19, 46, 38, 31, 61]],

[ 8, 65, 1,[ 97, 33, 9, 56, 32]],

[ 90, 55, 0,[ 23, 22, 15]],

[ 76, 5, 1,[ 80, 43, 14, 96]],

[ 15, 25, 1,[ 90, 25, 69]],

[ 67, 85, 1,[ 54, 57, 20]],

[ 69, 5, 0,[ 15, 38, 26]],

[ 77, 75, 1,[ 24, 20, 98]],

[ 50, 25, 1,[ 70, 82, 14]],

[ 29, 25, 1,[ 53, 25, 17]],

[ 34, 85, 1,[ 9, 13, 53]],

[ 42, 45, 0,[ 10, 57, 39]],

[ 63, 55, 0,[ 44, 0, 26, 3]],

[ 16, 65, 0,[ 84, 21, 68, 30, 79]],

[ 97, 55, 1,[ 43, 8, 75]],

[ 55, 85, 1,[ 74, 39, 7]],

[ 11, 95, 1,[ 22, 95, 99]],

[ 37, 5, 0,[ 24, 80, 75, 31]],

[ 0, 25, 1,[ 74, 63, 9]],

[ 51, 45, 0,[ 78, 18, 59]],

[ 39, 45, 0,[ 27, 42, 55, 44]],

[ 9, 65, 1,[ 0, 34, 8]],

[ 45, 5, 0,[ 54, 5, 80, 73, 46]],

[ 18, 5, 1,[ 51, 92, 23]],

[ 2, 95, 1,[ 13, 10, 47]],

[ 23, 15, 0,[ 68, 90, 18]],

[ 26, 35, 1,[ 6, 63, 60, 69]],

[ 49, 75, 1,[ 99, 98, 7]],

[ 83, 25, 0,[ 19, 47, 58]],

[ 44, 75, 1,[ 63, 27, 88, 39]],

[ 64, 5, 1,[ 98, 78, 36]],

[ 10, 55, 0,[ 43, 42, 2, 46]],

[ 71, 95, 0,[ 1, 19, 93]],

[ 28, 85, 1,[ 99, 33, 95, 13, 87, 30]],

[ 89, 85, 1,[ 7, 47, 82, 92]],

[ 19, 5, 0,[ 83, 71, 65, 22]],

[ 60, 75, 0,[ 26, 75, 58, 70]],

[ 6, 15, 1,[ 32, 52, 26, 74]],

[ 46, 25, 1,[ 45, 65, 78, 40, 10]],

[ 73, 25, 0,[ 45, 62, 54]],

[ 75, 75, 0,[ 97, 37, 60, 54]],

[ 4, 95, 1,[ 41, 82, 13]],

[ 17, 5, 0,[ 95, 32, 29]],

[ 1, 85, 1,[ 71, 52, 81]],

[ 99, 25, 1,[ 35, 85, 11, 49, 79, 28, 98, 59]],

[ 40, 95, 1,[ 96, 79, 46]],

[ 25, 55, 0,[ 29, 43, 36, 15]],

[ 3, 15, 1,[ 78, 24, 63]],

[ 58, 55, 1,[ 83, 60, 5]],

[ 93, 65, 1,[ 48, 85, 96, 71]],

[ 32, 55, 0,[ 8, 17, 6]],

[ 21, 65, 0,[ 38, 86, 16]],

[ 82, 25, 0,[ 57, 12, 4, 50, 88, 89]],

[ 5, 25, 1,[ 48, 58, 45]],

[ 72, 15, 0,[ 35, 87, 94, 52]],

[ 88, 25, 0,[ 44, 82, 41]],

[ 61, 55, 0,[ 66, 14, 65]],

[ 80, 75, 1,[ 76, 45, 37]],

[ 47, 45, 1,[ 2, 53, 83, 85, 89]],

[ 20, 55, 1,[ 67, 77, 48, 62]],

[ 24, 5, 0,[ 3, 37, 77]],

[ 56, 55, 0,[ 43, 8, 78]],

[ 78, 75, 1,[ 56, 64, 51, 46, 3]],

[ 31, 5, 0,[ 66, 65, 37]],

