[ 91, 85, 0,[ 69, 27, 19]],

[ 63, 85, 0,[ 54, 28, 95]],

[ 77, 85, 0,[ 39, 69, 80]],

[ 62, 85, 0,[ 60, 28, 99, 90]],

[ 82, 85, 0,[ 11, 3, 57]],

[ 41, 85, 0,[ 27, 6, 32, 16, 19]],

[ 65, 85, 0,[ 20, 59, 46, 48]],

[ 67, 85, 0,[ 51, 71, 69]],

[ 92, 85, 0,[ 75, 2, 45]],

[ 19, 85, 0,[ 71, 41, 54, 91, 14, 12]],

[ 7, 35, 1,[ 73, 49, 35]],

[ 58, 85, 0,[ 64, 79, 52, 76]],

[ 4, 85, 0,[ 36, 10, 94]],

[ 86, 85, 0,[ 20, 50, 96, 85]],

[ 42, 85, 0,[ 17, 29, 23, 56]],

[ 5, 85, 0,[ 87, 37, 70, 97, 23]],

[ 30, 85, 0,[ 87, 0, 44]],

[ 3, 85, 0,[ 75, 82, 15, 26]],

[ 18, 85, 0,[ 72, 11, 47]],

[ 2, 45, 1,[ 88, 0, 92, 53]],

[ 46, 85, 0,[ 65, 31, 8]],

[ 39, 85, 0,[ 93, 99, 12, 77]],

[ 8, 85, 0,[ 73, 45, 46]],

[ 53, 85, 0,[ 2, 34, 73, 69]],

[ 15, 85, 0,[ 3, 14]],

[ 54, 85, 0,[ 19, 78, 6, 63]],

[ 33, 85, 0,[ 22, 35, 66]],

[ 75, 85, 0,[ 92, 3]],

[ 74, 85, 0,[ 97, 78]],

[ 13, 85, 0,[ 34, 70, 61]],

[ 43, 85, 0,[ 76, 47, 78]],

[ 10, 85, 0,[ 59, 27, 88, 80, 4]],

[ 52, 85, 0,[ 49, 55, 58]],

[ 66, 85, 0,[ 33, 38, 23]],

[ 81, 85, 1,[ 36, 1, 96]],

[ 76, 85, 0,[ 50, 72, 9, 58, 80, 43]],

[ 85, 85, 0,[ 86, 38, 88, 70]],

[ 61, 85, 0,[ 78, 12, 13, 57, 89]],

[ 48, 85, 0,[ 21, 65, 83, 57]],

[ 90, 85, 0,[ 62, 78, 94, 14, 71]],

[ 87, 85, 0,[ 30, 84, 5]],

[ 44, 85, 0,[ 30, 68, 20, 49]],

[ 11, 35, 1,[ 21, 82, 18, 97]],

[ 60, 85, 0,[ 9, 62, 29]],

[ 20, 85, 0,[ 86, 65, 44]],

[ 17, 85, 0,[ 42, 98, 64]],

[ 99, 85, 0,[ 56, 39, 62]],

[ 72, 85, 0,[ 38, 76, 18]],

[ 84, 85, 0,[ 87, 57, 56]],

[ 69, 85, 0,[ 91, 22, 77, 67, 53, 0]],

[ 27, 85, 0,[ 91, 41, 93, 10]],

[ 71, 85, 0,[ 67, 19, 90]],

[ 88, 85, 0,[ 21, 25, 85, 2, 10]],

[ 40, 85, 0,[ 49, 68, 22]],

[ 68, 85, 0,[ 44, 40, 9]],

[ 94, 85, 0,[ 90, 4, 50]],

[ 73, 85, 0,[ 53, 7, 96, 8]],

[ 93, 85, 0,[ 26, 27, 39]],

[ 31, 85, 0,[ 51, 98, 46]],

[ 55, 85, 0,[ 52, 28, 16]],

[ 22, 85, 0,[ 69, 40, 33]],

[ 6, 35, 1,[ 96, 41, 38, 54]],

[ 59, 85, 0,[ 10, 65, 1]],

[ 80, 85, 0,[ 76, 32, 10, 77]],

[ 35, 85, 0,[ 37, 7, 25, 33]],

[ 96, 85, 0,[ 73, 81, 86, 37, 6]],

[ 9, 85, 1,[ 76, 68, 57, 60]],

[ 23, 85, 0,[ 42, 66, 5]],

[ 78, 85, 0,[ 61, 54, 43, 90, 74]],

[ 28, 85, 0,[ 55, 62, 63]],

[ 34, 85, 0,[ 53, 83, 13]],

[ 25, 85, 0,[ 1, 35, 88]],

[ 64, 85, 0,[ 17, 89, 58]],

[ 24, 85, 0,[ 51, 89]],

[ 98, 85, 0,[ 17, 31, 12]],

[ 38, 85, 0,[ 66, 72, 6, 85]],

[ 79, 85, 0,[ 26, 45, 97, 58]],

[ 89, 55, 1,[ 64, 24, 61]],

[ 50, 85, 0,[ 94, 86, 76]],

[ 57, 85, 0,[ 48, 84, 82, 61, 9]],

[ 47, 85, 0,[ 43, 56, 18]],

[ 70, 85, 0,[ 85, 5, 13]],

[ 49, 85, 1,[ 7, 44, 40, 52]],

[ 1, 85, 0,[ 81, 25, 32, 59]],

[ 97, 85, 0,[ 79, 74, 5, 11]],

[ 83, 85, 0,[ 48, 26, 34]],

[ 16, 85, 0,[ 55, 41]],

[ 56, 85, 0,[ 99, 42, 47, 84, 29]],

[ 37, 85, 0,[ 35, 5, 96]],

[ 14, 85, 0,[ 15, 90, 19]],

[ 36, 85, 0,[ 81, 95, 4]],

[ 45, 85, 0,[ 92, 8, 79]],

[ 32, 85, 0,[ 1, 80, 41]],

[ 95, 85, 0,[ 26, 63, 36]],

[ 12, 85, 0,[ 39, 61, 19, 98]],

[ 0, 55, 1,[ 30, 2, 69]],

[ 29, 85, 0,[ 56, 60, 42]],

[ 26, 35, 1,[ 93, 95, 3, 79, 83]],

[ 51, 85, 0,[ 31, 67, 24]],

[ 21, 85, 0,[ 88, 48, 11]],

