[ 4, 45, 0,[ 44, 85, 34]],

[ 97, 45, 0,[ 5, 43, 26, 42]],

[ 19, 45, 0,[ 98, 45, 75, 84, 70]],

[ 16, 45, 1,[ 74, 36, 77]],

[ 90, 45, 0,[ 78, 64, 43]],

[ 39, 45, 1,[ 47, 91, 25]],

[ 55, 45, 0,[ 29, 28, 99]],

[ 29, 45, 0,[ 55, 23, 17]],

[ 63, 45, 0,[ 37, 11, 54, 88]],

[ 34, 45, 0,[ 4, 42, 78]],

[ 59, 45, 0,[ 3, 91, 46]],

[ 18, 45, 0,[ 13, 14, 11]],

[ 33, 45, 0,[ 35, 84, 96]],

[ 99, 45, 0,[ 55, 7, 62]],

[ 42, 55, 1,[ 34, 97, 5, 89, 17]],

[ 95, 85, 1,[ 68, 74, 58]],

[ 10, 45, 1,[ 23, 80, 68]],

[ 15, 45, 0,[ 37, 64, 9]],

[ 53, 45, 0,[ 65, 2, 72]],

[ 60, 45, 0,[ 9, 77, 76, 82, 30]],

[ 70, 45, 0,[ 25, 19, 7]],

[ 96, 45, 0,[ 33, 73, 24, 6]],

[ 64, 45, 0,[ 30, 15, 90]],

[ 66, 45, 0,[ 0, 23, 36]],

[ 7, 45, 0,[ 31, 28, 99, 70]],

[ 32, 45, 0,[ 75, 93, 14, 38]],

[ 14, 45, 0,[ 83, 92, 18, 27, 32, 73]],

[ 36, 45, 0,[ 66, 0, 16]],

[ 81, 45, 0,[ 26, 98, 1]],

[ 45, 45, 0,[ 69, 50, 19]],

[ 88, 45, 0,[ 63, 61, 6, 26]],

[ 78, 45, 0,[ 54, 94, 86, 85, 34, 47, 41, 90]],

[ 37, 45, 0,[ 75, 63, 86, 15]],

[ 52, 45, 0,[ 91, 98, 2, 21]],

[ 8, 45, 0,[ 84, 76, 35]],

[ 35, 45, 0,[ 8, 71, 33]],

[ 24, 45, 0,[ 40, 82, 43, 96]],

[ 94, 45, 0,[ 74, 47, 78]],

[ 47, 45, 0,[ 39, 78, 94]],

[ 69, 45, 0,[ 45, 13, 6]],

[ 75, 45, 0,[ 19, 37, 32]],

[ 30, 45, 0,[ 83, 60, 3, 64]],

[ 58, 45, 0,[ 44, 95, 86]],

[ 62, 45, 0,[ 72, 20, 99]],

[ 87, 45, 0,[ 17, 12, 72]],

[ 79, 45, 0,[ 57, 3, 67, 6]],

[ 20, 45, 0,[ 86, 62, 38]],

[ 84, 45, 0,[ 8, 33, 19]],

[ 67, 45, 0,[ 92, 79, 89]],

[ 86, 25, 1,[ 20, 37, 78, 58]],

[ 27, 45, 0,[ 1, 92, 14]],

[ 49, 45, 0,[ 40, 5, 68]],

[ 91, 15, 1,[ 0, 52, 59, 48, 39]],

[ 89, 45, 0,[ 57, 42, 67]],

[ 61, 45, 0,[ 88, 77, 5]],

[ 11, 45, 0,[ 63, 92, 18]],

[ 6, 45, 0,[ 96, 88, 65, 21, 69, 79]],

[ 44, 45, 0,[ 56, 4, 58, 0]],

[ 50, 45, 0,[ 54, 22, 45]],

[ 54, 45, 0,[ 50, 76, 63, 78]],

[ 25, 45, 0,[ 70, 51, 39]],

[ 17, 45, 0,[ 42, 87, 29]],

[ 26, 45, 0,[ 97, 81, 88]],

[ 98, 5, 1,[ 19, 22, 52, 81]],

[ 46, 45, 0,[ 59, 23, 93, 65]],

[ 48, 45, 1,[ 41, 74, 91, 65]],

[ 3, 45, 0,[ 59, 79, 30]],

[ 2, 45, 0,[ 21, 52, 53, 0]],

[ 71, 45, 0,[ 35, 51, 22]],

[ 65, 45, 0,[ 48, 56, 53, 0, 6, 46]],

[ 1, 45, 0,[ 12, 57, 81, 27]],

[ 72, 45, 0,[ 62, 87, 82, 53]],

[ 31, 45, 0,[ 7, 38, 0]],

[ 40, 45, 0,[ 23, 49, 24]],

[ 73, 45, 0,[ 80, 14, 96, 0]],

[ 51, 45, 0,[ 71, 25]],

[ 43, 45, 0,[ 24, 97, 90]],

[ 22, 45, 0,[ 98, 71, 50]],

[ 76, 45, 0,[ 54, 8, 60]],

[ 57, 95, 1,[ 79, 1, 89, 13, 9]],

[ 0, 45, 0,[ 13, 91, 44, 36, 66, 2, 65, 73, 31]],

[ 13, 45, 0,[ 57, 18, 69, 0]],

[ 5, 45, 0,[ 61, 49, 42, 97]],

[ 74, 45, 0,[ 95, 48, 56, 16, 94]],

[ 82, 45, 0,[ 72, 60, 24]],

[ 12, 45, 0,[ 1, 80, 87]],

[ 80, 45, 0,[ 12, 10, 73]],

[ 41, 45, 0,[ 28, 78, 48, 77]],

[ 21, 45, 0,[ 52, 2, 6]],

[ 9, 45, 0,[ 15, 57, 60]],

[ 28, 45, 0,[ 7, 55, 41]],

[ 85, 45, 0,[ 78, 38, 4]],

[ 92, 45, 0,[ 67, 27, 14, 11]],

[ 77, 45, 0,[ 16, 41, 60, 61]],

[ 23, 45, 0,[ 10, 29, 46, 40, 66]],

[ 68, 45, 0,[ 49, 95, 10]],

[ 38, 45, 0,[ 31, 32, 20, 85]],

[ 83, 45, 0,[ 93, 30, 14]],

[ 56, 45, 0,[ 44, 74, 65]],

[ 93, 45, 0,[ 83, 32, 46]],

