[ 33, 25, 1,[ 84, 45, 35, 94]],

[ 81, 25, 0,[ 20, 37, 90, 26, 96, 1]],

[ 17, 85, 1,[ 42, 47, 43, 29]],

[ 23, 45, 1,[ 30, 45, 5]],

[ 16, 25, 0,[ 44, 41, 8]],

[ 86, 25, 1,[ 7, 72, 20]],

[ 25, 65, 1,[ 18, 51, 85]],

[ 82, 15, 1,[ 62, 21, 34]],

[ 32, 5, 1,[ 1, 38, 75, 40]],

[ 31, 95, 1,[ 48, 39, 0, 50, 7]],

[ 74, 95, 1,[ 85, 99, 30]],

[ 14, 25, 1,[ 54, 5, 8]],

[ 80, 25, 0,[ 89, 12, 77]],

[ 43, 25, 0,[ 98, 17, 49]],

[ 59, 25, 1,[ 28, 3, 6]],

[ 27, 25, 0,[ 61, 77, 89]],

[ 6, 25, 0,[ 40, 59, 38, 76, 54]],

[ 72, 75, 1,[ 51, 18, 86]],

[ 39, 25, 1,[ 85, 29, 31]],

[ 85, 25, 1,[ 25, 22, 4, 39, 74]],

[ 28, 25, 0,[ 59, 36, 49, 55]],

[ 18, 25, 1,[ 11, 25, 72, 67]],

[ 0, 25, 0,[ 35, 3, 73, 48, 24, 13, 44, 66, 41, 65, 31, 49, 55]],

[ 46, 75, 1,[ 97, 58, 65, 8, 77]],

[ 34, 25, 0,[ 7, 82, 30, 4, 20]],

[ 89, 25, 0,[ 64, 80, 67, 27]],

[ 3, 25, 0,[ 2, 0, 59]],

[ 9, 25, 0,[ 64, 69, 15, 76]],

[ 38, 25, 1,[ 6, 32, 24]],

[ 11, 25, 0,[ 63, 87, 79, 61, 18]],

[ 51, 45, 1,[ 72, 25, 10, 71]],

[ 35, 25, 0,[ 33, 21, 0]],

[ 91, 25, 1,[ 56, 19, 26, 50]],

[ 55, 25, 0,[ 0, 28, 15, 29]],

[ 79, 25, 0,[ 58, 11, 41, 26]],

[ 83, 45, 1,[ 42, 67, 12]],

[ 97, 25, 0,[ 46, 7]],

[ 75, 25, 1,[ 40, 32, 26]],

[ 44, 25, 0,[ 68, 0, 4, 16, 49, 94]],

[ 88, 75, 1,[ 87, 2, 5]],

[ 48, 25, 1,[ 31, 1, 0]],

[ 98, 25, 1,[ 10, 43, 22]],

[ 87, 75, 1,[ 30, 8, 11, 88]],

[ 93, 35, 1,[ 26, 42, 60]],

[ 67, 75, 1,[ 83, 18, 89]],

[ 21, 25, 1,[ 82, 35, 62]],

[ 73, 55, 1,[ 8, 0, 96]],

[ 63, 25, 1,[ 64, 11, 57]],

[ 77, 25, 0,[ 95, 27, 80, 68, 46]],

[ 7, 25, 0,[ 31, 34, 97, 86]],

[ 95, 25, 1,[ 96, 71, 77]],

[ 8, 25, 0,[ 73, 84, 87, 46, 14, 16]],

[ 22, 25, 1,[ 50, 71, 85, 98]],

[ 58, 25, 0,[ 79, 52, 46]],

[ 10, 25, 1,[ 51, 78, 98]],

[ 61, 25, 0,[ 29, 27, 11, 78, 13]],

[ 50, 25, 0,[ 22, 91, 31]],

[ 29, 25, 0,[ 57, 55, 17, 39, 61]],

[ 40, 25, 0,[ 75, 6, 32, 68]],

[ 42, 75, 1,[ 83, 17, 93]],

[ 94, 25, 1,[ 92, 44, 33]],

[ 4, 25, 0,[ 36, 34, 68, 85, 64, 44]],

[ 41, 85, 1,[ 79, 0, 16]],

[ 37, 75, 1,[ 24, 5, 81]],

[ 57, 15, 1,[ 29, 63, 20]],

[ 36, 45, 1,[ 4, 66, 28]],

[ 70, 45, 1,[ 5, 60, 24]],

[ 47, 25, 0,[ 99, 56, 17]],

[ 96, 25, 0,[ 56, 81, 95, 73]],

[ 26, 25, 0,[ 79, 93, 75, 91, 81]],

[ 64, 25, 0,[ 89, 4, 63, 9]],

[ 60, 25, 1,[ 52, 70, 93, 62]],

[ 52, 25, 0,[ 60, 58, 19]],

[ 5, 25, 0,[ 14, 70, 37, 23, 88]],

[ 15, 25, 0,[ 45, 55, 9, 92]],

[ 56, 85, 1,[ 47, 90, 96, 65, 91]],

[ 78, 25, 0,[ 10, 54, 61, 90]],

[ 20, 25, 0,[ 86, 13, 81, 57, 34]],

[ 49, 25, 0,[ 28, 44, 0, 43, 84]],

[ 62, 25, 0,[ 82, 60, 21, 99]],

[ 2, 25, 0,[ 3, 53, 88, 54]],

[ 90, 25, 1,[ 81, 56, 78]],

[ 65, 25, 0,[ 53, 56, 46, 0]],

[ 69, 25, 1,[ 1, 9, 92]],

[ 54, 25, 0,[ 19, 78, 14, 6, 2]],

[ 19, 35, 1,[ 54, 91, 52]],

[ 12, 25, 0,[ 1, 92, 80, 83]],

[ 76, 25, 0,[ 6, 9]],

[ 45, 25, 1,[ 1, 15, 23, 33]],

[ 71, 25, 1,[ 22, 51, 95]],

[ 53, 25, 1,[ 2, 65, 84]],

[ 66, 25, 0,[ 36, 0]],

[ 1, 25, 0,[ 81, 32, 48, 69, 45, 12]],

[ 99, 25, 0,[ 62, 47, 74]],

[ 68, 25, 0,[ 77, 4, 40, 44]],

[ 84, 25, 0,[ 92, 49, 8, 53, 33]],

[ 13, 25, 0,[ 20, 61, 0]],

[ 24, 25, 1,[ 37, 38, 0, 70]],

[ 30, 85, 1,[ 34, 74, 23, 87]],

[ 92, 25, 0,[ 84, 12, 94, 15, 69]],

