[ 30, 25, 0,[ 91, 60, 20, 83]],

[ 96, 25, 0,[ 21, 54, 80]],

[ 90, 25, 0,[ 32, 10, 15, 79]],

[ 61, 25, 0,[ 44, 81, 76]],

[ 87, 25, 0,[ 43, 37, 31]],

[ 51, 25, 0,[ 57, 78, 71]],

[ 94, 25, 0,[ 92, 14, 83]],

[ 99, 25, 0,[ 38, 21, 2]],

[ 8, 25, 0,[ 15, 0, 83]],

[ 55, 25, 0,[ 7, 77, 11]],

[ 44, 25, 0,[ 42, 82, 61]],

[ 63, 25, 0,[ 4, 33, 53]],

[ 38, 25, 0,[ 49, 64, 99, 26]],

[ 58, 25, 0,[ 19, 24, 21]],

[ 21, 25, 0,[ 6, 96, 99, 58]],

[ 40, 25, 0,[ 7, 6, 47]],

[ 46, 25, 0,[ 66, 52, 92]],

[ 60, 25, 0,[ 13, 18, 30, 41]],

[ 70, 25, 0,[ 53, 42]],

[ 35, 25, 0,[ 11, 59, 2, 76]],

[ 73, 25, 0,[ 74, 10, 39, 34]],

[ 34, 25, 0,[ 93, 1, 73]],

[ 10, 95, 1,[ 90, 77, 73]],

[ 11, 25, 0,[ 55, 35]],

[ 36, 25, 0,[ 72, 37, 53]],

[ 91, 25, 0,[ 50, 30, 49]],

[ 77, 25, 0,[ 56, 67, 43, 55, 10]],

[ 93, 25, 0,[ 41, 81, 23, 34]],

[ 64, 25, 0,[ 83, 2, 50, 38]],

[ 76, 25, 0,[ 72, 49, 35, 61]],

[ 69, 25, 0,[ 67, 59, 78]],

[ 7, 25, 0,[ 59, 40, 55]],

[ 1, 25, 0,[ 41, 2, 34]],

[ 71, 25, 0,[ 48, 51, 27]],

[ 2, 25, 0,[ 39, 64, 1, 35, 99]],

[ 27, 25, 0,[ 71, 32, 4, 15, 19]],

[ 41, 25, 0,[ 93, 48, 60, 1]],

[ 13, 25, 0,[ 47, 60, 26]],

[ 89, 25, 0,[ 25, 14, 33]],

[ 97, 25, 0,[ 18, 9, 68]],

[ 74, 25, 1,[ 82, 73, 86]],

[ 95, 25, 1,[ 32, 31, 3]],

[ 67, 25, 0,[ 77, 54, 12, 69]],

[ 5, 25, 0,[ 85, 12, 37, 23, 14, 82]],

[ 88, 25, 0,[ 18, 72]],

[ 39, 35, 1,[ 73, 62, 2]],

[ 52, 25, 0,[ 62, 46, 78, 45]],

[ 45, 25, 0,[ 57, 25, 52]],

[ 15, 25, 0,[ 90, 8, 27]],

[ 79, 25, 0,[ 83, 3, 90]],

[ 62, 25, 0,[ 16, 52, 39, 29]],

[ 29, 25, 0,[ 57, 62, 66]],

[ 17, 25, 0,[ 56, 98, 75]],

[ 43, 25, 0,[ 77, 12, 87]],

[ 6, 25, 0,[ 98, 40, 19, 21]],

[ 57, 85, 1,[ 51, 29, 45]],

[ 68, 25, 0,[ 97, 42]],

[ 53, 25, 0,[ 63, 36, 70, 65]],

[ 23, 25, 0,[ 93, 5, 26]],

[ 65, 25, 0,[ 53, 78, 98]],

[ 80, 25, 0,[ 49, 96, 22]],

[ 16, 25, 0,[ 25, 62, 19]],

[ 49, 25, 0,[ 80, 91, 76, 38]],

[ 42, 25, 0,[ 68, 44, 70]],

[ 82, 25, 0,[ 74, 5, 44]],

[ 37, 25, 0,[ 87, 5, 36]],

[ 98, 55, 1,[ 17, 6, 65]],

[ 86, 75, 1,[ 33, 74]],

[ 14, 25, 0,[ 94, 89, 5]],

[ 31, 25, 0,[ 24, 9, 87, 22, 95]],

[ 0, 25, 0,[ 8, 24, 56]],

[ 22, 25, 0,[ 28, 80, 31]],

[ 50, 25, 0,[ 9, 91, 64]],

[ 20, 25, 0,[ 54, 28, 30]],

[ 9, 25, 0,[ 50, 97, 31]],

[ 78, 25, 0,[ 51, 52, 65, 69, 3]],

[ 32, 25, 0,[ 27, 95, 90, 85]],

[ 85, 25, 1,[ 5, 81, 32]],

[ 24, 25, 0,[ 31, 58, 0]],

[ 54, 25, 0,[ 28, 96, 20, 67]],

[ 19, 25, 1,[ 58, 16, 27, 6]],

[ 56, 25, 0,[ 17, 0, 77]],

[ 66, 25, 0,[ 46, 29, 25, 28]],

[ 18, 25, 0,[ 60, 97, 88]],

[ 47, 25, 0,[ 13, 40, 33]],

[ 75, 25, 0,[ 26, 84, 17]],

[ 26, 25, 0,[ 23, 38, 75, 13]],

[ 83, 25, 0,[ 64, 94, 8, 30, 79]],

[ 28, 25, 0,[ 54, 20, 66, 22]],

[ 25, 25, 0,[ 16, 89, 48, 66, 45]],

[ 59, 25, 0,[ 7, 69, 35]],

[ 81, 25, 0,[ 93, 61, 85]],

[ 33, 25, 0,[ 63, 47, 86, 89]],

[ 72, 25, 0,[ 36, 88, 76]],

[ 48, 25, 1,[ 41, 25, 71, 84]],

[ 12, 25, 0,[ 5, 67, 43]],

[ 84, 25, 0,[ 4, 75, 48]],

[ 3, 25, 0,[ 79, 92, 78, 95]],

[ 92, 25, 0,[ 46, 94, 3]],

[ 4, 25, 0,[ 27, 63, 84]],

