[ 71, 85, 0,[ 35, 16, 22]],

[ 70, 85, 0,[ 24, 19, 1]],

[ 56, 85, 0,[ 15, 47, 96]],

[ 65, 85, 0,[ 46, 57, 0, 48, 53, 20, 60]],

[ 85, 85, 0,[ 38, 35, 80]],

[ 97, 85, 0,[ 88, 26, 5, 79]],

[ 31, 85, 0,[ 66, 7, 19, 16]],

[ 42, 85, 0,[ 17, 39, 72, 83]],

[ 76, 85, 0,[ 80, 58, 23]],

[ 37, 85, 0,[ 92, 15, 44]],

[ 73, 85, 0,[ 0, 96, 52]],

[ 95, 85, 0,[ 10, 93, 91, 96]],

[ 59, 85, 0,[ 13, 86, 36]],

[ 88, 85, 0,[ 2, 21, 97]],

[ 67, 85, 0,[ 49, 89, 18, 83]],

[ 91, 85, 0,[ 95, 26, 35]],

[ 74, 85, 0,[ 82, 86, 30]],

[ 7, 85, 0,[ 93, 31, 34, 35, 75]],

[ 29, 85, 0,[ 17, 55, 60, 61]],

[ 43, 85, 0,[ 99, 64, 98]],

[ 81, 55, 1,[ 90, 1, 26]],

[ 10, 85, 0,[ 95, 21, 32, 80, 53]],

[ 94, 85, 0,[ 33, 46, 92]],

[ 98, 85, 0,[ 43, 75, 54]],

[ 77, 85, 0,[ 27, 80, 68, 46]],

[ 47, 85, 0,[ 57, 79, 56]],

[ 63, 85, 0,[ 69, 51, 11]],

[ 33, 85, 0,[ 35, 94, 48]],

[ 89, 85, 0,[ 67, 80, 64]],

[ 5, 85, 0,[ 69, 99, 97, 23]],

[ 90, 85, 0,[ 81, 78, 54]],

[ 58, 85, 0,[ 46, 76, 44, 52, 79]],

[ 21, 85, 0,[ 16, 10, 88, 38]],

[ 35, 85, 0,[ 7, 91, 71, 87, 85, 33]],

[ 99, 85, 0,[ 43, 5, 62, 2]],

[ 38, 85, 0,[ 14, 85, 21]],

[ 34, 85, 0,[ 7, 4, 30, 82]],

[ 52, 85, 0,[ 73, 61, 58]],

[ 72, 85, 0,[ 51, 87, 42]],

[ 54, 85, 1,[ 19, 2, 6, 90, 14, 98]],

[ 39, 85, 0,[ 96, 15, 42]],

[ 9, 85, 0,[ 68, 57, 15, 84, 60]],

[ 75, 85, 0,[ 7, 98, 26]],

[ 57, 85, 0,[ 9, 47, 65, 78]],

[ 6, 85, 1,[ 22, 54, 41, 96]],

[ 45, 85, 0,[ 69, 1, 50]],

[ 50, 85, 0,[ 22, 45, 96]],

[ 13, 85, 0,[ 55, 59]],

[ 36, 85, 0,[ 4, 59, 66]],

[ 26, 85, 1,[ 75, 81, 97, 79, 91]],

[ 32, 85, 0,[ 10, 66, 44, 1]],

[ 15, 85, 0,[ 56, 92, 37, 9, 27, 39]],

[ 19, 85, 0,[ 31, 54, 70]],

[ 25, 85, 0,[ 51, 24, 68]],

[ 44, 85, 0,[ 4, 0, 58, 37, 32, 49]],

[ 86, 85, 0,[ 74, 20, 59, 23]],

[ 78, 85, 0,[ 92, 57, 90]],

[ 2, 85, 1,[ 54, 99, 79, 3, 88, 53]],

[ 27, 85, 0,[ 61, 15, 77]],

[ 48, 85, 0,[ 65, 62, 8, 33]],

[ 12, 85, 0,[ 80, 83, 84, 92]],

[ 82, 85, 0,[ 40, 3, 74, 34, 62]],

[ 96, 85, 0,[ 73, 6, 56, 39, 95, 50]],

[ 0, 85, 1,[ 65, 44, 24, 49, 55, 73, 3]],

[ 8, 95, 1,[ 84, 48, 14]],

[ 87, 85, 0,[ 35, 30, 72]],

[ 60, 85, 0,[ 29, 65, 9]],

[ 20, 85, 0,[ 86, 65]],

[ 79, 85, 0,[ 26, 97, 11, 58, 2, 41, 47]],

[ 30, 85, 0,[ 34, 74, 87]],

[ 64, 85, 0,[ 89, 43]],

[ 23, 85, 0,[ 5, 76, 86]],

[ 62, 85, 0,[ 48, 99, 82]],

[ 84, 85, 0,[ 12, 8, 9]],

[ 18, 85, 0,[ 92, 11, 67]],

[ 11, 85, 1,[ 61, 79, 18, 63]],

[ 80, 85, 0,[ 77, 89, 85, 12, 10, 76]],

[ 40, 85, 0,[ 82, 49, 68]],

[ 83, 85, 0,[ 42, 67, 12]],

[ 68, 85, 1,[ 4, 77, 25, 9, 40]],

[ 49, 85, 0,[ 28, 0, 44, 67, 40]],

[ 14, 85, 0,[ 38, 54, 8]],

[ 4, 85, 1,[ 36, 34, 68, 44]],

[ 3, 85, 0,[ 2, 82, 0]],

[ 28, 85, 0,[ 49, 92, 55]],

[ 24, 85, 0,[ 0, 70, 25]],

[ 46, 85, 0,[ 77, 94, 65, 58]],

[ 16, 85, 0,[ 41, 21, 71, 31]],

[ 93, 85, 0,[ 7, 95, 17]],

[ 61, 85, 0,[ 29, 27, 52, 11]],

[ 17, 85, 0,[ 93, 29, 42]],

[ 92, 85, 0,[ 18, 78, 12, 94, 28, 37, 15]],

[ 66, 85, 0,[ 32, 31, 36]],

[ 69, 85, 0,[ 5, 63, 45]],

[ 51, 85, 0,[ 72, 25, 63]],

[ 55, 85, 0,[ 29, 0, 13, 28]],

[ 53, 85, 0,[ 65, 10, 2]],

[ 1, 85, 0,[ 81, 45, 32, 70]],

[ 22, 85, 0,[ 6, 71, 50]],

[ 41, 85, 0,[ 6, 16, 79]],

