[ 78, 25, 1,[ 18, 36, 22]],

[ 6, 35, 1,[ 95, 8]],

[ 95, 45, 0,[ 6, 20, 90]],

[ 24, 45, 0,[ 32, 19, 16, 5]],

[ 48, 45, 0,[ 9, 26, 54, 10, 13]],

[ 68, 95, 1,[ 35, 81, 27, 88, 46]],

[ 70, 45, 0,[ 12, 94, 67, 60, 17, 59]],

[ 99, 5, 1,[ 32, 34, 57, 26]],

[ 81, 45, 1,[ 58, 52, 42, 68]],

[ 27, 75, 1,[ 77, 86, 18, 68]],

[ 13, 45, 0,[ 52, 48, 47]],

[ 97, 75, 1,[ 66, 74, 58, 42]],

[ 9, 85, 1,[ 48, 88, 76, 55]],

[ 4, 75, 1,[ 37, 59, 1, 96]],

[ 96, 75, 1,[ 17, 4, 60]],

[ 72, 45, 0,[ 71, 30]],

[ 3, 45, 0,[ 31, 45, 33, 50]],

[ 21, 45, 0,[ 69, 92, 89, 36]],

[ 5, 45, 1,[ 83, 38, 24]],

[ 38, 45, 0,[ 45, 40, 5]],

[ 11, 45, 1,[ 30, 41, 67, 51]],

[ 55, 45, 1,[ 56, 84, 9]],

[ 54, 45, 1,[ 18, 48, 32]],

[ 93, 45, 0,[ 51, 56, 16]],

[ 65, 55, 1,[ 79, 91, 8, 26]],

[ 88, 45, 0,[ 8, 68, 40, 9]],

[ 82, 45, 0,[ 44, 98, 53, 19]],

[ 64, 45, 1,[ 85, 92, 7, 41]],

[ 36, 45, 0,[ 22, 78, 21, 90]],

[ 89, 5, 1,[ 26, 41, 12, 21]],

[ 91, 45, 0,[ 65, 42, 66]],

[ 0, 5, 1,[ 26, 7, 23]],

[ 63, 45, 0,[ 60, 75, 73, 25]],

[ 51, 45, 0,[ 93, 45, 11, 74, 94]],

[ 79, 45, 1,[ 45, 65, 7, 25]],

[ 66, 15, 1,[ 53, 97, 91]],

[ 46, 45, 1,[ 68, 15, 92, 19]],

[ 67, 45, 1,[ 70, 11, 49]],

[ 10, 45, 0,[ 48, 57, 23, 28]],

[ 19, 45, 0,[ 46, 24, 82]],

[ 35, 15, 1,[ 68, 43, 50]],

[ 73, 45, 0,[ 39, 63, 75]],

[ 16, 45, 0,[ 24, 25, 85, 14, 93, 56]],

[ 49, 25, 1,[ 67, 1, 28]],

[ 14, 45, 0,[ 92, 16, 39]],

[ 18, 25, 1,[ 78, 54, 27]],

[ 76, 95, 1,[ 50, 9, 87]],

[ 43, 55, 1,[ 52, 35, 40]],

[ 44, 25, 1,[ 82, 34, 77, 87]],

[ 17, 45, 1,[ 31, 96, 70]],

[ 77, 75, 1,[ 15, 27, 44]],

[ 61, 25, 1,[ 80, 29, 45]],

[ 39, 45, 0,[ 86, 14, 73, 8]],

[ 20, 75, 1,[ 84, 98, 95]],

[ 75, 45, 0,[ 73, 63, 62, 47]],

[ 57, 45, 0,[ 86, 99, 10]],

[ 32, 45, 0,[ 54, 15, 99, 24, 53]],

[ 50, 45, 1,[ 76, 3, 25, 35]],

[ 15, 85, 1,[ 32, 77, 46]],

[ 62, 45, 0,[ 75, 53]],

[ 34, 15, 1,[ 99, 44]],

[ 85, 45, 0,[ 64, 94, 16]],

[ 56, 45, 0,[ 93, 55, 16]],

[ 8, 45, 1,[ 65, 39, 88, 6]],

[ 80, 25, 1,[ 61, 52, 71]],

[ 45, 45, 0,[ 79, 61, 38, 3, 51]],

[ 92, 45, 1,[ 28, 21, 64, 14, 46]],

[ 58, 55, 1,[ 97, 81, 47]],

[ 41, 45, 0,[ 64, 11, 89]],

[ 40, 55, 1,[ 12, 88, 43, 59, 38]],

[ 28, 25, 1,[ 92, 49, 10]],

[ 26, 15, 1,[ 48, 89, 0, 99, 65]],

[ 94, 45, 1,[ 85, 51, 70]],

[ 33, 45, 0,[ 90, 3, 69]],

[ 90, 45, 0,[ 95, 33, 36]],

[ 84, 35, 1,[ 20, 55]],

[ 22, 45, 0,[ 98, 78, 36, 74]],

[ 25, 45, 0,[ 29, 79, 63, 50, 16]],

[ 86, 45, 0,[ 27, 57, 39]],

[ 1, 45, 0,[ 49, 2, 4]],

[ 87, 45, 0,[ 53, 44, 76]],

[ 83, 45, 0,[ 23, 37, 5]],

[ 98, 45, 0,[ 22, 23, 82, 20]],

[ 42, 45, 0,[ 91, 97, 81]],

[ 69, 45, 0,[ 21, 33]],

[ 37, 45, 0,[ 83, 4, 71]],

[ 31, 45, 0,[ 30, 17, 3]],

[ 74, 45, 0,[ 97, 22, 51]],

[ 30, 45, 0,[ 11, 72, 31]],

[ 71, 45, 0,[ 72, 37, 80]],

[ 60, 45, 0,[ 96, 70, 63]],

[ 47, 75, 1,[ 58, 75, 13, 2]],

[ 59, 45, 0,[ 4, 70, 40]],

[ 29, 5, 1,[ 25, 61, 2]],

[ 2, 65, 1,[ 29, 47, 1]],

[ 12, 65, 1,[ 89, 40, 70]],

[ 53, 45, 0,[ 32, 62, 66, 82, 87]],

[ 52, 45, 1,[ 43, 81, 80, 13]],

[ 23, 45, 0,[ 83, 98, 0, 10]],

[ 7, 45, 1,[ 79, 64, 0]],

