[ 41, 15, 0,[ 80, 85, 18, 16, 6]],

[ 5, 45, 1,[ 68, 84]],

[ 38, 15, 0,[ 85, 98, 65, 92, 73]],

[ 63, 15, 0,[ 34, 21, 97]],

[ 2, 15, 1,[ 89, 46, 42, 79, 99]],

[ 4, 65, 1,[ 43, 8, 36, 35]],

[ 6, 5, 1,[ 41, 54, 19, 42, 96]],

[ 55, 15, 1,[ 49, 36, 0]],

[ 31, 15, 0,[ 49, 61, 52, 1]],

[ 34, 35, 1,[ 16, 90, 7, 63]],

[ 53, 15, 0,[ 25, 26, 44]],

[ 60, 15, 0,[ 54, 10, 40]],

[ 87, 15, 0,[ 59, 64]],

[ 70, 15, 0,[ 40, 19, 13]],

[ 64, 15, 1,[ 94, 87, 74]],

[ 26, 5, 1,[ 81, 45, 91, 53]],

[ 77, 45, 1,[ 78, 58, 39]],

[ 27, 15, 0,[ 45, 17, 37]],

[ 29, 45, 1,[ 43, 98, 65]],

[ 16, 15, 0,[ 95, 41, 34]],

[ 35, 95, 1,[ 7, 11, 4, 48]],

[ 75, 15, 0,[ 78, 40, 7]],

[ 12, 15, 1,[ 30, 88, 80]],

[ 32, 15, 0,[ 20, 93, 3]],

[ 66, 25, 1,[ 14, 82, 71]],

[ 1, 15, 0,[ 56, 73, 31, 47]],

[ 49, 85, 1,[ 91, 31, 55, 3]],

[ 96, 45, 1,[ 81, 86, 6, 11]],

[ 30, 15, 0,[ 52, 42, 23, 12, 94]],

[ 15, 15, 1,[ 88, 13, 46]],

[ 65, 65, 1,[ 83, 29, 51, 38]],

[ 28, 15, 1,[ 72, 50, 89, 25, 76]],

[ 68, 15, 1,[ 5, 10, 46]],

[ 88, 15, 0,[ 12, 15, 71]],

[ 22, 15, 0,[ 9, 20, 50]],

[ 92, 15, 1,[ 25, 18, 38]],

[ 23, 15, 0,[ 0, 30, 69]],

[ 37, 15, 0,[ 11, 80, 85, 27]],

[ 99, 95, 1,[ 24, 50, 2]],

[ 72, 15, 0,[ 21, 18, 28]],

[ 36, 15, 0,[ 55, 33, 4]],

[ 47, 75, 1,[ 1, 56, 18]],

[ 73, 15, 0,[ 1, 61, 38]],

[ 58, 15, 1,[ 86, 95, 76, 77, 90]],

[ 54, 45, 1,[ 60, 6, 9]],

[ 76, 75, 1,[ 50, 28, 78, 58]],

[ 94, 15, 1,[ 82, 30, 64, 44]],

[ 19, 15, 0,[ 6, 14, 70]],

[ 67, 15, 1,[ 39, 93, 21]],

[ 82, 15, 0,[ 33, 66, 94, 62]],

[ 81, 45, 1,[ 96, 26, 3]],

[ 18, 15, 1,[ 72, 41, 92, 47, 57]],

[ 7, 15, 1,[ 35, 95, 34, 75]],

[ 20, 15, 1,[ 32, 22]],

[ 57, 15, 0,[ 18, 33, 13]],

[ 24, 15, 0,[ 59, 99, 83]],

[ 98, 15, 0,[ 29, 38, 78]],

[ 44, 55, 1,[ 53, 94, 3, 97]],

[ 56, 15, 0,[ 47, 51, 1]],

[ 46, 15, 0,[ 68, 74, 15, 2]],

[ 45, 15, 0,[ 79, 27, 26]],

[ 0, 15, 1,[ 55, 23, 14]],

[ 78, 15, 1,[ 98, 75, 76, 77, 90]],

[ 95, 15, 0,[ 16, 7, 58]],

[ 52, 15, 1,[ 30, 31, 91]],

[ 11, 45, 1,[ 96, 37, 35]],

[ 42, 15, 0,[ 6, 2, 30]],

[ 14, 15, 0,[ 0, 66, 19, 91]],

[ 86, 15, 0,[ 17, 96, 58]],

[ 3, 15, 1,[ 81, 49, 44, 32]],

[ 13, 15, 1,[ 15, 57, 70]],

[ 71, 15, 0,[ 91, 66, 17, 88]],

[ 97, 15, 1,[ 79, 63, 84, 44]],

[ 62, 55, 1,[ 82, 89, 8]],

[ 17, 15, 1,[ 86, 27, 39, 71]],

[ 80, 15, 1,[ 12, 37, 41]],

[ 83, 15, 0,[ 93, 65, 24]],

[ 59, 15, 0,[ 87, 69, 24]],

[ 84, 95, 1,[ 5, 97, 21, 48, 39]],

[ 90, 15, 0,[ 78, 34, 58]],

[ 21, 15, 0,[ 72, 74, 67, 63, 84]],

[ 8, 15, 1,[ 4, 62]],

[ 85, 15, 0,[ 37, 41, 38]],

[ 33, 15, 0,[ 43, 82, 36, 10, 57]],

[ 50, 15, 1,[ 9, 28, 22, 76, 99]],

[ 25, 15, 0,[ 28, 92, 53]],

[ 74, 15, 0,[ 64, 21, 46]],

[ 39, 15, 0,[ 17, 84, 67, 77]],

[ 61, 15, 0,[ 93, 73, 31]],

[ 51, 15, 0,[ 56, 69, 65]],

[ 10, 15, 0,[ 68, 60, 33]],

[ 43, 25, 1,[ 29, 33, 4]],

[ 79, 45, 1,[ 45, 97, 2]],

[ 69, 15, 0,[ 59, 51, 48, 23]],

[ 89, 15, 1,[ 28, 62, 2]],

[ 9, 65, 1,[ 50, 54, 22]],

[ 91, 15, 0,[ 49, 52, 14, 26, 71]],

[ 40, 5, 1,[ 70, 60, 75]],

[ 48, 15, 0,[ 35, 69, 84]],

[ 93, 15, 0,[ 32, 67, 83, 61]],

