[ 34, 85, 1,[ 84, 74, 64, 58]],

[ 96, 55, 1,[ 79, 0, 76]],

[ 61, 95, 1,[ 99, 17, 90, 75]],

[ 24, 35, 0,[ 60, 43, 79]],

[ 32, 35, 0,[ 54, 70, 29]],

[ 62, 5, 1,[ 36, 1, 57]],

[ 50, 65, 1,[ 29, 78, 8, 37]],

[ 98, 95, 0,[ 92, 4, 46, 79, 6]],

[ 41, 35, 0,[ 30, 70, 42, 3]],

[ 12, 65, 1,[ 0, 72, 47]],

[ 33, 85, 0,[ 19, 81, 5]],

[ 72, 65, 0,[ 12, 1, 93]],

[ 19, 85, 0,[ 65, 82, 33, 3]],

[ 1, 25, 1,[ 21, 31, 72, 38, 62]],

[ 45, 75, 0,[ 48, 11, 2]],

[ 90, 35, 0,[ 60, 61, 28, 76, 95]],

[ 69, 95, 0,[ 95, 9, 52]],

[ 97, 5, 1,[ 77, 95, 42]],

[ 22, 95, 0,[ 9, 20]],

[ 87, 75, 0,[ 67, 18, 17, 48]],

[ 99, 95, 1,[ 61, 68]],

[ 60, 35, 0,[ 90, 14, 59, 24]],

[ 9, 95, 1,[ 22, 69, 43]],

[ 71, 85, 0,[ 67, 66]],

[ 6, 85, 1,[ 98, 80, 26]],

[ 17, 95, 0,[ 67, 87, 61]],

[ 36, 5, 0,[ 62, 13, 68]],

[ 57, 5, 0,[ 23, 93, 62, 27]],

[ 95, 35, 0,[ 97, 69, 30, 90, 82]],

[ 38, 65, 0,[ 1, 66, 13]],

[ 67, 35, 1,[ 17, 71, 49, 55, 87, 77]],

[ 77, 15, 1,[ 86, 97, 67]],

[ 3, 5, 1,[ 41, 46, 19, 7]],

[ 39, 95, 0,[ 65, 0]],

[ 73, 35, 0,[ 53, 83, 59, 94]],

[ 86, 15, 0,[ 20, 77, 2]],

[ 26, 35, 1,[ 6, 16, 80]],

[ 29, 25, 1,[ 50, 32, 91, 93]],

[ 85, 35, 0,[ 25, 81, 31]],

[ 89, 5, 1,[ 82, 93, 8, 55]],

[ 80, 35, 1,[ 93, 26, 44, 6]],

[ 10, 35, 0,[ 42, 59, 83]],

[ 53, 75, 0,[ 18, 11, 73]],

[ 84, 65, 1,[ 23, 34, 35]],

[ 66, 85, 1,[ 71, 68, 38, 13]],

[ 93, 45, 1,[ 16, 89, 72, 29, 52, 57, 80]],

[ 92, 35, 1,[ 15, 76, 98]],

[ 40, 35, 1,[ 16, 42, 56]],

[ 91, 25, 0,[ 21, 88, 29]],

[ 81, 85, 1,[ 8, 52, 85, 48, 33]],

[ 37, 65, 0,[ 23, 54, 7, 50]],

[ 55, 25, 1,[ 89, 67, 94, 79]],

[ 78, 65, 1,[ 44, 50, 54]],

[ 16, 35, 0,[ 26, 40, 93]],

[ 65, 85, 1,[ 39, 63, 43, 19]],

[ 46, 95, 0,[ 94, 3, 98]],

[ 82, 5, 0,[ 19, 89, 95]],

[ 64, 85, 1,[ 5, 34]],

[ 63, 35, 0,[ 65, 14, 56]],

[ 13, 65, 1,[ 28, 38, 66, 36]],

[ 15, 45, 1,[ 92, 21, 44]],

[ 59, 35, 0,[ 73, 60, 10, 35]],

[ 51, 35, 0,[ 49, 28, 88]],

[ 48, 75, 0,[ 87, 81, 45]],

[ 28, 35, 0,[ 13, 88, 51, 90]],

[ 5, 25, 1,[ 64, 33, 56]],

[ 7, 65, 1,[ 49, 37, 3]],

[ 74, 85, 0,[ 11, 34]],

[ 49, 65, 1,[ 67, 51, 7]],

[ 14, 35, 0,[ 43, 63, 60]],

[ 20, 15, 1,[ 58, 86, 22]],

[ 21, 25, 0,[ 15, 1, 91]],

[ 79, 95, 1,[ 24, 55, 98, 96]],

[ 83, 35, 0,[ 73, 8, 30, 10]],

[ 88, 35, 0,[ 91, 25, 51, 28]],

[ 4, 75, 1,[ 98, 18, 47]],

[ 56, 35, 0,[ 5, 40, 63]],

[ 70, 35, 0,[ 32, 41, 75]],

[ 94, 95, 1,[ 46, 27, 55, 73]],

[ 75, 35, 0,[ 47, 70, 61, 11]],

[ 27, 85, 0,[ 44, 94, 57]],

[ 68, 85, 1,[ 66, 99, 36]],

[ 54, 35, 1,[ 37, 78, 32]],

[ 8, 45, 1,[ 81, 89, 50, 83]],

[ 35, 35, 1,[ 84, 59]],

[ 47, 35, 1,[ 25, 75, 4, 12]],

[ 30, 35, 0,[ 95, 83, 41]],

[ 42, 35, 0,[ 41, 40, 10, 97]],

[ 58, 65, 1,[ 20, 34, 2]],

[ 2, 65, 1,[ 86, 45, 58]],

[ 18, 75, 0,[ 87, 31, 4, 53]],

[ 44, 85, 1,[ 80, 78, 15, 27]],

[ 31, 25, 0,[ 18, 85, 1]],

[ 23, 65, 0,[ 84, 57, 37]],

[ 25, 35, 0,[ 47, 85, 88]],

[ 76, 85, 1,[ 96, 92, 90]],

[ 52, 95, 1,[ 69, 81, 93]],

[ 11, 75, 1,[ 53, 75, 45, 74]],

[ 43, 25, 1,[ 14, 9, 24, 65]],

[ 0, 95, 1,[ 39, 12, 96]],

