[ 47, 85, 0,[ 61, 26, 28, 45]],

[ 87, 85, 0,[ 25, 74, 31]],

[ 22, 85, 0,[ 33, 91, 46]],

[ 84, 85, 0,[ 29, 33, 49, 19]],

[ 32, 85, 0,[ 21, 0, 1]],

[ 46, 85, 0,[ 58, 17, 38, 22]],

[ 72, 85, 0,[ 19, 38, 53]],

[ 63, 85, 0,[ 34, 4, 66, 99]],

[ 49, 85, 0,[ 84, 40, 7]],

[ 18, 85, 0,[ 5, 57, 68, 59]],

[ 3, 85, 0,[ 82, 80, 2, 52, 83, 96]],

[ 10, 95, 1,[ 66, 31, 74]],

[ 57, 85, 1,[ 62, 18, 53]],

[ 11, 85, 0,[ 21, 61, 9]],

[ 99, 85, 0,[ 74, 58, 63, 25, 27]],

[ 65, 85, 0,[ 56, 48, 94]],

[ 5, 85, 0,[ 23, 97, 18, 21]],

[ 83, 85, 0,[ 8, 3, 86]],

[ 95, 35, 1,[ 60, 6, 74]],

[ 12, 85, 0,[ 6, 76, 1]],

[ 45, 85, 0,[ 47, 69, 52]],

[ 36, 85, 0,[ 78, 73, 55]],

[ 64, 85, 0,[ 28, 89, 43, 82]],

[ 74, 85, 0,[ 95, 20, 10, 87, 99, 14]],

[ 93, 85, 0,[ 62, 26, 53, 44, 55]],

[ 86, 85, 0,[ 83, 17]],

[ 73, 85, 0,[ 36, 71, 88]],

[ 70, 85, 0,[ 59, 24, 55, 58]],

[ 98, 65, 1,[ 25, 4, 27]],

[ 82, 85, 0,[ 3, 37, 64]],

[ 75, 85, 0,[ 41, 24, 35]],

[ 15, 85, 0,[ 33, 77, 58]],

[ 37, 85, 0,[ 82, 30, 44]],

[ 48, 85, 1,[ 90, 53, 56, 65]],

[ 55, 85, 0,[ 93, 36, 13, 70]],

[ 53, 85, 0,[ 48, 93, 72, 57]],

[ 14, 85, 0,[ 54, 30, 74]],

[ 21, 85, 0,[ 11, 5, 32, 71]],

[ 17, 85, 0,[ 46, 86, 42, 51]],

[ 66, 85, 0,[ 10, 23, 63]],

[ 13, 85, 0,[ 0, 55, 20]],

[ 76, 85, 0,[ 7, 12, 77]],

[ 33, 85, 0,[ 22, 15, 84, 67]],

[ 23, 85, 0,[ 62, 5, 66, 42]],

[ 97, 85, 0,[ 5, 79, 26]],

[ 34, 85, 0,[ 4, 63, 30]],

[ 78, 85, 0,[ 90, 94, 85, 92, 36]],

[ 52, 85, 0,[ 20, 3, 27, 45]],

[ 28, 85, 0,[ 0, 64, 47]],

[ 96, 85, 0,[ 9, 81, 3, 50]],

[ 50, 85, 0,[ 96, 19, 41]],

[ 68, 85, 0,[ 40, 35, 18]],

[ 16, 85, 1,[ 92, 60, 25]],

[ 44, 85, 0,[ 37, 93, 1]],

[ 92, 85, 0,[ 79, 16, 78, 51]],

[ 24, 85, 0,[ 70, 19, 75, 89, 91]],

[ 38, 35, 1,[ 72, 31, 43, 46, 54]],

[ 94, 85, 0,[ 19, 65, 78]],

[ 0, 85, 0,[ 13, 2, 32, 28]],

[ 20, 85, 0,[ 74, 90, 13, 52]],

[ 4, 85, 0,[ 63, 34, 98]],

[ 19, 85, 0,[ 72, 94, 24, 50, 84]],

[ 25, 55, 1,[ 98, 87, 16, 85, 99]],

[ 91, 85, 0,[ 60, 22, 24, 39]],

[ 8, 85, 0,[ 77, 83, 54, 43]],

[ 9, 85, 0,[ 96, 56, 11]],

[ 40, 85, 0,[ 26, 68, 49, 6]],

[ 59, 85, 0,[ 70, 18]],

[ 6, 85, 0,[ 95, 31, 41, 40, 12]],

[ 77, 85, 0,[ 88, 8, 15, 76]],

[ 61, 85, 0,[ 11, 47, 29]],

[ 69, 85, 1,[ 41, 67, 45]],

[ 62, 85, 0,[ 57, 93, 23, 67]],

[ 79, 85, 0,[ 85, 92, 71, 97, 58, 2]],

[ 1, 85, 0,[ 12, 32, 44, 81]],

[ 71, 85, 0,[ 21, 73, 39, 79]],

[ 80, 85, 0,[ 30, 31, 3]],

[ 41, 85, 0,[ 50, 81, 75, 69, 6]],

[ 29, 85, 0,[ 39, 61, 84]],

[ 30, 85, 0,[ 80, 37, 14, 34]],

[ 2, 85, 0,[ 88, 79, 3, 0]],

[ 26, 85, 0,[ 93, 40, 97, 47]],

[ 85, 85, 0,[ 79, 78, 25]],

[ 42, 85, 0,[ 17, 56, 23]],

[ 56, 85, 0,[ 9, 65, 48, 42]],

[ 81, 85, 0,[ 41, 96, 1]],

[ 31, 85, 0,[ 7, 10, 80, 87, 6, 38]],

[ 27, 85, 0,[ 52, 99, 98]],

[ 51, 85, 0,[ 92, 89, 17]],

[ 67, 85, 0,[ 69, 33, 62]],

[ 43, 85, 0,[ 38, 64, 8]],

[ 89, 85, 0,[ 64, 51, 24, 88]],

[ 88, 85, 0,[ 77, 89, 2, 73]],

[ 39, 85, 1,[ 91, 29, 71]],

[ 7, 85, 0,[ 35, 76, 31, 49]],

[ 90, 85, 0,[ 78, 20, 48]],

[ 35, 85, 0,[ 7, 75, 68]],

[ 58, 85, 0,[ 99, 70, 15, 79, 46]],

[ 60, 85, 0,[ 95, 16, 91]],

[ 54, 85, 0,[ 8, 14, 38]],

