[ 44, 95, 1,[ 12, 52, 23]],

[ 49, 85, 1,[ 35, 92, 26, 19, 63]],

[ 73, 65, 0,[ 53, 92, 81]],

[ 26, 45, 1,[ 87, 49, 4]],

[ 86, 15, 0,[ 51, 92, 72]],

[ 62, 15, 1,[ 10, 82, 93, 20, 98]],

[ 36, 65, 0,[ 29, 99, 88, 38]],

[ 0, 25, 1,[ 97, 65, 31]],

[ 37, 75, 0,[ 76, 57, 81]],

[ 47, 25, 1,[ 74, 8, 27]],

[ 80, 45, 1,[ 19, 17, 3, 29]],

[ 13, 45, 1,[ 11, 27]],

[ 78, 75, 1,[ 34, 51, 72]],

[ 28, 25, 1,[ 43, 83, 34]],

[ 55, 65, 1,[ 32, 90, 4, 69, 40, 33, 50]],

[ 4, 75, 1,[ 26, 55, 69, 72]],

[ 58, 95, 1,[ 70, 65]],

[ 18, 75, 1,[ 99, 61, 24, 8]],

[ 11, 15, 1,[ 54, 5, 13, 9]],

[ 1, 45, 1,[ 25, 56, 24]],

[ 27, 75, 0,[ 13, 41, 47, 94]],

[ 53, 35, 0,[ 82, 73, 38]],

[ 6, 95, 1,[ 94, 70, 5, 91, 50, 83]],

[ 87, 15, 0,[ 84, 39, 26, 67]],

[ 81, 95, 1,[ 37, 73, 8]],

[ 30, 75, 0,[ 2, 75, 41]],

[ 93, 45, 1,[ 54, 21, 62, 75]],

[ 10, 35, 0,[ 34, 48, 62]],

[ 32, 35, 0,[ 55, 79, 91, 12]],

[ 51, 85, 0,[ 78, 60, 86]],

[ 34, 75, 1,[ 99, 10, 28, 78, 56]],

[ 16, 5, 0,[ 61, 42, 8]],

[ 83, 65, 0,[ 6, 28, 77]],

[ 33, 65, 0,[ 92, 9, 55]],

[ 21, 65, 0,[ 93, 68, 64]],

[ 24, 65, 0,[ 18, 1, 84]],

[ 56, 65, 0,[ 34, 1, 68]],

[ 38, 75, 0,[ 65, 53, 36]],

[ 63, 35, 0,[ 45, 25, 40, 49]],

[ 19, 65, 0,[ 49, 92, 80]],

[ 48, 15, 0,[ 95, 10, 89]],

[ 61, 65, 1,[ 71, 64, 18, 16]],

[ 74, 5, 0,[ 42, 97, 47]],

[ 15, 25, 1,[ 46, 57, 45]],

[ 68, 15, 1,[ 21, 56, 71]],

[ 85, 95, 0,[ 91, 23, 35, 98]],

[ 42, 5, 0,[ 76, 16, 74]],

[ 3, 95, 0,[ 7, 80, 60]],

[ 12, 95, 1,[ 32, 72, 82, 20, 71, 44]],

[ 25, 35, 0,[ 1, 94, 63]],

[ 7, 55, 1,[ 3, 97, 92]],

[ 92, 5, 1,[ 19, 49, 7, 86, 33, 73]],

[ 79, 95, 1,[ 32, 64, 17]],

[ 35, 35, 1,[ 85, 76, 49]],

[ 99, 25, 1,[ 18, 50, 34, 36]],

[ 71, 35, 0,[ 12, 68, 61, 31]],

[ 88, 65, 0,[ 46, 36, 43]],

[ 14, 35, 0,[ 17, 45, 66]],

[ 69, 95, 0,[ 55, 64, 4]],

[ 66, 15, 1,[ 14, 20, 39, 22]],

[ 75, 35, 0,[ 30, 93, 31]],

[ 97, 35, 1,[ 0, 74, 7, 95]],

[ 20, 35, 1,[ 66, 62, 12, 70]],

[ 31, 35, 0,[ 0, 71, 75]],

[ 59, 15, 0,[ 89, 29]],

[ 94, 65, 0,[ 25, 27, 6]],

[ 9, 95, 1,[ 11, 33, 5]],

[ 17, 35, 0,[ 14, 80, 77, 79]],

[ 41, 75, 0,[ 77, 27, 30]],

[ 84, 85, 1,[ 23, 24, 87, 52]],

[ 52, 35, 1,[ 84, 54, 40, 44, 22]],

[ 29, 75, 1,[ 36, 80, 59]],

[ 57, 75, 0,[ 46, 15, 37]],

[ 72, 85, 0,[ 12, 86, 2, 78, 4]],

[ 95, 5, 0,[ 48, 5, 97]],

[ 46, 5, 1,[ 88, 57, 15, 67, 90]],

[ 64, 65, 1,[ 21, 79, 69, 61]],

[ 96, 5, 1,[ 76, 8]],

[ 65, 75, 1,[ 58, 0, 38]],

[ 50, 15, 1,[ 55, 99, 6]],

[ 60, 95, 0,[ 3, 51, 5]],

[ 22, 75, 0,[ 52, 66, 90]],

[ 89, 85, 1,[ 48, 59, 39]],

[ 39, 15, 0,[ 89, 87, 66]],

[ 76, 35, 1,[ 37, 35, 96, 77, 42]],

[ 67, 15, 0,[ 87, 98, 46]],

[ 45, 35, 0,[ 14, 15, 63]],

[ 54, 15, 1,[ 77, 52, 93, 11]],

[ 77, 75, 1,[ 17, 54, 83, 76, 41]],

[ 23, 95, 0,[ 85, 84, 44]],

[ 90, 15, 0,[ 22, 46, 55]],

[ 2, 65, 1,[ 30, 72]],

[ 8, 85, 1,[ 16, 81, 18, 47, 96]],

[ 82, 35, 0,[ 12, 53, 62]],

[ 91, 35, 0,[ 32, 85, 6]],

[ 98, 15, 0,[ 85, 62, 67]],

[ 40, 15, 1,[ 52, 55, 63]],

[ 5, 5, 1,[ 9, 6, 60, 11, 95]],

[ 70, 65, 0,[ 6, 58, 20]],

[ 43, 75, 1,[ 28, 88]],

