[ 61, 65, 1,[ 99, 86, 15]],

[ 27, 65, 0,[ 12, 24, 19, 52, 98]],

[ 28, 5, 0,[ 38, 35, 37, 87]],

[ 42, 35, 0,[ 21, 2, 82]],

[ 19, 65, 0,[ 39, 0, 27]],

[ 49, 75, 1,[ 40, 83]],

[ 15, 95, 1,[ 91, 76, 46, 67, 61, 79, 85, 25]],

[ 80, 45, 1,[ 69, 55, 11]],

[ 12, 25, 1,[ 90, 21, 43, 91, 27]],

[ 76, 95, 1,[ 57, 70, 15]],

[ 63, 65, 0,[ 50, 73, 17, 60]],

[ 72, 65, 0,[ 17, 73, 22, 5, 58]],

[ 96, 75, 1,[ 46, 16, 44]],

[ 66, 25, 1,[ 94, 68, 88]],

[ 43, 35, 1,[ 91, 16, 12]],

[ 90, 15, 0,[ 12, 99, 2, 16]],

[ 53, 65, 0,[ 73, 2, 70]],

[ 97, 45, 1,[ 73, 84, 60, 36]],

[ 70, 65, 0,[ 76, 2, 53]],

[ 77, 25, 1,[ 29, 88, 33, 45]],

[ 65, 5, 1,[ 57, 23, 3]],

[ 29, 45, 1,[ 77, 59, 9]],

[ 56, 65, 0,[ 34, 81, 31, 47]],

[ 47, 95, 1,[ 48, 9, 56]],

[ 85, 35, 0,[ 24, 78, 15]],

[ 45, 85, 0,[ 67, 77, 10, 64]],

[ 35, 45, 1,[ 32, 28]],

[ 95, 75, 0,[ 39, 93, 26]],

[ 54, 35, 1,[ 98, 10, 75, 83]],

[ 25, 55, 0,[ 62, 15, 78]],

[ 13, 5, 0,[ 60, 64, 0]],

[ 68, 85, 1,[ 66, 6, 0, 11]],

[ 37, 5, 0,[ 75, 28, 71, 11]],

[ 33, 55, 0,[ 77, 20, 57]],

[ 44, 15, 1,[ 32, 79, 96]],

[ 69, 65, 0,[ 80, 93, 39, 31]],

[ 62, 5, 1,[ 25, 75, 7]],

[ 23, 5, 0,[ 41, 40, 65]],

[ 51, 65, 0,[ 93, 58, 24]],

[ 36, 65, 0,[ 11, 89, 97]],

[ 40, 65, 1,[ 23, 16, 49]],

[ 79, 85, 1,[ 15, 98, 44]],

[ 81, 85, 1,[ 1, 56, 74]],

[ 3, 45, 1,[ 41, 30, 65]],

[ 26, 25, 1,[ 52, 74, 95]],

[ 73, 65, 0,[ 97, 63, 53, 72]],

[ 8, 75, 1,[ 78, 18, 99]],

[ 78, 65, 1,[ 85, 25, 8]],

[ 75, 5, 0,[ 62, 37, 54]],

[ 98, 65, 0,[ 79, 54, 27]],

[ 84, 65, 1,[ 97, 14]],

[ 2, 35, 1,[ 50, 70, 53, 42, 90]],

[ 1, 25, 0,[ 9, 81]],

[ 48, 55, 0,[ 89, 94, 47]],

[ 55, 75, 1,[ 38, 67, 60, 80, 71]],

[ 94, 35, 1,[ 74, 48, 66]],

[ 21, 35, 0,[ 42, 12, 5]],

[ 17, 15, 1,[ 67, 72, 63]],

[ 92, 75, 1,[ 20, 5, 14, 82]],

[ 50, 65, 1,[ 63, 46, 2]],

[ 11, 15, 1,[ 30, 68, 36, 37, 80]],

[ 34, 5, 1,[ 38, 41, 56]],

[ 57, 55, 0,[ 76, 65, 33]],

[ 38, 5, 0,[ 34, 55, 28]],

[ 5, 55, 1,[ 10, 72, 21, 92]],

[ 22, 35, 0,[ 88, 72, 4]],

[ 46, 25, 1,[ 50, 15, 96, 91]],

[ 60, 55, 0,[ 55, 97, 13, 63]],

[ 30, 75, 0,[ 20, 4, 11, 3]],

[ 39, 65, 0,[ 19, 24, 95, 69, 58]],

[ 83, 75, 0,[ 49, 54, 93, 52]],

[ 20, 45, 1,[ 92, 30, 33, 82]],

[ 64, 55, 1,[ 13, 87, 45]],

[ 32, 35, 0,[ 9, 35, 7, 44]],

[ 88, 35, 0,[ 22, 77, 66]],

[ 18, 25, 1,[ 74, 59, 8]],

[ 59, 25, 0,[ 29, 16, 18]],

[ 10, 55, 0,[ 54, 5, 45]],

[ 67, 95, 0,[ 17, 45, 15, 55]],

[ 41, 75, 0,[ 23, 34, 3]],

[ 86, 65, 0,[ 71, 14, 61]],

[ 52, 65, 1,[ 26, 83, 27, 89]],

[ 6, 45, 1,[ 68, 71, 87]],

[ 91, 95, 0,[ 15, 46, 43, 12]],

[ 9, 45, 1,[ 47, 32, 29, 1]],

[ 24, 65, 0,[ 27, 85, 51, 39]],

[ 14, 65, 0,[ 86, 92, 84]],

[ 4, 85, 1,[ 7, 22, 30]],

[ 16, 25, 0,[ 90, 96, 40, 43, 59]],

[ 71, 85, 0,[ 37, 6, 86, 55]],

[ 99, 15, 1,[ 8, 90, 61]],

[ 93, 35, 1,[ 83, 69, 95, 51]],

[ 7, 35, 1,[ 62, 32, 4]],

[ 0, 5, 1,[ 13, 19, 68]],

[ 87, 85, 0,[ 64, 28, 6]],

[ 58, 5, 1,[ 39, 72, 51]],

[ 31, 65, 0,[ 56, 69, 89]],

[ 89, 45, 1,[ 48, 52, 31, 36]],

[ 82, 35, 0,[ 92, 20, 42]],

[ 74, 65, 0,[ 94, 18, 26, 81]],

