[ 31, 35, 1,[ 14, 10, 54]],

[ 92, 45, 0,[ 22, 40, 77, 7]],

[ 41, 25, 1,[ 78, 18, 91]],

[ 38, 45, 1,[ 62, 79, 12]],

[ 12, 75, 0,[ 6, 71, 60, 38]],

[ 70, 75, 1,[ 14, 86, 88]],

[ 88, 45, 1,[ 82, 52, 16, 70]],

[ 28, 65, 0,[ 29, 76, 84]],

[ 95, 45, 1,[ 97, 99, 51, 39, 21]],

[ 19, 85, 1,[ 27, 63, 34, 8]],

[ 71, 85, 1,[ 81, 58, 12, 11, 25]],

[ 56, 55, 1,[ 80, 37, 35, 21]],

[ 63, 15, 1,[ 99, 19, 69]],

[ 16, 95, 1,[ 69, 88, 0]],

[ 99, 5, 0,[ 63, 26, 33, 95]],

[ 97, 5, 0,[ 83, 95, 20, 14]],

[ 76, 65, 0,[ 28, 45, 60]],

[ 1, 5, 0,[ 0, 9, 51, 46]],

[ 94, 75, 1,[ 59, 8, 44]],

[ 23, 75, 1,[ 72, 10, 85, 62]],

[ 8, 75, 0,[ 65, 19, 94]],

[ 80, 5, 0,[ 56, 26, 5]],

[ 66, 65, 0,[ 20, 84, 50]],

[ 46, 5, 0,[ 91, 1, 74]],

[ 69, 95, 1,[ 16, 63, 43]],

[ 27, 85, 1,[ 82, 19, 52]],

[ 60, 5, 1,[ 76, 12, 37]],

[ 89, 25, 0,[ 87, 86, 29]],

[ 51, 35, 1,[ 32, 5, 1, 95]],

[ 34, 85, 0,[ 19, 61, 49]],

[ 90, 15, 1,[ 52, 72, 67]],

[ 61, 15, 1,[ 34, 48, 4, 45]],

[ 42, 75, 1,[ 65, 50, 18, 5]],

[ 82, 35, 1,[ 88, 50, 27]],

[ 37, 75, 1,[ 60, 56, 73, 7]],

[ 2, 55, 0,[ 36, 49, 72]],

[ 64, 55, 0,[ 75, 22, 57]],

[ 35, 45, 0,[ 24, 56, 13]],

[ 77, 55, 0,[ 15, 92, 36]],

[ 18, 95, 1,[ 81, 73, 41, 62, 42]],

[ 50, 65, 0,[ 66, 42, 82]],

[ 74, 15, 1,[ 32, 24, 46, 13]],

[ 93, 15, 1,[ 3, 72, 0]],

[ 87, 25, 1,[ 89, 17]],

[ 39, 65, 1,[ 95, 73, 53]],

[ 33, 5, 1,[ 75, 25, 13, 99]],

[ 53, 65, 1,[ 67, 39, 30]],

[ 98, 95, 1,[ 14, 6]],

[ 15, 5, 0,[ 49, 54, 77]],

[ 24, 45, 1,[ 35, 75, 74]],

[ 83, 65, 1,[ 97, 44, 54]],

[ 32, 75, 1,[ 51, 74, 14, 68]],

[ 17, 65, 0,[ 52, 59, 5, 87]],

[ 22, 35, 1,[ 0, 92, 64]],

[ 7, 45, 0,[ 92, 37, 67]],

[ 29, 55, 0,[ 28, 89, 75]],

[ 73, 5, 1,[ 39, 37, 18]],

[ 0, 15, 0,[ 86, 93, 22, 1, 16]],

[ 86, 15, 1,[ 0, 70, 47, 89]],

[ 13, 5, 0,[ 74, 33, 35]],

[ 3, 65, 1,[ 68, 93, 40]],

[ 79, 45, 0,[ 52, 96, 38]],

[ 52, 65, 0,[ 17, 79, 90, 27, 88, 11]],

[ 36, 55, 1,[ 77, 2, 57, 65]],

[ 40, 95, 0,[ 3, 92, 43, 57]],

[ 78, 85, 0,[ 59, 25, 41]],

[ 30, 45, 1,[ 11, 53, 58]],

[ 48, 5, 1,[ 45, 4, 61]],

[ 81, 95, 0,[ 43, 18, 71]],

[ 5, 75, 0,[ 80, 51, 42, 17]],

[ 20, 5, 0,[ 97, 84, 66]],

[ 9, 5, 0,[ 43, 4, 1]],

[ 75, 55, 1,[ 29, 33, 24, 96, 64]],

[ 21, 35, 1,[ 56, 95, 55]],

[ 58, 65, 0,[ 45, 71, 30]],

[ 43, 95, 0,[ 81, 9, 69, 40]],

[ 72, 55, 1,[ 2, 90, 93, 23]],

[ 11, 65, 0,[ 71, 30, 52]],

[ 44, 65, 0,[ 83, 14, 94]],

[ 91, 55, 1,[ 46, 96, 41]],

[ 25, 75, 1,[ 33, 78, 55, 71]],

[ 68, 75, 0,[ 32, 54, 3]],

[ 4, 5, 0,[ 10, 9, 67, 61, 48]],

[ 59, 85, 1,[ 94, 85, 17, 78, 47]],

[ 67, 5, 0,[ 90, 7, 53, 4]],

[ 26, 5, 0,[ 99, 80, 6]],

[ 14, 5, 1,[ 97, 31, 70, 32, 98, 44]],

[ 65, 75, 0,[ 36, 42, 8]],

[ 47, 85, 0,[ 86, 55, 59]],

[ 85, 95, 1,[ 23, 59]],

[ 49, 5, 0,[ 34, 2, 15]],

[ 84, 65, 0,[ 66, 28, 20]],

[ 54, 35, 0,[ 68, 31, 15, 83]],

[ 96, 55, 0,[ 91, 79, 75]],

[ 6, 75, 0,[ 12, 26, 98]],

[ 55, 85, 0,[ 25, 21, 47]],

[ 62, 45, 0,[ 18, 23, 38]],

[ 57, 25, 1,[ 64, 40, 36]],

[ 10, 75, 0,[ 31, 4, 23]],

[ 45, 65, 1,[ 61, 48, 58, 76]],

