[ 61, 55, 0,[ 39, 30, 70]],

[ 80, 55, 0,[ 70, 12, 88, 95]],

[ 9, 55, 0,[ 71, 42, 60]],

[ 13, 55, 0,[ 36, 40, 46, 55]],

[ 51, 55, 0,[ 53, 81, 1]],

[ 63, 55, 0,[ 20, 29, 53]],

[ 91, 55, 0,[ 60, 21, 94, 23]],

[ 33, 55, 0,[ 84, 21, 66]],

[ 24, 55, 0,[ 89, 0, 26, 69]],

[ 98, 45, 1,[ 25, 22, 87, 43, 52]],

[ 16, 45, 1,[ 17, 53, 99]],

[ 32, 55, 0,[ 77, 59, 54, 78, 26]],

[ 60, 55, 0,[ 9, 91, 62]],

[ 27, 55, 0,[ 97, 83, 37]],

[ 23, 55, 0,[ 91, 1, 66, 5]],

[ 99, 55, 0,[ 16, 74, 2, 43, 28, 5]],

[ 28, 55, 0,[ 99, 59, 38]],

[ 44, 55, 0,[ 2, 77, 68]],

[ 11, 55, 0,[ 87, 30, 18]],

[ 92, 55, 0,[ 93, 6, 45, 38]],

[ 43, 55, 0,[ 98, 4, 17, 99]],

[ 2, 55, 0,[ 88, 0, 99, 45, 52, 3, 89, 44]],

[ 52, 55, 0,[ 98, 2, 74, 15]],

[ 5, 55, 0,[ 37, 99, 23]],

[ 26, 55, 0,[ 75, 93, 32, 24]],

[ 41, 55, 0,[ 6, 14, 79, 22, 55]],

[ 31, 55, 0,[ 66, 0, 21]],

[ 71, 55, 0,[ 22, 25, 9, 42]],

[ 42, 55, 0,[ 9, 71, 17, 1]],

[ 67, 55, 0,[ 49, 18, 38]],

[ 12, 55, 0,[ 81, 80, 18]],

[ 39, 65, 1,[ 61, 50, 10, 94]],

[ 82, 55, 0,[ 62, 34, 78]],

[ 53, 55, 0,[ 63, 51, 62, 16]],

[ 70, 55, 0,[ 57, 93, 80, 61]],

[ 4, 55, 0,[ 64, 43, 85]],

[ 40, 55, 0,[ 13, 68, 49]],

[ 7, 55, 0,[ 49, 34, 3]],

[ 49, 55, 0,[ 40, 0, 7, 67]],

[ 22, 5, 1,[ 83, 71, 98, 41, 86]],

[ 73, 55, 0,[ 66, 96, 8]],

[ 96, 55, 0,[ 73, 56, 68]],

[ 30, 55, 0,[ 61, 11, 77, 58, 79]],

[ 83, 55, 0,[ 22, 87, 27]],

[ 68, 55, 0,[ 40, 44, 96, 25]],

[ 85, 55, 0,[ 4, 10, 94]],

[ 97, 55, 0,[ 47, 27, 10]],

[ 81, 55, 0,[ 50, 51, 6, 1, 90, 12, 20]],

[ 46, 55, 0,[ 1, 13, 35]],

[ 57, 5, 1,[ 74, 78, 70]],

[ 15, 55, 0,[ 48, 52, 35, 55]],

[ 54, 55, 0,[ 32, 21, 19]],

[ 17, 55, 0,[ 29, 42, 43, 16]],

[ 93, 55, 0,[ 58, 70, 36, 92, 26]],

[ 18, 55, 0,[ 72, 67, 47, 12, 11]],

[ 64, 55, 0,[ 4, 72, 48]],

[ 59, 55, 0,[ 32, 28, 3, 34]],

[ 25, 55, 0,[ 62, 71, 98, 68]],

[ 50, 55, 0,[ 39, 81, 76]],

[ 86, 85, 1,[ 22, 19, 1]],

[ 94, 55, 0,[ 85, 91, 95, 77, 39]],

[ 88, 55, 0,[ 80, 90, 2]],

[ 1, 55, 0,[ 42, 46, 23, 51, 86, 81]],

[ 87, 55, 0,[ 98, 11, 83]],

[ 19, 95, 1,[ 54, 86, 65]],

[ 78, 55, 0,[ 57, 32, 82]],

[ 8, 55, 0,[ 84, 36, 73]],

[ 66, 55, 0,[ 33, 36, 73, 23, 31]],

[ 65, 55, 0,[ 56, 84, 14, 90, 19, 72]],

[ 76, 55, 0,[ 77, 50, 58]],

[ 84, 55, 0,[ 33, 65, 8]],

[ 75, 55, 0,[ 26, 56, 37]],

[ 14, 55, 0,[ 0, 41, 65]],

[ 35, 55, 0,[ 46, 69, 15]],

[ 77, 55, 0,[ 94, 44, 30, 32, 76]],

[ 89, 55, 0,[ 24, 79, 2]],

[ 48, 55, 0,[ 15, 64, 56]],

[ 38, 15, 1,[ 92, 67, 28]],

[ 21, 55, 0,[ 33, 31, 54, 91]],

[ 45, 55, 0,[ 92, 2, 69]],

[ 55, 55, 0,[ 13, 41, 15]],

[ 29, 55, 0,[ 63, 17, 0]],

[ 56, 55, 0,[ 96, 48, 65, 75]],

[ 34, 55, 0,[ 82, 7, 59]],

[ 0, 55, 0,[ 14, 29, 49, 24, 2, 31]],

[ 90, 55, 0,[ 88, 65, 81]],

[ 58, 55, 0,[ 93, 76, 3, 30]],

[ 74, 65, 1,[ 99, 57, 52]],

[ 36, 55, 0,[ 13, 8, 93, 66]],

[ 37, 55, 0,[ 5, 75, 27]],

[ 10, 5, 1,[ 85, 97, 39]],

[ 47, 55, 0,[ 97, 20, 18]],

[ 69, 55, 0,[ 35, 45, 24]],

[ 72, 55, 0,[ 65, 64, 18]],

[ 62, 55, 0,[ 82, 53, 25, 60]],

[ 95, 55, 0,[ 3, 94, 80]],

[ 6, 55, 0,[ 81, 41, 92]],

[ 20, 55, 0,[ 63, 47, 81]],

[ 79, 55, 0,[ 89, 41, 30]],

[ 3, 55, 0,[ 59, 58, 95, 7, 2]],

