[ 96, 5, 0,[ 48, 20, 73]],

[ 48, 95, 1,[ 68, 79, 96, 97]],

[ 50, 5, 0,[ 92, 44, 68]],

[ 61, 5, 0,[ 43, 54, 84]],

[ 33, 5, 0,[ 60, 94, 46]],

[ 0, 5, 0,[ 30, 98, 81, 84, 65]],

[ 38, 65, 1,[ 27, 45, 1, 95]],

[ 47, 5, 0,[ 71, 40, 69]],

[ 35, 5, 0,[ 15, 74, 79]],

[ 78, 5, 0,[ 16, 29, 37]],

[ 4, 5, 0,[ 64, 97, 58]],

[ 55, 5, 0,[ 26, 85, 2]],

[ 32, 5, 0,[ 72, 19, 3]],

[ 75, 5, 0,[ 53, 29, 14]],

[ 8, 5, 0,[ 82, 63, 97]],

[ 34, 5, 0,[ 85, 13, 5]],

[ 76, 5, 0,[ 91, 94, 7]],

[ 86, 5, 0,[ 23, 25, 10]],

[ 46, 5, 0,[ 33, 58, 28, 65]],

[ 18, 5, 0,[ 73, 62, 42]],

[ 39, 55, 1,[ 22, 16, 69]],

[ 77, 5, 0,[ 29, 19, 12]],

[ 54, 5, 0,[ 40, 61, 11, 14, 63]],

[ 41, 5, 0,[ 23]],

[ 91, 5, 0,[ 24, 76, 10, 51]],

[ 74, 5, 1,[ 7, 35, 84, 15, 80]],

[ 93, 5, 0,[ 59, 69, 63]],

[ 63, 5, 0,[ 93, 2, 54, 8]],

[ 28, 5, 0,[ 52, 67, 46, 36, 90, 82, 57]],

[ 71, 5, 0,[ 51, 47, 24, 25]],

[ 26, 5, 0,[ 55, 94, 21, 52]],

[ 3, 5, 0,[ 70, 62, 57, 32]],

[ 2, 5, 0,[ 55, 29, 63]],

[ 16, 5, 0,[ 39, 85, 78]],

[ 88, 5, 0,[ 51, 87, 66, 42]],

[ 1, 5, 0,[ 64, 17, 98, 38]],

[ 94, 5, 0,[ 26, 76, 33]],

[ 24, 5, 0,[ 71, 25, 42, 91]],

[ 21, 5, 0,[ 26, 5, 99]],

[ 25, 35, 1,[ 71, 86, 24]],

[ 7, 5, 0,[ 76, 65, 74]],

[ 51, 5, 0,[ 45, 71, 88, 91]],

[ 49, 5, 0,[ 12, 95, 11]],

[ 95, 5, 0,[ 38, 82, 49]],

[ 40, 5, 0,[ 47, 52, 54]],

[ 10, 95, 1,[ 86, 91, 67, 62]],

[ 6, 5, 0,[ 85, 82, 29]],

[ 27, 5, 0,[ 45, 30, 38]],

[ 57, 75, 1,[ 28, 53, 3]],

[ 73, 5, 0,[ 96, 44, 18, 72, 89]],

[ 83, 5, 0,[ 85, 36, 11, 60]],

[ 72, 5, 0,[ 20, 32, 73]],

[ 58, 5, 0,[ 46, 66, 4, 12]],

[ 45, 5, 0,[ 27, 38, 51]],

[ 23, 5, 0,[ 41, 81, 86, 87]],

[ 11, 5, 0,[ 54, 83, 49]],

[ 22, 5, 0,[ 39, 68, 13]],

[ 19, 15, 1,[ 37, 32, 77, 92]],

[ 17, 5, 0,[ 1, 82, 97]],

[ 67, 5, 0,[ 98, 10, 28]],

[ 20, 5, 0,[ 96, 72]],

[ 79, 5, 0,[ 48, 53, 35]],

[ 82, 5, 0,[ 95, 17, 92, 28, 6, 8]],

[ 12, 5, 0,[ 49, 58, 77]],

[ 15, 5, 0,[ 9, 74, 80, 35]],

[ 98, 75, 1,[ 1, 0, 67, 70]],

[ 42, 5, 0,[ 24, 18, 88]],

[ 97, 5, 0,[ 17, 8, 4, 9, 48]],

[ 84, 5, 0,[ 0, 81, 61, 74]],

[ 90, 5, 0,[ 29, 30, 28]],

[ 99, 5, 0,[ 64, 21, 59]],

[ 59, 5, 0,[ 99, 93, 31]],

[ 80, 5, 0,[ 65, 15, 74]],

[ 66, 5, 0,[ 88, 58, 60]],

[ 36, 5, 0,[ 28, 83, 13]],

[ 60, 5, 0,[ 66, 33, 89, 83]],

[ 44, 5, 0,[ 73, 43, 87, 50]],

[ 56, 5, 0,[ 13]],

[ 29, 5, 0,[ 2, 77, 78, 75, 6, 90]],

[ 62, 5, 0,[ 18, 3, 10]],

[ 52, 5, 0,[ 26, 40, 5, 28, 9]],

[ 13, 5, 0,[ 56, 22, 37, 36, 34]],

[ 14, 5, 0,[ 75, 43, 54]],

[ 85, 35, 1,[ 6, 55, 16, 34, 83]],

[ 81, 5, 0,[ 0, 84, 23, 89]],

[ 87, 5, 0,[ 44, 88, 23]],

[ 30, 5, 0,[ 0, 90, 27]],

[ 92, 5, 0,[ 19, 50, 82]],

[ 65, 5, 0,[ 46, 80, 7, 0]],

[ 70, 5, 0,[ 31, 98, 3]],

[ 9, 5, 0,[ 52, 15, 97]],

[ 37, 5, 0,[ 13, 19, 78, 31]],

[ 43, 5, 0,[ 44, 61, 14]],

[ 5, 5, 0,[ 52, 34, 21]],

[ 89, 5, 0,[ 73, 81, 60]],

[ 68, 5, 0,[ 50, 48, 22]],

[ 53, 5, 0,[ 79, 75, 57]],

[ 69, 5, 0,[ 39, 93, 47]],

[ 64, 5, 0,[ 4, 99, 1]],

[ 31, 5, 0,[ 37, 59, 70]],

