[ 84, 95, 0,[ 8, 49, 12, 92]],

[ 43, 95, 0,[ 98, 12, 99, 64]],

[ 99, 95, 0,[ 74, 43, 2, 62, 5]],

[ 48, 55, 1,[ 63, 26, 0, 65]],

[ 69, 95, 0,[ 35, 72, 45, 50]],

[ 68, 95, 0,[ 40, 25]],

[ 50, 95, 0,[ 56, 41, 69]],

[ 0, 95, 0,[ 48, 90, 65, 73, 3]],

[ 79, 95, 0,[ 58, 97, 56]],

[ 17, 95, 0,[ 42, 29]],

[ 94, 95, 0,[ 47, 92, 91]],

[ 73, 95, 0,[ 96, 8, 0]],

[ 26, 95, 0,[ 93, 48, 40, 81, 57, 91]],

[ 83, 95, 0,[ 67, 12, 42]],

[ 10, 95, 0,[ 67, 63, 92, 33]],

[ 25, 15, 1,[ 66, 51, 68]],

[ 32, 95, 0,[ 72, 1, 75]],

[ 62, 95, 0,[ 6, 82, 60, 23, 99]],

[ 36, 95, 0,[ 40, 31, 28, 52]],

[ 95, 95, 0,[ 97, 3, 40]],

[ 37, 95, 0,[ 5, 81, 15]],

[ 87, 95, 0,[ 30, 11, 8, 98]],

[ 34, 95, 0,[ 7, 30, 82, 4, 33]],

[ 21, 95, 0,[ 88, 11]],

[ 24, 95, 0,[ 70, 89, 77]],

[ 52, 95, 0,[ 91, 36, 19]],

[ 33, 95, 0,[ 34, 10, 35]],

[ 12, 95, 0,[ 83, 43, 84]],

[ 56, 95, 0,[ 45, 61, 79, 50, 47, 96]],

[ 96, 95, 0,[ 81, 73, 6, 56]],

[ 13, 95, 0,[ 20, 40, 55]],

[ 98, 85, 1,[ 87, 43, 5]],

[ 45, 95, 0,[ 69, 51, 56]],

[ 97, 95, 0,[ 79, 11, 5, 95]],

[ 88, 95, 0,[ 21, 77, 2, 44]],

[ 9, 95, 0,[ 44, 15, 60, 76]],

[ 28, 95, 0,[ 86, 36, 49, 55]],

[ 35, 95, 0,[ 71, 8, 33, 69, 7, 46]],

[ 91, 95, 0,[ 26, 94, 52]],

[ 23, 95, 0,[ 66, 62, 29]],

[ 29, 95, 0,[ 17, 38, 23, 39, 55]],

[ 5, 95, 0,[ 98, 37, 97, 99, 70]],

[ 51, 95, 0,[ 71, 25, 45]],

[ 14, 95, 0,[ 30, 38, 8]],

[ 66, 95, 0,[ 23, 47, 31, 25]],

[ 53, 95, 0,[ 65, 58, 1]],

[ 2, 95, 0,[ 39, 3, 88, 89, 99, 57]],

[ 59, 95, 0,[ 3, 86, 78]],

[ 27, 95, 0,[ 61, 89, 15]],

[ 65, 95, 0,[ 0, 53, 20, 48, 46]],

[ 55, 95, 0,[ 15, 29, 28, 13, 39]],

[ 44, 95, 0,[ 54, 49, 9, 88]],

[ 30, 95, 0,[ 14, 34, 87]],

[ 16, 75, 1,[ 78, 89, 75, 41]],

[ 8, 95, 0,[ 14, 84, 35, 87, 73]],

[ 47, 95, 0,[ 66, 56, 94, 18]],

[ 49, 95, 0,[ 40, 44, 28, 84]],

[ 74, 35, 1,[ 99, 15, 7]],

[ 18, 95, 0,[ 11, 85, 47]],

[ 75, 95, 0,[ 16, 7, 54, 32]],

[ 4, 95, 0,[ 67, 85, 34]],

[ 67, 95, 0,[ 10, 93, 4, 83]],

[ 54, 95, 0,[ 44, 19, 75]],

[ 76, 95, 0,[ 80, 9, 7, 58]],

[ 1, 95, 0,[ 32, 53, 81]],

[ 15, 95, 0,[ 9, 37, 74, 55, 27]],

[ 93, 95, 0,[ 67, 26, 60]],

[ 58, 95, 0,[ 46, 53, 76, 79]],

[ 82, 95, 0,[ 62, 3, 34]],

[ 81, 95, 0,[ 22, 37, 1, 96, 26]],

[ 38, 15, 1,[ 19, 85, 14, 29]],

[ 6, 95, 0,[ 62, 96, 86, 41]],

[ 61, 95, 0,[ 27, 72, 78, 56]],

[ 63, 95, 0,[ 22, 10, 48]],

[ 77, 95, 0,[ 24, 70, 88]],

[ 7, 95, 0,[ 31, 74, 35, 76, 75, 34]],

[ 92, 95, 0,[ 94, 10, 84]],

[ 22, 75, 1,[ 81, 71, 63]],

[ 46, 95, 0,[ 65, 35, 58]],

[ 40, 95, 0,[ 36, 13, 49, 68, 95, 26]],

[ 19, 95, 0,[ 54, 52, 80, 38, 60]],

[ 42, 95, 0,[ 17, 89, 83]],

[ 70, 95, 0,[ 5, 77, 24]],

[ 60, 95, 0,[ 9, 19, 93, 62]],

[ 80, 95, 0,[ 19, 76]],

[ 31, 95, 0,[ 7, 90, 66, 36]],

[ 86, 35, 1,[ 28, 6, 59]],

[ 64, 95, 0,[ 43, 20, 89]],

[ 71, 95, 0,[ 51, 35, 22]],

[ 90, 95, 0,[ 20, 31, 0]],

[ 3, 95, 0,[ 0, 82, 59, 2, 95]],

[ 11, 95, 0,[ 21, 87, 97, 18]],

[ 85, 95, 0,[ 38, 4, 18]],

[ 72, 95, 0,[ 61, 32, 69]],

[ 57, 65, 1,[ 2, 26]],

[ 78, 95, 0,[ 61, 16, 59]],

[ 20, 95, 0,[ 13, 65, 90, 64]],

[ 41, 95, 0,[ 16, 6, 50]],

[ 39, 75, 1,[ 55, 2, 29]],

[ 89, 95, 0,[ 2, 16, 24, 64, 27, 42]],

