[ 87, 95, 1,[ 98, 13, 81]],

[ 26, 95, 0,[ 0, 16, 53, 48]],

[ 21, 85, 1,[ 48, 51, 79]],

[ 80, 95, 0,[ 31, 79, 84, 23, 85, 78]],

[ 83, 65, 1,[ 98, 62, 85, 46]],

[ 65, 95, 0,[ 12, 49, 63]],

[ 47, 95, 1,[ 95, 62, 73, 52]],

[ 35, 95, 0,[ 9, 13, 66, 43, 99]],

[ 54, 95, 0,[ 43, 67, 84]],

[ 70, 45, 1,[ 91, 75, 49]],

[ 25, 65, 1,[ 12, 49, 24, 37, 60]],

[ 44, 95, 0,[ 34, 90, 91]],

[ 9, 95, 0,[ 35, 38, 0]],

[ 14, 95, 1,[ 37, 62, 11, 28]],

[ 94, 95, 0,[ 75, 6, 66]],

[ 0, 95, 0,[ 26, 45, 9, 98]],

[ 78, 95, 0,[ 93, 7, 1, 6, 80]],

[ 58, 95, 0,[ 18, 53, 11, 4]],

[ 23, 15, 1,[ 60, 92, 80]],

[ 41, 15, 1,[ 57, 1]],

[ 64, 95, 0,[ 5, 86, 82]],

[ 7, 95, 0,[ 89, 85, 78]],

[ 40, 95, 0,[ 66, 52, 20]],

[ 42, 25, 1,[ 30, 50, 97]],

[ 51, 5, 1,[ 34, 21, 43]],

[ 57, 5, 1,[ 90, 41, 63, 91]],

[ 84, 95, 0,[ 54, 43, 80]],

[ 91, 95, 1,[ 57, 70, 44, 71, 6]],

[ 77, 95, 0,[ 76, 81, 59]],

[ 13, 95, 1,[ 35, 34, 87]],

[ 96, 95, 0,[ 1, 99, 55, 22]],

[ 43, 95, 0,[ 54, 84, 35, 51]],

[ 93, 95, 0,[ 28, 36, 29, 72, 56, 78]],

[ 71, 95, 1,[ 95, 10, 91]],

[ 92, 95, 0,[ 16, 23, 31, 20, 89, 74]],

[ 89, 95, 0,[ 81, 7, 92]],

[ 49, 95, 0,[ 65, 59, 70, 25]],

[ 73, 95, 1,[ 33, 82, 47]],

[ 4, 95, 0,[ 12, 58, 59]],

[ 6, 95, 0,[ 94, 78, 91]],

[ 16, 25, 1,[ 26, 76, 92]],

[ 32, 65, 1,[ 48, 19, 39]],

[ 75, 95, 1,[ 70, 94, 88]],

[ 31, 95, 1,[ 20, 80, 92]],

[ 72, 25, 1,[ 38, 93, 30]],

[ 95, 95, 1,[ 71, 47, 85]],

[ 68, 95, 0,[ 12, 55, 63]],

[ 82, 95, 1,[ 64, 74, 22, 73]],

[ 59, 25, 1,[ 77, 4, 61, 5, 17, 49]],

[ 74, 15, 1,[ 82, 92, 86, 90, 3]],

[ 11, 95, 0,[ 14, 24, 58]],

[ 79, 95, 0,[ 21, 88, 80]],

[ 76, 95, 0,[ 77, 16]],

[ 38, 95, 1,[ 72, 46, 9]],

[ 61, 95, 0,[ 88, 24, 59]],

[ 66, 95, 0,[ 40, 94, 35]],

[ 5, 95, 0,[ 64, 8, 67, 2, 59]],

[ 98, 95, 1,[ 87, 0, 83]],

[ 88, 95, 1,[ 79, 61, 75]],

[ 55, 95, 0,[ 67, 96, 24, 68]],

[ 39, 95, 0,[ 32]],

[ 3, 75, 0,[ 74, 30, 15]],

[ 53, 15, 1,[ 58, 18, 26]],

[ 62, 75, 0,[ 47, 83, 14]],

[ 45, 35, 1,[ 0, 99, 81]],

[ 52, 75, 0,[ 36, 47, 40]],

[ 60, 55, 1,[ 23, 25, 63]],

[ 1, 95, 1,[ 41, 78, 96]],

[ 29, 95, 0,[ 93, 48, 63]],

[ 12, 95, 0,[ 17, 65, 68, 4, 25]],

[ 34, 95, 0,[ 51, 13, 19, 44]],

[ 27, 95, 0,[ 8, 50, 85]],

[ 36, 95, 1,[ 90, 52, 93]],

[ 2, 95, 0,[ 33, 28, 19, 5]],

[ 46, 65, 1,[ 56, 83, 38]],

[ 90, 95, 1,[ 44, 57, 74, 36]],

[ 63, 5, 1,[ 68, 60, 69, 29, 65, 57]],

[ 18, 85, 1,[ 10, 53, 58]],

[ 28, 95, 0,[ 14, 2, 93]],

[ 86, 15, 1,[ 74, 64, 56]],

[ 48, 35, 1,[ 26, 29, 32, 21]],

[ 99, 95, 0,[ 45, 96, 35]],

[ 85, 95, 1,[ 27, 7, 83, 95, 80]],

[ 22, 15, 1,[ 82, 24, 96]],

[ 33, 85, 1,[ 2, 97, 73]],

[ 10, 55, 1,[ 71, 18, 15]],

[ 56, 65, 1,[ 30, 86, 93, 46]],

[ 17, 95, 0,[ 12, 59]],

[ 97, 25, 0,[ 15, 33, 42]],

[ 67, 95, 1,[ 55, 54, 5]],

[ 81, 95, 0,[ 89, 77, 45, 87]],

[ 19, 95, 1,[ 34, 69, 2, 32]],

[ 30, 55, 1,[ 56, 3, 72, 42]],

[ 8, 95, 0,[ 5, 27, 20]],

[ 69, 95, 1,[ 50, 63, 19]],

[ 37, 95, 1,[ 14, 25]],

[ 15, 25, 0,[ 10, 97, 3]],

[ 20, 95, 0,[ 31, 8, 92, 40]],

[ 24, 5, 1,[ 61, 22, 11, 55, 25]],

[ 50, 25, 0,[ 27, 42, 69]],

