[ 29, 75, 0,[ 55, 49, 17, 36, 23, 61]],

[ 66, 75, 0,[ 0, 23, 47]],

[ 30, 75, 0,[ 34, 14, 25]],

[ 7, 75, 0,[ 31, 52, 76, 83, 75]],

[ 9, 75, 0,[ 60, 64, 57, 15, 68, 91]],

[ 0, 75, 0,[ 65, 24, 55, 2, 13, 66, 31, 49]],

[ 87, 75, 0,[ 11, 8, 69]],

[ 11, 75, 0,[ 79, 87, 39, 21, 51, 97]],

[ 28, 75, 0,[ 32, 76, 36]],

[ 84, 75, 0,[ 5, 33, 71, 12, 42]],

[ 34, 75, 0,[ 4, 20, 82, 30]],

[ 81, 75, 0,[ 26, 98, 95, 1]],

[ 69, 35, 1,[ 45, 35, 87]],

[ 76, 75, 0,[ 80, 50, 28, 70, 58, 7, 39]],

[ 79, 75, 0,[ 97, 11, 41, 51, 58, 2]],

[ 17, 75, 0,[ 42, 43, 98, 29]],

[ 97, 75, 0,[ 5, 11, 79, 26, 63]],

[ 13, 75, 0,[ 20, 0, 55]],

[ 51, 75, 0,[ 72, 11, 79]],

[ 67, 75, 0,[ 18, 89]],

[ 71, 75, 0,[ 84, 4, 82]],

[ 61, 75, 0,[ 27, 29, 78]],

[ 43, 75, 0,[ 64, 17, 41]],

[ 4, 75, 0,[ 68, 64, 85, 71, 34, 44]],

[ 98, 45, 1,[ 17, 81, 5]],

[ 94, 75, 0,[ 78, 92, 53]],

[ 44, 75, 0,[ 63, 58, 49, 4, 68]],

[ 10, 5, 1,[ 80, 39, 25]],

[ 83, 75, 0,[ 75, 7, 73]],

[ 23, 75, 0,[ 66, 29, 5]],

[ 20, 75, 0,[ 65, 34, 86, 13]],

[ 49, 75, 0,[ 29, 0, 44]],

[ 75, 75, 0,[ 83, 32, 7, 37]],

[ 35, 75, 0,[ 69, 92, 31]],

[ 42, 75, 0,[ 84, 17, 99]],

[ 74, 75, 0,[ 21, 99, 5, 16, 12, 41]],

[ 99, 75, 0,[ 16, 5, 42, 74]],

[ 48, 75, 1,[ 22, 37, 90]],

[ 95, 75, 0,[ 96, 81, 93]],

[ 36, 75, 0,[ 28, 77, 33, 29]],

[ 53, 75, 0,[ 58, 2, 94, 65]],

[ 65, 75, 0,[ 20, 56, 53, 46, 0]],

[ 93, 75, 0,[ 60, 26, 95]],

[ 19, 35, 1,[ 70, 50, 56]],

[ 91, 75, 0,[ 52, 9, 26]],

[ 73, 75, 0,[ 83, 85, 96]],

[ 26, 75, 0,[ 91, 93, 97, 81, 40]],

[ 40, 75, 0,[ 68, 26, 6]],

[ 31, 75, 0,[ 2, 7, 35, 0]],

[ 57, 75, 1,[ 22, 9, 38]],

[ 55, 75, 0,[ 13, 0, 29]],

[ 59, 75, 0,[ 3, 54, 86]],

[ 89, 75, 0,[ 27, 64, 67, 24]],

[ 25, 75, 0,[ 47, 33, 68, 10, 30]],

[ 50, 75, 0,[ 76, 19, 85, 22, 45]],

[ 46, 75, 0,[ 58, 65, 77]],

[ 82, 75, 0,[ 34, 62, 71, 3]],

[ 70, 75, 0,[ 24, 19, 76]],

[ 8, 75, 0,[ 87, 14, 22, 52]],

[ 6, 75, 0,[ 96, 38, 62, 40]],

[ 85, 75, 0,[ 50, 73, 4]],

[ 33, 75, 0,[ 25, 36, 84]],

[ 72, 75, 0,[ 18, 51, 32]],

[ 80, 75, 0,[ 10, 76, 77]],

[ 14, 75, 0,[ 38, 8, 30]],

[ 12, 75, 0,[ 84, 74, 1]],

[ 63, 75, 0,[ 64, 44, 97]],

[ 90, 95, 1,[ 78, 47, 48]],

[ 45, 75, 0,[ 1, 50, 69]],

[ 78, 75, 0,[ 94, 90, 61]],

[ 92, 75, 0,[ 35, 15, 94]],

[ 22, 65, 1,[ 8, 50, 48, 57]],

[ 37, 75, 0,[ 75, 15, 48, 5]],

[ 18, 75, 0,[ 47, 67, 72]],

[ 27, 75, 0,[ 61, 15, 89]],

[ 54, 75, 0,[ 59, 5, 2]],

[ 88, 75, 0,[ 2, 21]],

[ 96, 75, 0,[ 95, 6, 73]],

[ 5, 75, 0,[ 84, 98, 23, 97, 74, 99, 86, 37, 54]],

[ 21, 75, 0,[ 74, 11, 88]],

[ 24, 75, 0,[ 70, 89, 0]],

[ 16, 95, 1,[ 99, 74, 60]],

[ 64, 75, 0,[ 89, 43, 9, 4, 63]],

[ 41, 75, 0,[ 79, 74, 43]],

[ 58, 75, 0,[ 79, 44, 76, 46, 53]],

[ 39, 35, 1,[ 10, 76, 11]],

[ 77, 75, 0,[ 46, 36, 68, 80]],

[ 32, 75, 0,[ 28, 75, 72]],

[ 38, 75, 0,[ 14, 6, 57]],

[ 86, 75, 0,[ 20, 5, 59]],

[ 62, 75, 0,[ 60, 6, 82]],

[ 2, 75, 0,[ 88, 3, 79, 0, 31, 53, 54]],

[ 68, 75, 0,[ 25, 40, 77, 9, 4, 44]],

[ 3, 75, 0,[ 59, 2, 82]],

[ 15, 75, 0,[ 27, 9, 92, 37]],

[ 47, 75, 0,[ 18, 25, 90, 66]],

[ 60, 75, 0,[ 9, 93, 62, 16]],

[ 1, 75, 0,[ 12, 45, 81]],

[ 52, 75, 0,[ 91, 7, 8]],

[ 56, 75, 0,[ 65, 19]],

