[ 8, 95, 0,[ 55, 87, 46]],

[ 4, 95, 0,[ 32, 76, 63, 99]],

[ 58, 95, 0,[ 44, 82, 47, 50]],

[ 14, 95, 0,[ 74, 30, 98]],

[ 16, 95, 0,[ 41, 92, 27, 12, 35]],

[ 79, 95, 0,[ 97, 76, 13]],

[ 5, 95, 0,[ 80, 47, 71, 37]],

[ 34, 95, 0,[ 20, 2, 39, 7]],

[ 1, 95, 0,[ 3, 86]],

[ 75, 95, 0,[ 28, 7, 26]],

[ 57, 95, 0,[ 93, 54, 22, 23]],

[ 81, 25, 1,[ 62, 26, 38]],

[ 98, 95, 0,[ 84, 14, 97]],

[ 6, 95, 1,[ 62, 22, 3, 40]],

[ 50, 95, 0,[ 95, 15, 58]],

[ 40, 95, 0,[ 31, 6, 90]],

[ 28, 95, 0,[ 63, 49, 48, 75, 36]],

[ 21, 95, 0,[ 88, 9, 37]],

[ 25, 95, 0,[ 85, 52, 38, 68]],

[ 12, 95, 0,[ 97, 16, 67]],

[ 96, 45, 1,[ 39, 22, 95]],

[ 46, 95, 0,[ 65, 88, 18, 8, 77, 23]],

[ 13, 95, 0,[ 84, 79, 73, 36, 80]],

[ 54, 95, 0,[ 42, 57, 19]],

[ 91, 95, 0,[ 82, 95, 24, 18]],

[ 11, 65, 1,[ 78, 63, 97]],

[ 73, 95, 0,[ 13, 49, 56]],

[ 95, 95, 0,[ 96, 67, 72, 93, 50, 91]],

[ 99, 95, 0,[ 4, 51, 33]],

[ 76, 95, 0,[ 61, 20, 4, 79, 70, 51]],

[ 64, 95, 0,[ 44, 55, 89]],

[ 27, 95, 0,[ 65, 16, 89]],

[ 74, 95, 0,[ 33, 14, 42]],

[ 31, 95, 0,[ 40, 3, 0]],

[ 47, 95, 0,[ 94, 58, 5]],

[ 15, 95, 0,[ 50, 60, 56]],

[ 60, 95, 0,[ 15, 87, 53]],

[ 72, 95, 0,[ 95, 37, 85, 86]],

[ 36, 95, 0,[ 9, 92, 28, 13]],

[ 41, 95, 0,[ 48, 32, 16]],

[ 66, 95, 0,[ 43, 7, 94]],

[ 97, 95, 0,[ 11, 12, 98, 79]],

[ 69, 95, 0,[ 29, 45, 35, 82, 78]],

[ 59, 95, 0,[ 63, 20, 39]],

[ 33, 95, 0,[ 74, 99]],

[ 24, 95, 0,[ 49, 91, 68, 86]],

[ 51, 95, 0,[ 76, 99, 90]],

[ 2, 95, 1,[ 53, 83, 61, 34]],

[ 78, 95, 0,[ 69, 11, 61, 77]],

[ 35, 95, 0,[ 53, 43, 16, 69]],

[ 77, 95, 0,[ 88, 46, 78]],

[ 83, 95, 0,[ 42, 2, 30]],

[ 44, 95, 0,[ 64, 58, 68]],

[ 42, 95, 0,[ 83, 17, 54, 74, 70]],

[ 68, 95, 1,[ 44, 24, 17, 25]],

[ 90, 95, 0,[ 51, 87, 3, 40]],

[ 53, 95, 0,[ 60, 10, 2, 35]],

[ 3, 95, 0,[ 1, 90, 31, 88, 6]],

[ 94, 95, 0,[ 89, 47, 66, 71]],

[ 87, 95, 0,[ 90, 60, 8]],

[ 39, 95, 0,[ 34, 59, 9, 96]],

[ 32, 95, 0,[ 23, 41, 4]],

[ 84, 95, 0,[ 98, 13, 38, 30, 19, 49]],

[ 20, 95, 0,[ 86, 59, 34, 76]],

[ 56, 95, 0,[ 73, 70, 15]],

[ 93, 95, 0,[ 57, 95, 17, 26]],

[ 29, 95, 0,[ 26, 92, 69]],

[ 49, 95, 1,[ 28, 73, 84, 24]],

[ 10, 95, 0,[ 53, 52]],

[ 71, 95, 0,[ 94, 5, 62]],

[ 30, 95, 0,[ 84, 14, 83]],

[ 45, 95, 0,[ 85, 69, 9, 19]],

[ 86, 95, 0,[ 20, 72, 1, 24]],

[ 62, 95, 0,[ 88, 71, 6, 81]],

[ 37, 95, 0,[ 72, 5, 21]],

[ 88, 95, 0,[ 21, 77, 3, 18, 62, 46]],

[ 52, 95, 0,[ 10, 25, 18]],

[ 43, 95, 0,[ 35, 26, 66]],

[ 0, 95, 1,[ 31, 85, 55]],

[ 85, 95, 0,[ 45, 25, 72, 0]],

[ 89, 95, 0,[ 27, 94, 64]],

[ 63, 95, 0,[ 28, 59, 11, 4]],

[ 92, 95, 0,[ 36, 29, 16]],

[ 26, 5, 1,[ 93, 29, 75, 81, 43]],

[ 82, 95, 0,[ 69, 91, 58]],

[ 18, 95, 0,[ 46, 52, 91, 88]],

[ 61, 95, 0,[ 2, 78, 76]],

[ 19, 95, 0,[ 54, 84, 45]],

[ 70, 95, 0,[ 56, 76, 42]],

[ 38, 95, 0,[ 25, 84, 81]],

[ 65, 95, 0,[ 9, 46, 27]],

[ 67, 95, 0,[ 55, 95, 12]],

[ 80, 95, 0,[ 23, 5, 13]],

[ 55, 95, 0,[ 64, 0, 8, 67]],

[ 9, 95, 0,[ 39, 21, 45, 36, 65]],

[ 22, 95, 0,[ 57, 6, 96]],

[ 23, 95, 0,[ 46, 32, 80, 57]],

[ 48, 95, 0,[ 28, 41]],

[ 7, 95, 1,[ 66, 75, 34]],

[ 17, 95, 0,[ 68, 93, 42]],

