[ 87, 35, 0,[ 8, 30, 11]],

[ 89, 35, 0,[ 24, 27, 80]],

[ 35, 35, 0,[ 8, 7, 69]],

[ 8, 35, 0,[ 10, 35, 87, 84]],

[ 22, 85, 1,[ 15, 71, 38]],

[ 94, 35, 0,[ 41, 66, 60]],

[ 77, 35, 0,[ 88, 2, 80]],

[ 68, 35, 0,[ 44, 9, 4, 75, 25]],

[ 14, 35, 0,[ 30, 67, 54]],

[ 59, 35, 0,[ 57, 88, 86, 3]],

[ 66, 35, 0,[ 94, 0, 15]],

[ 25, 95, 1,[ 82, 51, 68]],

[ 29, 35, 0,[ 23, 61, 20, 75, 39]],

[ 51, 35, 0,[ 61, 76, 25]],

[ 42, 35, 0,[ 13, 64, 34]],

[ 5, 35, 0,[ 99, 95, 97]],

[ 28, 35, 0,[ 54, 34, 11]],

[ 46, 35, 0,[ 79, 71, 53, 58]],

[ 20, 35, 0,[ 29, 72, 33]],

[ 2, 35, 0,[ 88, 97, 53, 77]],

[ 57, 35, 1,[ 41, 9, 59, 33]],

[ 63, 35, 0,[ 54, 64, 33]],

[ 56, 35, 0,[ 65, 24, 96]],

[ 32, 35, 0,[ 24, 82, 1]],

[ 92, 35, 0,[ 52, 12, 88]],

[ 47, 35, 0,[ 86, 69, 18]],

[ 72, 35, 0,[ 65, 20, 18]],

[ 69, 35, 0,[ 36, 35, 16, 70, 45, 47]],

[ 33, 35, 0,[ 57, 63, 20]],

[ 84, 35, 0,[ 83, 70, 8]],

[ 55, 35, 0,[ 38, 85, 26, 17]],

[ 18, 35, 0,[ 72, 74, 47]],

[ 43, 35, 0,[ 98, 71, 99]],

[ 37, 35, 0,[ 86, 15, 81]],

[ 64, 35, 0,[ 9, 42, 63]],

[ 74, 75, 1,[ 18, 99, 48]],

[ 38, 35, 0,[ 22, 55, 96]],

[ 58, 35, 0,[ 40, 46, 34]],

[ 24, 35, 0,[ 50, 89, 32, 56, 86]],

[ 78, 35, 0,[ 61, 26, 6]],

[ 60, 35, 0,[ 36, 9, 94]],

[ 23, 35, 0,[ 29, 62, 11]],

[ 97, 35, 0,[ 5, 26, 2, 98, 85]],

[ 13, 35, 0,[ 42, 49, 95, 71]],

[ 85, 35, 0,[ 55, 97, 88]],

[ 31, 35, 0,[ 81, 40, 9]],

[ 53, 35, 0,[ 46, 65, 2]],

[ 98, 55, 1,[ 43, 97, 71]],

[ 41, 35, 0,[ 57, 94, 6]],

[ 99, 35, 0,[ 43, 74, 5]],

[ 80, 35, 0,[ 90, 77, 76, 30, 89, 10]],

[ 27, 35, 0,[ 16, 71, 89]],

[ 0, 35, 0,[ 65, 73, 66]],

[ 48, 5, 1,[ 52, 39, 74]],

[ 19, 35, 0,[ 73, 93]],

[ 26, 35, 0,[ 97, 75, 78, 40, 55]],

[ 81, 35, 0,[ 31, 96, 6, 37, 90, 4]],

[ 16, 25, 1,[ 69, 49, 27]],

[ 10, 25, 1,[ 80, 71, 8]],

[ 3, 35, 0,[ 90, 59, 91]],

[ 67, 35, 0,[ 83, 75, 14]],

[ 54, 35, 0,[ 28, 70, 14, 63]],

[ 90, 35, 1,[ 3, 80, 81]],

[ 73, 35, 0,[ 0, 19, 12]],

[ 15, 35, 0,[ 22, 37, 66]],

[ 17, 35, 0,[ 93, 70, 55]],

[ 50, 35, 0,[ 24, 82, 76]],

[ 21, 35, 0,[ 52, 44, 88]],

[ 1, 35, 0,[ 12, 32, 45]],

[ 6, 35, 0,[ 78, 62, 81, 41, 40]],

[ 39, 35, 0,[ 83, 48, 29]],

[ 88, 35, 0,[ 59, 77, 85, 21, 2, 92]],

[ 76, 35, 0,[ 9, 50, 51, 7, 80]],

[ 30, 35, 0,[ 80, 87, 14]],

[ 71, 35, 0,[ 13, 98, 46, 10, 27, 22, 43]],

[ 40, 35, 0,[ 49, 26, 6, 31, 58]],

[ 36, 35, 0,[ 7, 60, 83, 69]],

[ 65, 35, 0,[ 56, 53, 72, 0, 45]],

[ 34, 35, 0,[ 58, 42, 28]],

[ 9, 35, 0,[ 57, 68, 60, 76, 64, 31]],

[ 83, 35, 0,[ 84, 36, 39, 67, 91]],

[ 79, 35, 0,[ 11, 46, 93]],

[ 44, 35, 0,[ 68, 91, 4, 21]],

[ 49, 35, 0,[ 40, 13, 16]],

[ 12, 35, 0,[ 1, 92, 73]],

[ 62, 35, 0,[ 23, 6]],

[ 45, 35, 0,[ 69, 1, 65]],

[ 91, 35, 0,[ 61, 83, 3, 44]],

[ 95, 35, 0,[ 96, 13, 5]],

[ 70, 35, 0,[ 84, 69, 17, 54]],

[ 52, 35, 0,[ 21, 92, 48]],

[ 75, 35, 0,[ 68, 26, 29, 67]],

[ 86, 45, 1,[ 37, 59, 24, 47]],

[ 96, 35, 0,[ 95, 81, 38, 56]],

[ 11, 35, 0,[ 79, 23, 87, 28]],

[ 7, 35, 0,[ 76, 36, 35]],

[ 61, 35, 0,[ 91, 51, 29, 78]],

[ 82, 35, 0,[ 32, 50, 25]],

[ 4, 35, 0,[ 44, 81, 68]],

[ 93, 35, 0,[ 79, 19, 17]],

