[ 40, 5, 0,[ 85, 68, 67, 13]],

[ 25, 5, 0,[ 51, 22, 59]],

[ 45, 5, 0,[ 50, 66, 69]],

[ 30, 5, 0,[ 68, 44, 87, 98]],

[ 7, 5, 0,[ 76, 20, 63, 52]],

[ 57, 5, 0,[ 43, 9, 81, 59, 20]],

[ 62, 5, 0,[ 14, 99, 82, 6, 68]],

[ 37, 5, 0,[ 69, 81, 5]],

[ 43, 5, 0,[ 97, 57, 64]],

[ 32, 5, 0,[ 35, 36, 75, 73, 13]],

[ 33, 5, 0,[ 2, 84, 18]],

[ 18, 5, 0,[ 34, 69, 33, 47]],

[ 52, 5, 0,[ 7, 91, 21, 58, 34]],

[ 41, 5, 0,[ 96, 3, 64]],

[ 21, 5, 0,[ 11, 88, 52, 14]],

[ 9, 5, 0,[ 76, 57, 64]],

[ 67, 5, 0,[ 49, 4, 40]],

[ 53, 5, 0,[ 63, 2, 16, 58]],

[ 50, 5, 0,[ 45, 90, 96, 60, 22]],

[ 66, 5, 0,[ 36, 45, 31]],

[ 80, 5, 0,[ 89, 39, 92]],

[ 15, 5, 0,[ 97, 55, 56]],

[ 93, 5, 0,[ 17, 16, 20]],

[ 11, 25, 1,[ 21, 61, 79]],

[ 82, 5, 0,[ 3, 62]],

[ 84, 5, 0,[ 44, 33, 91]],

[ 64, 5, 0,[ 41, 98, 9, 43]],

[ 4, 5, 0,[ 67, 42, 85]],

[ 24, 5, 0,[ 13, 79, 83, 76]],

[ 22, 5, 0,[ 68, 50, 25]],

[ 69, 5, 0,[ 48, 37, 18, 45]],

[ 19, 5, 0,[ 99, 61, 55, 36]],

[ 3, 5, 0,[ 79, 23, 41, 82]],

[ 17, 5, 0,[ 93, 42, 29]],

[ 70, 5, 0,[ 78, 29, 60]],

[ 55, 5, 0,[ 0, 15, 1, 29, 19]],

[ 78, 5, 0,[ 20, 97, 70, 54]],

[ 51, 5, 0,[ 72, 71, 56, 25]],

[ 16, 5, 0,[ 31, 53, 93]],

[ 29, 5, 0,[ 17, 55, 39, 70]],

[ 60, 5, 0,[ 50, 99, 70]],

[ 44, 15, 1,[ 84, 30, 49]],

[ 58, 35, 1,[ 53, 52, 79, 1]],

[ 0, 15, 1,[ 65, 31, 55]],

[ 23, 5, 0,[ 39, 63, 3]],

[ 73, 5, 0,[ 96, 32, 8, 90]],

[ 95, 5, 0,[ 79, 49, 5, 96]],

[ 26, 15, 1,[ 75]],

[ 74, 5, 0,[ 54, 89, 83]],

[ 56, 5, 0,[ 90, 15, 47, 51]],

[ 46, 5, 0,[ 8, 65, 77]],

[ 87, 5, 0,[ 92, 30]],

[ 88, 5, 0,[ 86, 21, 2, 77]],

[ 90, 5, 0,[ 56, 50, 73]],

[ 27, 5, 0,[ 77, 28, 61, 10, 94]],

[ 20, 5, 0,[ 7, 93, 78, 57]],

[ 31, 5, 0,[ 16, 66, 34, 0]],

[ 72, 5, 0,[ 75, 51, 2]],

[ 12, 5, 0,[ 94, 96, 92]],

[ 97, 5, 0,[ 10, 43, 79, 78, 15, 5]],

[ 68, 25, 1,[ 62, 22, 30, 40]],

[ 39, 5, 0,[ 80, 42, 23, 29]],

[ 83, 5, 0,[ 24, 94, 85, 74]],

[ 98, 5, 0,[ 64, 30]],

[ 71, 5, 0,[ 35, 51, 65]],

[ 14, 5, 0,[ 8, 62, 21]],

[ 42, 5, 0,[ 4, 17, 39]],

[ 48, 5, 0,[ 86, 69, 54]],

[ 59, 5, 0,[ 86, 28, 25, 57]],

[ 54, 5, 0,[ 78, 74, 48]],

[ 5, 5, 0,[ 97, 95, 37]],

[ 49, 25, 1,[ 67, 44, 95]],

[ 10, 5, 0,[ 97, 1, 27]],

[ 8, 5, 0,[ 46, 14, 73]],

[ 28, 5, 0,[ 36, 59, 27]],

[ 92, 5, 0,[ 47, 87, 12, 80]],

[ 81, 25, 1,[ 57, 37]],

[ 1, 5, 0,[ 58, 10, 55]],

[ 86, 5, 0,[ 59, 48, 88]],

[ 65, 5, 0,[ 46, 71, 0, 35]],

[ 2, 25, 1,[ 88, 72, 6, 89, 33, 53]],

[ 61, 5, 0,[ 27, 11, 19]],

[ 85, 5, 0,[ 40, 83, 4, 38]],

[ 63, 5, 0,[ 53, 7, 23]],

[ 13, 5, 0,[ 40, 32, 24]],

[ 94, 5, 0,[ 27, 12, 83]],

[ 34, 5, 0,[ 52, 18, 31]],

[ 38, 5, 0,[ 85, 6, 91]],

[ 96, 5, 0,[ 73, 95, 50, 12, 41]],

[ 47, 5, 0,[ 92, 18, 56]],

[ 79, 5, 0,[ 3, 95, 97, 24, 11, 58]],

[ 99, 5, 0,[ 19, 62, 60]],

[ 76, 5, 0,[ 7, 9, 24]],

[ 77, 5, 0,[ 27, 88, 46]],

[ 35, 5, 0,[ 32, 71, 65]],

[ 36, 5, 0,[ 19, 28, 66, 32]],

[ 75, 5, 0,[ 72, 32, 26]],

[ 89, 5, 0,[ 74, 80, 2]],

[ 91, 5, 0,[ 38, 52, 84]],

[ 6, 95, 1,[ 38, 2, 62]],

