[ 96, 5, 0,[ 51, 29, 72]],

[ 98, 5, 1,[ 95, 19, 69]],

[ 2, 55, 0,[ 6, 18, 81]],

[ 61, 85, 1,[ 24, 27, 39, 82, 58, 84, 45, 51]],

[ 27, 5, 1,[ 10, 61, 31]],

[ 29, 75, 0,[ 44, 96, 41]],

[ 75, 5, 1,[ 85, 81, 0, 72, 16]],

[ 35, 5, 0,[ 1, 86, 93]],

[ 85, 25, 1,[ 75, 21, 42]],

[ 48, 25, 1,[ 43, 7, 9, 12, 84]],

[ 26, 75, 0,[ 74, 82, 49]],

[ 9, 25, 0,[ 4, 48, 77, 73]],

[ 69, 65, 1,[ 98, 62, 90]],

[ 28, 85, 1,[ 78, 49, 19, 0]],

[ 59, 65, 1,[ 63, 0, 55, 66]],

[ 47, 75, 0,[ 82, 57, 17, 16]],

[ 40, 25, 0,[ 86, 74]],

[ 89, 25, 0,[ 23, 31, 97]],

[ 81, 55, 0,[ 75, 71, 62, 2, 38, 17]],

[ 88, 5, 1,[ 60, 49, 33, 54]],

[ 90, 55, 1,[ 4, 92, 45, 57, 69, 30]],

[ 65, 25, 0,[ 7, 13, 83, 42]],

[ 11, 25, 0,[ 94, 50, 60]],

[ 84, 25, 0,[ 66, 48, 61, 43]],

[ 82, 75, 1,[ 26, 47, 61]],

[ 71, 45, 1,[ 7, 81, 20]],

[ 45, 85, 1,[ 7, 90, 61, 22]],

[ 12, 25, 0,[ 87, 19, 15, 48]],

[ 64, 55, 0,[ 44, 24, 53]],

[ 16, 75, 1,[ 75, 47, 80]],

[ 7, 25, 0,[ 48, 41, 45, 65, 71]],

[ 99, 25, 0,[ 34, 33, 56]],

[ 67, 15, 0,[ 50, 1, 22, 51]],

[ 36, 95, 1,[ 77, 87, 14, 80]],

[ 18, 25, 0,[ 6, 2]],

[ 5, 25, 0,[ 79, 95, 56, 31]],

[ 25, 75, 1,[ 91, 78, 63]],

[ 31, 25, 1,[ 27, 5, 58, 89, 97]],

[ 24, 55, 1,[ 94, 61, 64]],

[ 1, 75, 0,[ 35, 67, 33]],

[ 53, 65, 1,[ 64, 33, 57, 93]],

[ 60, 5, 1,[ 88, 11, 76]],

[ 91, 15, 1,[ 25, 68, 55]],

[ 37, 55, 1,[ 14, 93, 86]],

[ 68, 25, 0,[ 58, 3, 86, 91]],

[ 51, 15, 1,[ 67, 96, 61]],

[ 54, 5, 0,[ 38, 44, 13, 88]],

[ 23, 25, 1,[ 87, 3, 89]],

[ 50, 25, 0,[ 11, 67, 66]],

[ 22, 15, 1,[ 52, 45, 67]],

[ 32, 85, 1,[ 38, 79]],

[ 56, 25, 1,[ 74, 5, 99]],

[ 79, 65, 0,[ 42, 32, 78, 5]],

[ 17, 55, 1,[ 73, 81, 47]],

[ 74, 5, 1,[ 8, 40, 56, 26]],

[ 34, 25, 0,[ 99, 83, 44]],

[ 43, 25, 0,[ 48, 84, 30]],

[ 77, 25, 0,[ 92, 36, 9]],

[ 73, 25, 1,[ 41, 9, 6, 17]],

[ 57, 35, 1,[ 90, 47, 53]],

[ 78, 65, 0,[ 8, 79, 28, 25]],

[ 10, 85, 1,[ 27, 39, 4]],

[ 52, 25, 0,[ 22, 13, 20]],

[ 14, 65, 1,[ 36, 6, 76, 37]],

[ 62, 35, 1,[ 81, 69, 70]],

[ 93, 5, 0,[ 76, 37, 53, 35]],

[ 44, 25, 0,[ 34, 46, 54, 64, 29]],

[ 33, 75, 1,[ 94, 99, 1, 53, 88]],

[ 97, 25, 0,[ 21, 89, 31, 41]],

[ 66, 65, 0,[ 84, 59, 15, 50, 49]],

[ 72, 5, 1,[ 19, 96, 75, 80]],

[ 49, 25, 0,[ 26, 88, 28, 66]],

[ 46, 65, 0,[ 44, 3, 70]],

[ 39, 85, 0,[ 10, 61]],

[ 83, 95, 1,[ 55, 65, 34]],

[ 20, 25, 0,[ 71, 4, 52]],

[ 38, 55, 1,[ 30, 54, 32, 81]],

[ 13, 25, 0,[ 54, 52, 42, 65]],

[ 76, 5, 0,[ 60, 93, 14, 21]],

[ 3, 45, 1,[ 68, 46, 23]],

[ 0, 85, 0,[ 75, 28, 59]],

[ 58, 25, 0,[ 61, 68, 31]],

[ 94, 25, 0,[ 33, 11, 24]],

[ 41, 35, 1,[ 73, 97, 7, 29]],

[ 4, 25, 0,[ 10, 9, 20, 90]],

[ 42, 75, 1,[ 79, 85, 65, 13]],

[ 19, 75, 1,[ 98, 28, 72, 12]],

[ 15, 25, 0,[ 66, 70, 12]],

[ 95, 75, 1,[ 5, 63, 98]],

[ 63, 5, 1,[ 59, 25, 95]],

[ 8, 65, 0,[ 74, 78, 86]],

[ 21, 45, 1,[ 97, 85, 76]],

[ 92, 25, 0,[ 77, 90]],

[ 30, 85, 1,[ 43, 90, 38]],

[ 55, 65, 0,[ 91, 59, 83]],

[ 80, 5, 0,[ 16, 36, 72]],

[ 70, 95, 1,[ 46, 62, 15]],

[ 87, 5, 1,[ 36, 12, 23]],

[ 86, 65, 1,[ 40, 35, 68, 37, 8]],

[ 6, 25, 0,[ 18, 73, 14, 2]],

