[ 80, 75, 1,[ 23, 98, 46]],

[ 49, 55, 1,[ 59, 86, 48]],

[ 65, 45, 1,[ 36, 81, 70, 46]],

[ 55, 5, 1,[ 70, 1, 61, 28]],

[ 12, 45, 1,[ 75, 95, 60]],

[ 87, 45, 0,[ 69, 15, 67, 60]],

[ 29, 45, 1,[ 27, 23, 97]],

[ 78, 65, 1,[ 61, 23, 57]],

[ 64, 35, 1,[ 76, 54, 92, 27]],

[ 77, 45, 1,[ 34, 13]],

[ 32, 45, 0,[ 38, 61, 1, 63]],

[ 93, 45, 0,[ 52, 17, 96]],

[ 4, 45, 1,[ 53, 45, 17]],

[ 99, 45, 1,[ 45, 42, 59]],

[ 26, 45, 1,[ 48, 47, 79]],

[ 90, 45, 0,[ 71, 18, 41]],

[ 98, 45, 0,[ 19, 82, 30, 80]],

[ 70, 45, 0,[ 65, 81, 55]],

[ 74, 45, 0,[ 9, 54, 37]],

[ 97, 45, 1,[ 35, 51, 29]],

[ 5, 35, 1,[ 15, 33, 0]],

[ 89, 75, 1,[ 17, 79]],

[ 67, 25, 1,[ 72, 42, 87]],

[ 84, 45, 1,[ 95, 40, 50]],

[ 86, 45, 0,[ 43, 49, 2]],

[ 2, 45, 1,[ 40, 52, 82, 86]],

[ 40, 45, 1,[ 2, 10, 84, 68, 75, 51]],

[ 73, 45, 0,[ 66, 13, 46]],

[ 47, 45, 1,[ 10, 26, 50, 18, 42]],

[ 63, 45, 0,[ 95, 32, 56, 22, 59]],

[ 30, 45, 0,[ 14, 98, 9]],

[ 17, 45, 0,[ 93, 38, 4, 89]],

[ 28, 75, 1,[ 36, 55, 16, 8]],

[ 18, 45, 1,[ 90, 47, 76]],

[ 96, 85, 1,[ 22, 88, 93, 23]],

[ 10, 45, 0,[ 20, 45, 47, 40]],

[ 9, 5, 1,[ 74, 58, 30]],

[ 34, 45, 1,[ 77, 22, 0]],

[ 14, 45, 0,[ 94, 30, 35]],

[ 69, 45, 0,[ 87, 11]],

[ 13, 45, 0,[ 21, 48, 24, 73, 77]],

[ 56, 45, 0,[ 31, 63, 68, 16]],

[ 91, 45, 0,[ 71, 52, 1, 15]],

[ 62, 45, 1,[ 85, 60, 27]],

[ 11, 45, 1,[ 69, 83, 53, 24]],

[ 58, 35, 1,[ 44, 19, 9]],

[ 36, 45, 0,[ 28, 25, 57, 65]],

[ 76, 45, 1,[ 22, 18, 64]],

[ 50, 35, 1,[ 47, 6, 84, 81]],

[ 38, 45, 0,[ 6, 25, 17, 32]],

[ 8, 25, 1,[ 28, 85, 88]],

[ 68, 85, 1,[ 56, 43, 40]],

[ 79, 45, 1,[ 89, 26, 21]],

[ 27, 45, 1,[ 23, 62, 64, 29]],

[ 48, 45, 0,[ 13, 49, 26]],

[ 21, 45, 0,[ 23, 13, 79, 82]],

[ 71, 45, 0,[ 52, 90, 91]],

[ 75, 45, 0,[ 12, 72, 40]],

[ 85, 45, 0,[ 92, 94, 6, 8, 62]],

[ 44, 45, 1,[ 58, 94, 51]],

[ 19, 45, 0,[ 39, 58, 98]],

[ 33, 45, 0,[ 94, 83, 5]],

[ 41, 45, 0,[ 31, 45, 90]],

[ 81, 45, 1,[ 37, 65, 1, 70, 50]],

[ 83, 45, 0,[ 33, 11, 22]],

[ 92, 45, 1,[ 85, 72, 64, 0]],

[ 95, 45, 0,[ 84, 12, 63]],

[ 23, 45, 0,[ 27, 66, 21, 78, 80, 29, 96]],

[ 22, 45, 0,[ 83, 63, 76, 96, 34]],

[ 39, 45, 0,[ 19, 25, 24]],

[ 24, 45, 0,[ 20, 11, 59, 39, 13]],

[ 6, 45, 1,[ 85, 50, 38]],

[ 37, 45, 0,[ 81, 74]],

[ 1, 45, 0,[ 81, 32, 91, 55]],

[ 61, 45, 0,[ 32, 55, 78]],

[ 15, 45, 1,[ 87, 5, 91]],

[ 59, 45, 0,[ 49, 63, 99, 24]],

[ 60, 45, 0,[ 12, 87, 62]],

[ 7, 45, 1,[ 52, 20]],

[ 88, 45, 0,[ 8, 96, 0]],

[ 82, 45, 0,[ 2, 98, 21]],

[ 43, 5, 1,[ 68, 35, 86]],

[ 52, 45, 1,[ 2, 93, 91, 7, 71]],

[ 94, 45, 1,[ 85, 44, 33, 14]],

[ 72, 45, 0,[ 67, 92, 75]],

[ 46, 45, 1,[ 73, 16, 80, 65]],

[ 31, 45, 0,[ 56, 53, 41]],

[ 53, 45, 0,[ 11, 31, 4]],

[ 20, 45, 1,[ 7, 3, 10, 24]],

[ 57, 45, 0,[ 78, 36, 54]],

[ 42, 45, 0,[ 99, 67, 47]],

[ 66, 15, 1,[ 23, 73, 35]],

[ 0, 85, 1,[ 34, 3, 5, 88, 92]],

[ 45, 45, 0,[ 10, 4, 99, 51, 41]],

[ 54, 45, 1,[ 74, 64, 57]],

[ 35, 45, 1,[ 66, 43, 97, 14]],

[ 25, 45, 0,[ 38, 39, 36]],

[ 3, 45, 1,[ 0, 20]],

[ 16, 45, 0,[ 46, 56, 28]],

[ 51, 45, 0,[ 97, 40, 45, 44]],

