[ 37, 35, 0,[ 47, 40, 95]],

[ 70, 25, 0,[ 82, 16, 13]],

[ 3, 85, 1,[ 12, 21, 24]],

[ 32, 75, 0,[ 80, 20, 97]],

[ 35, 75, 1,[ 51, 49, 12, 17]],

[ 73, 85, 0,[ 15, 27, 64]],

[ 4, 85, 1,[ 49, 98, 74, 84]],

[ 6, 55, 1,[ 34, 33, 97, 1]],

[ 62, 25, 1,[ 11, 69]],

[ 31, 85, 0,[ 54, 97, 71, 76, 94]],

[ 46, 85, 1,[ 88, 92, 12]],

[ 75, 35, 0,[ 43, 42, 93, 72, 91]],

[ 49, 25, 1,[ 35, 86, 4]],

[ 77, 45, 1,[ 30, 19, 2]],

[ 28, 35, 0,[ 41, 44, 13]],

[ 24, 5, 0,[ 38, 3, 13]],

[ 54, 55, 1,[ 85, 2, 31]],

[ 59, 5, 0,[ 81, 90, 34, 64]],

[ 68, 55, 1,[ 29, 36, 23]],

[ 30, 5, 0,[ 77, 18, 67]],

[ 19, 5, 0,[ 7, 77, 47]],

[ 56, 85, 0,[ 33, 29, 64]],

[ 95, 35, 0,[ 39, 84, 37]],

[ 57, 85, 0,[ 78, 83, 64]],

[ 90, 5, 0,[ 59, 40, 22]],

[ 1, 75, 0,[ 34, 6, 69]],

[ 84, 45, 1,[ 71, 4, 80, 97, 95]],

[ 58, 5, 1,[ 61, 72, 25, 8, 53]],

[ 76, 25, 1,[ 29, 21, 31, 23, 47]],

[ 82, 85, 0,[ 70, 15, 26]],

[ 79, 35, 1,[ 11, 85, 2]],

[ 71, 5, 0,[ 84, 31, 36]],

[ 22, 5, 0,[ 87, 90, 36]],

[ 86, 55, 0,[ 10, 83, 49, 66]],

[ 36, 5, 0,[ 83, 68, 71, 22]],

[ 9, 75, 1,[ 96, 60, 40]],

[ 87, 45, 0,[ 22, 12, 2]],

[ 96, 85, 1,[ 93, 9, 78, 67]],

[ 23, 55, 0,[ 76, 44, 68, 60]],

[ 98, 5, 0,[ 66, 89, 4]],

[ 63, 65, 0,[ 65, 0, 50, 89, 5]],

[ 97, 85, 1,[ 31, 32, 6, 84]],

[ 69, 75, 0,[ 1, 62, 26]],

[ 40, 45, 1,[ 67, 90, 9, 37, 88]],

[ 17, 75, 1,[ 66, 38, 35]],

[ 16, 25, 0,[ 53, 70, 52]],

[ 94, 45, 1,[ 41, 21, 31, 25, 44]],

[ 91, 95, 0,[ 60, 81, 75]],

[ 93, 75, 0,[ 74, 96, 75]],

[ 25, 75, 0,[ 58, 18, 94]],

[ 21, 85, 0,[ 76, 94, 3, 7, 41]],

[ 12, 15, 1,[ 87, 3, 35, 74, 46, 27, 26]],

[ 89, 35, 1,[ 8, 63, 20, 98]],

[ 51, 65, 0,[ 7, 92, 35]],

[ 41, 35, 0,[ 94, 28, 21]],

[ 78, 35, 1,[ 55, 96, 42, 57]],

[ 99, 65, 1,[ 55, 38, 53, 0]],

[ 83, 55, 0,[ 86, 36, 57]],

[ 52, 65, 1,[ 15, 16, 55]],

[ 20, 55, 1,[ 33, 32, 89]],

[ 47, 65, 1,[ 11, 37, 76, 19]],

[ 7, 45, 1,[ 19, 51, 48, 21]],

[ 0, 85, 1,[ 26, 63, 99]],

[ 43, 5, 1,[ 88, 75, 29]],

[ 81, 35, 1,[ 59, 91, 45]],

[ 50, 75, 1,[ 63, 48, 5]],

[ 80, 75, 1,[ 84, 26, 32]],

[ 53, 5, 0,[ 99, 58, 16]],

[ 26, 15, 1,[ 69, 82, 80, 12, 0]],

[ 66, 85, 1,[ 17, 86, 98]],

[ 27, 45, 1,[ 8, 11, 39, 12, 73]],

[ 38, 5, 0,[ 24, 17, 99]],

[ 14, 45, 0,[ 2, 11, 5]],

[ 61, 35, 0,[ 58, 45, 85]],

[ 60, 95, 0,[ 9, 23, 91]],

[ 33, 75, 0,[ 20, 56, 6]],

[ 13, 45, 1,[ 28, 85, 24, 70]],

[ 88, 45, 0,[ 45, 40, 46, 43]],

[ 74, 85, 0,[ 93, 4, 12]],

[ 72, 35, 0,[ 58, 75, 39]],

[ 11, 95, 1,[ 79, 14, 27, 47, 62]],

[ 29, 15, 1,[ 56, 92, 68, 43, 76]],

[ 85, 85, 0,[ 79, 61, 54, 13]],

[ 55, 65, 1,[ 78, 52, 99]],

[ 34, 5, 1,[ 6, 59, 1, 42]],

[ 45, 55, 0,[ 88, 61, 10, 81]],

[ 48, 45, 0,[ 50, 65, 7]],

[ 8, 25, 1,[ 89, 27, 58]],

[ 39, 35, 0,[ 27, 72, 95]],

[ 15, 35, 1,[ 2, 52, 82, 73]],

[ 18, 5, 1,[ 64, 30, 25]],

[ 64, 25, 1,[ 18, 57, 59, 56, 65, 73, 5]],

[ 67, 35, 0,[ 96, 40, 30]],

[ 65, 5, 1,[ 64, 63, 48]],

[ 5, 35, 1,[ 14, 50, 64, 63]],

[ 42, 35, 0,[ 78, 75, 34]],

[ 10, 55, 0,[ 86, 45]],

[ 2, 55, 1,[ 54, 87, 15, 14, 77, 79]],

[ 92, 35, 1,[ 46, 51, 29]],

[ 44, 65, 1,[ 23, 94, 28]],

