[ 79, 65, 1,[ 82, 90, 1, 87]],

[ 5, 5, 1,[ 4, 63, 23, 73]],

[ 56, 5, 0,[ 68, 31, 12]],

[ 20, 75, 1,[ 34, 39, 81, 12, 4, 52, 8, 6]],

[ 62, 65, 0,[ 75, 52, 82]],

[ 72, 65, 0,[ 29, 39, 63, 88]],

[ 38, 75, 0,[ 77, 88, 69, 13]],

[ 44, 35, 1,[ 1, 75, 3, 55]],

[ 27, 35, 0,[ 9, 48, 30]],

[ 73, 5, 0,[ 52, 5, 74]],

[ 13, 75, 1,[ 98, 38, 85]],

[ 26, 35, 1,[ 61, 86, 48]],

[ 97, 35, 1,[ 35, 17, 19]],

[ 41, 85, 0,[ 65, 58, 77]],

[ 11, 65, 1,[ 28, 4]],

[ 64, 75, 1,[ 32, 92, 61, 60, 22]],

[ 21, 5, 0,[ 49, 2, 78]],

[ 37, 65, 0,[ 33, 0, 91, 45, 18, 65]],

[ 58, 85, 1,[ 41, 53, 29]],

[ 18, 35, 1,[ 14, 37, 36]],

[ 65, 75, 1,[ 41, 15, 37]],

[ 2, 75, 1,[ 1, 69, 21]],

[ 76, 15, 1,[ 1, 7, 96]],

[ 90, 35, 0,[ 48, 16, 79]],

[ 61, 85, 1,[ 26, 64, 25]],

[ 31, 5, 0,[ 56, 93, 68]],

[ 16, 35, 0,[ 89, 22, 90]],

[ 14, 85, 0,[ 7, 49, 18, 95]],

[ 96, 35, 1,[ 3, 0, 76]],

[ 17, 55, 0,[ 97, 63, 98]],

[ 24, 35, 0,[ 15, 66, 35]],

[ 60, 35, 0,[ 71, 64, 59]],

[ 69, 75, 0,[ 38, 8, 2]],

[ 30, 55, 0,[ 40, 87, 27, 51]],

[ 99, 65, 1,[ 47, 50, 53, 19]],

[ 67, 55, 1,[ 85, 74, 98, 8]],

[ 36, 35, 0,[ 78, 18, 32]],

[ 87, 55, 0,[ 79, 98, 30, 93]],

[ 29, 75, 1,[ 95, 58, 78, 72]],

[ 54, 65, 1,[ 84, 43, 45]],

[ 66, 95, 1,[ 53, 24, 59]],

[ 33, 65, 0,[ 47, 37, 71]],

[ 71, 35, 0,[ 33, 32, 60, 19, 88]],

[ 52, 15, 1,[ 20, 73, 62]],

[ 78, 45, 1,[ 29, 21, 36]],

[ 85, 55, 0,[ 13, 67, 49]],

[ 8, 45, 1,[ 57, 67, 20, 69]],

[ 93, 5, 1,[ 91, 87, 31]],

[ 70, 35, 0,[ 39, 59, 74, 4]],

[ 86, 35, 0,[ 26, 83, 51, 81]],

[ 3, 65, 1,[ 44, 84, 96]],

[ 63, 65, 0,[ 17, 5, 72, 53]],

[ 6, 15, 1,[ 25, 80, 20]],

[ 40, 25, 1,[ 30, 10, 83]],

[ 42, 65, 0,[ 89, 51, 46]],

[ 12, 35, 1,[ 94, 56, 20, 95]],

[ 23, 65, 0,[ 83, 55, 5]],

[ 94, 65, 1,[ 10, 55, 12]],

[ 1, 15, 0,[ 44, 79, 77, 76, 2]],

[ 55, 65, 1,[ 23, 50, 94, 9, 92, 44]],

[ 75, 35, 0,[ 62, 35, 44]],

[ 15, 35, 1,[ 74, 24, 65]],

[ 48, 35, 0,[ 84, 90, 91, 26, 27]],

[ 39, 35, 0,[ 20, 45, 57, 72, 70]],

[ 9, 75, 1,[ 27, 82, 80, 55]],

[ 22, 35, 0,[ 16, 59, 64]],

[ 0, 65, 1,[ 37, 50, 96]],

[ 83, 35, 0,[ 23, 86, 40]],

[ 92, 95, 1,[ 46, 64, 55, 81]],

[ 89, 25, 1,[ 42, 16, 43, 28]],

[ 34, 55, 1,[ 98, 7, 20]],

[ 43, 25, 1,[ 89, 54, 28]],

[ 19, 35, 0,[ 97, 99, 71]],

[ 32, 35, 0,[ 71, 36, 64]],

[ 53, 65, 0,[ 58, 99, 66, 63]],

[ 47, 85, 1,[ 99, 77, 33]],

[ 45, 65, 0,[ 37, 39, 54]],

[ 77, 85, 1,[ 47, 38, 41, 1]],

[ 7, 85, 1,[ 74, 34, 76, 14]],

[ 74, 35, 0,[ 67, 7, 70, 15, 73]],

[ 35, 35, 1,[ 97, 75, 24]],

[ 98, 55, 0,[ 67, 13, 34, 17, 87]],

[ 84, 35, 1,[ 48, 3, 54]],

[ 51, 35, 0,[ 42, 30, 86]],

[ 91, 5, 0,[ 48, 93, 37]],

[ 82, 65, 0,[ 79, 9, 62]],

[ 57, 35, 0,[ 39, 49, 8]],

[ 95, 75, 0,[ 12, 14, 29]],

[ 80, 25, 1,[ 9, 4, 6]],

[ 49, 5, 1,[ 85, 21, 14, 57]],

[ 68, 65, 1,[ 31, 50, 56]],

[ 46, 65, 1,[ 25, 42, 92]],

[ 59, 35, 0,[ 22, 70, 60, 66]],

[ 10, 65, 0,[ 94, 40]],

[ 4, 35, 1,[ 11, 70, 80, 5, 20]],

[ 50, 45, 1,[ 55, 68, 0, 99, 25]],

[ 88, 75, 0,[ 72, 71, 38]],

[ 81, 35, 1,[ 20, 86, 92]],

[ 25, 85, 0,[ 61, 46, 6, 50]],

[ 28, 25, 0,[ 43, 11, 89]],

