[ 13, 25, 0,[ 46, 76, 95, 55]],

[ 38, 25, 0,[ 41, 42, 85]],

[ 91, 25, 0,[ 26, 14, 52]],

[ 97, 25, 0,[ 24, 78, 39, 92]],

[ 62, 25, 0,[ 6, 50, 43]],

[ 55, 25, 0,[ 13, 88, 40]],

[ 80, 25, 0,[ 18, 11, 10]],

[ 71, 25, 0,[ 44, 24, 92]],

[ 24, 25, 0,[ 97, 18, 71]],

[ 57, 5, 1,[ 65, 5, 7]],

[ 92, 25, 0,[ 8, 39, 23, 97, 71]],

[ 6, 25, 0,[ 62, 39, 90]],

[ 25, 65, 1,[ 95, 65, 46, 99]],

[ 54, 25, 0,[ 14, 74, 9]],

[ 32, 25, 0,[ 85, 89, 86]],

[ 76, 25, 0,[ 85, 20, 13]],

[ 67, 25, 0,[ 23, 56, 49]],

[ 35, 25, 0,[ 22, 8, 72, 93]],

[ 78, 25, 0,[ 45, 1, 44, 93, 97]],

[ 56, 25, 0,[ 67, 31, 0, 98, 11]],

[ 18, 25, 0,[ 28, 80, 83, 24]],

[ 48, 5, 1,[ 61, 42, 4]],

[ 73, 25, 0,[ 99, 96, 30]],

[ 37, 25, 0,[ 59, 89, 93]],

[ 11, 25, 0,[ 2, 56, 80, 50]],

[ 51, 25, 0,[ 43, 66, 79, 3, 50]],

[ 88, 25, 0,[ 33, 63, 55]],

[ 3, 25, 0,[ 95, 34, 51]],

[ 85, 25, 0,[ 30, 38, 1, 98, 76, 32]],

[ 68, 25, 0,[ 21, 72]],

[ 34, 25, 0,[ 30, 26, 3]],

[ 99, 25, 0,[ 82, 19, 73, 25]],

[ 17, 25, 0,[ 16, 66, 29]],

[ 70, 25, 0,[ 39, 96, 58]],

[ 23, 25, 0,[ 75, 92, 67]],

[ 86, 25, 0,[ 32, 5, 9, 22, 21]],

[ 75, 25, 0,[ 26, 33, 84, 23]],

[ 15, 25, 0,[ 64, 33, 36, 27, 47]],

[ 8, 25, 0,[ 7, 92, 9, 12, 44, 35]],

[ 2, 25, 0,[ 96, 11, 81, 28]],

[ 81, 25, 0,[ 2, 53, 94]],

[ 63, 25, 0,[ 88, 29, 49]],

[ 42, 25, 0,[ 38, 48]],

[ 90, 25, 0,[ 41, 6, 69]],

[ 0, 25, 0,[ 56, 93, 36]],

[ 94, 25, 0,[ 81, 14, 27, 20]],

[ 87, 25, 0,[ 43, 16, 74]],

[ 79, 25, 0,[ 89, 51, 66, 52]],

[ 28, 25, 0,[ 77, 18, 2]],

[ 20, 25, 0,[ 76, 16, 94]],

[ 65, 25, 0,[ 26, 25, 57]],

[ 83, 25, 0,[ 60, 18, 5, 16]],

[ 69, 25, 1,[ 12, 77, 90, 50]],

[ 30, 25, 0,[ 73, 34, 85]],

[ 10, 45, 1,[ 19, 80, 4]],

[ 16, 95, 1,[ 83, 20, 17, 87]],

[ 14, 25, 0,[ 59, 91, 4, 94, 54]],

[ 27, 25, 0,[ 15, 94, 9]],

[ 95, 25, 1,[ 13, 25, 3, 29]],

[ 50, 25, 0,[ 62, 51, 11, 69]],

[ 33, 25, 0,[ 75, 15, 88]],

[ 19, 45, 1,[ 10, 4, 99]],

[ 40, 25, 0,[ 74, 55, 58]],

[ 36, 25, 0,[ 15, 64, 0]],

[ 9, 25, 0,[ 86, 54, 8, 27]],

[ 39, 95, 1,[ 6, 97, 70, 92]],

[ 64, 25, 0,[ 58, 36, 15]],

[ 5, 25, 0,[ 83, 86, 57]],

[ 98, 65, 1,[ 82, 85, 56]],

[ 61, 25, 0,[ 41, 48, 45]],

[ 22, 25, 0,[ 86, 47, 35]],

[ 77, 25, 0,[ 69, 26, 28]],

[ 93, 25, 0,[ 0, 78, 37, 35]],

[ 26, 25, 0,[ 91, 34, 77, 65, 75, 29]],

[ 74, 25, 0,[ 54, 21, 40, 87]],

[ 96, 25, 0,[ 73, 70, 2]],

[ 66, 25, 0,[ 17, 79, 51]],

[ 47, 25, 0,[ 46, 22, 15]],

[ 45, 25, 0,[ 61, 1, 78]],

[ 43, 25, 0,[ 62, 51, 87]],

[ 58, 25, 0,[ 64, 7, 70, 40]],

[ 12, 25, 0,[ 8, 84, 53, 69]],

[ 72, 25, 0,[ 68, 35]],

[ 59, 25, 0,[ 14, 44, 37]],

[ 4, 25, 0,[ 10, 60, 14, 19, 48]],

[ 52, 25, 0,[ 53, 79, 91]],

[ 82, 25, 0,[ 99, 98, 31]],

[ 84, 25, 0,[ 75, 12]],

[ 46, 25, 0,[ 25, 47, 13]],

[ 29, 25, 0,[ 63, 17, 95, 26]],

[ 31, 25, 0,[ 56, 82]],

[ 44, 25, 0,[ 71, 8, 78, 59]],

[ 41, 25, 0,[ 61, 38, 90]],

[ 89, 25, 0,[ 37, 32, 79]],

[ 21, 25, 0,[ 74, 86, 68]],

[ 60, 25, 0,[ 49, 83, 4]],

[ 53, 25, 0,[ 12, 52, 81]],

[ 7, 25, 0,[ 57, 58, 8]],

[ 1, 25, 0,[ 78, 85, 45]],

[ 49, 25, 0,[ 63, 60, 67]],

