[ 77, 35, 1,[ 73, 72, 45, 3, 69, 91]],

[ 53, 65, 0,[ 82, 19, 87, 9]],

[ 52, 95, 1,[ 48, 90, 81, 64]],

[ 93, 45, 1,[ 16, 59, 46, 17]],

[ 84, 85, 1,[ 10, 21, 25]],

[ 29, 75, 1,[ 73, 41, 6]],

[ 4, 15, 1,[ 91, 63]],

[ 57, 95, 0,[ 87, 1, 97]],

[ 81, 25, 1,[ 97, 65, 52, 8, 78]],

[ 55, 25, 1,[ 85, 23, 76]],

[ 97, 95, 1,[ 57, 34, 2, 81, 37]],

[ 12, 85, 1,[ 17, 98, 78, 47]],

[ 78, 25, 1,[ 34, 12, 81]],

[ 49, 65, 1,[ 36, 82, 79]],

[ 42, 45, 0,[ 36, 86, 9]],

[ 26, 95, 1,[ 15, 38, 48]],

[ 35, 75, 1,[ 21, 11, 58, 63, 62]],

[ 65, 85, 1,[ 96, 81, 7]],

[ 31, 65, 0,[ 96, 22, 87]],

[ 48, 95, 0,[ 26, 13, 52]],

[ 44, 55, 1,[ 27, 30, 61]],

[ 22, 65, 0,[ 39, 66, 31]],

[ 27, 5, 1,[ 44, 40, 71, 46]],

[ 33, 65, 0,[ 85, 70, 41, 50]],

[ 85, 65, 0,[ 55, 33, 69]],

[ 60, 65, 0,[ 61, 79, 8]],

[ 47, 15, 1,[ 79, 12, 99]],

[ 0, 85, 1,[ 28, 40, 94]],

[ 15, 15, 1,[ 7, 68, 56, 26]],

[ 61, 65, 0,[ 60, 44, 51]],

[ 14, 85, 0,[ 56, 74, 68]],

[ 41, 75, 0,[ 40, 13, 33, 29]],

[ 86, 65, 0,[ 56, 66, 3, 5, 42]],

[ 71, 35, 0,[ 27, 2, 25]],

[ 99, 45, 1,[ 43, 83, 47, 9]],

[ 38, 95, 0,[ 18, 5, 26, 30]],

[ 24, 25, 0,[ 11, 74, 25]],

[ 30, 55, 0,[ 38, 44, 88, 20]],

[ 67, 95, 1,[ 94, 96, 23]],

[ 96, 45, 1,[ 67, 91, 31, 65]],

[ 40, 5, 1,[ 92, 0, 41, 90, 27]],

[ 88, 85, 0,[ 70, 80, 30, 76]],

[ 56, 65, 0,[ 14, 86, 15]],

[ 66, 5, 1,[ 73, 86, 90, 22]],

[ 37, 65, 0,[ 97, 28, 90]],

[ 75, 85, 0,[ 64, 63, 58]],

[ 1, 85, 1,[ 23, 46, 57]],

[ 63, 95, 0,[ 4, 75, 35]],

[ 70, 85, 0,[ 33, 88, 17]],

[ 23, 95, 0,[ 55, 1, 67, 82]],

[ 50, 55, 1,[ 89, 59, 33]],

[ 74, 25, 0,[ 3, 14, 24]],

[ 83, 55, 0,[ 89, 99, 28]],

[ 68, 35, 1,[ 14, 21, 15]],

[ 21, 35, 0,[ 68, 35, 84]],

[ 80, 35, 1,[ 88, 76, 6]],

[ 5, 65, 1,[ 86, 92, 38, 87]],

[ 43, 25, 1,[ 95, 18, 99]],

[ 39, 65, 0,[ 79, 22, 51]],

[ 58, 5, 1,[ 32, 75, 35, 98]],

[ 34, 45, 1,[ 45, 78, 97]],

[ 92, 95, 1,[ 5, 62, 40]],

[ 73, 35, 0,[ 66, 77, 29]],

[ 10, 25, 0,[ 72, 82, 84]],

[ 89, 95, 1,[ 50, 20, 83, 54]],

[ 69, 65, 0,[ 85, 77]],

[ 25, 35, 0,[ 71, 84, 24]],

[ 91, 65, 0,[ 4, 96, 77]],

[ 79, 65, 1,[ 62, 60, 16, 49, 47, 39]],

[ 95, 25, 0,[ 54, 43, 18]],

[ 3, 95, 1,[ 86, 77, 74]],

[ 20, 55, 1,[ 89, 30, 51]],

[ 98, 65, 0,[ 58, 28, 45, 7, 12]],

[ 32, 85, 0,[ 58, 28, 11]],

[ 64, 85, 1,[ 52, 75, 87]],

[ 7, 25, 1,[ 15, 36, 98, 65]],

[ 45, 35, 0,[ 77, 98, 34]],

[ 28, 55, 1,[ 32, 37, 83, 98, 0]],

[ 9, 45, 1,[ 53, 99, 42]],

[ 18, 25, 1,[ 38, 43, 95]],

[ 87, 65, 0,[ 31, 53, 57, 5, 64]],

[ 72, 35, 0,[ 77, 59, 10]],

[ 11, 85, 1,[ 35, 32, 24]],

[ 6, 25, 1,[ 90, 29, 80]],

[ 62, 65, 0,[ 92, 79, 35]],

[ 59, 35, 0,[ 72, 50, 93]],

[ 54, 65, 1,[ 89, 95, 19]],

[ 8, 65, 1,[ 60, 81]],

[ 16, 65, 0,[ 93, 51, 79]],

[ 46, 85, 0,[ 93, 27, 1]],

[ 19, 65, 0,[ 53, 54, 2]],

[ 13, 75, 1,[ 48, 51, 41]],

[ 2, 35, 1,[ 97, 19, 71, 94]],

[ 82, 95, 0,[ 10, 23, 53, 49]],

[ 17, 85, 0,[ 70, 12, 93]],

[ 36, 45, 0,[ 42, 49, 7]],

[ 51, 65, 0,[ 61, 39, 20, 16, 13]],

[ 76, 85, 1,[ 80, 88, 55]],

[ 90, 5, 0,[ 52, 66, 6, 40, 37]],

[ 94, 55, 0,[ 67, 2, 0]],

