[ 29, 65, 0,[ 33, 55, 51, 17, 23, 91]],

[ 73, 65, 0,[ 75, 6, 12]],

[ 1, 65, 0,[ 37, 43, 66]],

[ 85, 65, 1,[ 38, 48, 2]],

[ 71, 65, 0,[ 45, 36, 38]],

[ 41, 65, 0,[ 7, 36, 54]],

[ 4, 65, 0,[ 52, 68, 42]],

[ 0, 65, 0,[ 37, 19, 44, 24, 66]],

[ 35, 65, 0,[ 7, 47, 8, 69]],

[ 38, 95, 1,[ 85, 71, 6, 92]],

[ 31, 65, 0,[ 7, 16, 87]],

[ 34, 65, 0,[ 82, 18]],

[ 75, 65, 0,[ 24, 73, 64, 51, 66]],

[ 68, 65, 0,[ 77, 4, 9, 90, 67]],

[ 61, 65, 0,[ 40, 72, 39]],

[ 8, 65, 0,[ 35, 87, 14, 84]],

[ 54, 65, 0,[ 86, 19, 41, 63]],

[ 6, 65, 0,[ 73, 27, 46, 47, 38]],

[ 95, 65, 0,[ 40, 94, 63]],

[ 88, 65, 0,[ 77, 89, 58]],

[ 26, 65, 0,[ 91, 64, 94]],

[ 52, 65, 0,[ 66, 4, 46]],

[ 87, 65, 0,[ 36, 31, 8]],

[ 39, 65, 1,[ 61, 83]],

[ 72, 65, 0,[ 32, 15, 18, 61, 42]],

[ 20, 65, 0,[ 13, 22, 16]],

[ 86, 65, 1,[ 54, 45, 18]],

[ 69, 65, 0,[ 35, 93, 81, 74]],

[ 36, 65, 0,[ 71, 41, 87]],

[ 91, 65, 0,[ 29, 26]],

[ 30, 65, 0,[ 51, 60, 14]],

[ 76, 65, 0,[ 9, 50, 80, 48, 15, 58]],

[ 81, 65, 0,[ 69, 37, 50]],

[ 59, 65, 0,[ 28, 66, 45]],

[ 67, 65, 0,[ 68, 78, 18, 49]],

[ 82, 65, 0,[ 57, 33, 34]],

[ 70, 65, 0,[ 13, 5, 78, 19]],

[ 40, 65, 0,[ 95, 49, 61]],

[ 14, 65, 0,[ 8, 30, 98]],

[ 45, 65, 0,[ 59, 50, 71, 86]],

[ 65, 65, 0,[ 63, 17, 80]],

[ 89, 65, 0,[ 62, 42, 80, 88]],

[ 13, 65, 0,[ 20, 63, 70]],

[ 56, 65, 0,[ 47, 25, 24]],

[ 92, 65, 0,[ 99, 93, 38]],

[ 66, 65, 0,[ 59, 75, 1, 0, 23, 52, 16, 53]],

[ 53, 65, 0,[ 66, 2, 98]],

[ 3, 65, 0,[ 2]],

[ 79, 65, 0,[ 21, 83, 11]],

[ 90, 65, 0,[ 18, 68, 96]],

[ 63, 65, 0,[ 54, 65, 13, 95, 16]],

[ 12, 65, 0,[ 83, 73, 80, 64]],

[ 62, 65, 0,[ 89, 55, 60]],

[ 16, 65, 0,[ 20, 66, 63, 31]],

[ 28, 65, 0,[ 59, 25, 58]],

[ 84, 65, 0,[ 8, 49, 22]],

[ 5, 65, 0,[ 97, 23, 70]],

[ 25, 65, 0,[ 56, 28, 47]],

[ 83, 65, 0,[ 79, 12, 39]],

[ 17, 65, 0,[ 96, 29, 65]],

[ 78, 65, 0,[ 70, 51, 67]],

[ 58, 65, 0,[ 94, 88, 76, 28]],

[ 74, 65, 1,[ 22, 69, 24]],

[ 47, 65, 0,[ 35, 6, 25, 56]],

[ 33, 65, 0,[ 29, 21, 82]],

[ 7, 65, 0,[ 43, 22, 21, 35, 41, 31]],

[ 60, 65, 0,[ 62, 30, 93]],

[ 50, 65, 0,[ 76, 81, 45]],

[ 15, 65, 0,[ 72, 76, 55]],

[ 46, 65, 0,[ 6, 52, 21]],

[ 99, 65, 0,[ 43, 10, 92]],

[ 18, 65, 0,[ 34, 90, 86, 72, 67]],

[ 19, 65, 0,[ 0, 70, 54]],

[ 55, 65, 0,[ 32, 29, 15, 62]],

[ 57, 65, 1,[ 82, 93, 9]],

[ 24, 65, 0,[ 56, 74, 75, 0]],

[ 77, 65, 0,[ 27, 97, 68, 88]],

[ 94, 65, 0,[ 26, 95, 44, 58]],

[ 27, 65, 0,[ 6, 10, 77]],

[ 44, 65, 0,[ 94, 0, 10]],

[ 23, 65, 0,[ 29, 66, 5]],

[ 48, 35, 1,[ 98, 85, 76]],

[ 97, 65, 0,[ 11, 5, 77]],

[ 43, 65, 0,[ 96, 1, 7, 99]],

[ 2, 65, 0,[ 85, 3, 53]],

[ 96, 65, 0,[ 17, 43, 90]],

[ 10, 85, 1,[ 37, 99, 44, 27, 80]],

[ 49, 65, 0,[ 40, 67, 84]],

[ 51, 65, 0,[ 29, 78, 30, 75]],

[ 64, 65, 0,[ 12, 75, 26]],

[ 21, 65, 0,[ 11, 7, 79, 33, 46]],

[ 80, 65, 0,[ 12, 89, 10, 65, 76]],

[ 37, 65, 0,[ 0, 1, 10, 81]],

[ 93, 65, 0,[ 60, 69, 57, 92]],

[ 11, 65, 0,[ 79, 97, 21]],

[ 42, 15, 1,[ 4, 89, 72]],

[ 9, 65, 0,[ 68, 76, 57]],

[ 32, 65, 0,[ 55, 72]],

[ 22, 65, 0,[ 7, 20, 74, 84]],

[ 98, 65, 1,[ 53, 14, 48]],

