[ 43, 15, 0,[ 80, 97, 88]],

[ 69, 15, 0,[ 75, 35, 78]],

[ 53, 15, 0,[ 98, 84, 20]],

[ 70, 15, 0,[ 19, 24, 84]],

[ 34, 15, 0,[ 26, 7, 82]],

[ 48, 15, 0,[ 19, 3, 52]],

[ 12, 15, 0,[ 1, 98, 88, 92]],

[ 76, 15, 0,[ 59, 50, 7]],

[ 44, 15, 1,[ 63, 0, 68, 4]],

[ 32, 15, 0,[ 56, 1, 42, 86]],

[ 74, 15, 0,[ 65, 83, 38]],

[ 63, 15, 0,[ 44, 6, 29]],

[ 72, 15, 0,[ 71, 24, 27, 66]],

[ 18, 15, 0,[ 92, 42, 61]],

[ 98, 15, 0,[ 12, 53, 84]],

[ 77, 15, 0,[ 23, 83, 87]],

[ 92, 15, 0,[ 56, 58, 36, 12, 18]],

[ 73, 15, 0,[ 23, 54, 51, 8, 97]],

[ 52, 15, 0,[ 48, 91, 81, 21]],

[ 50, 15, 0,[ 15, 76, 45]],

[ 80, 15, 0,[ 9, 46, 60, 43]],

[ 68, 15, 0,[ 44, 99, 40]],

[ 15, 15, 0,[ 38, 50, 9]],

[ 49, 15, 0,[ 90, 0, 40, 81]],

[ 28, 15, 0,[ 95, 96, 55]],

[ 5, 15, 0,[ 17, 23, 60]],

[ 81, 55, 1,[ 84, 49, 52]],

[ 90, 15, 0,[ 88, 65, 49]],

[ 59, 15, 0,[ 3, 76, 86]],

[ 97, 15, 0,[ 11, 43, 73]],

[ 65, 35, 1,[ 0, 93, 74, 90]],

[ 57, 15, 0,[ 29, 78, 9]],

[ 42, 15, 0,[ 35, 93, 22, 18, 32]],

[ 2, 95, 1,[ 0, 99, 10]],

[ 61, 15, 0,[ 10, 91, 18]],

[ 38, 15, 0,[ 78, 58, 74, 15]],

[ 64, 15, 0,[ 91, 4, 55]],

[ 95, 15, 0,[ 45, 28, 51]],

[ 14, 15, 0,[ 86, 37, 89]],

[ 35, 15, 0,[ 8, 42, 69]],

[ 10, 15, 0,[ 61, 94, 2, 58]],

[ 3, 15, 0,[ 13, 59, 48]],

[ 13, 15, 0,[ 3, 55, 40]],

[ 79, 15, 0,[ 56, 0, 26]],

[ 89, 15, 0,[ 14, 47, 75]],

[ 82, 15, 0,[ 19, 87, 34]],

[ 9, 15, 0,[ 15, 94, 57, 80]],

[ 25, 15, 0,[ 30, 51, 23]],

[ 62, 15, 0,[ 99, 30]],

[ 91, 15, 0,[ 60, 26, 64, 61, 52]],

[ 31, 15, 0,[ 33, 0, 7]],

[ 8, 5, 1,[ 73, 55, 35]],

[ 19, 15, 0,[ 54, 48, 83, 70, 82]],

[ 58, 95, 1,[ 10, 92, 38]],

[ 54, 15, 0,[ 73, 45, 17, 19]],

[ 23, 15, 0,[ 25, 77, 5, 96, 73]],

[ 0, 15, 1,[ 2, 66, 44, 24, 39, 49, 65, 31, 79]],

[ 39, 15, 0,[ 0, 27, 26, 60]],

[ 99, 15, 0,[ 96, 2, 68, 62]],

[ 46, 15, 0,[ 41, 29, 80, 17]],

[ 36, 15, 0,[ 92, 40, 4]],

[ 55, 15, 0,[ 13, 8, 28, 64]],

[ 84, 15, 0,[ 53, 98, 81, 70]],

[ 29, 15, 0,[ 46, 63, 57]],

[ 27, 15, 0,[ 39, 22, 72]],

[ 67, 15, 0,[ 33, 86, 16]],

[ 94, 15, 0,[ 47, 10, 9]],

[ 11, 55, 1,[ 21, 97, 4]],

[ 87, 15, 0,[ 82, 77, 22]],

[ 83, 15, 0,[ 74, 19, 77]],

[ 66, 15, 0,[ 0, 72, 1]],

[ 17, 15, 0,[ 5, 46, 54, 33]],

[ 47, 15, 0,[ 1, 94, 89]],

[ 86, 15, 0,[ 59, 32, 67, 14]],

[ 4, 15, 0,[ 16, 44, 11, 36, 64]],

[ 30, 15, 0,[ 25, 62]],

[ 75, 15, 0,[ 89, 37, 69, 7]],

[ 33, 15, 0,[ 37, 17, 31, 67]],

[ 45, 15, 0,[ 95, 50, 54]],

[ 93, 15, 0,[ 42, 16, 65]],

[ 37, 15, 0,[ 75, 14, 33]],

[ 78, 15, 0,[ 69, 57, 38]],

[ 60, 15, 0,[ 80, 5, 39, 91]],

[ 40, 15, 0,[ 68, 49, 36, 13]],

[ 96, 25, 1,[ 23, 99, 28]],

[ 6, 15, 0,[ 41, 63, 85]],

[ 20, 15, 0,[ 53, 21, 88]],

[ 24, 15, 0,[ 72, 70, 0]],

[ 22, 15, 0,[ 71, 27, 87, 42]],

[ 1, 15, 0,[ 47, 32, 66, 12, 85]],

[ 16, 15, 0,[ 4, 93, 67]],

[ 51, 15, 0,[ 73, 25, 95]],

[ 41, 15, 0,[ 6, 46, 71]],

[ 85, 15, 0,[ 6, 1]],

[ 26, 15, 1,[ 91, 79, 39, 34]],

[ 7, 15, 0,[ 31, 34, 75, 76]],

[ 71, 15, 0,[ 72, 22, 41]],

[ 56, 15, 0,[ 79, 92, 32]],

[ 88, 15, 0,[ 20, 43, 90, 12]],

[ 21, 15, 0,[ 52, 20, 11]],

