[ 9, 25, 1,[ 61, 44, 10]],

[ 19, 85, 0,[ 15, 95, 59]],

[ 99, 85, 0,[ 0, 53, 17]],

[ 53, 85, 0,[ 99, 76, 35, 55, 8]],

[ 56, 85, 0,[ 24, 14, 59]],

[ 54, 85, 0,[ 70, 43, 30]],

[ 17, 85, 0,[ 58, 38, 34, 66, 99]],

[ 93, 85, 0,[ 45, 0, 18, 59, 15]],

[ 8, 95, 1,[ 80, 31, 68, 53, 25]],

[ 29, 85, 0,[ 0, 24, 88, 30]],

[ 22, 85, 0,[ 95, 60, 35, 58, 7]],

[ 2, 35, 1,[ 14, 28, 94]],

[ 71, 85, 0,[ 60, 65, 5]],

[ 48, 85, 0,[ 49, 20, 42, 78]],

[ 37, 85, 0,[ 42, 80, 41]],

[ 14, 85, 0,[ 52, 56, 2]],

[ 88, 85, 0,[ 51, 89, 29]],

[ 75, 85, 0,[ 61, 57, 27, 96]],

[ 85, 85, 0,[ 24, 80, 96]],

[ 1, 85, 0,[ 66, 90, 4]],

[ 52, 85, 0,[ 40, 65, 87, 14]],

[ 68, 95, 1,[ 57, 8, 15]],

[ 60, 85, 0,[ 71, 63, 69, 22]],

[ 0, 55, 1,[ 93, 82, 29, 99]],

[ 16, 85, 0,[ 45, 10, 26, 40]],

[ 98, 85, 0,[ 38, 5, 90]],

[ 78, 85, 0,[ 48, 18, 5]],

[ 69, 85, 0,[ 60, 79, 77]],

[ 18, 85, 0,[ 7, 58, 32, 93, 78]],

[ 33, 85, 0,[ 36, 26, 47]],

[ 49, 85, 0,[ 89, 10, 41, 48, 92]],

[ 70, 85, 0,[ 39, 54, 62]],

[ 7, 85, 0,[ 22, 18, 84]],

[ 92, 85, 0,[ 31, 49, 55]],

[ 67, 85, 0,[ 30, 59, 44]],

[ 6, 85, 0,[ 24, 23, 27]],

[ 20, 85, 0,[ 51, 38, 48]],

[ 76, 85, 0,[ 53, 82, 73]],

[ 74, 85, 0,[ 21, 94, 46]],

[ 42, 85, 0,[ 3, 48, 82, 37]],

[ 34, 85, 0,[ 64, 11, 17]],

[ 94, 85, 0,[ 2, 74, 51]],

[ 64, 85, 0,[ 10, 34, 47]],

[ 24, 85, 0,[ 85, 6, 29, 56]],

[ 31, 85, 0,[ 13, 92, 38, 8]],

[ 55, 85, 0,[ 92, 79, 53]],

[ 83, 85, 0,[ 36, 47]],

[ 77, 85, 0,[ 32, 69, 97]],

[ 25, 85, 0,[ 15, 80, 8]],

[ 50, 85, 0,[ 5, 72, 23]],

[ 82, 85, 0,[ 0, 76, 42, 41]],

[ 58, 65, 1,[ 18, 22, 17]],

[ 65, 85, 0,[ 52, 71, 62]],

[ 72, 85, 0,[ 50, 11, 43]],

[ 61, 85, 0,[ 13, 9, 75]],

[ 13, 85, 0,[ 86, 61, 31]],

[ 87, 85, 0,[ 52, 26, 41]],

[ 5, 85, 0,[ 71, 81, 57, 78, 98, 50]],

[ 44, 85, 0,[ 9, 67, 27]],

[ 81, 5, 1,[ 90, 5, 51]],

[ 39, 85, 0,[ 28, 4, 70]],

[ 66, 85, 0,[ 1, 17, 32, 84]],

[ 51, 85, 0,[ 88, 81, 94, 20]],

[ 3, 85, 0,[ 42, 36, 86]],

[ 12, 85, 0,[ 91, 79, 80]],

[ 38, 85, 0,[ 98, 17, 31, 20]],

[ 43, 85, 0,[ 54, 36, 72]],

[ 26, 55, 1,[ 16, 33, 87]],

[ 28, 85, 0,[ 2, 95, 39]],

[ 46, 85, 0,[ 23, 74, 36]],

[ 45, 85, 0,[ 11, 16, 93]],

[ 35, 85, 0,[ 53, 86, 22]],

[ 62, 85, 0,[ 95, 70, 65]],

[ 84, 85, 0,[ 7, 27, 66]],

[ 57, 85, 0,[ 96, 63, 5, 68, 75]],

[ 63, 85, 0,[ 40, 57, 60]],

[ 4, 85, 0,[ 1, 59, 39]],

[ 27, 85, 0,[ 84, 44, 6, 73, 75]],

[ 97, 85, 0,[ 77, 95]],

[ 79, 85, 0,[ 55, 69, 12]],

[ 23, 85, 0,[ 46, 6, 50, 30]],

[ 41, 85, 0,[ 59, 49, 87, 37, 82]],

[ 89, 5, 1,[ 47, 88, 49]],

[ 11, 85, 1,[ 45, 34, 72, 91]],

[ 10, 85, 0,[ 64, 9, 16, 49, 86]],

[ 40, 85, 0,[ 52, 16, 63]],

[ 47, 85, 0,[ 89, 83, 64, 95, 33]],

[ 80, 85, 0,[ 25, 85, 37, 21, 8, 12]],

[ 91, 85, 0,[ 32, 11, 12]],

[ 32, 85, 0,[ 77, 66, 18, 91]],

[ 59, 85, 0,[ 93, 67, 41, 19, 56, 4]],

[ 73, 85, 0,[ 27, 21, 76]],

[ 86, 85, 0,[ 13, 3, 35, 10]],

[ 30, 85, 0,[ 29, 67, 23, 54]],

[ 96, 85, 0,[ 75, 36, 85, 57]],

[ 36, 85, 0,[ 46, 33, 43, 3, 83, 96]],

[ 15, 85, 0,[ 68, 25, 19, 93]],

[ 95, 85, 0,[ 22, 47, 62, 97, 19, 28]],

[ 21, 85, 0,[ 80, 73, 74]],

[ 90, 85, 0,[ 81, 1, 98]],

