[ 90, 25, 0,[ 41, 81, 20]],

[ 8, 25, 0,[ 46, 87, 73, 14]],

[ 42, 25, 1,[ 78, 16, 6, 73]],

[ 84, 25, 0,[ 12, 19, 92, 38]],

[ 30, 25, 0,[ 87, 14, 34]],

[ 21, 25, 0,[ 62, 37, 99, 52, 95]],

[ 24, 25, 0,[ 89, 70, 80]],

[ 53, 25, 0,[ 88, 58, 75]],

[ 41, 25, 0,[ 90, 27, 6]],

[ 69, 25, 0,[ 85, 35, 45]],

[ 61, 25, 0,[ 78, 27, 29, 11]],

[ 75, 25, 0,[ 47, 53, 4]],

[ 52, 25, 0,[ 2, 92, 21, 58]],

[ 27, 25, 0,[ 41, 15, 61]],

[ 36, 25, 0,[ 25, 4, 43]],

[ 78, 25, 0,[ 42, 61, 65]],

[ 18, 25, 0,[ 97, 80, 67, 47, 38, 72]],

[ 3, 25, 0,[ 32, 59, 0]],

[ 54, 25, 0,[ 14, 10]],

[ 72, 25, 0,[ 81, 18]],

[ 39, 55, 1,[ 91, 80, 35, 43]],

[ 98, 25, 1,[ 48, 94]],

[ 0, 25, 0,[ 73, 65, 3, 31, 70, 55, 59, 13, 2, 44]],

[ 13, 25, 0,[ 10, 40, 0]],

[ 93, 25, 0,[ 17, 55, 60, 95, 26]],

[ 10, 25, 1,[ 54, 13, 74]],

[ 87, 25, 0,[ 8, 30, 11]],

[ 1, 25, 0,[ 45, 32, 81]],

[ 67, 25, 0,[ 83, 12, 89, 18, 86, 49]],

[ 44, 25, 0,[ 83, 0, 68]],

[ 95, 25, 0,[ 96, 21, 93]],

[ 76, 25, 0,[ 9, 46, 58]],

[ 34, 25, 0,[ 7, 4, 30, 82]],

[ 47, 25, 0,[ 94, 75, 18, 56]],

[ 66, 25, 0,[ 71, 31, 23]],

[ 26, 25, 0,[ 79, 91, 40, 93]],

[ 17, 25, 0,[ 29, 25, 93, 43]],

[ 63, 25, 0,[ 32, 25]],

[ 62, 25, 0,[ 99, 21, 82]],

[ 68, 25, 0,[ 44, 9, 25, 4, 40]],

[ 5, 25, 0,[ 37, 23, 43]],

[ 83, 25, 0,[ 44, 43, 67, 12]],

[ 65, 25, 0,[ 46, 0, 48, 78]],

[ 46, 25, 0,[ 65, 89, 76, 8]],

[ 15, 25, 0,[ 55, 27, 71, 9]],

[ 91, 65, 1,[ 26, 85, 39]],

[ 38, 25, 0,[ 70, 84, 18]],

[ 81, 25, 0,[ 90, 16, 1, 72, 37]],

[ 57, 25, 1,[ 25, 9, 79]],

[ 70, 25, 0,[ 38, 24, 0]],

[ 79, 25, 0,[ 26, 57, 25]],

[ 49, 25, 0,[ 67, 28, 73]],

[ 71, 25, 0,[ 85, 15, 51, 35, 66]],

[ 14, 25, 0,[ 54, 30, 8]],

[ 33, 25, 0,[ 82, 35, 7]],

[ 59, 25, 0,[ 0, 3, 92]],

[ 37, 25, 0,[ 5, 81, 21]],

[ 20, 25, 0,[ 86, 82, 25, 90]],

[ 89, 25, 0,[ 67, 24, 46]],

[ 43, 25, 0,[ 39, 94, 5, 36, 17, 64, 83]],

[ 45, 25, 0,[ 69, 1, 22, 50]],

[ 16, 25, 0,[ 7, 42, 81]],

[ 56, 25, 0,[ 23, 47]],

[ 96, 25, 0,[ 6, 73, 95]],

[ 2, 25, 0,[ 52, 0, 86]],

[ 12, 25, 0,[ 83, 67, 84]],

[ 6, 25, 0,[ 42, 96, 41]],

[ 99, 25, 0,[ 21, 62, 23]],

[ 64, 25, 0,[ 4, 51, 43]],

[ 7, 25, 0,[ 16, 35, 31, 34, 33, 86]],

[ 32, 25, 0,[ 1, 3, 63]],

[ 80, 25, 0,[ 18, 39, 77, 24]],

[ 97, 25, 0,[ 11, 18]],

[ 94, 25, 0,[ 47, 98, 43]],

[ 22, 25, 1,[ 45, 19, 50]],

[ 48, 25, 1,[ 50, 65, 98]],

[ 28, 25, 0,[ 60, 58, 74, 49]],

[ 23, 25, 0,[ 66, 56, 5, 99]],

[ 88, 25, 0,[ 77, 74, 53]],

[ 4, 25, 0,[ 34, 75, 64, 36, 68]],

[ 85, 25, 0,[ 91, 71, 69]],

[ 40, 25, 0,[ 26, 13, 68]],

[ 82, 25, 0,[ 34, 33, 20, 62]],

[ 55, 25, 0,[ 15, 0, 93]],

[ 73, 25, 0,[ 49, 42, 96, 0, 8]],

[ 74, 65, 1,[ 10, 28, 88]],

[ 86, 25, 0,[ 67, 20, 2, 7]],

[ 51, 25, 0,[ 71, 9, 64]],

[ 19, 25, 0,[ 29, 84, 22]],

[ 31, 25, 0,[ 60, 7, 0, 66]],

[ 92, 25, 0,[ 84, 59, 52]],

[ 60, 25, 0,[ 31, 28, 93]],

[ 11, 25, 0,[ 97, 61, 87]],

[ 50, 25, 0,[ 48, 45, 22]],

[ 9, 25, 0,[ 57, 51, 68, 15, 76]],

[ 58, 25, 0,[ 53, 76, 52, 28]],

[ 77, 25, 0,[ 88, 80]],

[ 35, 25, 0,[ 7, 71, 33, 69, 39]],

[ 29, 25, 0,[ 17, 19, 61]],

[ 25, 25, 1,[ 20, 68, 36, 57, 17, 63, 79]],

