[ 38, 15, 0,[ 4, 23, 17]],

[ 23, 15, 0,[ 71, 38, 12]],

[ 36, 15, 0,[ 20, 24, 88]],

[ 54, 15, 1,[ 81, 57, 45, 22]],

[ 46, 15, 0,[ 75, 7, 44, 19]],

[ 77, 15, 1,[ 44, 5, 18]],

[ 72, 15, 0,[ 52, 35, 20, 10]],

[ 14, 15, 0,[ 22, 4, 70]],

[ 90, 15, 0,[ 73, 80]],

[ 41, 55, 0,[ 7, 73, 49, 28]],

[ 92, 75, 1,[ 1, 95, 99]],

[ 29, 85, 1,[ 13, 6, 11]],

[ 68, 5, 1,[ 96, 86, 87]],

[ 58, 5, 1,[ 20, 78, 57, 84]],

[ 22, 15, 0,[ 14, 75, 54]],

[ 83, 15, 0,[ 9, 55, 51]],

[ 64, 95, 1,[ 88, 42, 34]],

[ 79, 15, 1,[ 81, 49, 75, 80]],

[ 2, 15, 1,[ 86, 44, 69, 55]],

[ 53, 15, 0,[ 32, 33]],

[ 62, 15, 0,[ 47, 69, 15]],

[ 37, 15, 0,[ 16, 10]],

[ 69, 15, 0,[ 2, 61, 62]],

[ 40, 55, 1,[ 45, 39]],

[ 15, 25, 1,[ 62, 74, 16, 61]],

[ 56, 15, 0,[ 1, 85, 45]],

[ 73, 15, 0,[ 34, 90, 41]],

[ 81, 85, 1,[ 99, 54, 5, 8, 79]],

[ 11, 85, 1,[ 29, 0, 93, 48, 10, 50]],

[ 51, 15, 0,[ 89, 33, 83]],

[ 4, 15, 1,[ 43, 61, 38, 14, 30]],

[ 16, 15, 0,[ 15, 37, 63]],

[ 43, 15, 1,[ 6, 4, 70, 42]],

[ 85, 15, 0,[ 86, 87, 56, 94]],

[ 18, 5, 1,[ 77, 94, 95, 17]],

[ 13, 15, 1,[ 30, 45, 42, 29, 60]],

[ 25, 15, 0,[ 74, 82, 59]],

[ 67, 45, 1,[ 5, 89]],

[ 45, 15, 0,[ 40, 54, 35, 13, 17, 56]],

[ 47, 15, 0,[ 55, 62, 61]],

[ 21, 65, 0,[ 3, 20, 95]],

[ 98, 65, 0,[ 94, 0]],

[ 34, 75, 1,[ 96, 64, 73, 50]],

[ 66, 15, 1,[ 48, 32]],

[ 20, 35, 1,[ 21, 58, 72, 36]],

[ 80, 15, 1,[ 39, 90, 79]],

[ 78, 95, 0,[ 58, 1, 48]],

[ 31, 15, 0,[ 6, 60, 57]],

[ 91, 45, 0,[ 24, 50, 8, 65]],

[ 99, 85, 1,[ 81, 92]],

[ 6, 85, 1,[ 31, 43, 35, 29]],

[ 17, 15, 0,[ 38, 45, 18]],

[ 55, 15, 1,[ 2, 83, 27, 47]],

[ 59, 15, 0,[ 25, 61, 27, 97]],

[ 1, 15, 1,[ 78, 56, 92, 70, 26]],

[ 60, 15, 0,[ 87, 13, 31]],

[ 48, 95, 0,[ 66, 11, 78]],

[ 84, 5, 1,[ 89, 49, 58, 52]],

[ 74, 55, 0,[ 15, 3, 25]],

[ 42, 75, 0,[ 43, 13, 64]],

[ 8, 55, 1,[ 12, 81, 91]],

[ 93, 55, 1,[ 11, 28, 3, 76]],

[ 75, 15, 0,[ 63, 22, 52, 79, 46]],

[ 71, 15, 0,[ 23, 9, 33]],

[ 44, 15, 1,[ 2, 82, 77, 46]],

[ 5, 45, 1,[ 67, 77, 81]],

[ 96, 15, 1,[ 34, 68, 26]],

[ 86, 15, 0,[ 85, 2, 68]],

[ 49, 25, 1,[ 84, 41, 79]],

[ 30, 45, 0,[ 4, 33, 13]],

[ 28, 95, 1,[ 41, 93]],

[ 82, 15, 0,[ 97, 44, 25]],

[ 19, 15, 0,[ 24, 46, 9]],

[ 32, 15, 0,[ 53, 66]],

[ 63, 15, 0,[ 75, 16]],

[ 94, 65, 1,[ 85, 52, 18, 9, 98]],

[ 7, 15, 1,[ 46, 41, 76]],

[ 12, 15, 1,[ 24, 23, 8]],

[ 88, 15, 0,[ 39, 64, 36]],

[ 95, 65, 0,[ 21, 18, 92]],

[ 61, 15, 1,[ 69, 4, 59, 47, 15]],

[ 33, 15, 0,[ 53, 51, 30, 71]],

[ 76, 15, 1,[ 3, 7, 93]],

[ 0, 65, 1,[ 98, 11, 26]],

[ 50, 85, 1,[ 91, 34, 11]],

[ 70, 15, 0,[ 65, 43, 14, 1]],

[ 87, 15, 0,[ 68, 97, 60, 85]],

[ 57, 75, 0,[ 54, 31, 58]],

[ 89, 85, 1,[ 51, 67, 84]],

[ 9, 15, 1,[ 94, 19, 71, 83]],

[ 3, 15, 1,[ 74, 93, 76, 21]],

[ 65, 15, 1,[ 24, 70, 91]],

[ 52, 15, 1,[ 84, 75, 94, 72]],

[ 27, 15, 1,[ 59, 55]],

[ 24, 15, 0,[ 19, 36, 91, 12, 65]],

[ 26, 15, 1,[ 1, 0, 96]],

[ 97, 15, 1,[ 59, 87, 82]],

[ 39, 15, 0,[ 80, 40, 88]],

[ 10, 15, 0,[ 11, 72, 37]],

[ 35, 65, 1,[ 45, 6, 72]],

