[ 85, 65, 1,[ 93, 43, 24, 78]],

[ 69, 85, 1,[ 96, 71, 7, 87, 75]],

[ 9, 45, 0,[ 30, 50, 41, 58]],

[ 21, 15, 1,[ 30, 33, 48, 32, 47]],

[ 90, 35, 1,[ 68, 0, 60]],

[ 7, 45, 0,[ 14, 69, 16]],

[ 54, 45, 0,[ 84, 50, 79]],

[ 88, 75, 1,[ 95, 17, 44]],

[ 81, 15, 0,[ 74, 51, 18]],

[ 18, 95, 1,[ 81, 46, 57]],

[ 96, 15, 0,[ 23, 70, 69]],

[ 35, 65, 0,[ 1, 99, 83]],

[ 25, 25, 1,[ 65, 29, 2]],

[ 38, 35, 1,[ 41, 4, 20, 73]],

[ 42, 45, 1,[ 73, 84, 23]],

[ 44, 15, 0,[ 10, 88, 37, 53, 91]],

[ 53, 95, 1,[ 44, 49, 76]],

[ 89, 85, 0,[ 6, 13, 95]],

[ 30, 5, 1,[ 9, 21, 37]],

[ 37, 55, 1,[ 73, 44, 86, 30, 70]],

[ 65, 65, 0,[ 25, 52, 40, 28]],

[ 51, 85, 1,[ 84, 50, 81]],

[ 22, 15, 1,[ 34, 14, 39]],

[ 39, 85, 1,[ 22, 62]],

[ 47, 65, 1,[ 99, 28, 21, 12]],

[ 57, 75, 1,[ 18, 68, 48]],

[ 5, 95, 0,[ 64, 61, 31, 19]],

[ 28, 65, 0,[ 65, 47, 71]],

[ 34, 85, 0,[ 67, 14, 22]],

[ 27, 15, 1,[ 95, 1, 56]],

[ 20, 15, 0,[ 76, 38, 94, 72, 91]],

[ 94, 85, 0,[ 71, 20, 97]],

[ 43, 85, 0,[ 36, 85, 56]],

[ 4, 65, 0,[ 86, 17, 80, 38]],

[ 36, 55, 1,[ 14, 43, 77, 15]],

[ 86, 55, 1,[ 12, 4, 37]],

[ 66, 65, 0,[ 17, 16, 83]],

[ 31, 25, 1,[ 80, 24, 5]],

[ 14, 65, 1,[ 36, 34, 93, 7, 74, 22]],

[ 78, 55, 1,[ 17, 85, 64]],

[ 3, 85, 0,[ 8, 23, 98]],

[ 63, 15, 1,[ 41, 26, 76]],

[ 15, 45, 0,[ 16, 48, 36]],

[ 29, 85, 0,[ 92, 80, 25, 8]],

[ 70, 15, 1,[ 37, 96, 45]],

[ 76, 15, 0,[ 53, 77, 20, 63]],

[ 33, 55, 1,[ 97, 82, 21]],

[ 11, 25, 0,[ 45, 10, 24]],

[ 98, 15, 1,[ 73, 3, 77]],

[ 72, 65, 1,[ 20, 99, 23, 61]],

[ 83, 55, 1,[ 66, 77, 35, 60]],

[ 74, 25, 1,[ 14, 48, 81]],

[ 19, 5, 1,[ 61, 73, 5]],

[ 59, 85, 1,[ 0, 82]],

[ 84, 45, 0,[ 54, 51, 42]],

[ 92, 85, 0,[ 2, 29, 16]],

[ 73, 45, 1,[ 38, 37, 98, 42, 19]],

[ 40, 55, 0,[ 65, 58, 75]],

[ 0, 15, 0,[ 90, 91, 59]],

[ 41, 35, 1,[ 9, 63, 38]],

[ 75, 5, 1,[ 40, 69, 82]],

[ 10, 55, 1,[ 11, 67, 44]],

[ 55, 5, 0,[ 23, 58, 17]],

[ 93, 65, 0,[ 14, 85, 49]],

[ 67, 85, 0,[ 34, 6, 13, 10]],

[ 64, 45, 0,[ 79, 78, 5]],

[ 16, 95, 1,[ 66, 15, 7, 92]],

[ 50, 45, 0,[ 9, 54, 51, 46]],

[ 87, 85, 1,[ 62, 69, 12]],

[ 97, 85, 0,[ 2, 94, 33, 71]],

[ 2, 85, 0,[ 92, 25, 97]],

[ 60, 45, 1,[ 83, 56, 90]],

[ 24, 25, 1,[ 46, 85, 11, 31]],

[ 48, 45, 0,[ 21, 74, 57, 15]],

[ 61, 5, 1,[ 5, 8, 19, 72]],

[ 68, 85, 0,[ 57, 26, 90, 1]],

[ 45, 85, 1,[ 70, 11, 8]],

[ 71, 45, 1,[ 94, 28, 69, 97]],

[ 49, 65, 0,[ 32, 52, 93, 53]],

[ 6, 85, 0,[ 67, 13, 89]],

[ 23, 25, 1,[ 72, 42, 96, 55, 3]],

[ 80, 15, 0,[ 31, 4, 29]],

[ 99, 65, 0,[ 72, 35, 47]],

[ 79, 45, 0,[ 46, 64, 54]],

[ 58, 55, 0,[ 40, 9, 55]],

[ 62, 45, 0,[ 87, 46, 39]],

[ 91, 5, 1,[ 0, 20, 44]],

[ 8, 85, 0,[ 61, 3, 45, 29]],

[ 13, 85, 0,[ 89, 6, 67]],

[ 52, 65, 0,[ 56, 65, 49]],

[ 46, 45, 0,[ 18, 24, 79, 50, 62]],

[ 17, 85, 1,[ 66, 78, 55, 88, 4]],

[ 32, 85, 1,[ 49, 21, 26]],

[ 77, 65, 0,[ 36, 76, 83, 98, 95]],

[ 26, 45, 0,[ 63, 68, 32]],

[ 1, 85, 0,[ 68, 35, 27]],

[ 56, 55, 1,[ 43, 52, 60, 27]],

[ 95, 65, 1,[ 89, 77, 88, 27]],

[ 82, 5, 1,[ 33, 59, 75]],

[ 12, 25, 0,[ 47, 87, 86]],

