[ 50, 95, 0,[ 45, 76, 96]],

[ 15, 95, 0,[ 53, 55, 27, 37]],

[ 45, 95, 0,[ 50, 1, 61]],

[ 57, 95, 1,[ 9, 72, 34, 10]],

[ 11, 95, 0,[ 63, 61, 87, 18, 97, 21, 79]],

[ 94, 95, 0,[ 33, 47, 44]],

[ 25, 45, 1,[ 68, 51, 69]],

[ 52, 95, 0,[ 91, 74, 2, 58]],

[ 89, 95, 0,[ 67, 2, 80, 24]],

[ 34, 95, 0,[ 7, 4, 82, 30, 20, 57]],

[ 4, 95, 0,[ 44, 34, 36, 23, 64, 68]],

[ 53, 95, 0,[ 15, 88, 2]],

[ 39, 95, 1,[ 22, 14, 29]],

[ 37, 95, 0,[ 15, 5, 81]],

[ 82, 95, 0,[ 3, 34, 69, 13, 62]],

[ 43, 95, 0,[ 99, 98, 97, 17]],

[ 40, 95, 0,[ 13, 6, 26, 42]],

[ 16, 95, 1,[ 41, 66, 79]],

[ 72, 95, 0,[ 18, 57, 51, 32]],

[ 77, 95, 0,[ 88, 80, 46, 85, 68]],

[ 26, 95, 0,[ 10, 75, 97, 19, 79, 40, 91]],

[ 99, 95, 0,[ 43, 2, 5, 62]],

[ 76, 95, 0,[ 50, 80, 92, 9]],

[ 31, 95, 0,[ 0, 7, 66]],

[ 33, 95, 0,[ 84, 69, 94]],

[ 90, 95, 0,[ 19, 78, 81]],

[ 42, 25, 1,[ 74, 48, 40, 83, 17]],

[ 7, 95, 0,[ 35, 31, 34, 75]],

[ 14, 95, 0,[ 30, 54, 39, 8]],

[ 63, 95, 0,[ 54, 11, 64]],

[ 73, 95, 0,[ 8, 96, 0]],

[ 69, 95, 0,[ 82, 33, 25]],

[ 17, 95, 0,[ 43, 29, 42, 93]],

[ 81, 95, 0,[ 1, 37, 90]],

[ 36, 95, 0,[ 4, 66, 28]],

[ 95, 95, 0,[ 93, 96, 98]],

[ 47, 95, 0,[ 18, 66, 94, 56]],

[ 80, 95, 0,[ 77, 76, 12, 89]],

[ 12, 95, 0,[ 92, 1, 80, 84, 83]],

[ 67, 95, 0,[ 89, 18, 83]],

[ 96, 95, 0,[ 73, 56, 6, 95, 50]],

[ 71, 95, 0,[ 35, 22, 51]],

[ 84, 95, 0,[ 8, 38, 92, 12, 33]],

[ 59, 95, 0,[ 86, 28]],

[ 19, 95, 0,[ 90, 26, 54]],

[ 5, 95, 0,[ 97, 37, 70, 99]],

[ 85, 95, 1,[ 62, 77, 79]],

[ 48, 95, 1,[ 6, 42, 65]],

[ 46, 95, 0,[ 58, 8, 65, 77]],

[ 21, 95, 0,[ 11, 60, 88, 27]],

[ 58, 95, 0,[ 52, 44, 46, 79]],

[ 0, 95, 0,[ 3, 31, 44, 24, 2, 13, 55, 73, 49]],

[ 29, 95, 0,[ 22, 39, 17, 55]],

[ 65, 95, 0,[ 48, 46, 20, 38]],

[ 9, 95, 0,[ 60, 64, 68, 57, 76]],

[ 86, 95, 0,[ 20, 70, 59]],

[ 10, 95, 1,[ 60, 57, 26]],

[ 27, 95, 0,[ 61, 21, 15]],

[ 22, 95, 0,[ 71, 29, 39]],

[ 83, 95, 0,[ 12, 42, 67]],

[ 60, 95, 0,[ 10, 21, 93, 9]],

[ 41, 95, 0,[ 79, 16, 6]],

[ 32, 95, 0,[ 1, 28, 72]],

[ 55, 95, 0,[ 0, 56, 15, 28, 29]],

[ 51, 95, 0,[ 74, 72, 25, 71]],

[ 98, 85, 1,[ 62, 95, 43]],

[ 97, 95, 0,[ 26, 79, 11, 5, 43]],

[ 8, 95, 0,[ 87, 73, 35, 14, 84, 46]],

[ 1, 95, 0,[ 12, 45, 32, 81]],

[ 20, 95, 0,[ 86, 34, 65]],

[ 70, 95, 0,[ 5, 24, 86]],

[ 28, 95, 0,[ 55, 32, 36, 49, 23, 59]],

[ 62, 95, 0,[ 85, 98, 99, 82, 6]],

[ 88, 95, 0,[ 2, 53, 21, 77]],

[ 35, 95, 0,[ 8, 71, 7]],

[ 49, 95, 0,[ 44, 0, 28]],

[ 68, 95, 0,[ 9, 44, 75, 4, 25, 77]],

[ 18, 95, 0,[ 47, 67, 11, 72]],

[ 79, 95, 0,[ 58, 2, 26, 85, 97, 41, 16, 11]],

[ 44, 95, 0,[ 4, 0, 68, 94, 58, 49]],

[ 56, 95, 0,[ 55, 47, 96]],

[ 75, 95, 0,[ 26, 7, 68]],

[ 3, 95, 0,[ 82, 0, 2]],

[ 38, 95, 0,[ 84, 6, 65, 23]],

[ 87, 95, 0,[ 11, 30, 8]],

[ 24, 95, 0,[ 70, 0, 89]],

[ 23, 95, 0,[ 38, 28, 4]],

[ 66, 95, 0,[ 36, 31, 16, 47]],

[ 74, 95, 0,[ 52, 42, 51]],

[ 91, 35, 1,[ 52, 26, 54]],

[ 64, 95, 0,[ 9, 63, 4]],

[ 78, 95, 0,[ 54, 90]],

[ 61, 95, 0,[ 11, 45, 27]],

[ 92, 95, 0,[ 76, 84, 12]],

[ 54, 95, 0,[ 2, 78, 14, 19, 91, 6, 63]],

[ 30, 95, 0,[ 14, 87, 34]],

[ 2, 95, 0,[ 52, 79, 3, 89, 54, 0, 53, 88, 99]],

[ 13, 95, 0,[ 40, 82, 0]],

[ 6, 95, 0,[ 48, 62, 96, 54, 41, 40, 38]],

[ 93, 95, 0,[ 17, 95, 60]],

