[ 94, 15, 0,[ 12, 1, 81]],

[ 80, 15, 0,[ 81, 83, 11, 9]],

[ 98, 5, 1,[ 51, 77, 69]],

[ 34, 15, 0,[ 2, 89, 58, 6]],

[ 87, 15, 0,[ 17, 3, 46]],

[ 62, 15, 0,[ 4, 63, 31]],

[ 9, 15, 0,[ 80, 52, 71, 83]],

[ 99, 15, 0,[ 29, 60, 36]],

[ 79, 15, 0,[ 85, 78, 59, 55]],

[ 61, 15, 0,[ 89, 48, 47]],

[ 49, 15, 0,[ 24, 30, 23, 77]],

[ 26, 15, 0,[ 89, 65, 68]],

[ 2, 15, 0,[ 8, 73, 34, 69]],

[ 8, 15, 0,[ 2, 21, 82, 50]],

[ 36, 15, 0,[ 99, 20, 95]],

[ 12, 15, 0,[ 94, 13, 74, 68]],

[ 43, 15, 0,[ 81, 91]],

[ 70, 15, 0,[ 14, 1, 71]],

[ 48, 65, 1,[ 97, 65, 0, 61]],

[ 11, 15, 0,[ 96, 50, 45, 46, 3, 80]],

[ 35, 15, 0,[ 28, 24, 64, 18]],

[ 89, 15, 0,[ 26, 75, 37, 34, 61]],

[ 23, 15, 0,[ 49, 58, 37, 71, 27]],

[ 83, 15, 0,[ 74, 80, 9]],

[ 37, 15, 0,[ 89, 23, 7]],

[ 30, 15, 0,[ 97, 49, 5, 60]],

[ 86, 15, 0,[ 92, 18, 56, 31]],

[ 39, 95, 1,[ 40, 28, 73]],

[ 73, 15, 0,[ 33, 39, 2]],

[ 17, 15, 0,[ 10, 87]],

[ 74, 45, 1,[ 12, 27, 90, 83]],

[ 56, 15, 0,[ 78, 86, 15]],

[ 44, 15, 0,[ 45, 92, 65]],

[ 13, 15, 0,[ 15, 52, 12]],

[ 3, 15, 0,[ 87, 11, 33, 16, 29]],

[ 53, 15, 0,[ 31, 77, 40]],

[ 90, 15, 0,[ 65, 97, 74, 27, 85]],

[ 58, 15, 0,[ 23, 16, 34]],

[ 55, 15, 0,[ 76, 72, 79]],

[ 22, 5, 1,[ 72, 0, 47]],

[ 82, 15, 0,[ 8, 47, 57]],

[ 97, 15, 0,[ 30, 90, 48]],

[ 45, 15, 0,[ 44, 11, 85]],

[ 10, 15, 1,[ 96, 17, 25]],

[ 4, 15, 0,[ 62, 40, 25]],

[ 60, 15, 0,[ 32, 99, 30]],

[ 92, 15, 0,[ 38, 81, 44, 86]],

[ 68, 15, 0,[ 26, 12, 52, 59]],

[ 77, 15, 0,[ 69, 49, 53, 98]],

[ 16, 15, 0,[ 3, 95, 58]],

[ 33, 15, 0,[ 20, 73, 3, 57]],

[ 19, 15, 0,[ 64, 41]],

[ 38, 15, 0,[ 92, 95, 7, 6]],

[ 72, 15, 0,[ 0, 75, 55, 22]],

[ 41, 15, 0,[ 64, 19, 32]],

[ 69, 15, 0,[ 98, 2, 20, 77]],

[ 59, 15, 0,[ 78, 68, 79]],

[ 0, 15, 0,[ 72, 48, 22]],

[ 91, 15, 0,[ 43, 51, 76]],

[ 47, 15, 0,[ 65, 61, 82, 22]],

[ 96, 15, 0,[ 11, 57, 10]],

[ 76, 15, 0,[ 67, 65, 14, 55, 91]],

[ 93, 15, 0,[ 28, 32, 54]],

[ 29, 15, 0,[ 66, 3, 99]],

[ 24, 15, 0,[ 49, 51, 35]],

[ 75, 15, 0,[ 5, 72, 89, 1]],

[ 71, 15, 0,[ 9, 23, 70]],

[ 6, 15, 0,[ 34, 66, 38]],

[ 42, 45, 1,[ 51, 46, 85]],

[ 64, 15, 0,[ 35, 19, 41]],

[ 67, 15, 0,[ 84, 76, 54]],

[ 51, 15, 0,[ 98, 91, 66, 42, 24]],

[ 54, 15, 0,[ 1, 93, 67]],

[ 84, 15, 0,[ 67, 95, 78]],

[ 57, 85, 1,[ 96, 82, 15, 33]],

[ 7, 15, 0,[ 38, 37, 50]],

[ 32, 15, 0,[ 93, 41, 63, 60]],

[ 28, 15, 0,[ 35, 93, 39]],

[ 65, 15, 0,[ 26, 76, 48, 44, 90, 88, 47]],

[ 18, 15, 0,[ 86, 35]],

[ 63, 15, 0,[ 32, 62, 31]],

[ 50, 15, 0,[ 7, 8, 11]],

[ 1, 15, 0,[ 94, 70, 54, 75]],

[ 5, 15, 0,[ 30, 75, 46]],

[ 40, 15, 0,[ 39, 4, 88, 53]],

[ 31, 15, 0,[ 63, 53, 86, 62]],

[ 46, 15, 0,[ 5, 87, 11, 42]],

[ 25, 55, 1,[ 85, 10, 4, 95]],

[ 21, 15, 0,[ 78, 8, 14]],

[ 66, 15, 0,[ 6, 51, 29]],

[ 88, 15, 0,[ 40, 14, 65]],

[ 81, 15, 0,[ 94, 92, 80, 43]],

[ 14, 15, 0,[ 21, 76, 88, 70]],

[ 85, 15, 0,[ 90, 79, 42, 25, 45]],

[ 20, 15, 0,[ 69, 33, 36]],

[ 15, 15, 0,[ 56, 13, 57]],

[ 27, 15, 0,[ 23, 90, 74]],

[ 78, 15, 0,[ 79, 59, 21, 56, 84]],

[ 52, 15, 0,[ 68, 13, 9]],

[ 95, 75, 1,[ 38, 84, 25, 36, 16]],

