[ 99, 85, 0,[ 62, 43, 5, 61, 74]],

[ 73, 85, 0,[ 23, 8, 98, 0, 82, 96]],

[ 94, 85, 0,[ 44, 33, 47, 92]],

[ 85, 65, 1,[ 5, 4, 38]],

[ 5, 85, 0,[ 97, 85, 39, 70, 37, 99]],

[ 60, 85, 0,[ 62, 9, 32, 93]],

[ 38, 85, 0,[ 86, 33, 91, 85]],

[ 7, 85, 0,[ 33, 34, 83]],

[ 19, 85, 1,[ 74, 10, 24]],

[ 13, 85, 0,[ 55, 51, 20]],

[ 27, 85, 0,[ 46, 25, 66]],

[ 72, 85, 0,[ 32, 51, 18]],

[ 35, 85, 0,[ 28, 52]],

[ 0, 85, 0,[ 73, 44, 2, 55, 65, 49, 3, 66]],

[ 96, 85, 0,[ 6, 81, 61, 95, 73]],

[ 92, 85, 0,[ 94, 12, 78, 84, 15]],

[ 22, 85, 0,[ 48, 87, 50]],

[ 62, 85, 0,[ 60, 6, 99]],

[ 50, 85, 0,[ 53, 22, 76]],

[ 76, 85, 0,[ 50, 58, 9]],

[ 11, 85, 0,[ 18, 63, 36, 97, 21, 79]],

[ 6, 85, 0,[ 62, 41, 96, 54]],

[ 3, 85, 0,[ 15, 59, 74, 0]],

[ 57, 55, 1,[ 18, 9, 91]],

[ 88, 85, 0,[ 2, 21, 71]],

[ 23, 85, 0,[ 73, 77, 29]],

[ 55, 85, 0,[ 28, 13, 0]],

[ 93, 85, 0,[ 95, 60, 17, 26]],

[ 21, 85, 0,[ 52, 11, 88]],

[ 97, 85, 0,[ 5, 79, 91, 11]],

[ 15, 85, 0,[ 74, 3, 98, 92]],

[ 20, 85, 0,[ 13, 86, 81, 65]],

[ 30, 85, 0,[ 87, 1, 14]],

[ 77, 85, 0,[ 46, 68, 23]],

[ 12, 85, 0,[ 84, 80, 92]],

[ 89, 85, 0,[ 80, 64, 67]],

[ 68, 85, 0,[ 4, 9, 40, 25, 77]],

[ 64, 85, 0,[ 63, 89, 75, 45, 43]],

[ 25, 85, 0,[ 51, 27, 68]],

[ 37, 85, 0,[ 78, 5, 81]],

[ 1, 85, 0,[ 45, 81, 30]],

[ 40, 85, 0,[ 68, 49, 26]],

[ 17, 85, 0,[ 42, 93, 29]],

[ 29, 85, 0,[ 23, 61, 17]],

[ 86, 85, 0,[ 38, 20, 59]],

[ 90, 85, 0,[ 81, 46, 24, 42]],

[ 52, 85, 0,[ 91, 21, 58, 35]],

[ 43, 85, 0,[ 64, 99, 67]],

[ 67, 85, 0,[ 43, 14, 83, 89]],

[ 61, 85, 0,[ 96, 99, 29]],

[ 36, 85, 0,[ 82, 26, 11, 71]],

[ 87, 85, 0,[ 8, 22, 31, 30]],

[ 69, 25, 1,[ 81, 65]],

[ 48, 75, 1,[ 65, 28, 22]],

[ 66, 85, 0,[ 47, 0, 27]],

[ 75, 85, 0,[ 32, 64, 71]],

[ 44, 85, 0,[ 49, 94, 4, 0]],

[ 49, 85, 0,[ 0, 40, 44]],

[ 4, 85, 0,[ 68, 85, 44, 34]],

[ 65, 85, 0,[ 0, 56, 48, 20, 53, 69]],

[ 14, 85, 0,[ 67, 8, 30]],

[ 82, 85, 0,[ 34, 73, 36]],

[ 56, 85, 0,[ 33, 31, 65, 47]],

[ 34, 85, 0,[ 7, 82, 4]],

[ 59, 85, 0,[ 86, 28, 3]],

[ 26, 85, 0,[ 81, 36, 41, 79, 40, 93]],

[ 2, 85, 0,[ 53, 54, 79, 88, 0, 63]],

[ 71, 85, 0,[ 88, 75, 83, 36]],

[ 84, 85, 0,[ 92, 12, 33]],

[ 81, 85, 0,[ 37, 96, 20, 26, 69, 90, 1]],

[ 41, 85, 0,[ 26, 51, 6]],

[ 33, 85, 0,[ 94, 38, 56, 84, 7]],

[ 32, 85, 0,[ 60, 75, 72]],

[ 9, 85, 0,[ 16, 76, 68, 57, 60]],

[ 98, 85, 1,[ 73, 15, 39]],

[ 91, 85, 0,[ 38, 52, 57, 97]],

[ 83, 85, 0,[ 7, 67, 42, 71]],

[ 51, 85, 0,[ 72, 25, 13, 41]],

[ 24, 85, 0,[ 90, 19, 70]],

[ 47, 85, 0,[ 16, 94, 18, 56, 66]],

[ 28, 85, 0,[ 55, 48, 59, 35]],

[ 95, 85, 0,[ 96, 45, 78, 93]],

[ 63, 85, 0,[ 64, 11, 2]],

[ 31, 85, 0,[ 87, 80, 42, 56]],

[ 70, 85, 0,[ 10, 24, 5]],

[ 16, 5, 1,[ 18, 47, 9]],

[ 54, 85, 0,[ 78, 2, 6]],

[ 18, 85, 0,[ 47, 16, 11, 72, 57]],

[ 42, 85, 1,[ 90, 31, 83, 17]],

[ 80, 85, 0,[ 12, 31, 89]],

[ 78, 85, 0,[ 92, 37, 54, 95]],

[ 53, 85, 0,[ 2, 65, 58, 50]],

[ 45, 85, 0,[ 1, 64, 95]],

[ 58, 85, 0,[ 53, 46, 76, 52]],

[ 79, 85, 0,[ 26, 11, 97, 2]],

[ 46, 85, 0,[ 90, 58, 77, 8, 27]],

[ 39, 85, 1,[ 10, 98, 5]],

[ 74, 85, 0,[ 3, 19, 99, 15]],

[ 8, 85, 0,[ 73, 87, 46, 14]],

[ 10, 25, 1,[ 39, 19, 70]],

