[ 40, 35, 1,[ 23, 84, 11]],

[ 17, 85, 1,[ 16, 90, 18]],

[ 41, 85, 0,[ 8, 79, 91, 29, 97, 67]],

[ 46, 85, 1,[ 18, 93, 15, 87]],

[ 27, 95, 1,[ 37, 82, 50]],

[ 64, 85, 1,[ 13, 83, 84, 0, 72]],

[ 50, 35, 1,[ 27, 59, 43]],

[ 28, 85, 1,[ 49, 90, 87]],

[ 33, 85, 0,[ 19, 42, 73]],

[ 39, 85, 0,[ 19, 80, 69]],

[ 1, 85, 1,[ 48, 84, 57]],

[ 5, 95, 1,[ 24, 57, 4, 94, 79]],

[ 36, 85, 0,[ 10, 61, 25]],

[ 66, 85, 1,[ 12, 31, 98]],

[ 4, 65, 1,[ 5, 62, 32, 72]],

[ 32, 85, 0,[ 79, 95, 9, 69, 4]],

[ 49, 25, 1,[ 20, 73, 91, 47, 28, 71]],

[ 76, 75, 1,[ 37, 53, 3, 26]],

[ 11, 45, 1,[ 35, 40, 34]],

[ 37, 85, 0,[ 20, 27, 76]],

[ 67, 45, 1,[ 89, 41, 38, 65, 44]],

[ 92, 85, 1,[ 21, 12, 58, 44]],

[ 94, 55, 1,[ 31, 5, 8, 70]],

[ 74, 85, 0,[ 23, 21, 30]],

[ 91, 85, 0,[ 41, 22, 49]],

[ 58, 85, 1,[ 73, 51, 92, 8]],

[ 20, 45, 1,[ 52, 56, 53, 77, 49, 37]],

[ 15, 25, 1,[ 60, 24, 7, 86, 46, 82]],

[ 47, 85, 0,[ 49, 29, 75]],

[ 6, 85, 1,[ 55, 78, 19]],

[ 78, 85, 1,[ 6, 60, 0, 96]],

[ 96, 85, 1,[ 62, 26, 78]],

[ 19, 85, 0,[ 39, 33, 6, 56]],

[ 35, 45, 1,[ 11, 34, 18]],

[ 54, 95, 1,[ 52, 99, 65, 88]],

[ 31, 85, 0,[ 12, 94, 66]],

[ 81, 15, 1,[ 43, 2, 75]],

[ 65, 85, 1,[ 54, 67, 70, 77]],

[ 22, 85, 0,[ 72, 91, 59]],

[ 90, 85, 0,[ 9, 28, 17]],

[ 45, 85, 0,[ 14, 29, 0]],

[ 2, 85, 1,[ 81, 86, 61]],

[ 88, 85, 0,[ 48, 7, 54]],

[ 34, 75, 1,[ 11, 3, 35]],

[ 26, 85, 1,[ 76, 96, 85]],

[ 8, 85, 1,[ 94, 83, 41, 58]],

[ 60, 85, 0,[ 15, 23, 61, 89, 78]],

[ 44, 65, 1,[ 30, 92, 67]],

[ 38, 85, 0,[ 67, 23, 82]],

[ 69, 85, 0,[ 32, 39, 10]],

[ 75, 85, 0,[ 47, 14, 81]],

[ 80, 45, 1,[ 39, 14, 73]],

[ 93, 85, 0,[ 42, 13, 46, 53, 85]],

[ 42, 85, 0,[ 33, 3, 16, 24, 93]],

[ 14, 85, 0,[ 56, 45, 7, 80, 75]],

[ 24, 85, 0,[ 42, 5, 15]],

[ 9, 85, 1,[ 70, 32, 90]],

[ 72, 85, 0,[ 62, 4, 22, 68, 64, 12]],

[ 21, 85, 0,[ 92, 51, 74]],

[ 57, 85, 0,[ 5, 95, 62, 97, 1]],

[ 85, 85, 0,[ 93, 26, 12]],

[ 56, 85, 0,[ 20, 14, 25, 19]],

[ 23, 85, 0,[ 40, 60, 74, 38]],

[ 73, 85, 0,[ 33, 49, 80, 0, 58]],

[ 62, 85, 0,[ 96, 4, 72, 57]],

[ 68, 95, 1,[ 72, 89, 63]],

[ 89, 45, 1,[ 60, 67, 68, 77]],

[ 59, 85, 0,[ 13, 22, 50]],

[ 29, 85, 1,[ 47, 41, 45]],

[ 63, 85, 0,[ 16, 61, 68]],

[ 83, 85, 0,[ 87, 64, 8]],

[ 61, 85, 0,[ 36, 60, 2, 63]],

[ 51, 85, 0,[ 21, 98, 58]],

[ 30, 85, 0,[ 44, 95, 10, 74]],

[ 98, 85, 0,[ 48, 66, 51]],

[ 86, 85, 0,[ 15, 2, 16]],

[ 0, 85, 1,[ 25, 73, 12, 45, 78, 64, 55]],

[ 7, 85, 1,[ 15, 14, 88]],

[ 99, 25, 1,[ 52, 55, 54]],

[ 3, 85, 1,[ 34, 76, 42]],

[ 71, 85, 0,[ 49, 43, 55]],

[ 48, 85, 0,[ 98, 88, 1]],

[ 95, 85, 0,[ 32, 30, 57]],

[ 43, 85, 1,[ 71, 81, 50]],

[ 12, 85, 1,[ 92, 0, 72, 66, 31, 85]],

[ 10, 85, 0,[ 69, 84, 36, 30]],

[ 55, 45, 1,[ 99, 6, 0, 71]],

[ 52, 55, 1,[ 54, 20, 99]],

[ 70, 85, 0,[ 65, 94, 9]],

[ 25, 85, 0,[ 36, 56, 0]],

[ 79, 85, 1,[ 5, 32, 41]],

[ 18, 55, 1,[ 46, 35, 17]],

[ 16, 85, 0,[ 17, 42, 86, 97, 63]],

[ 82, 85, 0,[ 27, 38, 15]],

[ 97, 35, 1,[ 16, 57, 41]],

[ 84, 25, 1,[ 64, 10, 40, 1]],

[ 77, 95, 1,[ 20, 89, 65]],

[ 87, 85, 0,[ 46, 28, 83]],

[ 13, 85, 0,[ 93, 59, 64]],

[ 53, 85, 0,[ 76, 20, 93]],

