[ 53, 45, 0,[ 48, 21, 32, 36]],

[ 87, 45, 0,[ 10, 26, 84]],

[ 84, 45, 0,[ 87, 23, 26, 86]],

[ 46, 45, 0,[ 14, 47, 21]],

[ 80, 45, 0,[ 47, 95, 63, 77]],

[ 26, 55, 1,[ 87, 48, 84, 40]],

[ 28, 45, 0,[ 2, 76, 64]],

[ 17, 45, 0,[ 77, 41, 57, 60]],

[ 83, 45, 0,[ 69, 10, 88]],

[ 8, 45, 0,[ 71, 75, 90]],

[ 69, 45, 0,[ 34, 4, 83]],

[ 89, 45, 0,[ 0, 56, 35, 68]],

[ 39, 45, 0,[ 78, 86, 40]],

[ 95, 45, 0,[ 80, 49, 88, 81]],

[ 45, 45, 0,[ 73, 11, 99]],

[ 7, 45, 0,[ 36, 15, 71]],

[ 16, 45, 0,[ 75, 24, 91]],

[ 79, 45, 0,[ 2, 72, 71]],

[ 5, 45, 0,[ 68, 73, 38, 72]],

[ 3, 45, 0,[ 54, 18, 29, 62]],

[ 25, 45, 0,[ 9, 42, 71]],

[ 32, 45, 0,[ 44, 55, 27, 53]],

[ 22, 45, 0,[ 52, 75, 9, 65]],

[ 97, 45, 0,[ 0, 38, 74]],

[ 82, 45, 0,[ 78, 12, 36, 30, 61]],

[ 0, 25, 1,[ 97, 58, 89]],

[ 41, 45, 0,[ 17, 24, 12]],

[ 31, 45, 0,[ 43, 59, 37, 54, 47]],

[ 73, 45, 0,[ 51, 45, 5]],

[ 57, 45, 0,[ 35, 17, 15, 4]],

[ 27, 45, 0,[ 32, 81, 6]],

[ 43, 45, 0,[ 81, 13, 31]],

[ 14, 45, 0,[ 60, 46, 1]],

[ 49, 45, 0,[ 92, 95, 13]],

[ 4, 45, 0,[ 69, 57, 29]],

[ 52, 45, 0,[ 9, 11, 22]],

[ 60, 45, 0,[ 14, 17, 66]],

[ 37, 45, 0,[ 31, 62, 78]],

[ 15, 45, 0,[ 57, 98, 7]],

[ 40, 45, 0,[ 26, 59, 39]],

[ 33, 45, 0,[ 51, 92, 54]],

[ 61, 45, 0,[ 67, 82, 72]],

[ 86, 45, 0,[ 84, 39, 65]],

[ 91, 45, 0,[ 36, 16, 19, 18, 92]],

[ 6, 45, 0,[ 27, 67, 72]],

[ 34, 45, 0,[ 44, 69, 92]],

[ 96, 65, 1,[ 67, 20, 30]],

[ 36, 45, 0,[ 53, 82, 91, 7]],

[ 75, 45, 0,[ 22, 16, 8, 38]],

[ 10, 45, 0,[ 83, 85, 76, 87, 23]],

[ 20, 45, 0,[ 96, 85, 64]],

[ 54, 75, 1,[ 3, 33, 31]],

[ 98, 45, 0,[ 70, 94, 81, 15]],

[ 74, 45, 0,[ 11, 21, 97]],

[ 71, 45, 0,[ 8, 25, 79, 77, 7]],

[ 63, 45, 0,[ 11, 80, 59]],

[ 21, 45, 0,[ 53, 30, 46, 74]],

[ 42, 45, 0,[ 55, 18, 25]],

[ 70, 45, 0,[ 98, 24, 94]],

[ 81, 95, 1,[ 95, 43, 98, 29, 51, 27]],

[ 24, 45, 0,[ 41, 70, 16]],

[ 77, 45, 0,[ 17, 80, 71]],

[ 94, 45, 0,[ 70, 98, 1]],

[ 9, 45, 0,[ 25, 22, 52]],

[ 66, 45, 0,[ 60, 68, 38]],

[ 56, 45, 0,[ 89, 90, 44]],

[ 93, 45, 0,[ 58, 67, 23, 62]],

[ 72, 45, 0,[ 6, 79, 5, 61]],

[ 76, 45, 0,[ 28, 10]],

[ 44, 15, 1,[ 34, 99, 32, 56]],

[ 59, 45, 0,[ 31, 40, 63]],

[ 55, 45, 0,[ 48, 42, 32]],

[ 68, 55, 1,[ 89, 66, 5]],

[ 88, 45, 0,[ 90, 95, 83]],

[ 62, 45, 0,[ 37, 93, 3]],

[ 50, 45, 0,[ 19, 85]],

[ 11, 95, 1,[ 63, 74, 45, 52]],

[ 2, 95, 1,[ 47, 79, 28]],

[ 35, 45, 0,[ 89, 57, 58]],

[ 67, 45, 0,[ 93, 6, 61, 96]],

[ 30, 45, 0,[ 96, 21, 82]],

[ 38, 45, 0,[ 75, 97, 5, 66]],

[ 19, 45, 0,[ 51, 64, 50, 91]],

[ 29, 45, 0,[ 81, 4, 3]],

[ 90, 45, 0,[ 8, 56, 88]],

[ 23, 45, 0,[ 93, 10, 84]],

[ 12, 45, 0,[ 82, 41, 65]],

[ 1, 45, 0,[ 14, 94]],

[ 64, 45, 0,[ 28, 19, 20]],

[ 65, 65, 1,[ 86, 22, 12, 47]],

[ 99, 45, 0,[ 13, 45, 44]],

[ 47, 45, 0,[ 80, 31, 46, 65, 2]],

[ 51, 45, 0,[ 33, 81, 19, 73]],

[ 13, 45, 0,[ 43, 49, 99]],

[ 92, 45, 0,[ 91, 34, 33, 49]],

[ 78, 45, 0,[ 82, 37, 39]],

[ 18, 45, 0,[ 3, 91, 42]],

[ 85, 45, 0,[ 50, 20, 10]],

[ 58, 45, 0,[ 35, 93, 0]],

[ 48, 45, 0,[ 26, 55, 53]],

