[ 0, 85, 0,[ 44, 31, 3, 27, 24, 65]],

[ 66, 85, 0,[ 36, 67, 47]],

[ 20, 85, 0,[ 46, 81, 65, 13, 51]],

[ 26, 85, 0,[ 81, 19, 97, 93]],

[ 58, 85, 0,[ 46, 79, 76]],

[ 8, 85, 0,[ 87, 84, 35, 73]],

[ 22, 85, 0,[ 85, 55, 50]],

[ 27, 85, 0,[ 61, 0, 89, 67, 28]],

[ 71, 85, 0,[ 16, 51, 35]],

[ 2, 85, 0,[ 79, 88, 99]],

[ 78, 85, 0,[ 25, 54, 69, 61, 87]],

[ 70, 85, 0,[ 43, 57, 24]],

[ 67, 85, 0,[ 27, 66, 83]],

[ 77, 85, 0,[ 25, 56, 68]],

[ 1, 85, 0,[ 12, 45, 25]],

[ 15, 85, 0,[ 55, 9, 92]],

[ 65, 85, 0,[ 46, 48, 20, 56, 0]],

[ 82, 85, 0,[ 3, 34, 62, 74, 21]],

[ 76, 85, 0,[ 7, 58, 50, 86, 80]],

[ 42, 85, 0,[ 83, 18, 53, 17]],

[ 40, 85, 0,[ 37, 6, 49, 13, 72]],

[ 38, 85, 1,[ 85, 88, 75, 91]],

[ 24, 85, 0,[ 31, 0, 70]],

[ 81, 85, 0,[ 26, 37, 90, 20, 50]],

[ 52, 85, 0,[ 11, 85, 7]],

[ 9, 85, 0,[ 15, 68, 64, 60, 57]],

[ 28, 85, 0,[ 29, 55, 27]],

[ 43, 85, 0,[ 64, 97, 83, 70, 17]],

[ 89, 85, 0,[ 80, 27]],

[ 46, 85, 0,[ 58, 65, 20]],

[ 93, 85, 0,[ 26, 95, 60]],

[ 41, 85, 0,[ 6, 16, 79]],

[ 16, 85, 0,[ 39, 41, 19, 71]],

[ 5, 85, 0,[ 59, 99, 37, 97, 23]],

[ 32, 85, 0,[ 75, 14, 73]],

[ 34, 85, 0,[ 7, 4, 82]],

[ 30, 85, 0,[ 87, 98, 91]],

[ 90, 85, 1,[ 74, 81, 3, 99]],

[ 4, 85, 0,[ 64, 44, 34, 68, 36]],

[ 73, 85, 0,[ 96, 8, 32]],

[ 87, 85, 0,[ 30, 8, 78]],

[ 14, 85, 0,[ 32, 98, 54]],

[ 94, 85, 0,[ 47, 44, 33, 39]],

[ 45, 85, 0,[ 64, 69, 1]],

[ 56, 85, 0,[ 65, 77, 47]],

[ 44, 85, 0,[ 48, 4, 68, 94, 0]],

[ 99, 85, 0,[ 62, 5, 90, 2]],

[ 64, 85, 0,[ 9, 43, 45, 63, 4]],

[ 85, 85, 0,[ 52, 22, 38, 31]],

[ 68, 85, 0,[ 44, 4, 9, 77, 25]],

[ 18, 85, 0,[ 42, 47, 11]],

[ 39, 85, 1,[ 16, 94, 98]],

[ 62, 85, 0,[ 60, 82, 99]],

[ 33, 85, 0,[ 84, 94, 35]],

[ 37, 85, 0,[ 5, 81, 40]],

[ 7, 85, 0,[ 35, 75, 76, 34, 31, 52]],

[ 63, 85, 0,[ 11, 54, 64]],

[ 97, 85, 0,[ 43, 5, 26]],

[ 48, 85, 1,[ 44, 96, 65]],

[ 91, 85, 0,[ 79, 30, 38]],

[ 50, 85, 0,[ 81, 22, 76]],

[ 35, 85, 0,[ 33, 69, 71, 25, 7, 8]],

[ 57, 95, 1,[ 60, 9, 70]],

[ 55, 85, 0,[ 53, 15, 13, 28, 22]],

[ 47, 85, 0,[ 10, 18, 56, 94, 66]],

[ 13, 85, 0,[ 40, 55, 20]],

[ 60, 85, 0,[ 93, 9, 57, 62]],

[ 25, 85, 1,[ 78, 35, 68, 1, 53, 77]],

[ 86, 85, 0,[ 98, 76, 61]],

[ 10, 35, 1,[ 80, 75, 47]],

[ 11, 85, 0,[ 63, 21, 18, 61, 79, 52]],

[ 36, 85, 0,[ 66, 4, 88]],

[ 95, 85, 0,[ 96, 23, 93]],

[ 59, 85, 0,[ 5]],

[ 84, 85, 0,[ 8, 92, 33]],

[ 92, 85, 0,[ 84, 15, 12]],

[ 54, 85, 0,[ 6, 78, 14, 63]],

[ 69, 85, 0,[ 35, 45, 78]],

[ 19, 85, 1,[ 26, 16, 49]],

[ 80, 85, 0,[ 76, 89, 10]],

[ 6, 85, 0,[ 54, 74, 96, 41, 40]],

[ 12, 85, 0,[ 72, 1, 92]],

[ 75, 85, 0,[ 38, 10, 7, 32]],

[ 51, 85, 0,[ 71, 20, 72]],

[ 23, 85, 0,[ 49, 5, 95]],

[ 83, 85, 0,[ 42, 67, 43]],

[ 61, 85, 0,[ 86, 27, 78, 29, 11]],

[ 49, 85, 0,[ 19, 23, 40]],

[ 98, 85, 1,[ 14, 39, 86, 30]],

[ 88, 85, 0,[ 21, 36, 38, 2]],

[ 3, 85, 0,[ 0, 90, 29, 82]],

[ 79, 85, 0,[ 2, 91, 41, 11, 58]],

[ 72, 85, 0,[ 40, 12, 51]],

[ 74, 75, 1,[ 82, 90, 6]],

[ 53, 85, 0,[ 42, 55, 25]],

[ 31, 85, 0,[ 24, 85, 7, 0]],

[ 96, 85, 0,[ 6, 73, 48, 95]],

[ 21, 85, 0,[ 11, 82, 88]],

[ 17, 85, 0,[ 43, 29, 42]],

[ 29, 85, 0,[ 3, 17, 61, 28]],

