[ 98, 75, 1,[ 95, 54, 47, 37]],

[ 63, 55, 0,[ 50, 34, 23, 33]],

[ 34, 55, 0,[ 86, 61, 30, 63]],

[ 57, 55, 0,[ 59, 2, 62]],

[ 18, 55, 0,[ 82, 58, 71]],

[ 8, 55, 0,[ 35, 26]],

[ 45, 55, 0,[ 52, 53, 46]],

[ 64, 55, 0,[ 80, 24]],

[ 59, 55, 0,[ 57, 80, 12]],

[ 11, 55, 0,[ 54, 72, 92]],

[ 32, 55, 0,[ 94, 27, 48, 51, 38]],

[ 61, 55, 0,[ 6, 94, 34]],

[ 69, 55, 0,[ 55, 19, 78, 77]],

[ 73, 55, 0,[ 90, 97, 44]],

[ 31, 55, 0,[ 20, 7, 83]],

[ 86, 15, 1,[ 16, 68, 66, 34]],

[ 49, 55, 0,[ 4, 46, 92]],

[ 4, 55, 0,[ 75, 49, 3]],

[ 41, 55, 0,[ 72, 68, 12, 43, 38]],

[ 30, 55, 0,[ 23, 34, 93, 75]],

[ 62, 55, 0,[ 38, 57, 24, 87]],

[ 88, 55, 0,[ 1, 10, 40]],

[ 15, 55, 0,[ 51, 78]],

[ 83, 55, 0,[ 54, 92, 29, 31]],

[ 80, 55, 0,[ 64, 59, 28, 87, 21]],

[ 17, 55, 0,[ 53, 7, 89]],

[ 37, 55, 0,[ 72, 98, 76]],

[ 92, 55, 0,[ 84, 11, 83, 49]],

[ 20, 55, 0,[ 99, 82, 31]],

[ 71, 55, 0,[ 18, 77, 76]],

[ 91, 55, 0,[ 55, 89]],

[ 16, 65, 1,[ 86, 53]],

[ 29, 55, 0,[ 12, 47, 83]],

[ 12, 55, 0,[ 22, 59, 41, 29]],

[ 85, 55, 0,[ 5, 96, 13]],

[ 74, 5, 1,[ 84, 81, 54]],

[ 14, 55, 0,[ 48, 19, 0]],

[ 66, 55, 0,[ 78, 86, 6]],

[ 95, 75, 1,[ 50, 98, 94]],

[ 3, 55, 0,[ 4, 43, 93]],

[ 70, 55, 0,[ 25, 22, 65, 43]],

[ 93, 55, 0,[ 42, 30, 3]],

[ 35, 55, 0,[ 8, 43, 9, 60]],

[ 5, 55, 0,[ 99, 85, 19]],

[ 10, 5, 1,[ 0, 99, 88]],

[ 56, 55, 0,[ 13, 0, 65]],

[ 38, 25, 1,[ 41, 62, 72, 32]],

[ 81, 55, 0,[ 33, 7, 74]],

[ 54, 55, 0,[ 98, 11, 96, 75, 83, 74]],

[ 67, 55, 0,[ 36, 60, 40]],

[ 6, 55, 0,[ 9, 61, 66, 90]],

[ 24, 55, 0,[ 64, 62]],

[ 78, 55, 0,[ 15, 66, 69]],

[ 51, 55, 0,[ 15, 42, 32]],

[ 82, 55, 0,[ 18, 20, 76]],

[ 99, 55, 0,[ 20, 76, 5, 10]],

[ 23, 55, 0,[ 40, 30, 63]],

[ 0, 55, 0,[ 56, 42, 14, 10]],

[ 90, 55, 0,[ 9, 6, 65, 73]],

[ 33, 55, 0,[ 81, 63]],

[ 9, 55, 0,[ 90, 6, 35]],

[ 87, 55, 0,[ 80, 62, 36]],

[ 53, 55, 0,[ 2, 16, 21, 45, 28, 17, 52]],

[ 60, 55, 0,[ 65, 67, 25, 44, 35]],

[ 42, 55, 0,[ 51, 93, 77, 0]],

[ 22, 95, 1,[ 12, 70, 58]],

[ 2, 55, 0,[ 53, 57, 44]],

[ 25, 55, 0,[ 70, 60, 68]],

[ 58, 55, 0,[ 94, 18, 22]],

[ 48, 95, 1,[ 32, 21, 14]],

[ 89, 55, 0,[ 97, 91, 17]],

[ 77, 55, 0,[ 71, 69, 39, 42]],

[ 55, 55, 0,[ 91, 69, 50]],

[ 68, 55, 0,[ 86, 25, 41, 96]],

[ 72, 55, 0,[ 11, 41, 38, 37]],

[ 79, 55, 0,[ 26]],

[ 76, 55, 0,[ 82, 99, 37, 71]],

[ 13, 55, 0,[ 36, 56, 85]],

[ 75, 55, 0,[ 4, 54, 30]],

[ 19, 55, 0,[ 14, 69, 5, 39]],

[ 1, 55, 0,[ 39, 84, 88]],

[ 39, 45, 1,[ 19, 1, 77]],

[ 40, 55, 0,[ 23, 88, 26, 67]],

[ 65, 55, 0,[ 60, 52, 36, 56, 70, 90]],

[ 21, 55, 0,[ 80, 48, 53]],

[ 43, 55, 0,[ 41, 70, 3, 35]],

[ 27, 55, 0,[ 50, 32, 26]],

[ 50, 55, 0,[ 95, 63, 55, 27]],

[ 28, 55, 0,[ 53, 80, 52]],

[ 52, 55, 0,[ 45, 28, 65, 53]],

[ 36, 55, 0,[ 65, 97, 13, 67, 87]],

[ 84, 55, 0,[ 74, 1, 92]],

[ 26, 55, 0,[ 79, 27, 8, 40]],

[ 47, 55, 0,[ 29, 46, 98]],

[ 94, 55, 0,[ 95, 32, 61, 58]],

[ 7, 55, 0,[ 81, 46, 31, 17]],

[ 97, 55, 0,[ 36, 89, 73]],

[ 96, 55, 0,[ 68, 54, 85]],

[ 44, 55, 0,[ 73, 60, 2]],

[ 46, 55, 0,[ 49, 7, 47, 45]],

