[ 12, 65, 0,[ 84, 1, 94]],

[ 25, 65, 1,[ 33, 68, 51]],

[ 46, 65, 0,[ 8, 65, 58]],

[ 51, 65, 0,[ 98, 25, 14]],

[ 15, 65, 0,[ 27, 55, 37, 92]],

[ 88, 65, 0,[ 74, 77, 2]],

[ 93, 65, 0,[ 17, 95, 26]],

[ 36, 65, 0,[ 21, 4, 28]],

[ 37, 65, 0,[ 5, 81, 15]],

[ 98, 85, 1,[ 30, 55, 16, 51]],

[ 43, 65, 0,[ 17, 83, 64, 97]],

[ 44, 65, 0,[ 0, 58, 94, 4, 68]],

[ 82, 65, 0,[ 4, 62, 3]],

[ 85, 65, 0,[ 4, 65, 72]],

[ 66, 65, 0,[ 47, 23, 0, 31]],

[ 7, 65, 0,[ 35, 31, 52, 75]],

[ 45, 65, 0,[ 1, 69, 50]],

[ 95, 65, 0,[ 13, 93, 30, 96]],

[ 78, 65, 0,[ 90, 61, 54]],

[ 23, 65, 0,[ 66, 38, 94]],

[ 14, 65, 0,[ 54, 8, 51]],

[ 16, 65, 1,[ 41, 98, 60]],

[ 54, 65, 0,[ 63, 78, 14, 2, 19]],

[ 29, 65, 0,[ 39, 55, 17, 61]],

[ 60, 65, 0,[ 62, 9, 16, 74]],

[ 19, 65, 0,[ 70, 97, 54]],

[ 22, 65, 0,[ 50, 71, 31]],

[ 28, 65, 0,[ 55, 59, 36]],

[ 1, 65, 0,[ 45, 12, 61]],

[ 89, 65, 0,[ 64, 2, 27, 80, 24, 67]],

[ 40, 65, 0,[ 13, 49, 34, 68, 26]],

[ 67, 65, 0,[ 83, 59, 89]],

[ 68, 65, 0,[ 9, 77, 25, 4, 40, 44]],

[ 61, 65, 0,[ 29, 1, 27, 11, 78]],

[ 99, 65, 0,[ 74, 62, 2]],

[ 69, 65, 0,[ 92, 45, 35]],

[ 70, 65, 0,[ 19, 24, 5]],

[ 18, 65, 0,[ 72, 11, 47]],

[ 10, 65, 1,[ 86, 62, 87]],

[ 74, 65, 0,[ 88, 60, 99]],

[ 81, 65, 0,[ 50, 26, 20, 96, 37]],

[ 92, 65, 0,[ 15, 94, 84, 69]],

[ 34, 65, 0,[ 30, 40]],

[ 5, 65, 0,[ 70, 37, 97]],

[ 21, 65, 0,[ 11, 52, 36]],

[ 79, 65, 0,[ 11, 97, 41, 2, 26, 58]],

[ 72, 65, 0,[ 71, 32, 18, 85]],

[ 94, 65, 0,[ 23, 44, 92, 12, 33, 47]],

[ 57, 95, 1,[ 6, 77, 9]],

[ 26, 65, 0,[ 79, 97, 91, 81, 93, 40]],

[ 4, 65, 0,[ 85, 82, 64, 44, 36, 68]],

[ 83, 65, 0,[ 42, 67, 43]],

[ 96, 65, 0,[ 56, 50, 73, 95, 81]],

[ 49, 65, 0,[ 84, 40, 0]],

[ 9, 65, 0,[ 57, 76, 60, 64, 68]],

[ 59, 65, 0,[ 28, 39, 67, 3]],

[ 75, 65, 0,[ 32, 7, 39]],

[ 30, 65, 0,[ 34, 98, 95]],

[ 58, 65, 0,[ 46, 48, 76, 53, 44, 79]],

[ 6, 65, 0,[ 62, 38, 41, 57]],

[ 8, 65, 0,[ 73, 35, 14, 87, 46]],

[ 13, 65, 0,[ 20, 40, 95, 0]],

[ 27, 65, 0,[ 61, 15, 89, 77]],

[ 24, 65, 0,[ 0, 70, 89]],

[ 42, 65, 1,[ 64, 83, 17]],

[ 91, 65, 1,[ 52, 31, 26]],

[ 77, 65, 0,[ 80, 27, 57, 68, 88]],

[ 90, 65, 0,[ 71, 0, 78]],

[ 0, 65, 0,[ 3, 24, 13, 31, 44, 90, 73, 49, 2, 65, 66]],

[ 55, 65, 0,[ 15, 28, 98, 29]],

[ 11, 65, 0,[ 79, 63, 97, 18, 21, 87, 61]],

[ 63, 65, 0,[ 64, 54, 11]],

[ 3, 65, 0,[ 2, 82, 0, 59]],

[ 52, 65, 0,[ 91, 7, 2, 21]],

[ 17, 65, 0,[ 29, 42, 43, 93]],

[ 84, 65, 0,[ 33, 12, 38, 49, 92]],

[ 47, 65, 0,[ 18, 86, 94, 39, 56, 66]],

[ 41, 65, 0,[ 16, 6, 79, 48]],

[ 64, 65, 0,[ 9, 89, 63, 4, 42, 43]],

[ 35, 65, 0,[ 8, 7, 69, 33]],

[ 65, 65, 0,[ 85, 56, 53, 46, 20, 0]],

[ 80, 65, 0,[ 77, 76, 89]],

[ 39, 65, 1,[ 47, 75, 71, 29, 59, 48]],

[ 62, 65, 0,[ 60, 99, 10, 82, 6]],

[ 76, 65, 0,[ 9, 80, 58]],

[ 71, 65, 0,[ 72, 90, 39, 22]],

[ 32, 65, 0,[ 53, 75, 72]],

[ 38, 65, 0,[ 84, 23, 6]],

[ 87, 65, 0,[ 10, 8, 11]],

[ 48, 85, 1,[ 39, 58, 41]],

[ 56, 65, 0,[ 96, 65, 47]],

[ 53, 65, 0,[ 65, 58, 2, 32]],

[ 20, 65, 0,[ 13, 65, 81, 86]],

[ 73, 65, 0,[ 96, 0, 8]],

[ 97, 65, 0,[ 26, 79, 5, 19, 11, 43]],

[ 86, 65, 1,[ 20, 47, 10]],

[ 31, 65, 0,[ 66, 22, 7, 91, 0]],

[ 33, 65, 0,[ 84, 25, 94, 35]],

[ 50, 65, 0,[ 45, 96, 22, 81]],

[ 2, 65, 0,[ 53, 0, 88, 3, 89, 54, 79, 52, 99]],

