[ 85, 85, 0,[ 23, 40, 91]],

[ 73, 85, 0,[ 83, 11, 64, 53, 16, 8]],

[ 71, 85, 0,[ 70, 98, 90]],

[ 41, 85, 0,[ 62, 96, 2, 31]],

[ 99, 85, 0,[ 3, 32]],

[ 97, 85, 0,[ 79, 55, 20]],

[ 48, 85, 0,[ 13, 62, 10]],

[ 61, 85, 0,[ 12, 79, 86]],

[ 0, 75, 1,[ 12, 58, 83, 74, 86]],

[ 86, 85, 0,[ 0, 3, 61]],

[ 75, 85, 0,[ 59, 26, 15]],

[ 26, 5, 1,[ 75, 90, 2]],

[ 47, 85, 0,[ 9, 1, 88]],

[ 77, 85, 0,[ 68, 14, 80, 19, 43, 88]],

[ 91, 85, 0,[ 85, 83, 58]],

[ 79, 25, 1,[ 97, 61, 56]],

[ 35, 85, 0,[ 32, 7, 39]],

[ 13, 85, 0,[ 78, 74, 48, 40, 14]],

[ 63, 85, 0,[ 24, 94, 55]],

[ 6, 85, 0,[ 96, 69, 27]],

[ 89, 85, 0,[ 65, 72, 20]],

[ 58, 85, 0,[ 8, 91, 0, 17]],

[ 9, 85, 0,[ 87, 47, 94]],

[ 34, 85, 0,[ 82, 46]],

[ 37, 85, 0,[ 28, 81]],

[ 5, 85, 0,[ 80, 92, 94]],

[ 19, 85, 0,[ 49, 77, 66, 10]],

[ 1, 85, 0,[ 81, 23, 62, 47]],

[ 10, 85, 0,[ 48, 50, 22, 19]],

[ 11, 25, 1,[ 52, 73, 4, 59, 18]],

[ 16, 85, 0,[ 73, 92, 88]],

[ 18, 85, 0,[ 72, 93, 21, 11]],

[ 50, 85, 0,[ 10, 70, 17]],

[ 24, 85, 0,[ 51, 62, 63]],

[ 72, 85, 0,[ 98, 18, 76, 89, 21, 49, 96]],

[ 15, 85, 0,[ 98, 92, 51, 75, 2]],

[ 8, 85, 0,[ 73, 29, 58]],

[ 62, 85, 0,[ 41, 24, 1, 42, 48]],

[ 95, 85, 0,[ 33, 45, 38]],

[ 2, 5, 1,[ 26, 54, 15, 93, 41]],

[ 84, 85, 0,[ 56, 12, 68]],

[ 69, 85, 0,[ 4, 6, 45, 22]],

[ 94, 85, 0,[ 9, 52, 63, 5]],

[ 90, 85, 0,[ 53, 71, 26]],

[ 53, 85, 0,[ 82, 90, 38, 64, 73]],

[ 52, 85, 0,[ 11, 25, 94]],

[ 68, 75, 1,[ 84, 77, 60]],

[ 74, 85, 0,[ 13, 17, 40, 0]],

[ 40, 85, 0,[ 13, 85, 74]],

[ 23, 85, 0,[ 1, 85, 27, 3]],

[ 59, 85, 0,[ 46, 75, 11, 28]],

[ 78, 85, 0,[ 67, 25, 13]],

[ 83, 85, 0,[ 73, 0, 91]],

[ 32, 85, 0,[ 70, 29, 35, 99]],

[ 20, 85, 0,[ 89, 65, 97]],

[ 33, 85, 0,[ 80, 42, 95]],

[ 29, 85, 0,[ 56, 32, 8]],

[ 4, 15, 1,[ 36, 80, 69, 11]],

[ 76, 85, 0,[ 88, 7, 72, 44]],

[ 57, 85, 0,[ 36, 49, 80]],

[ 56, 85, 0,[ 79, 39, 30, 29, 84]],

[ 66, 85, 0,[ 39, 92, 19]],

[ 67, 85, 0,[ 78, 65, 7]],

[ 43, 85, 0,[ 77, 55, 14]],

[ 7, 75, 1,[ 67, 76, 51, 35, 22, 39]],

[ 51, 85, 0,[ 24, 7, 15]],

[ 46, 85, 0,[ 45, 34, 65, 59]],

[ 65, 85, 0,[ 89, 46, 67, 20]],

[ 25, 85, 0,[ 78, 31, 52]],

[ 81, 55, 1,[ 37, 1, 87]],

[ 88, 85, 0,[ 77, 16, 47, 76]],

[ 27, 85, 0,[ 6, 23, 30]],

[ 70, 85, 0,[ 64, 50, 71, 32]],

[ 60, 85, 0,[ 68, 87, 30]],

[ 22, 85, 0,[ 69, 10, 7]],

[ 14, 85, 0,[ 54, 43, 77, 13]],

[ 44, 85, 0,[ 31, 76, 17]],

[ 21, 85, 0,[ 18, 72, 93]],

[ 28, 85, 0,[ 59, 55, 37]],

[ 3, 85, 0,[ 23, 82, 86, 99, 54]],

[ 64, 85, 0,[ 53, 73, 70]],

[ 45, 85, 0,[ 46, 69, 95]],

[ 80, 85, 0,[ 33, 4, 5, 57, 77]],

[ 92, 85, 0,[ 5, 42, 16, 15, 66]],

[ 55, 85, 0,[ 28, 43, 63, 97]],

[ 87, 85, 0,[ 36, 9, 60, 81]],

[ 12, 85, 0,[ 61, 0, 84]],

[ 93, 85, 0,[ 21, 2, 18]],

[ 49, 85, 0,[ 57, 72, 19]],

[ 30, 85, 0,[ 27, 56, 60]],

[ 98, 85, 0,[ 15, 71, 72]],

[ 54, 25, 1,[ 2, 3, 14]],

[ 96, 85, 0,[ 6, 72, 41]],

[ 82, 85, 0,[ 3, 53, 34]],

[ 39, 85, 0,[ 56, 66, 35, 7]],

[ 42, 85, 0,[ 92, 62, 33]],

[ 38, 85, 0,[ 53, 95]],

[ 17, 85, 0,[ 74, 58, 50, 44]],

[ 31, 85, 0,[ 41, 25, 44]],

[ 36, 85, 0,[ 57, 4, 87]],

