[ 90, 25, 1,[ 51, 23, 58]],

[ 78, 5, 0,[ 49, 54, 48]],

[ 68, 5, 0,[ 4, 40, 53]],

[ 12, 5, 0,[ 95, 31, 37, 76]],

[ 55, 5, 0,[ 15, 59, 29]],

[ 42, 5, 0,[ 10, 9, 24]],

[ 64, 5, 0,[ 25, 75, 76]],

[ 75, 5, 0,[ 51, 18, 64, 67, 46, 20]],

[ 57, 75, 1,[ 65, 80, 93]],

[ 98, 35, 1,[ 76, 31, 88, 26]],

[ 33, 5, 0,[ 92, 30, 96]],

[ 21, 5, 0,[ 9, 5, 8, 32, 44]],

[ 74, 5, 0,[ 10, 82]],

[ 34, 5, 0,[ 83, 91, 73]],

[ 4, 5, 0,[ 41, 92, 68, 71, 86, 32]],

[ 86, 5, 0,[ 15, 4]],

[ 95, 65, 1,[ 89, 12, 13, 73]],

[ 45, 5, 0,[ 65, 94, 43, 44]],

[ 49, 5, 0,[ 27, 71, 78]],

[ 35, 5, 0,[ 72, 47, 7, 16, 25]],

[ 48, 45, 1,[ 2, 6, 78, 22]],

[ 99, 5, 0,[ 28, 7, 2]],

[ 7, 5, 0,[ 35, 99, 3, 50]],

[ 94, 5, 0,[ 17, 25, 45]],

[ 14, 5, 0,[ 2, 23, 31]],

[ 96, 5, 0,[ 33, 8, 59]],

[ 11, 5, 0,[ 20, 70]],

[ 71, 5, 0,[ 49, 4, 44]],

[ 81, 5, 0,[ 6, 85, 28]],

[ 31, 5, 0,[ 12, 46, 14, 98]],

[ 39, 25, 1,[ 24, 0, 41]],

[ 40, 5, 0,[ 68, 15, 83]],

[ 5, 5, 0,[ 67, 21, 24, 17, 30]],

[ 20, 5, 0,[ 63, 11, 75]],

[ 84, 5, 0,[ 1, 38, 43, 92]],

[ 59, 5, 0,[ 96, 55, 72, 16]],

[ 61, 5, 0,[ 43, 50, 1]],

[ 28, 5, 0,[ 81, 18, 99, 58]],

[ 58, 5, 0,[ 26, 90, 28]],

[ 30, 5, 0,[ 5, 33, 80]],

[ 3, 5, 0,[ 38, 65, 7]],

[ 56, 5, 0,[ 2, 80, 93]],

[ 60, 5, 0,[ 47, 63]],

[ 67, 5, 0,[ 75, 5, 73]],

[ 1, 5, 0,[ 87, 36, 61, 84]],

[ 62, 5, 0,[ 10, 52, 85]],

[ 26, 5, 0,[ 58, 98, 23]],

[ 70, 5, 0,[ 69, 22, 11]],

[ 37, 5, 0,[ 52, 16, 12]],

[ 79, 5, 0,[ 19, 43, 13]],

[ 83, 5, 0,[ 40, 66, 34]],

[ 41, 5, 0,[ 4, 97, 39, 32]],

[ 97, 5, 0,[ 19, 41, 38]],

[ 17, 5, 0,[ 5, 52, 94]],

[ 66, 5, 0,[ 83, 23, 53]],

[ 6, 5, 0,[ 48, 77, 81]],

[ 92, 5, 0,[ 4, 33, 84]],

[ 36, 5, 0,[ 47, 25, 1, 85]],

[ 18, 5, 0,[ 28, 19, 75]],

[ 24, 5, 0,[ 39, 5, 42]],

[ 50, 5, 0,[ 7, 38, 61]],

[ 15, 5, 0,[ 55, 86, 40]],

[ 44, 5, 0,[ 21, 88, 29, 45, 71, 46]],

[ 43, 5, 0,[ 84, 61, 79, 45]],

[ 87, 5, 0,[ 1, 29, 22]],

[ 16, 65, 1,[ 37, 59, 35]],

[ 19, 5, 0,[ 18, 79, 97, 80]],

[ 76, 5, 0,[ 12, 0, 89, 98, 82, 64]],

[ 38, 5, 0,[ 50, 0, 3, 97, 84]],

[ 54, 5, 0,[ 27, 13, 78]],

[ 53, 5, 0,[ 66, 51, 10, 68]],

[ 8, 5, 0,[ 96, 21, 2]],

[ 69, 5, 0,[ 51, 70, 91]],

[ 22, 55, 1,[ 48, 72, 87, 70]],

[ 47, 5, 0,[ 60, 35, 36]],

[ 13, 5, 0,[ 95, 79, 54]],

[ 2, 5, 0,[ 52, 48, 14, 56, 8, 99]],

[ 85, 5, 0,[ 62, 63, 36, 81]],

[ 82, 5, 0,[ 74, 52, 76]],

[ 88, 5, 0,[ 63, 44, 98]],

[ 51, 5, 0,[ 53, 90, 69, 75]],

[ 89, 5, 0,[ 95, 76, 77]],

[ 93, 5, 0,[ 57, 56]],

[ 32, 5, 0,[ 4, 21, 41]],

[ 63, 5, 0,[ 0, 88, 60, 85, 20]],

[ 73, 5, 0,[ 95, 67, 34]],

[ 29, 5, 0,[ 44, 91, 87, 55]],

[ 72, 5, 0,[ 35, 59, 22]],

[ 10, 5, 1,[ 53, 62, 42, 74]],

[ 52, 5, 0,[ 37, 2, 17, 25, 82, 62]],

[ 65, 5, 0,[ 3, 91, 57, 45]],

[ 9, 5, 0,[ 91, 21, 42]],

[ 25, 5, 0,[ 52, 36, 35, 94, 64]],

[ 0, 5, 0,[ 63, 38, 76, 39]],

[ 27, 5, 0,[ 49, 54, 77]],

[ 80, 5, 0,[ 57, 30, 19, 56]],

[ 91, 15, 1,[ 29, 69, 65, 9, 34]],

[ 23, 5, 0,[ 66, 26, 14, 90]],

[ 46, 5, 0,[ 75, 31, 44]],

[ 77, 5, 0,[ 6, 27, 89]],

