[ 76, 25, 1,[ 97, 55, 59, 11]],

[ 77, 35, 1,[ 84, 56, 14]],

[ 10, 15, 0,[ 58, 15]],

[ 1, 25, 1,[ 64, 15, 20]],

[ 53, 15, 0,[ 86, 12, 64]],

[ 50, 65, 1,[ 40, 95, 93, 89]],

[ 22, 15, 0,[ 52, 56, 17, 68]],

[ 68, 75, 1,[ 93, 89, 32, 22, 16]],

[ 65, 45, 1,[ 72, 62, 60]],

[ 36, 15, 0,[ 88, 43, 26]],

[ 80, 65, 1,[ 98, 6, 26]],

[ 37, 15, 0,[ 86, 39, 28]],

[ 99, 15, 1,[ 21, 85, 45, 41]],

[ 84, 35, 1,[ 16, 21, 77]],

[ 71, 15, 0,[ 15, 95, 19, 91]],

[ 33, 15, 0,[ 91, 81, 38, 45, 31, 40]],

[ 16, 15, 0,[ 42, 68, 84]],

[ 69, 15, 0,[ 39, 90, 34]],

[ 78, 95, 1,[ 87, 4, 96]],

[ 24, 15, 0,[ 34, 45, 9]],

[ 43, 5, 1,[ 57, 32, 51, 36]],

[ 52, 15, 1,[ 28, 22, 42, 13]],

[ 19, 15, 0,[ 71, 79]],

[ 3, 95, 1,[ 61, 59, 58]],

[ 92, 15, 1,[ 28, 82, 2]],

[ 8, 15, 1,[ 38, 46, 58]],

[ 44, 85, 1,[ 81, 79]],

[ 60, 15, 0,[ 2, 47, 65]],

[ 93, 15, 0,[ 67, 68, 50, 54, 41]],

[ 15, 95, 1,[ 10, 26, 1, 71]],

[ 88, 15, 0,[ 81, 36, 90]],

[ 98, 15, 0,[ 14, 97, 83, 80, 11]],

[ 35, 65, 1,[ 73, 75, 29]],

[ 20, 15, 1,[ 72, 96, 1, 63]],

[ 42, 15, 0,[ 16, 52]],

[ 17, 15, 0,[ 22, 94, 14]],

[ 25, 15, 0,[ 45, 91, 62]],

[ 31, 15, 0,[ 73, 5, 33]],

[ 55, 75, 1,[ 76, 54, 28]],

[ 29, 25, 1,[ 35, 13, 87]],

[ 96, 95, 1,[ 32, 20, 78, 90]],

[ 27, 15, 0,[ 57, 74, 41]],

[ 83, 15, 0,[ 13, 11, 72, 98]],

[ 62, 15, 1,[ 25, 65, 6]],

[ 81, 15, 1,[ 44, 88, 33]],

[ 54, 15, 1,[ 9, 93, 55]],

[ 9, 5, 1,[ 94, 4, 54, 24]],

[ 75, 15, 0,[ 35, 51, 67]],

[ 41, 15, 0,[ 51, 12, 99, 27, 93]],

[ 74, 15, 0,[ 28, 59, 13, 27]],

[ 73, 15, 0,[ 31, 79, 35]],

[ 39, 15, 0,[ 37, 69, 18, 21]],

[ 91, 15, 0,[ 25, 33, 85, 71]],

[ 2, 15, 1,[ 87, 60, 92, 7]],

[ 94, 65, 1,[ 9, 46, 18, 17]],

[ 58, 15, 1,[ 8, 10, 3]],

[ 66, 35, 1,[ 32, 67, 49, 48]],

[ 6, 35, 1,[ 62, 80, 28]],

[ 59, 15, 0,[ 3, 74, 76]],

[ 7, 5, 1,[ 2, 34]],

[ 64, 35, 1,[ 30, 1, 53]],

[ 90, 15, 0,[ 69, 30, 88, 96, 85]],

[ 5, 45, 1,[ 57, 34, 31]],

[ 12, 15, 1,[ 53, 63, 41]],

[ 70, 15, 0,[ 26, 79, 30]],

[ 61, 95, 1,[ 3, 72]],

[ 47, 15, 0,[ 0, 72, 4, 60]],

[ 40, 55, 1,[ 33, 50, 86]],

[ 18, 15, 0,[ 39, 94, 97]],

[ 48, 15, 0,[ 66, 26, 82]],

[ 56, 15, 0,[ 22, 0, 77]],

[ 26, 95, 1,[ 49, 15, 36, 48, 70, 80]],

[ 34, 5, 1,[ 5, 24, 7, 69]],

[ 85, 15, 0,[ 90, 91, 99]],

[ 38, 15, 0,[ 51, 33, 8]],

[ 79, 15, 1,[ 73, 97, 70, 44, 19]],

[ 13, 15, 1,[ 82, 63, 74, 83, 29, 52]],

[ 49, 95, 1,[ 26, 95, 4, 66]],

[ 45, 15, 0,[ 25, 23, 33, 99, 24]],

[ 46, 95, 1,[ 89, 94, 8]],

[ 0, 15, 1,[ 87, 47, 56]],

[ 51, 15, 0,[ 38, 75, 41, 43]],

[ 21, 15, 0,[ 99, 39, 84]],

[ 4, 95, 1,[ 49, 9, 47, 78]],

[ 89, 95, 1,[ 30, 68, 46, 50]],

[ 30, 15, 0,[ 90, 70, 64, 89]],

[ 82, 15, 0,[ 92, 13, 48]],

[ 57, 15, 0,[ 27, 5, 43]],

[ 32, 15, 0,[ 68, 43, 96, 66]],

[ 11, 15, 1,[ 98, 83, 76]],

[ 14, 15, 0,[ 17, 77, 98]],

[ 63, 15, 0,[ 20, 12, 13]],

[ 28, 75, 1,[ 23, 37, 52, 55, 74, 6, 92]],

[ 87, 15, 0,[ 29, 0, 23, 78, 2]],

[ 23, 15, 0,[ 45, 28, 87]],

[ 72, 15, 0,[ 83, 65, 20, 47, 61]],

[ 67, 55, 1,[ 66, 93, 75]],

[ 97, 15, 1,[ 98, 79, 76, 18]],

[ 86, 15, 0,[ 40, 37, 53]],

[ 95, 15, 0,[ 49, 50, 71]],

