[ 63, 15, 0,[ 1, 38, 54, 11]],

[ 23, 15, 0,[ 90, 74, 66, 73]],

[ 0, 15, 0,[ 55, 44, 59, 3]],

[ 3, 15, 0,[ 0, 68, 72]],

[ 98, 15, 1,[ 43, 52, 11]],

[ 39, 15, 1,[ 40, 68, 64]],

[ 44, 15, 0,[ 0, 18, 68]],

[ 88, 15, 0,[ 51, 13, 21, 2]],

[ 85, 15, 0,[ 77, 40, 18, 56]],

[ 59, 15, 0,[ 22, 0, 42]],

[ 77, 15, 0,[ 31, 85, 46, 67, 66]],

[ 12, 15, 0,[ 80, 21]],

[ 99, 15, 0,[ 14, 48, 71]],

[ 62, 15, 0,[ 53, 60, 65]],

[ 48, 15, 1,[ 99, 60, 71, 15]],

[ 96, 15, 0,[ 82, 17, 73]],

[ 92, 15, 0,[ 82, 49, 94, 84]],

[ 26, 15, 0,[ 65, 79, 6]],

[ 65, 15, 0,[ 46, 56, 26, 62]],

[ 38, 15, 0,[ 63, 21, 94]],

[ 52, 15, 0,[ 41, 43, 69, 98, 2]],

[ 29, 15, 0,[ 57, 93, 6]],

[ 47, 15, 0,[ 86, 71, 60]],

[ 10, 55, 1,[ 14, 54, 20, 80]],

[ 83, 15, 0,[ 28, 45]],

[ 31, 15, 0,[ 74, 61, 77, 87, 42]],

[ 61, 15, 0,[ 27, 17, 31]],

[ 71, 15, 0,[ 47, 48, 99]],

[ 76, 15, 0,[ 34, 50, 9]],

[ 67, 15, 0,[ 64, 77, 21]],

[ 53, 15, 0,[ 4, 62, 60, 42]],

[ 74, 15, 0,[ 37, 23, 31, 57, 49]],

[ 15, 15, 0,[ 35, 27, 48]],

[ 49, 15, 0,[ 28, 92, 74]],

[ 46, 15, 0,[ 77, 56, 65]],

[ 64, 15, 0,[ 39, 67, 11]],

[ 32, 15, 0,[ 72, 22, 75]],

[ 22, 15, 0,[ 59, 14, 89, 32, 50]],

[ 68, 15, 0,[ 4, 3, 40, 44, 39]],

[ 7, 15, 0,[ 35, 78, 1]],

[ 58, 15, 0,[ 27, 20, 41]],

[ 60, 15, 0,[ 18, 53, 17, 47, 62, 48]],

[ 13, 15, 0,[ 25, 88, 21]],

[ 42, 5, 1,[ 59, 31, 53]],

[ 43, 15, 0,[ 52, 97, 98]],

[ 90, 15, 0,[ 23, 81, 25]],

[ 18, 15, 0,[ 60, 85, 44]],

[ 17, 15, 0,[ 93, 96, 60, 8, 16, 61]],

[ 87, 15, 0,[ 30, 31, 11]],

[ 9, 15, 0,[ 55, 73, 34, 76]],

[ 8, 15, 0,[ 17, 84, 35]],

[ 16, 95, 1,[ 78, 17, 89]],

[ 30, 15, 0,[ 87, 4, 56]],

[ 66, 15, 0,[ 77, 75, 23]],

[ 51, 15, 0,[ 25, 88]],

[ 73, 15, 0,[ 9, 23, 96]],

[ 6, 15, 0,[ 24, 29, 26]],

[ 37, 15, 0,[ 74, 45, 5]],

[ 93, 15, 0,[ 1, 29, 17]],

[ 34, 15, 0,[ 76, 82, 72, 9]],

[ 5, 15, 0,[ 19, 97, 37]],

[ 70, 15, 0,[ 72, 69, 86]],

[ 19, 15, 1,[ 54, 91, 5]],

[ 25, 15, 0,[ 51, 90, 13]],

[ 57, 45, 1,[ 74, 29]],

[ 91, 15, 0,[ 14, 54, 19]],

[ 40, 15, 0,[ 68, 75, 69, 85, 39]],

[ 2, 15, 0,[ 86, 20, 52, 88]],

[ 28, 15, 0,[ 83, 49, 24]],

[ 86, 25, 1,[ 47, 70, 2]],

[ 20, 15, 0,[ 10, 2, 58]],

[ 50, 15, 0,[ 81, 22, 76, 69, 79]],

[ 84, 15, 0,[ 8, 33, 92]],

[ 80, 15, 0,[ 12, 10, 24]],

[ 55, 15, 0,[ 9, 41, 0]],

[ 14, 15, 0,[ 91, 22, 99, 10]],

[ 89, 15, 0,[ 22, 16, 27]],

[ 36, 15, 0,[ 94, 4, 75]],

[ 95, 15, 0,[ 27, 33, 79]],

[ 33, 15, 0,[ 75, 84, 95]],

[ 81, 15, 0,[ 90, 50, 79]],

[ 97, 15, 0,[ 43, 11, 5]],

[ 82, 15, 0,[ 34, 92, 96]],

[ 1, 15, 0,[ 7, 45, 63, 93]],

[ 24, 15, 0,[ 80, 6, 28]],

[ 41, 15, 0,[ 58, 55, 52]],

[ 94, 15, 0,[ 36, 38, 92]],

[ 79, 15, 0,[ 95, 26, 50, 81]],

[ 45, 15, 0,[ 21, 37, 83, 1]],

[ 4, 15, 0,[ 68, 30, 36, 53]],

[ 78, 15, 0,[ 54, 7, 16]],

[ 69, 45, 1,[ 40, 70, 52, 50]],

[ 35, 15, 0,[ 8, 7, 15]],

[ 72, 15, 0,[ 70, 32, 34, 3]],

[ 21, 15, 0,[ 13, 88, 12, 45, 67, 38]],

[ 54, 15, 0,[ 63, 78, 10, 91, 19]],

[ 11, 15, 0,[ 63, 64, 87, 97, 98]],

[ 75, 15, 0,[ 66, 32, 33, 36, 40]],

[ 27, 15, 0,[ 61, 58, 95, 89, 15]],

[ 56, 15, 0,[ 46, 65, 30, 85]],

