[ 62, 35, 0,[ 6, 82, 99]],

[ 25, 35, 0,[ 68, 39, 53]],

[ 23, 35, 0,[ 45, 37, 48, 89]],

[ 40, 35, 0,[ 13, 57, 50, 68]],

[ 65, 35, 0,[ 87, 56, 10, 20, 0, 53]],

[ 14, 35, 0,[ 8, 54, 37]],

[ 91, 35, 0,[ 85, 88, 76, 26]],

[ 88, 35, 0,[ 91, 81, 16]],

[ 64, 35, 0,[ 87, 6, 34]],

[ 89, 35, 0,[ 23, 16, 80]],

[ 56, 35, 0,[ 65, 47, 55, 96]],

[ 90, 35, 0,[ 81, 78, 20]],

[ 71, 35, 0,[ 35, 22, 51]],

[ 2, 85, 1,[ 33, 0, 3]],

[ 24, 35, 0,[ 59, 70, 58, 98]],

[ 43, 35, 0,[ 97, 17, 75]],

[ 34, 35, 0,[ 64, 7, 30, 66]],

[ 78, 35, 0,[ 29, 90]],

[ 8, 35, 0,[ 69, 85, 42, 46, 4, 14]],

[ 36, 35, 0,[ 93, 4, 28, 57]],

[ 10, 35, 0,[ 65, 21, 52, 99]],

[ 54, 35, 1,[ 19, 14, 35, 57]],

[ 50, 35, 0,[ 40, 61, 60]],

[ 0, 35, 1,[ 6, 2, 65]],

[ 12, 35, 0,[ 83, 92, 84]],

[ 99, 35, 0,[ 10, 7, 62]],

[ 61, 35, 0,[ 50, 81, 13]],

[ 75, 35, 0,[ 94, 33, 85, 43]],

[ 74, 35, 0,[ 70, 4, 72, 21]],

[ 6, 35, 0,[ 62, 0, 41, 64]],

[ 15, 35, 0,[ 37, 7, 45]],

[ 16, 35, 0,[ 89, 35, 41, 88]],

[ 29, 35, 0,[ 78, 32, 49]],

[ 7, 25, 1,[ 99, 15, 31, 34]],

[ 52, 35, 0,[ 41, 72, 10]],

[ 92, 35, 0,[ 69, 12, 94]],

[ 5, 35, 0,[ 1, 68, 84]],

[ 21, 35, 0,[ 32, 74, 11, 51, 10]],

[ 42, 35, 0,[ 38, 80, 1, 46, 8]],

[ 46, 35, 0,[ 8, 42, 58]],

[ 80, 35, 0,[ 93, 42, 89]],

[ 39, 35, 0,[ 51, 25, 38]],

[ 18, 35, 0,[ 57, 11, 95]],

[ 98, 35, 0,[ 30, 47, 24, 31]],

[ 26, 85, 1,[ 93, 13, 97, 91]],

[ 72, 35, 0,[ 41, 74, 52]],

[ 48, 35, 0,[ 67, 76, 86, 23]],

[ 82, 35, 0,[ 79, 81, 83, 62]],

[ 83, 35, 0,[ 12, 95, 82]],

[ 70, 35, 0,[ 49, 74, 24]],

[ 68, 5, 1,[ 77, 95, 5, 40, 25]],

[ 45, 35, 0,[ 51, 15, 23, 63]],

[ 53, 35, 0,[ 25, 86, 65, 19]],

[ 9, 25, 1,[ 63, 60]],

[ 51, 35, 0,[ 21, 39, 71, 45]],

[ 93, 35, 0,[ 80, 36, 26, 60, 84, 17]],

[ 97, 35, 0,[ 43, 81, 26]],

[ 77, 35, 0,[ 22, 68, 11]],

[ 37, 35, 0,[ 14, 23, 15]],

[ 86, 35, 0,[ 53, 48, 38, 59]],

[ 95, 35, 0,[ 68, 18, 83]],

[ 31, 35, 0,[ 98, 7, 66]],

[ 1, 35, 0,[ 5, 42, 20, 17]],

[ 4, 35, 0,[ 8, 36, 74]],

[ 30, 35, 0,[ 79, 98, 34, 87]],

[ 73, 35, 0,[ 32, 96, 79]],

[ 94, 35, 0,[ 75, 92, 47, 44]],

[ 55, 35, 0,[ 56, 33, 19]],

[ 59, 35, 0,[ 86, 47, 24]],

[ 47, 35, 0,[ 56, 94, 59, 66, 98]],

[ 35, 35, 0,[ 16, 71, 54]],

[ 28, 35, 0,[ 49, 63, 36]],

[ 76, 35, 0,[ 91, 48, 96]],

[ 44, 35, 0,[ 49, 94, 58]],

[ 67, 35, 0,[ 48, 3, 22]],

[ 41, 35, 0,[ 52, 79, 16, 72, 6]],

[ 32, 35, 0,[ 73, 29, 21]],

[ 13, 35, 0,[ 40, 61, 26]],

[ 84, 35, 0,[ 12, 5, 93]],

[ 58, 35, 0,[ 44, 24, 46]],

[ 22, 35, 0,[ 77, 71, 67]],

[ 11, 55, 1,[ 17, 21, 18, 77]],

[ 38, 35, 0,[ 86, 27, 42, 39]],

[ 60, 35, 0,[ 9, 50, 93]],

[ 3, 35, 0,[ 2, 63, 67]],

[ 79, 25, 1,[ 30, 82, 41, 73]],

[ 17, 35, 0,[ 93, 1, 11, 43]],

[ 20, 35, 0,[ 90, 1, 65, 69]],

[ 85, 35, 0,[ 8, 75, 91, 66]],

[ 57, 35, 0,[ 54, 40, 18, 36]],

[ 96, 35, 0,[ 73, 56, 81, 76]],

[ 19, 35, 0,[ 54, 55, 53]],

[ 63, 35, 0,[ 28, 3, 9, 45]],

[ 81, 35, 1,[ 87, 88, 97, 82, 90, 96, 61]],

[ 33, 35, 0,[ 2, 75, 55]],

[ 66, 35, 0,[ 31, 47, 85, 34]],

[ 49, 35, 0,[ 27, 29, 28, 44, 70]],

[ 27, 35, 0,[ 69, 49, 38]],

[ 69, 35, 0,[ 20, 92, 8, 27]],

[ 87, 35, 0,[ 30, 81, 64, 65]],

