[ 59, 5, 1,[ 42, 88, 74]],

[ 45, 45, 1,[ 64, 44, 42]],

[ 10, 45, 0,[ 17, 67, 72]],

[ 67, 45, 0,[ 76, 86, 10]],

[ 82, 5, 1,[ 30, 70, 68, 49, 73, 50, 20, 38]],

[ 57, 5, 1,[ 75, 60, 13]],

[ 47, 35, 1,[ 31, 11, 27, 55]],

[ 4, 45, 0,[ 39, 41, 98, 94]],

[ 79, 45, 0,[ 99, 52, 30]],

[ 46, 5, 1,[ 66, 39, 24]],

[ 54, 5, 0,[ 38, 48, 7]],

[ 89, 25, 0,[ 39]],

[ 21, 55, 1,[ 60, 24, 32]],

[ 6, 45, 0,[ 3, 78, 37]],

[ 92, 45, 0,[ 97, 43, 17, 70, 98]],

[ 72, 15, 1,[ 10, 73, 60]],

[ 44, 45, 0,[ 45, 41, 99]],

[ 25, 65, 1,[ 18, 69, 27]],

[ 73, 15, 1,[ 72, 82, 97, 51]],

[ 96, 45, 0,[ 58, 13, 5]],

[ 19, 45, 1,[ 64, 31, 33, 37]],

[ 74, 45, 1,[ 65, 16, 59]],

[ 80, 45, 0,[ 0, 66, 15, 16]],

[ 53, 45, 1,[ 23, 99]],

[ 18, 45, 1,[ 56, 41, 85, 25]],

[ 91, 65, 1,[ 77, 94, 64]],

[ 41, 45, 1,[ 18, 44, 36, 34, 22, 4, 90]],

[ 62, 45, 0,[ 77, 52, 71]],

[ 55, 35, 0,[ 85, 47, 48]],

[ 7, 5, 0,[ 83, 93, 54]],

[ 75, 5, 1,[ 64, 3, 57]],

[ 22, 75, 1,[ 93, 33, 41]],

[ 81, 45, 0,[ 49, 40, 17]],

[ 14, 35, 1,[ 97, 26, 32, 23]],

[ 98, 45, 1,[ 85, 92, 4]],

[ 16, 45, 1,[ 80, 12, 74, 29]],

[ 9, 45, 0,[ 78, 48]],

[ 48, 75, 1,[ 39, 9, 55, 54]],

[ 85, 75, 1,[ 55, 18, 63, 98]],

[ 94, 45, 0,[ 34, 4, 91]],

[ 65, 45, 0,[ 42, 74, 63]],

[ 40, 45, 0,[ 5, 83, 81, 50]],

[ 49, 45, 0,[ 81, 82]],

[ 90, 95, 1,[ 41, 23, 69]],

[ 27, 65, 1,[ 47, 25, 5]],

[ 2, 45, 0,[ 77, 26, 56, 97, 61]],

[ 71, 55, 1,[ 62, 95, 17]],

[ 17, 45, 0,[ 10, 71, 81, 33, 92]],

[ 87, 45, 1,[ 26, 1, 61]],

[ 50, 45, 0,[ 40, 30, 82]],

[ 58, 45, 0,[ 30, 96, 0]],

[ 95, 45, 1,[ 71, 78, 70]],

[ 66, 45, 0,[ 46, 80, 35, 1]],

[ 35, 45, 0,[ 93, 66, 28]],

[ 1, 45, 0,[ 66, 68, 87]],

[ 88, 45, 1,[ 29, 13, 42, 59]],

[ 99, 45, 0,[ 79, 53, 44, 8]],

[ 3, 75, 0,[ 6, 69, 75]],

[ 28, 45, 0,[ 52, 86, 35, 20]],

[ 84, 45, 0,[ 68, 51, 56]],

[ 15, 45, 0,[ 80, 11]],

[ 12, 45, 0,[ 51, 30, 16]],

[ 77, 45, 0,[ 20, 91, 2, 62]],

[ 29, 45, 0,[ 88, 16, 43]],

[ 26, 95, 0,[ 2, 60, 14, 87]],

[ 23, 75, 1,[ 90, 53, 14]],

[ 76, 55, 0,[ 67, 32, 24]],

[ 51, 45, 1,[ 73, 12, 84]],

[ 38, 5, 1,[ 82, 54]],

[ 33, 45, 1,[ 22, 19, 17]],

[ 11, 45, 0,[ 47, 15, 93]],

[ 78, 45, 0,[ 95, 9, 6]],

[ 93, 45, 0,[ 11, 22, 35, 7]],

[ 56, 75, 1,[ 84, 18, 2]],

[ 69, 65, 1,[ 31, 90, 3, 25]],

[ 8, 45, 0,[ 42, 99]],

[ 64, 45, 0,[ 75, 45, 19, 36, 91]],

[ 0, 45, 0,[ 80, 36, 58]],

[ 37, 45, 1,[ 19, 86, 6]],

[ 20, 45, 0,[ 77, 82, 28]],

[ 60, 85, 1,[ 72, 52, 26, 57, 21]],

[ 43, 45, 0,[ 83, 92, 29]],

[ 70, 85, 1,[ 82, 95, 92]],

[ 30, 45, 1,[ 82, 58, 79, 61, 12, 50]],

[ 52, 45, 0,[ 62, 28, 60, 42, 79]],

[ 63, 55, 1,[ 85, 65, 24]],

[ 36, 45, 1,[ 41, 0, 64]],

[ 31, 45, 1,[ 19, 69, 47]],

[ 13, 45, 1,[ 57, 88, 96]],

[ 42, 15, 1,[ 88, 8, 45, 65, 52, 59]],

[ 61, 15, 1,[ 2, 30, 87]],

[ 24, 55, 1,[ 21, 83, 76, 46, 63]],

[ 5, 45, 0,[ 96, 40, 27]],

[ 32, 55, 1,[ 14, 76, 21]],

[ 97, 45, 0,[ 14, 73, 92, 2]],

[ 86, 45, 1,[ 37, 67, 28]],

[ 83, 45, 1,[ 43, 7, 40, 24]],

[ 39, 45, 1,[ 89, 4, 48, 46]],

[ 34, 45, 0,[ 41, 94]],

[ 68, 45, 0,[ 84, 82, 1]],

