[ 62, 55, 0,[ 59, 99, 82]],

[ 94, 55, 0,[ 33, 79, 21]],

[ 36, 55, 0,[ 66, 7, 28, 4]],

[ 13, 55, 0,[ 20, 52, 0, 95]],

[ 59, 55, 0,[ 55, 62, 49]],

[ 52, 55, 0,[ 91, 13, 35]],

[ 84, 55, 0,[ 92, 33, 23]],

[ 43, 55, 0,[ 78, 38, 2]],

[ 5, 55, 0,[ 53, 73, 99]],

[ 66, 55, 0,[ 61, 27, 31, 47, 36]],

[ 76, 55, 0,[ 50, 64, 83]],

[ 89, 55, 0,[ 80, 67, 85, 64, 24, 7]],

[ 12, 55, 0,[ 92, 95, 1]],

[ 4, 55, 0,[ 3, 44, 85, 64, 36]],

[ 35, 55, 0,[ 69, 52, 33, 8, 16]],

[ 6, 55, 0,[ 96, 41, 54, 40]],

[ 27, 55, 0,[ 66, 28, 15]],

[ 85, 55, 0,[ 46, 89, 4]],

[ 57, 55, 0,[ 9, 22, 63]],

[ 77, 55, 0,[ 24, 22, 46]],

[ 33, 55, 0,[ 94, 35, 84, 42]],

[ 10, 55, 1,[ 54, 38, 82]],

[ 82, 55, 0,[ 62, 32, 10, 3]],

[ 75, 55, 0,[ 64, 32, 48]],

[ 96, 55, 0,[ 50, 6, 56, 48, 73, 81]],

[ 81, 55, 0,[ 37, 99, 96, 50]],

[ 9, 55, 0,[ 58, 60, 57]],

[ 19, 35, 1,[ 98, 22, 87]],

[ 93, 55, 0,[ 26, 91, 95, 17]],

[ 73, 55, 0,[ 5, 90, 96]],

[ 53, 55, 0,[ 39, 40, 5]],

[ 2, 55, 0,[ 30, 47, 43]],

[ 83, 55, 0,[ 51, 76, 20]],

[ 98, 5, 1,[ 32, 72, 29, 19]],

[ 61, 55, 0,[ 63, 66, 38, 71]],

[ 18, 55, 0,[ 72, 67]],

[ 80, 55, 0,[ 87, 89]],

[ 21, 55, 0,[ 88, 94, 11]],

[ 30, 55, 0,[ 2, 58, 34]],

[ 7, 55, 0,[ 89, 36, 11]],

[ 26, 55, 0,[ 93, 40, 79]],

[ 72, 55, 0,[ 23, 51, 98, 18]],

[ 23, 55, 0,[ 72, 20, 48, 84]],

[ 8, 55, 0,[ 51, 35, 14]],

[ 58, 55, 0,[ 79, 9, 44, 30, 46]],

[ 45, 55, 0,[ 44, 50, 69]],

[ 71, 55, 0,[ 50, 95, 61]],

[ 87, 55, 0,[ 80, 19, 28, 11]],

[ 70, 55, 0,[ 56, 1, 15, 60]],

[ 44, 55, 0,[ 58, 0, 45, 4, 68]],

[ 38, 55, 1,[ 97, 61, 10, 43]],

[ 88, 55, 0,[ 91, 24, 21, 49]],

[ 63, 55, 0,[ 54, 57, 61]],

[ 79, 55, 0,[ 97, 58, 41, 26, 11, 94]],

[ 74, 55, 1,[ 69, 1, 55]],

[ 42, 55, 0,[ 16, 33, 17]],

[ 40, 55, 0,[ 26, 49, 6, 53]],

[ 54, 55, 0,[ 14, 10, 6, 63]],

[ 20, 55, 0,[ 23, 86, 13, 95, 83]],

[ 29, 55, 0,[ 98, 17, 48]],

[ 91, 55, 0,[ 88, 93, 52]],

[ 34, 55, 0,[ 22, 47, 30, 46]],

[ 48, 55, 1,[ 68, 96, 23, 29, 65, 75, 25]],

[ 78, 55, 0,[ 43, 41, 92, 90]],

[ 95, 55, 0,[ 12, 93, 20, 13, 90, 71]],

[ 51, 55, 0,[ 86, 83, 72, 8]],

[ 11, 55, 0,[ 7, 21, 87, 79]],

[ 16, 35, 1,[ 0, 55, 35, 42, 37]],

[ 17, 55, 0,[ 93, 29, 42, 25, 97]],

[ 31, 55, 0,[ 66, 55, 0]],

[ 90, 55, 0,[ 73, 95, 78]],

[ 3, 55, 0,[ 4, 82, 0, 60]],

[ 99, 55, 0,[ 5, 81, 62]],

[ 32, 55, 0,[ 82, 98, 75]],

[ 39, 25, 1,[ 53, 0]],

[ 41, 55, 0,[ 79, 6, 78]],

[ 37, 55, 0,[ 15, 16, 81]],

[ 86, 55, 0,[ 67, 51, 20]],

[ 50, 55, 0,[ 76, 71, 22, 81, 45, 96]],

[ 25, 55, 1,[ 17, 48, 68]],

[ 14, 55, 0,[ 8, 54]],

[ 64, 55, 0,[ 76, 75, 89, 4]],

[ 55, 55, 0,[ 31, 59, 16, 74]],

[ 60, 55, 0,[ 9, 70, 3]],

[ 69, 55, 0,[ 45, 35, 74]],

[ 47, 55, 0,[ 2, 34, 66]],

[ 15, 55, 0,[ 27, 70, 92, 37]],

[ 49, 55, 0,[ 88, 40, 59]],

[ 97, 55, 0,[ 38, 79, 17]],

[ 67, 55, 0,[ 89, 18, 86]],

[ 22, 45, 1,[ 34, 19, 77, 50, 57]],

[ 1, 55, 0,[ 70, 74, 12]],

[ 92, 55, 0,[ 12, 78, 84, 15]],

[ 28, 55, 0,[ 27, 36, 87]],

[ 0, 55, 0,[ 44, 39, 3, 16, 65, 13, 31]],

[ 46, 55, 0,[ 85, 34, 58, 77]],

[ 24, 55, 0,[ 77, 89, 88]],

[ 56, 55, 0,[ 96, 70, 65]],

[ 65, 55, 0,[ 0, 56, 48]],

[ 68, 55, 0,[ 44, 25, 48]],

