[ 54, 25, 0,[ 83, 9, 81]],

[ 24, 25, 0,[ 47, 30, 1, 6]],

[ 55, 25, 0,[ 65, 66, 70]],

[ 93, 25, 0,[ 69, 95]],

[ 60, 75, 0,[ 26, 32, 96]],

[ 32, 75, 0,[ 94, 49, 60, 26, 44]],

[ 77, 25, 0,[ 0, 74, 37]],

[ 86, 25, 0,[ 96, 66, 51]],

[ 36, 25, 0,[ 96, 7, 66]],

[ 61, 25, 0,[ 82, 44, 2]],

[ 0, 25, 1,[ 65, 98, 27, 77, 56, 33]],

[ 97, 25, 0,[ 50, 72, 96, 29, 82]],

[ 87, 25, 0,[ 57]],

[ 6, 25, 0,[ 24, 73]],

[ 70, 25, 0,[ 85, 55, 26, 39]],

[ 37, 25, 0,[ 77]],

[ 43, 25, 0,[ 62]],

[ 52, 25, 0,[ 84, 26, 7, 57]],

[ 83, 25, 0,[ 59, 80, 54, 51]],

[ 17, 25, 0,[ 81, 74, 75]],

[ 42, 35, 0,[ 64, 31, 94, 88, 2]],

[ 33, 25, 0,[ 58, 0, 85]],

[ 76, 25, 0,[ 7, 58, 29, 26]],

[ 99, 25, 0,[ 2, 92, 19]],

[ 34, 25, 0,[ 4, 2, 30]],

[ 10, 25, 0,[ 35, 65, 44, 13]],

[ 41, 25, 0,[ 68, 96]],

[ 14, 25, 0,[ 81, 91, 12]],

[ 51, 25, 0,[ 83, 88, 86]],

[ 90, 25, 0,[ 49, 4, 44, 25]],

[ 4, 25, 0,[ 11, 34, 90]],

[ 82, 25, 0,[ 11, 97, 61, 96]],

[ 35, 25, 0,[ 15, 10, 22]],

[ 73, 25, 0,[ 7, 6]],

[ 44, 25, 1,[ 22, 32, 90, 10, 78, 81, 66, 61]],

[ 3, 25, 0,[ 71, 78]],

[ 40, 25, 0,[ 38, 75, 7, 31]],

[ 45, 25, 0,[ 15, 71, 62]],

[ 8, 25, 0,[ 12, 11, 26]],

[ 53, 25, 0,[]],

[ 69, 25, 0,[ 81, 56, 93, 79]],

[ 1, 25, 0,[ 24, 81, 48]],

[ 81, 5, 1,[ 98, 14, 25, 69, 44, 54, 1, 17, 22, 9]],

[ 79, 15, 1,[ 85, 12, 69, 48, 28, 23, 11, 63, 26, 72]],

[ 85, 25, 0,[ 79, 33, 70, 27, 67]],

[ 15, 25, 0,[ 57, 35, 45]],

[ 30, 25, 0,[ 24, 34, 95]],

[ 21, 75, 0,[ 26]],

[ 48, 25, 0,[ 79, 23, 16, 1]],

[ 9, 25, 0,[ 81, 54, 67]],

[ 72, 25, 0,[ 79, 97, 18]],

[ 78, 25, 0,[ 3, 89, 11, 44, 2]],

[ 89, 25, 0,[ 78, 7, 65]],

[ 13, 25, 0,[ 26, 10, 50]],

[ 11, 55, 1,[ 92, 59, 82, 79, 8, 78, 4]],

[ 29, 25, 0,[ 97, 76]],

[ 75, 25, 0,[ 40, 17, 31]],

[ 7, 55, 1,[ 94, 40, 36, 52, 76, 89, 62, 84, 73, 74, 20, 64]],

[ 95, 25, 0,[ 93, 65, 30]],

[ 31, 25, 0,[ 40, 75, 42]],

[ 26, 75, 1,[ 49, 23, 32, 21, 52, 91, 70, 13, 5, 60, 76, 67, 27, 79, 8]],

[ 22, 25, 0,[ 81, 44, 35]],

[ 18, 25, 0,[ 72]],

[ 68, 25, 0,[ 58, 5, 41]],

[ 98, 25, 0,[ 81, 71, 0]],

[ 59, 25, 0,[ 11, 83, 25]],

[ 71, 25, 0,[ 45, 3, 98]],

[ 65, 95, 1,[ 95, 89, 10, 88, 0, 55, 47, 46]],

[ 46, 25, 0,[ 57, 23, 65]],

[ 64, 35, 0,[ 42, 7]],

[ 91, 25, 0,[ 16, 63, 26, 14, 19]],

[ 92, 25, 0,[ 74, 11, 99]],

[ 96, 5, 1,[ 86, 39, 60, 41, 97, 82, 36, 16]],

[ 56, 25, 0,[ 0, 2, 69]],

[ 19, 25, 0,[ 99, 91]],

[ 62, 25, 0,[ 45, 43, 7, 84]],

[ 39, 25, 0,[ 96, 80, 70]],

[ 2, 35, 1,[ 88, 61, 34, 42, 78, 99, 56]],

[ 27, 25, 0,[ 26, 20, 5, 0, 85]],

[ 5, 25, 0,[ 26, 68, 27]],

[ 28, 25, 0,[ 84, 74, 79]],

[ 38, 25, 0,[ 40]],

[ 80, 25, 0,[ 83, 39, 63]],

[ 25, 25, 0,[ 81, 90, 59]],

[ 23, 25, 0,[ 79, 48, 46, 26]],

[ 66, 25, 0,[ 36, 44, 86, 55]],

[ 49, 75, 0,[ 90, 32, 26]],

[ 88, 35, 0,[ 2, 42, 65, 51]],

[ 84, 25, 0,[ 28, 62, 7, 52]],

[ 63, 25, 0,[ 80, 91, 79]],

[ 16, 25, 0,[ 96, 48, 91]],

[ 58, 25, 0,[ 76, 33, 68]],

[ 57, 25, 0,[ 52, 87, 46, 15]],

[ 50, 25, 0,[ 13, 97]],

[ 20, 25, 0,[ 27, 12, 7]],

[ 74, 25, 0,[ 17, 28, 7, 92, 77]],

[ 94, 55, 0,[ 7, 42, 32]],

[ 12, 25, 0,[ 20, 14, 8, 79]],

[ 47, 25, 0,[ 65, 24]],

[ 67, 25, 0,[ 9, 85, 26]],

