[ 83, 85, 0,[ 54, 63, 26, 79]],

[ 92, 75, 1,[ 25, 64, 76, 9]],

[ 70, 75, 0,[ 67, 42, 28, 57, 86]],

[ 45, 5, 0,[ 3, 97, 33, 80]],

[ 13, 65, 0,[ 56, 14]],

[ 21, 45, 0,[ 27, 54, 58]],

[ 69, 95, 0,[ 17, 89, 7]],

[ 91, 85, 0,[ 50, 41, 58]],

[ 76, 85, 1,[ 23, 84, 92]],

[ 74, 25, 0,[ 10, 80, 16]],

[ 1, 75, 1,[ 41, 24, 4, 33]],

[ 56, 65, 0,[ 38, 8, 13]],

[ 4, 55, 1,[ 18, 1, 71, 39, 36]],

[ 49, 55, 1,[ 25, 33, 64, 2, 12]],

[ 78, 45, 0,[ 82, 24, 81]],

[ 54, 35, 1,[ 80, 22, 29, 83, 21]],

[ 18, 95, 1,[ 12, 88, 4]],

[ 38, 45, 0,[ 56, 22, 61]],

[ 90, 85, 0,[ 89, 15, 29]],

[ 65, 25, 1,[ 82, 72, 30]],

[ 60, 75, 0,[ 17, 58, 30]],

[ 85, 95, 0,[ 40, 20, 73, 37]],

[ 84, 35, 1,[ 25, 55, 76, 7]],

[ 52, 75, 1,[ 67, 55, 57]],

[ 34, 95, 1,[ 88, 57, 94]],

[ 12, 45, 1,[ 98, 53, 43, 18, 49, 35]],

[ 66, 85, 1,[ 7, 53, 31]],

[ 7, 65, 1,[ 66, 48, 32, 84, 69]],

[ 26, 25, 1,[ 79, 98, 2, 83]],

[ 98, 75, 0,[ 88, 12, 26]],

[ 80, 85, 1,[ 54, 37, 45, 22, 74]],

[ 59, 95, 0,[ 9, 11, 15, 77]],

[ 40, 35, 1,[ 8, 17, 85, 48, 97]],

[ 20, 75, 1,[ 51, 44, 32, 85]],

[ 57, 75, 0,[ 70, 34, 71, 52]],

[ 81, 45, 1,[ 37, 78, 61, 99]],

[ 93, 75, 1,[ 0, 87, 16, 2]],

[ 95, 5, 0,[ 36, 15, 2]],

[ 82, 45, 0,[ 5, 15, 65, 78]],

[ 55, 5, 1,[ 68, 42, 84, 52]],

[ 67, 45, 1,[ 52, 23, 70, 0]],

[ 5, 35, 1,[ 82, 3, 79]],

[ 15, 35, 1,[ 95, 90, 51, 82, 59, 63]],

[ 47, 85, 0,[ 86, 43, 29]],

[ 30, 75, 0,[ 65, 60, 39]],

[ 32, 45, 0,[ 20, 77, 7]],

[ 27, 45, 1,[ 21]],

[ 71, 75, 0,[ 35, 68, 57, 39, 4]],

[ 35, 5, 1,[ 44, 12, 71, 50]],

[ 87, 75, 0,[ 51, 93, 10]],

[ 86, 75, 0,[ 47, 43, 70]],

[ 37, 15, 0,[ 85, 80, 81]],

[ 36, 5, 0,[ 95, 4, 9]],

[ 68, 5, 1,[ 75, 55, 71]],

[ 33, 65, 0,[ 45, 1, 49]],

[ 11, 75, 1,[ 44, 75, 88, 46, 94, 31, 59]],

[ 88, 75, 0,[ 34, 11, 98, 46, 18]],

[ 8, 55, 1,[ 48, 56, 40]],

[ 64, 25, 1,[ 89, 49, 92]],

[ 23, 25, 0,[ 76, 43, 67]],

[ 72, 5, 0,[ 65, 43, 62]],

[ 42, 55, 0,[ 62, 70, 55, 6]],

[ 25, 55, 0,[ 84, 92, 49]],

[ 22, 45, 0,[ 38, 54, 80]],

[ 53, 65, 0,[ 12, 66, 19]],

[ 10, 75, 0,[ 74, 39, 87]],

[ 51, 75, 0,[ 87, 20, 15]],

[ 19, 65, 0,[ 53, 29, 31]],

[ 0, 65, 1,[ 93, 14, 41, 67]],

[ 79, 65, 1,[ 5, 83, 26]],

[ 24, 45, 0,[ 1, 78, 62]],

[ 77, 95, 1,[ 28, 59, 32]],

[ 9, 5, 1,[ 92, 59, 36]],

[ 97, 35, 1,[ 40, 45, 96]],

[ 50, 15, 1,[ 91, 35]],

[ 99, 45, 1,[ 81, 29, 16]],

[ 41, 15, 0,[ 0, 91, 96, 1]],

[ 58, 15, 1,[ 60, 91, 21]],

[ 14, 65, 0,[ 13, 0, 2]],

[ 39, 75, 0,[ 71, 30, 4, 10]],

[ 63, 45, 0,[ 83, 94, 15]],

[ 61, 25, 1,[ 73, 38, 81]],

[ 75, 45, 0,[ 68, 6, 11]],

[ 6, 85, 1,[ 75, 48, 42]],

[ 62, 35, 1,[ 42, 72, 24, 29]],

[ 48, 45, 0,[ 8, 40, 6, 7]],

[ 89, 85, 1,[ 64, 90, 69]],

[ 3, 5, 0,[ 5, 45]],

[ 2, 55, 1,[ 95, 14, 93, 26, 49]],

[ 28, 45, 0,[ 70, 46, 77]],

[ 17, 55, 1,[ 40, 60, 69]],

[ 73, 95, 0,[ 85, 46, 61]],

[ 31, 65, 0,[ 11, 19, 66]],

[ 29, 25, 1,[ 62, 19, 54, 90, 96, 99, 47]],

[ 96, 65, 1,[ 97, 29, 41]],

[ 44, 65, 1,[ 35, 11, 20]],

[ 43, 75, 1,[ 72, 23, 47, 86, 12]],

[ 94, 85, 1,[ 11, 34, 63]],

[ 16, 25, 0,[ 74, 99, 93]],

[ 46, 45, 1,[ 88, 28, 73, 11]],

[ 63, 25, 0,[ 56, 96, 12]],

[ 94, 25, 1,[ 41, 53, 12, 44, 28, 48]],

[ 54, 45, 1,[ 68, 61, 85]],

[ 86, 55, 0,[ 18, 20, 45]],

[ 9, 35, 1,[ 73, 93, 16, 98]],

[ 84, 5, 1,[ 52, 55, 98]],

[ 81, 75, 1,[ 32, 64, 8]],

[ 75, 5, 0,[ 56, 53, 37]],

[ 44, 25, 1,[ 12, 39, 94]],

[ 26, 65, 1,[ 13, 57, 25]],

[ 50, 35, 1,[ 36, 83, 1]],

[ 79, 35, 1,[ 29, 31, 40, 67]],

[ 0, 5, 1,[ 62, 95, 52, 37]],

[ 35, 45, 1,[ 27, 88, 57, 3]],

[ 43, 75, 1,[ 56, 46, 3, 10, 72, 59]],

[ 41, 85, 0,[ 88, 94, 16]],

[ 87, 35, 0,[ 89, 76, 38]],

[ 46, 85, 1,[ 90, 43, 28]],

[ 15, 5, 1,[ 93, 5, 57, 62]],

[ 70, 65, 0,[ 71, 48, 21]],

[ 57, 25, 0,[ 26, 15, 35]],

[ 45, 75, 0,[ 65, 3, 99, 93, 97, 86]],

[ 34, 75, 1,[ 1, 21, 64]],

[ 27, 25, 0,[ 76, 68, 35]],

[ 64, 45, 1,[ 81, 58, 38, 34]],

[ 67, 85, 1,[ 48, 79, 19]],

[ 19, 85, 0,[ 30, 67, 7]],

[ 91, 75, 0,[ 78, 62, 42, 8, 32]],

[ 14, 15, 0,[ 65, 78, 77]],

[ 33, 15, 0,[ 92, 58, 78]],

[ 7, 55, 1,[ 19, 96, 55]],

[ 30, 85, 0,[ 19, 24, 11, 12]],

[ 89, 85, 1,[ 59, 61, 87]],

[ 1, 5, 1,[ 69, 34, 50]],

[ 3, 55, 0,[ 45, 35, 43]],

[ 66, 55, 1,[ 5, 38, 22]],

[ 76, 85, 1,[ 88, 87, 27]],

[ 59, 35, 0,[ 83, 43, 89, 12]],

[ 39, 75, 0,[ 49, 80, 74, 44]],

[ 62, 35, 1,[ 0, 15, 91]],

[ 28, 65, 1,[ 46, 37, 4, 94]],

[ 6, 65, 1,[ 82, 49, 98]],

[ 90, 35, 0,[ 2, 47, 46]],

[ 56, 5, 0,[ 43, 75, 99, 63]],

[ 4, 65, 1,[ 18, 28, 47]],

[ 99, 15, 1,[ 56, 73, 45, 10]],

[ 98, 5, 0,[ 9, 6, 84]],

[ 96, 85, 1,[ 63, 24, 7]],

[ 65, 45, 1,[ 25, 45, 14]],

[ 22, 35, 0,[ 85, 11, 66, 38, 12]],

[ 88, 95, 0,[ 51, 35, 76, 41, 8]],

[ 20, 75, 1,[ 86, 69, 48]],

[ 73, 65, 0,[ 9, 49, 99]],

[ 32, 35, 0,[ 91, 81, 2]],

[ 72, 75, 0,[ 42, 36, 43]],

[ 52, 65, 1,[ 13, 84, 0]],

[ 16, 85, 0,[ 38, 9, 23, 41]],

[ 23, 85, 0,[ 80, 16, 21]],

[ 36, 35, 0,[ 72, 31, 50, 38]],

[ 37, 35, 0,[ 38, 28, 75, 0]],

[ 83, 35, 0,[ 50, 12, 59]],

[ 74, 75, 0,[ 80, 40, 61, 39]],

[ 71, 65, 0,[ 70, 80, 82]],

[ 25, 85, 0,[ 8, 26, 65]],

[ 10, 95, 0,[ 43, 99, 68, 18]],

[ 82, 45, 0,[ 71, 97, 6]],

[ 8, 25, 1,[ 25, 88, 81, 2, 91]],

[ 69, 25, 0,[ 1, 20, 80]],

[ 29, 75, 1,[ 79, 5, 61]],

[ 93, 65, 1,[ 15, 5, 17, 9, 45]],

[ 77, 95, 1,[ 47, 24, 38, 14]],

[ 13, 15, 1,[ 18, 52, 26]],

[ 55, 95, 1,[ 92, 7, 84]],

[ 17, 45, 0,[ 47, 68, 93]],

[ 60, 65, 0,[ 92, 58]],

[ 95, 45, 0,[ 97, 40, 0]],

[ 53, 5, 0,[ 94, 75, 61]],

[ 80, 5, 1,[ 2, 71, 23, 74, 69, 39]],

[ 40, 75, 1,[ 51, 79, 74, 95]],

[ 38, 35, 0,[ 66, 16, 36, 77, 87, 22, 51, 37, 64]],

[ 68, 45, 1,[ 17, 54, 10, 27]],

[ 5, 45, 1,[ 29, 15, 66, 93]],

[ 2, 45, 1,[ 58, 80, 90, 8, 32]],

[ 92, 25, 1,[ 55, 33, 60]],

[ 78, 15, 0,[ 33, 14, 11, 91]],

[ 42, 75, 0,[ 85, 72, 91]],

[ 48, 65, 0,[ 94, 20, 67, 70]],

[ 58, 45, 1,[ 64, 60, 33, 2]],

[ 31, 25, 0,[ 79, 47, 36]],

[ 51, 45, 0,[ 88, 47, 40, 38]],

[ 11, 55, 1,[ 30, 78, 22]],

[ 18, 5, 0,[ 10, 4, 86, 13]],

[ 85, 75, 0,[ 42, 54, 22]],

[ 61, 55, 1,[ 53, 54, 74, 29, 89]],

[ 47, 5, 1,[ 17, 4, 77, 90, 31, 51]],

[ 49, 65, 1,[ 73, 39, 6]],

[ 24, 85, 0,[ 77, 30, 96]],

[ 21, 65, 0,[ 23, 34, 70]],

[ 97, 35, 1,[ 45, 82, 95]],

[ 12, 55, 1,[ 22, 94, 30, 44, 59, 63, 83]],

