[ 61, 75, 0,[ 80, 47, 11, 3]],

[ 35, 25, 0,[ 26, 41, 43]],

[ 64, 25, 0,[ 89, 3, 23]],

[ 62, 15, 0,[ 1, 81, 49]],

[ 9, 5, 0,[ 30, 89, 54]],

[ 20, 75, 0,[ 45, 6, 84]],

[ 99, 25, 0,[ 5, 47]],

[ 63, 85, 0,[ 17, 51, 0]],

[ 93, 95, 0,[ 66, 7, 51]],

[ 74, 75, 0,[ 46, 12, 11]],

[ 70, 55, 0,[ 18, 7, 75, 15]],

[ 90, 65, 0,[ 34, 75, 98]],

[ 79, 95, 0,[ 50, 26, 68]],

[ 26, 55, 1,[ 92, 33, 50, 35, 79, 44]],

[ 51, 25, 0,[ 63, 72, 93, 68, 16]],

[ 14, 65, 0,[ 49, 27, 33]],

[ 58, 25, 0,[ 10, 29, 42, 1, 6]],

[ 32, 25, 0,[ 71, 78, 23, 5, 11]],

[ 45, 5, 0,[ 20, 89, 77]],

[ 7, 55, 1,[ 21, 66, 49, 34, 93, 68, 57, 59, 70]],

[ 75, 85, 0,[ 70, 0, 90]],

[ 24, 5, 0,[ 89, 4, 73]],

[ 60, 95, 0,[ 66, 76, 85]],

[ 39, 25, 0,[ 97, 47, 81]],

[ 37, 75, 0,[ 76, 85, 11]],

[ 23, 25, 0,[ 36, 11, 28, 32, 64]],

[ 71, 25, 0,[ 82, 81, 32, 91]],

[ 48, 75, 0,[ 11, 85, 6, 50]],

[ 76, 95, 0,[ 78, 0, 69, 60, 37, 50]],

[ 92, 25, 0,[ 42, 50, 26]],

[ 28, 25, 0,[ 23, 54, 89]],

[ 33, 65, 0,[ 26, 78, 11, 14, 13]],

[ 91, 25, 0,[ 2, 29, 71]],

[ 4, 25, 0,[ 8, 24, 43, 54, 10]],

[ 80, 45, 0,[ 61, 40, 2]],

[ 72, 25, 0,[ 38, 21, 51, 68]],

[ 77, 25, 0,[ 45, 31, 67]],

[ 25, 95, 0,[ 1, 55, 13, 57]],

[ 67, 75, 0,[ 77, 6, 43]],

[ 27, 45, 0,[ 14, 18, 36, 2, 89]],

[ 97, 25, 0,[ 39, 96, 46, 56]],

[ 10, 25, 0,[ 58, 3, 4]],

[ 82, 25, 0,[ 40, 71, 81]],

[ 22, 75, 0,[ 11, 55, 73]],

[ 8, 75, 0,[ 4, 11, 96]],

[ 0, 65, 1,[ 95, 5, 63, 55, 73, 75, 44, 41, 76, 31]],

[ 85, 95, 0,[ 60, 48, 37]],

[ 31, 25, 0,[ 81, 0, 77, 94]],

[ 29, 25, 0,[ 94, 65, 58, 91]],

[ 44, 85, 0,[ 0, 26, 83]],

[ 17, 95, 0,[ 63, 69, 55]],

[ 69, 95, 0,[ 34, 76, 17]],

[ 83, 75, 0,[ 44, 96, 11]],

[ 13, 25, 0,[ 87, 56, 25, 33]],

[ 40, 65, 0,[ 80, 78, 82]],

[ 78, 65, 0,[ 40, 76, 11, 33, 32]],

[ 19, 5, 0,[ 95, 89, 54]],

[ 87, 25, 0,[ 13, 41]],

[ 41, 25, 0,[ 35, 87, 0, 12, 2]],

[ 15, 55, 0,[ 81, 70, 16]],

[ 98, 65, 0,[ 30, 2, 86, 90]],

[ 30, 45, 0,[ 2, 98, 9]],

[ 88, 15, 0,[ 54, 95, 96]],

[ 55, 95, 0,[ 25, 22, 52, 0, 17]],

[ 59, 95, 0,[ 7, 49, 73]],

[ 11, 5, 1,[ 61, 8, 83, 78, 37, 57, 74, 48, 33, 53, 22, 32, 23]],

[ 16, 25, 0,[ 15, 3, 51]],

[ 34, 95, 0,[ 7, 73, 90, 69]],

[ 68, 45, 1,[ 51, 38, 72, 7, 79, 18]],

[ 86, 25, 0,[ 98, 50, 47]],

[ 2, 75, 1,[ 21, 42, 98, 41, 91, 46, 84, 27, 80, 30]],

[ 1, 25, 0,[ 25, 62, 58]],

[ 49, 95, 0,[ 7, 14, 59, 62]],

[ 89, 45, 1,[ 94, 45, 27, 65, 64, 28, 42, 19, 24, 9]],

[ 47, 25, 0,[ 39, 86, 99, 61, 6]],

[ 52, 95, 0,[ 54, 95, 55]],

[ 53, 75, 0,[ 5, 36, 11]],

[ 94, 25, 0,[ 31, 29, 89]],

[ 6, 85, 1,[ 58, 48, 47, 3, 38, 20, 56, 67]],

[ 50, 95, 0,[ 48, 86, 26, 92, 76, 79]],

[ 65, 25, 0,[ 29, 46, 89]],

[ 84, 45, 0,[ 20, 95, 2]],

[ 46, 25, 0,[ 12, 2, 97, 74, 65]],

[ 73, 85, 0,[ 22, 0, 59, 24, 34]],

[ 18, 55, 0,[ 70, 27, 68]],

[ 96, 15, 0,[ 83, 8, 81, 88, 97]],

[ 95, 15, 0,[ 88, 84, 19, 0, 52]],

[ 5, 25, 0,[ 36, 53, 0, 99, 32]],

[ 66, 95, 0,[ 7, 93, 60]],

[ 12, 25, 0,[ 41, 46, 74]],

[ 36, 25, 0,[ 27, 23, 53, 5]],

[ 81, 15, 1,[ 15, 39, 71, 31, 82, 62, 96]],

[ 54, 65, 1,[ 52, 4, 19, 9, 28, 88]],

[ 3, 25, 0,[ 6, 10, 64, 61, 16]],

[ 21, 45, 0,[ 72, 7, 2]],

[ 43, 25, 0,[ 67, 35, 4]],

[ 56, 25, 0,[ 97, 13, 6]],

[ 38, 75, 0,[ 72, 6, 68]],

[ 42, 25, 0,[ 2, 89, 92, 58]],

[ 57, 75, 0,[ 11, 7, 25]],

[ 86, 5, 0,[ 38, 37, 59]],

[ 29, 5, 0,[ 31, 26, 3]],

[ 26, 25, 1,[ 21, 29, 38, 66, 52, 81]],

[ 60, 95, 0,[ 46, 19, 69]],

[ 55, 95, 0,[ 42, 39, 54, 14, 24]],

[ 49, 95, 1,[ 24, 1, 89, 67, 8]],

[ 88, 5, 0,[ 81, 18, 85, 3, 77]],

[ 4, 35, 0,[ 31, 11, 54]],

[ 11, 35, 1,[ 15, 76, 50, 30, 74, 13, 85, 53, 4]],

[ 90, 35, 0,[ 9, 67, 20, 54]],

[ 51, 85, 0,[ 22, 46, 87]],

[ 84, 15, 0,[ 62, 76, 72]],

[ 97, 35, 0,[ 74, 94, 54]],

[ 75, 95, 0,[ 58, 0, 74]],

[ 80, 55, 0,[ 65, 81, 35]],

[ 95, 85, 0,[ 56, 57, 81, 71]],

[ 91, 85, 0,[ 50, 53, 63]],

[ 31, 5, 0,[ 4, 57, 29, 73]],

[ 22, 35, 0,[ 85, 51, 9]],

[ 46, 95, 0,[ 70, 42, 9, 51, 19, 60]],

[ 34, 15, 0,[ 92, 2, 36]],

[ 78, 35, 0,[ 54, 35, 72]],

[ 47, 55, 0,[ 81, 5, 19]],

[ 43, 15, 0,[ 10, 56, 0]],

[ 40, 5, 0,[ 70, 20, 23, 76, 37]],

[ 0, 5, 1,[ 42, 50, 25, 63, 43, 75]],

[ 79, 95, 0,[ 39, 82, 77]],

[ 8, 85, 0,[ 27, 49, 30]],

[ 14, 95, 0,[ 65, 68, 55]],

[ 73, 5, 0,[ 31, 96, 98]],

[ 38, 5, 0,[ 72, 86, 26, 62]],

[ 48, 5, 0,[ 32, 64, 42]],

[ 33, 5, 0,[ 66, 3, 57]],

[ 45, 5, 0,[ 98, 94, 82, 81]],

[ 1, 5, 0,[ 5, 49, 77]],

[ 67, 35, 0,[ 92, 49, 90]],

[ 61, 65, 0,[ 9, 2, 41]],

[ 65, 95, 0,[ 80, 89, 14]],

[ 15, 95, 0,[ 11, 96, 6]],

[ 25, 95, 0,[ 39, 0, 89]],

[ 35, 5, 0,[ 7, 80, 78]],

[ 27, 65, 0,[ 8, 17, 2]],

[ 28, 35, 0,[ 9, 96, 93]],

[ 6, 5, 0,[ 15, 52, 23]],

[ 68, 95, 0,[ 14, 69, 21]],

[ 16, 85, 0,[ 71, 54, 32]],

[ 32, 85, 0,[ 48, 16, 19, 87, 2]],

[ 39, 95, 0,[ 25, 79, 55]],

[ 3, 5, 0,[ 33, 2, 99, 88, 29]],

[ 7, 5, 0,[ 35, 59, 23]],

[ 18, 5, 0,[ 13, 98, 88]],

[ 17, 35, 0,[ 71, 54, 27]],

[ 21, 95, 0,[ 69, 76, 68, 26]],

[ 5, 35, 0,[ 54, 47, 10, 1]],

[ 81, 25, 1,[ 69, 80, 88, 47, 26, 95, 66, 96, 20, 45]],

[ 72, 15, 0,[ 38, 78, 41, 84]],

[ 42, 95, 0,[ 46, 48, 0, 55]],

[ 74, 95, 0,[ 11, 97, 75, 50]],

[ 92, 15, 0,[ 67, 34, 9]],

[ 44, 15, 0,[ 10, 96, 12]],

[ 85, 95, 0,[ 22, 88, 11]],

[ 19, 95, 0,[ 32, 58, 47, 46, 60]],

[ 56, 85, 0,[ 95, 43, 52]],

[ 30, 85, 0,[ 71, 11, 54, 8, 36, 63]],

[ 83, 65, 0,[ 58, 2, 12]],

[ 76, 95, 0,[ 84, 21, 11, 40]],

[ 99, 5, 0,[ 54, 23, 24, 3]],

[ 89, 95, 1,[ 65, 93, 49, 62, 2, 25]],

[ 52, 15, 0,[ 6, 13, 56, 26]],

[ 70, 95, 0,[ 40, 36, 46]],

[ 23, 5, 0,[ 6, 7, 99, 40]],

[ 98, 5, 0,[ 73, 18, 45, 54]],

[ 24, 95, 0,[ 55, 99, 49]],

[ 36, 15, 0,[ 70, 30, 10, 34]],

[ 63, 85, 0,[ 82, 0, 30, 91]],

[ 66, 55, 0,[ 26, 81, 33]],

[ 37, 5, 0,[ 94, 40, 86]],

[ 54, 55, 1,[ 90, 78, 97, 98, 4, 55, 17, 99, 5, 30, 16]],

[ 57, 5, 0,[ 31, 95, 33]],

[ 10, 15, 0,[ 36, 44, 43, 5]],

[ 59, 5, 0,[ 86, 7, 2]],

[ 41, 15, 0,[ 53, 61, 13, 72]],

[ 50, 95, 0,[ 0, 91, 11, 74]],

[ 64, 5, 0,[ 93, 9, 48]],

[ 96, 15, 1,[ 44, 81, 73, 28, 15]],

[ 69, 95, 0,[ 81, 68, 21, 60]],

[ 20, 55, 0,[ 40, 90, 81]],

[ 2, 15, 1,[ 32, 61, 27, 34, 59, 83, 89, 3]],

[ 53, 85, 0,[ 41, 11, 87, 91]],

[ 12, 15, 0,[ 13, 44, 83]],

[ 71, 85, 0,[ 16, 17, 30, 95]],

[ 87, 85, 0,[ 51, 32, 53]],

[ 58, 95, 0,[ 83, 19, 75]],

[ 93, 5, 0,[ 89, 64, 28]],

[ 13, 15, 0,[ 52, 41, 18, 11, 12]],

[ 82, 95, 0,[ 79, 45, 63]],

[ 77, 5, 0,[ 88, 1, 79]],

[ 62, 15, 0,[ 84, 38, 89]],

[ 9, 65, 1,[ 28, 22, 90, 64, 46, 92, 61]],

[ 94, 5, 0,[ 45, 37, 97]],

