[ 66, 95, 0,[ 34, 53, 31]],

[ 59, 95, 0,[ 29, 91]],

[ 19, 25, 1,[ 7, 92, 52, 15, 28, 54, 67, 93, 96, 90, 81, 45, 2, 18]],

[ 10, 95, 1,[ 57, 45, 72]],

[ 83, 95, 0,[ 82, 28, 86]],

[ 99, 95, 0,[ 73, 91, 53, 1, 74]],

[ 16, 5, 1,[ 51, 35, 94, 30, 89, 5, 42, 49, 61, 48]],

[ 38, 95, 0,[ 85, 97, 74]],

[ 87, 95, 0,[ 0, 42, 31, 56]],

[ 18, 95, 0,[ 60, 24, 19]],

[ 61, 95, 0,[ 86, 16]],

[ 5, 95, 0,[ 51, 16, 8, 73]],

[ 88, 95, 0,[ 37, 95, 11]],

[ 28, 95, 0,[ 83, 19, 49]],

[ 40, 95, 0,[ 68, 89, 86]],

[ 71, 95, 0,[ 86, 62, 68]],

[ 42, 85, 1,[ 24, 85, 54, 53, 91, 75, 14, 13, 70, 36, 87, 16]],

[ 68, 95, 0,[ 31, 71, 40]],

[ 57, 95, 1,[ 10, 58, 51, 39]],

[ 22, 95, 0,[ 26, 47]],

[ 60, 95, 0,[ 65, 73, 12, 18]],

[ 24, 95, 0,[ 74, 93, 42, 18]],

[ 37, 95, 0,[ 88, 65, 72]],

[ 27, 95, 0,[ 98, 74, 15]],

[ 25, 95, 0,[ 86, 48, 69]],

[ 8, 95, 0,[ 13, 84, 91, 5, 32]],

[ 29, 95, 0,[ 59, 31, 34]],

[ 69, 95, 0,[ 35, 25, 39]],

[ 30, 95, 0,[ 92, 16, 98]],

[ 20, 95, 0,[ 91, 39, 81]],

[ 43, 95, 0,[ 98, 73, 74]],

[ 78, 95, 0,[ 12]],

[ 63, 95, 0,[ 11, 98]],

[ 79, 95, 0,[ 11, 41, 26]],

[ 2, 95, 0,[ 74, 36, 76, 77, 3, 19]],

[ 75, 95, 0,[ 72, 74, 42]],

[ 65, 95, 0,[ 11, 60, 37]],

[ 55, 95, 0,[ 36]],

[ 36, 95, 0,[ 90, 89, 55, 42, 2, 9]],

[ 45, 95, 0,[ 10, 94, 91, 3, 19]],

[ 13, 95, 0,[ 42, 8, 0]],

[ 46, 95, 0,[ 52, 97, 93, 67]],

[ 1, 95, 0,[ 58, 50, 99]],

[ 81, 95, 0,[ 20, 17, 19, 84]],

[ 48, 95, 0,[ 16, 25, 91]],

[ 58, 95, 0,[ 1, 44, 6, 57]],

[ 82, 95, 0,[ 83, 34, 62]],

[ 34, 95, 0,[ 82, 29, 66, 6]],

[ 15, 95, 0,[ 19, 27, 50]],

[ 23, 95, 0,[ 91, 39]],

[ 80, 95, 0,[ 98, 21, 76, 56]],

[ 7, 95, 0,[ 6, 19]],

[ 52, 95, 0,[ 70, 98, 19, 46]],

[ 56, 95, 0,[ 64, 80, 87]],

[ 3, 95, 0,[ 2, 45, 98]],

[ 62, 95, 0,[ 71, 82, 9]],

[ 90, 95, 0,[ 36, 19]],

[ 26, 95, 0,[ 79, 22, 17, 95, 77]],

[ 53, 95, 0,[ 99, 66, 42]],

[ 6, 95, 0,[ 41, 96, 34, 7, 58, 33]],

[ 33, 95, 0,[ 6, 91]],

[ 86, 85, 1,[ 95, 61, 71, 25, 32, 40, 83]],

[ 11, 95, 0,[ 88, 79, 65, 63]],

[ 96, 95, 0,[ 6, 19, 50]],

[ 70, 95, 0,[ 91, 52, 42]],

[ 84, 95, 0,[ 8, 81, 44]],

[ 41, 95, 0,[ 79, 92, 6]],

[ 21, 95, 0,[ 92, 98, 80]],

[ 17, 95, 0,[ 81, 67, 26, 14]],

[ 74, 5, 1,[ 9, 4, 27, 43, 38, 2, 99, 75, 47, 24]],

[ 9, 95, 0,[ 62, 74, 36]],

[ 64, 95, 0,[ 98, 4, 56]],

[ 97, 95, 0,[ 38, 46]],

[ 35, 95, 0,[ 69, 16, 50]],

[ 4, 95, 0,[ 72, 74, 64]],

[ 50, 95, 0,[ 35, 1, 96, 15]],

[ 51, 95, 0,[ 57, 16, 5]],

[ 67, 95, 0,[ 17, 19, 46]],

[ 44, 95, 0,[ 49, 84, 58]],

[ 31, 95, 0,[ 29, 68, 87, 66]],

[ 76, 95, 0,[ 2, 80]],

[ 12, 95, 0,[ 78, 60]],

[ 95, 95, 0,[ 88, 86, 26]],

[ 14, 95, 0,[ 42, 17]],

[ 47, 95, 0,[ 22, 39, 74]],

[ 85, 95, 0,[ 38, 98, 42]],

[ 93, 95, 0,[ 19, 46, 24]],

[ 98, 15, 1,[ 27, 85, 64, 63, 30, 3, 21, 43, 52, 77, 80]],

[ 91, 25, 1,[ 59, 42, 48, 20, 33, 45, 39, 70, 23, 99, 8]],

[ 73, 95, 0,[ 99, 43, 5, 60]],

[ 92, 95, 0,[ 30, 41, 19, 32, 21]],

[ 0, 95, 0,[ 54, 87, 13]],

[ 94, 95, 0,[ 16, 45]],

[ 32, 95, 0,[ 86, 8, 92]],

[ 39, 95, 1,[ 23, 57, 20, 69, 91, 47]],

[ 77, 95, 0,[ 2, 98, 26]],

[ 49, 95, 0,[ 16, 44, 28]],

[ 54, 95, 0,[ 19, 0, 42]],

[ 72, 95, 0,[ 75, 4, 10, 37]],

[ 89, 95, 0,[ 40, 16, 36]],

