[ 4, 25, 1,[ 85, 20, 97, 70]],

[ 45, 85, 0,[ 0, 52, 29]],

[ 49, 15, 1,[ 62, 39, 55, 92]],

[ 84, 85, 1,[ 82, 20, 6, 29]],

[ 12, 25, 1,[ 26, 69, 25, 8]],

[ 96, 65, 1,[ 6, 59, 41]],

[ 37, 85, 0,[ 23, 51, 50]],

[ 25, 55, 0,[ 81, 58, 12]],

[ 52, 35, 1,[ 28, 57, 86, 45, 64]],

[ 89, 5, 1,[ 80, 23, 43]],

[ 14, 45, 0,[ 46, 21]],

[ 72, 45, 0,[ 88, 82, 55]],

[ 48, 75, 0,[ 9, 53, 43]],

[ 31, 75, 0,[ 5, 68, 76, 38]],

[ 51, 85, 0,[ 8, 37, 15]],

[ 71, 25, 0,[ 26, 90, 8]],

[ 95, 5, 0,[ 6, 81, 74]],

[ 21, 55, 0,[ 35, 64, 14]],

[ 91, 45, 0,[ 47, 88, 66]],

[ 39, 15, 0,[ 58, 49]],

[ 38, 75, 0,[ 31, 90, 65]],

[ 23, 5, 0,[ 89, 28, 37, 74]],

[ 50, 75, 1,[ 77, 1, 90, 37]],

[ 73, 75, 0,[ 24, 30, 74, 34]],

[ 2, 15, 1,[ 44, 67, 88]],

[ 44, 15, 1,[ 15, 18, 2, 13]],

[ 98, 5, 0,[ 19, 81, 79]],

[ 74, 5, 0,[ 36, 80, 73, 23, 95]],

[ 20, 5, 1,[ 13, 46, 84, 7, 4]],

[ 40, 5, 1,[ 16, 92, 26]],

[ 18, 95, 1,[ 94, 15, 44]],

[ 99, 75, 1,[ 0, 16, 24, 97, 58]],

[ 32, 55, 0,[ 42, 8, 7]],

[ 10, 65, 0,[ 62, 63, 64]],

[ 69, 35, 0,[ 97, 7, 12]],

[ 86, 85, 0,[ 9, 52, 3]],

[ 35, 5, 1,[ 21, 94, 67, 17]],

[ 79, 45, 1,[ 17, 98, 66]],

[ 36, 25, 0,[ 78, 74, 43]],

[ 61, 95, 1,[ 68, 26, 55]],

[ 85, 45, 0,[ 4, 64, 54]],

[ 1, 85, 1,[ 59, 11, 50]],

[ 65, 45, 1,[ 54, 62, 81, 34, 38]],

[ 34, 45, 1,[ 73, 65, 68, 88]],

[ 42, 45, 0,[ 32, 88, 0]],

[ 15, 85, 1,[ 44, 51, 18]],

[ 64, 55, 1,[ 21, 10, 85, 27, 52, 13]],

[ 41, 65, 0,[ 96, 75, 63, 83]],

[ 9, 75, 1,[ 59, 63, 86, 48]],

[ 0, 65, 1,[ 45, 56, 42, 93, 99]],

[ 11, 5, 1,[ 1, 47, 75]],

[ 13, 35, 1,[ 16, 20, 64, 44]],

[ 80, 5, 1,[ 74, 27, 89, 83, 54]],

[ 43, 25, 1,[ 48, 57, 89, 36]],

[ 16, 5, 0,[ 40, 13, 99]],

[ 57, 35, 0,[ 22, 52, 43]],

[ 82, 45, 0,[ 72, 70, 84]],

[ 60, 45, 0,[ 17, 87, 5, 88]],

[ 29, 85, 1,[ 3, 84, 45, 78]],

[ 75, 5, 0,[ 41, 87, 27, 11]],

[ 56, 65, 0,[ 78, 66, 0]],

[ 54, 45, 1,[ 85, 65, 80]],

[ 53, 5, 0,[ 67, 48, 94]],

[ 66, 45, 1,[ 79, 91, 8, 56]],

[ 28, 65, 1,[ 23, 5, 62, 52]],

[ 47, 85, 0,[ 11, 5, 91]],

[ 63, 65, 0,[ 9, 10, 41]],

[ 58, 55, 1,[ 99, 6, 25, 39]],

[ 83, 65, 0,[ 41, 93, 80]],

[ 8, 55, 1,[ 66, 71, 51, 32, 12]],

[ 70, 45, 0,[ 46, 82, 4]],

[ 97, 55, 1,[ 99, 22, 69, 4]],

[ 3, 85, 0,[ 86, 29, 93]],

[ 77, 45, 1,[ 67, 81, 50]],

[ 87, 45, 0,[ 92, 60, 75]],

[ 6, 55, 1,[ 84, 95, 96, 58, 26]],

[ 5, 85, 1,[ 47, 60, 28, 31]],

[ 90, 75, 0,[ 50, 93, 71, 38]],

[ 7, 35, 1,[ 20, 32, 69]],

[ 59, 85, 0,[ 94, 9, 1, 96]],

[ 67, 5, 0,[ 53, 77, 35, 2]],

[ 24, 75, 0,[ 99, 68, 73]],

[ 88, 45, 0,[ 34, 72, 60, 2, 42, 91]],

[ 22, 95, 0,[ 57, 97, 33]],

[ 26, 25, 1,[ 71, 40, 6, 12, 61]],

[ 62, 65, 0,[ 65, 10, 28, 49]],

[ 93, 15, 1,[ 30, 83, 90, 3, 0]],

[ 46, 45, 1,[ 20, 14, 68, 70]],

[ 78, 25, 0,[ 29, 56, 36]],

[ 92, 65, 1,[ 76, 87, 81, 40, 49]],

[ 33, 95, 0,[ 76, 22, 68]],

[ 68, 95, 1,[ 24, 46, 31, 34, 61, 19, 33]],

[ 27, 15, 1,[ 75, 80, 64]],

[ 55, 95, 1,[ 72, 61, 49]],

[ 94, 55, 1,[ 35, 59, 53, 18]],

[ 30, 75, 0,[ 73, 93, 76]],

[ 19, 5, 0,[ 68, 98, 17]],

[ 17, 35, 1,[ 19, 60, 79, 35]],

[ 81, 5, 1,[ 65, 77, 98, 25, 95, 92]],

[ 76, 75, 1,[ 31, 92, 33, 30]],

