[ 35, 95, 0,[ 90, 57, 49]],

[ 36, 75, 0,[ 47, 58, 14]],

[ 29, 75, 0,[ 50, 5, 61, 63]],

[ 85, 75, 0,[ 22, 30, 90, 69]],

[ 11, 75, 0,[ 13, 89, 52]],

[ 48, 85, 1,[ 46, 39, 49, 67, 51, 57, 37, 71, 15, 50, 42]],

[ 25, 45, 1,[ 66, 24, 61, 52, 18, 97, 45, 40, 95]],

[ 62, 75, 0,[ 43, 46, 76]],

[ 86, 45, 0,[ 19, 57, 99]],

[ 40, 75, 0,[ 79, 25, 60]],

[ 46, 75, 0,[ 94, 15, 32, 22, 62, 48]],

[ 98, 65, 1,[ 83, 23, 41, 92, 71, 8, 76]],

[ 27, 75, 0,[ 2, 90, 81]],

[ 23, 65, 0,[ 39, 98, 6]],

[ 30, 75, 0,[ 57, 58, 85]],

[ 76, 75, 0,[ 98, 84, 62]],

[ 31, 75, 0,[ 55, 74, 4]],

[ 59, 75, 0,[ 81, 54, 90]],

[ 83, 55, 0,[ 54, 98, 90]],

[ 24, 5, 0,[ 51, 16, 25]],

[ 42, 75, 0,[ 48, 90, 88]],

[ 32, 75, 0,[ 77, 39, 46, 72]],

[ 17, 75, 0,[ 1, 71, 19]],

[ 6, 75, 0,[ 34, 23, 47, 90, 37, 16]],

[ 96, 45, 0,[ 19, 73, 26, 57]],

[ 93, 65, 0,[ 39, 68, 57]],

[ 75, 35, 0,[ 19, 33, 7]],

[ 95, 75, 0,[ 55, 16, 25, 99, 0]],

[ 61, 75, 0,[ 29, 25, 41]],

[ 45, 75, 0,[ 9, 25, 26]],

[ 82, 75, 0,[ 39, 77, 78]],

[ 89, 75, 0,[ 39, 11, 68]],

[ 16, 75, 1,[ 56, 84, 33, 95, 0, 6, 24, 2, 12, 58]],

[ 37, 75, 0,[ 48, 44, 6]],

[ 3, 75, 0,[ 39, 88, 21]],

[ 12, 75, 0,[ 69, 1, 16]],

[ 78, 75, 0,[ 69, 20, 90, 82]],

[ 72, 75, 0,[ 66, 32]],

[ 63, 75, 0,[ 87, 39, 44, 29, 22]],

[ 54, 75, 0,[ 59, 19, 18, 81, 83]],

[ 92, 75, 0,[ 98, 22, 9]],

[ 90, 15, 1,[ 78, 6, 27, 0, 67, 83, 80, 85, 73, 59, 42, 35]],

[ 69, 75, 0,[ 85, 12, 78]],

[ 9, 75, 0,[ 65, 45, 74, 92]],

[ 5, 35, 0,[ 39, 22, 29]],

[ 94, 75, 0,[ 19, 46, 10]],

[ 77, 75, 0,[ 82, 19, 32]],

[ 55, 75, 0,[ 39, 95, 31]],

[ 79, 75, 0,[ 40, 65, 56, 70]],

[ 56, 5, 0,[ 74, 64, 16, 79]],

[ 26, 75, 0,[ 7, 96, 45]],

[ 67, 75, 0,[ 90, 48, 84]],

[ 18, 85, 0,[ 25, 54, 57]],

[ 50, 45, 0,[ 29, 48, 19]],

[ 71, 75, 0,[ 98, 17, 58, 48]],

[ 74, 25, 1,[ 56, 9, 14, 31, 58, 20]],

[ 81, 75, 0,[ 59, 27, 54]],

[ 84, 75, 0,[ 76, 67, 16, 19]],

[ 44, 75, 0,[ 37, 28, 63]],

[ 52, 85, 0,[ 25, 0, 11]],

[ 58, 75, 0,[ 36, 30, 16, 74, 71]],

[ 91, 75, 0,[ 41, 21, 19]],

[ 2, 75, 0,[ 38, 39, 4, 16, 27]],

[ 80, 55, 0,[ 90, 39, 14]],

[ 8, 45, 0,[ 98, 39, 19]],

[ 47, 75, 0,[ 36, 68, 6]],

[ 38, 75, 0,[ 2, 87, 68]],

[ 20, 45, 0,[ 78, 74, 19]],

[ 70, 75, 0,[ 39, 79, 51]],

[ 22, 85, 1,[ 5, 34, 85, 63, 66, 92, 46, 65]],

[ 73, 55, 0,[ 99, 90, 96]],

[ 65, 75, 0,[ 22, 19, 9, 79]],

[ 14, 75, 0,[ 36, 74, 28, 80]],

[ 10, 95, 0,[ 57, 94, 33]],

[ 43, 45, 0,[ 19, 57, 62]],

[ 64, 85, 0,[ 34, 56, 39]],

[ 0, 85, 0,[ 16, 95, 52, 90]],

[ 15, 75, 0,[ 48, 46, 4]],

[ 34, 45, 0,[ 64, 22, 19, 6]],

[ 53, 75, 0,[ 97, 28, 99]],

[ 21, 75, 0,[ 91, 3]],

[ 87, 75, 0,[ 19, 63, 38]],

[ 49, 95, 0,[ 48, 35, 99]],

[ 28, 75, 0,[ 14, 53, 19, 44]],

[ 4, 75, 0,[ 31, 2, 15]],

[ 57, 65, 1,[ 97, 43, 48, 30, 18, 10, 86, 35, 93, 96, 60, 13]],

[ 33, 35, 0,[ 10, 16, 75]],

[ 39, 25, 1,[ 8, 3, 32, 82, 93, 64, 2, 48, 7, 23, 80, 63, 5, 55, 41, 89, 99, 70]],

[ 88, 75, 0,[ 1, 42, 3]],

[ 60, 75, 0,[ 57, 41, 40]],

[ 41, 75, 0,[ 39, 61, 60, 91, 98]],

[ 1, 75, 0,[ 88, 17, 12]],

[ 66, 35, 0,[ 72, 25, 22]],

[ 13, 75, 0,[ 51, 57, 11]],

[ 7, 65, 0,[ 26, 39, 75]],

[ 51, 75, 0,[ 70, 48, 13, 24]],

[ 99, 75, 0,[ 39, 86, 95, 49, 73, 53]],

[ 97, 45, 0,[ 53, 57, 25]],

[ 68, 75, 0,[ 89, 93, 19, 47, 38]],

[ 19, 45, 1,[ 28, 87, 91, 54, 17, 96, 68, 65, 77, 8, 94, 20, 84, 75, 43, 86, 50, 34]],

[ 52, 5, 0,[ 40, 15, 98, 90]],

[ 87, 35, 0,[ 90, 46, 96]],

[ 22, 75, 0,[ 77, 89, 71]],

[ 69, 75, 0,[ 54, 28, 5]],

[ 98, 55, 1,[ 94, 67, 81, 52, 32, 66, 40, 33, 77, 63, 31, 35]],

[ 74, 45, 1,[ 97, 39, 68, 5, 4, 71, 25]],

[ 30, 75, 0,[ 63, 48, 84]],

[ 49, 75, 0,[ 45, 35, 14]],

[ 20, 95, 0,[ 60, 93, 48]],

[ 4, 5, 0,[ 74, 36]],

[ 77, 75, 0,[ 98, 27, 22]],

[ 12, 55, 0,[ 95, 70, 89, 10]],

[ 78, 65, 0,[ 10, 1, 90, 2]],

[ 19, 75, 0,[ 95, 0, 65, 88, 23]],

[ 58, 95, 0,[ 83, 10, 61]],

[ 54, 75, 0,[ 69, 63, 48, 15]],

[ 72, 35, 0,[ 0, 46, 73, 48]],

[ 16, 15, 0,[ 32, 96, 90]],

[ 6, 75, 0,[ 43, 48, 33, 86]],

[ 99, 5, 0,[ 90, 70, 95]],

[ 93, 95, 0,[ 20, 94, 57, 91]],

[ 21, 95, 0,[ 48, 83, 90]],

[ 96, 55, 0,[ 16, 87, 33]],

[ 56, 75, 0,[ 70, 10, 53]],

[ 94, 75, 0,[ 37, 98, 93]],

[ 14, 75, 0,[ 49, 95, 55]],

[ 65, 75, 0,[ 86, 19, 34]],

[ 68, 95, 0,[ 59, 60, 74]],

[ 31, 65, 0,[ 3, 88, 98]],

[ 33, 75, 0,[ 96, 59, 98, 6]],

[ 39, 55, 1,[ 9, 47, 59, 46, 50, 1, 80, 74, 28]],

[ 17, 95, 0,[ 8, 29, 83]],

[ 97, 75, 0,[ 74, 84, 55]],

[ 79, 75, 0,[ 10, 7, 41, 51]],

[ 29, 95, 0,[ 17, 24, 91, 95]],

[ 47, 55, 0,[ 15, 39, 48]],

[ 75, 65, 0,[ 0, 95, 57]],

[ 90, 5, 1,[ 87, 21, 84, 78, 48, 52, 66, 89, 7, 73, 99, 16]],

[ 53, 75, 0,[ 46, 86, 45, 56]],

[ 8, 95, 0,[ 37, 17, 11]],

[ 43, 75, 0,[ 50, 6, 85]],

[ 3, 65, 0,[ 0, 1, 31]],

[ 34, 75, 0,[ 80, 65, 37]],

[ 7, 75, 0,[ 90, 79, 37]],

[ 0, 65, 0,[ 72, 3, 19, 75]],

[ 88, 75, 0,[ 9, 19, 31]],

[ 38, 55, 0,[ 48, 28, 10]],

[ 18, 85, 0,[ 86, 42, 26]],

[ 45, 75, 0,[ 53, 49, 66]],

[ 5, 75, 0,[ 69, 26, 74, 27]],

[ 48, 25, 1,[ 21, 54, 82, 83, 90, 67, 20, 47, 55, 38, 72, 6, 30]],

[ 71, 75, 0,[ 57, 74, 22]],

[ 81, 15, 0,[ 98, 82, 80]],

[ 37, 75, 0,[ 8, 95, 7, 94, 34]],

[ 32, 15, 0,[ 16, 98, 2]],

[ 92, 75, 0,[ 10, 9, 76]],

[ 25, 75, 0,[ 55, 74, 91]],

[ 51, 75, 0,[ 67, 57, 79]],

[ 26, 75, 0,[ 91, 18, 5]],

[ 44, 75, 0,[ 86, 66, 23]],

[ 95, 95, 1,[ 29, 76, 62, 42, 19, 99, 64, 75, 37, 14, 12]],

[ 36, 65, 0,[ 42, 4, 57, 91]],

[ 66, 75, 0,[ 98, 45, 44, 90]],

[ 15, 55, 0,[ 52, 54, 47]],

[ 82, 25, 0,[ 91, 81, 48]],

[ 59, 35, 0,[ 68, 39, 33]],

[ 24, 75, 0,[ 13, 28, 29]],

[ 60, 95, 0,[ 10, 20, 68]],

[ 64, 45, 0,[ 95, 91, 13]],

[ 28, 75, 0,[ 39, 69, 27, 24, 38]],

[ 13, 75, 0,[ 64, 24, 10]],

[ 84, 75, 0,[ 97, 90, 30]],

[ 27, 75, 0,[ 28, 5, 77]],

[ 55, 75, 0,[ 25, 11, 48, 14, 97]],

[ 9, 75, 0,[ 88, 91, 39, 92]],

[ 57, 35, 1,[ 51, 75, 36, 93, 62, 71]],

[ 80, 55, 0,[ 81, 39, 34]],

[ 10, 85, 1,[ 79, 13, 73, 92, 61, 60, 12, 70, 78, 56, 58, 38]],

[ 46, 35, 0,[ 39, 53, 87, 72]],

[ 73, 55, 0,[ 72, 10, 90]],

[ 76, 75, 0,[ 92, 95, 85]],

[ 35, 75, 0,[ 49, 98, 62]],

[ 2, 5, 0,[ 86, 78, 32, 70]],

[ 67, 15, 0,[ 48, 51, 98]],

[ 89, 75, 0,[ 22, 12, 90]],

[ 63, 75, 0,[ 30, 98, 54]],

[ 42, 85, 0,[ 95, 18, 36]],

[ 1, 65, 0,[ 3, 39, 78]],

[ 23, 75, 0,[ 41, 19, 44]],

[ 62, 65, 0,[ 91, 35, 57, 95]],

[ 86, 65, 1,[ 50, 6, 65, 44, 2, 53, 18]],

[ 50, 75, 0,[ 43, 39, 41, 86]],

[ 11, 65, 0,[ 8, 55, 70]],

[ 70, 5, 0,[ 12, 11, 56, 40, 10, 99, 2]],

[ 40, 5, 0,[ 52, 98, 70]],

[ 61, 55, 0,[ 58, 10, 91]],

[ 41, 75, 0,[ 50, 23, 79]],

[ 91, 65, 1,[ 29, 26, 36, 62, 9, 64, 93, 82, 61, 25]],

[ 85, 75, 0,[ 76, 43]],

[ 83, 95, 0,[ 58, 21, 17, 48]],

