[ 51, 75, 0,[ 98, 21, 0]],

[ 15, 75, 0,[ 32, 68, 16]],

[ 50, 55, 0,[ 6, 94, 90, 88]],

[ 58, 55, 0,[ 20, 44, 82]],

[ 73, 55, 0,[ 5, 18, 86]],

[ 95, 55, 0,[ 25, 74, 97, 85]],

[ 27, 15, 0,[ 26, 98, 52]],

[ 52, 15, 0,[ 68, 27, 11, 71]],

[ 82, 55, 0,[ 58, 0, 92]],

[ 79, 95, 0,[ 26, 46, 81]],

[ 65, 55, 0,[ 0, 35, 72]],

[ 98, 55, 0,[ 84, 51, 27, 75]],

[ 26, 75, 1,[ 22, 27, 37, 66, 79, 80, 55, 69]],

[ 12, 55, 0,[ 62, 10, 0]],

[ 28, 45, 0,[ 89, 19, 11]],

[ 8, 55, 0,[ 75, 90, 0]],

[ 53, 55, 0,[ 22, 24, 46]],

[ 0, 95, 1,[ 8, 23, 66, 44, 65, 88, 47, 12, 51, 21, 74, 24, 82, 77]],

[ 41, 55, 0,[ 81, 35, 30]],

[ 71, 55, 0,[ 67, 52, 2]],

[ 20, 55, 0,[ 6, 58, 56]],

[ 9, 35, 1,[ 87, 99, 64, 17, 3, 14, 36, 74]],

[ 19, 75, 0,[ 28, 68, 7]],

[ 90, 55, 0,[ 18, 8, 55, 50, 63]],

[ 59, 55, 0,[ 81, 87, 55]],

[ 54, 55, 0,[ 43, 72, 61]],

[ 74, 35, 0,[ 9, 95, 0]],

[ 67, 55, 0,[ 34, 71, 49]],

[ 46, 55, 0,[ 7, 53, 85, 79]],

[ 68, 45, 1,[ 19, 80, 42, 52, 13, 15, 30]],

[ 13, 75, 0,[ 44, 68, 61]],

[ 93, 55, 0,[ 32, 36, 97]],

[ 88, 55, 0,[ 0, 11, 49, 50]],

[ 80, 65, 0,[ 25, 68, 26]],

[ 66, 25, 0,[ 26, 0, 7]],

[ 35, 55, 0,[ 41, 65]],

[ 57, 75, 0,[ 44, 87]],

[ 11, 95, 1,[ 88, 77, 91, 78, 28, 33, 42, 52]],

[ 36, 55, 0,[ 93, 9, 44]],

[ 56, 55, 0,[ 20, 4, 7]],

[ 40, 55, 0,[ 2, 72, 30]],

[ 38, 55, 0,[ 81, 5, 75]],

[ 83, 55, 0,[ 47, 6, 48, 69]],

[ 69, 55, 0,[ 26, 33, 83]],

[ 23, 25, 0,[ 6, 0, 16]],

[ 97, 55, 0,[ 93, 99, 95]],

[ 75, 55, 0,[ 38, 8, 98]],

[ 91, 45, 0,[ 22, 11, 7]],

[ 34, 55, 0,[ 30, 14, 67]],

[ 33, 55, 0,[ 81, 18, 11, 69]],

[ 32, 55, 0,[ 15, 17, 29, 93]],

[ 18, 55, 0,[ 73, 90, 33]],

[ 94, 55, 0,[ 64, 50, 1]],

[ 99, 55, 0,[ 9, 97, 55]],

[ 96, 55, 0,[ 86, 87, 60]],

[ 47, 25, 0,[ 81, 83, 0]],

[ 89, 55, 0,[ 28, 48, 25]],

[ 61, 75, 0,[ 39, 13, 54, 6]],

[ 29, 55, 0,[ 81, 32, 70]],

[ 84, 55, 0,[ 3, 98, 81, 22]],

[ 64, 95, 0,[ 81, 94, 9]],

[ 43, 55, 0,[ 81, 31, 54]],

[ 16, 55, 0,[ 2, 15, 23]],

[ 70, 55, 0,[ 62, 42, 81, 29]],

[ 4, 55, 0,[ 56, 24, 31, 2]],

[ 25, 55, 0,[ 95, 80, 89]],

[ 77, 45, 0,[ 0, 21, 11]],

[ 62, 55, 0,[ 12, 76, 45, 70]],

[ 42, 75, 0,[ 11, 68, 70]],

[ 87, 55, 0,[ 96, 9, 59, 57]],

[ 24, 55, 0,[ 4, 53, 0]],

[ 78, 55, 0,[ 11, 48, 86]],

[ 72, 55, 0,[ 65, 54, 2, 40]],

[ 3, 55, 0,[ 9, 31, 84]],

[ 5, 55, 0,[ 38, 73, 7]],

[ 49, 55, 0,[ 86, 67, 88]],

[ 45, 55, 0,[ 44, 1, 62]],

[ 63, 55, 0,[ 30, 90, 31]],

[ 22, 55, 0,[ 53, 14, 91, 26, 84]],

[ 76, 55, 0,[ 2, 55, 62]],

[ 2, 25, 1,[ 40, 71, 1, 72, 16, 4, 10, 76, 17]],

[ 30, 55, 0,[ 68, 63, 40, 34, 41]],

[ 31, 55, 0,[ 3, 4, 63, 43]],

[ 7, 75, 1,[ 92, 56, 66, 39, 91, 46, 19, 5]],

[ 92, 55, 0,[ 7, 37, 82]],

[ 86, 55, 0,[ 49, 73, 96, 78]],

[ 1, 55, 0,[ 94, 2, 45]],

[ 21, 55, 0,[ 77, 37, 51, 0]],

[ 44, 95, 1,[ 0, 57, 36, 45, 81, 13, 58]],

[ 39, 75, 0,[ 7, 61]],

[ 55, 55, 0,[ 26, 59, 76, 99, 90]],

[ 17, 55, 0,[ 32, 2, 9, 10, 85]],

[ 6, 55, 1,[ 60, 83, 20, 61, 85, 50, 23]],

[ 81, 55, 1,[ 60, 84, 64, 38, 33, 44, 29, 47, 43, 70, 59, 79, 41]],

[ 60, 75, 0,[ 81, 6, 96]],

[ 48, 55, 0,[ 83, 78, 89]],

[ 10, 55, 0,[ 17, 2, 12]],

[ 14, 55, 0,[ 34, 9, 22]],

[ 85, 55, 0,[ 17, 46, 95, 6]],

[ 37, 55, 0,[ 92, 21, 26]],

[ 30, 15, 0,[ 31, 65, 59]],

[ 13, 95, 0,[ 49, 54, 6]],

[ 73, 95, 0,[ 11, 46, 85]],

[ 27, 15, 0,[ 65, 29, 93]],

[ 80, 15, 0,[ 97, 35, 65, 2]],

[ 74, 65, 0,[ 92, 6, 24]],

[ 38, 95, 0,[ 3, 24, 96, 81]],

[ 63, 95, 0,[ 35, 85, 65]],

[ 50, 85, 0,[ 68, 39, 60, 65, 55]],

[ 37, 95, 0,[ 15, 26, 0]],

[ 18, 25, 0,[ 84, 26, 16]],

[ 77, 35, 0,[ 48, 84, 0]],

[ 83, 95, 0,[ 54, 15, 46]],

[ 78, 85, 0,[ 71, 68, 0, 59]],

[ 94, 95, 0,[ 57, 75, 90]],

[ 6, 35, 1,[ 36, 8, 55, 74, 41, 51, 46, 71, 17, 96, 88, 13]],

[ 23, 95, 0,[ 3, 61, 68, 99]],

[ 67, 25, 0,[ 33, 96, 92]],

[ 98, 95, 0,[ 5, 65, 60]],

[ 62, 95, 0,[ 26, 41, 52, 43]],

[ 40, 25, 0,[ 16, 49, 65]],

[ 57, 95, 0,[ 41, 94, 82]],

[ 31, 15, 0,[ 91, 2, 30]],

[ 89, 95, 0,[ 11, 56, 81]],

[ 92, 25, 0,[ 74, 67, 11]],

[ 59, 85, 0,[ 78, 96, 30]],

[ 84, 25, 0,[ 77, 18, 33, 9, 66]],

[ 52, 95, 0,[ 11, 99, 62]],

[ 21, 95, 0,[ 95, 69, 68, 0]],

[ 76, 95, 0,[ 91, 49, 11]],

[ 9, 55, 1,[ 84, 68, 66, 64, 44, 71]],

[ 56, 95, 0,[ 5, 89, 41]],

[ 17, 95, 0,[ 6, 69, 1]],

[ 68, 85, 1,[ 42, 7, 16, 78, 32, 50, 9, 19, 21, 23]],

[ 85, 95, 0,[ 63, 0, 73]],

[ 75, 95, 0,[ 94, 81, 4, 11]],

[ 93, 15, 0,[ 27, 36, 0, 53, 47]],

[ 26, 25, 1,[ 25, 62, 34, 18, 70, 37, 81]],

[ 69, 95, 0,[ 19, 17, 21]],

[ 36, 95, 0,[ 93, 86, 6]],

[ 16, 25, 0,[ 18, 40, 68]],

[ 72, 95, 0,[ 61, 65, 42]],

[ 14, 95, 0,[ 81, 96, 4]],

[ 81, 45, 1,[ 48, 91, 19, 42, 75, 34, 89, 49, 14, 38, 97, 58, 87, 26]],

[ 25, 95, 0,[ 26, 24, 20]],

[ 22, 95, 0,[ 7, 11]],

[ 42, 95, 0,[ 68, 72, 81]],

[ 39, 5, 0,[ 47, 87, 50]],

[ 99, 95, 0,[ 52, 23, 1]],

[ 49, 95, 0,[ 76, 40, 28, 13, 81]],

[ 97, 15, 0,[ 81, 53, 80]],

[ 24, 95, 0,[ 25, 74, 38]],

[ 1, 95, 0,[ 17, 99, 65]],

[ 12, 15, 0,[ 35, 41, 2]],

[ 66, 85, 0,[ 84, 9, 96]],

[ 11, 65, 1,[ 89, 22, 75, 29, 76, 8, 92, 73, 48, 52]],

[ 10, 15, 0,[ 79]],

[ 8, 5, 0,[ 11, 47, 6]],

[ 90, 95, 0,[ 82, 65, 94]],

[ 41, 95, 0,[ 0, 6, 62, 56, 57, 12]],

[ 34, 95, 0,[ 65, 81, 26, 70]],

[ 15, 95, 0,[ 65, 60, 37, 70, 83]],

[ 4, 95, 0,[ 75, 44, 14]],

[ 96, 55, 1,[ 79, 6, 44, 14, 53, 28, 67, 59, 38, 20, 66, 45]],

[ 51, 45, 0,[ 95, 0, 6]],

[ 65, 55, 1,[ 15, 30, 54, 34, 27, 0, 72, 90, 50, 98, 40, 82, 63, 1, 80, 87, 3]],

[ 91, 95, 0,[ 81, 31, 76]],

[ 95, 95, 0,[ 51, 21, 28]],

[ 45, 95, 0,[ 96, 2, 28]],

[ 5, 95, 0,[ 56, 98, 86]],

[ 0, 25, 1,[ 32, 93, 37, 33, 51, 85, 41, 77, 65, 21, 78, 86]],

[ 60, 95, 0,[ 98, 32, 50, 15]],

[ 70, 95, 0,[ 15, 34, 26]],

[ 61, 95, 0,[ 54, 72, 23]],

[ 19, 95, 0,[ 7, 68, 81, 69]],

[ 53, 15, 0,[ 96, 97, 93]],

[ 79, 5, 0,[ 55, 96, 10, 43]],

[ 43, 95, 0,[ 64, 79, 28, 62]],

[ 88, 95, 0,[ 64, 6]],

[ 55, 65, 0,[ 79, 6, 50]],

[ 87, 5, 0,[ 65, 39, 81]],

[ 48, 35, 0,[ 81, 77, 11]],

[ 29, 15, 0,[ 58, 11, 27]],

[ 3, 95, 0,[ 38, 65, 23]],

[ 28, 95, 0,[ 95, 45, 43, 49, 96]],

[ 32, 45, 0,[ 0, 60, 68]],

[ 2, 95, 1,[ 46, 45, 12, 31, 35, 80, 58]],

[ 46, 95, 0,[ 6, 2, 73, 83]],

[ 33, 25, 0,[ 0, 67, 84]],

[ 20, 95, 0,[ 64, 96, 25]],

[ 71, 65, 0,[ 9, 6, 78]],

[ 35, 15, 0,[ 63, 12, 2, 80]],

[ 58, 85, 0,[ 81, 29, 2]],

[ 64, 95, 0,[ 43, 20, 88, 9]],

[ 7, 95, 0,[ 22, 68, 19]],

[ 44, 5, 0,[ 9, 4, 96]],

[ 54, 95, 0,[ 65, 83, 13, 61]],

[ 86, 95, 0,[ 0, 5, 36]],

[ 82, 95, 0,[ 90, 57, 65]],

[ 47, 5, 0,[ 8, 93, 39]],

