[ 24, 15, 0,[ 3, 62, 35, 39]],

[ 88, 15, 0,[ 48, 13, 39]],

[ 1, 15, 0,[ 34, 5, 55]],

[ 15, 15, 0,[ 12, 92, 57]],

[ 7, 5, 0,[ 57, 48, 33]],

[ 30, 15, 0,[ 47, 42, 95]],

[ 56, 15, 0,[ 48, 16, 57, 13]],

[ 36, 15, 0,[ 48, 16, 64]],

[ 89, 15, 0,[ 48, 8, 74]],

[ 87, 15, 0,[ 21, 19, 40, 10]],

[ 0, 15, 0,[ 34, 23]],

[ 34, 15, 0,[ 1, 95, 74, 0]],

[ 63, 85, 0,[ 74, 48, 28]],

[ 78, 15, 0,[ 57, 29, 22]],

[ 13, 15, 0,[ 88, 56, 97, 57]],

[ 62, 15, 0,[ 24, 40, 74, 91]],

[ 33, 15, 0,[ 91, 93, 16, 7, 27]],

[ 64, 15, 0,[ 45, 42, 36]],

[ 18, 15, 0,[ 43, 90, 48, 11, 51]],

[ 8, 15, 0,[ 75, 89, 95, 54]],

[ 91, 15, 1,[ 73, 45, 77, 5, 62, 33, 14, 38]],

[ 25, 85, 0,[ 57, 16, 48]],

[ 35, 15, 0,[ 39, 24]],

[ 16, 65, 1,[ 59, 25, 96, 33, 90, 36, 50, 56, 21, 58]],

[ 68, 15, 0,[ 84, 19, 14]],

[ 52, 15, 0,[ 42, 57]],

[ 55, 15, 0,[ 10, 1, 44]],

[ 90, 15, 0,[ 16, 73, 18]],

[ 4, 15, 0,[ 42, 81, 20]],

[ 17, 15, 0,[ 48, 19, 61]],

[ 12, 15, 0,[ 39, 15, 57]],

[ 74, 85, 1,[ 82, 89, 41, 34, 9, 79, 62, 2, 47, 63]],

[ 31, 15, 0,[ 71, 42, 54, 41]],

[ 86, 85, 0,[ 58, 57, 69, 95, 94]],

[ 20, 15, 0,[ 48, 77, 4]],

[ 27, 15, 0,[ 33, 45, 42]],

[ 47, 15, 0,[ 30, 61, 74]],

[ 39, 5, 1,[ 79, 88, 41, 12, 70, 11, 50, 76, 24, 32, 72, 35]],

[ 97, 15, 0,[ 22, 80, 13]],

[ 66, 15, 0,[ 82, 48, 29]],

[ 98, 15, 0,[ 48, 10, 67]],

[ 3, 85, 0,[ 24, 26, 48]],

[ 22, 15, 0,[ 42, 97, 78]],

[ 82, 15, 0,[ 74, 66, 77]],

[ 50, 15, 0,[ 57, 16, 39]],

[ 10, 15, 1,[ 87, 54, 80, 23, 28, 55, 98, 77, 43, 37, 65]],

[ 99, 15, 0,[ 57, 95, 37]],

[ 43, 5, 0,[ 10, 57, 18]],

[ 93, 15, 0,[ 38, 19, 33]],

[ 80, 15, 0,[ 97, 19, 10, 69]],

[ 65, 15, 0,[ 10, 9]],

[ 59, 15, 0,[ 16, 46, 19]],

[ 60, 15, 0,[ 42, 6, 26]],

[ 81, 15, 0,[ 19, 4, 48, 42]],

[ 96, 15, 0,[ 19, 6, 57, 16]],

[ 75, 15, 0,[ 57, 70, 8]],

[ 61, 15, 0,[ 95, 47, 17]],

[ 19, 35, 1,[ 17, 81, 93, 45, 96, 53, 80, 32, 92, 59, 11, 71, 87, 68, 49]],

[ 54, 15, 0,[ 10, 31, 8]],

[ 70, 15, 0,[ 9, 75, 39]],

[ 42, 15, 1,[ 23, 52, 2, 32, 81, 22, 30, 84, 27, 44, 31, 4, 64, 60, 72]],

[ 14, 15, 0,[ 57, 46, 68, 91]],

[ 58, 15, 0,[ 16, 86]],

[ 41, 15, 0,[ 31, 39, 74]],

[ 26, 85, 0,[ 3, 60, 48, 95]],

[ 32, 15, 0,[ 19, 39, 42]],

[ 67, 15, 0,[ 6, 98, 48]],

[ 69, 15, 0,[ 80, 86, 85]],

[ 2, 85, 0,[ 42, 74, 95]],

[ 6, 15, 0,[ 67, 76, 60, 38, 92, 96]],

[ 45, 15, 0,[ 91, 19, 27, 64, 83]],

[ 40, 15, 0,[ 87, 29, 62]],

[ 72, 15, 0,[ 11, 42, 39]],

[ 57, 65, 1,[ 99, 5, 7, 75, 43, 76, 50, 86, 56, 51, 12, 14, 78, 13, 15, 53, 25, 21, 83, 96, 52]],

[ 23, 15, 0,[ 42, 0, 10]],

[ 11, 15, 0,[ 39, 72, 19, 18]],

[ 83, 15, 0,[ 37, 57, 45]],

[ 85, 15, 0,[ 69, 37, 95]],

[ 9, 15, 0,[ 74, 65, 70]],

[ 84, 15, 0,[ 48, 42, 68]],

[ 29, 15, 0,[ 78, 66, 53, 40]],

[ 51, 5, 0,[ 18, 57]],

[ 94, 85, 0,[ 86, 48, 95]],

[ 95, 15, 1,[ 34, 71, 85, 61, 49, 26, 8, 37, 30, 86, 94, 99, 28, 2]],

[ 21, 15, 0,[ 87, 16, 57]],

[ 53, 65, 0,[ 19, 57, 29]],

[ 5, 5, 0,[ 91, 57, 1]],

[ 44, 15, 0,[ 55, 48, 42, 92]],

[ 92, 15, 0,[ 6, 44, 15, 19]],

[ 37, 15, 0,[ 95, 10, 85, 99, 83]],

[ 76, 15, 0,[ 57, 6, 39]],

[ 71, 65, 0,[ 31, 95, 19]],

[ 79, 85, 0,[ 39, 48, 74]],

[ 49, 85, 0,[ 19, 95, 46]],

[ 77, 15, 0,[ 20, 82, 91, 10]],

[ 48, 65, 1,[ 89, 20, 26, 36, 25, 44, 17, 79, 66, 81, 63, 94, 84, 98, 67, 3, 88, 56, 7, 18]],

[ 46, 15, 0,[ 14, 49, 59]],

[ 73, 75, 0,[ 91, 90]],

[ 28, 15, 0,[ 63, 95, 10]],

[ 38, 15, 0,[ 91, 6, 93]],

[ 57, 85, 1,[ 47, 87, 23, 88, 15, 13, 76, 64, 49, 72, 9, 1]],

[ 77, 85, 0,[ 17, 22, 38]],

[ 78, 85, 0,[ 38, 86]],

[ 1, 85, 0,[ 63, 57, 97, 40, 21]],

[ 67, 15, 0,[ 7, 22, 42]],

[ 95, 15, 0,[ 96, 98, 22]],

[ 21, 85, 0,[ 1, 42, 10]],

[ 94, 85, 0,[ 39, 31, 37]],

[ 18, 85, 0,[ 38, 25, 40]],

[ 36, 15, 0,[ 10, 42, 29]],

[ 17, 15, 0,[ 77, 22, 7, 79]],

[ 13, 85, 0,[ 57, 50, 74]],

[ 52, 85, 0,[ 47, 64]],

[ 69, 85, 0,[ 39, 40, 38, 26]],

[ 39, 35, 1,[ 3, 69, 63, 49, 19, 94, 40, 82, 62, 35, 8, 66, 55, 27, 33, 32]],

[ 5, 85, 0,[ 46, 22, 92, 30]],

[ 7, 15, 0,[ 17, 67, 38]],

[ 43, 85, 0,[ 48, 22, 16]],

[ 12, 85, 0,[ 41, 89]],

[ 82, 85, 0,[ 33, 10, 6, 39, 70]],

[ 16, 85, 0,[ 48, 76, 43]],

[ 9, 25, 0,[ 57, 10]],

[ 3, 85, 0,[ 48, 75, 58, 39]],

[ 23, 85, 0,[ 57, 25]],

[ 96, 5, 0,[ 53, 95, 10]],

[ 11, 85, 0,[ 42, 88, 48, 68]],

[ 38, 65, 1,[ 18, 7, 78, 59, 68, 4, 97, 63, 85, 99, 69, 77, 14, 62]],

[ 87, 15, 0,[ 48, 57, 56, 91]],

[ 49, 85, 0,[ 98, 39, 57]],

[ 90, 85, 0,[ 10, 89, 48]],

[ 73, 85, 0,[ 10, 8, 61]],

[ 76, 85, 0,[ 16, 42, 57]],

[ 53, 5, 0,[ 25, 32, 96]],

[ 98, 25, 1,[ 49, 34, 37, 75, 68, 95, 2, 50, 46]],

[ 30, 85, 0,[ 5]],

[ 37, 85, 0,[ 94, 22, 98]],

[ 8, 65, 0,[ 74, 39, 73]],

[ 66, 85, 0,[ 39, 24, 79]],

[ 0, 85, 0,[ 48, 22, 10]],

[ 99, 85, 0,[ 28, 62, 25, 35, 38]],

[ 89, 85, 0,[ 65, 48, 90, 12]],

[ 45, 85, 0,[ 31, 10]],

[ 54, 15, 0,[ 42, 22, 84]],

[ 71, 15, 0,[ 29, 22, 10]],

[ 58, 85, 0,[ 3]],

[ 70, 85, 0,[ 82, 50, 10]],

[ 47, 85, 0,[ 57, 80, 52, 48]],

[ 41, 85, 0,[ 25, 83, 48, 12]],

[ 80, 85, 0,[ 48, 42, 47]],

[ 88, 85, 0,[ 57, 11, 10]],

[ 22, 65, 1,[ 67, 71, 54, 56, 10, 5, 77, 28, 0, 17, 95, 43, 37]],

[ 51, 65, 0,[ 6, 74, 25]],

[ 28, 15, 0,[ 99, 22, 42]],

[ 92, 85, 0,[ 55, 5, 33, 74]],

[ 68, 85, 0,[ 11, 38, 98]],

[ 61, 85, 0,[ 73, 2, 24]],

[ 2, 85, 0,[ 98, 61, 25]],

[ 65, 85, 0,[ 10, 42, 89]],

[ 97, 85, 0,[ 48, 38, 1]],

[ 91, 15, 0,[ 42, 87, 74]],

[ 25, 85, 1,[ 2, 99, 59, 41, 20, 53, 18, 27, 23, 51]],

[ 32, 65, 0,[ 74, 53, 39]],

[ 86, 85, 0,[ 31, 42, 78]],

[ 29, 15, 0,[ 71, 36, 14]],

[ 27, 85, 0,[ 25, 39]],

[ 26, 85, 0,[ 10, 75, 69]],

[ 93, 85, 0,[ 48, 60, 85]],

[ 15, 85, 0,[ 57, 10, 24]],

[ 34, 85, 0,[ 98, 55, 10]],

[ 20, 65, 0,[ 74, 14, 25]],

[ 60, 85, 0,[ 59, 93]],

[ 31, 85, 0,[ 45, 86, 94]],

[ 50, 85, 0,[ 98, 13, 70]],

[ 81, 85, 0,[ 72]],

[ 83, 85, 0,[ 10, 41]],

[ 42, 85, 1,[ 4, 91, 36, 11, 76, 86, 28, 65, 80, 54, 67, 21]],

[ 74, 85, 1,[ 85, 51, 91, 24, 13, 8, 92, 20, 32]],

[ 35, 85, 0,[ 99, 10, 39]],

[ 56, 15, 0,[ 87, 22]],

[ 40, 85, 0,[ 1, 18, 39, 69]],

[ 63, 85, 0,[ 38, 1, 39]],

[ 72, 85, 0,[ 81, 57, 84]],

[ 19, 85, 0,[ 39, 84, 48]],

[ 64, 85, 0,[ 52, 75, 57]],

[ 6, 85, 0,[ 82, 51]],

[ 59, 85, 0,[ 60, 25, 38]],

[ 85, 85, 0,[ 93, 74, 38]],

[ 79, 85, 0,[ 4, 66, 17]],

[ 62, 85, 0,[ 38, 99, 39]],

[ 33, 85, 0,[ 92, 39, 82]],

[ 4, 85, 0,[ 42, 79, 38]],

[ 14, 65, 0,[ 20, 29, 38]],

[ 44, 85, 0,[]],

[ 84, 85, 0,[ 19, 72, 54]],

[ 46, 85, 0,[ 10, 5, 98]],

[ 24, 85, 0,[ 74, 61, 66, 48, 15]],

[ 75, 85, 0,[ 26, 64, 3, 98]],

[ 48, 15, 1,[ 89, 47, 11, 43, 16, 93, 87, 90, 19, 3, 97, 80, 41, 24, 0]],

[ 55, 85, 0,[ 34, 39, 92]],

[ 10, 85, 1,[ 65, 88, 90, 36, 70, 21, 0, 82, 9, 35, 96, 83, 22, 73, 26, 45, 15, 34, 46, 71]],

