[ 68, 15, 0,[ 90]],

[ 2, 15, 0,[ 90, 69, 10]],

[ 18, 35, 0,[ 90]],

[ 56, 35, 0,[ 91]],

[ 35, 35, 0,[ 16, 10, 90]],

[ 29, 15, 0,[ 10, 90, 69]],

[ 91, 85, 1,[ 85, 6, 87, 80, 65, 76, 12, 43, 51, 49, 8, 47, 7, 1, 53, 20, 56, 64, 79, 73, 88, 54, 19, 13, 89, 33, 94, 14, 84, 50, 31, 86, 62, 67, 26, 81, 11, 38, 92, 25, 93, 82, 71, 15, 77, 60, 96, 36, 23, 4, 45, 52]],

[ 17, 35, 0,[ 90, 69, 98]],

[ 85, 35, 0,[ 91, 90, 69]],

[ 10, 25, 1,[ 29, 33, 0, 50, 46, 94, 34, 55, 14, 62, 2, 81, 48, 35, 44, 9]],

[ 44, 35, 0,[ 39, 10, 90]],

[ 6, 35, 0,[ 69, 39, 91]],

[ 98, 25, 1,[ 53, 27, 24, 48, 86, 83, 75, 99, 92, 13, 12, 17, 59]],

[ 3, 35, 0,[ 90]],

[ 39, 15, 1,[ 67, 20, 1, 65, 99, 38, 32, 78, 53, 27, 55, 63, 70, 6, 44, 57, 79, 89]],

[ 21, 35, 0,[ 90]],

[ 71, 25, 0,[ 90, 82, 91]],

[ 4, 35, 0,[ 47, 91]],

[ 53, 35, 0,[ 91, 39, 98]],

[ 97, 35, 0,[ 90, 69]],

[ 66, 35, 0,[ 90, 82, 69]],

[ 89, 35, 0,[ 39, 76, 69, 91]],

[ 34, 35, 0,[ 90, 69, 10]],

[ 52, 35, 0,[ 91, 90]],

[ 69, 55, 1,[ 66, 60, 94, 23, 36, 78, 77, 34, 38, 51, 45, 59, 80, 7, 29, 97, 0, 49, 83, 46, 70, 72, 41, 88, 30, 28, 17, 47, 32, 92, 55, 76, 73, 99, 2, 5, 1, 27, 22, 85, 58, 75, 24, 61, 96, 31, 63, 89, 74, 8, 40, 95, 87, 6]],

[ 23, 35, 0,[ 69, 91, 90]],

[ 46, 35, 0,[ 90, 10, 69]],

[ 58, 35, 0,[ 16, 90, 69]],

[ 87, 15, 0,[ 91, 69, 74]],

[ 93, 35, 0,[ 90, 91]],

[ 33, 35, 0,[ 90, 91, 10]],

[ 95, 35, 0,[ 69, 90, 5]],

[ 76, 25, 0,[ 91, 69, 89]],

[ 49, 35, 0,[ 69, 91, 77]],

[ 8, 15, 0,[ 51, 69, 91]],

[ 78, 35, 0,[ 90, 69, 39]],

[ 38, 35, 0,[ 69, 91, 39]],

[ 60, 35, 0,[ 16, 91, 69]],

[ 55, 35, 0,[ 39, 69, 10]],

[ 57, 35, 0,[ 65, 39, 90]],

[ 27, 15, 0,[ 39, 69, 98]],

[ 45, 35, 0,[ 91, 69]],

[ 75, 35, 0,[ 98, 69, 16]],

[ 99, 35, 0,[ 39, 98, 69]],

[ 84, 35, 0,[ 37, 91]],

[ 77, 35, 0,[ 49, 40, 91, 69]],

[ 74, 35, 1,[ 87, 22, 69, 16, 42]],

[ 19, 25, 0,[ 16, 28, 91]],

[ 50, 25, 0,[ 10, 91]],

[ 13, 35, 0,[ 98, 91, 41]],

[ 43, 35, 0,[ 91, 20]],

[ 72, 35, 0,[ 69, 90]],

[ 83, 35, 0,[ 98, 69, 16]],

[ 48, 35, 1,[ 98, 10, 42]],

[ 20, 25, 0,[ 43, 39, 91]],

[ 73, 35, 0,[ 91, 69]],

[ 62, 35, 0,[ 90, 91, 10]],

[ 0, 35, 0,[ 16, 69, 10]],

[ 47, 25, 0,[ 69, 91, 4]],

[ 1, 15, 0,[ 91, 39, 69]],

[ 80, 35, 0,[ 90, 91, 69]],

[ 5, 15, 0,[ 90, 95, 69]],

[ 86, 35, 0,[ 98, 90, 91]],

[ 11, 15, 0,[ 90, 91]],

[ 94, 35, 0,[ 10, 69, 91]],

[ 15, 35, 0,[ 91, 90]],

[ 70, 35, 0,[ 90, 39, 69]],

[ 41, 35, 0,[ 69, 13]],

[ 7, 35, 0,[ 91, 69]],

[ 40, 25, 0,[ 90, 69, 77]],

[ 30, 35, 0,[ 69]],

[ 90, 95, 1,[ 31, 88, 93, 52, 85, 97, 59, 28, 11, 68, 32, 95, 33, 62, 5, 44, 54, 96, 14, 72, 46, 79, 57, 25, 67, 81, 71, 40, 2, 64, 18, 21, 35, 66, 82, 3, 86, 63, 15, 70, 80, 61, 34, 17, 58, 24, 12, 23, 78, 29]],

[ 64, 35, 0,[ 91, 90]],

[ 82, 15, 0,[ 90, 66, 71, 91]],

[ 54, 15, 0,[ 90, 91]],

[ 9, 35, 0,[ 10]],

[ 37, 25, 0,[ 84, 16]],

[ 28, 35, 0,[ 19, 90, 69]],

[ 16, 15, 1,[ 61, 0, 75, 83, 74, 37, 58, 19, 60, 35, 42]],

[ 59, 35, 0,[ 90, 98, 69]],

[ 12, 35, 0,[ 98, 90, 91]],

[ 25, 35, 0,[ 90, 91]],

[ 24, 15, 0,[ 69, 90, 98]],

[ 32, 35, 0,[ 90, 69, 39]],

[ 51, 35, 0,[ 91, 8, 69]],

[ 22, 35, 0,[ 69, 74]],

[ 79, 35, 0,[ 91, 39, 90]],

[ 42, 35, 1,[ 74, 48, 16]],

[ 61, 35, 0,[ 16, 90, 69]],

[ 63, 35, 0,[ 69, 39, 90]],

[ 88, 35, 0,[ 69, 90, 91]],

[ 36, 35, 0,[ 69, 91]],

[ 14, 35, 0,[ 90, 10, 91]],

[ 96, 35, 0,[ 90, 91, 69]],

[ 81, 25, 0,[ 91, 10, 90]],

[ 26, 35, 0,[ 91]],

[ 65, 35, 0,[ 57, 91, 39]],

[ 92, 35, 0,[ 98, 69, 91]],

[ 67, 35, 0,[ 39, 90, 91]],

[ 31, 35, 0,[ 91, 69, 90]],

