[ 34, 15, 0,[]],

[ 51, 65, 0,[ 80, 12]],

[ 59, 95, 0,[ 26, 45]],

[ 23, 85, 0,[ 89, 49, 26]],

[ 21, 85, 0,[]],

[ 26, 95, 1,[ 31, 0, 23, 30, 62, 94, 86, 27, 59]],

[ 33, 15, 0,[]],

[ 1, 15, 0,[ 81, 49, 70]],

[ 4, 45, 1,[ 25, 44, 83, 87, 22, 80, 5]],

[ 81, 95, 1,[ 1, 77, 24, 11, 73, 78]],

[ 12, 65, 0,[ 0, 51, 90]],

[ 98, 85, 0,[ 79, 18, 2]],

[ 11, 5, 1,[ 65, 37, 13, 25, 81, 94, 18]],

[ 89, 85, 1,[ 23, 48, 16]],

[ 22, 85, 0,[ 61, 29, 4]],

[ 47, 85, 0,[]],

[ 42, 95, 0,[]],

[ 62, 95, 0,[ 9, 26]],

[ 84, 65, 0,[ 8, 0, 27, 86]],

[ 30, 95, 0,[ 26, 50]],

[ 92, 85, 0,[ 16]],

[ 24, 95, 0,[ 81]],

[ 5, 45, 0,[ 4]],

[ 86, 35, 0,[ 26, 44, 84]],

[ 36, 85, 0,[ 10]],

[ 54, 65, 0,[]],

[ 0, 65, 1,[ 74, 12, 32, 65, 26, 44, 84]],

[ 41, 85, 0,[]],

[ 68, 45, 0,[ 25]],

[ 75, 65, 0,[ 32]],

[ 19, 35, 0,[]],

[ 28, 85, 0,[]],

[ 88, 85, 0,[]],

[ 99, 95, 0,[]],

[ 76, 15, 0,[ 49, 44, 74]],

[ 71, 85, 0,[]],

[ 97, 5, 0,[]],

[ 25, 45, 0,[ 11, 68, 4]],

[ 15, 85, 0,[]],

[ 43, 85, 0,[]],

[ 83, 45, 0,[ 45, 4]],

[ 39, 65, 0,[ 87, 13, 27]],

[ 67, 65, 0,[ 2, 44, 17]],

[ 48, 15, 0,[ 89, 70]],

[ 66, 35, 0,[]],

[ 56, 85, 0,[ 58, 6, 8]],

[ 27, 95, 0,[ 84, 39, 26]],

[ 9, 85, 0,[ 62, 55, 94, 49]],

[ 87, 45, 0,[ 4, 80, 39]],

[ 40, 85, 0,[]],

[ 13, 65, 0,[ 11, 39, 2]],

[ 58, 85, 0,[ 49, 6, 56]],

[ 72, 35, 0,[ 44, 49]],

[ 77, 85, 0,[ 79, 52, 3, 81]],

[ 29, 95, 0,[ 31, 22, 49]],

[ 64, 65, 0,[]],

[ 2, 65, 1,[ 35, 67, 13, 98]],

[ 90, 85, 0,[ 12, 7]],

[ 31, 95, 0,[ 26, 29]],

[ 17, 85, 0,[ 93, 73, 67]],

[ 49, 15, 1,[ 7, 82, 58, 44, 1, 78, 29, 9, 3, 76, 72, 23]],

[ 38, 15, 0,[]],

[ 20, 85, 0,[]],

[ 44, 35, 1,[ 4, 72, 91, 76, 49, 67, 0, 86]],

[ 93, 85, 0,[ 6, 17, 55]],

[ 50, 95, 0,[ 30]],

[ 85, 85, 0,[]],

[ 46, 85, 0,[]],

[ 53, 85, 0,[]],

[ 7, 85, 0,[ 90, 3, 49]],

[ 65, 95, 0,[ 8, 78, 0, 11]],

[ 74, 15, 0,[ 76, 0, 70]],

[ 70, 15, 0,[ 1, 74, 48, 94]],

[ 80, 45, 0,[ 51, 35, 4, 87]],

[ 91, 65, 0,[ 35, 8, 44]],

[ 79, 85, 0,[ 77, 98, 32]],

[ 60, 85, 0,[]],

[ 95, 45, 0,[]],

[ 82, 15, 0,[ 49]],

[ 16, 85, 0,[ 92, 89]],

[ 32, 65, 0,[ 79, 75, 0]],

[ 14, 65, 0,[]],

[ 3, 85, 0,[ 77, 7, 49]],

[ 73, 85, 0,[ 81, 18, 17]],

[ 37, 5, 0,[ 11, 45]],

[ 8, 85, 1,[ 65, 84, 61, 56, 91]],

[ 94, 85, 0,[ 9, 11, 26, 70]],

[ 55, 85, 0,[ 93, 9]],

[ 61, 85, 0,[ 22, 8]],

[ 96, 85, 0,[]],

[ 52, 85, 0,[ 77]],

[ 63, 5, 0,[]],

[ 35, 65, 0,[ 91, 80, 2]],

[ 18, 85, 0,[ 98, 73, 11]],

[ 45, 95, 0,[ 83, 37, 59]],

[ 10, 85, 0,[ 36]],

[ 69, 15, 0,[]],

[ 6, 85, 0,[ 93, 56, 58]],

[ 57, 15, 0,[]],

[ 78, 95, 0,[ 49, 81, 65]],

