[ 50, 15, 0,[ 56, 82, 36]],

[ 87, 45, 1,[ 0, 62, 5, 81, 44]],

[ 76, 15, 0,[ 14, 21, 28]],

[ 45, 25, 1,[ 17, 64, 26, 61]],

[ 84, 35, 0,[ 83, 21]],

[ 75, 15, 1,[ 9, 3, 88]],

[ 19, 5, 1,[ 37, 41]],

[ 86, 5, 1,[ 58, 3, 57, 99]],

[ 59, 75, 1,[ 29, 98, 90]],

[ 17, 15, 0,[ 57, 45, 41]],

[ 55, 15, 0,[ 48, 27, 88, 58]],

[ 62, 15, 0,[ 87, 83, 21]],

[ 37, 15, 1,[ 98, 19, 65, 35]],

[ 83, 15, 1,[ 62, 7, 84, 20, 47]],

[ 11, 15, 0,[ 32, 74, 21]],

[ 91, 15, 1,[ 26, 29, 1]],

[ 68, 15, 0,[ 25, 10, 85]],

[ 39, 15, 1,[ 15, 67, 40, 61, 2, 16]],

[ 27, 15, 1,[ 56, 55, 98, 66]],

[ 74, 25, 1,[ 96, 11, 94, 16, 47, 70, 12]],

[ 81, 15, 0,[ 54, 63, 87, 90]],

[ 24, 15, 1,[ 88, 71, 13, 99]],

[ 20, 15, 0,[ 83, 48, 21]],

[ 47, 15, 0,[ 83, 4, 48, 74]],

[ 71, 45, 1,[ 94, 79, 22, 24]],

[ 58, 15, 0,[ 86, 51, 55]],

[ 80, 15, 0,[ 73, 33]],

[ 52, 15, 0,[ 23, 56, 88]],

[ 34, 15, 0,[ 70, 78, 79]],

[ 97, 15, 0,[ 53, 56]],

[ 36, 85, 1,[ 50, 92, 33]],

[ 78, 15, 1,[ 41, 65, 34]],

[ 25, 5, 1,[ 68, 51]],

[ 1, 15, 0,[ 54, 22, 91]],

[ 15, 15, 0,[ 39, 73, 70]],

[ 94, 15, 0,[ 74, 71, 13]],

[ 51, 15, 1,[ 6, 5, 25, 7, 58]],

[ 8, 15, 0,[ 41, 31, 57]],

[ 35, 15, 0,[ 67, 37, 63]],

[ 31, 35, 1,[ 69, 46, 77, 8]],

[ 65, 15, 0,[ 37, 23, 28, 78, 12]],

[ 99, 15, 0,[ 24, 86, 98]],

[ 88, 15, 1,[ 75, 52, 24, 40, 55, 63]],

[ 22, 15, 1,[ 77, 26, 1, 71, 18, 2, 5]],

[ 23, 15, 1,[ 48, 54, 65, 52]],

[ 63, 75, 1,[ 35, 88, 81, 67, 18]],

[ 67, 15, 1,[ 35, 39, 63, 12]],

[ 21, 75, 1,[ 11, 84, 3, 82, 76, 20, 95, 29, 62, 10]],

[ 64, 15, 0,[ 72, 38, 45]],

[ 61, 15, 0,[ 53, 39, 45]],

[ 89, 15, 0,[ 30, 69, 14]],

[ 69, 15, 1,[ 79, 89, 31]],

[ 82, 45, 1,[ 21, 66, 38, 50, 18]],

[ 5, 15, 0,[ 87, 22, 51]],

[ 92, 15, 0,[ 56, 36, 10]],

[ 14, 35, 1,[ 76, 89, 72]],

[ 13, 55, 1,[ 24, 94, 30, 98]],

[ 46, 15, 0,[ 32, 31, 60]],

[ 49, 15, 0,[ 95, 60]],

[ 56, 15, 1,[ 50, 52, 97, 92, 27]],

[ 16, 15, 0,[ 39, 74, 72]],

[ 6, 15, 0,[ 33, 51, 73]],

[ 12, 15, 0,[ 74, 65, 67]],

[ 70, 35, 1,[ 74, 15, 34]],

[ 57, 15, 1,[ 86, 30, 17, 8]],

[ 32, 15, 1,[ 11, 44, 43, 46]],

[ 0, 95, 0,[ 87, 28, 90]],

[ 73, 15, 1,[ 80, 15, 93, 6, 48]],

[ 41, 85, 1,[ 17, 19, 8, 78]],

[ 66, 15, 0,[ 82, 98, 27]],

[ 26, 15, 0,[ 22, 91, 45]],

[ 48, 5, 1,[ 47, 73, 55, 20, 23, 72, 42, 93]],

[ 29, 25, 0,[ 59, 91, 85, 21]],

[ 85, 45, 1,[ 68, 10, 29]],

[ 98, 75, 1,[ 27, 99, 59, 37, 13, 66]],

[ 96, 15, 0,[ 74, 72]],

[ 95, 85, 1,[ 49, 21, 77]],

[ 38, 35, 1,[ 82, 79, 64]],

[ 77, 15, 0,[ 42, 22, 31, 95]],

[ 18, 15, 0,[ 22, 63, 82]],

[ 10, 15, 1,[ 85, 21, 68, 92, 9]],

[ 90, 15, 1,[ 59, 44, 0, 2, 81]],

[ 7, 15, 0,[ 93, 83, 51]],

[ 28, 45, 1,[ 76, 0, 4, 65]],

[ 43, 15, 0,[ 32, 60, 42]],

[ 9, 15, 0,[ 75, 53, 10]],

[ 40, 15, 0,[ 39, 88]],

[ 54, 15, 0,[ 23, 81, 1]],

[ 60, 15, 1,[ 49, 46, 43]],

[ 30, 15, 1,[ 89, 57, 13]],

[ 42, 15, 1,[ 43, 48, 77]],

[ 33, 45, 1,[ 6, 36, 80]],

[ 79, 15, 0,[ 69, 71, 34, 38]],

[ 4, 15, 0,[ 28, 47]],

[ 44, 15, 0,[ 87, 32, 90]],

[ 93, 15, 1,[ 73, 48, 7]],

[ 2, 15, 0,[ 39, 90, 22]],

[ 72, 15, 1,[ 64, 14, 16, 48, 96]],

[ 53, 35, 1,[ 97, 61, 9]],

[ 3, 15, 0,[ 21, 86, 75]],

[ 50, 75, 0,[ 86, 45, 99]],

[ 25, 85, 1,[ 72, 46, 94, 93]],

[ 69, 45, 1,[ 97, 94, 18, 87]],

[ 42, 75, 1,[ 20, 0, 7, 58]],

[ 85, 75, 1,[ 72, 91, 70, 65, 43]],

[ 53, 25, 1,[ 57, 83, 55, 9]],

[ 7, 25, 0,[ 52, 23, 42]],

[ 44, 75, 0,[ 75, 14, 49, 45]],

[ 72, 75, 1,[ 38, 25, 5, 85]],

[ 39, 15, 1,[ 77, 61, 12, 94, 37]],

[ 76, 75, 0,[ 33, 41, 96]],

[ 58, 75, 0,[ 2, 48, 42, 30]],

[ 43, 75, 0,[ 85, 62, 36]],

[ 6, 75, 0,[ 71, 41, 33]],

[ 79, 75, 0,[ 30]],

[ 30, 75, 1,[ 79, 35, 81, 11, 58, 71]],

[ 1, 75, 0,[ 70, 11, 86]],

[ 56, 75, 1,[ 83, 68, 17, 64, 23]],

[ 81, 75, 0,[ 30, 31, 16]],

[ 19, 5, 1,[ 34, 9, 32, 93, 77, 40]],

[ 3, 75, 0,[ 23, 88, 71]],

[ 33, 75, 1,[ 6, 76, 14, 48]],

[ 40, 75, 0,[ 74, 83, 19]],

[ 93, 75, 0,[ 25, 74, 19]],

[ 10, 75, 0,[ 82]],

[ 51, 75, 1,[ 9, 89, 29, 27, 57, 15]],

[ 46, 35, 1,[ 34, 25, 15]],

[ 67, 75, 0,[ 57, 73, 41, 24]],

[ 80, 75, 0,[ 14, 78, 64, 22]],

[ 16, 75, 1,[ 88, 81, 15]],

[ 29, 75, 0,[ 70, 49, 51]],

[ 12, 75, 0,[ 39, 82, 75, 28]],

[ 21, 75, 1,[ 26, 0, 27]],

[ 23, 75, 1,[ 7, 20, 3, 89, 56]],

[ 95, 45, 1,[ 38, 31, 54]],

[ 17, 15, 1,[ 56, 98, 8, 99]],

[ 84, 75, 0,[ 63, 22]],

[ 96, 75, 0,[ 94, 4, 76]],

[ 13, 75, 0,[ 45, 28, 87]],

[ 57, 75, 1,[ 24, 51, 67, 53]],

[ 74, 5, 1,[ 40, 98, 93]],

[ 59, 45, 1,[ 60, 31, 55]],

[ 5, 75, 0,[ 72, 86]],

[ 55, 75, 0,[ 22, 59, 53]],

[ 64, 75, 0,[ 80, 56, 71]],

[ 98, 15, 1,[ 47, 17, 74]],

[ 89, 75, 0,[ 23, 36, 51]],

[ 4, 75, 0,[ 96, 63, 36, 97]],

[ 8, 75, 0,[ 17, 41, 28]],

[ 32, 85, 1,[ 45, 19, 26]],

[ 36, 35, 1,[ 89, 4, 26, 43]],

[ 20, 25, 0,[ 42, 23, 91]],

[ 0, 75, 0,[ 42, 83, 21, 63]],

[ 61, 75, 0,[ 39]],

[ 60, 75, 1,[ 87, 59, 73, 78, 65]],

[ 14, 75, 1,[ 44, 88, 33, 80]],

[ 91, 75, 1,[ 85, 52, 38, 20]],

[ 63, 75, 1,[ 4, 84, 0]],

[ 18, 75, 0,[ 69]],

[ 27, 75, 0,[ 51, 21, 47]],

[ 9, 75, 0,[ 53, 51, 19]],

[ 78, 75, 0,[ 60, 87, 80]],

[ 90, 15, 1,[ 37, 75, 82, 22]],

[ 37, 45, 1,[ 39, 35, 90, 11, 2]],

[ 77, 75, 0,[ 19, 75, 39]],

[ 99, 75, 0,[ 50, 73, 17]],

[ 49, 75, 0,[ 62, 44, 29, 47]],

[ 26, 35, 0,[ 38, 21, 32, 36]],

[ 97, 75, 0,[ 86, 4, 69, 87]],

[ 48, 75, 1,[ 33, 73, 58]],

[ 31, 45, 1,[ 81, 59, 95]],

[ 66, 75, 0,[]],

[ 11, 75, 0,[ 30, 1, 37]],

[ 45, 75, 1,[ 32, 44, 13, 50]],

[ 82, 15, 1,[ 90, 12, 10]],

[ 47, 75, 1,[ 27, 98, 49]],

[ 41, 75, 1,[ 35, 76, 67, 6, 8]],

[ 22, 15, 1,[ 62, 92, 84, 80, 55, 90]],

[ 15, 75, 0,[ 46, 16, 51]],

[ 52, 75, 0,[ 7, 91]],

[ 70, 75, 1,[ 29, 24, 94, 85, 1]],

[ 34, 75, 0,[ 46, 19]],

[ 2, 75, 0,[ 37, 94, 58]],

[ 73, 75, 1,[ 48, 92, 99, 28, 60, 67]],

[ 88, 45, 1,[ 3, 16, 14]],

[ 92, 75, 0,[ 73, 22]],

[ 83, 35, 1,[ 40, 53, 0, 56]],

[ 75, 75, 1,[ 12, 44, 90, 77]],

[ 62, 85, 1,[ 22, 43, 49]],

[ 35, 75, 0,[ 30, 41, 37]],

[ 86, 25, 1,[ 50, 97, 1, 5]],

[ 71, 75, 1,[ 3, 64, 6, 30]],

[ 38, 15, 1,[ 95, 26, 91, 72]],

[ 24, 75, 1,[ 67, 70, 57]],

[ 68, 75, 0,[ 56]],

[ 94, 75, 1,[ 2, 25, 70, 96, 69, 39]],

[ 87, 15, 1,[ 60, 54, 97, 78, 13, 69]],

[ 54, 75, 0,[ 87, 95]],

[ 65, 75, 0,[ 60, 85]],

[ 28, 75, 1,[ 13, 8, 73, 12]],

