[ 92, 15, 0,[ 50, 44, 17, 49, 37]],

[ 88, 85, 0,[ 3, 40, 77]],

[ 81, 45, 1,[ 20, 2, 26, 56]],

[ 58, 75, 0,[ 35, 49, 15]],

[ 12, 75, 0,[ 48, 15, 11]],

[ 41, 85, 0,[ 78, 44, 33]],

[ 78, 85, 0,[ 27, 79, 41]],

[ 20, 45, 0,[ 81, 0, 48]],

[ 95, 15, 0,[ 89, 86, 79]],

[ 19, 85, 0,[ 11, 55, 61]],

[ 17, 15, 0,[ 86, 92, 26, 87]],

[ 74, 85, 0,[ 4, 64, 60]],

[ 31, 15, 0,[ 32, 1, 23]],

[ 32, 15, 0,[ 99, 25, 97, 31]],

[ 68, 15, 0,[ 22, 7, 84, 9, 45]],

[ 35, 65, 0,[ 23, 58, 73]],

[ 72, 45, 0,[ 25, 16, 47, 14, 89]],

[ 27, 85, 0,[ 78, 98, 26]],

[ 55, 15, 0,[ 2, 93, 19, 38]],

[ 49, 85, 1,[ 92, 7, 99, 58, 2]],

[ 13, 15, 0,[ 52, 47, 85]],

[ 1, 15, 0,[ 43, 31, 73, 5]],

[ 66, 85, 0,[ 9, 5, 53]],

[ 84, 15, 0,[ 83, 97, 68]],

[ 73, 65, 0,[ 33, 1, 35]],

[ 67, 15, 0,[ 0, 59, 71, 34]],

[ 43, 85, 0,[ 1, 60, 65]],

[ 45, 45, 0,[ 68, 89, 70]],

[ 56, 45, 0,[ 83, 81, 18]],

[ 76, 65, 0,[ 39, 94, 0]],

[ 25, 45, 0,[ 32, 72, 34]],

[ 22, 85, 0,[ 68, 14, 5, 47]],

[ 93, 15, 0,[ 4, 55]],

[ 57, 15, 0,[ 39, 65]],

[ 90, 85, 0,[ 53, 77, 21]],

[ 69, 85, 0,[ 75, 6, 91]],

[ 18, 15, 0,[ 34, 46, 56]],

[ 23, 65, 0,[ 31, 35, 61]],

[ 44, 65, 1,[ 63, 41, 91, 8, 92, 54]],

[ 48, 75, 0,[ 85, 52, 20, 12]],

[ 87, 45, 0,[ 98, 53, 17, 28, 96]],

[ 52, 15, 0,[ 48, 94, 13]],

[ 98, 85, 0,[ 87, 27, 85]],

[ 82, 75, 0,[ 37, 30, 3]],

[ 5, 85, 0,[ 1, 22, 66]],

[ 85, 75, 0,[ 48, 13, 11, 98]],

[ 64, 85, 0,[ 74, 97, 28]],

[ 59, 75, 0,[ 51, 67, 11]],

[ 80, 15, 0,[ 50, 0, 42]],

[ 83, 45, 0,[ 84, 75, 56]],

[ 28, 45, 0,[ 24, 87, 64]],

[ 14, 85, 0,[ 22, 72]],

[ 9, 65, 1,[ 46, 68, 29, 66]],

[ 34, 15, 0,[ 67, 25, 18]],

[ 6, 15, 1,[ 69, 79, 26, 97, 91]],

[ 91, 85, 0,[ 44, 69, 6]],

[ 51, 45, 0,[ 96, 89, 59]],

[ 75, 45, 0,[ 69, 83, 26]],

[ 29, 15, 0,[ 9, 8, 54]],

[ 54, 45, 0,[ 70, 62, 29, 44, 26]],

[ 37, 15, 0,[ 96, 82, 92]],

[ 33, 85, 0,[ 40, 73, 41]],

[ 10, 45, 0,[ 77, 8, 96]],

[ 7, 15, 0,[ 30, 49, 36, 68]],

[ 46, 45, 0,[ 26, 18, 9]],

[ 42, 15, 0,[ 99, 80, 94]],

[ 0, 65, 1,[ 80, 76, 20, 67]],

[ 24, 45, 0,[ 28, 77]],

[ 16, 15, 0,[ 62, 86, 72]],

[ 38, 15, 0,[ 55, 36, 71]],

[ 61, 85, 0,[ 19, 40, 23]],

[ 60, 45, 0,[ 74, 43, 99, 89]],

[ 96, 45, 1,[ 37, 89, 10, 51, 87, 3]],

[ 39, 15, 0,[ 57, 50, 76]],

[ 8, 15, 0,[ 4, 44, 10, 29]],

[ 71, 15, 0,[ 38, 67, 63]],

[ 62, 85, 0,[ 54, 16, 65]],

[ 99, 15, 0,[ 42, 32, 60, 49]],

[ 94, 85, 0,[ 21, 52, 76, 42]],

[ 47, 85, 0,[ 70, 22, 72, 13]],

[ 53, 85, 0,[ 66, 87, 90]],

[ 86, 15, 0,[ 95, 2, 16, 17]],

[ 70, 45, 0,[ 54, 45, 47]],

[ 2, 15, 1,[ 81, 55, 63, 86, 49]],

[ 50, 15, 0,[ 39, 26, 92, 80]],

[ 21, 85, 0,[ 90, 94, 30]],

[ 63, 15, 0,[ 71, 44, 2]],

[ 26, 45, 1,[ 27, 46, 81, 6, 54, 50, 17, 75]],

[ 97, 15, 0,[ 32, 6, 84, 64]],

[ 79, 15, 0,[ 95, 6, 78]],

[ 89, 45, 0,[ 96, 51, 60, 95, 45, 72]],

[ 30, 75, 0,[ 7, 82, 21]],

[ 36, 15, 0,[ 38, 7, 15]],

[ 11, 75, 1,[ 59, 19, 85, 12]],

[ 4, 15, 0,[ 74, 93, 8]],

[ 3, 85, 0,[ 82, 88, 96]],

[ 77, 85, 0,[ 90, 10, 24, 88]],

[ 15, 75, 0,[ 58, 12, 36]],

[ 40, 85, 0,[ 33, 88, 61]],

[ 65, 85, 0,[ 57, 43, 62]],

