[ 42, 65, 0,[ 86, 58, 71]],

[ 87, 65, 0,[ 78, 38, 82, 99]],

[ 51, 65, 0,[ 71, 44, 11]],

[ 16, 65, 0,[ 76, 39, 22]],

[ 43, 65, 0,[ 99, 62, 60]],

[ 41, 65, 0,[ 25, 94, 81, 71]],

[ 66, 65, 0,[ 34, 0, 49]],

[ 5, 65, 0,[ 20, 21, 3]],

[ 78, 65, 0,[ 87, 22, 30]],

[ 90, 65, 0,[ 60, 40, 31]],

[ 68, 65, 0,[ 61, 4, 44, 24, 79]],

[ 89, 65, 0,[ 49, 27, 11]],

[ 98, 65, 0,[ 77, 48, 72]],

[ 19, 65, 0,[ 54, 81, 70]],

[ 33, 65, 0,[ 74, 94]],

[ 94, 65, 0,[ 46, 9, 41, 56, 33]],

[ 74, 65, 0,[ 88, 2, 33]],

[ 26, 65, 1,[ 81, 44, 59, 40, 79]],

[ 1, 65, 0,[ 50, 67, 39]],

[ 83, 65, 0,[ 49, 65, 11]],

[ 36, 65, 0,[ 53, 45, 44, 56]],

[ 29, 65, 0,[ 97, 76, 95, 52]],

[ 58, 65, 0,[ 18, 53, 42]],

[ 27, 65, 0,[ 17, 89, 61, 95]],

[ 25, 65, 0,[ 41, 65, 64]],

[ 34, 65, 0,[ 92, 24, 66]],

[ 93, 65, 0,[ 75, 46, 47]],

[ 45, 65, 0,[ 36, 49, 44]],

[ 70, 65, 0,[ 19, 4, 85, 60]],

[ 63, 65, 0,[ 10]],

[ 18, 65, 0,[ 47, 14, 58]],

[ 99, 65, 0,[ 2, 17, 6, 87, 43]],

[ 21, 65, 0,[ 72, 52, 5, 4]],

[ 81, 75, 1,[ 41, 26, 35, 96, 91, 6, 19, 32, 2, 79, 86, 37]],

[ 62, 65, 0,[ 49, 35, 43]],

[ 39, 65, 0,[ 16, 1, 14]],

[ 61, 65, 0,[ 68, 13, 27]],

[ 77, 65, 0,[ 98, 38, 84]],

[ 7, 65, 0,[ 30, 76, 88]],

[ 97, 65, 0,[ 29, 30, 65, 12]],

[ 67, 65, 0,[ 2, 9, 1]],

[ 9, 65, 1,[ 94, 57, 10, 67]],

[ 49, 55, 1,[ 44, 66, 45, 28, 83, 84, 0, 57, 62, 89, 55]],

[ 85, 65, 0,[ 28, 14, 70, 54]],

[ 47, 65, 0,[ 82, 18, 2, 17, 93]],

[ 46, 65, 0,[ 93, 50, 48, 94]],

[ 0, 25, 1,[ 2, 66, 57, 44, 49, 31, 56]],

[ 88, 65, 0,[ 74, 4, 7, 96]],

[ 30, 65, 0,[ 69, 71, 97, 78, 7, 72, 11]],

[ 59, 65, 0,[ 8, 64, 26]],

[ 22, 65, 0,[ 17, 78, 16]],

[ 23, 65, 0,[ 20, 12, 95]],

[ 15, 65, 0,[ 35, 55, 75]],

[ 38, 65, 0,[ 87, 77, 4]],

[ 35, 65, 0,[ 62, 81, 15]],

[ 28, 65, 0,[ 49, 85, 65, 86]],

[ 32, 65, 0,[ 81, 75, 69]],

[ 2, 35, 1,[ 0, 3, 47, 99, 74, 81, 67]],

[ 92, 65, 0,[ 64, 11, 34]],

[ 76, 65, 0,[ 16, 11, 29, 7]],

[ 50, 65, 0,[ 64, 46, 1]],

[ 44, 85, 1,[ 68, 0, 51, 4, 53, 84, 36, 26, 45, 49]],

[ 60, 65, 0,[ 70, 43, 90]],

[ 17, 65, 0,[ 27, 47, 99, 22]],

[ 54, 65, 0,[ 85, 65, 19]],

[ 64, 65, 0,[ 25, 59, 20, 92, 50]],

[ 80, 65, 0,[ 65, 91, 8]],

[ 31, 65, 0,[ 96, 90, 0]],

[ 53, 65, 0,[ 44, 36, 58]],

[ 57, 65, 0,[ 49, 0, 9]],

[ 40, 65, 0,[ 26, 6, 90]],

[ 12, 65, 0,[ 11, 97, 23]],

[ 8, 65, 0,[ 59, 14, 80]],

[ 3, 65, 0,[ 11, 2, 5, 48]],

[ 52, 65, 0,[ 21, 91, 29]],

[ 48, 65, 0,[ 3, 46, 98]],

[ 69, 65, 0,[ 55, 30, 32, 10]],

[ 10, 65, 0,[ 82, 63, 9, 69]],

[ 55, 65, 0,[ 69, 49, 15]],

[ 13, 65, 0,[ 61, 37, 72]],

[ 79, 65, 0,[ 81, 26, 68]],

[ 37, 65, 0,[ 13, 81, 75]],

[ 65, 75, 1,[ 54, 28, 73, 25, 97, 80, 83]],

[ 71, 65, 0,[ 42, 41, 51, 30]],

[ 6, 65, 0,[ 81, 40, 99]],

[ 11, 45, 1,[ 76, 12, 89, 3, 96, 73, 83, 51, 30, 92]],

[ 84, 65, 0,[ 49, 44, 77]],

[ 86, 65, 0,[ 42, 28, 81]],

[ 73, 65, 0,[ 11, 96, 65]],

[ 56, 65, 0,[ 0, 36, 94]],

[ 96, 65, 1,[ 73, 31, 11, 88, 81]],

[ 4, 65, 0,[ 68, 44, 70, 88, 38, 21]],

[ 20, 65, 0,[ 23, 64, 5]],

[ 24, 65, 0,[ 34, 68]],

[ 91, 65, 0,[ 81, 52, 80]],

[ 72, 65, 0,[ 21, 98, 30, 13]],

[ 75, 65, 0,[ 37, 15, 32, 93]],

[ 95, 65, 0,[ 29, 27, 23]],

[ 82, 65, 0,[ 47, 10, 87]],

[ 14, 65, 0,[ 18, 8, 85, 39]],

