[ 88, 65, 1,[ 68, 64, 86, 34]],

[ 15, 35, 0,[ 62, 38, 27]],

[ 73, 85, 1,[ 99, 14, 53]],

[ 84, 85, 0,[ 0, 16, 17, 34]],

[ 33, 55, 1,[ 77, 25, 34]],

[ 67, 5, 0,[ 37, 85, 65]],

[ 76, 55, 0,[ 79, 66, 86]],

[ 78, 5, 0,[ 90, 70, 39, 14]],

[ 23, 45, 1,[ 91, 45, 42]],

[ 54, 5, 0,[ 38, 26, 60]],

[ 75, 55, 1,[ 57, 98, 69]],

[ 71, 15, 1,[ 13, 81, 7, 9, 29]],

[ 66, 45, 0,[ 76, 82, 10, 62]],

[ 90, 5, 1,[ 78, 14]],

[ 48, 5, 1,[ 58, 4, 65]],

[ 40, 35, 0,[ 27, 79, 22]],

[ 82, 15, 1,[ 43, 50, 66, 16, 21, 37]],

[ 42, 75, 1,[ 17, 99, 23]],

[ 91, 65, 1,[ 50, 30, 23, 95, 44]],

[ 65, 5, 0,[ 67, 48, 18, 28, 53]],

[ 4, 35, 0,[ 51, 89, 48, 43]],

[ 18, 65, 1,[ 35, 29, 65, 37, 93]],

[ 20, 85, 0,[ 59, 41, 87]],

[ 99, 55, 0,[ 42, 73, 49, 1]],

[ 70, 45, 1,[ 78, 77, 25]],

[ 77, 85, 0,[ 89, 33, 70]],

[ 56, 55, 1,[ 68, 79, 94, 2, 27]],

[ 25, 25, 1,[ 19, 70, 33, 97]],

[ 3, 55, 0,[ 41, 39, 64]],

[ 21, 25, 1,[ 98, 82, 30, 24, 92]],

[ 30, 25, 1,[ 10, 91, 21]],

[ 6, 75, 0,[ 72, 5, 53]],

[ 2, 5, 0,[ 56, 32, 19]],

[ 62, 85, 1,[ 15, 11, 80, 66]],

[ 43, 35, 0,[ 4, 94, 82]],

[ 7, 65, 0,[ 71, 22, 97]],

[ 61, 45, 1,[ 97, 5, 0, 31]],

[ 81, 45, 0,[ 71, 83, 19]],

[ 96, 55, 0,[ 41, 92, 36, 10]],

[ 80, 85, 0,[ 62, 50, 0]],

[ 22, 85, 1,[ 59, 40, 7, 47, 24]],

[ 47, 55, 0,[ 9, 22, 49, 46]],

[ 38, 45, 1,[ 15, 12, 54]],

[ 34, 85, 0,[ 33, 84, 88]],

[ 9, 15, 0,[ 71, 47, 55]],

[ 11, 15, 0,[ 62, 12]],

[ 0, 85, 0,[ 80, 84, 61]],

[ 50, 85, 0,[ 57, 80, 91, 82]],

[ 98, 85, 0,[ 49, 75, 21]],

[ 8, 35, 0,[ 57, 36, 1, 83]],

[ 39, 35, 1,[ 3, 78, 68]],

[ 60, 35, 1,[ 54, 35, 36]],

[ 24, 35, 1,[ 21, 22, 74]],

[ 57, 5, 1,[ 8, 45, 50, 75]],

[ 32, 35, 1,[ 2, 37, 58]],

[ 14, 55, 1,[ 90, 12, 73, 78]],

[ 68, 15, 0,[ 56, 39, 88]],

[ 19, 15, 1,[ 81, 25, 2]],

[ 59, 5, 1,[ 22, 51, 20]],

[ 58, 95, 0,[ 86, 48, 32]],

[ 69, 95, 1,[ 95, 13, 26, 75]],

[ 64, 5, 0,[ 63, 88, 3]],

[ 95, 5, 1,[ 91, 5, 69]],

[ 97, 65, 0,[ 7, 25, 61]],

[ 85, 5, 1,[ 67, 94, 46]],

[ 72, 25, 1,[ 6, 29, 1]],

[ 12, 15, 0,[ 14, 11, 38, 41]],

[ 45, 15, 1,[ 57, 17, 23, 87, 55, 74]],

[ 86, 15, 1,[ 63, 76, 52, 58, 88]],

[ 1, 85, 0,[ 72, 99, 8]],

[ 35, 35, 0,[ 89, 18, 60]],

[ 89, 35, 0,[ 4, 77, 35]],

[ 17, 15, 0,[ 42, 45, 84]],

[ 37, 75, 1,[ 18, 67, 82, 32]],

[ 74, 65, 1,[ 55, 45, 46, 24]],

[ 46, 55, 0,[ 47, 55, 85, 74]],

[ 93, 55, 1,[ 87, 18, 51, 28]],

[ 27, 25, 1,[ 36, 52, 15, 40, 56]],

[ 28, 55, 1,[ 52, 93, 65]],

[ 51, 5, 1,[ 4, 59, 93]],

[ 31, 65, 1,[ 61, 44, 63]],

[ 87, 5, 1,[ 45, 93, 20]],

[ 13, 55, 0,[ 71, 69, 92, 16]],

[ 10, 95, 1,[ 96, 30, 66]],

[ 16, 15, 1,[ 84, 82, 13]],

[ 94, 35, 0,[ 56, 43, 85]],

[ 49, 85, 0,[ 98, 47, 99]],

[ 55, 15, 0,[ 45, 9, 46, 74]],

[ 79, 35, 0,[ 76, 56, 40]],

[ 5, 75, 0,[ 6, 95, 61]],

[ 26, 5, 0,[ 69, 54, 83]],

[ 92, 55, 0,[ 13, 21, 96]],

[ 36, 5, 1,[ 60, 8, 27, 96]],

[ 44, 85, 0,[ 31, 91, 41]],

[ 63, 75, 1,[ 86, 64, 31]],

[ 29, 15, 0,[ 18, 71, 72]],

[ 52, 55, 0,[ 27, 28, 86]],

[ 53, 85, 1,[ 65, 6, 73]],

[ 83, 35, 1,[ 8, 81, 26]],

[ 41, 35, 1,[ 12, 3, 96, 44, 20]],

[ 22, 15, 1,[ 78, 43, 44]],

[ 0, 45, 0,[ 42, 29, 90]],

[ 37, 45, 1,[ 52, 90, 91]],

[ 7, 65, 0,[ 10, 57, 36]],

[ 54, 45, 0,[ 62, 45, 99]],

[ 69, 25, 1,[ 96, 49, 15]],

[ 29, 65, 0,[ 0, 38, 98, 80]],

[ 91, 15, 1,[ 37, 50, 26]],

[ 73, 55, 1,[ 88, 44, 5]],

[ 77, 55, 0,[ 87, 52, 67]],

[ 2, 5, 0,[ 35, 75, 42]],

[ 76, 15, 0,[ 34, 50, 36]],

[ 79, 35, 0,[ 87, 27, 31]],

[ 89, 5, 0,[ 41, 82, 59]],

[ 40, 75, 0,[ 72, 80, 47]],

[ 3, 55, 0,[ 11, 12, 45]],

[ 83, 55, 1,[ 97, 34, 17]],

[ 78, 45, 0,[ 75, 70, 22]],

[ 59, 95, 1,[ 8, 89, 20, 31, 6]],

[ 25, 75, 1,[ 21, 15, 60]],

[ 90, 95, 1,[ 37, 44, 51, 0, 30]],

[ 34, 15, 0,[ 88, 76, 83]],

[ 58, 25, 0,[ 75, 85, 55]],

[ 72, 75, 1,[ 40, 46, 50]],

[ 15, 65, 0,[ 25, 69, 63, 42]],

[ 82, 65, 1,[ 89, 65, 71]],

[ 70, 95, 1,[ 99, 78, 57]],

[ 35, 5, 0,[ 30, 2, 64, 36]],

[ 43, 85, 0,[ 22, 33, 19]],

[ 48, 15, 0,[ 68, 5, 41]],

[ 68, 15, 0,[ 48, 14, 16]],

[ 26, 25, 0,[ 53, 12, 91]],

[ 80, 65, 0,[ 96, 40, 53, 29]],

[ 30, 95, 1,[ 90, 35, 19]],

[ 49, 15, 0,[ 69, 41, 60, 5]],

[ 94, 85, 1,[ 74, 27, 84, 18, 38]],

[ 36, 5, 1,[ 28, 7, 97, 35, 76]],

[ 20, 15, 0,[ 45, 56, 59]],

[ 39, 25, 1,[ 18, 4, 60, 33]],

[ 84, 5, 0,[ 94, 96, 56]],

[ 52, 55, 0,[ 37, 77, 21, 45, 41]],

[ 45, 95, 1,[ 20, 52, 54, 47, 3]],

[ 67, 35, 1,[ 77, 51, 27, 64]],

[ 32, 15, 1,[ 74, 12, 56]],

[ 16, 55, 1,[ 68, 46, 65, 92]],

[ 6, 35, 0,[ 59, 23, 42, 24]],

[ 81, 65, 0,[ 13, 96, 95]],

[ 75, 65, 1,[ 58, 85, 88, 2, 31, 78]],

[ 97, 15, 0,[ 83, 61, 36, 93]],

[ 65, 25, 0,[ 16, 38, 82]],

[ 96, 65, 0,[ 69, 84, 81, 80]],

[ 28, 95, 1,[ 36, 95, 55]],

[ 61, 55, 0,[ 9, 97, 1, 66]],

[ 23, 75, 1,[ 6, 98, 14]],

[ 51, 15, 1,[ 66, 10, 67, 90]],

[ 85, 45, 1,[ 58, 75, 60]],

[ 21, 45, 1,[ 25, 42, 52]],

[ 8, 95, 0,[ 59, 11, 62]],

[ 5, 15, 0,[ 48, 73, 49]],

[ 64, 5, 0,[ 41, 86, 67, 35]],

[ 53, 95, 1,[ 26, 99, 46, 80]],

[ 57, 35, 1,[ 66, 70, 7]],

[ 38, 95, 1,[ 94, 29, 65]],

[ 4, 25, 0,[ 39, 41, 42]],

[ 17, 95, 0,[ 11, 83, 42]],

[ 27, 35, 0,[ 67, 71, 79, 94]],

[ 60, 55, 1,[ 49, 85, 25, 39]],

[ 50, 15, 0,[ 72, 76, 91]],

[ 18, 75, 1,[ 39, 46, 94]],

[ 56, 25, 1,[ 32, 84, 24, 20]],

[ 93, 55, 0,[ 42, 95, 97]],

[ 92, 45, 0,[ 41, 10, 16]],

[ 99, 45, 0,[ 70, 54, 53]],

[ 12, 55, 0,[ 3, 26, 41, 32]],

[ 1, 65, 0,[ 24, 98, 61]],

[ 41, 45, 1,[ 49, 12, 48, 64, 4, 52, 89, 19, 92]],

[ 11, 95, 0,[ 8, 3, 17]],

[ 33, 65, 1,[ 46, 39, 43]],

[ 47, 75, 1,[ 40, 98, 45, 19]],

[ 71, 65, 1,[ 27, 62, 82]],

[ 95, 65, 1,[ 81, 28, 93, 55]],

[ 10, 15, 1,[ 51, 92, 7]],

[ 14, 55, 1,[ 86, 68, 23, 13, 87]],

[ 66, 55, 0,[ 57, 51, 61]],

[ 74, 15, 1,[ 32, 13, 94]],

[ 42, 65, 1,[ 2, 21, 93, 0, 4, 17, 15, 6]],

[ 55, 35, 0,[ 95, 31, 28, 63, 58]],

[ 9, 55, 0,[ 86, 61]],

[ 63, 75, 1,[ 15, 31, 55]],

[ 46, 65, 0,[ 33, 53, 18, 16, 72]],

[ 62, 15, 1,[ 71, 8, 54]],

[ 86, 75, 1,[ 9, 14, 64]],

[ 19, 55, 1,[ 47, 43, 41, 30]],

[ 88, 55, 1,[ 75, 73, 34]],

[ 98, 35, 1,[ 1, 29, 23, 47]],

[ 13, 45, 0,[ 14, 74, 81]],

[ 44, 85, 0,[ 73, 90, 22]],

[ 24, 65, 1,[ 1, 56, 6]],

[ 87, 5, 1,[ 79, 77, 14]],

[ 31, 15, 1,[ 55, 75, 79, 63, 59]],

