[ 69, 65, 1,[ 29, 2, 3, 18, 60, 15, 41, 58]],

[ 19, 95, 0,[ 16, 84, 74]],

[ 60, 95, 0,[ 69, 74, 7]],

[ 44, 95, 0,[ 39, 52, 42]],

[ 93, 75, 0,[ 16, 48, 10, 46]],

[ 46, 95, 0,[ 85, 93, 73]],

[ 83, 95, 0,[ 16, 8, 23]],

[ 28, 95, 0,[ 85, 57, 75, 1]],

[ 75, 95, 0,[ 28, 36, 24, 88]],

[ 26, 95, 0,[ 30, 82, 85]],

[ 21, 95, 0,[ 43, 76, 10, 72]],

[ 67, 95, 0,[ 16, 39, 85]],

[ 96, 95, 0,[ 17, 16, 42, 66]],

[ 65, 95, 0,[ 39, 1]],

[ 43, 95, 0,[ 10, 42, 25, 21]],

[ 64, 95, 0,[ 54, 89, 98, 5]],

[ 80, 75, 0,[ 98, 16, 2]],

[ 14, 95, 0,[ 95, 10, 2]],

[ 94, 95, 0,[ 63, 98, 24]],

[ 79, 75, 0,[ 35, 16, 10]],

[ 81, 95, 0,[ 98, 50, 32]],

[ 95, 75, 1,[ 61, 59, 14, 86, 63, 22, 72, 40]],

[ 29, 95, 0,[ 69, 71, 85]],

[ 3, 95, 0,[ 57, 74, 69]],

[ 9, 95, 0,[ 38, 74, 10]],

[ 6, 95, 0,[ 57, 56, 99]],

[ 37, 95, 0,[ 72, 39, 23]],

[ 61, 95, 0,[ 36, 95, 57]],

[ 55, 95, 0,[ 53, 16, 10, 52, 70]],

[ 91, 95, 0,[ 39, 10, 74]],

[ 22, 95, 0,[ 95, 89]],

[ 85, 95, 1,[ 67, 28, 46, 20, 30, 62, 17, 51, 26, 13, 4, 35, 29, 34, 58, 84]],

[ 88, 95, 0,[ 73, 75, 42]],

[ 52, 95, 0,[ 55, 44, 39]],

[ 39, 95, 1,[ 37, 76, 47, 91, 23, 65, 25, 92, 44, 33, 86, 18, 45, 52, 67, 54]],

[ 73, 95, 0,[ 74, 46, 10, 88]],

[ 99, 95, 0,[ 31, 6, 74]],

[ 87, 5, 0,[ 10, 42, 45]],

[ 49, 75, 0,[ 42, 98]],

[ 59, 95, 0,[ 97, 95, 57]],

[ 18, 95, 0,[ 39, 69, 74]],

[ 10, 75, 1,[ 11, 33, 48, 21, 63, 73, 43, 97, 93, 31, 7, 13, 9, 79, 87, 55, 15, 91, 40, 14, 90]],

[ 11, 95, 0,[ 10, 41, 70]],

[ 15, 65, 0,[ 20, 69, 10]],

[ 41, 95, 0,[ 11, 69, 98]],

[ 27, 95, 0,[ 51, 74]],

[ 24, 95, 0,[ 94, 57, 75, 63]],

[ 57, 95, 1,[ 28, 34, 3, 6, 59, 25, 51, 61, 63, 24, 47, 30]],

[ 5, 75, 0,[ 64, 0]],

[ 33, 95, 0,[ 78, 10, 39]],

[ 70, 95, 0,[ 42, 55, 11]],

[ 32, 95, 0,[ 81]],

[ 20, 95, 0,[ 15, 85, 53]],

[ 16, 35, 1,[ 96, 67, 45, 56, 83, 80, 92, 79, 19, 0, 42, 31, 55, 93]],

[ 84, 95, 0,[ 74, 85, 19]],

[ 58, 95, 0,[ 69, 85, 74]],

[ 53, 95, 0,[ 20, 55, 38]],

[ 97, 95, 0,[ 40, 10, 50, 59]],

[ 66, 95, 0,[ 96, 7]],

[ 71, 95, 0,[ 90, 29, 68]],

[ 36, 95, 0,[ 62, 82, 75, 74, 61]],

[ 30, 95, 0,[ 85, 57, 26]],

[ 17, 95, 0,[ 82, 85, 77, 96]],

[ 72, 95, 0,[ 95, 21, 37]],

[ 12, 95, 0,[ 42, 74, 77]],

[ 90, 95, 0,[ 71, 10, 42]],

[ 34, 95, 0,[ 85, 57, 98]],

[ 76, 95, 0,[ 39, 21]],

[ 47, 95, 0,[ 57, 39, 74]],

[ 23, 95, 0,[ 37, 74, 83, 39]],

[ 0, 75, 0,[ 5, 42, 16]],

[ 13, 65, 0,[ 10, 85, 42]],

[ 98, 45, 1,[ 77, 94, 1, 4, 64, 34, 41, 81, 48, 49, 80, 54]],

[ 51, 95, 0,[ 27, 57, 85]],

[ 1, 95, 0,[ 98, 65, 28]],

[ 50, 95, 0,[ 97, 42, 81]],

[ 56, 95, 0,[ 6, 16, 77]],

[ 4, 95, 0,[ 98, 85, 74]],

[ 48, 75, 0,[ 10, 98, 93]],

[ 35, 95, 0,[ 79, 78, 85]],

[ 82, 95, 0,[ 26, 36, 74, 17]],

[ 2, 75, 0,[ 14, 69, 80]],

[ 40, 95, 0,[ 10, 97, 95]],

[ 63, 95, 0,[ 94, 95, 10, 57, 24]],

[ 78, 95, 0,[ 35, 33, 74]],

[ 92, 95, 0,[ 39, 16]],

[ 31, 75, 0,[ 16, 10, 99]],

[ 62, 95, 0,[ 85, 36, 86]],

[ 8, 95, 0,[ 83]],

[ 25, 95, 0,[ 39, 57, 43]],

[ 45, 75, 0,[ 39, 16, 87]],

[ 74, 85, 1,[ 18, 68, 47, 4, 78, 91, 27, 84, 36, 99, 9, 12, 58, 73, 3, 19, 23, 82, 89, 38, 60]],

[ 7, 95, 0,[ 60, 66, 10]],

[ 86, 95, 0,[ 95, 62, 39]],

[ 42, 95, 1,[ 88, 13, 16, 44, 49, 70, 87, 90, 96, 12, 43, 0, 50]],

[ 89, 95, 0,[ 64, 74, 22]],

[ 77, 95, 0,[ 17, 56, 12, 98]],

[ 54, 95, 0,[ 98, 39, 64]],

[ 38, 95, 0,[ 53, 74, 9]],

[ 68, 95, 0,[ 71, 74]],

[ 42, 5, 0,[ 20, 13, 98, 35]],

[ 81, 55, 0,[ 48, 98]],

[ 3, 5, 0,[ 17, 14, 38]],

[ 68, 55, 0,[ 98]],

[ 70, 5, 0,[ 77, 74, 19]],

[ 57, 5, 1,[ 53, 43, 13, 15, 4, 46, 88, 14, 17, 69, 25, 39, 63, 30]],

[ 79, 5, 0,[ 23, 60, 16, 75, 49]],

[ 58, 5, 0,[ 9, 10, 93, 74]],

[ 30, 5, 0,[ 85, 84, 57]],

[ 41, 5, 0,[ 38, 4, 48]],

[ 21, 5, 0,[ 22, 40, 91]],

[ 90, 5, 0,[ 78, 16, 48]],

[ 50, 5, 0,[ 0, 97, 85, 80]],

[ 82, 5, 0,[ 12, 64, 74]],

[ 67, 5, 0,[ 9, 85, 16]],

[ 25, 5, 0,[ 85, 57, 16, 8]],

[ 28, 5, 0,[ 95, 19]],

[ 83, 5, 0,[ 62, 74, 48]],

[ 88, 5, 0,[ 74, 7, 57]],

[ 9, 5, 0,[ 86, 43, 67, 58]],

[ 91, 45, 1,[ 71, 44, 86, 21, 78, 26, 59, 92, 87, 94, 69, 95, 93]],

[ 59, 5, 0,[ 77, 74, 91]],

[ 33, 55, 0,[ 84, 98, 19]],

[ 45, 5, 0,[ 74, 54, 31]],

[ 66, 65, 0,[ 38, 97]],

[ 43, 5, 0,[ 9, 98, 57, 54]],

[ 0, 5, 0,[ 50, 8, 69]],

[ 37, 5, 0,[ 46, 36, 19]],

[ 47, 5, 0,[ 85, 20]],

[ 1, 5, 0,[ 98, 53, 74, 87]],

[ 77, 5, 0,[ 70, 96, 59]],

[ 56, 5, 0,[ 74, 12, 72]],

[ 12, 5, 0,[ 82, 38, 27, 10, 56]],

[ 92, 5, 0,[ 16, 91, 10]],

[ 10, 75, 1,[ 51, 92, 27, 58, 71, 12, 22, 40]],

[ 63, 5, 0,[ 57, 32]],

[ 38, 5, 1,[ 41, 66, 99, 94, 65, 12, 36, 3, 85, 98, 52, 23, 34, 35]],

[ 29, 5, 0,[ 19, 96, 16]],

[ 4, 5, 0,[ 57, 41, 75]],

[ 20, 5, 0,[ 47, 42, 99, 98]],

[ 23, 5, 0,[ 16, 38, 79]],

[ 35, 5, 0,[ 16, 38, 42]],

[ 19, 5, 1,[ 55, 73, 7, 34, 62, 49, 29, 17, 28, 14, 33, 31, 64, 37, 46, 70, 97]],

[ 49, 45, 0,[ 79, 19]],

[ 39, 5, 0,[ 57, 61, 85]],

[ 86, 5, 0,[ 9, 91, 11]],

[ 17, 5, 0,[ 57, 19, 80, 3]],

[ 72, 5, 0,[ 85, 56]],

[ 24, 5, 0,[ 5, 48, 73, 98]],

[ 80, 5, 0,[ 17, 16, 50]],

[ 8, 5, 0,[ 85, 0, 25]],

[ 40, 5, 0,[ 21, 64, 10]],

[ 16, 95, 1,[ 96, 90, 92, 25, 29, 80, 79, 67, 87, 44, 23, 11, 35]],

[ 73, 5, 0,[ 52, 19, 24]],

[ 75, 5, 0,[ 85, 4, 79]],

[ 44, 5, 0,[ 16, 91, 74]],

[ 27, 5, 0,[ 12, 10]],

[ 96, 5, 0,[ 77, 29, 51, 16]],

[ 87, 5, 0,[ 1, 91, 16]],

[ 76, 5, 0,[ 85, 74, 64]],

[ 32, 5, 0,[ 74, 48, 63]],

[ 2, 5, 0,[ 14]],

[ 7, 5, 0,[ 54, 88, 19]],

[ 53, 5, 0,[ 85, 1, 89, 61, 57]],

[ 48, 85, 1,[ 15, 5, 24, 90, 99, 41, 32, 81, 11, 83, 95]],

[ 52, 5, 0,[ 6, 38, 73]],

[ 98, 5, 1,[ 43, 42, 20, 24, 65, 1, 31, 68, 38, 93, 33, 81, 89]],

[ 95, 5, 0,[ 28, 91, 84, 48]],

[ 54, 5, 0,[ 43, 7, 45]],

[ 97, 5, 0,[ 19, 50, 66]],

[ 15, 5, 0,[ 57, 62, 48]],

[ 22, 5, 0,[ 69, 21, 10]],

[ 74, 5, 1,[ 88, 58, 34, 13, 1, 82, 44, 59, 83, 32, 76, 45, 11, 56, 70]],

[ 84, 5, 0,[ 33, 95, 30]],

[ 78, 45, 0,[ 90, 91, 36, 85]],

[ 94, 5, 0,[ 18, 38, 91]],

[ 18, 5, 0,[ 6, 94]],

[ 89, 55, 0,[ 53, 98]],

[ 55, 5, 0,[ 19, 6, 26]],

[ 34, 45, 0,[ 38, 74, 19]],

[ 36, 5, 0,[ 38, 78, 37]],

[ 62, 5, 0,[ 19, 83, 15]],

[ 61, 5, 0,[ 53, 39, 85]],

[ 11, 5, 0,[ 16, 74, 48, 86]],

[ 71, 5, 0,[ 10, 91, 51]],

[ 31, 45, 0,[ 45, 98, 19]],

[ 64, 5, 0,[ 82, 76, 40, 19]],

[ 60, 5, 0,[ 79, 65]],

[ 6, 5, 0,[ 52, 55, 18]],

[ 85, 5, 1,[ 25, 72, 61, 47, 50, 75, 76, 5, 67, 78, 30, 53, 8, 39, 38]],

[ 14, 5, 0,[ 3, 57, 19, 2]],

[ 65, 55, 0,[ 60, 38, 98]],

[ 46, 5, 0,[ 37, 57, 19]],

[ 5, 5, 0,[ 85, 24, 48]],

[ 13, 5, 0,[ 57, 74, 42]],

[ 69, 5, 0,[ 22, 91, 57, 0]],

[ 99, 5, 0,[ 38, 20, 48]],

[ 93, 55, 0,[ 98, 91, 58]],

[ 26, 5, 0,[ 55, 91]],

[ 51, 5, 0,[ 71, 96, 10]],

