[ 0, 45, 0,[ 91, 21, 47]],

[ 66, 55, 0,[ 57, 44, 94]],

[ 23, 75, 1,[ 87, 64, 20]],

[ 80, 95, 0,[ 85, 72, 15]],

[ 22, 95, 1,[ 14, 18]],

[ 60, 45, 1,[ 18, 53, 28]],

[ 3, 5, 0,[ 90, 55, 40]],

[ 18, 45, 0,[ 59, 22, 60]],

[ 45, 95, 1,[ 74, 65, 86, 19]],

[ 78, 25, 1,[ 48, 30, 82]],

[ 5, 5, 0,[ 58, 37, 93]],

[ 58, 45, 0,[ 47, 5, 11]],

[ 44, 45, 0,[ 47, 40, 66]],

[ 32, 55, 1,[ 35, 6, 59, 50, 77]],

[ 94, 65, 0,[ 66, 24, 57]],

[ 73, 15, 1,[ 38, 54, 85, 98]],

[ 65, 45, 0,[ 45, 71, 24]],

[ 72, 45, 1,[ 75, 85, 86, 80]],

[ 8, 35, 0,[ 17, 96, 75]],

[ 69, 35, 1,[ 82, 62, 10]],

[ 67, 85, 0,[ 2, 15, 35, 56]],

[ 87, 95, 1,[ 23, 51]],

[ 51, 75, 1,[ 89, 38, 87]],

[ 35, 85, 0,[ 27, 67, 32]],

[ 39, 65, 1,[ 31, 36, 25]],

[ 2, 75, 0,[ 71, 19, 67]],

[ 95, 85, 1,[ 88, 38, 71, 41]],

[ 33, 85, 1,[ 1, 17, 99, 9]],

[ 43, 35, 0,[ 10, 7, 82]],

[ 12, 15, 0,[ 40, 56, 46]],

[ 76, 45, 0,[ 62, 14, 13, 21]],

[ 52, 95, 0,[ 92, 75, 61]],

[ 70, 35, 1,[ 61, 37, 75, 59, 11, 42]],

[ 48, 25, 1,[ 78, 88, 20]],

[ 91, 55, 1,[ 93, 0, 19, 11, 88]],

[ 59, 35, 1,[ 63, 70, 18, 32]],

[ 6, 35, 0,[ 32, 84, 55]],

[ 64, 5, 0,[ 90, 14, 23]],

[ 90, 5, 1,[ 46, 16, 3, 64, 40]],

[ 38, 35, 1,[ 51, 55, 95, 73]],

[ 75, 95, 1,[ 17, 52, 8, 72, 70]],

[ 84, 35, 0,[ 34, 96, 6, 31]],

[ 89, 5, 0,[ 41, 51, 29]],

[ 28, 25, 0,[ 60, 20, 25]],

[ 53, 25, 1,[ 42, 63, 60]],

[ 55, 35, 0,[ 6, 38, 4, 3]],

[ 46, 15, 0,[ 29, 90, 83, 12]],

[ 41, 5, 1,[ 98, 95, 81, 49, 89]],

[ 56, 15, 1,[ 12, 83, 67]],

[ 37, 35, 1,[ 27, 1, 5, 98, 70, 92]],

[ 47, 45, 1,[ 92, 68, 44, 99, 58, 0]],

[ 97, 65, 0,[ 19, 24]],

[ 19, 75, 1,[ 97, 45, 68, 2, 91]],

[ 61, 35, 1,[ 52, 81, 70]],

[ 1, 65, 1,[ 7, 37, 33]],

[ 7, 55, 0,[ 54, 79, 1, 43]],

[ 34, 35, 0,[ 62, 84, 50]],

[ 20, 25, 0,[ 23, 28, 48]],

[ 79, 65, 0,[ 29, 17, 7]],

[ 11, 55, 0,[ 91, 70, 58]],

[ 15, 75, 0,[ 67, 80, 74]],

[ 68, 75, 0,[ 77, 47, 19]],

[ 93, 5, 0,[ 96, 5, 91, 10]],

[ 99, 95, 0,[ 30, 33, 47]],

[ 31, 65, 1,[ 25, 84, 21, 39]],

[ 50, 35, 0,[ 34, 32, 49]],

[ 74, 75, 1,[ 16, 45, 42, 15]],

[ 13, 95, 1,[ 16, 21, 76]],

[ 27, 35, 0,[ 35, 37]],

[ 4, 35, 0,[ 55, 57, 24]],

[ 17, 65, 1,[ 79, 33, 75, 8]],

[ 21, 25, 1,[ 31, 88, 54, 13, 76, 0]],

[ 49, 35, 0,[ 50, 41, 24]],

[ 29, 15, 0,[ 89, 46, 79]],

[ 26, 5, 0,[ 98]],

[ 88, 75, 1,[ 91, 21, 63, 16, 95, 48]],

[ 77, 55, 0,[ 68, 32]],

[ 81, 5, 0,[ 41, 36, 61]],

[ 83, 75, 1,[ 56, 46]],

[ 63, 45, 1,[ 59, 53, 88]],

[ 40, 5, 0,[ 90, 12, 54, 3, 44]],

[ 92, 35, 0,[ 37, 47, 52]],

[ 10, 35, 0,[ 69, 93, 43]],

[ 25, 55, 1,[ 31, 39, 28]],

[ 14, 45, 1,[ 22, 64, 76]],

[ 16, 35, 1,[ 9, 90, 74, 13, 88]],

[ 9, 35, 0,[ 33, 36, 16]],

[ 71, 45, 1,[ 65, 95, 2, 36]],

[ 24, 65, 1,[ 4, 97, 42, 94, 49, 65]],

[ 86, 85, 1,[ 98, 72, 45]],

[ 42, 95, 1,[ 24, 82, 70, 74, 53]],

[ 85, 95, 1,[ 80, 72, 73]],

[ 96, 35, 0,[ 93, 8, 84]],

[ 57, 55, 1,[ 94, 66, 30, 4]],

[ 62, 35, 0,[ 34, 76, 69]],

[ 36, 65, 1,[ 39, 71, 81, 9]],

[ 98, 5, 1,[ 41, 73, 86, 37, 26]],

[ 82, 35, 1,[ 42, 78, 69, 43]],

[ 54, 55, 0,[ 7, 73, 21, 40]],

[ 30, 95, 1,[ 78, 57, 99]],

