[ 86, 15, 0,[ 46, 57, 20, 68]],

[ 80, 15, 0,[ 9, 3, 17]],

[ 64, 15, 0,[ 88, 49, 43]],

[ 65, 15, 0,[ 0, 97, 88]],

[ 20, 15, 0,[ 11, 86, 51]],

[ 12, 15, 0,[ 1, 2, 28]],

[ 51, 15, 0,[ 72, 0, 20]],

[ 93, 15, 0,[ 83, 55, 26, 58]],

[ 96, 15, 0,[ 21, 73, 32, 23]],

[ 42, 15, 0,[ 69, 43, 25, 95, 32]],

[ 50, 15, 0,[ 92, 35, 68]],

[ 0, 95, 1,[ 19, 26, 51, 65, 2, 57, 16, 23]],

[ 5, 15, 0,[ 45, 82, 32, 74]],

[ 43, 15, 0,[ 64, 34, 94, 42, 90, 37, 92]],

[ 76, 15, 0,[ 2, 60, 68]],

[ 9, 45, 1,[ 60, 19, 58, 53, 80, 68, 27, 31, 15, 1, 3, 78]],

[ 15, 15, 0,[ 9, 88, 37]],

[ 26, 15, 1,[ 13, 28, 0, 93, 53, 81]],

[ 4, 15, 0,[ 3, 84, 33, 41, 68, 85]],

[ 3, 15, 0,[ 80, 4, 9]],

[ 19, 15, 0,[ 0, 9, 71]],

[ 97, 15, 0,[ 79, 70, 39, 60, 25, 65]],

[ 98, 15, 0,[ 90, 16, 34, 94]],

[ 69, 15, 0,[ 42, 7, 54]],

[ 24, 15, 0,[ 49, 91, 44]],

[ 99, 15, 0,[ 79, 39, 62, 61]],

[ 22, 15, 0,[ 23, 44, 18, 32]],

[ 79, 15, 0,[ 99, 97, 89]],

[ 75, 15, 0,[ 35, 61, 7, 81]],

[ 89, 15, 0,[ 79, 2, 56]],

[ 54, 15, 0,[ 63, 30, 61, 69]],

[ 58, 85, 1,[ 9, 11, 83, 72, 8, 30, 49, 48, 93, 10]],

[ 48, 15, 0,[ 13, 38, 58]],

[ 28, 15, 0,[ 26, 73, 12]],

[ 44, 15, 0,[ 32, 22, 24, 17]],

[ 70, 15, 0,[ 72, 97, 40]],

[ 35, 15, 0,[ 50, 75, 21]],

[ 6, 15, 0,[ 41, 40, 72]],

[ 21, 15, 0,[ 96, 35, 78, 88]],

[ 7, 45, 1,[ 47, 52, 69, 56, 29, 75, 2]],

[ 81, 65, 1,[ 75, 29, 57, 66, 26, 77, 31]],

[ 62, 15, 0,[ 99, 10, 1, 82]],

[ 90, 15, 0,[ 43, 78, 95, 98]],

[ 63, 15, 0,[ 67, 30, 54]],

[ 13, 15, 0,[ 26, 87, 48]],

[ 87, 15, 0,[ 82, 92, 13]],

[ 32, 15, 0,[ 42, 22, 44, 5, 96]],

[ 37, 15, 0,[ 43, 15, 38]],

[ 11, 95, 1,[ 25, 20, 18, 8, 58, 77, 60, 59, 92, 36]],

[ 34, 15, 0,[ 91, 98, 95, 84, 43, 18]],

[ 39, 15, 0,[ 99, 97, 2]],

[ 41, 15, 0,[ 56, 4, 6, 49, 10]],

[ 56, 15, 0,[ 89, 41, 7]],

[ 78, 15, 0,[ 9, 21, 90]],

[ 45, 15, 0,[ 5, 74, 47, 94, 68]],

[ 27, 15, 0,[ 9, 71, 36]],

[ 14, 15, 0,[ 49, 82, 8]],

[ 33, 15, 0,[ 95, 31, 4]],

[ 10, 15, 0,[ 62, 41, 58]],

[ 18, 15, 0,[ 11, 2, 22, 34]],

[ 38, 15, 0,[ 49, 57, 48, 37]],

[ 52, 15, 0,[ 49, 61, 7]],

[ 77, 15, 0,[ 81, 68, 11]],

[ 82, 15, 0,[ 59, 87, 62, 14, 5]],

[ 60, 15, 0,[ 97, 9, 11, 76]],

[ 72, 15, 0,[ 6, 51, 58, 29, 70]],

[ 16, 15, 0,[ 55, 0, 98]],

[ 40, 15, 0,[ 88, 31, 6, 70]],

[ 49, 35, 1,[ 85, 14, 67, 64, 52, 41, 31, 66, 38, 58, 24]],

[ 1, 15, 0,[ 62, 12, 9]],

[ 68, 45, 1,[ 9, 76, 4, 50, 45, 77, 84, 86]],

[ 71, 15, 0,[ 91, 19, 27]],

[ 92, 15, 0,[ 87, 85, 50, 43, 11]],

[ 31, 15, 0,[ 40, 33, 67, 9, 49, 81]],

[ 8, 15, 0,[ 11, 58, 14]],

[ 17, 15, 0,[ 44, 80]],

[ 94, 15, 0,[ 98, 43, 45]],

[ 66, 15, 0,[ 36, 81, 49]],

[ 74, 15, 0,[ 45, 2, 5]],

[ 23, 15, 0,[ 96, 22, 0]],

[ 29, 15, 0,[ 81, 7, 72]],

[ 73, 15, 0,[ 96, 28]],

[ 83, 15, 0,[ 58, 2, 93]],

[ 36, 15, 0,[ 66, 27, 11]],

[ 88, 15, 0,[ 65, 21, 64, 15, 40]],

[ 46, 15, 0,[ 86, 2, 55]],

[ 2, 5, 1,[ 0, 7, 12, 39, 95, 76, 83, 89, 18, 46, 74]],

[ 47, 15, 0,[ 7, 95, 45]],

[ 84, 15, 0,[ 4, 34, 68]],

[ 61, 15, 0,[ 99, 52, 54, 75]],

[ 85, 15, 0,[ 4, 49, 92]],

[ 53, 15, 0,[ 9, 59, 26]],

[ 55, 15, 0,[ 93, 16, 46]],

[ 91, 15, 0,[ 71, 34, 24]],

[ 25, 15, 0,[ 11, 97, 42]],

[ 57, 15, 0,[ 0, 81, 86, 38]],

[ 30, 15, 0,[ 63, 54, 58]],

[ 67, 15, 0,[ 63, 31, 49]],

[ 95, 15, 0,[ 42, 47, 2, 90, 34, 33]],

[ 59, 15, 0,[ 11, 53, 82]],

