[ 64, 45, 0,[ 86, 67, 29, 84]],

[ 36, 75, 0,[ 58, 47, 72]],

[ 16, 85, 1,[ 42, 13, 62]],

[ 45, 45, 0,[ 93, 70, 18, 78]],

[ 94, 15, 0,[ 47, 10, 6]],

[ 50, 65, 0,[ 14, 66, 5, 32]],

[ 66, 65, 0,[ 39, 29, 50]],

[ 58, 75, 0,[ 36, 99, 11, 57, 89]],

[ 56, 75, 0,[ 80, 81, 42, 30]],

[ 80, 75, 0,[ 20, 33, 56, 0, 44]],

[ 71, 75, 0,[ 77, 2, 98, 96]],

[ 13, 75, 0,[ 81, 16, 0]],

[ 29, 25, 0,[ 21, 91, 66, 64, 40, 11]],

[ 49, 75, 0,[ 21, 88, 74]],

[ 14, 25, 0,[ 91, 89, 50]],

[ 54, 5, 0,[ 15, 34, 8]],

[ 12, 65, 0,[ 61, 2, 70, 17, 77]],

[ 42, 15, 1,[ 16, 56, 84, 65]],

[ 10, 45, 1,[ 57, 72, 48, 94, 75]],

[ 46, 75, 0,[ 52, 89, 43, 9]],

[ 33, 5, 0,[ 80, 74, 83]],

[ 24, 5, 0,[ 31, 28, 69]],

[ 93, 45, 0,[ 1, 37, 45, 96, 40, 22, 0]],

[ 84, 15, 0,[ 78, 42, 64, 65, 39]],

[ 7, 65, 0,[ 48, 27, 32, 37, 41, 73]],

[ 2, 65, 0,[ 20, 12, 71]],

[ 88, 75, 0,[ 75, 31, 79, 49]],

[ 48, 45, 0,[ 4, 7, 99, 10]],

[ 98, 75, 1,[ 70, 51, 67, 71]],

[ 35, 75, 0,[ 61, 28, 76]],

[ 41, 65, 0,[ 7, 81, 75]],

[ 89, 75, 0,[ 14, 46, 58, 85]],

[ 43, 75, 0,[ 22, 30, 46]],

[ 87, 25, 0,[ 6, 92, 61]],

[ 60, 5, 0,[ 4, 3, 25, 53]],

[ 30, 75, 0,[ 18, 56, 43, 55, 75]],

[ 11, 75, 0,[ 76, 29, 58]],

[ 95, 25, 1,[ 44, 52, 96, 53, 25]],

[ 78, 15, 0,[ 84, 45, 19]],

[ 25, 5, 1,[ 57, 95, 60, 21, 26, 32]],

[ 59, 5, 0,[ 27, 4, 83]],

[ 76, 75, 0,[ 11, 35, 70]],

[ 65, 15, 0,[ 40, 84, 42]],

[ 96, 25, 0,[ 93, 95, 71]],

[ 34, 5, 0,[ 47, 54, 86]],

[ 9, 5, 0,[ 91, 3, 46]],

[ 57, 25, 1,[ 28, 58, 25, 10]],

[ 40, 45, 0,[ 29, 93, 65]],

[ 6, 15, 0,[ 87, 81, 94]],

[ 67, 45, 0,[ 98, 86, 64]],

[ 99, 75, 0,[ 58, 5, 48]],

[ 47, 15, 0,[ 94, 38, 36, 34]],

[ 32, 5, 0,[ 25, 50, 7, 23]],

[ 20, 25, 0,[ 91, 80, 2]],

[ 63, 5, 0,[ 1, 38, 8]],

[ 3, 5, 0,[ 4, 55, 9, 60, 82]],

[ 74, 5, 1,[ 33, 90, 49]],

[ 91, 25, 0,[ 29, 14, 9, 20, 8]],

[ 39, 65, 1,[ 85, 66, 84]],

[ 23, 5, 0,[ 38, 15, 92, 32]],

[ 18, 75, 0,[ 30, 83, 45]],

[ 72, 25, 0,[ 10, 70, 36]],

[ 31, 75, 0,[ 88, 44, 24, 97, 85]],

[ 79, 75, 0,[ 0, 88]],

[ 15, 5, 0,[ 23, 26, 54]],

[ 92, 25, 0,[ 23, 87, 55]],

[ 69, 5, 0,[ 90, 27, 77, 24]],

[ 5, 65, 0,[ 99, 19, 50]],

[ 97, 25, 0,[ 70, 51, 31, 85, 68]],

[ 0, 75, 0,[ 13, 80, 79, 93]],

[ 77, 5, 0,[ 83, 51, 71, 12, 69]],

[ 81, 15, 0,[ 41, 56, 6, 13]],

[ 8, 5, 0,[ 54, 91, 63]],

[ 37, 65, 0,[ 93, 7, 90]],

[ 44, 75, 0,[ 80, 95, 31, 19]],

[ 85, 65, 1,[ 89, 39, 31, 97]],

[ 75, 75, 0,[ 10, 88, 41, 30]],

[ 19, 75, 0,[ 44, 78, 5, 17]],

[ 28, 5, 0,[ 57, 35, 24]],

[ 27, 65, 0,[ 59, 7, 69]],

[ 26, 5, 0,[ 25, 62, 15]],

[ 82, 65, 0,[ 3, 68, 17]],

[ 22, 75, 0,[ 53, 93, 43]],

[ 52, 25, 0,[ 95, 73, 46]],

[ 62, 85, 0,[ 16, 26, 1]],

[ 4, 5, 0,[ 48, 3, 60, 59]],

[ 68, 25, 0,[ 97, 73, 82]],

[ 83, 5, 0,[ 77, 59, 18, 33]],

[ 90, 5, 0,[ 69, 37, 74]],

[ 70, 25, 0,[ 72, 98, 45, 97, 76, 12]],

[ 86, 45, 0,[ 34, 64, 67]],

[ 17, 65, 0,[ 12, 82, 19]],

[ 51, 25, 0,[ 97, 98, 77]],

[ 21, 25, 0,[ 25, 29, 49]],

[ 73, 65, 0,[ 68, 52, 7]],

[ 53, 75, 0,[ 60, 95, 22]],

[ 61, 65, 0,[ 12, 87, 35]],

[ 38, 5, 0,[ 47, 23, 63]],

[ 55, 25, 0,[ 30, 92, 3]],

[ 1, 45, 0,[ 93, 63, 62]],

