[ 78, 15, 0,[ 14, 20, 74, 36, 26]],

[ 63, 15, 0,[ 62, 57, 7]],

[ 87, 15, 0,[ 80, 14, 12]],

[ 76, 15, 0,[ 30, 75, 21, 54]],

[ 39, 15, 1,[ 31, 36, 97, 66, 6, 4]],

[ 20, 15, 0,[ 72, 78, 1, 98, 32]],

[ 65, 15, 0,[ 23, 98]],

[ 91, 15, 1,[ 35, 48, 25]],

[ 77, 15, 0,[ 99, 41, 67]],

[ 68, 15, 0,[ 36, 99, 10]],

[ 2, 15, 0,[ 79, 42, 3]],

[ 42, 15, 1,[ 2, 56, 47]],

[ 70, 15, 0,[ 80, 25, 37]],

[ 4, 15, 0,[ 66, 21, 39, 89]],

[ 28, 15, 0,[ 44, 71, 43, 7]],

[ 8, 15, 0,[ 83, 35, 32, 6]],

[ 85, 15, 0,[ 84, 7, 1, 59]],

[ 25, 5, 1,[ 74, 91, 61, 23, 96, 70, 98, 49, 80, 90, 56, 10, 83]],

[ 23, 15, 0,[ 25, 71, 65]],

[ 26, 15, 0,[ 99, 78, 64]],

[ 46, 15, 0,[ 89, 93, 12]],

[ 75, 15, 0,[ 16, 76, 13]],

[ 94, 15, 0,[ 93, 79, 50]],

[ 44, 15, 0,[ 28, 58, 48]],

[ 62, 15, 0,[ 54, 56, 63, 19]],

[ 24, 15, 0,[ 50, 34, 61]],

[ 52, 15, 0,[ 61, 27, 33, 5]],

[ 37, 15, 0,[ 48, 14, 56, 70]],

[ 47, 15, 0,[ 54, 69, 99, 42, 45]],

[ 22, 15, 0,[ 66, 38, 12]],

[ 30, 15, 0,[ 34, 18, 48, 76]],

[ 48, 95, 1,[ 13, 95, 37, 40, 55, 97, 44, 69, 30, 1, 91, 16]],

[ 96, 15, 0,[ 99, 25, 36]],

[ 17, 15, 0,[ 57, 67, 98, 95]],

[ 81, 15, 0,[ 16, 82, 32]],

[ 34, 15, 0,[ 15, 82, 30, 24, 10]],

[ 35, 15, 0,[ 8, 41, 91, 43, 6]],

[ 71, 15, 0,[ 28, 23, 31]],

[ 72, 15, 0,[ 20, 50, 51]],

[ 69, 15, 0,[ 98, 15, 47, 48]],

[ 10, 15, 0,[ 25, 16, 68, 34]],

[ 33, 15, 0,[ 16, 52, 51]],

[ 49, 15, 0,[ 64, 25, 3]],

[ 90, 95, 1,[ 58, 79, 25]],

[ 11, 15, 0,[ 88, 74, 57]],

[ 21, 15, 0,[ 9, 76, 4]],

[ 6, 15, 0,[ 35, 9, 8, 66, 39]],

[ 93, 15, 0,[ 94, 99, 46, 41, 0]],

[ 36, 15, 0,[ 68, 57, 12, 39, 96, 78, 16]],

[ 0, 15, 0,[ 58, 93, 13, 29]],

[ 5, 15, 0,[ 52, 57, 95]],

[ 79, 15, 0,[ 2, 94, 90]],

[ 54, 15, 0,[ 62, 47, 76, 61, 80]],

[ 14, 15, 0,[ 83, 50, 78, 87, 37, 89]],

[ 31, 15, 0,[ 61, 39, 71]],

[ 13, 15, 0,[ 48, 0, 75]],

[ 29, 15, 0,[ 92, 0, 3, 67]],

[ 97, 15, 0,[ 39, 48, 58]],

[ 64, 15, 0,[ 89, 26, 49]],

[ 19, 15, 0,[ 74, 62, 3]],

[ 74, 65, 1,[ 25, 59, 19, 7, 99, 78, 18, 11, 45]],

[ 27, 15, 0,[ 52, 55, 86]],

[ 80, 15, 0,[ 25, 87, 58, 53, 54, 70]],

[ 86, 15, 0,[ 27, 18, 57]],

[ 89, 15, 0,[ 4, 43, 64, 14, 46, 84]],

[ 92, 15, 0,[ 41, 88, 29, 84]],

[ 9, 15, 0,[ 15, 21, 6]],

[ 58, 15, 0,[ 45, 90, 80, 0, 44, 97]],

[ 83, 15, 0,[ 50, 25, 8, 14]],

[ 45, 15, 0,[ 47, 74, 58]],

[ 1, 15, 0,[ 20, 48, 85]],

[ 82, 15, 0,[ 38, 81, 34, 32]],

[ 18, 15, 0,[ 86, 74, 60, 30]],

[ 53, 15, 0,[ 57, 80, 66]],

[ 73, 15, 0,[ 16, 12, 55]],

[ 55, 15, 0,[ 48, 73, 27, 84]],

[ 59, 15, 0,[ 85, 74, 32]],

[ 56, 15, 0,[ 42, 25, 37, 62]],

[ 38, 15, 0,[ 82, 51, 22]],

[ 50, 15, 0,[ 94, 24, 14, 72, 83]],

[ 95, 15, 0,[ 48, 5, 17]],

[ 98, 25, 1,[ 16, 20, 17, 69, 65, 60, 25]],

[ 12, 15, 0,[ 87, 22, 36, 73, 46]],

[ 41, 15, 0,[ 35, 77, 92, 16, 93]],

[ 3, 15, 0,[ 29, 19, 2, 49]],

[ 61, 15, 0,[ 25, 52, 54, 24, 31]],

[ 84, 15, 0,[ 89, 85, 55, 40, 92]],

[ 15, 15, 0,[ 9, 69, 34]],

[ 7, 15, 0,[ 28, 74, 63, 85]],

[ 88, 15, 0,[ 92, 11, 16]],

[ 99, 15, 0,[ 57, 93, 74, 68, 47, 96, 67, 26, 77]],

[ 60, 15, 0,[ 18, 16, 98]],

[ 32, 15, 0,[ 82, 59, 66, 8, 20, 81]],

[ 51, 15, 0,[ 72, 33, 38]],

[ 57, 75, 1,[ 36, 53, 11, 5, 63, 86, 99, 17]],

[ 66, 15, 0,[ 32, 40, 39, 22, 4, 53, 6]],

[ 40, 15, 0,[ 48, 66, 84]],

[ 43, 15, 0,[ 89, 28, 35]],

[ 67, 15, 0,[ 29, 17, 77, 99]],

[ 16, 65, 1,[ 10, 48, 98, 60, 75, 73, 88, 41, 33, 36, 81]],

