[ 64, 35, 0,[ 5, 97, 91, 24]],

[ 65, 55, 0,[ 41, 48, 86, 18]],

[ 55, 15, 0,[ 63, 70, 58]],

[ 34, 15, 0,[ 12, 75, 45, 16]],

[ 43, 55, 0,[ 66, 40, 29, 78]],

[ 39, 15, 1,[ 50, 57, 35, 10, 84, 1, 19, 9]],

[ 81, 15, 0,[ 16, 27, 57, 1]],

[ 73, 15, 0,[ 14, 46, 60]],

[ 69, 15, 0,[ 0, 40, 46]],

[ 22, 5, 1,[ 71, 30, 20, 51, 21, 52]],

[ 42, 15, 0,[ 79, 87, 60, 28]],

[ 36, 15, 0,[ 51, 68, 10, 83]],

[ 37, 15, 0,[ 6, 62]],

[ 29, 55, 0,[ 11, 97, 43, 72]],

[ 56, 5, 0,[ 38, 28, 74]],

[ 12, 15, 0,[ 38, 34, 80, 27]],

[ 11, 55, 0,[ 98, 29, 0]],

[ 95, 5, 0,[ 8, 24, 57, 13]],

[ 87, 15, 0,[ 42, 9, 45]],

[ 9, 15, 0,[ 66, 39, 87]],

[ 60, 35, 0,[ 42, 73, 10]],

[ 92, 75, 0,[ 91, 3]],

[ 98, 55, 1,[ 11, 62, 14, 33, 66, 17]],

[ 83, 15, 0,[ 36, 10, 26, 40]],

[ 84, 15, 0,[ 68, 39, 14]],

[ 68, 15, 0,[ 36, 25, 84]],

[ 28, 5, 0,[ 56, 18, 57, 42]],

[ 78, 35, 0,[ 10, 48, 38, 43]],

[ 97, 35, 0,[ 29, 64, 94]],

[ 41, 35, 0,[ 5, 65, 26]],

[ 13, 5, 0,[ 71, 95, 50, 90]],

[ 99, 55, 0,[ 71, 2, 88]],

[ 48, 75, 1,[ 77, 35, 78, 65, 5, 47]],

[ 10, 95, 1,[ 0, 15, 30, 78, 36, 86, 33, 39, 60, 83]],

[ 61, 15, 0,[ 74, 85, 70]],

[ 45, 15, 0,[ 80, 87, 34]],

[ 7, 5, 0,[ 4, 91, 3]],

[ 19, 15, 0,[ 82, 39, 21]],

[ 90, 5, 0,[ 13, 44, 57, 32]],

[ 6, 75, 0,[ 91, 37, 31]],

[ 91, 85, 1,[ 27, 18, 7, 92, 64, 6, 93, 46]],

[ 72, 55, 0,[ 29, 74, 23, 15, 38, 20]],

[ 71, 5, 0,[ 38, 22, 99, 53, 13]],

[ 63, 15, 0,[ 55, 3, 70]],

[ 58, 5, 0,[ 59, 16, 55, 57]],

[ 66, 55, 0,[ 9, 43, 98, 23]],

[ 80, 15, 0,[ 1, 45, 12]],

[ 31, 95, 0,[ 32, 74, 6]],

[ 54, 15, 0,[ 21, 24, 25, 44]],

[ 24, 15, 0,[ 54, 95, 64]],

[ 26, 15, 0,[ 25, 83, 41]],

[ 14, 15, 0,[ 98, 52, 84, 73]],

[ 88, 15, 0,[ 96, 47, 99]],

[ 3, 5, 0,[ 57, 7, 92, 63, 17]],

[ 96, 15, 0,[ 88, 25, 79]],

[ 86, 35, 0,[ 10, 23, 65]],

[ 35, 15, 0,[ 15, 48, 39]],

[ 50, 15, 0,[ 39, 67, 13]],

[ 1, 15, 0,[ 81, 39, 62, 80]],

[ 18, 75, 0,[ 28, 91, 65]],

[ 67, 5, 0,[ 50, 76, 38]],

[ 77, 85, 0,[ 48, 49, 52]],

[ 44, 15, 0,[ 54, 90, 74]],

[ 25, 15, 1,[ 96, 59, 68, 26, 82, 54]],

[ 32, 95, 0,[ 31, 93, 90]],

[ 85, 35, 0,[ 75, 94, 30, 5, 61]],

[ 70, 15, 0,[ 61, 55, 63, 38]],

[ 33, 35, 0,[ 59, 10, 98, 53]],

[ 40, 15, 0,[ 69, 43, 83]],

[ 21, 15, 0,[ 19, 22, 54]],

[ 38, 5, 1,[ 4, 70, 56, 71, 72, 12, 78, 17, 67]],

[ 93, 75, 0,[ 32, 94, 91]],

[ 0, 35, 0,[ 69, 8, 11, 10]],

[ 15, 35, 0,[ 10, 35, 72]],

[ 5, 35, 0,[ 57, 48, 85, 41, 4, 64]],

[ 82, 45, 0,[ 49, 25, 19]],

[ 16, 15, 0,[ 81, 58, 2, 34]],

[ 2, 5, 0,[ 99, 16, 57]],

[ 53, 15, 0,[ 75, 33, 71]],

[ 20, 55, 0,[ 89, 47, 22, 72, 8]],

[ 89, 5, 0,[ 57, 76, 20, 94]],

[ 30, 35, 0,[ 22, 10, 85, 57]],

[ 75, 15, 0,[ 34, 53, 85]],

[ 27, 15, 0,[ 12, 81, 91]],

[ 51, 15, 0,[ 22, 36, 76]],

[ 17, 5, 0,[ 98, 38, 3]],

[ 62, 15, 0,[ 1, 98, 37]],

[ 74, 95, 1,[ 56, 72, 79, 44, 61, 31]],

[ 76, 5, 0,[ 67, 89, 51]],

[ 49, 5, 0,[ 82, 77, 57]],

[ 23, 55, 0,[ 86, 72, 66]],

[ 47, 55, 0,[ 48, 20, 88]],

[ 79, 15, 0,[ 74, 42, 96]],

[ 46, 15, 0,[ 91, 73, 69]],

[ 8, 55, 0,[ 95, 0, 20]],

[ 57, 45, 1,[ 81, 89, 90, 58, 30, 49, 5, 28, 95, 2, 3, 39]],

[ 4, 5, 0,[ 38, 5, 7]],

[ 52, 95, 0,[ 14, 77, 22]],

[ 59, 45, 0,[ 58, 25, 33]],

[ 94, 35, 0,[ 93, 89, 97, 85]],

[ 97, 5, 0,[ 27, 66, 96]],

[ 68, 5, 0,[ 47, 48, 25, 43, 82, 11]],

[ 27, 5, 0,[ 19, 97, 57]],

[ 91, 15, 0,[ 55, 45, 90]],

[ 8, 5, 0,[ 74, 19, 40]],

[ 79, 5, 0,[ 36, 86, 19]],

[ 77, 85, 0,[ 74, 69, 41, 52]],

[ 39, 85, 1,[ 25, 24, 1, 47]],

[ 5, 65, 0,[ 86, 70, 61, 73]],

[ 70, 85, 0,[ 48, 5, 59, 63]],

[ 24, 95, 0,[ 10, 39, 32, 29]],

[ 48, 45, 1,[ 21, 63, 70, 49, 96, 45, 65, 68]],

[ 38, 25, 1,[ 50, 56, 46, 53, 2]],

[ 66, 5, 0,[ 18, 32, 95, 97]],

[ 17, 5, 0,[ 46, 87, 31]],

[ 37, 35, 0,[ 87, 57, 84]],

[ 67, 5, 0,[ 18, 19, 55]],

[ 11, 85, 0,[ 98, 68, 74]],

[ 83, 35, 0,[ 57, 9, 10]],

[ 88, 5, 0,[ 42, 57, 76, 82, 92]],

[ 71, 95, 0,[ 9, 78, 16]],

[ 50, 95, 0,[ 25, 57, 16, 38]],

[ 52, 95, 0,[ 77, 73, 16, 87, 23]],

[ 75, 65, 0,[ 86, 99, 95, 58]],

[ 7, 15, 0,[ 20, 78, 74]],

[ 63, 5, 0,[ 12, 70, 48, 46, 58]],

[ 62, 45, 0,[ 12, 2, 65]],

[ 64, 5, 0,[ 19, 61, 14]],

[ 9, 5, 0,[ 71, 73, 83, 21, 31]],

[ 53, 45, 0,[ 84, 38, 98]],

[ 34, 5, 0,[ 4, 22, 95, 56]],

[ 20, 15, 0,[ 36, 14, 7]],

[ 30, 95, 0,[ 16, 59, 87]],

[ 94, 5, 0,[ 6, 19, 89]],

[ 16, 75, 1,[ 80, 30, 90, 85, 41, 89, 52, 15, 60, 50, 71, 92]],

[ 25, 5, 0,[ 68, 50, 39]],

[ 65, 35, 0,[ 57, 86, 48, 62]],

[ 85, 95, 0,[ 99, 33, 16]],

[ 13, 95, 0,[ 6, 35, 15, 76]],

[ 47, 5, 0,[ 68, 95, 39]],

[ 22, 5, 0,[ 89, 34, 46, 49, 19, 18]],

[ 99, 15, 0,[ 85, 75, 10]],

[ 96, 85, 0,[ 93, 81, 48, 97]],

[ 87, 15, 0,[ 17, 37, 52, 30]],

[ 19, 35, 1,[ 94, 4, 12, 79, 22, 27, 8, 1, 64, 54, 67]],

[ 21, 85, 0,[ 9, 48, 26]],

[ 92, 95, 0,[ 1, 16, 88]],

[ 72, 45, 0,[ 35, 89, 36]],

[ 81, 35, 0,[ 96, 33, 57]],

[ 98, 15, 0,[ 11, 53, 45, 78]],

[ 1, 5, 0,[ 39, 92, 19]],

[ 35, 35, 0,[ 72, 57, 13]],

[ 95, 15, 1,[ 66, 49, 75, 34, 47, 54]],

[ 10, 25, 1,[ 24, 0, 36, 14, 83, 99]],

[ 61, 15, 0,[ 43, 5, 64]],

[ 14, 15, 0,[ 64, 10, 20]],

[ 93, 65, 0,[ 86, 82, 96]],

[ 86, 15, 1,[ 5, 93, 84, 90, 40, 65, 79, 75, 32]],

[ 51, 15, 0,[ 60, 59, 44]],

[ 69, 85, 0,[ 74, 3, 77]],

[ 76, 5, 0,[ 13, 23, 88]],

[ 54, 5, 0,[ 19, 57, 95]],

[ 90, 95, 0,[ 16, 86, 91]],

[ 31, 85, 0,[ 9, 74, 17]],

[ 6, 95, 0,[ 94, 29, 13]],

[ 23, 35, 0,[ 76, 57, 52, 29]],

[ 73, 5, 0,[ 52, 5, 9]],

[ 43, 5, 0,[ 68, 61]],

[ 18, 5, 0,[ 22, 66, 67]],

[ 80, 95, 0,[ 74, 16, 40]],

[ 4, 5, 0,[ 34, 19, 55]],

[ 26, 85, 0,[ 33, 74, 21]],

[ 29, 95, 0,[ 42, 6, 24, 23, 74]],

[ 49, 5, 0,[ 48, 95, 22]],

[ 74, 85, 1,[ 11, 69, 89, 29, 8, 7, 77, 80, 31, 26]],

[ 56, 45, 0,[ 0, 38, 34]],

[ 84, 65, 0,[ 37, 53, 86]],

[ 42, 95, 0,[ 28, 88, 29]],

[ 44, 15, 0,[ 3, 36, 51, 57]],

[ 55, 15, 0,[ 91, 4, 67]],

[ 32, 65, 0,[ 66, 24, 86]],

[ 2, 45, 0,[ 38, 41, 62]],

[ 78, 15, 0,[ 60, 98, 71, 7]],

[ 0, 45, 0,[ 56, 10, 89]],

[ 28, 15, 0,[ 42, 58, 45]],

[ 59, 15, 0,[ 51, 70, 30]],

[ 45, 15, 0,[ 98, 28, 91, 48]],

[ 82, 5, 0,[ 68, 88, 93]],

[ 57, 85, 1,[ 88, 23, 35, 27, 54, 44, 50, 65, 81, 83, 37]],

[ 41, 95, 0,[ 77, 2, 16]],

[ 36, 15, 0,[ 72, 44, 10, 79, 20]],

[ 12, 5, 0,[ 63, 62, 19]],

[ 3, 15, 0,[ 15, 44, 40, 69]],

[ 15, 95, 0,[ 16, 13, 3]],

[ 60, 95, 0,[ 51, 16, 78]],

[ 33, 85, 0,[ 85, 26, 81]],

[ 46, 5, 0,[ 22, 63, 17, 38]],

[ 40, 65, 0,[ 8, 80, 86, 3]],

[ 58, 5, 0,[ 75, 63, 28]],

[ 89, 45, 0,[ 0, 94, 16, 72, 22, 74]],

