[ 88, 85, 0,[ 85, 19, 73]],

[ 57, 85, 1,[ 45, 9, 96, 15, 78, 35, 55, 56]],

[ 55, 45, 0,[ 30, 52, 57]],

[ 87, 85, 0,[ 71, 47, 60]],

[ 34, 85, 0,[ 25, 45, 72]],

[ 46, 85, 0,[ 44, 40, 83]],

[ 79, 85, 0,[ 94, 78, 2]],

[ 72, 85, 0,[ 77, 34, 36]],

[ 1, 95, 0,[ 66, 65, 28]],

[ 94, 85, 0,[ 38, 90, 70, 17, 79, 91]],

[ 36, 85, 0,[ 16, 14, 72, 24]],

[ 45, 45, 0,[ 57, 34, 0]],

[ 73, 85, 0,[ 82, 88]],

[ 91, 85, 1,[ 94, 24, 95, 2, 8, 96, 11, 68, 13]],

[ 29, 85, 0,[ 27, 6, 26, 25]],

[ 69, 95, 0,[ 51, 32, 99, 48]],

[ 98, 85, 0,[ 16, 44, 40]],

[ 50, 85, 0,[ 53, 48, 80, 23]],

[ 95, 45, 0,[ 66, 89, 91]],

[ 31, 95, 0,[ 47, 48, 80]],

[ 61, 95, 0,[ 9, 48, 54]],

[ 93, 75, 0,[ 74, 51, 5, 65]],

[ 4, 85, 0,[ 3, 9, 82]],

[ 56, 85, 0,[ 68, 57, 71]],

[ 41, 85, 0,[ 53, 25, 92]],

[ 21, 25, 0,[ 12, 85, 16]],

[ 49, 85, 0,[ 82, 96, 19]],

[ 78, 85, 0,[ 22, 79, 67, 57]],

[ 28, 95, 0,[ 1, 13, 48]],

[ 48, 75, 1,[ 58, 31, 69, 63, 52, 61, 33, 50, 28, 84, 65]],

[ 7, 85, 0,[ 47, 86, 44]],

[ 62, 55, 0,[ 59, 64, 10]],

[ 71, 85, 0,[ 56, 89, 14, 87]],

[ 81, 65, 0,[ 68, 97, 39]],

[ 16, 95, 1,[ 0, 98, 76, 21, 54, 36]],

[ 15, 85, 0,[ 6, 57, 86]],

[ 6, 85, 0,[ 15, 29, 27, 43]],

[ 60, 85, 0,[ 85, 87, 68]],

[ 90, 55, 1,[ 75, 86, 14, 83, 40, 94, 66, 76, 43]],

[ 82, 85, 0,[ 73, 49, 85, 4]],

[ 84, 95, 0,[ 30, 26, 48]],

[ 23, 75, 0,[ 33, 50, 5]],

[ 97, 75, 0,[ 11, 66, 81]],

[ 52, 95, 0,[ 99, 74, 55, 48]],

[ 33, 85, 0,[ 92, 23, 63, 39, 48]],

[ 47, 85, 0,[ 7, 31, 87]],

[ 75, 35, 0,[ 17, 90, 0]],

[ 89, 85, 0,[ 71, 51, 95]],

[ 99, 95, 0,[ 10, 52, 69]],

[ 30, 85, 0,[ 55, 42, 84]],

[ 51, 75, 0,[ 93, 89, 8, 69]],

[ 44, 85, 0,[ 98, 7, 46]],

[ 96, 45, 0,[ 91, 57, 49]],

[ 2, 85, 0,[ 5, 91, 20, 79]],

[ 67, 85, 0,[ 68, 78, 86]],

[ 27, 85, 0,[ 29, 20, 6]],

[ 92, 85, 0,[ 83, 25, 41, 33]],

[ 9, 45, 0,[ 57, 22, 4, 61]],

[ 80, 85, 0,[ 50, 58, 31]],

[ 3, 85, 0,[ 4, 12, 85]],

[ 58, 85, 0,[ 80, 53, 48, 12]],

[ 22, 75, 0,[ 5, 9, 78]],

[ 77, 85, 0,[ 40, 10, 72]],

[ 42, 85, 0,[ 64, 30, 32, 39]],

[ 26, 65, 0,[ 39, 84, 29]],

[ 65, 95, 0,[ 1, 38, 48, 93, 59]],

[ 70, 85, 0,[ 94, 18, 35]],

[ 63, 85, 0,[ 38, 33, 48, 39]],

[ 40, 85, 0,[ 77, 98, 53, 90, 46]],

[ 68, 85, 0,[ 56, 67, 91, 60, 81]],

[ 20, 85, 0,[ 19, 39, 32, 54, 2, 27]],

[ 14, 85, 0,[ 71, 36, 90]],

[ 64, 55, 0,[ 42, 62, 10]],

[ 8, 75, 0,[ 51, 91, 11]],

[ 59, 85, 0,[ 62, 65, 32]],

[ 37, 75, 0,[ 11, 76]],

[ 18, 85, 0,[ 24, 70, 10]],

[ 66, 35, 0,[ 90, 95, 97, 1]],

[ 10, 15, 1,[ 17, 18, 77, 62, 64, 19, 99]],

[ 12, 85, 0,[ 21, 58, 3]],

[ 17, 55, 0,[ 94, 75, 10]],

[ 43, 35, 0,[ 25, 6, 90]],

[ 5, 75, 0,[ 13, 23, 39, 2, 93, 22]],

[ 86, 85, 0,[ 90, 15, 67, 7]],

[ 25, 5, 1,[ 43, 41, 92, 29, 32, 34]],

[ 54, 65, 0,[ 39, 16, 61, 20]],

[ 24, 85, 0,[ 36, 91, 18]],

[ 85, 65, 1,[ 82, 3, 88, 0, 21, 60, 35]],

[ 83, 35, 0,[ 90, 46, 92]],

[ 32, 85, 0,[ 69, 39, 59, 20, 25, 42]],

[ 39, 95, 1,[ 20, 42, 5, 54, 26, 32, 33, 81, 63]],

[ 38, 85, 0,[ 65, 94, 63]],

[ 74, 95, 1,[ 11, 52, 53, 93]],

[ 0, 25, 0,[ 85, 16, 45, 75]],

[ 53, 85, 0,[ 50, 41, 40, 58, 74]],

[ 19, 85, 0,[ 49, 20, 10, 88]],

[ 76, 35, 0,[ 16, 90, 37]],

[ 11, 75, 0,[ 97, 8, 74, 91, 37]],

[ 35, 45, 0,[ 57, 85, 70]],

[ 13, 45, 0,[ 91, 5, 28]],

[ 96, 35, 0,[ 56, 91, 64]],

[ 66, 25, 0,[ 62, 39, 81, 2, 80]],

[ 67, 35, 0,[ 1, 3, 83, 64]],

[ 83, 35, 0,[ 48, 98, 67]],

[ 1, 35, 0,[ 67, 22, 9]],

[ 84, 25, 0,[ 16, 53, 15]],

[ 63, 75, 0,[ 11, 23, 24, 95]],

[ 37, 5, 0,[ 74, 12, 7, 58]],

[ 98, 95, 1,[ 83, 97, 4, 6, 74]],

[ 32, 35, 0,[ 80, 16, 25]],

[ 5, 5, 0,[ 38, 2, 90]],

[ 58, 5, 0,[ 37, 20, 82]],

[ 75, 55, 0,[ 42, 6, 26]],

[ 11, 55, 0,[ 63, 42, 26]],

[ 42, 75, 1,[ 33, 22, 12, 29, 91, 47, 76, 20, 75, 27, 11, 21, 94]],

[ 4, 25, 0,[ 98, 39, 28, 99]],

[ 45, 15, 0,[ 76, 10, 43, 23]],

[ 18, 75, 0,[ 76, 95, 89]],

[ 29, 55, 0,[ 42, 38, 36]],

[ 99, 35, 0,[ 60, 4, 14]],

[ 43, 35, 0,[ 90, 55, 9, 45]],

[ 59, 35, 0,[ 46, 25, 40]],

[ 0, 65, 0,[ 91, 16]],

[ 31, 35, 0,[ 33, 14, 17]],

[ 47, 55, 0,[ 68, 49, 42, 48]],

[ 13, 15, 0,[ 89, 10, 17]],

[ 8, 35, 0,[ 87, 17, 64]],

[ 24, 75, 0,[ 50, 82, 63]],

[ 51, 25, 0,[ 39, 26, 70]],

[ 74, 55, 1,[ 2, 98, 38, 70, 89, 40, 57, 37, 55, 3]],

[ 70, 5, 0,[ 51, 74, 69, 85]],

[ 82, 75, 0,[ 24, 95, 93, 58]],

[ 35, 75, 0,[ 73, 50, 76]],

[ 81, 35, 0,[ 66, 87, 49]],

[ 71, 35, 0,[ 30, 25, 22]],

[ 55, 5, 0,[ 74, 43, 16]],

[ 38, 5, 0,[ 74, 29, 5]],

[ 54, 5, 0,[ 80, 39, 2]],

[ 17, 35, 0,[ 8, 13, 40, 31, 27]],

[ 25, 95, 1,[ 32, 92, 59, 72, 41, 15, 71, 94, 53]],

[ 49, 15, 0,[ 47, 72, 81, 10]],

[ 7, 35, 0,[ 21, 22, 37]],

[ 60, 35, 0,[ 61, 99, 21]],

[ 69, 5, 0,[ 70, 77, 57]],

[ 14, 35, 0,[ 92, 99, 31]],

[ 80, 5, 0,[ 78, 66, 54, 32]],

[ 48, 55, 1,[ 87, 83, 47, 65, 28, 44]],

[ 95, 75, 1,[ 82, 63, 88, 73, 19, 85, 62, 34, 18, 46]],

[ 39, 25, 1,[ 77, 4, 88, 23, 54, 51, 10, 64, 62, 66, 68]],

[ 19, 75, 0,[ 76, 95, 56]],

[ 86, 35, 0,[ 3, 10, 52]],

[ 9, 35, 0,[ 43, 1, 3]],

[ 85, 75, 0,[ 95, 70, 78]],

[ 87, 35, 0,[ 8, 48, 81]],

[ 26, 95, 0,[ 75, 51, 11, 36, 21]],

[ 36, 95, 0,[ 29, 89, 26]],

[ 30, 35, 0,[ 71, 27, 52, 16]],

[ 46, 75, 0,[ 65, 91, 95, 59]],

[ 56, 45, 0,[ 96, 20, 19]],

[ 76, 55, 0,[ 42, 45, 18, 19, 35]],

[ 78, 5, 0,[ 90, 80, 85]],

[ 91, 55, 0,[ 96, 42, 0, 46]],

[ 89, 5, 0,[ 74, 36, 13, 18]],

[ 77, 25, 0,[ 12, 39, 69]],

[ 27, 55, 0,[ 17, 42, 53, 30]],

[ 23, 25, 0,[ 45, 39, 63]],

[ 22, 35, 0,[ 1, 34, 7, 42, 61, 71]],

[ 52, 35, 0,[ 86, 28, 30]],

[ 61, 35, 0,[ 60, 33, 22]],

[ 50, 75, 0,[ 65, 88, 24, 35, 79]],

[ 72, 35, 0,[ 53, 25, 49]],

[ 28, 35, 0,[ 52, 4, 48]],

[ 68, 25, 0,[ 39, 73, 47]],

[ 2, 5, 0,[ 66, 74, 54, 5]],

[ 34, 75, 0,[ 95, 88, 22]],

[ 16, 95, 1,[ 32, 97, 30, 0, 55, 84]],

[ 92, 35, 0,[ 14, 10, 25]],

[ 79, 75, 0,[ 50, 20, 94]],

[ 10, 95, 1,[ 39, 45, 93, 92, 86, 13, 49]],

[ 21, 55, 0,[ 42, 7, 60, 26]],

[ 73, 75, 0,[ 68, 35, 95]],

[ 93, 15, 0,[ 10, 82]],

[ 12, 55, 0,[ 42, 37, 3, 77, 44]],

[ 6, 95, 0,[ 98, 75, 94]],

[ 94, 55, 0,[ 42, 79, 25, 6]],

[ 97, 95, 0,[ 98, 41, 16]],

[ 62, 25, 0,[ 95, 39, 66]],

[ 15, 35, 0,[ 41, 25, 90, 84]],

[ 40, 5, 0,[ 59, 17, 74]],

[ 20, 55, 0,[ 79, 58, 56, 42]],

[ 64, 35, 0,[ 67, 8, 96, 44, 39]],

[ 57, 5, 0,[ 74, 53, 69]],

[ 33, 55, 0,[ 61, 31, 42]],

[ 3, 35, 0,[ 9, 67, 12, 74, 86]],

[ 88, 75, 0,[ 39, 50, 95, 34]],

[ 53, 35, 0,[ 84, 25, 72, 57, 27]],

[ 90, 55, 1,[ 43, 5, 15, 78]],

[ 41, 35, 0,[ 25, 97, 15]],

[ 44, 55, 0,[ 12, 64, 48]],

[ 65, 75, 0,[ 46, 48, 50]],

