[ 8, 5, 0,[ 62, 88]],

[ 68, 25, 0,[ 4, 77, 58]],

[ 34, 75, 0,[ 69, 12, 5]],

[ 92, 35, 0,[ 97, 35, 14, 0]],

[ 77, 25, 0,[ 68, 30, 42]],

[ 11, 25, 0,[ 86, 29]],

[ 14, 35, 1,[ 75, 0, 97, 92, 31]],

[ 32, 55, 1,[ 70, 50, 42, 25]],

[ 1, 15, 0,[ 93, 26, 55]],

[ 37, 45, 1,[ 63, 2, 65]],

[ 23, 5, 1,[ 10, 90, 79, 55]],

[ 45, 45, 1,[ 5, 46, 33]],

[ 80, 45, 0,[ 90, 26, 57]],

[ 28, 25, 1,[ 81, 62, 3]],

[ 91, 35, 1,[ 35, 53, 76]],

[ 4, 5, 0,[ 68, 9, 49]],

[ 25, 55, 1,[ 51, 99, 7, 32]],

[ 27, 65, 1,[ 48, 19, 57]],

[ 7, 15, 0,[ 15, 25, 69, 85]],

[ 85, 15, 1,[ 87, 48, 73, 7]],

[ 84, 45, 0,[ 76, 73, 50]],

[ 86, 25, 1,[ 22, 11, 75, 2]],

[ 56, 45, 1,[ 51, 20, 75]],

[ 93, 15, 0,[ 99, 1, 67, 89]],

[ 58, 25, 0,[ 68, 53, 43]],

[ 30, 95, 1,[ 96, 77, 57, 95]],

[ 94, 75, 1,[ 72, 87, 52, 15]],

[ 35, 35, 0,[ 91, 24, 92]],

[ 31, 95, 1,[ 38, 51, 55, 14]],

[ 97, 35, 0,[ 14, 71, 92]],

[ 20, 5, 0,[ 29, 90, 39, 56, 40]],

[ 44, 15, 0,[ 62, 95, 63]],

[ 60, 35, 1,[ 9, 73, 83]],

[ 2, 45, 0,[ 37, 43, 86]],

[ 16, 65, 1,[ 59, 73, 21, 19]],

[ 42, 85, 1,[ 38, 32, 77]],

[ 61, 35, 0,[ 47, 78, 50]],

[ 41, 65, 1,[ 81, 24, 59]],

[ 36, 75, 1,[ 17, 3, 13]],

[ 75, 95, 1,[ 49, 14, 56, 86]],

[ 66, 75, 0,[ 69, 21]],

[ 62, 25, 0,[ 28, 44, 8]],

[ 88, 5, 1,[ 65, 8, 21]],

[ 95, 15, 1,[ 44, 83, 30, 69]],

[ 65, 75, 0,[ 37, 89, 88]],

[ 54, 35, 0,[ 98, 0, 59]],

[ 38, 85, 1,[ 42, 82, 31]],

[ 99, 55, 0,[ 96, 93, 25]],

[ 43, 65, 0,[ 59, 2, 79, 40, 58]],

[ 55, 95, 0,[ 31, 1, 23]],

[ 39, 15, 1,[ 17, 20, 19]],

[ 49, 95, 0,[ 46, 4, 75]],

[ 13, 5, 1,[ 36]],

[ 6, 15, 0,[ 83, 67]],

[ 24, 85, 1,[ 35, 41, 71]],

[ 3, 25, 1,[ 36, 28, 51]],

[ 48, 25, 1,[ 85, 47, 27]],

[ 64, 65, 0,[ 79, 21]],

[ 10, 5, 0,[ 98, 23]],

[ 50, 45, 0,[ 84, 61, 32]],

[ 19, 45, 1,[ 39, 16, 27]],

[ 72, 35, 1,[ 71, 79, 94]],

[ 90, 5, 1,[ 82, 18, 23, 20, 70, 80]],

[ 29, 5, 0,[ 20, 11, 82]],

[ 57, 75, 1,[ 18, 30, 80, 27]],

[ 22, 55, 1,[ 71, 86, 63]],

[ 51, 25, 1,[ 56, 3, 31, 25]],

[ 78, 35, 0,[ 61, 0, 52]],

[ 33, 85, 1,[ 69, 45]],

[ 12, 75, 0,[ 52, 76, 34]],

[ 82, 85, 1,[ 38, 29, 70, 90]],

[ 47, 95, 0,[ 61, 63, 48]],

[ 73, 55, 1,[ 84, 16, 60, 85]],

[ 96, 65, 0,[ 30, 99, 98]],

[ 67, 15, 0,[ 6, 9, 93]],

[ 63, 95, 1,[ 22, 44, 37, 47]],

[ 5, 45, 0,[ 74, 45, 34, 26]],

[ 74, 95, 1,[ 5, 59, 87]],

[ 40, 5, 0,[ 43, 20]],

[ 87, 35, 1,[ 85, 94, 74]],

[ 76, 75, 0,[ 84, 71, 12, 91]],

[ 17, 15, 0,[ 36, 39]],

[ 18, 35, 1,[ 70, 90, 57]],

[ 83, 15, 1,[ 6, 95, 60]],

[ 46, 45, 0,[ 49, 45]],

[ 79, 65, 0,[ 72, 43, 64, 23]],

[ 59, 95, 1,[ 43, 54, 41, 74, 16]],

[ 53, 25, 1,[ 58, 70, 91]],

[ 0, 35, 0,[ 14, 54, 78, 92]],

[ 15, 15, 0,[ 7, 94]],

[ 26, 45, 0,[ 80, 5, 81, 1]],

[ 52, 75, 0,[ 12, 94, 78]],

[ 71, 75, 1,[ 97, 76, 72, 22, 24]],

[ 69, 75, 1,[ 34, 33, 66, 95, 7]],

[ 89, 15, 0,[ 93, 65]],

[ 81, 25, 0,[ 41, 28, 26]],

[ 70, 45, 1,[ 82, 53, 18, 32, 90]],

[ 9, 35, 0,[ 60, 4, 67]],

[ 98, 65, 1,[ 96, 54, 10]],

[ 21, 25, 1,[ 64, 66, 88, 16]],

