[ 80, 35, 1,[ 47, 84, 33]],

[ 53, 65, 0,[ 0, 27, 88, 14]],

[ 33, 25, 0,[ 18, 80, 9]],

[ 4, 95, 1,[ 91, 61, 1, 40]],

[ 57, 15, 0,[ 55, 66, 13]],

[ 19, 25, 0,[ 66, 31, 77]],

[ 16, 15, 0,[ 9, 32, 45]],

[ 9, 15, 1,[ 17, 95, 33, 10, 87, 16]],

[ 42, 15, 0,[ 49, 13, 68, 72]],

[ 85, 5, 0,[ 40]],

[ 13, 15, 1,[ 74, 46, 57, 42, 65, 43, 73]],

[ 14, 65, 0,[ 60, 53, 50]],

[ 1, 5, 1,[ 52, 73, 43, 25, 4]],

[ 91, 15, 0,[ 67, 4, 93]],

[ 95, 25, 0,[ 9, 6, 63]],

[ 63, 55, 0,[ 95, 12, 83]],

[ 92, 95, 1,[ 27, 10, 26, 28]],

[ 93, 15, 0,[ 60, 91, 47]],

[ 59, 45, 0,[ 6, 55, 28, 89]],

[ 60, 15, 0,[ 14, 2, 34, 93]],

[ 37, 15, 0,[ 17, 46, 96, 26, 56]],

[ 35, 15, 1,[ 54, 82, 96]],

[ 82, 45, 0,[ 35, 89]],

[ 0, 95, 1,[ 94, 53, 21, 97]],

[ 6, 25, 1,[ 90, 95, 59]],

[ 58, 5, 1,[ 2, 77, 12]],

[ 56, 15, 0,[ 23, 11, 37]],

[ 26, 5, 1,[ 37, 92, 71, 89]],

[ 47, 35, 1,[ 93, 69, 80]],

[ 99, 75, 1,[ 65, 7, 88]],

[ 73, 95, 0,[ 13, 1, 23]],

[ 20, 5, 1,[ 75, 74, 70, 97]],

[ 76, 95, 1,[ 50, 36, 86]],

[ 22, 55, 0,[ 15, 89, 62, 32]],

[ 74, 5, 0,[ 20, 13, 11]],

[ 66, 55, 1,[ 57, 50, 19]],

[ 36, 55, 0,[ 76, 3, 98]],

[ 28, 35, 1,[ 92, 45, 59]],

[ 46, 65, 1,[ 88, 37, 13]],

[ 89, 45, 1,[ 82, 23, 59, 22, 26]],

[ 25, 25, 0,[ 49, 1, 18, 67]],

[ 61, 15, 0,[ 38, 87, 4]],

[ 32, 15, 0,[ 22, 16, 78]],

[ 72, 15, 0,[ 81, 42]],

[ 97, 75, 1,[ 20, 21, 51, 86, 0]],

[ 81, 95, 1,[ 39, 71, 72]],

[ 10, 95, 0,[ 92, 64, 9]],

[ 24, 55, 0,[ 86, 69, 2]],

[ 44, 75, 1,[ 68, 49, 96]],

[ 3, 55, 1,[ 75, 34, 36, 79]],

[ 69, 55, 0,[ 47, 24, 12]],

[ 65, 85, 1,[ 13, 98, 99]],

[ 18, 25, 1,[ 25, 84, 33]],

[ 98, 55, 0,[ 54, 65, 36]],

[ 83, 95, 0,[ 43, 63]],

[ 64, 85, 1,[ 70, 40, 87, 43, 10]],

[ 71, 5, 0,[ 81, 26]],

[ 15, 5, 1,[ 62, 34, 22]],

[ 51, 75, 0,[ 97, 38, 54]],

[ 84, 85, 1,[ 39, 18, 12, 80]],

[ 2, 15, 1,[ 90, 58, 39, 60, 24]],

[ 75, 5, 0,[ 20, 77, 3]],

[ 41, 95, 0,[ 62, 50, 23]],

[ 70, 85, 0,[ 20, 7, 64]],

[ 88, 65, 0,[ 53, 99, 46]],

[ 49, 85, 1,[ 42, 44, 25]],

[ 94, 95, 0,[ 67, 79, 0]],

[ 12, 55, 1,[ 63, 84, 58, 69]],

[ 55, 85, 1,[ 59, 57, 29]],

[ 62, 55, 1,[ 41, 22, 15]],

[ 79, 5, 1,[ 3, 94, 78]],

[ 39, 15, 0,[ 45, 2, 84, 81]],

[ 90, 15, 0,[ 2, 6, 68]],

[ 86, 75, 0,[ 97, 24, 76]],

[ 17, 15, 0,[ 9, 37, 11]],

[ 34, 45, 1,[ 3, 29, 60, 15]],

[ 68, 35, 1,[ 44, 42, 90, 31, 5]],

[ 43, 95, 1,[ 83, 8, 1, 64, 13]],

[ 87, 15, 0,[ 64, 61, 9]],

[ 38, 15, 0,[ 51, 61, 8]],

[ 11, 25, 1,[ 56, 74, 17, 45]],

[ 67, 15, 1,[ 94, 25, 91]],

[ 23, 95, 0,[ 41, 73, 56, 89]],

[ 77, 25, 1,[ 19, 58, 75]],

[ 52, 55, 1,[ 1, 8, 78]],

[ 27, 65, 0,[ 92, 53, 8]],

[ 31, 35, 0,[ 45, 19, 68]],

[ 48, 15, 0,[ 8]],

[ 54, 5, 1,[ 35, 51, 29, 98]],

[ 30, 15, 0,[ 5, 7]],

[ 5, 65, 1,[ 30, 50, 68]],

[ 21, 15, 0,[ 7, 97, 0]],

[ 29, 95, 1,[ 54, 55, 34]],

[ 78, 85, 1,[ 52, 32, 79, 96]],

[ 7, 15, 1,[ 99, 30, 21, 70]],

[ 96, 95, 1,[ 78, 44, 35, 37]],

[ 50, 65, 1,[ 14, 41, 66, 76, 5]],

[ 45, 35, 0,[ 31, 39, 16, 28, 11]],

[ 40, 5, 1,[ 85, 4, 64]],

[ 8, 15, 1,[ 52, 38, 27, 48, 43]],

