[ 15, 55, 0,[ 86, 64, 39, 97]],

[ 75, 45, 1,[ 82, 39, 57, 17]],

[ 14, 45, 1,[ 72, 51, 41, 44]],

[ 47, 15, 1,[ 38, 8, 96]],

[ 64, 35, 0,[ 0, 94, 15]],

[ 58, 45, 0,[ 25, 43, 80, 48]],

[ 86, 75, 1,[ 21, 15, 31]],

[ 80, 45, 0,[ 87, 13, 58]],

[ 30, 75, 1,[ 1, 25, 52]],

[ 40, 55, 0,[ 68, 94, 19, 31]],

[ 67, 55, 0,[ 36, 19, 78]],

[ 25, 55, 1,[ 79, 52, 42, 30, 58]],

[ 85, 5, 1,[ 24, 60, 33]],

[ 49, 5, 0,[ 89, 0]],

[ 38, 15, 1,[ 37, 70, 47]],

[ 91, 5, 1,[ 27, 81, 32, 95, 93]],

[ 90, 5, 1,[ 9, 45, 8]],

[ 89, 5, 0,[ 49, 98, 13]],

[ 93, 85, 1,[ 7, 91, 77, 43]],

[ 81, 55, 0,[ 27, 91, 20]],

[ 69, 25, 1,[ 41, 31, 0, 53]],

[ 73, 35, 1,[ 76, 8, 24]],

[ 74, 35, 1,[ 57, 87, 50]],

[ 31, 65, 1,[ 86, 28, 4, 69, 40, 11]],

[ 46, 45, 0,[ 82, 26, 77]],

[ 11, 65, 0,[ 23, 31, 71]],

[ 4, 65, 0,[ 83, 31]],

[ 8, 15, 0,[ 73, 47, 90]],

[ 36, 95, 1,[ 29, 42, 67, 87]],

[ 48, 95, 1,[ 44, 65, 58, 96, 33, 87]],

[ 92, 5, 0,[ 41, 26, 95, 23]],

[ 56, 5, 1,[ 70, 65, 59, 39, 76, 13]],

[ 88, 45, 1,[ 83, 55, 18]],

[ 61, 95, 0,[ 44, 34, 63]],

[ 76, 5, 0,[ 56, 73, 21]],

[ 17, 95, 1,[ 75, 51, 95]],

[ 10, 85, 1,[ 16, 22, 98, 2]],

[ 63, 95, 1,[ 7, 61, 5]],

[ 23, 15, 1,[ 11, 92, 79, 6, 59]],

[ 20, 55, 0,[ 55, 81, 27]],

[ 42, 15, 1,[ 83, 66, 36, 25]],

[ 32, 85, 1,[ 91, 52, 97]],

[ 19, 55, 1,[ 40, 67, 16]],

[ 55, 75, 0,[ 20, 99, 60, 88]],

[ 2, 35, 0,[ 45, 10, 83]],

[ 70, 15, 1,[ 43, 28, 29, 38, 56]],

[ 24, 35, 1,[ 73, 85, 3]],

[ 43, 85, 0,[ 93, 70, 58]],

[ 68, 55, 0,[ 40, 53, 39]],

[ 5, 95, 0,[ 63, 97, 78]],

[ 83, 35, 1,[ 4, 88, 6, 42, 2]],

[ 9, 5, 0,[ 94, 90, 33]],

[ 13, 5, 0,[ 80, 56, 89]],

[ 21, 25, 1,[ 6, 76, 86]],

[ 95, 55, 1,[ 91, 92, 17]],

[ 34, 25, 0,[ 66, 18, 61]],

[ 16, 45, 0,[ 19, 87, 10]],

[ 12, 55, 0,[ 62, 98, 82]],

[ 7, 95, 0,[ 3, 63, 93]],

[ 33, 75, 1,[ 9, 85, 87, 48]],

[ 96, 75, 0,[ 60, 48, 47]],

[ 65, 95, 0,[ 56, 48, 50, 18]],

[ 57, 45, 1,[ 84, 75, 98, 74]],

[ 53, 75, 1,[ 37, 69, 97, 68]],

[ 98, 5, 1,[ 57, 89, 10, 12]],

[ 39, 55, 1,[ 56, 68, 75, 15]],

[ 41, 5, 1,[ 92, 45, 69, 62, 77, 14]],

[ 79, 15, 0,[ 25, 26, 23]],

[ 44, 95, 0,[ 14, 61, 48]],

[ 66, 15, 0,[ 42, 34]],

[ 99, 5, 0,[ 77, 55]],

[ 26, 75, 0,[ 60, 79, 46, 92]],

[ 54, 35, 0,[ 72, 37]],

[ 82, 45, 1,[ 12, 46, 75]],

[ 51, 75, 1,[ 14, 17, 59]],

[ 78, 55, 0,[ 62, 5, 67]],

[ 87, 45, 1,[ 36, 16, 33, 80, 48, 74]],

[ 18, 25, 0,[ 65, 34, 88]],

[ 62, 55, 1,[ 78, 12, 41]],

[ 3, 45, 1,[ 7, 24, 71]],

[ 28, 45, 1,[ 70, 31, 1]],

[ 77, 5, 0,[ 99, 46, 93, 41]],

[ 72, 15, 1,[ 54, 84, 14]],

[ 97, 75, 0,[ 5, 15, 53, 32]],

[ 37, 35, 1,[ 54, 38, 94, 53]],

[ 59, 55, 1,[ 51, 22, 23, 56]],

[ 71, 25, 1,[ 35, 3, 11]],

[ 1, 45, 0,[ 28, 30]],

[ 94, 35, 0,[ 9, 64, 37, 40]],

[ 50, 55, 0,[ 74, 65, 29]],

[ 27, 55, 0,[ 20, 91, 81]],

[ 0, 25, 0,[ 64, 69, 49]],

[ 29, 55, 0,[ 50, 36, 70]],

[ 6, 35, 0,[ 21, 83, 23]],

[ 35, 25, 0,[ 71]],

[ 60, 75, 1,[ 26, 96, 55, 85]],

[ 84, 55, 0,[ 72, 22, 57]],

[ 52, 75, 0,[ 32, 25, 30]],

[ 22, 55, 1,[ 10, 59, 84]],

[ 45, 5, 1,[ 90, 41, 2]],

