[ 44, 95, 0,[ 99, 89, 35]],

[ 50, 75, 0,[ 95, 45, 33]],

[ 2, 75, 0,[ 36, 22, 95]],

[ 52, 35, 0,[ 9, 71, 54]],

[ 99, 75, 0,[ 44, 98, 63]],

[ 7, 5, 0,[ 81, 27, 16]],

[ 82, 55, 1,[ 75, 61, 37, 89, 58, 81]],

[ 75, 35, 1,[ 92, 82, 28]],

[ 90, 95, 1,[ 11, 95, 0, 21]],

[ 86, 35, 1,[ 40, 8, 98, 97]],

[ 22, 5, 1,[ 8, 10, 2]],

[ 68, 25, 0,[ 8, 91, 18]],

[ 11, 55, 0,[ 90, 36, 66]],

[ 26, 95, 0,[ 14, 28, 57, 10]],

[ 74, 35, 0,[ 21, 59, 3]],

[ 43, 5, 0,[ 30, 62, 95]],

[ 17, 35, 1,[ 97, 5, 49, 76]],

[ 80, 65, 0,[ 62, 88, 24]],

[ 37, 35, 1,[ 67, 56, 87, 82]],

[ 65, 5, 0,[ 8, 61, 64]],

[ 1, 15, 0,[ 33, 38, 83, 18]],

[ 92, 95, 0,[ 45, 0, 75, 6]],

[ 91, 75, 1,[ 58, 60, 68]],

[ 38, 5, 1,[ 78, 23, 1]],

[ 81, 5, 0,[ 7, 57, 82]],

[ 51, 85, 1,[ 76, 20, 4]],

[ 41, 25, 1,[ 9, 39, 96, 77]],

[ 39, 85, 1,[ 62, 41, 3]],

[ 18, 65, 1,[ 1, 14, 9, 68]],

[ 56, 5, 1,[ 15, 67, 37, 13]],

[ 5, 45, 0,[ 49, 94, 17]],

[ 48, 95, 1,[ 67, 96, 40]],

[ 8, 5, 0,[ 65, 68, 86, 22]],

[ 36, 65, 1,[ 33, 11, 2]],

[ 12, 35, 0,[ 30, 70, 21]],

[ 63, 65, 1,[ 93, 99, 59]],

[ 70, 95, 1,[ 3, 12, 34]],

[ 20, 95, 0,[ 47, 51, 31, 49]],

[ 96, 35, 0,[ 41, 73, 48, 47, 16]],

[ 10, 65, 1,[ 26, 21, 22]],

[ 21, 55, 1,[ 10, 90, 12, 74]],

[ 53, 15, 1,[ 42, 95, 57]],

[ 24, 45, 1,[ 64, 80, 97]],

[ 55, 75, 0,[ 73, 72]],

[ 46, 75, 1,[ 40, 13, 47]],

[ 42, 95, 1,[ 32, 66, 53]],

[ 30, 45, 1,[ 13, 43, 79, 0, 12, 19, 23]],

[ 32, 35, 1,[ 79, 15, 42]],

[ 47, 75, 0,[ 20, 46, 77, 71, 96]],

[ 35, 95, 0,[ 71, 6, 44]],

[ 9, 35, 0,[ 52, 18, 41]],

[ 72, 95, 1,[ 83, 58, 55, 14]],

[ 0, 35, 0,[ 62, 90, 30, 92]],

[ 89, 95, 0,[ 88, 82, 44]],

[ 14, 75, 1,[ 18, 26, 77, 72]],

[ 45, 35, 1,[ 50, 92, 73]],

[ 79, 5, 0,[ 19, 32, 30]],

[ 40, 65, 0,[ 48, 46, 86]],

[ 76, 45, 0,[ 17, 51, 13]],

[ 64, 35, 0,[ 24, 98, 94, 4, 65, 15]],

[ 67, 35, 0,[ 48, 56, 37]],

[ 71, 15, 1,[ 52, 47, 35]],

[ 16, 25, 1,[ 7, 27, 87, 96, 69]],

[ 60, 35, 1,[ 93, 88, 91, 85, 25]],

[ 49, 45, 0,[ 20, 5, 17]],

[ 73, 65, 1,[ 55, 45, 96]],

[ 15, 25, 0,[ 64, 32, 56]],

[ 34, 5, 0,[ 27, 19, 70]],

[ 83, 95, 1,[ 72, 1, 6]],

[ 33, 15, 1,[ 28, 36, 1, 50]],

[ 77, 75, 0,[ 47, 41, 14]],

[ 3, 85, 0,[ 39, 74, 31, 70]],

[ 57, 85, 1,[ 81, 26, 54, 53]],

[ 31, 15, 1,[ 3, 20]],

[ 58, 25, 0,[ 84, 82, 91, 72]],

[ 69, 75, 1,[ 29, 16, 84]],

[ 13, 45, 0,[ 56, 30, 46, 76]],

[ 78, 35, 1,[ 59, 85, 29, 38]],

[ 61, 65, 0,[ 28, 82, 65]],

[ 4, 35, 0,[ 51, 64, 54, 88]],

[ 59, 35, 1,[ 78, 74, 63]],

[ 27, 75, 1,[ 34, 16, 7]],

[ 98, 95, 1,[ 86, 99, 64]],

[ 85, 45, 1,[ 78, 60]],

[ 25, 45, 1,[ 84, 88, 60]],

[ 95, 25, 1,[ 43, 53, 50, 2, 90]],

[ 93, 25, 0,[ 94, 60, 87, 63, 29]],

[ 54, 35, 0,[ 57, 52, 4]],

[ 87, 65, 1,[ 93, 16, 37]],

[ 84, 25, 0,[ 23, 25, 58, 69]],

[ 6, 95, 0,[ 92, 83, 35]],

[ 88, 55, 1,[ 89, 4, 80, 60, 25]],

[ 94, 95, 1,[ 5, 64, 93]],

[ 97, 55, 0,[ 86, 17, 24]],

[ 62, 65, 0,[ 39, 28, 0, 43, 80]],

[ 19, 85, 1,[ 30, 34, 79]],

[ 29, 85, 0,[ 78, 69, 93]],

[ 66, 65, 0,[ 11, 42]],

[ 28, 65, 0,[ 75, 33, 61, 26, 62]],

[ 23, 45, 1,[ 38, 30, 84]],

[ 58, 95, 0,[ 22, 15, 88, 2, 93]],

[ 84, 25, 0,[ 61, 78, 73, 88]],

[ 20, 85, 0,[ 82, 18, 6, 60]],

[ 17, 45, 1,[ 6, 50, 92, 26, 89]],

[ 8, 75, 0,[ 24, 98, 65, 33]],

[ 50, 5, 0,[ 87, 43, 17, 13]],

[ 46, 95, 0,[ 31, 75, 82]],

[ 67, 25, 0,[ 94, 69, 83]],

[ 23, 5, 1,[ 95, 59, 26]],

[ 74, 65, 1,[ 36, 95, 44, 12, 28]],

[ 41, 45, 1,[ 97, 11, 70]],

[ 24, 85, 1,[ 8, 3, 52]],

[ 6, 85, 0,[ 28, 64, 20, 17]],

[ 89, 15, 0,[ 17, 71, 68]],

[ 18, 85, 0,[ 72, 20, 79, 62]],

[ 11, 25, 0,[ 65, 42, 1, 41]],

[ 93, 45, 1,[ 19, 91, 58]],

[ 32, 75, 1,[ 35, 99, 31]],

[ 94, 55, 1,[ 67, 4, 10, 45]],

[ 47, 25, 0,[ 4, 51, 31, 96]],

[ 92, 85, 0,[ 10, 30, 17]],

[ 45, 65, 1,[ 90, 94, 29, 38]],

[ 31, 55, 1,[ 47, 21, 32, 46]],

[ 82, 65, 1,[ 81, 46, 7, 39, 85, 48, 73, 20, 51]],

[ 69, 85, 1,[ 97, 67, 42]],

[ 68, 45, 0,[ 89, 53, 88]],

[ 53, 25, 1,[ 98, 19, 68]],

[ 28, 55, 1,[ 13, 6, 74]],

[ 30, 75, 1,[ 5, 2, 92, 34]],

[ 59, 5, 1,[ 3, 39, 61, 23]],

[ 62, 85, 0,[ 18, 95, 40]],

[ 43, 65, 0,[ 14, 86, 50]],

[ 83, 75, 1,[ 67, 1, 44, 9]],

[ 52, 75, 0,[ 54, 12, 24]],

[ 22, 15, 1,[ 99, 58, 38]],

[ 0, 25, 0,[ 90, 49, 91]],

[ 96, 25, 0,[ 37, 47, 97]],

[ 60, 5, 1,[ 76, 20, 48]],

[ 61, 75, 0,[ 15, 59, 64, 84]],

[ 37, 75, 1,[ 79, 96, 98, 7, 63]],

[ 65, 5, 0,[ 11, 3, 8]],

[ 44, 95, 0,[ 9, 74, 36, 83, 57]],

[ 73, 55, 1,[ 82, 33, 84, 81]],

[ 14, 45, 1,[ 16, 26, 43, 2]],

[ 86, 95, 1,[ 97, 85, 33, 43, 55, 27]],

[ 56, 85, 1,[ 34, 29, 77]],

[ 99, 85, 0,[ 22, 70, 32]],

[ 76, 65, 0,[ 85, 60]],

[ 48, 55, 1,[ 82, 60, 19, 54, 7]],

[ 72, 15, 1,[ 78, 18, 25, 36]],

[ 3, 75, 0,[ 24, 59, 90, 65]],

[ 85, 5, 1,[ 86, 82, 27, 76]],

[ 7, 95, 0,[ 82, 37, 48]],

[ 70, 15, 1,[ 77, 99, 15, 41]],

[ 33, 65, 1,[ 73, 86, 8]],

[ 5, 95, 0,[ 30, 10, 21]],

[ 16, 15, 0,[ 14, 19, 91]],

[ 19, 15, 1,[ 38, 93, 48, 16, 53]],

[ 91, 45, 1,[ 25, 71, 34, 93, 16, 0]],

[ 54, 75, 0,[ 81, 48, 52]],

[ 2, 95, 0,[ 21, 30, 14, 58]],

[ 38, 15, 1,[ 45, 19, 22, 78]],

[ 13, 35, 0,[ 50, 40, 28]],

[ 88, 75, 1,[ 58, 84, 68]],

[ 34, 85, 0,[ 56, 30, 91]],

[ 15, 95, 0,[ 61, 70, 58]],

[ 78, 85, 1,[ 72, 38, 84]],

[ 35, 85, 0,[ 71, 64, 32]],

[ 77, 95, 0,[ 56, 95, 70]],

[ 39, 5, 1,[ 82, 59, 49]],

[ 4, 45, 0,[ 25, 94, 47]],

[ 90, 5, 1,[ 3, 0, 45]],

[ 12, 25, 0,[ 74, 29, 52]],

[ 95, 85, 1,[ 23, 74, 77, 62]],

[ 66, 35, 0,[ 87, 10, 98]],

[ 21, 45, 1,[ 31, 64, 2, 5]],

[ 42, 35, 1,[ 27, 11, 40, 69, 9]],

[ 57, 65, 1,[ 51, 55, 44]],

[ 26, 95, 0,[ 17, 14, 23]],

[ 63, 45, 1,[ 37, 79, 1]],

[ 9, 95, 0,[ 42, 44, 83]],

[ 25, 75, 1,[ 4, 72, 36, 91]],

[ 75, 95, 1,[ 55, 80, 49, 46]],

[ 40, 35, 0,[ 13, 42, 62]],

[ 80, 75, 0,[ 29, 71, 75]],

[ 49, 35, 0,[ 0, 75, 39]],

[ 1, 65, 1,[ 83, 63, 11]],

[ 55, 95, 0,[ 75, 86, 57]],

[ 81, 25, 0,[ 54, 82, 73]],

[ 10, 15, 1,[ 66, 92, 5, 94]],

[ 97, 85, 0,[ 96, 86, 69, 41]],

[ 79, 55, 0,[ 37, 63, 18]],

[ 36, 85, 1,[ 25, 74, 72, 44]],

[ 71, 85, 1,[ 89, 35, 91, 80]],

[ 87, 35, 1,[ 98, 66, 50]],

[ 64, 85, 0,[ 21, 61, 35, 6]],

[ 27, 45, 0,[ 85, 86, 42]],

[ 98, 55, 1,[ 37, 8, 87, 66, 53]],

[ 51, 75, 1,[ 82, 47, 57]],

[ 29, 75, 0,[ 56, 12, 45, 80]],

