[ 21, 25, 0,[ 53, 12, 10]],

[ 54, 85, 1,[ 8, 19, 14, 23]],

[ 40, 5, 1,[ 97, 74, 79]],

[ 97, 25, 1,[ 33, 27, 91, 40]],

[ 86, 15, 0,[ 33, 93, 80, 46]],

[ 91, 65, 0,[ 25, 82, 97]],

[ 53, 85, 0,[ 8, 21, 28]],

[ 38, 55, 0,[ 12, 89]],

[ 48, 55, 0,[ 89, 5, 52]],

[ 84, 65, 1,[ 31, 16, 36]],

[ 63, 95, 0,[ 61, 35, 17]],

[ 75, 25, 0,[ 99, 34, 12]],

[ 98, 85, 0,[ 7, 3, 81]],

[ 7, 15, 1,[ 98, 96, 22]],

[ 87, 85, 0,[ 22, 47, 81]],

[ 14, 65, 0,[ 95, 1, 54]],

[ 88, 55, 0,[ 89, 4, 73]],

[ 58, 15, 1,[ 26, 16, 36]],

[ 95, 5, 0,[ 14, 3, 35]],

[ 36, 35, 0,[ 58, 64, 44, 84]],

[ 12, 25, 1,[ 56, 68, 21, 75, 38, 42]],

[ 27, 85, 0,[ 24, 97, 0]],

[ 67, 5, 1,[ 82, 13, 42, 8, 30]],

[ 73, 65, 0,[ 28, 55, 88, 15]],

[ 44, 35, 1,[ 64, 23, 30, 57, 36]],

[ 68, 25, 1,[ 39, 9, 12, 2]],

[ 62, 75, 1,[ 76, 47, 11]],

[ 35, 5, 1,[ 95, 51, 0, 63]],

[ 28, 85, 1,[ 73, 79, 53]],

[ 89, 55, 1,[ 48, 80, 38, 88, 99]],

[ 71, 95, 0,[ 43, 17, 47]],

[ 51, 65, 0,[ 35, 45]],

[ 1, 65, 1,[ 24, 82, 14]],

[ 56, 85, 0,[ 12, 41, 17]],

[ 30, 35, 0,[ 44, 67, 93]],

[ 32, 15, 0,[ 25, 49, 5]],

[ 77, 15, 1,[ 46, 13, 34]],

[ 24, 85, 0,[ 49, 90, 27, 26, 1, 61, 41]],

[ 15, 65, 1,[ 70, 8, 73, 6, 46]],

[ 19, 95, 0,[ 54, 4, 45]],

[ 57, 95, 0,[ 4, 44]],

[ 17, 95, 1,[ 6, 56, 63, 71]],

[ 29, 45, 1,[ 33, 92, 72, 94]],

[ 76, 15, 1,[ 62, 37, 79]],

[ 55, 15, 1,[ 2, 61, 73]],

[ 3, 25, 1,[ 95, 98, 59, 72, 26]],

[ 85, 55, 0,[ 61, 96, 65]],

[ 49, 75, 1,[ 24, 80, 32, 31]],

[ 60, 55, 0,[ 18, 59, 52, 65]],

[ 94, 35, 0,[ 92, 29]],

[ 61, 25, 1,[ 24, 55, 18, 85, 63]],

[ 37, 15, 0,[ 83, 76, 99]],

[ 52, 65, 1,[ 60, 48, 43]],

[ 16, 65, 0,[ 8, 58, 84]],

[ 82, 65, 0,[ 91, 1, 78, 67]],

[ 34, 15, 1,[ 2, 77, 75]],

[ 47, 65, 1,[ 87, 62, 92, 71]],

[ 45, 95, 0,[ 51, 19]],

[ 46, 15, 1,[ 77, 15, 86]],

[ 79, 15, 1,[ 40, 28, 76]],

[ 5, 15, 1,[ 9, 20, 72, 48, 32]],

[ 9, 75, 1,[ 59, 93, 5, 68]],

[ 26, 15, 1,[ 24, 58, 3]],

[ 23, 35, 0,[ 54, 4, 44]],

[ 90, 85, 0,[ 99, 66, 24]],

[ 69, 45, 0,[ 83, 50]],

[ 25, 65, 0,[ 32, 31, 43, 91]],

[ 6, 65, 1,[ 15, 17, 2]],

[ 10, 25, 0,[ 21, 50]],

[ 33, 25, 0,[ 86, 29, 97]],

[ 72, 55, 0,[ 3, 5, 29, 78]],

[ 41, 85, 0,[ 74, 24, 56]],

[ 83, 45, 0,[ 64, 37, 69]],

[ 20, 65, 1,[ 2, 5]],

[ 74, 85, 0,[ 64, 40, 41]],

[ 18, 55, 0,[ 61, 11, 60]],

[ 78, 55, 1,[ 2, 72, 82]],

[ 39, 25, 0,[ 68, 92]],

[ 8, 35, 1,[ 15, 53, 54, 16, 67]],

[ 99, 35, 1,[ 37, 50, 90, 70, 4, 75, 89]],

[ 22, 85, 0,[ 87, 7]],

[ 50, 45, 1,[ 69, 99, 10, 66, 42]],

[ 4, 95, 1,[ 19, 99, 57, 23, 88, 96]],

[ 93, 15, 0,[ 30, 9, 86]],

[ 13, 5, 0,[ 77, 70, 67]],

[ 81, 85, 1,[ 80, 87, 98]],

[ 31, 65, 0,[ 84, 49, 25]],

[ 0, 85, 1,[ 35, 27, 66]],

[ 92, 35, 1,[ 39, 47, 94, 29]],

[ 11, 55, 1,[ 65, 18, 62]],

[ 59, 25, 0,[ 60, 9, 3]],

[ 70, 5, 0,[ 13, 15, 99]],

[ 96, 85, 1,[ 85, 4, 7]],

[ 43, 85, 1,[ 52, 71, 25, 65]],

[ 42, 25, 0,[ 12, 67, 50]],

[ 64, 85, 1,[ 83, 74, 36, 44]],

[ 2, 25, 1,[ 55, 78, 68, 6, 20, 34]],

[ 66, 85, 1,[ 50, 0, 90]],

[ 65, 55, 1,[ 11, 60, 43, 85]],

[ 80, 65, 1,[ 89, 86, 49, 81]],

