[ 86, 85, 1,[ 88, 80, 79]],

[ 28, 15, 0,[ 83, 35, 95]],

[ 20, 75, 0,[ 33, 87, 40, 5, 12, 75]],

[ 91, 95, 1,[ 80, 61, 94]],

[ 0, 45, 0,[ 73, 7, 17]],

[ 8, 65, 0,[ 27, 68, 56, 62]],

[ 97, 45, 0,[ 59, 17, 95]],

[ 19, 25, 1,[ 64, 42, 31, 82, 92]],

[ 90, 25, 1,[ 89, 42, 66, 37]],

[ 37, 25, 1,[ 66, 90]],

[ 64, 35, 0,[ 19, 3, 69, 48]],

[ 69, 55, 1,[ 26, 21, 64]],

[ 87, 55, 1,[ 34, 49, 20, 82]],

[ 24, 45, 1,[ 70, 50, 31]],

[ 68, 55, 0,[ 74, 8, 12]],

[ 71, 45, 1,[ 50, 77, 2, 52]],

[ 94, 25, 0,[ 95, 91, 96]],

[ 60, 75, 1,[ 13, 41, 46]],

[ 53, 15, 1,[ 7, 33, 65, 6]],

[ 31, 35, 1,[ 74, 99, 19, 98, 24]],

[ 23, 45, 1,[ 77, 73, 65]],

[ 4, 65, 0,[ 6, 93, 75]],

[ 56, 5, 1,[ 16, 25, 8, 48, 65]],

[ 7, 75, 0,[ 0, 11, 38, 53]],

[ 51, 25, 1,[ 42, 62, 57]],

[ 74, 55, 1,[ 68, 31, 62]],

[ 2, 25, 0,[ 27, 9, 71]],

[ 79, 25, 0,[ 44, 86, 34]],

[ 17, 15, 1,[ 97, 0, 77]],

[ 62, 65, 0,[ 74, 51, 8]],

[ 11, 35, 0,[ 7, 50, 98, 85]],

[ 98, 75, 1,[ 11, 16, 55, 31]],

[ 46, 25, 1,[ 42, 60, 80, 75]],

[ 30, 25, 1,[ 1, 45]],

[ 89, 65, 0,[ 81, 70, 90]],

[ 35, 45, 0,[ 47, 28, 38]],

[ 1, 55, 0,[ 30, 39, 12]],

[ 26, 25, 0,[ 59, 81, 69, 44]],

[ 93, 45, 0,[ 49, 57, 4]],

[ 43, 65, 0,[ 57, 70]],

[ 12, 85, 0,[ 32, 68, 1, 20]],

[ 21, 45, 1,[ 54, 3, 10, 69, 13, 15]],

[ 32, 65, 1,[ 12, 27, 72]],

[ 13, 55, 0,[ 21, 60, 67]],

[ 50, 95, 0,[ 11, 71, 24]],

[ 73, 95, 1,[ 80, 0, 23, 96, 88]],

[ 67, 55, 1,[ 99, 13, 76]],

[ 63, 45, 1,[ 52, 29, 58, 85]],

[ 14, 65, 1,[ 16, 65, 61, 15]],

[ 99, 65, 0,[ 39, 67, 31]],

[ 15, 25, 0,[ 14, 21, 45, 34]],

[ 72, 55, 1,[ 45, 32, 83]],

[ 80, 75, 0,[ 73, 58, 46, 91, 86, 84]],

[ 77, 75, 0,[ 36, 17, 71, 23]],

[ 47, 45, 0,[ 35, 55, 83]],

[ 16, 95, 1,[ 14, 56, 98]],

[ 41, 85, 1,[ 49, 60, 78]],

[ 65, 25, 0,[ 56, 53, 36, 23, 14, 52]],

[ 83, 75, 1,[ 28, 72, 47]],

[ 5, 75, 0,[ 20, 78, 10]],

[ 92, 35, 0,[ 18, 36, 19]],

[ 10, 95, 1,[ 5, 21, 84, 40, 57]],

[ 25, 35, 1,[ 3, 38, 56]],

[ 48, 35, 0,[ 64, 27, 56]],

[ 59, 15, 1,[ 88, 26, 97]],

[ 27, 45, 1,[ 2, 8, 32, 48]],

[ 42, 55, 1,[ 19, 90, 46, 66, 51, 96]],

[ 61, 5, 0,[ 88, 91, 14]],

[ 49, 65, 0,[ 87, 41, 93, 78]],

[ 22, 15, 1,[ 95, 9, 70]],

[ 9, 25, 0,[ 66, 22, 2]],

[ 78, 85, 1,[ 5, 41, 49, 55]],

[ 33, 35, 1,[ 76, 53, 20]],

[ 38, 15, 1,[ 25, 35, 7]],

[ 70, 95, 1,[ 22, 89, 43, 24]],

[ 40, 75, 0,[ 20, 10]],

[ 96, 25, 0,[ 94, 73, 42]],

[ 39, 95, 1,[ 99, 1, 18]],

[ 34, 25, 0,[ 15, 87, 79]],

[ 88, 65, 1,[ 61, 18, 86, 73, 59, 81]],

[ 52, 35, 0,[ 63, 71, 65]],

[ 45, 55, 1,[ 15, 30, 72]],

[ 82, 75, 1,[ 57, 87, 19]],

[ 55, 45, 0,[ 78, 98, 47]],

[ 95, 75, 1,[ 94, 28, 22, 97]],

[ 84, 75, 0,[ 10, 80]],

[ 36, 95, 1,[ 77, 92, 65]],

[ 75, 55, 1,[ 20, 4, 46]],

[ 57, 35, 1,[ 43, 51, 82, 93, 10]],

[ 81, 5, 0,[ 58, 89, 26, 88]],

[ 54, 55, 0,[ 3, 76, 21]],

[ 29, 65, 0,[ 6, 63]],

[ 6, 65, 0,[ 29, 4, 53]],

[ 66, 25, 0,[ 37, 90, 9, 42]],

[ 18, 45, 0,[ 92, 39, 88]],

[ 58, 35, 0,[ 81, 63, 80]],

[ 44, 5, 0,[ 85, 26, 79]],

[ 3, 45, 1,[ 21, 64, 25, 54]],

[ 76, 95, 0,[ 67, 33, 54]],

[ 85, 55, 1,[ 63, 44, 11]],

[ 95, 45, 1,[ 85, 17, 89]],

[ 16, 65, 1,[ 6, 39, 55]],

[ 96, 35, 0,[ 69, 59, 34, 35]],

[ 48, 95, 1,[ 52, 73, 87]],

[ 11, 5, 0,[ 22, 59, 68]],

[ 89, 85, 0,[ 95, 62, 5]],

[ 25, 95, 1,[ 46, 92, 6]],

[ 57, 65, 1,[ 74, 49, 38]],

[ 52, 65, 0,[ 55, 81, 6, 48, 99]],

[ 50, 85, 0,[ 20, 19, 41]],

[ 26, 65, 0,[ 28, 41, 36]],

[ 75, 45, 1,[ 60, 45, 90]],

[ 82, 25, 1,[ 14, 94, 63, 21]],

[ 13, 95, 0,[ 10, 83, 99]],

[ 18, 35, 0,[ 37, 97, 38]],

[ 15, 95, 0,[ 53, 60, 49, 8]],

[ 64, 15, 0,[ 21, 33, 97]],

[ 19, 25, 1,[ 50, 78, 62]],

[ 37, 15, 1,[ 18, 28, 42]],

[ 63, 45, 1,[ 49, 32, 82]],

[ 32, 55, 1,[ 94, 45, 63]],

[ 35, 35, 0,[ 96, 54, 88]],

[ 9, 55, 0,[ 7, 3, 39]],

[ 61, 75, 1,[ 77, 83, 46, 66]],

[ 2, 65, 0,[ 80, 3, 70]],

[ 22, 55, 1,[ 62, 7, 11, 17]],

[ 60, 95, 1,[ 15, 75, 1, 4, 43]],

[ 86, 25, 1,[ 30, 71, 91, 66, 94, 76, 5]],

[ 14, 5, 1,[ 92, 82, 58]],

[ 69, 75, 1,[ 29, 40, 33, 96]],

[ 76, 45, 0,[ 93, 86, 31]],

[ 42, 45, 1,[ 68, 65, 37]],

[ 74, 95, 1,[ 57, 67, 84]],

[ 81, 65, 0,[ 52, 41, 73]],

[ 44, 15, 0,[ 58, 73, 45]],

[ 51, 65, 1,[ 0, 29, 31, 8]],

[ 54, 35, 0,[ 72, 35, 33]],

[ 29, 55, 0,[ 84, 51, 69, 7]],

[ 6, 65, 0,[ 21, 16, 25, 52]],

[ 93, 35, 0,[ 12, 76, 36]],

[ 99, 65, 0,[ 13, 52]],

[ 84, 65, 0,[ 74, 73, 29]],

[ 30, 55, 1,[ 56, 62, 43, 86]],

[ 70, 95, 1,[ 34, 20, 2, 39]],

[ 80, 35, 0,[ 98, 2, 27, 56]],

[ 78, 25, 0,[ 53, 19, 65, 20]],

[ 40, 15, 0,[ 88, 69, 23, 90]],

[ 68, 5, 0,[ 42, 47, 11]],

[ 65, 95, 0,[ 78, 42, 10]],

[ 97, 35, 0,[ 64, 83, 18]],

[ 43, 85, 0,[ 30, 60, 66]],

[ 5, 15, 0,[ 89, 86, 36]],

[ 24, 35, 1,[ 53, 10, 79]],

[ 71, 75, 1,[ 72, 4, 28, 86]],

[ 1, 5, 1,[ 60, 12, 85]],

[ 85, 65, 1,[ 1, 95]],

[ 56, 85, 1,[ 80, 30, 62]],

[ 94, 65, 0,[ 86, 82, 32]],

[ 73, 85, 1,[ 84, 44, 77, 48, 81]],

[ 59, 85, 1,[ 53, 11, 96]],

[ 77, 35, 0,[ 45, 73, 61]],

[ 28, 65, 0,[ 37, 71, 87, 26]],

[ 33, 85, 1,[ 54, 69, 64]],

[ 88, 65, 1,[ 40, 23, 35]],

[ 58, 35, 0,[ 44, 90, 72, 14]],

[ 34, 5, 0,[ 36, 96, 70]],

[ 46, 35, 0,[ 8, 25, 61]],

[ 21, 25, 1,[ 82, 6, 64]],

[ 53, 85, 1,[ 78, 92, 24, 27, 59, 15, 47]],

[ 87, 95, 1,[ 28, 98, 48]],

[ 55, 35, 0,[ 52, 38, 16]],

[ 20, 5, 0,[ 78, 50, 70]],

[ 31, 65, 1,[ 91, 76, 51]],

[ 7, 55, 0,[ 9, 29, 22]],

[ 47, 35, 1,[ 68, 53]],

[ 8, 65, 0,[ 51, 3, 46, 15]],

[ 27, 5, 0,[ 80, 53, 36]],

[ 66, 35, 0,[ 43, 61, 86]],

[ 92, 65, 0,[ 25, 14, 53]],

[ 79, 65, 0,[ 36, 90, 24]],

[ 39, 5, 0,[ 16, 70, 9, 67]],

[ 67, 35, 0,[ 39, 74, 17]],

[ 49, 85, 0,[ 63, 15, 57]],

[ 3, 85, 1,[ 23, 9, 8, 2]],

[ 10, 55, 1,[ 13, 24, 23, 65]],

[ 98, 45, 1,[ 0, 87, 80]],

[ 91, 85, 1,[ 23, 86, 31]],

[ 72, 95, 1,[ 54, 71, 12, 58]],

[ 62, 95, 1,[ 89, 30, 19, 22, 56]],

[ 83, 15, 1,[ 61, 97, 13, 0]],

[ 12, 35, 0,[ 72, 93, 1]],

[ 45, 85, 1,[ 32, 44, 77, 75]],

[ 17, 85, 1,[ 22, 67, 95]],

[ 38, 85, 1,[ 55, 57, 18]],

[ 4, 75, 0,[ 41, 71, 60]],

[ 0, 75, 0,[ 83, 51, 98]],

[ 90, 95, 1,[ 75, 40, 58, 79]],

[ 36, 65, 1,[ 26, 5, 27, 79, 34, 93]],

[ 23, 25, 1,[ 3, 91, 88, 40, 10]],

[ 41, 35, 1,[ 81, 26, 4, 50]],

