[ 70, 35, 1,[ 36, 58, 57, 6, 62]],

[ 59, 55, 1,[ 34, 99, 83]],

[ 68, 65, 0,[ 3]],

[ 94, 35, 0,[ 19, 28, 60]],

[ 43, 25, 0,[ 54, 0, 49]],

[ 62, 5, 0,[ 70, 85, 15]],

[ 57, 5, 1,[ 70, 18, 72, 71]],

[ 65, 25, 0,[ 97, 60, 80, 1]],

[ 14, 25, 1,[ 77, 45, 42, 63, 10]],

[ 52, 45, 0,[ 42, 98, 39]],

[ 86, 5, 1,[ 64, 47, 23]],

[ 71, 95, 1,[ 83, 76, 57]],

[ 56, 65, 1,[ 46, 87, 30]],

[ 1, 25, 1,[ 65, 64, 17, 90, 44, 75]],

[ 35, 5, 0,[ 51, 48, 16]],

[ 9, 65, 0,[ 73, 75, 74]],

[ 67, 85, 0,[ 3, 24, 6, 8]],

[ 42, 85, 1,[ 7, 14, 52, 82, 74]],

[ 58, 35, 0,[ 48, 70]],

[ 76, 95, 0,[ 71, 39, 7]],

[ 16, 85, 1,[ 41, 60, 33, 35]],

[ 91, 95, 1,[ 73, 47, 45]],

[ 4, 55, 0,[ 13, 26, 37]],

[ 77, 55, 0,[ 61, 78, 14]],

[ 15, 5, 0,[ 78, 62, 0]],

[ 45, 35, 1,[ 91, 53, 14, 3]],

[ 7, 65, 0,[ 98, 76, 42]],

[ 55, 85, 0,[ 88, 82]],

[ 66, 15, 0,[ 78, 96, 85]],

[ 96, 75, 0,[ 12, 19, 66]],

[ 51, 5, 1,[ 85, 35, 33, 93, 20]],

[ 64, 65, 0,[ 90, 12, 86, 1]],

[ 3, 65, 1,[ 80, 67, 45, 68]],

[ 17, 25, 0,[ 84, 1, 47]],

[ 10, 55, 1,[ 29, 14, 84, 33]],

[ 11, 75, 0,[ 84, 25]],

[ 19, 75, 1,[ 96, 53, 94]],

[ 34, 65, 0,[ 59, 93, 46]],

[ 39, 45, 1,[ 52, 25, 41, 76]],

[ 80, 65, 0,[ 3, 65, 49]],

[ 48, 55, 1,[ 35, 95, 58]],

[ 28, 25, 0,[ 2, 92, 60, 94, 8]],

[ 84, 55, 0,[ 17, 10, 11]],

[ 87, 65, 1,[ 69, 95, 56]],

[ 97, 25, 0,[ 65, 93, 53]],

[ 5, 25, 0,[ 8, 60, 72]],

[ 8, 25, 0,[ 5, 67, 28]],

[ 37, 95, 1,[ 4, 95, 32]],

[ 83, 25, 1,[ 89, 71, 53, 32, 59]],

[ 63, 85, 1,[ 31, 14, 46, 13]],

[ 47, 5, 1,[ 79, 17, 91, 86]],

[ 61, 65, 1,[ 79, 73, 77]],

[ 54, 25, 0,[ 44, 43, 26]],

[ 74, 55, 1,[ 50, 42, 88, 92, 9, 78]],

[ 25, 75, 1,[ 50, 11, 39]],

[ 33, 25, 1,[ 10, 51, 16]],

[ 32, 55, 1,[ 37, 72, 83]],

[ 75, 65, 1,[ 0, 1, 9, 24, 12]],

[ 81, 25, 0,[ 27, 24, 99]],

[ 24, 85, 1,[ 36, 75, 67, 81]],

[ 36, 25, 1,[ 38, 24, 70]],

[ 31, 45, 1,[ 22, 99, 85, 63]],

[ 99, 55, 0,[ 88, 59, 31, 98, 81]],

[ 53, 95, 1,[ 19, 83, 97, 49, 45]],

[ 49, 95, 0,[ 43, 53, 80]],

[ 26, 45, 0,[ 54, 69, 4]],

[ 30, 5, 1,[ 22, 56, 38]],

[ 88, 25, 1,[ 74, 55, 99]],

[ 72, 25, 1,[ 27, 57, 23, 5, 32]],

[ 95, 75, 1,[ 37, 21, 29, 87, 48]],

[ 18, 5, 0,[ 57]],

[ 23, 95, 1,[ 72, 2, 86]],

[ 98, 65, 0,[ 99, 52, 7]],

[ 73, 85, 1,[ 50, 91, 9, 61]],

[ 85, 15, 1,[ 62, 66, 31, 51]],

[ 46, 85, 0,[ 56, 34, 63]],

[ 78, 55, 0,[ 77, 66, 74, 15]],

[ 50, 85, 0,[ 74, 73, 25]],

[ 29, 75, 0,[ 41, 95, 10]],

[ 69, 45, 1,[ 87, 27, 26]],

[ 44, 5, 0,[ 54, 1, 21, 79]],

[ 93, 65, 1,[ 51, 34, 97]],

[ 22, 65, 1,[ 30, 82, 31]],

[ 2, 25, 0,[ 28, 12, 23, 40]],

[ 0, 25, 0,[ 92, 75, 15, 43]],

[ 20, 75, 0,[ 89, 51]],

[ 12, 65, 0,[ 64, 75, 96, 2]],

[ 13, 55, 0,[ 63, 4]],

[ 38, 75, 1,[ 30, 36, 41]],

[ 6, 85, 0,[ 67, 70]],

[ 90, 85, 1,[ 64, 1, 21]],

[ 82, 85, 1,[ 40, 42, 55, 22]],

[ 89, 75, 0,[ 20, 83, 40]],

[ 41, 85, 1,[ 16, 38, 29, 39]],

[ 21, 5, 1,[ 90, 95, 44]],

[ 79, 5, 0,[ 47, 44, 61]],

[ 92, 25, 0,[ 0, 28, 74]],

[ 60, 35, 1,[ 16, 94, 65, 28, 5]],

[ 27, 25, 1,[ 69, 72, 81]],

[ 40, 75, 0,[ 82, 2, 89]],

