[ 85, 15, 0,[ 4, 11, 34]],

[ 9, 65, 0,[ 2, 58, 4]],

[ 42, 65, 0,[ 58, 54, 8]],

[ 87, 65, 0,[ 0, 8, 11]],

[ 76, 65, 0,[ 2, 11, 26]],

[ 47, 65, 0,[ 54, 58]],

[ 20, 65, 0,[ 11, 2, 4]],

[ 6, 65, 0,[ 4, 11, 8]],

[ 83, 65, 0,[ 58, 54, 26]],

[ 77, 65, 0,[ 8, 58, 26]],

[ 49, 65, 0,[ 11, 0, 4]],

[ 94, 35, 0,[ 54, 58]],

[ 18, 65, 0,[ 58, 4, 11]],

[ 22, 65, 0,[ 8, 4, 0]],

[ 26, 15, 1,[ 69, 28, 71, 40, 12, 76, 38, 56, 74, 89, 92, 83, 13, 57, 60, 80, 37, 77, 45]],

[ 33, 65, 0,[ 11, 4, 58]],

[ 84, 65, 0,[ 54, 58, 0]],

[ 54, 35, 1,[ 82, 42, 21, 83, 94, 47, 75, 62, 84, 95, 79, 7, 2]],

[ 12, 65, 0,[ 4, 26, 11]],

[ 61, 65, 0,[ 66, 58, 4]],

[ 2, 35, 1,[ 29, 0, 73, 66, 41, 35, 71, 81, 51, 72, 23, 9, 27, 91, 20, 76, 69, 54]],

[ 4, 5, 1,[ 35, 44, 74, 14, 88, 85, 12, 37, 98, 18, 48, 62, 15, 6, 29, 66, 86, 95, 61, 92, 57, 46, 60, 59, 20, 3, 50, 55, 49, 34, 32, 72, 80, 17, 43, 30, 16, 22, 64, 21, 7, 33, 28, 31, 41, 9, 5, 71, 99, 25, 38, 93, 97]],

[ 89, 65, 0,[ 58, 11, 26]],

[ 56, 65, 0,[ 26, 8]],

[ 72, 65, 0,[ 4, 2, 8]],

[ 0, 15, 1,[ 36, 10, 49, 5, 22, 2, 50, 55, 23, 90, 65, 87, 84, 43]],

[ 35, 65, 0,[ 2, 4, 79]],

[ 5, 65, 0,[ 58, 4, 0]],

[ 14, 65, 0,[ 8, 4, 11]],

[ 19, 65, 0,[ 58, 8]],

[ 1, 65, 0,[ 58, 8]],

[ 13, 65, 0,[ 26, 58, 11]],

[ 41, 65, 0,[ 8, 4, 2]],

[ 90, 65, 0,[ 11, 8, 0]],

[ 75, 65, 0,[ 58, 54, 8]],

[ 57, 65, 0,[ 4, 26, 11]],

[ 92, 65, 0,[ 26, 4, 32]],

[ 66, 65, 0,[ 2, 61, 4, 11]],

[ 68, 65, 0,[ 58, 8]],

[ 31, 65, 0,[ 4, 11]],

[ 82, 65, 0,[ 11, 54, 58]],

[ 38, 65, 0,[ 4, 26, 8]],

[ 45, 65, 0,[ 8, 26, 58]],

[ 29, 65, 0,[ 70, 58, 4, 2]],

[ 96, 65, 0,[ 11, 58, 8]],

[ 32, 65, 0,[ 58, 8, 4, 92]],

[ 3, 65, 0,[ 58, 8, 4]],

[ 10, 65, 0,[ 8, 0, 11]],

[ 86, 65, 0,[ 58, 11, 4]],

[ 71, 65, 0,[ 4, 2, 26]],

[ 30, 65, 0,[ 4, 11, 58]],

[ 51, 65, 0,[ 8, 2, 11]],

[ 97, 65, 0,[ 4, 58, 8]],

[ 23, 65, 0,[ 0, 2]],

[ 65, 65, 0,[ 0, 8, 58]],

[ 80, 65, 0,[ 11, 26, 4]],

[ 69, 65, 0,[ 8, 2, 26]],

[ 37, 65, 0,[ 26, 58, 4]],

[ 50, 65, 0,[ 0, 4, 8]],

[ 62, 65, 0,[ 4, 11, 54]],

[ 36, 65, 0,[ 11, 0, 8]],

[ 52, 65, 0,[ 58, 8, 11]],

[ 67, 65, 0,[ 58, 11]],

[ 74, 65, 0,[ 4, 11, 26]],

[ 60, 65, 0,[ 8, 4, 26]],

[ 15, 65, 0,[ 8, 58, 4]],

[ 40, 65, 0,[ 11, 26, 8]],

[ 21, 65, 0,[ 54, 4, 8]],

[ 95, 65, 0,[ 54, 4, 8]],

[ 59, 65, 0,[ 58, 11, 4]],

[ 81, 65, 1,[ 2, 58, 7]],

[ 99, 15, 0,[ 58, 4, 8]],

[ 98, 65, 0,[ 4, 8, 58]],

[ 53, 65, 0,[ 11, 58, 8]],

[ 70, 65, 0,[ 29, 8]],

[ 91, 65, 0,[ 2, 58, 8]],

[ 24, 65, 0,[ 58]],

[ 73, 65, 0,[ 2, 11, 8]],

[ 28, 65, 0,[ 4, 8, 26]],

[ 58, 75, 1,[ 37, 89, 1, 5, 63, 3, 47, 99, 81, 44, 30, 86, 24, 27, 17, 75, 18, 53, 61, 83, 42, 52, 59, 33, 94, 97, 65, 64, 78, 13, 16, 15, 68, 32, 29, 98, 77, 96, 19, 67, 91, 9, 45, 84, 93, 79, 39, 82]],

[ 79, 65, 0,[ 35, 8, 54, 58]],

[ 64, 65, 0,[ 4, 11, 58]],

[ 55, 65, 0,[ 0, 11, 4]],

[ 46, 65, 0,[ 4, 8, 11]],

[ 25, 65, 0,[ 4, 11]],

[ 48, 65, 0,[ 8, 11, 4]],

[ 8, 45, 1,[ 11, 99, 34, 42, 75, 45, 96, 3, 36, 77, 14, 15, 53, 95, 28, 70, 10, 60, 63, 46, 16, 65, 43, 52, 44, 69, 50, 40, 41, 32, 98, 56, 91, 72, 68, 73, 39, 48, 6, 21, 38, 87, 19, 22, 97, 1, 79, 51, 90, 27]],

[ 78, 65, 0,[ 11, 58]],

[ 93, 65, 0,[ 11, 58, 4]],

[ 11, 95, 1,[ 53, 33, 93, 34, 76, 87, 18, 62, 86, 14, 8, 89, 59, 66, 25, 17, 48, 64, 49, 20, 57, 40, 82, 36, 31, 30, 10, 46, 6, 88, 67, 51, 55, 78, 13, 90, 74, 12, 96, 63, 80, 73, 52, 85]],

[ 7, 65, 1,[ 4, 81, 54]],

[ 34, 65, 0,[ 85, 8, 4, 11]],

[ 43, 65, 0,[ 4, 0, 8]],

[ 39, 65, 0,[ 8, 58]],

[ 88, 65, 0,[ 11, 4]],

[ 17, 65, 0,[ 58, 4, 11]],

[ 63, 65, 0,[ 11, 8, 58]],

[ 27, 65, 0,[ 8, 2, 58]],

[ 16, 65, 0,[ 58, 4, 8]],

[ 44, 65, 0,[ 8, 58, 4]],

