[ 92, 55, 0,[ 3, 96, 68]],

[ 18, 75, 0,[ 5, 40, 96]],

[ 53, 55, 0,[ 35, 39, 57]],

[ 19, 55, 0,[ 82, 95, 86]],

[ 71, 55, 0,[ 98, 86, 42]],

[ 15, 55, 0,[ 5, 69, 86]],

[ 98, 75, 0,[ 60, 38, 71, 89]],

[ 35, 55, 0,[ 53, 65, 32]],

[ 29, 55, 0,[ 47, 87, 25]],

[ 61, 75, 0,[ 75, 59, 38]],

[ 84, 75, 0,[ 2, 83, 89]],

[ 8, 25, 1,[ 60, 59, 49]],

[ 58, 55, 1,[ 81, 47, 26, 1]],

[ 28, 75, 0,[ 43, 21, 30, 70]],

[ 10, 75, 0,[ 11, 76, 82]],

[ 5, 75, 0,[ 38, 18, 93, 15]],

[ 91, 15, 0,[ 97, 74, 22]],

[ 57, 25, 0,[ 62, 7, 81, 53]],

[ 69, 15, 0,[ 15, 74, 63, 75]],

[ 14, 55, 0,[ 96, 42, 93]],

[ 76, 55, 0,[ 49, 13, 10, 26]],

[ 37, 75, 0,[ 83, 56, 95]],

[ 52, 55, 0,[ 67, 99, 40]],

[ 6, 75, 0,[ 39, 50, 83]],

[ 59, 25, 0,[ 30, 61, 8]],

[ 86, 55, 0,[ 71, 19, 15, 41]],

[ 39, 5, 0,[ 97, 53, 6]],

[ 43, 75, 0,[ 28, 45, 34, 82]],

[ 41, 55, 0,[ 44, 81, 86, 60]],

[ 64, 55, 0,[ 7, 23, 83, 34, 0]],

[ 77, 55, 0,[ 3, 56, 88, 72]],

[ 32, 55, 0,[ 31, 68, 35]],

[ 1, 55, 0,[ 55, 0, 58]],

[ 55, 55, 0,[ 25, 1, 4]],

[ 49, 75, 1,[ 8, 76, 0]],

[ 63, 55, 0,[ 83, 69, 79]],

[ 97, 5, 0,[ 91, 39, 48]],

[ 24, 55, 0,[ 80, 42, 73, 54]],

[ 4, 85, 0,[ 25, 55, 85]],

[ 2, 15, 1,[ 70, 84, 31]],

[ 48, 5, 0,[ 25, 97, 51, 94, 89]],

[ 21, 75, 0,[ 83, 28, 90]],

[ 13, 55, 0,[ 62, 76, 85, 42]],

[ 9, 55, 0,[ 93, 81, 75]],

[ 96, 55, 0,[ 14, 18, 92]],

[ 82, 75, 0,[ 85, 10, 43, 19, 26]],

[ 85, 85, 0,[ 13, 82, 4]],

[ 90, 75, 0,[ 21, 72, 38, 7]],

[ 89, 5, 0,[ 48, 84, 73, 98]],

[ 45, 85, 0,[ 27, 11, 22, 43]],

[ 88, 75, 0,[ 31, 54, 77, 33, 36]],

[ 56, 55, 0,[ 79, 37, 77]],

[ 34, 55, 0,[ 99, 64, 43]],

[ 22, 15, 0,[ 45, 91, 94]],

[ 62, 55, 0,[ 57, 79, 13]],

[ 7, 15, 1,[ 90, 57, 64]],

[ 87, 55, 0,[ 29, 20, 16]],

[ 12, 15, 0,[ 0, 3, 36]],

[ 23, 55, 0,[ 64, 50, 36]],

[ 20, 55, 0,[ 3, 44, 87]],

[ 17, 55, 0,[ 40, 72, 66, 67]],

[ 83, 75, 0,[ 66, 21, 64, 63, 84, 6, 37]],

[ 80, 55, 0,[ 95, 73, 24, 30]],

[ 94, 5, 0,[ 22, 3, 48]],

[ 33, 75, 0,[ 88, 51, 44]],

[ 75, 75, 0,[ 61, 69, 9]],

[ 70, 75, 0,[ 30, 28, 2]],

[ 40, 55, 0,[ 18, 52, 17]],

[ 72, 55, 0,[ 90, 17, 77]],

[ 30, 55, 0,[ 59, 70, 80, 28]],

[ 73, 55, 0,[ 24, 80, 89]],

[ 36, 15, 0,[ 23, 88, 12]],

[ 42, 55, 0,[ 14, 71, 13, 79, 24]],

[ 3, 55, 0,[ 94, 12, 20, 92, 77]],

[ 38, 75, 0,[ 5, 98, 90, 61]],

[ 47, 55, 0,[ 78, 58, 29]],

[ 11, 85, 1,[ 45, 10, 27]],

[ 46, 55, 0,[ 25, 74, 51]],

[ 67, 55, 0,[ 52, 17, 93, 65]],

[ 26, 15, 1,[ 58, 76, 82]],

[ 95, 55, 0,[ 19, 37, 80]],

[ 50, 75, 0,[ 6, 78, 23]],

[ 51, 55, 0,[ 33, 48, 46, 93]],

[ 16, 55, 0,[ 87, 78, 54]],

[ 79, 55, 0,[ 62, 56, 42, 63]],

[ 0, 15, 1,[ 49, 1, 64, 27, 12]],

[ 78, 75, 0,[ 99, 47, 50, 16]],

[ 27, 85, 0,[ 0, 11, 45]],

[ 54, 5, 1,[ 24, 68, 16, 88]],

[ 31, 55, 0,[ 2, 32, 88]],

[ 68, 55, 0,[ 92, 54, 32]],

[ 66, 55, 0,[ 65, 83, 17]],

[ 74, 15, 0,[ 69, 46, 91]],

[ 44, 55, 0,[ 20, 33, 41]],

[ 81, 25, 1,[ 57, 9, 58, 41]],

[ 99, 75, 0,[ 78, 52, 34]],

[ 65, 55, 0,[ 60, 35, 66, 67]],

[ 25, 5, 0,[ 55, 48, 29, 46, 4]],

[ 60, 55, 0,[ 98, 8, 41, 65]],

[ 93, 55, 0,[ 67, 5, 14, 9, 51]],

