[ 65, 75, 0,[ 27, 2, 69]],

[ 52, 55, 0,[ 11, 18, 91]],

[ 0, 65, 1,[ 66, 77, 24, 67, 31, 3]],

[ 28, 75, 0,[ 38, 98, 8]],

[ 86, 35, 0,[ 2, 40, 4]],

[ 40, 55, 0,[ 71, 97, 86]],

[ 53, 75, 0,[ 81, 87, 51]],

[ 14, 55, 0,[ 19, 1, 26, 46]],

[ 84, 35, 0,[ 78, 49, 2]],

[ 54, 85, 1,[ 82, 2, 42, 45, 63, 61, 30]],

[ 15, 65, 0,[ 44, 59, 46]],

[ 63, 55, 0,[ 54, 55, 8]],

[ 91, 55, 0,[ 52, 9, 34, 82, 58]],

[ 96, 75, 0,[ 81, 5, 17, 32]],

[ 49, 15, 0,[ 9, 47, 84]],

[ 98, 75, 0,[ 45, 17, 28, 88]],

[ 76, 55, 0,[ 82, 62]],

[ 10, 75, 0,[ 69, 74, 48, 35]],

[ 30, 75, 0,[ 31, 54, 95]],

[ 88, 75, 0,[ 13, 98, 21, 41]],

[ 68, 85, 0,[ 4, 92, 60]],

[ 18, 75, 0,[ 52, 79, 20, 44]],

[ 16, 55, 0,[ 85, 60, 99]],

[ 32, 75, 0,[ 9, 35, 96]],

[ 47, 15, 0,[ 26, 49, 62, 79]],

[ 26, 75, 1,[ 47, 99, 58, 50, 81, 35, 85, 64, 14, 22]],

[ 82, 55, 0,[ 54, 76, 91]],

[ 57, 55, 0,[ 44, 1, 56, 99, 83, 36]],

[ 46, 55, 0,[ 14, 55, 15, 81]],

[ 69, 75, 0,[ 10, 44, 95, 65, 9]],

[ 85, 45, 0,[ 16, 26, 19]],

[ 99, 55, 0,[ 57, 71, 73, 16, 26, 94]],

[ 79, 15, 0,[ 18, 77, 47]],

[ 20, 75, 0,[ 24, 48, 18, 6]],

[ 19, 55, 0,[ 14, 85, 11]],

[ 48, 75, 0,[ 93, 10, 62, 20, 67]],

[ 87, 75, 0,[ 53, 12, 81]],

[ 4, 45, 1,[ 68, 86, 70, 12, 78, 72, 33, 13]],

[ 45, 55, 0,[ 35, 98, 54, 34]],

[ 42, 55, 0,[ 37, 54, 78, 73]],

[ 1, 55, 0,[ 57, 14, 55]],

[ 41, 75, 0,[ 61, 88, 93]],

[ 80, 55, 0,[ 62, 24, 67]],

[ 64, 45, 0,[ 74, 26, 7]],

[ 55, 55, 0,[ 63, 46, 92, 1]],

[ 25, 35, 0,[ 2, 8]],

[ 77, 25, 0,[ 79, 0, 9, 37]],

[ 37, 75, 0,[ 77, 42, 93]],

[ 61, 75, 0,[ 51, 41, 54]],

[ 22, 65, 0,[ 26, 44, 23]],

[ 94, 75, 0,[ 99, 51, 33]],

[ 34, 55, 0,[ 74, 91, 29, 45]],

[ 81, 45, 1,[ 26, 87, 56, 74, 53, 46, 97, 96]],

[ 8, 75, 1,[ 66, 58, 29, 92, 43, 63, 28, 25]],

[ 93, 75, 0,[ 66, 48, 41, 2, 37]],

[ 24, 55, 0,[ 7, 43, 0, 80, 20]],

[ 17, 75, 0,[ 98, 96, 44]],

[ 44, 85, 1,[ 15, 69, 17, 57, 29, 18, 38, 22]],

[ 13, 75, 0,[ 88, 4, 21]],

[ 71, 55, 0,[ 99, 27, 40]],

[ 73, 55, 0,[ 42, 75, 99]],

[ 89, 55, 0,[ 75, 2, 58]],

[ 6, 35, 0,[ 20, 2, 72]],

[ 36, 75, 0,[ 9, 95, 57]],

[ 9, 65, 1,[ 32, 69, 77, 91, 36, 49]],

[ 50, 45, 0,[ 31, 26, 21]],

[ 92, 5, 0,[ 8, 68, 55]],

[ 27, 55, 0,[ 65, 71, 59]],

[ 3, 75, 0,[ 72, 33, 0]],

[ 75, 55, 0,[ 60, 89, 73]],

[ 72, 85, 0,[ 3, 6, 4]],

[ 60, 55, 0,[ 38, 16, 68, 75]],

[ 5, 75, 0,[ 7, 96, 59]],

[ 51, 75, 0,[ 61, 53, 94]],

[ 90, 75, 0,[ 70, 56, 31]],

[ 74, 75, 0,[ 10, 34, 81, 64]],

[ 59, 55, 0,[ 5, 15, 27]],

[ 31, 75, 0,[ 30, 43, 0, 50, 90]],

[ 29, 55, 0,[ 34, 44, 23, 8]],

[ 58, 55, 0,[ 89, 8, 26, 91]],

[ 2, 75, 1,[ 86, 89, 54, 6, 84, 93, 65, 25]],

[ 95, 75, 0,[ 69, 36, 33, 30]],

[ 33, 75, 0,[ 94, 3, 4, 38, 95]],

[ 66, 5, 0,[ 93, 8, 97, 0]],

[ 11, 35, 1,[ 39, 52, 19]],

[ 35, 45, 0,[ 45, 32, 10, 26]],

[ 38, 75, 0,[ 28, 60, 33, 44]],

[ 83, 75, 0,[ 39, 12, 57]],

[ 70, 75, 0,[ 39, 4, 90]],

[ 12, 75, 0,[ 83, 4, 87]],

[ 62, 75, 0,[ 47, 80, 48, 76]],

[ 21, 75, 0,[ 88, 13, 50]],

[ 23, 55, 0,[ 29, 22, 39]],

[ 39, 75, 0,[ 11, 70, 23, 83]],

[ 43, 55, 0,[ 24, 31, 8]],

[ 97, 25, 0,[ 81, 66, 40]],

[ 67, 75, 0,[ 0, 48, 80]],

[ 56, 25, 0,[ 81, 90, 57]],

[ 78, 85, 0,[ 42, 4, 84]],

[ 7, 55, 0,[ 64, 5, 24]],

[ 73, 75, 0,[ 84, 46, 2]],

[ 58, 55, 1,[ 23, 9, 79]],

[ 52, 5, 0,[ 79, 62, 71]],

[ 31, 45, 0,[ 62, 26, 75, 7]],

[ 42, 55, 0,[ 26, 63, 77]],

[ 21, 5, 0,[ 83, 9, 89]],

[ 43, 75, 0,[ 1, 34, 88, 49]],

[ 51, 65, 0,[ 81, 47, 5, 4]],

[ 39, 5, 0,[ 55, 53, 49]],

[ 80, 45, 0,[ 60, 57, 0]],

[ 29, 55, 0,[ 91, 26, 60]],

[ 24, 55, 0,[ 40, 26, 33]],

[ 36, 5, 0,[ 40, 83, 81, 99]],

[ 59, 15, 0,[ 37, 71, 0]],

[ 4, 45, 1,[ 90, 88, 84, 18, 32, 60, 14, 51, 77]],

[ 19, 45, 0,[ 66, 49, 18, 47]],

[ 28, 5, 0,[ 26, 53, 79]],

[ 76, 5, 0,[ 23, 84, 11]],

[ 23, 5, 0,[ 58, 76, 32]],

[ 50, 45, 0,[ 84, 48, 54, 88]],

[ 30, 45, 0,[ 18, 14, 41]],

[ 60, 15, 0,[ 22, 29, 4, 80]],

[ 33, 5, 0,[ 24, 11, 90, 15]],

[ 2, 65, 1,[ 73, 99, 44, 38, 53]],

[ 98, 5, 0,[ 27, 65, 85]],

[ 97, 5, 0,[ 11, 87, 15]],

[ 8, 55, 0,[ 91, 26, 14]],

[ 78, 15, 0,[ 55, 41, 37, 11]],

[ 66, 45, 0,[ 19, 86, 6]],

[ 87, 45, 0,[ 97, 1, 0]],

[ 40, 5, 0,[ 25, 24, 36]],

[ 69, 5, 0,[ 26, 9, 85, 93]],

[ 26, 35, 1,[ 96, 7, 8, 28, 81, 69, 24, 29, 42, 31]],

[ 35, 45, 0,[ 57, 27, 68]],

[ 68, 5, 0,[ 65, 63, 17, 35]],

[ 93, 45, 0,[ 95, 14, 69]],

[ 70, 75, 0,[ 37, 86, 49]],

[ 37, 15, 0,[ 74, 1, 59, 78, 82, 70]],

[ 54, 45, 0,[ 96, 62, 50]],

[ 91, 5, 0,[ 9, 8, 29]],

[ 18, 45, 0,[ 4, 30, 19]],

[ 86, 45, 0,[ 70, 66, 95]],

[ 88, 65, 0,[ 50, 81, 43, 4, 16]],

[ 34, 5, 0,[ 25, 83, 43]],

[ 11, 45, 1,[ 85, 97, 33, 95, 76, 78]],

[ 44, 65, 0,[ 90, 81, 2]],

[ 57, 45, 0,[ 1, 35, 72, 9, 80]],

[ 25, 5, 0,[ 65, 6, 40, 34]],

[ 99, 5, 0,[ 2, 85, 36]],

[ 92, 5, 0,[ 16, 49, 9]],

[ 89, 5, 0,[ 81, 12, 21]],

[ 90, 15, 0,[ 4, 33, 44]],

[ 1, 45, 0,[ 87, 37, 43, 57]],

[ 15, 5, 0,[ 45, 32, 97, 33]],

[ 96, 45, 0,[ 95, 26, 54]],

[ 82, 5, 0,[ 65, 10, 37, 94]],

[ 79, 5, 0,[ 46, 28, 58, 52]],

[ 20, 5, 0,[ 65, 27, 48]],

[ 81, 25, 1,[ 36, 94, 88, 89, 26, 44, 71, 51]],

[ 46, 45, 0,[ 7, 79, 73]],

[ 9, 15, 1,[ 57, 21, 6, 91, 92, 13, 17, 58, 69]],

[ 27, 5, 0,[ 98, 20, 35]],

[ 17, 5, 0,[ 68, 9, 10]],

[ 45, 5, 0,[ 53, 15, 12]],

[ 55, 5, 0,[ 39, 78, 65]],

[ 32, 5, 0,[ 4, 15, 5, 23]],

[ 10, 5, 0,[ 17, 56, 82]],

[ 38, 5, 0,[ 2, 12, 63, 94, 72]],

[ 67, 5, 0,[ 61, 53]],

[ 22, 5, 0,[ 49, 75, 5, 3, 60]],

[ 0, 5, 1,[ 87, 80, 59]],

[ 16, 5, 0,[ 88, 74, 92]],

[ 61, 45, 0,[ 64, 41, 67]],

[ 14, 15, 0,[ 30, 8, 4, 93]],

[ 62, 45, 0,[ 54, 52, 31]],

[ 75, 5, 0,[ 64, 22, 31]],

[ 3, 5, 0,[ 22, 65]],

[ 84, 15, 0,[ 49, 76, 50, 73, 4]],

[ 74, 5, 0,[ 37, 16, 56]],

[ 13, 5, 0,[ 9, 77, 64]],

[ 83, 5, 0,[ 12, 36, 34, 21]],

[ 48, 45, 0,[ 7, 20, 50]],

[ 64, 5, 0,[ 61, 13, 75]],

[ 94, 5, 0,[ 82, 38, 81]],

[ 7, 45, 0,[ 48, 46, 26, 31]],

[ 49, 5, 1,[ 47, 19, 22, 70, 39, 84, 43, 92]],

[ 6, 5, 0,[ 25, 9, 66]],

[ 56, 5, 0,[ 5, 85, 10, 74, 12]],

[ 5, 5, 0,[ 22, 56, 32, 51]],

[ 41, 45, 0,[ 30, 78, 61]],

[ 12, 5, 0,[ 56, 45, 89, 65, 83, 38]],

[ 71, 65, 0,[ 59, 52, 81]],

[ 47, 75, 0,[ 19, 49, 51]],

[ 53, 5, 0,[ 39, 67, 28, 45, 2]],

[ 72, 5, 0,[ 38, 65, 57]],

[ 95, 45, 0,[ 11, 86, 93, 96]],

[ 85, 5, 0,[ 98, 56, 11, 69, 99]],

[ 63, 5, 0,[ 68, 38, 42]],

[ 77, 15, 0,[ 4, 42, 13]],

[ 65, 75, 1,[ 98, 3, 68, 55, 25, 20, 12, 72, 82]],

