[ 37, 25, 0,[ 11, 7, 56]],

[ 58, 55, 1,[ 69, 39, 85]],

[ 1, 35, 1,[ 47, 9, 85]],

[ 67, 35, 1,[ 52, 91, 9]],

[ 70, 25, 0,[ 94, 85, 77, 7]],

[ 65, 65, 1,[ 52, 55, 35]],

[ 92, 45, 1,[ 23, 48, 21, 53]],

[ 64, 95, 1,[ 36, 42, 29]],

[ 16, 55, 0,[ 39, 56, 48]],

[ 21, 55, 0,[ 0, 92, 62]],

[ 34, 25, 1,[ 55, 50, 87, 11]],

[ 25, 35, 0,[ 97, 96, 9]],

[ 60, 55, 0,[ 93, 5, 82]],

[ 5, 85, 1,[ 60, 71, 83]],

[ 41, 45, 0,[ 63, 94, 7, 49, 4]],

[ 33, 85, 0,[ 56, 49, 71]],

[ 52, 65, 1,[ 67, 65, 62]],

[ 45, 25, 0,[ 40, 50, 77]],

[ 15, 15, 1,[ 35, 63, 51, 6, 43]],

[ 73, 25, 0,[ 28, 87, 0, 99]],

[ 18, 15, 1,[ 99, 2, 40, 62, 81]],

[ 56, 55, 0,[ 16, 37, 33]],

[ 31, 65, 0,[ 51, 4, 8]],

[ 77, 25, 1,[ 70, 45]],

[ 28, 25, 1,[ 23, 73, 6, 19]],

[ 68, 55, 1,[ 74, 46, 7]],

[ 29, 25, 1,[ 12, 53, 64, 14, 51]],

[ 95, 35, 0,[ 8, 83, 9]],

[ 74, 25, 0,[ 76, 68, 98]],

[ 7, 55, 1,[ 41, 14, 68, 36, 70, 37]],

[ 17, 95, 0,[ 2, 22, 88]],

[ 8, 35, 1,[ 31, 95, 0]],

[ 91, 75, 0,[ 49, 4, 55, 67]],

[ 96, 25, 1,[ 59, 6, 25, 97, 50]],

[ 87, 25, 0,[ 73, 34, 11]],

[ 35, 55, 1,[ 43, 30, 15, 65]],

[ 22, 5, 0,[ 72, 17, 66]],

[ 11, 75, 1,[ 24, 34, 87, 85, 80, 37]],

[ 32, 55, 0,[ 14, 62, 39]],

[ 19, 65, 0,[ 28, 66, 85]],

[ 49, 45, 1,[ 63, 33, 41, 91, 30]],

[ 71, 85, 0,[ 33, 43, 5]],

[ 97, 5, 1,[ 51, 96, 24, 25]],

[ 26, 45, 1,[ 47, 10, 55]],

[ 75, 25, 0,[ 81, 85, 40]],

[ 30, 45, 0,[ 49, 35]],

[ 3, 55, 1,[ 54, 88, 38, 42]],

[ 40, 55, 1,[ 45, 18, 75]],

[ 51, 55, 0,[ 15, 29, 97, 31]],

[ 82, 25, 0,[ 76, 60, 2]],

[ 90, 55, 0,[ 72, 61, 66, 46]],

[ 27, 75, 1,[ 38, 89, 13]],

[ 42, 35, 0,[ 64, 3, 79]],

[ 80, 75, 1,[ 11, 59, 2]],

[ 98, 85, 0,[ 55, 20, 74]],

[ 62, 55, 1,[ 18, 32, 61, 52, 47, 21]],

[ 0, 35, 1,[ 8, 73, 86, 21, 69]],

[ 53, 55, 0,[ 57, 92, 76, 29, 48]],

[ 55, 65, 1,[ 65, 34, 98, 91, 79, 26]],

[ 6, 25, 1,[ 15, 28, 96]],

[ 84, 25, 1,[ 81, 2, 20]],

[ 66, 55, 1,[ 22, 19, 90]],

[ 14, 55, 0,[ 29, 32, 7]],

[ 81, 25, 1,[ 84, 75, 18]],

[ 50, 25, 1,[ 34, 96, 45]],

[ 93, 55, 0,[ 60, 72, 12]],

[ 83, 35, 0,[ 5, 94, 95]],

[ 38, 55, 0,[ 3, 69, 27, 20]],

[ 9, 35, 1,[ 67, 25, 44, 95, 1]],

[ 46, 55, 0,[ 90, 68, 13]],

[ 63, 45, 0,[ 15, 41, 49]],

[ 57, 55, 0,[ 53, 69, 43]],

[ 85, 25, 0,[ 70, 58, 19, 11, 1, 75]],

[ 54, 85, 1,[ 59, 3, 23]],

[ 72, 55, 0,[ 22, 10, 93, 90]],

[ 78, 95, 1,[ 86, 10, 89]],

[ 12, 55, 1,[ 39, 29, 93, 99]],

[ 36, 35, 0,[ 64, 79, 7]],

[ 47, 35, 1,[ 26, 2, 1, 62, 89]],

[ 24, 55, 0,[ 97, 13, 11]],

[ 4, 65, 1,[ 91, 31, 41]],

[ 88, 95, 0,[ 94, 3, 86, 17]],

[ 89, 75, 1,[ 78, 47, 27]],

[ 43, 35, 1,[ 57, 15, 71, 44, 35]],

[ 61, 55, 1,[ 39, 62, 90]],

[ 39, 55, 0,[ 16, 61, 32, 58, 12, 44]],

[ 13, 55, 0,[ 24, 46, 27]],

[ 94, 45, 0,[ 70, 41, 88, 83]],

[ 23, 85, 0,[ 92, 28, 54, 20]],

[ 2, 85, 1,[ 80, 84, 18, 17, 82, 47]],

[ 99, 45, 1,[ 73, 12, 18]],

[ 86, 95, 0,[ 88, 0, 78]],

[ 10, 25, 0,[ 72, 26, 76, 78]],

[ 20, 85, 1,[ 98, 23, 84, 38]],

[ 44, 35, 1,[ 39, 9, 43]],

[ 69, 55, 0,[ 58, 0, 57, 38]],

[ 48, 55, 0,[ 53, 92, 16]],

[ 79, 35, 1,[ 36, 42, 55]],

[ 76, 25, 1,[ 53, 10, 59, 82, 74]],

[ 59, 25, 0,[ 54, 80, 96, 76]],

[ 83, 45, 0,[ 45, 51, 55]],

[ 30, 25, 0,[ 82, 98, 13]],

[ 58, 25, 1,[ 62, 93, 20]],

[ 95, 5, 0,[ 96, 28, 48]],

[ 40, 85, 1,[ 31, 16, 82, 45]],

[ 56, 5, 0,[ 26, 78, 66, 29]],

[ 89, 95, 1,[ 24, 34, 90, 51, 25, 2, 14]],

[ 94, 25, 1,[ 69, 71, 17]],

[ 41, 5, 0,[ 77, 92, 19]],

[ 47, 75, 1,[ 93, 35, 80]],

[ 79, 65, 1,[ 26, 39, 36]],

[ 37, 85, 0,[ 3, 88, 19]],

[ 9, 85, 1,[ 57, 32, 92]],

[ 0, 15, 1,[ 55, 84, 90]],

[ 71, 25, 0,[ 94, 85, 76]],

[ 22, 25, 0,[ 54, 76, 5]],

[ 15, 35, 1,[ 12, 10, 8, 93]],

[ 84, 95, 1,[ 85, 0, 87, 75]],

[ 44, 25, 1,[ 88, 26, 81, 28]],

[ 10, 5, 0,[ 77, 15, 92]],

[ 48, 5, 0,[ 33, 4, 73, 95]],

[ 82, 25, 0,[ 27, 40, 30]],

[ 1, 5, 1,[ 5, 78, 34]],

[ 19, 85, 0,[ 4, 41, 37]],

[ 60, 35, 0,[ 12, 43, 80]],

[ 49, 85, 1,[ 13, 91, 59]],

[ 26, 5, 1,[ 44, 56, 92, 79, 24]],

[ 78, 5, 1,[ 75, 52, 35, 27, 56, 1]],

[ 87, 95, 0,[ 67, 54, 84]],

[ 8, 75, 1,[ 51, 46, 15]],

[ 69, 25, 0,[ 94, 35, 55]],

[ 36, 65, 0,[ 38, 74, 79]],

[ 88, 85, 0,[ 44, 21, 37, 29]],

[ 51, 75, 0,[ 83, 64, 89, 8]],

[ 14, 45, 0,[ 89, 18]],

[ 21, 55, 0,[ 88, 23, 50]],

[ 55, 95, 1,[ 0, 32, 69, 65, 83]],

[ 81, 45, 1,[ 44, 86, 54, 25]],

[ 91, 55, 0,[ 49, 66]],

[ 3, 85, 0,[ 53, 4, 37, 33]],

[ 38, 65, 0,[ 36, 12]],

[ 74, 55, 0,[ 45, 36, 66]],

[ 96, 35, 1,[ 63, 93, 95, 77]],

[ 72, 65, 0,[ 2, 24, 99]],

[ 68, 5, 1,[ 75, 99, 35]],

[ 98, 25, 0,[ 57, 30, 5]],

[ 31, 35, 0,[ 40, 2, 93]],

[ 57, 25, 0,[ 97, 9, 98]],

[ 50, 55, 1,[ 61, 23, 21]],

[ 90, 95, 0,[ 0, 52, 23, 89]],

[ 43, 85, 1,[ 20, 97, 60, 76]],

[ 80, 95, 1,[ 75, 47, 52, 60]],

[ 53, 5, 0,[ 3, 65, 17]],

[ 76, 25, 1,[ 22, 71, 18, 35, 43]],

[ 13, 15, 1,[ 30, 49, 64]],

[ 61, 25, 0,[ 64, 50, 35]],

[ 75, 95, 0,[ 78, 68, 80, 84, 12]],

[ 33, 5, 0,[ 77, 3, 48]],

[ 52, 95, 1,[ 80, 78, 90, 6]],

[ 18, 45, 1,[ 14, 63, 76]],

[ 62, 35, 0,[ 6, 58, 11]],

[ 63, 45, 0,[ 18, 54, 96]],

[ 28, 45, 0,[ 95, 44, 67]],

[ 64, 75, 1,[ 61, 51, 13, 67]],

[ 16, 5, 0,[ 29, 59, 73, 40]],

[ 35, 65, 1,[ 69, 46, 68, 76, 61, 47, 78]],

[ 97, 25, 1,[ 57, 43, 7]],

[ 67, 95, 1,[ 87, 64, 28]],

[ 5, 25, 1,[ 39, 98, 1, 22]],

[ 66, 55, 1,[ 74, 34, 56, 91]],

[ 34, 95, 1,[ 89, 46, 70, 1, 66]],

[ 46, 35, 1,[ 35, 34, 8]],

[ 23, 95, 0,[ 90, 50, 21]],

[ 99, 35, 1,[ 72, 68, 11]],

[ 73, 5, 0,[ 45, 16, 48]],

[ 45, 85, 0,[ 40, 83, 74, 73]],

[ 20, 85, 1,[ 42, 43, 58]],

[ 32, 25, 0,[ 65, 9, 55]],

[ 11, 35, 1,[ 62, 93, 99]],

[ 42, 85, 0,[ 59, 20, 4]],

[ 4, 85, 1,[ 3, 70, 19, 48, 42]],

[ 92, 95, 1,[ 10, 9, 26, 41]],

[ 12, 35, 1,[ 75, 60, 15, 27, 77, 38]],

[ 39, 65, 0,[ 79, 86, 17, 5]],

[ 25, 45, 0,[ 7, 89, 81]],

[ 27, 5, 0,[ 12, 78, 82]],

[ 86, 65, 0,[ 39, 17, 81]],

[ 29, 5, 1,[ 16, 77, 88, 56]],

[ 2, 95, 1,[ 89, 72, 31, 70]],

[ 85, 35, 0,[ 84, 6, 71]],

[ 59, 5, 0,[ 42, 16, 49]],

[ 17, 65, 1,[ 39, 53, 94, 86]],

[ 77, 35, 1,[ 10, 33, 29, 41, 12, 96]],

[ 7, 45, 1,[ 65, 25, 97]],

[ 93, 35, 1,[ 96, 11, 58, 15, 31, 47]],

[ 70, 75, 0,[ 4, 2, 34]],

[ 54, 15, 1,[ 22, 81, 87, 63]],

[ 65, 25, 1,[ 7, 53, 55, 32]],

[ 24, 15, 0,[ 26, 89, 72]],

[ 6, 5, 1,[ 52, 85, 62]],

