[ 83, 55, 0,[ 14, 77, 36]],

[ 25, 15, 0,[ 93, 86, 0]],

[ 39, 55, 0,[ 73, 32, 63, 18]],

[ 69, 55, 0,[ 68, 1, 75]],

[ 76, 35, 0,[ 46, 50, 13]],

[ 46, 35, 0,[ 11, 37, 76]],

[ 26, 25, 1,[ 96, 35, 75, 41, 82, 84]],

[ 56, 55, 0,[ 78, 13, 52]],

[ 72, 55, 0,[ 36, 44, 81]],

[ 55, 55, 0,[ 14, 82, 47, 49]],

[ 99, 55, 0,[ 59, 12, 8]],

[ 13, 35, 0,[ 20, 56, 24, 76]],

[ 12, 35, 0,[ 21, 51, 29, 95, 99]],

[ 16, 25, 0,[ 81, 2, 4]],

[ 43, 55, 0,[ 11, 29, 78]],

[ 68, 55, 0,[ 37, 80, 69, 74]],

[ 96, 55, 1,[ 18, 45, 26, 9]],

[ 3, 15, 0,[ 91, 88, 74]],

[ 66, 55, 0,[ 84, 19, 92]],

[ 93, 55, 0,[ 87, 73, 70, 25]],

[ 35, 25, 0,[ 49, 26, 84]],

[ 79, 25, 1,[ 11, 4, 65, 48]],

[ 98, 25, 0,[ 67, 85, 4, 73]],

[ 20, 15, 0,[ 13, 90, 10, 48]],

[ 78, 55, 0,[ 56, 43, 32, 24]],

[ 4, 25, 0,[ 98, 49, 16, 79]],

[ 47, 35, 0,[ 81, 58, 55, 77]],

[ 85, 55, 0,[ 54, 98, 11]],

[ 2, 35, 1,[ 87, 54, 92, 16]],

[ 91, 15, 0,[ 3, 27, 8, 38]],

[ 54, 55, 1,[ 2, 19, 85]],

[ 90, 15, 0,[ 81, 20, 60, 75]],

[ 31, 15, 0,[ 6, 34, 10]],

[ 29, 55, 0,[ 43, 53, 12, 73]],

[ 50, 55, 0,[ 76, 67, 38]],

[ 6, 55, 1,[ 31, 0, 81, 77]],

[ 8, 25, 0,[ 99, 5, 91, 36]],

[ 81, 15, 1,[ 90, 7, 47, 6, 72, 16]],

[ 59, 55, 0,[ 64, 97, 99]],

[ 33, 35, 0,[ 95, 0, 22]],

[ 86, 15, 0,[ 22, 21, 25]],

[ 57, 55, 0,[ 18, 51, 70]],

[ 11, 15, 1,[ 43, 46, 85, 79]],

[ 52, 55, 0,[ 42, 34, 56]],

[ 17, 35, 0,[ 77, 80, 65]],

[ 58, 25, 0,[ 7, 84, 47]],

[ 63, 15, 0,[ 34, 39, 97]],

[ 34, 15, 0,[ 63, 31, 23, 52]],

[ 77, 35, 0,[ 17, 60, 6, 83, 47]],

[ 80, 55, 0,[ 68, 17, 94, 44]],

[ 51, 35, 0,[ 61, 12, 57]],

[ 24, 35, 0,[ 64, 78, 13]],

[ 53, 55, 0,[ 45, 29, 23]],

[ 19, 55, 0,[ 49, 66, 54]],

[ 22, 55, 0,[ 38, 33, 86]],

[ 14, 55, 0,[ 88, 83, 55]],

[ 84, 25, 0,[ 58, 66, 26, 62, 35]],

[ 38, 55, 0,[ 91, 22, 50]],

[ 70, 55, 0,[ 94, 93, 57]],

[ 10, 15, 0,[ 20, 48, 31]],

[ 71, 15, 0,[ 40, 92, 42]],

[ 18, 55, 0,[ 39, 57, 96]],

[ 5, 35, 0,[ 8, 49, 15, 28]],

[ 37, 35, 0,[ 23, 46, 68]],

[ 87, 35, 0,[ 7, 93, 2]],

[ 9, 35, 1,[ 89, 61, 40, 96]],

[ 97, 55, 0,[ 59, 63, 94]],

[ 60, 55, 0,[ 77, 90, 41, 89]],

[ 1, 55, 0,[ 89, 69, 15]],

[ 44, 55, 0,[ 48, 72, 80]],

[ 62, 25, 0,[ 32, 84, 30]],

[ 89, 55, 0,[ 28, 9, 60, 1, 74]],

[ 48, 15, 0,[ 44, 23, 10, 36, 20, 79]],

[ 30, 15, 0,[ 65, 62, 67]],

[ 45, 55, 0,[ 53, 96, 41]],

[ 36, 25, 0,[ 48, 83, 8, 72]],

[ 75, 25, 0,[ 90, 69, 26]],

[ 95, 35, 0,[ 33, 28, 12]],

[ 7, 35, 0,[ 81, 87, 58]],

[ 15, 35, 0,[ 61, 5, 1]],

[ 42, 55, 0,[ 71, 52, 21]],

[ 73, 55, 0,[ 98, 93, 29, 39]],

[ 21, 35, 0,[ 86, 12, 42]],

[ 49, 35, 0,[ 55, 5, 19, 35, 4]],

[ 0, 15, 1,[ 25, 33, 64, 6]],

[ 92, 15, 0,[ 71, 2, 66]],

[ 28, 55, 0,[ 89, 5, 95]],

[ 40, 55, 0,[ 71, 9, 88]],

[ 65, 25, 0,[ 30, 17, 79]],

[ 74, 55, 0,[ 68, 3, 89, 82]],

[ 64, 55, 0,[ 59, 24, 0]],

[ 67, 15, 0,[ 30, 98, 50]],

[ 41, 25, 0,[ 26, 45, 60, 27]],

[ 32, 55, 0,[ 39, 27, 62, 78]],

[ 27, 15, 0,[ 91, 32, 41]],

[ 82, 55, 0,[ 55, 94, 26, 74]],

[ 23, 15, 0,[ 34, 53, 37, 48]],

[ 88, 55, 0,[ 3, 40, 14]],

[ 61, 35, 0,[ 51, 15, 9]],

[ 94, 55, 0,[ 82, 70, 80, 97]],

