[ 4, 55, 1,[ 32, 86, 77, 47]],

[ 10, 85, 0,[ 51, 53, 80]],

[ 77, 65, 1,[ 50, 4, 14]],

[ 69, 5, 0,[ 12, 16, 42, 83]],

[ 50, 65, 1,[ 35, 49, 39, 77]],

[ 80, 15, 1,[ 11, 43, 10]],

[ 87, 85, 0,[ 98, 84, 53]],

[ 97, 65, 1,[ 75, 41, 47]],

[ 96, 75, 1,[ 6, 15, 27]],

[ 66, 65, 1,[ 8, 61, 47, 46]],

[ 22, 15, 0,[ 55, 59, 68]],

[ 7, 65, 1,[ 88, 71, 0, 2]],

[ 21, 95, 0,[ 2, 74, 23, 72]],

[ 83, 5, 0,[ 36, 57, 69]],

[ 58, 95, 1,[ 14, 52, 90, 42, 40]],

[ 25, 35, 0,[ 9, 61, 23]],

[ 37, 25, 0,[ 16, 64, 70]],

[ 67, 35, 0,[ 65, 1, 31]],

[ 89, 25, 1,[ 36, 99, 79]],

[ 14, 95, 0,[ 86, 58, 77]],

[ 61, 35, 0,[ 25, 66, 44]],

[ 93, 15, 0,[ 95, 47, 15]],

[ 0, 65, 1,[ 29, 79, 7]],

[ 41, 65, 0,[ 97, 88]],

[ 34, 75, 1,[ 42, 78, 68]],

[ 63, 55, 0,[ 52, 16]],

[ 92, 75, 1,[ 19, 33, 6, 20, 78]],

[ 6, 25, 1,[ 40, 96, 92]],

[ 46, 15, 1,[ 84, 38, 86, 66]],

[ 35, 25, 1,[ 94, 51, 50, 13]],

[ 18, 95, 1,[ 91, 2, 30]],

[ 38, 75, 0,[ 36, 46, 12]],

[ 23, 25, 0,[ 98, 21, 25]],

[ 88, 65, 0,[ 12, 7, 41]],

[ 74, 75, 0,[ 28, 21]],

[ 33, 35, 0,[ 92, 9, 40]],

[ 55, 25, 1,[ 22, 52, 68]],

[ 13, 85, 1,[ 35, 29, 19, 62, 76]],

[ 28, 75, 1,[ 40, 74, 45, 5, 54]],

[ 51, 25, 0,[ 35, 49, 10]],

[ 8, 15, 1,[ 40, 66]],

[ 98, 25, 0,[ 82, 23, 87]],

[ 60, 95, 0,[ 59, 5, 43]],

[ 79, 25, 1,[ 84, 0, 89, 59]],

[ 42, 95, 0,[ 70, 69, 58, 34]],

[ 9, 35, 1,[ 33, 43, 25]],

[ 86, 55, 0,[ 46, 4, 14]],

[ 84, 65, 1,[ 87, 79, 46, 5]],

[ 40, 15, 1,[ 28, 33, 54, 6, 58, 8]],

[ 44, 35, 1,[ 90, 61, 49]],

[ 47, 55, 1,[ 3, 93, 66, 4, 97]],

[ 59, 15, 0,[ 60, 79, 22]],

[ 39, 75, 0,[ 24, 53, 50, 76]],

[ 26, 25, 1,[ 49, 73, 56]],

[ 49, 65, 1,[ 50, 26, 44, 51]],

[ 95, 5, 0,[ 17, 93]],

[ 17, 5, 1,[ 54, 95, 64]],

[ 2, 65, 1,[ 15, 21, 99, 78, 7, 18]],

[ 71, 5, 0,[ 7, 57, 27]],

[ 5, 45, 1,[ 60, 28, 84, 16]],

[ 3, 75, 1,[ 29, 47, 11]],

[ 45, 75, 0,[ 52, 90, 28]],

[ 36, 95, 0,[ 38, 83, 89, 82]],

[ 11, 95, 1,[ 3, 30, 80, 29]],

[ 31, 35, 0,[ 85, 67, 27, 75, 56]],

[ 24, 75, 0,[ 48, 39, 57]],

[ 43, 95, 1,[ 60, 80, 9, 81]],

[ 56, 95, 0,[ 72, 26, 31]],

[ 62, 75, 1,[ 94, 13, 85, 20]],

[ 99, 55, 1,[ 89, 2, 76]],

[ 64, 85, 1,[ 15, 30, 37, 17, 27]],

[ 57, 5, 0,[ 24, 65, 71, 83]],

[ 65, 45, 1,[ 78, 67, 57]],

[ 91, 95, 0,[ 18, 19, 54]],

[ 1, 35, 0,[ 67, 76, 81]],

[ 94, 15, 1,[ 78, 62, 35]],

[ 70, 95, 0,[ 42, 37, 72]],

[ 30, 95, 0,[ 64, 11, 18]],

[ 20, 5, 1,[ 62, 82, 92]],

[ 29, 95, 1,[ 11, 3, 0, 13]],

[ 16, 25, 0,[ 63, 37, 5, 69]],

[ 68, 15, 1,[ 34, 55, 22]],

[ 48, 75, 0,[ 24]],

[ 90, 95, 0,[ 58, 45, 44]],

[ 54, 35, 1,[ 91, 40, 73, 17, 28]],

[ 53, 85, 0,[ 39, 87, 10]],

[ 12, 75, 1,[ 69, 88, 38]],

[ 76, 5, 1,[ 1, 13, 99, 39]],

[ 27, 85, 0,[ 71, 31, 64, 96]],

[ 85, 35, 0,[ 62, 31]],

[ 82, 95, 0,[ 98, 36, 20]],

[ 52, 55, 1,[ 45, 58, 55, 63]],

[ 19, 75, 0,[ 92, 91, 13]],

[ 81, 65, 1,[ 1, 32, 43]],

[ 78, 75, 1,[ 2, 94, 34, 65, 92]],

[ 75, 15, 0,[ 97, 31, 32]],

[ 72, 95, 0,[ 21, 70, 56]],

[ 15, 15, 1,[ 2, 64, 93, 96]],

[ 32, 15, 0,[ 81, 4, 75]],

[ 73, 35, 0,[ 54, 26]],

