[ 42, 85, 0,[ 0, 31, 74]],

[ 7, 85, 0,[ 10, 76, 97]],

[ 25, 85, 0,[ 94, 24, 82]],

[ 43, 85, 0,[ 45, 64]],

[ 55, 85, 0,[ 0, 39, 10]],

[ 58, 85, 0,[ 79, 53, 30, 67, 98]],

[ 59, 85, 0,[ 87, 18, 23, 48]],

[ 76, 85, 0,[ 7, 13, 1]],

[ 53, 85, 0,[ 58, 69, 90]],

[ 75, 85, 0,[ 26, 93, 77]],

[ 10, 55, 1,[ 81, 7, 55, 8, 16, 79]],

[ 38, 15, 1,[ 97, 91, 34, 85]],

[ 0, 85, 0,[ 78, 55, 47, 49, 42]],

[ 28, 85, 0,[ 21, 73, 34]],

[ 19, 85, 0,[ 57, 70, 54]],

[ 74, 5, 1,[ 42, 36, 72, 89, 44, 86, 52, 63]],

[ 99, 85, 0,[ 14, 5, 95]],

[ 4, 85, 0,[ 11]],

[ 23, 85, 0,[ 35, 82, 59]],

[ 8, 85, 0,[ 10, 73, 94]],

[ 57, 95, 1,[ 41, 3, 40, 63, 9, 13, 52, 81, 29, 19]],

[ 33, 85, 0,[ 69, 20, 94]],

[ 80, 85, 0,[ 41, 61, 32, 12]],

[ 91, 15, 1,[ 67, 87, 38, 22, 16]],

[ 26, 85, 0,[ 75, 98, 45]],

[ 64, 85, 0,[ 20, 69, 43]],

[ 52, 85, 0,[ 14, 57, 74]],

[ 92, 85, 0,[ 96, 6, 98]],

[ 31, 85, 0,[ 87, 42, 73]],

[ 13, 85, 0,[ 54, 76, 57]],

[ 45, 85, 0,[ 43, 26, 6]],

[ 18, 85, 0,[ 72, 85, 59]],

[ 17, 85, 0,[ 78, 93, 98]],

[ 96, 85, 0,[ 6, 92]],

[ 6, 85, 0,[ 96, 70, 45, 49, 92]],

[ 46, 85, 0,[ 39, 24]],

[ 3, 85, 0,[ 51, 57, 22]],

[ 51, 85, 0,[ 3]],

[ 36, 85, 0,[ 78, 39, 74, 30]],

[ 44, 85, 0,[ 74, 78, 68, 77]],

[ 32, 85, 0,[ 11, 80, 84, 1, 40]],

[ 98, 85, 1,[ 35, 17, 92, 66, 73, 30, 22, 26, 58, 60, 16]],

[ 97, 85, 0,[ 38, 7]],

[ 60, 85, 0,[ 62, 98, 69]],

[ 94, 85, 0,[ 25, 88, 8, 33]],

[ 5, 85, 0,[ 37, 99, 12, 15]],

[ 35, 85, 0,[ 71, 98, 23, 27]],

[ 37, 85, 0,[ 22, 5, 68, 89]],

[ 66, 85, 0,[ 29, 85, 98]],

[ 49, 85, 0,[ 6, 77, 0]],

[ 14, 85, 0,[ 93, 52, 41, 54, 21, 99]],

[ 73, 85, 0,[ 8, 98, 28, 31, 63]],

[ 50, 85, 0,[ 9, 88, 81]],

[ 82, 85, 0,[ 25, 23, 48]],

[ 86, 85, 0,[ 39, 20, 74]],

[ 88, 85, 0,[ 2, 50, 94]],

[ 71, 85, 0,[ 79, 35, 69]],

[ 2, 85, 0,[ 88, 79, 11]],

[ 1, 85, 0,[ 48, 32, 76]],

[ 85, 85, 1,[ 83, 66, 47, 18, 38, 95]],

[ 67, 85, 0,[ 58, 77, 89, 91]],

[ 47, 85, 0,[ 9, 0, 85]],

[ 24, 85, 0,[ 39, 25, 46]],

[ 81, 85, 0,[ 10, 57, 50]],

[ 15, 85, 0,[ 5, 21, 70]],

[ 56, 85, 0,[ 72]],

[ 41, 85, 0,[ 80, 14, 57]],

[ 95, 85, 0,[ 84, 90, 61, 99, 85]],

[ 40, 85, 0,[ 57, 32]],

[ 54, 85, 0,[ 14, 13, 62, 19]],

[ 29, 85, 0,[ 27, 66, 57]],

[ 69, 95, 1,[ 71, 53, 33, 60, 20, 64]],

[ 22, 85, 0,[ 37, 98, 3, 91]],

[ 79, 85, 0,[ 58, 2, 71, 10]],

[ 65, 85, 0,[ 20, 39, 16]],

[ 61, 85, 0,[ 80, 95, 39]],

[ 68, 85, 0,[ 77, 44, 37]],

[ 70, 85, 0,[ 19, 6, 15, 27]],

[ 12, 85, 0,[ 80, 5]],

[ 30, 85, 0,[ 98, 58, 36]],

[ 34, 85, 0,[ 38, 28, 20]],

[ 93, 85, 0,[ 17, 14, 75]],

[ 16, 85, 0,[ 65, 98, 91, 10]],

[ 11, 85, 0,[ 32, 90, 4, 62, 48, 2]],

[ 62, 85, 0,[ 11, 60, 54]],

[ 89, 85, 0,[ 74, 67, 37]],

[ 72, 85, 0,[ 74, 18, 56]],

[ 63, 85, 0,[ 73, 74, 57]],

[ 90, 85, 0,[ 95, 11, 53]],

[ 21, 85, 0,[ 28, 14, 15]],

[ 20, 85, 0,[ 34, 86, 33, 69, 64, 65]],

[ 9, 85, 0,[ 57, 50, 47]],

[ 78, 85, 0,[ 36, 17, 44, 0]],

[ 83, 85, 0,[ 85, 48]],

[ 77, 85, 0,[ 75, 68, 44, 67, 49]],

[ 48, 5, 1,[ 11, 82, 1, 83, 59]],

[ 39, 95, 1,[ 84, 86, 55, 46, 24, 65, 36, 61]],

[ 27, 85, 0,[ 35, 70, 29]],

[ 87, 85, 0,[ 31, 59, 91]],

[ 84, 85, 0,[ 32, 95, 39]],

[ 45, 75, 0,[ 96, 95, 48, 55]],

[ 88, 75, 0,[ 53, 6, 56]],

[ 49, 75, 0,[ 99, 5, 59]],

[ 72, 75, 0,[ 37, 19]],

[ 43, 75, 0,[ 82, 81, 87]],

[ 31, 75, 0,[ 69, 63, 21]],

[ 59, 75, 0,[ 61, 49, 40]],

[ 75, 75, 0,[ 48, 35, 86, 80]],

[ 24, 75, 0,[ 16, 5, 63, 35]],

[ 90, 75, 0,[ 54, 32, 61]],

[ 62, 75, 0,[ 98, 39, 1]],

[ 3, 75, 0,[ 82, 57, 77]],

[ 27, 75, 0,[ 89, 92]],

[ 0, 75, 0,[ 55, 71, 87]],

[ 48, 75, 1,[ 39, 50, 2, 77, 75, 45, 25]],

[ 96, 75, 0,[ 50, 45, 81]],

[ 85, 85, 1,[ 38, 20, 51, 63, 19, 89, 81]],

[ 37, 75, 0,[ 21, 72, 98, 70]],

[ 32, 75, 0,[ 70, 16, 90]],

[ 54, 75, 0,[ 90, 68, 19, 29]],

[ 67, 75, 0,[ 57, 18, 70]],

[ 44, 75, 0,[ 79, 33, 53]],

[ 97, 75, 0,[ 29, 64, 39, 79]],

[ 82, 75, 0,[ 43, 3, 1, 18]],

[ 73, 75, 0,[ 7, 74, 87]],

[ 38, 65, 1,[ 10, 76, 66, 91, 85]],

[ 8, 75, 0,[ 46, 91, 55]],

[ 70, 75, 0,[ 32, 18, 37, 67, 87]],

[ 17, 75, 0,[ 71, 86, 42, 7]],

[ 68, 75, 0,[ 84, 54, 93, 51]],

[ 94, 75, 0,[ 35, 28]],

[ 58, 75, 0,[ 41, 1, 36, 46]],

[ 12, 75, 0,[ 19, 77, 84]],

[ 83, 75, 0,[ 42]],

[ 34, 75, 0,[ 20, 9, 4]],

[ 56, 75, 0,[ 11, 50, 88]],

[ 33, 75, 0,[ 44, 57, 35, 84]],

[ 23, 75, 0,[ 87, 98, 81, 99]],

[ 98, 75, 0,[ 37, 23, 62]],

[ 92, 75, 0,[ 27, 39, 60, 78]],

[ 86, 75, 0,[ 17, 95, 75]],

[ 77, 75, 0,[ 3, 50, 12, 48]],

[ 47, 75, 0,[ 6, 5, 57]],

[ 1, 75, 0,[ 58, 21, 62, 82, 41]],

[ 66, 75, 0,[ 38, 71, 79]],

[ 10, 35, 1,[ 38, 52, 13, 78, 35]],

[ 36, 75, 0,[ 51, 26, 58]],

[ 20, 75, 0,[ 34, 85, 71]],

[ 63, 75, 0,[ 79, 85, 24, 31]],

[ 15, 75, 0,[ 35, 99, 9, 53, 65, 11, 81]],

[ 51, 75, 0,[ 85, 36, 80, 68]],

[ 28, 75, 0,[ 30, 76, 94, 6]],

[ 74, 95, 1,[ 65, 73, 57, 79]],

[ 30, 75, 0,[ 28, 25, 9]],

[ 79, 75, 0,[ 35, 2, 97, 66, 74, 63, 44]],

[ 61, 75, 0,[ 69, 78, 90, 59]],

[ 2, 75, 0,[ 48, 79, 57]],

[ 78, 75, 0,[ 10, 61, 92]],

[ 99, 75, 0,[ 80, 49, 23, 15]],

[ 35, 75, 0,[ 10, 15, 79, 75, 24, 33, 94]],

[ 91, 75, 0,[ 38, 40, 57, 8]],

[ 7, 75, 0,[ 95, 17, 73]],

[ 40, 75, 0,[ 93, 91, 59]],

[ 87, 75, 0,[ 70, 23, 89, 43, 22, 95, 73, 0]],

[ 41, 75, 0,[ 1, 58, 13]],

[ 19, 75, 1,[ 12, 54, 14, 95, 72, 85]],

[ 18, 75, 0,[ 67, 50, 70, 82]],

[ 29, 75, 0,[ 21, 54, 97]],

[ 60, 75, 0,[ 65, 92]],

[ 95, 75, 1,[ 45, 86, 69, 87, 7, 19, 42]],

[ 5, 75, 0,[ 47, 49, 24]],

[ 57, 65, 1,[ 3, 91, 47, 80, 67, 74, 33, 42, 2]],

[ 25, 75, 0,[ 30, 48, 26]],

[ 50, 75, 0,[ 96, 77, 48, 56, 18, 81]],

[ 21, 75, 0,[ 37, 1, 29, 55, 31]],

[ 53, 75, 0,[ 88, 55, 15, 44]],

[ 84, 75, 0,[ 12, 68, 33]],

[ 64, 75, 0,[ 16, 97, 4]],

[ 69, 75, 0,[ 61, 95, 4, 31]],

[ 93, 75, 0,[ 68, 40, 52]],

[ 26, 75, 0,[ 25, 36, 52, 6]],

[ 52, 75, 0,[ 93, 10, 13, 26]],

[ 71, 75, 0,[ 0, 20, 16, 66, 17]],

[ 6, 75, 0,[ 88, 28, 47, 26]],

[ 11, 75, 0,[ 89, 22, 56, 15]],

[ 80, 75, 0,[ 51, 75, 57, 99]],

[ 13, 75, 0,[ 10, 55, 52, 41]],

[ 4, 75, 0,[ 46, 64, 69, 34]],

[ 89, 75, 0,[ 27, 11, 85, 87]],

[ 55, 75, 0,[ 53, 8, 13, 39, 21, 45, 0, 65]],

[ 22, 75, 0,[ 11, 87, 16]],

[ 16, 75, 1,[ 32, 22, 64, 76, 24, 71]],

[ 76, 75, 0,[ 38, 28, 16, 14]],

[ 65, 75, 0,[ 74, 60, 15, 55]],

[ 14, 75, 0,[ 76, 19]],

[ 42, 75, 0,[ 57, 95, 17, 83]],

[ 39, 75, 1,[ 92, 62, 97, 48, 55]],

[ 46, 75, 0,[ 8, 4, 58]],

[ 9, 75, 0,[ 15, 34, 30]],

[ 81, 75, 0,[ 85, 23, 43, 15, 96, 50]],

