[ 33, 75, 0,[ 39, 63]],

[ 60, 75, 0,[ 98, 57, 39]],

[ 77, 75, 0,[ 22, 48]],

[ 65, 75, 0,[ 22]],

[ 97, 75, 0,[ 39]],

[ 39, 55, 1,[ 11, 75, 93, 46, 0, 24, 56, 76, 38, 60, 19, 21, 62, 5, 79, 78, 71, 23, 80, 30, 66, 72, 87, 68, 92, 88, 58, 94, 3, 9, 73, 89, 27, 61, 12, 97, 8, 59, 63, 17, 95, 45, 35, 40, 83, 25, 84, 90, 44, 28, 20, 47, 16, 13, 64, 31, 1, 33, 32, 50, 43, 55, 36, 2, 51, 69, 34, 54, 15, 4, 85, 96, 49, 67, 52, 53, 41, 82, 7, 81]],

[ 49, 75, 0,[ 39]],

[ 51, 75, 0,[ 39]],

[ 84, 45, 0,[ 39]],

[ 69, 75, 0,[ 91, 39, 22]],

[ 3, 75, 0,[ 91, 39]],

[ 75, 35, 0,[ 39, 98, 48]],

[ 87, 75, 0,[ 39]],

[ 82, 35, 0,[ 39]],

[ 81, 75, 0,[ 39]],

[ 76, 75, 0,[ 39, 57]],

[ 55, 75, 0,[ 39, 98]],

[ 23, 75, 0,[ 39, 57]],

[ 35, 45, 0,[ 39]],

[ 54, 75, 0,[ 22, 39]],

[ 63, 45, 0,[ 39, 33, 57, 79]],

[ 79, 45, 0,[ 63, 39]],

[ 19, 75, 0,[ 57, 39]],

[ 52, 75, 0,[ 22, 39, 36]],

[ 7, 75, 0,[ 39, 91]],

[ 50, 75, 0,[ 39]],

[ 31, 35, 0,[ 39, 98]],

[ 61, 75, 0,[ 39]],

[ 41, 75, 0,[ 22, 91, 39]],

[ 56, 75, 0,[ 39, 98]],

[ 64, 75, 0,[ 39, 98]],

[ 16, 75, 1,[ 39, 90, 22]],

[ 58, 45, 0,[ 39, 25]],

[ 12, 75, 0,[ 39]],

[ 43, 35, 0,[ 39]],

[ 26, 35, 0,[ 98]],

[ 27, 75, 0,[ 91, 39, 57]],

[ 1, 75, 0,[ 39]],

[ 62, 75, 0,[ 39]],

[ 42, 45, 0,[]],

[ 89, 75, 0,[ 22, 39]],

[ 17, 75, 0,[ 39, 22]],

[ 25, 75, 0,[ 58, 39]],

[ 86, 75, 1,[ 48, 57, 98]],

[ 37, 75, 0,[ 98]],

[ 46, 75, 0,[ 39, 57]],

[ 70, 75, 0,[]],

[ 10, 75, 0,[]],

[ 8, 75, 0,[ 39]],

[ 96, 45, 0,[ 39]],

[ 47, 35, 0,[ 39, 92]],

[ 92, 75, 0,[ 47, 39]],

[ 72, 75, 0,[ 98, 39]],

[ 15, 75, 0,[ 22, 91, 39]],

[ 78, 75, 0,[ 39, 57, 98]],

[ 6, 35, 0,[ 22]],

[ 80, 75, 0,[ 91, 39, 57]],

[ 21, 75, 0,[ 57, 71, 39]],

[ 28, 35, 0,[ 39]],

[ 66, 75, 0,[ 39]],

[ 40, 35, 0,[ 39, 91]],

[ 44, 75, 0,[ 39, 98]],

[ 36, 45, 0,[ 39, 52]],

[ 53, 75, 0,[ 39]],

[ 0, 75, 0,[ 39]],

[ 95, 35, 0,[ 39, 74]],

[ 13, 45, 0,[ 39, 22]],

[ 91, 45, 1,[ 69, 4, 41, 22, 3, 67, 48, 15, 20, 88, 74, 80, 40, 24, 27, 7]],

[ 18, 75, 0,[ 98]],

[ 85, 75, 0,[ 39]],

[ 98, 45, 1,[ 94, 38, 26, 60, 86, 64, 14, 56, 78, 37, 44, 45, 31, 18, 75, 55, 72]],

[ 24, 35, 0,[ 91, 39]],

[ 74, 75, 1,[ 22, 57, 95, 91]],

[ 2, 35, 0,[ 39]],

[ 9, 35, 0,[ 39]],

[ 29, 35, 0,[ 48]],

[ 57, 35, 1,[ 23, 59, 19, 63, 76, 94, 78, 27, 46, 34, 90, 86, 21, 80, 74, 60]],

[ 99, 75, 0,[]],

[ 11, 75, 0,[ 39, 22]],

[ 68, 75, 0,[ 39, 22]],

[ 20, 75, 0,[ 39, 91]],

[ 22, 35, 1,[ 68, 6, 17, 52, 13, 91, 54, 74, 11, 15, 89, 16, 65, 38, 41, 69, 45, 77]],

[ 5, 75, 0,[ 39]],

[ 34, 75, 0,[ 39, 57]],

[ 83, 75, 0,[ 39]],

[ 88, 75, 0,[ 91, 39]],

[ 4, 75, 0,[ 39, 91]],

[ 32, 75, 0,[ 39]],

[ 59, 75, 0,[ 57, 39]],

[ 71, 45, 0,[ 39, 21]],

[ 38, 75, 0,[ 98, 39, 22]],

[ 48, 75, 1,[ 91, 77, 29, 75, 86]],

[ 14, 35, 0,[ 98]],

[ 93, 75, 0,[ 39]],

[ 94, 75, 0,[ 57, 39, 98]],

[ 73, 75, 0,[ 39]],

[ 90, 75, 1,[ 39, 57, 16]],

[ 67, 75, 0,[ 91, 39]],

[ 45, 75, 0,[ 39, 22, 98]],

[ 30, 75, 0,[ 39]],

