[ 47, 75, 0,[ 85, 11, 3, 74]],

[ 89, 75, 0,[ 8, 39, 27]],

[ 34, 75, 0,[ 17, 95, 98, 64]],

[ 55, 75, 0,[ 9, 52, 71]],

[ 52, 75, 0,[ 23, 59, 36, 55]],

[ 8, 85, 0,[ 18, 89, 93]],

[ 58, 75, 0,[ 12, 63, 35]],

[ 73, 75, 0,[ 92, 17, 97]],

[ 36, 75, 0,[ 50, 40, 42, 52, 81, 74]],

[ 2, 75, 0,[ 92, 72, 45, 48, 10]],

[ 87, 75, 0,[ 24, 77, 43, 14]],

[ 70, 25, 0,[ 74, 88, 30]],

[ 10, 5, 1,[ 54, 79, 2, 40, 12]],

[ 12, 75, 0,[ 46, 10, 58]],

[ 5, 75, 0,[ 3, 65, 51, 98]],

[ 41, 85, 0,[ 48, 93, 3]],

[ 1, 15, 0,[ 57, 96, 78]],

[ 50, 75, 0,[ 79, 36, 48]],

[ 99, 75, 0,[ 21, 61, 82]],

[ 69, 35, 1,[ 44, 23, 79, 26, 22, 93]],

[ 84, 75, 0,[ 13, 26, 33]],

[ 56, 75, 0,[ 35, 38, 92]],

[ 60, 75, 0,[ 48, 95, 35]],

[ 46, 75, 0,[ 12, 24, 25, 57]],

[ 80, 75, 0,[ 98, 68, 45, 67]],

[ 26, 75, 0,[ 84, 97, 23, 69]],

[ 75, 75, 0,[ 19, 94, 33]],

[ 57, 75, 1,[ 53, 97, 1, 94, 46, 71]],

[ 45, 25, 0,[ 80, 90, 2]],

[ 61, 75, 0,[ 53, 90, 99, 77]],

[ 42, 75, 0,[ 63, 36, 4]],

[ 31, 75, 0,[ 44, 24, 19]],

[ 96, 55, 0,[ 29, 85, 1]],

[ 54, 85, 0,[ 19, 20, 10]],

[ 49, 15, 0,[ 76, 78, 30, 90, 21]],

[ 43, 25, 0,[ 4, 90, 74, 87]],

[ 98, 75, 1,[ 80, 30, 38, 92, 5, 32, 34, 64, 0, 24, 44, 51]],

[ 29, 75, 0,[ 96, 72, 67]],

[ 67, 25, 0,[ 80, 74, 16, 29]],

[ 19, 75, 1,[ 75, 62, 31, 93, 54, 15]],

[ 94, 75, 0,[ 57, 38, 75]],

[ 65, 25, 0,[ 68, 5, 91]],

[ 97, 75, 0,[ 57, 73, 26]],

[ 28, 75, 0,[ 86, 11]],

[ 59, 75, 0,[ 52, 71, 86]],

[ 27, 75, 0,[ 64, 33, 89]],

[ 91, 25, 0,[ 65, 37, 85, 90]],

[ 92, 75, 0,[ 2, 56, 98, 73]],

[ 40, 75, 0,[ 10, 15, 36]],

[ 11, 75, 0,[ 47, 15, 28]],

[ 21, 25, 0,[ 74, 99, 49]],

[ 63, 55, 0,[ 58, 42, 85, 71]],

[ 37, 75, 0,[ 51, 91]],

[ 76, 15, 0,[ 86, 49, 18]],

[ 48, 15, 1,[ 50, 41, 2, 68, 60]],

[ 83, 35, 0,[ 16, 0, 66]],

[ 78, 15, 0,[ 88, 49, 1, 85]],

[ 0, 75, 0,[ 32, 98, 83, 77, 90]],

[ 79, 75, 0,[ 10, 50, 69]],

[ 38, 75, 0,[ 56, 94, 98]],

[ 17, 55, 0,[ 85, 34, 73]],

[ 53, 75, 0,[ 61, 57, 72]],

[ 20, 75, 0,[ 7, 54, 39]],

[ 44, 75, 0,[ 69, 98, 31]],

[ 86, 55, 0,[ 76, 28, 59, 85]],

[ 7, 75, 0,[ 74, 4, 20]],

[ 77, 75, 0,[ 61, 87, 0]],

[ 9, 75, 0,[ 39, 55, 33]],

[ 90, 85, 1,[ 95, 43, 13, 18, 49, 0, 71, 16, 91, 45, 72, 61]],

[ 24, 75, 0,[ 87, 31, 46, 98]],

[ 82, 75, 0,[ 22, 74, 99]],

[ 81, 75, 0,[ 36, 95, 25]],

[ 95, 75, 0,[ 90, 60, 81, 34, 85]],

[ 3, 55, 0,[ 32, 85, 41, 47, 5]],

[ 62, 75, 0,[ 19, 13, 6]],

[ 35, 75, 0,[ 56, 85, 58, 60]],

[ 64, 75, 0,[ 13, 98, 27, 34]],

[ 18, 25, 0,[ 90, 76, 8, 25]],

[ 85, 85, 1,[ 96, 63, 14, 86, 78, 95, 35, 17, 91, 3, 47]],

[ 39, 55, 1,[ 89, 9, 68, 66, 20]],

[ 66, 75, 0,[ 30, 39, 83]],

[ 51, 75, 0,[ 98, 5, 37]],

[ 14, 75, 0,[ 15, 87, 85]],

[ 30, 75, 0,[ 49, 98, 70, 66]],

[ 72, 75, 0,[ 2, 13, 90, 53, 29]],

[ 32, 75, 0,[ 0, 98, 3]],

[ 4, 75, 0,[ 43, 7, 42]],

[ 68, 75, 0,[ 39, 80, 48, 65]],

[ 6, 75, 0,[ 62, 74, 22]],

[ 88, 15, 0,[ 78, 70]],

[ 13, 75, 0,[ 84, 90, 64, 62, 72]],

[ 23, 75, 0,[ 26, 69, 52]],

[ 16, 25, 0,[ 67, 83, 90]],

[ 71, 25, 0,[ 90, 59, 57, 63, 55]],

[ 22, 75, 0,[ 69, 6, 82]],

[ 25, 75, 0,[ 46, 81, 18]],

[ 33, 75, 0,[ 27, 75, 84, 9]],

[ 74, 45, 1,[ 21, 82, 70, 6, 7, 43, 67, 36, 47]],

[ 93, 85, 0,[ 19, 69, 41, 8]],

[ 15, 75, 0,[ 14, 40, 11, 19]],

[ 10, 45, 1,[ 77, 42, 20, 6, 68]],

[ 55, 5, 0,[ 8, 11, 40, 19]],

[ 12, 75, 0,[ 62, 74, 87, 6]],

[ 16, 45, 1,[ 84, 35, 62]],

[ 73, 5, 0,[ 83, 56, 3, 74]],

[ 99, 65, 0,[ 30, 92, 59]],

[ 22, 65, 1,[ 97, 72, 35, 24, 5, 23, 1, 41]],

[ 74, 65, 1,[ 64, 73, 80, 12, 66, 52, 81, 78, 93]],

[ 51, 5, 0,[ 37, 78, 18]],

[ 32, 5, 0,[ 85, 69, 76]],

[ 84, 5, 0,[ 33, 37, 26, 16]],

[ 49, 5, 0,[ 92, 72, 38]],

[ 25, 85, 0,[ 71, 2, 91]],

[ 75, 5, 0,[ 18, 85, 21]],

[ 35, 5, 0,[ 22, 16, 44]],

[ 88, 5, 0,[ 27, 82, 23]],

[ 48, 15, 1,[ 3, 90, 46, 59]],

[ 72, 5, 0,[ 49, 22, 8, 79]],

[ 56, 5, 0,[ 73, 37, 2, 80]],

[ 38, 45, 1,[ 5, 54, 49, 30, 85, 86, 79]],

[ 95, 5, 0,[ 50, 94, 17]],

[ 17, 5, 0,[ 95, 40, 93]],

[ 52, 5, 0,[ 60, 74, 36]],

[ 18, 5, 0,[ 83, 75, 51]],

[ 29, 5, 0,[ 58, 79, 34]],

[ 3, 5, 0,[ 73, 48, 89, 5]],

[ 93, 65, 0,[ 77, 14, 74, 17]],

[ 89, 5, 0,[ 98, 3, 27]],

[ 28, 5, 0,[ 34, 76, 91]],

[ 83, 5, 0,[ 18, 73, 0]],

[ 92, 65, 0,[ 40, 96, 49, 99, 59]],

[ 11, 5, 0,[ 55, 78]],

[ 39, 35, 0,[ 85, 45, 63, 96]],

[ 45, 5, 0,[ 61, 39, 63]],

[ 20, 45, 0,[ 42, 44, 64, 10, 71, 0]],

[ 7, 35, 0,[ 58, 85, 71]],

[ 71, 45, 0,[ 25, 20, 36, 7]],

[ 64, 65, 0,[ 31, 20, 14, 74]],

[ 85, 35, 1,[ 39, 38, 19, 7, 69, 32, 75, 26, 50]],

[ 77, 55, 0,[ 15, 93, 10]],

[ 6, 65, 0,[ 70, 12, 10]],

[ 54, 5, 0,[ 36, 38, 9]],

[ 57, 25, 1,[ 41, 47, 33, 46]],

[ 87, 75, 0,[ 15, 12, 62, 97]],

[ 76, 5, 0,[ 28, 32, 94]],

[ 46, 75, 0,[ 48, 57]],

[ 21, 5, 0,[ 23, 26, 75]],

[ 65, 5, 0,[ 33, 91, 47]],

[ 36, 5, 0,[ 71, 54, 82, 52]],

[ 47, 5, 0,[ 90, 1, 57, 65]],

[ 58, 5, 0,[ 7, 29, 23]],

[ 97, 5, 0,[ 30, 22, 87]],

[ 80, 65, 0,[ 56, 24, 74]],

[ 30, 5, 0,[ 38, 41, 97, 99]],

[ 68, 5, 0,[ 63, 34, 10]],

[ 50, 35, 0,[ 95, 85, 24]],

[ 13, 5, 0,[ 91, 43, 26]],

[ 66, 65, 0,[ 74, 82, 98]],

[ 8, 5, 0,[ 55, 67, 72]],

[ 53, 5, 0,[ 62, 4, 60]],

[ 23, 5, 0,[ 58, 21, 88, 22]],

[ 70, 65, 0,[ 1, 86, 6]],

[ 34, 5, 0,[ 29, 28, 68, 4]],

[ 19, 35, 0,[ 85, 55, 40]],

[ 94, 5, 0,[ 76, 95, 69]],

[ 62, 75, 0,[ 16, 12, 87, 53]],

[ 4, 85, 0,[ 34, 61, 67, 2, 53, 98]],

[ 5, 5, 0,[ 38, 3, 22]],

[ 91, 15, 1,[ 67, 25, 13, 65, 28]],

[ 41, 5, 0,[ 30, 57, 44, 22]],

[ 61, 85, 0,[ 45, 4]],

[ 44, 45, 0,[ 20, 35, 41]],

[ 31, 65, 0,[ 64, 33, 81]],

[ 81, 65, 0,[ 74, 79, 31]],

[ 40, 65, 0,[ 19, 55, 92, 17]],

[ 78, 65, 0,[ 11, 51, 74]],

[ 98, 45, 1,[ 89, 43, 15, 66, 4]],

[ 27, 5, 0,[ 89, 86, 88]],

[ 90, 5, 0,[ 37, 47, 0, 48]],

[ 82, 5, 0,[ 66, 88, 36]],

[ 43, 25, 0,[ 24, 98, 13]],

[ 0, 5, 0,[ 20, 90, 83]],

[ 33, 5, 0,[ 65, 57, 84, 31]],

[ 86, 5, 0,[ 38, 27, 70]],

[ 42, 65, 0,[ 14, 10, 20, 59]],

[ 26, 5, 0,[ 21, 9, 85, 13, 60, 84]],

[ 69, 5, 0,[ 85, 32, 94]],

[ 96, 65, 0,[ 39, 9, 92]],

[ 14, 65, 0,[ 64, 42, 93]],

[ 9, 5, 0,[ 54, 96, 26]],

[ 63, 5, 0,[ 68, 45, 39]],

[ 59, 65, 0,[ 42, 48, 92, 99]],

[ 37, 5, 0,[ 51, 56, 84, 90]],

[ 15, 75, 0,[ 87, 77, 98]],

[ 67, 85, 0,[ 8, 4, 91]],

[ 1, 5, 0,[ 47, 70, 22]],

[ 2, 85, 0,[ 25, 4, 56]],

[ 24, 5, 0,[ 80, 22, 50, 43]],

[ 79, 5, 0,[ 81, 72, 29, 38]],

[ 60, 5, 0,[ 52, 26, 53]],

