[ 47, 25, 0,[ 65, 58, 15]],

[ 11, 85, 1,[ 69, 48, 27, 64, 32]],

[ 36, 25, 0,[ 79, 50, 78]],

[ 87, 25, 0,[ 20, 12, 80]],

[ 70, 25, 0,[ 5, 52, 35]],

[ 53, 25, 0,[ 96, 92, 5]],

[ 85, 25, 0,[ 7, 46, 43]],

[ 45, 25, 0,[ 67, 66, 93, 78]],

[ 28, 25, 0,[ 54, 92, 37]],

[ 84, 25, 1,[ 59, 34, 71, 22]],

[ 72, 25, 0,[ 76, 15]],

[ 96, 65, 1,[ 73, 24, 53, 16]],

[ 89, 5, 1,[ 65, 42, 56]],

[ 40, 65, 1,[ 65, 86, 74, 88]],

[ 34, 25, 1,[ 84, 13, 64]],

[ 18, 25, 1,[ 75, 42, 17, 39, 50]],

[ 8, 45, 1,[ 38, 63, 46]],

[ 76, 15, 1,[ 9, 72, 1, 58]],

[ 57, 25, 0,[ 1, 44, 79]],

[ 50, 25, 1,[ 73, 36, 18, 66, 56]],

[ 54, 5, 1,[ 71, 64, 28]],

[ 60, 25, 0,[ 6, 3, 22]],

[ 90, 25, 0,[ 20, 13, 97, 49]],

[ 95, 25, 0,[ 94, 44, 1]],

[ 92, 65, 1,[ 28, 53, 15]],

[ 43, 25, 1,[ 85, 19, 81, 75]],

[ 4, 25, 1,[ 22, 23, 78]],

[ 56, 25, 0,[ 50, 89, 6]],

[ 67, 65, 1,[ 49, 25, 45]],

[ 10, 25, 0,[ 79, 49, 55]],

[ 68, 25, 1,[ 59, 82, 20]],

[ 12, 85, 1,[ 87, 99, 22, 80]],

[ 79, 45, 1,[ 38, 36, 10, 57, 23]],

[ 5, 15, 1,[ 53, 70, 35, 14]],

[ 25, 25, 0,[ 94, 93, 67]],

[ 33, 25, 0,[ 78, 29, 6]],

[ 49, 25, 1,[ 63, 19, 67, 10, 90]],

[ 16, 25, 0,[ 77, 78, 96]],

[ 69, 25, 0,[ 11, 66, 97]],

[ 65, 25, 1,[ 21, 47, 40, 62, 89]],

[ 21, 25, 0,[ 0, 51, 29, 65, 9, 99]],

[ 19, 25, 0,[ 49, 43, 46]],

[ 1, 25, 1,[ 76, 57, 26, 14, 95]],

[ 23, 25, 0,[ 79, 17, 4]],

[ 78, 25, 1,[ 36, 4, 33, 45, 16, 44]],

[ 64, 85, 1,[ 11, 54, 34, 46]],

[ 74, 25, 0,[ 93, 7, 40]],

[ 38, 25, 0,[ 79, 6, 8]],

[ 32, 25, 0,[ 11, 82]],

[ 13, 25, 0,[ 44, 90, 34]],

[ 17, 25, 1,[ 18, 99, 23, 83]],

[ 7, 5, 1,[ 85, 74, 97, 62, 30]],

[ 6, 65, 1,[ 38, 56, 42, 60, 33, 51]],

[ 55, 25, 1,[ 10, 71, 26, 29, 98, 15]],

[ 77, 25, 1,[ 62, 0, 16, 35, 24]],

[ 14, 25, 0,[ 1, 5, 52]],

[ 24, 25, 0,[ 96, 3, 77]],

[ 29, 25, 1,[ 55, 33, 21]],

[ 81, 95, 1,[ 43, 41, 91]],

[ 94, 75, 1,[ 25, 95, 37, 42]],

[ 22, 25, 0,[ 4, 84, 60, 12]],

[ 51, 25, 0,[ 61, 21, 6]],

[ 41, 25, 0,[ 81, 83]],

[ 30, 25, 0,[ 39, 7, 93]],

[ 26, 45, 1,[ 55, 35, 1]],

[ 15, 25, 1,[ 72, 92, 55, 39, 47]],

[ 27, 25, 0,[ 61, 66, 11]],

[ 63, 25, 0,[ 49, 8, 97]],

[ 82, 25, 0,[ 32, 68, 80]],

[ 98, 25, 0,[ 55, 37]],

[ 31, 25, 0,[ 2, 97, 9]],

[ 66, 75, 1,[ 27, 69, 50, 45]],

[ 75, 25, 0,[ 43, 93, 18]],

[ 80, 25, 1,[ 87, 2, 82, 37, 12]],

[ 99, 25, 1,[ 21, 17, 12]],

[ 52, 25, 1,[ 88, 14, 58, 70, 59]],

[ 20, 15, 1,[ 90, 87, 68]],

[ 91, 25, 0,[ 2, 46, 81]],

[ 48, 25, 0,[ 11, 86, 61]],

[ 44, 25, 1,[ 95, 78, 57, 13, 0]],

[ 37, 25, 0,[ 80, 28, 94, 98]],

[ 42, 25, 0,[ 6, 89, 94, 18]],

[ 9, 25, 1,[ 31, 21, 76]],

[ 59, 25, 0,[ 84, 68, 52]],

[ 86, 25, 0,[ 40, 97, 48]],

[ 71, 25, 0,[ 54, 88, 55, 84]],

[ 97, 25, 1,[ 90, 69, 86, 7, 63, 31]],

[ 88, 25, 0,[ 52, 71, 40]],

[ 46, 15, 1,[ 19, 64, 85, 91, 8, 3]],

[ 58, 35, 1,[ 52, 47, 76]],

[ 83, 25, 0,[ 17, 41, 3]],

[ 61, 75, 1,[ 27, 51, 48]],

[ 62, 25, 0,[ 65, 7, 77]],

[ 93, 85, 1,[ 25, 30, 75, 74, 45]],

[ 0, 25, 1,[ 44, 39, 77, 21]],

[ 35, 25, 1,[ 26, 5, 70, 77]],

[ 39, 25, 0,[ 15, 18, 0, 30]],

[ 2, 25, 1,[ 31, 80, 91]],

[ 3, 25, 1,[ 73, 83, 24, 46, 60]],

[ 73, 25, 0,[ 96, 3, 50]],

[ 39, 35, 0,[ 17]],

[ 4, 35, 1,[ 35, 32, 15, 33]],

[ 70, 35, 0,[ 26, 0, 78]],

[ 3, 45, 1,[ 27, 75, 45, 1, 9, 29]],

[ 86, 35, 0,[ 96, 77, 80]],

[ 74, 35, 0,[ 18, 52, 65]],

[ 69, 35, 0,[ 54, 20, 34]],

[ 75, 35, 0,[ 3]],

[ 61, 35, 1,[ 22, 16, 27, 34, 95, 14, 30, 58, 94]],

[ 24, 35, 0,[ 97, 73, 6]],

[ 47, 45, 1,[ 2, 84, 57]],

[ 88, 35, 0,[ 26, 89, 7]],

[ 31, 35, 0,[ 63, 77, 34]],

[ 85, 35, 0,[ 79, 11, 26]],

[ 71, 35, 0,[ 43, 40, 68]],

[ 34, 95, 1,[ 69, 21, 61, 31]],

[ 5, 35, 1,[ 0, 77, 33]],

[ 94, 35, 0,[ 61, 43, 84]],

[ 44, 35, 1,[ 81, 19, 48, 66, 16]],

[ 28, 75, 1,[ 87, 17, 53, 93]],

[ 89, 35, 1,[ 59, 21, 51, 64, 88]],

[ 60, 35, 0,[ 79, 8, 58]],

[ 78, 95, 1,[ 15, 64, 30, 70]],

[ 65, 35, 1,[ 37, 74, 83, 91]],

[ 68, 35, 1,[ 71, 53, 50]],

[ 99, 35, 1,[ 82, 17, 73, 50]],

[ 79, 35, 1,[ 85, 60, 22, 37, 45]],

[ 77, 35, 1,[ 86, 5, 31]],

[ 63, 35, 0,[ 29, 92, 31]],

[ 25, 35, 0,[ 97]],

[ 50, 45, 1,[ 38, 45, 35, 54, 68, 99]],

[ 54, 15, 1,[ 50, 69, 41, 36, 97, 51]],

[ 21, 35, 0,[ 89, 12, 34, 76]],

[ 26, 95, 1,[ 53, 38, 85, 72, 70, 88, 93]],

[ 29, 65, 1,[ 3, 63, 14, 55, 49, 98, 82]],

[ 76, 65, 1,[ 80, 57, 13, 21]],

[ 92, 75, 1,[ 59, 73, 22, 63]],

[ 72, 35, 0,[ 46, 26, 62]],

[ 37, 35, 0,[ 65, 84, 79]],

[ 17, 75, 1,[ 43, 99, 28, 39]],

[ 12, 55, 1,[ 43, 21, 52]],

[ 57, 35, 0,[ 7, 47, 9, 76, 2]],

[ 83, 35, 0,[ 65, 11]],

[ 80, 35, 1,[ 62, 76, 86]],

[ 30, 35, 0,[ 78, 11, 61]],

[ 22, 35, 0,[ 79, 92, 61]],

[ 40, 55, 1,[ 71, 46, 84]],

[ 13, 35, 1,[ 96, 14, 67, 76]],

[ 38, 35, 0,[ 50, 0, 26]],

[ 96, 95, 1,[ 13, 87, 86, 9]],

[ 84, 15, 1,[ 67, 33, 40, 94, 47, 23, 37]],

[ 87, 35, 0,[ 96, 28, 20]],

[ 19, 35, 0,[ 93, 44]],

[ 52, 65, 1,[ 67, 95, 12, 74]],

[ 97, 35, 1,[ 25, 24, 91, 54]],

[ 73, 35, 0,[ 92, 24, 99]],

[ 41, 35, 0,[ 54, 35]],

[ 49, 35, 1,[ 56, 29, 9]],

[ 11, 45, 1,[ 85, 30, 36, 83, 56]],

[ 14, 35, 0,[ 61, 13, 29]],

[ 23, 35, 0,[ 81, 84, 46]],

[ 64, 35, 1,[ 78, 89]],

[ 10, 35, 0,[ 6]],

[ 35, 35, 1,[ 4, 41, 82, 32, 50]],

[ 46, 35, 1,[ 72, 23, 18, 40]],

[ 81, 85, 1,[ 44, 23, 9]],

[ 98, 35, 0,[ 29, 15, 32, 8]],

[ 42, 35, 0,[ 8, 9]],

[ 18, 35, 0,[ 46, 74, 62]],

[ 1, 35, 0,[ 3, 58]],

[ 51, 35, 0,[ 54, 89]],

[ 6, 35, 1,[ 10, 16, 24]],

[ 33, 35, 0,[ 4, 5, 84]],

[ 55, 55, 1,[ 29, 66, 2]],

[ 43, 35, 1,[ 94, 12, 71, 17]],

[ 90, 35, 0,[ 62]],

[ 2, 55, 1,[ 55, 47, 57]],

[ 91, 35, 0,[ 65, 97, 8]],

[ 53, 35, 0,[ 26, 28, 68]],

[ 32, 35, 0,[ 35, 98, 4]],

[ 56, 35, 0,[ 11, 49]],

[ 7, 75, 1,[ 88, 57]],

[ 15, 55, 1,[ 98, 78, 4]],

[ 36, 35, 0,[ 11, 54, 66]],

[ 59, 35, 0,[ 89, 92]],

[ 95, 35, 0,[ 61, 52]],

[ 16, 35, 0,[ 61, 6, 44]],

[ 27, 35, 0,[ 61, 3, 9]],

[ 48, 35, 0,[ 44, 8, 67]],

[ 66, 35, 1,[ 55, 44, 20, 36]],

[ 93, 35, 0,[ 26, 28, 19]],

[ 9, 25, 1,[ 96, 81, 49, 57, 27, 42, 3]],

[ 62, 35, 1,[ 90, 72, 67, 80, 18]],

[ 82, 35, 0,[ 99, 29, 35]],

[ 20, 75, 1,[ 87, 66, 69]],

[ 0, 75, 1,[ 70, 5, 38]],

[ 45, 35, 0,[ 79, 50, 3]],

[ 58, 65, 1,[ 61, 1, 60]],

[ 67, 25, 1,[ 48, 62, 84, 13, 52]],

[ 8, 35, 1,[ 48, 98, 42, 60, 91]],

