[ 49, 85, 1,[ 95, 51, 45, 97, 66, 60, 21, 9, 12, 74, 40, 5, 64]],

[ 42, 65, 0,[ 54, 34, 94]],

[ 69, 95, 0,[ 78, 3, 33]],

[ 17, 65, 0,[ 87, 2, 5]],

[ 52, 65, 0,[ 73, 35, 80, 82]],

[ 24, 55, 0,[ 80, 56, 89]],

[ 65, 25, 0,[ 46, 6, 96]],

[ 48, 45, 0,[ 67, 40, 78]],

[ 12, 95, 0,[ 81, 49, 33]],

[ 16, 35, 0,[ 86, 11, 31]],

[ 97, 25, 0,[ 49, 7, 89]],

[ 77, 65, 0,[ 11, 62, 0]],

[ 94, 65, 0,[ 26, 42, 7]],

[ 46, 25, 0,[ 89, 53, 65]],

[ 59, 55, 0,[ 56, 95, 26]],

[ 87, 25, 0,[ 11, 26, 89, 17]],

[ 18, 65, 0,[ 68, 57, 89]],

[ 96, 75, 1,[ 75, 51, 65, 58, 22, 60]],

[ 36, 55, 0,[ 81, 20, 9]],

[ 74, 45, 0,[ 37, 49, 0]],

[ 30, 35, 0,[ 76, 86, 43, 41]],

[ 7, 25, 1,[ 44, 84, 63, 57, 97, 70, 94, 47, 68, 80, 79]],

[ 23, 65, 0,[ 0, 57, 81]],

[ 27, 45, 0,[ 11, 35, 43, 99, 22]],

[ 95, 55, 0,[ 28, 49, 54, 25, 0, 59]],

[ 62, 75, 0,[ 77, 50, 26]],

[ 79, 25, 0,[ 29, 89, 0, 7]],

[ 91, 45, 0,[ 99, 92, 81]],

[ 26, 5, 1,[ 66, 94, 62, 72, 63, 61, 87, 83, 57, 59, 14, 85, 58, 37, 45]],

[ 35, 45, 0,[ 0, 52, 44, 27]],

[ 32, 45, 0,[ 84, 0, 51]],

[ 88, 5, 0,[ 75, 55, 10]],

[ 56, 55, 0,[ 89, 24, 59, 5]],

[ 29, 65, 0,[ 79, 47, 14]],

[ 41, 35, 0,[ 11, 30]],

[ 0, 35, 1,[ 98, 95, 35, 74, 23, 32, 28, 79, 93, 77, 54]],

[ 14, 65, 0,[ 26, 29, 25, 60]],

[ 73, 55, 0,[ 89, 67, 52]],

[ 25, 15, 0,[ 95, 71, 14]],

[ 3, 45, 0,[ 69, 39, 8]],

[ 10, 45, 0,[ 92, 11, 88]],

[ 45, 5, 0,[ 26, 49, 39, 2]],

[ 89, 35, 1,[ 8, 56, 5, 1, 79, 24, 19, 76, 18, 73, 92, 97, 87, 46]],

[ 78, 45, 0,[ 61, 81, 69, 48]],

[ 72, 95, 0,[ 26, 11, 81]],

[ 1, 45, 0,[ 89, 82, 70]],

[ 31, 65, 0,[ 68, 16, 2]],

[ 68, 35, 0,[ 86, 6, 31, 18, 7]],

[ 55, 5, 0,[ 39, 88, 2]],

[ 11, 95, 1,[ 93, 90, 70, 72, 22, 77, 87, 16, 10, 27, 41, 53, 43, 6]],

[ 58, 95, 0,[ 47, 26, 96]],

[ 22, 45, 0,[ 27, 11, 96]],

[ 98, 55, 0,[ 2, 0, 15]],

[ 39, 5, 0,[ 45, 3, 55, 81]],

[ 92, 45, 0,[ 91, 89, 10]],

[ 4, 55, 0,[ 2, 83, 64]],

[ 71, 65, 0,[ 5, 8, 25]],

[ 67, 55, 0,[ 48, 81, 73, 21, 13]],

[ 2, 85, 1,[ 98, 4, 13, 31, 40, 61, 50, 45, 54, 17, 55]],

[ 21, 55, 0,[ 47, 49, 67]],

[ 44, 45, 0,[ 7, 35, 20]],

[ 93, 55, 0,[ 11, 0, 81]],

[ 15, 55, 0,[ 54, 98, 63]],

[ 57, 15, 0,[ 23, 26, 7, 18]],

[ 28, 55, 0,[ 95, 9, 0]],

[ 70, 45, 0,[ 1, 7, 85, 11]],

[ 76, 35, 0,[ 37, 30, 89]],

[ 75, 5, 0,[ 81, 96, 88]],

[ 81, 75, 1,[ 39, 12, 36, 67, 53, 75, 93, 83, 72, 47, 78, 38, 91, 23]],

[ 38, 65, 0,[ 60, 81, 99]],

[ 33, 95, 0,[ 12, 54, 69]],

[ 6, 25, 0,[ 11, 68, 65]],

[ 82, 65, 0,[ 52, 99, 1]],

[ 85, 45, 0,[ 70, 26, 34]],

[ 99, 45, 0,[ 38, 82, 27, 91]],

[ 13, 65, 0,[ 2, 66, 67]],

[ 40, 65, 0,[ 60, 48, 2, 49]],

[ 63, 55, 0,[ 7, 26, 15]],

[ 51, 45, 0,[ 49, 96, 32]],

[ 80, 85, 0,[ 52, 90, 24, 7]],

[ 53, 55, 0,[ 81, 46, 11]],

[ 20, 15, 0,[ 44, 8, 36]],

[ 50, 65, 0,[ 62, 2, 19]],

[ 5, 65, 0,[ 17, 89, 71, 49, 56]],

[ 66, 65, 0,[ 13, 49, 26]],

[ 60, 65, 0,[ 96, 14, 40, 38, 49]],

[ 9, 55, 0,[ 28, 49, 36]],

[ 83, 55, 0,[ 4, 81, 26]],

[ 90, 85, 0,[ 11, 54, 80]],

[ 8, 45, 0,[ 20, 3, 89, 71]],

[ 84, 25, 0,[ 7, 32, 54]],

[ 61, 45, 0,[ 26, 78, 2]],

[ 19, 65, 0,[ 89, 34, 50]],

[ 43, 35, 0,[ 11, 30, 27]],

[ 64, 55, 0,[ 49, 4, 54]],

[ 47, 65, 0,[ 29, 58, 81, 21, 7]],

[ 54, 25, 1,[ 2, 33, 42, 95, 0, 84, 64, 15, 90]],

[ 86, 35, 0,[ 30, 68, 16]],

[ 37, 5, 0,[ 74, 76, 26]],

[ 34, 65, 0,[ 19, 85, 42]],

[ 60, 75, 0,[ 11, 33, 69, 32]],

[ 43, 75, 0,[ 79, 6, 96]],

[ 39, 75, 0,[ 96, 65, 33, 50]],

[ 96, 85, 1,[ 71, 85, 43, 37, 88, 35, 63, 39, 19, 17, 61, 15, 13, 87, 5, 48, 16, 69, 6, 25]],

[ 35, 15, 0,[ 96, 78, 2]],

[ 31, 75, 0,[ 19, 6, 74, 98, 26, 8]],

[ 32, 75, 0,[ 2, 60, 81]],

[ 79, 85, 1,[ 90, 40, 33, 7, 2, 43, 28, 74, 67, 29, 58, 63]],

[ 45, 75, 0,[ 2, 72, 51]],

[ 53, 75, 0,[ 26, 49, 65]],

[ 8, 75, 0,[ 6, 54, 31]],

[ 66, 75, 0,[ 89, 4, 2, 81, 73]],

[ 54, 55, 1,[ 57, 17, 91, 8, 89, 18, 47, 67, 14, 6, 55, 98, 2, 7, 22]],

[ 37, 75, 0,[ 47, 0, 96]],

[ 50, 75, 0,[ 26, 39, 23]],

[ 71, 75, 0,[ 96, 88, 19]],

[ 25, 65, 0,[ 96, 65, 9, 3]],

[ 78, 75, 0,[ 95, 73, 11, 35, 92]],

[ 67, 75, 0,[ 54, 14, 79]],

[ 0, 85, 1,[ 30, 82, 41, 37, 75, 21, 36, 24, 10, 56, 3, 99, 4]],

[ 70, 75, 0,[ 42, 86, 80, 93]],

[ 36, 75, 0,[ 26, 0]],

[ 22, 75, 0,[ 64, 54, 65]],

[ 97, 75, 0,[ 91, 65, 52]],

[ 90, 75, 0,[ 55, 79, 6]],

[ 91, 65, 0,[ 54, 97, 2, 12, 73, 65]],

[ 16, 75, 0,[ 96, 88, 10, 6]],

[ 51, 75, 0,[ 93, 45, 56, 92]],

[ 18, 75, 0,[ 56, 27, 54]],

[ 47, 75, 0,[ 54, 63, 37]],

[ 72, 75, 0,[ 26, 57, 45, 62]],

[ 98, 75, 0,[ 54, 31, 11]],

[ 99, 75, 0,[ 9, 11, 0]],

[ 86, 75, 0,[ 5, 11, 70]],

[ 49, 65, 0,[ 65, 53, 1, 2]],

[ 1, 75, 0,[ 20, 11, 49]],

[ 59, 75, 0,[ 26, 24, 28]],

[ 7, 75, 0,[ 44, 54, 79]],

[ 55, 75, 0,[ 13, 54, 90, 77]],

[ 83, 75, 0,[ 23, 26, 84, 3]],

[ 41, 75, 0,[ 62, 92, 2, 0]],

[ 64, 75, 0,[ 22, 20, 76]],

[ 10, 75, 0,[ 16, 0, 11]],

[ 75, 95, 0,[ 65, 14, 0, 81]],

[ 27, 75, 0,[ 28, 18, 26]],

[ 4, 75, 0,[ 66, 12, 0, 44]],

[ 85, 15, 0,[ 11, 96, 52]],

[ 93, 75, 0,[ 51, 30, 70]],

[ 69, 15, 0,[ 30, 60, 96]],

[ 95, 75, 0,[ 34, 26, 78]],

[ 38, 75, 0,[ 80, 48, 2, 26]],

[ 13, 25, 0,[ 55, 96, 17]],

[ 12, 75, 0,[ 11, 91, 4]],

[ 58, 75, 0,[ 52, 79, 5]],

[ 11, 95, 1,[ 46, 78, 77, 86, 9, 76, 60, 42, 85, 12, 10, 99, 1, 98]],

[ 62, 75, 0,[ 94, 72, 41]],

[ 23, 75, 0,[ 6, 50, 83, 2]],

[ 76, 15, 0,[ 2, 11, 64, 6]],

[ 63, 75, 0,[ 96, 79, 47]],

[ 65, 15, 1,[ 56, 97, 39, 49, 20, 91, 44, 22, 75, 25, 53]],

[ 5, 75, 0,[ 58, 86, 96, 89]],

[ 87, 75, 0,[ 84, 26, 96]],

[ 88, 75, 0,[ 21, 16, 96, 71]],

[ 68, 85, 0,[ 81, 28, 6]],

[ 89, 75, 0,[ 5, 66, 54, 20]],

[ 14, 25, 0,[ 75, 54, 67, 81]],

[ 92, 75, 0,[ 34, 78, 51, 41]],

[ 17, 65, 0,[ 2, 54, 96, 13]],

[ 46, 15, 0,[ 2, 11, 29]],

[ 52, 75, 0,[ 26, 97, 85, 58]],

[ 34, 75, 0,[ 92, 2, 40, 95]],

[ 3, 75, 0,[ 0, 25, 83]],

[ 40, 75, 0,[ 34, 79, 2]],

[ 82, 75, 0,[ 0, 6, 74]],

[ 42, 75, 0,[ 70, 56, 11]],

[ 26, 75, 1,[ 38, 36, 50, 48, 27, 53, 72, 83, 59, 95, 52, 77, 87, 31]],

[ 9, 75, 0,[ 57, 11, 99, 25]],

[ 30, 15, 0,[ 0, 93, 69, 81]],

[ 74, 75, 0,[ 79, 82, 31, 80]],

[ 77, 75, 0,[ 26, 55, 11]],

[ 44, 75, 0,[ 4, 7, 61, 65]],

[ 73, 75, 0,[ 66, 91, 78]],

[ 21, 75, 0,[ 6, 88, 0]],

[ 24, 75, 0,[ 15, 0, 2, 59]],

[ 15, 85, 0,[ 28, 24, 2, 96]],

[ 84, 75, 0,[ 2, 87, 83]],

[ 56, 75, 0,[ 65, 42, 51, 18, 0]],

[ 80, 75, 0,[ 74, 70, 38]],

[ 2, 15, 1,[ 24, 32, 29, 17, 76, 94, 38, 34, 45, 79, 84, 15, 46, 41, 23, 66, 54, 91, 49, 35, 40]],

[ 48, 75, 0,[ 38, 26, 96]],

[ 94, 75, 0,[ 62, 2, 81]],

[ 29, 15, 0,[ 46, 2, 79]],

[ 81, 75, 1,[ 66, 75, 68, 14, 32, 30, 94]],

[ 20, 75, 0,[ 64, 89, 65, 1]],

[ 28, 85, 0,[ 68, 27, 15, 59, 79]],

[ 33, 75, 0,[ 39, 60, 79]],

[ 6, 15, 1,[ 82, 96, 8, 16, 31, 90, 76, 61, 23, 21, 54, 43, 68]],

[ 57, 75, 0,[ 9, 72, 54]],

[ 61, 75, 0,[ 44, 6, 96]],

[ 19, 75, 0,[ 31, 96, 71]],

