[ 32, 55, 0,[ 74, 97, 21, 38]],

[ 7, 45, 1,[ 49, 70, 78, 16, 53, 74, 90, 95, 26, 43, 40, 65, 97, 5]],

[ 13, 25, 0,[ 81, 76, 34]],

[ 41, 25, 0,[ 97, 15, 31, 83]],

[ 31, 55, 0,[ 72, 41, 61]],

[ 69, 35, 0,[ 2, 26, 17]],

[ 78, 85, 0,[ 11, 36, 7]],

[ 88, 55, 0,[ 53, 26, 4]],

[ 71, 95, 0,[ 94, 96]],

[ 81, 25, 1,[ 62, 66, 13, 23, 58, 48, 51, 47, 84, 72, 9, 1]],

[ 82, 55, 0,[ 19, 37, 64]],

[ 40, 55, 0,[ 25, 7, 95]],

[ 39, 85, 0,[ 25, 2]],

[ 29, 95, 0,[ 43, 58, 86]],

[ 63, 15, 0,[ 18, 24, 10]],

[ 24, 95, 0,[ 57, 63, 93, 72]],

[ 68, 55, 0,[ 85, 54, 0, 28, 79]],

[ 42, 15, 0,[ 33, 61, 44]],

[ 57, 95, 0,[ 92, 24]],

[ 58, 85, 1,[ 52, 29, 44, 10, 81]],

[ 25, 55, 0,[ 36, 6, 39, 40]],

[ 62, 55, 0,[ 6, 85, 81, 0, 80]],

[ 70, 55, 0,[ 50, 76, 96, 7]],

[ 98, 55, 0,[ 36]],

[ 18, 15, 0,[ 0, 63, 96]],

[ 65, 25, 1,[ 22, 7, 20, 4, 97, 34, 37, 15]],

[ 3, 55, 0,[ 67, 19, 2]],

[ 99, 85, 0,[ 96, 2, 0]],

[ 54, 55, 0,[ 19, 68, 75]],

[ 76, 55, 0,[ 46, 13, 70]],

[ 49, 45, 0,[ 7, 48, 66]],

[ 28, 55, 0,[ 61, 0, 95, 68]],

[ 89, 55, 0,[ 53, 6, 96]],

[ 85, 55, 0,[ 62, 68, 12]],

[ 35, 55, 0,[ 72, 10, 59]],

[ 66, 85, 0,[ 49, 0, 81, 2]],

[ 2, 85, 1,[ 39, 99, 3, 27, 67, 94, 22, 20, 66, 69, 92]],

[ 14, 15, 0,[ 91, 0, 90, 47]],

[ 86, 95, 0,[ 26, 96, 29]],

[ 44, 15, 0,[ 83, 42, 58, 10]],

[ 46, 55, 0,[ 76, 90, 95]],

[ 21, 55, 0,[ 73, 32, 16]],

[ 67, 55, 0,[ 79, 3, 2]],

[ 9, 95, 0,[ 96, 55, 81]],

[ 95, 55, 0,[ 7, 28, 40, 46]],

[ 74, 55, 0,[ 96, 91, 32, 19, 7]],

[ 50, 55, 0,[ 19, 73, 70]],

[ 72, 55, 0,[ 24, 23, 81, 31, 35]],

[ 43, 95, 0,[ 7, 55, 29, 19]],

[ 83, 15, 0,[ 80, 44, 59, 45, 0, 41]],

[ 17, 55, 0,[ 69, 51, 8]],

[ 56, 25, 0,[ 36, 5, 96]],

[ 73, 55, 0,[ 84, 21, 33, 50, 37]],

[ 33, 15, 0,[ 42, 77, 73]],

[ 4, 55, 0,[ 88, 65, 10]],

[ 51, 15, 0,[ 81, 94, 17]],

[ 11, 85, 1,[ 23, 75, 78, 64]],

[ 60, 95, 0,[ 47, 75, 96]],

[ 92, 85, 0,[ 57, 34, 2]],

[ 0, 15, 1,[ 94, 77, 66, 99, 83, 62, 91, 14, 87, 28, 68, 18, 38]],

[ 97, 25, 0,[ 32, 7, 41, 65]],

[ 10, 15, 0,[ 63, 58, 35, 44, 4]],

[ 91, 15, 0,[ 14, 0, 74]],

[ 27, 85, 0,[ 37, 2, 1]],

[ 30, 15, 0,[ 55, 52, 77]],

[ 55, 95, 0,[ 43, 9, 30, 1]],

[ 94, 15, 0,[ 71, 2, 51, 0, 45]],

[ 45, 15, 0,[ 83, 37, 94]],

[ 5, 25, 0,[ 22, 15, 56, 7]],

[ 16, 55, 0,[ 21, 26, 64, 7]],

[ 47, 15, 0,[ 14, 81, 60]],

[ 38, 15, 0,[ 20, 32, 0]],

[ 84, 55, 0,[ 96, 12, 73, 81]],

[ 79, 55, 0,[ 68, 87, 67]],

[ 90, 45, 0,[ 14, 7, 46]],

[ 19, 55, 0,[ 43, 54, 50, 3, 74, 82]],

[ 6, 55, 0,[ 25, 62, 89]],

[ 59, 55, 0,[ 35, 37, 83]],

[ 96, 95, 1,[ 89, 18, 86, 56, 9, 87, 74, 71, 99, 93, 8, 60, 84, 70]],

[ 52, 15, 0,[ 30, 87, 58]],

[ 1, 95, 0,[ 27, 93, 81, 55]],

[ 20, 25, 0,[ 65, 38, 2]],

[ 26, 35, 1,[ 88, 16, 69, 86, 7]],

[ 12, 55, 0,[ 84, 85]],

[ 93, 95, 0,[ 24, 96, 1]],

[ 53, 55, 0,[ 88, 89, 7]],

[ 77, 15, 0,[ 33, 0, 30]],

[ 87, 15, 0,[ 0, 96, 52, 79]],

[ 61, 55, 0,[ 31, 42, 28]],

[ 75, 95, 0,[ 11, 60, 54]],

[ 34, 25, 0,[ 92, 8, 65, 13]],

[ 48, 15, 0,[ 80, 49, 81]],

[ 15, 25, 0,[ 41, 5, 65]],

[ 64, 55, 0,[ 11, 37, 16, 82]],

[ 22, 25, 0,[ 2, 5, 65]],

[ 80, 15, 0,[ 83, 62, 48]],

[ 23, 25, 0,[ 72, 11, 81]],

[ 36, 55, 0,[ 98, 25, 56, 78]],

[ 37, 55, 0,[ 73, 65, 64, 59, 45, 82, 27]],

[ 8, 55, 1,[ 17, 34, 96]],

