[ 15, 5, 0,[ 47, 14, 54]],

[ 9, 5, 0,[ 64, 71, 54, 83, 97]],

[ 43, 5, 0,[ 37, 26, 77]],

[ 74, 15, 0,[ 29, 11]],

[ 81, 25, 1,[ 30, 8, 94, 46, 96, 93]],

[ 53, 55, 0,[ 96, 10, 26]],

[ 61, 95, 0,[ 54, 11, 0]],

[ 1, 5, 0,[ 24, 58]],

[ 78, 55, 0,[ 66, 36]],

[ 29, 5, 0,[ 54, 85, 33, 74, 63]],

[ 33, 5, 0,[ 29, 40, 57]],

[ 72, 15, 0,[ 54, 4, 18, 11]],

[ 8, 5, 0,[ 13, 5, 81]],

[ 48, 5, 0,[ 93, 65, 77, 38]],

[ 4, 55, 0,[ 94, 66, 72]],

[ 65, 5, 1,[ 25, 59, 24, 7, 13, 94, 75, 0, 88, 34, 42, 35, 49, 48, 92, 37, 95]],

[ 98, 5, 0,[ 20, 51, 32, 50]],

[ 7, 85, 0,[ 35, 96, 65, 26]],

[ 86, 15, 0,[ 11, 75, 39]],

[ 90, 5, 0,[ 11, 54, 24]],

[ 20, 5, 0,[ 98, 16, 34]],

[ 14, 5, 0,[ 85, 15, 77]],

[ 13, 5, 0,[ 65, 8, 11]],

[ 88, 85, 0,[ 65, 96, 26]],

[ 91, 5, 0,[ 22, 85, 96]],

[ 82, 15, 0,[ 10, 11, 89]],

[ 22, 5, 0,[ 5, 91, 50]],

[ 95, 5, 0,[ 65, 96, 47]],

[ 23, 5, 0,[ 17, 12, 27]],

[ 77, 5, 0,[ 75, 48, 43, 54, 14]],

[ 17, 5, 0,[ 23, 30, 83, 87]],

[ 54, 95, 1,[ 9, 77, 50, 68, 42, 52, 2, 15, 61, 69, 35, 59, 90, 72, 29]],

[ 99, 5, 0,[ 75, 62, 11, 2]],

[ 52, 5, 0,[ 26, 79, 54, 16]],

[ 38, 5, 0,[ 48, 89, 31]],

[ 62, 5, 0,[ 99, 36, 2]],

[ 85, 5, 0,[ 91, 96, 83, 14, 11, 29]],

[ 34, 5, 0,[ 65, 27, 20]],

[ 32, 5, 0,[ 27, 98, 26]],

[ 46, 25, 0,[ 76, 81, 49]],

[ 55, 15, 0,[ 39, 96, 49]],

[ 63, 5, 0,[ 26, 25, 29]],

[ 60, 15, 0,[]],

[ 31, 5, 0,[ 44, 38, 3]],

[ 11, 15, 1,[ 71, 57, 84, 13, 75, 5, 99, 90, 73, 58, 3, 82, 72, 85, 74, 39, 86, 61, 21]],

[ 71, 15, 0,[ 11, 9, 21]],

[ 27, 5, 0,[ 34, 23, 2, 32]],

[ 0, 25, 1,[ 44, 16, 39, 61, 70, 56, 65]],

[ 10, 55, 0,[ 56, 53, 82]],

[ 44, 25, 1,[ 89, 31, 84, 0]],

[ 5, 5, 0,[ 8, 11, 22]],

[ 64, 5, 0,[ 92, 57, 9]],

[ 92, 5, 0,[ 65, 64, 40]],

[ 18, 25, 0,[ 72, 84, 93]],

[ 93, 25, 0,[ 48, 81, 18]],

[ 68, 5, 0,[ 57, 54, 87]],

[ 87, 5, 0,[ 17, 68, 41]],

[ 58, 5, 0,[ 94, 11, 1, 79]],

[ 84, 25, 0,[ 11, 18, 28, 44]],

[ 30, 25, 0,[ 96, 17, 81]],

[ 39, 15, 0,[ 55, 11, 86, 0]],

[ 25, 5, 0,[ 63, 41, 96, 65]],

[ 79, 5, 0,[ 58, 96, 52]],

[ 35, 95, 0,[ 54, 65, 7]],

[ 57, 5, 0,[ 64, 11, 68, 33]],

[ 24, 5, 0,[ 90, 65, 1, 89, 76]],

[ 28, 25, 0,[ 76, 26, 84]],

[ 49, 25, 0,[ 65, 55, 70, 2, 46]],

[ 75, 5, 0,[ 77, 99, 45, 65, 11, 86]],

[ 2, 85, 1,[ 62, 41, 99, 54, 49, 27]],

[ 67, 5, 0,[ 26, 37, 36, 6]],

[ 12, 5, 0,[ 80, 23, 6]],

[ 26, 85, 1,[ 43, 88, 67, 28, 53, 32, 80, 7, 70, 52, 63, 19]],

[ 69, 95, 0,[ 96, 54, 51]],

[ 41, 5, 0,[ 25, 96, 87, 2]],

[ 83, 5, 0,[ 85, 17, 9, 47]],

[ 73, 25, 0,[ 11, 19]],

[ 76, 25, 0,[ 19, 24, 50, 97, 46, 28]],

[ 36, 5, 0,[ 78, 62, 67]],

[ 47, 5, 0,[ 95, 15, 83]],

[ 96, 55, 1,[ 30, 88, 79, 95, 55, 66, 91, 85, 53, 41, 25, 81, 69, 7, 6, 40]],

[ 50, 5, 0,[ 76, 98, 54, 22]],

[ 66, 55, 0,[ 4, 78, 96]],

[ 97, 25, 0,[ 76, 89, 9]],

[ 56, 25, 0,[ 10, 0]],

[ 37, 5, 0,[ 43, 67, 3, 65]],

[ 16, 5, 0,[ 80, 0, 20, 52]],

[ 94, 5, 0,[ 4, 58, 65, 81]],

[ 6, 5, 0,[ 96, 59, 12, 67]],

[ 51, 95, 0,[ 42, 69, 21, 98]],

[ 40, 5, 0,[ 92, 33, 96]],

[ 21, 15, 0,[ 51, 11, 71]],

[ 70, 25, 0,[ 0, 49, 26]],

[ 89, 25, 1,[ 44, 24, 97, 82, 38]],

[ 42, 95, 0,[ 65, 51, 54]],

[ 59, 5, 0,[ 65, 54, 6]],

[ 45, 5, 0,[ 75]],

[ 3, 5, 0,[ 11, 31, 37]],

[ 80, 5, 0,[ 26, 16, 12]],

[ 19, 25, 0,[ 73, 26, 76]],

