[ 44, 65, 0,[ 88, 19, 63]],

[ 67, 65, 0,[ 74, 42, 90]],

[ 20, 65, 0,[ 65, 34, 98]],

[ 87, 65, 0,[ 84, 22, 54]],

[ 60, 65, 0,[ 42, 9, 7]],

[ 79, 65, 0,[ 41, 11, 23]],

[ 78, 65, 0,[ 98, 83, 25, 1]],

[ 19, 95, 1,[ 89, 44, 46, 74, 94, 26, 75]],

[ 34, 65, 0,[ 70, 18, 10, 20, 30, 75]],

[ 30, 65, 0,[ 33, 34, 10]],

[ 62, 65, 0,[ 70, 53, 85]],

[ 90, 65, 0,[ 77, 48, 67]],

[ 74, 95, 1,[ 19, 67, 39, 59, 85, 32, 5, 45, 84]],

[ 69, 65, 0,[ 96, 29]],

[ 4, 65, 0,[ 56, 64, 41, 85]],

[ 96, 65, 0,[ 98, 69, 81]],

[ 47, 65, 0,[ 68, 12, 70]],

[ 51, 65, 0,[ 18, 37, 40, 6, 22]],

[ 11, 65, 0,[ 79, 80, 10]],

[ 48, 85, 1,[ 95, 32, 21, 80, 54, 73, 0, 43, 64, 16, 39, 90]],

[ 35, 65, 0,[ 70, 42, 66]],

[ 61, 65, 0,[ 29, 1, 38]],

[ 73, 65, 0,[ 48, 71, 77]],

[ 65, 65, 0,[ 8, 20, 46]],

[ 66, 65, 0,[ 36, 35, 97]],

[ 50, 65, 0,[ 38, 45, 58]],

[ 16, 65, 1,[ 5, 71, 48, 8]],

[ 52, 65, 0,[ 23, 49, 86, 91, 7]],

[ 81, 65, 0,[ 37, 9, 96, 70]],

[ 18, 65, 0,[ 92, 26, 34, 51]],

[ 21, 65, 0,[ 89, 48, 38]],

[ 1, 65, 0,[ 70, 78, 61]],

[ 43, 65, 0,[ 93, 33, 48]],

[ 70, 65, 0,[ 62, 35, 34, 57, 81, 47, 1]],

[ 36, 65, 0,[ 66, 28, 59]],

[ 26, 65, 0,[ 19, 97, 18]],

[ 55, 65, 0,[ 0, 88, 10]],

[ 80, 65, 0,[ 12, 48, 11]],

[ 53, 65, 0,[ 5, 88, 62]],

[ 84, 65, 0,[ 59, 87, 10, 74]],

[ 27, 65, 0,[ 2, 7, 98, 22]],

[ 89, 65, 0,[ 21, 2, 10, 19]],

[ 91, 65, 0,[ 15, 24, 52]],

[ 56, 65, 0,[ 4, 83]],

[ 94, 65, 0,[ 77, 42, 19]],

[ 38, 95, 1,[ 50, 61, 13, 37, 58, 83, 21]],

[ 76, 65, 0,[ 58, 42, 22]],

[ 71, 65, 0,[ 16, 73, 45]],

[ 42, 35, 1,[ 67, 94, 95, 92, 60, 76, 28, 35]],

[ 63, 65, 0,[ 12, 44, 10]],

[ 13, 65, 0,[ 32, 46, 14, 38]],

[ 15, 65, 0,[ 41, 91]],

[ 14, 65, 0,[ 13]],

[ 86, 65, 0,[ 52, 41, 10]],

[ 8, 65, 0,[ 16, 65, 46, 82, 10]],

[ 85, 65, 0,[ 4, 74, 62]],

[ 59, 65, 0,[ 84, 74, 36]],

[ 40, 65, 0,[ 51, 7, 10]],

[ 45, 65, 0,[ 74, 71, 50, 54]],

[ 49, 65, 0,[ 52, 24, 82, 17]],

[ 28, 65, 0,[ 42, 68, 36]],

[ 6, 65, 0,[ 31, 24, 51, 99, 29]],

[ 2, 65, 0,[ 27, 89, 12]],

[ 92, 65, 0,[ 42, 18, 10]],

[ 64, 65, 0,[ 48, 33, 4]],

[ 0, 65, 0,[ 31, 48, 55, 3]],

[ 58, 65, 0,[ 38, 76, 50, 57]],

[ 39, 65, 1,[ 29, 48, 82, 74]],

[ 29, 65, 0,[ 23, 69, 6, 61, 39]],

[ 93, 65, 0,[ 43, 31, 54, 17, 22, 95]],

[ 9, 65, 0,[ 25, 81, 5, 60]],

[ 24, 65, 0,[ 6, 49, 5, 91]],

[ 23, 65, 0,[ 41, 29, 79, 52]],

[ 72, 65, 0,[ 32, 3, 97]],

[ 12, 65, 0,[ 2, 63, 47, 80]],

[ 75, 65, 0,[ 19, 34, 97]],

[ 77, 65, 0,[ 94, 90, 73, 17, 98, 5]],

[ 95, 65, 1,[ 42, 93, 48]],

[ 57, 65, 0,[ 70, 58, 5]],

[ 33, 65, 0,[ 30, 64, 43]],

[ 54, 65, 0,[ 93, 87, 10, 48, 45]],

[ 41, 65, 0,[ 68, 4, 15, 79, 86, 23]],

[ 46, 65, 0,[ 8, 19, 13, 65]],

[ 31, 65, 0,[ 93, 0, 6]],

[ 10, 25, 1,[ 98, 63, 30, 92, 54, 11, 40, 84, 34, 99, 89, 55, 8, 86]],

[ 99, 65, 0,[ 10, 25, 6]],

[ 32, 65, 0,[ 48, 74, 13, 72]],

[ 17, 65, 0,[ 77, 49, 93]],

[ 5, 65, 0,[ 77, 9, 16, 53, 57, 24, 74]],

[ 88, 65, 0,[ 55, 53, 44]],

[ 22, 65, 0,[ 87, 51, 27, 76, 93]],

[ 83, 65, 0,[ 38, 78, 56]],

[ 82, 65, 0,[ 39, 8, 49]],

[ 25, 65, 0,[ 9, 99, 78]],

[ 7, 65, 0,[ 52, 27, 40, 60]],

[ 68, 65, 0,[ 47, 41, 28]],

[ 98, 45, 1,[ 3, 27, 78, 10, 77, 96, 20]],

[ 97, 65, 0,[ 66, 75, 72, 26]],

[ 3, 65, 0,[ 72, 0, 98]],

[ 37, 65, 0,[ 38, 51, 81]],

