[ 37, 85, 0,[ 43, 94, 44, 36, 3]],

[ 93, 55, 0,[ 39, 73, 79]],

[ 20, 35, 0,[ 99, 30, 70, 44]],

[ 32, 35, 0,[ 73, 23, 72]],

[ 1, 75, 0,[ 98, 31]],

[ 43, 85, 0,[ 8, 37]],

[ 9, 75, 0,[ 75, 28, 38]],

[ 74, 95, 1,[ 38, 11, 97, 16, 29]],

[ 10, 35, 1,[ 33, 91, 18]],

[ 99, 75, 0,[ 91, 20, 57]],

[ 48, 65, 1,[ 76, 57, 39]],

[ 71, 35, 0,[ 77, 6, 3, 4, 39]],

[ 45, 75, 0,[ 12, 23, 0]],

[ 57, 75, 1,[ 48, 99, 75]],

[ 14, 35, 0,[ 89, 44]],

[ 50, 75, 0,[ 83, 47, 19, 40]],

[ 72, 35, 0,[ 51, 87, 3, 32]],

[ 7, 55, 0,[ 22, 5, 13]],

[ 33, 75, 0,[ 15, 10, 38]],

[ 55, 75, 0,[ 46, 53, 19]],

[ 40, 75, 0,[ 51, 63, 50]],

[ 42, 55, 0,[ 76, 13]],

[ 58, 95, 0,[ 61, 60, 63]],

[ 35, 35, 0,[ 49, 67]],

[ 81, 55, 0,[ 28, 25, 86]],

[ 25, 55, 1,[ 59, 68, 86, 81, 69]],

[ 29, 95, 0,[ 95, 74, 27]],

[ 23, 75, 0,[ 88, 32, 36, 45]],

[ 82, 35, 0,[ 67, 68]],

[ 67, 35, 0,[ 54, 35, 82]],

[ 98, 55, 0,[ 1, 47, 76]],

[ 96, 75, 0,[ 88, 18]],

[ 69, 35, 1,[ 27, 90, 25, 85, 49]],

[ 90, 55, 0,[ 92, 13, 69]],

[ 26, 55, 0,[ 88, 87, 16]],

[ 17, 35, 0,[ 89, 68]],

[ 21, 35, 0,[ 61, 49]],

[ 61, 95, 0,[ 60, 52, 21, 58]],

[ 5, 55, 0,[ 62, 18, 7]],

[ 4, 35, 0,[ 53, 71, 56]],

[ 63, 75, 0,[ 40, 58, 16]],

[ 19, 75, 0,[ 50, 75, 55]],

[ 51, 35, 0,[ 72, 40, 54]],

[ 62, 75, 0,[ 5, 73, 38]],

[ 31, 75, 0,[ 1, 97, 36]],

[ 85, 75, 0,[ 94, 69, 78]],

[ 76, 55, 0,[ 98, 42, 48, 2]],

[ 34, 95, 0,[ 12, 11, 86]],

[ 13, 55, 0,[ 7, 42, 90]],

[ 89, 35, 0,[ 14, 17, 64]],

[ 41, 75, 0,[ 24, 78, 53]],

[ 65, 55, 0,[ 56, 0]],

[ 86, 85, 1,[ 81, 84, 25, 34, 38]],

[ 70, 35, 0,[ 20, 12]],

[ 56, 35, 0,[ 4, 65, 95]],

[ 36, 75, 0,[ 15, 31, 37, 23]],

[ 80, 55, 0,[ 59, 6]],

[ 60, 95, 0,[ 2, 58, 61]],

[ 83, 55, 0,[ 8, 16, 50]],

[ 22, 65, 0,[ 7, 6, 8]],

[ 28, 75, 0,[ 64, 9, 81]],

[ 49, 35, 0,[ 21, 35, 69]],

[ 88, 75, 0,[ 23, 26, 96]],

[ 11, 95, 0,[ 74, 30, 34]],

[ 18, 35, 0,[ 96, 5, 78, 10]],

[ 46, 75, 0,[ 55, 95]],

[ 75, 75, 0,[ 19, 57, 91, 9]],

[ 3, 35, 0,[ 71, 72, 47, 37]],

[ 30, 65, 0,[ 8, 20, 0, 97, 11]],

[ 2, 55, 0,[ 60, 76]],

[ 12, 75, 0,[ 70, 45, 34]],

[ 84, 35, 0,[ 66, 86, 54]],

[ 44, 35, 0,[ 20, 14, 37]],

[ 94, 85, 0,[ 85, 37, 73]],

[ 78, 75, 0,[ 41, 18, 85]],

[ 39, 65, 1,[ 48, 93, 71]],

[ 68, 35, 0,[ 25, 82, 17]],

[ 77, 35, 0,[ 52, 91, 71]],

[ 6, 35, 0,[ 71, 59, 80, 22]],

[ 27, 55, 0,[ 29, 16, 69]],

[ 47, 75, 0,[ 50, 66, 3, 98]],

[ 15, 75, 0,[ 36, 33, 8]],

[ 38, 75, 1,[ 62, 86, 33, 74, 9]],

[ 59, 55, 0,[ 6, 80, 25, 66]],

[ 16, 55, 1,[ 27, 74, 63, 83, 26]],

[ 54, 35, 0,[ 51, 84, 67]],

[ 95, 35, 0,[ 29, 56, 46]],

[ 53, 75, 0,[ 41, 4, 55]],

[ 24, 35, 0,[ 41, 73]],

[ 8, 65, 0,[ 43, 83, 22, 30, 15]],

[ 92, 55, 0,[ 90]],

[ 79, 55, 0,[ 87, 64, 93]],

[ 91, 75, 0,[ 75, 99, 10, 77]],

[ 0, 55, 0,[ 65, 45, 30]],

[ 66, 55, 0,[ 47, 59, 84]],

[ 87, 55, 0,[ 26, 79, 72]],

[ 97, 95, 0,[ 74, 30, 31]],

[ 64, 55, 0,[ 28, 89, 79]],

[ 73, 35, 0,[ 94, 32, 24, 62, 93]],

[ 52, 95, 0,[ 77, 61]],

