[ 33, 35, 1,[ 19, 64, 50, 80]],

[ 88, 35, 1,[ 97, 10, 58]],

[ 55, 5, 0,[ 84, 92, 25]],

[ 5, 55, 0,[]],

[ 0, 65, 0,[ 75, 34, 3]],

[ 81, 55, 0,[ 68, 29]],

[ 63, 35, 1,[ 30, 11, 22, 27]],

[ 27, 65, 0,[ 69, 19, 63]],

[ 42, 25, 1,[ 36, 46, 12]],

[ 99, 5, 0,[ 93, 28, 44]],

[ 10, 65, 1,[ 38, 88, 67, 82, 90]],

[ 17, 35, 0,[ 60, 50, 14]],

[ 84, 5, 0,[ 71, 50, 55]],

[ 6, 55, 0,[ 7, 90, 74]],

[ 26, 55, 0,[ 67, 56, 40, 69]],

[ 53, 5, 1,[ 19, 37, 34]],

[ 45, 15, 1,[ 65, 98, 14]],

[ 36, 55, 1,[ 92, 20, 42]],

[ 61, 5, 0,[ 73, 4, 2]],

[ 31, 95, 1,[ 94, 16, 97]],

[ 76, 55, 0,[ 85, 94, 64]],

[ 79, 55, 0,[ 98, 37, 3, 32]],

[ 13, 25, 0,[ 51, 67, 66]],

[ 29, 55, 0,[ 47, 70, 81, 7]],

[ 67, 65, 0,[ 26, 10, 13]],

[ 95, 95, 1,[ 56, 73, 28]],

[ 57, 65, 1,[ 72, 59, 90]],

[ 71, 5, 1,[ 24, 60, 37, 96, 11, 84]],

[ 80, 5, 0,[ 75, 33, 30, 12]],

[ 87, 95, 1,[ 56, 3, 51]],

[ 47, 55, 1,[ 73, 29, 2, 28]],

[ 28, 5, 1,[ 99, 35, 47, 95, 91]],

[ 91, 65, 1,[ 78, 28, 16, 85]],

[ 66, 55, 0,[ 13, 32, 25]],

[ 43, 25, 0,[ 41, 56, 7]],

[ 24, 5, 1,[ 41, 71, 69, 97, 20, 77]],

[ 34, 5, 0,[ 41, 0, 53]],

[ 15, 5, 0,[ 77, 35, 21]],

[ 69, 55, 1,[ 24, 27, 26]],

[ 64, 55, 0,[ 33, 76]],

[ 83, 35, 1,[ 35, 8, 48, 23, 49, 59, 40]],

[ 16, 95, 0,[ 22, 91, 31]],

[ 50, 35, 0,[ 33, 94, 2, 84, 17]],

[ 60, 85, 1,[ 17, 75, 11, 71]],

[ 77, 5, 0,[ 15, 24, 18]],

[ 8, 65, 0,[ 86, 83, 72, 92]],

[ 97, 95, 0,[ 24, 88, 31]],

[ 39, 55, 1,[ 65, 32, 93]],

[ 96, 55, 0,[ 75, 71, 93]],

[ 30, 5, 1,[ 63, 68, 80]],

[ 22, 25, 1,[ 52, 35, 16, 63]],

[ 54, 55, 0,[ 75, 98]],

[ 18, 95, 1,[ 20, 77, 62]],

[ 12, 5, 0,[ 35, 80, 21, 42]],

[ 20, 95, 0,[ 24, 18, 36]],

[ 37, 95, 1,[ 53, 79, 71]],

[ 51, 25, 1,[ 65, 13, 32, 87]],

[ 11, 5, 0,[ 60, 71, 63]],

[ 78, 65, 0,[ 38, 91]],

[ 82, 55, 1,[ 85, 75, 10]],

[ 93, 65, 1,[ 49, 48, 52, 96, 99, 39]],

[ 92, 65, 0,[ 8, 36, 55]],

[ 65, 25, 0,[ 39, 45, 51]],

[ 7, 55, 0,[ 29, 6, 49, 43]],

[ 38, 5, 1,[ 62, 4, 78, 10]],

[ 98, 25, 1,[ 79, 44, 45, 74, 54]],

[ 2, 5, 0,[ 50, 61, 47]],

[ 1, 35, 0,[]],

[ 19, 65, 1,[ 48, 86, 33, 53, 27]],

[ 32, 55, 1,[ 46, 39, 51, 56, 70, 86, 66, 79]],

[ 73, 65, 1,[ 47, 89, 75, 61, 95]],

[ 56, 45, 1,[ 26, 4, 43, 46, 95, 32, 87]],

[ 21, 75, 1,[ 70, 15, 68, 12]],

[ 70, 45, 1,[ 21, 29, 32]],

[ 48, 65, 1,[ 93, 89, 83, 19]],

[ 41, 25, 1,[ 43, 34, 24]],

[ 52, 25, 0,[ 22, 75, 93]],

[ 86, 65, 1,[ 8, 19, 4, 32]],

[ 9, 95, 0,[]],

[ 85, 55, 1,[ 23, 82, 76, 91]],

[ 35, 5, 0,[ 28, 15, 22, 12, 83]],

[ 44, 5, 0,[ 99, 40, 98]],

[ 62, 5, 0,[ 18, 38]],

[ 89, 65, 0,[ 73, 48]],

[ 4, 5, 0,[ 61, 86, 38, 56]],

[ 94, 95, 1,[ 31, 50, 76]],

[ 14, 35, 1,[ 45, 17]],

[ 23, 85, 1,[ 85, 25, 83]],

[ 58, 25, 0,[ 46, 88]],

[ 25, 15, 1,[ 46, 23, 66, 55]],

[ 90, 55, 1,[ 57, 10, 6]],

[ 68, 55, 0,[ 81, 21, 30]],

[ 46, 25, 0,[ 25, 56, 42, 32, 58]],

[ 72, 65, 1,[ 57, 74, 8]],

[ 59, 25, 1,[ 57, 83]],

[ 75, 55, 1,[ 0, 54, 52, 60, 82, 73, 80, 96]],

[ 3, 65, 1,[ 0, 79, 87]],

[ 74, 65, 1,[ 72, 6, 98]],

[ 49, 65, 0,[ 93, 83, 7]],

[ 40, 5, 0,[ 83, 26, 44]],

