[ 67, 15, 0,[ 7, 20, 53]],

[ 35, 15, 0,[ 78, 58, 84]],

[ 23, 5, 0,[ 65, 92, 5]],

[ 62, 25, 0,[ 96, 7, 27, 99, 57]],

[ 53, 25, 0,[ 40, 50, 67, 26]],

[ 19, 35, 0,[ 16, 3, 54]],

[ 12, 85, 0,[ 99, 24, 86, 94]],

[ 18, 15, 0,[ 33, 76]],

[ 90, 85, 0,[ 63, 87, 38]],

[ 20, 35, 0,[ 67, 89, 83, 4]],

[ 49, 25, 0,[ 32, 63, 99]],

[ 64, 25, 0,[ 11, 44, 25]],

[ 6, 25, 1,[ 92, 54, 79]],

[ 86, 85, 0,[ 12, 85]],

[ 55, 85, 0,[ 47, 31]],

[ 3, 35, 0,[ 19, 29]],

[ 76, 15, 0,[ 43, 18, 81]],

[ 59, 85, 0,[]],

[ 98, 85, 0,[ 92, 78]],

[ 46, 15, 0,[ 89, 29, 1]],

[ 95, 25, 0,[]],

[ 91, 15, 0,[ 48, 75, 32]],

[ 56, 85, 0,[]],

[ 42, 35, 0,[ 13, 34, 54]],

[ 75, 15, 0,[ 92, 51, 91]],

[ 32, 15, 0,[ 91, 49, 29]],

[ 43, 15, 0,[ 76, 96]],

[ 57, 25, 0,[ 96, 62, 60]],

[ 28, 5, 0,[ 24]],

[ 44, 85, 1,[ 0, 31, 37, 64]],

[ 33, 25, 0,[ 18, 14, 74]],

[ 2, 95, 1,[ 66, 79, 0, 11]],

[ 9, 95, 1,[ 79, 0, 16, 93]],

[ 41, 15, 0,[ 51, 77]],

[ 39, 85, 0,[ 68, 58, 88]],

[ 89, 35, 0,[ 20, 46, 54]],

[ 29, 15, 0,[ 85, 32, 22, 3, 46]],

[ 27, 35, 0,[ 94, 62, 54]],

[ 54, 35, 1,[ 19, 89, 52, 6, 42, 38, 27]],

[ 34, 15, 0,[ 81, 42, 7]],

[ 5, 5, 0,[ 50, 26, 47, 37, 23]],

[ 73, 85, 0,[ 71, 82]],

[ 50, 5, 0,[ 51, 5, 53]],

[ 16, 95, 0,[ 9, 19, 8]],

[ 22, 85, 0,[ 29, 97, 1]],

[ 94, 85, 0,[ 27, 12, 48]],

[ 87, 85, 0,[ 90, 31, 78]],

[ 30, 25, 0,[ 65, 26, 71]],

[ 85, 15, 0,[ 29, 86, 81]],

[ 72, 85, 0,[ 65, 38]],

[ 63, 85, 0,[ 90, 49]],

[ 45, 85, 0,[]],

[ 51, 25, 0,[ 41, 50, 11, 75]],

[ 14, 25, 0,[ 40, 74, 33]],

[ 17, 25, 0,[]],

[ 10, 85, 0,[ 83, 68, 4]],

[ 24, 5, 0,[ 28, 12, 79]],

[ 99, 25, 0,[ 49, 62, 12]],

[ 92, 85, 0,[ 98, 23, 6, 75]],

[ 84, 85, 0,[ 36, 35]],

[ 88, 15, 0,[ 39, 78, 4, 66, 21]],

[ 82, 85, 0,[ 73]],

[ 68, 85, 0,[ 10, 52, 39]],

[ 65, 85, 0,[ 81, 23, 72, 30]],

[ 52, 35, 0,[ 68, 58, 54]],

[ 8, 85, 0,[ 37, 16]],

[ 31, 85, 0,[ 44, 87, 55]],

[ 37, 85, 0,[ 44, 8, 5]],

[ 26, 25, 1,[ 11, 70, 30, 5, 53]],

[ 4, 85, 0,[ 10, 20, 88]],

[ 80, 15, 0,[ 21, 1]],

[ 40, 25, 0,[ 11, 14, 53]],

[ 7, 15, 0,[ 34, 67, 62]],

[ 48, 15, 0,[ 91, 47, 94]],

[ 47, 15, 0,[ 5, 55, 48]],

[ 21, 15, 0,[ 80, 88, 25]],

[ 61, 95, 0,[]],

[ 71, 85, 0,[ 73, 30]],

[ 70, 95, 0,[ 79, 0, 26]],

[ 79, 5, 1,[ 11, 70, 2, 9, 1, 24, 6]],

[ 81, 15, 1,[ 65, 34, 76, 85]],

[ 83, 15, 0,[ 10, 60, 20]],

[ 15, 85, 0,[ 36]],

[ 0, 95, 1,[ 2, 44, 70, 9, 60]],

[ 1, 5, 0,[ 80, 46, 79, 22]],

[ 25, 5, 0,[ 21, 64, 74]],

[ 11, 25, 1,[ 79, 40, 26, 51, 2, 64]],

[ 36, 85, 0,[ 15, 58, 84]],

[ 38, 85, 0,[ 72, 90, 54]],

[ 77, 15, 0,[ 97, 66, 41]],

[ 69, 15, 0,[]],

[ 97, 85, 0,[ 77, 22]],

[ 13, 35, 0,[ 42]],

[ 60, 15, 0,[ 0, 57, 83]],

[ 93, 95, 0,[ 9]],

[ 58, 85, 0,[ 36, 52, 35, 39]],

[ 74, 5, 0,[ 25, 33, 14]],

[ 78, 15, 0,[ 87, 88, 98, 35]],

[ 96, 25, 0,[ 57, 43, 62]],

[ 66, 15, 0,[ 2, 88, 77]],

