[ 45, 35, 0,[ 11]],

[ 34, 35, 0,[ 26]],

[ 11, 15, 1,[ 90, 89, 15, 93, 72, 20, 40, 43, 23, 6, 60, 39, 29, 53, 1, 63, 46, 87, 65, 68, 22, 77, 16, 83, 45, 18, 71, 79, 25, 57, 98, 66, 41, 64, 92]],

[ 46, 35, 0,[ 11, 0]],

[ 96, 35, 0,[ 26, 18]],

[ 47, 35, 0,[ 81, 79]],

[ 63, 35, 0,[ 79, 11, 4]],

[ 52, 35, 0,[ 2, 39, 79]],

[ 97, 35, 0,[ 26, 2]],

[ 39, 35, 0,[ 0, 52, 11]],

[ 99, 35, 0,[ 81, 26, 0]],

[ 84, 35, 0,[ 88, 26, 81]],

[ 10, 35, 0,[ 0, 81]],

[ 6, 35, 0,[ 73, 11]],

[ 29, 35, 0,[ 91, 11, 74]],

[ 75, 35, 0,[ 2, 81, 0]],

[ 36, 35, 0,[ 2, 26, 81]],

[ 66, 35, 0,[ 11, 81, 2]],

[ 58, 35, 1,[ 7, 82, 79]],

[ 87, 35, 0,[ 11, 79]],

[ 28, 35, 0,[ 50, 79, 43, 26]],

[ 31, 35, 0,[ 0]],

[ 13, 35, 0,[ 81, 79]],

[ 16, 35, 0,[ 79, 11]],

[ 53, 35, 0,[ 11, 79]],

[ 4, 35, 0,[ 79, 63, 26]],

[ 9, 35, 0,[ 26, 56, 81]],

[ 21, 35, 0,[ 57, 81, 2]],

[ 89, 35, 0,[ 11, 81]],

[ 43, 35, 0,[ 11, 28, 14]],

[ 81, 85, 1,[ 75, 89, 47, 57, 85, 32, 21, 84, 19, 26, 44, 61, 73, 51, 37, 60, 82, 17, 13, 67, 1, 86, 38, 10, 64, 7, 62, 88, 99, 35, 71, 59, 55, 27, 9, 36, 48, 66]],

[ 51, 35, 0,[ 0, 2, 81]],

[ 23, 35, 0,[ 12, 11]],

[ 65, 35, 0,[ 2, 11]],

[ 59, 35, 0,[ 0, 71, 79, 81]],

[ 83, 35, 0,[ 26, 5, 11, 38]],

[ 56, 35, 0,[ 26, 9, 30]],

[ 5, 35, 0,[ 83, 0]],

[ 33, 35, 0,[ 0, 26]],

[ 78, 35, 0,[ 2, 98, 79, 26]],

[ 32, 35, 0,[ 79, 81, 69]],

[ 69, 35, 0,[ 26, 2, 32]],

[ 57, 35, 0,[ 21, 2, 11, 81]],

[ 42, 35, 0,[ 2]],

[ 30, 35, 0,[ 2, 56, 79]],

[ 85, 35, 0,[ 44, 72, 0, 81]],

[ 94, 35, 0,[ 2]],

[ 26, 95, 1,[ 14, 81, 68, 83, 4, 86, 96, 50, 28, 56, 95, 36, 37, 18, 27, 80, 24, 38, 48, 99, 84, 9, 82, 62, 69, 70, 78, 34, 97, 33, 41]],

[ 74, 35, 0,[ 0, 68, 17, 29, 73]],

[ 98, 35, 0,[ 2, 11, 78]],

[ 95, 35, 0,[ 26, 2]],

[ 7, 35, 1,[ 58, 81]],

[ 76, 35, 0,[ 79]],

[ 68, 35, 0,[ 74, 11, 26]],

[ 19, 35, 0,[ 2, 81, 79]],

[ 20, 35, 0,[ 2, 24, 11]],

[ 70, 35, 0,[ 26, 2, 79]],

[ 90, 35, 0,[ 11]],

[ 27, 35, 0,[ 81, 2, 26]],

[ 1, 35, 0,[ 81, 11]],

[ 67, 35, 0,[ 2, 0, 81]],

[ 38, 35, 0,[ 81, 83, 79, 26]],

[ 40, 35, 0,[ 11, 79]],

[ 50, 35, 0,[ 28, 26, 79]],

[ 2, 5, 1,[ 78, 51, 30, 24, 20, 44, 19, 69, 94, 52, 8, 54, 42, 36, 22, 57, 97, 66, 98, 65, 75, 27, 60, 70, 67, 95, 21, 0, 79, 25, 55]],

[ 80, 35, 0,[ 26, 79]],

[ 3, 35, 0,[ 79]],

[ 62, 35, 0,[ 26, 81]],

[ 17, 35, 0,[ 0, 81, 74]],

[ 48, 35, 0,[ 81, 26]],

[ 61, 35, 0,[ 79, 81]],

[ 86, 35, 0,[ 26, 81]],

[ 8, 35, 0,[ 2]],

[ 79, 75, 1,[ 53, 58, 4, 40, 61, 87, 78, 2, 13, 19, 50, 93, 28, 15, 11, 37, 59, 47, 35, 88, 76, 80, 30, 24, 16, 38, 63, 32, 3, 52, 91, 70]],

[ 0, 75, 1,[ 14, 17, 46, 91, 10, 55, 51, 82, 67, 85, 49, 33, 5, 39, 72, 74, 99, 59, 31, 75, 25, 2]],

[ 54, 35, 1,[ 2]],

[ 14, 35, 0,[ 43, 26, 0]],

[ 15, 35, 0,[ 11, 79]],

[ 93, 35, 0,[ 79, 11]],

[ 91, 35, 0,[ 79, 0, 49, 29]],

[ 22, 35, 0,[ 2, 11]],

[ 12, 35, 0,[ 23]],

[ 49, 35, 1,[ 91, 0]],

[ 55, 35, 0,[ 0, 2, 81]],

[ 88, 35, 0,[ 79, 81, 84]],

[ 44, 35, 0,[ 85, 81, 41, 2]],

[ 41, 35, 0,[ 11, 44, 26]],

[ 82, 35, 0,[ 26, 0, 58, 81]],

[ 18, 35, 0,[ 11, 26, 96]],

[ 73, 35, 0,[ 6, 81, 74]],

[ 25, 35, 0,[ 2, 0, 11]],

[ 35, 35, 0,[ 81, 79]],

[ 77, 35, 0,[ 11]],

[ 64, 35, 0,[ 81, 11]],

[ 92, 35, 0,[ 11]],

[ 72, 35, 0,[ 11, 0, 85]],

[ 60, 35, 0,[ 81, 11, 2]],

[ 37, 35, 0,[ 81, 79, 26]],

[ 24, 35, 0,[ 2, 20, 26, 79]],

[ 71, 35, 0,[ 11, 59, 81]],

