[ 86, 65, 1,[ 92, 24, 84]],

[ 44, 5, 0,[ 94, 82, 42]],

[ 57, 5, 1,[ 3, 22, 26]],

[ 27, 5, 0,[ 28, 41, 6]],

[ 28, 5, 1,[ 36, 52, 62, 27]],

[ 29, 25, 0,[ 14, 1, 32]],

[ 47, 5, 0,[ 73, 21, 72]],

[ 33, 25, 1,[ 16, 5, 18]],

[ 89, 15, 0,[ 30, 76, 23]],

[ 11, 5, 0,[ 1, 91, 71]],

[ 12, 75, 0,[ 84, 39, 14]],

[ 75, 65, 1,[ 20, 53, 78, 54, 88, 45]],

[ 45, 65, 1,[ 75, 82, 69]],

[ 37, 55, 1,[ 24, 17, 76]],

[ 80, 5, 0,[ 87, 35, 71]],

[ 79, 5, 0,[ 10, 36, 54, 34, 88]],

[ 46, 5, 1,[ 94, 41, 68, 53]],

[ 32, 25, 1,[ 53, 29, 13, 42]],

[ 92, 25, 0,[ 1, 10, 86]],

[ 68, 15, 0,[ 46, 25, 84]],

[ 91, 75, 1,[ 11, 87, 90]],

[ 54, 45, 0,[ 75, 79, 2]],

[ 60, 5, 1,[ 87, 39, 26, 55]],

[ 42, 45, 1,[ 67, 32, 51, 44]],

[ 36, 5, 1,[ 48, 79, 98, 28]],

[ 49, 25, 0,[ 13, 58, 48]],

[ 97, 55, 0,[ 72, 74, 65]],

[ 52, 5, 0,[ 26, 28, 43]],

[ 50, 45, 0,[ 5, 23, 85, 59]],

[ 78, 45, 0,[ 75, 23, 73]],

[ 69, 5, 1,[ 45, 34, 19, 93]],

[ 90, 85, 1,[ 8, 81, 21, 91, 20]],

[ 61, 85, 1,[ 82, 43, 48]],

[ 10, 25, 1,[ 83, 67, 79, 92]],

[ 5, 15, 0,[ 33, 50, 25]],

[ 25, 35, 1,[ 68, 2, 5, 13]],

[ 16, 25, 1,[ 58, 71, 33]],

[ 48, 35, 1,[ 61, 65, 31, 36, 49]],

[ 24, 65, 1,[ 37, 86, 21]],

[ 38, 75, 1,[ 93, 94, 63, 41]],

[ 9, 15, 0,[ 72, 73, 85, 18]],

[ 81, 85, 0,[ 82, 74, 51, 90]],

[ 39, 5, 1,[ 18, 3, 60, 12]],

[ 51, 5, 1,[ 81, 23, 42]],

[ 15, 55, 0,[ 56, 84, 93, 30]],

[ 96, 5, 0,[ 66, 19, 62]],

[ 58, 25, 0,[ 49, 16]],

[ 20, 5, 0,[ 75, 14, 7, 90]],

[ 83, 25, 1,[ 30, 98, 10]],

[ 76, 15, 0,[ 37, 89, 6]],

[ 40, 5, 0,[ 59, 70, 64]],

[ 31, 5, 1,[ 48, 77, 64]],

[ 4, 5, 0,[ 67, 66, 14]],

[ 62, 5, 0,[ 96, 28, 59]],

[ 99, 45, 0,[ 23, 73, 43]],

[ 84, 55, 0,[ 68, 15, 12, 86]],

[ 41, 5, 1,[ 27, 38, 46]],

[ 6, 5, 0,[ 94, 76, 82, 27]],

[ 70, 5, 1,[ 64, 40, 1]],

[ 73, 5, 1,[ 78, 99, 47, 9]],

[ 56, 45, 1,[ 15, 63]],

[ 23, 45, 1,[ 95, 89, 19, 51, 50, 65, 2, 99, 78, 22]],

[ 34, 5, 0,[ 79, 14, 69]],

[ 2, 45, 0,[ 25, 54, 23, 13]],

[ 64, 5, 0,[ 70, 82, 40, 31]],

[ 71, 5, 1,[ 22, 11, 74, 16, 80]],

[ 8, 25, 0,[ 90, 13, 72]],

[ 17, 45, 0,[ 85, 37, 67]],

[ 93, 5, 0,[ 38, 15, 69]],

[ 82, 15, 1,[ 81, 45, 61, 6, 44, 64]],

[ 88, 65, 1,[ 75, 79, 35]],

[ 65, 45, 0,[ 48, 23, 97]],

[ 26, 5, 0,[ 95, 57, 52, 60]],

[ 63, 75, 1,[ 3, 56, 38]],

[ 59, 25, 1,[ 50, 62, 40]],

[ 22, 5, 1,[ 71, 57, 23]],

[ 18, 35, 1,[ 39, 9, 33]],

[ 95, 45, 1,[ 26, 23]],

[ 14, 5, 1,[ 12, 34, 4, 29, 20]],

[ 1, 15, 1,[ 70, 92, 11, 0, 29]],

[ 21, 85, 1,[ 47, 90, 7, 24]],

[ 7, 5, 0,[ 21, 3, 20]],

[ 43, 5, 0,[ 99, 61, 52]],

[ 72, 25, 1,[ 8, 30, 47, 97, 9, 35]],

[ 85, 55, 1,[ 17, 50, 9]],

[ 94, 5, 1,[ 6, 46, 44, 38]],

[ 87, 5, 1,[ 80, 60, 91]],

[ 19, 85, 1,[ 69, 96, 77, 23]],

[ 3, 5, 0,[ 63, 57, 7, 39]],

[ 53, 25, 1,[ 75, 32, 46]],

[ 35, 5, 0,[ 80, 88, 72]],

[ 98, 5, 0,[ 0, 83, 36]],

[ 67, 5, 0,[ 4, 10, 42, 17]],

[ 66, 5, 0,[ 4, 96, 55]],

[ 30, 25, 1,[ 89, 15, 83, 72]],

[ 13, 25, 0,[ 25, 32, 49, 2, 8]],

[ 55, 5, 0,[ 66, 0, 60]],

[ 0, 5, 0,[ 98, 1, 55]],

[ 74, 85, 1,[ 71, 81, 97]],

[ 77, 5, 0,[ 31, 19]],

[ 4, 55, 0,[ 60, 1, 45]],

[ 59, 55, 1,[ 76, 29, 40, 8, 62, 31, 2]],

[ 58, 55, 0,[ 1, 41, 22]],

[ 51, 35, 1,[ 49, 94, 83, 95]],

[ 78, 55, 0,[ 37, 2, 69, 82]],

[ 1, 55, 0,[ 4, 48, 58, 61]],

[ 72, 5, 1,[ 84, 88, 15]],

[ 95, 35, 1,[ 24, 47, 51, 9, 66]],

[ 12, 95, 0,[ 50, 97, 87]],

[ 87, 15, 1,[ 23, 71, 12, 17, 93, 81]],

[ 33, 15, 1,[ 53, 35, 38, 73, 88]],

[ 61, 35, 0,[ 70, 1, 90]],

[ 45, 55, 1,[ 29, 4, 19]],

[ 86, 25, 1,[ 34, 31, 42, 77]],

[ 14, 55, 1,[ 27, 89, 68]],

[ 30, 15, 1,[ 52, 9, 26]],

[ 41, 55, 1,[ 11, 67, 58, 49, 56]],

[ 57, 95, 1,[ 40, 91, 13, 50]],

[ 10, 55, 1,[ 74, 7, 89]],

[ 56, 85, 1,[ 26, 85, 41]],

[ 5, 45, 0,[ 63, 25, 67]],

[ 71, 15, 1,[ 48, 20, 87]],

[ 19, 45, 1,[ 45, 21, 37]],

[ 43, 35, 0,[ 81, 69, 54]],

[ 38, 95, 1,[ 65, 99, 50, 96, 33]],

[ 39, 35, 1,[ 52, 28, 77]],

[ 88, 85, 1,[ 13, 33, 55, 73, 67, 3, 81, 72, 60]],

[ 16, 55, 1,[ 68, 13, 17]],

[ 23, 65, 1,[ 96, 81, 87]],

[ 49, 55, 0,[ 51, 41]],

[ 84, 95, 0,[ 65, 18, 72, 62]],

[ 32, 35, 1,[ 79, 93, 70]],

[ 97, 95, 0,[ 81, 40, 12]],

[ 40, 95, 0,[ 97, 57, 59, 11]],

[ 46, 55, 1,[ 24, 62, 35, 42]],

[ 54, 35, 0,[ 74, 43, 75]],

[ 29, 55, 0,[ 45, 59, 34]],

[ 53, 5, 1,[ 33, 63, 90]],

[ 0, 85, 0,[ 36, 90, 31]],

[ 96, 55, 0,[ 38, 8, 23]],

[ 52, 15, 0,[ 39, 30, 79]],

[ 74, 35, 1,[ 54, 10, 80]],

[ 6, 35, 0,[ 18, 20, 69]],

[ 98, 85, 0,[ 66, 15, 93, 31]],

[ 75, 95, 1,[ 18, 68, 83, 54]],

[ 73, 85, 1,[ 88, 18, 33]],

[ 44, 85, 0,[ 31, 70, 37]],

[ 82, 15, 1,[ 21, 89, 78]],

[ 55, 35, 0,[ 27, 88, 90]],

[ 36, 75, 1,[ 11, 0]],

[ 85, 55, 1,[ 56, 25, 79, 7]],

[ 94, 55, 0,[ 51, 17, 76, 28]],

[ 2, 55, 0,[ 20, 69, 59, 78]],

[ 26, 15, 0,[ 56, 83, 30]],

[ 64, 55, 0,[ 21, 22, 11]],

[ 99, 85, 0,[ 38, 69, 31]],

[ 24, 55, 1,[ 48, 46, 95]],

[ 92, 45, 0,[ 22, 67, 91]],

[ 62, 55, 0,[ 59, 84, 46]],

[ 28, 55, 0,[ 94, 22, 39]],

[ 83, 25, 1,[ 51, 26, 75]],

[ 11, 95, 0,[ 36, 40, 64, 41]],

[ 22, 55, 1,[ 28, 92, 58, 64]],

[ 34, 85, 0,[ 29, 31, 86]],

[ 81, 35, 0,[ 23, 87, 97, 43, 88]],

[ 50, 95, 0,[ 57, 12, 38]],

[ 89, 55, 0,[ 8, 10, 82, 14]],

[ 17, 55, 0,[ 91, 94, 16, 87]],

[ 8, 55, 0,[ 63, 89, 96, 59]],

[ 7, 55, 0,[ 85, 10, 3]],

[ 27, 5, 1,[ 55, 90, 14]],

[ 9, 15, 0,[ 30, 95, 60]],

[ 69, 75, 1,[ 99, 78, 47, 43, 2, 6]],

[ 21, 55, 1,[ 64, 63, 82, 37, 19]],

[ 68, 55, 0,[ 16, 48, 14, 75]],

[ 20, 55, 0,[ 71, 6, 2, 3]],

[ 80, 95, 0,[ 70, 13, 74]],

[ 60, 85, 1,[ 88, 9, 4, 25]],

[ 48, 55, 1,[ 68, 35, 24, 71, 1]],

[ 93, 95, 0,[ 13, 87, 32, 98]],

[ 66, 35, 0,[ 98, 95, 18]],

[ 47, 55, 0,[ 95, 69, 25]],

[ 79, 85, 0,[ 32, 85, 52]],

[ 90, 35, 1,[ 27, 61, 55, 0, 53]],

[ 25, 55, 1,[ 60, 47, 85, 5]],

[ 42, 5, 1,[ 86, 46]],

[ 13, 25, 1,[ 80, 93, 88, 57, 16]],

[ 15, 65, 0,[ 72, 98, 70]],

[ 70, 35, 1,[ 32, 80, 61, 15, 44]],

[ 65, 95, 0,[ 84, 38, 18]],

[ 37, 55, 1,[ 44, 78, 21, 19]],

[ 67, 65, 1,[ 92, 5, 41, 88]],

[ 76, 55, 0,[ 3, 59, 94]],

[ 3, 55, 1,[ 76, 20, 7, 88]],

[ 91, 65, 1,[ 92, 17, 57]],

[ 77, 35, 0,[ 86, 18, 39]],

[ 18, 95, 1,[ 75, 65, 66, 73, 6, 77, 84]],

[ 35, 55, 0,[ 33, 46, 48]],

[ 63, 5, 1,[ 21, 5, 53, 8]],

[ 31, 85, 1,[ 59, 99, 44, 98, 86, 34, 0]],

