[ 62, 85, 0,[ 91, 52, 54, 67]],

[ 28, 25, 0,[ 22]],

[ 89, 85, 0,[ 22, 45, 17, 90]],

[ 43, 85, 0,[ 98, 39, 88, 69, 70, 15, 18]],

[ 10, 85, 1,[ 51, 77, 84, 7]],

[ 23, 35, 0,[ 72, 16, 98]],

[ 64, 85, 0,[ 2, 24, 91]],

[ 63, 85, 0,[ 91, 7, 34, 94]],

[ 86, 95, 1,[ 69, 56, 40, 37, 5, 74, 58]],

[ 8, 85, 0,[ 32, 45, 39, 34]],

[ 59, 85, 0,[ 48]],

[ 68, 85, 0,[ 91, 92, 78, 25]],

[ 97, 85, 0,[ 67, 41, 32]],

[ 12, 5, 0,[ 42, 31, 60]],

[ 67, 85, 0,[ 40, 62, 97]],

[ 54, 85, 0,[ 62, 2, 61]],

[ 60, 5, 0,[ 91, 12]],

[ 14, 35, 0,[ 46, 95, 19]],

[ 80, 25, 0,[ 24, 22]],

[ 17, 85, 0,[ 89, 79, 46]],

[ 30, 35, 0,[ 57, 16]],

[ 27, 95, 0,[ 19, 39, 13, 57]],

[ 74, 95, 0,[ 86, 82, 91, 96]],

[ 49, 25, 0,[ 91, 0, 22]],

[ 45, 85, 0,[ 77, 89, 8]],

[ 84, 85, 0,[ 29, 87, 11, 10]],

[ 20, 85, 0,[ 91, 53, 21]],

[ 1, 95, 0,[ 39]],

[ 72, 85, 0,[ 55, 24, 23]],

[ 88, 85, 0,[ 79, 43]],

[ 18, 85, 0,[ 39, 43]],

[ 15, 85, 0,[ 6, 39, 33, 43]],

[ 95, 35, 0,[ 22, 16, 14]],

[ 42, 5, 0,[ 19, 96, 39, 12]],

[ 38, 85, 0,[ 47, 99]],

[ 93, 85, 0,[ 69, 87, 26]],

[ 48, 85, 1,[ 21, 13, 83, 66, 56, 47, 59, 94]],

[ 82, 95, 0,[ 91, 71, 74]],

[ 33, 85, 0,[ 16, 15, 0]],

[ 25, 85, 0,[ 58, 68]],

[ 0, 85, 0,[ 49, 33, 73]],

[ 44, 25, 0,[]],

[ 55, 85, 0,[ 53, 72]],

[ 85, 85, 0,[ 29, 22, 7, 21]],

[ 91, 5, 1,[ 50, 82, 83, 47, 68, 20, 49, 9, 70, 58, 60, 74, 52, 62, 64, 63]],

[ 16, 35, 1,[ 33, 95, 23, 98, 30]],

[ 39, 95, 1,[ 15, 1, 18, 11, 6, 78, 42, 27, 90, 43, 8]],

[ 37, 85, 0,[ 22, 86, 41]],

[ 90, 85, 0,[ 47, 89, 39]],

[ 40, 95, 0,[ 86, 58, 67]],

[ 56, 95, 0,[ 71, 48, 86]],

[ 94, 85, 0,[ 2, 63, 48, 3]],

[ 31, 85, 0,[ 57, 12, 50]],

[ 69, 85, 0,[ 43, 86, 93]],

[ 9, 5, 0,[ 91, 5, 65]],

[ 57, 55, 1,[ 31, 26, 29, 27, 3, 30]],

[ 2, 85, 0,[ 94, 54, 64]],

[ 19, 35, 1,[ 22, 27, 99, 14, 42]],

[ 22, 25, 1,[ 46, 85, 49, 36, 37, 3, 95, 19, 28, 89, 80, 4, 66, 92]],

[ 98, 55, 1,[ 36, 43, 81, 23, 16]],

[ 7, 85, 0,[ 10, 85, 63]],

[ 50, 85, 0,[ 31, 91, 29]],

[ 34, 85, 0,[ 8, 63, 73]],

[ 11, 95, 0,[ 84, 39]],

[ 79, 85, 0,[ 88, 61, 17]],

[ 5, 85, 0,[ 86, 13, 66, 32, 9]],

[ 32, 85, 0,[ 5, 8, 97]],

[ 6, 85, 0,[ 15, 29, 39]],

[ 41, 85, 0,[ 76, 37, 97]],

[ 21, 85, 0,[ 85, 48, 20]],

[ 66, 85, 0,[ 22, 5, 48]],

[ 92, 85, 0,[ 68, 96, 22]],

[ 65, 5, 0,[ 4, 9]],

[ 58, 95, 0,[ 25, 40, 91, 86]],

[ 78, 85, 0,[ 68, 39, 77]],

[ 46, 35, 0,[ 14, 22, 17]],

[ 81, 55, 0,[ 75, 98]],

[ 99, 85, 0,[ 38, 19, 83]],

[ 52, 85, 0,[ 91, 24, 62]],

[ 35, 95, 0,[]],

[ 71, 95, 0,[ 56, 36, 82]],

[ 47, 85, 0,[ 48, 38, 75, 90, 91]],

[ 24, 85, 0,[ 80, 73, 52, 72, 64]],

[ 87, 85, 0,[ 84, 61, 93]],

[ 70, 5, 0,[ 91, 4, 43]],

[ 13, 85, 0,[ 5, 27, 48]],

[ 77, 85, 0,[ 45, 78, 10]],

[ 29, 85, 0,[ 84, 85, 50, 57, 6]],

[ 4, 5, 0,[ 70, 51, 22, 65]],

[ 26, 85, 0,[ 57, 93]],

[ 75, 85, 0,[ 53, 47, 81]],

[ 53, 85, 0,[ 55, 20, 75]],

[ 73, 85, 0,[ 24, 34, 0]],

[ 3, 55, 0,[ 57, 22, 94]],

[ 76, 85, 0,[ 41]],

[ 96, 85, 0,[ 74, 92, 42]],

[ 61, 85, 0,[ 54, 87, 79]],

[ 51, 85, 0,[ 4, 10]],

[ 36, 95, 0,[ 22, 71, 98]],

[ 83, 85, 0,[ 91, 99, 48]],

