[ 88, 65, 0,[ 21, 45, 2]],

[ 33, 65, 0,[ 23, 3, 27]],

[ 57, 65, 0,[ 89, 25, 74, 68, 21]],

[ 29, 65, 0,[ 76, 17, 6, 74, 86]],

[ 53, 65, 0,[ 63, 48, 96]],

[ 79, 65, 1,[ 11, 42, 37, 49, 71, 28, 26, 55, 2, 31]],

[ 19, 65, 0,[ 80, 8, 48]],

[ 7, 65, 0,[ 38, 89, 86]],

[ 60, 65, 0,[ 30, 93, 22, 64, 99]],

[ 21, 65, 0,[ 57, 86, 80, 88, 46]],

[ 65, 65, 0,[ 58, 0, 75]],

[ 95, 65, 0,[ 26, 85, 1]],

[ 63, 65, 0,[ 39, 1, 54, 53, 50]],

[ 76, 65, 0,[ 81, 29, 16]],

[ 45, 65, 0,[ 88, 41, 69]],

[ 27, 65, 0,[ 30, 90, 33, 82, 75]],

[ 28, 65, 0,[ 84, 11, 79]],

[ 56, 65, 0,[ 23, 83, 54, 2]],

[ 0, 65, 1,[ 18, 86, 66, 44, 52, 94, 3, 35, 10, 65]],

[ 23, 65, 0,[ 89, 56, 33, 12, 92, 4]],

[ 66, 65, 0,[ 49, 0, 55, 90, 68]],

[ 61, 65, 0,[ 6, 87, 26]],

[ 32, 65, 0,[ 64, 75, 69]],

[ 42, 65, 0,[ 79, 54, 91]],

[ 46, 65, 0,[ 96, 97, 21]],

[ 91, 65, 0,[ 43, 42]],

[ 51, 65, 0,[ 41, 40, 71]],

[ 5, 65, 0,[ 59, 41, 94]],

[ 68, 65, 0,[ 57, 66, 1]],

[ 87, 65, 0,[ 40, 61, 93, 67]],

[ 30, 65, 0,[ 27, 60, 89]],

[ 69, 65, 0,[ 44, 32, 45]],

[ 48, 65, 0,[ 16, 44, 19, 53, 24, 73]],

[ 31, 65, 0,[ 15, 79, 44]],

[ 1, 65, 0,[ 63, 58, 68, 95]],

[ 34, 65, 0,[ 11, 85, 96, 92]],

[ 67, 65, 0,[ 35, 72, 87, 18, 8, 97]],

[ 97, 65, 0,[ 58, 46, 67]],

[ 37, 65, 0,[ 6, 79, 11]],

[ 38, 65, 0,[ 7, 13, 62]],

[ 12, 65, 0,[ 84, 23, 6]],

[ 55, 65, 0,[ 66, 79, 41]],

[ 18, 65, 0,[ 70, 67, 0, 6]],

[ 86, 65, 0,[ 29, 7, 21, 0]],

[ 39, 65, 0,[ 11, 26, 63]],

[ 10, 65, 0,[ 0]],

[ 81, 5, 1,[ 26, 76, 90, 20, 13, 25]],

[ 52, 65, 0,[ 93, 77, 0, 6]],

[ 49, 65, 0,[ 83, 14, 79, 66]],

[ 89, 65, 1,[ 30, 20, 57, 23, 2, 7, 35]],

[ 70, 65, 0,[ 98, 18, 24]],

[ 83, 65, 0,[ 49, 56, 43]],

[ 85, 65, 0,[ 95, 4, 34]],

[ 36, 65, 0,[ 9, 77, 20]],

[ 93, 65, 0,[ 75, 87, 60, 71, 52]],

[ 6, 65, 1,[ 96, 14, 44, 61, 18, 12, 29, 78, 37, 52]],

[ 98, 65, 0,[ 43, 4, 70]],

[ 47, 65, 0,[ 94, 78, 22]],

[ 16, 65, 0,[ 76, 3, 73, 48]],

[ 71, 65, 0,[ 51, 79, 22, 93]],

[ 75, 65, 0,[ 93, 59, 22, 65, 32, 27]],

[ 80, 65, 0,[ 21, 4, 19, 50]],

[ 11, 45, 1,[ 40, 26, 39, 73, 28, 37, 79, 34, 20]],

[ 50, 65, 0,[ 63, 80, 22, 62]],

[ 54, 65, 0,[ 56, 63, 15, 42, 78]],

[ 35, 65, 0,[ 89, 0, 67]],

[ 94, 65, 0,[ 47, 8, 0, 5]],

[ 62, 65, 0,[ 38, 8, 50]],

[ 59, 65, 0,[ 5, 72, 75]],

[ 14, 65, 0,[ 44, 49, 6]],

[ 77, 65, 0,[ 52, 36, 96]],

[ 73, 65, 0,[ 11, 48, 16, 9]],

[ 84, 65, 0,[ 12, 28, 82]],

[ 20, 65, 0,[ 36, 89, 13, 11, 2, 81]],

[ 78, 65, 0,[ 47, 54, 6]],

[ 90, 65, 0,[ 81, 27, 66]],

[ 43, 65, 0,[ 99, 83, 98, 91]],

[ 82, 65, 0,[ 27, 58, 84]],

[ 17, 65, 0,[ 29, 44, 99]],

[ 96, 25, 1,[ 46, 53, 34, 6, 77]],

[ 15, 65, 0,[ 54, 31]],

[ 58, 65, 0,[ 1, 65, 82, 97]],

[ 72, 65, 0,[ 25, 67, 59]],

[ 22, 65, 0,[ 47, 71, 60, 50, 75]],

[ 4, 65, 0,[ 80, 98, 23, 85]],

[ 8, 65, 0,[ 62, 19, 94, 67]],

[ 64, 65, 0,[ 26, 32, 60]],

[ 40, 65, 0,[ 51, 11, 87]],

[ 92, 65, 0,[ 34, 9, 23]],

[ 41, 65, 0,[ 5, 51, 55, 45]],

[ 99, 65, 0,[ 17, 60, 43]],

[ 3, 65, 0,[ 0, 16, 33]],

[ 9, 65, 0,[ 36, 92, 73]],

[ 24, 65, 0,[ 48, 70]],

[ 26, 65, 1,[ 95, 81, 11, 64, 79, 61, 39]],

[ 13, 65, 0,[ 38, 81, 20, 44]],

[ 25, 65, 0,[ 81, 57, 72]],

[ 74, 65, 0,[ 57, 2, 29]],

[ 2, 45, 1,[ 20, 89, 56, 74, 79, 88]],

[ 44, 45, 1,[ 69, 0, 6, 14, 31, 48, 13, 17]],

[ 41, 45, 0,[ 1, 84, 9]],

[ 97, 45, 0,[ 77, 12, 58]],

[ 21, 45, 0,[ 52, 96, 39]],

[ 16, 45, 0,[ 22, 28, 57]],

[ 13, 45, 0,[ 45, 5, 55, 67, 77]],

[ 40, 45, 0,[ 2, 65, 90]],

[ 52, 45, 0,[ 21, 2, 58, 90]],

[ 48, 45, 0,[ 50, 91, 69, 54]],

[ 37, 45, 0,[ 26, 7, 24]],

[ 62, 45, 0,[ 69, 12, 66]],

[ 35, 45, 0,[ 0, 66, 71]],

[ 81, 45, 1,[ 25, 14, 2, 49, 47, 96, 26]],

[ 34, 45, 0,[ 42, 38, 27, 20, 57, 10]],

[ 87, 45, 0,[ 2, 98, 20]],

[ 39, 45, 0,[ 21, 57, 12, 68, 58]],

[ 70, 45, 0,[ 64, 15, 63, 86, 98]],

[ 96, 25, 1,[ 84, 93, 68, 21, 81, 19, 92]],

[ 92, 45, 0,[ 64, 32, 96]],

[ 43, 45, 0,[ 93, 67, 90, 65]],

[ 88, 45, 0,[ 7, 33, 5, 85]],

[ 23, 45, 0,[ 5, 94]],

[ 74, 45, 0,[ 8, 22]],

[ 25, 45, 0,[ 81, 71, 55]],

[ 66, 45, 0,[ 75, 62, 35]],

[ 28, 45, 0,[ 46, 16, 27]],

[ 46, 45, 0,[ 26, 28, 8]],

[ 82, 45, 0,[ 17, 80]],

[ 69, 45, 0,[ 48, 26, 62]],

[ 75, 45, 0,[ 7, 79, 66]],

[ 84, 45, 0,[ 41, 96, 67, 26]],

[ 20, 45, 0,[ 95, 87, 34]],

[ 36, 45, 0,[ 4, 26, 90]],

[ 31, 45, 0,[ 24, 8, 7]],

[ 61, 45, 0,[ 64, 94, 56]],

[ 42, 45, 0,[ 4, 59, 34]],

[ 67, 45, 0,[ 43, 13, 84, 89, 59, 18]],

[ 29, 45, 0,[ 56, 22, 8, 95]],

[ 12, 45, 0,[ 62, 1, 97, 83, 77, 14, 39]],

[ 47, 45, 0,[ 53, 24, 30, 6, 18, 81]],

[ 8, 15, 1,[ 31, 53, 99, 4, 74, 46, 29, 78, 76]],

[ 94, 45, 0,[ 23, 44, 27, 61, 38, 91]],

[ 93, 45, 0,[ 43, 72, 96, 56]],

[ 72, 45, 0,[ 93, 2, 58]],

[ 58, 75, 1,[ 97, 72, 10, 85, 91, 39, 59, 52, 0]],

[ 55, 45, 0,[ 13, 11, 25]],

[ 2, 95, 1,[ 81, 0, 40, 72, 71, 1, 87, 22, 4, 52]],

[ 50, 45, 0,[ 48, 53, 44]],

[ 7, 95, 1,[ 37, 51, 32, 75, 79, 88, 31]],

[ 24, 45, 0,[ 37, 45, 31, 47]],

[ 26, 35, 1,[ 36, 17, 85, 49, 46, 69, 84, 37, 81, 64, 78]],

[ 44, 45, 0,[ 57, 94, 50]],

[ 85, 45, 0,[ 58, 26, 88]],

[ 51, 45, 0,[ 7, 15, 63]],

[ 73, 45, 0,[ 56, 5, 89]],

[ 63, 45, 0,[ 76, 51, 70]],

[ 76, 45, 0,[ 90, 63, 8]],

[ 98, 45, 0,[ 83, 87, 70]],

[ 77, 45, 0,[ 97, 13, 56, 12]],

[ 33, 45, 0,[ 83, 86, 88]],

[ 11, 55, 1,[ 54, 4, 55, 19, 83]],

[ 0, 25, 1,[ 68, 53, 35, 2, 58, 32]],

[ 95, 45, 0,[ 20, 29]],

[ 6, 45, 0,[ 91, 47]],

[ 14, 45, 0,[ 81, 54, 12]],

[ 57, 45, 0,[ 34, 44, 16, 54, 39]],

[ 22, 45, 0,[ 2, 29, 3, 16, 74]],

[ 68, 45, 0,[ 96, 39, 0]],

[ 59, 45, 0,[ 58, 42, 67]],

[ 64, 45, 0,[ 92, 61, 70, 26]],

[ 78, 45, 0,[ 60, 8, 26]],

[ 17, 45, 0,[ 26, 99, 82]],

[ 19, 45, 0,[ 96, 11, 3]],

[ 9, 45, 0,[ 27, 30, 45, 41]],

[ 79, 45, 0,[ 75, 83, 7]],

[ 38, 45, 0,[ 94, 10, 34]],

[ 3, 45, 0,[ 22, 19]],

[ 30, 45, 0,[ 9, 47, 99]],

[ 86, 45, 0,[ 45, 33, 70, 99]],

[ 32, 45, 0,[ 0, 92, 7]],

[ 56, 45, 0,[ 61, 73, 77, 29, 93]],

[ 99, 45, 0,[ 1, 8, 65, 30, 86, 17]],

[ 27, 45, 0,[ 28, 34, 83, 94, 90, 9]],

[ 10, 45, 0,[ 38, 34, 58, 80]],

[ 80, 45, 0,[ 82, 10, 60]],

[ 15, 45, 0,[ 51, 70, 83]],

[ 90, 45, 0,[ 36, 40, 76, 52, 43, 27]],

[ 4, 55, 1,[ 2, 8, 36, 11, 42, 60, 89]],

[ 91, 45, 0,[ 94, 48, 58, 6]],

[ 65, 45, 0,[ 43, 99, 40]],

[ 18, 45, 0,[ 47, 67]],

[ 1, 45, 0,[ 2, 99, 41, 12]],

[ 83, 45, 0,[ 33, 12, 11, 98, 15, 79, 27]],

[ 49, 45, 0,[ 26, 81]],

[ 71, 45, 0,[ 2, 25, 35]],

[ 45, 45, 0,[ 9, 24, 86, 13]],

[ 53, 45, 0,[ 50, 0, 8, 47]],

[ 60, 45, 0,[ 80, 78, 4]],

[ 54, 45, 0,[ 14, 48, 57, 11]],

[ 5, 45, 0,[ 13, 88, 23, 73]],

[ 89, 45, 0,[ 67, 4, 73]],

