[ 22, 95, 1,[ 85, 38, 75]],

[ 75, 25, 1,[ 22, 69, 52, 12]],

[ 97, 85, 0,[ 20, 17, 82]],

[ 99, 5, 0,[ 49, 27, 83]],

[ 72, 75, 1,[ 55, 10, 43, 68]],

[ 29, 55, 0,[ 87, 58, 51, 90]],

[ 14, 55, 1,[ 42, 27, 98, 82]],

[ 82, 85, 1,[ 14, 37, 27, 97, 83]],

[ 68, 65, 0,[ 34, 72, 16]],

[ 43, 15, 0,[ 72, 37, 91]],

[ 25, 55, 1,[ 41, 4, 39]],

[ 54, 25, 0,[ 8, 12, 50]],

[ 24, 75, 1,[ 70, 90, 56]],

[ 31, 85, 1,[ 52, 61, 36, 96]],

[ 38, 95, 1,[ 18, 57, 88, 22]],

[ 41, 5, 1,[ 86, 25, 32, 12]],

[ 13, 75, 0,[ 17, 74, 37]],

[ 79, 45, 0,[ 67, 73, 10]],

[ 10, 35, 1,[ 79, 98, 53, 72, 73]],

[ 78, 55, 1,[ 96, 59, 55, 57, 30]],

[ 9, 75, 0,[ 80, 96, 16]],

[ 44, 45, 0,[ 11, 73, 4]],

[ 21, 75, 1,[ 67, 95, 19]],

[ 57, 35, 1,[ 78, 94, 73, 38, 0]],

[ 61, 85, 0,[ 31, 67, 5]],

[ 77, 75, 0,[ 81, 5]],

[ 51, 25, 1,[ 29, 42, 84]],

[ 65, 75, 0,[ 2, 89, 71]],

[ 1, 75, 0,[ 2, 45]],

[ 5, 35, 0,[ 61, 33, 77]],

[ 35, 55, 0,[ 86, 59, 69]],

[ 0, 85, 0,[ 93, 57, 7, 76]],

[ 4, 65, 0,[ 25, 89, 81, 95, 44]],

[ 17, 75, 0,[ 11, 97, 13]],

[ 93, 65, 0,[ 28, 0, 39, 64]],

[ 96, 75, 0,[ 78, 9, 31]],

[ 69, 5, 1,[ 75, 73, 35, 40]],

[ 2, 75, 0,[ 1, 65, 40]],

[ 18, 35, 1,[ 84, 49, 38]],

[ 55, 75, 0,[ 46, 72, 78]],

[ 81, 75, 0,[ 77, 4, 66]],

[ 85, 15, 1,[ 94, 87, 22, 20]],

[ 94, 25, 1,[ 85, 57, 32]],

[ 46, 25, 1,[ 98, 55, 15, 19]],

[ 67, 35, 1,[ 21, 61, 48, 79]],

[ 42, 85, 1,[ 64, 14, 51]],

[ 74, 65, 1,[ 40, 13, 63]],

[ 89, 5, 0,[ 34, 65, 7, 4]],

[ 92, 75, 0,[ 66, 26, 84]],

[ 91, 65, 1,[ 43, 83, 48]],

[ 37, 15, 1,[ 43, 56, 13, 82]],

[ 98, 5, 1,[ 46, 48, 14, 10]],

[ 88, 65, 1,[ 38, 30, 86]],

[ 60, 95, 1,[ 8, 47, 23]],

[ 87, 95, 1,[ 29, 23, 3, 85]],

[ 26, 75, 0,[ 92, 70, 66]],

[ 52, 25, 0,[ 31, 6, 75]],

[ 59, 35, 1,[ 78, 19, 35]],

[ 19, 75, 1,[ 59, 33, 21, 46]],

[ 12, 25, 0,[ 75, 41, 54]],

[ 39, 65, 1,[ 73, 27, 93, 83, 25]],

[ 11, 75, 0,[ 44, 49, 17]],

[ 80, 35, 0,[ 33, 9, 23]],

[ 34, 5, 0,[ 53, 89, 68]],

[ 50, 85, 0,[ 32, 54, 53]],

[ 6, 25, 0,[ 3, 52, 71]],

[ 27, 85, 0,[ 39, 82, 14, 99]],

[ 76, 85, 0,[ 63, 0, 95]],

[ 58, 55, 0,[ 86, 90, 29]],

[ 7, 85, 0,[ 89, 0, 3]],

[ 33, 35, 1,[ 5, 80, 19]],

[ 70, 75, 1,[ 26, 24, 23]],

[ 73, 45, 1,[ 39, 40, 10, 57, 69, 79, 44]],

[ 49, 75, 0,[ 99, 11, 18]],

[ 64, 65, 0,[ 93, 42]],

[ 47, 95, 0,[ 28, 60, 32, 16]],

[ 36, 5, 1,[ 53, 23, 31]],

[ 62, 35, 0,[ 48]],

[ 86, 55, 1,[ 58, 88, 35, 41]],

[ 15, 25, 0,[ 30, 20, 46]],

[ 83, 5, 1,[ 39, 45, 82, 99, 91, 56]],

[ 48, 35, 0,[ 62, 67, 98, 91]],

[ 20, 15, 0,[ 97, 85, 15]],

[ 30, 65, 1,[ 88, 15, 78, 71]],

[ 95, 65, 1,[ 63, 45, 21, 76, 4]],

[ 84, 35, 0,[ 92, 18, 51]],

[ 23, 45, 1,[ 80, 36, 60, 87, 70, 3]],

[ 32, 95, 1,[ 94, 50, 41, 47]],

[ 63, 25, 1,[ 74, 95, 76]],

[ 90, 45, 1,[ 58, 29, 24]],

[ 53, 85, 1,[ 34, 50, 28, 56, 10, 36]],

[ 40, 5, 0,[ 74, 2, 73, 69]],

[ 45, 75, 1,[ 83, 95, 1]],

[ 16, 65, 1,[ 9, 47, 68]],

[ 71, 55, 1,[ 30, 6, 65]],

[ 8, 25, 0,[ 60, 54]],

[ 28, 95, 0,[ 47, 93, 53]],

[ 3, 25, 1,[ 87, 7, 23, 6]],

[ 66, 75, 0,[ 92, 81, 26]],

[ 56, 95, 1,[ 83, 24, 53, 37]],

