[ 70, 15, 0,[ 6, 69, 66]],

[ 77, 15, 0,[ 26, 32, 4, 30]],

[ 22, 15, 0,[ 54, 80, 99, 89]],

[ 57, 15, 0,[ 14, 12, 81]],

[ 38, 15, 0,[ 26, 94, 43]],

[ 68, 85, 1,[ 63, 12, 14, 72, 84, 60]],

[ 84, 15, 0,[ 26, 68, 90, 94]],

[ 44, 15, 0,[ 54, 78, 21]],

[ 24, 15, 0,[ 59, 56, 53, 29]],

[ 91, 15, 0,[ 2, 54, 17, 34]],

[ 39, 15, 0,[ 13, 73]],

[ 73, 55, 0,[ 26, 39, 58]],

[ 75, 15, 0,[ 98, 54, 23, 25, 9]],

[ 28, 15, 0,[ 26, 95, 48]],

[ 1, 15, 0,[ 37, 54, 45]],

[ 66, 15, 0,[ 83, 70, 55]],

[ 65, 85, 1,[ 5, 67, 31, 19, 69, 40, 37, 0, 60, 23, 82, 18]],

[ 98, 15, 0,[ 81, 35, 75]],

[ 7, 15, 0,[ 31, 85, 58]],

[ 83, 15, 0,[ 95, 26, 36, 66]],

[ 94, 15, 0,[ 53, 38, 84, 2, 46]],

[ 4, 45, 1,[ 69, 61, 47, 34, 77, 49]],

[ 21, 15, 0,[ 54, 44, 71, 16]],

[ 17, 5, 0,[ 55, 0, 91]],

[ 15, 15, 0,[ 27, 6, 26]],

[ 11, 65, 1,[ 10, 41, 35, 37, 56, 51, 29]],

[ 58, 85, 1,[ 7, 96, 25, 19, 73, 13, 62]],

[ 71, 15, 0,[ 93, 97, 21]],

[ 95, 15, 0,[ 28, 78, 83]],

[ 85, 15, 0,[ 93, 7, 80]],

[ 37, 15, 0,[ 11, 1, 65, 80]],

[ 20, 15, 0,[ 0, 92, 47]],

[ 89, 15, 0,[ 0, 26, 22, 8]],

[ 50, 15, 0,[ 56, 14, 87]],

[ 61, 15, 0,[ 4, 90, 13]],

[ 9, 15, 0,[ 81, 75, 46]],

[ 49, 15, 0,[ 31, 4, 46]],

[ 90, 15, 0,[ 10, 61, 40, 84]],

[ 92, 15, 0,[ 43, 20, 2]],

[ 69, 15, 0,[ 41, 4, 42, 65, 70]],

[ 14, 15, 0,[ 50, 57, 68]],

[ 79, 15, 0,[ 10, 53, 54]],

[ 76, 15, 0,[ 33, 47, 18, 26]],

[ 53, 15, 0,[ 79, 78, 24, 52, 94, 2]],

[ 78, 15, 0,[ 53, 95, 44]],

[ 67, 15, 0,[ 65, 33, 27]],

[ 8, 5, 0,[ 89, 64, 0]],

[ 33, 15, 0,[ 76, 34, 67]],

[ 48, 15, 0,[ 96, 52, 28]],

[ 82, 15, 0,[ 30, 63, 65]],

[ 56, 15, 0,[ 54, 24, 11, 50]],

[ 97, 15, 0,[ 23, 41, 71]],

[ 99, 15, 0,[ 22, 55]],

[ 80, 15, 0,[ 85, 0, 37, 22]],

[ 40, 15, 0,[ 65, 90, 12]],

[ 6, 15, 0,[ 15, 47, 70]],

[ 93, 15, 0,[ 60, 85, 87, 71]],

[ 62, 15, 0,[ 54, 86, 58]],

[ 18, 15, 0,[ 76, 25, 2, 65]],

[ 74, 5, 0,[ 51, 19, 0]],

[ 13, 15, 0,[ 61, 39, 63, 58]],

[ 30, 15, 0,[ 54, 77, 82]],

[ 43, 15, 0,[ 86, 92, 38]],

[ 29, 15, 0,[ 11, 24, 88]],

[ 23, 15, 0,[ 97, 65, 75, 2]],

[ 64, 65, 0,[ 0, 8, 88]],

[ 3, 5, 0,[ 0, 32, 5]],

[ 46, 15, 0,[ 94, 9, 49]],

[ 26, 5, 1,[ 76, 72, 83, 38, 89, 15, 28, 84, 31, 77, 51, 73, 87, 42]],

[ 10, 15, 0,[ 79, 11, 90]],

[ 42, 15, 0,[ 69, 27, 26]],

[ 87, 15, 0,[ 0, 50, 26, 93]],

[ 5, 5, 0,[ 65, 3, 0]],

[ 63, 15, 0,[ 82, 13, 68]],

[ 0, 55, 1,[ 64, 80, 5, 20, 65, 59, 3, 89, 52, 74, 17, 87, 8]],

[ 55, 15, 0,[ 66, 17, 99, 81]],

[ 34, 15, 0,[ 33, 91, 4]],

[ 51, 5, 0,[ 26, 74, 11]],

[ 45, 15, 0,[ 1, 54]],

[ 35, 15, 0,[ 59, 11, 98]],

[ 27, 15, 0,[ 96, 15, 67, 42, 2]],

[ 32, 15, 0,[ 77, 41, 3]],

[ 19, 55, 0,[ 72, 58, 65, 74]],

[ 36, 85, 0,[ 72, 81, 83]],

[ 96, 15, 0,[ 48, 58, 27]],

[ 2, 45, 1,[ 53, 23, 88, 54, 16, 92, 27, 91, 18, 94]],

[ 31, 15, 0,[ 65, 7, 26, 49]],

[ 54, 55, 1,[ 56, 62, 45, 91, 75, 79, 16, 2, 30, 1, 44, 21, 22]],

[ 16, 15, 0,[ 54, 2, 21]],

[ 88, 15, 0,[ 2, 29, 64]],

[ 72, 55, 0,[ 26, 68, 19, 36]],

[ 41, 15, 0,[ 32, 11, 69, 97]],

[ 12, 15, 0,[ 40, 57, 68]],

[ 25, 15, 0,[ 75, 18, 58]],

[ 47, 15, 0,[ 20, 6, 4, 76]],

[ 81, 85, 1,[ 98, 55, 9, 36, 57]],

[ 52, 15, 0,[ 48, 53, 0]],

[ 60, 15, 0,[ 65, 93, 68]],

[ 59, 15, 0,[ 24, 0, 35]],

[ 86, 15, 0,[ 62, 43]],

[ 11, 45, 1,[ 82, 55, 90, 32, 74, 23, 12, 76, 87, 16, 48]],

[ 14, 55, 0,[ 1, 42]],

[ 91, 25, 0,[ 25, 38, 49]],

[ 65, 55, 0,[ 41, 12, 49, 87]],

[ 80, 55, 0,[ 5, 82, 6]],

[ 74, 55, 0,[ 93, 8, 11]],

[ 90, 55, 0,[ 75, 8, 11, 30]],

[ 9, 55, 0,[ 34, 2, 60]],

[ 40, 85, 0,[ 2, 24, 77]],

[ 20, 65, 0,[ 49]],

[ 64, 55, 0,[ 3, 96, 8]],

[ 21, 55, 0,[ 68, 95, 49]],

[ 82, 55, 0,[ 46, 56, 80, 53, 11]],

[ 59, 5, 0,[ 48, 6, 52]],

[ 94, 55, 0,[ 8, 47, 85, 75]],

[ 55, 55, 0,[ 11, 12, 19]],

[ 23, 25, 0,[ 78, 63, 57, 26, 11]],

[ 50, 55, 0,[ 33, 43, 68]],

[ 10, 85, 0,[ 26, 8, 37]],

[ 57, 25, 0,[ 68, 49, 23]],

[ 67, 55, 0,[ 99, 33, 8]],

[ 34, 55, 0,[ 54, 32, 9, 68]],

[ 99, 55, 0,[ 29, 67, 96]],

[ 54, 55, 0,[ 66, 46, 34]],

[ 87, 55, 0,[ 16, 65, 11]],

[ 44, 55, 0,[ 88, 2, 95]],

[ 24, 85, 0,[ 40, 35, 2]],

[ 81, 35, 1,[ 22, 17, 39, 66, 75]],

[ 1, 55, 0,[ 68, 6, 14]],

[ 8, 55, 1,[ 70, 63, 94, 3, 27, 90, 64, 61, 10, 74, 67, 0]],

[ 89, 25, 0,[ 2]],

[ 52, 5, 0,[ 59, 26, 0]],

[ 61, 55, 0,[ 8, 97, 27]],

[ 78, 25, 0,[ 23, 60]],

[ 58, 55, 0,[ 79, 0, 6, 98]],

[ 63, 25, 0,[ 86, 8, 23]],

[ 83, 55, 0,[ 2, 73, 77, 26, 12]],

[ 13, 55, 0,[ 73, 84, 6]],

[ 6, 5, 1,[ 66, 13, 80, 96, 58, 56, 45, 97, 59, 5, 1, 72, 25, 62, 28, 71]],

[ 4, 5, 1,[ 79, 32, 68, 38]],

[ 51, 55, 0,[ 2, 31, 96, 0]],

[ 88, 55, 0,[ 49, 7, 44]],

[ 49, 45, 1,[ 91, 35, 88, 20, 69, 43, 28, 65, 76, 21, 47, 15, 53, 57]],

[ 42, 55, 0,[ 26, 14, 33, 0]],

[ 53, 55, 0,[ 82, 72, 49]],

[ 96, 55, 0,[ 64, 99, 36, 6, 51]],

[ 17, 55, 0,[ 81, 15, 26]],

[ 25, 25, 0,[ 6, 91, 98]],

[ 15, 55, 0,[ 29, 18, 17, 49]],

[ 68, 65, 1,[ 4, 50, 93, 19, 1, 57, 21, 34, 45]],

[ 38, 25, 0,[ 4, 91, 66]],

[ 33, 55, 0,[ 42, 67, 50]],

[ 95, 55, 0,[ 0, 44, 39, 97, 21, 43]],

[ 30, 55, 0,[ 90, 60, 18]],

[ 62, 5, 0,[ 16, 6, 26]],

[ 98, 55, 0,[ 25, 77, 79, 58]],

[ 73, 55, 0,[ 83, 76, 13]],

[ 0, 55, 1,[ 29, 52, 95, 51, 58, 42, 8]],

[ 26, 55, 1,[ 35, 48, 10, 86, 83, 23, 42, 7, 17, 41, 62, 52]],

[ 12, 55, 0,[ 65, 83, 55, 11]],

[ 16, 55, 0,[ 7, 62, 11, 87]],

[ 47, 55, 0,[ 49, 94, 5]],

[ 19, 55, 0,[ 84, 55, 68]],

[ 86, 75, 0,[ 2, 26, 63]],

[ 2, 45, 1,[ 86, 51, 92, 22, 83, 89, 24, 40, 44, 70, 36, 9]],

[ 43, 55, 0,[ 49, 95, 50]],

[ 32, 55, 0,[ 4, 11, 34]],

[ 60, 55, 0,[ 9, 78, 30]],

[ 41, 15, 0,[ 26, 65]],

[ 75, 55, 0,[ 90, 81, 94]],

[ 45, 25, 0,[ 6, 85, 68]],

[ 46, 55, 0,[ 82, 54, 93]],

[ 76, 55, 0,[ 39, 49, 11, 73]],

[ 28, 5, 0,[ 22, 6, 49]],

[ 70, 85, 0,[ 2, 8, 48]],

[ 5, 55, 0,[ 47, 6, 80]],

[ 66, 55, 0,[ 54, 6, 81, 38]],

[ 18, 55, 0,[ 15, 3, 30]],

[ 97, 55, 0,[ 61, 6, 95]],

[ 27, 55, 0,[ 69, 8, 61]],

[ 56, 5, 0,[ 82, 6]],

[ 71, 55, 0,[ 6, 31]],

[ 3, 55, 0,[ 18, 8, 64]],

[ 29, 55, 0,[ 15, 0, 99]],

[ 48, 15, 0,[ 59, 7, 11, 70, 26]],

[ 77, 55, 0,[ 40, 83, 69, 98]],

[ 92, 55, 0,[ 84, 22, 2]],

[ 39, 55, 0,[ 81, 76, 95]],

[ 37, 55, 0,[ 10, 36]],

[ 36, 55, 0,[ 37, 2, 96]],

[ 85, 55, 0,[ 94, 45]],

[ 7, 55, 0,[ 48, 26, 16, 88]],

[ 35, 85, 0,[ 24, 49, 26]],

[ 69, 55, 0,[ 27, 49, 77]],

[ 31, 55, 0,[ 71, 93, 51]],

[ 79, 55, 0,[ 58, 98, 4]],

[ 72, 5, 0,[ 6, 53]],

[ 84, 55, 0,[ 19, 13, 92]],

[ 93, 55, 0,[ 46, 68, 31, 74]],

[ 22, 25, 0,[ 92, 28, 81, 2]],

