[ 58, 5, 0,[ 95, 49, 50]],

[ 56, 75, 1,[ 33, 71, 41, 88]],

[ 55, 85, 0,[ 42, 41, 99]],

[ 85, 55, 1,[ 23, 9, 34, 77, 42, 86]],

[ 70, 95, 1,[ 47, 93, 2, 66]],

[ 65, 5, 0,[ 22, 6, 80, 4]],

[ 86, 35, 1,[ 85, 43, 30]],

[ 51, 25, 1,[ 94, 83, 27, 57, 4]],

[ 3, 35, 0,[ 73, 54, 46]],

[ 68, 25, 0,[ 13, 23, 37]],

[ 82, 95, 1,[ 11, 45, 21, 10, 69]],

[ 35, 75, 0,[ 83, 77, 89, 60]],

[ 27, 45, 0,[ 51, 38, 98, 91]],

[ 98, 15, 1,[ 63, 94, 27]],

[ 93, 65, 1,[ 53, 70, 1, 44]],

[ 19, 15, 1,[ 59, 87, 69]],

[ 47, 45, 1,[ 30, 70, 16]],

[ 26, 45, 0,[ 92, 64, 45]],

[ 14, 75, 1,[ 37, 87, 71, 6, 91]],

[ 22, 85, 1,[ 89, 88, 65]],

[ 45, 5, 1,[ 26, 80, 21, 82]],

[ 84, 45, 0,[ 92, 61, 88]],

[ 50, 75, 0,[ 58, 30, 63]],

[ 30, 15, 1,[ 86, 47, 18, 23, 50]],

[ 20, 55, 0,[ 99, 90]],

[ 96, 85, 0,[ 74, 57, 23]],

[ 41, 35, 1,[ 94, 56, 55, 76, 31]],

[ 10, 5, 1,[ 82, 53, 42]],

[ 74, 85, 0,[ 96]],

[ 48, 75, 1,[ 78, 75, 31, 72, 16]],

[ 54, 35, 0,[ 3, 72, 52]],

[ 44, 75, 0,[ 0, 17, 93]],

[ 81, 15, 0,[ 15, 40]],

[ 94, 95, 1,[ 98, 41, 2, 51]],

[ 38, 45, 1,[ 64, 33, 29, 27]],

[ 66, 85, 0,[ 24, 70, 57]],

[ 89, 35, 0,[ 75, 35, 22]],

[ 77, 75, 0,[ 85, 28, 35]],

[ 99, 85, 0,[ 55, 20, 64]],

[ 67, 25, 0,[ 4, 90, 97]],

[ 61, 45, 0,[ 95, 84, 31]],

[ 92, 45, 0,[ 84, 26]],

[ 79, 95, 0,[ 78, 15, 71, 24]],

[ 13, 25, 0,[ 68, 11, 53, 34]],

[ 29, 85, 0,[ 9, 83, 38]],

[ 75, 35, 1,[ 32, 36, 89, 48]],

[ 16, 35, 1,[ 40, 48, 47, 0]],

[ 28, 45, 0,[ 31, 77, 46]],

[ 11, 95, 0,[ 82, 13, 60]],

[ 78, 75, 0,[ 76, 79, 80, 48]],

[ 0, 85, 0,[ 16, 44, 21]],

[ 25, 15, 1,[ 37, 60, 33]],

[ 60, 15, 1,[ 8, 25, 11, 35]],

[ 24, 35, 1,[ 66, 2, 88, 62, 95, 79]],

[ 5, 45, 0,[ 23, 17, 57]],

[ 34, 25, 0,[ 85, 13, 62]],

[ 39, 75, 1,[ 37, 31, 53, 18]],

[ 80, 5, 0,[ 78, 65, 45]],

[ 1, 5, 1,[ 32, 90, 93, 12]],

[ 97, 15, 0,[ 18, 67]],

[ 72, 55, 1,[ 36, 54, 48, 83]],

[ 8, 25, 0,[ 62, 60, 37]],

[ 17, 75, 0,[ 5, 44]],

[ 95, 5, 1,[ 61, 24, 58, 71]],

[ 23, 45, 1,[ 40, 5, 68, 30, 96, 85]],

[ 91, 75, 1,[ 9, 14, 27]],

[ 32, 45, 1,[ 21, 75, 1]],

[ 69, 85, 1,[ 82, 21, 19]],

[ 6, 5, 0,[ 14, 65, 52]],

[ 62, 25, 1,[ 24, 34, 8]],

[ 73, 35, 1,[ 88, 46, 3]],

[ 9, 85, 0,[ 29, 85, 91]],

[ 59, 5, 1,[ 19, 7, 87]],

[ 40, 45, 0,[ 23, 81, 16]],

[ 53, 55, 1,[ 13, 10, 93, 39]],

[ 83, 75, 1,[ 29, 35, 51, 72]],

[ 87, 95, 1,[ 19, 14, 63, 59]],

[ 18, 15, 0,[ 39, 97, 30]],

[ 2, 35, 0,[ 70, 24, 94]],

[ 90, 55, 1,[ 57, 20, 1, 67, 64]],

[ 42, 55, 1,[ 10, 85, 55]],

[ 64, 45, 0,[ 90, 26, 99, 38]],

[ 52, 95, 0,[ 7, 54, 71, 6]],

[ 37, 75, 1,[ 68, 14, 39, 25, 8]],

[ 88, 5, 1,[ 49, 84, 22, 73, 24, 56]],

[ 15, 15, 0,[ 79, 36, 81]],

[ 7, 95, 0,[ 59, 52, 43]],

[ 31, 45, 1,[ 28, 39, 41, 48, 61]],

[ 57, 85, 1,[ 51, 96, 5, 90, 46, 66]],

[ 46, 95, 1,[ 73, 57, 28, 3]],

[ 43, 95, 0,[ 86, 7, 71]],

[ 36, 15, 1,[ 72, 15, 75]],

[ 12, 5, 0,[ 1]],

[ 63, 75, 1,[ 50, 98, 87]],

[ 33, 45, 1,[ 25, 56, 38]],

[ 4, 25, 0,[ 51, 67, 65]],

[ 71, 95, 1,[ 43, 56, 14, 52, 95, 79]],

[ 21, 85, 1,[ 82, 45, 32, 69, 0]],

[ 49, 5, 0,[ 88, 58, 76]],

[ 76, 35, 0,[ 41, 78, 49]],

