[ 53, 45, 0,[ 32, 18, 39]],

[ 24, 45, 0,[ 88, 68, 89, 22]],

[ 84, 45, 0,[ 57, 75, 64, 65]],

[ 92, 45, 0,[ 81, 14, 19]],

[ 96, 45, 0,[ 79, 72, 58, 42]],

[ 45, 45, 0,[ 21, 1, 83]],

[ 20, 45, 0,[ 37, 13, 81]],

[ 8, 45, 1,[ 37, 77, 35, 46, 41, 50]],

[ 2, 45, 1,[ 89, 66, 0, 79]],

[ 48, 45, 0,[ 49, 21, 69]],

[ 4, 45, 0,[ 44, 12, 70]],

[ 77, 45, 0,[ 88, 8, 78]],

[ 65, 45, 0,[ 56, 33, 73, 84, 5, 28]],

[ 98, 45, 0,[ 93, 34, 61]],

[ 72, 45, 0,[ 51, 0, 96]],

[ 32, 45, 0,[ 1, 46, 53]],

[ 19, 45, 0,[ 85, 92, 15, 52]],

[ 31, 45, 0,[ 40]],

[ 78, 45, 0,[ 77, 76, 28, 75]],

[ 67, 45, 0,[ 28, 97, 59, 12]],

[ 26, 45, 1,[ 97, 79, 10, 62, 81, 30]],

[ 34, 45, 0,[ 98, 7, 25]],

[ 60, 45, 0,[ 93, 25, 62]],

[ 63, 45, 0,[ 73, 29, 88, 14, 54]],

[ 89, 45, 1,[ 80, 39, 2, 15, 24, 99, 69, 86]],

[ 90, 45, 0,[ 15, 36, 55]],

[ 25, 45, 0,[ 34, 58, 47, 60]],

[ 38, 45, 0,[ 44, 21, 14]],

[ 12, 45, 0,[ 69, 4, 1, 67]],

[ 35, 45, 0,[ 1, 59, 36, 8]],

[ 11, 45, 1,[ 74, 93, 15, 61, 44]],

[ 80, 45, 0,[ 89, 70, 7]],

[ 13, 45, 0,[ 40, 55, 0, 20]],

[ 97, 45, 0,[ 43, 75, 26, 67]],

[ 44, 75, 1,[ 82, 21, 11, 91, 38, 0, 58, 4, 30]],

[ 30, 45, 0,[ 44, 64, 26]],

[ 81, 15, 1,[ 87, 33, 20, 91, 85, 26, 64, 92]],

[ 69, 45, 0,[ 48, 89, 46, 12]],

[ 3, 45, 0,[ 27, 82, 59, 0, 29]],

[ 16, 45, 0,[ 41, 74, 55, 51]],

[ 86, 45, 0,[ 74, 89, 95]],

[ 21, 45, 0,[ 45, 48, 44, 38]],

[ 39, 45, 0,[ 89, 53, 37]],

[ 85, 45, 0,[ 19, 81, 82, 71]],

[ 54, 45, 0,[ 43, 63, 94, 70, 61]],

[ 56, 45, 0,[ 23, 65, 5]],

[ 59, 45, 0,[ 67, 3, 35]],

[ 57, 45, 0,[ 84, 27, 66]],

[ 70, 45, 0,[ 80, 54, 36, 4]],

[ 47, 45, 0,[ 33, 25, 62]],

[ 22, 45, 0,[ 94, 24, 23]],

[ 17, 45, 0,[ 58, 9, 83]],

[ 29, 45, 0,[ 3, 58, 18, 63]],

[ 93, 45, 0,[ 11, 98, 49, 60]],

[ 7, 45, 0,[ 80, 34, 76]],

[ 71, 45, 0,[ 85, 46, 43]],

[ 55, 45, 0,[ 13, 99, 90, 16]],

[ 50, 45, 0,[ 68, 94, 8]],

[ 88, 45, 0,[ 63, 77, 24, 37]],

[ 61, 45, 0,[ 98, 11, 6, 54, 27]],

[ 1, 45, 0,[ 32, 45, 35, 12, 42]],

[ 94, 45, 0,[ 50, 58, 54, 22]],

[ 15, 45, 0,[ 19, 89, 90, 11]],

[ 27, 45, 0,[ 3, 61, 57]],

[ 42, 45, 0,[ 96, 37, 1, 10]],

[ 33, 45, 0,[ 49, 5, 65, 47, 81]],

[ 18, 45, 0,[ 95, 53, 29]],

[ 36, 45, 0,[ 90, 35, 70]],

[ 58, 45, 1,[ 23, 44, 96, 17, 87, 94, 76, 9, 25, 29]],

[ 91, 45, 0,[ 52, 81, 44]],

[ 37, 45, 0,[ 8, 42, 20, 6, 39, 88]],

[ 74, 45, 0,[ 11, 16, 86]],

[ 52, 45, 0,[ 19, 91, 99]],

[ 28, 45, 0,[ 78, 67, 65]],

[ 23, 45, 0,[ 41, 22, 58, 73, 56]],

[ 49, 45, 0,[ 48, 33, 93]],

[ 95, 45, 0,[ 86, 87, 18]],

[ 73, 45, 0,[ 23, 63, 65]],

[ 5, 45, 0,[ 56, 33, 46, 65]],

[ 0, 45, 1,[ 3, 2, 62, 13, 44, 72]],

[ 79, 45, 0,[ 2, 76, 26, 96]],

[ 9, 25, 1,[ 62, 14, 17, 58, 6]],

[ 41, 45, 0,[ 23, 8, 16]],

[ 82, 45, 0,[ 3, 44, 85]],

[ 87, 45, 0,[ 58, 95, 81]],

[ 75, 45, 0,[ 84, 66, 78, 97]],

[ 76, 45, 0,[ 7, 78, 79, 58]],

[ 46, 45, 0,[ 5, 71, 8, 32, 69]],

[ 68, 45, 0,[ 64, 51, 50, 24]],

[ 66, 45, 0,[ 75, 2, 57]],

[ 10, 45, 0,[ 42, 26]],

[ 64, 45, 0,[ 40, 68, 81, 84, 30]],

[ 43, 45, 0,[ 54, 97, 71]],

[ 99, 45, 0,[ 83, 89, 52, 55]],

[ 83, 45, 0,[ 99, 51, 17, 45]],

[ 6, 45, 0,[ 37, 61, 9]],

[ 14, 45, 0,[ 92, 38, 63, 9]],

[ 51, 45, 0,[ 68, 16, 72, 83]],

[ 62, 45, 0,[ 60, 0, 26, 9, 47]],

[ 40, 45, 0,[ 31, 13, 64]],

[ 88, 25, 0,[ 76, 3, 77]],

[ 75, 25, 0,[ 7, 94]],

[ 99, 25, 0,[ 81, 8, 39, 57]],

[ 13, 25, 0,[ 8, 41, 71]],

[ 23, 25, 0,[ 5, 65, 84]],

[ 53, 25, 0,[ 90, 66, 24, 2]],

[ 90, 25, 0,[ 59, 85, 69, 12, 16, 53]],

[ 14, 25, 0,[ 4, 22, 31]],

[ 24, 25, 0,[ 48, 53, 47]],

[ 11, 25, 1,[ 58, 77, 79, 28, 36]],

[ 40, 25, 0,[ 26, 31, 5]],

[ 61, 25, 0,[ 17, 27, 38, 87, 30]],

[ 21, 25, 0,[ 7, 63, 34]],

[ 46, 25, 0,[ 32]],

[ 71, 25, 0,[ 13, 57, 28, 68]],

[ 10, 25, 0,[ 19, 98, 79]],

[ 66, 25, 0,[ 32, 56, 53]],

[ 42, 25, 0,[ 50, 12, 9, 41, 54]],

[ 77, 25, 0,[ 96, 11, 95, 88]],

[ 22, 25, 0,[ 19, 14, 49, 54, 60]],

[ 62, 25, 0,[ 35]],

[ 58, 35, 1,[ 79, 93, 11, 91, 44, 33]],

[ 20, 25, 0,[ 78, 67, 52]],

[ 79, 25, 1,[ 55, 31, 4, 26, 95, 11, 10, 18, 2, 58]],

[ 34, 25, 0,[ 21, 4, 52, 65]],

[ 15, 25, 0,[ 54, 68]],

[ 67, 25, 0,[ 20, 6, 0, 29, 8]],

[ 41, 25, 0,[ 13, 42, 6, 45]],

[ 12, 25, 0,[ 39, 42, 90]],

[ 52, 25, 0,[ 44, 74, 34, 20]],

[ 98, 25, 0,[ 9, 87, 10]],

[ 9, 25, 0,[ 42, 98, 32]],

[ 92, 25, 0,[ 57, 31, 0, 37, 94]],

[ 68, 15, 1,[ 44, 31, 71, 15]],

[ 93, 25, 0,[ 32, 35, 58, 55]],

[ 72, 25, 0,[ 78, 60, 18]],

[ 96, 25, 0,[ 64, 77, 50]],

[ 17, 25, 0,[ 47, 51, 61]],

[ 49, 25, 0,[ 84, 44, 22]],

[ 97, 25, 0,[ 30, 44, 69]],

[ 89, 25, 0,[ 30]],

[ 4, 25, 0,[ 79, 59, 14, 34, 85]],

[ 18, 25, 0,[ 16, 79, 72]],

[ 95, 25, 0,[ 77, 39, 79]],

[ 39, 25, 0,[ 12, 99, 95]],

[ 28, 25, 0,[ 11, 74, 71, 38]],

[ 38, 25, 0,[ 28, 61, 78]],

[ 76, 25, 0,[ 35, 7, 0, 88]],

[ 85, 25, 0,[ 4, 26, 90, 54, 74]],

[ 5, 25, 0,[ 40, 23, 33]],

[ 86, 25, 0,[ 45, 59, 43]],

[ 55, 25, 0,[ 79, 73, 93, 33]],

[ 54, 85, 1,[ 36, 42, 22, 2, 82, 15, 45, 87, 83, 30, 64, 94, 43, 85]],

[ 45, 25, 0,[ 29, 16, 1, 41, 54, 86]],

[ 48, 25, 0,[ 37, 65, 0, 24, 2]],

[ 84, 25, 0,[ 23, 49, 59, 0]],

[ 57, 25, 0,[ 92, 99, 71]],

[ 91, 25, 0,[ 0, 58, 26]],

[ 27, 25, 0,[ 61, 56]],

[ 60, 25, 0,[ 70, 22, 72]],

[ 0, 55, 1,[ 2, 7, 80, 44, 47, 81, 67, 76, 84, 92, 91, 48]],

[ 47, 25, 0,[ 24, 17, 0]],

[ 1, 25, 0,[ 45, 64, 94]],

[ 30, 25, 0,[ 97, 54, 89, 61]],

[ 64, 25, 0,[ 96, 35, 1, 54]],

[ 73, 25, 0,[ 55, 56, 78]],

[ 32, 25, 0,[ 46, 93, 66, 9]],

[ 26, 25, 1,[ 79, 40, 85, 19, 91, 81]],

[ 43, 25, 0,[ 44, 54, 86]],

[ 83, 25, 0,[ 2, 19, 54]],

[ 3, 25, 0,[ 59, 88]],

[ 59, 25, 0,[ 86, 4, 3, 84, 33, 90]],

[ 50, 25, 0,[ 81, 42, 96]],

[ 33, 25, 0,[ 59, 55, 5, 58]],

[ 35, 25, 0,[ 64, 76, 62, 93]],

[ 94, 25, 0,[ 37, 54, 75, 92, 1]],

[ 44, 25, 1,[ 43, 49, 68, 58, 97, 0, 29, 80, 52, 51]],

[ 37, 25, 0,[ 48, 92, 94]],

[ 2, 35, 1,[ 0, 79, 83, 48, 54, 53, 25]],

[ 81, 25, 1,[ 26, 0, 50, 99]],

[ 63, 25, 0,[ 31, 21, 78]],

[ 78, 25, 0,[ 63, 73, 38, 72, 20]],

[ 69, 25, 0,[ 97, 90]],

[ 82, 25, 0,[ 54, 36]],

[ 6, 25, 0,[ 51, 67, 41]],

[ 8, 25, 0,[ 67, 13, 99]],

[ 80, 25, 0,[ 70, 44, 0]],

[ 16, 25, 0,[ 18, 45, 90]],

[ 87, 25, 0,[ 98, 61, 54]],

[ 7, 25, 0,[ 21, 75, 0, 76]],

[ 56, 25, 0,[ 73, 66, 31, 27]],

[ 29, 25, 0,[ 67, 45, 44]],

[ 19, 25, 0,[ 22, 10, 25, 26, 83]],

[ 74, 25, 0,[ 28, 85, 52, 25]],

[ 65, 25, 0,[ 34, 23, 48]],

[ 70, 25, 0,[ 51, 60, 80]],

[ 25, 25, 0,[ 19, 74, 2]],

[ 31, 25, 0,[ 63, 92, 40, 14, 79, 68, 56]],

[ 36, 25, 0,[ 82, 11, 54]],

[ 51, 25, 0,[ 44, 70, 6, 17]],

