[ 46, 85, 0,[ 57, 74, 58]],

[ 27, 85, 0,[ 55, 49, 16, 95]],

[ 92, 85, 0,[ 43, 52, 25]],

[ 13, 85, 0,[ 45, 71, 38, 41]],

[ 98, 85, 1,[ 57, 38, 24, 18, 99, 96, 54, 29]],

[ 31, 25, 0,[ 84, 36, 53]],

[ 3, 25, 0,[ 14, 45, 94]],

[ 50, 5, 0,[ 15, 55]],

[ 86, 85, 0,[ 85, 0, 19, 66]],

[ 74, 55, 1,[ 95, 46, 29, 24, 99, 30, 68]],

[ 72, 85, 0,[ 11, 12]],

[ 81, 25, 0,[ 30, 93, 36]],

[ 93, 85, 0,[ 10, 94, 81]],

[ 51, 5, 0,[ 18, 20, 15]],

[ 1, 85, 0,[ 43, 6, 69, 76]],

[ 64, 85, 0,[ 26, 95, 40]],

[ 71, 85, 0,[ 25, 13, 91, 70]],

[ 21, 85, 0,[ 18, 56, 34, 32, 9]],

[ 29, 85, 0,[ 98, 74, 61]],

[ 42, 95, 1,[ 82, 88, 58, 35, 60]],

[ 91, 85, 0,[ 53, 70, 71, 65, 52]],

[ 62, 85, 0,[ 60, 18, 75]],

[ 58, 85, 0,[ 46, 2, 42]],

[ 83, 85, 0,[ 97, 19, 37]],

[ 63, 85, 0,[ 52, 17, 5]],

[ 95, 85, 0,[ 74, 64, 27]],

[ 11, 5, 0,[ 48, 60, 90, 72]],

[ 89, 85, 0,[ 7, 19, 82]],

[ 69, 65, 1,[ 61, 14, 1, 0, 39, 49, 25]],

[ 53, 85, 0,[ 31, 91]],

[ 25, 85, 0,[ 71, 69, 92]],

[ 41, 5, 0,[ 48, 22, 13]],

[ 26, 65, 0,[ 15, 90, 22, 64]],

[ 14, 25, 0,[ 3, 36, 69]],

[ 7, 85, 0,[ 24, 87, 89]],

[ 87, 85, 0,[ 7, 16, 40]],

[ 40, 85, 0,[ 64, 61, 59, 87]],

[ 52, 85, 0,[ 68, 92, 91, 63, 10]],

[ 39, 55, 0,[ 47, 69, 80]],

[ 70, 85, 0,[ 91, 71, 22]],

[ 67, 85, 0,[ 49, 80, 57]],

[ 16, 95, 1,[ 87, 30, 75, 43, 33, 22, 27, 32]],

[ 68, 85, 0,[ 52, 74, 15]],

[ 78, 85, 0,[ 84, 32, 4]],

[ 94, 5, 0,[ 93, 3, 48]],

[ 36, 25, 0,[ 34, 17, 81, 14, 31]],

[ 48, 5, 1,[ 8, 94, 15, 20, 4, 41, 47, 88, 57, 43, 11, 35, 23]],

[ 73, 85, 0,[ 99, 77, 79]],

[ 82, 85, 0,[ 33, 66, 42, 89]],

[ 15, 5, 0,[ 50, 26, 48, 51, 68, 28]],

[ 79, 85, 0,[ 55, 73, 37]],

[ 28, 85, 0,[ 76, 15, 96]],

[ 80, 85, 0,[ 39, 10, 67]],

[ 99, 85, 0,[ 22, 74, 98, 73]],

[ 75, 85, 0,[ 62, 38, 77, 16]],

[ 0, 85, 0,[ 86, 10, 69]],

[ 76, 65, 0,[ 22, 28, 1]],

[ 97, 85, 0,[ 22, 6, 37, 44, 83]],

[ 2, 85, 0,[ 58, 5, 33, 10, 44]],

[ 57, 85, 1,[ 98, 46, 67, 48, 65]],

[ 33, 85, 0,[ 82, 2, 16]],

[ 56, 85, 0,[ 10, 21, 35]],

[ 47, 5, 0,[ 39, 48, 59]],

[ 38, 85, 0,[ 13, 75, 98]],

[ 24, 85, 0,[ 7, 74, 98]],

[ 32, 85, 0,[ 21, 78, 16]],

[ 19, 15, 1,[ 83, 86, 89, 17]],

[ 9, 85, 0,[ 23, 65, 21, 49]],

[ 66, 85, 0,[ 86, 54, 82]],

[ 10, 85, 1,[ 59, 93, 80, 52, 56, 54, 0, 2]],

[ 59, 85, 0,[ 47, 10, 40]],

[ 49, 85, 0,[ 67, 27, 9, 69, 88]],

[ 4, 5, 0,[ 48, 78, 96, 85]],

[ 45, 65, 0,[ 3, 22, 8, 13]],

[ 84, 65, 0,[ 22, 31, 78]],

[ 23, 5, 0,[ 48, 90, 9]],

[ 30, 85, 0,[ 16, 74, 81]],

[ 35, 5, 0,[ 48, 42, 6, 56, 22]],

[ 44, 85, 0,[ 97, 2, 12]],

[ 90, 85, 0,[ 26, 11, 23, 96]],

[ 20, 5, 0,[ 48, 51, 34]],

[ 60, 5, 0,[ 62, 11, 42]],

[ 85, 85, 0,[ 61, 86, 4]],

[ 34, 25, 0,[ 36, 20, 21]],

[ 65, 85, 0,[ 57, 91, 9]],

[ 96, 85, 0,[ 4, 28, 90, 98]],

[ 55, 85, 0,[ 50, 79, 27]],

[ 22, 95, 1,[ 76, 16, 99, 70, 45, 26, 77, 35, 5, 97, 41, 84]],

[ 6, 85, 0,[ 35, 1, 97]],

[ 5, 85, 0,[ 63, 22, 43, 2]],

[ 88, 5, 0,[ 48, 42, 49]],

[ 12, 85, 0,[ 44, 8, 72]],

[ 17, 25, 0,[ 19, 63, 36]],

[ 61, 85, 0,[ 69, 85, 29, 40]],

[ 37, 85, 0,[ 79, 83, 97]],

[ 77, 65, 0,[ 75, 22, 73]],

[ 43, 85, 0,[ 5, 92, 48, 16, 1]],

[ 18, 85, 0,[ 62, 21, 98, 51]],

[ 54, 85, 0,[ 66, 10, 98]],

[ 8, 5, 0,[ 12, 48, 45]],

[ 80, 35, 0,[ 74, 28, 84, 99, 61, 65]],

[ 40, 55, 0,[ 16, 67, 42]],

[ 53, 35, 0,[ 16, 48, 70]],

[ 95, 65, 1,[ 44, 78, 52, 11, 71, 20]],

[ 93, 35, 0,[ 16, 39, 20, 90]],

[ 63, 65, 0,[ 6, 90, 79, 34]],

[ 22, 35, 0,[ 72, 39, 14]],

[ 44, 25, 0,[ 95, 50, 37]],

[ 56, 25, 0,[ 2, 60, 70]],

[ 9, 35, 0,[ 74, 17, 3, 90, 48]],

[ 72, 35, 0,[ 75, 22, 32]],

[ 92, 35, 0,[ 74, 83, 38]],

[ 38, 25, 1,[ 33, 17, 24, 92, 45]],

[ 90, 35, 0,[ 93, 9, 63]],

[ 23, 35, 0,[ 98, 19, 62]],

[ 39, 35, 1,[ 75, 33, 62, 1, 4, 93, 55, 22, 77, 31]],

[ 89, 35, 0,[ 1, 20, 74, 13]],

[ 27, 55, 0,[ 30, 94, 8]],

[ 96, 35, 0,[ 19, 31, 12]],

[ 29, 35, 0,[ 35, 19, 68]],

[ 0, 25, 0,[ 85, 10, 58, 60, 12]],

[ 91, 25, 0,[ 32, 1, 60]],

[ 60, 25, 0,[ 91, 56, 83, 0]],

[ 31, 35, 0,[ 5, 39, 96, 36]],

[ 79, 65, 0,[ 84, 36, 63, 15]],

[ 17, 35, 0,[ 38, 9, 66]],

[ 36, 35, 0,[ 47, 74, 69, 79, 31]],

[ 73, 35, 0,[ 88, 98, 15]],

[ 70, 35, 0,[ 68, 53, 83, 56]],

[ 49, 35, 0,[ 5, 75, 24, 4]],

[ 55, 5, 0,[ 59, 69, 97, 39, 98]],

[ 15, 65, 0,[ 18, 73, 79]],

[ 32, 35, 0,[ 72, 13, 74, 54, 91, 64]],

[ 81, 35, 0,[ 86, 19, 10]],

[ 2, 25, 0,[ 16, 56, 77, 11, 21, 74, 37]],

[ 10, 25, 1,[ 13, 85, 81, 0, 26, 58, 64]],

[ 45, 35, 0,[ 38, 82, 35]],

[ 41, 35, 0,[ 25, 51, 3]],

[ 54, 35, 0,[ 32, 61, 62]],

[ 85, 55, 0,[ 10, 30, 0]],

[ 75, 35, 0,[ 72, 49, 39, 68]],

[ 34, 35, 0,[ 52, 14, 63]],

[ 12, 35, 0,[ 98, 96, 0]],

[ 78, 35, 0,[ 95, 46, 68]],

[ 57, 65, 1,[ 67, 7, 21, 88, 11]],

[ 48, 35, 0,[ 53, 9, 82]],

[ 69, 25, 0,[ 77, 36, 55, 71]],

[ 77, 25, 0,[ 69, 39, 2]],

[ 21, 25, 0,[ 7, 2, 57]],

[ 1, 5, 0,[ 91, 89, 39, 43]],

[ 8, 55, 0,[ 71, 27, 16]],

[ 88, 25, 0,[ 57, 73, 50]],

[ 7, 25, 0,[ 26, 21, 57]],

[ 47, 25, 0,[ 50, 36, 97]],

[ 14, 35, 0,[ 86, 22, 34, 25]],

[ 59, 55, 0,[ 98, 55, 16]],

[ 74, 15, 1,[ 94, 89, 86, 32, 92, 52, 2, 36, 66, 9, 51, 80]],

[ 51, 35, 0,[ 4, 74, 33, 19, 41]],

[ 65, 35, 0,[ 97, 99, 80]],

[ 62, 35, 0,[ 66, 19, 39, 23, 54]],

[ 97, 25, 0,[ 55, 65, 47]],

[ 82, 35, 0,[ 45, 76, 48, 86]],

[ 42, 25, 0,[ 37, 35, 40]],

[ 25, 35, 0,[ 41, 52, 14]],

[ 13, 35, 0,[ 10, 89, 98, 32]],

[ 50, 25, 0,[ 47, 88, 44]],

[ 83, 35, 0,[ 70, 52, 60, 5, 92]],

[ 18, 35, 0,[ 15, 86, 24]],

[ 30, 55, 0,[ 16, 27, 85, 4]],

[ 28, 25, 0,[ 80, 6, 58]],

[ 3, 35, 0,[ 46, 41, 9]],

[ 11, 25, 0,[ 57, 2, 95]],

[ 6, 25, 0,[ 63, 68, 28]],

[ 20, 35, 0,[ 46, 37, 89, 95, 93]],

[ 26, 25, 0,[ 58, 7, 10]],

[ 84, 35, 0,[ 80, 79, 24]],

[ 35, 35, 0,[ 29, 86, 45, 42]],

[ 76, 35, 0,[ 82, 64, 43]],

[ 19, 35, 1,[ 29, 96, 81, 23, 51, 62]],

[ 37, 25, 0,[ 2, 42, 20, 44]],

[ 24, 35, 0,[ 49, 18, 84, 38]],

[ 43, 55, 0,[ 1, 16, 76]],

[ 87, 35, 0,[ 94, 67, 86]],

[ 66, 35, 0,[ 17, 74, 62]],

[ 16, 25, 1,[ 93, 68, 30, 43, 2, 8, 53, 40, 59, 61]],

[ 52, 35, 0,[ 34, 25, 83, 74, 95, 61]],

[ 86, 5, 1,[ 35, 87, 14, 99, 74, 82, 81, 18]],

[ 5, 35, 0,[ 31, 83, 49]],

[ 61, 35, 0,[ 52, 80, 16, 54]],

[ 99, 35, 0,[ 65, 86, 80]],

[ 98, 5, 1,[ 71, 59, 12, 13, 23, 73, 55]],

[ 33, 5, 0,[ 39, 38, 51]],

[ 71, 25, 0,[ 69, 95, 98, 8]],

[ 94, 35, 0,[ 74, 27, 87]],

[ 67, 35, 0,[ 4, 40, 87, 57]],

[ 68, 35, 0,[ 75, 29, 78, 70, 6, 16]],

[ 64, 35, 0,[ 32, 76, 10]],

[ 4, 35, 0,[ 67, 30, 49, 51, 39]],

[ 46, 35, 0,[ 3, 20, 78]],

[ 58, 25, 0,[ 0, 28, 26, 10]],

