[ 99, 35, 0,[ 7, 85, 23]],

[ 95, 45, 1,[ 82, 69, 3, 96, 1]],

[ 31, 35, 1,[ 88, 61, 86]],

[ 12, 35, 0,[ 5, 88, 44]],

[ 82, 95, 1,[ 45, 71, 95, 27, 7]],

[ 57, 35, 1,[ 48, 33, 94, 5, 32]],

[ 2, 35, 0,[ 72, 25, 42]],

[ 28, 35, 0,[ 33, 8, 19]],

[ 37, 65, 1,[ 11, 26, 87, 97, 75]],

[ 58, 35, 0,[ 79, 27, 56]],

[ 39, 5, 1,[ 25, 4, 48]],

[ 17, 55, 1,[ 65, 55, 19]],

[ 65, 35, 0,[ 17, 67, 72, 78]],

[ 21, 35, 1,[ 92, 88, 50]],

[ 3, 35, 0,[ 33, 61, 95, 64]],

[ 10, 35, 0,[ 66, 23, 93]],

[ 75, 35, 1,[ 40, 0, 37]],

[ 79, 35, 0,[ 85, 58, 64]],

[ 98, 35, 1,[ 19, 62, 74, 77]],

[ 74, 85, 1,[ 76, 23, 98]],

[ 61, 25, 1,[ 11, 31, 3]],

[ 1, 35, 0,[ 41, 62, 95]],

[ 92, 35, 0,[ 23, 42, 21]],

[ 11, 35, 0,[ 87, 37, 61]],

[ 22, 35, 1,[ 62, 35, 19]],

[ 18, 35, 0,[ 5, 83, 51]],

[ 67, 35, 1,[ 65, 84, 33]],

[ 71, 35, 1,[ 76, 0, 82]],

[ 80, 35, 0,[ 77, 8]],

[ 50, 35, 0,[ 21, 86, 42]],

[ 76, 35, 0,[ 47, 71, 74]],

[ 41, 75, 1,[ 1, 60, 90, 35, 16]],

[ 78, 35, 0,[ 65, 53, 81]],

[ 27, 35, 0,[ 64, 58, 82]],

[ 83, 15, 1,[ 42, 29, 18, 53]],

[ 45, 35, 1,[ 69, 62, 82]],

[ 13, 35, 0,[ 55, 0, 43]],

[ 62, 35, 1,[ 4, 1, 22, 45, 98]],

[ 86, 35, 1,[ 59, 50, 66, 31, 29, 15, 73]],

[ 15, 35, 0,[ 86, 36, 68]],

[ 69, 35, 1,[ 95, 89, 26, 45, 34, 6]],

[ 66, 35, 0,[ 86, 10, 14]],

[ 44, 35, 0,[ 12, 16]],

[ 40, 35, 0,[ 56, 75, 48, 63]],

[ 8, 35, 0,[ 28, 80, 70]],

[ 51, 35, 1,[ 25, 72, 18]],

[ 14, 35, 1,[ 54, 66, 53, 49]],

[ 91, 45, 1,[ 32, 85, 60, 96]],

[ 23, 35, 1,[ 92, 10, 74, 9, 99]],

[ 34, 35, 0,[ 69, 6, 59]],

[ 89, 35, 0,[ 93, 38, 69]],

[ 38, 35, 1,[ 77, 30, 59, 89]],

[ 20, 35, 0,[ 73, 6, 16, 9]],

[ 70, 85, 1,[ 8, 4, 24, 0]],

[ 42, 65, 1,[ 50, 88, 92, 52, 83, 2]],

[ 5, 35, 0,[ 12, 57, 18]],

[ 7, 35, 0,[ 26, 97, 81, 82, 52, 99]],

[ 9, 35, 0,[ 20, 23]],

[ 49, 35, 0,[ 85, 14]],

[ 64, 35, 0,[ 27, 3, 46, 79]],

[ 32, 35, 1,[ 47, 91, 84, 57]],

[ 24, 35, 1,[ 48, 70, 94]],

[ 6, 35, 0,[ 30, 69, 20, 34]],

[ 90, 55, 1,[ 35, 41, 94]],

[ 46, 35, 1,[ 54, 64, 52]],

[ 84, 35, 0,[ 67, 88, 32]],

[ 26, 35, 0,[ 69, 7, 37]],

[ 72, 25, 1,[ 65, 0, 51, 2]],

[ 33, 35, 1,[ 3, 28, 57, 67]],

[ 97, 35, 0,[ 7, 73, 37]],

[ 88, 35, 1,[ 21, 12, 42, 84, 31]],

[ 59, 15, 1,[ 38, 86, 43, 34]],

[ 43, 35, 0,[ 77, 59, 13, 47]],

[ 0, 35, 0,[ 13, 72, 70, 75, 71]],

[ 29, 35, 0,[ 86, 83]],

[ 4, 35, 0,[ 62, 39, 63, 70]],

[ 36, 55, 1,[ 60, 15, 56]],

[ 94, 35, 0,[ 90, 24, 57]],

[ 77, 35, 0,[ 98, 38, 80, 43]],

[ 55, 35, 0,[ 13, 48, 17]],

[ 30, 35, 1,[ 6, 38, 87]],

[ 35, 35, 0,[ 90, 41, 22, 25]],

[ 48, 35, 1,[ 39, 55, 68, 57, 40, 24]],

[ 19, 55, 1,[ 98, 22, 17, 28]],

[ 85, 5, 1,[ 99, 79, 91, 49]],

[ 54, 35, 0,[ 14, 46]],

[ 47, 55, 1,[ 76, 43, 87, 32]],

[ 73, 35, 1,[ 86, 20, 81, 97]],

[ 96, 35, 0,[ 95, 63, 91]],

[ 93, 35, 0,[ 53, 89, 10]],

[ 87, 55, 1,[ 47, 11, 37, 30]],

[ 68, 35, 0,[ 15, 48, 16]],

[ 53, 35, 1,[ 78, 14, 83, 93]],

[ 52, 35, 0,[ 42, 46, 7]],

[ 60, 35, 1,[ 36, 91, 41]],

[ 25, 35, 1,[ 2, 35, 39, 51]],

[ 63, 35, 1,[ 96, 4, 40]],

[ 16, 35, 1,[ 44, 20, 68, 41]],

[ 56, 75, 1,[ 58, 40, 36]],

[ 81, 35, 0,[ 73, 78, 7]],

[ 98, 45, 1,[ 51, 8, 16, 24]],

[ 52, 15, 0,[ 72, 73, 87]],

[ 41, 15, 1,[ 18, 58, 75, 22]],

[ 81, 15, 0,[ 32, 53, 46]],

[ 88, 15, 1,[ 71, 95, 47, 42]],

[ 89, 15, 0,[ 33, 87]],

[ 11, 15, 0,[ 51, 70, 21]],

[ 53, 55, 1,[ 91, 81, 23, 27, 63, 78]],

[ 33, 85, 1,[ 28, 2, 89, 91]],

[ 72, 15, 1,[ 6, 7, 8, 96, 52]],

[ 31, 75, 1,[ 78, 79, 61, 40, 75, 37]],

[ 69, 15, 1,[ 6, 59, 58, 18]],

[ 27, 15, 0,[ 53, 74, 56]],

[ 82, 15, 1,[ 76, 21, 17, 10, 43, 62]],

[ 59, 25, 1,[ 14, 94, 23, 99, 68, 69, 51]],

[ 63, 15, 1,[ 53, 9, 94, 55, 43]],

[ 15, 15, 0,[ 93, 39, 21]],

[ 2, 15, 0,[ 57, 33, 37]],

[ 64, 85, 0,[ 90, 32, 70]],

[ 97, 15, 0,[ 37, 48]],

[ 24, 75, 1,[ 57, 30, 98]],

[ 68, 15, 0,[ 61, 95, 59]],

[ 86, 5, 1,[ 29, 55, 90]],

[ 4, 15, 0,[ 23, 18, 48]],

[ 92, 15, 0,[ 70, 91, 30]],

[ 35, 15, 0,[ 87, 38, 46]],

[ 57, 45, 1,[ 26, 22, 29, 24, 2]],

[ 65, 15, 0,[ 45, 90, 36]],

[ 83, 15, 1,[ 90, 44, 9, 79]],

[ 1, 55, 1,[ 6, 80, 28]],

[ 13, 15, 0,[ 71, 30, 93]],

[ 45, 95, 1,[ 65, 34, 25, 74]],

[ 79, 15, 0,[ 31, 74, 83, 99]],

[ 78, 15, 0,[ 53, 31, 51]],

[ 94, 15, 0,[ 63, 59]],

[ 6, 15, 0,[ 1, 69, 72]],

[ 84, 15, 0,[ 48, 95, 21]],

[ 67, 15, 0,[ 19, 22, 91]],

[ 26, 15, 0,[ 30, 36, 57]],

[ 54, 15, 0,[ 36, 74, 46]],

[ 51, 35, 1,[ 60, 98, 59, 11, 49, 78]],

[ 32, 15, 1,[ 81, 64, 0, 14, 17, 5, 18]],

[ 37, 15, 1,[ 31, 2, 97]],

[ 16, 15, 0,[ 98, 25]],

[ 34, 15, 0,[ 93, 21, 45]],

[ 50, 15, 0,[ 95, 87]],

[ 46, 55, 1,[ 95, 81, 29, 54, 35]],

[ 58, 15, 0,[ 69, 41, 21]],

[ 5, 95, 0,[ 32, 25, 85]],

[ 23, 15, 1,[ 53, 4, 59]],

[ 73, 65, 1,[ 39, 77, 60, 66, 52]],

[ 25, 5, 1,[ 80, 5, 42, 16, 45]],

[ 9, 15, 0,[ 71, 63, 83]],

[ 76, 15, 0,[ 82, 19]],

[ 38, 15, 1,[ 35, 56, 96]],

[ 48, 35, 1,[ 84, 97, 42, 4]],

[ 42, 15, 1,[ 48, 61, 88, 25]],

[ 60, 25, 1,[ 51, 73, 47]],

[ 61, 15, 1,[ 74, 31, 68, 42]],

[ 12, 15, 0,[ 70]],

[ 14, 15, 1,[ 32, 21, 59]],

[ 49, 15, 0,[ 93, 19, 51]],

[ 71, 15, 1,[ 13, 91, 0, 88, 9]],

[ 39, 55, 1,[ 15, 20, 73, 44]],

[ 93, 15, 1,[ 62, 15, 13, 49, 8, 34]],

[ 75, 35, 1,[ 28, 31, 41, 3]],

[ 85, 55, 1,[ 47, 5, 74]],

[ 17, 15, 0,[ 82, 62, 32]],

[ 74, 15, 1,[ 79, 27, 54, 61, 85, 45]],

[ 20, 15, 0,[ 39, 62]],

[ 40, 15, 0,[ 31]],

[ 28, 15, 0,[ 1, 33, 75]],

[ 56, 15, 1,[ 27, 3, 38]],

[ 62, 15, 1,[ 20, 17, 93, 82]],

[ 77, 15, 0,[ 90, 73, 36]],

[ 22, 75, 1,[ 41, 57, 67]],

[ 30, 15, 1,[ 10, 26, 13, 92, 24, 43]],

[ 19, 15, 1,[ 67, 76, 49, 66, 96]],

[ 44, 15, 0,[ 87, 39, 83]],

[ 66, 15, 0,[ 73, 19, 10]],

[ 55, 15, 0,[ 86, 63]],

[ 7, 15, 0,[ 70, 72, 91]],

[ 36, 15, 1,[ 65, 26, 77, 54]],

[ 87, 75, 1,[ 44, 50, 21, 89, 0, 52, 35]],

[ 10, 15, 1,[ 82, 66, 30]],

[ 90, 15, 1,[ 65, 77, 86, 64, 83]],

[ 21, 15, 1,[ 84, 82, 34, 58, 87, 14, 11, 15]],

[ 91, 35, 1,[ 92, 71, 67, 7, 53, 33]],

[ 0, 15, 0,[ 71, 32, 87]],

[ 70, 15, 1,[ 92, 11, 64, 7, 12]],

[ 95, 15, 1,[ 68, 84, 46, 88, 50]],

[ 99, 15, 0,[ 79, 59]],

[ 47, 95, 1,[ 85, 88, 60]],

[ 3, 15, 0,[ 75, 56]],

[ 29, 15, 0,[ 57, 86, 46]],

[ 43, 15, 0,[ 82, 30, 63]],

[ 8, 15, 0,[ 93, 98, 72]],

[ 80, 15, 0,[ 25, 1]],

[ 18, 15, 0,[ 41, 69, 4, 32]],

[ 96, 15, 0,[ 19, 72, 38]],

