[ 0, 45, 1,[ 92, 49, 86]],

[ 73, 45, 0,[ 2, 81]],

[ 39, 45, 0,[ 58, 29]],

[ 45, 45, 0,[ 58, 6]],

[ 92, 75, 0,[ 4, 0, 2]],

[ 94, 45, 0,[ 58, 80]],

[ 32, 75, 0,[ 6, 58]],

[ 59, 45, 0,[ 58, 2]],

[ 87, 95, 0,[ 58, 3, 2]],

[ 82, 95, 0,[ 58, 6]],

[ 14, 75, 0,[ 58, 2, 55]],

[ 48, 45, 0,[ 58, 26]],

[ 25, 95, 0,[ 58]],

[ 10, 75, 0,[ 58, 43, 26]],

[ 90, 45, 0,[ 58, 2]],

[ 60, 95, 0,[]],

[ 53, 45, 0,[ 2, 7]],

[ 78, 95, 0,[ 2, 6]],

[ 7, 75, 1,[ 11, 31, 56, 53, 6, 49]],

[ 64, 95, 0,[ 49, 2]],

[ 40, 45, 0,[ 58, 2]],

[ 96, 45, 0,[ 11, 58]],

[ 23, 95, 0,[ 2, 58]],

[ 86, 95, 0,[ 0, 2, 58]],

[ 68, 95, 0,[ 2]],

[ 72, 95, 0,[ 58, 2]],

[ 28, 95, 0,[ 58, 1, 2]],

[ 65, 45, 0,[ 2, 6, 58]],

[ 99, 45, 0,[ 2, 58]],

[ 50, 75, 0,[ 58, 2, 69]],

[ 93, 45, 0,[ 58]],

[ 1, 95, 0,[ 2, 49, 28]],

[ 11, 95, 1,[ 44, 96, 7, 43, 4, 21]],

[ 55, 95, 0,[ 2, 14, 58]],

[ 38, 95, 0,[ 13, 58, 76, 2]],

[ 63, 95, 0,[ 58, 2]],

[ 52, 95, 0,[ 2, 71, 58]],

[ 30, 45, 0,[ 2, 58]],

[ 2, 65, 1,[ 72, 79, 97, 73, 51, 12, 33, 86, 78, 70, 76, 24, 42, 36, 20, 28, 5, 13, 66, 99, 14, 55, 22, 83, 53, 8, 52, 30, 37, 98, 68, 88, 57, 46, 91, 40, 65, 69, 34, 75, 67, 85, 23, 50, 63, 44, 18, 92, 29, 87, 95, 59, 89, 38, 77, 21, 9, 16, 1, 90, 71, 64]],

[ 51, 95, 0,[ 58, 2]],

[ 49, 45, 1,[ 35, 1, 6, 7, 64, 81, 0]],

[ 83, 95, 0,[ 58, 2, 6]],

[ 12, 95, 0,[ 2, 13]],

[ 37, 95, 0,[ 58, 4, 2]],

[ 8, 45, 0,[ 4, 2]],

[ 84, 45, 0,[ 58]],

[ 77, 95, 0,[ 2]],

[ 20, 45, 0,[ 58, 2]],

[ 95, 95, 0,[ 2, 58, 42]],

[ 89, 95, 0,[ 58, 2]],

[ 70, 95, 0,[ 2, 6, 58]],

[ 88, 45, 0,[ 2, 58]],

[ 31, 95, 0,[ 7, 58]],

[ 67, 45, 0,[ 2]],

[ 76, 45, 0,[ 38, 58, 2]],

[ 58, 35, 1,[ 18, 22, 20, 96, 34, 76, 15, 39, 32, 99, 48, 25, 14, 28, 93, 95, 19, 47, 65, 91, 75, 46, 88, 37, 9, 45, 85, 61, 59, 30, 16, 69, 90, 86, 70, 40, 23, 43, 80, 57, 83, 82, 38, 3, 36, 50, 44, 27, 87, 56, 98, 62, 35, 84, 51, 89, 63, 10, 52, 72, 55, 42, 31, 94]],

[ 54, 45, 0,[ 4]],

[ 33, 95, 0,[ 2, 85]],

[ 98, 95, 0,[ 58, 2]],

[ 9, 95, 0,[ 18, 2, 58]],

[ 75, 75, 0,[ 2, 58, 6]],

[ 36, 95, 0,[ 15, 58, 2]],

[ 13, 95, 0,[ 2, 38, 12]],

[ 79, 95, 0,[ 2]],

[ 47, 45, 0,[ 58]],

[ 57, 45, 0,[ 58, 2]],

[ 17, 45, 0,[ 4]],

[ 61, 95, 0,[ 58]],

[ 97, 45, 0,[ 2]],

[ 42, 45, 0,[ 95, 2, 4, 58]],

[ 91, 75, 0,[ 58, 2]],

[ 22, 95, 0,[ 2, 58, 6]],

[ 41, 45, 0,[ 24]],

[ 26, 95, 1,[ 62, 10, 4, 48]],

[ 74, 45, 0,[]],

[ 29, 45, 0,[ 2, 39]],

[ 66, 45, 0,[ 2]],

[ 21, 45, 0,[ 2, 11]],

[ 35, 95, 0,[ 49, 58]],

[ 43, 45, 0,[ 58, 11, 10]],

[ 44, 45, 0,[ 11, 58, 2]],

[ 16, 45, 0,[ 2, 58]],

[ 81, 95, 1,[ 73, 6, 49]],

[ 85, 95, 0,[ 2, 33, 58]],

[ 5, 95, 0,[ 2]],

[ 6, 45, 1,[ 46, 15, 4, 45, 82, 75, 81, 83, 78, 49, 65, 7, 32, 22, 70]],

[ 62, 45, 0,[ 26, 58]],

[ 34, 45, 0,[ 4, 58, 2]],

[ 18, 45, 0,[ 9, 2, 58]],

[ 15, 75, 0,[ 58, 6, 36]],

[ 69, 45, 0,[ 50, 58, 2]],

[ 4, 75, 1,[ 34, 27, 8, 11, 17, 54, 37, 92, 26, 6, 42]],

[ 19, 95, 0,[ 58]],

[ 71, 45, 0,[ 52, 2]],

[ 24, 95, 0,[ 41, 2]],

[ 80, 45, 0,[ 58, 94]],

[ 56, 45, 0,[ 58, 7]],

[ 27, 95, 0,[ 58, 4]],

[ 46, 75, 0,[ 2, 6, 58]],

[ 3, 95, 0,[ 87, 58]],

