[ 38, 85, 0,[ 28, 5, 66, 7, 42]],

[ 98, 95, 0,[ 65, 83, 19, 70, 27]],

[ 13, 55, 0,[ 7, 58, 83]],

[ 23, 25, 0,[ 10, 64, 55, 84]],

[ 60, 65, 0,[ 44, 86, 55]],

[ 68, 45, 1,[ 9, 14, 76, 85]],

[ 71, 45, 0,[ 36, 41, 49]],

[ 77, 85, 0,[ 74, 91, 69]],

[ 61, 85, 0,[ 54, 69, 42, 2]],

[ 43, 85, 0,[ 52, 67, 39]],

[ 7, 55, 1,[ 13, 22, 88, 38]],

[ 57, 85, 0,[ 84, 21, 39]],

[ 0, 95, 1,[ 45, 22, 40]],

[ 2, 35, 1,[ 56, 61, 50]],

[ 87, 15, 0,[ 70, 59, 97]],

[ 32, 15, 0,[ 33, 26, 56]],

[ 40, 85, 0,[ 0, 46, 52, 9]],

[ 34, 15, 0,[ 69, 14, 4]],

[ 35, 15, 0,[ 19, 91, 95, 21]],

[ 12, 25, 0,[ 65, 90, 6]],

[ 64, 15, 0,[ 44, 23, 29, 59]],

[ 89, 85, 0,[ 15, 19, 49]],

[ 76, 55, 0,[ 68, 62, 91]],

[ 22, 95, 0,[ 0, 70, 7]],

[ 73, 15, 0,[ 49, 33, 56, 59, 36]],

[ 67, 85, 0,[ 15, 43, 93]],

[ 5, 85, 0,[ 38, 18, 11, 82]],

[ 90, 15, 0,[ 84, 12, 74]],

[ 62, 55, 0,[ 25, 11, 76]],

[ 74, 15, 0,[ 90, 4, 99, 77]],

[ 1, 55, 0,[ 51, 17, 45]],

[ 65, 25, 0,[ 12, 37, 98, 54]],

[ 8, 15, 0,[ 92, 30, 33]],

[ 84, 85, 0,[ 23, 90, 57]],

[ 36, 55, 0,[ 21, 71, 73]],

[ 17, 55, 0,[ 47, 1, 4]],

[ 86, 85, 0,[ 48, 50, 60, 75]],

[ 18, 85, 0,[ 14, 9, 5]],

[ 20, 85, 0,[ 41, 46, 58]],

[ 70, 95, 0,[ 95, 98, 82, 22, 88, 87]],

[ 75, 85, 0,[ 86, 93, 41]],

[ 26, 15, 1,[ 32, 30, 54]],

[ 30, 55, 0,[ 8, 93, 26]],

[ 45, 95, 0,[ 1, 3, 0, 27]],

[ 58, 55, 0,[ 20, 13, 93]],

[ 55, 25, 0,[ 92, 23, 60]],

[ 96, 65, 1,[ 44, 80, 81, 3, 11]],

[ 80, 15, 0,[ 19, 63, 96]],

[ 88, 55, 0,[ 7, 47, 70]],

[ 4, 15, 0,[ 34, 17, 74]],

[ 11, 25, 1,[ 96, 62, 5, 31]],

[ 47, 85, 0,[ 44, 88, 63, 17]],

[ 82, 95, 0,[ 70, 48, 5]],

[ 25, 55, 0,[ 51, 59, 62]],

[ 79, 85, 0,[ 39, 81, 37]],

[ 27, 95, 0,[ 28, 98, 45]],

[ 15, 85, 0,[ 89, 31, 67, 48]],

[ 56, 85, 0,[ 2, 73, 32, 41]],

[ 66, 85, 0,[ 39, 38, 72]],

[ 28, 95, 0,[ 27, 38]],

[ 83, 95, 0,[ 94, 13, 24, 98, 37]],

[ 6, 85, 0,[ 39, 85, 12]],

[ 42, 85, 0,[ 38, 52, 61]],

[ 94, 85, 0,[ 83, 21, 63]],

[ 39, 85, 0,[ 66, 79, 57, 6, 43]],

[ 51, 55, 0,[ 59, 25, 1]],

[ 3, 65, 0,[ 96, 16, 45, 29]],

[ 95, 85, 0,[ 70, 69, 35]],

[ 59, 15, 0,[ 87, 25, 14, 51, 73, 64]],

[ 54, 25, 0,[ 65, 61, 26]],

[ 92, 15, 0,[ 55, 19, 8]],

[ 91, 15, 0,[ 35, 76, 77]],

[ 53, 45, 0,[ 16, 97, 49]],

[ 14, 15, 0,[ 59, 50, 68, 34, 18]],

[ 99, 55, 0,[ 74, 78, 50]],

[ 9, 85, 1,[ 18, 68, 40]],

[ 72, 85, 0,[ 24, 29, 66, 81]],

[ 85, 45, 0,[ 68, 10, 6]],

[ 10, 55, 0,[ 78, 23, 85]],

[ 37, 95, 0,[ 65, 79, 83]],

[ 29, 85, 0,[ 3, 72, 64]],

[ 93, 55, 0,[ 58, 97, 67, 78, 75, 30]],

[ 50, 55, 0,[ 14, 99, 2, 86]],

[ 19, 15, 0,[ 80, 98, 35, 92, 89]],

[ 78, 55, 0,[ 10, 16, 99, 93]],

[ 81, 25, 1,[ 72, 79, 96]],

[ 24, 95, 0,[ 72, 46, 83]],

[ 49, 45, 1,[ 89, 53, 73, 71]],

[ 52, 85, 0,[ 42, 40, 43]],

[ 33, 15, 0,[ 32, 8, 73]],

[ 46, 85, 0,[ 24, 40, 20]],

[ 48, 85, 0,[ 15, 86, 82]],

[ 97, 55, 0,[ 93, 31, 53, 87]],

[ 63, 85, 0,[ 80, 47, 94]],

[ 16, 55, 0,[ 53, 3, 78]],

[ 69, 85, 0,[ 95, 61, 77, 34]],

[ 21, 55, 0,[ 36, 94, 57, 35]],

[ 31, 85, 0,[ 11, 15, 97]],

[ 44, 65, 0,[ 64, 60, 47, 96]],

[ 41, 85, 0,[ 71, 56, 20, 75]],

