[ 70, 5, 0,[ 17, 77, 74]],

[ 15, 65, 0,[ 6, 87, 9, 62]],

[ 76, 35, 0,[ 59, 82, 83, 85, 2, 77]],

[ 46, 5, 0,[ 56, 6, 35]],

[ 21, 45, 0,[ 50, 69, 43, 84, 20]],

[ 3, 5, 0,[ 73, 25, 45, 68]],

[ 47, 65, 0,[ 72, 12, 91, 27]],

[ 71, 35, 0,[ 24, 99, 85, 41]],

[ 50, 55, 0,[ 21, 92, 78]],

[ 35, 5, 0,[ 46, 80, 75, 90]],

[ 0, 5, 0,[ 28, 1, 82, 58]],

[ 95, 45, 0,[ 30, 12, 22, 98]],

[ 83, 65, 0,[ 8, 17, 76, 31]],

[ 55, 45, 0,[ 22, 56, 91, 75]],

[ 80, 5, 0,[ 33, 5, 35]],

[ 18, 35, 0,[ 67, 79, 86, 44]],

[ 61, 55, 0,[ 53, 30, 9]],

[ 30, 65, 0,[ 61, 29, 4, 95]],

[ 87, 65, 0,[ 15, 74, 41]],

[ 1, 5, 0,[ 84, 49, 72, 0]],

[ 65, 55, 0,[ 4, 81, 41, 42]],

[ 84, 5, 0,[ 21, 14, 1]],

[ 69, 45, 1,[ 6, 62, 8, 21, 25, 88, 63]],

[ 91, 45, 0,[ 55, 47, 8, 22]],

[ 12, 5, 0,[ 95, 47, 19]],

[ 43, 35, 0,[ 21, 32, 26]],

[ 79, 5, 0,[ 36, 77, 18]],

[ 68, 55, 0,[ 2, 3, 98]],

[ 42, 85, 1,[ 16, 94, 66, 48, 65]],

[ 77, 5, 0,[ 79, 70, 76]],

[ 52, 5, 0,[ 26, 23, 62]],

[ 57, 65, 1,[ 86, 7, 72]],

[ 99, 35, 0,[ 71, 13, 63]],

[ 81, 55, 0,[ 65, 93, 92, 45, 59]],

[ 14, 5, 0,[ 51, 33, 84]],

[ 86, 35, 1,[ 26, 57, 78, 48, 18]],

[ 92, 55, 0,[ 31, 50, 81]],

[ 63, 45, 0,[ 94, 99, 69]],

[ 2, 65, 0,[ 68, 76, 31]],

[ 31, 65, 0,[ 83, 92, 90, 2]],

[ 74, 5, 1,[ 70, 87, 39]],

[ 7, 45, 0,[ 22, 67, 57]],

[ 48, 5, 1,[ 39, 42, 86]],

[ 20, 35, 0,[ 39, 4, 21]],

[ 45, 5, 0,[ 81, 24, 3]],

[ 64, 5, 0,[ 41, 54, 73]],

[ 49, 35, 0,[ 1, 73, 39]],

[ 90, 55, 0,[ 34, 31, 27, 35]],

[ 72, 65, 0,[ 47, 39, 1, 57]],

[ 22, 45, 0,[ 55, 36, 91, 7, 95]],

[ 82, 35, 0,[ 76, 0, 93]],

[ 59, 55, 0,[ 76, 81, 28, 16]],

[ 13, 65, 0,[ 54, 99, 28, 34]],

[ 29, 65, 0,[ 9, 75, 30, 10]],

[ 34, 65, 0,[ 73, 90, 13]],

[ 19, 5, 0,[ 88, 12, 89]],

[ 60, 55, 0,[ 56, 62, 53]],

[ 85, 35, 0,[ 17, 76, 75, 71, 37]],

[ 37, 5, 0,[ 36, 16, 85]],

[ 51, 55, 0,[ 25, 14, 53]],

[ 67, 55, 0,[ 28, 7, 10, 18]],

[ 66, 65, 0,[ 42, 24, 9]],

[ 33, 5, 0,[ 80, 14, 89]],

[ 28, 55, 0,[ 13, 67, 59, 0]],

[ 56, 5, 0,[ 60, 55, 46]],

[ 25, 5, 1,[ 69, 3, 5, 51]],

[ 32, 5, 0,[ 36, 97, 43, 75]],

[ 36, 5, 0,[ 22, 98, 79, 37, 32]],

[ 4, 45, 0,[ 11, 20, 65, 30]],

[ 38, 55, 0,[ 44, 94]],

[ 9, 65, 0,[ 29, 66, 61, 15]],

[ 44, 45, 0,[ 18, 8, 38]],

[ 41, 35, 0,[ 71, 8, 87, 65, 64]],

[ 11, 45, 0,[ 97, 10, 4]],

[ 40, 45, 0,[ 58, 96, 6]],

[ 23, 5, 0,[ 96, 17, 52]],

[ 6, 45, 0,[ 40, 69, 46, 15]],

[ 24, 35, 0,[ 71, 66, 45]],

[ 8, 45, 0,[ 91, 83, 69, 41, 44]],

[ 39, 35, 1,[ 74, 20, 10, 48, 72, 49]],

[ 97, 55, 0,[ 32, 53, 11]],

[ 58, 45, 0,[ 40, 88, 0]],

[ 10, 5, 1,[ 67, 29, 11, 78, 39]],

[ 62, 45, 0,[ 15, 69, 60, 52]],

[ 98, 55, 1,[ 36, 68, 95, 5]],

[ 26, 35, 0,[ 86, 43, 52]],

[ 17, 65, 0,[ 23, 83, 85, 70]],

[ 93, 55, 0,[ 89, 82, 81, 53]],

[ 16, 55, 0,[ 59, 37, 42]],

[ 27, 55, 0,[ 47, 90, 54]],

[ 88, 45, 0,[ 19, 58, 69]],

[ 89, 5, 0,[ 19, 33, 93]],

[ 75, 5, 0,[ 85, 32, 55, 29, 35]],

[ 73, 5, 0,[ 34, 3, 64, 49]],

[ 78, 55, 0,[ 86, 50, 10]],

[ 5, 5, 0,[ 98, 80, 96, 25]],

[ 94, 55, 0,[ 42, 38, 53, 63]],

[ 96, 5, 0,[ 40, 23, 5]],

[ 54, 5, 0,[ 13, 27, 64]],

[ 53, 55, 0,[ 51, 61, 93, 60, 97, 94]],

