[ 17, 25, 1,[ 9, 13, 19, 12]],

[ 98, 15, 1,[ 20, 46, 21]],

[ 90, 95, 1,[ 21, 75, 47]],

[ 99, 85, 0,[ 94, 60, 71]],

[ 59, 95, 1,[ 18, 89, 68]],

[ 42, 35, 1,[ 11, 61, 27, 76]],

[ 89, 25, 0,[ 80, 82, 59]],

[ 67, 35, 0,[ 49, 94, 14]],

[ 92, 45, 0,[ 69, 86, 91]],

[ 3, 65, 1,[ 25, 55, 58]],

[ 81, 75, 0,[ 47, 60, 4]],

[ 57, 25, 1,[ 83, 39, 79, 82]],

[ 51, 35, 1,[ 36, 48, 69]],

[ 83, 75, 1,[ 96, 70, 88, 57, 76]],

[ 13, 35, 0,[ 84, 8, 17]],

[ 36, 15, 1,[ 16, 35, 51, 69, 74, 97]],

[ 25, 95, 1,[ 61, 3, 0, 16]],

[ 0, 5, 0,[ 69, 32, 25]],

[ 21, 95, 1,[ 90, 39, 98, 40]],

[ 31, 35, 1,[ 30, 93, 94, 60, 38, 47]],

[ 4, 75, 0,[ 70, 93, 6, 81]],

[ 33, 25, 1,[ 1, 91, 26]],

[ 7, 5, 0,[ 87, 64, 95]],

[ 74, 55, 1,[ 40, 48, 85, 36, 78, 97, 1, 32, 65, 8]],

[ 63, 5, 1,[ 26, 88, 18]],

[ 5, 65, 0,[ 82, 72, 19]],

[ 86, 5, 1,[ 66, 64, 12, 92]],

[ 62, 75, 1,[ 26, 6, 44]],

[ 1, 95, 0,[ 74, 33, 34, 37]],

[ 2, 65, 0,[ 91, 29, 45]],

[ 87, 5, 1,[ 70, 22, 41, 43, 7]],

[ 20, 85, 0,[ 98, 78, 60]],

[ 61, 95, 0,[ 25, 65, 42]],

[ 54, 25, 0,[ 82, 43]],

[ 69, 45, 1,[ 36, 0, 92, 51, 45]],

[ 41, 45, 1,[ 45, 95, 87]],

[ 39, 65, 0,[ 58, 75, 21, 57]],

[ 24, 75, 1,[ 80, 46, 37, 23, 64]],

[ 85, 55, 1,[ 93, 91, 74]],

[ 68, 65, 0,[ 59, 29, 55]],

[ 91, 65, 1,[ 85, 2, 33, 92]],

[ 78, 95, 0,[ 72, 20, 74]],

[ 82, 85, 1,[ 54, 57, 5, 58, 89, 66, 77]],

[ 27, 75, 1,[ 49, 44, 45, 42, 23]],

[ 48, 35, 1,[ 93, 74, 51, 28]],

[ 6, 75, 0,[ 4, 10, 40, 62]],

[ 79, 35, 0,[ 49, 35, 57]],

[ 14, 35, 1,[ 67, 22, 56]],

[ 18, 95, 0,[ 10, 45, 15, 59, 63]],

[ 15, 35, 0,[ 11, 50, 18]],

[ 88, 5, 1,[ 26, 63, 83]],

[ 44, 35, 0,[ 62, 50, 27]],

[ 73, 15, 1,[ 8, 50, 46]],

[ 12, 35, 0,[ 86, 17, 40]],

[ 71, 35, 1,[ 9, 53, 99, 84, 50]],

[ 16, 95, 1,[ 25, 36, 65]],

[ 56, 95, 1,[ 53, 14, 75, 84]],

[ 43, 5, 0,[ 54, 87]],

[ 70, 35, 1,[ 83, 4, 87, 35]],

[ 64, 5, 0,[ 86, 32, 24, 7]],

[ 52, 85, 0,[ 60, 53, 23]],

[ 19, 55, 1,[ 72, 17, 95, 5, 94]],

[ 47, 75, 0,[ 31, 81, 90, 66]],

[ 35, 35, 0,[ 79, 36, 70]],

[ 49, 35, 0,[ 27, 67, 79]],

[ 65, 95, 0,[ 61, 74, 16]],

[ 53, 45, 1,[ 71, 56, 52]],

[ 9, 35, 0,[ 71, 37, 17]],

[ 40, 95, 0,[ 6, 21, 74, 12]],

[ 55, 65, 0,[ 68, 96, 3]],

[ 66, 75, 0,[ 82, 86, 47]],

[ 11, 35, 0,[ 15, 28, 42]],

[ 22, 5, 1,[ 87, 14, 34]],

[ 26, 5, 0,[ 63, 62, 33, 88]],

[ 58, 65, 0,[ 3, 82, 39]],

[ 32, 5, 1,[ 64, 74, 0]],

[ 23, 5, 1,[ 96, 24, 27, 52]],

[ 46, 15, 1,[ 73, 24, 98, 38, 37, 29]],

[ 28, 85, 0,[ 11, 48, 60]],

[ 29, 65, 0,[ 2, 68, 97, 46, 77]],

[ 97, 95, 0,[ 29, 36, 74]],

[ 95, 45, 1,[ 7, 41, 19]],

[ 34, 95, 0,[ 45, 1, 22]],

[ 60, 85, 1,[ 31, 99, 20, 81, 80, 52, 28]],

[ 96, 35, 0,[ 23, 55, 83]],

[ 84, 35, 0,[ 13, 56, 71]],

[ 93, 35, 0,[ 4, 31, 85, 48]],

[ 37, 45, 1,[ 1, 10, 77, 30, 24, 9, 46]],

[ 77, 65, 0,[ 29, 37, 82]],

[ 30, 45, 1,[ 31, 75, 37]],

[ 50, 35, 0,[ 71, 44, 73, 15]],

[ 38, 85, 1,[ 80, 31, 46]],

[ 94, 95, 1,[ 99, 67, 19, 31]],

[ 10, 55, 1,[ 37, 18, 6]],

[ 72, 15, 1,[ 5, 78, 19]],

[ 80, 85, 0,[ 38, 89, 60, 24]],

[ 75, 65, 1,[ 56, 30, 39, 90]],

[ 8, 95, 0,[ 13, 73, 74]],

[ 45, 45, 1,[ 41, 34, 2, 69, 27, 18]],

[ 76, 35, 0,[ 42, 83]],

[ 81, 25, 0,[ 83, 37, 68]],

[ 68, 65, 0,[ 38, 12, 7, 81]],

[ 71, 25, 1,[ 97, 61, 67]],

[ 29, 25, 0,[ 49, 61, 51]],

[ 94, 25, 0,[ 77, 92, 78]],

[ 85, 45, 1,[ 1, 33, 27]],

[ 80, 65, 0,[ 32, 39, 9]],

[ 13, 65, 0,[ 17, 33, 9]],

[ 28, 25, 0,[ 61, 70, 33]],

[ 59, 85, 1,[ 95, 26, 73]],

[ 26, 25, 0,[ 8, 59, 90]],

[ 53, 75, 1,[ 57, 50, 64]],

[ 63, 35, 1,[ 93, 96, 51]],

[ 5, 25, 0,[ 21, 14, 43]],

[ 27, 45, 1,[ 85, 15, 90]],

[ 9, 65, 0,[ 80, 91, 13]],

[ 38, 5, 1,[ 72, 82, 79, 43, 68]],

[ 1, 25, 0,[ 84, 85, 58]],

[ 66, 25, 0,[ 49, 65, 22]],

[ 97, 25, 0,[ 82, 71, 61, 52, 76]],

[ 99, 75, 0,[ 57, 12, 50, 65]],

[ 40, 25, 0,[ 56, 45]],

[ 11, 25, 0,[ 90, 34, 2]],

[ 49, 25, 0,[ 54, 29, 23, 66]],

[ 48, 75, 0,[ 75, 69, 50, 52]],

[ 24, 5, 1,[ 32, 95, 35, 6]],

[ 3, 25, 1,[ 30, 83, 77]],

[ 60, 25, 1,[ 69, 34, 16, 45]],

[ 64, 25, 0,[ 51, 61, 53]],

[ 62, 25, 0,[ 8, 74, 70]],

[ 46, 25, 0,[ 23, 70, 79]],

[ 96, 35, 0,[ 63, 16, 87]],

[ 21, 25, 1,[ 43, 78, 5, 44]],

[ 36, 25, 1,[ 31, 30, 72]],

[ 61, 45, 1,[ 71, 97, 29, 18, 28, 64]],

[ 57, 75, 1,[ 99, 93, 10, 78, 53]],

[ 92, 25, 0,[ 94, 45, 70]],

[ 31, 85, 1,[ 33, 36, 19, 14]],

[ 30, 25, 1,[ 3, 42, 47, 36]],

[ 90, 25, 1,[ 27, 26, 91, 11]],

[ 73, 95, 1,[ 59, 91, 58]],

[ 47, 25, 0,[ 30, 2]],

[ 98, 45, 1,[ 88, 23, 20]],

[ 16, 45, 1,[ 82, 60, 14, 96]],

[ 20, 25, 0,[ 98, 88, 32, 95]],

[ 37, 5, 1,[ 81, 43, 22, 88, 39]],

[ 86, 45, 1,[ 84, 12, 67]],

[ 7, 65, 0,[ 68, 0]],

[ 78, 25, 0,[ 21, 94, 57, 89, 0]],

[ 84, 25, 0,[ 87, 83, 22, 1, 86]],

[ 12, 65, 0,[ 68, 58, 99, 86]],

[ 19, 75, 1,[ 69, 31, 67]],

[ 50, 75, 0,[ 99, 48, 53]],

[ 79, 25, 0,[ 46, 38, 6, 82]],

[ 10, 75, 1,[ 39, 65, 8, 57]],

[ 91, 65, 1,[ 73, 75, 9, 90, 76]],

[ 55, 25, 0,[ 74, 18, 41]],

[ 15, 25, 0,[ 27, 87, 18]],

[ 8, 25, 0,[ 76, 62, 10, 26, 95]],

[ 39, 55, 1,[ 80, 10, 37]],

[ 4, 25, 0,[ 54, 56, 72]],

[ 6, 25, 0,[ 79, 24, 25]],

[ 70, 65, 1,[ 92, 62, 28, 46]],

[ 93, 45, 1,[ 63, 67, 42, 57]],

[ 23, 25, 1,[ 49, 44, 46, 75, 98]],

[ 89, 25, 0,[ 78, 33, 25]],

[ 54, 25, 0,[ 32, 4, 49]],

[ 74, 85, 1,[ 35, 62, 55, 87]],

[ 45, 25, 1,[ 34, 56, 60, 92, 40]],

[ 75, 75, 1,[ 48, 23, 91]],

[ 41, 25, 1,[ 42, 25, 55]],

[ 14, 95, 1,[ 5, 16, 31]],

[ 88, 25, 1,[ 98, 37, 20]],

[ 33, 25, 1,[ 85, 31, 44, 28, 13, 89]],

[ 43, 25, 0,[ 37, 38, 5, 21]],

[ 95, 55, 1,[ 8, 59, 20, 24, 77]],

[ 56, 75, 1,[ 4, 40, 72, 45]],

[ 69, 75, 1,[ 48, 60, 19]],

[ 72, 45, 1,[ 38, 56, 36, 4]],

[ 2, 25, 0,[ 11, 47, 87]],

[ 67, 25, 0,[ 93, 86, 19, 71]],

[ 44, 25, 0,[ 33, 21, 23]],

[ 65, 75, 0,[ 99, 10, 66]],

[ 0, 65, 0,[ 7, 78, 17]],

[ 87, 25, 1,[ 15, 84, 74, 96, 2]],

[ 17, 55, 1,[ 0, 13]],

[ 58, 65, 0,[ 1, 12, 73]],

[ 42, 25, 1,[ 93, 35, 30, 41]],

[ 51, 25, 1,[ 63, 29, 64]],

[ 34, 25, 0,[ 45, 60, 11]],

[ 77, 25, 0,[ 94, 3, 95]],

[ 25, 25, 1,[ 89, 6, 41]],

[ 32, 25, 1,[ 24, 80, 54, 20]],

[ 52, 25, 0,[ 48, 97]],

[ 83, 25, 1,[ 84, 3, 81]],

[ 22, 25, 1,[ 66, 84, 37]],

[ 82, 25, 1,[ 97, 16, 38, 79]],

[ 76, 25, 0,[ 97, 8, 91]],

[ 35, 25, 0,[ 24, 74, 42]],

[ 18, 75, 1,[ 55, 15, 61]],

