[ 63, 55, 1,[ 70, 66]],

[ 46, 35, 1,[ 88, 47, 20, 73]],

[ 75, 5, 1,[ 64, 58, 54, 84]],

[ 47, 25, 0,[ 42, 46, 51, 35]],

[ 14, 95, 1,[ 76, 60, 53, 58, 41]],

[ 80, 45, 0,[ 37, 28, 99, 22]],

[ 21, 55, 1,[ 40, 5, 82]],

[ 41, 55, 1,[ 86, 14, 95, 26]],

[ 37, 45, 1,[ 6, 22, 80]],

[ 82, 85, 1,[ 11, 21, 77]],

[ 88, 95, 1,[ 46, 87, 38]],

[ 68, 75, 0,[ 76, 12, 90, 18]],

[ 52, 45, 0,[ 79, 61, 57, 33]],

[ 91, 55, 1,[ 2, 23, 38]],

[ 51, 25, 1,[ 16, 47, 42, 38, 98]],

[ 45, 55, 1,[ 24, 10, 22]],

[ 39, 5, 1,[ 55, 73, 9, 78]],

[ 66, 55, 0,[ 63, 18]],

[ 31, 25, 1,[ 87, 86, 95]],

[ 38, 25, 1,[ 98, 51, 91, 88]],

[ 50, 5, 0,[ 64, 9]],

[ 13, 45, 1,[ 67, 8, 1]],

[ 34, 25, 0,[ 26, 72, 90]],

[ 7, 45, 0,[ 72, 74, 2]],

[ 49, 85, 0,[ 16, 19, 22]],

[ 35, 25, 0,[ 47, 98, 44]],

[ 74, 85, 1,[ 7, 6, 44]],

[ 9, 5, 0,[ 50, 72, 65, 39]],

[ 72, 45, 1,[ 44, 9, 7, 34]],

[ 4, 85, 0,[ 53, 32, 77, 54]],

[ 71, 5, 1,[ 69, 48, 83]],

[ 42, 75, 1,[ 69, 51, 47, 58, 24]],

[ 81, 65, 0,[ 94, 65, 62]],

[ 27, 25, 1,[ 61, 36, 79]],

[ 0, 75, 0,[ 30, 87, 36]],

[ 79, 75, 0,[ 52, 27, 25]],

[ 86, 95, 1,[ 59, 32, 31, 41]],

[ 60, 55, 1,[ 14, 25, 85, 87]],

[ 57, 45, 1,[ 15, 89, 52, 30]],

[ 22, 85, 1,[ 37, 80, 45, 54, 49]],

[ 44, 25, 0,[ 35, 72, 74, 76]],

[ 99, 45, 0,[ 80, 3]],

[ 43, 85, 0,[ 28, 30, 11]],

[ 48, 35, 0,[ 71, 24]],

[ 32, 55, 1,[ 11, 4, 86]],

[ 70, 15, 1,[ 5, 63, 56]],

[ 12, 45, 0,[ 83, 68, 15]],

[ 26, 55, 0,[ 3, 34, 41]],

[ 76, 75, 0,[ 68, 44, 14]],

[ 25, 75, 1,[ 96, 60, 79]],

[ 54, 85, 0,[ 75, 4, 22, 6]],

[ 20, 75, 0,[ 59, 18, 46]],

[ 87, 75, 1,[ 0, 88, 60, 73, 31]],

[ 11, 85, 0,[ 43, 82, 16, 32]],

[ 10, 75, 1,[ 45, 59]],

[ 85, 95, 1,[ 60, 59, 19, 77]],

[ 77, 85, 0,[ 85, 4, 82]],

[ 64, 5, 0,[ 50, 75, 98]],

[ 2, 55, 0,[ 91, 73, 19, 67, 7]],

[ 1, 45, 0,[ 18, 13]],

[ 8, 5, 0,[ 73, 13, 94]],

[ 16, 35, 1,[ 49, 51, 11]],

[ 65, 65, 0,[ 9, 81, 97]],

[ 15, 45, 0,[ 57, 12]],

[ 73, 5, 1,[ 39, 46, 8, 87, 2]],

[ 23, 35, 1,[ 67, 91, 98]],

[ 53, 15, 1,[ 97, 4, 14, 40]],

[ 93, 5, 1,[ 89]],

[ 30, 65, 1,[ 43, 55, 17, 83, 0, 36, 57, 29]],

[ 24, 35, 1,[ 48, 94, 42, 45, 17]],

[ 6, 85, 0,[ 74, 83, 54, 37]],

[ 94, 5, 0,[ 81, 24, 8]],

[ 55, 65, 0,[ 62, 39, 30]],

[ 69, 45, 1,[ 42, 62, 71]],

[ 5, 55, 0,[ 21, 70, 33]],

[ 96, 25, 0,[ 90, 25, 28]],

[ 17, 35, 0,[ 24, 95, 30]],

[ 29, 65, 0,[ 30, 3, 92]],

[ 28, 95, 1,[ 43, 96, 92, 98, 80, 33]],

[ 98, 25, 1,[ 23, 28, 56, 35, 51, 64, 38]],

[ 89, 5, 0,[ 57, 93]],

[ 36, 95, 1,[ 56, 0, 30, 27]],

[ 61, 45, 0,[ 97, 27, 52]],

[ 3, 55, 0,[ 99, 29, 26]],

[ 19, 95, 1,[ 49, 85, 2]],

[ 78, 75, 1,[ 39, 84, 33]],

[ 62, 65, 0,[ 33, 81, 69, 55]],

[ 40, 5, 0,[ 53, 21, 84]],

[ 90, 25, 1,[ 92, 67, 34, 96, 68]],

[ 95, 45, 1,[ 31, 17, 41]],

[ 56, 95, 1,[ 70, 98, 36]],

[ 33, 65, 1,[ 5, 28, 78, 52, 62]],

[ 83, 35, 1,[ 30, 59, 6, 71, 12]],

[ 92, 65, 0,[ 90, 28, 29]],

[ 58, 75, 0,[ 75, 14, 42]],

[ 18, 75, 0,[ 66, 1, 20, 68]],

[ 67, 45, 0,[ 23, 90, 2, 13]],

[ 97, 65, 0,[ 61, 53, 65]],

[ 59, 95, 1,[ 85, 10, 20, 86, 83]],

[ 84, 5, 0,[ 78, 75, 40]],

