[ 91, 35, 0,[ 81, 68]],

[ 51, 35, 0,[ 68, 8, 0]],

[ 7, 35, 0,[ 2, 8, 4]],

[ 48, 35, 0,[ 11, 2, 4]],

[ 84, 35, 0,[ 0]],

[ 38, 35, 0,[ 68, 0, 8]],

[ 39, 35, 0,[ 0, 8]],

[ 78, 35, 0,[ 4, 0, 8]],

[ 3, 35, 0,[ 68, 81, 2]],

[ 43, 35, 0,[ 26, 68, 0]],

[ 24, 35, 0,[ 0, 81, 8]],

[ 65, 35, 0,[ 45, 26, 18, 2, 20, 63, 9]],

[ 63, 35, 0,[ 8, 65, 4]],

[ 68, 5, 1,[ 38, 69, 91, 11, 1, 74, 59, 41, 97, 79, 27, 92, 15, 87, 13, 3, 51, 43, 5, 45, 82, 12]],

[ 90, 35, 0,[ 81, 8, 0]],

[ 74, 35, 0,[ 81, 68, 0]],

[ 22, 35, 0,[ 26, 0, 81]],

[ 82, 35, 0,[ 8, 68, 0]],

[ 40, 35, 0,[ 66, 8, 0]],

[ 41, 35, 0,[ 68, 8, 81]],

[ 47, 35, 0,[ 0, 2, 81]],

[ 34, 35, 0,[ 0, 57, 81]],

[ 57, 35, 0,[ 26, 34]],

[ 21, 35, 0,[ 0, 8, 26]],

[ 96, 35, 0,[ 0, 2]],

[ 95, 55, 0,[ 79, 81, 8]],

[ 25, 35, 0,[ 81, 26, 4]],

[ 2, 55, 1,[ 47, 17, 35, 0, 30, 61, 60, 72, 3, 52, 62, 96, 97, 94, 48, 7, 65, 29, 93, 73, 5]],

[ 76, 35, 0,[ 81, 0, 8]],

[ 42, 35, 0,[ 13, 4, 8]],

[ 12, 35, 0,[ 68, 81, 0]],

[ 97, 35, 0,[ 2, 81, 68]],

[ 86, 35, 0,[ 0, 26, 8]],

[ 18, 35, 0,[ 4, 65, 81]],

[ 5, 35, 0,[ 2, 0, 68]],

[ 19, 35, 0,[ 8, 0]],

[ 13, 35, 0,[ 0, 8, 68, 42]],

[ 71, 35, 0,[ 8, 0]],

[ 44, 35, 0,[ 81, 0, 8]],

[ 16, 55, 0,[ 81, 28, 8]],

[ 37, 35, 0,[]],

[ 72, 35, 0,[ 0, 2, 81]],

[ 59, 35, 0,[ 0, 68]],

[ 79, 35, 1,[ 6, 95, 68]],

[ 23, 35, 0,[ 0, 26]],

[ 1, 55, 0,[ 26, 81, 68]],

[ 98, 35, 0,[ 8, 0]],

[ 46, 35, 0,[ 81, 11, 0]],

[ 99, 35, 0,[ 11, 8, 81]],

[ 61, 35, 0,[ 81, 2, 0]],

[ 31, 35, 0,[ 81, 8, 4]],

[ 4, 5, 1,[ 53, 78, 18, 73, 93, 77, 64, 25, 11, 9, 7, 83, 48, 42, 14, 89, 50, 63, 31]],

[ 8, 95, 1,[ 90, 30, 54, 76, 27, 36, 86, 44, 29, 17, 21, 83, 56, 93, 70, 85, 55, 99, 98, 89, 51, 24, 16, 33, 80, 39, 7, 42, 10, 40, 71, 20, 82, 19, 49, 78, 94, 31, 13, 69, 67, 63, 95, 52, 41, 88, 38]],

[ 28, 35, 0,[ 16, 0, 81]],

[ 33, 55, 0,[ 8, 81, 0]],

[ 69, 35, 0,[ 68, 8]],

[ 50, 5, 0,[ 26, 4, 81, 85]],

[ 60, 35, 0,[ 2, 0, 81]],

[ 0, 65, 1,[ 77, 82, 64, 74, 88, 28, 55, 80, 44, 49, 72, 20, 96, 85, 23, 61, 35, 71, 17, 38, 90, 59, 39, 76, 47, 75, 84, 22, 15, 86, 87, 54, 70, 43, 2, 40, 33, 66, 10, 46, 51, 78, 60, 12, 5, 58, 13, 34, 24, 98, 19, 30, 21]],

[ 77, 35, 0,[ 64, 0, 4]],

[ 30, 35, 0,[ 8, 2, 0]],

[ 92, 55, 0,[ 81, 68, 26]],

[ 45, 35, 0,[ 81, 65, 68]],

[ 83, 35, 0,[ 81, 4, 8]],

[ 32, 35, 0,[ 11, 81]],

[ 56, 35, 0,[ 8, 52, 26]],

[ 66, 35, 0,[ 0, 40]],

[ 62, 35, 0,[ 2, 81]],

[ 64, 55, 0,[ 4, 0, 77]],

[ 89, 35, 0,[ 81, 8, 4]],

[ 73, 35, 0,[ 81, 4, 2]],

[ 15, 35, 0,[ 0, 81, 68]],

[ 11, 25, 1,[ 99, 48, 46, 6, 68, 70, 4, 32, 75]],

[ 55, 35, 0,[ 8, 81, 0]],

[ 36, 35, 0,[ 26, 8]],

[ 14, 35, 0,[ 4, 6, 81]],

[ 81, 75, 1,[ 76, 10, 14, 50, 3, 74, 31, 95, 45, 16, 22, 28, 53, 55, 97, 60, 72, 58, 94, 87, 62, 24, 15, 47, 25, 54, 88, 44, 35, 80, 33, 83, 34, 32, 89, 67, 61, 41, 1, 46, 12, 18, 99, 91, 29, 92, 90, 73]],

[ 10, 35, 0,[ 81, 8, 0]],

[ 80, 35, 0,[ 81, 8, 0]],

[ 58, 35, 0,[ 81, 0]],

[ 75, 35, 0,[ 0, 11]],

[ 94, 35, 0,[ 81, 2, 8]],

[ 53, 35, 0,[ 81, 4, 26]],

[ 88, 35, 0,[ 81, 8, 0]],

[ 6, 35, 1,[ 14, 79, 26, 11]],

[ 67, 35, 0,[ 8, 81]],

[ 93, 35, 0,[ 8, 4, 2]],

[ 85, 35, 0,[ 0, 50, 8]],

[ 9, 35, 0,[ 65, 4]],

[ 87, 35, 0,[ 81, 0, 68]],

[ 27, 35, 0,[ 8, 26, 68]],

[ 54, 35, 0,[ 8, 0, 81]],

[ 20, 35, 0,[ 8, 0, 65]],

[ 17, 35, 0,[ 0, 2, 8]],

[ 52, 5, 0,[ 56, 8, 2]],

[ 35, 35, 0,[ 2, 81, 0]],

[ 70, 35, 0,[ 0, 11, 8]],

[ 26, 55, 1,[ 25, 22, 6, 57, 56, 21, 50, 49, 65, 36, 43, 1, 27, 86, 23, 53, 92]],

[ 29, 35, 0,[ 8, 2, 81]],

[ 49, 35, 0,[ 8, 0, 26]],

