[ 78, 75, 0,[ 22, 48, 44, 3]],

[ 30, 85, 0,[ 7, 90, 25]],

[ 9, 35, 0,[ 37, 16, 39]],

[ 76, 65, 0,[ 57, 34, 32]],

[ 3, 75, 0,[ 5, 54, 78]],

[ 73, 65, 0,[ 42, 25, 34, 94]],

[ 21, 75, 0,[ 26, 88, 89]],

[ 72, 65, 0,[ 29, 56, 0, 46]],

[ 18, 75, 0,[ 41, 77, 53, 84, 32]],

[ 32, 35, 0,[ 12, 39, 23, 18, 76]],

[ 7, 85, 0,[ 55, 30, 54, 0, 4, 74, 64]],

[ 31, 75, 0,[ 75, 95, 68, 62]],

[ 36, 75, 0,[ 35, 63, 82]],

[ 23, 65, 0,[ 32, 41, 38]],

[ 29, 65, 0,[ 2, 85, 24, 72]],

[ 89, 85, 0,[ 95, 20, 96, 21]],

[ 2, 75, 0,[ 29, 15, 75, 74]],

[ 4, 85, 0,[ 22, 7, 96, 66]],

[ 57, 75, 1,[ 76, 26, 15]],

[ 88, 15, 0,[ 58, 13, 21]],

[ 47, 65, 0,[ 86, 38, 91]],

[ 90, 65, 0,[ 27, 48, 30, 51]],

[ 71, 65, 0,[ 14, 65, 0]],

[ 12, 75, 0,[ 32, 66, 0]],

[ 11, 75, 0,[ 68, 25, 60]],

[ 8, 75, 0,[ 38, 40, 0]],

[ 19, 75, 0,[ 91, 35, 70]],

[ 25, 25, 0,[ 69, 91, 11, 30, 73]],

[ 6, 75, 0,[ 93, 64, 81]],

[ 62, 75, 0,[ 31, 91, 28]],

[ 22, 75, 0,[ 4, 78, 13]],

[ 54, 85, 0,[ 68, 3, 92, 7]],

[ 67, 85, 0,[ 51, 96, 64]],

[ 91, 25, 0,[ 19, 47, 1, 62, 25]],

[ 5, 75, 0,[ 45, 3, 16]],

[ 37, 75, 0,[ 9, 79, 86, 85]],

[ 10, 85, 1,[ 75, 40, 84, 93]],

[ 27, 35, 0,[ 14, 84, 90]],

[ 84, 35, 0,[ 18, 55, 27, 10]],

[ 28, 95, 0,[ 98, 49, 62, 39]],

[ 41, 65, 0,[ 69, 63, 23, 18]],

[ 80, 85, 0,[ 82, 44, 16]],

[ 13, 65, 0,[ 52, 93, 22, 88]],

[ 60, 75, 0,[ 61, 11, 35, 24]],

[ 0, 65, 0,[ 86, 7, 72, 12, 8, 71]],

[ 82, 75, 0,[ 55, 56, 36, 80]],

[ 83, 35, 0,[ 68, 98, 20]],

[ 43, 75, 0,[ 66, 87, 14]],

[ 59, 75, 0,[ 33, 70, 79]],

[ 53, 75, 0,[ 64, 81, 18]],

[ 92, 65, 0,[ 54, 1, 94]],

[ 35, 75, 0,[ 60, 19, 36]],

[ 96, 85, 0,[ 67, 4, 50, 89]],

[ 61, 85, 0,[ 17, 50, 60]],

[ 49, 95, 0,[ 58, 28, 85]],

[ 48, 65, 1,[ 78, 66, 90]],

[ 16, 85, 0,[ 9, 1, 80, 5]],

[ 24, 85, 0,[ 29, 50, 60]],

[ 98, 95, 1,[ 28, 44, 83]],

[ 63, 65, 0,[ 17, 93, 41, 36]],

[ 85, 25, 1,[ 37, 29, 49, 38]],

[ 55, 85, 0,[ 82, 84, 7]],

[ 56, 65, 0,[ 72, 82, 95]],

[ 65, 85, 0,[ 71, 74, 64]],

[ 14, 35, 0,[ 27, 43, 71]],

[ 69, 65, 1,[ 94, 41, 25]],

[ 26, 75, 0,[ 20, 57, 21]],

[ 87, 35, 0,[ 20, 95, 43]],

[ 79, 75, 0,[ 59, 46, 64, 37]],

[ 50, 85, 0,[ 24, 61, 96, 42]],

[ 81, 75, 0,[ 58, 53, 6]],

[ 39, 35, 1,[ 32, 97, 28, 9]],

[ 93, 65, 0,[ 10, 6, 63, 13, 42]],

[ 94, 65, 0,[ 69, 92, 73]],

[ 70, 35, 0,[ 59, 19, 99]],

[ 17, 65, 0,[ 20, 63, 61]],

[ 64, 85, 0,[ 6, 53, 79, 65, 67, 7]],

[ 42, 65, 0,[ 93, 50, 73]],

[ 99, 35, 0,[ 70, 77, 46, 45]],

[ 52, 35, 0,[ 13, 20, 45]],

[ 45, 35, 0,[ 5, 52, 99]],

[ 20, 35, 0,[ 26, 87, 52, 17, 89, 83]],

[ 66, 75, 0,[ 12, 48, 4, 43, 33]],

[ 74, 75, 1,[ 97, 7, 77, 65, 2]],

[ 1, 65, 0,[ 92, 16, 91]],

[ 44, 75, 0,[ 78, 80, 98]],

[ 33, 75, 0,[ 59, 34, 66]],

[ 40, 75, 0,[ 8, 38, 10]],

[ 75, 75, 0,[ 10, 31, 2]],

[ 51, 65, 0,[ 97, 90, 34, 67]],

[ 97, 65, 0,[ 74, 39, 51]],

[ 15, 75, 0,[ 2, 57]],

[ 77, 75, 0,[ 74, 99, 18]],

[ 68, 75, 0,[ 11, 83, 54, 31]],

[ 46, 35, 0,[ 72, 99, 79]],

[ 58, 15, 0,[ 81, 88, 49, 38]],

[ 86, 65, 0,[ 37, 47, 0]],

[ 38, 15, 1,[ 85, 23, 47, 40, 8, 58]],

[ 34, 65, 0,[ 33, 73, 51, 76]],

[ 95, 85, 1,[ 89, 56, 31, 87]],

