[ 25, 75, 0,[ 40, 54, 78]],

[ 19, 25, 0,[ 63, 12, 2, 67, 85]],

[ 5, 75, 0,[ 22, 12, 10]],

[ 76, 85, 0,[ 13, 41, 48, 4, 61, 37]],

[ 10, 75, 0,[ 44, 5, 30]],

[ 30, 85, 0,[ 91, 75, 10, 68, 38]],

[ 40, 5, 0,[ 93, 36, 25, 49]],

[ 2, 25, 1,[ 19, 26, 58]],

[ 60, 75, 0,[ 88, 16, 24]],

[ 23, 75, 0,[ 6, 86]],

[ 62, 25, 0,[ 65, 11, 94]],

[ 92, 5, 0,[ 65, 46, 43]],

[ 78, 85, 0,[ 25, 16, 43]],

[ 34, 75, 0,[ 66, 18, 80]],

[ 67, 25, 0,[ 19, 20, 81, 7]],

[ 91, 75, 0,[ 95, 30, 29, 55]],

[ 45, 15, 0,[ 81, 21, 0]],

[ 24, 75, 0,[ 60, 6, 52, 64, 50, 33]],

[ 0, 15, 1,[ 95, 99, 65, 45, 80]],

[ 56, 5, 0,[ 97, 48, 39, 35]],

[ 21, 85, 0,[ 94, 66, 45]],

[ 32, 75, 0,[ 85, 79, 28]],

[ 20, 75, 0,[ 6, 3, 29, 67]],

[ 22, 75, 0,[ 5, 98, 65]],

[ 55, 5, 0,[ 89, 57, 91, 26]],

[ 51, 85, 0,[ 4, 82, 96, 12]],

[ 16, 85, 0,[ 59, 60, 94, 99, 78]],

[ 33, 75, 0,[ 81, 24, 29]],

[ 6, 85, 1,[ 24, 68, 20, 23]],

[ 73, 75, 0,[ 74, 39, 88, 63, 84]],

[ 29, 75, 0,[ 20, 33, 91, 3]],

[ 11, 25, 1,[ 62, 8, 88, 58]],

[ 35, 85, 0,[ 56, 89, 1, 12]],

[ 68, 85, 0,[ 54, 6, 90, 30]],

[ 59, 85, 0,[ 93, 16, 12]],

[ 38, 75, 0,[ 30, 28, 37]],

[ 26, 5, 1,[ 55, 7, 89, 2, 4]],

[ 28, 75, 0,[ 48, 38, 32]],

[ 31, 5, 0,[ 17, 81, 70, 36, 79]],

[ 36, 5, 0,[ 93, 72, 40, 31, 97]],

[ 48, 5, 0,[ 80, 28, 82, 56, 76]],

[ 94, 85, 0,[ 16, 39, 62, 42, 21]],

[ 74, 5, 0,[ 73, 43, 1]],

[ 4, 45, 0,[ 51, 8, 76, 81, 69, 26, 18]],

[ 64, 75, 0,[ 46, 88, 24, 83]],

[ 27, 75, 0,[ 14, 43, 47]],

[ 69, 45, 0,[ 4, 3, 17]],

[ 46, 5, 0,[ 64, 92, 90]],

[ 93, 5, 0,[ 59, 36, 40]],

[ 87, 85, 0,[ 75, 49, 84]],

[ 49, 5, 1,[ 40, 47, 87]],

[ 15, 75, 0,[ 84, 98, 50]],

[ 81, 45, 1,[ 31, 4, 67, 63, 33, 85, 45]],

[ 98, 75, 0,[ 17, 50, 15, 22]],

[ 66, 75, 0,[ 72, 21, 34]],

[ 75, 85, 0,[ 43, 87, 30]],

[ 13, 85, 0,[ 43, 76, 82, 44]],

[ 86, 75, 0,[ 72, 47, 23]],

[ 8, 45, 0,[ 11, 4, 58]],

[ 61, 5, 0,[ 70, 17, 9, 76]],

[ 58, 5, 1,[ 8, 57, 2, 42, 11, 14, 53]],

[ 42, 5, 0,[ 94, 58, 83]],

[ 39, 85, 0,[ 56, 73, 94]],

[ 96, 85, 0,[ 12, 1, 51]],

[ 53, 15, 0,[ 65, 58, 41]],

[ 9, 5, 0,[ 12, 61, 79]],

[ 17, 5, 0,[ 71, 61, 98, 31, 69]],

[ 47, 75, 0,[ 27, 49, 86]],

[ 18, 45, 0,[ 4, 71, 34]],

[ 79, 5, 0,[ 31, 32, 9]],

[ 52, 15, 0,[ 24, 65, 77]],

[ 41, 85, 0,[ 53, 76, 57]],

[ 90, 5, 0,[ 7, 46, 68]],

[ 3, 75, 0,[ 20, 69, 29]],

[ 95, 75, 0,[ 0, 91, 14]],

[ 1, 85, 0,[ 74, 96, 35]],

[ 99, 15, 0,[ 16, 77, 0]],

[ 80, 5, 0,[ 48, 0, 34]],

[ 43, 5, 0,[ 92, 27, 78, 74, 13, 75]],

[ 84, 75, 0,[ 73, 15, 87]],

[ 85, 45, 0,[ 81, 77, 19, 32]],

[ 89, 5, 0,[ 35, 26, 55]],

[ 97, 5, 0,[ 36, 54, 56]],

[ 71, 5, 0,[ 44, 18, 17]],

[ 54, 75, 0,[ 68, 25, 97]],

[ 44, 75, 0,[ 13, 10, 71]],

[ 50, 75, 0,[ 24, 15, 98]],

[ 57, 5, 0,[ 41, 58, 55]],

[ 72, 5, 0,[ 86, 36, 37, 66]],

[ 12, 85, 0,[ 5, 19, 59, 9, 51, 96, 35]],

[ 83, 75, 0,[ 42, 70, 64]],

[ 14, 75, 0,[ 58, 27, 95]],

[ 37, 5, 0,[ 72, 76, 38]],

[ 77, 15, 0,[ 99, 85, 52]],

[ 7, 75, 1,[ 90, 26, 67]],

[ 70, 5, 0,[ 31, 61, 83]],

[ 82, 5, 0,[ 48, 13, 51]],

[ 63, 75, 0,[ 19, 81, 73]],

[ 65, 15, 1,[ 52, 92, 53, 62, 22, 0]],

[ 88, 75, 0,[ 11, 73, 60, 64]],

