[ 95, 25, 1,[ 16, 35, 2]],

[ 28, 35, 1,[ 67, 59, 18, 61, 6]],

[ 77, 45, 0,[ 76, 39, 70]],

[ 94, 35, 1,[ 2, 25, 1]],

[ 24, 85, 1,[ 68, 49, 22, 44, 8, 52]],

[ 98, 95, 1,[ 71, 36, 90]],

[ 10, 45, 1,[ 91, 37, 12]],

[ 80, 35, 0,[ 7, 21, 87]],

[ 55, 65, 0,[ 67, 27, 63]],

[ 84, 75, 0,[ 38, 78, 75]],

[ 23, 75, 1,[ 35, 63, 25]],

[ 36, 25, 1,[ 98, 27, 51, 92]],

[ 82, 25, 1,[ 51, 68, 53]],

[ 2, 35, 0,[ 40, 48, 95, 94]],

[ 56, 25, 1,[ 34, 79, 17]],

[ 29, 35, 0,[ 87, 66, 88]],

[ 35, 85, 0,[ 76, 21, 95, 23]],

[ 41, 75, 1,[ 37, 22, 42]],

[ 26, 85, 0,[ 27, 16, 69]],

[ 47, 35, 0,[ 12, 43, 62]],

[ 67, 45, 0,[ 73, 28, 55]],

[ 88, 65, 1,[ 39, 40, 29, 5]],

[ 69, 85, 1,[ 64, 26, 58, 27]],

[ 97, 75, 0,[ 59, 50, 78, 63]],

[ 13, 5, 0,[ 85, 34, 87]],

[ 21, 85, 1,[ 35, 71, 48, 80, 30]],

[ 64, 95, 0,[ 83, 69, 91]],

[ 96, 45, 0,[ 57, 39, 50]],

[ 14, 55, 1,[ 52, 33, 49, 31, 44, 19]],

[ 40, 65, 0,[ 60, 88, 2]],

[ 53, 65, 1,[ 82, 61, 25, 74]],

[ 19, 95, 1,[ 11, 42, 14]],

[ 93, 45, 0,[ 52, 83, 71]],

[ 42, 25, 1,[ 41, 6, 87, 19, 11, 61, 99]],

[ 9, 35, 0,[ 81, 5, 6]],

[ 6, 35, 0,[ 42, 9, 28]],

[ 49, 85, 0,[ 22, 14, 24]],

[ 90, 45, 1,[ 54, 3, 98]],

[ 22, 45, 1,[ 41, 5, 24, 25, 65, 49]],

[ 39, 45, 1,[ 71, 77, 96, 46, 88]],

[ 60, 25, 1,[ 40, 86, 57]],

[ 57, 55, 1,[ 85, 96, 60, 68]],

[ 87, 35, 1,[ 54, 29, 13, 42, 73, 80, 72]],

[ 62, 35, 0,[ 91, 47]],

[ 18, 85, 0,[ 0, 17, 73, 28]],

[ 38, 45, 1,[ 66, 76, 99, 84]],

[ 73, 45, 1,[ 87, 67, 18]],

[ 50, 75, 0,[ 1, 96, 97]],

[ 85, 5, 1,[ 57, 13, 75]],

[ 70, 5, 1,[ 31, 7, 77]],

[ 0, 85, 0,[ 18, 1, 66]],

[ 5, 45, 0,[ 22, 88, 9]],

[ 72, 35, 1,[ 58, 74, 87, 83]],

[ 8, 75, 0,[ 24, 74, 89]],

[ 44, 35, 0,[ 14, 24, 92, 63]],

[ 79, 35, 0,[ 56, 48, 81]],

[ 1, 75, 1,[ 0, 94, 81, 50, 3, 16]],

[ 20, 65, 0,[ 68, 25, 48]],

[ 27, 75, 1,[ 55, 65, 26, 69, 36]],

[ 63, 65, 1,[ 23, 44, 55, 30, 97]],

[ 31, 85, 1,[ 14, 70, 32]],

[ 46, 45, 0,[ 7, 52, 39]],

[ 54, 45, 0,[ 87, 32, 90]],

[ 43, 35, 0,[ 47, 58, 25]],

[ 78, 75, 1,[ 86, 97, 84, 75]],

[ 65, 45, 0,[ 91, 27, 22]],

[ 4, 5, 0,[ 45, 32, 30]],

[ 86, 35, 1,[ 78, 60, 92]],

[ 74, 75, 0,[ 72, 53, 8, 32]],

[ 45, 95, 1,[ 4, 58, 37]],

[ 11, 25, 0,[ 19, 42]],

[ 58, 35, 0,[ 43, 45, 69, 72]],

[ 51, 55, 1,[ 7, 36, 82, 59]],

[ 16, 65, 1,[ 95, 1, 26, 30, 91]],

[ 91, 55, 1,[ 65, 64, 10, 62, 16]],

[ 92, 35, 0,[ 36, 86, 44]],

[ 12, 35, 0,[ 47, 48, 10, 66]],

[ 3, 75, 0,[ 1, 89, 90]],

[ 83, 95, 1,[ 64, 93, 72]],

[ 15, 45, 0,[ 71]],

[ 32, 75, 1,[ 54, 74, 4, 31]],

[ 33, 95, 1,[ 34, 14, 37]],

[ 99, 35, 0,[ 75, 42, 38]],

[ 71, 45, 1,[ 93, 15, 98, 39, 21]],

[ 76, 85, 0,[ 38, 35, 77]],

[ 17, 85, 1,[ 66, 18, 56]],

[ 52, 45, 0,[ 14, 46, 24, 93, 81]],

[ 48, 35, 1,[ 21, 12, 20, 2, 79]],

[ 30, 5, 1,[ 4, 16, 21, 63]],

[ 37, 5, 1,[ 41, 10, 33, 45]],

[ 75, 35, 1,[ 99, 84, 78, 85]],

[ 66, 35, 0,[ 12, 29, 0, 17, 38]],

[ 81, 35, 0,[ 52, 1, 79, 9]],

[ 89, 75, 0,[ 25, 8, 3]],

[ 34, 5, 0,[ 33, 13, 56]],

[ 61, 65, 0,[ 53, 42, 28]],

[ 68, 65, 0,[ 57, 24, 82, 20]],

[ 7, 5, 0,[ 46, 70, 80, 51]],

[ 25, 65, 1,[ 94, 23, 43, 53, 89, 22, 20]],

[ 59, 45, 1,[ 97, 28, 51]],

