[ 69, 5, 0,[ 62, 11]],

[ 6, 15, 1,[ 9, 58, 79]],

[ 47, 85, 0,[ 44, 85, 23]],

[ 71, 15, 0,[ 70]],

[ 84, 15, 0,[ 94, 96, 32, 53]],

[ 27, 15, 0,[]],

[ 1, 85, 0,[ 26, 53, 2]],

[ 31, 15, 0,[]],

[ 21, 65, 0,[]],

[ 26, 65, 1,[ 72, 34, 32, 1, 56, 23, 37, 43]],

[ 73, 45, 0,[ 52, 94]],

[ 96, 15, 0,[ 84, 64, 34]],

[ 5, 15, 0,[ 70]],

[ 62, 15, 0,[ 69, 53, 2]],

[ 34, 15, 0,[ 96, 74, 26]],

[ 10, 15, 0,[ 30, 17]],

[ 42, 55, 0,[]],

[ 40, 5, 0,[ 88, 81, 0]],

[ 74, 15, 0,[ 34, 54]],

[ 11, 5, 1,[ 77, 79, 52, 81, 3, 97, 69, 44, 94, 88, 65]],

[ 17, 45, 0,[ 10, 81, 9]],

[ 78, 15, 0,[]],

[ 82, 65, 0,[]],

[ 36, 65, 0,[]],

[ 7, 15, 0,[ 9, 0, 81]],

[ 19, 15, 0,[ 45]],

[ 67, 15, 0,[]],

[ 13, 45, 0,[ 30, 64, 95]],

[ 92, 65, 0,[ 89, 99, 38]],

[ 14, 5, 0,[]],

[ 0, 15, 1,[ 7, 2, 98, 44, 12, 37, 40]],

[ 18, 15, 0,[]],

[ 64, 45, 0,[ 79, 13, 96]],

[ 90, 85, 0,[ 95, 97]],

[ 24, 45, 0,[]],

[ 25, 85, 0,[ 2, 3]],

[ 48, 5, 0,[]],

[ 94, 15, 0,[ 11, 84, 73]],

[ 81, 45, 1,[ 40, 17, 11, 7, 52]],

[ 4, 85, 0,[ 99, 2]],

[ 59, 15, 0,[]],

[ 50, 15, 0,[]],

[ 44, 85, 1,[ 58, 0, 47, 86, 11]],

[ 57, 5, 0,[]],

[ 89, 65, 0,[ 72, 92, 76]],

[ 3, 5, 0,[ 11, 25, 43]],

[ 70, 15, 0,[ 71, 15, 2, 5]],

[ 86, 85, 0,[ 44, 97]],

[ 29, 15, 0,[]],

[ 66, 5, 0,[]],

[ 46, 15, 0,[]],

[ 51, 5, 0,[ 43]],

[ 33, 45, 0,[]],

[ 61, 15, 0,[]],

[ 28, 15, 0,[]],

[ 65, 5, 0,[ 11, 72]],

[ 98, 15, 0,[ 22, 0, 32]],

[ 9, 55, 1,[ 6, 63, 17, 7]],

[ 91, 15, 0,[]],

[ 8, 65, 0,[ 72]],

[ 80, 85, 0,[]],

[ 95, 85, 0,[ 13, 90]],

[ 72, 65, 0,[ 65, 89, 26, 8]],

[ 87, 55, 0,[]],

[ 55, 15, 0,[]],

[ 49, 15, 0,[]],

[ 30, 15, 0,[ 10, 54, 85, 13]],

[ 58, 15, 1,[ 44, 77, 6]],

[ 15, 15, 0,[ 70, 23]],

[ 41, 15, 0,[]],

[ 76, 65, 0,[ 89, 63]],

[ 54, 15, 0,[ 93, 30, 74]],

[ 53, 15, 0,[ 62, 45, 84, 1]],

[ 2, 85, 1,[ 79, 1, 88, 25, 22, 4, 0, 16, 62, 70]],

[ 12, 15, 0,[ 0]],

[ 37, 65, 0,[ 0, 26]],

[ 75, 15, 0,[]],

[ 93, 15, 0,[ 54]],

[ 43, 5, 0,[ 51, 3, 26]],

[ 68, 45, 0,[]],

[ 45, 15, 0,[ 53, 19]],

[ 22, 15, 0,[ 2, 98]],

[ 79, 45, 1,[ 64, 2, 56, 63, 16, 6, 11]],

[ 20, 15, 0,[]],

[ 99, 65, 0,[ 4, 92]],

[ 77, 15, 0,[ 11, 58]],

[ 83, 85, 0,[]],

[ 60, 15, 0,[]],

[ 63, 45, 0,[ 9, 79, 76]],

[ 38, 65, 0,[ 92]],

[ 97, 85, 0,[ 90, 11, 86]],

[ 23, 85, 0,[ 26, 15, 47]],

[ 56, 65, 0,[ 79, 26]],

[ 85, 85, 0,[ 47, 30]],

[ 39, 55, 0,[]],

[ 32, 15, 0,[ 84, 26, 98]],

[ 16, 85, 0,[ 79, 2]],

[ 88, 5, 0,[ 2, 40, 11]],

[ 52, 45, 0,[ 81, 11, 73]],

[ 35, 15, 0,[]],

