[ 87, 45, 0,[ 56, 69, 44]],

[ 92, 45, 0,[ 80, 63, 5]],

[ 75, 45, 0,[ 54, 63, 44]],

[ 32, 45, 0,[ 57]],

[ 79, 45, 0,[ 64, 69, 2]],

[ 76, 45, 0,[ 90, 61, 54]],

[ 4, 45, 0,[ 51, 65, 72, 70, 48, 85]],

[ 91, 45, 0,[ 13, 1, 2]],

[ 42, 45, 0,[ 40, 5, 2, 31, 71]],

[ 77, 45, 0,[ 65, 12, 9, 39, 34]],

[ 97, 45, 0,[ 26, 86, 62]],

[ 70, 45, 0,[ 16, 4, 26]],

[ 3, 45, 0,[ 27, 86, 61]],

[ 93, 45, 0,[ 78, 9, 16, 43, 55]],

[ 20, 45, 0,[ 33, 98, 69, 81]],

[ 15, 45, 0,[ 69, 68, 57]],

[ 6, 45, 0,[ 7, 94, 74, 0, 62]],

[ 74, 45, 1,[ 6, 24, 84, 26, 62]],

[ 66, 45, 0,[ 17, 63, 81]],

[ 57, 75, 1,[ 72, 31, 37, 32, 15]],

[ 64, 45, 0,[ 79, 89, 25]],

[ 71, 45, 0,[ 47, 42, 10]],

[ 67, 45, 0,[ 1, 8, 73, 16]],

[ 50, 45, 0,[ 40, 58, 8, 81, 48, 89]],

[ 29, 45, 0,[ 39, 53, 47]],

[ 86, 45, 1,[ 3, 65, 94, 53, 97, 60, 80]],

[ 9, 45, 0,[ 62, 93, 77]],

[ 25, 45, 0,[ 59, 14, 44, 64, 18]],

[ 58, 45, 0,[ 50, 61]],

[ 44, 45, 0,[ 87, 25, 41, 75]],

[ 23, 45, 0,[ 56, 55, 99]],

[ 61, 45, 0,[ 76, 18, 30, 58, 26, 3]],

[ 89, 45, 0,[ 64, 39, 50]],

[ 62, 45, 0,[ 96, 72, 9, 74, 97, 6]],

[ 36, 45, 0,[ 33, 13, 31, 2]],

[ 22, 45, 0,[ 0, 21]],

[ 72, 45, 0,[ 4, 62, 7, 57]],

[ 95, 45, 1,[ 83, 88, 43, 98]],

[ 14, 45, 0,[ 25, 30, 80]],

[ 31, 45, 0,[ 36, 57, 42]],

[ 11, 45, 0,[ 1, 51, 46]],

[ 84, 45, 0,[ 74, 0, 16, 30, 49]],

[ 7, 45, 0,[ 6, 1, 72]],

[ 39, 75, 1,[ 89, 29, 77, 73, 10, 16]],

[ 41, 45, 0,[ 88, 35, 60, 44]],

[ 2, 45, 0,[ 91, 36, 42, 79]],

[ 81, 45, 0,[ 90, 50, 66, 20]],

[ 59, 45, 0,[ 25, 37, 5]],

[ 5, 45, 0,[ 42, 59, 92]],

[ 45, 45, 0,[ 28, 47, 1]],

[ 21, 45, 0,[ 22, 46, 8, 53]],

[ 27, 45, 0,[ 17, 3, 38]],

[ 30, 45, 0,[ 46, 61, 14, 82, 84]],

[ 56, 45, 0,[ 37, 23, 87]],

[ 46, 45, 0,[ 21, 30, 35, 11, 68]],

[ 94, 45, 0,[ 98, 86, 6]],

[ 0, 45, 0,[ 6, 10, 22, 84, 43]],

[ 10, 45, 1,[ 71, 0, 24, 96, 39, 18]],

[ 43, 45, 0,[ 0, 93, 95]],

[ 98, 45, 1,[ 20, 83, 94, 47, 95]],

[ 28, 45, 0,[ 45, 99, 16, 52]],

[ 16, 45, 1,[ 39, 84, 49, 24, 70, 68, 67, 28, 13, 93]],

[ 63, 45, 0,[ 75, 92, 99, 66]],

[ 69, 45, 1,[ 15, 87, 20, 79]],

[ 48, 45, 0,[ 96, 50, 4]],

[ 65, 45, 0,[ 86, 4, 77]],

[ 19, 45, 0,[ 60, 12, 52]],

[ 34, 45, 0,[ 60, 90, 82, 13, 77]],

[ 83, 45, 0,[ 95, 52, 98]],

[ 17, 45, 0,[ 78, 66, 49, 27]],

[ 24, 45, 0,[ 16, 10, 74]],

[ 90, 45, 0,[ 76, 81, 34]],

[ 60, 45, 0,[ 41, 86, 34, 19]],

[ 33, 45, 0,[ 47, 52, 20, 36, 40]],

[ 55, 45, 0,[ 93, 23]],

[ 8, 45, 0,[ 21, 67, 82, 50]],

[ 35, 45, 0,[ 41, 38, 46]],

[ 49, 45, 0,[ 84, 17, 16]],

[ 73, 45, 0,[ 85, 67, 39]],

[ 1, 45, 0,[ 91, 85, 45, 11, 67, 7]],

[ 13, 45, 0,[ 91, 36, 16, 34]],

[ 18, 45, 0,[ 10, 25, 61]],

[ 37, 45, 0,[ 57, 59, 56]],

[ 26, 45, 0,[ 70, 74, 61, 97]],

[ 38, 45, 0,[ 85, 51, 27, 35]],

[ 47, 45, 0,[ 29, 45, 98, 71, 33]],

[ 53, 45, 0,[ 21, 85, 86, 29]],

[ 51, 45, 0,[ 38, 11, 4]],

[ 99, 45, 0,[ 28, 23, 63]],

[ 88, 45, 0,[ 54, 41, 95]],

[ 80, 45, 0,[ 86, 92, 14, 54]],

[ 85, 25, 1,[ 53, 4, 1, 12, 38, 73]],

[ 40, 45, 0,[ 33, 42, 50]],

[ 68, 45, 0,[ 15, 46, 16]],

[ 78, 45, 0,[ 17, 93]],

[ 96, 45, 0,[ 10, 48, 62]],

[ 82, 45, 0,[ 34, 8, 30]],

[ 52, 45, 0,[ 19, 33, 28, 83]],

[ 54, 45, 0,[ 75, 88, 76, 80]],

[ 12, 45, 0,[ 85, 77, 19]],

[ 70, 55, 0,[ 9, 87, 35, 14]],

[ 77, 55, 0,[ 58, 57, 88, 79, 30, 39]],

[ 25, 55, 0,[ 37, 49, 51, 65, 56]],

[ 53, 55, 0,[ 69, 98, 28]],

[ 68, 55, 0,[ 2, 84, 90]],

[ 67, 55, 0,[ 92, 54, 74, 76]],

[ 64, 55, 0,[ 18, 28, 32, 63]],

[ 39, 55, 1,[ 83, 52, 3, 22, 42, 77]],

[ 22, 35, 1,[ 37, 28, 33, 98, 39]],

[ 9, 55, 0,[ 8, 0, 70]],

[ 44, 55, 0,[ 17]],

[ 16, 55, 1,[ 49, 47, 3, 20, 81, 59]],

[ 47, 55, 0,[ 16, 48, 66, 91]],

[ 92, 55, 0,[ 17, 18, 80, 7, 67, 50]],

[ 43, 55, 0,[ 60, 10, 71, 95]],

[ 30, 55, 0,[ 18, 77, 12]],

[ 97, 55, 0,[ 83, 14, 1]],

[ 59, 55, 0,[ 80, 16, 21, 12]],

[ 86, 55, 0,[ 0, 83, 94]],

[ 74, 45, 1,[ 45, 67, 63, 81, 24, 90, 41, 27]],

[ 94, 55, 0,[ 86, 12, 19]],

[ 21, 55, 0,[ 15, 59, 63, 57]],

[ 10, 5, 1,[ 43, 78, 87]],

[ 98, 65, 1,[ 53, 66, 73, 75, 96, 57, 22]],

[ 42, 55, 1,[ 39, 38, 85, 62]],

[ 75, 55, 0,[ 19, 98, 17]],

[ 17, 55, 0,[ 1, 92, 56, 93, 44, 75, 19]],

[ 82, 55, 0,[ 33, 60, 34, 45]],

[ 26, 55, 0,[ 40, 2, 3]],

[ 13, 55, 0,[ 83, 40, 71]],

[ 58, 55, 0,[ 78, 8, 77]],

[ 63, 55, 0,[ 74, 21, 64]],

[ 6, 55, 0,[ 11, 35, 27, 83]],

[ 29, 55, 0,[ 23, 62, 50, 66, 65]],

[ 76, 55, 0,[ 62, 67, 85]],

[ 2, 55, 0,[ 81, 68, 26, 89]],

[ 72, 55, 0,[ 99, 89, 5]],

[ 37, 55, 0,[ 25, 22, 38]],

[ 15, 55, 0,[ 84, 55, 11, 21, 24]],

[ 96, 55, 0,[ 79, 98, 81]],

[ 3, 55, 0,[ 26, 16, 39, 60, 8]],

[ 51, 55, 0,[ 32, 25, 18]],

[ 88, 55, 0,[ 85, 95, 77, 27]],

[ 69, 35, 1,[ 53, 31, 83, 14]],

[ 35, 55, 0,[ 70, 6, 38, 89]],

[ 65, 55, 0,[ 31, 29, 25]],

[ 79, 55, 0,[ 77, 80, 20, 96]],

[ 18, 55, 0,[ 64, 85, 51, 30, 92]],

[ 62, 55, 0,[ 42, 29, 76]],

[ 61, 55, 0,[ 20, 0, 1]],

[ 0, 55, 0,[ 34, 86, 9, 61, 99, 46]],

[ 32, 55, 0,[ 78, 51, 64]],

[ 38, 45, 1,[ 57, 93, 42, 35, 99, 37]],

[ 95, 55, 0,[ 4, 88, 43]],

[ 91, 55, 0,[ 47, 48, 71]],

[ 11, 55, 0,[ 50, 5, 23, 6, 15]],

[ 89, 55, 0,[ 20, 35, 72, 2]],

[ 28, 55, 0,[ 64, 84, 53, 22, 48]],

[ 33, 55, 0,[ 22, 4, 36, 54, 56, 82]],

[ 90, 55, 0,[ 68, 84, 74]],

[ 48, 55, 0,[ 47, 28, 91]],

[ 4, 55, 0,[ 33, 95, 85, 14]],

[ 52, 55, 0,[ 93, 39, 57]],

[ 55, 55, 0,[ 15, 50, 31]],

[ 66, 55, 0,[ 29, 98, 12, 47]],

[ 50, 55, 0,[ 46, 7, 92, 11, 55, 29]],

[ 34, 55, 0,[ 0, 82, 73, 5]],

[ 49, 55, 0,[ 25, 81, 16]],

[ 36, 55, 0,[ 45, 8, 33]],

[ 78, 55, 0,[ 10, 32, 58, 54]],

[ 5, 55, 0,[ 11, 72, 34]],

[ 81, 55, 0,[ 96, 16, 74, 2, 49]],

[ 14, 55, 0,[ 69, 70, 97, 4]],

[ 73, 55, 0,[ 20, 57, 34, 98]],

[ 7, 55, 0,[ 23, 84, 50, 71, 92]],

[ 57, 35, 1,[ 8, 77, 38, 98, 85, 73, 21, 52]],

[ 93, 55, 0,[ 17, 40, 52, 38]],

[ 1, 55, 0,[ 99, 97, 61, 17]],

[ 23, 55, 0,[ 7, 11, 29]],

[ 8, 55, 0,[ 58, 57, 36, 3, 9]],

[ 83, 55, 0,[ 97, 39, 69, 86, 6, 13]],

[ 31, 55, 0,[ 12, 65, 69, 55, 40]],

[ 24, 55, 0,[ 74, 15]],

[ 40, 55, 0,[ 31, 93, 13, 99, 26]],

[ 84, 55, 0,[ 15, 90, 7, 28, 68]],

[ 41, 55, 0,[ 74, 46, 99]],

[ 12, 55, 0,[ 30, 59, 31, 66, 94]],

[ 20, 55, 0,[ 79, 16, 73, 61, 89]],

[ 56, 55, 0,[ 25, 33, 17]],

[ 54, 55, 0,[ 78, 67, 33]],

[ 60, 55, 0,[ 82, 3, 43]],

[ 46, 55, 0,[ 41, 50, 0]],

[ 87, 55, 0,[ 71, 70, 10]],

[ 71, 55, 0,[ 13, 43, 7, 91, 87]],

[ 19, 55, 0,[ 17, 75, 94]],

[ 85, 55, 0,[ 4, 76, 42, 18, 57, 88]],

[ 27, 55, 0,[ 6, 88, 74]],

[ 45, 55, 0,[ 82, 74, 36]],

[ 99, 55, 0,[ 40, 41, 1, 0, 38, 72]],

[ 80, 55, 0,[ 59, 79, 92]],

