[ 17, 25, 0,[ 16, 34, 48]],

[ 80, 25, 0,[ 91, 48, 0]],

[ 48, 35, 1,[ 4, 97, 60, 83, 65, 56, 58, 14, 80, 23, 17]],

[ 50, 25, 0,[ 74, 85, 45, 78]],

[ 16, 55, 1,[ 8, 87, 10, 62, 64, 17, 22, 76, 24]],

[ 91, 25, 0,[ 68, 7, 80]],

[ 70, 25, 0,[ 0, 60, 35, 63, 82]],

[ 31, 25, 0,[ 5, 63, 85, 54]],

[ 38, 75, 1,[ 41, 6, 74, 66, 42, 1, 65]],

[ 8, 25, 0,[ 16, 74, 67]],

[ 10, 25, 1,[ 81, 71, 16, 7]],

[ 52, 25, 0,[ 21, 54, 51]],

[ 88, 25, 0,[ 9, 99, 86]],

[ 98, 25, 1,[ 1, 25, 64, 94, 67]],

[ 1, 25, 0,[ 98, 38, 53, 28]],

[ 81, 25, 0,[ 72, 10, 65, 34]],

[ 59, 25, 0,[ 37, 40, 12, 34]],

[ 83, 25, 0,[ 73, 48, 57]],

[ 18, 25, 0,[ 67, 19, 54, 27]],

[ 94, 25, 0,[ 98, 47, 2]],

[ 36, 25, 0,[ 3, 79, 14, 46]],

[ 47, 25, 0,[ 94, 77, 66]],

[ 77, 25, 0,[ 47, 68, 89]],

[ 78, 25, 0,[ 93, 61, 74, 50]],

[ 30, 25, 0,[ 26, 74, 5]],

[ 63, 25, 0,[ 86, 96, 76, 70, 31]],

[ 89, 25, 0,[ 60, 82, 77, 41]],

[ 71, 25, 0,[ 84, 33, 10]],

[ 74, 75, 1,[ 38, 50, 30, 20, 8, 78, 25, 93]],

[ 19, 25, 0,[ 57, 64, 18]],

[ 41, 25, 0,[ 38, 39, 89]],

[ 56, 25, 0,[ 92, 43, 48, 97]],

[ 6, 25, 0,[ 90, 93, 38, 99]],

[ 11, 25, 0,[ 13, 95, 24]],

[ 3, 25, 0,[ 90, 36, 40]],

[ 82, 25, 0,[ 85, 70, 89, 26]],

[ 92, 25, 0,[ 86, 56, 9]],

[ 28, 25, 0,[ 75, 22, 61, 1]],

[ 24, 25, 0,[ 11, 69, 16, 43]],

[ 34, 25, 0,[ 59, 22, 17, 81]],

[ 84, 25, 0,[ 7, 71, 66]],

[ 64, 25, 0,[ 19, 98, 4, 16, 12]],

[ 9, 25, 0,[ 88, 96, 92]],

[ 55, 25, 0,[ 20, 96, 49]],

[ 67, 25, 0,[ 62, 18, 8, 72, 98]],

[ 29, 25, 0,[ 13, 72, 23]],

[ 79, 25, 0,[ 86, 95, 36]],

[ 60, 25, 0,[ 40, 48, 51, 70, 89]],

[ 96, 25, 0,[ 55, 9, 21, 63, 53]],

[ 75, 25, 0,[ 37, 32, 28]],

[ 14, 25, 0,[ 40, 48, 36]],

[ 0, 25, 0,[ 80, 86, 70]],

[ 13, 25, 0,[ 40, 11, 29]],

[ 4, 25, 0,[ 64, 68, 22, 48]],

[ 2, 25, 0,[ 23, 94, 42]],

[ 87, 25, 0,[ 16, 86, 44]],

[ 45, 25, 0,[ 65, 50, 20, 54, 27]],

[ 68, 25, 0,[ 4, 91, 77, 99]],

[ 72, 25, 0,[ 67, 29, 81]],

[ 66, 25, 0,[ 47, 84, 38, 40]],

[ 35, 25, 0,[ 22, 70, 40]],

[ 90, 25, 0,[ 86, 3, 6]],

[ 54, 25, 0,[ 45, 52, 18, 31]],

[ 37, 25, 0,[ 62, 59, 75, 69]],

[ 15, 25, 0,[ 95, 69, 22]],

[ 62, 25, 0,[ 16, 37, 67]],

[ 51, 25, 0,[ 52, 60, 23]],

[ 22, 15, 1,[ 28, 73, 35, 97, 15, 16, 34, 4]],

[ 99, 25, 0,[ 49, 68, 88, 6]],

[ 21, 25, 0,[ 96, 86, 52, 53]],

[ 27, 25, 0,[ 43, 76, 18, 45]],

[ 12, 25, 0,[ 39, 64, 59]],

[ 76, 25, 0,[ 27, 16, 63]],

[ 46, 25, 0,[ 49, 5, 36]],

[ 7, 25, 0,[ 10, 25, 84, 91, 57]],

[ 42, 25, 0,[ 38, 5, 2]],

[ 86, 95, 1,[ 90, 0, 79, 63, 21, 92, 88, 87]],

[ 53, 25, 0,[ 1, 96, 21]],

[ 43, 25, 0,[ 33, 56, 24, 27]],

[ 65, 25, 0,[ 81, 32, 38, 48, 45]],

[ 33, 25, 0,[ 71, 43, 69]],

[ 61, 25, 0,[ 95, 28, 78]],

[ 40, 25, 0,[ 26, 14, 60, 66, 59, 35, 13, 3]],

[ 23, 25, 0,[ 48, 51, 2, 29]],

[ 32, 25, 0,[ 85, 93, 65, 75]],

[ 69, 25, 0,[ 37, 24, 33, 58, 15]],

[ 49, 25, 0,[ 55, 44, 99, 46]],

[ 44, 25, 0,[ 49, 87, 26]],

[ 25, 25, 0,[ 98, 74, 7]],

[ 39, 25, 1,[ 5, 20, 12, 41]],

[ 20, 25, 0,[ 45, 74, 39, 55]],

[ 97, 25, 0,[ 48, 22, 56]],

[ 85, 25, 0,[ 31, 50, 82, 73, 32]],

[ 93, 25, 0,[ 95, 6, 74, 32, 78]],

[ 26, 25, 0,[ 44, 95, 82, 40, 30]],

[ 58, 25, 0,[ 5, 48, 69]],

[ 5, 25, 0,[ 39, 31, 58, 42, 30, 46]],

[ 95, 45, 1,[ 61, 93, 15, 79, 11, 26]],

[ 73, 25, 0,[ 85, 83, 22]],

[ 57, 25, 0,[ 19, 83, 7]],

