[ 56, 35, 0,[ 11, 26, 89]],

[ 62, 75, 0,[ 79, 20, 11]],

[ 10, 35, 0,[ 26]],

[ 79, 75, 1,[ 22, 71, 87, 9, 1, 5, 82, 15, 52, 28, 94, 46, 18, 76, 62, 86, 4, 37, 58, 44, 3, 98, 40, 51, 75, 49, 65]],

[ 26, 5, 1,[ 80, 55, 31, 56, 51, 29, 17, 66, 12, 90, 13, 1, 52, 28, 14, 10, 18, 61, 19, 36, 94, 33, 83, 71, 27, 25, 86, 23, 85, 54, 73, 50]],

[ 39, 35, 0,[ 89]],

[ 37, 35, 0,[ 79, 68, 2, 25]],

[ 29, 35, 0,[ 26, 11]],

[ 94, 35, 0,[ 79, 26, 11]],

[ 41, 35, 0,[ 2, 11, 89]],

[ 9, 35, 0,[ 11, 79, 89]],

[ 76, 35, 0,[ 79, 2]],

[ 75, 35, 0,[ 79]],

[ 25, 35, 0,[ 26, 37, 77]],

[ 80, 35, 0,[ 26, 89, 0]],

[ 28, 35, 0,[ 79, 26]],

[ 74, 35, 0,[ 11, 0]],

[ 69, 35, 0,[ 2, 81, 11, 38]],

[ 3, 35, 0,[ 79, 89, 2]],

[ 82, 75, 0,[ 79, 89]],

[ 44, 35, 0,[ 89, 11, 79]],

[ 53, 35, 0,[ 11, 65]],

[ 90, 35, 0,[ 26, 89, 11]],

[ 87, 35, 0,[ 79]],

[ 23, 35, 0,[ 49, 2, 26]],

[ 58, 35, 0,[ 79, 47, 11]],

[ 99, 35, 0,[ 0, 89, 2]],

[ 38, 35, 0,[ 2, 69, 11]],

[ 15, 75, 0,[ 89, 2, 79]],

[ 55, 35, 0,[ 26, 11, 2]],

[ 0, 75, 1,[ 43, 70, 67, 50, 35, 64, 12, 2, 59, 19, 88, 78, 92, 80, 74, 24, 83, 14, 77, 93, 34, 33, 31, 32, 85, 96, 8, 63, 99]],

[ 83, 75, 0,[ 26, 11, 0]],

[ 81, 15, 1,[ 70, 72, 6, 20, 78, 27, 17, 16, 42, 69, 64, 95]],

[ 64, 35, 0,[ 81, 0, 42]],

[ 33, 75, 0,[ 0, 26]],

[ 47, 35, 0,[ 58, 89]],

[ 18, 75, 0,[ 26, 79]],

[ 19, 75, 0,[ 2, 26, 0]],

[ 54, 35, 0,[ 11, 2, 26]],

[ 21, 35, 0,[ 89, 11, 70]],

[ 8, 35, 1,[ 0, 11, 67]],

[ 6, 35, 0,[ 11, 81, 2]],

[ 68, 35, 0,[ 11, 89, 37]],

[ 60, 35, 0,[ 2, 89, 35]],

[ 16, 35, 0,[ 2, 81, 5]],

[ 42, 35, 0,[ 63, 81, 89, 64]],

[ 77, 35, 0,[ 25, 0, 2]],

[ 22, 35, 0,[ 11, 89, 79]],

[ 57, 35, 0,[ 66, 2]],

[ 91, 35, 0,[ 2, 11]],

[ 61, 35, 0,[ 89, 26, 2]],

[ 65, 35, 1,[ 7, 53, 79]],

[ 43, 35, 0,[ 0, 2, 89]],

[ 27, 35, 0,[ 26, 89, 81]],

[ 73, 35, 0,[ 2, 26, 11]],

[ 12, 75, 0,[ 26, 0, 2]],

[ 7, 35, 1,[ 65, 11, 89]],

[ 93, 35, 0,[ 2, 89, 0]],

[ 98, 35, 0,[ 2, 79, 48]],

[ 1, 35, 0,[ 26, 79, 2]],

[ 96, 35, 0,[ 89, 11, 0]],

[ 72, 35, 0,[ 11, 81, 2]],

[ 2, 25, 1,[ 46, 0, 1, 76, 37, 61, 41, 88, 57, 12, 99, 69, 24, 60, 40, 4, 6, 98, 3, 36, 15, 38, 50, 91, 23, 43, 93, 30, 16, 19, 73, 86, 54, 77, 55, 72]],

[ 20, 35, 0,[ 89, 81, 11, 62]],

[ 97, 35, 0,[ 89, 11, 13, 84]],

[ 45, 35, 0,[ 89]],

[ 46, 35, 0,[ 89, 2, 79]],

[ 32, 35, 0,[ 0, 11]],

[ 13, 35, 0,[ 97, 26, 11]],

[ 48, 35, 0,[ 11, 89, 98]],

[ 66, 35, 0,[ 26, 11, 57]],

[ 11, 55, 1,[ 21, 49, 56, 68, 44, 30, 7, 73, 96, 62, 36, 6, 83, 34, 29, 95, 90, 13, 20, 24, 66, 55, 94, 72, 58, 91, 9, 41, 38, 88, 35, 22, 59, 54, 8, 69, 67, 32, 97, 48, 53, 74, 17]],

[ 86, 35, 0,[ 26, 79, 2]],

[ 84, 35, 0,[ 78, 88, 97]],

[ 63, 35, 0,[ 0, 42, 89]],

[ 67, 35, 0,[ 8, 11, 0]],

[ 59, 35, 0,[ 0, 89, 11]],

[ 92, 35, 0,[ 0]],

[ 4, 35, 0,[ 89, 2, 79]],

[ 50, 35, 0,[ 0, 26, 2]],

[ 88, 75, 0,[ 0, 84, 2, 11]],

[ 51, 35, 0,[ 89, 26, 79]],

[ 14, 75, 0,[ 0, 26, 89]],

[ 5, 35, 0,[ 89, 16, 79]],

[ 85, 75, 0,[ 0, 89, 26]],

[ 30, 35, 0,[ 89, 11, 2]],

[ 17, 35, 0,[ 26, 11, 81]],

[ 71, 35, 0,[ 79, 26, 89]],

[ 40, 35, 0,[ 79, 2]],

[ 31, 35, 0,[ 89, 0, 26]],

[ 52, 35, 0,[ 79, 26]],

[ 36, 35, 0,[ 11, 2, 26]],

[ 78, 35, 0,[ 84, 0, 81]],

[ 34, 35, 0,[ 11, 0, 89]],

[ 24, 35, 0,[ 0, 2, 11]],

[ 95, 35, 0,[ 11, 89, 81]],

[ 35, 35, 0,[ 0, 11, 60]],

[ 49, 35, 0,[ 79, 23, 11]],

[ 70, 75, 0,[ 81, 89, 0, 21]],

[ 89, 45, 1,[ 31, 20, 90, 59, 56, 34, 99, 21, 68, 97, 42, 48, 96, 63, 47, 7, 60, 51, 95, 61, 93, 43, 44, 71, 82, 39, 70, 3, 22, 30, 85, 14, 4, 46, 9, 41, 15, 45, 80, 5, 27]],

