[ 14, 15, 0,[ 39, 4, 38]],

[ 33, 15, 0,[ 80, 8, 77]],

[ 99, 15, 0,[ 79, 92, 2, 78]],

[ 22, 15, 0,[ 36, 84, 67, 5, 63]],

[ 98, 15, 0,[ 65, 57, 95, 79]],

[ 76, 15, 0,[ 3, 96, 7, 27, 44, 73]],

[ 51, 15, 0,[ 23, 29, 31, 82, 30]],

[ 94, 15, 0,[ 61, 3, 12]],

[ 38, 15, 0,[ 5, 14, 85, 0]],

[ 36, 15, 0,[ 22, 90, 4, 0]],

[ 50, 15, 0,[ 45, 42, 40]],

[ 72, 15, 0,[ 64, 43, 54]],

[ 43, 15, 0,[ 72, 65, 24, 32, 16]],

[ 16, 15, 0,[ 68, 47, 43]],

[ 7, 15, 0,[ 30, 76, 26]],

[ 26, 65, 1,[ 32, 7, 35, 23]],

[ 69, 15, 0,[ 62, 52, 28, 21]],

[ 35, 15, 0,[ 20, 26, 90]],

[ 91, 15, 0,[ 95, 89, 93]],

[ 17, 15, 0,[ 64, 77, 53]],

[ 4, 45, 1,[ 6, 87, 14, 36, 19, 37, 70, 89]],

[ 84, 15, 0,[ 22, 96, 90]],

[ 47, 15, 0,[ 41, 16, 63]],

[ 31, 15, 0,[ 59, 51, 3]],

[ 64, 15, 0,[ 20, 17, 72, 92, 56]],

[ 60, 15, 0,[ 62, 74, 9, 61]],

[ 45, 15, 0,[ 10, 30, 50, 79]],

[ 97, 15, 0,[ 8, 66, 59]],

[ 32, 15, 0,[ 43, 26, 83]],

[ 63, 15, 0,[ 47, 22, 11]],

[ 37, 15, 0,[ 18, 4, 23]],

[ 55, 15, 0,[ 29, 24, 34]],

[ 53, 15, 0,[ 93, 17, 65]],

[ 23, 15, 0,[ 37, 51, 20, 26]],

[ 41, 15, 0,[ 15, 10, 6, 47]],

[ 95, 15, 0,[ 67, 2, 98, 48, 91, 40]],

[ 96, 55, 1,[ 62, 56, 78, 81, 76, 84, 21]],

[ 90, 15, 0,[ 35, 84, 36]],

[ 49, 15, 0,[ 19, 8]],

[ 54, 15, 0,[ 39, 6, 72]],

[ 73, 15, 0,[ 76, 3, 81]],

[ 19, 15, 0,[ 86, 81, 83, 4, 49]],

[ 12, 15, 0,[ 88, 1, 94]],

[ 46, 15, 0,[ 78, 68, 85]],

[ 65, 15, 1,[ 43, 53, 21, 98, 25]],

[ 8, 15, 0,[ 2, 61, 97, 49, 33]],

[ 30, 15, 0,[ 51, 18, 45, 7]],

[ 57, 15, 0,[ 98, 29, 2]],

[ 15, 15, 0,[ 41, 92, 52, 9]],

[ 48, 15, 0,[ 29, 95, 10]],

[ 9, 15, 0,[ 60, 42, 15]],

[ 56, 15, 0,[ 64, 59, 96]],

[ 74, 15, 0,[ 80, 60, 39]],

[ 1, 15, 0,[ 89, 12, 75]],

[ 28, 15, 0,[ 88, 10, 69, 58]],

[ 29, 15, 0,[ 48, 57, 55, 61, 25, 51, 39]],

[ 13, 15, 0,[ 34, 66, 68, 87]],

[ 39, 15, 0,[ 85, 54, 74, 14, 29, 11]],

[ 85, 15, 0,[ 46, 39, 38]],

[ 78, 15, 0,[ 46, 99, 96]],

[ 0, 5, 1,[ 75, 24, 36, 2, 38, 25]],

[ 58, 15, 0,[ 5, 20, 28]],

[ 79, 15, 1,[ 45, 11, 99, 59, 98, 2]],

[ 77, 15, 0,[ 17, 33, 27, 68, 10]],

[ 34, 15, 0,[ 55, 20, 70, 13]],

[ 40, 15, 0,[ 75, 95, 50]],

[ 27, 15, 0,[ 76, 86, 93, 77]],

[ 21, 15, 0,[ 69, 52, 96, 65]],

[ 52, 15, 0,[ 69, 15, 21]],

[ 59, 15, 0,[ 97, 18, 79, 56, 31]],

[ 6, 15, 0,[ 4, 54, 41]],

[ 81, 95, 1,[ 96, 19, 73]],

[ 83, 15, 0,[ 19, 32, 89]],

[ 68, 15, 0,[ 46, 16, 13, 44, 77]],

[ 87, 15, 0,[ 4, 13, 82]],

[ 92, 15, 0,[ 64, 15, 99]],

[ 2, 45, 1,[ 79, 95, 99, 57, 42, 8, 89, 66, 0]],

[ 82, 15, 0,[ 51, 87]],

[ 75, 15, 0,[ 1, 0, 40]],

[ 3, 15, 0,[ 31, 73, 94, 76]],

[ 18, 15, 0,[ 30, 37, 59]],

[ 42, 15, 0,[ 9, 50, 70, 2]],

[ 93, 15, 0,[ 91, 27, 53]],

[ 62, 15, 0,[ 69, 60, 96]],

[ 20, 15, 0,[ 34, 35, 58, 64, 23]],

[ 80, 15, 0,[ 74, 70, 33, 71]],

[ 71, 15, 0,[ 80, 11, 67]],

[ 89, 65, 1,[ 91, 4, 83, 2, 44, 1]],

[ 44, 15, 0,[ 89, 68, 76]],

[ 24, 15, 0,[ 0, 55, 43]],

[ 66, 15, 0,[ 13, 2, 97]],

[ 61, 15, 0,[ 94, 8, 29, 60]],

[ 67, 15, 0,[ 22, 71, 95]],

[ 88, 15, 0,[ 12, 86, 28]],

[ 10, 15, 0,[ 77, 41, 48, 45, 28]],

[ 25, 15, 0,[ 29, 65, 0]],

[ 70, 15, 0,[ 42, 34, 4, 80]],

[ 5, 15, 0,[ 22, 58, 38]],

[ 86, 15, 0,[ 88, 19, 27]],

[ 11, 5, 1,[ 79, 63, 71, 39]],

[ 67, 5, 0,[ 79, 53, 92]],

[ 51, 5, 0,[ 81, 72, 46]],

[ 2, 5, 1,[ 79, 48, 77, 94, 0, 24, 54, 36]],

[ 58, 5, 0,[ 56, 5, 92]],

[ 13, 5, 0,[ 0, 68, 22]],

[ 41, 5, 0,[ 16, 90, 53]],

[ 90, 5, 0,[ 91, 88, 41]],

[ 85, 5, 0,[ 60, 38, 37]],

[ 94, 5, 0,[ 2, 20, 96]],

[ 93, 5, 0,[ 16, 76, 26, 4, 81]],

[ 56, 5, 0,[ 1, 96, 58]],

[ 83, 5, 0,[ 78, 0, 42]],

[ 0, 85, 1,[ 66, 83, 14, 2, 91, 13, 65, 27]],

[ 35, 5, 0,[ 36, 33, 69]],

[ 80, 5, 0,[ 40, 4, 49]],

[ 49, 5, 0,[ 37, 80, 21]],

[ 24, 5, 0,[ 34, 3, 2]],

[ 1, 5, 0,[ 56, 45, 32, 68]],

[ 97, 5, 0,[ 43, 45, 31, 8]],

[ 28, 5, 0,[ 29, 17, 84]],

[ 16, 5, 0,[ 41, 77, 63, 93]],

[ 64, 5, 0,[ 63, 86, 95]],

[ 42, 5, 0,[ 39, 83, 17]],

[ 19, 5, 0,[ 81, 57]],

[ 20, 5, 0,[ 65, 94, 34]],

[ 45, 5, 0,[ 97, 44, 3, 1]],

[ 55, 5, 0,[ 60, 4, 70]],

[ 65, 5, 1,[ 98, 10, 12, 11, 71, 78, 0, 20, 99]],

[ 66, 5, 0,[ 82, 0, 96, 22]],

[ 70, 5, 0,[ 55, 96, 7]],

[ 33, 5, 0,[ 92, 12, 35, 63]],

[ 31, 5, 0,[ 97, 89, 26]],

[ 77, 5, 0,[ 14, 2, 12, 17, 88, 16]],

[ 7, 5, 0,[ 34, 70, 75, 38]],

[ 54, 95, 1,[ 44, 99, 2]],

[ 25, 5, 0,[ 52, 61, 86]],

[ 60, 5, 0,[ 85, 55, 89, 59]],

[ 89, 5, 0,[ 95, 63, 31, 44, 60]],

[ 9, 5, 0,[ 15, 4, 57]],

[ 4, 5, 1,[ 53, 74, 46, 9, 27, 12, 55, 82, 80, 93, 37]],

[ 88, 5, 0,[ 90, 30, 77]],

[ 43, 5, 0,[ 76, 12, 97, 71]],

[ 39, 5, 0,[ 36, 42, 81]],

[ 62, 5, 0,[ 10, 87, 99]],

[ 44, 5, 0,[ 45, 89, 54]],

[ 37, 5, 0,[ 4, 85, 49]],

[ 3, 5, 0,[ 81, 24, 45]],

[ 38, 5, 0,[ 85, 69, 7]],

[ 17, 5, 0,[ 77, 28, 42, 99]],

[ 32, 5, 0,[ 47, 1, 48]],

[ 95, 5, 0,[ 64, 73, 30, 89, 6]],

[ 76, 5, 0,[ 43, 93, 50]],

[ 87, 5, 0,[ 50, 62, 8]],

[ 11, 85, 1,[ 61, 84, 79, 65, 86, 46, 50, 75]],

[ 27, 5, 0,[ 4, 15, 61, 0]],

[ 40, 5, 0,[ 26, 80, 86]],

[ 26, 45, 1,[ 6, 79, 93, 22, 81, 31, 59, 40, 86]],

[ 96, 55, 1,[ 79, 66, 81, 56, 94, 70]],

[ 72, 5, 0,[ 51, 18, 79]],

[ 6, 5, 0,[ 95, 26, 79]],

[ 5, 5, 0,[ 73, 23, 58]],

[ 98, 5, 0,[ 8, 65, 73]],

[ 8, 5, 0,[ 98, 87, 97]],

[ 52, 5, 0,[ 25, 21, 91, 79]],

[ 46, 5, 0,[ 11, 51, 4]],

[ 71, 5, 0,[ 81, 43, 65]],

[ 12, 5, 0,[ 65, 43, 33, 4, 77]],

[ 29, 5, 0,[ 28, 61]],

[ 79, 5, 1,[ 67, 26, 72, 6, 96, 59, 2, 52, 11]],

[ 53, 5, 0,[ 67, 4, 41]],

[ 74, 5, 0,[ 4, 99, 91]],

[ 86, 5, 0,[ 26, 11, 64, 40, 25]],

[ 92, 5, 0,[ 33, 67, 58, 78]],

[ 59, 5, 0,[ 60, 26, 79]],

[ 91, 5, 0,[ 74, 0, 52, 90]],

[ 21, 5, 0,[ 48, 49, 52]],

[ 68, 5, 0,[ 15, 13, 1]],

[ 22, 5, 0,[ 26, 66, 13]],

[ 36, 5, 0,[ 35, 39, 2]],

[ 15, 5, 0,[ 10, 68, 27, 9, 75]],

[ 99, 5, 0,[ 62, 74, 54, 17, 65]],

[ 18, 5, 0,[ 84, 72, 47]],

[ 14, 5, 0,[ 77, 0, 57]],

[ 69, 5, 0,[ 38, 35, 23]],

[ 10, 5, 0,[ 65, 62, 15]],

[ 57, 5, 0,[ 9, 19, 14]],

[ 23, 5, 0,[ 5, 34, 69]],

[ 34, 5, 0,[ 24, 20, 23, 7]],

[ 61, 5, 0,[ 25, 29, 27, 11]],

[ 82, 5, 0,[ 4, 66, 47]],

[ 84, 5, 0,[ 18, 28, 11, 47]],

[ 47, 5, 0,[ 32, 18, 82, 84]],

[ 63, 5, 0,[ 89, 16, 64, 33]],

[ 81, 5, 1,[ 96, 51, 71, 26, 3, 93, 30, 39, 19]],

[ 30, 5, 0,[ 81, 95, 88]],

[ 73, 5, 0,[ 95, 5, 98, 48]],

[ 78, 5, 0,[ 92, 83, 65]],

[ 75, 5, 0,[ 11, 7, 15]],

[ 50, 5, 0,[ 11, 76, 87]],

[ 48, 5, 0,[ 21, 32, 2, 73]],

