[ 15, 15, 0,[ 26, 58]],

[ 13, 5, 0,[ 85, 58, 56]],

[ 26, 35, 1,[ 77, 94, 74, 76, 99, 27, 97, 43, 19, 0, 90, 79, 1, 58, 40, 41, 35, 66, 70, 31, 15, 36, 67]],

[ 55, 15, 0,[ 7, 54, 58]],

[ 35, 5, 0,[ 58, 91, 26]],

[ 9, 55, 0,[ 58, 25]],

[ 92, 5, 0,[ 58]],

[ 88, 5, 0,[ 58, 81]],

[ 8, 55, 0,[ 68]],

[ 48, 5, 0,[ 25, 17, 58]],

[ 98, 5, 0,[ 7, 58]],

[ 81, 55, 1,[ 21, 47, 66, 42, 52, 45, 88, 94, 67]],

[ 57, 5, 0,[ 80, 45]],

[ 14, 15, 0,[ 68, 11, 3]],

[ 74, 5, 0,[ 58, 51, 26]],

[ 84, 5, 0,[ 0, 58]],

[ 95, 5, 0,[ 58, 11]],

[ 93, 5, 0,[ 4, 11]],

[ 63, 15, 0,[ 54, 4, 58]],

[ 7, 55, 0,[ 58, 10, 55, 98]],

[ 53, 5, 0,[]],

[ 75, 5, 0,[]],

[ 29, 5, 0,[ 54, 58]],

[ 87, 55, 0,[ 5, 58, 80, 2]],

[ 16, 15, 0,[ 11, 58, 4]],

[ 11, 35, 1,[ 44, 60, 86, 14, 95, 28, 72, 16, 22, 18, 51, 10, 93, 37, 52, 32, 38, 96]],

[ 67, 5, 0,[ 40, 26, 81]],

[ 19, 5, 0,[ 4, 58, 26]],

[ 18, 55, 0,[ 2, 11]],

[ 40, 15, 0,[ 67, 58, 26]],

[ 21, 5, 0,[ 58, 81]],

[ 78, 5, 0,[ 58]],

[ 66, 15, 0,[ 81, 58, 26]],

[ 54, 5, 1,[ 63, 29, 55]],

[ 77, 55, 0,[ 4, 26]],

[ 28, 5, 0,[ 1, 11]],

[ 50, 5, 0,[]],

[ 34, 15, 0,[ 58]],

[ 46, 5, 0,[ 58, 97]],

[ 47, 5, 0,[ 58, 81]],

[ 60, 5, 0,[ 4, 11, 58]],

[ 97, 35, 0,[ 58, 26, 46]],

[ 65, 5, 0,[ 4, 58]],

[ 64, 5, 0,[ 4, 58]],

[ 70, 5, 0,[ 68, 26]],

[ 25, 5, 0,[ 48, 9, 58]],

[ 32, 55, 0,[ 37, 11]],

[ 4, 55, 1,[ 43, 10, 91, 0, 72, 23, 77, 64, 63, 93, 65, 86, 16, 19, 62, 49, 6, 60]],

[ 23, 5, 0,[ 49, 85, 4, 58]],

[ 94, 15, 0,[ 58, 26, 81]],

[ 72, 5, 0,[ 58, 4, 11]],

[ 39, 15, 0,[ 58]],

[ 38, 5, 0,[ 58, 11]],

[ 52, 5, 0,[ 81, 11]],

[ 1, 55, 0,[ 79, 28, 58, 26]],

[ 10, 55, 0,[ 11, 7, 96, 4]],

[ 49, 15, 1,[ 23, 0, 61, 12, 44, 24, 4]],

[ 83, 55, 0,[ 58, 61]],

[ 90, 5, 0,[ 26, 68]],

[ 61, 55, 0,[ 49, 58, 83]],

[ 5, 55, 0,[ 71, 87, 58]],

[ 0, 15, 1,[ 4, 84, 49, 26]],

[ 96, 5, 0,[ 11, 10]],

[ 43, 5, 0,[ 4, 26, 2]],

[ 89, 5, 0,[ 68, 58]],

[ 59, 55, 0,[ 58]],

[ 85, 5, 0,[ 23, 58, 13]],

[ 62, 5, 0,[ 4, 58]],

[ 73, 5, 0,[ 58]],

[ 79, 55, 0,[ 1, 26]],

[ 24, 5, 0,[ 49, 58]],

[ 37, 5, 0,[ 32, 11]],

[ 45, 5, 0,[ 57, 58, 81]],

[ 51, 15, 0,[ 58, 11, 74]],

[ 20, 5, 0,[ 68, 58]],

[ 27, 55, 0,[ 58, 26]],

[ 12, 15, 0,[ 58, 68, 49]],

[ 76, 5, 0,[ 26, 58]],

[ 80, 55, 0,[ 57, 87, 58]],

[ 69, 5, 0,[]],

[ 68, 55, 1,[ 89, 56, 30, 41, 20, 17, 90, 2, 31, 8, 14, 70, 12]],

[ 41, 5, 0,[ 68, 58, 26]],

[ 44, 5, 0,[ 11, 49, 58]],

[ 31, 5, 0,[ 68, 26, 58]],

[ 99, 55, 0,[ 26, 58]],

[ 30, 5, 0,[ 68, 58]],

[ 3, 5, 0,[ 14, 58]],

[ 71, 5, 0,[ 5]],

[ 42, 15, 0,[ 6, 81]],

[ 33, 55, 0,[ 58]],

[ 58, 85, 1,[ 1, 73, 46, 59, 30, 13, 95, 34, 22, 63, 83, 35, 85, 19, 74, 33, 20, 3, 82, 51, 91, 64, 97, 41, 60, 55, 45, 47, 12, 48, 16, 39, 99, 27, 17, 25, 78, 6, 31, 15, 21, 87, 26, 23, 24, 61, 38, 62, 5, 76, 44, 72, 84, 89, 9, 86, 80, 7, 66, 65, 29, 94, 40, 88, 98, 92]],

[ 36, 5, 0,[ 26]],

[ 17, 15, 0,[ 48, 58, 68]],

[ 86, 5, 0,[ 58, 11, 4]],

[ 6, 5, 0,[ 4, 58, 42]],

[ 91, 15, 0,[ 4, 58, 35]],

[ 2, 5, 1,[ 18, 43, 22, 68, 87]],

[ 82, 15, 0,[ 58]],

[ 22, 15, 0,[ 2, 11, 58]],

[ 56, 5, 0,[ 68, 13]],

