[ 37, 35, 0,[ 27, 95, 60, 48]],

[ 53, 35, 0,[ 59, 57, 18]],

[ 16, 35, 0,[ 17, 87, 68]],

[ 34, 35, 0,[ 39, 43]],

[ 76, 35, 0,[ 11, 6, 5, 59]],

[ 98, 95, 1,[ 5, 65, 8, 27]],

[ 96, 35, 0,[ 79, 6]],

[ 19, 35, 0,[ 11, 69, 12, 88]],

[ 81, 35, 0,[ 91, 31, 6]],

[ 79, 35, 0,[ 95, 6, 96]],

[ 27, 35, 0,[ 18, 66, 98, 28, 37]],

[ 59, 35, 0,[ 53, 70, 67, 76, 91]],

[ 69, 35, 1,[ 66, 19, 63]],

[ 45, 35, 0,[ 50, 55, 18]],

[ 39, 65, 1,[ 7, 75, 34, 28, 63, 50]],

[ 12, 35, 0,[ 84, 19, 24]],

[ 8, 35, 0,[ 29, 98, 54, 83]],

[ 71, 35, 0,[ 5, 97, 65]],

[ 61, 35, 0,[ 43, 5, 51, 55]],

[ 62, 35, 0,[ 4, 5, 77]],

[ 29, 35, 0,[ 8, 42, 40, 35]],

[ 51, 35, 0,[ 57, 89, 61, 73]],

[ 0, 35, 0,[ 11, 44, 77, 42, 3]],

[ 72, 35, 0,[ 78, 87, 92, 70, 97]],

[ 28, 35, 0,[ 46, 74, 27, 39, 21]],

[ 1, 35, 0,[ 44, 93, 95]],

[ 92, 35, 0,[ 86, 93, 72]],

[ 83, 35, 0,[ 64, 8, 18]],

[ 26, 35, 0,[ 95, 44, 58, 23, 7, 52]],

[ 11, 35, 0,[ 0, 19, 76, 35]],

[ 9, 35, 0,[ 48, 57, 86]],

[ 54, 35, 0,[ 94, 8, 91]],

[ 73, 35, 0,[ 42, 14, 51]],

[ 5, 35, 0,[ 4, 61, 95, 62, 98, 76, 71]],

[ 82, 35, 0,[ 20, 67, 65]],

[ 10, 35, 1,[ 66, 25]],

[ 30, 35, 0,[ 48, 31, 40]],

[ 74, 35, 1,[ 52, 89, 58, 28, 57, 32]],

[ 52, 35, 0,[ 25, 74, 31, 26]],

[ 4, 35, 0,[ 62, 77, 49, 5]],

[ 17, 35, 0,[ 16, 47, 20, 95, 41, 36]],

[ 48, 45, 1,[ 64, 86, 9, 37, 30, 21, 40, 20]],

[ 63, 35, 0,[ 69, 85, 39]],

[ 43, 35, 0,[ 34, 61, 49]],

[ 56, 35, 0,[ 2, 78, 25]],

[ 47, 35, 0,[ 17, 99, 80]],

[ 70, 35, 0,[ 24, 59, 85, 2, 72, 94]],

[ 99, 35, 0,[ 47, 66, 67]],

[ 44, 35, 0,[ 49, 1, 75, 0, 26]],

[ 60, 35, 0,[ 67, 37, 6]],

[ 15, 35, 0,[ 64]],

[ 67, 35, 0,[ 87, 99, 82, 60, 59]],

[ 7, 35, 0,[ 94, 39, 26]],

[ 23, 35, 0,[ 25, 50, 26]],

[ 90, 35, 0,[ 58, 95, 93]],

[ 86, 35, 1,[ 48, 24, 9, 25, 92]],

[ 95, 85, 1,[ 26, 1, 17, 79, 90, 37, 5, 84, 78]],

[ 94, 35, 0,[ 7, 54, 70]],

[ 68, 35, 0,[ 77, 16, 6]],

[ 6, 35, 0,[ 79, 68, 81, 96, 60, 76]],

[ 85, 35, 0,[ 2, 70, 36, 63]],

[ 89, 35, 0,[ 74, 40, 75, 51]],

[ 78, 35, 0,[ 56, 95, 22, 72]],

[ 58, 35, 0,[ 26, 90, 14, 74]],

[ 2, 35, 0,[ 56, 80, 38, 66, 70, 85, 41]],

[ 38, 35, 0,[ 33, 2]],

[ 32, 35, 0,[ 64, 74, 22]],

[ 36, 35, 0,[ 17, 85, 41, 87]],

[ 18, 35, 0,[ 53, 27, 83, 55, 45]],

[ 65, 35, 0,[ 71, 98, 82, 25]],

[ 77, 35, 0,[ 62, 0, 68, 4, 80, 46]],

[ 13, 35, 0,[ 84, 40]],

[ 42, 35, 0,[ 73, 29, 0]],

[ 97, 35, 0,[ 33, 72, 71]],

[ 21, 35, 0,[ 48, 25, 28]],

[ 91, 35, 0,[ 59, 54, 81]],

[ 24, 35, 0,[ 93, 86, 70, 12]],

[ 41, 35, 0,[ 2, 17, 36]],

[ 64, 35, 0,[ 48, 83, 32, 15]],

[ 87, 35, 0,[ 36, 72, 16, 67]],

[ 3, 35, 0,[ 93, 50, 66, 0]],

[ 55, 35, 0,[ 61, 45, 18]],

[ 80, 35, 0,[ 2, 77, 47]],

[ 49, 35, 0,[ 43, 4, 66, 44, 22, 88]],

[ 22, 35, 0,[ 32, 78, 49]],

[ 84, 35, 0,[ 95, 13, 93, 12]],

[ 14, 35, 0,[ 58, 73]],

[ 75, 35, 0,[ 44, 39, 89]],

[ 50, 35, 0,[ 39, 23, 3, 45]],

[ 20, 35, 0,[ 48, 17, 82]],

[ 93, 35, 0,[ 84, 90, 1, 3, 92, 24]],

[ 33, 35, 0,[ 97, 38]],

[ 88, 35, 0,[ 31, 49, 19]],

[ 66, 35, 0,[ 69, 10, 99, 3, 2, 27, 49]],

[ 35, 35, 0,[ 29, 11, 57]],

[ 46, 35, 0,[ 28, 77]],

[ 40, 35, 0,[ 30, 48, 29, 89, 13]],

[ 25, 55, 1,[ 23, 52, 10, 56, 21, 65, 86]],

[ 31, 35, 0,[ 30, 52, 81, 88]],

[ 57, 75, 1,[ 9, 51, 35, 74, 53]],

