[ 96, 25, 0,[ 81, 11, 65, 5, 18]],

[ 23, 25, 0,[ 84]],

[ 62, 25, 0,[ 31, 12, 81, 41, 89]],

[ 58, 65, 1,[ 32, 11, 69, 82, 13, 34, 29]],

[ 40, 25, 0,[ 6, 71, 79]],

[ 34, 25, 0,[ 44, 58, 2]],

[ 51, 25, 0,[ 25, 47]],

[ 2, 25, 1,[ 34, 86, 84, 52, 17, 54]],

[ 85, 25, 0,[ 38, 49, 50, 43]],

[ 52, 25, 0,[ 26, 69, 2, 91, 28, 70]],

[ 46, 25, 0,[ 8, 32]],

[ 60, 25, 0,[ 73, 43, 9]],

[ 12, 25, 0,[ 62, 78, 65]],

[ 53, 25, 0,[ 4, 92, 14]],

[ 38, 25, 0,[ 67, 94, 85, 0]],

[ 29, 25, 0,[ 28, 5, 58, 15]],

[ 61, 25, 0,[ 77, 90, 0]],

[ 26, 25, 1,[ 52, 77, 81, 56, 74, 10, 94, 22]],

[ 43, 25, 0,[ 60, 99, 85, 97]],

[ 93, 25, 0,[ 82, 4]],

[ 47, 25, 0,[ 11, 73, 51]],

[ 65, 75, 1,[ 96, 78, 48, 79, 37, 39, 12, 90, 0, 20, 66]],

[ 95, 25, 0,[ 49, 55]],

[ 45, 25, 0,[ 57, 50, 8]],

[ 3, 25, 0,[ 21, 0, 36]],

[ 48, 25, 0,[ 64, 10, 65]],

[ 72, 25, 0,[ 76, 37, 90]],

[ 8, 25, 0,[ 46, 21, 68, 45]],

[ 55, 25, 0,[ 95, 98, 28]],

[ 90, 25, 0,[ 6, 61, 65, 72]],

[ 76, 25, 0,[ 57, 72]],

[ 97, 25, 0,[ 43, 9, 68]],

[ 84, 25, 0,[ 23, 81, 2]],

[ 16, 25, 0,[ 13, 15, 18]],

[ 36, 25, 0,[ 99, 3]],

[ 88, 25, 0,[ 73, 77, 28]],

[ 82, 25, 0,[ 58, 93, 89]],

[ 44, 25, 0,[ 10, 34, 11]],

[ 24, 25, 0,[ 92, 91, 49, 86]],

[ 15, 25, 0,[ 75, 16, 27, 29]],

[ 69, 25, 0,[ 98, 35, 52, 58]],

[ 91, 25, 0,[ 52, 14, 24, 39]],

[ 35, 25, 0,[ 69]],

[ 5, 25, 0,[ 99, 96, 19, 68, 29]],

[ 32, 25, 0,[ 1, 58, 46]],

[ 78, 25, 0,[ 12, 4, 65]],

[ 17, 25, 0,[ 63, 2, 56, 31]],

[ 59, 25, 0,[ 66, 87]],

[ 21, 25, 0,[ 8, 3, 68, 49]],

[ 68, 15, 1,[ 97, 21, 8, 66, 71, 6, 5, 42]],

[ 9, 25, 0,[ 60, 57, 13, 97]],

[ 94, 25, 0,[ 38, 27, 26]],

[ 73, 25, 0,[ 88, 60, 47, 20]],

[ 50, 25, 0,[ 85, 0, 45]],

[ 10, 25, 0,[ 48, 44, 26]],

[ 1, 25, 0,[ 32, 0, 19]],

[ 89, 25, 0,[ 92, 62, 82]],

[ 41, 25, 0,[ 39, 87, 11, 62]],

[ 0, 25, 1,[ 38, 50, 49, 65, 61, 1, 3]],

[ 86, 25, 0,[ 2, 24, 33]],

[ 4, 25, 0,[ 78, 53, 93]],

[ 81, 25, 1,[ 96, 62, 84, 18, 26]],

[ 74, 25, 0,[ 26, 54]],

[ 31, 25, 0,[ 62, 11, 17]],

[ 99, 25, 0,[ 43, 36, 5]],

[ 20, 25, 0,[ 98, 65, 80, 73]],

[ 83, 25, 0,[ 7, 30, 33]],

[ 79, 25, 0,[ 54, 65, 40]],

[ 77, 25, 0,[ 88, 61, 26]],

[ 70, 25, 0,[ 22, 27, 52]],

[ 25, 25, 0,[ 51]],

[ 57, 25, 0,[ 76, 9, 45]],

[ 11, 25, 1,[ 41, 47, 31, 58, 96, 44]],

[ 30, 25, 0,[ 83, 18, 67, 7]],

[ 18, 25, 0,[ 96, 16, 81, 30]],

[ 92, 25, 0,[ 89, 24, 53]],

[ 87, 25, 0,[ 41, 19, 59]],

[ 49, 25, 1,[ 85, 95, 0, 24, 54, 21]],

[ 67, 25, 0,[ 33, 30, 38]],

[ 63, 25, 0,[ 17, 64, 42]],

[ 7, 25, 0,[ 30, 75, 22, 83]],

[ 54, 25, 1,[ 37, 2, 79, 74, 49]],

[ 42, 25, 0,[ 68, 63, 80]],

[ 56, 25, 0,[ 80, 26, 17]],

[ 19, 25, 0,[ 87, 5, 1]],

[ 37, 25, 0,[ 54, 65, 72]],

[ 80, 25, 0,[ 75, 20, 56, 42]],

[ 13, 25, 0,[ 16, 58, 9]],

[ 39, 25, 0,[ 91, 65, 41]],

[ 98, 25, 0,[ 20, 69, 55]],

[ 71, 25, 0,[ 40, 68]],

[ 22, 25, 0,[ 70, 7, 26]],

[ 14, 25, 0,[ 91, 53]],

[ 27, 25, 0,[ 70, 15, 94]],

[ 28, 25, 0,[ 55, 52, 88, 29]],

[ 75, 25, 0,[ 15, 7, 80]],

[ 6, 25, 0,[ 68, 90, 40]],

[ 66, 25, 0,[ 59, 65, 68]],

[ 33, 25, 0,[ 86, 83, 67]],

[ 64, 25, 0,[ 63, 48]],

[ 11, 65, 1,[ 26, 98, 32, 68, 19, 63]],

[ 96, 45, 0,[ 94, 10, 56]],

[ 55, 45, 0,[ 81, 93, 64]],

[ 57, 45, 0,[ 40, 93, 72, 74, 94]],

[ 31, 45, 0,[ 17, 26, 30]],

[ 25, 45, 0,[ 34, 3, 35, 95]],

[ 24, 45, 0,[ 65, 45]],

[ 95, 45, 0,[ 8, 60, 69, 25]],

[ 33, 45, 0,[ 68, 91, 66]],

[ 7, 65, 1,[ 54, 34, 91, 29, 50]],

[ 22, 45, 0,[ 75, 76, 65, 67]],

[ 1, 45, 0,[ 6, 34, 99, 94]],

[ 63, 45, 0,[ 67, 11, 45]],

[ 26, 75, 1,[ 2, 28, 11, 31, 16, 61]],

[ 61, 45, 0,[ 26, 60, 23]],

[ 92, 45, 0,[ 41, 21, 44, 69, 93, 73]],

[ 40, 45, 0,[ 36, 57]],

[ 28, 45, 0,[ 4, 38, 75, 26]],

[ 29, 45, 0,[ 65, 93, 20, 7]],

[ 68, 45, 1,[ 11, 14, 77, 17, 33, 46, 19]],

[ 73, 45, 0,[ 92, 8, 58]],

[ 93, 45, 0,[ 29, 57, 70, 46, 83, 92, 55, 0, 90]],

[ 77, 45, 0,[ 68, 0, 51]],

[ 94, 45, 0,[ 79, 96, 57, 51, 1, 27]],

[ 83, 45, 0,[ 3, 93, 21]],

[ 16, 45, 0,[ 59, 43, 56, 26]],

[ 42, 45, 0,[ 65, 89, 35, 80]],

[ 12, 45, 0,[ 50, 69, 70]],

[ 6, 45, 0,[ 20, 1, 41, 67, 23]],

[ 53, 45, 0,[ 27, 49, 62]],

[ 72, 45, 0,[ 2, 58, 57]],

[ 10, 45, 0,[ 2, 96, 88]],

[ 27, 45, 0,[ 82, 94, 53]],

[ 78, 45, 0,[ 59, 18, 66, 4, 52]],

[ 59, 45, 0,[ 0, 78, 16]],

[ 70, 45, 0,[ 15, 93, 12]],

[ 39, 45, 0,[ 75, 81, 45]],

[ 19, 45, 0,[ 68, 58, 11]],

[ 30, 45, 0,[ 14, 31, 47, 13]],

[ 23, 45, 0,[ 80, 6, 75, 61]],

[ 9, 45, 0,[ 0, 49, 60]],

[ 0, 45, 1,[ 9, 93, 77, 65, 59]],

[ 56, 45, 0,[ 16, 47, 96]],

[ 86, 45, 0,[ 2, 67, 76, 46]],

[ 65, 75, 1,[ 5, 66, 42, 22, 24, 0, 29]],

[ 46, 45, 0,[ 86, 93, 68]],

[ 66, 45, 0,[ 90, 78, 65, 89, 33]],

[ 5, 45, 0,[ 65, 64, 13]],

[ 81, 45, 1,[ 41, 60, 55, 39, 88, 87]],

[ 36, 45, 0,[ 40, 44, 80]],

[ 99, 45, 0,[ 1, 20, 97, 47]],

[ 21, 45, 0,[ 98, 83, 92, 37]],

[ 13, 45, 0,[ 30, 5, 88]],

[ 49, 45, 0,[ 9, 51, 53, 44]],

[ 71, 45, 0,[ 76]],

[ 79, 45, 0,[ 50, 94, 62]],

[ 32, 45, 0,[ 58, 11]],

[ 54, 45, 0,[ 14, 7]],

[ 87, 45, 0,[ 85, 81, 51]],

[ 4, 45, 0,[ 78, 34, 74, 90, 28]],

[ 47, 45, 0,[ 56, 64, 99, 82, 30, 85]],

[ 85, 45, 0,[ 87, 47, 76]],

[ 20, 45, 0,[ 29, 6, 99]],

[ 84, 45, 0,[ 17, 45, 89]],

[ 41, 45, 0,[ 6, 81, 92]],

[ 38, 45, 0,[ 48, 15, 28]],

[ 69, 45, 0,[ 92, 12, 95]],

[ 44, 45, 0,[ 49, 36, 92, 64]],

[ 14, 45, 0,[ 68, 54, 30]],

[ 35, 45, 0,[ 42, 25, 8]],

[ 89, 45, 0,[ 42, 84, 66]],

[ 50, 45, 0,[ 79, 12, 7]],

[ 91, 45, 0,[ 58, 33, 7]],

[ 64, 45, 0,[ 5, 55, 47, 44]],

[ 75, 45, 0,[ 37, 28, 39, 22, 23]],

[ 67, 45, 0,[ 63, 86, 6, 22]],

[ 45, 45, 0,[ 63, 24, 84, 62, 39]],

[ 98, 45, 0,[ 43, 11, 21]],

[ 82, 45, 0,[ 27, 47]],

[ 60, 45, 0,[ 9, 61, 81, 95, 48]],

[ 58, 35, 1,[ 62, 34, 19, 73, 32, 91, 72]],

[ 90, 45, 0,[ 4, 43, 93, 66]],

[ 62, 45, 0,[ 79, 58, 53, 45]],

[ 43, 45, 0,[ 90, 48, 98, 16]],

[ 18, 45, 0,[ 78, 97]],

[ 2, 65, 1,[ 26, 86, 10, 72]],

[ 88, 45, 0,[ 10, 81, 13]],

[ 15, 45, 0,[ 97, 37, 70, 38]],

[ 8, 15, 1,[ 35, 95, 73, 52]],

[ 76, 45, 0,[ 85, 22, 71, 86]],

[ 80, 45, 0,[ 23, 42, 36]],

[ 52, 45, 0,[ 78, 97, 8]],

[ 48, 45, 0,[ 38, 43, 3, 60]],

[ 3, 45, 0,[ 48, 25, 83]],

[ 74, 45, 0,[ 57, 4]],

[ 17, 45, 0,[ 68, 31, 84]],

[ 34, 45, 0,[ 1, 25, 58, 4, 7]],

[ 37, 45, 0,[ 75, 21, 15]],

[ 97, 45, 0,[ 52, 99, 15, 18]],

[ 51, 45, 0,[ 87, 94, 49, 77]],

