[ 79, 25, 1,[ 39, 61, 69]],

[ 77, 15, 1,[ 56, 88, 32, 72]],

[ 20, 5, 1,[ 99, 72, 8, 17]],

[ 3, 45, 1,[ 63, 47, 53, 8]],

[ 40, 25, 1,[ 33, 26, 60]],

[ 0, 35, 1,[ 48, 74, 14, 41, 80, 91, 96]],

[ 28, 85, 1,[ 4, 26, 93]],

[ 86, 55, 0,[ 87, 6, 75]],

[ 41, 65, 0,[ 73, 0, 67]],

[ 85, 55, 0,[ 29, 19]],

[ 90, 45, 0,[ 27, 5, 24]],

[ 10, 55, 0,[ 44, 23, 58, 88]],

[ 71, 85, 0,[ 60, 95, 2]],

[ 73, 45, 0,[ 75, 94, 41]],

[ 36, 45, 0,[ 46, 24, 94]],

[ 55, 95, 1,[ 91, 47, 92, 1, 13, 68]],

[ 27, 15, 0,[ 90, 89, 70]],

[ 57, 25, 0,[ 84, 42, 65]],

[ 46, 35, 1,[ 78, 13, 36]],

[ 21, 65, 0,[ 94, 4, 43]],

[ 23, 55, 0,[ 10, 12, 81]],

[ 18, 85, 1,[ 1, 64, 69]],

[ 4, 75, 1,[ 59, 16, 21, 28, 74, 33]],

[ 98, 55, 0,[ 45, 37, 50, 2, 34]],

[ 84, 25, 1,[ 57, 6, 49]],

[ 87, 55, 0,[ 86, 47]],

[ 70, 15, 0,[ 39, 27, 67, 45, 97, 59]],

[ 50, 55, 1,[ 80, 98, 56, 37, 68, 97]],

[ 44, 55, 1,[ 10, 6, 22]],

[ 32, 15, 0,[ 81, 15, 77]],

[ 75, 55, 0,[ 96, 86, 73, 25]],

[ 52, 5, 1,[ 33, 64, 31, 34, 69, 30]],

[ 33, 25, 0,[ 40, 4, 52]],

[ 26, 45, 1,[ 30, 28, 89, 40]],

[ 83, 55, 0,[ 76, 54, 74]],

[ 29, 15, 1,[ 96, 85, 65, 78]],

[ 81, 5, 1,[ 32, 7, 23, 53, 15, 25]],

[ 59, 15, 0,[ 4, 70, 62, 92]],

[ 11, 65, 1,[ 94, 39, 54, 7]],

[ 14, 55, 0,[ 0, 35, 62]],

[ 31, 65, 0,[ 58, 52, 64]],

[ 9, 25, 1,[ 51, 82, 38, 88]],

[ 78, 15, 0,[ 46, 65, 29]],

[ 74, 55, 0,[ 0, 38, 83, 4]],

[ 99, 85, 1,[ 6, 20, 54]],

[ 12, 55, 1,[ 43, 35, 38, 17, 16, 23]],

[ 2, 65, 1,[ 13, 71, 98]],

[ 25, 55, 0,[ 6, 75, 81]],

[ 8, 45, 1,[ 3, 20, 15]],

[ 49, 65, 1,[ 16, 84, 67, 96]],

[ 92, 95, 1,[ 59, 55, 16]],

[ 93, 45, 1,[ 76, 66, 28]],

[ 39, 25, 0,[ 70, 79, 11]],

[ 64, 65, 1,[ 18, 58, 31, 52]],

[ 89, 25, 1,[ 27, 66, 67, 26]],

[ 67, 65, 1,[ 49, 41, 89, 70]],

[ 56, 85, 0,[ 77, 50, 95]],

[ 91, 95, 0,[ 55, 0]],

[ 15, 95, 1,[ 81, 76, 8, 32]],

[ 7, 95, 1,[ 81, 58, 11]],

[ 65, 45, 1,[ 57, 29, 96, 78]],

[ 97, 15, 1,[ 70, 24, 61, 50, 43]],

[ 94, 45, 1,[ 11, 36, 73, 5, 21]],

[ 88, 55, 0,[ 30, 77, 10, 9, 43]],

[ 54, 85, 1,[ 83, 68, 60, 99, 11, 62]],

[ 13, 55, 1,[ 55, 46, 53, 2]],

[ 53, 45, 0,[ 13, 3, 81]],

[ 34, 75, 1,[ 96, 98, 52]],

[ 6, 25, 1,[ 84, 63, 44, 25, 86, 99, 58]],

[ 95, 85, 0,[ 56, 37, 5, 71]],

[ 96, 95, 1,[ 0, 49, 47, 29, 75, 48, 65, 34]],

[ 58, 45, 1,[ 7, 64, 31, 10, 6]],

[ 60, 85, 0,[ 71, 40, 54]],

[ 5, 85, 1,[ 94, 95, 90]],

[ 38, 55, 0,[ 74, 9, 12]],

[ 72, 15, 0,[ 20, 16, 77]],

[ 24, 45, 0,[ 36, 97, 90]],

[ 68, 65, 1,[ 54, 55, 50]],

[ 66, 85, 1,[ 89, 22, 93]],

[ 61, 15, 0,[ 97, 79]],

[ 62, 55, 1,[ 54, 59, 14]],

[ 43, 65, 1,[ 82, 21, 88, 12, 97]],

[ 76, 65, 1,[ 93, 15, 83]],

[ 1, 85, 0,[ 55, 51, 18]],

[ 63, 45, 0,[ 3, 6, 48]],

[ 47, 55, 1,[ 55, 87, 3, 19, 96]],

[ 51, 25, 0,[ 1, 9]],

[ 16, 75, 0,[ 4, 12, 92, 49, 72]],

[ 35, 15, 1,[ 14, 12]],

[ 37, 55, 0,[ 50, 95, 98]],

[ 30, 5, 0,[ 52, 88, 26]],

[ 48, 95, 0,[ 96, 0, 63]],

[ 45, 55, 0,[ 98, 70, 82]],

[ 22, 55, 0,[ 66, 44, 19, 42]],

[ 82, 65, 0,[ 43, 45, 9]],

[ 42, 25, 0,[ 57, 22, 80]],

[ 69, 85, 0,[ 18, 52, 79]],

[ 80, 65, 1,[ 42, 0, 50]],

[ 17, 55, 0,[ 12, 20]],

[ 19, 55, 0,[ 47, 22, 85]],

