[ 50, 45, 0,[ 46, 41, 81, 65]],

[ 41, 45, 0,[ 21, 68, 50]],

[ 5, 25, 0,[ 4, 53, 63]],

[ 90, 45, 0,[ 81]],

[ 2, 95, 1,[ 29, 81, 26, 4]],

[ 53, 45, 0,[ 5, 66, 99, 81]],

[ 64, 65, 0,[ 75, 8, 32]],

[ 35, 95, 0,[ 88, 26, 0]],

[ 22, 95, 0,[]],

[ 8, 5, 1,[ 76, 6, 16, 27, 64, 21]],

[ 84, 95, 0,[]],

[ 34, 25, 0,[ 72, 14]],

[ 45, 95, 0,[]],

[ 76, 75, 0,[ 8, 65, 43, 4]],

[ 0, 35, 1,[ 47, 35, 11, 71, 1, 39, 65, 52, 77, 15]],

[ 10, 5, 0,[]],

[ 67, 65, 0,[]],

[ 26, 95, 1,[ 2, 43, 35, 79]],

[ 46, 75, 0,[ 51, 47, 50]],

[ 17, 25, 0,[ 4, 40, 91]],

[ 85, 55, 0,[ 52, 65, 4]],

[ 23, 65, 0,[ 6, 68]],

[ 83, 55, 0,[ 77, 86, 65]],

[ 7, 95, 0,[]],

[ 19, 65, 0,[ 38, 15, 75]],

[ 15, 95, 0,[ 19, 0, 59]],

[ 54, 5, 0,[]],

[ 98, 45, 0,[ 29, 81]],

[ 70, 95, 0,[]],

[ 24, 95, 0,[]],

[ 81, 45, 1,[ 98, 91, 79, 57, 53, 2, 90, 32, 13, 50]],

[ 29, 55, 0,[ 2, 51, 98]],

[ 88, 25, 0,[ 9, 4, 35]],

[ 39, 65, 0,[ 38, 68, 0]],

[ 97, 95, 0,[ 27, 9, 36, 59, 28]],

[ 59, 95, 0,[ 79, 33, 96, 97, 15]],

[ 96, 65, 0,[ 68, 16, 59]],

[ 3, 45, 0,[]],

[ 87, 75, 0,[ 9, 74]],

[ 40, 75, 0,[ 9, 13, 17]],

[ 21, 45, 0,[ 4, 8, 41]],

[ 31, 25, 0,[ 93, 72, 80]],

[ 77, 55, 0,[ 65, 32, 0, 83]],

[ 68, 65, 1,[ 48, 96, 80, 23, 39, 75, 9, 36, 41]],

[ 86, 55, 0,[ 9, 83, 94]],

[ 89, 55, 0,[]],

[ 25, 75, 0,[ 27, 9]],

[ 30, 65, 0,[ 36, 94]],

[ 99, 45, 0,[ 53]],

[ 51, 25, 0,[ 28, 29, 46]],

[ 52, 35, 0,[ 85, 0, 11]],

[ 55, 25, 0,[]],

[ 65, 55, 1,[ 85, 58, 71, 49, 92, 0, 50, 76, 83, 77]],

[ 66, 45, 0,[ 53]],

[ 28, 25, 0,[ 51, 4, 97]],

[ 48, 65, 0,[ 18, 68]],

[ 14, 25, 0,[ 4, 34]],

[ 63, 25, 0,[ 5]],

[ 18, 55, 0,[ 48, 62, 72]],

[ 91, 45, 0,[ 81, 17, 11]],

[ 4, 25, 1,[ 14, 2, 28, 21, 85, 17, 76, 88, 61, 5]],

[ 49, 55, 0,[ 65, 94, 56]],

[ 93, 25, 0,[ 31]],

[ 73, 35, 0,[]],

[ 57, 55, 0,[ 62, 58, 81]],

[ 37, 45, 0,[]],

[ 27, 5, 0,[ 97, 25, 8]],

[ 82, 55, 0,[]],

[ 20, 95, 0,[]],

[ 11, 95, 1,[ 52, 91, 0]],

[ 56, 55, 0,[ 92, 49, 62]],

[ 47, 75, 0,[ 0, 46, 16, 9]],

[ 62, 55, 0,[ 56, 18, 57]],

[ 9, 75, 1,[ 25, 97, 68, 47, 88, 13, 86, 94, 40, 87, 43]],

[ 92, 55, 0,[ 72, 56, 65]],

[ 12, 65, 0,[]],

[ 13, 75, 0,[ 81, 6, 40, 9]],

[ 1, 35, 0,[ 0]],

[ 6, 5, 0,[ 23, 13, 8]],

[ 43, 75, 0,[ 9, 76, 26]],

[ 42, 65, 0,[]],

[ 95, 65, 0,[]],

[ 36, 65, 0,[ 30, 97, 68]],

[ 69, 35, 0,[]],

[ 94, 55, 0,[ 49, 86, 9, 30]],

[ 44, 25, 0,[]],

[ 80, 25, 0,[ 31, 68, 74]],

[ 33, 95, 0,[ 59]],

[ 61, 25, 0,[ 4]],

[ 75, 65, 0,[ 64, 68, 19]],

[ 32, 55, 0,[ 81, 77, 64]],

[ 74, 25, 0,[ 80, 58, 87]],

[ 71, 35, 0,[ 0, 65]],

[ 16, 5, 0,[ 8, 47, 96]],

[ 72, 25, 0,[ 34, 92, 18, 31]],

[ 58, 55, 0,[ 57, 74, 65]],

[ 38, 65, 0,[ 39, 19]],

[ 78, 65, 0,[]],

[ 79, 95, 0,[ 59, 26, 81]],

[ 60, 95, 0,[]],

