[ 87, 75, 0,[]],

[ 53, 75, 0,[ 30, 4, 73, 44]],

[ 85, 35, 0,[ 57, 82, 31, 69]],

[ 73, 75, 0,[ 92, 24, 53, 67]],

[ 43, 85, 0,[ 99, 66]],

[ 38, 35, 1,[ 7, 74, 13, 98]],

[ 14, 35, 0,[ 61, 23, 5]],

[ 98, 75, 1,[ 86, 38, 97]],

[ 89, 85, 0,[ 56, 19, 1, 66]],

[ 62, 35, 0,[ 37, 97]],

[ 93, 75, 0,[ 28, 6, 23]],

[ 76, 85, 0,[ 66, 39, 63]],

[ 31, 85, 0,[ 75, 65, 85]],

[ 12, 35, 0,[ 95, 57, 67]],

[ 19, 45, 0,[ 79, 89]],

[ 24, 35, 0,[ 1, 73, 49]],

[ 39, 35, 1,[ 8, 68, 76, 42]],

[ 23, 75, 0,[ 14, 93, 28, 42]],

[ 99, 85, 0,[ 65, 15, 43]],

[ 55, 85, 0,[ 34, 36, 17]],

[ 91, 55, 0,[ 44, 81, 66]],

[ 27, 85, 0,[ 71, 90, 70]],

[ 25, 85, 1,[ 74, 10]],

[ 64, 85, 0,[ 48]],

[ 97, 35, 0,[ 59, 62, 98]],

[ 16, 55, 1,[ 48, 61, 47, 18, 57]],

[ 33, 75, 0,[]],

[ 80, 35, 0,[]],

[ 90, 85, 0,[ 21, 27]],

[ 5, 35, 0,[ 14, 0, 72]],

[ 67, 35, 0,[ 95, 73, 12, 82]],

[ 48, 85, 1,[ 74, 64, 16, 45]],

[ 65, 85, 0,[ 31, 66, 99, 15]],

[ 41, 25, 0,[ 86, 88, 44]],

[ 20, 35, 0,[ 58]],

[ 74, 55, 1,[ 48, 38, 25]],

[ 68, 85, 0,[ 6, 39]],

[ 75, 25, 0,[ 81, 92, 31]],

[ 72, 75, 0,[ 50, 61, 5, 9]],

[ 42, 35, 0,[ 11, 23, 39]],

[ 30, 75, 0,[ 60, 53, 29, 50]],

[ 96, 45, 0,[ 22, 84, 86]],

[ 22, 25, 1,[ 77, 49, 10, 52, 45, 96]],

[ 3, 75, 0,[ 88, 29, 35, 94]],

[ 1, 35, 0,[ 24, 89]],

[ 84, 55, 0,[ 71, 96, 63]],

[ 17, 85, 0,[ 9, 55]],

[ 37, 35, 0,[ 52, 40, 7, 62]],

[ 83, 25, 0,[]],

[ 44, 55, 0,[ 9, 41, 53, 91]],

[ 58, 35, 0,[ 20]],

[ 9, 55, 0,[ 72, 17, 44]],

[ 26, 75, 0,[ 94, 60]],

[ 77, 25, 0,[ 46, 22, 70]],

[ 46, 25, 0,[ 79, 50, 77, 59]],

[ 82, 35, 0,[ 67, 85, 59]],

[ 54, 55, 0,[]],

[ 21, 85, 0,[ 90, 49]],

[ 69, 35, 0,[ 85, 35, 88]],

[ 13, 85, 0,[ 15, 38, 51]],

[ 94, 75, 0,[ 29, 26, 3, 51]],

[ 60, 25, 0,[ 26, 30, 34]],

[ 7, 35, 0,[ 37, 38, 56]],

[ 52, 25, 0,[ 37, 0, 22]],

[ 51, 75, 0,[ 32, 13, 57, 94]],

[ 2, 45, 0,[ 57, 70]],

[ 71, 55, 0,[ 27, 84]],

[ 66, 85, 0,[ 91, 89, 76, 43, 65]],

[ 11, 85, 0,[ 42, 56]],

[ 34, 25, 0,[ 55, 81, 60]],

[ 57, 75, 0,[ 16, 85, 12, 51, 2]],

[ 50, 75, 0,[ 72, 46, 30]],

[ 70, 45, 0,[ 27, 77, 2, 79]],

[ 32, 75, 0,[ 51]],

[ 6, 85, 0,[ 92, 68, 10, 93]],

[ 4, 75, 0,[ 78, 53]],

[ 47, 85, 0,[ 16, 28, 78, 56]],

[ 61, 55, 0,[ 72, 16, 14]],

[ 63, 55, 0,[ 84, 76]],

[ 15, 85, 0,[ 65, 99, 13]],

[ 29, 75, 0,[ 94, 3, 79, 30]],

[ 36, 85, 0,[ 55, 18]],

[ 79, 45, 0,[ 29, 46, 70, 18, 19]],

[ 78, 25, 0,[ 0, 4, 47]],

[ 88, 25, 0,[ 41, 8, 69, 3]],

[ 81, 25, 0,[ 91, 34, 75]],

[ 45, 25, 0,[ 22, 48, 86]],

[ 28, 75, 0,[ 93, 23, 47]],

[ 49, 25, 0,[ 21, 24, 40, 22]],

[ 8, 35, 0,[ 39, 88]],

[ 86, 45, 1,[ 41, 98, 45, 96]],

[ 95, 35, 0,[ 12, 59, 67]],

[ 0, 25, 0,[ 78, 52, 5]],

[ 10, 85, 1,[ 22, 25, 6]],

[ 18, 45, 0,[ 36, 79, 16]],

[ 92, 85, 0,[ 75, 73, 6]],

[ 40, 35, 0,[ 49, 37]],

[ 59, 35, 0,[ 95, 46, 82, 97]],

[ 35, 35, 0,[ 69, 3]],

[ 56, 85, 0,[ 89, 11, 47, 7]],

