[ 17, 5, 0,[ 76, 96, 39]],

[ 61, 35, 1,[ 24, 44, 23, 95, 16]],

[ 19, 5, 0,[ 96, 67, 50]],

[ 83, 45, 0,[ 4, 35, 2]],

[ 38, 75, 0,[ 4, 10, 78]],

[ 50, 15, 1,[ 19, 59, 99, 90, 84]],

[ 23, 85, 0,[ 61, 92, 65, 58, 41, 6]],

[ 46, 35, 1,[ 71, 3, 49, 95]],

[ 89, 75, 1,[ 62, 71, 20]],

[ 43, 75, 1,[ 9, 0, 45, 97]],

[ 29, 25, 1,[ 48, 18, 64]],

[ 13, 85, 1,[ 11, 44, 66, 93]],

[ 71, 55, 0,[ 30, 89, 46]],

[ 24, 35, 0,[ 6, 42, 61]],

[ 48, 25, 0,[ 29, 18, 78, 5]],

[ 32, 85, 0,[ 40, 92, 15]],

[ 26, 55, 1,[ 30, 0]],

[ 69, 85, 0,[ 44, 3, 63]],

[ 12, 85, 1,[ 97, 84, 92, 52]],

[ 60, 75, 0,[ 82, 9, 4]],

[ 74, 85, 0,[ 97, 11, 87]],

[ 90, 5, 0,[ 31, 25, 47, 50]],

[ 28, 55, 1,[ 9, 25, 56]],

[ 65, 25, 1,[ 47, 23, 34]],

[ 57, 85, 0,[ 11, 92, 70]],

[ 2, 45, 1,[ 27, 83, 96]],

[ 96, 15, 1,[ 1, 17, 19, 2, 98, 88, 66]],

[ 91, 5, 0,[ 76, 6, 56]],

[ 8, 45, 1,[ 72, 79, 22, 58, 81, 21, 3, 73]],

[ 55, 95, 1,[ 62, 10, 47]],

[ 47, 35, 1,[ 65, 39, 55, 90]],

[ 58, 95, 1,[ 23, 31, 8]],

[ 75, 55, 0,[ 40, 27, 56]],

[ 16, 15, 0,[ 61, 64]],

[ 98, 5, 0,[ 72, 34, 21, 96]],

[ 36, 75, 0,[ 30, 51, 18]],

[ 15, 85, 1,[ 79, 32, 33]],

[ 56, 55, 0,[ 91, 28, 75]],

[ 11, 85, 1,[ 57, 13, 74, 54]],

[ 3, 55, 0,[ 69, 8, 46]],

[ 72, 55, 0,[ 98, 78, 8]],

[ 45, 55, 0,[ 43, 1, 22]],

[ 39, 5, 0,[ 47, 41, 17, 52]],

[ 21, 55, 0,[ 67, 98, 8]],

[ 77, 25, 1,[ 88, 93, 86, 53]],

[ 51, 75, 0,[ 33, 54, 94, 36]],

[ 95, 5, 0,[ 66, 61, 46]],

[ 84, 15, 1,[ 73, 12, 50]],

[ 52, 65, 1,[ 12, 39, 88, 62]],

[ 4, 45, 1,[ 83, 85, 38, 66, 60]],

[ 30, 55, 0,[ 36, 26, 44, 71]],

[ 81, 25, 1,[ 76, 85, 8]],

[ 88, 5, 0,[ 77, 96, 52]],

[ 27, 35, 1,[ 75, 2, 70, 53]],

[ 66, 5, 1,[ 96, 94, 13, 80, 4, 95, 87]],

[ 76, 5, 1,[ 91, 81, 63, 17]],

[ 63, 45, 0,[ 54, 69, 76]],

[ 35, 95, 1,[ 0, 83, 97]],

[ 9, 75, 1,[ 31, 60, 37, 43, 28, 22]],

[ 49, 35, 1,[ 42, 37, 46]],

[ 41, 85, 0,[ 23, 68, 39]],

[ 37, 15, 0,[ 9, 79, 67, 49]],

[ 87, 5, 0,[ 66, 82, 74]],

[ 97, 85, 1,[ 86, 35, 12, 74, 99, 43, 62]],

[ 93, 85, 0,[ 13, 40, 5, 77]],

[ 85, 45, 0,[ 4, 81, 7]],

[ 82, 75, 0,[ 87, 67, 60, 78]],

[ 22, 55, 0,[ 45, 8, 9, 34]],

[ 92, 85, 1,[ 57, 23, 32, 12]],

[ 31, 5, 0,[ 58, 9, 90]],

[ 20, 45, 1,[ 59, 44, 89]],

[ 53, 15, 0,[ 77, 27, 64]],

[ 0, 35, 1,[ 70, 42, 43, 35, 26]],

[ 44, 55, 1,[ 30, 61, 13, 20, 69]],

[ 99, 35, 1,[ 50, 7, 97, 25]],

[ 73, 55, 0,[ 68, 8, 84]],

[ 34, 85, 1,[ 65, 14, 98, 22]],

[ 68, 25, 1,[ 6, 73, 41]],

[ 6, 5, 1,[ 23, 68, 91, 24]],

[ 67, 55, 1,[ 37, 82, 19, 21]],

[ 7, 45, 1,[ 99, 85, 94]],

[ 42, 35, 0,[ 24, 0, 49]],

[ 86, 85, 0,[ 97, 77]],

[ 33, 85, 0,[ 14, 15, 51]],

[ 25, 5, 0,[ 90, 28, 99]],

[ 10, 75, 0,[ 38, 55, 1]],

[ 18, 25, 1,[ 29, 36, 48]],

[ 1, 55, 1,[ 45, 10, 96]],

[ 14, 85, 0,[ 5, 34, 33]],

[ 94, 5, 0,[ 66, 7, 51]],

[ 64, 5, 1,[ 29, 16, 53]],

[ 54, 75, 1,[ 11, 63, 51]],

[ 80, 5, 1,[ 70, 66]],

[ 79, 15, 1,[ 8, 37, 15]],

[ 59, 5, 0,[ 78, 20, 50]],

[ 62, 5, 0,[ 52, 55, 89, 97]],

[ 78, 25, 1,[ 38, 59, 48, 72, 82]],

[ 70, 35, 0,[ 0, 80, 27, 57]],

[ 5, 85, 1,[ 14, 48, 93]],

[ 40, 85, 1,[ 93, 75, 32]],

[ 14, 85, 0,[ 40, 49, 84]],

[ 16, 15, 0,[ 3, 5, 9]],

[ 66, 15, 1,[ 64, 48, 47]],

[ 55, 85, 1,[ 30, 37, 72, 32]],

[ 19, 35, 0,[ 26, 71, 63, 95]],

[ 32, 25, 0,[ 54, 1, 55]],

[ 44, 95, 1,[ 4, 74, 38]],

[ 89, 85, 1,[ 28, 54, 98, 12, 40]],

[ 13, 15, 1,[ 82, 84, 24]],

[ 63, 55, 0,[ 97, 61, 19]],

[ 70, 15, 0,[ 35, 57, 5]],

[ 79, 15, 1,[ 53, 18, 81]],

[ 90, 25, 0,[ 52, 58, 64, 61]],

[ 27, 15, 0,[ 80, 20, 59]],

[ 82, 15, 0,[ 13, 56, 51, 58]],

[ 22, 15, 0,[ 25, 11, 71]],

[ 85, 15, 0,[ 49, 33, 76]],

[ 77, 85, 1,[ 94, 0, 92]],

[ 21, 15, 0,[ 57, 73, 81]],

[ 34, 45, 1,[ 93, 62, 10, 96]],

[ 35, 15, 1,[ 39, 70, 59, 97, 47]],

[ 43, 55, 1,[ 75, 17, 31]],

[ 49, 85, 1,[ 91, 86, 85, 17, 14, 96]],

[ 59, 85, 0,[ 35, 27, 88, 0]],

[ 18, 5, 1,[ 95, 86, 52, 2, 74, 47, 79]],

[ 7, 15, 1,[ 78, 87, 53]],

[ 54, 25, 1,[ 58, 32, 89]],

[ 61, 15, 1,[ 63, 90, 42]],

[ 99, 55, 1,[ 56, 97, 37]],

[ 1, 35, 1,[ 97, 4, 60, 32, 81]],

[ 12, 85, 1,[ 38, 89, 41]],

[ 33, 15, 0,[ 74, 36, 8, 85]],

[ 9, 95, 1,[ 41, 93, 28, 16]],

[ 0, 95, 1,[ 77, 46, 59]],

[ 17, 85, 1,[ 49, 43, 3]],

[ 4, 15, 1,[ 1, 62, 44]],

[ 11, 15, 1,[ 88, 15, 22]],

[ 83, 15, 0,[ 36, 67, 93]],

[ 87, 85, 0,[ 30, 23, 7, 91, 15]],

[ 2, 5, 1,[ 18, 86, 57]],

[ 20, 95, 1,[ 27, 31, 80, 36, 94, 51]],

[ 15, 75, 1,[ 11, 87, 25]],

[ 67, 15, 1,[ 23, 48, 42, 45, 68, 83]],

[ 39, 15, 0,[ 35, 69, 45]],

[ 65, 15, 1,[ 69, 42, 5]],

[ 84, 85, 1,[ 72, 14, 13]],

[ 5, 65, 1,[ 93, 65, 70, 16, 38]],

[ 62, 15, 0,[ 76, 4, 34]],

[ 64, 5, 1,[ 90, 66, 25]],

[ 93, 15, 1,[ 9, 5, 34, 83]],

[ 8, 75, 1,[ 41, 3, 47, 33]],

[ 98, 85, 0,[ 89, 91, 23]],

[ 60, 15, 0,[ 80, 74, 1]],

[ 96, 85, 1,[ 49, 40, 34]],

[ 51, 15, 0,[ 3, 82, 20]],

[ 28, 85, 0,[ 9, 46, 89]],

[ 23, 85, 0,[ 67, 6, 87, 98]],

[ 69, 15, 0,[ 65, 81, 39, 76]],

[ 24, 15, 0,[ 73, 56, 13]],

[ 37, 5, 0,[ 55, 92, 99]],

[ 10, 15, 0,[ 34, 42, 31]],

[ 80, 15, 1,[ 27, 60, 20, 45]],

[ 26, 65, 1,[ 29, 19]],

[ 92, 65, 1,[ 97, 37, 77]],

[ 46, 15, 0,[ 0, 81, 28]],

[ 41, 15, 0,[ 8, 9, 12]],

[ 81, 15, 1,[ 79, 1, 3, 21, 29, 46, 69]],

[ 56, 15, 0,[ 52, 99, 82, 68, 24]],

[ 57, 15, 0,[ 45, 70, 21, 2]],

[ 50, 15, 1,[ 53, 95, 6]],

[ 73, 15, 0,[ 24, 71, 21]],

[ 86, 5, 0,[ 18, 2, 49]],

[ 76, 5, 1,[ 69, 85, 62, 94]],

[ 31, 85, 0,[ 43, 10, 20]],

[ 88, 85, 0,[ 59, 11, 48]],

[ 74, 15, 0,[ 60, 30, 18, 44, 33]],

[ 53, 15, 0,[ 50, 79, 78, 7]],

[ 78, 55, 1,[ 7, 53, 75]],

[ 72, 85, 0,[ 91, 84, 55]],

[ 75, 45, 0,[ 6, 78, 43]],

[ 48, 15, 0,[ 67, 88, 66]],

[ 94, 15, 1,[ 77, 76, 20]],

[ 95, 5, 0,[ 18, 50, 19]],

[ 42, 15, 0,[ 10, 61, 65, 67]],

[ 36, 15, 0,[ 33, 20, 83]],

[ 68, 95, 1,[ 67, 56, 97]],

[ 71, 15, 0,[ 19, 22, 73]],

[ 45, 15, 0,[ 39, 80, 57, 67]],

[ 40, 65, 1,[ 96, 91, 14, 89]],

[ 29, 65, 1,[ 81, 47, 26]],

[ 38, 25, 0,[ 44, 12, 5]],

[ 6, 85, 1,[ 23, 50, 75]],

[ 30, 85, 0,[ 74, 55, 87]],

[ 91, 85, 0,[ 40, 98, 49, 87, 72]],

[ 25, 15, 0,[ 64, 22, 15]],

[ 58, 25, 1,[ 54, 90, 82]],

[ 47, 15, 1,[ 29, 18, 8, 35, 66]],

[ 52, 5, 1,[ 18, 90, 56]],

[ 97, 65, 1,[ 1, 68, 99, 92, 35, 63]],

[ 3, 15, 0,[ 17, 16, 81, 51, 8]],

