[ 75, 95, 0,[ 48, 7, 93]],

[ 48, 45, 1,[ 13, 86, 60, 22, 59, 73, 91, 18, 6, 75, 81, 69, 70, 55, 31, 21, 63, 95, 15, 36, 96, 83, 56, 44, 34, 16, 72, 76, 43, 14, 1]],

[ 98, 5, 1,[ 94, 0, 97, 77, 78, 6, 91, 41, 73, 81, 56, 86, 96, 9, 52, 49, 45, 19, 72, 28, 82, 12, 65, 58, 4]],

[ 19, 55, 1,[ 78, 97, 37, 4, 72, 98, 94, 9, 17, 10, 46, 0, 31, 62, 8, 49, 87, 99, 77, 70, 36, 68, 88, 28, 54]],

[ 38, 15, 1,[ 60, 63, 92, 4, 89, 59, 3, 20, 55, 79, 45, 85, 87, 99, 21, 94, 68, 54, 93, 40, 61, 10, 36, 97, 17, 42, 90, 66, 84]],

[ 34, 95, 0,[ 48, 99]],

[ 62, 95, 0,[ 18, 16, 19]],

[ 81, 95, 0,[ 98, 48, 85]],

[ 97, 95, 0,[ 38, 98, 19, 32]],

[ 90, 95, 0,[ 72, 38, 59]],

[ 95, 95, 0,[ 48]],

[ 50, 95, 0,[ 39, 85]],

[ 5, 95, 0,[ 39]],

[ 33, 95, 0,[ 85, 67]],

[ 67, 95, 0,[ 33, 16]],

[ 51, 95, 0,[ 85, 89, 39]],

[ 29, 95, 0,[ 16]],

[ 44, 95, 0,[ 48, 20, 16]],

[ 86, 95, 1,[ 74, 98, 48]],

[ 27, 95, 0,[ 85, 71]],

[ 0, 95, 0,[ 98, 19, 26, 16]],

[ 37, 95, 0,[ 85, 39, 19]],

[ 88, 95, 0,[ 19, 39]],

[ 93, 95, 0,[ 75, 38]],

[ 89, 95, 0,[ 38, 51, 39]],

[ 68, 95, 0,[ 38, 39, 19]],

[ 35, 95, 0,[ 39, 85, 43]],

[ 52, 95, 0,[ 98, 56, 16]],

[ 55, 95, 0,[ 38, 48]],

[ 41, 95, 0,[ 16, 98]],

[ 42, 95, 0,[ 85, 39, 38]],

[ 82, 95, 0,[ 16, 98, 85]],

[ 49, 95, 0,[ 19, 16, 98]],

[ 30, 95, 0,[ 39]],

[ 24, 95, 0,[ 53]],

[ 22, 95, 0,[ 39, 48, 85]],

[ 20, 95, 0,[ 85, 38, 44]],

[ 16, 35, 1,[ 67, 99, 48, 32, 2, 3, 0, 14, 96, 62, 52, 83, 82, 41, 18, 29, 44, 77, 66, 58, 84, 7, 57, 23, 21, 15, 53, 49]],

[ 70, 95, 0,[ 19, 48, 39]],

[ 28, 95, 0,[ 39, 19, 98]],

[ 11, 95, 0,[ 85]],

[ 3, 95, 0,[ 38, 60, 16]],

[ 7, 95, 0,[ 75, 16, 2]],

[ 63, 95, 0,[ 38, 48]],

[ 74, 95, 1,[ 86]],

[ 53, 95, 0,[ 85, 16, 24]],

[ 83, 95, 0,[ 16, 48]],

[ 59, 95, 0,[ 32, 85, 38, 90, 48]],

[ 85, 65, 1,[ 27, 33, 22, 78, 38, 53, 71, 54, 20, 50, 12, 82, 23, 57, 25, 61, 11, 37, 35, 51, 59, 69, 76, 6, 42, 2, 81, 47, 40]],

[ 8, 95, 0,[ 19]],

[ 46, 95, 0,[ 56, 19, 39]],

[ 73, 95, 0,[ 98, 48]],

[ 12, 95, 0,[ 85, 98]],

[ 1, 95, 0,[ 48, 39]],

[ 45, 95, 0,[ 38, 39, 98]],

[ 15, 95, 0,[ 16, 23, 48]],

[ 96, 95, 0,[ 98, 16, 48]],

[ 23, 95, 0,[ 15, 85, 16]],

[ 17, 95, 0,[ 19, 39, 91, 38]],

[ 84, 95, 0,[ 38, 16]],

[ 57, 95, 1,[ 85, 16, 39]],

[ 66, 95, 0,[ 16, 39, 38]],

[ 56, 95, 0,[ 98, 52, 46, 48]],

[ 76, 95, 0,[ 48, 39, 85]],

[ 6, 95, 0,[ 85, 98, 48]],

[ 9, 95, 0,[ 98, 19]],

[ 40, 95, 0,[ 38, 87, 85]],

[ 58, 95, 0,[ 98, 16]],

[ 72, 95, 0,[ 19, 90, 98, 48]],

[ 61, 95, 0,[ 38, 85]],

[ 78, 95, 0,[ 98, 85, 19]],

[ 94, 95, 0,[ 98, 80, 38, 13, 19]],

[ 13, 95, 0,[ 94, 48]],

[ 21, 95, 0,[ 48, 16, 38]],

[ 4, 95, 0,[ 19, 38, 98]],

[ 65, 95, 0,[ 39, 98]],

[ 25, 95, 0,[ 85]],

[ 18, 95, 0,[ 48, 62, 16]],

[ 10, 95, 0,[ 38, 19]],

[ 47, 95, 0,[ 85]],

[ 77, 95, 0,[ 16, 19, 98]],

[ 99, 95, 0,[ 38, 16, 19, 34]],

[ 54, 95, 0,[ 19, 38, 85]],

[ 69, 95, 0,[ 48, 85, 39]],

[ 91, 95, 0,[ 98, 17, 48]],

[ 14, 95, 0,[ 16, 48, 39]],

[ 43, 95, 0,[ 35, 48]],

[ 32, 95, 0,[ 16, 59, 97]],

[ 39, 85, 1,[ 88, 35, 65, 28, 37, 51, 50, 70, 45, 31, 68, 46, 76, 64, 79, 14, 42, 30, 92, 17, 1, 69, 57, 22, 5, 66, 89, 71]],

[ 36, 95, 0,[ 38, 19, 48]],

[ 60, 95, 0,[ 48, 3, 38]],

[ 87, 95, 0,[ 40, 19, 38]],

[ 64, 95, 0,[ 39]],

[ 71, 95, 0,[ 27, 39, 85]],

[ 79, 95, 0,[ 38, 39]],

[ 92, 95, 0,[ 39, 38]],

[ 31, 95, 0,[ 48, 19, 39]],

[ 80, 95, 0,[ 94]],

[ 2, 95, 0,[ 85, 7, 16]],

[ 26, 95, 0,[ 0]],

