[ 99, 15, 1,[ 97, 66, 28]],

[ 20, 55, 1,[ 32, 94, 24]],

[ 98, 5, 0,[ 3, 39]],

[ 30, 65, 0,[ 95, 70, 46, 10]],

[ 48, 65, 0,[ 54, 26, 61]],

[ 86, 55, 0,[ 4, 65, 45]],

[ 79, 95, 1,[ 0, 5, 21]],

[ 46, 25, 1,[ 30, 42, 35, 32, 0, 73]],

[ 39, 65, 0,[ 10, 98, 82]],

[ 40, 45, 1,[ 24, 63, 3]],

[ 22, 55, 0,[ 90, 47, 64, 38]],

[ 23, 65, 0,[ 68, 11, 45]],

[ 59, 25, 0,[ 29, 68, 0]],

[ 35, 85, 1,[ 66, 54, 84, 77, 13, 46]],

[ 69, 55, 0,[ 44, 27, 58]],

[ 68, 35, 1,[ 61, 23, 59, 26, 37]],

[ 60, 45, 0,[ 94, 53]],

[ 63, 65, 0,[ 57, 40]],

[ 97, 5, 1,[ 53, 49, 99]],

[ 5, 35, 1,[ 80, 79, 62]],

[ 95, 45, 0,[ 72, 14, 30, 19]],

[ 15, 45, 1,[ 4, 29, 34]],

[ 21, 95, 0,[ 49, 91, 79, 89]],

[ 72, 45, 0,[ 25, 9, 95]],

[ 81, 15, 1,[ 6, 52, 89, 51]],

[ 38, 65, 0,[ 22, 70, 66, 44]],

[ 47, 55, 1,[ 44, 13, 85, 93, 22]],

[ 75, 25, 0,[ 31]],

[ 51, 15, 0,[ 81, 80, 32]],

[ 64, 85, 1,[ 22, 94, 78]],

[ 70, 65, 0,[ 30, 38, 36, 24]],

[ 29, 25, 1,[ 91, 59, 50, 15]],

[ 37, 35, 0,[ 71, 68, 2]],

[ 13, 85, 0,[ 35, 9, 47]],

[ 18, 65, 0,[ 77, 71]],

[ 76, 15, 1,[ 55, 52, 7, 27]],

[ 85, 55, 0,[ 19, 47, 62]],

[ 41, 65, 0,[ 11, 12, 73]],

[ 80, 85, 1,[ 5, 51, 93, 57]],

[ 43, 65, 1,[ 92, 34, 82, 58]],

[ 77, 65, 1,[ 18, 17, 71, 35, 2]],

[ 36, 25, 0,[ 84, 70, 90]],

[ 16, 25, 0,[ 52, 56]],

[ 42, 55, 0,[ 33, 46]],

[ 12, 95, 1,[ 4, 41, 44]],

[ 62, 35, 0,[ 5, 14, 85]],

[ 44, 15, 1,[ 47, 69, 38, 12]],

[ 9, 35, 1,[ 8, 72, 13, 10]],

[ 58, 55, 1,[ 43, 1, 69, 90]],

[ 2, 25, 1,[ 77, 1, 37, 56]],

[ 57, 65, 0,[ 63, 53, 80, 11]],

[ 56, 25, 0,[ 2, 16, 82]],

[ 73, 5, 0,[ 34, 41, 46]],

[ 89, 35, 1,[ 67, 21, 81, 19]],

[ 52, 25, 1,[ 81, 76, 16]],

[ 90, 55, 0,[ 36, 22, 58]],

[ 31, 25, 0,[ 7, 75]],

[ 24, 45, 0,[ 70, 40, 45, 20]],

[ 14, 35, 0,[ 28, 95, 62]],

[ 8, 75, 1,[ 65, 92, 9, 55, 50]],

[ 87, 55, 0,[ 33, 83]],

[ 33, 55, 0,[ 87, 42, 1, 6]],

[ 27, 15, 0,[ 69, 76, 67]],

[ 61, 65, 0,[ 48, 68, 28]],

[ 50, 85, 1,[ 29, 8, 26]],

[ 6, 55, 1,[ 67, 33, 81, 74, 83, 94]],

[ 32, 55, 0,[ 46, 20, 51]],

[ 11, 65, 1,[ 41, 23, 96, 57]],

[ 19, 55, 0,[ 95, 89, 85]],

[ 93, 95, 1,[ 80, 78, 47, 67, 88]],

[ 55, 15, 1,[ 8, 54, 76]],

[ 54, 15, 1,[ 35, 92, 48, 55]],

[ 92, 65, 1,[ 43, 54, 8, 78]],

[ 1, 75, 1,[ 2, 33, 58]],

[ 10, 65, 0,[ 39, 30, 9]],

[ 28, 65, 1,[ 99, 61, 14]],

[ 53, 45, 0,[ 57, 97, 60, 25]],

[ 83, 55, 0,[ 87, 25, 6]],

[ 34, 5, 1,[ 49, 43, 73, 15, 17]],

[ 45, 65, 0,[ 23, 24, 86]],

[ 4, 65, 1,[ 12, 96, 15, 86]],

[ 67, 75, 1,[ 89, 6, 93, 27]],

[ 26, 75, 1,[ 48, 68, 50, 88]],

[ 49, 95, 1,[ 97, 34, 21]],

[ 84, 25, 1,[ 94, 35, 36]],

[ 78, 25, 1,[ 93, 92, 64]],

[ 96, 85, 1,[ 11, 65, 4]],

[ 17, 55, 1,[ 65, 34, 77]],

[ 88, 95, 0,[ 26, 93, 0]],

[ 7, 15, 1,[ 91, 31, 76]],

[ 91, 15, 0,[ 21, 29, 7]],

[ 71, 65, 0,[ 18, 37, 77]],

[ 25, 45, 0,[ 72, 83, 53]],

[ 66, 45, 1,[ 38, 35, 99]],

[ 65, 55, 1,[ 86, 96, 8, 17]],

[ 3, 5, 1,[ 98, 40, 94]],

[ 74, 55, 0,[ 6]],

[ 94, 15, 1,[ 6, 84, 20, 3, 64, 60]],

[ 82, 65, 0,[ 43, 39, 56]],

[ 0, 25, 1,[ 46, 59, 88, 79]],

