[ 48, 85, 1,[ 18, 35, 67, 70, 21, 73, 24, 87, 37, 33, 10, 75, 1, 95, 92]],

[ 77, 95, 0,[ 94, 74, 52]],

[ 49, 95, 0,[ 75, 52, 28, 16, 72]],

[ 69, 65, 1,[ 81, 27, 61, 43, 22, 46, 13, 94, 11, 39, 71]],

[ 91, 5, 1,[ 55, 50, 32, 89, 72, 96, 12, 66, 68]],

[ 29, 75, 0,[ 53, 76, 73]],

[ 5, 35, 0,[ 19, 2, 64, 8, 88, 32]],

[ 26, 35, 0,[ 19, 93, 76, 33]],

[ 50, 95, 0,[ 61, 91, 15, 7]],

[ 39, 65, 1,[ 11, 13, 14, 69, 63, 54, 23, 45, 56, 62, 0, 25, 47, 30, 8]],

[ 86, 25, 0,[ 8, 85, 19, 74]],

[ 24, 35, 0,[ 48, 90, 74]],

[ 17, 95, 0,[ 98, 53, 45]],

[ 81, 95, 0,[ 69, 64, 6]],

[ 41, 95, 0,[ 75, 85, 67, 16, 18]],

[ 79, 95, 0,[ 58, 12, 16]],

[ 60, 95, 0,[ 54, 31, 80, 55]],

[ 98, 15, 1,[ 46, 56, 64, 80, 83, 17, 65, 1]],

[ 31, 95, 0,[ 30, 55, 90, 60]],

[ 54, 95, 0,[ 39, 20, 60]],

[ 44, 95, 0,[ 97, 16]],

[ 16, 95, 1,[ 44, 89, 9, 85, 20, 41, 49, 3, 58, 0, 79, 32, 52]],

[ 85, 25, 0,[ 86, 41, 16]],

[ 57, 75, 1,[ 83, 2, 71, 51, 59, 7, 66, 6, 36, 23, 68]],

[ 12, 95, 0,[ 14, 79, 20, 40, 91]],

[ 45, 95, 0,[ 94, 17, 39]],

[ 8, 35, 0,[ 39, 5, 86]],

[ 27, 95, 0,[ 1, 59, 69]],

[ 7, 15, 0,[ 50, 87, 57]],

[ 73, 75, 0,[ 48, 29, 47]],

[ 19, 85, 1,[ 87, 26, 99, 40, 94, 5, 74, 92, 37, 86]],

[ 78, 95, 0,[ 11, 28, 70]],

[ 36, 95, 0,[ 97, 57, 95]],

[ 75, 15, 0,[ 41, 83, 48, 49]],

[ 92, 95, 0,[ 21, 19, 9, 10, 48]],

[ 20, 95, 0,[ 54, 12, 16]],

[ 28, 95, 0,[ 1, 78, 49, 22]],

[ 9, 95, 0,[ 4, 16, 92]],

[ 52, 95, 0,[ 16, 10, 63, 59, 84, 49, 77]],

[ 94, 95, 0,[ 77, 19, 69, 45, 47]],

[ 61, 95, 0,[ 53, 66, 35, 69, 50]],

[ 37, 5, 0,[ 62, 19, 48]],

[ 62, 25, 0,[ 68, 37, 22, 39]],

[ 93, 95, 0,[ 26]],

[ 53, 95, 0,[ 17, 29, 61]],

[ 55, 95, 0,[ 42, 96, 91, 31, 60]],

[ 25, 25, 0,[ 3, 22, 39]],

[ 0, 35, 0,[ 16, 89, 39, 4, 23]],

[ 18, 95, 0,[ 41, 48, 46]],

[ 34, 95, 0,[ 74, 84, 95]],

[ 58, 95, 0,[ 1, 16, 79]],

[ 23, 35, 0,[ 57, 0, 39]],

[ 4, 95, 0,[ 0, 9, 68]],

[ 3, 95, 0,[ 38, 16, 21, 25]],

[ 88, 35, 0,[ 5, 96, 22]],

[ 43, 75, 0,[ 69, 74, 76]],

[ 96, 35, 0,[ 88, 91, 55]],

[ 82, 95, 0,[ 46, 97, 1, 99]],

[ 2, 25, 0,[ 57, 5, 74]],

[ 76, 75, 0,[ 26, 43, 29]],

[ 32, 35, 0,[ 5, 91, 16]],

[ 40, 95, 0,[ 87, 19, 12]],

[ 30, 95, 0,[ 31, 39, 59]],

[ 72, 35, 0,[ 90, 91, 49]],

[ 71, 95, 0,[ 21, 69, 57]],

[ 84, 95, 0,[ 52, 34, 51]],

[ 47, 95, 0,[ 94, 39, 56, 73, 70, 74]],

[ 74, 5, 1,[ 34, 51, 43, 47, 2, 86, 77, 19, 24, 42]],

[ 51, 25, 0,[ 84, 57, 74]],

[ 87, 15, 0,[ 48, 40, 19, 7]],

[ 42, 95, 0,[ 55, 15, 74]],

[ 65, 5, 0,[ 98, 11, 38]],

[ 59, 95, 0,[ 57, 30, 27, 52]],

[ 66, 95, 0,[ 57, 91, 61]],

[ 80, 95, 0,[ 98, 67, 60]],

[ 95, 95, 0,[ 36, 48, 34]],

[ 10, 95, 0,[ 92, 52, 48]],

[ 6, 95, 0,[ 22, 81, 57]],

[ 99, 45, 0,[ 82, 22, 19, 13]],

[ 38, 95, 0,[ 65, 3]],

[ 67, 95, 0,[ 48, 41, 80]],

[ 90, 35, 0,[ 31, 33, 72, 24, 15]],

[ 97, 95, 0,[ 82, 44, 36]],

[ 56, 25, 0,[ 47, 39, 98]],

[ 35, 95, 0,[ 48, 70, 61]],

[ 64, 95, 0,[ 81, 5, 98]],

[ 13, 55, 0,[ 39, 99, 69]],

[ 83, 15, 0,[ 75, 98, 57]],

[ 33, 35, 0,[ 26, 48, 90]],

[ 11, 95, 0,[ 69, 39, 78, 14, 65]],

[ 1, 95, 0,[ 82, 98, 58, 28, 48, 27]],

[ 21, 95, 0,[ 3, 71, 70, 92, 48]],

[ 14, 95, 0,[ 39, 12, 11]],

[ 89, 5, 0,[ 0, 16, 91]],

[ 15, 95, 0,[ 90, 50, 42]],

[ 63, 25, 0,[ 22, 52, 39]],

[ 68, 95, 0,[ 91, 57, 62, 4]],

[ 22, 35, 1,[ 28, 69, 63, 25, 6, 62, 99, 88]],

[ 70, 95, 0,[ 78, 21, 35, 48, 47]],

[ 46, 95, 0,[ 69, 18, 98, 82]],

[ 90, 25, 0,[ 16, 65, 49, 57]],

[ 95, 15, 1,[ 7, 1, 87, 8, 52, 96, 51, 82, 92, 38, 99, 97, 71]],

[ 49, 45, 0,[ 35, 85, 90]],

[ 75, 85, 0,[ 16, 40, 89, 19]],

[ 3, 45, 0,[ 39, 76, 16]],

[ 63, 85, 0,[ 30, 37, 89]],

[ 39, 55, 1,[ 3, 40, 99, 8, 93, 25, 11, 31, 88, 0, 15, 33, 76]],

[ 27, 45, 0,[ 35, 31, 0]],

[ 59, 5, 0,[ 65, 16, 52]],

[ 21, 25, 0,[ 57, 7, 16, 11]],

[ 25, 5, 0,[ 39, 18, 82, 24]],

[ 38, 85, 0,[ 57, 95, 53, 10]],

[ 0, 45, 0,[ 43, 39, 27, 99, 85]],

[ 80, 55, 0,[ 94, 42, 44]],

[ 92, 55, 0,[ 95, 48, 33]],

[ 68, 85, 0,[ 57, 9, 19]],

[ 32, 85, 0,[ 93, 57, 77]],

[ 56, 55, 0,[ 16, 47, 74]],

[ 50, 55, 0,[ 48, 84, 62, 73, 54]],

[ 20, 45, 0,[ 98, 42, 14]],

[ 29, 35, 0,[ 70, 22, 91, 85]],

[ 45, 15, 0,[ 74, 1, 10]],

[ 18, 5, 0,[ 52, 73, 25]],

[ 73, 55, 0,[ 50, 42, 18]],

[ 46, 95, 0,[ 79, 85, 51]],

[ 74, 45, 1,[ 89, 45, 83, 5, 2, 13, 37, 56, 11, 77, 17]],

[ 94, 55, 0,[ 81, 85, 80, 97]],

[ 43, 85, 0,[ 28, 0, 71]],

[ 16, 35, 1,[ 83, 3, 21, 71, 75, 59, 56, 90, 23, 76]],

[ 17, 5, 0,[ 74, 64, 85, 70]],

[ 41, 85, 0,[ 60, 91, 33, 69]],

[ 96, 45, 0,[ 98, 86, 35, 64, 37, 95]],

[ 28, 85, 0,[ 76, 43, 98, 91]],

[ 57, 55, 1,[ 6, 34, 86, 90, 68, 79, 88, 82, 36, 21, 32, 64, 38, 8]],

[ 85, 15, 1,[ 29, 94, 19, 9, 72, 5, 17, 46, 49, 52, 6, 0]],

[ 67, 55, 0,[ 58, 87, 88]],

[ 61, 85, 0,[ 72, 65, 9]],

[ 11, 25, 0,[ 74, 21, 39]],

[ 54, 55, 0,[ 13, 50, 33]],

[ 70, 5, 0,[ 29, 17, 10]],

[ 31, 85, 0,[ 91, 53, 27, 39]],

[ 9, 85, 0,[ 68, 85, 10, 61]],

[ 42, 85, 1,[ 4, 84, 20, 73, 44, 33, 81, 80]],

[ 81, 55, 0,[ 94, 91, 42]],

[ 58, 55, 0,[ 98, 67, 36, 10]],

[ 84, 55, 0,[ 34, 42, 50]],

[ 37, 45, 0,[ 96, 74, 5, 63]],

[ 79, 95, 0,[ 57, 46, 83]],

[ 78, 15, 0,[ 24, 97, 23]],

[ 62, 45, 0,[ 91, 4, 50]],

[ 44, 55, 0,[ 2, 80, 42]],

[ 51, 85, 0,[ 46, 95, 12]],

[ 24, 15, 0,[ 91, 25, 78]],

[ 8, 25, 0,[ 57, 39, 22, 95]],

[ 19, 85, 0,[ 75, 85, 68, 7, 10]],

[ 7, 85, 0,[ 19, 95, 21]],

[ 71, 85, 0,[ 95, 16, 43]],

[ 99, 85, 0,[ 0, 39, 95]],

[ 77, 45, 0,[ 74, 76, 32]],

[ 89, 85, 0,[ 74, 75, 91, 63, 1]],

[ 14, 45, 0,[ 91, 20, 55, 4]],

[ 5, 45, 0,[ 74, 85, 37]],

[ 83, 35, 0,[ 74, 79, 16]],

[ 82, 5, 0,[ 25, 95, 57]],

[ 1, 15, 0,[ 95, 45, 89]],

[ 13, 55, 0,[ 98, 74, 54]],

[ 97, 15, 0,[ 95, 47, 78, 94, 10]],

[ 36, 35, 0,[ 40, 58, 57]],

[ 91, 5, 1,[ 31, 24, 28, 66, 89, 81, 29, 14, 60, 93, 62, 35, 41, 26, 55, 69, 47]],

[ 52, 5, 0,[ 59, 95, 85, 18]],

[ 53, 85, 0,[ 69, 31, 38]],

[ 76, 45, 0,[ 77, 39, 28, 3, 16]],

[ 55, 95, 0,[ 91, 10, 14]],

[ 65, 5, 0,[ 90, 61, 59]],

[ 35, 45, 0,[ 27, 49, 96, 91]],

[ 69, 85, 0,[ 41, 91, 53]],

[ 60, 85, 0,[ 6, 41, 91]],

[ 4, 45, 0,[ 14, 62, 98, 42]],

[ 26, 55, 0,[ 23, 48, 91]],

[ 93, 85, 0,[ 39, 91, 32]],

[ 47, 55, 0,[ 56, 91, 97]],

[ 15, 85, 0,[ 34, 12, 39]],

[ 98, 25, 1,[ 28, 20, 87, 13, 66, 4, 58, 96]],

[ 64, 55, 0,[ 57, 17, 96]],

[ 10, 15, 1,[ 70, 55, 30, 19, 38, 97, 2, 45, 9, 58]],

[ 66, 35, 0,[ 98, 91, 22]],

[ 34, 85, 0,[ 15, 84, 57, 87]],

[ 2, 85, 0,[ 74, 12, 10, 44]],

[ 88, 25, 0,[ 57, 67, 39]],

[ 23, 15, 0,[ 16, 78, 6, 26]],

[ 33, 85, 0,[ 54, 41, 30, 39, 92, 42]],

[ 22, 35, 0,[ 8, 29, 66]],

[ 12, 85, 0,[ 51, 2, 15]],

[ 48, 55, 0,[ 92, 72, 26, 50]],

[ 72, 55, 0,[ 85, 48, 61]],

[ 30, 85, 0,[ 10, 33, 63]],

[ 87, 85, 0,[ 67, 98, 95, 34]],

[ 6, 15, 0,[ 85, 23, 57, 60]],

[ 40, 45, 0,[ 36, 75, 39, 86]],

[ 86, 45, 0,[ 96, 57, 40]],

