[ 8, 65, 0,[ 70, 39, 73, 76]],

[ 98, 85, 1,[ 26, 67, 83, 27]],

[ 74, 25, 1,[ 47, 59, 32]],

[ 1, 95, 1,[ 55, 21, 99]],

[ 5, 25, 0,[ 68, 6, 69]],

[ 26, 25, 0,[ 98, 29, 27]],

[ 23, 15, 1,[ 37, 95, 53, 15, 36]],

[ 87, 75, 1,[ 99, 94, 7, 18, 57, 71]],

[ 11, 35, 0,[ 78, 28, 40]],

[ 7, 25, 0,[ 87, 68, 40]],

[ 57, 65, 1,[ 87, 3, 13]],

[ 45, 15, 1,[ 76, 25, 48, 46]],

[ 70, 35, 1,[ 9, 34, 8]],

[ 6, 25, 0,[ 84, 5]],

[ 76, 55, 0,[ 45, 21, 8]],

[ 0, 25, 0,[ 75, 29, 3]],

[ 78, 35, 0,[ 56, 67, 11, 16]],

[ 46, 85, 0,[ 75, 61, 45]],

[ 24, 75, 1,[ 81, 22, 30]],

[ 93, 45, 0,[ 62, 20, 54, 35]],

[ 99, 55, 0,[ 85, 1, 87]],

[ 96, 35, 0,[ 39, 3, 17, 35]],

[ 85, 95, 1,[ 20, 49, 12, 79, 99]],

[ 47, 5, 0,[ 50, 74, 82]],

[ 28, 35, 0,[ 75, 59, 11]],

[ 52, 35, 0,[ 53, 39, 22]],

[ 53, 75, 1,[ 22, 52, 55, 23, 64]],

[ 21, 35, 1,[ 19, 76, 1, 38]],

[ 48, 95, 1,[ 39, 45]],

[ 13, 5, 1,[ 57, 27, 64]],

[ 60, 75, 1,[ 80, 20, 17, 91, 31, 89]],

[ 75, 55, 1,[ 28, 0, 46, 79]],

[ 43, 15, 0,[ 62, 66, 51, 88, 37]],

[ 79, 75, 0,[ 85, 75, 95]],

[ 33, 75, 1,[ 38, 49, 31, 84]],

[ 72, 85, 1,[ 40, 2, 90]],

[ 62, 65, 1,[ 93, 43, 59]],

[ 16, 5, 1,[ 27, 78, 67]],

[ 14, 45, 1,[ 63, 90, 92]],

[ 34, 85, 0,[ 15, 70, 73, 63, 10]],

[ 12, 75, 0,[ 10, 85, 61, 90]],

[ 58, 25, 0,[ 77, 68, 18, 65]],

[ 44, 35, 0,[ 54, 41, 71]],

[ 37, 95, 1,[ 43, 23, 9, 61, 40]],

[ 36, 85, 1,[ 66, 73, 23]],

[ 40, 25, 0,[ 11, 7, 82, 72, 37]],

[ 2, 45, 0,[ 19, 72, 69]],

[ 92, 65, 0,[ 68, 14, 42]],

[ 65, 45, 0,[ 42, 51, 58]],

[ 73, 5, 1,[ 36, 34, 8]],

[ 86, 75, 1,[ 84, 66, 54]],

[ 22, 15, 1,[ 24, 52, 30, 53, 49]],

[ 9, 25, 0,[ 70, 37, 68]],

[ 64, 45, 0,[ 53, 50, 38, 13]],

[ 51, 45, 1,[ 43, 56, 65]],

[ 50, 5, 0,[ 64, 25, 47, 81]],

[ 56, 25, 1,[ 51, 78, 80]],

[ 59, 85, 1,[ 28, 71, 62, 74]],

[ 19, 75, 1,[ 21, 10, 81, 2]],

[ 71, 65, 1,[ 59, 44, 87]],

[ 84, 65, 0,[ 69, 6, 86, 33]],

[ 49, 55, 0,[ 33, 22, 85]],

[ 63, 5, 1,[ 14, 25, 34]],

[ 27, 15, 0,[ 16, 69, 98, 13, 26]],

[ 3, 45, 1,[ 0, 57, 96, 32]],

[ 94, 35, 0,[ 4, 87]],

[ 29, 25, 0,[ 26, 0, 88, 97]],

[ 83, 65, 1,[ 35, 41, 98]],

[ 80, 25, 0,[ 60, 41, 56]],

[ 91, 85, 1,[ 41, 60, 30, 77]],

[ 55, 25, 0,[ 68, 53, 1]],

[ 54, 45, 0,[ 86, 93, 44]],

[ 88, 5, 1,[ 29, 31, 43]],

[ 89, 45, 0,[ 15, 60, 95]],

[ 38, 45, 1,[ 33, 21, 64]],

[ 90, 95, 1,[ 72, 12, 14]],

[ 25, 45, 1,[ 63, 45, 50]],

[ 77, 45, 0,[ 91, 58, 42]],

[ 69, 25, 1,[ 2, 5, 27, 84]],

[ 18, 25, 1,[ 66, 87, 58]],

[ 10, 55, 1,[ 34, 19, 12]],

[ 67, 35, 0,[ 78, 98, 16]],

[ 97, 25, 0,[ 29, 31, 4]],

[ 31, 55, 1,[ 97, 33, 60, 88]],

[ 17, 5, 1,[ 96, 60, 82]],

[ 82, 45, 1,[ 47, 17, 40]],

[ 61, 85, 0,[ 37, 46, 12]],

[ 15, 45, 0,[ 34, 23, 89]],

[ 41, 25, 1,[ 44, 83, 80, 91]],

[ 68, 25, 0,[ 5, 92, 55, 58, 9, 7]],

[ 39, 35, 0,[ 48, 52, 4, 8, 96]],

[ 81, 5, 0,[ 24, 19, 50]],

[ 66, 15, 0,[ 18, 86, 43, 36]],

[ 42, 65, 1,[ 65, 92, 77, 32]],

[ 95, 25, 1,[ 23, 79, 89]],

[ 30, 35, 1,[ 22, 24, 91]],

[ 35, 35, 0,[ 83, 93, 96]],

[ 20, 55, 0,[ 93, 60, 85]],

[ 4, 35, 0,[ 94, 39, 97]],

[ 32, 85, 1,[ 42, 3, 74]],

[ 47, 55, 1,[ 50, 76, 32]],

[ 48, 35, 1,[ 18, 76, 70, 74]],

[ 45, 35, 1,[ 12, 31, 59]],

[ 41, 5, 1,[ 49, 23, 65]],

[ 37, 45, 1,[ 77, 9, 54, 27, 62]],

[ 86, 15, 1,[ 33, 51, 83, 0]],

[ 16, 55, 1,[ 13, 94, 15, 97, 17, 46]],

[ 83, 95, 1,[ 54, 86, 77]],

[ 65, 65, 0,[ 32, 85, 41, 7]],

[ 7, 65, 0,[ 74, 84, 65]],

[ 80, 5, 0,[ 5, 42, 27]],

[ 26, 15, 0,[ 19, 70, 84]],

[ 66, 15, 0,[ 24, 75, 6, 32]],

[ 33, 55, 1,[ 86, 58, 43, 19]],

[ 12, 55, 0,[ 36, 45, 17, 23]],

[ 18, 55, 0,[ 23, 31, 1, 48, 62]],

[ 25, 45, 1,[ 36, 69, 10, 52, 21]],

[ 67, 45, 0,[ 69, 91, 54]],

[ 81, 45, 0,[ 52, 64, 28, 29, 88]],

[ 1, 55, 1,[ 39, 96, 18, 60, 0]],

[ 59, 25, 1,[ 30, 14, 57, 45]],

[ 46, 45, 0,[ 22, 16, 29]],

[ 71, 95, 1,[ 38, 23, 55, 9, 30]],

[ 75, 5, 1,[ 66, 40, 97]],

[ 97, 35, 0,[ 75, 56, 16]],

[ 87, 35, 1,[ 19, 91, 73]],

[ 82, 75, 1,[ 8, 49, 32]],

[ 93, 45, 0,[ 56, 22, 39]],

[ 77, 75, 0,[ 50, 83, 37]],

[ 4, 45, 0,[ 27, 11, 95]],

[ 85, 5, 1,[ 35, 20, 53, 65]],

[ 11, 45, 0,[ 76, 39, 4]],

[ 0, 15, 0,[ 86, 57, 1]],

[ 52, 55, 0,[ 24, 81, 25]],

[ 58, 55, 0,[ 33, 88, 91]],

[ 64, 45, 0,[ 3, 81, 99]],

[ 90, 65, 1,[ 13, 53, 27]],

[ 68, 75, 0,[ 60, 98, 51]],

[ 27, 55, 1,[ 37, 4, 90, 80]],

[ 53, 65, 1,[ 94, 22, 90, 85]],

[ 10, 65, 1,[ 25, 60, 84, 20]],

[ 73, 55, 1,[ 43, 87, 60]],

[ 62, 25, 1,[ 37, 91, 18]],

[ 96, 45, 0,[ 1, 15, 63]],

[ 6, 15, 0,[ 66, 34, 30]],

[ 56, 95, 1,[ 93, 32, 97]],

[ 88, 45, 1,[ 58, 76, 81]],

[ 76, 75, 0,[ 48, 11, 47, 88]],

[ 42, 75, 1,[ 80, 2, 34]],

[ 72, 85, 1,[ 70, 32, 78]],

[ 22, 75, 1,[ 53, 93, 46]],

[ 54, 75, 0,[ 92, 67, 37, 83]],

[ 70, 5, 1,[ 26, 48, 72]],

[ 5, 5, 0,[ 21, 80, 50]],

[ 74, 75, 1,[ 7, 48, 95]],

[ 32, 5, 1,[ 65, 66, 28, 72, 15, 82, 56, 47]],

[ 91, 5, 1,[ 67, 62, 87, 58]],

[ 38, 65, 1,[ 44, 71, 40]],

[ 20, 45, 0,[ 10, 35, 85, 79]],

[ 50, 5, 0,[ 47, 5, 9, 77]],

[ 24, 65, 1,[ 66, 52, 30, 89]],

[ 84, 65, 0,[ 26, 10, 7]],

[ 29, 45, 0,[ 46, 21, 81]],

[ 79, 45, 0,[ 55, 20, 3]],

[ 60, 35, 1,[ 10, 1, 73, 68]],

[ 39, 45, 0,[ 11, 1, 93]],

[ 49, 25, 0,[ 41, 21, 82]],

[ 94, 35, 0,[ 53, 16, 8]],

[ 69, 25, 1,[ 25, 99, 67]],

[ 15, 45, 0,[ 96, 32, 16]],

[ 98, 75, 1,[ 68, 78, 14]],

[ 43, 95, 0,[ 33, 63, 73]],

[ 31, 85, 1,[ 45, 13, 17, 18]],

[ 61, 45, 0,[ 21, 92, 13]],

[ 2, 45, 0,[ 42, 30, 92, 3]],

[ 21, 75, 1,[ 5, 25, 49, 61, 29, 35]],

[ 19, 85, 1,[ 33, 57, 26, 87]],

[ 51, 75, 1,[ 13, 68, 86]],

[ 13, 45, 0,[ 16, 51, 90, 31, 61]],

[ 92, 45, 0,[ 54, 61, 2]],

[ 34, 45, 0,[ 78, 6, 42]],

[ 95, 5, 1,[ 74, 4, 40]],

[ 78, 85, 1,[ 72, 98, 89, 40, 34]],

[ 36, 65, 1,[ 25, 23, 12]],

[ 30, 45, 1,[ 59, 2, 24, 71, 6]],

[ 28, 65, 1,[ 32, 44, 63, 81]],

[ 55, 55, 0,[ 79, 71, 89]],

[ 40, 55, 0,[ 95, 78, 38, 75]],

[ 23, 55, 1,[ 12, 41, 36, 18, 71]],

[ 35, 45, 0,[ 20, 21, 85]],

[ 14, 15, 1,[ 8, 59, 98]],

[ 9, 15, 0,[ 37, 71, 50]],

[ 99, 45, 0,[ 69, 64, 63]],

[ 63, 95, 1,[ 28, 99, 96, 43]],

[ 3, 45, 0,[ 64, 2, 79]],

[ 89, 55, 0,[ 24, 44, 55, 78]],

[ 44, 75, 0,[ 28, 38, 89]],

[ 17, 85, 0,[ 16, 31, 12]],

[ 8, 35, 0,[ 82, 94, 14]],

[ 57, 5, 1,[ 19, 0, 59]],

