[ 11, 55, 0,[ 98, 16, 35]],

[ 48, 95, 1,[ 68, 37, 53, 10, 75, 23, 35, 89]],

[ 20, 35, 0,[ 13, 98, 95]],

[ 34, 55, 0,[ 94, 51, 15, 69]],

[ 95, 35, 1,[ 82, 4, 20, 50]],

[ 92, 95, 0,[ 80, 74, 56]],

[ 72, 95, 0,[ 40, 10, 52, 97]],

[ 41, 25, 0,[ 74, 71, 10]],

[ 1, 95, 0,[ 57, 88, 71, 29]],

[ 83, 95, 0,[ 25, 85, 47]],

[ 98, 55, 1,[ 22, 24, 30, 53, 15, 11, 26, 47, 78, 20, 69, 38]],

[ 10, 85, 1,[ 6, 29, 33, 64, 39, 72, 14, 52, 73, 85, 54, 41, 48, 87, 62]],

[ 47, 95, 0,[ 83, 54, 98]],

[ 13, 95, 0,[ 3, 86, 26, 20, 17]],

[ 40, 95, 0,[ 84, 68, 72]],

[ 88, 95, 0,[ 74, 1]],

[ 89, 95, 0,[ 48, 62, 79]],

[ 78, 55, 0,[ 98, 94, 42]],

[ 66, 95, 0,[ 56, 77, 39]],

[ 90, 35, 0,[ 24, 16, 60]],

[ 74, 25, 1,[ 88, 61, 92, 8, 63, 5, 84, 4, 59, 46, 23, 58, 41, 65, 9]],

[ 4, 25, 0,[ 74, 17, 15, 95, 33]],

[ 56, 95, 0,[ 92, 66, 52]],

[ 82, 95, 0,[ 7, 25, 95]],

[ 30, 25, 0,[ 98, 52, 63]],

[ 43, 25, 0,[ 71, 9]],

[ 75, 95, 0,[ 85, 48, 63]],

[ 29, 95, 0,[ 1, 10, 16, 17]],

[ 35, 95, 0,[ 48, 11]],

[ 45, 95, 0,[ 36, 3, 97, 22, 39]],

[ 2, 95, 0,[ 67, 22, 25]],

[ 84, 95, 0,[ 81, 40, 74]],

[ 52, 95, 0,[ 72, 30, 10, 64, 56]],

[ 93, 95, 0,[ 32, 37, 28]],

[ 60, 95, 0,[ 81, 90, 27]],

[ 8, 25, 0,[ 74, 38, 99, 5, 12]],

[ 99, 25, 0,[ 38, 8]],

[ 59, 25, 0,[ 38, 74, 57]],

[ 12, 25, 0,[ 16, 51, 8]],

[ 81, 95, 0,[ 84, 79, 16, 60]],

[ 97, 95, 0,[ 45, 22, 72]],

[ 62, 95, 0,[ 80, 89, 10]],

[ 36, 55, 0,[ 69, 45]],

[ 38, 25, 0,[ 55, 59, 98, 8, 99]],

[ 26, 95, 0,[ 31, 13, 98]],

[ 71, 95, 0,[ 1, 43, 44, 91, 41]],

[ 25, 95, 1,[ 86, 82, 70, 57, 61, 2, 73, 83, 55, 19]],

[ 46, 95, 0,[ 74, 96, 7]],

[ 53, 95, 0,[ 98, 63, 48]],

[ 67, 95, 0,[ 0, 77, 6, 2, 18]],

[ 65, 95, 0,[ 74, 49, 31]],

[ 86, 95, 0,[ 0, 54, 13, 25]],

[ 33, 85, 0,[ 10, 4, 42]],

[ 15, 55, 0,[ 98, 4, 34]],

[ 91, 95, 0,[ 32, 14, 71]],

[ 37, 95, 0,[ 48, 94, 93]],

[ 28, 95, 0,[ 22, 85, 93]],

[ 85, 95, 0,[ 10, 75, 28, 83]],

[ 9, 25, 0,[ 50, 74, 43]],

[ 87, 25, 0,[ 50, 10, 42]],

[ 68, 95, 0,[ 21, 48, 40]],

[ 6, 85, 0,[ 67, 73, 10]],

[ 70, 95, 0,[ 44, 80, 25]],

[ 96, 95, 0,[ 46, 7, 64]],

[ 16, 15, 1,[ 29, 44, 81, 14, 90, 18, 11, 12, 21]],

[ 50, 25, 0,[ 87, 9, 95]],

[ 51, 55, 0,[ 12, 34]],

[ 24, 35, 0,[ 98, 22, 90]],

[ 94, 55, 0,[ 37, 34, 78]],

[ 18, 95, 0,[ 67, 16]],

[ 17, 95, 0,[ 13, 29, 4]],

[ 79, 95, 0,[ 69, 81, 89]],

[ 39, 95, 1,[ 76, 10, 45, 49, 66]],

[ 57, 95, 0,[ 1, 59, 25]],

[ 77, 95, 0,[ 67, 66, 49]],

[ 19, 95, 0,[ 58, 5, 25]],

[ 14, 95, 0,[ 91, 42, 16, 10]],

[ 55, 95, 0,[ 38, 25, 21]],

[ 21, 95, 0,[ 55, 16, 68]],

[ 7, 95, 0,[ 82, 46, 58, 96]],

[ 32, 95, 0,[ 93, 58, 91]],

[ 64, 95, 0,[ 52, 96, 10]],

[ 69, 55, 0,[ 98, 79, 36, 34]],

[ 5, 25, 0,[ 74, 19, 8]],

[ 63, 95, 0,[ 74, 30, 53, 75]],

[ 31, 95, 0,[ 26, 65]],

[ 3, 95, 0,[ 49, 13, 45]],

[ 22, 35, 1,[ 98, 28, 45, 24, 2, 97, 44]],

[ 49, 95, 0,[ 39, 65, 77, 3]],

[ 80, 95, 0,[ 92, 62, 70]],

[ 23, 95, 0,[ 48, 74]],

[ 61, 25, 0,[ 74, 25]],

[ 44, 95, 0,[ 70, 22, 16, 71]],

[ 42, 75, 1,[ 14, 33, 87, 78, 76]],

[ 27, 95, 0,[ 60]],

[ 54, 95, 0,[ 86, 10, 47]],

[ 73, 85, 0,[ 6, 10, 25]],

[ 0, 95, 0,[ 86, 67]],

[ 58, 95, 0,[ 7, 32, 19, 74]],

[ 76, 75, 0,[ 42, 39]],

