[ 8, 5, 0,[ 0, 81]],

[ 10, 15, 0,[ 54, 11, 2]],

[ 77, 15, 0,[ 44, 11, 12]],

[ 18, 5, 0,[ 0, 49, 2]],

[ 63, 15, 0,[ 2, 44, 81]],

[ 31, 5, 0,[]],

[ 9, 35, 0,[ 44, 2, 54]],

[ 99, 15, 0,[ 4]],

[ 27, 15, 0,[ 54, 2]],

[ 16, 15, 0,[ 81, 11, 2]],

[ 62, 15, 0,[ 2, 7, 44, 54]],

[ 90, 15, 0,[ 54, 11]],

[ 73, 15, 0,[ 4, 11, 54]],

[ 71, 15, 0,[ 11, 2, 81]],

[ 2, 95, 1,[ 3, 97, 79, 89, 37, 76, 41, 55, 94, 98, 59, 32, 6, 12, 27, 74, 29, 86, 61, 88, 30, 15, 91, 0, 68, 48, 23, 80, 57, 45, 78, 62, 93, 87, 69, 46, 63, 67, 47, 10, 21, 28, 39, 25, 18, 33, 42, 16, 95, 36, 50, 58, 75, 35, 34, 70, 64, 9, 51, 53, 71, 85, 83, 96, 66]],

[ 48, 5, 0,[ 58, 11, 2]],

[ 88, 15, 0,[ 44, 49, 36, 2]],

[ 53, 15, 0,[ 49, 44, 2]],

[ 86, 5, 0,[ 2, 54, 67]],

[ 84, 35, 0,[ 4, 54, 76]],

[ 47, 15, 0,[ 2, 4, 11]],

[ 40, 5, 0,[ 54]],

[ 21, 15, 0,[ 2]],

[ 37, 15, 0,[ 2, 44, 11]],

[ 24, 15, 0,[ 95, 44]],

[ 23, 15, 0,[ 44, 2]],

[ 14, 15, 0,[ 54, 44, 1]],

[ 13, 15, 0,[ 54, 19]],

[ 1, 5, 0,[ 14, 54]],

[ 72, 15, 0,[ 54, 0, 81]],

[ 66, 15, 0,[ 44, 54, 2]],

[ 49, 5, 1,[ 60, 53, 50, 34, 5, 85, 88, 17, 96, 75, 46, 44, 18]],

[ 11, 35, 1,[ 47, 19, 73, 65, 37, 79, 48, 16, 70, 77, 10, 80, 90, 71, 74, 12]],

[ 17, 15, 0,[ 49, 54, 44]],

[ 68, 15, 0,[ 0, 81, 2]],

[ 34, 15, 0,[ 44, 49, 2]],

[ 28, 15, 0,[ 54, 0, 2]],

[ 69, 15, 0,[ 54, 2, 44]],

[ 45, 15, 0,[ 54, 2, 81]],

[ 5, 15, 0,[ 54, 44, 49]],

[ 67, 15, 0,[ 2, 86, 0]],

[ 38, 5, 0,[ 76, 54, 0]],

[ 61, 15, 0,[ 54, 44, 2, 93]],

[ 64, 5, 0,[ 2]],

[ 15, 15, 0,[ 44, 2, 55]],

[ 12, 15, 0,[ 77, 2, 11, 44]],

[ 82, 15, 0,[ 22, 54]],

[ 6, 15, 0,[ 2, 4, 0]],

[ 46, 15, 0,[ 49, 2, 44]],

[ 42, 15, 0,[ 54, 2]],

[ 33, 15, 0,[ 54, 44, 2]],

[ 93, 15, 0,[ 2, 54, 61]],

[ 26, 15, 1,[ 81, 79, 54]],

[ 3, 5, 0,[ 2, 79, 44]],

[ 65, 5, 0,[ 11, 54, 41]],

[ 36, 15, 0,[ 54, 88, 2]],

[ 98, 15, 0,[ 44, 2, 54]],

[ 20, 5, 0,[ 57, 54, 44]],

[ 97, 15, 0,[ 44, 4, 2]],

[ 79, 15, 1,[ 3, 2, 43, 11, 26, 30]],

[ 35, 15, 0,[ 44, 2, 0]],

[ 59, 5, 0,[ 54, 2]],

[ 56, 15, 0,[ 83, 44, 0]],

[ 58, 15, 0,[ 48, 54, 2, 44]],

[ 55, 35, 0,[ 15, 54, 2]],

[ 91, 15, 0,[ 54, 2, 44]],

[ 54, 25, 1,[ 83, 20, 76, 72, 17, 80, 61, 13, 94, 69, 1, 65, 22, 86, 73, 28, 9, 55, 70, 92, 38, 45, 89, 87, 95, 5, 32, 43, 60, 33, 36, 52, 42, 27, 66, 14, 91, 93, 90, 98, 10, 84, 96, 39, 62, 41, 7, 59, 19, 75, 58, 82, 26, 40]],

[ 39, 15, 0,[ 54, 2, 44]],

[ 52, 15, 0,[ 54, 44]],

[ 60, 15, 0,[ 54, 44, 49]],

[ 41, 15, 0,[ 65, 54, 2]],

[ 85, 15, 0,[ 2, 49, 0]],

[ 19, 15, 0,[ 54, 13, 11]],

[ 22, 5, 0,[ 82, 0, 54]],

[ 29, 35, 0,[ 2, 0]],

[ 74, 15, 0,[ 11, 2]],

[ 70, 15, 0,[ 11, 54, 2]],

[ 43, 5, 0,[ 54, 44, 79]],

[ 4, 5, 1,[ 99, 97, 84, 47, 73, 6]],

[ 94, 15, 0,[ 0, 2, 54]],

[ 25, 15, 0,[ 2]],

[ 92, 5, 0,[ 54]],

[ 76, 15, 0,[ 54, 2, 38, 84]],

[ 96, 15, 0,[ 49, 54, 2]],

[ 32, 15, 0,[ 2, 54]],

[ 87, 5, 0,[ 2, 54, 81]],

[ 75, 15, 0,[ 54, 49, 2]],

[ 57, 15, 0,[ 20, 2]],

[ 78, 5, 0,[ 0, 2]],

[ 7, 5, 0,[ 54, 62, 0]],

[ 95, 5, 0,[ 24, 54, 2]],

[ 0, 35, 1,[ 28, 38, 18, 35, 72, 50, 85, 78, 68, 29, 2, 94, 56, 67, 22, 6, 7, 8]],

[ 51, 15, 0,[ 44, 2, 81]],

[ 44, 45, 1,[ 12, 98, 61, 15, 56, 77, 52, 91, 24, 30, 49, 23, 37, 89, 20, 88, 14, 63, 33, 46, 35, 62, 5, 3, 60, 51, 58, 53, 43, 17, 9, 69, 66, 34, 97, 39]],

[ 80, 5, 0,[ 11, 2, 54]],

[ 89, 15, 0,[ 2, 54, 44]],

[ 30, 15, 0,[ 79, 2, 44]],

[ 83, 5, 0,[ 2, 56, 54]],

[ 50, 15, 0,[ 2, 0, 49]],

[ 81, 5, 1,[ 71, 45, 87, 63, 26, 72, 51, 16, 8, 68]],

