[ 20, 25, 0,[ 49, 81, 59, 96]],

[ 39, 55, 0,[ 81, 77, 96]],

[ 86, 25, 0,[ 96, 81]],

[ 64, 25, 0,[ 96, 81]],

[ 3, 25, 0,[ 58, 96, 68]],

[ 63, 25, 0,[ 68, 81, 96]],

[ 15, 25, 0,[ 68, 58, 11]],

[ 13, 25, 0,[ 96, 68, 58]],

[ 54, 25, 0,[ 81, 49, 68]],

[ 21, 25, 0,[ 10, 23, 68]],

[ 27, 25, 0,[ 68]],

[ 8, 25, 0,[ 26, 96]],

[ 47, 25, 0,[ 68, 81, 58]],

[ 16, 25, 0,[ 96, 26, 58]],

[ 5, 25, 0,[ 58, 68, 81]],

[ 98, 55, 0,[ 11, 96]],

[ 60, 25, 0,[ 68, 81]],

[ 7, 25, 1,[ 58, 2]],

[ 92, 25, 0,[ 4, 81, 96]],

[ 94, 25, 0,[ 81, 68, 96]],

[ 87, 25, 0,[ 68]],

[ 96, 5, 1,[ 16, 45, 23, 28, 24, 50, 93, 40, 92, 64, 25, 88, 84, 72, 8, 56, 95, 82, 91, 33, 22, 70, 38, 71, 9, 42, 31, 48, 46, 44, 63, 13, 20, 12, 53, 73, 85, 51, 17, 3, 94, 76, 39, 81, 98, 14, 35, 86, 4, 79]],

[ 2, 25, 1,[ 0, 7]],

[ 78, 25, 0,[ 68, 81]],

[ 40, 25, 0,[ 96, 26]],

[ 66, 25, 0,[ 81, 11, 58]],

[ 70, 25, 0,[ 68, 96, 81]],

[ 80, 25, 0,[ 68, 58]],

[ 25, 45, 0,[ 96, 75]],

[ 26, 55, 1,[ 8, 95, 0, 71, 36, 40, 83, 16]],

[ 23, 25, 0,[ 74, 96, 21, 81]],

[ 36, 25, 0,[ 68, 26, 49]],

[ 43, 25, 0,[ 68, 81]],

[ 24, 25, 0,[ 96, 58, 81]],

[ 31, 55, 0,[ 96, 68, 49]],

[ 95, 25, 0,[ 26, 96, 68]],

[ 19, 25, 0,[ 68, 58]],

[ 33, 25, 0,[ 11, 96, 68]],

[ 65, 25, 0,[ 81, 49, 45]],

[ 90, 25, 0,[ 68]],

[ 17, 25, 0,[ 96, 68, 81]],

[ 59, 55, 0,[ 68, 20, 81]],

[ 12, 25, 0,[ 11, 68, 96]],

[ 28, 25, 0,[ 96, 58, 81]],

[ 97, 25, 0,[ 81, 68]],

[ 71, 25, 0,[ 26, 96, 68]],

[ 74, 55, 0,[ 91, 23, 68]],

[ 52, 25, 0,[ 68, 81]],

[ 91, 55, 0,[ 68, 74, 96]],

[ 77, 25, 0,[ 68, 58, 39]],

[ 29, 25, 0,[ 62, 68, 58]],

[ 41, 25, 0,[ 81, 11, 68]],

[ 1, 25, 0,[ 11, 49, 81]],

[ 10, 25, 0,[ 49, 81, 21]],

[ 45, 55, 0,[ 65, 49, 81, 96]],

[ 22, 25, 0,[ 96, 81]],

[ 32, 25, 0,[ 73, 68]],

[ 42, 25, 0,[ 96, 68]],

[ 0, 25, 1,[ 26, 2]],

[ 62, 55, 0,[ 68, 49, 29]],

[ 58, 45, 1,[ 16, 28, 44, 24, 99, 88, 82, 19, 13, 77, 66, 80, 7, 29, 5, 51, 3, 84, 47, 37, 76, 15, 89]],

[ 38, 55, 0,[ 81, 68, 96]],

[ 49, 45, 1,[ 65, 54, 62, 18, 55, 79, 45, 36, 56, 20, 31, 1, 10]],

[ 30, 25, 0,[ 81, 14]],

[ 99, 25, 0,[ 37, 68, 58]],

[ 11, 55, 1,[ 98, 34, 66, 50, 41, 1, 15, 4, 12, 33]],

[ 6, 25, 0,[ 68, 81]],

[ 73, 55, 0,[ 96, 32, 68]],

[ 79, 25, 0,[ 49, 96]],

[ 14, 55, 0,[ 81, 96, 30]],

[ 9, 25, 0,[ 96, 68]],

[ 35, 25, 0,[ 96, 81]],

[ 84, 25, 0,[ 58, 68, 96]],

[ 46, 25, 0,[ 81, 96]],

[ 67, 25, 0,[ 68, 81]],

[ 69, 55, 0,[ 68]],

[ 51, 25, 0,[ 58, 96, 68]],

[ 48, 25, 0,[ 96, 68]],

[ 72, 25, 0,[ 96, 68, 81]],

[ 56, 25, 0,[ 81, 96, 49]],

[ 81, 85, 1,[ 28, 56, 78, 6, 63, 75, 72, 85, 45, 67, 55, 35, 89, 23, 17, 60, 83, 46, 66, 10, 24, 54, 22, 14, 57, 53, 92, 5, 86, 65, 41, 64, 1, 18, 20, 47, 30, 38, 52, 94, 70, 50, 39, 43, 96, 97, 59]],

[ 44, 25, 0,[ 58, 68, 96]],

[ 68, 35, 1,[ 17, 6, 9, 62, 43, 57, 27, 55, 47, 82, 59, 80, 34, 93, 69, 21, 15, 29, 84, 73, 12, 89, 31, 36, 70, 32, 85, 91, 63, 78, 95, 13, 61, 94, 72, 41, 97, 19, 5, 51, 37, 42, 71, 52, 90, 99, 87, 53, 3, 54, 33, 77, 74, 83, 38, 67, 60, 48, 44]],

[ 37, 25, 0,[ 68, 99, 58]],

[ 82, 25, 0,[ 96, 68, 58]],

[ 89, 25, 0,[ 68, 81, 58]],

[ 76, 25, 0,[ 96, 75, 58]],

[ 55, 25, 0,[ 81, 68, 49]],

[ 85, 25, 0,[ 96, 81, 68]],

[ 83, 25, 0,[ 81, 68, 26]],

[ 18, 25, 0,[ 49, 81]],

[ 93, 25, 0,[ 68, 96]],

[ 53, 25, 0,[ 68, 81, 96]],

[ 88, 25, 0,[ 58, 96]],

[ 57, 25, 0,[ 81, 68]],

[ 75, 25, 0,[ 25, 76, 81]],

[ 4, 45, 0,[ 96, 92, 11]],

[ 34, 25, 0,[ 11, 68]],

[ 61, 25, 0,[ 68]],

[ 50, 25, 0,[ 11, 81, 96]],

