[ 18, 75, 0,[ 37, 5, 34]],

[ 27, 25, 1,[ 79, 80, 98, 66, 7]],

[ 49, 45, 1,[ 54, 19, 95, 83]],

[ 93, 75, 1,[ 31, 94, 43]],

[ 54, 75, 1,[ 1, 49, 34, 22]],

[ 68, 25, 1,[ 59, 38, 52]],

[ 83, 45, 0,[ 85, 1, 84, 49]],

[ 42, 15, 0,[ 7, 92, 58]],

[ 58, 15, 1,[ 77, 59, 42, 90, 39, 20]],

[ 13, 85, 1,[ 44, 99]],

[ 78, 65, 1,[ 72, 67, 84, 88, 81]],

[ 73, 35, 0,[ 70]],

[ 14, 5, 0,[ 20, 96, 60]],

[ 92, 95, 1,[ 42, 96, 74, 21]],

[ 32, 35, 0,[ 11, 82, 60, 98]],

[ 60, 5, 0,[ 14, 32, 34]],

[ 9, 5, 1,[ 11, 17, 31, 4]],

[ 33, 65, 0,[ 23, 17]],

[ 86, 65, 0,[ 17, 16, 63]],

[ 95, 15, 0,[ 49, 74, 57, 8]],

[ 10, 35, 0,[ 66, 40, 7]],

[ 24, 55, 0,[ 28, 41, 81]],

[ 34, 25, 1,[ 96, 18, 60, 64, 56, 54]],

[ 55, 35, 1,[ 15, 75, 39]],

[ 56, 25, 0,[ 40, 34, 8]],

[ 3, 85, 1,[ 88, 76, 7]],

[ 0, 5, 1,[ 82, 31, 81, 2, 48]],

[ 52, 55, 1,[ 66, 53, 12, 68, 80]],

[ 41, 75, 0,[ 8, 2, 24]],

[ 71, 55, 0,[ 94, 47, 87]],

[ 65, 45, 1,[ 66, 44, 96, 50]],

[ 88, 65, 0,[ 78, 70, 3]],

[ 76, 85, 1,[ 62, 94, 99, 3]],

[ 79, 5, 1,[ 87, 72, 22, 63, 27]],

[ 85, 75, 0,[ 50, 51, 2, 83]],

[ 74, 95, 0,[ 95, 92, 69]],

[ 72, 65, 0,[ 79, 78, 69]],

[ 4, 85, 1,[ 47, 9, 97]],

[ 75, 65, 0,[ 55, 17, 26]],

[ 99, 25, 1,[ 37, 76, 13]],

[ 53, 45, 0,[ 61, 26, 52, 36]],

[ 87, 55, 0,[ 1, 79, 71]],

[ 48, 35, 0,[ 36, 70, 0]],

[ 50, 5, 1,[ 26, 65, 85]],

[ 96, 65, 1,[ 14, 92, 34, 65]],

[ 69, 35, 0,[ 72, 84, 74]],

[ 44, 15, 1,[ 65, 94, 6, 17, 13, 80]],

[ 31, 5, 0,[ 9, 0, 93]],

[ 97, 65, 1,[ 84, 4, 11]],

[ 77, 95, 1,[ 58, 36, 5]],

[ 90, 15, 0,[ 64, 58, 20]],

[ 11, 35, 1,[ 97, 32, 26, 9]],

[ 80, 35, 1,[ 52, 44, 27]],

[ 16, 35, 0,[ 40, 89, 86]],

[ 84, 35, 1,[ 97, 78, 57, 83, 69, 61]],

[ 62, 45, 0,[ 94, 76, 15]],

[ 51, 75, 0,[ 30, 28, 85]],

[ 8, 15, 1,[ 95, 82, 35, 41, 56, 67]],

[ 45, 15, 0,[ 89, 70, 47]],

[ 59, 25, 0,[ 58, 29, 68]],

[ 38, 5, 0,[ 19, 68, 46]],

[ 40, 55, 1,[ 56, 16, 10]],

[ 66, 55, 1,[ 27, 10, 52, 37, 65]],

[ 94, 45, 1,[ 93, 62, 44, 71, 76]],

[ 70, 35, 0,[ 88, 48, 45, 73]],

[ 20, 75, 1,[ 14, 58, 90]],

[ 22, 75, 0,[ 54, 79, 7]],

[ 63, 5, 0,[ 86, 46, 79]],

[ 89, 15, 1,[ 45, 16, 1]],

[ 47, 55, 1,[ 45, 4, 71]],

[ 82, 15, 0,[ 0, 8, 32]],

[ 2, 75, 1,[ 0, 35, 85, 41]],

[ 15, 25, 1,[ 55, 17, 62]],

[ 7, 35, 1,[ 91, 27, 22, 3, 10, 42]],

[ 81, 55, 1,[ 24, 64, 78, 25, 0]],

[ 43, 55, 1,[ 91, 29, 93]],

[ 46, 45, 1,[ 38, 28, 23, 63]],

[ 30, 75, 0,[ 5, 67, 51]],

[ 5, 75, 1,[ 12, 77, 18, 30, 6]],

[ 35, 85, 1,[ 91, 8, 2, 98]],

[ 36, 45, 0,[ 53, 48, 28, 77]],

[ 37, 55, 0,[ 18, 99, 66, 61]],

[ 6, 65, 1,[ 29, 5, 44]],

[ 67, 95, 1,[ 78, 30, 8]],

[ 98, 35, 0,[ 32, 35, 27]],

[ 23, 85, 0,[ 64, 46, 33, 57]],

[ 1, 75, 0,[ 54, 87, 89, 83]],

[ 39, 15, 0,[ 55, 25, 58]],

[ 29, 5, 1,[ 59, 6, 21, 43]],

[ 26, 85, 1,[ 75, 11, 53, 50]],

[ 91, 35, 0,[ 35, 43, 7]],

[ 57, 35, 0,[ 23, 84, 95]],

[ 21, 5, 0,[ 92, 29]],

[ 64, 85, 1,[ 90, 34, 23, 81]],

[ 17, 65, 1,[ 33, 44, 75, 86, 9, 15]],

[ 12, 65, 1,[ 52, 5, 25]],

[ 19, 5, 0,[ 38, 49]],

[ 28, 45, 0,[ 36, 24, 51, 46]],

[ 25, 55, 0,[ 39, 12, 81]],

[ 61, 45, 0,[ 37, 84, 53]],

