[ 81, 55, 0,[ 22, 10, 85]],

[ 37, 75, 0,[ 74, 95, 10]],

[ 22, 75, 1,[ 90, 58, 17, 9, 10, 50, 89, 73, 86, 70, 71, 51, 84, 47, 59, 96, 81, 5]],

[ 88, 55, 0,[ 85, 10]],

[ 31, 75, 0,[]],

[ 87, 55, 0,[ 48]],

[ 65, 55, 0,[ 10]],

[ 40, 55, 0,[ 10, 85, 16]],

[ 56, 55, 0,[ 16, 10, 48]],

[ 70, 55, 0,[ 22, 48, 95]],

[ 51, 55, 0,[ 48, 22]],

[ 79, 55, 0,[ 10, 85]],

[ 62, 55, 0,[ 95, 48]],

[ 95, 65, 1,[ 30, 34, 26, 82, 11, 50, 14, 84, 97, 62, 72, 71, 55, 69, 70, 5, 37, 64, 29, 54, 52, 7, 63]],

[ 59, 55, 0,[ 10, 22, 48]],

[ 8, 55, 0,[ 10]],

[ 78, 75, 0,[ 10, 64]],

[ 93, 55, 0,[ 10]],

[ 23, 55, 0,[ 48, 10]],

[ 39, 55, 0,[ 10]],

[ 45, 55, 0,[ 10]],

[ 14, 55, 0,[ 95, 10]],

[ 25, 55, 1,[ 10, 85, 98]],

[ 89, 55, 0,[ 10, 22]],

[ 91, 55, 0,[ 85, 10]],

[ 58, 55, 0,[ 10, 22, 48]],

[ 85, 65, 1,[ 40, 61, 18, 1, 16, 88, 41, 79, 91, 13, 67, 81, 25, 57, 90, 20, 19, 94]],

[ 74, 55, 1,[ 16, 98, 37]],

[ 97, 55, 0,[ 48, 10, 95]],

[ 99, 55, 0,[ 10, 48]],

[ 4, 55, 0,[ 10, 16]],

[ 24, 55, 0,[ 48]],

[ 11, 75, 0,[ 95, 48, 38, 10]],

[ 63, 55, 0,[ 95, 48, 10]],

[ 36, 55, 0,[ 16, 10, 48]],

[ 43, 55, 0,[ 10, 16]],

[ 67, 55, 0,[ 85, 10]],

[ 60, 55, 0,[ 10]],

[ 71, 55, 0,[ 22, 10, 95]],

[ 44, 65, 0,[ 10]],

[ 64, 55, 0,[ 95, 78, 48]],

[ 26, 55, 0,[ 48, 95, 10]],

[ 83, 55, 0,[ 10]],

[ 47, 55, 0,[ 48, 22, 10]],

[ 21, 55, 0,[ 16, 48, 10]],

[ 76, 55, 0,[ 16, 48]],

[ 27, 55, 0,[ 16, 48]],

[ 12, 55, 0,[ 48, 10]],

[ 13, 55, 0,[ 85, 10, 48]],

[ 18, 55, 0,[ 85, 10, 48]],

[ 20, 55, 0,[ 85]],

[ 46, 55, 0,[ 48, 16, 10]],

[ 82, 55, 0,[ 95, 48, 10]],

[ 6, 65, 0,[]],

[ 17, 55, 0,[ 22, 10]],

[ 34, 55, 0,[ 10, 95]],

[ 86, 55, 0,[ 22, 10, 48]],

[ 48, 95, 1,[ 26, 82, 66, 33, 28, 58, 13, 68, 56, 47, 86, 46, 11, 0, 27, 97, 84, 30, 70, 19, 24, 12, 73, 55, 94, 36, 64, 63, 87, 2, 21, 76, 51, 61, 3, 62, 99, 41, 57, 23, 35, 52, 18, 59]],

[ 57, 55, 1,[ 48, 85, 98]],

[ 3, 55, 0,[ 10, 48]],

[ 41, 55, 0,[ 85, 48]],

[ 92, 55, 0,[]],

[ 61, 55, 0,[ 85, 48, 16]],

[ 5, 65, 0,[ 22, 95]],

[ 32, 55, 0,[ 10]],

[ 16, 75, 1,[ 21, 43, 0, 4, 36, 15, 68, 85, 74, 61, 56, 46, 76, 80, 69, 40, 27]],

[ 29, 55, 0,[ 10, 95]],

[ 35, 55, 0,[ 10, 48]],

[ 0, 55, 0,[ 48, 10, 16]],

[ 69, 55, 0,[ 10, 95, 16]],

[ 55, 55, 0,[ 95, 48]],

[ 50, 55, 0,[ 10, 95, 22]],

[ 49, 75, 0,[ 10]],

[ 77, 55, 0,[ 10]],

[ 75, 55, 0,[ 10]],

[ 98, 55, 1,[ 25, 74, 57, 10]],

[ 54, 75, 0,[ 95, 10]],

[ 19, 55, 0,[ 10, 48, 85]],

[ 1, 55, 0,[ 10, 85]],

[ 66, 55, 0,[ 48, 10]],

[ 90, 55, 0,[ 10, 22, 85]],

[ 42, 55, 0,[ 10]],

[ 30, 55, 0,[ 10, 48, 95]],

[ 73, 55, 0,[ 48, 22, 10]],

[ 38, 55, 0,[ 10, 11]],

[ 10, 5, 1,[ 12, 90, 53, 52, 2, 35, 73, 29, 89, 88, 69, 45, 14, 9, 96, 38, 44, 39, 25, 18, 99, 37, 3, 63, 42, 28, 83, 81, 71, 58, 77, 21, 72, 78, 98, 93, 4, 49, 86, 94, 23, 7, 17, 75, 46, 43, 66, 59, 54, 91, 56, 36, 60, 97, 13, 65, 32, 47, 26, 50, 0, 79, 30, 34, 11, 40, 67, 1, 19, 22, 33, 82, 8]],

[ 72, 55, 0,[ 95, 10]],

[ 53, 55, 0,[ 10]],

[ 94, 55, 0,[ 48, 10, 85]],

[ 80, 55, 0,[ 16]],

[ 15, 55, 0,[ 16]],

[ 9, 55, 0,[ 22, 10]],

[ 84, 55, 0,[ 95, 48, 22]],

[ 68, 55, 0,[ 16, 48]],

[ 33, 55, 0,[ 48, 10]],

[ 96, 55, 0,[ 10, 22]],

[ 2, 55, 0,[ 48, 10]],

[ 28, 55, 0,[ 10, 48]],

[ 52, 55, 0,[ 95, 10, 48]],

[ 7, 55, 0,[ 95, 10]],

