[ 93, 75, 0,[ 62, 21, 58]],

[ 87, 5, 0,[ 53, 38, 85, 54]],

[ 42, 75, 0,[ 64, 6, 26]],

[ 59, 75, 0,[ 33, 54, 31]],

[ 21, 75, 0,[ 11, 93, 6]],

[ 95, 75, 0,[ 16, 64, 62]],

[ 52, 75, 0,[ 58, 69, 29]],

[ 89, 75, 1,[ 2, 53, 70, 10, 25, 47, 20]],

[ 46, 75, 0,[ 55, 14, 77, 26]],

[ 16, 75, 0,[ 68, 95, 81, 92]],

[ 92, 75, 0,[ 17, 81, 16]],

[ 50, 75, 0,[ 35, 67]],

[ 58, 65, 0,[ 93, 52, 4]],

[ 30, 75, 0,[ 98, 7, 60]],

[ 77, 75, 0,[ 46, 35, 72]],

[ 73, 75, 0,[ 6, 31, 4]],

[ 35, 75, 0,[ 27, 50, 77, 0]],

[ 3, 75, 0,[ 88, 11, 41]],

[ 39, 75, 0,[ 4, 78, 69]],

[ 26, 25, 1,[ 46, 42, 63, 1, 19]],

[ 56, 5, 0,[ 48, 75, 10, 54]],

[ 84, 75, 0,[ 4, 1, 33]],

[ 11, 25, 1,[ 21, 65, 34, 23, 3, 94, 19, 85]],

[ 70, 75, 0,[ 89, 15, 83]],

[ 13, 75, 0,[ 45, 41, 43]],

[ 24, 75, 0,[ 0, 20, 57, 72]],

[ 19, 35, 0,[ 11, 15, 26]],

[ 83, 75, 0,[ 27, 70, 37, 97]],

[ 63, 75, 0,[ 65, 75, 26]],

[ 86, 5, 0,[ 20, 54, 90]],

[ 80, 75, 0,[ 76, 82, 32, 34]],

[ 53, 15, 0,[ 87, 89]],

[ 94, 75, 0,[ 67, 68, 11]],

[ 31, 75, 0,[ 73, 22, 59, 2, 79]],

[ 33, 75, 0,[ 22, 74, 84, 59]],

[ 44, 75, 0,[ 1, 12, 76]],

[ 41, 75, 0,[ 3, 13, 62, 32, 91]],

[ 65, 75, 0,[ 11, 51, 63, 54, 10]],

[ 97, 75, 0,[ 83, 98, 47, 96]],

[ 85, 35, 0,[ 87, 11, 40]],

[ 67, 75, 0,[ 94, 4, 9, 50]],

[ 78, 75, 0,[ 45, 40, 39, 28]],

[ 48, 75, 0,[ 96, 9, 56]],

[ 49, 75, 0,[ 74, 7, 69, 14, 54]],

[ 45, 75, 0,[ 78, 13]],

[ 25, 15, 0,[ 37, 89]],

[ 36, 75, 0,[ 43]],

[ 15, 75, 0,[ 34, 19, 70]],

[ 66, 75, 0,[ 8, 71, 23]],

[ 81, 35, 1,[ 90, 14, 16, 92, 32]],

[ 71, 75, 0,[ 7, 66, 61]],

[ 99, 15, 0,[ 2]],

[ 54, 5, 1,[ 86, 8, 2, 56, 82, 12, 65, 18, 59, 55, 87, 49]],

[ 47, 75, 0,[ 97, 75, 89, 9, 61]],

[ 96, 25, 1,[ 37, 97, 48, 38, 4, 17]],

[ 61, 75, 0,[ 51, 71, 47]],

[ 88, 75, 0,[ 82, 98, 4, 3]],

[ 4, 25, 1,[ 88, 84, 29, 60, 67, 73, 40, 96, 39, 58]],

[ 79, 15, 0,[ 31, 2]],

[ 51, 75, 0,[ 1, 65, 61, 22]],

[ 0, 75, 1,[ 35, 34, 55, 2, 90, 24, 98]],

[ 1, 75, 0,[ 26, 84, 44, 51]],

[ 2, 85, 1,[ 28, 79, 0, 31, 43, 99, 54, 68, 89]],

[ 20, 75, 0,[ 24, 86, 89]],

[ 12, 75, 0,[ 54, 44, 23, 27]],

[ 32, 75, 0,[ 81, 41, 80]],

[ 29, 75, 0,[ 52, 4, 28]],

[ 68, 75, 0,[ 94, 2, 16]],

[ 6, 75, 0,[ 21, 73, 42]],

[ 98, 75, 0,[ 97, 0, 88, 30]],

[ 40, 65, 0,[ 85, 78, 4]],

[ 17, 75, 0,[ 92, 28, 8, 96, 74]],

[ 43, 15, 0,[ 13, 36, 2]],

[ 82, 5, 0,[ 54, 80, 88]],

[ 69, 75, 0,[ 37, 52, 39, 49]],

[ 10, 75, 0,[ 56, 89, 65]],

[ 27, 75, 0,[ 12, 35, 83]],

[ 8, 5, 0,[ 91, 17, 66, 54]],

[ 72, 75, 0,[ 24, 18, 77]],

[ 55, 5, 0,[ 0, 46, 54]],

[ 90, 75, 0,[ 0, 81, 86]],

[ 76, 75, 0,[ 44, 38, 80]],

[ 23, 75, 0,[ 11, 66, 12]],

[ 91, 75, 0,[ 41, 8, 38]],

[ 9, 75, 1,[ 47, 5, 48, 67]],

[ 22, 75, 0,[ 31, 33, 51]],

[ 37, 75, 0,[ 25, 96, 83, 69]],

[ 64, 75, 0,[ 95, 42, 18]],

[ 38, 75, 0,[ 96, 76, 87, 91]],

[ 57, 75, 0,[ 74, 24, 7]],

[ 7, 75, 0,[ 49, 71, 57, 30]],

[ 28, 75, 0,[ 78, 2, 17, 29]],

[ 5, 75, 0,[ 9]],

[ 62, 75, 0,[ 93, 41, 95]],

[ 75, 75, 0,[ 56, 63, 47]],

[ 34, 75, 0,[ 11, 0, 15, 80]],

[ 14, 75, 0,[ 81, 46, 49]],

[ 60, 65, 0,[ 30, 4]],

[ 74, 75, 0,[ 17, 49, 33, 57]],

[ 18, 5, 0,[ 54, 64, 72]],

[ 1, 65, 0,[ 11, 62, 21, 12]],

[ 92, 95, 0,[ 11, 84, 54]],

[ 81, 5, 1,[ 76, 26, 5, 7, 12, 72, 70, 74, 15]],

[ 67, 65, 0,[ 53, 29, 11]],

[ 69, 65, 0,[ 71, 26, 11]],

[ 28, 75, 0,[ 84, 4, 16, 95, 2]],

[ 29, 15, 0,[ 0, 60, 67]],

[ 94, 45, 0,[ 44, 99, 71, 55, 79]],

[ 82, 75, 0,[ 65, 2, 88]],

[ 45, 5, 0,[ 56, 70, 57]],

[ 0, 45, 1,[ 49, 41, 77, 68, 38, 35, 99, 93, 79, 29, 42, 73, 51, 16]],

[ 93, 15, 0,[ 44, 9, 0]],

[ 98, 35, 0,[ 54, 23, 39, 43, 87]],

[ 25, 45, 0,[ 37, 8, 78]],

[ 56, 5, 0,[ 46, 60, 45]],

[ 33, 5, 0,[ 97, 52, 15]],

[ 73, 15, 0,[ 61, 4, 48, 0]],

[ 83, 5, 0,[ 5, 3, 6]],

[ 42, 15, 0,[ 59, 0, 65]],

[ 91, 45, 0,[ 78, 95, 51]],

[ 95, 45, 0,[ 91, 28, 39]],

[ 77, 45, 0,[ 21, 0, 18, 43, 14]],

[ 62, 95, 0,[ 2, 1, 54]],

[ 5, 5, 0,[ 83, 26, 81]],

[ 43, 45, 0,[ 77, 98, 86]],

[ 22, 65, 0,[ 41, 11, 26]],

[ 32, 5, 0,[ 70, 9, 50, 68]],

[ 13, 95, 0,[ 10, 89, 85]],

[ 72, 5, 0,[ 49, 81, 66]],

[ 39, 35, 0,[ 98, 88, 95]],

[ 66, 45, 0,[ 51, 72, 30]],

[ 86, 45, 0,[ 48, 43, 78]],

[ 89, 5, 1,[ 13, 34, 12, 64, 53, 97]],

[ 76, 5, 0,[ 81, 40, 68]],

[ 44, 45, 0,[ 94, 34, 93, 30, 59]],

[ 16, 15, 0,[ 0, 28, 50]],

[ 75, 45, 0,[ 52, 20, 57]],

[ 99, 15, 0,[ 94, 0, 53]],

[ 19, 5, 0,[ 31, 9, 15]],

[ 27, 75, 0,[ 2, 37, 64, 88, 3]],

[ 63, 5, 0,[ 80, 36, 24, 79, 20]],

[ 24, 5, 0,[ 21, 48, 26, 63]],

[ 84, 45, 0,[ 92, 28, 30]],

[ 14, 25, 0,[ 15, 17, 77]],

[ 64, 45, 0,[ 27, 89, 90]],

[ 58, 15, 0,[ 17, 47]],

[ 74, 5, 0,[ 81, 57, 6]],

[ 10, 95, 0,[ 38, 87, 13, 54]],

[ 49, 45, 1,[ 90, 18, 57, 72, 0, 88]],

[ 70, 5, 0,[ 45, 32, 81]],

[ 57, 45, 0,[ 45, 38, 90, 75, 49, 74]],

[ 31, 5, 0,[ 19, 26, 12]],

[ 47, 75, 0,[ 2, 96, 58]],

[ 37, 45, 0,[ 80, 25, 27]],

[ 97, 5, 0,[ 33, 89, 50]],

[ 36, 5, 0,[ 63, 9, 26, 51]],

[ 68, 15, 0,[ 76, 0, 32]],

[ 48, 45, 0,[ 73, 86, 24]],

[ 8, 95, 0,[ 41, 25, 85]],

[ 11, 55, 1,[ 46, 22, 67, 92, 23, 1, 69, 6, 55]],

[ 30, 45, 0,[ 54, 66, 44, 84]],

[ 79, 15, 0,[ 94, 0, 63]],

[ 53, 5, 0,[ 99, 6, 67, 89]],

[ 50, 5, 0,[ 97, 32, 16]],

[ 59, 85, 0,[ 42, 9, 44]],

[ 6, 5, 0,[ 83, 74, 11, 53]],

[ 40, 45, 0,[ 76, 78, 61]],

[ 87, 75, 0,[ 98, 2, 65, 10]],

[ 80, 5, 0,[ 38, 37, 63]],

[ 54, 95, 1,[ 20, 30, 85, 7, 3, 55, 10, 98, 62, 92]],

[ 18, 45, 0,[ 4, 49, 77]],

[ 26, 5, 1,[ 69, 5, 22, 36, 24, 81, 4, 31]],

[ 61, 45, 0,[ 73, 40, 21]],

[ 34, 45, 0,[ 52, 44, 89]],

[ 78, 45, 0,[ 86, 25, 91, 40, 15]],

[ 96, 85, 0,[ 60, 35, 47]],

[ 46, 65, 0,[ 11, 65, 56]],

[ 51, 15, 0,[ 91, 9, 66, 36, 0]],

[ 90, 45, 0,[ 64, 49, 57]],

[ 55, 95, 0,[ 11, 54, 94]],

[ 35, 15, 0,[ 0, 85, 96]],

[ 17, 25, 0,[ 7, 58, 14]],

[ 2, 75, 1,[ 82, 87, 47, 38, 62, 60, 28, 27, 71]],

[ 23, 65, 0,[ 98, 11, 4]],

[ 20, 95, 0,[ 54, 63, 75]],

[ 85, 95, 0,[ 54, 35, 13, 8]],

[ 88, 75, 0,[ 82, 49, 39, 27]],

[ 15, 5, 0,[ 14, 33, 19, 81, 78]],

[ 4, 75, 1,[ 73, 26, 18, 28, 23]],

[ 3, 95, 0,[ 54, 83, 27]],

[ 9, 5, 1,[ 32, 19, 59, 51, 93, 36]],

[ 12, 5, 0,[ 1, 31, 81, 89]],

[ 71, 75, 0,[ 69, 94, 2]],

[ 65, 45, 0,[ 87, 46, 42, 82]],

[ 7, 95, 0,[ 81, 54, 17]],

[ 41, 15, 0,[ 0, 8, 22]],

[ 38, 15, 0,[ 0, 57, 2, 10, 80]],

[ 52, 45, 0,[ 75, 34, 33]],

[ 60, 75, 0,[ 2, 56, 96, 29]],

[ 21, 45, 0,[ 1, 24, 61, 77]],

