[ 90, 65, 0,[ 82, 95, 96, 72]],

[ 14, 65, 0,[ 86, 85, 64]],

[ 71, 65, 0,[ 59, 43, 70, 2]],

[ 22, 75, 0,[ 91, 29, 65]],

[ 61, 65, 0,[ 12, 65, 39, 53, 77, 99]],

[ 25, 65, 0,[ 62, 20, 27]],

[ 75, 95, 0,[ 11, 31, 42]],

[ 43, 65, 0,[ 97, 0, 71]],

[ 49, 65, 0,[ 50, 19, 8]],

[ 9, 35, 1,[ 70, 46, 10, 76, 57, 19, 5]],

[ 33, 75, 0,[ 50, 65, 93, 64]],

[ 80, 65, 0,[ 86, 18, 8, 99, 1]],

[ 31, 15, 0,[ 0, 75, 38]],

[ 94, 65, 0,[ 28, 79, 59]],

[ 34, 95, 0,[ 60, 13, 17]],

[ 70, 65, 0,[ 56, 9, 71, 4, 78]],

[ 46, 45, 0,[ 20, 3, 9, 84]],

[ 32, 65, 0,[ 27, 79, 53]],

[ 85, 65, 0,[ 1, 76, 14]],

[ 52, 65, 0,[ 36, 74, 81]],

[ 5, 75, 0,[ 9, 99, 65]],

[ 10, 85, 0,[ 9, 63, 54, 60]],

[ 0, 35, 1,[ 72, 2, 99, 76, 65, 86, 43, 31, 66]],

[ 35, 15, 0,[ 26, 81, 53]],

[ 62, 65, 0,[ 38, 25, 96]],

[ 8, 65, 0,[ 56, 65, 80, 49, 59]],

[ 87, 65, 0,[ 67, 68, 2]],

[ 21, 65, 0,[ 84, 7, 1]],

[ 11, 5, 1,[ 6, 37, 27, 75, 42, 7]],

[ 13, 75, 0,[ 65, 98, 66, 54, 34]],

[ 67, 65, 0,[ 98, 79, 69, 87]],

[ 53, 65, 0,[ 51, 61, 35, 32]],

[ 2, 15, 1,[ 48, 88, 73, 44, 87, 0, 71, 23]],

[ 16, 95, 0,[ 4, 54, 57]],

[ 17, 95, 0,[ 34, 18, 6]],

[ 77, 65, 0,[ 91, 61, 28, 37]],

[ 83, 95, 0,[ 6, 72, 26]],

[ 78, 65, 0,[ 97, 70, 41]],

[ 15, 75, 0,[ 36, 55, 44]],

[ 44, 15, 0,[ 15, 2, 42]],

[ 64, 65, 0,[ 7, 33, 14, 41]],

[ 3, 45, 0,[ 46, 51]],

[ 18, 75, 0,[ 54, 80, 17, 65]],

[ 29, 65, 0,[ 19, 38, 22, 74]],

[ 27, 65, 0,[ 56, 32, 25, 11]],

[ 39, 65, 0,[ 61, 68, 23, 48]],

[ 1, 65, 0,[ 85, 80, 21]],

[ 7, 65, 0,[ 64, 11, 21]],

[ 28, 65, 0,[ 77, 65, 94, 19, 40]],

[ 86, 65, 0,[ 80, 14, 0]],

[ 76, 45, 0,[ 51, 9, 57, 0, 85]],

[ 66, 15, 0,[ 13, 0, 26]],

[ 20, 45, 0,[ 46, 57, 25]],

[ 82, 75, 0,[ 65, 23, 90]],

[ 23, 15, 0,[ 2, 39, 82]],

[ 84, 75, 0,[ 58, 21, 6, 46, 65]],

[ 51, 45, 0,[ 3, 53, 76]],

[ 6, 95, 0,[ 11, 84, 83, 47, 17]],

[ 65, 35, 1,[ 13, 55, 61, 8, 22, 33, 0, 28, 5, 92, 84, 18, 82]],

[ 60, 35, 0,[ 10, 81, 34]],

[ 73, 15, 0,[ 4, 2, 30]],

[ 88, 85, 0,[ 2, 96, 92, 47]],

[ 63, 65, 0,[ 10, 59, 41]],

[ 59, 65, 0,[ 71, 94, 8, 63]],

[ 48, 65, 0,[ 89, 2, 97, 39]],

[ 72, 15, 0,[ 90, 0, 96, 83]],

[ 26, 15, 1,[ 66, 79, 35, 24, 83]],

[ 89, 65, 0,[ 48, 45, 79]],

[ 93, 35, 0,[ 81, 33, 58]],

[ 47, 95, 0,[ 42, 6, 88]],

[ 91, 65, 0,[ 22, 79, 68, 77]],

[ 41, 65, 0,[ 63, 78, 64, 92]],

[ 45, 65, 0,[ 81, 89, 74, 36]],

[ 97, 65, 0,[ 78, 43, 48]],

[ 74, 65, 0,[ 52, 29, 45]],

[ 37, 65, 0,[ 11, 79, 77]],

[ 57, 45, 0,[ 20, 9, 76, 16]],

[ 36, 65, 0,[ 15, 52, 45]],

[ 96, 95, 1,[ 88, 30, 72, 90, 62]],

[ 40, 65, 0,[ 28, 69, 12]],

[ 30, 85, 0,[ 73, 55, 96]],

[ 38, 65, 0,[ 62, 29, 31]],

[ 50, 65, 0,[ 33, 49, 95, 81]],

[ 56, 65, 0,[ 27, 70, 8]],

[ 54, 85, 0,[ 24, 10, 18, 13, 16]],

[ 81, 85, 1,[ 93, 35, 52, 98, 69, 50, 60, 45]],

[ 55, 75, 0,[ 30, 65, 15, 95]],

[ 69, 65, 0,[ 40, 81, 67, 12]],

[ 4, 15, 1,[ 70, 73, 16]],

[ 99, 65, 0,[ 61, 5, 0, 80]],

[ 98, 35, 0,[ 67, 13, 81]],

[ 58, 55, 0,[ 79, 84, 93]],

[ 42, 95, 0,[ 24, 11, 44, 75, 47]],

[ 79, 5, 1,[ 67, 94, 91, 58, 89, 26, 32, 37]],

[ 19, 65, 0,[ 28, 29, 49, 9]],

[ 24, 95, 0,[ 26, 54, 42]],

[ 92, 75, 0,[ 65, 41, 88]],

[ 68, 65, 0,[ 39, 91, 87]],

[ 12, 65, 0,[ 40, 69, 61]],

[ 95, 65, 0,[ 55, 50, 90]],

[ 40, 25, 0,[ 17, 11, 48]],

[ 22, 65, 0,[ 8, 14, 35]],

[ 73, 65, 0,[ 57, 67, 65]],

[ 28, 75, 0,[ 95, 4, 76, 60]],

[ 91, 25, 0,[ 11, 55, 26]],

[ 58, 75, 0,[ 4, 9, 83]],

[ 49, 55, 1,[ 23, 61, 10, 21, 0, 52, 62, 20, 38, 87]],

[ 64, 35, 0,[ 10, 97, 26, 23]],

[ 70, 25, 0,[ 72, 39, 11]],

[ 11, 25, 1,[ 34, 40, 33, 91, 46, 90, 70, 6, 43, 72, 71]],

[ 34, 25, 0,[ 16, 11, 57]],

[ 69, 45, 0,[ 25, 31, 42]],

[ 41, 65, 0,[ 37, 77, 65, 89]],

[ 89, 75, 0,[ 19, 41, 26, 4]],

[ 47, 65, 0,[ 14, 95, 68]],

[ 4, 15, 1,[ 58, 27, 57, 29, 68, 30, 42, 16, 35, 89, 56, 18, 93, 28]],

[ 19, 65, 0,[ 63, 71, 89]],

[ 7, 65, 0,[ 92, 52, 32]],

[ 48, 65, 0,[ 17, 37, 40]],

[ 0, 5, 1,[ 78, 49, 94, 85, 90, 65]],

[ 66, 65, 0,[ 1, 79, 26]],

[ 3, 65, 0,[ 52, 63, 87]],

[ 26, 55, 1,[ 91, 2, 64, 89, 68, 66]],

[ 18, 75, 0,[ 4, 98, 86]],

[ 56, 75, 0,[ 44, 4, 55]],

[ 33, 25, 0,[ 11, 21, 46]],

[ 78, 65, 0,[ 6, 15, 0]],

[ 25, 45, 0,[ 69, 27, 35]],

[ 27, 75, 0,[ 31, 4, 25]],

[ 1, 65, 0,[ 97, 81, 66]],

[ 63, 65, 0,[ 3, 36, 2, 19]],

[ 31, 85, 0,[ 83, 69, 2, 27]],

[ 71, 25, 0,[ 11, 55, 19, 29]],

[ 32, 65, 0,[ 81, 43, 7]],

[ 72, 25, 0,[ 79, 70, 11]],

[ 79, 35, 0,[ 66, 86, 68, 72]],

[ 20, 65, 0,[ 49, 44, 88]],

[ 80, 65, 0,[ 51, 74, 81, 76]],

[ 81, 65, 1,[ 1, 32, 44, 80, 55, 94, 30]],

[ 92, 65, 0,[ 7, 68, 14]],

[ 37, 65, 0,[ 36, 62, 48, 41, 53, 50]],

[ 46, 25, 0,[ 30, 33, 11]],

[ 10, 65, 0,[ 49, 9, 64]],

[ 45, 65, 0,[ 43, 51, 98]],

[ 21, 65, 0,[ 96, 49, 33]],

[ 55, 95, 0,[ 71, 81, 56, 91]],

[ 99, 65, 0,[ 24, 36, 8]],

[ 38, 65, 0,[ 39, 49, 29, 65]],

[ 59, 45, 0,[ 87, 15, 35]],

[ 74, 25, 0,[ 80, 93, 2]],

[ 90, 25, 0,[ 0, 11, 52]],

[ 35, 45, 0,[ 25, 59, 5, 4, 22]],

[ 86, 45, 0,[ 18, 79, 13]],

[ 54, 95, 1,[ 12, 77, 24, 96]],

[ 39, 65, 0,[ 38, 70, 88]],

[ 85, 45, 0,[ 93, 0, 43]],

[ 43, 65, 0,[ 45, 11, 95, 85, 32]],

[ 12, 65, 0,[ 54, 50, 61]],

[ 36, 65, 0,[ 63, 37, 99]],

[ 75, 35, 0,[ 65, 68, 13]],

[ 24, 65, 0,[ 99, 84, 54]],

[ 87, 65, 0,[ 3, 59, 60, 49]],

[ 94, 45, 0,[ 61, 81, 0]],

[ 44, 95, 0,[ 56, 20, 81]],

[ 17, 25, 0,[ 40, 48, 2, 82]],

[ 6, 65, 0,[ 78, 11, 67, 65]],

[ 51, 65, 0,[ 80, 96, 45]],

[ 15, 65, 0,[ 2, 67, 59, 78]],

[ 50, 65, 0,[ 12, 42, 37]],

[ 9, 65, 0,[ 10, 58, 67]],

[ 96, 35, 0,[ 51, 21, 57, 54]],

[ 68, 95, 1,[ 26, 75, 13, 47, 92, 23, 4, 62, 97, 79]],

[ 2, 5, 1,[ 31, 17, 14, 26, 63, 15, 74]],

[ 84, 15, 0,[ 24, 82, 65]],

[ 83, 85, 0,[ 8, 31, 58]],

[ 8, 65, 0,[ 22, 83, 99]],

[ 82, 85, 0,[ 84, 17, 42]],

[ 60, 45, 0,[ 5, 28, 87]],

[ 13, 45, 0,[ 5, 68, 86, 75, 16]],

[ 52, 65, 0,[ 3, 49, 90, 7]],

[ 62, 65, 0,[ 68, 37, 49]],

[ 16, 75, 0,[ 34, 13, 4]],

[ 97, 65, 0,[ 68, 53, 64, 1]],

[ 61, 65, 0,[ 94, 12, 49]],

[ 57, 75, 0,[ 34, 96, 4, 73]],

[ 30, 75, 0,[ 81, 4, 46]],

[ 29, 75, 0,[ 71, 38, 4, 77, 98]],

[ 53, 65, 0,[ 42, 97, 37]],

[ 76, 65, 0,[ 80, 98, 28]],

[ 93, 75, 0,[ 4, 74, 85]],

[ 67, 65, 0,[ 15, 6, 9, 73]],

[ 88, 65, 0,[ 14, 39, 20]],

[ 95, 65, 0,[ 28, 43, 47]],

[ 42, 75, 0,[ 69, 50, 82, 4, 53]],

[ 23, 35, 0,[ 49, 68, 64]],

[ 77, 75, 0,[ 41, 54, 29]],

[ 5, 45, 0,[ 60, 35, 13]],

[ 65, 25, 1,[ 38, 73, 6, 84, 0, 41, 75]],

[ 98, 65, 0,[ 45, 29, 76, 18]],

[ 14, 65, 0,[ 47, 22, 88, 2, 92]],

