[ 9, 25, 0,[ 25, 48, 57, 84]],

[ 97, 25, 0,[ 6, 11, 4]],

[ 24, 25, 0,[ 87, 3, 73, 77]],

[ 76, 25, 0,[ 93, 39, 90, 10]],

[ 17, 25, 0,[ 95, 13, 29]],

[ 93, 25, 0,[ 18, 76, 33]],

[ 73, 25, 0,[ 49, 24, 62]],

[ 78, 25, 0,[ 80, 85, 32]],

[ 84, 25, 0,[ 41, 9, 94]],

[ 45, 25, 0,[ 69, 43, 64]],

[ 29, 25, 0,[ 95, 72, 17, 27]],

[ 77, 25, 0,[ 87, 14, 80, 24, 10, 54, 56]],

[ 74, 65, 1,[ 98, 99, 12, 83, 34, 27, 67, 42, 1]],

[ 71, 25, 0,[ 19, 51, 22]],

[ 72, 25, 0,[ 29, 51, 50]],

[ 13, 25, 0,[ 17, 48, 20]],

[ 14, 25, 0,[ 0, 49, 77]],

[ 87, 25, 0,[ 48, 77, 24]],

[ 82, 25, 0,[ 19, 12, 67]],

[ 22, 25, 0,[ 67, 71, 54, 39]],

[ 27, 25, 0,[ 89, 74, 29, 19, 46]],

[ 2, 25, 0,[ 3, 92, 95]],

[ 44, 25, 0,[ 39, 10, 4]],

[ 11, 25, 0,[ 85, 21, 97, 92]],

[ 6, 25, 0,[ 97, 41, 19]],

[ 96, 25, 0,[ 48, 33, 52]],

[ 0, 25, 0,[ 7, 14, 23]],

[ 25, 25, 0,[ 9, 90, 54]],

[ 53, 25, 0,[ 69, 57, 26, 39, 85]],

[ 5, 25, 0,[ 15, 95, 98]],

[ 10, 55, 1,[ 77, 76, 44, 33, 28, 26, 94, 51, 23, 16]],

[ 90, 25, 0,[ 88, 25, 76]],

[ 63, 25, 0,[ 64, 95, 19, 18]],

[ 15, 25, 0,[ 55, 21, 5, 68]],

[ 62, 25, 0,[ 73, 64, 66]],

[ 31, 25, 0,[ 7, 48, 39]],

[ 80, 25, 0,[ 89, 78, 77]],

[ 41, 25, 0,[ 51, 6, 84]],

[ 37, 25, 0,[ 30, 3, 19]],

[ 68, 25, 0,[ 15, 35, 19]],

[ 89, 25, 0,[ 80, 30, 27, 95]],

[ 79, 25, 0,[ 52, 60, 36]],

[ 54, 25, 0,[ 77, 25, 22]],

[ 50, 25, 0,[ 39, 72, 40]],

[ 64, 25, 0,[ 63, 45, 62]],

[ 34, 25, 0,[ 48, 74, 20]],

[ 99, 25, 0,[ 66, 59, 74, 88]],

[ 88, 25, 0,[ 19, 99, 90]],

[ 19, 55, 1,[ 27, 71, 88, 43, 23, 63, 59, 37, 61, 82, 95, 68, 6]],

[ 49, 25, 0,[ 73, 14, 86]],

[ 18, 25, 0,[ 63, 47, 8, 93]],

[ 12, 25, 0,[ 60, 98, 23, 82, 74]],

[ 70, 25, 0,[ 58, 85, 30]],

[ 61, 25, 0,[ 16, 58, 19]],

[ 7, 25, 0,[ 52, 31, 0]],

[ 42, 25, 0,[ 66, 74, 51]],

[ 38, 25, 0,[ 32, 85, 91]],

[ 30, 25, 0,[ 70, 37, 47, 89]],

[ 20, 25, 0,[ 34, 13, 86]],

[ 75, 25, 0,[ 81, 91, 40]],

[ 86, 35, 1,[ 48, 95, 28, 49, 1, 81, 20]],

[ 48, 75, 1,[ 31, 34, 87, 86, 13, 36, 98, 9, 21, 57, 96]],

[ 67, 25, 0,[ 74, 82, 39, 22]],

[ 65, 25, 0,[ 46, 39, 56]],

[ 8, 25, 0,[ 85, 18, 16]],

[ 83, 25, 0,[ 74, 81, 39]],

[ 36, 25, 0,[ 66, 79, 48]],

[ 28, 25, 0,[ 60, 10, 86]],

[ 52, 25, 0,[ 7, 96, 92, 35, 79]],

[ 33, 25, 0,[ 35, 10, 26, 93, 96]],

[ 95, 65, 1,[ 63, 17, 47, 5, 2, 29, 19, 40, 86, 89, 32]],

[ 69, 25, 0,[ 1, 45, 53, 66]],

[ 91, 25, 0,[ 75, 38]],

[ 85, 75, 1,[ 53, 8, 58, 70, 46, 11, 78, 55, 38, 35]],

[ 92, 25, 0,[ 52, 11, 2]],

[ 1, 25, 0,[ 86, 69, 74]],

[ 59, 25, 0,[ 99, 39, 19]],

[ 98, 25, 1,[ 5, 74, 12, 48]],

[ 56, 25, 0,[ 55, 77, 65]],

[ 3, 25, 0,[ 24, 2, 37]],

[ 60, 25, 0,[ 28, 79, 12]],

[ 51, 25, 0,[ 10, 42, 41, 72, 71]],

[ 55, 25, 0,[ 85, 15, 56]],

[ 81, 25, 0,[ 75, 83, 86]],

[ 4, 25, 0,[ 44, 97, 21]],

[ 35, 25, 0,[ 68, 33, 85, 94, 52]],

[ 57, 25, 1,[ 48, 53, 9]],

[ 23, 25, 0,[ 0, 10, 19, 12]],

[ 21, 25, 0,[ 48, 66, 4, 15, 11]],

[ 66, 25, 0,[ 21, 42, 62, 36, 99, 69]],

[ 58, 25, 0,[ 70, 85, 61]],

[ 26, 25, 0,[ 53, 47, 33, 10]],

[ 39, 95, 1,[ 44, 53, 59, 67, 22, 65, 50, 76, 31, 83]],

[ 46, 25, 0,[ 65, 27, 85]],

[ 16, 25, 0,[ 10, 61, 8]],

[ 32, 25, 0,[ 38, 95, 78]],

[ 40, 25, 0,[ 50, 75, 95]],

[ 43, 25, 0,[ 45, 47, 19]],

[ 47, 25, 0,[ 18, 26, 30, 95, 43]],

[ 94, 25, 0,[ 35, 84, 10]],

