[ 51, 85, 1,[ 66, 25, 94]],

[ 40, 75, 0,[ 41, 30, 9]],

[ 13, 75, 0,[ 46, 41, 45]],

[ 90, 55, 1,[ 78, 32, 79, 62, 45, 22, 39]],

[ 61, 75, 0,[ 28, 62, 45]],

[ 76, 75, 0,[ 92, 31, 22]],

[ 17, 85, 0,[ 75, 24, 33]],

[ 87, 65, 1,[ 36, 44, 50]],

[ 33, 5, 1,[ 43, 2, 30, 55, 17]],

[ 62, 95, 1,[ 90, 61, 77]],

[ 30, 75, 1,[ 64, 4, 40, 33]],

[ 55, 75, 0,[ 81, 33, 31, 94]],

[ 1, 75, 0,[ 60, 58, 25]],

[ 92, 75, 0,[ 7, 59, 76]],

[ 6, 75, 0,[ 14, 56, 65]],

[ 10, 75, 0,[ 60, 83, 82]],

[ 26, 95, 0,[ 70, 15, 58]],

[ 14, 25, 1,[ 21, 48, 2, 47, 6]],

[ 45, 35, 1,[ 61, 13, 99, 90]],

[ 56, 5, 1,[ 85, 6, 97, 7]],

[ 29, 75, 0,[ 47, 42, 27]],

[ 39, 75, 1,[ 83, 35, 53, 90, 89, 2]],

[ 21, 75, 1,[ 79, 42, 64, 14]],

[ 49, 75, 0,[ 3, 71, 60]],

[ 44, 75, 0,[ 60, 38, 87]],

[ 74, 5, 1,[ 54, 81, 96, 59]],

[ 12, 75, 0,[ 46, 8, 50]],

[ 48, 75, 1,[ 73, 14, 86, 53]],

[ 24, 35, 1,[ 15, 35, 77, 17]],

[ 78, 45, 0,[ 32, 37, 90]],

[ 86, 75, 1,[ 48, 5, 8]],

[ 65, 75, 0,[ 67, 19, 71, 6]],

[ 75, 75, 1,[ 91, 17, 19]],

[ 22, 75, 1,[ 90, 57, 76, 34]],

[ 31, 75, 1,[ 55, 41, 76, 72, 36]],

[ 63, 75, 1,[ 88, 3, 27]],

[ 71, 25, 1,[ 58, 36, 65, 49]],

[ 19, 75, 1,[ 65, 75, 69]],

[ 60, 75, 1,[ 46, 10, 44, 1, 49, 59]],

[ 67, 85, 1,[ 42, 65, 96]],

[ 34, 75, 0,[ 3, 84, 54, 22]],

[ 25, 75, 1,[ 1, 84, 68, 51, 93, 43]],

[ 41, 75, 1,[ 16, 80, 40, 13, 31]],

[ 50, 75, 0,[ 12, 82, 87]],

[ 69, 75, 1,[ 98, 19, 28, 20, 18]],

[ 27, 75, 0,[ 29, 42, 63]],

[ 80, 75, 0,[ 9, 93, 41]],

[ 23, 95, 1,[ 66, 35, 4]],

[ 96, 75, 0,[ 74, 67, 32]],

[ 37, 25, 1,[ 85, 78, 83]],

[ 18, 25, 1,[ 72, 0, 69]],

[ 94, 85, 1,[ 8, 51, 55]],

[ 73, 75, 1,[ 99, 48, 97]],

[ 70, 5, 1,[ 72, 26, 83]],

[ 68, 75, 0,[ 83, 25, 81]],

[ 7, 75, 0,[ 46, 92, 56, 16]],

[ 20, 75, 0,[ 98, 69, 3]],

[ 11, 95, 0,[]],

[ 43, 75, 0,[ 98, 33, 25]],

[ 3, 75, 1,[ 63, 49, 20, 34]],

[ 46, 75, 1,[ 89, 60, 12, 7, 13]],

[ 57, 75, 1,[ 47, 4, 22]],

[ 53, 15, 1,[ 4, 48, 39]],

[ 95, 55, 1,[ 5, 89, 15, 38, 88]],

[ 97, 75, 0,[ 73, 56]],

[ 85, 75, 1,[ 37, 99, 56]],

[ 15, 95, 0,[ 95, 24, 26]],

[ 59, 85, 1,[ 92, 60, 74]],

[ 81, 75, 0,[ 74, 52, 68, 55]],

[ 8, 75, 0,[ 86, 12, 94]],

[ 52, 75, 0,[ 81, 32, 42]],

[ 28, 75, 0,[ 9, 61, 69]],

[ 89, 75, 0,[ 95, 39, 46]],

[ 98, 75, 1,[ 43, 93, 69, 20]],

[ 42, 75, 1,[ 52, 88, 29, 21, 67, 27]],

[ 58, 75, 0,[ 1, 79, 26, 71]],

[ 47, 75, 0,[ 14, 29, 57]],

[ 82, 75, 1,[ 54, 10, 84, 50]],

[ 38, 55, 1,[ 83, 95, 44, 0]],

[ 0, 75, 0,[ 38, 18]],

[ 79, 75, 0,[ 90, 58, 21]],

[ 54, 75, 0,[ 74, 82, 34]],

[ 35, 95, 0,[ 39, 91, 24, 23]],

[ 84, 75, 0,[ 34, 82, 25]],

[ 2, 75, 0,[ 14, 33, 39]],

[ 36, 95, 1,[ 71, 31, 87]],

[ 32, 25, 1,[ 78, 52, 96, 90]],

[ 5, 75, 0,[ 86, 95, 77]],

[ 88, 55, 1,[ 63, 95, 42]],

[ 72, 75, 1,[ 70, 18, 31, 64]],

[ 64, 75, 0,[ 30, 21, 72]],

[ 83, 75, 1,[ 10, 38, 70, 68, 37, 39]],

[ 4, 95, 0,[ 57, 23, 30, 53]],

[ 77, 75, 0,[ 16, 24, 5, 62]],

[ 93, 75, 0,[ 80, 98, 25]],

[ 16, 75, 1,[ 41, 7, 77]],

[ 99, 75, 0,[ 45, 85, 73]],

[ 91, 15, 1,[ 35, 75]],

[ 9, 75, 0,[ 40, 80, 28]],

[ 66, 65, 0,[ 51, 23]],

[ 97, 75, 0,[ 48, 90, 72, 39]],

[ 54, 75, 0,[ 28, 92, 77]],

[ 17, 75, 0,[ 58, 7, 87]],

[ 13, 75, 0,[ 63, 76, 46, 94]],

[ 83, 55, 1,[ 66, 0, 1, 23]],

[ 22, 5, 1,[ 2, 68, 41, 65]],

[ 0, 75, 0,[ 90, 83, 36]],

[ 86, 95, 1,[ 56, 29, 34]],

[ 12, 75, 0,[ 26, 43, 64]],

[ 25, 75, 1,[ 7, 69, 9, 3, 67]],

[ 15, 55, 0,[ 50, 73, 21]],

[ 92, 75, 0,[ 78, 34, 2, 54]],

[ 33, 95, 1,[ 44, 81, 60]],

[ 77, 75, 0,[ 89, 54, 45]],

[ 93, 75, 0,[ 19, 85]],

[ 67, 75, 0,[ 25, 41]],

[ 79, 45, 0,[ 16, 4, 60]],

[ 73, 5, 1,[ 15, 10, 59, 50]],

[ 87, 75, 1,[ 64, 89, 95, 14, 17]],

[ 68, 75, 0,[ 31, 98, 22]],

[ 47, 75, 0,[ 41, 90, 37, 10]],

[ 57, 75, 1,[ 46, 94, 74, 62, 53]],

[ 1, 75, 0,[ 83, 71]],

[ 36, 75, 1,[ 74, 78, 0]],

[ 94, 75, 0,[ 57, 13, 60]],

[ 82, 55, 1,[ 78, 96, 58]],

[ 58, 75, 0,[ 17, 82, 51]],

[ 5, 75, 0,[ 69, 88, 95, 4]],

[ 4, 75, 0,[ 66, 5, 79]],

[ 7, 75, 0,[ 48, 17, 25]],

[ 89, 75, 0,[ 30, 77, 91, 87]],

[ 35, 45, 0,[ 6, 60]],

[ 2, 75, 0,[ 92, 22, 3]],

[ 9, 75, 0,[ 81, 25, 24, 31]],

[ 81, 75, 0,[ 37, 9, 33]],

[ 96, 75, 0,[ 98, 82]],

[ 46, 75, 0,[ 13, 57, 11]],

[ 98, 95, 1,[ 44, 38, 68, 96, 60]],

[ 99, 75, 0,[ 85, 32, 65]],

[ 56, 75, 1,[ 74, 26, 18, 86, 91, 80, 45]],

[ 28, 15, 1,[ 19, 54, 75]],

[ 29, 75, 0,[ 44, 70, 86]],

[ 76, 55, 0,[ 21, 74, 13]],

[ 16, 75, 1,[ 27, 79, 53]],

[ 41, 25, 1,[ 3, 22, 47, 37, 67]],

[ 95, 75, 1,[ 18, 11, 87, 62, 5]],

[ 78, 75, 1,[ 30, 82, 36, 92, 26]],

[ 88, 25, 1,[ 59, 5, 8, 63]],

[ 14, 75, 1,[ 8, 75, 87]],

[ 74, 75, 1,[ 76, 56, 36, 57]],

[ 23, 75, 1,[ 27, 83, 19]],

[ 66, 75, 0,[ 75, 37, 83, 27, 4]],

[ 45, 85, 1,[ 30, 77, 56]],

[ 38, 75, 1,[ 10, 98, 84]],

[ 3, 75, 1,[ 25, 2, 32, 41]],

[ 43, 45, 0,[ 12, 51, 60]],

[ 21, 95, 1,[ 48, 11, 32, 15, 76, 90]],

[ 84, 75, 0,[ 38, 85, 27]],

[ 31, 95, 1,[ 18, 9, 68]],

[ 8, 75, 0,[ 90, 14, 88]],

[ 40, 75, 0,[ 26, 72, 63]],

[ 91, 75, 1,[ 39, 6, 89, 56]],

[ 42, 15, 1,[ 18, 20, 72, 55]],

[ 62, 75, 0,[ 95, 37, 57]],

[ 55, 75, 0,[ 51, 42, 59]],

[ 69, 75, 1,[ 5, 49, 25, 85]],

[ 70, 75, 1,[ 29, 63, 65]],

[ 48, 85, 1,[ 7, 97, 21]],

[ 61, 75, 1,[ 37, 44, 20]],

[ 11, 75, 0,[ 21, 95, 46]],

[ 71, 5, 1,[ 30, 1, 51]],

[ 51, 75, 1,[ 58, 71, 43, 55]],

[ 44, 75, 0,[ 33, 29, 61, 98]],

[ 59, 85, 1,[ 75, 55, 88, 73, 52]],

[ 72, 75, 1,[ 97, 42, 40]],

[ 26, 75, 0,[ 78, 56, 12, 40]],

[ 32, 75, 1,[ 99, 3, 21]],

[ 63, 75, 1,[ 40, 13, 39, 65, 88, 70]],

[ 10, 75, 0,[ 47, 73, 38]],

[ 24, 75, 1,[ 30, 49, 9]],

[ 80, 45, 0,[ 60, 52, 56]],

[ 30, 75, 1,[ 45, 78, 71, 89, 53, 24]],

[ 37, 75, 1,[ 61, 81, 66, 62, 41, 47]],

[ 53, 75, 1,[ 57, 16, 30]],

[ 27, 75, 1,[ 23, 16, 84, 66]],

[ 75, 75, 1,[ 66, 28, 52, 14, 59]],

[ 20, 75, 0,[ 61, 42, 49]],

[ 49, 75, 0,[ 20, 69, 24]],

[ 34, 75, 0,[ 92, 86]],

[ 6, 75, 0,[ 85, 91, 35]],

[ 50, 85, 0,[ 15, 73]],

[ 19, 75, 1,[ 64, 28, 93, 23]],

[ 52, 75, 0,[ 80, 59, 75]],

[ 90, 75, 1,[ 0, 8, 97, 21, 47]],

[ 85, 15, 1,[ 99, 84, 69, 93, 6]],

[ 64, 75, 0,[ 19, 87, 12]],

[ 60, 45, 1,[ 94, 35, 79, 80, 18, 98, 33, 43]],

[ 39, 75, 1,[ 91, 63, 97]],

[ 65, 75, 0,[ 63, 70, 22, 99]],

[ 18, 75, 1,[ 95, 56, 42, 60, 31]],

