[ 16, 5, 1,[ 80, 71, 72, 47, 48, 98, 35, 50, 64, 46, 43, 66, 62, 68, 22, 53]],

[ 44, 25, 0,[ 10, 82, 25]],

[ 34, 35, 0,[ 0, 50, 21, 96]],

[ 14, 35, 0,[ 96, 86, 98]],

[ 72, 65, 0,[ 61, 16, 36]],

[ 1, 95, 0,[ 91, 81, 98]],

[ 59, 65, 0,[ 54, 71, 38]],

[ 45, 55, 0,[ 10, 9, 98]],

[ 4, 35, 0,[ 75, 31, 38, 83, 98]],

[ 49, 15, 0,[ 97, 53, 98]],

[ 79, 35, 0,[ 24, 89, 86]],

[ 22, 65, 0,[ 70, 38, 27, 16, 77]],

[ 11, 55, 0,[ 25, 78, 69]],

[ 27, 65, 0,[ 73, 22, 91]],

[ 77, 65, 0,[ 86, 95, 2, 22]],

[ 83, 35, 0,[ 4, 25, 52]],

[ 82, 65, 0,[ 44, 56, 64]],

[ 85, 55, 0,[ 47, 75, 86]],

[ 17, 55, 0,[ 96, 25, 53, 47]],

[ 26, 65, 0,[ 90, 55, 67]],

[ 6, 65, 0,[ 39, 63, 57]],

[ 43, 85, 0,[ 5, 16, 13, 74]],

[ 42, 35, 0,[ 39, 52, 69, 80]],

[ 33, 95, 0,[ 38, 15, 98]],

[ 52, 35, 0,[ 42, 83, 39]],

[ 88, 85, 0,[ 57, 63, 94]],

[ 15, 95, 0,[ 80, 99, 90, 33]],

[ 7, 65, 0,[ 86, 54, 98, 81]],

[ 65, 65, 0,[ 29, 86, 2]],

[ 31, 35, 0,[ 4, 89, 91]],

[ 57, 85, 1,[ 6, 70, 54, 51, 76, 20, 94, 13, 88, 36, 32, 19]],

[ 13, 85, 0,[ 57, 25, 43, 90]],

[ 91, 15, 1,[ 1, 24, 5, 95, 80, 12, 27, 31, 70, 35, 3, 23]],

[ 48, 85, 0,[ 16, 96]],

[ 20, 85, 0,[ 63, 68, 57]],

[ 92, 55, 0,[ 68, 10, 38]],

[ 61, 95, 0,[ 98, 72]],

[ 76, 65, 0,[ 38, 57, 87, 37]],

[ 19, 95, 0,[ 98, 57, 64]],

[ 74, 95, 1,[ 43, 87, 46, 40, 99, 69, 50, 41, 28, 2, 97]],

[ 95, 65, 0,[ 77, 91]],

[ 89, 35, 0,[ 31, 25, 79]],

[ 70, 65, 0,[ 22, 91, 57]],

[ 12, 65, 0,[ 91, 55, 86]],

[ 35, 65, 0,[ 91, 71, 16, 87]],

[ 0, 65, 0,[ 2, 51, 34]],

[ 69, 35, 0,[ 74, 11, 42]],

[ 60, 55, 0,[ 3, 25, 78]],

[ 93, 65, 0,[ 36, 39, 66]],

[ 86, 15, 1,[ 75, 14, 65, 84, 12, 71, 85, 7, 79, 67, 77]],

[ 55, 65, 0,[ 26, 73, 66, 12]],

[ 87, 65, 0,[ 74, 76, 35]],

[ 37, 65, 0,[ 76, 8, 98]],

[ 9, 75, 0,[ 62, 45, 39]],

[ 28, 65, 0,[ 84, 74, 30]],

[ 71, 65, 0,[ 16, 59, 86, 35]],

[ 58, 25, 0,[ 21, 38, 25]],

[ 47, 55, 0,[ 17, 85, 16]],

[ 64, 65, 0,[ 16, 19, 82]],

[ 30, 65, 0,[ 28, 8]],

[ 24, 55, 0,[ 91, 79, 18]],

[ 78, 55, 0,[ 11, 81, 60]],

[ 75, 55, 0,[ 85, 4, 86, 18]],

[ 29, 65, 0,[ 65, 25, 39, 18, 8]],

[ 10, 75, 1,[ 39, 45, 92, 90, 8, 36, 44, 81]],

[ 8, 65, 0,[ 37, 29, 98, 30, 10]],

[ 5, 35, 0,[ 97, 43, 91]],

[ 63, 65, 0,[ 20, 88, 6]],

[ 54, 65, 0,[ 7, 57, 59]],

[ 3, 55, 0,[ 98, 67, 60, 91]],

[ 73, 65, 0,[ 55, 36, 27]],

[ 18, 55, 0,[ 29, 75, 24]],

[ 39, 45, 1,[ 93, 32, 6, 29, 40, 9, 10, 52, 42, 67]],

[ 40, 15, 0,[ 53, 39, 74]],

[ 80, 35, 0,[ 15, 42, 16, 91]],

[ 38, 75, 1,[ 92, 59, 22, 76, 4, 33, 58, 41]],

[ 97, 45, 0,[ 49, 5, 74, 46]],

[ 46, 45, 0,[ 97, 74, 16]],

[ 51, 65, 0,[ 0, 57, 81]],

[ 21, 35, 0,[ 23, 34, 58]],

[ 99, 95, 0,[ 98, 74, 15]],

[ 2, 65, 0,[ 0, 65, 74, 77]],

[ 50, 35, 0,[ 34, 74, 16, 56]],

[ 62, 75, 0,[ 16, 9, 41]],

[ 53, 15, 0,[ 17, 16, 49, 40]],

[ 41, 45, 0,[ 38, 62, 74]],

[ 96, 35, 0,[ 14, 17, 34, 48]],

[ 94, 85, 0,[ 57, 88, 23]],

[ 23, 15, 0,[ 21, 94, 91, 25]],

[ 36, 65, 0,[ 57, 72, 93, 10, 73]],

[ 68, 85, 0,[ 16, 20, 92, 25]],

[ 67, 55, 0,[ 3, 26, 39, 86]],

[ 90, 95, 0,[ 15, 26, 13, 10]],

[ 56, 65, 0,[ 82, 50, 98]],

[ 66, 65, 0,[ 16, 93, 55]],

[ 32, 95, 0,[ 98, 39, 57]],

[ 81, 55, 0,[ 1, 51, 10, 78, 7]],

[ 25, 5, 1,[ 60, 29, 11, 44, 17, 23, 68, 58, 13, 83, 89]],

[ 98, 65, 1,[ 8, 16, 4, 56, 45, 7, 49, 1, 99, 19, 14, 32, 33, 37, 3, 61]],

[ 84, 35, 0,[ 86, 28]],

[ 50, 45, 0,[ 95, 39, 37, 57]],

[ 45, 65, 0,[ 30, 93, 73]],

[ 19, 45, 0,[ 69, 36, 88, 3]],

[ 89, 75, 0,[ 48, 1, 9]],

[ 55, 85, 0,[ 90, 30, 38]],

[ 40, 45, 0,[ 7, 48, 4]],

[ 22, 45, 0,[ 68, 39, 47]],

[ 49, 45, 0,[ 56, 57, 18, 84]],

[ 65, 75, 0,[ 83, 26, 64, 44]],

[ 28, 75, 0,[ 71, 91, 16]],

[ 53, 75, 0,[ 74, 39, 78]],

[ 83, 75, 0,[ 63, 43, 65, 16]],

[ 5, 65, 0,[ 61, 90, 29]],

[ 97, 75, 0,[ 17, 91, 39, 48]],

[ 51, 65, 0,[ 57, 12, 54]],

[ 35, 75, 0,[ 0, 44, 27, 90, 42, 38]],

[ 98, 85, 1,[ 78, 95, 32, 81, 96, 94, 13, 10, 18, 91, 26, 76, 15, 47, 87]],

[ 84, 45, 0,[ 1, 49, 66]],

[ 96, 75, 0,[ 27, 11, 98, 12]],

[ 30, 75, 0,[ 55, 16, 45, 25, 1]],

[ 42, 75, 0,[ 21, 38, 35, 76]],

[ 77, 75, 0,[ 78, 87, 2]],

[ 27, 75, 0,[ 35, 1, 96]],

[ 6, 45, 0,[ 74, 52, 86]],

[ 59, 45, 0,[ 74, 48, 60]],

[ 34, 25, 0,[ 74, 54, 57]],

[ 32, 25, 0,[ 52, 98, 48]],

[ 37, 45, 0,[ 46, 50, 85]],

[ 90, 55, 1,[ 5, 93, 25, 55, 35, 92, 57, 70]],

[ 0, 45, 0,[ 35, 60, 68]],

[ 76, 75, 0,[ 98, 42, 92, 2]],

[ 2, 75, 0,[ 18, 77, 76]],

[ 80, 5, 0,[ 66, 69, 91]],

[ 54, 25, 0,[ 34, 51, 23]],

[ 85, 15, 1,[ 37, 23, 43, 38, 99, 24, 21, 71, 8]],

[ 4, 45, 0,[ 95, 23, 40]],

[ 44, 75, 0,[ 9, 65, 35]],

[ 73, 95, 0,[ 45, 16]],

[ 67, 45, 0,[ 18, 69, 47, 71]],

[ 99, 35, 0,[ 15, 85, 58]],

[ 24, 95, 0,[ 85, 79, 69]],

[ 68, 45, 0,[ 16, 0, 22]],

[ 3, 45, 0,[ 71, 19, 82, 48]],

[ 93, 85, 0,[ 90, 69, 79, 45]],

[ 26, 85, 0,[ 38, 98, 65]],

[ 14, 25, 0,[ 58, 69, 94]],

[ 29, 65, 0,[ 81, 91, 5]],

[ 33, 5, 0,[ 69, 88, 74]],

[ 92, 45, 0,[ 7, 76, 90]],

[ 79, 75, 0,[ 74, 24, 93]],

[ 61, 45, 0,[ 5, 41, 86, 48, 46]],

[ 62, 25, 0,[ 20, 39, 15]],

[ 17, 75, 0,[ 97, 74, 43]],

[ 94, 25, 0,[ 14, 98, 72]],

[ 60, 45, 0,[ 0, 31, 59, 70]],

[ 21, 95, 0,[ 85, 42, 38]],

[ 23, 95, 0,[ 85, 54, 4]],

[ 70, 45, 0,[ 90, 8, 60]],

[ 72, 25, 0,[ 94, 74, 11]],

[ 36, 45, 0,[ 74, 52, 19]],

[ 15, 85, 0,[ 98, 99, 38, 62]],

[ 41, 75, 0,[ 25, 61, 9]],

[ 66, 45, 0,[ 69, 84, 8, 80]],

[ 56, 45, 0,[ 49, 7, 10]],

[ 81, 75, 0,[ 98, 29, 39]],

[ 7, 45, 0,[ 56, 92, 40]],

[ 63, 75, 0,[ 83, 69, 48]],

[ 16, 95, 1,[ 75, 73, 68, 30, 28, 86, 83, 58]],

[ 74, 55, 1,[ 36, 64, 34, 59, 17, 33, 6, 72, 79, 53]],

[ 13, 25, 0,[ 98, 12, 88]],

[ 86, 45, 0,[ 6, 61, 16]],

[ 52, 45, 0,[ 32, 6, 36]],

[ 11, 25, 0,[ 87, 96, 57, 72]],

[ 12, 95, 0,[ 51, 96, 13]],

[ 46, 45, 0,[ 37, 57, 61]],

[ 87, 75, 0,[ 11, 98, 77]],

[ 38, 15, 1,[ 42, 85, 21, 55, 35, 31, 15, 58, 26]],

[ 1, 75, 0,[ 84, 27, 30, 89]],

[ 57, 95, 1,[ 82, 34, 11, 46, 51, 50, 48, 90, 49]],

[ 78, 75, 0,[ 53, 98, 77]],

[ 95, 45, 0,[ 50, 98, 4]],

[ 71, 45, 0,[ 67, 28, 85, 3]],

[ 48, 45, 1,[ 61, 20, 89, 63, 97, 3, 9, 57, 40, 64, 59, 32]],

[ 20, 25, 0,[ 48, 62, 10, 39]],

[ 31, 45, 0,[ 60, 38, 47]],

[ 88, 25, 0,[ 33, 19, 13]],

[ 69, 85, 1,[ 80, 75, 66, 67, 14, 24, 63, 33, 93, 19]],

[ 25, 75, 0,[ 90, 41, 30]],

[ 82, 45, 0,[ 57, 75, 3]],

[ 91, 75, 0,[ 28, 29, 97, 98, 80]],

[ 18, 45, 0,[ 98, 2, 67, 49]],

[ 9, 75, 0,[ 44, 41, 48, 89]],

[ 64, 75, 0,[ 74, 65, 48]],

[ 8, 45, 0,[ 70, 66, 85]],

[ 43, 75, 0,[ 83, 39, 85, 17]],

[ 47, 45, 0,[ 22, 67, 31, 98]],

[ 10, 5, 0,[ 56, 20, 98]],

[ 58, 35, 0,[ 38, 14, 16, 99]],

[ 39, 65, 1,[ 50, 22, 53, 62, 43, 81, 20, 97]],

[ 75, 45, 0,[ 16, 69, 82]],

