[ 52, 95, 0,[ 49, 8, 26]],

[ 93, 75, 0,[ 23, 4, 77]],

[ 79, 75, 0,[ 68, 62, 8, 5]],

[ 90, 85, 0,[ 96, 2, 46]],

[ 1, 75, 0,[ 75, 87, 55, 50]],

[ 40, 75, 0,[ 12, 73, 85, 17]],

[ 33, 75, 0,[ 26, 32, 16]],

[ 49, 95, 1,[ 0, 97, 52, 66]],

[ 53, 75, 0,[ 81, 35, 28]],

[ 46, 75, 0,[ 66, 34, 2, 90]],

[ 27, 15, 0,[ 58, 8, 26]],

[ 29, 15, 0,[ 13, 98, 54]],

[ 56, 15, 0,[ 92, 26, 94]],

[ 87, 75, 0,[ 51, 1, 36, 37]],

[ 34, 75, 0,[ 20, 46, 0, 77]],

[ 3, 75, 0,[ 2, 68, 19]],

[ 63, 75, 0,[ 36, 76, 54]],

[ 74, 75, 0,[ 54, 26, 6, 22]],

[ 75, 75, 0,[ 0, 81, 1]],

[ 96, 85, 1,[ 88, 23, 90]],

[ 85, 75, 0,[ 94, 32, 40, 39]],

[ 86, 75, 0,[ 0, 38, 28]],

[ 4, 75, 0,[ 72, 93, 2]],

[ 51, 75, 0,[ 12, 8, 87]],

[ 67, 55, 0,[ 54, 83, 2]],

[ 43, 25, 0,[ 58, 60, 81]],

[ 64, 75, 0,[ 2, 88, 0]],

[ 37, 55, 0,[ 6, 87, 2]],

[ 2, 55, 1,[ 77, 99, 3, 90, 46, 4, 10, 37, 67, 15, 64]],

[ 35, 75, 0,[ 11, 32, 53]],

[ 0, 75, 1,[ 34, 98, 49, 86, 36, 24, 92, 75, 65, 78, 64]],

[ 9, 85, 1,[ 50, 82, 21, 5, 95]],

[ 82, 85, 0,[ 10, 11, 9]],

[ 60, 75, 0,[ 71, 43, 88, 19]],

[ 20, 75, 0,[ 34, 8, 95]],

[ 24, 75, 0,[ 99, 0, 69, 76]],

[ 99, 75, 0,[ 2, 54, 59, 24]],

[ 69, 75, 0,[ 24, 30, 81]],

[ 30, 75, 0,[ 47, 91, 69]],

[ 48, 75, 0,[ 84, 54, 8]],

[ 97, 75, 0,[ 81, 49, 28]],

[ 8, 75, 1,[ 52, 79, 72, 61, 91, 7, 51, 25, 22, 27, 20, 71, 48]],

[ 16, 75, 0,[ 81, 41, 33, 15]],

[ 55, 75, 0,[ 12, 1]],

[ 21, 75, 0,[ 84, 9, 38]],

[ 59, 75, 0,[ 26, 99, 14]],

[ 70, 75, 0,[ 15, 81, 72]],

[ 41, 75, 0,[ 66, 89, 16, 26, 23, 83]],

[ 26, 15, 1,[ 33, 74, 42, 57, 91, 56, 71, 52, 59, 81, 47, 27, 13, 18, 41, 38]],

[ 38, 75, 0,[ 86, 26, 25, 54, 21]],

[ 13, 15, 0,[ 29, 18, 98, 26]],

[ 66, 75, 0,[ 49, 46, 41]],

[ 45, 75, 0,[ 54, 81, 65, 17]],

[ 57, 45, 0,[ 54, 26, 81]],

[ 88, 75, 0,[ 60, 96, 44, 64]],

[ 10, 55, 0,[ 2, 82, 80, 6]],

[ 23, 75, 0,[ 96, 93, 54, 41]],

[ 77, 75, 0,[ 2, 34, 93]],

[ 32, 75, 0,[ 85, 35, 54, 33, 31]],

[ 25, 75, 0,[ 89, 8, 38]],

[ 42, 75, 0,[ 15, 81, 26, 61]],

[ 44, 75, 0,[ 88, 95, 65]],

[ 94, 15, 0,[ 85, 56, 54]],

[ 18, 15, 0,[ 58, 7, 13, 26]],

[ 7, 75, 0,[ 18, 8, 54]],

[ 15, 75, 0,[ 16, 70, 2, 42]],

[ 5, 25, 0,[ 79, 9, 81]],

[ 58, 15, 0,[ 18, 43, 27]],

[ 80, 55, 0,[ 10, 39, 11]],

[ 50, 85, 0,[ 9, 1]],

[ 72, 75, 0,[ 4, 70, 8]],

[ 68, 75, 0,[ 81, 79, 3, 54]],

[ 17, 75, 0,[ 89, 19, 40, 45]],

[ 89, 75, 0,[ 17, 41, 25]],

[ 11, 95, 1,[ 80, 35, 98, 31, 82]],

[ 39, 75, 0,[ 80, 81, 85]],

[ 31, 75, 0,[ 11, 32, 14]],

[ 54, 45, 1,[ 57, 47, 94, 45, 7, 32, 38, 73, 29, 74, 99, 48, 63, 23, 67, 68]],

[ 71, 75, 0,[ 60, 8, 26]],

[ 14, 75, 0,[ 61, 59, 62, 31]],

[ 65, 75, 0,[ 0, 45, 44]],

[ 62, 75, 0,[ 76, 79, 14]],

[ 92, 15, 0,[ 0, 56, 98]],

[ 61, 75, 0,[ 14, 42, 8]],

[ 36, 75, 0,[ 81, 63, 0, 87]],

[ 28, 75, 0,[ 53, 97, 86]],

[ 76, 75, 0,[ 24, 63, 62]],

[ 47, 75, 0,[ 30, 26, 54]],

[ 91, 75, 0,[ 83, 8, 30, 26]],

[ 78, 75, 0,[ 81, 12, 0]],

[ 95, 75, 0,[ 20, 9, 44, 84]],

[ 12, 75, 0,[ 40, 55, 51, 78]],

[ 22, 75, 0,[ 8, 74, 83]],

[ 98, 15, 0,[ 92, 0, 6, 11, 29, 13]],

[ 19, 75, 0,[ 60, 17, 3]],

[ 6, 55, 0,[ 74, 10, 98, 37]],

[ 84, 75, 0,[ 95, 21, 48]],

[ 81, 25, 1,[ 42, 97, 5, 39, 70, 78, 43, 36, 45, 75, 16, 68, 26, 57, 69, 53]],

[ 73, 45, 0,[ 40, 54]],

[ 83, 75, 0,[ 67, 91, 41, 22]],

