[ 93, 85, 0,[ 48, 40, 23]],

[ 12, 55, 0,[ 59]],

[ 84, 55, 0,[ 88, 60, 99]],

[ 44, 45, 0,[ 26, 10]],

[ 31, 15, 0,[]],

[ 26, 55, 0,[ 44, 60, 90]],

[ 42, 45, 0,[ 22, 39, 91]],

[ 71, 55, 0,[ 32, 43]],

[ 17, 75, 0,[]],

[ 77, 85, 0,[]],

[ 20, 35, 0,[]],

[ 28, 75, 0,[ 39, 57, 69]],

[ 58, 75, 0,[ 29, 49]],

[ 47, 55, 0,[ 16, 56, 88]],

[ 52, 55, 0,[ 32, 63, 48]],

[ 29, 75, 0,[ 62, 65, 58]],

[ 88, 55, 0,[ 47, 76, 84]],

[ 72, 35, 0,[]],

[ 10, 45, 1,[ 22, 35, 44, 91, 69]],

[ 18, 45, 0,[]],

[ 39, 85, 1,[ 61, 51, 28, 56, 13, 42]],

[ 1, 35, 0,[]],

[ 76, 55, 0,[ 88]],

[ 86, 35, 0,[]],

[ 27, 85, 0,[ 57, 48, 75]],

[ 53, 15, 0,[ 16]],

[ 89, 85, 0,[]],

[ 3, 55, 0,[]],

[ 57, 75, 1,[ 27, 32, 40, 25, 28, 90, 65]],

[ 96, 35, 0,[ 98, 16, 4]],

[ 95, 35, 0,[]],

[ 80, 55, 0,[ 91, 14]],

[ 91, 55, 1,[ 32, 51, 80, 8, 78, 42, 10, 9]],

[ 54, 75, 0,[ 62, 14, 21]],

[ 43, 85, 0,[ 61, 40, 71]],

[ 83, 75, 0,[]],

[ 68, 75, 0,[]],

[ 25, 35, 1,[ 57, 22, 85]],

[ 92, 15, 0,[ 70, 16]],

[ 82, 85, 0,[]],

[ 41, 55, 0,[]],

[ 37, 15, 0,[]],

[ 30, 45, 0,[]],

[ 13, 55, 0,[ 21, 39, 60]],

[ 66, 35, 0,[]],

[ 63, 55, 0,[ 52, 16, 97, 78]],

[ 19, 15, 0,[]],

[ 22, 45, 0,[ 25, 10, 42]],

[ 38, 75, 1,[ 14, 48, 73]],

[ 0, 75, 0,[]],

[ 65, 75, 0,[ 29, 16, 57]],

[ 81, 35, 0,[]],

[ 94, 85, 0,[]],

[ 40, 85, 0,[ 57, 93, 43]],

[ 67, 35, 0,[]],

[ 98, 45, 1,[ 73, 96, 85, 49]],

[ 33, 35, 0,[]],

[ 6, 35, 0,[]],

[ 70, 55, 0,[ 92, 48, 60]],

[ 24, 55, 0,[]],

[ 8, 35, 0,[ 91, 69, 16]],

[ 9, 55, 0,[ 91]],

[ 79, 85, 0,[]],

[ 74, 15, 0,[]],

[ 61, 85, 0,[ 39, 35, 43]],

[ 69, 35, 1,[ 10, 8, 50, 73, 99, 16, 28]],

[ 99, 55, 0,[ 97, 84, 69]],

[ 45, 45, 0,[]],

[ 87, 35, 0,[]],

[ 23, 85, 0,[ 48, 97, 93]],

[ 35, 85, 0,[ 10, 61]],

[ 49, 45, 0,[ 58, 21, 98]],

[ 4, 35, 0,[ 96, 75]],

[ 7, 45, 0,[]],

[ 97, 55, 0,[ 85, 63, 23, 99]],

[ 78, 55, 0,[ 63, 91, 56]],

[ 15, 35, 0,[]],

[ 73, 75, 0,[ 98, 69, 38]],

[ 90, 55, 0,[ 57, 26]],

[ 14, 75, 0,[ 54, 80, 38]],

[ 48, 85, 1,[ 16, 23, 50, 93, 70, 52, 38, 27]],

[ 75, 85, 0,[ 27, 4]],

[ 36, 45, 0,[]],

[ 11, 85, 0,[]],

[ 55, 35, 0,[]],

[ 64, 55, 0,[]],

[ 34, 15, 0,[]],

[ 46, 55, 0,[ 32]],

[ 5, 75, 0,[]],

[ 85, 55, 0,[ 97, 25, 98]],

[ 51, 85, 0,[ 91, 16, 39]],

[ 16, 15, 1,[ 63, 69, 96, 8, 92, 65, 53, 51, 48, 47]],

[ 60, 55, 0,[ 70, 84, 13, 26]],

[ 56, 55, 0,[ 78, 39, 47]],

[ 62, 75, 0,[ 29, 54]],

[ 21, 45, 0,[ 54, 49, 13]],

[ 50, 35, 0,[ 48, 69]],

[ 2, 85, 0,[]],

[ 59, 55, 0,[ 12]],

[ 32, 55, 0,[ 57, 52, 91, 46, 71]],

