[ 74, 5, 0,[]],

[ 43, 5, 0,[]],

[ 7, 25, 0,[ 98]],

[ 2, 95, 1,[ 10, 65, 54, 63, 49]],

[ 46, 35, 0,[ 9, 84, 49, 26]],

[ 42, 25, 0,[]],

[ 18, 45, 0,[ 31]],

[ 60, 25, 0,[ 94, 91, 49]],

[ 37, 35, 0,[ 69, 96, 73]],

[ 27, 35, 0,[ 11, 23, 84]],

[ 93, 35, 0,[ 25]],

[ 83, 75, 0,[]],

[ 92, 95, 0,[ 8, 98, 82]],

[ 3, 25, 0,[ 58]],

[ 22, 95, 0,[ 71, 86, 10]],

[ 28, 95, 0,[]],

[ 71, 35, 0,[ 96, 22, 97]],

[ 69, 35, 0,[ 99, 37, 0]],

[ 36, 75, 0,[]],

[ 38, 65, 0,[]],

[ 80, 5, 0,[ 94, 0, 85]],

[ 10, 95, 0,[ 8, 22, 2]],

[ 56, 35, 0,[ 84, 95]],

[ 35, 75, 0,[]],

[ 39, 25, 0,[]],

[ 79, 45, 1,[ 1, 20, 59, 34, 68, 26]],

[ 88, 65, 0,[ 81, 57, 1]],

[ 62, 75, 0,[]],

[ 90, 35, 0,[ 49, 21]],

[ 82, 85, 0,[ 92, 70]],

[ 86, 25, 0,[ 41, 32, 22]],

[ 84, 35, 0,[ 56, 27, 46, 63, 99, 16]],

[ 29, 25, 0,[ 47, 65, 66, 96]],

[ 73, 35, 0,[ 37, 47]],

[ 20, 35, 0,[ 21, 33, 79]],

[ 55, 25, 0,[ 25]],

[ 72, 25, 0,[ 30, 45]],

[ 53, 25, 0,[]],

[ 47, 25, 0,[ 73, 29]],

[ 45, 25, 0,[ 32, 72, 58, 5]],

[ 98, 25, 0,[ 7, 58, 81, 92]],

[ 40, 85, 0,[]],

[ 44, 35, 0,[ 23, 68]],

[ 87, 95, 0,[]],

[ 32, 25, 0,[ 95, 45, 86]],

[ 17, 35, 0,[]],

[ 24, 25, 0,[ 48, 33, 65, 52]],

[ 12, 25, 0,[]],

[ 99, 35, 0,[ 69, 81, 84]],

[ 89, 25, 0,[ 95, 26]],

[ 1, 65, 0,[ 88, 61, 0, 79]],

[ 96, 35, 1,[ 58, 71, 37, 29]],

[ 21, 35, 0,[ 20, 90, 49]],

[ 11, 75, 1,[ 51, 70, 76, 27]],

[ 19, 45, 0,[]],

[ 33, 25, 0,[ 16, 24, 20]],

[ 76, 5, 0,[ 11, 54, 61]],

[ 68, 45, 0,[ 44, 79, 54, 31]],

[ 75, 5, 0,[]],

[ 4, 25, 0,[ 66, 58, 41]],

[ 31, 45, 0,[ 59, 18, 68]],

[ 64, 25, 0,[]],

[ 9, 5, 0,[ 54, 48, 46]],

[ 5, 35, 0,[ 45, 49]],

[ 91, 25, 0,[ 60, 58]],

[ 8, 95, 0,[ 92, 10]],

[ 13, 35, 0,[]],

[ 14, 25, 0,[ 0, 95, 16]],

[ 30, 25, 0,[ 78, 72, 51]],

[ 59, 45, 0,[ 31, 26, 0, 41, 79]],

[ 58, 25, 1,[ 96, 98, 45, 78, 34, 52, 91, 3, 4]],

[ 41, 25, 0,[ 86, 59, 4]],

[ 0, 65, 1,[ 14, 49, 48, 69, 80, 1, 59]],

[ 65, 25, 0,[ 26, 29, 2, 24]],

[ 94, 5, 0,[ 60, 80, 81, 54]],

[ 66, 25, 0,[ 4, 57, 29]],

[ 78, 25, 0,[ 58, 30]],

[ 51, 5, 0,[ 30, 11, 54]],

[ 23, 35, 0,[ 44, 27]],

[ 34, 5, 0,[ 79, 58, 54]],

[ 6, 85, 0,[]],

[ 95, 25, 0,[ 32, 56, 89, 52, 14]],

[ 15, 95, 0,[]],

[ 52, 25, 0,[ 24, 58, 95]],

[ 16, 25, 0,[ 33, 14, 84]],

[ 97, 35, 0,[ 71]],

[ 25, 35, 0,[ 93, 55]],

[ 77, 85, 0,[ 26]],

[ 57, 25, 0,[ 88, 66]],

[ 81, 45, 1,[ 88, 98, 26, 99, 94]],

[ 49, 35, 1,[ 5, 60, 2, 21, 90, 0, 46]],

[ 61, 5, 0,[ 1, 76, 54]],

[ 63, 95, 0,[ 84, 2]],

[ 54, 5, 1,[ 94, 34, 68, 51, 2, 61, 85, 76, 9]],

[ 70, 85, 0,[ 26, 11, 82]],

[ 50, 5, 0,[]],

[ 26, 85, 1,[ 89, 46, 79, 70, 65, 77, 59, 81]],

[ 67, 25, 0,[]],

[ 85, 5, 0,[ 80, 54]],

[ 48, 5, 0,[ 0, 24, 9]],

