[ 93, 25, 1,[ 53, 23, 0]],

[ 86, 95, 1,[ 26, 62, 45, 61, 39]],

[ 40, 55, 0,[ 10, 24, 89]],

[ 21, 65, 1,[ 38, 92, 25, 11, 32]],

[ 35, 5, 0,[ 48, 81, 28, 63]],

[ 88, 35, 1,[ 19, 31, 71, 81]],

[ 36, 15, 1,[ 20, 51, 48, 19]],

[ 68, 5, 0,[ 58, 64]],

[ 70, 55, 1,[ 41, 20, 42]],

[ 69, 25, 1,[ 17, 95, 1, 83, 51, 28]],

[ 62, 65, 0,[ 86, 52, 90, 79]],

[ 71, 75, 1,[ 7, 88, 29]],

[ 82, 35, 1,[ 50, 31, 32]],

[ 3, 85, 0,[ 73, 48, 85]],

[ 17, 5, 1,[ 10, 87, 13, 69]],

[ 73, 85, 1,[ 90, 3, 5, 65, 13]],

[ 84, 75, 0,[ 60, 9, 18, 2]],

[ 34, 65, 0,[ 57, 98]],

[ 49, 45, 0,[ 37, 77, 96]],

[ 18, 25, 0,[ 66, 47, 84]],

[ 65, 85, 0,[ 58, 38, 73]],

[ 97, 35, 0,[ 7, 79, 91]],

[ 46, 75, 0,[ 78, 94, 54]],

[ 44, 15, 0,[ 6, 50, 55, 16, 23]],

[ 87, 55, 1,[ 17, 91, 8]],

[ 38, 65, 1,[ 20, 64, 21, 65, 45]],

[ 10, 15, 1,[ 17, 40, 22]],

[ 85, 95, 1,[ 53, 19, 57, 92, 3]],

[ 57, 5, 1,[ 80, 34, 85]],

[ 72, 85, 1,[ 14, 37, 16, 89]],

[ 90, 55, 1,[ 42, 62, 73]],

[ 24, 35, 1,[ 99, 40, 53]],

[ 63, 55, 1,[ 33, 30, 35]],

[ 51, 75, 1,[ 36, 69, 14]],

[ 30, 5, 1,[ 60, 74, 63]],

[ 92, 95, 0,[ 21, 99, 4, 85]],

[ 80, 5, 0,[ 57, 55]],

[ 89, 55, 0,[ 40, 72, 4]],

[ 14, 15, 1,[ 72, 51, 37]],

[ 53, 45, 1,[ 61, 24, 85, 93, 26]],

[ 96, 45, 0,[ 49, 42, 45]],

[ 26, 45, 0,[ 86, 53, 43]],

[ 33, 85, 1,[ 11, 63, 42]],

[ 2, 55, 0,[ 29, 66, 84, 4]],

[ 41, 75, 1,[ 61, 70, 39]],

[ 56, 65, 1,[ 31, 27, 12, 54]],

[ 8, 95, 0,[ 87, 15, 22]],

[ 61, 75, 1,[ 86, 53, 41]],

[ 28, 5, 1,[ 69, 12, 35, 22, 5]],

[ 55, 85, 0,[ 80, 11, 44]],

[ 59, 25, 1,[ 79, 75]],

[ 22, 95, 1,[ 28, 8, 10]],

[ 12, 5, 0,[ 39, 56, 28]],

[ 67, 75, 1,[ 74, 31, 76]],

[ 91, 35, 1,[ 98, 23, 97, 87]],

[ 32, 85, 1,[ 82, 21, 54]],

[ 60, 75, 1,[ 30, 84, 9, 98]],

[ 6, 5, 0,[ 25, 83, 44]],

[ 66, 25, 0,[ 94, 2, 18, 0]],

[ 23, 65, 1,[ 91, 44, 93]],

[ 13, 95, 1,[ 17, 73, 52]],

[ 1, 25, 0,[ 27, 69, 64]],

[ 94, 75, 0,[ 46, 66, 43]],

[ 47, 45, 0,[ 18, 77, 45]],

[ 99, 45, 0,[ 24, 25, 92, 52]],

[ 9, 75, 0,[ 60, 84]],

[ 31, 35, 1,[ 67, 56, 82, 88]],

[ 19, 25, 1,[ 88, 36, 85]],

[ 54, 65, 0,[ 46, 56, 32]],

[ 42, 45, 1,[ 33, 96, 70, 95, 90]],

[ 15, 95, 0,[ 39, 8, 4, 5]],

[ 43, 75, 0,[ 94, 11, 26, 76]],

[ 75, 25, 1,[ 77, 95, 59]],

[ 4, 95, 0,[ 89, 2, 15, 92]],

[ 95, 25, 1,[ 69, 75, 78, 42]],

[ 79, 65, 0,[ 62, 98, 97, 59]],

[ 74, 75, 0,[ 30, 67, 27, 50]],

[ 5, 5, 0,[ 28, 73, 15]],

[ 7, 75, 0,[ 97, 71]],

[ 0, 45, 0,[ 37, 93, 66]],

[ 25, 35, 1,[ 6, 21, 99]],

[ 64, 25, 0,[ 38, 68, 1]],

[ 83, 5, 1,[ 6, 45, 69]],

[ 77, 45, 0,[ 49, 75, 47]],

[ 27, 65, 0,[ 56, 74, 1]],

[ 58, 5, 0,[ 65, 29, 68]],

[ 45, 45, 1,[ 47, 83, 96, 38, 86]],

[ 37, 45, 1,[ 52, 0, 14, 49, 72]],

[ 98, 65, 1,[ 91, 60, 79, 34]],

[ 52, 45, 0,[ 37, 62, 99, 13]],

[ 39, 95, 1,[ 86, 15, 12, 41]],

[ 29, 55, 0,[ 71, 2, 58]],

[ 11, 85, 0,[ 33, 43, 55, 76, 21]],

[ 76, 75, 0,[ 43, 67, 11]],

[ 20, 55, 0,[ 70, 36, 38]],

[ 48, 45, 1,[ 36, 35, 3]],

[ 50, 75, 0,[ 74, 82, 44]],

[ 78, 25, 0,[ 95, 16, 46]],

[ 16, 15, 1,[ 72, 44, 78, 81]],

[ 81, 35, 0,[ 16, 88, 35]],

