[ 12, 75, 1,[ 18, 0, 94, 36]],

[ 91, 55, 0,[ 61, 40, 41]],

[ 43, 65, 1,[ 7, 24, 65, 61]],

[ 74, 15, 0,[ 14, 58, 73]],

[ 75, 5, 0,[ 47, 82, 50]],

[ 40, 55, 1,[ 89, 36, 4, 91]],

[ 78, 25, 1,[ 4, 49, 47]],

[ 18, 35, 1,[ 12, 38, 35]],

[ 25, 25, 0,[ 71, 41]],

[ 20, 75, 1,[ 59, 44, 79]],

[ 69, 65, 0,[ 5, 32, 47]],

[ 16, 35, 0,[ 13, 88, 10]],

[ 23, 5, 0,[ 24, 9, 1]],

[ 30, 35, 0,[ 27, 10, 55]],

[ 64, 55, 1,[ 50, 22, 0, 51]],

[ 39, 65, 0,[ 70, 61, 38]],

[ 66, 45, 1,[ 65, 59, 46]],

[ 21, 75, 0,[ 50, 80, 56]],

[ 77, 55, 1,[ 29, 6, 58, 19]],

[ 59, 75, 0,[ 99, 66, 20]],

[ 85, 35, 0,[ 48, 55]],

[ 50, 75, 1,[ 75, 53, 68, 97, 21, 64]],

[ 42, 65, 0,[ 70, 67, 19]],

[ 33, 65, 0,[ 51, 58, 90]],

[ 32, 65, 0,[ 69]],

[ 65, 65, 1,[ 43, 52, 66, 88]],

[ 97, 55, 1,[ 50, 83, 8]],

[ 84, 25, 1,[ 38, 98, 2]],

[ 8, 35, 1,[ 13, 97, 51]],

[ 2, 45, 1,[ 84, 27, 4]],

[ 96, 35, 1,[ 52, 76, 49]],

[ 62, 45, 0,[ 79, 53, 41]],

[ 3, 85, 1,[ 27, 80, 31]],

[ 49, 25, 1,[ 7, 96, 79, 78]],

[ 88, 65, 0,[ 16, 72, 65]],

[ 67, 65, 0,[ 31, 42]],

[ 44, 5, 1,[ 20, 63, 54, 52, 93]],

[ 58, 25, 1,[ 81, 33, 77, 74]],

[ 41, 25, 0,[ 25, 19, 26, 91, 62]],

[ 76, 85, 1,[ 6, 5, 96]],

[ 6, 45, 1,[ 77, 37, 11, 76, 82]],

[ 48, 35, 0,[ 28, 98, 46, 85, 83]],

[ 81, 75, 1,[ 9, 80, 58]],

[ 79, 45, 1,[ 49, 20, 62, 27]],

[ 24, 5, 0,[ 23, 1, 43]],

[ 94, 35, 1,[ 12, 60, 72, 99]],

[ 60, 45, 0,[ 94, 93, 36]],

[ 7, 25, 1,[ 34, 43, 49]],

[ 54, 85, 1,[ 44, 13, 68]],

[ 68, 5, 1,[ 80, 50, 54]],

[ 90, 65, 0,[ 57, 33, 11]],

[ 36, 75, 0,[ 12, 40, 60]],

[ 29, 65, 1,[ 77, 15, 5, 1]],

[ 15, 55, 1,[ 71, 22, 29]],

[ 57, 85, 0,[ 95, 82, 90]],

[ 61, 15, 1,[ 43, 91, 39]],

[ 80, 15, 1,[ 46, 3, 81, 21, 68, 14]],

[ 98, 35, 0,[ 48, 84, 34]],

[ 82, 5, 0,[ 75, 57, 6]],

[ 1, 5, 0,[ 24, 14, 29, 23]],

[ 83, 5, 0,[ 97, 31, 48, 0]],

[ 52, 15, 1,[ 65, 89, 96, 44]],

[ 92, 5, 1,[ 13, 11, 28]],

[ 72, 45, 0,[ 94, 88, 37]],

[ 9, 15, 1,[ 81, 87, 73, 23]],

[ 51, 85, 0,[ 64, 8, 33, 73]],

[ 46, 35, 1,[ 48, 80, 66]],

[ 56, 65, 0,[ 5, 21]],

[ 26, 85, 1,[ 87, 45, 41, 34]],

[ 14, 15, 0,[ 1, 80, 74]],

[ 27, 75, 1,[ 2, 30, 79, 86, 3]],

[ 38, 65, 0,[ 86, 84, 18, 39]],

[ 4, 85, 1,[ 78, 2, 40]],

[ 93, 45, 1,[ 55, 44, 60]],

[ 22, 55, 0,[ 45, 64, 15]],

[ 5, 65, 1,[ 29, 56, 69, 76]],

[ 63, 35, 0,[ 71, 44]],

[ 10, 35, 0,[ 16, 47, 30]],

[ 34, 65, 1,[ 26, 7, 98]],

[ 73, 85, 0,[ 9, 74, 51]],

[ 70, 65, 0,[ 47, 42, 95, 39]],

[ 11, 25, 1,[ 6, 92, 90]],

[ 17, 35, 1,[ 89, 95, 35]],

[ 89, 55, 1,[ 40, 17, 52]],

[ 37, 45, 0,[ 13, 6, 72]],

[ 86, 75, 0,[ 38, 27]],

[ 71, 35, 0,[ 63, 25, 87, 53, 15]],

[ 19, 65, 0,[ 41, 77, 42]],

[ 95, 85, 0,[ 57, 17, 70]],

[ 53, 75, 0,[ 71, 62, 50]],

[ 28, 45, 0,[ 55, 92, 48]],

[ 87, 35, 0,[ 71, 26, 9]],

[ 31, 5, 0,[ 83, 3, 67]],

[ 0, 45, 1,[ 12, 83, 64]],

[ 47, 65, 0,[ 75, 69, 70, 10, 78]],

[ 99, 15, 1,[ 35, 94, 59]],

[ 55, 45, 1,[ 30, 28, 93, 85]],

[ 35, 25, 1,[ 17, 18, 99]],

[ 45, 25, 0,[ 26, 22]],

[ 13, 15, 1,[ 37, 8, 16, 92, 54]],

