[ 39, 15, 0,[ 5, 52, 47]],

[ 80, 15, 1,[ 61, 49, 26, 29]],

[ 16, 55, 0,[ 78, 56, 28, 0]],

[ 51, 55, 0,[ 95, 62, 27]],

[ 99, 75, 1,[ 32, 27, 21]],

[ 13, 35, 0,[ 25, 84, 12, 61]],

[ 60, 85, 0,[ 15, 34, 57]],

[ 38, 35, 0,[ 9, 42, 45]],

[ 77, 5, 1,[ 78, 70, 96]],

[ 49, 25, 1,[ 71, 80, 12, 11, 9]],

[ 2, 35, 1,[ 70, 41, 88, 8, 67, 32]],

[ 50, 55, 1,[ 21, 89, 65]],

[ 70, 35, 0,[ 77, 2, 22]],

[ 43, 35, 1,[ 97, 75, 11]],

[ 23, 95, 0,[ 66, 55, 27]],

[ 7, 5, 1,[ 66, 20, 12]],

[ 93, 35, 1,[ 20, 73, 34]],

[ 35, 85, 1,[ 20, 29, 87, 88]],

[ 46, 15, 1,[ 48, 8, 14, 5]],

[ 87, 55, 0,[ 28, 58, 35]],

[ 31, 15, 0,[ 40, 55, 47]],

[ 9, 45, 1,[ 38, 30, 49, 98]],

[ 42, 35, 0,[ 61, 74, 38]],

[ 92, 25, 1,[ 22, 24, 11]],

[ 27, 95, 1,[ 99, 1, 57, 23, 90, 51]],

[ 73, 5, 0,[ 61, 93, 58]],

[ 28, 75, 1,[ 62, 87, 16, 95]],

[ 41, 45, 0,[ 2, 48, 19]],

[ 95, 55, 0,[ 51, 28, 10]],

[ 88, 45, 0,[ 2, 91, 35]],

[ 48, 45, 0,[ 46, 3, 54, 41]],

[ 86, 45, 0,[ 79, 58, 55]],

[ 85, 55, 0,[ 82, 89, 32, 37]],

[ 79, 45, 1,[ 56, 44, 86, 81, 5, 33]],

[ 8, 45, 1,[ 2, 40, 46]],

[ 55, 15, 1,[ 31, 23, 86, 69, 96, 62, 10]],

[ 44, 95, 1,[ 0, 79, 53]],

[ 3, 15, 1,[ 30, 10, 48, 15]],

[ 59, 85, 0,[ 56, 57, 33]],

[ 1, 95, 0,[ 97, 27, 24, 90]],

[ 94, 5, 0,[ 29, 71]],

[ 52, 15, 1,[ 89, 39, 75, 30]],

[ 15, 15, 1,[ 3, 60, 81]],

[ 72, 65, 0,[ 4, 26, 20]],

[ 26, 15, 1,[ 80, 40, 32, 72]],

[ 61, 35, 0,[ 42, 80, 0, 73, 13]],

[ 22, 35, 0,[ 68, 98, 70, 92, 76, 18]],

[ 67, 45, 1,[ 91, 2, 89]],

[ 74, 85, 0,[ 42, 17, 62, 40]],

[ 10, 25, 0,[ 3, 55, 95]],

[ 75, 35, 0,[ 63, 52, 43, 11]],

[ 58, 45, 1,[ 87, 73, 86]],

[ 62, 55, 0,[ 74, 51, 28, 55]],

[ 97, 35, 1,[ 43, 1, 64]],

[ 64, 35, 1,[ 36, 69, 97]],

[ 24, 75, 0,[ 92, 1, 19, 4, 33]],

[ 78, 55, 1,[ 91, 77, 16]],

[ 63, 35, 0,[ 75, 65, 98]],

[ 4, 15, 1,[ 14, 72, 24, 40]],

[ 17, 75, 1,[ 36, 74]],

[ 56, 55, 0,[ 59, 79, 16]],

[ 71, 5, 0,[ 94, 96, 49]],

[ 21, 35, 0,[ 99, 6, 50]],

[ 69, 25, 0,[ 11, 55, 64, 37]],

[ 45, 35, 0,[ 98, 38, 6]],

[ 0, 25, 1,[ 16, 44, 61, 19]],

[ 6, 35, 1,[ 21, 18, 45, 47]],

[ 65, 35, 1,[ 18, 37, 63, 50]],

[ 53, 55, 0,[ 44, 68, 76]],

[ 25, 25, 0,[ 13, 11, 76]],

[ 37, 25, 0,[ 65, 69, 54, 85]],

[ 33, 75, 0,[ 24, 79, 59]],

[ 36, 5, 0,[ 29, 17, 64]],

[ 91, 45, 0,[ 88, 67, 78, 83]],

[ 68, 35, 1,[ 96, 22, 53]],

[ 47, 15, 1,[ 39, 31, 6]],

[ 34, 35, 1,[ 14, 93, 82, 60]],

[ 83, 95, 0,[ 98, 91, 90]],

[ 30, 85, 0,[ 3, 9, 52]],

[ 14, 75, 0,[ 46, 34, 4]],

[ 98, 35, 0,[ 22, 9, 83, 63, 45]],

[ 90, 95, 0,[ 83, 1, 40, 27]],

[ 96, 45, 1,[ 71, 77, 68, 55]],

[ 84, 35, 1,[ 13, 5, 89]],

[ 66, 5, 1,[ 23, 7, 20]],

[ 11, 25, 1,[ 49, 69, 43, 25, 92, 75]],

[ 19, 75, 0,[ 0, 41, 24, 54]],

[ 32, 35, 0,[ 2, 99, 26, 85]],

[ 29, 85, 1,[ 82, 94, 80, 35, 36, 81]],

[ 18, 35, 1,[ 6, 65, 22]],

[ 81, 35, 1,[ 29, 15, 79]],

[ 89, 55, 1,[ 84, 52, 67, 50, 85, 82]],

[ 12, 15, 1,[ 13, 49, 7]],

[ 82, 55, 0,[ 89, 34, 85, 29]],

[ 54, 55, 1,[ 19, 48, 37]],

[ 57, 85, 0,[ 27, 59, 60]],

[ 76, 55, 1,[ 25, 22, 53]],

[ 40, 45, 1,[ 4, 31, 90, 26, 8, 74]],

[ 20, 75, 1,[ 93, 72, 7, 66, 35]],

[ 5, 45, 1,[ 84, 46, 79, 39]],

[ 45, 95, 0,[ 74, 98, 13]],

[ 33, 35, 0,[ 96, 6, 46, 49]],

[ 37, 15, 0,[ 40, 48, 20]],

[ 61, 35, 1,[ 55, 84, 59, 66]],

[ 65, 55, 1,[ 36, 8, 52]],

[ 3, 35, 1,[ 23, 79, 29, 26, 19]],

[ 9, 55, 1,[ 93, 95, 91]],

[ 66, 95, 1,[ 34, 28, 61, 86]],

[ 28, 95, 1,[ 6, 25, 88, 66, 57, 94]],

[ 69, 15, 0,[ 78, 7, 62, 38]],

[ 49, 55, 1,[ 33, 44, 54, 84, 51]],

[ 12, 5, 1,[ 16, 58, 57]],

[ 75, 55, 0,[ 5, 21, 90]],

[ 71, 35, 0,[ 31, 0, 84]],

[ 21, 55, 0,[ 87, 14, 75]],

[ 13, 55, 1,[ 94, 79, 45, 10, 39, 2]],

[ 79, 55, 1,[ 85, 3, 13]],

[ 34, 95, 1,[ 83, 56, 66]],

[ 81, 15, 1,[ 43, 40, 19]],

[ 6, 35, 1,[ 80, 28, 33, 51]],

[ 82, 95, 0,[ 52, 95, 40, 47, 83]],

[ 96, 95, 1,[ 33, 53, 22]],

[ 98, 95, 0,[ 25, 43, 45]],

[ 56, 55, 0,[ 34, 4, 52]],

[ 10, 95, 0,[ 93, 89, 13]],

[ 39, 95, 0,[ 74, 13, 20, 77]],

[ 72, 45, 0,[ 36, 88, 27]],

[ 29, 75, 1,[ 18, 51, 3]],

[ 78, 75, 1,[ 50, 69, 8]],

[ 57, 95, 0,[ 28, 12, 4]],

[ 77, 45, 1,[ 39, 18, 2, 92, 74]],

[ 47, 95, 1,[ 24, 82, 59]],

[ 15, 65, 1,[ 7, 95, 92]],

[ 80, 65, 1,[ 70, 6, 62, 41]],

[ 93, 95, 1,[ 11, 53, 10, 76, 9]],

[ 94, 45, 0,[ 1, 13, 28]],

[ 20, 95, 1,[ 37, 91, 39]],

[ 19, 35, 0,[ 64, 67, 81, 3]],

[ 30, 65, 0,[ 58, 48, 63, 67]],

[ 63, 95, 0,[ 30, 84, 35]],

[ 42, 15, 0,[ 67, 60, 32]],

[ 86, 55, 0,[ 66, 0, 52]],

[ 18, 65, 0,[ 11, 29, 77]],

[ 7, 65, 1,[ 8, 73, 15, 69, 31]],

[ 60, 15, 0,[ 76, 0, 42]],

[ 40, 75, 1,[ 81, 82, 89, 37, 26]],

[ 44, 55, 1,[ 54, 49, 91, 14, 76]],

[ 89, 15, 1,[ 10, 16, 36, 32, 40]],

[ 8, 65, 1,[ 1, 65, 70, 7, 78]],

[ 26, 35, 1,[ 3, 40, 31]],

[ 58, 65, 1,[ 30, 17, 67, 87, 12]],

[ 95, 35, 0,[ 15, 82, 9]],

[ 87, 65, 0,[ 21, 58, 23]],

[ 97, 15, 1,[ 48, 64]],

[ 54, 55, 1,[ 49, 44, 68]],

[ 67, 65, 1,[ 19, 1, 30, 42, 58]],

[ 84, 75, 1,[ 71, 61, 63, 49, 14, 0]],

[ 2, 55, 1,[ 13, 77, 17]],

[ 36, 45, 0,[ 65, 89, 72]],

[ 14, 55, 0,[ 21, 44, 84]],

[ 38, 35, 0,[ 59, 5, 50, 69]],

[ 88, 95, 0,[ 28, 32, 72]],

[ 35, 5, 1,[ 63, 46, 17]],

[ 25, 95, 0,[ 28, 98, 11, 55]],

[ 52, 55, 1,[ 86, 65, 82, 56]],

[ 73, 95, 0,[ 53, 24, 7, 90]],

[ 48, 15, 0,[ 30, 97, 37]],

[ 76, 15, 1,[ 44, 93, 60]],

[ 22, 65, 0,[ 99, 96, 92]],

[ 50, 35, 1,[ 16, 38, 78]],

[ 91, 55, 0,[ 4, 44, 20, 9]],

[ 32, 95, 0,[ 89, 42, 88]],

[ 4, 55, 1,[ 57, 56, 91, 64]],

[ 27, 65, 1,[ 72, 83, 74]],

[ 46, 65, 0,[ 33, 99, 35]],

[ 53, 95, 0,[ 93, 73, 96]],

[ 59, 35, 0,[ 38, 47, 61]],

[ 41, 65, 0,[ 11, 80]],

[ 5, 65, 1,[ 75, 38, 85]],

[ 83, 95, 0,[ 27, 34, 82]],

[ 17, 65, 1,[ 99, 2, 58, 35]],

[ 68, 55, 1,[ 92, 70, 54]],

[ 1, 65, 0,[ 94, 8, 67]],

[ 99, 65, 1,[ 46, 22, 17]],

[ 24, 95, 0,[ 43, 73, 47]],

[ 16, 15, 0,[ 50, 89, 12, 55]],

[ 90, 95, 0,[ 75, 23, 73]],

[ 43, 95, 1,[ 98, 81, 24]],

[ 31, 35, 0,[ 7, 26, 71]],

[ 92, 75, 1,[ 77, 15, 68, 22]],

[ 23, 65, 0,[ 3, 62, 87, 90]],

[ 51, 45, 0,[ 49, 29, 6]],

[ 70, 55, 0,[ 80, 8, 68]],

[ 74, 95, 0,[ 77, 27, 39, 45]],

[ 62, 65, 0,[ 69, 23, 80]],

[ 64, 25, 1,[ 4, 97, 85, 19]],

[ 11, 65, 1,[ 41, 18, 25, 93]],

[ 85, 65, 0,[ 79, 5, 64]],

[ 55, 55, 1,[ 25, 61, 16]],

[ 0, 35, 1,[ 84, 71, 86, 60]],

