[ 16, 65, 0,[ 28, 15, 35, 76]],

[ 95, 85, 1,[ 44, 77]],

[ 92, 75, 0,[ 93, 90, 0, 94, 43, 12, 51]],

[ 41, 5, 1,[ 77, 52, 99]],

[ 59, 45, 1,[ 56, 22, 25]],

[ 21, 95, 1,[ 17, 24, 61, 45, 11]],

[ 65, 25, 0,[ 9, 52, 89]],

[ 54, 95, 0,[ 91, 4, 24]],

[ 33, 85, 1,[ 38, 83, 3]],

[ 79, 65, 0,[ 34, 57, 11]],

[ 57, 5, 1,[ 82, 49, 94, 79, 98, 90]],

[ 23, 15, 1,[ 5, 74, 10]],

[ 78, 25, 0,[ 83, 40, 9]],

[ 26, 25, 0,[ 9, 56, 24]],

[ 19, 35, 1,[ 25, 32, 31]],

[ 52, 85, 0,[ 41, 49, 65, 50]],

[ 24, 25, 1,[ 21, 54, 26]],

[ 69, 85, 1,[ 93, 31, 85]],

[ 0, 75, 0,[ 7, 92]],

[ 68, 35, 0,[ 15, 14, 46]],

[ 93, 75, 0,[ 92, 69, 25]],

[ 2, 35, 0,[ 46, 51, 89]],

[ 32, 65, 1,[ 81, 74, 19, 94]],

[ 85, 75, 1,[ 69, 20, 47]],

[ 48, 5, 1,[ 45, 82]],

[ 37, 5, 1,[ 62, 7, 50]],

[ 47, 65, 0,[ 85, 3, 42]],

[ 29, 75, 0,[ 56, 73, 12, 64]],

[ 91, 25, 1,[ 54, 67, 86]],

[ 17, 65, 0,[ 74, 21, 31]],

[ 75, 35, 1,[ 13, 18, 76]],

[ 89, 55, 0,[ 80, 65, 2]],

[ 83, 95, 1,[ 42, 33, 78]],

[ 7, 75, 0,[ 64, 0, 37]],

[ 60, 25, 1,[ 27, 64]],

[ 55, 85, 0,[ 3, 25, 28, 1]],

[ 70, 25, 1,[ 31, 42, 27]],

[ 31, 45, 1,[ 19, 50, 86, 76, 69, 90, 17, 70]],

[ 20, 35, 0,[ 88, 14, 85, 22]],

[ 34, 5, 0,[ 79, 38, 28, 87]],

[ 77, 85, 0,[ 58, 95, 39, 41]],

[ 11, 65, 0,[ 21, 79, 58]],

[ 15, 35, 0,[ 16, 63, 68, 39]],

[ 38, 95, 1,[ 33, 34, 88]],

[ 50, 95, 0,[ 37, 52, 31]],

[ 35, 65, 0,[ 58, 10, 16]],

[ 97, 95, 0,[ 96, 6, 53]],

[ 72, 95, 1,[ 36, 66, 45]],

[ 43, 75, 0,[ 30, 92, 74]],

[ 98, 75, 1,[ 13, 56, 57]],

[ 86, 45, 1,[ 31, 8, 91, 46]],

[ 8, 15, 0,[ 22, 71, 86]],

[ 5, 55, 0,[ 39, 51, 23, 4]],

[ 99, 85, 0,[ 41, 63, 53]],

[ 62, 35, 0,[ 6, 44, 37, 12]],

[ 4, 15, 0,[ 5, 54, 90]],

[ 63, 15, 1,[ 15, 40, 99]],

[ 10, 25, 1,[ 35, 23, 28]],

[ 90, 75, 1,[ 4, 31, 57, 96, 92]],

[ 61, 95, 1,[ 30, 80, 21]],

[ 30, 65, 1,[ 61, 94, 43]],

[ 80, 55, 0,[ 73, 71, 89, 61]],

[ 94, 5, 0,[ 30, 57, 32, 92]],

[ 40, 35, 0,[ 14, 78, 63]],

[ 76, 65, 0,[ 31, 75, 16, 14]],

[ 49, 15, 0,[ 52, 57, 51]],

[ 18, 5, 1,[ 84, 75, 67]],

[ 3, 55, 1,[ 55, 73, 33, 47]],

[ 44, 35, 0,[ 36, 95, 1, 62, 6]],

[ 27, 85, 0,[ 60, 88, 70]],

[ 46, 35, 0,[ 2, 68, 86]],

[ 22, 85, 1,[ 8, 20, 59]],

[ 1, 85, 1,[ 44, 25, 55]],

[ 67, 95, 1,[ 12, 91, 18, 58, 53]],

[ 66, 55, 0,[ 71, 51, 72]],

[ 13, 95, 0,[ 98, 75, 39]],

[ 64, 75, 0,[ 60, 7, 29]],

[ 14, 65, 1,[ 40, 68, 76, 20]],

[ 88, 95, 1,[ 27, 20, 38]],

[ 36, 85, 1,[ 96, 44, 72]],

[ 42, 25, 1,[ 70, 47, 87, 83, 84]],

[ 45, 15, 1,[ 48, 21, 72]],

[ 84, 75, 0,[ 28, 42, 18]],

[ 71, 5, 1,[ 66, 80, 8]],

[ 87, 75, 1,[ 34, 58, 42]],

[ 9, 25, 0,[ 78, 65, 26]],

[ 6, 15, 0,[ 62, 97, 44]],

[ 51, 45, 1,[ 49, 5, 92, 66, 2]],

[ 74, 15, 1,[ 81, 43, 23, 17, 32]],

[ 39, 35, 1,[ 15, 5, 77, 13]],

[ 25, 55, 1,[ 59, 93, 1, 19, 55]],

[ 28, 55, 1,[ 16, 34, 84, 55, 10]],

[ 73, 35, 1,[ 3, 29, 80]],

[ 56, 35, 1,[ 26, 98, 81, 59, 29]],

[ 82, 75, 1,[ 48, 57, 53]],

[ 81, 65, 0,[ 32, 56, 74]],

[ 96, 95, 0,[ 90, 97, 36]],

[ 53, 85, 1,[ 67, 97, 99, 82]],

[ 58, 65, 0,[ 77, 35, 87, 11, 67]],

[ 12, 75, 0,[ 62, 29, 67, 92]],

[ 74, 95, 1,[ 49, 14]],

[ 5, 85, 0,[ 33, 87, 46]],

[ 37, 75, 1,[ 51, 11, 30]],

[ 56, 55, 1,[ 57, 42, 76, 75]],

[ 38, 25, 1,[ 45, 30, 85, 12]],

[ 83, 15, 1,[ 33, 9, 35]],

[ 71, 45, 1,[ 75, 19, 94, 15, 20]],

[ 61, 85, 0,[ 87, 1, 16]],

[ 18, 65, 0,[ 51, 63, 87, 32]],

[ 94, 15, 1,[ 75, 0, 71, 20]],

[ 16, 85, 1,[ 3, 78, 52, 68, 61]],

[ 6, 55, 0,[ 27, 53, 75]],

[ 51, 5, 1,[ 66, 85, 37, 18, 89]],

[ 53, 55, 1,[ 46, 92, 6]],

[ 9, 25, 0,[ 83, 65, 19]],

[ 63, 95, 1,[ 99, 18, 41]],

[ 13, 65, 0,[ 84, 89, 97]],

[ 50, 5, 0,[ 86, 12, 10, 27]],

[ 8, 25, 0,[ 55, 67, 23]],

[ 4, 65, 0,[ 79, 80, 77]],

[ 42, 65, 1,[ 57, 97, 56]],

[ 12, 5, 0,[ 47, 38, 50]],

[ 79, 65, 0,[ 22, 4]],

[ 20, 65, 0,[ 75, 71, 94, 2]],

[ 60, 35, 1,[ 1, 34, 40]],

[ 41, 35, 1,[ 47, 63, 78, 97, 64]],

[ 81, 55, 0,[ 87, 49, 31]],

[ 82, 35, 1,[ 24, 98, 99]],

[ 17, 65, 1,[ 24, 67, 36]],

[ 70, 35, 1,[ 7, 67, 76]],

[ 30, 25, 1,[ 95, 38, 37, 69, 88]],

[ 59, 55, 1,[ 52, 28, 66, 87]],

[ 49, 25, 0,[ 81, 74]],

[ 99, 55, 0,[ 82, 25, 32, 63]],

[ 75, 45, 1,[ 56, 94, 20, 6, 71]],

[ 52, 15, 0,[ 59, 98, 16]],

[ 19, 55, 1,[ 25, 71, 9]],

[ 39, 65, 1,[ 29, 96, 45]],

[ 40, 75, 0,[ 60, 77, 78]],

[ 1, 85, 0,[ 60, 61, 98, 92, 44]],

[ 73, 25, 1,[ 76, 62, 14, 44]],

[ 62, 15, 0,[ 28, 26, 73]],

[ 14, 5, 1,[ 74, 73, 97]],

[ 68, 75, 0,[ 87, 90, 16]],

[ 91, 75, 1,[ 2, 77]],

[ 77, 65, 0,[ 4, 91, 40]],

[ 32, 75, 1,[ 99, 24, 18]],

[ 25, 25, 1,[ 69, 19, 99, 64, 34]],

[ 72, 15, 1,[ 58, 3, 95]],

[ 88, 65, 1,[ 30, 89, 31]],

[ 96, 85, 0,[ 39, 58]],

[ 26, 15, 0,[ 78, 31, 62, 86]],

[ 28, 55, 1,[ 54, 59, 62]],

[ 44, 65, 0,[ 90, 1, 73]],

[ 93, 85, 0,[ 33, 76, 11, 2]],

[ 23, 25, 1,[ 8, 22, 43]],

[ 43, 55, 0,[ 95, 31, 23]],

[ 47, 75, 0,[ 41, 12, 92]],

[ 11, 95, 0,[ 37, 7, 93]],

[ 22, 35, 1,[ 79, 86, 23, 80]],

[ 69, 35, 1,[ 30, 25, 54]],

[ 36, 25, 1,[ 17, 7]],

[ 97, 75, 0,[ 14, 3, 41, 42, 13]],

[ 3, 75, 0,[ 72, 97, 16]],

[ 80, 65, 0,[ 22, 24, 4]],

[ 2, 95, 0,[ 93, 91, 20]],

[ 66, 65, 0,[ 51, 33, 59]],

[ 57, 25, 1,[ 0, 76, 42, 56]],

[ 7, 15, 0,[ 70, 65, 36, 11]],

[ 10, 55, 1,[ 65, 50, 29]],

[ 55, 25, 0,[ 8, 27, 21, 45]],

[ 64, 55, 0,[ 25, 41, 46]],

[ 21, 35, 1,[ 33, 92, 55]],

[ 67, 25, 0,[ 17, 70, 90, 8]],

[ 34, 55, 0,[ 31, 25, 90, 60]],

[ 85, 75, 1,[ 51, 38, 0]],

[ 31, 25, 1,[ 81, 34, 26, 43, 88]],

[ 95, 65, 1,[ 43, 30, 72, 65]],

[ 87, 75, 1,[ 59, 81, 48, 18, 68, 61, 5]],

[ 92, 65, 0,[ 47, 21, 53, 1]],

[ 54, 25, 0,[ 45, 28, 69]],

[ 27, 95, 1,[ 6, 55, 50]],

[ 90, 95, 1,[ 67, 35, 44, 34, 68]],

[ 48, 85, 0,[ 98, 35, 87]],

[ 46, 75, 1,[ 53, 64, 5, 15]],

[ 84, 65, 0,[ 29, 15, 13]],

[ 86, 35, 1,[ 26, 50, 22]],

[ 35, 25, 0,[ 83, 90, 48]],

[ 98, 55, 1,[ 48, 82, 1, 52]],

[ 45, 65, 1,[ 39, 55, 54, 38]],

[ 78, 5, 1,[ 16, 40, 41, 26]],

[ 0, 95, 0,[ 57, 94, 85]],

[ 58, 45, 0,[ 89, 72, 96]],

[ 33, 5, 1,[ 83, 93, 66, 21, 5]],

[ 89, 55, 0,[ 88, 13, 51, 58]],

[ 15, 65, 0,[ 84, 46, 71]],

[ 65, 25, 0,[ 9, 10, 7, 95]],

[ 76, 35, 0,[ 93, 73, 70, 57, 56]],

[ 24, 15, 1,[ 80, 17, 32, 82]],

[ 29, 5, 0,[ 84, 39, 10]],

