[ 94, 55, 0,[ 4, 75, 33]],

[ 36, 55, 0,[ 56, 47, 21]],

[ 43, 55, 0,[ 46, 39, 2, 62, 13, 20]],

[ 87, 45, 0,[ 81, 78, 6]],

[ 97, 55, 0,[ 57, 95, 46]],

[ 22, 55, 0,[ 44, 83]],

[ 16, 55, 0,[ 51, 68, 81, 23]],

[ 56, 55, 0,[ 36, 54, 32]],

[ 48, 55, 0,[ 67, 32, 50]],

[ 57, 55, 0,[ 63, 97, 11]],

[ 90, 15, 0,[ 2, 96, 91, 93]],

[ 72, 5, 0,[ 26, 14, 11]],

[ 91, 95, 0,[ 13, 6, 90]],

[ 37, 5, 0,[ 4, 44, 64, 53]],

[ 38, 55, 0,[ 20, 34, 81]],

[ 21, 55, 0,[ 66, 36, 76]],

[ 65, 5, 0,[ 26, 70, 11]],

[ 5, 85, 0,[ 26, 1, 49]],

[ 51, 55, 0,[ 16, 12, 20, 73]],

[ 44, 85, 1,[ 69, 66, 89, 28, 59, 22, 14, 37, 55, 85, 98]],

[ 28, 85, 0,[ 47, 7, 58, 44]],

[ 68, 55, 0,[ 16, 19, 96]],

[ 3, 45, 0,[ 11, 74, 80]],

[ 99, 35, 0,[ 7, 66, 96]],

[ 30, 45, 0,[ 59, 25, 74]],

[ 39, 55, 0,[ 80, 43, 14]],

[ 83, 55, 0,[ 73, 32, 22]],

[ 24, 5, 0,[ 81, 11]],

[ 12, 45, 0,[ 78, 51, 81]],

[ 75, 55, 0,[ 79, 23, 94, 1]],

[ 47, 55, 0,[ 34, 28, 36]],

[ 80, 55, 0,[ 45, 33, 69, 39, 3]],

[ 88, 75, 0,[ 55, 82, 27]],

[ 31, 75, 0,[ 26, 55, 89]],

[ 63, 55, 0,[ 93, 57, 26]],

[ 74, 45, 0,[ 30, 81, 7, 3, 53]],

[ 13, 95, 0,[ 79, 91, 43]],

[ 34, 55, 0,[ 38, 41, 47]],

[ 81, 45, 1,[ 69, 38, 12, 40, 71, 61, 8, 16, 7, 15, 24, 26, 25, 74, 35, 59, 87]],

[ 42, 5, 0,[ 79, 70, 4]],

[ 10, 55, 0,[ 25, 2, 84]],

[ 89, 85, 0,[ 82, 40, 50, 1, 44, 31]],

[ 55, 75, 0,[ 31, 88, 71, 26, 44]],

[ 52, 55, 0,[ 61, 76, 79]],

[ 54, 55, 0,[ 2, 11, 56]],

[ 82, 75, 0,[ 50, 6, 88, 89, 26]],

[ 19, 55, 0,[ 33, 35, 68, 26]],

[ 27, 55, 0,[ 23, 59, 88]],

[ 15, 75, 0,[ 98, 81, 96, 92]],

[ 64, 5, 0,[ 96, 70, 37]],

[ 46, 55, 0,[ 97, 43, 6]],

[ 58, 95, 0,[ 28, 92, 9, 79]],

[ 73, 55, 0,[ 51, 96, 83]],

[ 71, 45, 0,[ 45, 55, 81]],

[ 35, 55, 0,[ 19, 84, 81]],

[ 77, 35, 0,[ 78, 96, 32]],

[ 92, 75, 0,[ 15, 26, 58]],

[ 61, 55, 0,[ 52, 45, 81]],

[ 78, 35, 0,[ 87, 77, 96, 12]],

[ 84, 55, 0,[ 10, 35, 85, 79]],

[ 62, 55, 0,[ 85, 26, 43]],

[ 7, 45, 0,[ 28, 26, 74, 81, 99]],

[ 93, 55, 0,[ 90, 63, 86]],

[ 25, 45, 0,[ 81, 10, 30, 53, 60]],

[ 86, 55, 0,[ 98, 2, 93]],

[ 60, 5, 0,[ 25, 9, 11]],

[ 8, 55, 1,[ 79, 81, 0]],

[ 67, 35, 0,[ 48, 96, 79]],

[ 11, 5, 1,[ 3, 49, 60, 32, 23, 0, 72, 24, 70, 54, 65, 26, 57, 79]],

[ 95, 55, 0,[ 17, 97, 53]],

[ 33, 55, 0,[ 6, 94, 80, 19]],

[ 17, 55, 0,[ 95, 45, 79]],

[ 59, 45, 0,[ 27, 44, 30, 81]],

[ 2, 15, 1,[ 43, 0, 41, 10, 86, 54, 90, 29]],

[ 18, 5, 0,[]],

[ 49, 85, 0,[ 40, 11, 5]],

[ 6, 95, 1,[ 96, 29, 87, 82, 33, 76, 91, 46]],

[ 29, 95, 0,[ 2, 26, 6]],

[ 14, 5, 0,[ 96, 44, 39, 72]],

[ 1, 85, 0,[ 89, 5, 75]],

[ 32, 55, 0,[ 41, 11, 48, 83, 77, 56]],

[ 79, 95, 1,[ 58, 75, 42, 11, 52, 84, 67, 8, 17, 13]],

[ 26, 75, 1,[ 11, 65, 31, 72, 63, 62, 81, 5, 29, 82, 55, 7, 19, 4, 92]],

[ 4, 5, 0,[ 37, 42, 26, 94]],

[ 20, 55, 0,[ 43, 96, 51, 38]],

[ 53, 45, 0,[ 95, 37, 74, 25]],

[ 96, 35, 1,[ 73, 67, 99, 45, 9, 77, 78, 68, 20, 90, 15, 64, 6, 14]],

[ 85, 55, 0,[ 44, 84, 62]],

[ 98, 85, 0,[ 86, 15, 44]],

[ 69, 45, 0,[ 44, 81, 80]],

[ 70, 5, 0,[ 65, 64, 42, 11]],

[ 23, 55, 0,[ 27, 16, 11, 75]],

[ 0, 55, 1,[ 2, 11, 8]],

[ 76, 55, 0,[ 52, 21, 6]],

[ 9, 95, 0,[ 96, 60, 58]],

[ 40, 85, 0,[ 81, 89, 49, 66]],

[ 50, 85, 0,[ 89, 48, 82]],

[ 45, 55, 0,[ 80, 17, 96, 61, 71]],

[ 66, 85, 0,[ 44, 21, 99, 40]],

[ 41, 55, 0,[ 32, 34, 2]],

