[ 37, 55, 1,[ 8, 49, 68, 72]],

[ 16, 75, 0,[ 3, 90, 84]],

[ 64, 95, 0,[ 87, 30, 27]],

[ 85, 75, 1,[ 44, 10, 54, 52, 46]],

[ 91, 35, 1,[ 61, 79, 86]],

[ 94, 25, 1,[ 46, 72, 78, 36]],

[ 19, 95, 1,[ 4, 25, 98]],

[ 48, 55, 1,[ 69, 63, 96]],

[ 28, 55, 0,[ 30, 62, 95]],

[ 41, 45, 1,[ 58, 36, 84, 1]],

[ 5, 55, 0,[ 82, 4]],

[ 53, 45, 1,[ 10, 7, 86, 3]],

[ 63, 95, 1,[ 14, 0, 48]],

[ 80, 65, 0,[ 9, 92, 89]],

[ 26, 55, 0,[ 35, 79, 12]],

[ 27, 95, 1,[ 96, 25, 82, 64, 83]],

[ 3, 65, 0,[ 42, 16, 10, 53]],

[ 0, 25, 0,[ 63, 47, 58]],

[ 2, 15, 0,[ 68, 70, 74]],

[ 83, 85, 1,[ 27, 11, 66, 87]],

[ 8, 85, 0,[ 95, 37, 76]],

[ 9, 55, 0,[ 45, 32, 80]],

[ 82, 55, 1,[ 17, 24, 5, 27, 35]],

[ 73, 15, 1,[ 81, 32, 59]],

[ 38, 75, 1,[ 51, 93, 40]],

[ 92, 15, 0,[ 45, 1, 80]],

[ 93, 55, 1,[ 38, 13, 42]],

[ 58, 25, 0,[ 41, 0, 56]],

[ 1, 75, 0,[ 92, 41, 66]],

[ 52, 55, 0,[ 20, 85, 32]],

[ 50, 25, 0,[ 21, 68, 18]],

[ 77, 85, 0,[ 69, 55, 34]],

[ 75, 35, 1,[ 36, 57, 12]],

[ 17, 55, 1,[ 55, 82, 22, 32]],

[ 43, 85, 0,[ 18, 30, 81]],

[ 60, 55, 1,[ 6, 39, 81]],

[ 97, 25, 0,[ 42, 33, 45]],

[ 35, 55, 0,[ 82, 67, 26]],

[ 32, 55, 1,[ 99, 9, 73, 52, 17]],

[ 99, 25, 0,[ 32, 86, 21]],

[ 67, 35, 1,[ 35, 20, 45, 76]],

[ 10, 75, 1,[ 3, 12, 85, 53]],

[ 39, 85, 1,[ 60, 71, 33]],

[ 72, 65, 1,[ 86, 37, 94]],

[ 89, 65, 0,[ 80, 55, 79]],

[ 98, 15, 1,[ 13, 57, 19, 62]],

[ 51, 55, 1,[ 49, 71, 33, 38, 46]],

[ 36, 75, 1,[ 94, 75, 41]],

[ 74, 25, 1,[ 30, 18, 2]],

[ 65, 85, 0,[ 68, 14, 61]],

[ 34, 15, 0,[ 24, 77, 11]],

[ 40, 95, 0,[ 95, 46, 38]],

[ 12, 25, 0,[ 75, 10, 26, 24]],

[ 4, 95, 0,[ 5, 23, 19]],

[ 22, 35, 1,[ 21, 95, 17]],

[ 7, 85, 0,[ 62, 14, 53]],

[ 56, 35, 1,[ 58, 20, 59]],

[ 55, 55, 0,[ 17, 89, 77]],

[ 66, 75, 0,[ 1, 44, 83]],

[ 69, 85, 1,[ 71, 77, 84, 48]],

[ 86, 5, 1,[ 91, 72, 53, 99]],

[ 25, 55, 1,[ 90, 19, 27]],

[ 71, 65, 1,[ 69, 39, 51, 90, 61]],

[ 68, 15, 0,[ 2, 37, 65, 50]],

[ 20, 35, 0,[ 56, 67, 52, 6]],

[ 15, 35, 0,[ 44, 11, 88]],

[ 90, 75, 1,[ 16, 25, 71, 33]],

[ 18, 65, 1,[ 74, 43, 50]],

[ 61, 35, 0,[ 91, 65, 71]],

[ 47, 25, 0,[ 21, 0, 87]],

[ 81, 15, 0,[ 73, 43, 60]],

[ 87, 75, 1,[ 95, 47, 64, 83]],

[ 78, 25, 0,[ 11, 94]],

[ 29, 5, 0,[]],

[ 44, 75, 0,[ 66, 85, 15, 76]],

[ 79, 65, 0,[ 91, 89, 26]],

[ 45, 15, 1,[ 9, 92, 67, 97]],

[ 31, 15, 1,[ 33, 13]],

[ 84, 45, 0,[ 16, 69, 41]],

[ 70, 85, 1,[ 30, 2, 13]],

[ 33, 25, 1,[ 90, 97, 31, 51, 42, 39]],

[ 88, 35, 1,[ 59, 54, 15]],

[ 54, 25, 0,[ 21, 88, 85]],

[ 96, 95, 0,[ 27, 48]],

[ 95, 95, 1,[ 87, 22, 28, 8, 40, 6]],

[ 11, 15, 0,[ 83, 34, 78, 15]],

[ 21, 25, 1,[ 47, 22, 50, 99, 54]],

[ 76, 85, 0,[ 8, 44, 67]],

[ 62, 55, 0,[ 7, 28, 23, 98]],

[ 30, 85, 1,[ 70, 74, 64, 28, 43]],

[ 6, 55, 0,[ 20, 60, 95]],

[ 24, 85, 1,[ 82, 12, 34]],

[ 23, 55, 1,[ 62, 42, 4]],

[ 14, 85, 1,[ 7, 63, 65]],

[ 57, 15, 1,[ 98, 75, 49]],

[ 49, 55, 0,[ 51, 57, 37]],

[ 13, 15, 0,[ 70, 98, 93, 31]],

[ 46, 75, 0,[ 40, 94, 51, 85]],

[ 42, 65, 1,[ 23, 97, 3, 93, 33]],

[ 59, 45, 1,[ 56, 73, 88]],

