[ 37, 65, 1,[ 63, 36, 22]],

[ 73, 75, 1,[ 8, 21, 1, 86]],

[ 43, 45, 0,[ 78, 72, 48]],

[ 12, 65, 0,[ 80, 24, 77]],

[ 64, 45, 0,[ 82, 38, 77]],

[ 84, 75, 0,[ 98, 88, 72]],

[ 38, 15, 1,[ 0, 64, 65]],

[ 25, 45, 1,[ 74, 20, 10]],

[ 99, 35, 0,[ 46, 61, 78, 83, 13, 96]],

[ 88, 85, 1,[ 47, 96, 29, 89, 84]],

[ 13, 25, 1,[ 22, 99, 86]],

[ 59, 65, 1,[ 93, 27, 45]],

[ 39, 85, 1,[ 48, 92, 20]],

[ 91, 15, 1,[ 44, 80, 58]],

[ 29, 65, 0,[ 3, 70, 81, 42, 88]],

[ 24, 85, 1,[ 77, 12, 5, 32, 90, 11]],

[ 22, 65, 1,[ 37, 45, 13, 21]],

[ 96, 35, 0,[ 99, 88, 9]],

[ 85, 45, 1,[ 98, 36, 10]],

[ 53, 65, 1,[ 52, 46, 82, 16]],

[ 3, 45, 0,[ 98, 29, 95]],

[ 67, 35, 0,[ 14, 60, 26]],

[ 18, 5, 1,[ 11, 50, 76, 23, 68, 74]],

[ 28, 95, 1,[ 54, 82, 40, 8, 93]],

[ 94, 65, 0,[ 49, 70, 5]],

[ 92, 75, 0,[ 70, 33, 39]],

[ 86, 75, 1,[ 73, 81, 13, 68]],

[ 78, 55, 1,[ 36, 99, 87, 43]],

[ 75, 15, 1,[ 40, 61, 93]],

[ 97, 65, 0,[ 87, 35]],

[ 45, 5, 1,[ 59, 34, 22, 10]],

[ 47, 65, 0,[ 30, 88, 20]],

[ 63, 85, 1,[ 37, 79, 15]],

[ 1, 35, 0,[ 16, 17, 73]],

[ 32, 45, 1,[ 60, 90, 24]],

[ 87, 65, 1,[ 78, 97, 6]],

[ 58, 85, 0,[ 91, 9, 62]],

[ 41, 35, 1,[ 5, 71, 23]],

[ 33, 35, 1,[ 92, 82, 98]],

[ 26, 75, 0,[ 14, 67, 36, 4]],

[ 51, 45, 1,[ 48, 66, 56]],

[ 49, 25, 0,[ 94, 71]],

[ 30, 75, 1,[ 66, 17, 47]],

[ 31, 75, 1,[ 74, 76, 52]],

[ 82, 5, 1,[ 28, 33, 53, 14, 64]],

[ 81, 25, 0,[ 29, 86, 4]],

[ 60, 5, 1,[ 46, 2, 42, 32, 67, 21, 65]],

[ 66, 15, 0,[ 42, 51, 30]],

[ 6, 25, 0,[ 72, 70, 87]],

[ 0, 65, 0,[ 7, 38, 36]],

[ 76, 65, 0,[ 18, 31, 54]],

[ 19, 25, 1,[ 15, 62, 65, 79, 7]],

[ 44, 45, 0,[ 90, 57, 91]],

[ 52, 45, 0,[ 2, 31, 53]],

[ 56, 65, 1,[ 51, 2, 16]],

[ 95, 85, 1,[ 3, 54, 35]],

[ 74, 45, 0,[ 31, 18, 34, 25]],

[ 42, 35, 1,[ 60, 83, 29, 66]],

[ 17, 45, 1,[ 30, 1, 98]],

[ 23, 45, 1,[ 18, 40, 41]],

[ 70, 95, 1,[ 94, 92, 29, 6]],

[ 20, 35, 0,[ 47, 25, 83, 39]],

[ 9, 95, 0,[ 15, 96, 58]],

[ 50, 25, 0,[ 71, 27, 18]],

[ 46, 75, 0,[ 60, 53, 61, 99]],

[ 7, 65, 0,[ 48, 19, 0]],

[ 54, 35, 0,[ 95, 28, 76, 57]],

[ 61, 15, 0,[ 75, 99, 46]],

[ 4, 45, 0,[ 89, 26, 81]],

[ 69, 65, 1,[ 35, 57]],

[ 93, 45, 0,[ 59, 28, 75]],

[ 11, 35, 0,[ 24, 18, 72]],

[ 2, 45, 0,[ 56, 60, 52]],

[ 16, 65, 1,[ 53, 1, 56]],

[ 15, 65, 0,[ 19, 63, 9]],

[ 65, 45, 0,[ 60, 19, 38]],

[ 68, 25, 0,[ 18, 86]],

[ 5, 65, 0,[ 24, 94, 41]],

[ 89, 15, 0,[ 88, 4, 83]],

[ 36, 55, 1,[ 0, 85, 78, 37, 26]],

[ 77, 75, 0,[ 24, 64, 12]],

[ 21, 65, 1,[ 73, 22, 79, 60]],

[ 62, 65, 0,[ 55, 58, 19]],

[ 71, 25, 1,[ 49, 50, 41]],

[ 34, 45, 0,[ 45, 74]],

[ 80, 45, 0,[ 91, 12, 98]],

[ 35, 65, 0,[ 95, 27, 97, 69]],

[ 57, 25, 1,[ 10, 54, 69, 44]],

[ 14, 65, 1,[ 82, 26, 67, 72]],

[ 48, 35, 1,[ 51, 43, 39, 7]],

[ 55, 65, 0,[ 62]],

[ 10, 75, 1,[ 45, 85, 25, 90, 57]],

[ 98, 75, 1,[ 84, 33, 3, 17, 85, 80]],

[ 40, 65, 0,[ 28, 75, 23]],

[ 79, 35, 0,[ 63, 19, 21]],

[ 83, 5, 1,[ 99, 90, 42, 89, 20]],

[ 72, 15, 1,[ 6, 14, 43, 84, 11]],

[ 27, 45, 1,[ 35, 8, 59, 50]],

[ 90, 35, 1,[ 10, 32, 83, 24, 44]],

[ 8, 65, 0,[ 27, 28, 73]],

