[ 1, 25, 0,[ 21, 4, 61]],

[ 15, 45, 0,[ 66, 72, 73]],

[ 3, 15, 0,[ 86, 10, 22, 26]],

[ 0, 45, 1,[ 44, 60, 49, 88, 62, 36, 14, 7, 94, 61, 33, 66, 38, 64, 35, 17, 85]],

[ 60, 25, 0,[ 0, 4]],

[ 33, 45, 0,[ 76, 9, 0, 4]],

[ 17, 25, 0,[ 4, 0, 28]],

[ 99, 95, 0,[ 96, 2, 34]],

[ 10, 15, 0,[ 49, 3, 85]],

[ 24, 95, 0,[ 41, 52]],

[ 59, 95, 0,[ 52, 49, 18]],

[ 98, 55, 0,[ 19, 39, 50]],

[ 56, 35, 0,[ 26, 45, 68, 89]],

[ 93, 95, 0,[ 74, 81, 68]],

[ 97, 45, 0,[ 54, 14, 40]],

[ 91, 35, 0,[ 88, 90, 82]],

[ 26, 15, 1,[ 34, 81, 22, 61, 6, 47, 56, 18, 78, 75, 3, 19, 49]],

[ 30, 95, 0,[ 52, 42, 2]],

[ 34, 95, 0,[ 26, 73, 99]],

[ 95, 95, 0,[ 38, 8, 81]],

[ 32, 95, 0,[ 48, 51, 21]],

[ 66, 45, 0,[ 0, 15]],

[ 6, 95, 0,[ 76, 55, 26]],

[ 52, 95, 0,[ 59, 24, 30, 54]],

[ 83, 95, 0,[ 58, 89, 42]],

[ 96, 95, 0,[ 13, 63, 44, 68, 81, 99]],

[ 82, 35, 0,[ 81, 76, 29, 2, 91]],

[ 43, 65, 0,[ 54, 57, 49]],

[ 8, 55, 0,[ 49, 71, 95]],

[ 22, 15, 0,[ 26, 3, 80, 14]],

[ 92, 85, 0,[ 40, 62, 58]],

[ 14, 45, 0,[ 97, 0, 22]],

[ 45, 35, 0,[ 25, 56]],

[ 55, 95, 0,[ 6, 13, 48, 94]],

[ 51, 95, 0,[ 54, 65, 32, 78]],

[ 21, 95, 0,[ 1, 32, 42, 54, 58]],

[ 64, 15, 0,[ 78, 0, 53, 84]],

[ 68, 95, 0,[ 35, 36, 61, 38, 70, 96, 56, 93]],

[ 48, 95, 0,[ 55, 32, 2]],

[ 20, 95, 0,[ 23, 69, 54]],

[ 9, 95, 0,[ 12, 33, 81]],

[ 54, 55, 1,[ 73, 75, 86, 70, 43, 20, 29, 90, 51, 52, 85, 39, 21, 5, 94, 11, 67, 28, 97]],

[ 13, 95, 0,[ 96, 73, 55]],

[ 27, 85, 0,[ 49, 72, 67]],

[ 40, 85, 0,[ 97, 92, 67]],

[ 84, 15, 0,[ 37, 64, 2]],

[ 46, 65, 0,[ 18, 49, 81]],

[ 90, 35, 0,[ 76, 54, 91]],

[ 19, 15, 0,[ 98, 26, 77]],

[ 79, 15, 0,[ 61, 37, 25]],

[ 65, 95, 0,[ 49, 63, 51]],

[ 28, 45, 0,[ 54, 17, 36]],

[ 29, 95, 0,[ 58, 82, 53, 54]],

[ 49, 65, 1,[ 0, 43, 89, 5, 8, 31, 39, 65, 26, 18, 44, 27, 10, 57, 46, 53, 59]],

[ 74, 95, 0,[ 12, 53, 93]],

[ 61, 15, 0,[ 26, 1, 79, 68, 0]],

[ 36, 45, 0,[ 28, 68, 0]],

[ 23, 95, 0,[ 18, 7, 12, 20, 2]],

[ 41, 25, 0,[ 2, 24, 4]],

[ 85, 15, 0,[ 10, 54, 0]],

[ 67, 85, 0,[ 40, 27, 54]],

[ 4, 25, 1,[ 50, 69, 17, 31, 41, 42, 1, 16, 33, 60]],

[ 50, 55, 0,[ 98, 94, 71, 4]],

[ 76, 35, 0,[ 87, 82, 90, 6, 33]],

[ 18, 95, 0,[ 46, 47, 49, 26, 80, 59, 23]],

[ 37, 15, 0,[ 79, 75, 84]],

[ 78, 15, 0,[ 51, 64, 26]],

[ 62, 55, 0,[ 57, 92, 71, 0]],

[ 12, 95, 0,[ 9, 23, 2, 74]],

[ 72, 85, 0,[ 81, 15, 86, 27]],

[ 31, 35, 0,[ 4, 49, 77]],

[ 94, 45, 0,[ 2, 50, 54, 88, 16, 0, 55]],

[ 86, 55, 0,[ 54, 72, 3]],

[ 89, 75, 1,[ 2, 16, 70, 11, 49, 83, 56]],

[ 57, 65, 0,[ 43, 62, 49]],

[ 87, 35, 0,[ 2, 25, 76]],

[ 80, 15, 0,[ 2, 18, 22]],

[ 69, 95, 0,[ 5, 38, 4, 20]],

[ 75, 15, 0,[ 54, 37, 26]],

[ 63, 95, 0,[ 81, 65, 96]],

[ 77, 35, 0,[ 2, 31, 25, 19]],

[ 73, 95, 0,[ 15, 34, 13, 54]],

[ 7, 45, 0,[ 23, 0, 25]],

[ 35, 95, 0,[ 68, 47, 0]],

[ 2, 35, 1,[ 89, 48, 41, 99, 30, 82, 23, 94, 80, 87, 77, 12, 84]],

[ 71, 55, 0,[ 50, 62, 8]],

[ 38, 95, 0,[ 95, 69, 0, 68]],

[ 42, 95, 0,[ 83, 4, 30, 21]],

[ 58, 95, 0,[ 21, 92, 29, 83]],

[ 11, 75, 1,[ 54, 89, 81]],

[ 25, 35, 0,[ 79, 87, 7, 77, 45]],

[ 88, 45, 0,[ 0, 91, 94]],

[ 47, 95, 0,[ 26, 18, 35]],

[ 39, 55, 0,[ 49, 98, 54]],

[ 53, 95, 0,[ 29, 49, 74, 64]],

[ 5, 55, 0,[ 49, 69, 54]],

[ 81, 85, 1,[ 26, 46, 96, 82, 72, 11, 63, 95, 93, 9]],

[ 70, 95, 0,[ 89, 68, 54]],

[ 44, 95, 1,[ 96, 49, 0]],

[ 16, 45, 0,[ 4, 89, 94]],

