[ 34, 55, 0,[ 90]],

[ 81, 95, 1,[ 76, 93, 2, 5, 86, 16]],

[ 62, 85, 0,[ 79]],

[ 58, 15, 0,[ 50]],

[ 22, 15, 0,[]],

[ 32, 95, 0,[]],

[ 43, 55, 0,[ 84, 38, 8, 76]],

[ 25, 15, 0,[ 17, 44, 31, 8]],

[ 69, 85, 0,[ 85, 79]],

[ 38, 85, 0,[ 79, 43, 11]],

[ 39, 85, 0,[]],

[ 53, 65, 0,[ 27]],

[ 28, 5, 0,[]],

[ 52, 15, 0,[ 20]],

[ 78, 5, 0,[]],

[ 85, 85, 0,[ 69, 8]],

[ 19, 15, 0,[]],

[ 18, 55, 0,[]],

[ 7, 75, 0,[]],

[ 31, 5, 0,[ 9, 25, 6]],

[ 55, 85, 0,[ 79]],

[ 56, 75, 0,[ 6, 12]],

[ 2, 5, 1,[ 82, 81, 41, 95, 79, 0]],

[ 79, 85, 1,[ 94, 62, 20, 64, 26, 11, 69, 2, 55, 38, 76]],

[ 70, 5, 0,[]],

[ 33, 5, 0,[]],

[ 48, 5, 0,[]],

[ 82, 5, 0,[ 2]],

[ 0, 75, 1,[ 44, 2, 54, 40]],

[ 36, 65, 0,[ 8, 6, 26]],

[ 9, 5, 1,[ 31, 26, 65, 5]],

[ 12, 75, 0,[ 54, 14, 56]],

[ 99, 15, 0,[ 14]],

[ 50, 15, 0,[ 11, 58]],

[ 27, 65, 0,[ 89, 11, 53]],

[ 87, 75, 0,[ 91, 26, 11]],

[ 13, 65, 0,[]],

[ 83, 55, 0,[]],

[ 97, 15, 0,[]],

[ 74, 15, 0,[ 44]],

[ 47, 15, 0,[ 80, 59]],

[ 11, 15, 1,[ 79, 38, 50, 14, 87, 93, 90, 57, 27]],

[ 30, 55, 0,[ 60, 8]],

[ 93, 95, 0,[ 81, 11]],

[ 68, 95, 0,[]],

[ 46, 5, 0,[]],

[ 42, 5, 0,[]],

[ 40, 75, 0,[ 0]],

[ 76, 55, 0,[ 81, 90, 43, 79]],

[ 45, 95, 0,[]],

[ 84, 75, 0,[ 43, 63]],

[ 64, 85, 0,[ 86, 79]],

[ 5, 15, 0,[ 17, 81, 9]],

[ 8, 55, 1,[ 51, 25, 30, 65, 49, 43, 85, 36]],

[ 91, 75, 0,[ 87]],

[ 21, 55, 0,[]],

[ 98, 55, 0,[]],

[ 44, 15, 1,[ 74, 25, 0, 17]],

[ 14, 15, 0,[ 12, 11, 61, 99]],

[ 66, 65, 0,[]],

[ 54, 75, 0,[ 12, 0, 63]],

[ 35, 55, 0,[]],

[ 94, 55, 0,[ 23, 79, 73]],

[ 24, 75, 0,[ 26]],

[ 96, 75, 0,[]],

[ 23, 55, 0,[ 94]],

[ 89, 65, 0,[ 27, 6]],

[ 65, 5, 0,[ 9, 8]],

[ 6, 65, 1,[ 89, 56, 31, 36, 73]],

[ 72, 15, 0,[]],

[ 80, 15, 0,[ 47]],

[ 73, 65, 0,[ 6, 94]],

[ 16, 95, 0,[ 81]],

[ 86, 85, 0,[ 64, 81]],

[ 77, 85, 0,[]],

[ 71, 65, 0,[]],

[ 61, 15, 0,[ 14, 57, 51]],

[ 3, 5, 0,[]],

[ 20, 15, 0,[ 52, 79]],

[ 49, 55, 0,[ 8]],

[ 4, 5, 0,[]],

[ 37, 75, 0,[]],

[ 26, 75, 1,[ 87, 9, 36, 24, 79]],

[ 60, 55, 0,[ 30]],

[ 75, 5, 0,[]],

[ 57, 15, 0,[ 61, 11]],

[ 51, 55, 0,[ 8, 61]],

[ 59, 15, 0,[ 17, 47]],

[ 41, 5, 0,[ 2]],

[ 10, 15, 0,[]],

[ 29, 85, 0,[]],

[ 88, 65, 0,[]],

[ 67, 5, 0,[]],

[ 92, 5, 0,[]],

[ 63, 75, 0,[ 54, 84]],

[ 17, 15, 0,[ 5, 25, 44, 59]],

[ 90, 55, 0,[ 11, 76, 34]],

[ 95, 5, 0,[ 2]],

[ 1, 75, 0,[]],

[ 15, 75, 0,[]],

