[ 65, 25, 1,[ 54, 46, 96, 76, 30]],

[ 81, 15, 1,[ 29, 36, 9, 63]],

[ 3, 95, 1,[ 26, 93, 13]],

[ 73, 65, 0,[ 33, 47, 36, 32]],

[ 78, 25, 1,[ 35, 99, 83]],

[ 2, 85, 1,[ 25, 87, 96, 48, 75, 8, 47]],

[ 63, 25, 0,[ 52, 81, 67]],

[ 22, 65, 0,[ 56, 82, 23]],

[ 85, 45, 0,[ 90, 21, 12]],

[ 19, 85, 0,[ 25, 87]],

[ 71, 55, 0,[ 93, 38, 82]],

[ 69, 55, 0,[ 87, 88, 56]],

[ 32, 65, 0,[ 40, 73, 74]],

[ 43, 35, 1,[ 77, 14, 6]],

[ 26, 55, 1,[ 3, 5, 80]],

[ 83, 5, 0,[ 21, 51, 78]],

[ 35, 55, 1,[ 11, 78, 70, 28]],

[ 67, 15, 0,[ 61, 16, 63]],

[ 7, 5, 1,[ 18, 86, 99]],

[ 9, 25, 1,[ 10, 41, 81, 82, 14]],

[ 82, 65, 0,[ 9, 71, 22]],

[ 17, 85, 0,[ 86]],

[ 37, 45, 0,[ 50, 66, 70]],

[ 5, 95, 1,[ 39, 21, 89, 26]],

[ 15, 5, 1,[ 58, 0, 77, 72, 46, 92]],

[ 84, 35, 1,[ 48, 76, 14, 59]],

[ 87, 85, 0,[ 2, 69, 19]],

[ 29, 15, 1,[ 56, 51, 81]],

[ 98, 25, 0,[ 34, 57, 72]],

[ 75, 85, 0,[ 88, 2]],

[ 76, 85, 1,[ 91, 94, 95, 65, 89, 84]],

[ 42, 85, 0,[ 18, 60, 10, 25]],

[ 47, 55, 1,[ 53, 1, 2, 80, 73]],

[ 31, 25, 0,[ 39, 41]],

[ 40, 65, 1,[ 68, 34, 32, 94, 16]],

[ 4, 95, 1,[ 20, 52, 34, 27]],

[ 21, 5, 0,[ 85, 5, 83]],

[ 12, 45, 1,[ 85, 27, 68]],

[ 90, 15, 0,[ 50, 85, 28, 38, 52]],

[ 45, 15, 0,[ 97, 50, 89, 91]],

[ 44, 55, 1,[ 59, 20, 93]],

[ 39, 95, 0,[ 5, 79, 31]],

[ 62, 75, 1,[ 88, 11, 80]],

[ 70, 45, 0,[ 99, 35, 37]],

[ 38, 85, 0,[ 95, 72, 20, 14, 71, 90]],

[ 91, 85, 0,[ 45, 61, 76]],

[ 11, 95, 1,[ 50, 62, 35]],

[ 25, 85, 0,[ 19, 2, 42]],

[ 89, 45, 1,[ 76, 33, 5, 0, 45, 49]],

[ 49, 5, 1,[ 89, 77, 92]],

[ 66, 95, 1,[ 99, 37, 59, 79]],

[ 99, 45, 1,[ 70, 66, 7, 55, 78]],

[ 24, 15, 0,[ 53, 50, 33]],

[ 16, 65, 0,[ 86, 67, 40]],

[ 20, 85, 1,[ 44, 4, 38]],

[ 56, 15, 0,[ 22, 29, 69]],

[ 36, 5, 0,[ 0, 73, 81]],

[ 59, 95, 0,[ 44, 84, 66, 1]],

[ 46, 75, 1,[ 15, 52, 65]],

[ 6, 65, 1,[ 23, 54, 43, 51]],

[ 74, 55, 0,[ 32, 57, 93]],

[ 53, 5, 0,[ 8, 47, 24]],

[ 95, 85, 0,[ 76, 38, 72]],

[ 92, 65, 1,[ 49, 15, 1, 97]],

[ 54, 5, 1,[ 55, 65, 6]],

[ 61, 15, 1,[ 67, 93, 91, 72]],

[ 80, 35, 1,[ 94, 26, 47, 62]],

[ 50, 15, 1,[ 37, 90, 45, 24, 57, 11]],

[ 41, 25, 0,[ 30, 31, 9, 48]],

[ 64, 55, 1,[ 13, 58, 68]],

[ 14, 35, 0,[ 9, 84, 60, 38, 43]],

[ 48, 35, 0,[ 84, 2, 41]],

[ 13, 95, 1,[ 3, 64, 93]],

[ 34, 95, 1,[ 98, 40, 4]],

[ 94, 65, 0,[ 76, 80, 40]],

[ 51, 15, 0,[ 83, 6, 29]],

[ 1, 55, 1,[ 59, 52, 47, 92, 30]],

[ 77, 75, 1,[ 49, 43, 15]],

[ 88, 55, 0,[ 62, 75, 8, 69]],

[ 52, 25, 1,[ 68, 63, 90, 4, 46, 55, 1]],

[ 79, 85, 1,[ 39, 66, 93]],

[ 96, 5, 1,[ 97, 2, 65]],

[ 72, 5, 0,[ 61, 15, 98, 38, 60, 95]],

[ 55, 95, 1,[ 52, 99, 54]],

[ 33, 45, 0,[ 24, 73, 89, 18]],

[ 97, 95, 1,[ 45, 92, 96]],

[ 8, 5, 1,[ 88, 2, 53]],

[ 27, 95, 0,[ 12, 4]],

[ 28, 55, 0,[ 90, 35]],

[ 57, 25, 0,[ 74, 98, 50, 23]],

[ 60, 85, 0,[ 42, 72, 14]],

[ 18, 35, 1,[ 33, 7, 42]],

[ 23, 65, 0,[ 6, 57, 22]],

[ 58, 5, 1,[ 15, 64, 68]],

[ 86, 85, 0,[ 7, 16, 17, 10]],

[ 10, 85, 0,[ 9, 86, 42]],

[ 93, 55, 1,[ 74, 61, 3, 71, 79, 13, 44]],

[ 68, 75, 1,[ 12, 40, 52, 64, 58]],

[ 0, 5, 1,[ 15, 36, 89]],

[ 30, 25, 0,[ 1, 41, 65]],

