[ 37, 25, 0,[ 38, 39, 35, 36]],

[ 95, 15, 1,[ 93, 94, 96, 97]],

[ 89, 15, 0,[ 90, 88, 91, 87]],

[ 45, 65, 0,[ 43, 46, 44, 47]],

[ 68, 35, 1,[ 66, 70, 67, 69]],

[ 28, 35, 0,[ 27, 26, 29, 30]],

[ 35, 25, 0,[ 33, 36, 37, 34]],

[ 65, 35, 0,[ 67, 64, 63, 66]],

[ 22, 35, 0,[ 21, 23, 20, 24]],

[ 9, 5, 0,[ 8, 7, 11, 10]],

[ 69, 35, 0,[ 68, 67, 71, 70]],

[ 57, 65, 0,[ 56, 58, 59, 55]],

[ 61, 65, 0,[ 63, 59, 60, 62]],

[ 86, 15, 0,[ 85, 84, 87, 88]],

[ 42, 65, 0,[ 44, 40, 41, 43]],

[ 43, 65, 0,[ 44, 42, 41, 45]],

[ 93, 15, 0,[ 92, 91, 94, 95]],

[ 67, 35, 0,[ 65, 69, 66, 68]],

[ 8, 5, 0,[ 9, 7, 10, 6]],

[ 2, 5, 0,[ 0, 4, 1, 3]],

[ 64, 35, 0,[ 66, 65, 62, 63]],

[ 19, 35, 0,[ 21, 18, 20, 17]],

[ 59, 65, 0,[ 57, 58, 60, 61]],

[ 98, 15, 0,[ 99, 97, 96, 0]],

[ 10, 5, 0,[ 9, 11, 8, 12]],

[ 12, 5, 0,[ 13, 14, 11, 10]],

[ 54, 65, 0,[ 53, 52, 55, 56]],

[ 85, 65, 1,[ 86, 83, 87, 84]],

[ 71, 35, 0,[ 70, 69, 73, 72]],

[ 21, 35, 0,[ 23, 22, 19, 20]],

[ 40, 65, 0,[ 39, 42, 38, 41]],

[ 91, 15, 0,[ 93, 92, 89, 90]],

[ 34, 55, 1,[ 35, 36, 33, 32]],

[ 31, 35, 0,[ 33, 29, 32, 30]],

[ 14, 5, 0,[ 15, 16, 12, 13]],

[ 24, 35, 0,[ 22, 26, 23, 25]],

[ 4, 5, 0,[ 5, 2, 3, 6]],

[ 25, 35, 0,[ 24, 27, 23, 26]],

[ 75, 35, 0,[ 76, 77, 74, 73]],

[ 39, 35, 1,[ 38, 41, 37, 40]],

[ 47, 65, 0,[ 48, 45, 46, 49]],

[ 50, 65, 0,[ 48, 51, 52, 49]],

[ 96, 15, 0,[ 95, 98, 94, 97]],

[ 80, 65, 0,[ 79, 78, 82, 81]],

[ 11, 5, 0,[ 10, 9, 12, 13]],

[ 66, 35, 0,[ 67, 64, 68, 65]],

[ 92, 15, 0,[ 91, 94, 93, 90]],

[ 27, 35, 1,[ 28, 29, 26, 25]],

[ 44, 65, 0,[ 43, 42, 45, 46]],

[ 48, 65, 0,[ 47, 50, 46, 49]],

[ 36, 25, 0,[ 37, 35, 34, 38]],

[ 46, 65, 0,[ 45, 44, 48, 47]],

[ 26, 35, 0,[ 24, 25, 28, 27]],

[ 70, 35, 0,[ 72, 69, 68, 71]],

[ 6, 5, 0,[ 8, 4, 5, 7]],

[ 76, 35, 0,[ 78, 75, 74, 77]],

[ 3, 5, 0,[ 2, 4, 5, 1]],

[ 78, 65, 0,[ 79, 77, 76, 80]],

[ 81, 65, 0,[ 80, 82, 79, 83]],

[ 74, 35, 0,[ 76, 73, 75, 72]],

[ 13, 5, 0,[ 15, 11, 14, 12]],

[ 15, 5, 0,[ 16, 14, 17, 13]],

[ 51, 65, 0,[ 53, 50, 49, 52]],

[ 18, 35, 0,[ 17, 19, 16, 20]],

[ 58, 65, 0,[ 57, 59, 60, 56]],

[ 87, 15, 0,[ 86, 88, 89, 85]],

[ 53, 65, 0,[ 55, 51, 52, 54]],

[ 0, 5, 1,[ 1, 2, 99, 98]],

[ 90, 15, 0,[ 91, 88, 92, 89]],

[ 7, 5, 0,[ 6, 8, 9, 5]],

[ 82, 65, 0,[ 81, 83, 80, 84]],

[ 32, 35, 0,[ 34, 30, 33, 31]],

[ 97, 15, 0,[ 96, 95, 99, 98]],

[ 99, 15, 0,[ 1, 97, 98, 0]],

[ 17, 95, 1,[ 19, 16, 15, 18]],

[ 33, 25, 1,[ 35, 32, 34, 31]],

[ 23, 35, 0,[ 24, 22, 25, 21]],

[ 94, 15, 0,[ 93, 96, 92, 95]],

[ 77, 35, 0,[ 79, 78, 75, 76]],

[ 55, 65, 0,[ 57, 53, 56, 54]],

[ 20, 35, 0,[ 19, 18, 21, 22]],

[ 38, 25, 0,[ 36, 37, 39, 40]],

[ 49, 65, 0,[ 51, 48, 47, 50]],

[ 56, 65, 0,[ 55, 58, 57, 54]],

[ 73, 35, 0,[ 72, 75, 74, 71]],

[ 62, 65, 0,[ 63, 64, 60, 61]],

[ 30, 35, 0,[ 29, 31, 28, 32]],

[ 41, 65, 0,[ 42, 43, 39, 40]],

[ 63, 65, 0,[ 62, 64, 61, 65]],

[ 83, 65, 0,[ 81, 84, 82, 85]],

[ 88, 15, 0,[ 89, 86, 87, 90]],

[ 16, 5, 0,[ 15, 18, 14, 17]],

[ 79, 65, 0,[ 81, 78, 80, 77]],

[ 72, 35, 0,[ 70, 71, 74, 73]],

[ 60, 65, 0,[ 58, 59, 62, 61]],

[ 52, 65, 0,[ 53, 54, 51, 50]],

[ 84, 65, 0,[ 86, 82, 83, 85]],

[ 1, 5, 0,[ 2, 3, 0, 99]],

[ 29, 35, 1,[ 27, 30, 31, 28]],

[ 5, 5, 0,[ 6, 4, 3, 7]],

