[ 23, 55, 0,[ 25, 21, 22, 24]],

[ 35, 55, 0,[ 34, 33, 36, 37]],

[ 9, 25, 0,[ 8, 10, 7, 11]],

[ 99, 55, 0,[ 97, 0, 1, 98]],

[ 97, 55, 1,[ 99, 98, 96, 95]],

[ 84, 55, 0,[ 82, 85, 86, 83]],

[ 32, 55, 0,[ 31, 34, 33, 30]],

[ 37, 55, 0,[ 39, 38, 35, 36]],

[ 90, 55, 0,[ 88, 91, 92, 89]],

[ 2, 55, 0,[ 0, 4, 3, 1]],

[ 19, 25, 1,[ 20, 17, 21, 18]],

[ 49, 85, 0,[ 50, 51, 47, 48]],

[ 21, 45, 1,[ 20, 23, 22, 19]],

[ 64, 85, 0,[ 63, 66, 62, 65]],

[ 81, 55, 0,[ 79, 83, 80, 82]],

[ 17, 25, 0,[ 18, 19, 15, 16]],

[ 38, 55, 0,[ 40, 39, 36, 37]],

[ 42, 85, 0,[ 43, 40, 44, 41]],

[ 66, 85, 0,[ 67, 68, 65, 64]],

[ 67, 85, 0,[ 68, 66, 65, 69]],

[ 0, 55, 0,[ 2, 99, 1, 98]],

[ 91, 55, 0,[ 89, 92, 90, 93]],

[ 70, 85, 0,[ 71, 69, 68, 72]],

[ 39, 55, 0,[ 41, 37, 38, 40]],

[ 74, 85, 0,[ 75, 73, 72, 76]],

[ 5, 25, 0,[ 4, 7, 6, 3]],

[ 89, 55, 0,[ 87, 91, 88, 90]],

[ 62, 85, 0,[ 64, 60, 61, 63]],

[ 11, 25, 0,[ 9, 12, 10, 13]],

[ 96, 55, 0,[ 94, 98, 95, 97]],

[ 52, 85, 0,[ 51, 54, 50, 53]],

[ 43, 85, 0,[ 42, 41, 44, 45]],

[ 13, 25, 0,[ 11, 12, 15, 14]],

[ 54, 85, 0,[ 55, 52, 56, 53]],

[ 40, 85, 0,[ 41, 39, 38, 42]],

[ 46, 85, 0,[ 45, 48, 47, 44]],

[ 1, 55, 0,[ 2, 99, 0, 3]],

[ 60, 85, 0,[ 62, 58, 59, 61]],

[ 28, 55, 0,[ 27, 30, 26, 29]],

[ 33, 55, 0,[ 31, 34, 35, 32]],

[ 53, 85, 0,[ 51, 54, 52, 55]],

[ 69, 85, 0,[ 70, 71, 67, 68]],

[ 22, 65, 1,[ 23, 20, 21, 24]],

[ 79, 55, 0,[ 81, 77, 78, 80]],

[ 41, 85, 0,[ 39, 40, 43, 42]],

[ 77, 55, 0,[ 79, 78, 75, 76]],

[ 8, 25, 0,[ 6, 7, 9, 10]],

[ 76, 85, 0,[ 77, 78, 75, 74]],

[ 92, 55, 0,[ 91, 90, 93, 94]],

[ 25, 55, 1,[ 24, 26, 23, 27]],

[ 83, 55, 0,[ 81, 82, 85, 84]],

[ 59, 85, 0,[ 58, 60, 57, 61]],

[ 75, 85, 0,[ 76, 74, 73, 77]],

[ 7, 25, 0,[ 8, 6, 9, 5]],

[ 73, 85, 0,[ 74, 71, 75, 72]],

[ 98, 55, 0,[ 96, 99, 97, 0]],

[ 88, 55, 0,[ 87, 89, 90, 86]],

[ 65, 85, 0,[ 63, 67, 66, 64]],

[ 31, 55, 0,[ 32, 30, 29, 33]],

[ 72, 85, 0,[ 74, 73, 70, 71]],

[ 80, 55, 0,[ 78, 79, 82, 81]],

[ 29, 55, 0,[ 27, 30, 31, 28]],

[ 68, 85, 0,[ 66, 69, 70, 67]],

[ 16, 25, 0,[ 18, 15, 14, 17]],

[ 86, 55, 1,[ 85, 87, 88, 84]],

[ 63, 85, 0,[ 64, 62, 65, 61]],

[ 58, 85, 0,[ 57, 56, 59, 60]],

[ 3, 55, 0,[ 1, 2, 5, 4]],

[ 12, 25, 0,[ 13, 14, 11, 10]],

[ 44, 85, 0,[ 43, 45, 42, 46]],

[ 61, 85, 0,[ 62, 60, 59, 63]],

[ 85, 55, 0,[ 86, 83, 84, 87]],

[ 6, 25, 0,[ 4, 7, 5, 8]],

[ 14, 25, 0,[ 15, 16, 13, 12]],

[ 71, 85, 0,[ 72, 73, 70, 69]],

[ 51, 85, 0,[ 52, 49, 50, 53]],

[ 50, 85, 0,[ 49, 52, 51, 48]],

[ 56, 85, 0,[ 58, 54, 55, 57]],

[ 45, 85, 0,[ 44, 43, 46, 47]],

[ 93, 55, 0,[ 92, 94, 95, 91]],

[ 26, 55, 0,[ 28, 25, 27, 24]],

[ 48, 85, 0,[ 50, 46, 47, 49]],

[ 36, 55, 0,[ 38, 37, 34, 35]],

[ 24, 55, 0,[ 26, 23, 25, 22]],

[ 30, 55, 0,[ 31, 28, 29, 32]],

[ 94, 55, 0,[ 92, 95, 93, 96]],

[ 15, 25, 0,[ 13, 14, 17, 16]],

[ 10, 25, 1,[ 8, 11, 12, 9]],

[ 55, 85, 0,[ 53, 56, 57, 54]],

[ 78, 55, 0,[ 79, 80, 77, 76]],

[ 95, 75, 1,[ 97, 93, 96, 94]],

[ 34, 55, 0,[ 36, 35, 33, 32]],

[ 18, 25, 0,[ 16, 17, 19, 20]],

[ 47, 85, 0,[ 48, 45, 46, 49]],

[ 57, 45, 1,[ 58, 56, 59, 55]],

[ 87, 55, 0,[ 85, 88, 89, 86]],

[ 20, 25, 0,[ 22, 21, 19, 18]],

[ 4, 55, 0,[ 6, 3, 5, 2]],

[ 82, 55, 0,[ 81, 83, 84, 80]],

[ 27, 55, 1,[ 29, 28, 26, 25]],

