[ 51, 35, 0,[ 50, 52, 53, 49]],

[ 92, 85, 0,[ 91, 94, 90, 93]],

[ 60, 55, 1,[ 58, 59, 61, 62]],

[ 55, 55, 1,[ 57, 53, 56, 54]],

[ 86, 35, 0,[ 88, 85, 87, 84]],

[ 66, 15, 0,[ 64, 68, 65, 67]],

[ 16, 75, 0,[ 14, 15, 18, 17]],

[ 41, 55, 0,[ 43, 40, 39, 42]],

[ 34, 35, 0,[ 36, 33, 32, 35]],

[ 87, 85, 0,[ 89, 88, 85, 86]],

[ 14, 55, 0,[ 12, 15, 13, 16]],

[ 5, 65, 0,[ 6, 4, 3, 7]],

[ 12, 45, 0,[ 14, 10, 11, 13]],

[ 65, 15, 0,[ 64, 66, 63, 67]],

[ 68, 15, 0,[ 70, 67, 69, 66]],

[ 80, 45, 0,[ 79, 82, 81, 78]],

[ 58, 55, 0,[ 59, 60, 57, 56]],

[ 74, 95, 0,[ 73, 76, 72, 75]],

[ 15, 75, 0,[ 13, 16, 14, 17]],

[ 40, 55, 0,[ 42, 39, 41, 38]],

[ 77, 95, 0,[ 75, 78, 76, 79]],

[ 56, 55, 0,[ 55, 58, 54, 57]],

[ 33, 35, 0,[ 35, 31, 34, 32]],

[ 18, 75, 0,[ 16, 20, 17, 19]],

[ 46, 55, 0,[ 47, 48, 44, 45]],

[ 54, 55, 0,[ 55, 53, 52, 56]],

[ 97, 15, 0,[ 99, 96, 98, 95]],

[ 91, 85, 0,[ 92, 90, 89, 93]],

[ 52, 35, 0,[ 53, 50, 51, 54]],

[ 98, 15, 0,[ 0, 96, 99, 97]],

[ 42, 55, 0,[ 43, 44, 41, 40]],

[ 59, 55, 0,[ 58, 60, 57, 61]],

[ 13, 55, 0,[ 11, 15, 12, 14]],

[ 26, 5, 0,[ 27, 28, 24, 25]],

[ 17, 75, 0,[ 18, 19, 15, 16]],

[ 3, 85, 1,[ 2, 4, 5, 1]],

[ 32, 65, 0,[ 31, 34, 30, 33]],

[ 6, 65, 0,[ 4, 5, 8, 7]],

[ 11, 95, 0,[ 13, 9, 12, 10]],

[ 25, 5, 0,[ 24, 27, 26, 23]],

[ 23, 5, 0,[ 25, 22, 24, 21]],

[ 21, 5, 0,[ 23, 19, 20, 22]],

[ 36, 35, 0,[ 34, 35, 37, 38]],

[ 82, 35, 0,[ 80, 81, 84, 83]],

[ 67, 15, 0,[ 69, 66, 68, 65]],

[ 27, 5, 0,[ 29, 25, 28, 26]],

[ 61, 55, 0,[ 59, 62, 63, 60]],

[ 31, 5, 1,[ 30, 32, 29, 33]],

[ 43, 55, 0,[ 41, 44, 45, 42]],

[ 71, 15, 0,[ 69, 73, 70, 72]],

[ 30, 65, 0,[ 28, 29, 32, 31]],

[ 95, 75, 0,[ 94, 93, 97, 96]],

[ 4, 65, 0,[ 6, 5, 2, 3]],

[ 85, 35, 0,[ 83, 84, 87, 86]],

[ 50, 35, 0,[ 51, 49, 52, 48]],

[ 45, 55, 0,[ 46, 47, 43, 44]],

[ 75, 95, 1,[ 73, 74, 77, 76]],

[ 37, 35, 0,[ 36, 38, 35, 39]],

[ 20, 75, 0,[ 21, 18, 22, 19]],

[ 49, 35, 1,[ 51, 50, 47, 48]],

[ 22, 5, 0,[ 24, 21, 20, 23]],

[ 1, 65, 0,[ 2, 0, 3, 99]],

[ 35, 35, 0,[ 36, 37, 33, 34]],

[ 93, 75, 0,[ 92, 94, 91, 95]],

[ 47, 35, 0,[ 49, 46, 45, 48]],

[ 28, 85, 0,[ 30, 27, 26, 29]],

[ 90, 85, 0,[ 89, 91, 88, 92]],

[ 38, 85, 0,[ 37, 40, 36, 39]],

[ 0, 65, 1,[ 2, 1, 99, 98]],

[ 88, 85, 0,[ 89, 87, 86, 90]],

[ 81, 45, 0,[ 79, 83, 80, 82]],

[ 79, 45, 0,[ 80, 78, 77, 81]],

[ 44, 55, 0,[ 42, 45, 43, 46]],

[ 24, 5, 0,[ 26, 23, 25, 22]],

[ 73, 75, 1,[ 75, 71, 72, 74]],

[ 2, 45, 1,[ 3, 1, 4, 0]],

[ 69, 15, 0,[ 70, 71, 68, 67]],

[ 29, 85, 0,[ 30, 28, 31, 27]],

[ 83, 35, 0,[ 84, 85, 81, 82]],

[ 64, 35, 0,[ 66, 62, 63, 65]],

[ 39, 85, 0,[ 41, 37, 38, 40]],

[ 78, 45, 0,[ 76, 77, 80, 79]],

[ 9, 95, 0,[ 11, 10, 7, 8]],

[ 72, 15, 0,[ 71, 70, 74, 73]],

[ 57, 55, 0,[ 58, 55, 56, 59]],

[ 19, 75, 0,[ 21, 20, 18, 17]],

[ 8, 65, 0,[ 6, 10, 9, 7]],

[ 70, 15, 0,[ 72, 69, 68, 71]],

[ 94, 75, 0,[ 95, 93, 92, 96]],

[ 84, 35, 0,[ 85, 86, 83, 82]],

[ 76, 95, 0,[ 74, 78, 77, 75]],

[ 63, 5, 1,[ 62, 64, 65, 61]],

[ 53, 55, 0,[ 51, 55, 54, 52]],

[ 48, 35, 0,[ 46, 49, 47, 50]],

[ 96, 75, 0,[ 97, 95, 94, 98]],

[ 62, 35, 0,[ 61, 64, 63, 60]],

[ 10, 45, 0,[ 9, 12, 11, 8]],

[ 7, 65, 0,[ 6, 8, 5, 9]],

[ 89, 85, 0,[ 90, 88, 87, 91]],

[ 99, 15, 0,[ 1, 0, 98, 97]],

