[ 93, 65, 0,[ 94, 91, 95, 92]],

[ 92, 65, 0,[ 94, 90, 93, 91]],

[ 72, 75, 0,[ 71, 70, 73, 74]],

[ 31, 95, 0,[ 29, 30, 32, 33]],

[ 44, 65, 0,[ 43, 42, 46, 45]],

[ 0, 65, 0,[ 2, 98, 1, 99]],

[ 98, 65, 0,[ 97, 96, 0, 99]],

[ 4, 65, 0,[ 5, 2, 3, 6]],

[ 83, 15, 0,[ 81, 85, 84, 82]],

[ 69, 75, 0,[ 71, 68, 67, 70]],

[ 38, 65, 0,[ 37, 36, 40, 39]],

[ 77, 75, 0,[ 75, 78, 76, 79]],

[ 17, 95, 0,[ 18, 16, 19, 15]],

[ 75, 75, 1,[ 77, 73, 74, 76]],

[ 12, 65, 0,[ 13, 14, 11, 10]],

[ 33, 95, 0,[ 31, 34, 35, 32]],

[ 32, 95, 0,[ 30, 31, 34, 33]],

[ 62, 45, 0,[ 60, 64, 61, 63]],

[ 53, 15, 0,[ 55, 51, 54, 52]],

[ 55, 15, 0,[ 53, 57, 54, 56]],

[ 96, 65, 0,[ 97, 98, 95, 94]],

[ 70, 75, 0,[ 68, 72, 69, 71]],

[ 73, 75, 0,[ 71, 74, 72, 75]],

[ 40, 65, 0,[ 39, 41, 38, 42]],

[ 50, 15, 0,[ 51, 48, 49, 52]],

[ 35, 65, 0,[ 34, 36, 37, 33]],

[ 64, 45, 1,[ 62, 63, 65, 66]],

[ 88, 65, 0,[ 90, 89, 87, 86]],

[ 2, 65, 0,[ 1, 4, 0, 3]],

[ 8, 65, 0,[ 6, 7, 10, 9]],

[ 27, 95, 0,[ 28, 29, 26, 25]],

[ 63, 45, 0,[ 61, 64, 62, 65]],

[ 46, 65, 0,[ 48, 47, 45, 44]],

[ 15, 65, 0,[ 17, 13, 14, 16]],

[ 51, 15, 0,[ 52, 50, 49, 53]],

[ 34, 25, 1,[ 35, 36, 32, 33]],

[ 20, 95, 0,[ 19, 22, 18, 21]],

[ 84, 15, 0,[ 86, 85, 83, 82]],

[ 97, 65, 0,[ 95, 96, 98, 99]],

[ 59, 15, 1,[ 58, 57, 61, 60]],

[ 78, 5, 1,[ 79, 80, 76, 77]],

[ 74, 75, 0,[ 72, 75, 76, 73]],

[ 30, 95, 0,[ 29, 31, 28, 32]],

[ 71, 75, 0,[ 69, 73, 72, 70]],

[ 1, 65, 0,[ 0, 3, 2, 99]],

[ 66, 55, 1,[ 64, 65, 68, 67]],

[ 54, 15, 0,[ 53, 56, 52, 55]],

[ 19, 95, 0,[ 20, 17, 21, 18]],

[ 90, 65, 0,[ 92, 88, 91, 89]],

[ 14, 65, 0,[ 16, 13, 12, 15]],

[ 13, 65, 0,[ 11, 15, 12, 14]],

[ 23, 95, 0,[ 21, 25, 24, 22]],

[ 3, 65, 0,[ 5, 1, 2, 4]],

[ 28, 95, 0,[ 30, 29, 26, 27]],

[ 61, 45, 0,[ 60, 59, 63, 62]],

[ 86, 65, 0,[ 88, 84, 87, 85]],

[ 9, 65, 0,[ 11, 8, 10, 7]],

[ 6, 65, 0,[ 5, 8, 4, 7]],

[ 89, 65, 0,[ 90, 91, 87, 88]],

[ 11, 65, 0,[ 13, 10, 9, 12]],

[ 10, 65, 0,[ 11, 9, 12, 8]],

[ 43, 65, 0,[ 41, 44, 42, 45]],

[ 57, 15, 0,[ 58, 56, 59, 55]],

[ 56, 15, 0,[ 55, 58, 57, 54]],

[ 7, 65, 0,[ 9, 6, 5, 8]],

[ 82, 15, 0,[ 83, 84, 81, 80]],

[ 37, 65, 0,[ 38, 36, 35, 39]],

[ 99, 65, 0,[ 1, 98, 0, 97]],

[ 24, 95, 0,[ 25, 22, 23, 26]],

[ 91, 65, 0,[ 90, 89, 92, 93]],

[ 49, 15, 0,[ 47, 48, 51, 50]],

[ 47, 85, 1,[ 48, 46, 49, 45]],

[ 58, 75, 1,[ 60, 59, 56, 57]],

[ 68, 75, 0,[ 66, 67, 69, 70]],

[ 36, 65, 0,[ 34, 35, 37, 38]],

[ 94, 65, 0,[ 92, 93, 96, 95]],

[ 22, 95, 0,[ 23, 24, 20, 21]],

[ 18, 95, 0,[ 17, 16, 20, 19]],

[ 5, 65, 0,[ 4, 3, 7, 6]],

[ 67, 75, 0,[ 66, 65, 69, 68]],

[ 65, 45, 0,[ 67, 63, 66, 64]],

[ 81, 15, 0,[ 80, 79, 83, 82]],

[ 95, 65, 0,[ 94, 97, 96, 93]],

[ 25, 95, 1,[ 23, 27, 24, 26]],

[ 79, 15, 0,[ 81, 77, 80, 78]],

[ 39, 65, 0,[ 40, 41, 37, 38]],

[ 42, 65, 0,[ 40, 43, 41, 44]],

[ 60, 45, 0,[ 59, 62, 61, 58]],

[ 29, 95, 0,[ 30, 27, 28, 31]],

[ 76, 75, 0,[ 75, 74, 78, 77]],

[ 52, 15, 0,[ 51, 50, 53, 54]],

[ 48, 15, 0,[ 47, 49, 50, 46]],

[ 41, 65, 0,[ 39, 42, 40, 43]],

[ 26, 95, 0,[ 28, 25, 24, 27]],

[ 21, 95, 0,[ 20, 22, 19, 23]],

[ 87, 65, 0,[ 89, 85, 88, 86]],

[ 85, 65, 0,[ 84, 83, 87, 86]],

[ 45, 65, 0,[ 44, 47, 46, 43]],

[ 16, 55, 1,[ 15, 14, 17, 18]],

[ 80, 15, 0,[ 82, 78, 79, 81]],

