[ 88, 55, 0,[ 86, 87, 89, 90]],

[ 76, 45, 0,[ 74, 78, 75, 77]],

[ 4, 75, 1,[ 3, 2, 5, 6]],

[ 68, 5, 0,[ 66, 70, 67, 69]],

[ 3, 55, 0,[ 5, 4, 2, 1]],

[ 52, 65, 0,[ 51, 54, 50, 53]],

[ 57, 65, 0,[ 58, 59, 56, 55]],

[ 56, 65, 0,[ 55, 57, 54, 58]],

[ 22, 85, 0,[ 20, 21, 24, 23]],

[ 34, 55, 0,[ 36, 32, 35, 33]],

[ 74, 45, 0,[ 72, 75, 73, 76]],

[ 50, 75, 1,[ 49, 48, 52, 51]],

[ 83, 15, 0,[ 82, 85, 84, 81]],

[ 31, 55, 0,[ 33, 32, 30, 29]],

[ 36, 55, 0,[ 37, 38, 35, 34]],

[ 93, 55, 0,[ 95, 92, 91, 94]],

[ 23, 85, 1,[ 22, 25, 21, 24]],

[ 32, 55, 0,[ 33, 30, 34, 31]],

[ 98, 55, 0,[ 99, 96, 0, 97]],

[ 90, 55, 0,[ 89, 88, 92, 91]],

[ 66, 5, 0,[ 67, 65, 68, 64]],

[ 0, 55, 1,[ 1, 2, 98, 99]],

[ 81, 65, 0,[ 80, 83, 79, 82]],

[ 33, 55, 0,[ 35, 34, 31, 32]],

[ 20, 85, 0,[ 21, 22, 19, 18]],

[ 47, 65, 0,[ 45, 46, 48, 49]],

[ 58, 65, 0,[ 57, 56, 60, 59]],

[ 39, 35, 1,[ 38, 37, 41, 40]],

[ 53, 65, 0,[ 55, 52, 54, 51]],

[ 26, 85, 0,[ 25, 27, 28, 24]],

[ 95, 55, 0,[ 93, 96, 94, 97]],

[ 59, 85, 1,[ 57, 60, 61, 58]],

[ 35, 55, 0,[ 36, 34, 33, 37]],

[ 60, 5, 0,[ 62, 59, 58, 61]],

[ 69, 5, 0,[ 70, 71, 68, 67]],

[ 79, 65, 0,[ 78, 80, 77, 81]],

[ 13, 25, 0,[ 11, 14, 15, 12]],

[ 86, 15, 0,[ 84, 85, 87, 88]],

[ 2, 55, 0,[ 0, 1, 4, 3]],

[ 78, 45, 0,[ 77, 80, 79, 76]],

[ 25, 85, 0,[ 24, 23, 27, 26]],

[ 10, 65, 0,[ 12, 8, 9, 11]],

[ 73, 5, 0,[ 74, 72, 75, 71]],

[ 63, 5, 0,[ 62, 64, 61, 65]],

[ 42, 85, 0,[ 43, 41, 40, 44]],

[ 75, 45, 0,[ 74, 76, 73, 77]],

[ 27, 85, 0,[ 25, 26, 28, 29]],

[ 12, 25, 0,[ 13, 11, 10, 14]],

[ 49, 65, 0,[ 47, 48, 51, 50]],

[ 82, 65, 0,[ 81, 83, 80, 84]],

[ 89, 55, 0,[ 90, 88, 91, 87]],

[ 7, 65, 0,[ 8, 9, 6, 5]],

[ 99, 55, 0,[ 97, 98, 0, 1]],

[ 67, 5, 0,[ 65, 66, 69, 68]],

[ 54, 65, 0,[ 55, 52, 56, 53]],

[ 46, 85, 0,[ 45, 48, 47, 44]],

[ 43, 85, 0,[ 44, 42, 45, 41]],

[ 28, 85, 0,[ 30, 29, 27, 26]],

[ 70, 5, 0,[ 69, 68, 72, 71]],

[ 21, 85, 0,[ 20, 22, 23, 19]],

[ 14, 25, 0,[ 13, 15, 12, 16]],

[ 62, 5, 0,[ 64, 60, 61, 63]],

[ 87, 15, 1,[ 88, 89, 85, 86]],

[ 96, 55, 0,[ 95, 94, 97, 98]],

[ 97, 55, 0,[ 99, 95, 96, 98]],

[ 6, 65, 0,[ 4, 8, 7, 5]],

[ 8, 65, 0,[ 10, 7, 6, 9]],

[ 77, 45, 1,[ 76, 78, 79, 75]],

[ 24, 85, 0,[ 25, 22, 23, 26]],

[ 92, 55, 0,[ 90, 94, 91, 93]],

[ 44, 85, 0,[ 46, 45, 42, 43]],

[ 19, 85, 0,[ 21, 20, 18, 17]],

[ 40, 25, 0,[ 42, 41, 39, 38]],

[ 29, 45, 1,[ 31, 30, 27, 28]],

[ 41, 85, 0,[ 39, 42, 40, 43]],

[ 55, 65, 0,[ 53, 56, 54, 57]],

[ 65, 5, 0,[ 66, 67, 64, 63]],

[ 16, 85, 0,[ 14, 17, 15, 18]],

[ 37, 55, 0,[ 35, 36, 39, 38]],

[ 91, 55, 0,[ 92, 93, 89, 90]],

[ 9, 65, 0,[ 11, 10, 8, 7]],

[ 61, 5, 0,[ 62, 59, 60, 63]],

[ 30, 55, 0,[ 29, 32, 28, 31]],

[ 72, 5, 0,[ 71, 73, 74, 70]],

[ 51, 65, 0,[ 53, 49, 52, 50]],

[ 71, 5, 0,[ 73, 72, 69, 70]],

[ 18, 85, 0,[ 16, 17, 19, 20]],

[ 80, 65, 0,[ 81, 78, 79, 82]],

[ 15, 25, 0,[ 14, 17, 16, 13]],

[ 48, 65, 0,[ 49, 47, 46, 50]],

[ 45, 85, 0,[ 43, 44, 46, 47]],

[ 5, 65, 0,[ 7, 6, 4, 3]],

[ 94, 95, 1,[ 92, 96, 95, 93]],

[ 85, 15, 0,[ 86, 83, 84, 87]],

[ 64, 5, 0,[ 62, 66, 63, 65]],

[ 1, 55, 0,[ 0, 99, 2, 3]],

[ 17, 85, 0,[ 18, 15, 19, 16]],

[ 84, 15, 0,[ 86, 82, 83, 85]],

[ 38, 25, 0,[ 36, 37, 39, 40]],

[ 11, 25, 0,[ 9, 13, 12, 10]],

