[ 29, 5, 0,[ 31, 27, 28, 30]],

[ 72, 15, 0,[ 71, 74, 70, 73]],

[ 10, 5, 0,[ 11, 12, 9, 8]],

[ 55, 15, 0,[ 57, 56, 54, 53]],

[ 53, 15, 0,[ 52, 55, 54, 51]],

[ 18, 5, 0,[ 16, 19, 17, 20]],

[ 94, 25, 0,[ 96, 93, 92, 95]],

[ 13, 5, 0,[ 14, 15, 12, 11]],

[ 42, 95, 0,[ 41, 40, 44, 43]],

[ 71, 15, 0,[ 73, 69, 70, 72]],

[ 48, 55, 0,[ 47, 46, 49, 50]],

[ 83, 15, 0,[ 84, 81, 85, 82]],

[ 56, 15, 0,[ 57, 58, 55, 54]],

[ 32, 45, 1,[ 30, 34, 33, 31]],

[ 4, 25, 0,[ 5, 3, 2, 6]],

[ 34, 95, 0,[ 32, 33, 36, 35]],

[ 0, 25, 0,[ 98, 1, 99, 2]],

[ 52, 15, 0,[ 53, 50, 54, 51]],

[ 54, 15, 0,[ 52, 53, 56, 55]],

[ 38, 95, 0,[ 37, 36, 40, 39]],

[ 3, 25, 1,[ 1, 2, 5, 4]],

[ 68, 15, 0,[ 69, 70, 67, 66]],

[ 11, 5, 0,[ 10, 9, 12, 13]],

[ 74, 15, 0,[ 73, 75, 76, 72]],

[ 46, 55, 0,[ 47, 44, 48, 45]],

[ 77, 15, 0,[ 75, 78, 76, 79]],

[ 35, 95, 0,[ 33, 34, 36, 37]],

[ 7, 25, 0,[ 8, 6, 9, 5]],

[ 8, 55, 1,[ 9, 10, 6, 7]],

[ 91, 25, 0,[ 89, 90, 92, 93]],

[ 95, 25, 0,[ 97, 96, 93, 94]],

[ 79, 15, 0,[ 77, 78, 81, 80]],

[ 60, 15, 0,[ 58, 62, 59, 61]],

[ 14, 5, 0,[ 12, 16, 13, 15]],

[ 22, 5, 0,[ 20, 23, 21, 24]],

[ 40, 95, 1,[ 38, 39, 41, 42]],

[ 97, 25, 0,[ 95, 98, 96, 99]],

[ 58, 15, 0,[ 59, 60, 56, 57]],

[ 81, 15, 0,[ 82, 83, 79, 80]],

[ 26, 5, 0,[ 27, 28, 24, 25]],

[ 44, 45, 1,[ 42, 45, 46, 43]],

[ 66, 15, 1,[ 67, 64, 68, 65]],

[ 69, 15, 0,[ 68, 70, 71, 67]],

[ 24, 5, 0,[ 22, 26, 25, 23]],

[ 25, 5, 0,[ 23, 26, 24, 27]],

[ 5, 25, 0,[ 4, 6, 7, 3]],

[ 98, 25, 0,[ 97, 0, 96, 99]],

[ 76, 15, 0,[ 77, 74, 78, 75]],

[ 78, 15, 0,[ 79, 77, 76, 80]],

[ 73, 15, 0,[ 72, 71, 74, 75]],

[ 31, 5, 0,[ 33, 32, 29, 30]],

[ 37, 95, 0,[ 36, 38, 39, 35]],

[ 89, 25, 0,[ 90, 87, 91, 88]],

[ 30, 5, 0,[ 31, 32, 28, 29]],

[ 93, 45, 1,[ 92, 95, 94, 91]],

[ 61, 15, 0,[ 60, 59, 63, 62]],

[ 6, 25, 0,[ 8, 7, 5, 4]],

[ 45, 55, 0,[ 44, 47, 46, 43]],

[ 17, 5, 0,[ 19, 18, 15, 16]],

[ 41, 95, 0,[ 39, 42, 40, 43]],

[ 59, 15, 0,[ 60, 57, 58, 61]],

[ 19, 5, 0,[ 20, 18, 21, 17]],

[ 27, 5, 1,[ 26, 28, 29, 25]],

[ 88, 25, 0,[ 90, 86, 87, 89]],

[ 21, 5, 0,[ 20, 23, 19, 22]],

[ 50, 15, 0,[ 52, 49, 48, 51]],

[ 82, 15, 0,[ 84, 80, 81, 83]],

[ 85, 15, 0,[ 84, 86, 83, 87]],

[ 49, 5, 1,[ 47, 48, 51, 50]],

[ 92, 25, 0,[ 93, 91, 94, 90]],

[ 65, 15, 0,[ 67, 63, 64, 66]],

[ 2, 25, 0,[ 0, 1, 3, 4]],

[ 16, 5, 0,[ 17, 18, 14, 15]],

[ 43, 95, 0,[ 44, 41, 45, 42]],

[ 1, 25, 0,[ 2, 99, 3, 0]],

[ 9, 5, 0,[ 7, 11, 10, 8]],

[ 62, 15, 0,[ 63, 60, 61, 64]],

[ 67, 15, 0,[ 65, 66, 68, 69]],

[ 99, 25, 0,[ 1, 98, 0, 97]],

[ 64, 15, 0,[ 63, 65, 62, 66]],

[ 96, 25, 0,[ 98, 97, 95, 94]],

[ 57, 15, 0,[ 56, 58, 59, 55]],

[ 36, 95, 0,[ 37, 35, 34, 38]],

[ 23, 5, 0,[ 22, 21, 25, 24]],

[ 20, 5, 0,[ 22, 18, 19, 21]],

[ 28, 5, 0,[ 29, 30, 27, 26]],

[ 15, 5, 0,[ 17, 16, 13, 14]],

[ 70, 15, 0,[ 71, 68, 72, 69]],

[ 51, 15, 0,[ 53, 49, 52, 50]],

[ 90, 25, 0,[ 92, 91, 89, 88]],

[ 12, 5, 0,[ 11, 14, 13, 10]],

[ 87, 55, 1,[ 85, 86, 88, 89]],

[ 39, 95, 0,[ 41, 40, 37, 38]],

[ 80, 15, 0,[ 79, 81, 82, 78]],

[ 86, 15, 0,[ 84, 88, 85, 87]],

[ 47, 55, 0,[ 46, 45, 49, 48]],

[ 63, 15, 0,[ 65, 61, 62, 64]],

[ 84, 15, 0,[ 85, 86, 83, 82]],

[ 75, 15, 0,[ 77, 76, 73, 74]],

[ 33, 95, 0,[ 35, 34, 31, 32]],

