[ 31, 75, 0,[ 29, 32, 30, 33]],

[ 61, 25, 0,[ 59, 60, 62, 63]],

[ 58, 25, 0,[ 60, 59, 56, 57]],

[ 74, 25, 0,[ 76, 72, 73, 75]],

[ 26, 75, 0,[ 27, 24, 25, 28]],

[ 25, 75, 0,[ 24, 26, 27, 23]],

[ 42, 15, 0,[ 44, 40, 41, 43]],

[ 49, 95, 0,[ 51, 48, 47, 50]],

[ 64, 25, 0,[ 63, 66, 65, 62]],

[ 91, 35, 0,[ 93, 89, 90, 92]],

[ 22, 75, 0,[ 24, 20, 23, 21]],

[ 18, 75, 0,[ 16, 20, 19, 17]],

[ 86, 35, 1,[ 85, 84, 87, 88]],

[ 63, 25, 0,[ 64, 62, 65, 61]],

[ 36, 15, 0,[ 37, 35, 38, 34]],

[ 67, 25, 0,[ 69, 66, 65, 68]],

[ 17, 75, 0,[ 18, 16, 15, 19]],

[ 89, 35, 0,[ 87, 91, 90, 88]],

[ 95, 95, 0,[ 93, 97, 96, 94]],

[ 55, 95, 0,[ 53, 54, 56, 57]],

[ 2, 75, 0,[ 4, 0, 3, 1]],

[ 79, 25, 0,[ 80, 78, 81, 77]],

[ 76, 25, 0,[ 77, 78, 74, 75]],

[ 5, 75, 0,[ 4, 7, 6, 3]],

[ 27, 75, 0,[ 28, 25, 26, 29]],

[ 82, 25, 0,[ 83, 84, 81, 80]],

[ 71, 25, 0,[ 72, 70, 69, 73]],

[ 65, 25, 0,[ 67, 66, 64, 63]],

[ 96, 95, 0,[ 98, 94, 97, 95]],

[ 9, 75, 0,[ 11, 7, 8, 10]],

[ 92, 75, 1,[ 94, 93, 91, 90]],

[ 24, 75, 1,[ 25, 23, 22, 26]],

[ 37, 15, 0,[ 39, 35, 36, 38]],

[ 15, 75, 0,[ 17, 16, 13, 14]],

[ 97, 95, 0,[ 98, 99, 96, 95]],

[ 32, 75, 0,[ 34, 30, 33, 31]],

[ 99, 95, 0,[ 0, 97, 98, 1]],

[ 16, 75, 0,[ 15, 18, 14, 17]],

[ 46, 15, 0,[ 44, 48, 45, 47]],

[ 98, 95, 0,[ 96, 99, 0, 97]],

[ 60, 25, 0,[ 61, 62, 58, 59]],

[ 19, 75, 0,[ 18, 17, 20, 21]],

[ 20, 65, 1,[ 22, 18, 19, 21]],

[ 35, 15, 0,[ 37, 33, 34, 36]],

[ 68, 25, 0,[ 70, 67, 66, 69]],

[ 41, 15, 0,[ 39, 42, 43, 40]],

[ 59, 25, 0,[ 60, 58, 61, 57]],

[ 73, 25, 0,[ 75, 74, 72, 71]],

[ 57, 95, 0,[ 56, 58, 55, 59]],

[ 66, 25, 0,[ 67, 65, 64, 68]],

[ 29, 75, 0,[ 28, 27, 30, 31]],

[ 0, 95, 0,[ 1, 99, 2, 98]],

[ 28, 75, 0,[ 26, 29, 27, 30]],

[ 94, 95, 0,[ 95, 96, 92, 93]],

[ 10, 75, 0,[ 9, 11, 12, 8]],

[ 51, 95, 0,[ 52, 53, 49, 50]],

[ 48, 15, 1,[ 46, 50, 47, 49]],

[ 43, 15, 0,[ 45, 42, 44, 41]],

[ 69, 25, 0,[ 70, 67, 68, 71]],

[ 53, 95, 0,[ 54, 55, 51, 52]],

[ 93, 95, 0,[ 91, 92, 94, 95]],

[ 45, 15, 0,[ 43, 47, 44, 46]],

[ 21, 75, 0,[ 20, 23, 22, 19]],

[ 13, 75, 0,[ 12, 14, 15, 11]],

[ 6, 75, 0,[ 4, 7, 8, 5]],

[ 87, 35, 0,[ 89, 88, 86, 85]],

[ 72, 25, 0,[ 70, 71, 73, 74]],

[ 54, 95, 0,[ 52, 55, 53, 56]],

[ 85, 35, 0,[ 83, 84, 86, 87]],

[ 39, 15, 0,[ 40, 41, 38, 37]],

[ 52, 95, 0,[ 51, 54, 50, 53]],

[ 88, 35, 0,[ 89, 86, 87, 90]],

[ 78, 25, 0,[ 77, 80, 79, 76]],

[ 44, 15, 0,[ 42, 45, 43, 46]],

[ 77, 25, 0,[ 79, 78, 75, 76]],

[ 70, 25, 0,[ 68, 72, 71, 69]],

[ 1, 65, 1,[ 2, 3, 99, 0]],

[ 47, 35, 1,[ 45, 48, 46, 49]],

[ 34, 15, 0,[ 33, 36, 35, 32]],

[ 3, 75, 0,[ 2, 5, 1, 4]],

[ 38, 15, 0,[ 40, 36, 37, 39]],

[ 84, 25, 0,[ 82, 86, 85, 83]],

[ 14, 75, 0,[ 16, 13, 12, 15]],

[ 50, 95, 0,[ 48, 49, 51, 52]],

[ 40, 15, 0,[ 39, 38, 42, 41]],

[ 83, 25, 0,[ 81, 84, 82, 85]],

[ 81, 25, 0,[ 79, 82, 83, 80]],

[ 7, 75, 0,[ 6, 5, 8, 9]],

[ 90, 35, 0,[ 91, 88, 92, 89]],

[ 33, 35, 1,[ 31, 34, 35, 32]],

[ 12, 75, 0,[ 11, 13, 14, 10]],

[ 4, 75, 0,[ 3, 2, 6, 5]],

[ 8, 75, 1,[ 9, 7, 10, 6]],

[ 11, 75, 0,[ 10, 12, 9, 13]],

[ 80, 25, 0,[ 79, 82, 81, 78]],

[ 62, 25, 0,[ 64, 61, 63, 60]],

[ 23, 75, 0,[ 25, 24, 21, 22]],

[ 30, 75, 0,[ 31, 32, 28, 29]],

[ 75, 25, 1,[ 76, 73, 77, 74]],

[ 56, 95, 0,[ 55, 58, 54, 57]],

