[ 91, 25, 0,[ 89, 93, 92, 90]],

[ 60, 65, 0,[ 61, 62, 58, 59]],

[ 6, 25, 1,[ 5, 7, 8, 4]],

[ 78, 35, 0,[ 79, 76, 80, 77]],

[ 72, 35, 0,[ 73, 70, 71, 74]],

[ 87, 35, 0,[ 86, 88, 89, 85]],

[ 20, 25, 1,[ 22, 19, 18, 21]],

[ 4, 25, 0,[ 5, 6, 2, 3]],

[ 29, 35, 0,[ 28, 31, 30, 27]],

[ 32, 35, 0,[ 30, 31, 34, 33]],

[ 3, 25, 0,[ 4, 1, 2, 5]],

[ 46, 75, 0,[ 48, 44, 45, 47]],

[ 26, 25, 0,[ 25, 27, 28, 24]],

[ 67, 5, 0,[ 69, 66, 68, 65]],

[ 56, 65, 0,[ 55, 57, 54, 58]],

[ 37, 35, 0,[ 35, 39, 36, 38]],

[ 61, 95, 1,[ 63, 59, 62, 60]],

[ 27, 25, 0,[ 25, 29, 28, 26]],

[ 92, 25, 0,[ 94, 91, 93, 90]],

[ 41, 75, 0,[ 40, 43, 39, 42]],

[ 88, 35, 0,[ 89, 90, 86, 87]],

[ 16, 25, 0,[ 15, 14, 17, 18]],

[ 63, 5, 0,[ 65, 64, 62, 61]],

[ 57, 65, 0,[ 59, 56, 55, 58]],

[ 12, 25, 0,[ 11, 10, 13, 14]],

[ 40, 75, 0,[ 39, 42, 41, 38]],

[ 43, 75, 0,[ 42, 44, 45, 41]],

[ 99, 25, 0,[ 1, 98, 0, 97]],

[ 31, 35, 0,[ 32, 29, 30, 33]],

[ 22, 25, 0,[ 23, 21, 24, 20]],

[ 51, 75, 0,[ 52, 49, 50, 53]],

[ 36, 35, 0,[ 34, 38, 37, 35]],

[ 7, 25, 0,[ 8, 9, 6, 5]],

[ 23, 25, 0,[ 25, 22, 21, 24]],

[ 25, 25, 0,[ 24, 26, 27, 23]],

[ 62, 5, 0,[ 64, 61, 63, 60]],

[ 52, 45, 1,[ 50, 54, 51, 53]],

[ 58, 65, 0,[ 59, 60, 56, 57]],

[ 9, 25, 0,[ 11, 7, 8, 10]],

[ 28, 25, 0,[ 30, 29, 26, 27]],

[ 64, 5, 1,[ 62, 65, 63, 66]],

[ 8, 25, 0,[ 9, 6, 10, 7]],

[ 0, 25, 0,[ 2, 1, 99, 98]],

[ 53, 65, 0,[ 51, 52, 55, 54]],

[ 45, 75, 0,[ 46, 43, 44, 47]],

[ 1, 25, 0,[ 3, 0, 99, 2]],

[ 35, 35, 0,[ 36, 34, 33, 37]],

[ 65, 5, 0,[ 64, 63, 67, 66]],

[ 14, 35, 1,[ 16, 12, 15, 13]],

[ 70, 35, 0,[ 69, 71, 68, 72]],

[ 68, 65, 1,[ 66, 69, 70, 67]],

[ 93, 25, 0,[ 94, 91, 92, 95]],

[ 73, 35, 0,[ 74, 72, 71, 75]],

[ 54, 65, 0,[ 53, 55, 52, 56]],

[ 81, 35, 0,[ 82, 83, 80, 79]],

[ 42, 75, 0,[ 43, 41, 40, 44]],

[ 76, 35, 0,[ 75, 78, 74, 77]],

[ 85, 35, 0,[ 84, 83, 86, 87]],

[ 33, 35, 0,[ 32, 31, 35, 34]],

[ 82, 35, 0,[ 84, 83, 81, 80]],

[ 48, 75, 0,[ 47, 46, 49, 50]],

[ 38, 35, 0,[ 37, 39, 40, 36]],

[ 75, 35, 0,[ 77, 73, 76, 74]],

[ 17, 25, 0,[ 16, 15, 18, 19]],

[ 80, 35, 0,[ 78, 79, 81, 82]],

[ 89, 85, 1,[ 88, 87, 90, 91]],

[ 84, 35, 0,[ 82, 85, 83, 86]],

[ 94, 25, 0,[ 96, 95, 93, 92]],

[ 98, 25, 0,[ 97, 0, 96, 99]],

[ 97, 25, 0,[ 98, 99, 96, 95]],

[ 47, 75, 1,[ 48, 49, 46, 45]],

[ 34, 35, 0,[ 32, 36, 35, 33]],

[ 19, 25, 0,[ 18, 17, 21, 20]],

[ 59, 65, 0,[ 57, 58, 60, 61]],

[ 69, 35, 0,[ 67, 68, 71, 70]],

[ 21, 25, 0,[ 23, 22, 20, 19]],

[ 18, 25, 0,[ 16, 20, 19, 17]],

[ 49, 75, 0,[ 51, 48, 47, 50]],

[ 10, 25, 0,[ 12, 9, 8, 11]],

[ 44, 75, 0,[ 46, 45, 43, 42]],

[ 77, 35, 0,[ 75, 79, 76, 78]],

[ 86, 35, 0,[ 84, 88, 87, 85]],

[ 13, 25, 0,[ 14, 15, 12, 11]],

[ 83, 35, 0,[ 81, 85, 82, 84]],

[ 11, 25, 0,[ 10, 9, 13, 12]],

[ 50, 75, 0,[ 49, 52, 51, 48]],

[ 24, 25, 0,[ 23, 26, 22, 25]],

[ 30, 35, 0,[ 31, 29, 32, 28]],

[ 90, 25, 0,[ 89, 88, 91, 92]],

[ 39, 35, 0,[ 40, 37, 41, 38]],

[ 96, 25, 0,[ 98, 94, 95, 97]],

[ 5, 25, 0,[ 7, 3, 4, 6]],

[ 95, 25, 0,[ 94, 93, 97, 96]],

[ 71, 35, 0,[ 72, 70, 73, 69]],

[ 79, 35, 0,[ 77, 80, 81, 78]],

[ 66, 5, 0,[ 64, 65, 68, 67]],

[ 15, 25, 0,[ 13, 14, 17, 16]],

[ 74, 35, 0,[ 76, 72, 73, 75]],

[ 55, 65, 1,[ 54, 53, 57, 56]],

[ 2, 25, 0,[ 4, 1, 0, 3]],

