[ 87, 75, 0,[ 86, 89, 85, 88]],

[ 41, 35, 1,[ 43, 39, 42, 40]],

[ 72, 15, 1,[ 71, 73, 74, 70]],

[ 10, 5, 1,[ 12, 11, 8, 9]],

[ 82, 85, 0,[ 80, 83, 84, 81]],

[ 9, 35, 0,[ 8, 11, 7, 10]],

[ 26, 95, 0,[ 24, 28, 25, 27]],

[ 22, 85, 1,[ 21, 23, 24, 20]],

[ 1, 25, 1,[ 99, 0, 3, 2]],

[ 90, 75, 0,[ 88, 92, 89, 91]],

[ 28, 85, 1,[ 29, 30, 27, 26]],

[ 30, 75, 1,[ 28, 29, 31, 32]],

[ 32, 75, 0,[ 33, 31, 30, 34]],

[ 84, 85, 0,[ 83, 85, 86, 82]],

[ 37, 65, 1,[ 35, 39, 38, 36]],

[ 97, 25, 1,[ 99, 95, 98, 96]],

[ 61, 35, 1,[ 62, 59, 63, 60]],

[ 78, 85, 1,[ 77, 80, 76, 79]],

[ 89, 75, 0,[ 88, 91, 90, 87]],

[ 81, 85, 0,[ 79, 82, 80, 83]],

[ 73, 85, 1,[ 72, 71, 74, 75]],

[ 27, 15, 0,[ 28, 26, 25, 29]],

[ 42, 5, 0,[ 44, 43, 40, 41]],

[ 94, 5, 1,[ 95, 93, 96, 92]],

[ 4, 95, 0,[ 5, 3, 6, 2]],

[ 55, 85, 0,[ 53, 54, 57, 56]],

[ 38, 45, 0,[ 36, 37, 39, 40]],

[ 21, 25, 1,[ 20, 22, 23, 19]],

[ 76, 15, 0,[ 78, 75, 77, 74]],

[ 33, 75, 0,[ 35, 34, 32, 31]],

[ 85, 85, 0,[ 84, 83, 86, 87]],

[ 95, 25, 0,[ 93, 97, 94, 96]],

[ 75, 15, 0,[ 76, 77, 74, 73]],

[ 52, 75, 0,[ 53, 54, 50, 51]],

[ 69, 35, 0,[ 71, 68, 67, 70]],

[ 18, 25, 0,[ 16, 17, 19, 20]],

[ 25, 35, 1,[ 27, 24, 23, 26]],

[ 93, 85, 1,[ 91, 94, 92, 95]],

[ 62, 35, 0,[ 63, 60, 61, 64]],

[ 86, 15, 1,[ 87, 88, 85, 84]],

[ 12, 5, 1,[ 11, 13, 14, 10]],

[ 14, 55, 1,[ 15, 16, 13, 12]],

[ 80, 85, 0,[ 78, 79, 82, 81]],

[ 2, 95, 1,[ 4, 3, 0, 1]],

[ 34, 5, 1,[ 36, 33, 32, 35]],

[ 60, 85, 1,[ 62, 59, 58, 61]],

[ 45, 25, 0,[ 47, 44, 46, 43]],

[ 91, 5, 1,[ 89, 93, 92, 90]],

[ 24, 95, 1,[ 25, 22, 23, 26]],

[ 31, 75, 0,[ 30, 33, 29, 32]],

[ 44, 75, 1,[ 45, 46, 43, 42]],

[ 7, 35, 1,[ 6, 5, 8, 9]],

[ 11, 35, 1,[ 9, 10, 13, 12]],

[ 20, 25, 0,[ 22, 18, 19, 21]],

[ 3, 95, 0,[ 4, 2, 1, 5]],

[ 47, 25, 0,[ 46, 48, 45, 49]],

[ 58, 95, 1,[ 60, 56, 59, 57]],

[ 29, 75, 0,[ 31, 30, 28, 27]],

[ 5, 95, 0,[ 6, 4, 3, 7]],

[ 74, 15, 0,[ 73, 76, 72, 75]],

[ 0, 45, 1,[ 98, 99, 1, 2]],

[ 59, 55, 1,[ 61, 60, 57, 58]],

[ 46, 25, 0,[ 44, 47, 48, 45]],

[ 77, 15, 0,[ 76, 79, 78, 75]],

[ 8, 25, 1,[ 6, 7, 9, 10]],

[ 51, 75, 0,[ 53, 52, 49, 50]],

[ 40, 25, 1,[ 41, 38, 39, 42]],

[ 35, 85, 1,[ 37, 34, 33, 36]],

[ 17, 25, 0,[ 15, 16, 19, 18]],

[ 63, 25, 1,[ 64, 65, 62, 61]],

[ 65, 35, 1,[ 67, 64, 63, 66]],

[ 83, 85, 0,[ 81, 84, 85, 82]],

[ 99, 5, 1,[ 97, 98, 1, 0]],

[ 50, 75, 0,[ 51, 49, 48, 52]],

[ 54, 15, 1,[ 55, 52, 56, 53]],

[ 39, 5, 1,[ 40, 38, 41, 37]],

[ 70, 15, 1,[ 68, 69, 71, 72]],

[ 23, 75, 0,[ 21, 25, 22, 24]],

[ 36, 15, 0,[ 35, 38, 37, 34]],

[ 96, 45, 1,[ 98, 95, 94, 97]],

[ 48, 25, 0,[ 49, 47, 50, 46]],

[ 16, 25, 1,[ 15, 14, 18, 17]],

[ 15, 25, 0,[ 16, 13, 17, 14]],

[ 57, 35, 1,[ 56, 58, 59, 55]],

[ 66, 25, 0,[ 65, 68, 64, 67]],

[ 64, 25, 0,[ 62, 66, 65, 63]],

[ 67, 35, 0,[ 65, 68, 69, 66]],

[ 56, 25, 0,[ 58, 57, 54, 55]],

[ 53, 75, 1,[ 55, 52, 54, 51]],

[ 43, 5, 0,[ 44, 41, 45, 42]],

[ 13, 25, 1,[ 14, 11, 15, 12]],

[ 92, 5, 0,[ 90, 94, 93, 91]],

[ 88, 75, 1,[ 90, 86, 89, 87]],

[ 71, 45, 1,[ 70, 73, 69, 72]],

[ 98, 45, 1,[ 0, 99, 97, 96]],

[ 19, 25, 0,[ 17, 20, 21, 18]],

[ 68, 25, 0,[ 67, 69, 66, 70]],

[ 49, 45, 1,[ 47, 51, 48, 50]],

[ 79, 25, 1,[ 80, 78, 81, 77]],

[ 6, 95, 1,[ 7, 4, 5, 8]],

