[ 46, 35, 1,[ 45, 48, 44, 47]],

[ 99, 55, 0,[ 1, 0, 98, 97]],

[ 90, 35, 0,[ 89, 91, 92, 88]],

[ 0, 55, 0,[ 99, 98, 1, 2]],

[ 79, 95, 0,[ 78, 77, 81, 80]],

[ 61, 45, 1,[ 63, 59, 60, 62]],

[ 11, 55, 1,[ 10, 9, 13, 12]],

[ 50, 85, 0,[ 49, 51, 52, 48]],

[ 88, 85, 1,[ 89, 90, 86, 87]],

[ 91, 35, 0,[ 93, 92, 89, 90]],

[ 18, 5, 1,[ 20, 16, 19, 17]],

[ 39, 15, 1,[ 41, 38, 37, 40]],

[ 52, 45, 1,[ 53, 50, 51, 54]],

[ 94, 35, 0,[ 95, 92, 93, 96]],

[ 72, 75, 1,[ 71, 70, 73, 74]],

[ 41, 35, 0,[ 43, 40, 42, 39]],

[ 28, 25, 1,[ 29, 30, 27, 26]],

[ 59, 15, 1,[ 58, 57, 60, 61]],

[ 58, 85, 1,[ 60, 59, 57, 56]],

[ 6, 55, 1,[ 5, 8, 4, 7]],

[ 65, 5, 1,[ 64, 66, 67, 63]],

[ 69, 95, 0,[ 67, 68, 71, 70]],

[ 33, 65, 1,[ 34, 31, 32, 35]],

[ 22, 5, 0,[ 24, 21, 20, 23]],

[ 26, 55, 0,[ 27, 25, 24, 28]],

[ 56, 65, 1,[ 57, 55, 54, 58]],

[ 15, 75, 1,[ 14, 13, 17, 16]],

[ 5, 55, 0,[ 3, 4, 6, 7]],

[ 40, 15, 0,[ 41, 39, 42, 38]],

[ 73, 35, 0,[ 75, 71, 72, 74]],

[ 10, 55, 0,[ 9, 11, 8, 12]],

[ 7, 55, 0,[ 6, 5, 8, 9]],

[ 3, 35, 0,[ 2, 4, 5, 1]],

[ 75, 15, 1,[ 74, 77, 76, 73]],

[ 70, 55, 1,[ 69, 72, 68, 71]],

[ 84, 85, 0,[ 86, 82, 83, 85]],

[ 12, 75, 1,[ 14, 11, 10, 13]],

[ 66, 95, 0,[ 68, 64, 65, 67]],

[ 48, 85, 1,[ 46, 47, 50, 49]],

[ 36, 65, 1,[ 38, 35, 34, 37]],

[ 71, 95, 0,[ 72, 69, 73, 70]],

[ 45, 35, 0,[ 47, 43, 44, 46]],

[ 64, 95, 1,[ 65, 63, 62, 66]],

[ 1, 35, 0,[ 99, 2, 3, 0]],

[ 89, 65, 1,[ 91, 87, 90, 88]],

[ 9, 55, 0,[ 7, 10, 11, 8]],

[ 57, 55, 0,[ 56, 58, 59, 55]],

[ 83, 25, 1,[ 81, 84, 85, 82]],

[ 86, 85, 0,[ 85, 84, 87, 88]],

[ 51, 95, 0,[ 53, 50, 49, 52]],

[ 8, 15, 1,[ 10, 6, 7, 9]],

[ 29, 95, 1,[ 28, 31, 30, 27]],

[ 92, 35, 0,[ 93, 91, 90, 94]],

[ 44, 35, 0,[ 43, 45, 42, 46]],

[ 98, 55, 0,[ 99, 0, 96, 97]],

[ 80, 5, 1,[ 78, 81, 79, 82]],

[ 35, 65, 0,[ 36, 33, 34, 37]],

[ 34, 65, 0,[ 33, 36, 35, 32]],

[ 62, 75, 1,[ 61, 60, 64, 63]],

[ 42, 35, 1,[ 44, 40, 43, 41]],

[ 27, 55, 0,[ 25, 26, 28, 29]],

[ 4, 55, 0,[ 5, 6, 2, 3]],

[ 81, 55, 0,[ 83, 79, 82, 80]],

[ 54, 95, 0,[ 53, 55, 56, 52]],

[ 13, 75, 0,[ 14, 12, 11, 15]],

[ 63, 45, 0,[ 65, 64, 61, 62]],

[ 49, 85, 1,[ 51, 48, 50, 47]],

[ 77, 85, 0,[ 79, 78, 76, 75]],

[ 14, 75, 1,[ 12, 13, 16, 15]],

[ 67, 5, 1,[ 68, 65, 66, 69]],

[ 31, 85, 1,[ 33, 32, 30, 29]],

[ 37, 5, 1,[ 39, 38, 35, 36]],

[ 2, 35, 1,[ 1, 4, 3, 0]],

[ 53, 95, 1,[ 55, 52, 51, 54]],

[ 17, 55, 1,[ 19, 15, 16, 18]],

[ 96, 35, 1,[ 95, 94, 98, 97]],

[ 97, 85, 1,[ 98, 95, 96, 99]],

[ 24, 55, 0,[ 22, 23, 26, 25]],

[ 19, 5, 0,[ 18, 20, 17, 21]],

[ 47, 45, 1,[ 49, 45, 48, 46]],

[ 32, 75, 1,[ 33, 34, 31, 30]],

[ 68, 95, 1,[ 66, 70, 67, 69]],

[ 85, 85, 0,[ 87, 86, 84, 83]],

[ 25, 55, 1,[ 24, 26, 27, 23]],

[ 93, 35, 0,[ 91, 92, 95, 94]],

[ 43, 35, 1,[ 44, 41, 45, 42]],

[ 23, 65, 1,[ 24, 22, 25, 21]],

[ 87, 85, 0,[ 86, 85, 89, 88]],

[ 16, 75, 0,[ 15, 17, 14, 18]],

[ 78, 45, 1,[ 80, 79, 76, 77]],

[ 38, 15, 0,[ 39, 40, 36, 37]],

[ 95, 35, 0,[ 97, 96, 93, 94]],

[ 20, 5, 0,[ 19, 18, 22, 21]],

[ 60, 75, 1,[ 58, 61, 59, 62]],

[ 74, 25, 0,[ 72, 76, 75, 73]],

[ 82, 45, 1,[ 83, 84, 80, 81]],

[ 30, 25, 0,[ 28, 31, 29, 32]],

[ 21, 35, 1,[ 23, 22, 19, 20]],

[ 55, 95, 1,[ 57, 56, 53, 54]],

[ 76, 55, 0,[ 77, 74, 78, 75]],

