[ 23, 45, 0,[ 25, 21, 22, 24]],

[ 20, 55, 1,[ 22, 18, 21, 19]],

[ 14, 95, 0,[ 13, 15, 16, 12]],

[ 37, 85, 1,[ 35, 38, 36, 39]],

[ 82, 55, 0,[ 81, 83, 80, 84]],

[ 77, 25, 1,[ 75, 79, 76, 78]],

[ 52, 15, 1,[ 53, 54, 51, 50]],

[ 85, 45, 0,[ 87, 83, 86, 84]],

[ 75, 35, 0,[ 76, 77, 74, 73]],

[ 22, 55, 1,[ 23, 24, 20, 21]],

[ 63, 75, 1,[ 62, 64, 61, 65]],

[ 74, 55, 1,[ 73, 76, 72, 75]],

[ 39, 15, 0,[ 37, 38, 41, 40]],

[ 99, 35, 0,[ 0, 98, 1, 97]],

[ 95, 95, 1,[ 94, 97, 93, 96]],

[ 4, 25, 0,[ 2, 5, 3, 6]],

[ 21, 45, 1,[ 20, 19, 22, 23]],

[ 92, 55, 1,[ 91, 90, 93, 94]],

[ 93, 55, 0,[ 94, 92, 95, 91]],

[ 91, 45, 1,[ 93, 90, 89, 92]],

[ 26, 85, 1,[ 28, 27, 24, 25]],

[ 38, 25, 0,[ 40, 37, 39, 36]],

[ 31, 75, 0,[ 33, 30, 32, 29]],

[ 8, 75, 0,[ 7, 10, 6, 9]],

[ 61, 45, 0,[ 60, 62, 63, 59]],

[ 13, 15, 1,[ 14, 11, 12, 15]],

[ 28, 15, 0,[ 27, 26, 30, 29]],

[ 32, 75, 1,[ 33, 30, 34, 31]],

[ 70, 15, 0,[ 68, 71, 72, 69]],

[ 3, 15, 0,[ 1, 4, 2, 5]],

[ 41, 45, 0,[ 40, 42, 39, 43]],

[ 90, 65, 1,[ 89, 91, 88, 92]],

[ 46, 65, 0,[ 48, 44, 45, 47]],

[ 86, 45, 1,[ 87, 85, 88, 84]],

[ 54, 15, 1,[ 53, 55, 52, 56]],

[ 16, 95, 0,[ 17, 14, 15, 18]],

[ 78, 25, 1,[ 77, 76, 80, 79]],

[ 58, 25, 0,[ 57, 60, 59, 56]],

[ 17, 5, 1,[ 19, 16, 15, 18]],

[ 62, 5, 0,[ 61, 60, 63, 64]],

[ 43, 95, 0,[ 44, 45, 41, 42]],

[ 11, 65, 1,[ 13, 9, 10, 12]],

[ 35, 45, 1,[ 37, 33, 34, 36]],

[ 36, 65, 1,[ 37, 38, 34, 35]],

[ 45, 35, 1,[ 44, 47, 43, 46]],

[ 6, 25, 0,[ 4, 5, 8, 7]],

[ 2, 65, 0,[ 0, 1, 4, 3]],

[ 19, 5, 0,[ 17, 20, 18, 21]],

[ 87, 45, 0,[ 85, 89, 86, 88]],

[ 50, 95, 0,[ 51, 48, 52, 49]],

[ 5, 15, 1,[ 7, 3, 6, 4]],

[ 30, 55, 1,[ 29, 32, 31, 28]],

[ 7, 15, 1,[ 9, 8, 5, 6]],

[ 97, 35, 0,[ 98, 99, 96, 95]],

[ 0, 5, 1,[ 1, 2, 99, 98]],

[ 80, 55, 0,[ 81, 78, 79, 82]],

[ 33, 75, 0,[ 31, 35, 34, 32]],

[ 42, 85, 1,[ 44, 43, 41, 40]],

[ 83, 55, 0,[ 84, 81, 82, 85]],

[ 44, 65, 0,[ 46, 42, 45, 43]],

[ 49, 95, 0,[ 51, 50, 48, 47]],

[ 9, 75, 1,[ 7, 10, 11, 8]],

[ 12, 95, 1,[ 14, 11, 13, 10]],

[ 27, 65, 0,[ 29, 26, 25, 28]],

[ 96, 35, 0,[ 95, 97, 98, 94]],

[ 66, 75, 1,[ 64, 67, 65, 68]],

[ 29, 95, 1,[ 31, 27, 28, 30]],

[ 73, 35, 1,[ 74, 72, 75, 71]],

[ 48, 95, 1,[ 46, 47, 49, 50]],

[ 84, 65, 1,[ 82, 86, 83, 85]],

[ 69, 5, 1,[ 68, 71, 70, 67]],

[ 88, 45, 0,[ 90, 89, 86, 87]],

[ 71, 75, 1,[ 72, 70, 69, 73]],

[ 59, 35, 1,[ 57, 58, 60, 61]],

[ 15, 95, 0,[ 13, 14, 17, 16]],

[ 56, 35, 1,[ 55, 57, 58, 54]],

[ 34, 75, 0,[ 35, 36, 33, 32]],

[ 79, 75, 1,[ 81, 77, 78, 80]],

[ 76, 55, 1,[ 78, 74, 77, 75]],

[ 64, 95, 1,[ 66, 62, 65, 63]],

[ 51, 95, 1,[ 53, 49, 52, 50]],

[ 65, 75, 1,[ 64, 66, 63, 67]],

[ 55, 15, 0,[ 53, 57, 56, 54]],

[ 68, 85, 0,[ 69, 66, 70, 67]],

[ 72, 95, 1,[ 71, 73, 70, 74]],

[ 47, 95, 0,[ 46, 49, 48, 45]],

[ 24, 35, 0,[ 22, 26, 25, 23]],

[ 98, 35, 0,[ 96, 99, 97, 0]],

[ 60, 25, 1,[ 58, 59, 61, 62]],

[ 53, 15, 0,[ 55, 52, 54, 51]],

[ 40, 55, 0,[ 42, 41, 39, 38]],

[ 57, 75, 1,[ 56, 58, 59, 55]],

[ 81, 55, 0,[ 82, 80, 83, 79]],

[ 18, 95, 0,[ 17, 20, 16, 19]],

[ 67, 85, 0,[ 69, 65, 68, 66]],

[ 94, 55, 1,[ 95, 96, 93, 92]],

[ 89, 5, 1,[ 91, 90, 88, 87]],

[ 1, 35, 0,[ 2, 3, 99, 0]],

[ 25, 75, 0,[ 27, 26, 23, 24]],

[ 10, 75, 1,[ 9, 11, 12, 8]],

