[ 71, 85, 0,[ 69, 73, 72, 70]],

[ 19, 45, 0,[ 21, 18, 20, 17]],

[ 5, 95, 0,[ 7, 6, 4, 3]],

[ 73, 85, 0,[ 74, 75, 72, 71]],

[ 88, 35, 0,[ 87, 86, 90, 89]],

[ 62, 55, 0,[ 61, 63, 64, 60]],

[ 65, 85, 0,[ 64, 66, 67, 63]],

[ 28, 95, 0,[ 27, 26, 30, 29]],

[ 54, 55, 0,[ 56, 55, 53, 52]],

[ 67, 85, 0,[ 65, 66, 69, 68]],

[ 69, 85, 0,[ 68, 71, 70, 67]],

[ 95, 35, 0,[ 97, 96, 93, 94]],

[ 11, 25, 0,[ 9, 10, 12, 13]],

[ 87, 35, 0,[ 85, 86, 89, 88]],

[ 38, 95, 0,[ 39, 40, 37, 36]],

[ 77, 25, 1,[ 76, 75, 78, 79]],

[ 51, 65, 0,[ 53, 52, 50, 49]],

[ 41, 45, 0,[ 43, 40, 39, 42]],

[ 43, 95, 1,[ 45, 42, 41, 44]],

[ 72, 85, 0,[ 71, 70, 74, 73]],

[ 9, 5, 0,[ 7, 10, 11, 8]],

[ 13, 25, 0,[ 14, 15, 11, 12]],

[ 8, 5, 0,[ 6, 7, 9, 10]],

[ 7, 5, 0,[ 5, 8, 9, 6]],

[ 27, 95, 0,[ 25, 28, 26, 29]],

[ 35, 95, 0,[ 34, 37, 36, 33]],

[ 36, 95, 0,[ 37, 35, 38, 34]],

[ 1, 95, 0,[ 2, 0, 3, 99]],

[ 92, 35, 0,[ 90, 91, 94, 93]],

[ 81, 5, 0,[ 82, 83, 80, 79]],

[ 76, 25, 0,[ 74, 77, 75, 78]],

[ 18, 45, 1,[ 17, 20, 19, 16]],

[ 31, 95, 0,[ 33, 29, 32, 30]],

[ 14, 25, 0,[ 15, 13, 12, 16]],

[ 86, 35, 0,[ 85, 84, 88, 87]],

[ 6, 5, 0,[ 7, 5, 8, 4]],

[ 68, 5, 1,[ 67, 69, 66, 70]],

[ 4, 95, 0,[ 2, 3, 6, 5]],

[ 32, 95, 0,[ 30, 34, 33, 31]],

[ 52, 65, 0,[ 53, 51, 50, 54]],

[ 46, 85, 0,[ 48, 45, 44, 47]],

[ 20, 45, 0,[ 22, 18, 21, 19]],

[ 33, 95, 1,[ 35, 32, 34, 31]],

[ 26, 95, 0,[ 28, 27, 25, 24]],

[ 60, 55, 0,[ 58, 62, 61, 59]],

[ 30, 95, 0,[ 28, 32, 31, 29]],

[ 12, 25, 0,[ 14, 11, 10, 13]],

[ 44, 85, 0,[ 45, 43, 42, 46]],

[ 80, 35, 1,[ 79, 78, 82, 81]],

[ 70, 85, 0,[ 69, 68, 72, 71]],

[ 53, 65, 0,[ 54, 55, 51, 52]],

[ 2, 95, 0,[ 0, 1, 3, 4]],

[ 61, 55, 0,[ 59, 60, 62, 63]],

[ 10, 5, 0,[ 8, 11, 12, 9]],

[ 91, 35, 0,[ 89, 93, 90, 92]],

[ 90, 35, 0,[ 92, 91, 88, 89]],

[ 50, 65, 0,[ 48, 52, 49, 51]],

[ 57, 55, 0,[ 59, 58, 56, 55]],

[ 64, 15, 1,[ 62, 63, 66, 65]],

[ 40, 35, 0,[ 39, 38, 41, 42]],

[ 74, 25, 0,[ 75, 73, 72, 76]],

[ 78, 25, 0,[ 80, 79, 77, 76]],

[ 83, 5, 0,[ 82, 81, 85, 84]],

[ 45, 85, 0,[ 47, 43, 44, 46]],

[ 23, 75, 0,[ 22, 24, 25, 21]],

[ 82, 5, 0,[ 80, 83, 81, 84]],

[ 47, 25, 1,[ 48, 49, 45, 46]],

[ 94, 35, 0,[ 95, 96, 93, 92]],

[ 66, 85, 0,[ 67, 64, 68, 65]],

[ 59, 55, 0,[ 57, 58, 61, 60]],

[ 17, 45, 0,[ 18, 19, 15, 16]],

[ 0, 95, 0,[ 2, 99, 98, 1]],

[ 25, 75, 0,[ 26, 27, 24, 23]],

[ 79, 25, 0,[ 81, 80, 77, 78]],

[ 96, 95, 0,[ 94, 98, 97, 95]],

[ 98, 95, 0,[ 0, 97, 99, 96]],

[ 93, 35, 0,[ 95, 91, 92, 94]],

[ 75, 25, 0,[ 74, 76, 77, 73]],

[ 21, 75, 0,[ 20, 22, 19, 23]],

[ 48, 65, 0,[ 46, 50, 49, 47]],

[ 84, 35, 0,[ 82, 83, 85, 86]],

[ 24, 5, 0,[ 26, 23, 22, 25]],

[ 34, 95, 0,[ 35, 36, 32, 33]],

[ 16, 35, 1,[ 17, 15, 18, 14]],

[ 15, 25, 0,[ 14, 16, 17, 13]],

[ 37, 95, 0,[ 38, 35, 36, 39]],

[ 85, 35, 0,[ 84, 83, 87, 86]],

[ 89, 35, 0,[ 91, 90, 88, 87]],

[ 99, 95, 0,[ 0, 97, 98, 1]],

[ 29, 95, 0,[ 28, 27, 31, 30]],

[ 22, 5, 0,[ 23, 24, 20, 21]],

[ 97, 95, 0,[ 96, 99, 95, 98]],

[ 42, 15, 0,[ 44, 43, 41, 40]],

[ 58, 55, 0,[ 56, 59, 60, 57]],

[ 49, 65, 0,[ 50, 51, 48, 47]],

[ 55, 55, 0,[ 57, 56, 53, 54]],

[ 56, 55, 0,[ 55, 54, 57, 58]],

[ 63, 55, 0,[ 61, 62, 64, 65]],

[ 39, 25, 1,[ 41, 38, 37, 40]],

[ 3, 95, 0,[ 5, 1, 4, 2]],

