[ 18, 95, 0,[ 19, 20, 17, 16]],

[ 27, 5, 1,[ 25, 29, 26, 28]],

[ 46, 5, 0,[ 48, 44, 45, 47]],

[ 30, 75, 0,[ 31, 28, 32, 29]],

[ 2, 35, 0,[ 0, 4, 3, 1]],

[ 42, 85, 1,[ 43, 41, 40, 44]],

[ 15, 15, 0,[ 17, 13, 16, 14]],

[ 37, 75, 0,[ 39, 36, 38, 35]],

[ 38, 75, 0,[ 37, 40, 36, 39]],

[ 39, 75, 0,[ 41, 38, 40, 37]],

[ 70, 55, 0,[ 71, 72, 68, 69]],

[ 89, 35, 1,[ 88, 91, 90, 87]],

[ 7, 85, 0,[ 6, 8, 5, 9]],

[ 45, 5, 0,[ 47, 43, 46, 44]],

[ 16, 95, 0,[ 18, 17, 14, 15]],

[ 74, 15, 0,[ 73, 75, 72, 76]],

[ 24, 95, 0,[ 22, 26, 25, 23]],

[ 21, 95, 0,[ 19, 20, 23, 22]],

[ 52, 25, 0,[ 53, 50, 54, 51]],

[ 81, 55, 0,[ 83, 80, 82, 79]],

[ 96, 5, 0,[ 94, 97, 98, 95]],

[ 36, 75, 0,[ 35, 38, 37, 34]],

[ 11, 15, 0,[ 13, 10, 12, 9]],

[ 93, 75, 0,[ 91, 95, 92, 94]],

[ 71, 55, 0,[ 69, 73, 70, 72]],

[ 91, 75, 0,[ 93, 89, 92, 90]],

[ 76, 15, 0,[ 74, 78, 75, 77]],

[ 83, 55, 0,[ 81, 82, 85, 84]],

[ 29, 5, 0,[ 28, 27, 30, 31]],

[ 40, 75, 0,[ 42, 39, 41, 38]],

[ 48, 5, 0,[ 46, 49, 47, 50]],

[ 14, 15, 0,[ 13, 16, 12, 15]],

[ 95, 5, 0,[ 94, 93, 97, 96]],

[ 87, 85, 1,[ 88, 89, 85, 86]],

[ 35, 75, 0,[ 33, 34, 36, 37]],

[ 6, 35, 1,[ 7, 4, 5, 8]],

[ 68, 55, 0,[ 67, 70, 66, 69]],

[ 9, 85, 0,[ 7, 10, 11, 8]],

[ 31, 75, 0,[ 29, 33, 30, 32]],

[ 50, 25, 0,[ 49, 48, 52, 51]],

[ 69, 55, 0,[ 67, 71, 68, 70]],

[ 86, 85, 0,[ 85, 88, 84, 87]],

[ 12, 15, 0,[ 10, 14, 13, 11]],

[ 88, 85, 0,[ 87, 90, 89, 86]],

[ 94, 5, 0,[ 96, 92, 93, 95]],

[ 55, 85, 1,[ 56, 53, 57, 54]],

[ 77, 75, 1,[ 76, 78, 79, 75]],

[ 60, 45, 0,[ 58, 61, 59, 62]],

[ 49, 5, 0,[ 50, 51, 48, 47]],

[ 5, 35, 0,[ 3, 4, 6, 7]],

[ 75, 15, 0,[ 73, 74, 77, 76]],

[ 25, 95, 0,[ 24, 26, 23, 27]],

[ 43, 35, 0,[ 42, 44, 41, 45]],

[ 23, 95, 0,[ 22, 25, 21, 24]],

[ 73, 15, 0,[ 74, 72, 75, 71]],

[ 90, 75, 0,[ 91, 88, 92, 89]],

[ 58, 55, 0,[ 60, 56, 59, 57]],

[ 13, 15, 0,[ 15, 11, 12, 14]],

[ 84, 55, 0,[ 86, 85, 82, 83]],

[ 8, 85, 1,[ 10, 6, 9, 7]],

[ 56, 55, 0,[ 57, 55, 58, 54]],

[ 47, 5, 0,[ 49, 45, 48, 46]],

[ 92, 75, 0,[ 94, 93, 91, 90]],

[ 4, 35, 0,[ 3, 2, 6, 5]],

[ 78, 15, 0,[ 76, 79, 80, 77]],

[ 51, 25, 0,[ 53, 50, 49, 52]],

[ 59, 55, 0,[ 61, 58, 60, 57]],

[ 98, 25, 0,[ 96, 0, 99, 97]],

[ 80, 55, 0,[ 82, 79, 78, 81]],

[ 79, 55, 0,[ 80, 81, 78, 77]],

[ 57, 55, 0,[ 59, 56, 55, 58]],

[ 1, 25, 0,[ 3, 99, 2, 0]],

[ 54, 25, 0,[ 56, 52, 53, 55]],

[ 63, 25, 0,[ 62, 64, 61, 65]],

[ 64, 25, 0,[ 63, 65, 62, 66]],

[ 0, 25, 0,[ 1, 2, 99, 98]],

[ 53, 25, 0,[ 51, 55, 54, 52]],

[ 67, 55, 0,[ 69, 66, 68, 65]],

[ 97, 5, 0,[ 95, 96, 98, 99]],

[ 34, 75, 0,[ 33, 35, 32, 36]],

[ 33, 75, 0,[ 35, 32, 34, 31]],

[ 61, 45, 0,[ 60, 59, 62, 63]],

[ 44, 15, 1,[ 43, 45, 46, 42]],

[ 19, 95, 0,[ 20, 18, 21, 17]],

[ 26, 95, 0,[ 28, 24, 25, 27]],

[ 66, 55, 0,[ 64, 68, 67, 65]],

[ 17, 95, 0,[ 18, 16, 15, 19]],

[ 82, 55, 0,[ 80, 81, 84, 83]],

[ 28, 5, 0,[ 30, 26, 27, 29]],

[ 99, 25, 0,[ 0, 97, 98, 1]],

[ 10, 85, 0,[ 12, 9, 11, 8]],

[ 3, 35, 0,[ 2, 4, 5, 1]],

[ 72, 95, 1,[ 73, 70, 74, 71]],

[ 65, 25, 0,[ 66, 67, 63, 64]],

[ 41, 75, 0,[ 40, 43, 42, 39]],

[ 22, 95, 0,[ 20, 21, 24, 23]],

[ 85, 55, 0,[ 83, 87, 84, 86]],

[ 62, 25, 0,[ 64, 60, 61, 63]],

[ 32, 75, 0,[ 33, 34, 31, 30]],

[ 20, 95, 0,[ 18, 19, 22, 21]],

