[ 86, 75, 0,[ 87, 88, 84, 85]],

[ 87, 75, 0,[ 88, 85, 89, 86]],

[ 79, 45, 1,[ 80, 77, 78, 81]],

[ 95, 75, 0,[ 93, 96, 94, 97]],

[ 29, 85, 0,[ 30, 28, 27, 31]],

[ 1, 25, 1,[ 99, 2, 0, 3]],

[ 77, 55, 0,[ 78, 75, 76, 79]],

[ 15, 25, 0,[ 17, 13, 14, 16]],

[ 42, 55, 0,[ 43, 41, 40, 44]],

[ 0, 85, 1,[ 98, 1, 99, 2]],

[ 47, 95, 0,[ 45, 46, 48, 49]],

[ 49, 75, 1,[ 48, 51, 50, 47]],

[ 75, 55, 1,[ 76, 73, 74, 77]],

[ 36, 55, 0,[ 37, 38, 34, 35]],

[ 65, 25, 0,[ 64, 63, 66, 67]],

[ 44, 55, 1,[ 42, 45, 43, 46]],

[ 67, 25, 1,[ 68, 66, 69, 65]],

[ 5, 35, 0,[ 7, 6, 4, 3]],

[ 64, 25, 0,[ 62, 63, 65, 66]],

[ 23, 25, 1,[ 24, 21, 22, 25]],

[ 45, 85, 1,[ 44, 47, 46, 43]],

[ 25, 85, 0,[ 26, 27, 24, 23]],

[ 26, 85, 1,[ 27, 25, 28, 24]],

[ 72, 55, 1,[ 70, 73, 71, 74]],

[ 71, 75, 1,[ 70, 72, 69, 73]],

[ 33, 35, 0,[ 32, 31, 34, 35]],

[ 32, 85, 0,[ 33, 30, 34, 31]],

[ 20, 5, 0,[ 21, 19, 18, 22]],

[ 92, 65, 1,[ 91, 94, 93, 90]],

[ 97, 45, 1,[ 96, 99, 95, 98]],

[ 8, 95, 1,[ 10, 6, 9, 7]],

[ 50, 5, 1,[ 51, 49, 48, 52]],

[ 99, 5, 1,[ 0, 98, 97, 1]],

[ 38, 55, 0,[ 36, 37, 40, 39]],

[ 35, 65, 1,[ 34, 37, 33, 36]],

[ 78, 95, 1,[ 76, 80, 77, 79]],

[ 80, 35, 1,[ 79, 78, 81, 82]],

[ 61, 65, 1,[ 63, 60, 62, 59]],

[ 98, 75, 0,[ 99, 97, 0, 96]],

[ 46, 65, 1,[ 45, 44, 47, 48]],

[ 9, 95, 0,[ 10, 11, 8, 7]],

[ 4, 35, 0,[ 5, 6, 3, 2]],

[ 52, 25, 0,[ 54, 50, 53, 51]],

[ 94, 75, 0,[ 96, 95, 93, 92]],

[ 3, 35, 1,[ 4, 2, 5, 1]],

[ 82, 65, 1,[ 80, 84, 81, 83]],

[ 30, 85, 1,[ 31, 32, 29, 28]],

[ 34, 25, 0,[ 32, 33, 35, 36]],

[ 27, 85, 0,[ 28, 25, 26, 29]],

[ 10, 15, 0,[ 8, 9, 11, 12]],

[ 89, 75, 0,[ 87, 90, 91, 88]],

[ 85, 75, 0,[ 83, 87, 84, 86]],

[ 43, 55, 0,[ 41, 45, 42, 44]],

[ 54, 25, 0,[ 56, 52, 53, 55]],

[ 58, 65, 1,[ 56, 57, 60, 59]],

[ 60, 15, 1,[ 58, 59, 62, 61]],

[ 68, 25, 0,[ 66, 70, 69, 67]],

[ 13, 25, 0,[ 15, 11, 12, 14]],

[ 96, 75, 0,[ 98, 97, 95, 94]],

[ 91, 95, 1,[ 92, 93, 89, 90]],

[ 31, 35, 1,[ 32, 33, 30, 29]],

[ 69, 55, 1,[ 70, 71, 68, 67]],

[ 90, 75, 1,[ 91, 88, 92, 89]],

[ 51, 65, 1,[ 52, 50, 49, 53]],

[ 39, 75, 1,[ 41, 37, 38, 40]],

[ 37, 55, 1,[ 38, 35, 36, 39]],

[ 7, 95, 0,[ 5, 9, 6, 8]],

[ 73, 55, 0,[ 75, 71, 72, 74]],

[ 2, 95, 1,[ 0, 3, 1, 4]],

[ 19, 5, 0,[ 20, 17, 21, 18]],

[ 83, 75, 0,[ 84, 85, 81, 82]],

[ 17, 25, 0,[ 18, 15, 16, 19]],

[ 18, 5, 1,[ 16, 19, 17, 20]],

[ 56, 85, 1,[ 58, 57, 54, 55]],

[ 14, 85, 1,[ 16, 15, 12, 13]],

[ 62, 65, 1,[ 60, 64, 63, 61]],

[ 63, 65, 1,[ 62, 61, 64, 65]],

[ 57, 35, 1,[ 55, 58, 59, 56]],

[ 59, 65, 0,[ 60, 61, 58, 57]],

[ 66, 25, 0,[ 65, 68, 67, 64]],

[ 21, 65, 1,[ 23, 20, 22, 19]],

[ 74, 55, 0,[ 73, 76, 72, 75]],

[ 12, 15, 1,[ 14, 11, 13, 10]],

[ 88, 65, 1,[ 87, 90, 86, 89]],

[ 55, 5, 1,[ 57, 54, 56, 53]],

[ 24, 95, 0,[ 23, 22, 25, 26]],

[ 81, 35, 1,[ 83, 79, 80, 82]],

[ 48, 55, 1,[ 50, 47, 49, 46]],

[ 53, 25, 0,[ 52, 55, 51, 54]],

[ 16, 25, 1,[ 14, 17, 15, 18]],

[ 70, 75, 1,[ 71, 68, 72, 69]],

[ 11, 15, 0,[ 9, 12, 13, 10]],

[ 41, 55, 0,[ 43, 39, 40, 42]],

[ 76, 55, 0,[ 74, 77, 78, 75]],

[ 28, 85, 0,[ 30, 27, 26, 29]],

[ 84, 75, 0,[ 82, 83, 86, 85]],

[ 6, 35, 0,[ 4, 8, 5, 7]],

[ 93, 85, 1,[ 95, 91, 92, 94]],

[ 40, 55, 0,[ 38, 41, 39, 42]],

[ 22, 95, 0,[ 24, 21, 23, 20]],

