[ 70, 85, 0,[ 68, 72, 71, 69]],

[ 0, 5, 0,[ 2, 99, 1, 98]],

[ 13, 65, 0,[ 12, 15, 14, 11]],

[ 79, 75, 0,[ 77, 80, 78, 81]],

[ 98, 35, 0,[ 0, 96, 97, 99]],

[ 52, 95, 0,[ 53, 54, 50, 51]],

[ 57, 45, 0,[ 58, 55, 59, 56]],

[ 46, 85, 0,[ 47, 45, 48, 44]],

[ 59, 45, 0,[ 60, 57, 58, 61]],

[ 7, 65, 1,[ 6, 5, 8, 9]],

[ 11, 65, 0,[ 12, 9, 10, 13]],

[ 49, 95, 0,[ 47, 50, 51, 48]],

[ 29, 95, 0,[ 31, 27, 28, 30]],

[ 40, 85, 0,[ 38, 41, 42, 39]],

[ 74, 75, 0,[ 76, 72, 73, 75]],

[ 76, 75, 0,[ 77, 74, 78, 75]],

[ 33, 95, 0,[ 32, 35, 31, 34]],

[ 3, 5, 0,[ 5, 4, 2, 1]],

[ 22, 45, 0,[ 23, 20, 21, 24]],

[ 53, 95, 0,[ 54, 51, 52, 55]],

[ 28, 95, 0,[ 30, 26, 29, 27]],

[ 50, 95, 0,[ 51, 52, 49, 48]],

[ 72, 85, 0,[ 71, 73, 74, 70]],

[ 36, 5, 0,[ 37, 35, 38, 34]],

[ 35, 5, 0,[ 34, 36, 37, 33]],

[ 38, 85, 0,[ 36, 37, 40, 39]],

[ 81, 75, 0,[ 82, 80, 83, 79]],

[ 47, 95, 0,[ 48, 49, 45, 46]],

[ 94, 35, 1,[ 95, 96, 92, 93]],

[ 83, 25, 0,[ 82, 85, 84, 81]],

[ 4, 5, 0,[ 6, 5, 3, 2]],

[ 80, 75, 0,[ 82, 78, 79, 81]],

[ 43, 85, 0,[ 42, 41, 45, 44]],

[ 23, 45, 0,[ 24, 21, 22, 25]],

[ 89, 35, 0,[ 91, 88, 90, 87]],

[ 9, 25, 1,[ 11, 7, 10, 8]],

[ 19, 55, 0,[ 21, 20, 18, 17]],

[ 30, 95, 0,[ 31, 28, 29, 32]],

[ 71, 85, 0,[ 70, 72, 73, 69]],

[ 86, 25, 1,[ 87, 88, 84, 85]],

[ 6, 75, 0,[ 7, 5, 8, 4]],

[ 93, 35, 0,[ 91, 94, 95, 92]],

[ 58, 45, 0,[ 56, 57, 60, 59]],

[ 91, 35, 0,[ 92, 89, 90, 93]],

[ 88, 35, 0,[ 86, 87, 90, 89]],

[ 95, 35, 0,[ 97, 94, 96, 93]],

[ 5, 75, 1,[ 4, 3, 6, 7]],

[ 82, 75, 0,[ 81, 80, 83, 84]],

[ 2, 5, 0,[ 3, 0, 1, 4]],

[ 96, 35, 0,[ 98, 97, 94, 95]],

[ 1, 5, 1,[ 99, 2, 3, 0]],

[ 64, 45, 1,[ 66, 62, 65, 63]],

[ 51, 95, 0,[ 52, 49, 50, 53]],

[ 41, 85, 0,[ 42, 39, 40, 43]],

[ 27, 45, 0,[ 26, 28, 29, 25]],

[ 25, 45, 0,[ 26, 23, 24, 27]],

[ 85, 25, 0,[ 84, 87, 83, 86]],

[ 92, 35, 0,[ 91, 93, 94, 90]],

[ 32, 95, 0,[ 30, 33, 34, 31]],

[ 97, 35, 0,[ 95, 96, 99, 98]],

[ 75, 75, 0,[ 76, 73, 74, 77]],

[ 15, 55, 0,[ 17, 14, 13, 16]],

[ 55, 95, 0,[ 54, 57, 56, 53]],

[ 66, 45, 0,[ 67, 64, 65, 68]],

[ 39, 85, 0,[ 38, 41, 40, 37]],

[ 42, 85, 0,[ 41, 40, 43, 44]],

[ 63, 5, 1,[ 65, 61, 62, 64]],

[ 62, 95, 0,[ 61, 60, 63, 64]],

[ 48, 95, 0,[ 47, 50, 49, 46]],

[ 65, 45, 0,[ 67, 63, 66, 64]],

[ 77, 75, 0,[ 75, 78, 76, 79]],

[ 20, 55, 0,[ 21, 19, 22, 18]],

[ 16, 55, 0,[ 14, 15, 18, 17]],

[ 18, 55, 0,[ 16, 19, 17, 20]],

[ 24, 45, 0,[ 26, 23, 22, 25]],

[ 99, 35, 0,[ 97, 0, 98, 1]],

[ 56, 45, 0,[ 57, 58, 54, 55]],

[ 69, 75, 0,[ 68, 67, 70, 71]],

[ 87, 35, 0,[ 88, 85, 86, 89]],

[ 14, 55, 0,[ 12, 13, 15, 16]],

[ 73, 75, 0,[ 74, 72, 75, 71]],

[ 31, 95, 0,[ 33, 32, 29, 30]],

[ 78, 75, 0,[ 76, 80, 79, 77]],

[ 12, 15, 1,[ 11, 10, 13, 14]],

[ 37, 5, 0,[ 39, 35, 36, 38]],

[ 60, 75, 1,[ 62, 59, 58, 61]],

[ 61, 15, 0,[ 59, 62, 60, 63]],

[ 10, 25, 0,[ 9, 12, 11, 8]],

[ 21, 45, 0,[ 20, 23, 19, 22]],

[ 68, 75, 0,[ 69, 70, 66, 67]],

[ 67, 75, 0,[ 68, 65, 66, 69]],

[ 90, 35, 0,[ 88, 91, 92, 89]],

[ 17, 55, 0,[ 19, 16, 15, 18]],

[ 44, 85, 0,[ 46, 43, 42, 45]],

[ 8, 75, 0,[ 6, 7, 10, 9]],

[ 26, 45, 0,[ 24, 27, 25, 28]],

[ 84, 25, 0,[ 86, 82, 83, 85]],

[ 45, 85, 0,[ 46, 43, 47, 44]],

[ 54, 95, 0,[ 52, 55, 53, 56]],

[ 34, 5, 0,[ 36, 33, 35, 32]],

