[ 23, 35, 0,[ 25, 22, 21, 24]],

[ 37, 35, 1,[ 36, 38, 35, 39]],

[ 54, 5, 0,[ 56, 53, 55, 52]],

[ 22, 35, 1,[ 21, 20, 24, 23]],

[ 82, 65, 1,[ 81, 84, 83, 80]],

[ 31, 75, 1,[ 32, 30, 33, 29]],

[ 81, 55, 0,[ 79, 80, 82, 83]],

[ 61, 15, 1,[ 59, 60, 63, 62]],

[ 11, 5, 1,[ 10, 9, 12, 13]],

[ 28, 95, 0,[ 29, 30, 27, 26]],

[ 35, 75, 1,[ 37, 34, 36, 33]],

[ 76, 45, 1,[ 75, 78, 74, 77]],

[ 46, 75, 0,[ 45, 44, 47, 48]],

[ 49, 75, 0,[ 47, 51, 50, 48]],

[ 47, 75, 0,[ 49, 46, 48, 45]],

[ 15, 65, 1,[ 17, 13, 16, 14]],

[ 55, 5, 0,[ 54, 53, 57, 56]],

[ 72, 95, 0,[ 71, 70, 74, 73]],

[ 99, 65, 0,[ 97, 1, 0, 98]],

[ 39, 65, 0,[ 38, 37, 41, 40]],

[ 25, 55, 1,[ 24, 26, 27, 23]],

[ 79, 55, 0,[ 77, 78, 80, 81]],

[ 77, 35, 1,[ 78, 79, 76, 75]],

[ 6, 25, 0,[ 5, 8, 7, 4]],

[ 2, 25, 1,[ 3, 1, 4, 0]],

[ 63, 55, 0,[ 64, 65, 62, 61]],

[ 7, 25, 0,[ 5, 9, 6, 8]],

[ 97, 85, 1,[ 99, 96, 95, 98]],

[ 29, 95, 0,[ 28, 30, 31, 27]],

[ 20, 95, 1,[ 22, 19, 21, 18]],

[ 48, 75, 1,[ 47, 49, 50, 46]],

[ 67, 95, 0,[ 65, 68, 69, 66]],

[ 60, 85, 0,[ 62, 59, 58, 61]],

[ 90, 65, 1,[ 89, 91, 92, 88]],

[ 19, 95, 0,[ 17, 18, 21, 20]],

[ 40, 65, 0,[ 39, 38, 42, 41]],

[ 85, 45, 0,[ 86, 83, 87, 84]],

[ 41, 65, 1,[ 39, 40, 42, 43]],

[ 38, 65, 0,[ 39, 37, 36, 40]],

[ 14, 75, 0,[ 12, 13, 15, 16]],

[ 95, 65, 0,[ 97, 94, 93, 96]],

[ 12, 75, 0,[ 10, 11, 13, 14]],

[ 16, 95, 0,[ 18, 17, 14, 15]],

[ 53, 5, 0,[ 52, 54, 55, 51]],

[ 42, 35, 1,[ 43, 41, 40, 44]],

[ 45, 65, 1,[ 44, 43, 46, 47]],

[ 71, 95, 0,[ 73, 72, 69, 70]],

[ 52, 5, 1,[ 51, 54, 50, 53]],

[ 70, 95, 0,[ 72, 68, 69, 71]],

[ 92, 65, 0,[ 90, 91, 94, 93]],

[ 88, 85, 0,[ 89, 90, 86, 87]],

[ 30, 15, 1,[ 32, 31, 29, 28]],

[ 5, 25, 0,[ 7, 4, 3, 6]],

[ 10, 55, 1,[ 11, 8, 9, 12]],

[ 27, 95, 0,[ 29, 25, 26, 28]],

[ 4, 25, 1,[ 5, 2, 3, 6]],

[ 69, 95, 0,[ 67, 71, 70, 68]],

[ 59, 65, 1,[ 60, 58, 57, 61]],

[ 56, 55, 1,[ 57, 58, 55, 54]],

[ 87, 25, 1,[ 88, 86, 89, 85]],

[ 93, 65, 0,[ 95, 92, 91, 94]],

[ 26, 95, 1,[ 28, 24, 27, 25]],

[ 0, 65, 1,[ 99, 98, 1, 2]],

[ 66, 15, 1,[ 65, 64, 68, 67]],

[ 68, 85, 1,[ 70, 66, 67, 69]],

[ 80, 55, 0,[ 78, 79, 81, 82]],

[ 75, 65, 1,[ 76, 77, 73, 74]],

[ 34, 35, 1,[ 33, 36, 35, 32]],

[ 21, 95, 0,[ 20, 22, 19, 23]],

[ 65, 95, 1,[ 64, 67, 63, 66]],

[ 57, 5, 0,[ 59, 55, 56, 58]],

[ 18, 95, 0,[ 16, 17, 19, 20]],

[ 89, 15, 1,[ 91, 90, 87, 88]],

[ 94, 65, 0,[ 96, 92, 93, 95]],

[ 83, 55, 0,[ 81, 84, 82, 85]],

[ 58, 5, 1,[ 60, 59, 56, 57]],

[ 17, 55, 1,[ 18, 15, 16, 19]],

[ 8, 25, 0,[ 9, 10, 6, 7]],

[ 78, 55, 0,[ 80, 77, 79, 76]],

[ 36, 45, 1,[ 35, 34, 37, 38]],

[ 13, 75, 0,[ 15, 12, 11, 14]],

[ 32, 65, 1,[ 31, 34, 33, 30]],

[ 43, 35, 1,[ 42, 45, 44, 41]],

[ 84, 35, 0,[ 86, 85, 82, 83]],

[ 44, 35, 0,[ 46, 42, 43, 45]],

[ 50, 75, 0,[ 52, 48, 51, 49]],

[ 3, 25, 0,[ 5, 1, 2, 4]],

[ 9, 35, 1,[ 8, 7, 10, 11]],

[ 62, 55, 1,[ 64, 63, 61, 60]],

[ 98, 65, 0,[ 99, 96, 97, 0]],

[ 33, 25, 1,[ 34, 32, 35, 31]],

[ 74, 5, 1,[ 76, 73, 75, 72]],

[ 86, 85, 0,[ 87, 85, 88, 84]],

[ 24, 45, 1,[ 23, 26, 22, 25]],

[ 73, 85, 1,[ 72, 75, 74, 71]],

[ 64, 55, 1,[ 63, 65, 66, 62]],

[ 51, 15, 1,[ 50, 49, 53, 52]],

[ 91, 65, 1,[ 93, 89, 92, 90]],

[ 1, 75, 1,[ 99, 0, 2, 3]],

[ 96, 5, 1,[ 98, 94, 95, 97]],

