[ 69, 45, 1,[ 71, 68, 67, 70]],

[ 10, 65, 1,[ 12, 11, 8, 9]],

[ 20, 5, 0,[ 19, 21, 18, 22]],

[ 28, 25, 1,[ 26, 30, 27, 29]],

[ 76, 45, 0,[ 74, 75, 78, 77]],

[ 95, 95, 1,[ 93, 97, 94, 96]],

[ 92, 55, 0,[ 93, 91, 90, 94]],

[ 51, 55, 0,[ 49, 50, 52, 53]],

[ 7, 15, 0,[ 6, 5, 8, 9]],

[ 34, 95, 1,[ 33, 32, 35, 36]],

[ 44, 85, 1,[ 46, 42, 45, 43]],

[ 13, 65, 1,[ 15, 11, 14, 12]],

[ 71, 45, 0,[ 69, 70, 73, 72]],

[ 80, 85, 0,[ 82, 79, 78, 81]],

[ 63, 55, 0,[ 61, 64, 62, 65]],

[ 15, 65, 0,[ 13, 14, 16, 17]],

[ 8, 15, 1,[ 6, 9, 10, 7]],

[ 86, 45, 1,[ 84, 88, 85, 87]],

[ 91, 55, 0,[ 90, 89, 92, 93]],

[ 2, 95, 0,[ 3, 1, 4, 0]],

[ 31, 35, 0,[ 29, 32, 30, 33]],

[ 19, 5, 0,[ 21, 20, 18, 17]],

[ 98, 45, 1,[ 97, 96, 99, 0]],

[ 24, 75, 1,[ 22, 26, 23, 25]],

[ 50, 55, 0,[ 51, 48, 52, 49]],

[ 0, 75, 1,[ 99, 98, 2, 1]],

[ 32, 35, 0,[ 30, 34, 31, 33]],

[ 85, 85, 1,[ 83, 87, 86, 84]],

[ 21, 5, 0,[ 22, 23, 20, 19]],

[ 4, 25, 1,[ 3, 6, 5, 2]],

[ 40, 65, 1,[ 41, 42, 38, 39]],

[ 38, 45, 1,[ 37, 36, 40, 39]],

[ 9, 35, 1,[ 10, 8, 7, 11]],

[ 33, 15, 1,[ 34, 32, 35, 31]],

[ 73, 45, 0,[ 74, 75, 71, 72]],

[ 11, 65, 0,[ 10, 12, 13, 9]],

[ 18, 5, 0,[ 19, 16, 20, 17]],

[ 47, 55, 0,[ 46, 49, 45, 48]],

[ 61, 55, 0,[ 59, 63, 60, 62]],

[ 68, 45, 0,[ 69, 66, 70, 67]],

[ 55, 15, 1,[ 54, 56, 57, 53]],

[ 89, 55, 0,[ 87, 90, 91, 88]],

[ 83, 85, 0,[ 85, 81, 84, 82]],

[ 87, 5, 1,[ 86, 89, 85, 88]],

[ 43, 85, 0,[ 45, 41, 44, 42]],

[ 37, 45, 0,[ 36, 39, 35, 38]],

[ 23, 75, 0,[ 21, 22, 25, 24]],

[ 88, 55, 0,[ 86, 90, 89, 87]],

[ 94, 55, 0,[ 93, 95, 92, 96]],

[ 79, 65, 1,[ 78, 77, 81, 80]],

[ 82, 85, 0,[ 83, 80, 81, 84]],

[ 84, 85, 0,[ 86, 82, 83, 85]],

[ 58, 65, 0,[ 56, 60, 59, 57]],

[ 3, 95, 0,[ 5, 1, 2, 4]],

[ 60, 55, 0,[ 62, 61, 59, 58]],

[ 42, 15, 1,[ 40, 44, 41, 43]],

[ 46, 5, 1,[ 44, 48, 47, 45]],

[ 16, 65, 0,[ 15, 17, 18, 14]],

[ 45, 85, 0,[ 46, 43, 44, 47]],

[ 48, 55, 0,[ 49, 47, 46, 50]],

[ 81, 85, 1,[ 83, 79, 82, 80]],

[ 66, 15, 1,[ 64, 65, 68, 67]],

[ 25, 75, 0,[ 26, 23, 24, 27]],

[ 29, 35, 0,[ 30, 27, 31, 28]],

[ 90, 55, 0,[ 92, 91, 88, 89]],

[ 5, 55, 1,[ 4, 3, 6, 7]],

[ 49, 55, 0,[ 48, 50, 51, 47]],

[ 70, 45, 1,[ 68, 72, 71, 69]],

[ 65, 95, 1,[ 66, 67, 64, 63]],

[ 53, 55, 0,[ 55, 51, 52, 54]],

[ 41, 35, 1,[ 42, 43, 39, 40]],

[ 54, 35, 1,[ 52, 53, 56, 55]],

[ 59, 85, 1,[ 58, 60, 61, 57]],

[ 78, 15, 1,[ 77, 80, 79, 76]],

[ 17, 25, 1,[ 19, 18, 16, 15]],

[ 72, 45, 1,[ 74, 71, 70, 73]],

[ 99, 75, 1,[ 98, 0, 1, 97]],

[ 1, 95, 1,[ 99, 0, 2, 3]],

[ 64, 55, 0,[ 66, 65, 62, 63]],

[ 12, 45, 1,[ 14, 13, 11, 10]],

[ 96, 5, 1,[ 95, 97, 94, 98]],

[ 77, 45, 1,[ 79, 75, 76, 78]],

[ 22, 5, 1,[ 20, 23, 24, 21]],

[ 56, 65, 0,[ 55, 54, 58, 57]],

[ 75, 35, 1,[ 76, 74, 73, 77]],

[ 26, 85, 1,[ 24, 28, 25, 27]],

[ 35, 45, 0,[ 34, 33, 37, 36]],

[ 74, 45, 0,[ 76, 73, 75, 72]],

[ 6, 15, 0,[ 4, 7, 5, 8]],

[ 39, 45, 0,[ 41, 37, 38, 40]],

[ 57, 65, 1,[ 59, 56, 55, 58]],

[ 27, 75, 1,[ 28, 26, 29, 25]],

[ 36, 45, 0,[ 34, 37, 38, 35]],

[ 14, 65, 1,[ 15, 16, 12, 13]],

[ 97, 55, 1,[ 96, 95, 98, 99]],

[ 62, 55, 1,[ 60, 61, 64, 63]],

[ 30, 35, 1,[ 31, 32, 28, 29]],

[ 93, 55, 0,[ 95, 92, 91, 94]],

[ 67, 35, 1,[ 69, 66, 65, 68]],

[ 52, 55, 1,[ 50, 51, 53, 54]],

