[ 68, 65, 1,[ 67, 69, 70, 66]],

[ 57, 5, 1,[ 56, 59, 58, 55]],

[ 18, 65, 1,[ 20, 16, 19, 17]],

[ 41, 95, 0,[ 40, 43, 42, 39]],

[ 85, 25, 1,[ 83, 87, 86, 84]],

[ 23, 35, 0,[ 21, 25, 22, 24]],

[ 38, 75, 1,[ 40, 37, 39, 36]],

[ 63, 35, 0,[ 62, 64, 61, 65]],

[ 11, 75, 1,[ 10, 12, 13, 9]],

[ 44, 85, 0,[ 45, 42, 46, 43]],

[ 75, 15, 1,[ 74, 73, 76, 77]],

[ 45, 65, 1,[ 46, 44, 47, 43]],

[ 83, 25, 0,[ 81, 82, 85, 84]],

[ 58, 15, 0,[ 57, 60, 59, 56]],

[ 28, 85, 1,[ 29, 27, 30, 26]],

[ 78, 5, 0,[ 76, 77, 79, 80]],

[ 22, 5, 1,[ 24, 23, 21, 20]],

[ 47, 25, 1,[ 49, 48, 46, 45]],

[ 73, 25, 0,[ 72, 75, 71, 74]],

[ 35, 85, 0,[ 37, 34, 33, 36]],

[ 93, 55, 1,[ 94, 92, 95, 91]],

[ 42, 15, 1,[ 41, 44, 40, 43]],

[ 84, 15, 1,[ 83, 85, 82, 86]],

[ 40, 25, 1,[ 41, 42, 38, 39]],

[ 97, 15, 1,[ 96, 95, 99, 98]],

[ 56, 95, 1,[ 57, 55, 54, 58]],

[ 82, 25, 0,[ 83, 80, 81, 84]],

[ 52, 85, 1,[ 54, 53, 50, 51]],

[ 0, 35, 0,[ 99, 2, 98, 1]],

[ 33, 75, 1,[ 31, 32, 34, 35]],

[ 29, 55, 1,[ 28, 30, 27, 31]],

[ 72, 25, 0,[ 73, 70, 71, 74]],

[ 17, 15, 1,[ 16, 15, 18, 19]],

[ 39, 95, 0,[ 41, 38, 37, 40]],

[ 55, 55, 1,[ 57, 53, 54, 56]],

[ 24, 35, 0,[ 23, 25, 26, 22]],

[ 71, 25, 0,[ 70, 72, 69, 73]],

[ 37, 95, 1,[ 38, 39, 36, 35]],

[ 61, 35, 1,[ 60, 62, 63, 59]],

[ 32, 15, 0,[ 31, 34, 33, 30]],

[ 86, 25, 0,[ 84, 87, 88, 85]],

[ 3, 35, 0,[ 1, 4, 2, 5]],

[ 13, 5, 1,[ 11, 15, 14, 12]],

[ 30, 15, 0,[ 28, 32, 29, 31]],

[ 27, 85, 0,[ 26, 29, 28, 25]],

[ 69, 25, 1,[ 70, 68, 67, 71]],

[ 9, 45, 0,[ 8, 11, 10, 7]],

[ 99, 35, 1,[ 1, 97, 98, 0]],

[ 12, 5, 1,[ 11, 13, 10, 14]],

[ 64, 55, 1,[ 62, 66, 63, 65]],

[ 96, 95, 0,[ 94, 98, 97, 95]],

[ 8, 45, 0,[ 9, 10, 7, 6]],

[ 90, 55, 0,[ 92, 88, 91, 89]],

[ 89, 55, 0,[ 87, 88, 91, 90]],

[ 60, 75, 1,[ 61, 59, 58, 62]],

[ 53, 85, 1,[ 54, 55, 52, 51]],

[ 59, 55, 0,[ 57, 60, 61, 58]],

[ 70, 25, 0,[ 69, 71, 68, 72]],

[ 49, 15, 0,[ 51, 47, 50, 48]],

[ 34, 15, 0,[ 33, 36, 35, 32]],

[ 2, 55, 1,[ 1, 0, 3, 4]],

[ 5, 65, 1,[ 6, 3, 7, 4]],

[ 15, 15, 0,[ 14, 17, 16, 13]],

[ 91, 45, 1,[ 93, 90, 89, 92]],

[ 50, 55, 1,[ 51, 48, 52, 49]],

[ 51, 45, 1,[ 50, 53, 52, 49]],

[ 67, 15, 1,[ 66, 68, 69, 65]],

[ 80, 5, 0,[ 81, 78, 79, 82]],

[ 74, 25, 0,[ 72, 73, 75, 76]],

[ 25, 85, 0,[ 26, 27, 23, 24]],

[ 76, 25, 0,[ 77, 74, 78, 75]],

[ 14, 15, 1,[ 15, 13, 16, 12]],

[ 46, 85, 1,[ 45, 48, 44, 47]],

[ 88, 55, 0,[ 89, 86, 90, 87]],

[ 43, 25, 0,[ 45, 44, 41, 42]],

[ 4, 35, 1,[ 6, 3, 5, 2]],

[ 94, 65, 1,[ 93, 96, 92, 95]],

[ 36, 45, 1,[ 35, 38, 37, 34]],

[ 54, 85, 0,[ 53, 56, 55, 52]],

[ 20, 85, 1,[ 22, 19, 18, 21]],

[ 79, 5, 0,[ 77, 78, 80, 81]],

[ 10, 5, 0,[ 9, 11, 8, 12]],

[ 87, 25, 1,[ 85, 86, 88, 89]],

[ 95, 95, 1,[ 93, 96, 94, 97]],

[ 62, 35, 0,[ 63, 60, 64, 61]],

[ 81, 25, 1,[ 82, 83, 80, 79]],

[ 19, 25, 0,[ 17, 18, 21, 20]],

[ 66, 15, 1,[ 64, 67, 68, 65]],

[ 26, 45, 1,[ 28, 25, 27, 24]],

[ 16, 15, 0,[ 14, 15, 17, 18]],

[ 77, 5, 0,[ 79, 75, 78, 76]],

[ 1, 35, 0,[ 99, 2, 3, 0]],

[ 6, 45, 0,[ 8, 4, 7, 5]],

[ 92, 85, 1,[ 94, 93, 91, 90]],

[ 65, 15, 0,[ 63, 66, 67, 64]],

[ 21, 55, 0,[ 22, 20, 19, 23]],

[ 31, 35, 1,[ 30, 33, 32, 29]],

[ 7, 45, 0,[ 9, 6, 8, 5]],

[ 48, 75, 0,[ 49, 50, 47, 46]],

[ 98, 95, 0,[ 96, 0, 99, 97]],

