[ 47, 25, 0,[ 49, 48, 46, 45]],

[ 23, 25, 0,[ 22, 21, 25, 24]],

[ 44, 25, 0,[ 42, 46, 43, 45]],

[ 48, 35, 0,[ 47, 46, 49, 50]],

[ 62, 35, 0,[ 63, 61, 60, 64]],

[ 39, 25, 0,[ 40, 38, 37, 41]],

[ 34, 25, 0,[ 33, 32, 35, 36]],

[ 58, 35, 0,[ 57, 56, 60, 59]],

[ 45, 25, 0,[ 47, 43, 44, 46]],

[ 12, 5, 0,[ 14, 10, 13, 11]],

[ 97, 25, 1,[ 96, 95, 99, 98]],

[ 13, 5, 0,[ 14, 12, 11, 15]],

[ 92, 15, 0,[ 90, 94, 93, 91]],

[ 54, 35, 0,[ 55, 52, 56, 53]],

[ 49, 35, 0,[ 51, 48, 47, 50]],

[ 60, 35, 0,[ 59, 58, 61, 62]],

[ 4, 25, 0,[ 6, 5, 3, 2]],

[ 24, 25, 0,[ 23, 22, 26, 25]],

[ 30, 25, 0,[ 29, 28, 31, 32]],

[ 6, 25, 0,[ 7, 5, 8, 4]],

[ 21, 25, 0,[ 23, 20, 19, 22]],

[ 59, 35, 0,[ 58, 61, 57, 60]],

[ 5, 25, 0,[ 6, 3, 7, 4]],

[ 96, 45, 1,[ 98, 94, 95, 97]],

[ 14, 5, 0,[ 12, 16, 13, 15]],

[ 95, 15, 0,[ 96, 97, 93, 94]],

[ 88, 15, 0,[ 90, 89, 87, 86]],

[ 91, 15, 0,[ 93, 90, 89, 92]],

[ 19, 45, 1,[ 20, 21, 17, 18]],

[ 1, 25, 0,[ 2, 0, 99, 3]],

[ 11, 5, 0,[ 9, 13, 10, 12]],

[ 35, 25, 0,[ 37, 34, 36, 33]],

[ 8, 25, 0,[ 10, 7, 6, 9]],

[ 87, 15, 0,[ 88, 85, 86, 89]],

[ 20, 25, 0,[ 19, 21, 18, 22]],

[ 73, 45, 1,[ 72, 71, 74, 75]],

[ 57, 35, 0,[ 58, 56, 59, 55]],

[ 79, 15, 0,[ 78, 81, 77, 80]],

[ 46, 25, 0,[ 45, 48, 44, 47]],

[ 25, 25, 0,[ 26, 24, 23, 27]],

[ 86, 15, 0,[ 87, 85, 84, 88]],

[ 81, 15, 0,[ 79, 80, 82, 83]],

[ 10, 5, 0,[ 12, 8, 11, 9]],

[ 89, 15, 0,[ 87, 91, 88, 90]],

[ 0, 25, 0,[ 2, 1, 98, 99]],

[ 93, 15, 0,[ 94, 95, 91, 92]],

[ 31, 85, 1,[ 33, 29, 32, 30]],

[ 99, 25, 0,[ 1, 98, 0, 97]],

[ 72, 65, 0,[ 73, 70, 71, 74]],

[ 33, 25, 0,[ 32, 35, 34, 31]],

[ 63, 35, 0,[ 65, 62, 61, 64]],

[ 37, 25, 0,[ 36, 39, 38, 35]],

[ 98, 25, 0,[ 97, 99, 0, 96]],

[ 29, 25, 0,[ 30, 28, 31, 27]],

[ 3, 25, 0,[ 2, 1, 5, 4]],

[ 75, 15, 0,[ 73, 74, 76, 77]],

[ 94, 15, 0,[ 93, 96, 92, 95]],

[ 18, 5, 0,[ 17, 20, 19, 16]],

[ 85, 15, 0,[ 87, 86, 83, 84]],

[ 74, 15, 0,[ 72, 75, 76, 73]],

[ 52, 35, 0,[ 54, 53, 51, 50]],

[ 70, 65, 0,[ 71, 69, 68, 72]],

[ 78, 15, 0,[ 76, 80, 77, 79]],

[ 69, 65, 0,[ 70, 67, 71, 68]],

[ 38, 25, 0,[ 37, 40, 39, 36]],

[ 36, 25, 0,[ 34, 38, 37, 35]],

[ 27, 25, 0,[ 25, 28, 26, 29]],

[ 7, 25, 0,[ 5, 9, 6, 8]],

[ 83, 15, 0,[ 82, 81, 84, 85]],

[ 9, 85, 1,[ 8, 7, 10, 11]],

[ 90, 15, 0,[ 89, 92, 91, 88]],

[ 67, 65, 0,[ 65, 68, 66, 69]],

[ 66, 65, 1,[ 65, 68, 67, 64]],

[ 71, 65, 0,[ 72, 73, 70, 69]],

[ 2, 25, 0,[ 3, 0, 1, 4]],

[ 15, 5, 0,[ 16, 13, 14, 17]],

[ 16, 5, 0,[ 18, 15, 14, 17]],

[ 43, 25, 0,[ 42, 44, 41, 45]],

[ 32, 25, 0,[ 33, 31, 30, 34]],

[ 53, 35, 0,[ 54, 51, 52, 55]],

[ 77, 15, 0,[ 78, 76, 75, 79]],

[ 55, 35, 0,[ 57, 56, 54, 53]],

[ 56, 35, 0,[ 55, 54, 57, 58]],

[ 61, 35, 0,[ 62, 63, 60, 59]],

[ 17, 5, 0,[ 16, 19, 18, 15]],

[ 80, 15, 0,[ 79, 78, 81, 82]],

[ 84, 15, 0,[ 86, 85, 83, 82]],

[ 40, 25, 0,[ 38, 42, 41, 39]],

[ 68, 65, 0,[ 67, 66, 70, 69]],

[ 50, 35, 0,[ 51, 49, 52, 48]],

[ 28, 25, 0,[ 26, 29, 30, 27]],

[ 26, 25, 0,[ 27, 24, 25, 28]],

[ 64, 35, 0,[ 62, 66, 63, 65]],

[ 22, 25, 0,[ 24, 20, 23, 21]],

[ 51, 35, 0,[ 50, 49, 52, 53]],

[ 41, 25, 1,[ 40, 39, 42, 43]],

[ 76, 15, 0,[ 74, 77, 75, 78]],

[ 42, 25, 0,[ 43, 41, 44, 40]],

[ 65, 45, 1,[ 63, 64, 67, 66]],

[ 82, 15, 1,[ 81, 84, 83, 80]],

