[ 46, 15, 1,[ 44, 45, 47, 48]],

[ 71, 25, 0,[ 69, 70, 73, 72]],

[ 87, 95, 0,[ 89, 88, 86, 85]],

[ 76, 25, 0,[ 75, 74, 77, 78]],

[ 9, 25, 0,[ 8, 7, 11, 10]],

[ 12, 25, 0,[ 14, 11, 10, 13]],

[ 54, 25, 0,[ 56, 52, 53, 55]],

[ 26, 95, 0,[ 25, 24, 28, 27]],

[ 75, 25, 0,[ 76, 77, 74, 73]],

[ 43, 95, 0,[ 45, 41, 44, 42]],

[ 28, 95, 0,[ 26, 30, 27, 29]],

[ 84, 95, 0,[ 82, 85, 83, 86]],

[ 66, 25, 0,[ 65, 64, 67, 68]],

[ 6, 25, 0,[ 4, 5, 8, 7]],

[ 95, 25, 0,[ 94, 97, 93, 96]],

[ 70, 25, 1,[ 71, 69, 72, 68]],

[ 33, 95, 0,[ 32, 31, 34, 35]],

[ 98, 25, 0,[ 0, 96, 99, 97]],

[ 20, 85, 0,[ 19, 18, 21, 22]],

[ 93, 95, 0,[ 94, 91, 92, 95]],

[ 91, 95, 0,[ 90, 89, 92, 93]],

[ 36, 95, 1,[ 35, 37, 34, 38]],

[ 58, 25, 0,[ 56, 57, 60, 59]],

[ 62, 25, 0,[ 60, 61, 63, 64]],

[ 97, 25, 0,[ 96, 98, 99, 95]],

[ 68, 95, 1,[ 67, 70, 69, 66]],

[ 51, 25, 0,[ 53, 50, 49, 52]],

[ 99, 25, 0,[ 1, 0, 97, 98]],

[ 38, 95, 0,[ 37, 40, 36, 39]],

[ 60, 75, 1,[ 59, 61, 58, 62]],

[ 77, 95, 0,[ 78, 75, 79, 76]],

[ 15, 85, 0,[ 13, 17, 14, 16]],

[ 86, 95, 0,[ 84, 85, 88, 87]],

[ 8, 25, 0,[ 6, 7, 9, 10]],

[ 55, 25, 0,[ 53, 54, 56, 57]],

[ 32, 95, 0,[ 33, 31, 30, 34]],

[ 35, 95, 0,[ 36, 37, 33, 34]],

[ 61, 35, 1,[ 62, 63, 60, 59]],

[ 90, 95, 0,[ 92, 91, 89, 88]],

[ 42, 95, 0,[ 44, 40, 43, 41]],

[ 22, 85, 0,[ 20, 21, 24, 23]],

[ 73, 25, 0,[ 72, 75, 71, 74]],

[ 50, 25, 0,[ 48, 51, 49, 52]],

[ 83, 95, 0,[ 82, 81, 85, 84]],

[ 80, 95, 0,[ 82, 78, 81, 79]],

[ 56, 25, 0,[ 55, 57, 58, 54]],

[ 3, 25, 0,[ 5, 4, 2, 1]],

[ 7, 25, 0,[ 5, 9, 6, 8]],

[ 37, 95, 0,[ 39, 36, 38, 35]],

[ 44, 95, 0,[ 42, 46, 43, 45]],

[ 48, 25, 0,[ 46, 49, 50, 47]],

[ 39, 95, 0,[ 40, 41, 37, 38]],

[ 10, 25, 0,[ 12, 11, 8, 9]],

[ 85, 95, 0,[ 87, 86, 83, 84]],

[ 49, 25, 0,[ 51, 47, 48, 50]],

[ 79, 95, 0,[ 80, 81, 78, 77]],

[ 41, 95, 0,[ 40, 42, 43, 39]],

[ 31, 95, 0,[ 30, 32, 33, 29]],

[ 72, 25, 0,[ 71, 70, 74, 73]],

[ 0, 25, 0,[ 1, 99, 98, 2]],

[ 63, 25, 0,[ 61, 64, 62, 65]],

[ 74, 25, 0,[ 76, 72, 73, 75]],

[ 18, 85, 0,[ 17, 16, 19, 20]],

[ 53, 25, 0,[ 54, 52, 55, 51]],

[ 21, 85, 0,[ 20, 19, 23, 22]],

[ 16, 85, 0,[ 18, 15, 17, 14]],

[ 14, 85, 0,[ 12, 16, 15, 13]],

[ 17, 85, 1,[ 15, 16, 18, 19]],

[ 25, 95, 0,[ 23, 27, 26, 24]],

[ 29, 95, 0,[ 31, 30, 28, 27]],

[ 52, 25, 0,[ 51, 50, 53, 54]],

[ 65, 25, 1,[ 64, 66, 63, 67]],

[ 45, 95, 0,[ 47, 43, 44, 46]],

[ 96, 25, 0,[ 97, 94, 98, 95]],

[ 11, 25, 0,[ 12, 9, 10, 13]],

[ 94, 15, 1,[ 92, 95, 96, 93]],

[ 82, 95, 0,[ 80, 83, 81, 84]],

[ 59, 25, 0,[ 61, 60, 58, 57]],

[ 23, 65, 1,[ 25, 21, 22, 24]],

[ 24, 95, 0,[ 26, 23, 22, 25]],

[ 67, 25, 0,[ 69, 66, 68, 65]],

[ 5, 25, 0,[ 4, 3, 6, 7]],

[ 1, 25, 0,[ 0, 2, 99, 3]],

[ 19, 85, 0,[ 21, 20, 17, 18]],

[ 4, 25, 0,[ 3, 6, 2, 5]],

[ 69, 25, 0,[ 71, 67, 68, 70]],

[ 34, 95, 0,[ 36, 33, 32, 35]],

[ 81, 95, 0,[ 83, 80, 82, 79]],

[ 27, 95, 0,[ 28, 29, 26, 25]],

[ 40, 95, 0,[ 38, 39, 42, 41]],

[ 57, 25, 0,[ 58, 59, 55, 56]],

[ 2, 25, 0,[ 3, 4, 0, 1]],

[ 78, 95, 0,[ 77, 80, 76, 79]],

[ 92, 95, 0,[ 94, 93, 90, 91]],

[ 64, 25, 0,[ 66, 62, 65, 63]],

[ 89, 95, 0,[ 87, 90, 88, 91]],

[ 47, 25, 0,[ 46, 49, 45, 48]],

[ 88, 95, 0,[ 89, 90, 87, 86]],

[ 30, 95, 0,[ 32, 29, 28, 31]],

[ 13, 25, 0,[ 15, 12, 11, 14]],

