[ 17, 95, 0,[ 16, 15, 18, 19]],

[ 19, 95, 0,[ 18, 21, 17, 20]],

[ 75, 95, 0,[ 74, 73, 77, 76]],

[ 55, 75, 1,[ 57, 53, 54, 56]],

[ 85, 5, 0,[ 86, 83, 84, 87]],

[ 32, 5, 0,[ 31, 30, 34, 33]],

[ 5, 95, 0,[ 3, 6, 4, 7]],

[ 77, 95, 0,[ 79, 76, 75, 78]],

[ 92, 95, 0,[ 91, 90, 94, 93]],

[ 9, 95, 0,[ 10, 11, 7, 8]],

[ 61, 35, 0,[ 62, 63, 60, 59]],

[ 90, 5, 0,[ 91, 88, 89, 92]],

[ 94, 95, 0,[ 92, 95, 93, 96]],

[ 20, 95, 0,[ 18, 21, 22, 19]],

[ 97, 95, 0,[ 98, 99, 96, 95]],

[ 87, 5, 0,[ 85, 86, 88, 89]],

[ 22, 55, 0,[ 24, 21, 23, 20]],

[ 84, 35, 1,[ 85, 83, 86, 82]],

[ 80, 95, 0,[ 82, 81, 79, 78]],

[ 0, 95, 0,[ 98, 2, 99, 1]],

[ 25, 55, 1,[ 24, 27, 26, 23]],

[ 23, 75, 1,[ 21, 25, 24, 22]],

[ 78, 95, 0,[ 80, 76, 79, 77]],

[ 24, 55, 0,[ 26, 22, 25, 23]],

[ 12, 95, 0,[ 10, 13, 14, 11]],

[ 15, 95, 0,[ 13, 16, 14, 17]],

[ 14, 95, 0,[ 15, 13, 12, 16]],

[ 74, 95, 0,[ 75, 73, 72, 76]],

[ 89, 5, 0,[ 91, 90, 87, 88]],

[ 16, 95, 0,[ 18, 17, 14, 15]],

[ 72, 55, 0,[ 70, 74, 71, 73]],

[ 52, 45, 0,[ 54, 51, 50, 53]],

[ 88, 5, 0,[ 87, 89, 86, 90]],

[ 59, 45, 0,[ 61, 57, 60, 58]],

[ 56, 45, 0,[ 54, 55, 58, 57]],

[ 4, 5, 1,[ 3, 2, 5, 6]],

[ 71, 55, 0,[ 72, 69, 73, 70]],

[ 70, 15, 0,[ 69, 68, 71, 72]],

[ 26, 15, 0,[ 27, 24, 28, 25]],

[ 98, 95, 0,[ 0, 99, 97, 96]],

[ 65, 15, 0,[ 64, 63, 66, 67]],

[ 13, 95, 0,[ 14, 15, 12, 11]],

[ 91, 45, 1,[ 90, 92, 93, 89]],

[ 41, 75, 0,[ 42, 39, 43, 40]],

[ 60, 45, 0,[ 61, 62, 59, 58]],

[ 27, 35, 1,[ 26, 28, 29, 25]],

[ 2, 95, 0,[ 0, 4, 1, 3]],

[ 42, 75, 0,[ 41, 40, 43, 44]],

[ 82, 95, 0,[ 83, 81, 84, 80]],

[ 99, 95, 0,[ 1, 97, 0, 98]],

[ 64, 15, 0,[ 65, 63, 66, 62]],

[ 31, 5, 0,[ 29, 32, 30, 33]],

[ 53, 45, 0,[ 52, 55, 54, 51]],

[ 67, 15, 0,[ 66, 68, 69, 65]],

[ 43, 75, 0,[ 42, 44, 45, 41]],

[ 95, 95, 0,[ 94, 93, 97, 96]],

[ 37, 75, 0,[ 36, 39, 35, 38]],

[ 83, 5, 0,[ 81, 84, 85, 82]],

[ 57, 45, 0,[ 58, 59, 55, 56]],

[ 73, 95, 0,[ 75, 74, 72, 71]],

[ 30, 5, 0,[ 29, 31, 28, 32]],

[ 96, 95, 0,[ 94, 95, 97, 98]],

[ 48, 45, 0,[ 46, 49, 50, 47]],

[ 38, 75, 0,[ 37, 39, 36, 40]],

[ 33, 95, 0,[ 31, 35, 32, 34]],

[ 28, 15, 0,[ 27, 30, 29, 26]],

[ 45, 75, 0,[ 43, 44, 47, 46]],

[ 11, 95, 0,[ 9, 12, 10, 13]],

[ 66, 15, 0,[ 68, 67, 64, 65]],

[ 69, 15, 0,[ 67, 70, 68, 71]],

[ 8, 55, 0,[ 10, 9, 7, 6]],

[ 93, 95, 0,[ 94, 92, 95, 91]],

[ 79, 95, 0,[ 80, 81, 77, 78]],

[ 50, 45, 0,[ 49, 52, 48, 51]],

[ 34, 95, 0,[ 35, 33, 36, 32]],

[ 35, 25, 1,[ 36, 37, 33, 34]],

[ 51, 45, 0,[ 50, 49, 52, 53]],

[ 7, 55, 0,[ 8, 9, 5, 6]],

[ 40, 75, 0,[ 41, 39, 42, 38]],

[ 49, 45, 0,[ 50, 51, 48, 47]],

[ 76, 95, 0,[ 77, 78, 75, 74]],

[ 39, 75, 0,[ 40, 37, 41, 38]],

[ 44, 75, 0,[ 42, 45, 46, 43]],

[ 46, 75, 0,[ 44, 48, 47, 45]],

[ 18, 95, 1,[ 20, 16, 17, 19]],

[ 47, 75, 0,[ 49, 45, 48, 46]],

[ 62, 35, 0,[ 60, 61, 64, 63]],

[ 21, 95, 0,[ 22, 20, 19, 23]],

[ 10, 95, 0,[ 11, 12, 8, 9]],

[ 81, 95, 0,[ 80, 82, 79, 83]],

[ 63, 35, 0,[ 61, 62, 65, 64]],

[ 54, 45, 0,[ 53, 56, 52, 55]],

[ 36, 45, 1,[ 37, 35, 34, 38]],

[ 68, 15, 0,[ 67, 66, 70, 69]],

[ 6, 55, 0,[ 7, 8, 5, 4]],

[ 1, 95, 0,[ 99, 0, 2, 3]],

[ 86, 5, 0,[ 85, 88, 87, 84]],

[ 29, 35, 0,[ 31, 30, 28, 27]],

[ 3, 95, 0,[ 1, 4, 5, 2]],

[ 58, 45, 0,[ 59, 60, 57, 56]],

