[ 19, 85, 0,[ 17, 18, 21, 20]],

[ 94, 15, 0,[ 92, 95, 96, 93]],

[ 84, 45, 1,[ 83, 86, 82, 85]],

[ 21, 85, 1,[ 23, 19, 22, 20]],

[ 5, 95, 0,[ 6, 4, 3, 7]],

[ 60, 95, 0,[ 62, 58, 61, 59]],

[ 14, 95, 1,[ 15, 12, 16, 13]],

[ 70, 55, 0,[ 69, 71, 68, 72]],

[ 41, 75, 0,[ 43, 39, 40, 42]],

[ 30, 95, 0,[ 29, 32, 28, 31]],

[ 35, 55, 0,[ 36, 34, 37, 33]],

[ 49, 75, 0,[ 50, 51, 48, 47]],

[ 91, 55, 0,[ 90, 92, 89, 93]],

[ 99, 95, 0,[ 1, 97, 0, 98]],

[ 10, 85, 0,[ 8, 9, 12, 11]],

[ 4, 95, 0,[ 5, 3, 2, 6]],

[ 0, 95, 0,[ 99, 1, 2, 98]],

[ 37, 15, 0,[ 38, 36, 35, 39]],

[ 13, 25, 1,[ 12, 15, 11, 14]],

[ 12, 65, 1,[ 11, 13, 10, 14]],

[ 56, 55, 1,[ 57, 58, 55, 54]],

[ 88, 45, 1,[ 90, 87, 86, 89]],

[ 24, 85, 0,[ 26, 22, 23, 25]],

[ 7, 85, 0,[ 6, 5, 8, 9]],

[ 76, 5, 0,[ 75, 77, 78, 74]],

[ 17, 75, 1,[ 19, 16, 18, 15]],

[ 53, 35, 0,[ 55, 51, 52, 54]],

[ 16, 35, 0,[ 15, 18, 17, 14]],

[ 96, 15, 1,[ 98, 95, 97, 94]],

[ 98, 65, 1,[ 0, 96, 97, 99]],

[ 90, 25, 1,[ 89, 88, 92, 91]],

[ 97, 15, 0,[ 98, 99, 96, 95]],

[ 36, 55, 1,[ 38, 35, 37, 34]],

[ 95, 15, 0,[ 94, 97, 96, 93]],

[ 54, 45, 1,[ 52, 56, 53, 55]],

[ 46, 65, 1,[ 45, 48, 44, 47]],

[ 48, 5, 1,[ 47, 49, 50, 46]],

[ 38, 15, 1,[ 40, 36, 39, 37]],

[ 58, 95, 0,[ 60, 56, 59, 57]],

[ 29, 95, 0,[ 30, 27, 28, 31]],

[ 23, 85, 1,[ 25, 22, 21, 24]],

[ 18, 25, 1,[ 20, 16, 19, 17]],

[ 42, 45, 1,[ 40, 43, 44, 41]],

[ 6, 75, 1,[ 5, 4, 7, 8]],

[ 55, 35, 0,[ 54, 53, 57, 56]],

[ 85, 45, 0,[ 86, 84, 87, 83]],

[ 83, 45, 0,[ 82, 81, 84, 85]],

[ 25, 85, 0,[ 23, 26, 24, 27]],

[ 89, 95, 1,[ 91, 90, 88, 87]],

[ 22, 55, 1,[ 23, 24, 21, 20]],

[ 66, 85, 0,[ 68, 67, 65, 64]],

[ 64, 25, 1,[ 66, 63, 62, 65]],

[ 92, 5, 1,[ 91, 94, 90, 93]],

[ 75, 5, 0,[ 74, 77, 76, 73]],

[ 3, 95, 0,[ 2, 1, 5, 4]],

[ 1, 95, 0,[ 3, 0, 2, 99]],

[ 71, 55, 0,[ 73, 69, 72, 70]],

[ 39, 15, 1,[ 37, 40, 41, 38]],

[ 67, 75, 1,[ 65, 68, 69, 66]],

[ 32, 95, 0,[ 31, 33, 34, 30]],

[ 72, 55, 0,[ 70, 73, 74, 71]],

[ 11, 85, 0,[ 13, 9, 10, 12]],

[ 44, 75, 1,[ 46, 42, 45, 43]],

[ 8, 85, 1,[ 9, 6, 7, 10]],

[ 59, 95, 0,[ 57, 61, 58, 60]],

[ 61, 95, 1,[ 62, 60, 63, 59]],

[ 20, 85, 0,[ 19, 22, 21, 18]],

[ 79, 5, 0,[ 81, 77, 80, 78]],

[ 73, 65, 1,[ 71, 75, 72, 74]],

[ 81, 5, 0,[ 82, 83, 79, 80]],

[ 47, 75, 1,[ 49, 46, 45, 48]],

[ 69, 35, 1,[ 70, 68, 71, 67]],

[ 80, 5, 0,[ 82, 78, 79, 81]],

[ 82, 75, 1,[ 84, 81, 80, 83]],

[ 86, 45, 0,[ 84, 85, 87, 88]],

[ 2, 95, 1,[ 3, 1, 4, 0]],

[ 26, 85, 1,[ 27, 24, 28, 25]],

[ 74, 5, 1,[ 76, 72, 73, 75]],

[ 15, 65, 1,[ 14, 16, 13, 17]],

[ 31, 95, 1,[ 32, 29, 30, 33]],

[ 50, 25, 1,[ 49, 52, 48, 51]],

[ 63, 95, 1,[ 62, 61, 64, 65]],

[ 68, 85, 1,[ 70, 67, 66, 69]],

[ 28, 5, 1,[ 29, 27, 26, 30]],

[ 34, 55, 0,[ 32, 33, 36, 35]],

[ 93, 15, 1,[ 92, 95, 94, 91]],

[ 77, 5, 0,[ 76, 79, 75, 78]],

[ 33, 25, 1,[ 32, 31, 35, 34]],

[ 62, 95, 1,[ 63, 64, 61, 60]],

[ 27, 85, 1,[ 25, 26, 29, 28]],

[ 45, 75, 0,[ 43, 47, 44, 46]],

[ 51, 35, 0,[ 52, 49, 53, 50]],

[ 57, 95, 0,[ 55, 58, 59, 56]],

[ 87, 45, 0,[ 86, 88, 89, 85]],

[ 78, 5, 1,[ 76, 79, 77, 80]],

[ 40, 75, 1,[ 42, 39, 38, 41]],

[ 52, 55, 1,[ 53, 50, 51, 54]],

[ 65, 85, 1,[ 67, 64, 63, 66]],

[ 43, 75, 0,[ 44, 42, 41, 45]],

[ 9, 85, 0,[ 10, 8, 11, 7]],

