[ 65, 85, 0,[ 63, 64, 67, 66]],

[ 50, 65, 0,[ 51, 52, 48, 49]],

[ 26, 55, 1,[ 25, 27, 28, 24]],

[ 58, 5, 0,[ 60, 59, 56, 57]],

[ 48, 85, 0,[ 49, 46, 47, 50]],

[ 55, 65, 0,[ 57, 53, 54, 56]],

[ 49, 5, 1,[ 48, 51, 50, 47]],

[ 3, 75, 0,[ 1, 5, 2, 4]],

[ 41, 55, 0,[ 43, 40, 39, 42]],

[ 14, 75, 0,[ 15, 12, 16, 13]],

[ 75, 5, 0,[ 73, 77, 76, 74]],

[ 9, 45, 0,[ 11, 8, 7, 10]],

[ 64, 25, 0,[ 65, 62, 63, 66]],

[ 25, 55, 0,[ 23, 26, 27, 24]],

[ 78, 5, 0,[ 77, 80, 79, 76]],

[ 12, 75, 0,[ 10, 13, 14, 11]],

[ 56, 5, 0,[ 54, 55, 57, 58]],

[ 30, 15, 0,[ 31, 28, 32, 29]],

[ 36, 85, 0,[ 38, 37, 35, 34]],

[ 24, 55, 0,[ 25, 22, 26, 23]],

[ 91, 55, 0,[ 90, 89, 92, 93]],

[ 71, 85, 0,[ 73, 70, 69, 72]],

[ 99, 75, 0,[ 0, 98, 1, 97]],

[ 84, 5, 0,[ 82, 83, 85, 86]],

[ 51, 65, 0,[ 49, 52, 50, 53]],

[ 35, 85, 0,[ 33, 37, 36, 34]],

[ 45, 55, 0,[ 43, 44, 46, 47]],

[ 46, 85, 0,[ 47, 44, 48, 45]],

[ 53, 65, 0,[ 52, 55, 51, 54]],

[ 6, 45, 1,[ 8, 4, 5, 7]],

[ 77, 5, 0,[ 75, 78, 76, 79]],

[ 79, 5, 0,[ 78, 80, 77, 81]],

[ 76, 5, 0,[ 74, 78, 75, 77]],

[ 85, 55, 0,[ 84, 83, 87, 86]],

[ 96, 75, 0,[ 97, 95, 94, 98]],

[ 54, 65, 0,[ 53, 56, 52, 55]],

[ 80, 5, 0,[ 82, 79, 81, 78]],

[ 59, 5, 0,[ 61, 60, 57, 58]],

[ 1, 75, 0,[ 99, 2, 3, 0]],

[ 66, 85, 0,[ 68, 67, 65, 64]],

[ 11, 45, 0,[ 10, 13, 9, 12]],

[ 70, 85, 0,[ 72, 68, 69, 71]],

[ 31, 15, 0,[ 32, 30, 29, 33]],

[ 22, 55, 0,[ 21, 20, 23, 24]],

[ 90, 55, 0,[ 92, 88, 91, 89]],

[ 42, 55, 0,[ 44, 41, 40, 43]],

[ 94, 5, 0,[ 92, 93, 96, 95]],

[ 20, 55, 0,[ 19, 21, 18, 22]],

[ 39, 35, 1,[ 41, 40, 38, 37]],

[ 61, 25, 0,[ 62, 59, 60, 63]],

[ 72, 85, 1,[ 74, 70, 73, 71]],

[ 18, 65, 1,[ 19, 17, 20, 16]],

[ 15, 5, 0,[ 13, 17, 16, 14]],

[ 44, 55, 0,[ 43, 45, 46, 42]],

[ 92, 5, 0,[ 93, 94, 91, 90]],

[ 60, 5, 0,[ 58, 62, 61, 59]],

[ 10, 85, 1,[ 11, 8, 9, 12]],

[ 8, 85, 0,[ 9, 10, 7, 6]],

[ 0, 75, 0,[ 2, 98, 1, 99]],

[ 86, 55, 0,[ 84, 87, 85, 88]],

[ 17, 5, 0,[ 18, 19, 16, 15]],

[ 13, 75, 0,[ 11, 15, 12, 14]],

[ 38, 35, 0,[ 39, 37, 36, 40]],

[ 2, 75, 0,[ 0, 4, 1, 3]],

[ 19, 55, 0,[ 17, 20, 21, 18]],

[ 69, 85, 0,[ 71, 67, 70, 68]],

[ 27, 15, 1,[ 28, 29, 25, 26]],

[ 47, 85, 0,[ 45, 49, 48, 46]],

[ 73, 75, 1,[ 74, 75, 71, 72]],

[ 34, 85, 0,[ 32, 35, 33, 36]],

[ 28, 15, 0,[ 27, 29, 30, 26]],

[ 67, 85, 0,[ 65, 68, 69, 66]],

[ 83, 5, 0,[ 85, 84, 82, 81]],

[ 23, 55, 0,[ 22, 25, 21, 24]],

[ 74, 5, 0,[ 73, 75, 76, 72]],

[ 43, 55, 0,[ 42, 41, 45, 44]],

[ 16, 5, 0,[ 15, 17, 14, 18]],

[ 89, 55, 0,[ 88, 91, 87, 90]],

[ 57, 5, 0,[ 58, 55, 59, 56]],

[ 7, 75, 1,[ 8, 9, 5, 6]],

[ 68, 85, 0,[ 67, 69, 66, 70]],

[ 52, 65, 0,[ 53, 54, 51, 50]],

[ 37, 85, 0,[ 35, 36, 38, 39]],

[ 87, 55, 0,[ 89, 88, 86, 85]],

[ 29, 15, 0,[ 28, 27, 31, 30]],

[ 95, 75, 0,[ 97, 93, 96, 94]],

[ 4, 75, 0,[ 5, 2, 6, 3]],

[ 88, 55, 0,[ 87, 90, 89, 86]],

[ 5, 75, 0,[ 6, 7, 4, 3]],

[ 33, 85, 0,[ 32, 31, 34, 35]],

[ 81, 5, 0,[ 82, 79, 83, 80]],

[ 62, 25, 0,[ 60, 61, 64, 63]],

[ 93, 5, 0,[ 92, 91, 95, 94]],

[ 63, 25, 0,[ 65, 61, 62, 64]],

[ 98, 75, 0,[ 99, 97, 96, 0]],

[ 97, 75, 0,[ 96, 95, 98, 99]],

[ 82, 5, 0,[ 83, 80, 81, 84]],

[ 40, 55, 0,[ 41, 42, 38, 39]],

[ 21, 55, 0,[ 19, 23, 20, 22]],

[ 32, 85, 0,[ 31, 33, 34, 30]],

