[ 91, 65, 1,[ 90, 92, 93, 89]],

[ 25, 95, 0,[ 24, 27, 23, 26]],

[ 67, 95, 0,[ 66, 65, 69, 68]],

[ 56, 95, 0,[ 57, 58, 55, 54]],

[ 84, 65, 0,[ 85, 83, 86, 82]],

[ 42, 95, 0,[ 40, 44, 41, 43]],

[ 8, 75, 0,[ 9, 10, 6, 7]],

[ 83, 65, 0,[ 82, 85, 81, 84]],

[ 13, 75, 0,[ 11, 15, 12, 14]],

[ 87, 65, 0,[ 85, 88, 89, 86]],

[ 41, 95, 0,[ 43, 39, 42, 40]],

[ 4, 75, 0,[ 2, 6, 5, 3]],

[ 93, 65, 0,[ 95, 94, 91, 92]],

[ 11, 75, 0,[ 9, 13, 10, 12]],

[ 72, 95, 0,[ 74, 73, 71, 70]],

[ 82, 65, 0,[ 84, 83, 80, 81]],

[ 40, 95, 0,[ 38, 42, 39, 41]],

[ 52, 95, 0,[ 54, 53, 50, 51]],

[ 17, 75, 0,[ 18, 15, 19, 16]],

[ 47, 95, 0,[ 45, 46, 49, 48]],

[ 14, 75, 0,[ 13, 12, 15, 16]],

[ 69, 95, 0,[ 67, 70, 68, 71]],

[ 44, 95, 0,[ 45, 42, 43, 46]],

[ 97, 65, 0,[ 98, 96, 95, 99]],

[ 94, 65, 0,[ 92, 95, 93, 96]],

[ 19, 95, 0,[ 20, 18, 21, 17]],

[ 38, 95, 0,[ 39, 40, 36, 37]],

[ 33, 95, 0,[ 34, 31, 35, 32]],

[ 31, 95, 0,[ 30, 29, 33, 32]],

[ 34, 95, 0,[ 35, 32, 36, 33]],

[ 12, 75, 0,[ 14, 13, 11, 10]],

[ 57, 95, 0,[ 59, 58, 56, 55]],

[ 76, 95, 0,[ 77, 74, 78, 75]],

[ 27, 95, 1,[ 28, 26, 25, 29]],

[ 68, 95, 0,[ 66, 70, 69, 67]],

[ 59, 95, 0,[ 58, 60, 61, 57]],

[ 7, 75, 0,[ 5, 6, 9, 8]],

[ 0, 75, 0,[ 1, 98, 2, 99]],

[ 85, 65, 0,[ 86, 87, 83, 84]],

[ 90, 65, 0,[ 91, 88, 92, 89]],

[ 86, 65, 0,[ 88, 84, 87, 85]],

[ 26, 95, 0,[ 25, 27, 28, 24]],

[ 73, 95, 0,[ 74, 75, 71, 72]],

[ 70, 95, 0,[ 68, 69, 72, 71]],

[ 18, 95, 0,[ 19, 16, 20, 17]],

[ 10, 75, 0,[ 11, 9, 8, 12]],

[ 74, 95, 0,[ 72, 75, 76, 73]],

[ 15, 75, 1,[ 14, 17, 16, 13]],

[ 28, 95, 0,[ 27, 26, 29, 30]],

[ 30, 95, 0,[ 28, 29, 31, 32]],

[ 43, 95, 0,[ 45, 41, 42, 44]],

[ 99, 75, 0,[ 1, 98, 0, 97]],

[ 98, 55, 1,[ 97, 96, 99, 0]],

[ 45, 95, 0,[ 43, 44, 46, 47]],

[ 24, 95, 0,[ 23, 25, 26, 22]],

[ 65, 95, 0,[ 67, 66, 63, 64]],

[ 35, 95, 0,[ 33, 37, 34, 36]],

[ 77, 95, 0,[ 78, 79, 75, 76]],

[ 1, 75, 0,[ 99, 2, 3, 0]],

[ 32, 95, 0,[ 31, 34, 30, 33]],

[ 50, 95, 0,[ 49, 48, 52, 51]],

[ 9, 75, 0,[ 11, 7, 10, 8]],

[ 88, 65, 1,[ 87, 90, 89, 86]],

[ 62, 95, 0,[ 61, 64, 63, 60]],

[ 63, 95, 0,[ 64, 65, 61, 62]],

[ 49, 95, 0,[ 50, 47, 51, 48]],

[ 20, 95, 0,[ 18, 19, 22, 21]],

[ 81, 65, 0,[ 83, 82, 79, 80]],

[ 36, 95, 0,[ 38, 37, 35, 34]],

[ 53, 95, 0,[ 54, 51, 52, 55]],

[ 60, 95, 0,[ 58, 62, 59, 61]],

[ 71, 95, 1,[ 73, 70, 72, 69]],

[ 37, 95, 0,[ 38, 39, 35, 36]],

[ 29, 95, 0,[ 30, 27, 31, 28]],

[ 80, 65, 0,[ 79, 82, 81, 78]],

[ 79, 65, 0,[ 77, 81, 78, 80]],

[ 54, 95, 0,[ 53, 56, 52, 55]],

[ 51, 95, 0,[ 53, 49, 50, 52]],

[ 92, 65, 0,[ 94, 91, 90, 93]],

[ 2, 95, 1,[ 0, 4, 1, 3]],

[ 16, 75, 0,[ 15, 14, 17, 18]],

[ 5, 75, 1,[ 7, 3, 6, 4]],

[ 95, 65, 0,[ 97, 96, 94, 93]],

[ 21, 95, 0,[ 19, 23, 20, 22]],

[ 46, 95, 0,[ 45, 48, 44, 47]],

[ 61, 95, 0,[ 62, 63, 60, 59]],

[ 75, 95, 0,[ 73, 76, 77, 74]],

[ 58, 95, 0,[ 60, 57, 59, 56]],

[ 39, 95, 0,[ 41, 38, 37, 40]],

[ 6, 75, 0,[ 5, 8, 7, 4]],

[ 96, 65, 0,[ 98, 97, 95, 94]],

[ 3, 75, 0,[ 4, 5, 1, 2]],

[ 23, 95, 1,[ 25, 24, 21, 22]],

[ 89, 65, 0,[ 87, 90, 91, 88]],

[ 48, 95, 0,[ 47, 50, 49, 46]],

[ 55, 95, 0,[ 54, 56, 53, 57]],

[ 64, 95, 0,[ 66, 65, 63, 62]],

[ 66, 95, 0,[ 64, 68, 67, 65]],

[ 22, 95, 0,[ 23, 20, 21, 24]],

[ 78, 75, 1,[ 79, 77, 80, 76]],

