[ 84, 45, 0,[ 82, 86, 83, 85]],

[ 64, 65, 0,[ 62, 65, 63, 66]],

[ 92, 15, 1,[ 91, 93, 94, 90]],

[ 21, 5, 0,[ 22, 23, 19, 20]],

[ 26, 65, 0,[ 27, 25, 28, 24]],

[ 54, 75, 1,[ 52, 53, 56, 55]],

[ 50, 75, 0,[ 49, 52, 51, 48]],

[ 43, 55, 0,[ 44, 41, 45, 42]],

[ 79, 45, 0,[ 78, 77, 81, 80]],

[ 11, 55, 0,[ 10, 9, 12, 13]],

[ 70, 75, 0,[ 69, 72, 71, 68]],

[ 7, 95, 1,[ 8, 9, 6, 5]],

[ 49, 55, 1,[ 50, 51, 47, 48]],

[ 93, 85, 0,[ 94, 91, 95, 92]],

[ 53, 75, 0,[ 52, 51, 55, 54]],

[ 72, 75, 1,[ 74, 70, 71, 73]],

[ 40, 15, 1,[ 38, 42, 41, 39]],

[ 6, 25, 1,[ 4, 8, 7, 5]],

[ 38, 15, 0,[ 40, 37, 39, 36]],

[ 36, 25, 1,[ 35, 37, 38, 34]],

[ 96, 85, 0,[ 97, 95, 94, 98]],

[ 68, 75, 1,[ 70, 67, 69, 66]],

[ 88, 55, 1,[ 89, 90, 86, 87]],

[ 44, 55, 1,[ 45, 42, 43, 46]],

[ 24, 85, 1,[ 23, 22, 25, 26]],

[ 46, 55, 0,[ 47, 48, 45, 44]],

[ 71, 75, 0,[ 73, 69, 70, 72]],

[ 95, 85, 0,[ 93, 94, 97, 96]],

[ 82, 75, 1,[ 80, 81, 83, 84]],

[ 63, 65, 1,[ 62, 61, 65, 64]],

[ 60, 45, 1,[ 59, 58, 62, 61]],

[ 59, 75, 0,[ 61, 57, 60, 58]],

[ 76, 45, 0,[ 75, 74, 77, 78]],

[ 69, 75, 0,[ 71, 67, 68, 70]],

[ 67, 75, 0,[ 66, 69, 68, 65]],

[ 62, 65, 0,[ 63, 61, 60, 64]],

[ 66, 15, 1,[ 67, 64, 65, 68]],

[ 1, 65, 1,[ 0, 99, 2, 3]],

[ 61, 25, 1,[ 63, 60, 59, 62]],

[ 17, 85, 1,[ 16, 19, 18, 15]],

[ 77, 45, 0,[ 78, 79, 75, 76]],

[ 74, 75, 1,[ 75, 76, 72, 73]],

[ 31, 25, 1,[ 29, 33, 32, 30]],

[ 39, 15, 0,[ 41, 40, 38, 37]],

[ 91, 75, 1,[ 92, 93, 90, 89]],

[ 80, 45, 0,[ 78, 79, 81, 82]],

[ 94, 85, 1,[ 93, 92, 96, 95]],

[ 29, 45, 1,[ 27, 30, 28, 31]],

[ 25, 55, 1,[ 24, 27, 23, 26]],

[ 8, 75, 1,[ 7, 9, 10, 6]],

[ 5, 65, 0,[ 4, 3, 6, 7]],

[ 90, 55, 0,[ 89, 92, 88, 91]],

[ 10, 65, 1,[ 12, 8, 9, 11]],

[ 13, 55, 1,[ 15, 14, 11, 12]],

[ 52, 75, 0,[ 54, 53, 51, 50]],

[ 75, 25, 1,[ 77, 74, 73, 76]],

[ 97, 85, 0,[ 96, 99, 95, 98]],

[ 86, 45, 0,[ 85, 84, 87, 88]],

[ 34, 85, 1,[ 32, 35, 36, 33]],

[ 19, 5, 1,[ 20, 17, 18, 21]],

[ 22, 45, 1,[ 23, 20, 21, 24]],

[ 58, 85, 1,[ 57, 59, 56, 60]],

[ 35, 85, 0,[ 37, 33, 34, 36]],

[ 73, 75, 0,[ 72, 74, 75, 71]],

[ 28, 65, 1,[ 26, 29, 30, 27]],

[ 0, 55, 1,[ 2, 98, 1, 99]],

[ 4, 65, 0,[ 3, 5, 2, 6]],

[ 45, 55, 0,[ 44, 46, 43, 47]],

[ 32, 85, 0,[ 30, 34, 33, 31]],

[ 99, 25, 1,[ 1, 97, 98, 0]],

[ 23, 65, 1,[ 22, 25, 21, 24]],

[ 98, 35, 1,[ 97, 0, 96, 99]],

[ 65, 65, 0,[ 67, 66, 63, 64]],

[ 87, 45, 1,[ 88, 89, 85, 86]],

[ 57, 75, 1,[ 55, 59, 58, 56]],

[ 42, 25, 1,[ 40, 43, 44, 41]],

[ 33, 85, 0,[ 35, 31, 34, 32]],

[ 20, 5, 0,[ 18, 19, 21, 22]],

[ 37, 85, 1,[ 38, 35, 39, 36]],

[ 56, 75, 0,[ 58, 55, 57, 54]],

[ 18, 15, 1,[ 19, 20, 17, 16]],

[ 48, 55, 0,[ 49, 50, 46, 47]],

[ 15, 85, 0,[ 17, 16, 13, 14]],

[ 12, 55, 1,[ 10, 14, 11, 13]],

[ 14, 95, 1,[ 13, 12, 16, 15]],

[ 16, 85, 1,[ 14, 15, 17, 18]],

[ 85, 95, 1,[ 84, 87, 83, 86]],

[ 27, 65, 0,[ 25, 28, 26, 29]],

[ 9, 55, 0,[ 7, 8, 10, 11]],

[ 89, 55, 0,[ 88, 91, 87, 90]],

[ 83, 45, 1,[ 85, 81, 84, 82]],

[ 41, 15, 0,[ 42, 40, 43, 39]],

[ 3, 65, 0,[ 1, 2, 5, 4]],

[ 51, 75, 0,[ 49, 50, 53, 52]],

[ 55, 75, 0,[ 56, 57, 53, 54]],

[ 30, 95, 1,[ 29, 32, 31, 28]],

[ 78, 45, 0,[ 77, 79, 80, 76]],

[ 2, 65, 0,[ 4, 1, 3, 0]],

[ 81, 45, 0,[ 83, 79, 82, 80]],

[ 47, 75, 1,[ 45, 49, 48, 46]],

