[ 74, 95, 0,[ 73, 75, 72, 76]],

[ 11, 5, 0,[ 13, 9, 12, 10]],

[ 33, 75, 0,[ 31, 35, 34, 32]],

[ 49, 75, 0,[ 51, 48, 50, 47]],

[ 41, 75, 0,[ 42, 39, 43, 40]],

[ 45, 75, 0,[ 46, 47, 43, 44]],

[ 19, 5, 0,[ 21, 20, 17, 18]],

[ 40, 75, 0,[ 42, 38, 41, 39]],

[ 48, 75, 0,[ 49, 46, 47, 50]],

[ 12, 5, 0,[ 13, 11, 14, 10]],

[ 98, 65, 1,[ 0, 97, 99, 96]],

[ 5, 25, 1,[ 7, 6, 4, 3]],

[ 2, 65, 0,[ 0, 1, 3, 4]],

[ 91, 95, 0,[ 93, 89, 90, 92]],

[ 27, 45, 1,[ 29, 26, 28, 25]],

[ 28, 5, 1,[ 26, 27, 29, 30]],

[ 63, 95, 0,[ 62, 61, 64, 65]],

[ 44, 75, 0,[ 46, 43, 42, 45]],

[ 66, 95, 0,[ 68, 64, 67, 65]],

[ 89, 95, 0,[ 90, 91, 87, 88]],

[ 7, 5, 0,[ 9, 8, 6, 5]],

[ 0, 65, 0,[ 1, 99, 2, 98]],

[ 4, 65, 0,[ 6, 3, 5, 2]],

[ 56, 75, 0,[ 55, 57, 58, 54]],

[ 39, 75, 0,[ 41, 37, 40, 38]],

[ 38, 75, 0,[ 37, 36, 40, 39]],

[ 51, 75, 0,[ 50, 53, 49, 52]],

[ 84, 95, 0,[ 83, 85, 82, 86]],

[ 97, 65, 0,[ 99, 96, 98, 95]],

[ 96, 65, 0,[ 94, 95, 97, 98]],

[ 72, 95, 0,[ 71, 74, 70, 73]],

[ 83, 95, 0,[ 82, 81, 85, 84]],

[ 30, 75, 0,[ 28, 31, 32, 29]],

[ 55, 75, 0,[ 54, 57, 56, 53]],

[ 64, 95, 0,[ 66, 65, 63, 62]],

[ 36, 75, 0,[ 38, 35, 34, 37]],

[ 60, 75, 0,[ 61, 62, 59, 58]],

[ 78, 95, 1,[ 79, 80, 77, 76]],

[ 86, 95, 0,[ 88, 84, 87, 85]],

[ 8, 5, 0,[ 10, 9, 6, 7]],

[ 69, 95, 0,[ 68, 71, 70, 67]],

[ 37, 75, 0,[ 35, 36, 39, 38]],

[ 50, 75, 0,[ 51, 49, 48, 52]],

[ 58, 75, 0,[ 59, 57, 60, 56]],

[ 17, 5, 0,[ 19, 18, 16, 15]],

[ 70, 95, 0,[ 68, 72, 71, 69]],

[ 62, 95, 0,[ 61, 60, 63, 64]],

[ 75, 95, 0,[ 74, 73, 77, 76]],

[ 71, 95, 0,[ 70, 73, 69, 72]],

[ 59, 75, 0,[ 58, 61, 60, 57]],

[ 53, 75, 0,[ 54, 51, 55, 52]],

[ 73, 95, 0,[ 75, 71, 72, 74]],

[ 29, 95, 1,[ 28, 30, 27, 31]],

[ 26, 5, 0,[ 25, 24, 27, 28]],

[ 21, 5, 0,[ 19, 22, 23, 20]],

[ 34, 75, 0,[ 36, 32, 33, 35]],

[ 90, 95, 0,[ 92, 89, 88, 91]],

[ 47, 75, 0,[ 48, 46, 49, 45]],

[ 79, 95, 0,[ 78, 81, 77, 80]],

[ 57, 75, 0,[ 58, 59, 56, 55]],

[ 80, 95, 0,[ 82, 81, 79, 78]],

[ 61, 35, 1,[ 60, 63, 62, 59]],

[ 43, 75, 0,[ 41, 44, 45, 42]],

[ 15, 5, 0,[ 14, 13, 16, 17]],

[ 22, 5, 0,[ 21, 20, 23, 24]],

[ 99, 65, 0,[ 97, 0, 1, 98]],

[ 32, 75, 0,[ 34, 33, 31, 30]],

[ 13, 5, 0,[ 15, 12, 14, 11]],

[ 23, 5, 0,[ 25, 22, 24, 21]],

[ 65, 95, 0,[ 63, 64, 66, 67]],

[ 14, 5, 0,[ 12, 13, 15, 16]],

[ 95, 75, 1,[ 94, 93, 96, 97]],

[ 3, 65, 0,[ 4, 5, 2, 1]],

[ 20, 5, 0,[ 22, 19, 18, 21]],

[ 16, 5, 0,[ 15, 18, 14, 17]],

[ 18, 5, 0,[ 17, 19, 16, 20]],

[ 54, 25, 1,[ 52, 56, 55, 53]],

[ 92, 95, 0,[ 94, 90, 93, 91]],

[ 10, 5, 0,[ 8, 11, 12, 9]],

[ 87, 95, 0,[ 85, 88, 89, 86]],

[ 6, 5, 0,[ 4, 7, 8, 5]],

[ 25, 5, 0,[ 23, 26, 24, 27]],

[ 82, 95, 0,[ 84, 81, 80, 83]],

[ 46, 75, 0,[ 45, 44, 47, 48]],

[ 68, 95, 0,[ 70, 69, 66, 67]],

[ 77, 95, 0,[ 78, 79, 75, 76]],

[ 31, 75, 0,[ 29, 33, 30, 32]],

[ 67, 95, 0,[ 69, 65, 68, 66]],

[ 85, 95, 0,[ 84, 87, 83, 86]],

[ 1, 65, 0,[ 0, 3, 99, 2]],

[ 42, 75, 0,[ 40, 41, 44, 43]],

[ 93, 95, 0,[ 92, 91, 94, 95]],

[ 81, 95, 0,[ 80, 82, 83, 79]],

[ 52, 75, 0,[ 54, 50, 51, 53]],

[ 76, 95, 0,[ 74, 75, 78, 77]],

[ 9, 5, 0,[ 8, 11, 7, 10]],

[ 24, 5, 1,[ 26, 23, 22, 25]],

[ 88, 95, 0,[ 89, 86, 90, 87]],

[ 35, 75, 0,[ 34, 33, 37, 36]],

[ 94, 95, 0,[ 93, 92, 95, 96]],

