[ 26, 5, 0,[ 24, 28, 27, 25]],

[ 11, 45, 0,[ 10, 9, 12, 13]],

[ 55, 55, 0,[ 53, 57, 54, 56]],

[ 33, 5, 0,[ 31, 32, 34, 35]],

[ 97, 45, 0,[ 95, 99, 98, 96]],

[ 39, 5, 0,[ 41, 37, 40, 38]],

[ 93, 45, 0,[ 91, 94, 95, 92]],

[ 96, 45, 0,[ 98, 94, 95, 97]],

[ 25, 5, 0,[ 27, 26, 23, 24]],

[ 60, 55, 0,[ 59, 58, 62, 61]],

[ 92, 45, 0,[ 94, 93, 91, 90]],

[ 64, 85, 0,[ 66, 62, 65, 63]],

[ 13, 5, 0,[ 15, 14, 11, 12]],

[ 46, 5, 0,[ 48, 44, 45, 47]],

[ 71, 75, 1,[ 72, 69, 70, 73]],

[ 2, 45, 0,[ 3, 0, 1, 4]],

[ 62, 85, 0,[ 64, 63, 61, 60]],

[ 83, 55, 0,[ 81, 85, 84, 82]],

[ 91, 45, 0,[ 92, 90, 89, 93]],

[ 21, 5, 0,[ 19, 20, 23, 22]],

[ 12, 45, 0,[ 10, 14, 13, 11]],

[ 50, 55, 0,[ 49, 51, 48, 52]],

[ 61, 35, 1,[ 59, 62, 60, 63]],

[ 78, 55, 0,[ 80, 79, 77, 76]],

[ 14, 5, 0,[ 16, 15, 13, 12]],

[ 65, 15, 1,[ 66, 67, 63, 64]],

[ 37, 5, 0,[ 35, 38, 39, 36]],

[ 49, 55, 0,[ 51, 47, 50, 48]],

[ 74, 55, 0,[ 76, 73, 75, 72]],

[ 40, 5, 0,[ 38, 41, 39, 42]],

[ 18, 5, 0,[ 19, 20, 16, 17]],

[ 77, 55, 0,[ 75, 79, 78, 76]],

[ 87, 55, 0,[ 88, 86, 85, 89]],

[ 30, 5, 0,[ 28, 31, 29, 32]],

[ 57, 55, 0,[ 56, 58, 59, 55]],

[ 0, 45, 0,[ 99, 1, 98, 2]],

[ 32, 5, 0,[ 31, 30, 34, 33]],

[ 34, 5, 0,[ 35, 32, 33, 36]],

[ 7, 45, 0,[ 5, 8, 6, 9]],

[ 9, 45, 0,[ 11, 10, 7, 8]],

[ 38, 5, 0,[ 40, 36, 39, 37]],

[ 98, 45, 0,[ 96, 0, 99, 97]],

[ 79, 55, 0,[ 78, 77, 80, 81]],

[ 81, 55, 0,[ 79, 82, 80, 83]],

[ 85, 55, 0,[ 83, 84, 87, 86]],

[ 54, 55, 0,[ 52, 55, 56, 53]],

[ 17, 5, 0,[ 15, 18, 19, 16]],

[ 4, 45, 0,[ 5, 3, 6, 2]],

[ 88, 45, 0,[ 89, 90, 87, 86]],

[ 6, 45, 0,[ 8, 4, 7, 5]],

[ 59, 55, 1,[ 61, 60, 57, 58]],

[ 76, 55, 1,[ 77, 75, 74, 78]],

[ 58, 55, 0,[ 57, 60, 56, 59]],

[ 75, 55, 0,[ 77, 76, 73, 74]],

[ 10, 45, 0,[ 9, 11, 12, 8]],

[ 72, 55, 0,[ 70, 73, 71, 74]],

[ 27, 5, 0,[ 29, 25, 26, 28]],

[ 51, 55, 0,[ 52, 50, 53, 49]],

[ 41, 5, 0,[ 43, 42, 40, 39]],

[ 3, 45, 0,[ 4, 2, 5, 1]],

[ 35, 5, 0,[ 33, 37, 36, 34]],

[ 42, 5, 0,[ 40, 44, 41, 43]],

[ 5, 45, 0,[ 7, 6, 3, 4]],

[ 28, 5, 0,[ 26, 29, 27, 30]],

[ 52, 25, 1,[ 54, 50, 53, 51]],

[ 68, 65, 1,[ 66, 69, 70, 67]],

[ 45, 5, 0,[ 43, 44, 46, 47]],

[ 82, 55, 0,[ 81, 84, 83, 80]],

[ 15, 5, 0,[ 14, 13, 17, 16]],

[ 8, 45, 0,[ 6, 10, 9, 7]],

[ 73, 55, 0,[ 71, 75, 72, 74]],

[ 86, 55, 0,[ 87, 85, 84, 88]],

[ 1, 45, 0,[ 99, 0, 3, 2]],

[ 48, 55, 0,[ 49, 47, 46, 50]],

[ 63, 85, 0,[ 64, 65, 62, 61]],

[ 90, 45, 0,[ 88, 92, 91, 89]],

[ 80, 55, 0,[ 82, 79, 81, 78]],

[ 56, 55, 0,[ 57, 55, 58, 54]],

[ 94, 45, 0,[ 92, 93, 95, 96]],

[ 47, 75, 1,[ 46, 48, 49, 45]],

[ 31, 5, 0,[ 29, 30, 32, 33]],

[ 22, 5, 0,[ 21, 20, 23, 24]],

[ 36, 5, 0,[ 37, 34, 35, 38]],

[ 53, 55, 0,[ 51, 54, 52, 55]],

[ 66, 65, 0,[ 67, 65, 68, 64]],

[ 95, 45, 1,[ 97, 94, 93, 96]],

[ 44, 5, 0,[ 42, 43, 46, 45]],

[ 69, 65, 0,[ 68, 71, 70, 67]],

[ 67, 65, 0,[ 66, 65, 69, 68]],

[ 89, 45, 0,[ 91, 90, 88, 87]],

[ 24, 5, 0,[ 25, 26, 23, 22]],

[ 43, 5, 0,[ 45, 41, 42, 44]],

[ 29, 5, 0,[ 30, 27, 31, 28]],

[ 16, 5, 0,[ 18, 14, 17, 15]],

[ 20, 5, 0,[ 22, 18, 19, 21]],

[ 19, 5, 0,[ 17, 18, 21, 20]],

[ 99, 45, 0,[ 1, 97, 0, 98]],

[ 70, 25, 1,[ 68, 69, 72, 71]],

[ 23, 5, 0,[ 21, 25, 24, 22]],

[ 84, 55, 0,[ 86, 82, 83, 85]],

