[ 80, 85, 1,[ 82, 79, 78, 81]],

[ 82, 5, 0,[ 81, 84, 83, 80]],

[ 56, 65, 0,[ 54, 57, 58, 55]],

[ 84, 15, 1,[ 82, 83, 85, 86]],

[ 16, 35, 0,[ 14, 17, 18, 15]],

[ 95, 55, 1,[ 97, 94, 96, 93]],

[ 45, 45, 0,[ 44, 43, 46, 47]],

[ 78, 95, 0,[ 76, 79, 80, 77]],

[ 93, 45, 0,[ 94, 92, 91, 95]],

[ 50, 95, 1,[ 49, 48, 51, 52]],

[ 41, 95, 1,[ 39, 40, 42, 43]],

[ 52, 95, 0,[ 50, 54, 51, 53]],

[ 72, 85, 1,[ 71, 70, 74, 73]],

[ 91, 5, 1,[ 89, 92, 93, 90]],

[ 99, 45, 1,[ 1, 98, 97, 0]],

[ 30, 45, 1,[ 28, 29, 32, 31]],

[ 57, 65, 0,[ 59, 58, 55, 56]],

[ 75, 95, 0,[ 74, 73, 77, 76]],

[ 24, 95, 1,[ 23, 25, 22, 26]],

[ 60, 75, 1,[ 58, 59, 62, 61]],

[ 53, 95, 1,[ 54, 52, 55, 51]],

[ 85, 95, 0,[ 86, 83, 87, 84]],

[ 26, 35, 0,[ 27, 25, 24, 28]],

[ 74, 55, 1,[ 75, 73, 72, 76]],

[ 58, 35, 1,[ 56, 57, 59, 60]],

[ 65, 35, 0,[ 63, 66, 64, 67]],

[ 6, 65, 1,[ 5, 8, 4, 7]],

[ 27, 35, 0,[ 29, 25, 28, 26]],

[ 40, 25, 1,[ 39, 42, 38, 41]],

[ 44, 45, 1,[ 42, 46, 45, 43]],

[ 8, 95, 0,[ 7, 10, 6, 9]],

[ 70, 55, 1,[ 72, 71, 69, 68]],

[ 4, 35, 0,[ 2, 3, 6, 5]],

[ 42, 45, 0,[ 44, 40, 41, 43]],

[ 83, 55, 1,[ 81, 84, 85, 82]],

[ 18, 45, 1,[ 19, 17, 16, 20]],

[ 28, 35, 0,[ 27, 26, 29, 30]],

[ 2, 75, 1,[ 1, 3, 4, 0]],

[ 17, 35, 0,[ 16, 18, 15, 19]],

[ 76, 75, 1,[ 75, 78, 74, 77]],

[ 88, 45, 0,[ 86, 87, 90, 89]],

[ 97, 15, 1,[ 96, 99, 98, 95]],

[ 90, 45, 0,[ 88, 91, 92, 89]],

[ 64, 35, 0,[ 66, 62, 63, 65]],

[ 47, 85, 0,[ 45, 46, 49, 48]],

[ 46, 85, 1,[ 48, 45, 44, 47]],

[ 92, 45, 0,[ 90, 94, 91, 93]],

[ 12, 75, 1,[ 14, 13, 11, 10]],

[ 23, 75, 0,[ 24, 25, 21, 22]],

[ 59, 45, 1,[ 57, 60, 61, 58]],

[ 3, 5, 0,[ 1, 5, 4, 2]],

[ 37, 35, 1,[ 35, 39, 38, 36]],

[ 98, 85, 1,[ 96, 0, 99, 97]],

[ 21, 75, 0,[ 23, 22, 19, 20]],

[ 32, 35, 0,[ 31, 33, 34, 30]],

[ 39, 55, 0,[ 41, 37, 40, 38]],

[ 36, 45, 1,[ 38, 35, 37, 34]],

[ 63, 35, 0,[ 62, 64, 65, 61]],

[ 19, 55, 1,[ 18, 21, 17, 20]],

[ 48, 85, 1,[ 47, 49, 50, 46]],

[ 81, 75, 1,[ 80, 82, 83, 79]],

[ 73, 5, 1,[ 71, 75, 72, 74]],

[ 29, 35, 0,[ 27, 30, 31, 28]],

[ 13, 35, 0,[ 12, 14, 11, 15]],

[ 69, 25, 0,[ 70, 68, 67, 71]],

[ 20, 75, 0,[ 19, 22, 18, 21]],

[ 61, 35, 0,[ 63, 60, 59, 62]],

[ 1, 15, 1,[ 0, 3, 99, 2]],

[ 77, 45, 1,[ 79, 76, 78, 75]],

[ 54, 95, 0,[ 53, 56, 55, 52]],

[ 25, 35, 0,[ 24, 26, 23, 27]],

[ 68, 25, 0,[ 69, 66, 67, 70]],

[ 79, 55, 0,[ 77, 80, 81, 78]],

[ 35, 35, 0,[ 33, 34, 36, 37]],

[ 51, 95, 0,[ 53, 49, 52, 50]],

[ 34, 95, 1,[ 36, 33, 32, 35]],

[ 14, 35, 0,[ 15, 12, 13, 16]],

[ 67, 25, 0,[ 65, 68, 66, 69]],

[ 66, 15, 1,[ 64, 68, 65, 67]],

[ 33, 35, 1,[ 34, 35, 31, 32]],

[ 55, 65, 1,[ 53, 57, 54, 56]],

[ 71, 95, 1,[ 70, 69, 72, 73]],

[ 62, 5, 1,[ 60, 64, 63, 61]],

[ 5, 45, 0,[ 3, 4, 6, 7]],

[ 22, 75, 0,[ 23, 21, 24, 20]],

[ 10, 95, 1,[ 11, 8, 9, 12]],

[ 31, 35, 0,[ 33, 30, 29, 32]],

[ 43, 45, 1,[ 45, 42, 41, 44]],

[ 94, 45, 0,[ 96, 95, 93, 92]],

[ 89, 45, 1,[ 88, 87, 90, 91]],

[ 87, 75, 1,[ 89, 86, 85, 88]],

[ 11, 95, 0,[ 13, 12, 10, 9]],

[ 96, 45, 1,[ 97, 95, 94, 98]],

[ 9, 95, 0,[ 7, 8, 10, 11]],

[ 0, 75, 1,[ 2, 98, 99, 1]],

[ 7, 95, 0,[ 6, 8, 9, 5]],

[ 15, 35, 1,[ 13, 16, 14, 17]],

[ 38, 65, 0,[ 36, 39, 40, 37]],

[ 86, 35, 1,[ 85, 87, 88, 84]],

[ 49, 5, 1,[ 50, 51, 48, 47]],

