[ 43, 95, 1,[ 41, 44, 45, 42]],

[ 30, 15, 1,[ 28, 31, 29, 32]],

[ 66, 95, 0,[ 64, 67, 65, 68]],

[ 62, 65, 0,[ 64, 60, 61, 63]],

[ 94, 35, 0,[ 93, 92, 95, 96]],

[ 89, 5, 0,[ 90, 87, 88, 91]],

[ 18, 25, 1,[ 19, 17, 16, 20]],

[ 81, 15, 1,[ 80, 82, 79, 83]],

[ 50, 45, 1,[ 49, 51, 48, 52]],

[ 48, 65, 0,[ 47, 46, 49, 50]],

[ 56, 85, 0,[ 54, 58, 55, 57]],

[ 23, 45, 0,[ 21, 24, 25, 22]],

[ 69, 15, 1,[ 71, 68, 67, 70]],

[ 10, 45, 1,[ 8, 12, 11, 9]],

[ 55, 35, 1,[ 57, 54, 56, 53]],

[ 33, 45, 0,[ 32, 35, 34, 31]],

[ 12, 45, 0,[ 14, 11, 13, 10]],

[ 52, 55, 1,[ 54, 50, 53, 51]],

[ 78, 95, 1,[ 79, 76, 77, 80]],

[ 36, 65, 0,[ 35, 37, 38, 34]],

[ 51, 45, 0,[ 53, 52, 50, 49]],

[ 79, 45, 1,[ 77, 78, 81, 80]],

[ 39, 55, 1,[ 37, 40, 38, 41]],

[ 88, 5, 0,[ 89, 86, 87, 90]],

[ 15, 5, 1,[ 14, 16, 17, 13]],

[ 83, 15, 0,[ 84, 85, 81, 82]],

[ 8, 45, 0,[ 7, 9, 6, 10]],

[ 29, 55, 1,[ 27, 28, 30, 31]],

[ 41, 95, 1,[ 42, 39, 40, 43]],

[ 99, 85, 0,[ 1, 0, 97, 98]],

[ 47, 65, 0,[ 46, 45, 48, 49]],

[ 7, 35, 1,[ 8, 9, 5, 6]],

[ 64, 65, 1,[ 63, 62, 66, 65]],

[ 91, 5, 0,[ 92, 90, 93, 89]],

[ 45, 25, 1,[ 47, 44, 43, 46]],

[ 5, 35, 0,[ 3, 6, 7, 4]],

[ 76, 15, 1,[ 77, 74, 78, 75]],

[ 85, 15, 1,[ 87, 84, 83, 86]],

[ 60, 65, 1,[ 61, 58, 59, 62]],

[ 49, 65, 1,[ 50, 51, 48, 47]],

[ 58, 85, 0,[ 59, 56, 57, 60]],

[ 34, 65, 0,[ 35, 36, 32, 33]],

[ 93, 35, 1,[ 94, 95, 91, 92]],

[ 44, 15, 1,[ 42, 46, 43, 45]],

[ 82, 45, 1,[ 84, 80, 83, 81]],

[ 57, 85, 0,[ 55, 58, 59, 56]],

[ 74, 65, 0,[ 73, 72, 76, 75]],

[ 20, 45, 0,[ 18, 22, 21, 19]],

[ 35, 65, 0,[ 33, 37, 34, 36]],

[ 73, 65, 0,[ 75, 72, 74, 71]],

[ 75, 65, 0,[ 74, 76, 77, 73]],

[ 32, 45, 0,[ 31, 30, 34, 33]],

[ 97, 75, 0,[ 96, 99, 98, 95]],

[ 9, 45, 0,[ 10, 7, 8, 11]],

[ 26, 75, 1,[ 28, 27, 25, 24]],

[ 86, 45, 1,[ 84, 85, 87, 88]],

[ 96, 35, 0,[ 95, 98, 97, 94]],

[ 22, 45, 0,[ 21, 24, 20, 23]],

[ 38, 15, 1,[ 36, 37, 39, 40]],

[ 72, 65, 0,[ 71, 70, 74, 73]],

[ 61, 65, 1,[ 60, 62, 63, 59]],

[ 31, 45, 1,[ 29, 32, 30, 33]],

[ 46, 25, 0,[ 48, 44, 47, 45]],

[ 53, 45, 1,[ 55, 51, 52, 54]],

[ 90, 65, 1,[ 92, 89, 91, 88]],

[ 84, 15, 0,[ 86, 83, 85, 82]],

[ 42, 95, 0,[ 41, 43, 44, 40]],

[ 87, 45, 1,[ 89, 88, 86, 85]],

[ 13, 15, 1,[ 12, 11, 14, 15]],

[ 68, 75, 1,[ 70, 69, 66, 67]],

[ 40, 95, 0,[ 38, 41, 39, 42]],

[ 92, 5, 1,[ 91, 90, 93, 94]],

[ 21, 45, 0,[ 20, 23, 22, 19]],

[ 71, 65, 0,[ 73, 70, 69, 72]],

[ 54, 25, 1,[ 56, 55, 52, 53]],

[ 98, 15, 1,[ 0, 97, 96, 99]],

[ 63, 25, 1,[ 64, 65, 61, 62]],

[ 67, 95, 0,[ 68, 65, 66, 69]],

[ 17, 25, 0,[ 16, 18, 19, 15]],

[ 3, 45, 1,[ 4, 5, 1, 2]],

[ 11, 45, 0,[ 9, 13, 12, 10]],

[ 65, 95, 0,[ 63, 67, 64, 66]],

[ 27, 35, 0,[ 29, 25, 28, 26]],

[ 77, 5, 0,[ 76, 75, 79, 78]],

[ 6, 35, 1,[ 4, 5, 7, 8]],

[ 24, 45, 0,[ 25, 22, 23, 26]],

[ 59, 85, 0,[ 58, 57, 60, 61]],

[ 37, 65, 1,[ 36, 38, 35, 39]],

[ 95, 45, 1,[ 94, 97, 96, 93]],

[ 14, 95, 1,[ 15, 12, 13, 16]],

[ 0, 85, 0,[ 99, 2, 98, 1]],

[ 70, 75, 1,[ 69, 68, 71, 72]],

[ 4, 35, 0,[ 6, 2, 5, 3]],

[ 80, 85, 1,[ 82, 78, 81, 79]],

[ 28, 45, 1,[ 30, 27, 26, 29]],

[ 19, 45, 0,[ 21, 18, 20, 17]],

[ 16, 5, 1,[ 17, 15, 14, 18]],

[ 25, 35, 0,[ 27, 26, 23, 24]],

[ 1, 85, 1,[ 0, 2, 99, 3]],

[ 2, 85, 1,[ 0, 3, 1, 4]],

