[ 54, 75, 1,[ 55, 53, 52, 56]],

[ 59, 15, 0,[ 57, 61, 60, 58]],

[ 63, 15, 0,[ 65, 64, 62, 61]],

[ 96, 85, 1,[ 97, 98, 95, 94]],

[ 82, 75, 0,[ 84, 80, 81, 83]],

[ 31, 65, 1,[ 30, 33, 29, 32]],

[ 71, 5, 0,[ 73, 70, 69, 72]],

[ 18, 15, 0,[ 19, 16, 20, 17]],

[ 14, 75, 1,[ 12, 15, 16, 13]],

[ 10, 25, 0,[ 9, 11, 8, 12]],

[ 7, 5, 0,[ 6, 9, 8, 5]],

[ 80, 75, 0,[ 82, 78, 81, 79]],

[ 45, 65, 1,[ 44, 43, 47, 46]],

[ 66, 5, 0,[ 68, 65, 64, 67]],

[ 58, 15, 0,[ 60, 59, 57, 56]],

[ 94, 75, 1,[ 93, 92, 96, 95]],

[ 19, 15, 1,[ 17, 20, 21, 18]],

[ 26, 55, 0,[ 25, 24, 28, 27]],

[ 42, 5, 0,[ 44, 43, 41, 40]],

[ 69, 5, 0,[ 67, 70, 71, 68]],

[ 99, 15, 1,[ 1, 97, 0, 98]],

[ 47, 65, 1,[ 48, 45, 46, 49]],

[ 9, 95, 1,[ 8, 11, 10, 7]],

[ 67, 5, 1,[ 69, 68, 66, 65]],

[ 85, 75, 0,[ 83, 84, 87, 86]],

[ 95, 85, 0,[ 94, 96, 97, 93]],

[ 49, 65, 0,[ 47, 51, 48, 50]],

[ 74, 15, 0,[ 72, 76, 73, 75]],

[ 23, 85, 1,[ 24, 25, 22, 21]],

[ 89, 15, 1,[ 90, 91, 88, 87]],

[ 17, 85, 1,[ 18, 15, 19, 16]],

[ 83, 75, 1,[ 81, 85, 84, 82]],

[ 8, 25, 1,[ 9, 6, 10, 7]],

[ 53, 65, 0,[ 51, 54, 52, 55]],

[ 61, 15, 1,[ 59, 62, 60, 63]],

[ 73, 45, 1,[ 75, 72, 71, 74]],

[ 41, 5, 0,[ 40, 43, 42, 39]],

[ 64, 45, 1,[ 65, 66, 62, 63]],

[ 21, 15, 0,[ 23, 19, 20, 22]],

[ 48, 55, 1,[ 47, 46, 49, 50]],

[ 92, 95, 0,[ 94, 91, 90, 93]],

[ 81, 75, 1,[ 80, 83, 79, 82]],

[ 13, 65, 1,[ 15, 11, 12, 14]],

[ 0, 15, 0,[ 99, 1, 98, 2]],

[ 91, 95, 1,[ 89, 92, 93, 90]],

[ 98, 45, 1,[ 0, 97, 96, 99]],

[ 93, 95, 1,[ 92, 94, 95, 91]],

[ 1, 15, 0,[ 3, 99, 0, 2]],

[ 16, 75, 0,[ 15, 18, 17, 14]],

[ 38, 65, 1,[ 37, 36, 39, 40]],

[ 75, 15, 1,[ 73, 74, 77, 76]],

[ 77, 15, 0,[ 75, 79, 78, 76]],

[ 57, 45, 1,[ 59, 55, 56, 58]],

[ 35, 45, 0,[ 36, 33, 34, 37]],

[ 60, 15, 0,[ 58, 59, 62, 61]],

[ 34, 45, 0,[ 33, 36, 32, 35]],

[ 4, 5, 1,[ 6, 5, 3, 2]],

[ 33, 75, 1,[ 35, 31, 32, 34]],

[ 20, 15, 0,[ 21, 22, 19, 18]],

[ 40, 5, 0,[ 38, 42, 41, 39]],

[ 51, 65, 0,[ 53, 52, 50, 49]],

[ 2, 15, 0,[ 4, 0, 3, 1]],

[ 3, 15, 1,[ 4, 5, 2, 1]],

[ 6, 5, 0,[ 5, 8, 7, 4]],

[ 15, 75, 0,[ 13, 17, 14, 16]],

[ 11, 95, 1,[ 9, 10, 13, 12]],

[ 72, 25, 1,[ 73, 71, 70, 74]],

[ 46, 95, 1,[ 48, 47, 45, 44]],

[ 65, 5, 0,[ 64, 66, 63, 67]],

[ 24, 55, 0,[ 23, 25, 26, 22]],

[ 39, 45, 1,[ 37, 40, 38, 41]],

[ 86, 75, 0,[ 84, 87, 85, 88]],

[ 79, 15, 1,[ 78, 80, 77, 81]],

[ 87, 75, 1,[ 86, 88, 89, 85]],

[ 70, 5, 0,[ 68, 72, 69, 71]],

[ 90, 55, 1,[ 89, 91, 88, 92]],

[ 27, 35, 1,[ 25, 28, 29, 26]],

[ 55, 5, 1,[ 54, 56, 57, 53]],

[ 37, 45, 0,[ 35, 38, 39, 36]],

[ 78, 55, 1,[ 79, 77, 80, 76]],

[ 29, 45, 1,[ 31, 28, 27, 30]],

[ 12, 25, 1,[ 10, 14, 13, 11]],

[ 56, 15, 0,[ 58, 54, 55, 57]],

[ 5, 5, 0,[ 6, 7, 3, 4]],

[ 43, 5, 0,[ 42, 41, 45, 44]],

[ 22, 15, 1,[ 20, 21, 24, 23]],

[ 97, 85, 0,[ 99, 95, 96, 98]],

[ 76, 15, 0,[ 78, 77, 74, 75]],

[ 32, 75, 0,[ 34, 31, 30, 33]],

[ 84, 75, 0,[ 83, 86, 85, 82]],

[ 25, 55, 1,[ 23, 27, 26, 24]],

[ 88, 75, 0,[ 89, 90, 86, 87]],

[ 68, 5, 0,[ 67, 69, 70, 66]],

[ 52, 65, 0,[ 51, 53, 50, 54]],

[ 28, 45, 0,[ 30, 27, 29, 26]],

[ 36, 45, 1,[ 34, 37, 35, 38]],

[ 50, 65, 1,[ 52, 51, 49, 48]],

[ 44, 15, 1,[ 46, 42, 43, 45]],

[ 62, 15, 1,[ 60, 61, 64, 63]],

[ 30, 25, 1,[ 29, 31, 28, 32]],

