[ 58, 75, 0,[ 57, 59, 56, 60]],

[ 4, 15, 0,[ 5, 2, 3, 6]],

[ 22, 65, 0,[ 20, 24, 21, 23]],

[ 73, 5, 0,[ 75, 72, 71, 74]],

[ 0, 85, 1,[ 1, 2, 99, 98]],

[ 98, 85, 0,[ 99, 0, 97, 96]],

[ 85, 35, 1,[ 83, 86, 87, 84]],

[ 29, 65, 1,[ 30, 28, 31, 27]],

[ 42, 85, 1,[ 43, 41, 40, 44]],

[ 28, 45, 0,[ 29, 26, 27, 30]],

[ 25, 45, 1,[ 27, 26, 23, 24]],

[ 94, 75, 1,[ 95, 92, 96, 93]],

[ 89, 75, 1,[ 91, 90, 88, 87]],

[ 57, 75, 0,[ 56, 55, 58, 59]],

[ 23, 95, 1,[ 21, 22, 25, 24]],

[ 70, 95, 0,[ 68, 69, 71, 72]],

[ 30, 95, 0,[ 28, 31, 29, 32]],

[ 66, 5, 1,[ 64, 65, 67, 68]],

[ 38, 55, 1,[ 39, 40, 36, 37]],

[ 5, 15, 1,[ 4, 6, 3, 7]],

[ 27, 45, 1,[ 25, 29, 28, 26]],

[ 99, 85, 0,[ 0, 97, 1, 98]],

[ 15, 65, 0,[ 16, 17, 14, 13]],

[ 14, 55, 1,[ 13, 16, 12, 15]],

[ 55, 55, 1,[ 54, 56, 57, 53]],

[ 69, 95, 0,[ 70, 68, 67, 71]],

[ 9, 85, 0,[ 7, 11, 8, 10]],

[ 56, 25, 1,[ 55, 58, 57, 54]],

[ 17, 65, 0,[ 15, 18, 16, 19]],

[ 33, 95, 0,[ 31, 32, 34, 35]],

[ 48, 55, 0,[ 46, 49, 47, 50]],

[ 20, 65, 1,[ 21, 22, 19, 18]],

[ 95, 65, 1,[ 94, 96, 97, 93]],

[ 59, 75, 0,[ 58, 57, 61, 60]],

[ 77, 35, 0,[ 79, 75, 78, 76]],

[ 71, 55, 1,[ 73, 70, 72, 69]],

[ 52, 95, 0,[ 54, 53, 50, 51]],

[ 43, 85, 0,[ 45, 42, 41, 44]],

[ 92, 75, 1,[ 91, 94, 90, 93]],

[ 36, 85, 1,[ 34, 37, 35, 38]],

[ 96, 75, 1,[ 95, 97, 94, 98]],

[ 19, 65, 0,[ 18, 17, 21, 20]],

[ 2, 15, 0,[ 4, 1, 0, 3]],

[ 10, 85, 0,[ 12, 11, 8, 9]],

[ 21, 65, 0,[ 20, 22, 19, 23]],

[ 76, 55, 1,[ 74, 75, 78, 77]],

[ 13, 35, 1,[ 11, 15, 12, 14]],

[ 51, 95, 0,[ 50, 49, 52, 53]],

[ 79, 85, 1,[ 78, 77, 81, 80]],

[ 44, 85, 0,[ 43, 46, 42, 45]],

[ 32, 95, 0,[ 33, 31, 30, 34]],

[ 78, 35, 1,[ 77, 79, 76, 80]],

[ 40, 85, 0,[ 38, 42, 41, 39]],

[ 80, 35, 0,[ 79, 81, 82, 78]],

[ 41, 85, 0,[ 39, 40, 43, 42]],

[ 26, 45, 1,[ 27, 25, 24, 28]],

[ 63, 65, 1,[ 64, 65, 61, 62]],

[ 61, 75, 1,[ 59, 62, 60, 63]],

[ 6, 75, 1,[ 7, 5, 8, 4]],

[ 53, 95, 0,[ 55, 52, 51, 54]],

[ 88, 75, 0,[ 90, 89, 87, 86]],

[ 83, 65, 1,[ 84, 85, 82, 81]],

[ 50, 15, 1,[ 49, 48, 52, 51]],

[ 62, 75, 0,[ 60, 64, 61, 63]],

[ 84, 85, 1,[ 86, 82, 85, 83]],

[ 18, 65, 0,[ 16, 17, 20, 19]],

[ 7, 85, 0,[ 5, 6, 9, 8]],

[ 37, 85, 0,[ 35, 38, 39, 36]],

[ 67, 95, 1,[ 65, 69, 66, 68]],

[ 75, 35, 1,[ 74, 73, 76, 77]],

[ 45, 85, 0,[ 47, 44, 43, 46]],

[ 34, 85, 0,[ 33, 35, 32, 36]],

[ 65, 95, 1,[ 66, 64, 63, 67]],

[ 81, 45, 1,[ 83, 79, 80, 82]],

[ 12, 55, 1,[ 10, 11, 13, 14]],

[ 90, 75, 0,[ 92, 89, 88, 91]],

[ 64, 5, 0,[ 66, 65, 62, 63]],

[ 60, 75, 1,[ 61, 62, 59, 58]],

[ 47, 55, 0,[ 46, 49, 45, 48]],

[ 97, 45, 1,[ 95, 98, 99, 96]],

[ 39, 85, 0,[ 40, 37, 41, 38]],

[ 49, 55, 1,[ 51, 47, 48, 50]],

[ 86, 75, 1,[ 84, 87, 88, 85]],

[ 46, 35, 1,[ 45, 47, 44, 48]],

[ 93, 75, 0,[ 95, 91, 92, 94]],

[ 24, 45, 0,[ 23, 22, 26, 25]],

[ 68, 95, 0,[ 67, 69, 66, 70]],

[ 74, 5, 0,[ 73, 75, 72, 76]],

[ 1, 15, 1,[ 2, 3, 0, 99]],

[ 72, 5, 1,[ 71, 73, 74, 70]],

[ 31, 95, 1,[ 30, 33, 29, 32]],

[ 11, 85, 0,[ 12, 9, 13, 10]],

[ 35, 85, 0,[ 37, 36, 34, 33]],

[ 54, 95, 1,[ 52, 55, 56, 53]],

[ 87, 75, 0,[ 85, 86, 89, 88]],

[ 91, 45, 1,[ 89, 90, 92, 93]],

[ 82, 95, 1,[ 81, 80, 83, 84]],

[ 3, 45, 1,[ 2, 4, 5, 1]],

[ 8, 85, 1,[ 7, 6, 9, 10]],

[ 16, 65, 0,[ 14, 17, 18, 15]],

