[ 78, 35, 0,[ 80, 79, 77, 76]],

[ 59, 95, 1,[ 60, 58, 57, 61]],

[ 11, 45, 1,[ 9, 13, 12, 10]],

[ 57, 55, 1,[ 58, 59, 56, 55]],

[ 81, 55, 1,[ 83, 79, 80, 82]],

[ 80, 35, 0,[ 82, 79, 81, 78]],

[ 63, 15, 0,[ 64, 62, 65, 61]],

[ 31, 45, 1,[ 33, 32, 29, 30]],

[ 70, 75, 1,[ 68, 72, 69, 71]],

[ 27, 45, 1,[ 26, 28, 29, 25]],

[ 77, 35, 0,[ 75, 78, 76, 79]],

[ 15, 45, 1,[ 14, 16, 17, 13]],

[ 18, 15, 1,[ 20, 17, 19, 16]],

[ 8, 45, 0,[ 9, 6, 10, 7]],

[ 53, 55, 0,[ 51, 52, 55, 54]],

[ 13, 35, 1,[ 15, 14, 11, 12]],

[ 83, 45, 1,[ 85, 84, 81, 82]],

[ 65, 75, 1,[ 64, 66, 63, 67]],

[ 76, 35, 0,[ 77, 78, 74, 75]],

[ 56, 55, 0,[ 57, 54, 58, 55]],

[ 68, 25, 1,[ 67, 66, 70, 69]],

[ 16, 45, 0,[ 18, 17, 15, 14]],

[ 93, 5, 1,[ 94, 92, 91, 95]],

[ 14, 45, 0,[ 12, 16, 13, 15]],

[ 82, 55, 0,[ 80, 83, 81, 84]],

[ 92, 75, 1,[ 90, 91, 94, 93]],

[ 33, 55, 1,[ 34, 35, 31, 32]],

[ 20, 95, 1,[ 21, 18, 22, 19]],

[ 39, 5, 1,[ 38, 40, 41, 37]],

[ 43, 45, 1,[ 44, 41, 45, 42]],

[ 50, 25, 1,[ 48, 52, 49, 51]],

[ 48, 35, 0,[ 46, 50, 47, 49]],

[ 94, 5, 0,[ 92, 95, 96, 93]],

[ 71, 85, 0,[ 69, 72, 73, 70]],

[ 3, 35, 0,[ 5, 1, 2, 4]],

[ 73, 85, 0,[ 71, 74, 72, 75]],

[ 0, 75, 1,[ 99, 98, 1, 2]],

[ 45, 35, 0,[ 44, 46, 47, 43]],

[ 51, 75, 1,[ 49, 53, 50, 52]],

[ 26, 95, 1,[ 28, 27, 24, 25]],

[ 61, 15, 0,[ 59, 62, 60, 63]],

[ 87, 45, 0,[ 86, 88, 85, 89]],

[ 40, 45, 0,[ 42, 39, 38, 41]],

[ 84, 25, 1,[ 82, 83, 86, 85]],

[ 41, 45, 1,[ 43, 42, 40, 39]],

[ 5, 35, 1,[ 7, 3, 6, 4]],

[ 98, 85, 1,[ 97, 99, 0, 96]],

[ 35, 15, 0,[ 36, 37, 33, 34]],

[ 66, 5, 1,[ 67, 64, 68, 65]],

[ 9, 45, 0,[ 11, 10, 7, 8]],

[ 6, 35, 0,[ 7, 8, 5, 4]],

[ 29, 45, 0,[ 31, 30, 27, 28]],

[ 46, 35, 0,[ 44, 48, 45, 47]],

[ 91, 15, 0,[ 90, 89, 93, 92]],

[ 7, 85, 1,[ 9, 8, 6, 5]],

[ 95, 5, 1,[ 96, 97, 94, 93]],

[ 64, 65, 1,[ 66, 65, 62, 63]],

[ 89, 15, 0,[ 90, 88, 91, 87]],

[ 85, 45, 0,[ 86, 87, 84, 83]],

[ 52, 65, 1,[ 50, 53, 54, 51]],

[ 28, 45, 0,[ 29, 27, 26, 30]],

[ 38, 45, 1,[ 37, 36, 39, 40]],

[ 96, 5, 0,[ 94, 97, 98, 95]],

[ 36, 15, 1,[ 34, 35, 38, 37]],

[ 62, 15, 1,[ 63, 60, 64, 61]],

[ 55, 55, 0,[ 53, 57, 56, 54]],

[ 25, 95, 0,[ 23, 26, 24, 27]],

[ 49, 35, 0,[ 48, 47, 50, 51]],

[ 88, 45, 0,[ 86, 87, 90, 89]],

[ 37, 15, 0,[ 38, 39, 35, 36]],

[ 58, 5, 1,[ 57, 60, 59, 56]],

[ 21, 95, 0,[ 22, 19, 20, 23]],

[ 2, 55, 1,[ 3, 0, 4, 1]],

[ 60, 15, 0,[ 61, 62, 58, 59]],

[ 97, 5, 0,[ 98, 95, 96, 99]],

[ 10, 45, 0,[ 12, 8, 9, 11]],

[ 75, 35, 1,[ 74, 73, 77, 76]],

[ 1, 75, 1,[ 3, 2, 0, 99]],

[ 4, 35, 0,[ 2, 5, 3, 6]],

[ 67, 65, 0,[ 68, 66, 65, 69]],

[ 19, 95, 0,[ 21, 20, 17, 18]],

[ 79, 35, 1,[ 77, 78, 81, 80]],

[ 23, 95, 0,[ 21, 22, 24, 25]],

[ 69, 65, 1,[ 68, 70, 71, 67]],

[ 54, 55, 0,[ 53, 55, 52, 56]],

[ 44, 45, 0,[ 45, 46, 43, 42]],

[ 17, 45, 0,[ 15, 19, 16, 18]],

[ 32, 45, 0,[ 33, 31, 30, 34]],

[ 86, 45, 1,[ 84, 88, 85, 87]],

[ 74, 85, 1,[ 73, 75, 72, 76]],

[ 72, 85, 0,[ 70, 73, 71, 74]],

[ 24, 25, 1,[ 25, 26, 22, 23]],

[ 42, 45, 0,[ 44, 41, 43, 40]],

[ 12, 65, 1,[ 14, 10, 13, 11]],

[ 34, 75, 1,[ 36, 33, 32, 35]],

[ 22, 95, 0,[ 23, 20, 21, 24]],

[ 47, 35, 1,[ 46, 48, 45, 49]],

[ 99, 95, 1,[ 0, 1, 98, 97]],

[ 90, 15, 1,[ 92, 88, 89, 91]],

[ 30, 5, 1,[ 28, 31, 29, 32]],

