[ 14, 45, 1,[ 15, 13, 16, 12]],

[ 88, 65, 0,[ 86, 87, 90, 89]],

[ 73, 5, 1,[ 71, 75, 74, 72]],

[ 82, 15, 0,[ 81, 83, 80, 84]],

[ 98, 5, 1,[ 97, 0, 99, 96]],

[ 43, 5, 1,[ 45, 44, 42, 41]],

[ 47, 65, 1,[ 45, 46, 48, 49]],

[ 31, 75, 0,[ 32, 30, 33, 29]],

[ 53, 35, 1,[ 51, 55, 52, 54]],

[ 77, 75, 0,[ 79, 78, 75, 76]],

[ 44, 35, 1,[ 42, 46, 43, 45]],

[ 84, 65, 1,[ 82, 83, 86, 85]],

[ 81, 15, 1,[ 80, 83, 82, 79]],

[ 4, 95, 1,[ 2, 6, 5, 3]],

[ 0, 5, 0,[ 99, 98, 2, 1]],

[ 60, 95, 0,[ 58, 62, 61, 59]],

[ 9, 85, 0,[ 10, 8, 11, 7]],

[ 36, 25, 1,[ 37, 35, 38, 34]],

[ 18, 85, 1,[ 20, 16, 19, 17]],

[ 26, 75, 0,[ 28, 25, 27, 24]],

[ 93, 65, 0,[ 95, 92, 94, 91]],

[ 90, 95, 1,[ 88, 92, 91, 89]],

[ 70, 75, 0,[ 69, 68, 71, 72]],

[ 24, 75, 1,[ 26, 23, 22, 25]],

[ 17, 45, 0,[ 15, 18, 16, 19]],

[ 86, 65, 1,[ 85, 87, 88, 84]],

[ 15, 45, 0,[ 16, 13, 17, 14]],

[ 83, 75, 1,[ 85, 81, 82, 84]],

[ 67, 65, 0,[ 69, 68, 65, 66]],

[ 5, 95, 0,[ 6, 3, 7, 4]],

[ 10, 85, 1,[ 12, 9, 8, 11]],

[ 52, 75, 1,[ 50, 51, 53, 54]],

[ 33, 75, 0,[ 35, 31, 32, 34]],

[ 74, 75, 0,[ 76, 72, 75, 73]],

[ 37, 85, 1,[ 35, 38, 39, 36]],

[ 62, 95, 0,[ 60, 63, 64, 61]],

[ 34, 55, 1,[ 35, 36, 33, 32]],

[ 68, 65, 1,[ 69, 67, 70, 66]],

[ 96, 65, 0,[ 98, 97, 94, 95]],

[ 35, 35, 1,[ 36, 34, 37, 33]],

[ 50, 65, 0,[ 51, 49, 52, 48]],

[ 16, 35, 1,[ 14, 18, 15, 17]],

[ 49, 65, 1,[ 50, 47, 51, 48]],

[ 1, 5, 1,[ 2, 0, 3, 99]],

[ 87, 65, 0,[ 88, 86, 85, 89]],

[ 58, 5, 1,[ 59, 57, 60, 56]],

[ 72, 75, 0,[ 70, 74, 71, 73]],

[ 13, 45, 0,[ 12, 11, 15, 14]],

[ 76, 75, 0,[ 74, 77, 75, 78]],

[ 32, 75, 0,[ 30, 31, 34, 33]],

[ 63, 65, 1,[ 65, 61, 64, 62]],

[ 59, 95, 0,[ 61, 60, 57, 58]],

[ 29, 75, 0,[ 27, 28, 30, 31]],

[ 22, 75, 0,[ 21, 20, 24, 23]],

[ 71, 75, 0,[ 72, 73, 70, 69]],

[ 2, 5, 0,[ 1, 3, 4, 0]],

[ 23, 75, 0,[ 21, 22, 24, 25]],

[ 79, 75, 0,[ 80, 77, 78, 81]],

[ 91, 65, 0,[ 90, 92, 89, 93]],

[ 66, 45, 1,[ 64, 67, 65, 68]],

[ 12, 15, 1,[ 14, 13, 10, 11]],

[ 69, 35, 1,[ 67, 71, 68, 70]],

[ 41, 45, 0,[ 42, 43, 40, 39]],

[ 7, 55, 1,[ 8, 6, 5, 9]],

[ 45, 65, 1,[ 47, 46, 44, 43]],

[ 27, 75, 0,[ 26, 25, 29, 28]],

[ 46, 95, 1,[ 48, 44, 47, 45]],

[ 39, 45, 0,[ 40, 37, 38, 41]],

[ 99, 55, 1,[ 97, 0, 98, 1]],

[ 85, 65, 0,[ 84, 87, 83, 86]],

[ 64, 95, 1,[ 66, 65, 62, 63]],

[ 89, 65, 0,[ 88, 87, 90, 91]],

[ 30, 75, 0,[ 31, 29, 32, 28]],

[ 6, 95, 0,[ 7, 4, 5, 8]],

[ 56, 5, 1,[ 57, 54, 58, 55]],

[ 38, 25, 1,[ 39, 36, 37, 40]],

[ 61, 95, 1,[ 63, 60, 62, 59]],

[ 8, 85, 0,[ 7, 9, 10, 6]],

[ 3, 5, 0,[ 2, 5, 1, 4]],

[ 75, 75, 0,[ 73, 76, 74, 77]],

[ 78, 75, 0,[ 80, 77, 79, 76]],

[ 21, 45, 1,[ 22, 20, 23, 19]],

[ 51, 65, 1,[ 50, 49, 52, 53]],

[ 95, 65, 0,[ 96, 94, 97, 93]],

[ 94, 65, 0,[ 96, 92, 93, 95]],

[ 28, 75, 0,[ 27, 30, 29, 26]],

[ 25, 75, 0,[ 24, 27, 23, 26]],

[ 40, 45, 1,[ 42, 39, 38, 41]],

[ 42, 95, 1,[ 41, 43, 40, 44]],

[ 55, 75, 1,[ 54, 56, 53, 57]],

[ 11, 85, 0,[ 9, 12, 13, 10]],

[ 65, 65, 0,[ 63, 67, 64, 66]],

[ 20, 65, 1,[ 21, 22, 19, 18]],

[ 97, 65, 1,[ 98, 95, 99, 96]],

[ 92, 55, 1,[ 90, 94, 91, 93]],

[ 48, 5, 1,[ 50, 46, 47, 49]],

[ 54, 55, 1,[ 52, 55, 53, 56]],

[ 19, 45, 0,[ 21, 17, 18, 20]],

[ 57, 65, 1,[ 56, 55, 59, 58]],

[ 80, 95, 1,[ 78, 81, 82, 79]],

