[ 52, 15, 0,[ 51, 53, 50, 54]],

[ 78, 25, 0,[ 80, 76, 77, 79]],

[ 20, 75, 0,[ 22, 19, 18, 21]],

[ 26, 75, 0,[ 24, 28, 27, 25]],

[ 55, 15, 0,[ 54, 53, 56, 57]],

[ 33, 75, 0,[ 32, 31, 34, 35]],

[ 19, 15, 1,[ 20, 18, 21, 17]],

[ 79, 25, 0,[ 78, 77, 80, 81]],

[ 30, 75, 0,[ 32, 29, 28, 31]],

[ 8, 85, 0,[ 10, 6, 7, 9]],

[ 51, 15, 0,[ 50, 52, 49, 53]],

[ 87, 25, 0,[ 88, 85, 89, 86]],

[ 11, 85, 0,[ 9, 12, 10, 13]],

[ 80, 25, 0,[ 81, 78, 82, 79]],

[ 98, 75, 0,[ 0, 97, 96, 99]],

[ 7, 85, 0,[ 8, 5, 6, 9]],

[ 77, 25, 1,[ 75, 76, 79, 78]],

[ 0, 75, 0,[ 99, 1, 98, 2]],

[ 93, 75, 0,[ 92, 95, 91, 94]],

[ 88, 25, 0,[ 87, 89, 86, 90]],

[ 3, 75, 0,[ 2, 5, 1, 4]],

[ 6, 25, 1,[ 4, 7, 5, 8]],

[ 69, 15, 0,[ 71, 70, 68, 67]],

[ 5, 75, 0,[ 4, 7, 3, 6]],

[ 59, 15, 0,[ 58, 60, 61, 57]],

[ 29, 75, 0,[ 27, 31, 30, 28]],

[ 66, 15, 0,[ 65, 64, 68, 67]],

[ 36, 75, 0,[ 34, 37, 38, 35]],

[ 40, 75, 0,[ 39, 41, 42, 38]],

[ 2, 75, 0,[ 4, 1, 3, 0]],

[ 64, 15, 0,[ 65, 66, 63, 62]],

[ 18, 75, 0,[ 17, 19, 20, 16]],

[ 16, 75, 0,[ 17, 18, 15, 14]],

[ 89, 25, 0,[ 90, 87, 88, 91]],

[ 38, 75, 0,[ 40, 39, 36, 37]],

[ 56, 15, 0,[ 54, 57, 58, 55]],

[ 48, 15, 0,[ 49, 47, 50, 46]],

[ 12, 15, 1,[ 11, 14, 13, 10]],

[ 85, 25, 0,[ 86, 87, 84, 83]],

[ 50, 15, 0,[ 51, 49, 52, 48]],

[ 67, 15, 0,[ 65, 66, 68, 69]],

[ 76, 15, 0,[ 75, 74, 77, 78]],

[ 68, 15, 0,[ 70, 67, 69, 66]],

[ 90, 45, 1,[ 92, 88, 89, 91]],

[ 92, 75, 0,[ 91, 90, 93, 94]],

[ 23, 75, 0,[ 21, 25, 22, 24]],

[ 81, 25, 0,[ 80, 79, 82, 83]],

[ 91, 85, 1,[ 92, 93, 90, 89]],

[ 54, 15, 0,[ 56, 52, 55, 53]],

[ 35, 75, 0,[ 36, 34, 33, 37]],

[ 60, 15, 0,[ 58, 61, 62, 59]],

[ 34, 75, 0,[ 36, 32, 33, 35]],

[ 44, 15, 0,[ 43, 45, 46, 42]],

[ 25, 75, 0,[ 24, 26, 23, 27]],

[ 28, 75, 0,[ 29, 30, 27, 26]],

[ 27, 75, 0,[ 25, 29, 28, 26]],

[ 99, 75, 0,[ 0, 97, 1, 98]],

[ 39, 75, 0,[ 37, 41, 40, 38]],

[ 1, 75, 0,[ 2, 99, 3, 0]],

[ 94, 75, 0,[ 95, 92, 93, 96]],

[ 95, 75, 0,[ 94, 93, 96, 97]],

[ 97, 75, 0,[ 95, 99, 96, 98]],

[ 72, 15, 1,[ 70, 71, 74, 73]],

[ 31, 75, 0,[ 30, 32, 33, 29]],

[ 47, 15, 0,[ 45, 49, 46, 48]],

[ 58, 15, 0,[ 56, 59, 60, 57]],

[ 9, 85, 0,[ 8, 7, 11, 10]],

[ 14, 75, 0,[ 16, 13, 12, 15]],

[ 24, 75, 0,[ 22, 26, 25, 23]],

[ 15, 75, 0,[ 14, 17, 16, 13]],

[ 43, 15, 0,[ 45, 41, 44, 42]],

[ 62, 15, 0,[ 60, 64, 63, 61]],

[ 84, 25, 0,[ 85, 86, 82, 83]],

[ 32, 75, 0,[ 31, 33, 30, 34]],

[ 82, 25, 0,[ 83, 80, 84, 81]],

[ 37, 75, 1,[ 35, 38, 39, 36]],

[ 63, 15, 0,[ 64, 65, 61, 62]],

[ 21, 75, 0,[ 22, 23, 20, 19]],

[ 96, 75, 0,[ 97, 94, 95, 98]],

[ 61, 15, 0,[ 60, 62, 59, 63]],

[ 73, 15, 0,[ 71, 74, 75, 72]],

[ 74, 15, 0,[ 75, 72, 73, 76]],

[ 65, 15, 0,[ 64, 63, 67, 66]],

[ 45, 15, 0,[ 44, 46, 47, 43]],

[ 22, 75, 0,[ 24, 23, 20, 21]],

[ 4, 75, 0,[ 6, 5, 2, 3]],

[ 10, 85, 0,[ 11, 9, 12, 8]],

[ 49, 15, 0,[ 51, 47, 48, 50]],

[ 13, 75, 0,[ 14, 12, 15, 11]],

[ 75, 15, 0,[ 77, 74, 76, 73]],

[ 41, 5, 1,[ 40, 43, 42, 39]],

[ 86, 25, 0,[ 87, 88, 85, 84]],

[ 42, 15, 0,[ 44, 41, 40, 43]],

[ 70, 15, 0,[ 71, 68, 72, 69]],

[ 83, 25, 0,[ 85, 81, 82, 84]],

[ 46, 15, 0,[ 45, 44, 48, 47]],

[ 71, 15, 0,[ 73, 70, 69, 72]],

[ 17, 75, 1,[ 16, 19, 15, 18]],

[ 53, 15, 0,[ 54, 52, 51, 55]],

[ 57, 15, 0,[ 59, 56, 55, 58]],

