[ 91, 65, 0,[ 93, 92, 89, 90]],

[ 79, 55, 1,[ 77, 78, 80, 81]],

[ 37, 35, 0,[ 38, 35, 39, 36]],

[ 53, 35, 0,[ 51, 52, 55, 54]],

[ 50, 35, 1,[ 51, 49, 52, 48]],

[ 5, 55, 0,[ 7, 4, 3, 6]],

[ 12, 45, 1,[ 11, 10, 13, 14]],

[ 52, 35, 0,[ 54, 51, 53, 50]],

[ 90, 65, 0,[ 92, 88, 91, 89]],

[ 73, 95, 0,[ 75, 72, 71, 74]],

[ 10, 55, 0,[ 9, 8, 12, 11]],

[ 39, 35, 0,[ 40, 37, 38, 41]],

[ 36, 35, 0,[ 34, 37, 38, 35]],

[ 62, 95, 0,[ 64, 61, 63, 60]],

[ 56, 35, 0,[ 55, 58, 54, 57]],

[ 19, 35, 0,[ 17, 20, 21, 18]],

[ 8, 55, 0,[ 6, 10, 9, 7]],

[ 13, 25, 0,[ 12, 11, 15, 14]],

[ 18, 35, 0,[ 20, 19, 16, 17]],

[ 28, 35, 0,[ 26, 27, 30, 29]],

[ 69, 95, 0,[ 67, 68, 71, 70]],

[ 2, 65, 0,[ 3, 4, 1, 0]],

[ 1, 65, 0,[ 2, 3, 0, 99]],

[ 30, 35, 0,[ 31, 32, 28, 29]],

[ 46, 35, 0,[ 48, 47, 44, 45]],

[ 6, 55, 0,[ 7, 4, 8, 5]],

[ 95, 65, 0,[ 94, 97, 93, 96]],

[ 0, 65, 0,[ 98, 99, 1, 2]],

[ 11, 55, 0,[ 9, 12, 13, 10]],

[ 60, 95, 0,[ 62, 61, 58, 59]],

[ 93, 65, 0,[ 95, 92, 94, 91]],

[ 78, 55, 0,[ 77, 80, 79, 76]],

[ 72, 95, 0,[ 73, 74, 71, 70]],

[ 25, 35, 0,[ 27, 24, 23, 26]],

[ 99, 65, 0,[ 98, 97, 0, 1]],

[ 67, 95, 0,[ 66, 69, 65, 68]],

[ 58, 85, 0,[ 59, 56, 57, 60]],

[ 83, 65, 0,[ 84, 81, 85, 82]],

[ 34, 35, 1,[ 35, 32, 36, 33]],

[ 82, 65, 0,[ 83, 80, 81, 84]],

[ 31, 35, 0,[ 30, 33, 32, 29]],

[ 57, 35, 0,[ 58, 56, 55, 59]],

[ 15, 35, 0,[ 13, 14, 17, 16]],

[ 77, 55, 0,[ 78, 75, 79, 76]],

[ 24, 35, 0,[ 22, 23, 26, 25]],

[ 75, 95, 0,[ 76, 74, 77, 73]],

[ 42, 45, 1,[ 43, 40, 41, 44]],

[ 51, 35, 0,[ 50, 52, 49, 53]],

[ 44, 5, 1,[ 42, 45, 43, 46]],

[ 43, 35, 0,[ 45, 42, 41, 44]],

[ 17, 35, 0,[ 16, 18, 19, 15]],

[ 27, 35, 0,[ 28, 25, 29, 26]],

[ 45, 35, 0,[ 46, 43, 47, 44]],

[ 41, 35, 0,[ 42, 43, 40, 39]],

[ 3, 65, 0,[ 2, 1, 5, 4]],

[ 92, 65, 0,[ 93, 94, 90, 91]],

[ 49, 35, 0,[ 51, 48, 50, 47]],

[ 80, 55, 0,[ 79, 81, 82, 78]],

[ 14, 35, 0,[ 15, 16, 13, 12]],

[ 63, 95, 0,[ 65, 61, 64, 62]],

[ 20, 35, 0,[ 19, 21, 22, 18]],

[ 76, 25, 1,[ 75, 74, 77, 78]],

[ 7, 55, 0,[ 8, 9, 5, 6]],

[ 47, 35, 0,[ 49, 48, 45, 46]],

[ 9, 55, 0,[ 10, 11, 7, 8]],

[ 29, 35, 0,[ 30, 28, 31, 27]],

[ 81, 55, 0,[ 79, 83, 82, 80]],

[ 38, 35, 0,[ 40, 36, 37, 39]],

[ 89, 65, 0,[ 90, 91, 87, 88]],

[ 22, 35, 0,[ 21, 20, 24, 23]],

[ 54, 35, 0,[ 55, 52, 53, 56]],

[ 59, 85, 1,[ 58, 61, 60, 57]],

[ 32, 35, 0,[ 31, 30, 34, 33]],

[ 61, 95, 0,[ 62, 63, 60, 59]],

[ 71, 95, 1,[ 73, 70, 72, 69]],

[ 74, 95, 0,[ 72, 76, 75, 73]],

[ 21, 35, 0,[ 23, 19, 22, 20]],

[ 16, 35, 0,[ 15, 17, 18, 14]],

[ 87, 65, 0,[ 88, 85, 86, 89]],

[ 23, 35, 0,[ 25, 21, 24, 22]],

[ 70, 95, 0,[ 72, 71, 68, 69]],

[ 65, 95, 0,[ 63, 67, 64, 66]],

[ 66, 95, 0,[ 67, 65, 64, 68]],

[ 26, 35, 0,[ 28, 27, 25, 24]],

[ 88, 65, 0,[ 90, 87, 86, 89]],

[ 35, 35, 0,[ 36, 34, 33, 37]],

[ 98, 65, 0,[ 96, 0, 99, 97]],

[ 64, 95, 0,[ 62, 65, 63, 66]],

[ 96, 65, 1,[ 94, 97, 98, 95]],

[ 55, 35, 0,[ 57, 54, 53, 56]],

[ 40, 35, 0,[ 38, 42, 39, 41]],

[ 85, 65, 0,[ 87, 83, 86, 84]],

[ 68, 95, 0,[ 69, 67, 66, 70]],

[ 97, 65, 0,[ 95, 98, 99, 96]],

[ 86, 65, 0,[ 87, 84, 85, 88]],

[ 33, 35, 0,[ 31, 34, 32, 35]],

[ 48, 35, 0,[ 50, 47, 49, 46]],

[ 94, 65, 0,[ 95, 96, 93, 92]],

[ 84, 65, 0,[ 86, 83, 85, 82]],

[ 4, 55, 0,[ 5, 2, 6, 3]],

