[ 29, 15, 1,[ 31, 27, 30, 28]],

[ 76, 15, 1,[ 78, 77, 74, 75]],

[ 84, 35, 0,[ 82, 83, 86, 85]],

[ 64, 85, 1,[ 66, 65, 63, 62]],

[ 50, 75, 0,[ 49, 52, 51, 48]],

[ 8, 15, 1,[ 10, 9, 6, 7]],

[ 97, 95, 1,[ 96, 99, 95, 98]],

[ 68, 35, 0,[ 66, 69, 67, 70]],

[ 40, 35, 0,[ 41, 42, 39, 38]],

[ 19, 5, 1,[ 17, 18, 20, 21]],

[ 16, 5, 1,[ 15, 14, 18, 17]],

[ 3, 35, 1,[ 4, 5, 2, 1]],

[ 87, 35, 0,[ 89, 85, 88, 86]],

[ 24, 5, 0,[ 22, 25, 23, 26]],

[ 51, 75, 1,[ 52, 53, 49, 50]],

[ 96, 85, 0,[ 95, 97, 94, 98]],

[ 61, 15, 1,[ 59, 63, 60, 62]],

[ 31, 15, 0,[ 32, 30, 29, 33]],

[ 59, 25, 1,[ 61, 57, 60, 58]],

[ 28, 15, 0,[ 27, 26, 30, 29]],

[ 71, 35, 1,[ 70, 72, 69, 73]],

[ 98, 85, 1,[ 97, 96, 99, 0]],

[ 95, 85, 1,[ 93, 96, 97, 94]],

[ 35, 85, 0,[ 37, 33, 34, 36]],

[ 48, 75, 0,[ 49, 50, 47, 46]],

[ 44, 35, 1,[ 46, 45, 42, 43]],

[ 20, 35, 0,[ 21, 19, 22, 18]],

[ 99, 15, 1,[ 97, 1, 98, 0]],

[ 78, 95, 0,[ 76, 79, 80, 77]],

[ 22, 35, 0,[ 24, 20, 21, 23]],

[ 49, 75, 0,[ 48, 47, 50, 51]],

[ 13, 75, 0,[ 14, 12, 11, 15]],

[ 83, 35, 0,[ 85, 81, 84, 82]],

[ 17, 5, 0,[ 16, 18, 19, 15]],

[ 38, 55, 1,[ 37, 36, 39, 40]],

[ 47, 55, 1,[ 48, 46, 49, 45]],

[ 54, 5, 0,[ 52, 55, 56, 53]],

[ 81, 95, 0,[ 80, 79, 83, 82]],

[ 5, 15, 0,[ 3, 7, 4, 6]],

[ 92, 85, 1,[ 94, 91, 93, 90]],

[ 37, 85, 1,[ 38, 36, 39, 35]],

[ 46, 35, 0,[ 48, 44, 45, 47]],

[ 91, 5, 1,[ 93, 90, 89, 92]],

[ 9, 15, 0,[ 10, 7, 8, 11]],

[ 30, 15, 0,[ 28, 31, 29, 32]],

[ 11, 25, 1,[ 13, 12, 10, 9]],

[ 62, 45, 0,[ 61, 60, 64, 63]],

[ 69, 35, 0,[ 68, 67, 70, 71]],

[ 45, 35, 0,[ 44, 46, 47, 43]],

[ 63, 45, 1,[ 62, 61, 64, 65]],

[ 94, 45, 1,[ 92, 95, 93, 96]],

[ 55, 85, 1,[ 56, 53, 54, 57]],

[ 93, 85, 0,[ 92, 94, 91, 95]],

[ 34, 85, 0,[ 35, 36, 33, 32]],

[ 7, 15, 1,[ 5, 6, 8, 9]],

[ 73, 35, 0,[ 72, 71, 74, 75]],

[ 88, 75, 1,[ 87, 86, 90, 89]],

[ 67, 65, 1,[ 68, 69, 65, 66]],

[ 12, 75, 1,[ 11, 10, 13, 14]],

[ 56, 55, 0,[ 55, 57, 54, 58]],

[ 21, 35, 1,[ 23, 20, 19, 22]],

[ 79, 95, 1,[ 81, 80, 77, 78]],

[ 85, 35, 1,[ 87, 86, 84, 83]],

[ 86, 35, 0,[ 88, 85, 84, 87]],

[ 42, 35, 0,[ 43, 44, 41, 40]],

[ 70, 35, 0,[ 69, 71, 72, 68]],

[ 18, 75, 1,[ 20, 16, 17, 19]],

[ 75, 45, 1,[ 77, 76, 74, 73]],

[ 15, 35, 1,[ 17, 14, 16, 13]],

[ 23, 85, 1,[ 21, 22, 25, 24]],

[ 10, 55, 1,[ 11, 9, 12, 8]],

[ 65, 65, 0,[ 64, 66, 67, 63]],

[ 72, 35, 0,[ 74, 73, 70, 71]],

[ 2, 35, 0,[ 1, 3, 0, 4]],

[ 53, 5, 0,[ 51, 55, 54, 52]],

[ 43, 35, 0,[ 41, 42, 44, 45]],

[ 27, 55, 1,[ 26, 29, 28, 25]],

[ 82, 35, 0,[ 81, 83, 80, 84]],

[ 89, 5, 1,[ 87, 90, 88, 91]],

[ 26, 5, 0,[ 24, 28, 25, 27]],

[ 6, 15, 0,[ 8, 7, 4, 5]],

[ 25, 5, 1,[ 27, 26, 24, 23]],

[ 1, 25, 1,[ 3, 2, 0, 99]],

[ 58, 55, 0,[ 60, 56, 59, 57]],

[ 4, 5, 1,[ 3, 6, 2, 5]],

[ 66, 65, 0,[ 65, 68, 67, 64]],

[ 74, 35, 0,[ 72, 75, 76, 73]],

[ 41, 35, 0,[ 40, 42, 39, 43]],

[ 80, 95, 1,[ 79, 82, 81, 78]],

[ 33, 85, 0,[ 35, 32, 34, 31]],

[ 52, 5, 1,[ 50, 51, 53, 54]],

[ 60, 75, 1,[ 61, 62, 58, 59]],

[ 57, 55, 0,[ 58, 59, 56, 55]],

[ 14, 75, 0,[ 13, 15, 12, 16]],

[ 90, 5, 0,[ 92, 88, 89, 91]],

[ 39, 75, 1,[ 37, 38, 41, 40]],

[ 0, 95, 1,[ 98, 99, 2, 1]],

[ 36, 85, 1,[ 38, 35, 37, 34]],

[ 77, 55, 1,[ 76, 79, 75, 78]],

[ 32, 25, 1,[ 30, 34, 31, 33]],

