[ 41, 95, 0,[ 40, 43, 39, 42]],

[ 56, 25, 0,[ 55, 57, 54, 58]],

[ 3, 75, 0,[ 5, 2, 1, 4]],

[ 82, 45, 0,[ 80, 83, 81, 84]],

[ 93, 95, 1,[ 92, 91, 95, 94]],

[ 37, 25, 1,[ 35, 38, 39, 36]],

[ 84, 55, 1,[ 83, 86, 85, 82]],

[ 88, 25, 1,[ 87, 86, 90, 89]],

[ 67, 35, 1,[ 69, 66, 65, 68]],

[ 95, 55, 0,[ 96, 93, 94, 97]],

[ 10, 75, 0,[ 9, 8, 11, 12]],

[ 66, 75, 1,[ 67, 64, 65, 68]],

[ 98, 85, 0,[ 96, 0, 99, 97]],

[ 5, 75, 0,[ 4, 6, 7, 3]],

[ 16, 35, 1,[ 14, 15, 17, 18]],

[ 51, 25, 1,[ 53, 50, 49, 52]],

[ 13, 55, 1,[ 15, 12, 11, 14]],

[ 73, 15, 1,[ 75, 71, 72, 74]],

[ 64, 35, 1,[ 66, 62, 65, 63]],

[ 30, 95, 0,[ 29, 32, 28, 31]],

[ 39, 65, 1,[ 38, 40, 37, 41]],

[ 49, 85, 1,[ 47, 50, 48, 51]],

[ 2, 75, 0,[ 1, 4, 3, 0]],

[ 60, 25, 1,[ 59, 62, 58, 61]],

[ 7, 5, 0,[ 5, 8, 9, 6]],

[ 70, 75, 1,[ 69, 72, 71, 68]],

[ 24, 65, 0,[ 26, 22, 25, 23]],

[ 47, 75, 0,[ 45, 46, 48, 49]],

[ 85, 55, 0,[ 84, 83, 87, 86]],

[ 59, 85, 0,[ 57, 61, 58, 60]],

[ 38, 55, 1,[ 40, 37, 39, 36]],

[ 61, 35, 0,[ 62, 63, 60, 59]],

[ 86, 25, 1,[ 85, 84, 87, 88]],

[ 55, 65, 0,[ 57, 53, 54, 56]],

[ 32, 25, 1,[ 33, 34, 30, 31]],

[ 28, 75, 0,[ 26, 30, 29, 27]],

[ 87, 25, 0,[ 89, 88, 86, 85]],

[ 27, 15, 1,[ 26, 29, 25, 28]],

[ 9, 95, 1,[ 8, 11, 10, 7]],

[ 58, 45, 1,[ 56, 57, 60, 59]],

[ 83, 5, 1,[ 85, 84, 81, 82]],

[ 62, 35, 0,[ 64, 61, 60, 63]],

[ 31, 45, 1,[ 33, 29, 30, 32]],

[ 80, 45, 0,[ 82, 79, 81, 78]],

[ 42, 85, 1,[ 41, 40, 44, 43]],

[ 69, 45, 0,[ 71, 68, 70, 67]],

[ 40, 35, 1,[ 38, 39, 42, 41]],

[ 6, 65, 1,[ 5, 4, 7, 8]],

[ 77, 45, 0,[ 75, 76, 79, 78]],

[ 1, 75, 0,[ 99, 2, 0, 3]],

[ 19, 5, 0,[ 17, 20, 18, 21]],

[ 75, 45, 0,[ 74, 73, 76, 77]],

[ 99, 15, 1,[ 0, 97, 98, 1]],

[ 22, 65, 1,[ 23, 21, 24, 20]],

[ 35, 55, 1,[ 34, 36, 37, 33]],

[ 33, 95, 0,[ 34, 35, 31, 32]],

[ 79, 45, 0,[ 80, 78, 81, 77]],

[ 17, 5, 0,[ 18, 16, 19, 15]],

[ 15, 75, 1,[ 17, 14, 16, 13]],

[ 50, 65, 1,[ 52, 49, 51, 48]],

[ 53, 75, 0,[ 51, 52, 55, 54]],

[ 18, 65, 1,[ 17, 20, 19, 16]],

[ 57, 95, 0,[ 56, 59, 55, 58]],

[ 23, 25, 1,[ 25, 22, 21, 24]],

[ 44, 25, 1,[ 42, 46, 45, 43]],

[ 36, 45, 1,[ 34, 38, 37, 35]],

[ 21, 95, 1,[ 22, 19, 20, 23]],

[ 68, 45, 0,[ 70, 66, 69, 67]],

[ 54, 5, 0,[ 56, 52, 55, 53]],

[ 91, 35, 0,[ 93, 90, 89, 92]],

[ 65, 35, 0,[ 67, 64, 66, 63]],

[ 90, 35, 1,[ 91, 89, 92, 88]],

[ 72, 65, 0,[ 70, 73, 71, 74]],

[ 74, 65, 0,[ 72, 73, 76, 75]],

[ 52, 45, 0,[ 54, 51, 53, 50]],

[ 20, 65, 1,[ 21, 19, 18, 22]],

[ 34, 15, 0,[ 33, 36, 32, 35]],

[ 26, 75, 1,[ 28, 27, 24, 25]],

[ 14, 75, 0,[ 16, 12, 13, 15]],

[ 29, 15, 0,[ 28, 27, 31, 30]],

[ 94, 5, 0,[ 93, 96, 95, 92]],

[ 71, 65, 1,[ 69, 73, 72, 70]],

[ 4, 75, 0,[ 3, 2, 5, 6]],

[ 81, 45, 0,[ 79, 80, 82, 83]],

[ 76, 45, 0,[ 78, 77, 75, 74]],

[ 12, 75, 0,[ 10, 13, 14, 11]],

[ 45, 25, 1,[ 44, 47, 46, 43]],

[ 89, 35, 1,[ 90, 88, 91, 87]],

[ 78, 55, 1,[ 76, 80, 77, 79]],

[ 46, 75, 1,[ 45, 44, 48, 47]],

[ 0, 85, 1,[ 2, 98, 99, 1]],

[ 8, 5, 1,[ 6, 10, 7, 9]],

[ 63, 35, 0,[ 62, 61, 64, 65]],

[ 25, 65, 1,[ 23, 26, 27, 24]],

[ 92, 65, 1,[ 93, 90, 91, 94]],

[ 48, 75, 0,[ 46, 50, 47, 49]],

[ 97, 75, 1,[ 96, 99, 95, 98]],

[ 43, 5, 1,[ 44, 41, 45, 42]],

[ 96, 25, 0,[ 97, 98, 95, 94]],

[ 11, 75, 0,[ 12, 10, 13, 9]],

