[ 48, 85, 0,[ 49, 50, 47, 46]],

[ 81, 45, 0,[ 83, 79, 82, 80]],

[ 33, 85, 0,[ 32, 31, 34, 35]],

[ 89, 55, 0,[ 91, 87, 90, 88]],

[ 86, 95, 1,[ 88, 87, 84, 85]],

[ 66, 45, 0,[ 64, 65, 68, 67]],

[ 5, 55, 0,[ 7, 6, 4, 3]],

[ 53, 85, 0,[ 55, 51, 52, 54]],

[ 52, 85, 0,[ 54, 50, 53, 51]],

[ 11, 5, 1,[ 12, 10, 13, 9]],

[ 91, 55, 0,[ 89, 92, 93, 90]],

[ 73, 45, 0,[ 71, 75, 72, 74]],

[ 70, 75, 1,[ 71, 68, 69, 72]],

[ 82, 45, 0,[ 84, 83, 81, 80]],

[ 28, 85, 0,[ 26, 27, 30, 29]],

[ 13, 55, 0,[ 12, 15, 14, 11]],

[ 41, 85, 0,[ 42, 39, 43, 40]],

[ 24, 85, 0,[ 22, 25, 23, 26]],

[ 77, 45, 0,[ 76, 79, 78, 75]],

[ 3, 55, 0,[ 1, 2, 5, 4]],

[ 84, 45, 0,[ 85, 83, 86, 82]],

[ 51, 85, 0,[ 50, 53, 49, 52]],

[ 76, 45, 1,[ 74, 77, 78, 75]],

[ 50, 85, 0,[ 52, 51, 49, 48]],

[ 98, 55, 0,[ 0, 97, 99, 96]],

[ 78, 45, 0,[ 77, 79, 76, 80]],

[ 44, 85, 0,[ 42, 43, 45, 46]],

[ 39, 85, 0,[ 40, 41, 38, 37]],

[ 40, 85, 1,[ 38, 41, 42, 39]],

[ 8, 55, 0,[ 7, 10, 9, 6]],

[ 6, 55, 0,[ 5, 8, 7, 4]],

[ 26, 85, 0,[ 27, 25, 24, 28]],

[ 69, 45, 0,[ 67, 70, 68, 71]],

[ 60, 85, 0,[ 62, 61, 58, 59]],

[ 43, 85, 0,[ 45, 44, 41, 42]],

[ 37, 85, 0,[ 39, 35, 36, 38]],

[ 59, 85, 0,[ 57, 60, 58, 61]],

[ 54, 85, 0,[ 56, 53, 52, 55]],

[ 27, 85, 0,[ 29, 25, 26, 28]],

[ 31, 85, 0,[ 30, 33, 29, 32]],

[ 7, 55, 0,[ 8, 6, 5, 9]],

[ 64, 85, 0,[ 66, 65, 62, 63]],

[ 4, 55, 0,[ 6, 2, 3, 5]],

[ 36, 85, 0,[ 38, 37, 35, 34]],

[ 92, 55, 0,[ 94, 91, 90, 93]],

[ 62, 85, 0,[ 64, 63, 61, 60]],

[ 19, 85, 0,[ 20, 21, 18, 17]],

[ 99, 55, 0,[ 1, 97, 98, 0]],

[ 74, 45, 0,[ 73, 76, 75, 72]],

[ 2, 55, 0,[ 1, 4, 0, 3]],

[ 90, 55, 0,[ 89, 88, 92, 91]],

[ 17, 55, 0,[ 15, 19, 18, 16]],

[ 88, 55, 0,[ 87, 86, 90, 89]],

[ 67, 45, 0,[ 66, 65, 69, 68]],

[ 85, 45, 0,[ 83, 87, 86, 84]],

[ 97, 55, 0,[ 99, 98, 95, 96]],

[ 61, 85, 0,[ 62, 59, 63, 60]],

[ 87, 55, 0,[ 86, 85, 88, 89]],

[ 30, 85, 0,[ 32, 28, 31, 29]],

[ 65, 55, 1,[ 66, 63, 64, 67]],

[ 25, 85, 0,[ 26, 23, 24, 27]],

[ 15, 55, 0,[ 16, 14, 13, 17]],

[ 71, 45, 0,[ 72, 70, 73, 69]],

[ 47, 85, 0,[ 48, 46, 45, 49]],

[ 21, 85, 0,[ 23, 19, 22, 20]],

[ 93, 55, 0,[ 92, 95, 91, 94]],

[ 46, 85, 0,[ 45, 48, 47, 44]],

[ 10, 55, 1,[ 12, 8, 11, 9]],

[ 34, 85, 0,[ 35, 36, 32, 33]],

[ 72, 45, 0,[ 71, 74, 70, 73]],

[ 75, 45, 0,[ 76, 73, 77, 74]],

[ 18, 85, 0,[ 20, 16, 19, 17]],

[ 42, 85, 0,[ 41, 40, 44, 43]],

[ 56, 85, 0,[ 58, 57, 55, 54]],

[ 63, 85, 0,[ 61, 65, 62, 64]],

[ 14, 55, 1,[ 15, 16, 13, 12]],

[ 9, 95, 1,[ 8, 10, 7, 11]],

[ 58, 85, 0,[ 59, 56, 57, 60]],

[ 57, 85, 0,[ 56, 55, 59, 58]],

[ 80, 45, 0,[ 82, 81, 79, 78]],

[ 20, 85, 0,[ 18, 21, 22, 19]],

[ 94, 55, 0,[ 95, 93, 92, 96]],

[ 16, 55, 0,[ 18, 15, 17, 14]],

[ 96, 55, 0,[ 94, 95, 97, 98]],

[ 38, 85, 0,[ 37, 36, 39, 40]],

[ 45, 85, 0,[ 43, 46, 47, 44]],

[ 79, 45, 0,[ 77, 78, 81, 80]],

[ 22, 85, 1,[ 24, 23, 21, 20]],

[ 49, 85, 0,[ 47, 48, 51, 50]],

[ 83, 45, 0,[ 81, 82, 85, 84]],

[ 23, 85, 0,[ 21, 24, 22, 25]],

[ 35, 85, 0,[ 33, 34, 37, 36]],

[ 1, 55, 0,[ 2, 3, 0, 99]],

[ 95, 55, 0,[ 97, 96, 94, 93]],

[ 29, 85, 0,[ 28, 27, 31, 30]],

[ 0, 55, 0,[ 2, 1, 99, 98]],

[ 68, 45, 0,[ 67, 70, 69, 66]],

[ 12, 55, 0,[ 13, 10, 11, 14]],

[ 55, 85, 0,[ 54, 57, 53, 56]],

[ 32, 85, 0,[ 30, 33, 34, 31]],

