[ 18, 45, 1,[ 17, 16, 20, 19]],

[ 12, 25, 0,[ 13, 10, 14, 11]],

[ 27, 85, 0,[ 28, 25, 29, 26]],

[ 91, 25, 0,[ 93, 89, 90, 92]],

[ 50, 5, 0,[ 51, 49, 52, 48]],

[ 47, 5, 0,[ 45, 49, 46, 48]],

[ 3, 25, 0,[ 4, 2, 5, 1]],

[ 23, 85, 0,[ 24, 25, 22, 21]],

[ 26, 85, 0,[ 28, 27, 24, 25]],

[ 89, 15, 0,[ 91, 88, 90, 87]],

[ 10, 25, 0,[ 9, 11, 8, 12]],

[ 61, 95, 0,[ 63, 59, 60, 62]],

[ 34, 85, 0,[ 35, 33, 36, 32]],

[ 94, 55, 0,[ 96, 95, 93, 92]],

[ 40, 85, 0,[ 38, 41, 42, 39]],

[ 85, 15, 0,[ 84, 87, 86, 83]],

[ 21, 85, 0,[ 19, 22, 20, 23]],

[ 1, 25, 0,[ 99, 3, 2, 0]],

[ 55, 95, 0,[ 56, 57, 53, 54]],

[ 63, 95, 0,[ 65, 62, 61, 64]],

[ 35, 85, 0,[ 33, 37, 34, 36]],

[ 29, 85, 0,[ 27, 28, 30, 31]],

[ 98, 75, 0,[ 99, 0, 96, 97]],

[ 84, 55, 1,[ 82, 86, 85, 83]],

[ 2, 25, 0,[ 3, 0, 1, 4]],

[ 22, 85, 0,[ 20, 21, 23, 24]],

[ 48, 5, 0,[ 49, 46, 50, 47]],

[ 62, 95, 0,[ 60, 63, 61, 64]],

[ 43, 5, 0,[ 44, 42, 41, 45]],

[ 54, 95, 0,[ 52, 56, 53, 55]],

[ 53, 95, 0,[ 51, 55, 52, 54]],

[ 36, 85, 0,[ 35, 34, 38, 37]],

[ 81, 5, 0,[ 80, 79, 82, 83]],

[ 5, 25, 0,[ 6, 7, 4, 3]],

[ 30, 85, 0,[ 29, 28, 31, 32]],

[ 38, 85, 0,[ 37, 40, 39, 36]],

[ 80, 75, 1,[ 78, 79, 82, 81]],

[ 37, 85, 0,[ 38, 39, 36, 35]],

[ 15, 25, 0,[ 16, 14, 17, 13]],

[ 31, 85, 0,[ 33, 32, 30, 29]],

[ 69, 95, 0,[ 67, 71, 70, 68]],

[ 45, 5, 0,[ 46, 44, 47, 43]],

[ 14, 25, 0,[ 15, 12, 13, 16]],

[ 52, 75, 1,[ 53, 51, 54, 50]],

[ 11, 25, 0,[ 13, 10, 9, 12]],

[ 78, 95, 0,[ 77, 80, 79, 76]],

[ 70, 95, 0,[ 68, 72, 69, 71]],

[ 8, 25, 0,[ 6, 10, 9, 7]],

[ 25, 85, 0,[ 23, 27, 26, 24]],

[ 46, 5, 0,[ 47, 48, 45, 44]],

[ 76, 95, 0,[ 77, 75, 78, 74]],

[ 87, 15, 0,[ 88, 89, 86, 85]],

[ 86, 15, 0,[ 88, 87, 84, 85]],

[ 20, 85, 0,[ 19, 18, 21, 22]],

[ 95, 85, 1,[ 96, 94, 97, 93]],

[ 41, 85, 0,[ 42, 40, 43, 39]],

[ 92, 35, 0,[ 91, 90, 94, 93]],

[ 68, 95, 0,[ 69, 70, 66, 67]],

[ 28, 85, 0,[ 30, 26, 29, 27]],

[ 4, 25, 0,[ 6, 3, 5, 2]],

[ 51, 5, 0,[ 49, 50, 53, 52]],

[ 64, 95, 0,[ 62, 66, 63, 65]],

[ 6, 25, 0,[ 7, 5, 4, 8]],

[ 73, 95, 0,[ 74, 72, 75, 71]],

[ 77, 95, 0,[ 78, 79, 76, 75]],

[ 39, 85, 0,[ 41, 40, 37, 38]],

[ 71, 95, 0,[ 73, 69, 72, 70]],

[ 66, 95, 1,[ 65, 67, 64, 68]],

[ 17, 25, 0,[ 16, 19, 18, 15]],

[ 88, 15, 0,[ 89, 90, 87, 86]],

[ 9, 25, 0,[ 10, 8, 11, 7]],

[ 97, 75, 0,[ 98, 96, 95, 99]],

[ 58, 95, 0,[ 59, 57, 56, 60]],

[ 13, 25, 0,[ 15, 12, 11, 14]],

[ 79, 95, 0,[ 78, 77, 81, 80]],

[ 83, 5, 0,[ 85, 84, 82, 81]],

[ 72, 95, 0,[ 71, 74, 73, 70]],

[ 75, 95, 0,[ 76, 77, 73, 74]],

[ 33, 85, 0,[ 31, 34, 35, 32]],

[ 60, 95, 0,[ 58, 62, 61, 59]],

[ 67, 95, 0,[ 69, 66, 65, 68]],

[ 96, 75, 0,[ 98, 94, 95, 97]],

[ 16, 25, 0,[ 18, 15, 14, 17]],

[ 65, 95, 0,[ 63, 64, 66, 67]],

[ 32, 85, 0,[ 33, 31, 30, 34]],

[ 49, 5, 0,[ 47, 50, 48, 51]],

[ 90, 5, 1,[ 92, 89, 91, 88]],

[ 0, 25, 0,[ 98, 99, 1, 2]],

[ 56, 95, 0,[ 55, 57, 54, 58]],

[ 57, 95, 0,[ 55, 59, 56, 58]],

[ 82, 25, 1,[ 80, 83, 84, 81]],

[ 99, 45, 1,[ 1, 98, 97, 0]],

[ 93, 95, 0,[ 92, 94, 95, 91]],

[ 59, 95, 0,[ 57, 60, 58, 61]],

[ 24, 85, 0,[ 23, 26, 22, 25]],

[ 42, 5, 1,[ 41, 44, 43, 40]],

[ 74, 95, 0,[ 76, 73, 75, 72]],

[ 7, 25, 0,[ 6, 9, 5, 8]],

[ 19, 85, 0,[ 17, 18, 21, 20]],

[ 44, 5, 0,[ 42, 43, 45, 46]],

