[ 80, 75, 1,[ 78, 82, 79, 81]],

[ 88, 65, 0,[ 87, 89, 86, 90]],

[ 35, 5, 0,[ 37, 34, 36, 33]],

[ 42, 55, 1,[ 44, 40, 41, 43]],

[ 0, 35, 0,[ 98, 99, 1, 2]],

[ 49, 45, 1,[ 51, 50, 47, 48]],

[ 1, 35, 1,[ 3, 2, 99, 0]],

[ 47, 75, 1,[ 46, 48, 45, 49]],

[ 12, 65, 0,[ 13, 10, 14, 11]],

[ 85, 25, 1,[ 86, 84, 87, 83]],

[ 59, 35, 0,[ 61, 58, 57, 60]],

[ 22, 15, 0,[ 20, 23, 21, 24]],

[ 9, 5, 1,[ 11, 8, 7, 10]],

[ 13, 65, 0,[ 15, 14, 11, 12]],

[ 87, 65, 0,[ 85, 88, 86, 89]],

[ 16, 65, 0,[ 18, 14, 15, 17]],

[ 68, 45, 1,[ 67, 66, 70, 69]],

[ 36, 5, 0,[ 37, 38, 34, 35]],

[ 57, 35, 0,[ 59, 56, 58, 55]],

[ 10, 75, 1,[ 9, 12, 8, 11]],

[ 50, 45, 0,[ 49, 51, 52, 48]],

[ 5, 5, 1,[ 7, 6, 4, 3]],

[ 81, 25, 1,[ 80, 79, 83, 82]],

[ 93, 65, 0,[ 95, 92, 94, 91]],

[ 7, 25, 1,[ 8, 6, 5, 9]],

[ 2, 5, 0,[ 4, 0, 1, 3]],

[ 19, 15, 0,[ 17, 20, 18, 21]],

[ 86, 55, 1,[ 85, 84, 87, 88]],

[ 64, 45, 0,[ 63, 65, 62, 66]],

[ 74, 75, 0,[ 73, 75, 72, 76]],

[ 61, 95, 1,[ 62, 59, 60, 63]],

[ 99, 25, 1,[ 0, 97, 1, 98]],

[ 33, 85, 1,[ 34, 32, 31, 35]],

[ 78, 75, 0,[ 79, 77, 80, 76]],

[ 45, 55, 0,[ 47, 44, 46, 43]],

[ 89, 65, 0,[ 90, 88, 91, 87]],

[ 11, 65, 1,[ 9, 12, 10, 13]],

[ 15, 65, 0,[ 16, 17, 14, 13]],

[ 67, 45, 0,[ 68, 69, 65, 66]],

[ 21, 15, 1,[ 23, 22, 20, 19]],

[ 84, 25, 0,[ 85, 83, 82, 86]],

[ 55, 35, 0,[ 54, 53, 57, 56]],

[ 20, 15, 0,[ 22, 18, 21, 19]],

[ 46, 45, 1,[ 47, 48, 44, 45]],

[ 3, 5, 0,[ 2, 1, 4, 5]],

[ 79, 75, 0,[ 77, 81, 78, 80]],

[ 6, 5, 1,[ 7, 5, 8, 4]],

[ 24, 15, 0,[ 26, 25, 22, 23]],

[ 51, 25, 1,[ 52, 50, 53, 49]],

[ 76, 35, 1,[ 78, 77, 75, 74]],

[ 91, 65, 0,[ 92, 93, 90, 89]],

[ 34, 5, 0,[ 35, 33, 36, 32]],

[ 75, 5, 1,[ 77, 73, 74, 76]],

[ 62, 85, 1,[ 61, 60, 63, 64]],

[ 95, 15, 1,[ 96, 93, 94, 97]],

[ 48, 75, 1,[ 49, 50, 46, 47]],

[ 65, 45, 0,[ 64, 67, 63, 66]],

[ 17, 65, 0,[ 19, 18, 15, 16]],

[ 18, 5, 1,[ 16, 17, 19, 20]],

[ 63, 15, 1,[ 62, 64, 61, 65]],

[ 56, 35, 0,[ 58, 54, 57, 55]],

[ 8, 5, 0,[ 10, 9, 6, 7]],

[ 58, 35, 1,[ 60, 56, 59, 57]],

[ 97, 75, 1,[ 95, 99, 98, 96]],

[ 70, 45, 0,[ 69, 72, 68, 71]],

[ 44, 55, 0,[ 45, 43, 42, 46]],

[ 94, 65, 0,[ 96, 93, 92, 95]],

[ 90, 65, 1,[ 88, 91, 92, 89]],

[ 52, 45, 1,[ 54, 51, 50, 53]],

[ 43, 55, 0,[ 45, 42, 41, 44]],

[ 83, 25, 0,[ 81, 84, 85, 82]],

[ 82, 75, 1,[ 83, 81, 80, 84]],

[ 37, 5, 0,[ 35, 39, 36, 38]],

[ 39, 5, 1,[ 40, 38, 37, 41]],

[ 71, 75, 0,[ 72, 70, 69, 73]],

[ 30, 55, 1,[ 28, 29, 31, 32]],

[ 54, 15, 1,[ 55, 52, 56, 53]],

[ 53, 75, 1,[ 54, 51, 55, 52]],

[ 31, 85, 1,[ 33, 32, 30, 29]],

[ 77, 15, 1,[ 78, 79, 76, 75]],

[ 14, 15, 1,[ 13, 12, 16, 15]],

[ 72, 75, 1,[ 73, 70, 74, 71]],

[ 38, 5, 1,[ 36, 40, 39, 37]],

[ 28, 15, 0,[ 29, 26, 27, 30]],

[ 32, 85, 0,[ 33, 30, 31, 34]],

[ 73, 75, 1,[ 75, 71, 74, 72]],

[ 66, 45, 0,[ 68, 67, 65, 64]],

[ 96, 75, 1,[ 95, 94, 97, 98]],

[ 29, 15, 0,[ 28, 31, 30, 27]],

[ 40, 35, 1,[ 41, 38, 39, 42]],

[ 60, 45, 1,[ 58, 59, 61, 62]],

[ 92, 65, 0,[ 93, 91, 94, 90]],

[ 26, 5, 1,[ 28, 25, 24, 27]],

[ 98, 75, 1,[ 99, 0, 96, 97]],

[ 69, 45, 0,[ 71, 67, 68, 70]],

[ 23, 15, 0,[ 22, 21, 24, 25]],

[ 25, 55, 1,[ 24, 27, 23, 26]],

[ 4, 5, 0,[ 5, 2, 6, 3]],

[ 41, 55, 0,[ 40, 42, 39, 43]],

[ 27, 15, 1,[ 25, 26, 28, 29]],

