[ 25, 75, 0,[ 24, 23, 27, 26]],

[ 67, 45, 0,[ 69, 68, 66, 65]],

[ 62, 25, 0,[ 63, 60, 61, 64]],

[ 9, 5, 0,[ 11, 10, 7, 8]],

[ 95, 95, 0,[ 96, 97, 94, 93]],

[ 53, 5, 0,[ 54, 55, 51, 52]],

[ 23, 75, 0,[ 21, 24, 25, 22]],

[ 39, 85, 0,[ 38, 41, 40, 37]],

[ 69, 45, 0,[ 70, 71, 68, 67]],

[ 59, 5, 0,[ 60, 57, 58, 61]],

[ 83, 25, 0,[ 82, 84, 81, 85]],

[ 31, 85, 0,[ 30, 33, 32, 29]],

[ 57, 5, 0,[ 55, 59, 58, 56]],

[ 4, 95, 0,[ 5, 2, 6, 3]],

[ 28, 75, 0,[ 26, 29, 27, 30]],

[ 84, 25, 0,[ 85, 86, 83, 82]],

[ 96, 95, 0,[ 95, 94, 98, 97]],

[ 22, 5, 0,[ 23, 21, 20, 24]],

[ 60, 5, 0,[ 58, 62, 61, 59]],

[ 91, 45, 1,[ 93, 92, 89, 90]],

[ 6, 95, 0,[ 4, 7, 8, 5]],

[ 93, 45, 0,[ 91, 92, 94, 95]],

[ 43, 75, 0,[ 41, 42, 45, 44]],

[ 41, 85, 0,[ 39, 43, 42, 40]],

[ 82, 25, 0,[ 81, 80, 84, 83]],

[ 16, 85, 0,[ 18, 14, 17, 15]],

[ 65, 25, 0,[ 63, 64, 67, 66]],

[ 87, 85, 0,[ 89, 88, 86, 85]],

[ 71, 75, 0,[ 73, 70, 72, 69]],

[ 92, 45, 0,[ 93, 90, 94, 91]],

[ 76, 5, 0,[ 75, 77, 78, 74]],

[ 70, 45, 0,[ 71, 72, 68, 69]],

[ 40, 85, 0,[ 38, 42, 39, 41]],

[ 72, 75, 0,[ 70, 73, 74, 71]],

[ 33, 85, 0,[ 35, 34, 31, 32]],

[ 38, 85, 0,[ 39, 36, 40, 37]],

[ 68, 45, 0,[ 69, 66, 67, 70]],

[ 61, 5, 1,[ 59, 63, 62, 60]],

[ 78, 45, 0,[ 80, 79, 77, 76]],

[ 0, 95, 0,[ 98, 99, 2, 1]],

[ 2, 95, 0,[ 3, 4, 1, 0]],

[ 20, 5, 0,[ 18, 22, 19, 21]],

[ 50, 65, 0,[ 52, 51, 48, 49]],

[ 19, 5, 0,[ 21, 17, 18, 20]],

[ 42, 15, 1,[ 44, 40, 43, 41]],

[ 30, 75, 0,[ 32, 31, 28, 29]],

[ 80, 45, 0,[ 81, 78, 79, 82]],

[ 52, 35, 1,[ 53, 54, 50, 51]],

[ 5, 95, 0,[ 4, 3, 7, 6]],

[ 77, 45, 0,[ 78, 76, 75, 79]],

[ 55, 5, 0,[ 54, 57, 53, 56]],

[ 63, 25, 0,[ 62, 64, 65, 61]],

[ 15, 85, 0,[ 17, 14, 13, 16]],

[ 74, 5, 0,[ 76, 75, 72, 73]],

[ 11, 5, 0,[ 10, 12, 13, 9]],

[ 10, 5, 0,[ 9, 12, 8, 11]],

[ 29, 75, 0,[ 30, 28, 31, 27]],

[ 98, 95, 0,[ 99, 97, 96, 0]],

[ 46, 45, 0,[ 44, 47, 48, 45]],

[ 17, 85, 1,[ 15, 16, 19, 18]],

[ 45, 55, 1,[ 47, 46, 44, 43]],

[ 88, 45, 0,[ 90, 87, 86, 89]],

[ 18, 5, 0,[ 20, 16, 19, 17]],

[ 48, 45, 0,[ 46, 49, 47, 50]],

[ 26, 75, 0,[ 25, 28, 27, 24]],

[ 51, 65, 1,[ 50, 53, 52, 49]],

[ 14, 15, 1,[ 15, 13, 12, 16]],

[ 27, 75, 0,[ 25, 26, 29, 28]],

[ 12, 5, 0,[ 14, 10, 11, 13]],

[ 49, 65, 0,[ 50, 47, 48, 51]],

[ 89, 45, 0,[ 90, 88, 87, 91]],

[ 8, 5, 0,[ 9, 6, 10, 7]],

[ 90, 45, 0,[ 92, 89, 88, 91]],

[ 34, 85, 0,[ 36, 35, 33, 32]],

[ 79, 45, 0,[ 81, 77, 78, 80]],

[ 35, 85, 0,[ 34, 33, 37, 36]],

[ 47, 45, 0,[ 46, 48, 45, 49]],

[ 81, 25, 0,[ 79, 80, 82, 83]],

[ 21, 5, 0,[ 19, 20, 22, 23]],

[ 66, 25, 0,[ 68, 65, 67, 64]],

[ 37, 85, 0,[ 39, 35, 36, 38]],

[ 54, 5, 0,[ 52, 55, 56, 53]],

[ 85, 85, 0,[ 84, 86, 83, 87]],

[ 44, 25, 0,[ 42, 43, 45, 46]],

[ 13, 5, 0,[ 15, 14, 12, 11]],

[ 1, 95, 0,[ 0, 3, 99, 2]],

[ 86, 85, 0,[ 85, 88, 87, 84]],

[ 36, 85, 0,[ 35, 37, 34, 38]],

[ 73, 5, 0,[ 72, 75, 71, 74]],

[ 7, 95, 0,[ 6, 9, 8, 5]],

[ 24, 75, 0,[ 26, 23, 22, 25]],

[ 3, 95, 0,[ 2, 5, 1, 4]],

[ 32, 85, 0,[ 31, 30, 34, 33]],

[ 94, 95, 0,[ 92, 95, 96, 93]],

[ 75, 5, 1,[ 73, 77, 76, 74]],

[ 64, 25, 0,[ 62, 65, 63, 66]],

[ 97, 95, 0,[ 99, 96, 98, 95]],

[ 99, 95, 1,[ 98, 1, 0, 97]],

[ 58, 5, 0,[ 60, 59, 57, 56]],

[ 56, 5, 0,[ 58, 55, 57, 54]],

