[ 83, 95, 0,[ 81, 84, 82, 85]],

[ 70, 85, 0,[ 68, 72, 69, 71]],

[ 1, 25, 1,[ 3, 99, 2, 0]],

[ 29, 85, 0,[ 28, 27, 30, 31]],

[ 42, 45, 0,[ 41, 44, 40, 43]],

[ 90, 95, 0,[ 92, 89, 88, 91]],

[ 91, 95, 0,[ 89, 92, 90, 93]],

[ 99, 25, 0,[ 97, 1, 98, 0]],

[ 56, 65, 0,[ 57, 54, 55, 58]],

[ 5, 65, 0,[ 3, 7, 6, 4]],

[ 11, 65, 0,[ 13, 9, 12, 10]],

[ 93, 25, 0,[ 91, 94, 95, 92]],

[ 34, 85, 0,[ 33, 32, 35, 36]],

[ 98, 25, 0,[ 96, 97, 99, 0]],

[ 97, 25, 1,[ 96, 98, 99, 95]],

[ 8, 65, 0,[ 6, 10, 9, 7]],

[ 6, 65, 0,[ 7, 5, 4, 8]],

[ 82, 95, 0,[ 83, 81, 84, 80]],

[ 50, 45, 0,[ 48, 51, 49, 52]],

[ 36, 85, 0,[ 35, 37, 38, 34]],

[ 38, 35, 0,[ 39, 36, 40, 37]],

[ 84, 95, 0,[ 86, 85, 82, 83]],

[ 26, 85, 0,[ 28, 24, 25, 27]],

[ 7, 65, 0,[ 5, 9, 8, 6]],

[ 96, 25, 0,[ 94, 97, 95, 98]],

[ 31, 85, 0,[ 32, 30, 29, 33]],

[ 14, 85, 0,[ 16, 12, 15, 13]],

[ 66, 85, 0,[ 65, 68, 67, 64]],

[ 68, 85, 0,[ 66, 67, 70, 69]],

[ 63, 85, 0,[ 65, 62, 61, 64]],

[ 58, 65, 0,[ 59, 60, 57, 56]],

[ 79, 95, 0,[ 80, 77, 81, 78]],

[ 92, 95, 0,[ 91, 93, 94, 90]],

[ 94, 25, 0,[ 95, 92, 93, 96]],

[ 22, 85, 0,[ 20, 21, 23, 24]],

[ 32, 85, 0,[ 31, 33, 30, 34]],

[ 75, 95, 0,[ 73, 77, 74, 76]],

[ 24, 85, 0,[ 25, 26, 22, 23]],

[ 89, 95, 0,[ 91, 88, 87, 90]],

[ 37, 35, 0,[ 36, 39, 35, 38]],

[ 95, 25, 0,[ 94, 93, 96, 97]],

[ 86, 95, 0,[ 87, 84, 85, 88]],

[ 13, 85, 0,[ 15, 12, 11, 14]],

[ 12, 85, 0,[ 10, 11, 14, 13]],

[ 43, 45, 0,[ 45, 44, 41, 42]],

[ 35, 85, 0,[ 37, 33, 36, 34]],

[ 64, 85, 1,[ 66, 62, 63, 65]],

[ 47, 45, 0,[ 48, 46, 49, 45]],

[ 39, 35, 0,[ 38, 37, 40, 41]],

[ 28, 85, 0,[ 27, 26, 29, 30]],

[ 55, 65, 0,[ 54, 57, 53, 56]],

[ 71, 85, 0,[ 70, 73, 69, 72]],

[ 49, 45, 0,[ 48, 51, 47, 50]],

[ 3, 15, 1,[ 1, 2, 4, 5]],

[ 53, 85, 1,[ 51, 55, 52, 54]],

[ 33, 85, 0,[ 35, 32, 34, 31]],

[ 80, 95, 0,[ 78, 82, 81, 79]],

[ 21, 85, 0,[ 23, 20, 22, 19]],

[ 15, 85, 0,[ 13, 17, 16, 14]],

[ 18, 85, 0,[ 16, 17, 20, 19]],

[ 57, 65, 0,[ 58, 55, 56, 59]],

[ 4, 65, 0,[ 6, 2, 5, 3]],

[ 60, 65, 0,[ 61, 59, 58, 62]],

[ 20, 85, 0,[ 22, 19, 21, 18]],

[ 67, 85, 0,[ 65, 68, 69, 66]],

[ 51, 45, 0,[ 49, 52, 53, 50]],

[ 87, 95, 0,[ 88, 85, 86, 89]],

[ 16, 85, 0,[ 18, 14, 15, 17]],

[ 59, 65, 0,[ 58, 60, 61, 57]],

[ 74, 85, 0,[ 73, 76, 72, 75]],

[ 48, 45, 0,[ 50, 49, 46, 47]],

[ 72, 85, 0,[ 71, 74, 70, 73]],

[ 61, 65, 0,[ 62, 60, 59, 63]],

[ 10, 65, 0,[ 11, 8, 12, 9]],

[ 30, 85, 0,[ 29, 31, 32, 28]],

[ 62, 5, 1,[ 60, 63, 64, 61]],

[ 2, 25, 0,[ 1, 3, 4, 0]],

[ 69, 85, 0,[ 68, 67, 70, 71]],

[ 78, 95, 1,[ 76, 80, 79, 77]],

[ 41, 45, 0,[ 43, 40, 39, 42]],

[ 19, 85, 1,[ 17, 21, 20, 18]],

[ 23, 85, 0,[ 25, 21, 24, 22]],

[ 85, 95, 0,[ 84, 86, 87, 83]],

[ 88, 95, 0,[ 89, 87, 90, 86]],

[ 27, 85, 0,[ 25, 26, 28, 29]],

[ 81, 95, 0,[ 82, 83, 80, 79]],

[ 9, 65, 0,[ 7, 10, 11, 8]],

[ 52, 45, 0,[ 53, 51, 50, 54]],

[ 40, 5, 1,[ 39, 41, 38, 42]],

[ 46, 45, 0,[ 45, 47, 48, 44]],

[ 25, 85, 0,[ 26, 24, 27, 23]],

[ 65, 85, 0,[ 63, 67, 66, 64]],

[ 73, 85, 0,[ 71, 75, 72, 74]],

[ 45, 45, 0,[ 43, 46, 44, 47]],

[ 44, 45, 0,[ 42, 45, 46, 43]],

[ 77, 95, 0,[ 79, 78, 75, 76]],

[ 17, 85, 0,[ 18, 19, 16, 15]],

[ 54, 65, 0,[ 53, 56, 55, 52]],

[ 0, 5, 1,[ 2, 1, 98, 99]],

[ 76, 95, 0,[ 74, 78, 77, 75]],

