[ 40, 25, 1,[ 41, 42, 38, 39]],

[ 58, 5, 0,[ 60, 59, 56, 57]],

[ 93, 25, 1,[ 92, 95, 91, 94]],

[ 45, 15, 0,[ 46, 44, 43, 47]],

[ 11, 5, 0,[ 13, 12, 9, 10]],

[ 72, 15, 1,[ 73, 70, 74, 71]],

[ 49, 85, 0,[ 51, 47, 50, 48]],

[ 22, 5, 1,[ 20, 21, 24, 23]],

[ 3, 65, 1,[ 5, 4, 1, 2]],

[ 31, 35, 1,[ 33, 29, 30, 32]],

[ 92, 55, 1,[ 94, 91, 90, 93]],

[ 43, 15, 0,[ 45, 41, 42, 44]],

[ 42, 15, 0,[ 41, 44, 43, 40]],

[ 1, 65, 0,[ 3, 2, 0, 99]],

[ 46, 5, 1,[ 47, 44, 45, 48]],

[ 2, 65, 0,[ 1, 0, 3, 4]],

[ 9, 65, 0,[ 8, 7, 10, 11]],

[ 69, 95, 0,[ 71, 68, 70, 67]],

[ 56, 85, 1,[ 55, 58, 54, 57]],

[ 78, 55, 1,[ 76, 77, 80, 79]],

[ 55, 75, 1,[ 54, 57, 56, 53]],

[ 71, 95, 0,[ 72, 70, 69, 73]],

[ 7, 65, 0,[ 9, 6, 8, 5]],

[ 88, 55, 0,[ 87, 89, 86, 90]],

[ 27, 35, 0,[ 28, 26, 29, 25]],

[ 53, 85, 0,[ 52, 51, 55, 54]],

[ 59, 5, 0,[ 57, 58, 61, 60]],

[ 29, 35, 1,[ 30, 28, 27, 31]],

[ 57, 5, 1,[ 59, 55, 56, 58]],

[ 87, 95, 1,[ 88, 89, 85, 86]],

[ 67, 5, 1,[ 65, 66, 69, 68]],

[ 63, 95, 1,[ 62, 65, 61, 64]],

[ 38, 35, 1,[ 36, 40, 37, 39]],

[ 4, 65, 0,[ 6, 3, 2, 5]],

[ 99, 75, 1,[ 0, 98, 1, 97]],

[ 54, 85, 0,[ 52, 56, 53, 55]],

[ 37, 35, 1,[ 38, 36, 39, 35]],

[ 96, 65, 0,[ 95, 97, 94, 98]],

[ 70, 95, 1,[ 68, 71, 72, 69]],

[ 75, 65, 0,[ 77, 76, 73, 74]],

[ 90, 55, 0,[ 92, 91, 89, 88]],

[ 84, 85, 0,[ 83, 85, 86, 82]],

[ 25, 5, 1,[ 26, 24, 27, 23]],

[ 23, 5, 0,[ 25, 21, 24, 22]],

[ 64, 95, 0,[ 62, 66, 65, 63]],

[ 82, 75, 1,[ 83, 80, 84, 81]],

[ 44, 15, 0,[ 46, 43, 42, 45]],

[ 79, 35, 1,[ 81, 77, 78, 80]],

[ 35, 35, 1,[ 37, 33, 36, 34]],

[ 80, 35, 1,[ 79, 78, 81, 82]],

[ 62, 75, 1,[ 60, 63, 61, 64]],

[ 89, 55, 0,[ 88, 91, 87, 90]],

[ 21, 5, 0,[ 20, 22, 19, 23]],

[ 30, 35, 0,[ 31, 29, 28, 32]],

[ 77, 65, 0,[ 78, 76, 79, 75]],

[ 39, 85, 1,[ 38, 40, 37, 41]],

[ 10, 55, 1,[ 11, 12, 9, 8]],

[ 98, 95, 1,[ 96, 99, 97, 0]],

[ 13, 5, 0,[ 14, 11, 15, 12]],

[ 74, 65, 1,[ 72, 73, 75, 76]],

[ 51, 85, 1,[ 50, 52, 49, 53]],

[ 24, 5, 0,[ 22, 23, 25, 26]],

[ 50, 85, 0,[ 51, 49, 48, 52]],

[ 8, 65, 0,[ 6, 7, 9, 10]],

[ 91, 55, 0,[ 93, 89, 90, 92]],

[ 85, 85, 0,[ 83, 86, 87, 84]],

[ 83, 85, 1,[ 81, 84, 82, 85]],

[ 41, 15, 1,[ 43, 42, 39, 40]],

[ 33, 35, 0,[ 32, 31, 34, 35]],

[ 28, 35, 0,[ 26, 27, 30, 29]],

[ 65, 95, 0,[ 63, 67, 64, 66]],

[ 17, 5, 1,[ 19, 16, 15, 18]],

[ 86, 85, 0,[ 88, 85, 84, 87]],

[ 73, 95, 1,[ 71, 72, 75, 74]],

[ 48, 85, 0,[ 50, 46, 47, 49]],

[ 32, 45, 1,[ 33, 31, 34, 30]],

[ 61, 45, 1,[ 63, 59, 62, 60]],

[ 97, 35, 1,[ 95, 98, 96, 99]],

[ 68, 65, 1,[ 69, 66, 70, 67]],

[ 47, 85, 0,[ 45, 49, 46, 48]],

[ 5, 65, 0,[ 4, 6, 7, 3]],

[ 18, 5, 0,[ 19, 20, 17, 16]],

[ 76, 65, 0,[ 77, 74, 75, 78]],

[ 0, 95, 1,[ 1, 2, 98, 99]],

[ 94, 65, 0,[ 92, 93, 95, 96]],

[ 6, 65, 0,[ 8, 5, 7, 4]],

[ 26, 95, 1,[ 28, 24, 27, 25]],

[ 95, 65, 1,[ 94, 93, 97, 96]],

[ 66, 45, 1,[ 67, 68, 65, 64]],

[ 36, 45, 1,[ 34, 38, 37, 35]],

[ 52, 85, 0,[ 50, 51, 53, 54]],

[ 12, 5, 1,[ 11, 14, 10, 13]],

[ 16, 5, 0,[ 14, 15, 17, 18]],

[ 19, 5, 0,[ 18, 21, 20, 17]],

[ 20, 45, 1,[ 21, 22, 19, 18]],

[ 34, 75, 1,[ 36, 33, 32, 35]],

[ 15, 65, 1,[ 17, 14, 13, 16]],

[ 14, 5, 0,[ 12, 16, 15, 13]],

[ 81, 35, 1,[ 80, 79, 83, 82]],

[ 60, 95, 1,[ 62, 61, 58, 59]],

