[ 87, 95, 1,[ 88, 89, 86, 85]],

[ 97, 45, 0,[ 96, 98, 95, 99]],

[ 60, 35, 1,[ 61, 58, 59, 62]],

[ 35, 15, 1,[ 37, 34, 33, 36]],

[ 99, 65, 1,[ 1, 97, 98, 0]],

[ 16, 35, 0,[ 17, 15, 18, 14]],

[ 45, 45, 1,[ 44, 47, 46, 43]],

[ 42, 5, 0,[ 44, 41, 43, 40]],

[ 27, 35, 0,[ 29, 26, 25, 28]],

[ 36, 95, 1,[ 38, 35, 34, 37]],

[ 64, 85, 1,[ 66, 62, 65, 63]],

[ 96, 45, 0,[ 95, 94, 98, 97]],

[ 67, 15, 0,[ 68, 65, 69, 66]],

[ 2, 35, 0,[ 1, 4, 3, 0]],

[ 69, 15, 0,[ 68, 70, 71, 67]],

[ 90, 15, 1,[ 92, 88, 89, 91]],

[ 54, 65, 1,[ 52, 56, 53, 55]],

[ 37, 95, 1,[ 39, 35, 36, 38]],

[ 83, 45, 1,[ 85, 82, 84, 81]],

[ 21, 85, 1,[ 19, 23, 20, 22]],

[ 51, 65, 0,[ 52, 49, 50, 53]],

[ 52, 25, 1,[ 53, 51, 54, 50]],

[ 78, 85, 1,[ 77, 80, 79, 76]],

[ 91, 15, 0,[ 89, 90, 92, 93]],

[ 58, 55, 0,[ 56, 60, 57, 59]],

[ 32, 25, 1,[ 33, 31, 34, 30]],

[ 53, 65, 1,[ 52, 55, 54, 51]],

[ 47, 85, 0,[ 48, 45, 46, 49]],

[ 48, 85, 0,[ 49, 47, 46, 50]],

[ 17, 25, 0,[ 15, 19, 16, 18]],

[ 68, 15, 1,[ 69, 67, 70, 66]],

[ 70, 15, 0,[ 68, 71, 69, 72]],

[ 49, 65, 1,[ 51, 47, 50, 48]],

[ 18, 5, 0,[ 19, 17, 20, 16]],

[ 98, 45, 0,[ 96, 97, 0, 99]],

[ 22, 15, 1,[ 21, 24, 23, 20]],

[ 93, 25, 1,[ 92, 95, 91, 94]],

[ 71, 75, 1,[ 72, 70, 73, 69]],

[ 74, 65, 0,[ 73, 72, 76, 75]],

[ 57, 45, 1,[ 58, 59, 55, 56]],

[ 44, 95, 0,[ 45, 43, 42, 46]],

[ 14, 15, 1,[ 13, 12, 15, 16]],

[ 13, 55, 0,[ 14, 12, 15, 11]],

[ 31, 45, 1,[ 30, 29, 33, 32]],

[ 46, 95, 1,[ 47, 44, 48, 45]],

[ 81, 25, 1,[ 82, 83, 80, 79]],

[ 28, 35, 0,[ 30, 27, 26, 29]],

[ 59, 45, 1,[ 57, 60, 58, 61]],

[ 92, 85, 1,[ 94, 93, 90, 91]],

[ 94, 45, 1,[ 95, 93, 92, 96]],

[ 33, 65, 0,[ 34, 35, 32, 31]],

[ 61, 15, 0,[ 60, 59, 63, 62]],

[ 5, 35, 0,[ 4, 3, 6, 7]],

[ 55, 65, 1,[ 57, 54, 56, 53]],

[ 82, 5, 1,[ 83, 81, 84, 80]],

[ 23, 35, 1,[ 21, 25, 24, 22]],

[ 8, 55, 0,[ 9, 6, 7, 10]],

[ 40, 5, 0,[ 38, 42, 41, 39]],

[ 79, 5, 0,[ 80, 78, 81, 77]],

[ 73, 65, 0,[ 74, 75, 72, 71]],

[ 34, 65, 0,[ 36, 33, 35, 32]],

[ 19, 75, 0,[ 20, 17, 18, 21]],

[ 63, 5, 0,[ 64, 62, 61, 65]],

[ 24, 65, 1,[ 26, 25, 22, 23]],

[ 65, 45, 0,[ 66, 63, 67, 64]],

[ 11, 55, 0,[ 13, 12, 9, 10]],

[ 26, 35, 0,[ 28, 27, 25, 24]],

[ 72, 65, 1,[ 74, 70, 73, 71]],

[ 88, 15, 0,[ 87, 89, 90, 86]],

[ 75, 65, 1,[ 77, 76, 73, 74]],

[ 15, 45, 1,[ 14, 17, 16, 13]],

[ 30, 85, 1,[ 29, 31, 32, 28]],

[ 0, 35, 1,[ 2, 98, 1, 99]],

[ 12, 55, 0,[ 11, 14, 10, 13]],

[ 77, 5, 0,[ 75, 76, 79, 78]],

[ 62, 25, 1,[ 60, 61, 64, 63]],

[ 38, 35, 1,[ 37, 40, 36, 39]],

[ 43, 5, 1,[ 45, 42, 44, 41]],

[ 7, 55, 0,[ 6, 5, 9, 8]],

[ 76, 65, 0,[ 74, 78, 75, 77]],

[ 39, 95, 0,[ 37, 38, 41, 40]],

[ 80, 5, 0,[ 82, 78, 81, 79]],

[ 95, 45, 0,[ 93, 97, 96, 94]],

[ 25, 35, 0,[ 24, 27, 23, 26]],

[ 3, 35, 0,[ 4, 2, 5, 1]],

[ 9, 55, 0,[ 8, 10, 11, 7]],

[ 85, 15, 1,[ 86, 87, 84, 83]],

[ 29, 35, 0,[ 31, 27, 28, 30]],

[ 84, 65, 1,[ 85, 86, 83, 82]],

[ 89, 15, 1,[ 90, 91, 87, 88]],

[ 50, 15, 1,[ 48, 49, 51, 52]],

[ 20, 95, 0,[ 19, 21, 18, 22]],

[ 56, 55, 1,[ 54, 57, 55, 58]],

[ 66, 95, 1,[ 67, 65, 68, 64]],

[ 1, 85, 1,[ 2, 99, 0, 3]],

[ 86, 75, 1,[ 84, 87, 85, 88]],

[ 6, 35, 0,[ 8, 7, 5, 4]],

[ 4, 95, 1,[ 6, 5, 2, 3]],

[ 10, 55, 0,[ 11, 9, 12, 8]],

[ 41, 5, 0,[ 40, 39, 43, 42]],

