[ 87, 95, 0,[ 89, 88, 85, 86]],

[ 39, 75, 0,[ 41, 38, 40, 37]],

[ 50, 75, 0,[ 48, 51, 49, 52]],

[ 76, 95, 0,[ 74, 78, 75, 77]],

[ 81, 95, 0,[ 80, 83, 79, 82]],

[ 52, 85, 0,[ 53, 50, 54, 51]],

[ 30, 45, 0,[ 28, 32, 31, 29]],

[ 20, 45, 0,[ 18, 21, 22, 19]],

[ 24, 45, 0,[ 26, 23, 22, 25]],

[ 67, 35, 1,[ 68, 66, 65, 69]],

[ 64, 35, 0,[ 66, 62, 65, 63]],

[ 53, 85, 0,[ 52, 51, 55, 54]],

[ 84, 95, 0,[ 83, 86, 85, 82]],

[ 61, 35, 0,[ 63, 59, 60, 62]],

[ 71, 35, 0,[ 70, 69, 73, 72]],

[ 28, 45, 0,[ 30, 26, 27, 29]],

[ 99, 45, 0,[ 1, 0, 97, 98]],

[ 70, 35, 1,[ 68, 71, 69, 72]],

[ 4, 45, 0,[ 2, 3, 6, 5]],

[ 97, 45, 0,[ 98, 95, 99, 96]],

[ 44, 75, 0,[ 43, 46, 45, 42]],

[ 75, 85, 1,[ 77, 74, 76, 73]],

[ 19, 45, 0,[ 21, 18, 20, 17]],

[ 95, 45, 0,[ 97, 93, 94, 96]],

[ 83, 95, 0,[ 81, 82, 85, 84]],

[ 51, 55, 1,[ 50, 53, 52, 49]],

[ 9, 45, 0,[ 10, 11, 7, 8]],

[ 16, 45, 0,[ 17, 18, 14, 15]],

[ 55, 85, 0,[ 54, 53, 57, 56]],

[ 78, 95, 0,[ 77, 76, 80, 79]],

[ 2, 45, 0,[ 4, 0, 3, 1]],

[ 54, 85, 0,[ 53, 55, 52, 56]],

[ 62, 35, 0,[ 64, 61, 63, 60]],

[ 22, 45, 0,[ 20, 23, 21, 24]],

[ 68, 35, 0,[ 70, 69, 67, 66]],

[ 29, 45, 0,[ 30, 27, 31, 28]],

[ 35, 45, 1,[ 34, 37, 36, 33]],

[ 0, 45, 0,[ 1, 2, 98, 99]],

[ 93, 95, 0,[ 91, 94, 92, 95]],

[ 92, 95, 0,[ 94, 93, 90, 91]],

[ 15, 45, 0,[ 16, 17, 14, 13]],

[ 11, 45, 0,[ 9, 13, 10, 12]],

[ 31, 45, 0,[ 32, 33, 30, 29]],

[ 57, 85, 0,[ 55, 56, 59, 58]],

[ 77, 95, 0,[ 75, 76, 79, 78]],

[ 26, 45, 0,[ 27, 24, 28, 25]],

[ 56, 85, 0,[ 58, 54, 55, 57]],

[ 3, 45, 0,[ 2, 5, 1, 4]],

[ 85, 95, 0,[ 86, 87, 84, 83]],

[ 17, 45, 0,[ 16, 19, 15, 18]],

[ 42, 75, 0,[ 40, 43, 41, 44]],

[ 65, 35, 0,[ 63, 64, 66, 67]],

[ 49, 75, 0,[ 51, 47, 50, 48]],

[ 1, 45, 0,[ 99, 2, 3, 0]],

[ 69, 35, 0,[ 67, 70, 68, 71]],

[ 94, 45, 0,[ 93, 92, 96, 95]],

[ 7, 45, 0,[ 9, 6, 5, 8]],

[ 32, 45, 0,[ 31, 30, 33, 34]],

[ 46, 75, 0,[ 48, 45, 47, 44]],

[ 86, 95, 0,[ 85, 84, 88, 87]],

[ 43, 75, 1,[ 41, 45, 44, 42]],

[ 48, 75, 0,[ 49, 46, 50, 47]],

[ 72, 35, 0,[ 70, 71, 74, 73]],

[ 98, 45, 0,[ 96, 97, 0, 99]],

[ 25, 45, 0,[ 24, 27, 23, 26]],

[ 8, 45, 0,[ 10, 7, 9, 6]],

[ 47, 75, 0,[ 48, 45, 49, 46]],

[ 5, 45, 0,[ 6, 3, 4, 7]],

[ 90, 95, 0,[ 91, 88, 92, 89]],

[ 13, 45, 0,[ 12, 14, 11, 15]],

[ 82, 95, 0,[ 83, 81, 84, 80]],

[ 91, 95, 0,[ 93, 92, 90, 89]],

[ 58, 65, 1,[ 57, 56, 60, 59]],

[ 89, 95, 0,[ 88, 90, 91, 87]],

[ 21, 45, 0,[ 22, 23, 20, 19]],

[ 66, 35, 0,[ 64, 68, 67, 65]],

[ 63, 35, 0,[ 61, 65, 62, 64]],

[ 37, 65, 1,[ 39, 36, 38, 35]],

[ 10, 45, 0,[ 11, 8, 9, 12]],

[ 73, 35, 0,[ 72, 74, 71, 75]],

[ 36, 45, 0,[ 38, 37, 34, 35]],

[ 80, 95, 1,[ 81, 79, 82, 78]],

[ 45, 25, 1,[ 43, 47, 46, 44]],

[ 12, 45, 0,[ 13, 10, 11, 14]],

[ 40, 75, 0,[ 41, 42, 38, 39]],

[ 14, 45, 0,[ 16, 12, 15, 13]],

[ 96, 45, 0,[ 97, 95, 98, 94]],

[ 74, 35, 0,[ 75, 72, 73, 76]],

[ 88, 95, 0,[ 87, 89, 86, 90]],

[ 18, 45, 0,[ 20, 19, 16, 17]],

[ 59, 35, 0,[ 57, 61, 60, 58]],

[ 79, 95, 0,[ 78, 81, 80, 77]],

[ 41, 75, 0,[ 42, 43, 40, 39]],

[ 6, 45, 0,[ 8, 7, 5, 4]],

[ 33, 45, 0,[ 35, 32, 31, 34]],

[ 23, 45, 0,[ 21, 22, 25, 24]],

[ 60, 35, 0,[ 62, 59, 58, 61]],

[ 38, 75, 0,[ 39, 37, 40, 36]],

[ 34, 45, 0,[ 32, 36, 35, 33]],

[ 27, 45, 0,[ 26, 28, 29, 25]],

