[ 61, 35, 0,[ 60, 59, 62, 63]],

[ 92, 85, 0,[ 94, 93, 91, 90]],

[ 45, 35, 0,[ 47, 46, 43, 44]],

[ 86, 5, 0,[ 87, 88, 85, 84]],

[ 62, 35, 0,[ 61, 63, 60, 64]],

[ 97, 55, 0,[ 96, 98, 95, 99]],

[ 91, 85, 0,[ 90, 89, 92, 93]],

[ 17, 75, 0,[ 18, 19, 15, 16]],

[ 8, 85, 0,[ 6, 7, 10, 9]],

[ 38, 15, 0,[ 40, 36, 39, 37]],

[ 3, 55, 0,[ 5, 1, 2, 4]],

[ 41, 75, 0,[ 40, 43, 39, 42]],

[ 22, 15, 0,[ 23, 24, 21, 20]],

[ 80, 95, 1,[ 79, 78, 81, 82]],

[ 44, 35, 0,[ 43, 45, 42, 46]],

[ 30, 35, 0,[ 28, 29, 31, 32]],

[ 23, 25, 0,[ 22, 21, 25, 24]],

[ 59, 85, 1,[ 57, 60, 61, 58]],

[ 4, 55, 0,[ 3, 5, 2, 6]],

[ 53, 75, 0,[ 54, 52, 55, 51]],

[ 31, 85, 1,[ 32, 30, 33, 29]],

[ 25, 25, 0,[ 23, 24, 27, 26]],

[ 63, 35, 0,[ 64, 65, 61, 62]],

[ 14, 15, 1,[ 16, 15, 13, 12]],

[ 11, 85, 0,[ 9, 13, 12, 10]],

[ 9, 85, 0,[ 11, 8, 10, 7]],

[ 73, 35, 0,[ 75, 72, 71, 74]],

[ 47, 35, 0,[ 48, 46, 49, 45]],

[ 6, 55, 0,[ 4, 5, 7, 8]],

[ 1, 55, 0,[ 2, 99, 3, 0]],

[ 48, 35, 0,[ 47, 50, 49, 46]],

[ 33, 35, 0,[ 35, 34, 31, 32]],

[ 19, 75, 1,[ 17, 18, 20, 21]],

[ 52, 35, 0,[ 53, 50, 51, 54]],

[ 10, 85, 0,[ 12, 11, 9, 8]],

[ 65, 35, 0,[ 67, 66, 63, 64]],

[ 28, 75, 0,[ 27, 30, 29, 26]],

[ 36, 35, 0,[ 38, 35, 34, 37]],

[ 64, 35, 0,[ 63, 65, 66, 62]],

[ 51, 35, 0,[ 50, 52, 53, 49]],

[ 81, 5, 0,[ 83, 80, 79, 82]],

[ 56, 75, 1,[ 57, 54, 55, 58]],

[ 16, 35, 0,[ 17, 15, 18, 14]],

[ 46, 35, 0,[ 44, 47, 48, 45]],

[ 18, 35, 0,[ 16, 17, 20, 19]],

[ 54, 75, 0,[ 53, 55, 56, 52]],

[ 35, 35, 0,[ 34, 37, 33, 36]],

[ 49, 35, 0,[ 47, 50, 51, 48]],

[ 99, 55, 0,[ 1, 97, 98, 0]],

[ 40, 15, 0,[ 42, 38, 39, 41]],

[ 0, 55, 0,[ 98, 99, 2, 1]],

[ 66, 35, 0,[ 68, 64, 65, 67]],

[ 27, 75, 0,[ 26, 25, 28, 29]],

[ 69, 35, 0,[ 67, 70, 71, 68]],

[ 24, 25, 0,[ 25, 22, 23, 26]],

[ 15, 15, 0,[ 16, 14, 13, 17]],

[ 26, 75, 0,[ 24, 27, 25, 28]],

[ 13, 15, 0,[ 14, 11, 12, 15]],

[ 94, 55, 1,[ 92, 95, 93, 96]],

[ 74, 35, 0,[ 73, 75, 72, 76]],

[ 32, 35, 0,[ 31, 30, 33, 34]],

[ 93, 55, 0,[ 92, 94, 95, 91]],

[ 88, 95, 0,[ 89, 87, 86, 90]],

[ 75, 15, 0,[ 76, 74, 77, 73]],

[ 50, 35, 0,[ 48, 49, 52, 51]],

[ 96, 55, 0,[ 97, 98, 94, 95]],

[ 90, 95, 0,[ 88, 89, 92, 91]],

[ 39, 75, 1,[ 38, 40, 37, 41]],

[ 77, 15, 0,[ 79, 76, 78, 75]],

[ 87, 5, 0,[ 89, 88, 86, 85]],

[ 71, 35, 0,[ 72, 69, 70, 73]],

[ 68, 35, 0,[ 67, 66, 70, 69]],

[ 78, 15, 0,[ 79, 77, 76, 80]],

[ 95, 55, 0,[ 93, 96, 97, 94]],

[ 2, 55, 0,[ 4, 0, 3, 1]],

[ 12, 85, 0,[ 13, 10, 14, 11]],

[ 5, 55, 0,[ 6, 3, 4, 7]],

[ 67, 15, 1,[ 66, 68, 65, 69]],

[ 98, 55, 0,[ 96, 99, 97, 0]],

[ 82, 5, 0,[ 84, 81, 83, 80]],

[ 79, 15, 0,[ 80, 78, 81, 77]],

[ 7, 95, 1,[ 8, 9, 6, 5]],

[ 60, 35, 0,[ 59, 61, 62, 58]],

[ 21, 15, 0,[ 19, 22, 20, 23]],

[ 70, 35, 0,[ 72, 71, 69, 68]],

[ 72, 35, 0,[ 70, 74, 73, 71]],

[ 55, 75, 0,[ 54, 56, 57, 53]],

[ 58, 75, 0,[ 57, 60, 59, 56]],

[ 84, 5, 0,[ 83, 86, 82, 85]],

[ 83, 5, 0,[ 85, 84, 82, 81]],

[ 43, 35, 0,[ 42, 45, 41, 44]],

[ 85, 5, 0,[ 86, 84, 83, 87]],

[ 20, 15, 0,[ 22, 18, 21, 19]],

[ 57, 75, 0,[ 56, 58, 59, 55]],

[ 76, 15, 0,[ 78, 74, 75, 77]],

[ 34, 35, 0,[ 36, 32, 33, 35]],

[ 37, 35, 0,[ 38, 39, 36, 35]],

[ 42, 15, 0,[ 43, 41, 40, 44]],

[ 89, 95, 0,[ 91, 87, 90, 88]],

[ 29, 75, 0,[ 28, 30, 27, 31]],

