[ 52, 85, 0,[ 54, 51, 53, 50]],

[ 26, 35, 0,[ 27, 24, 25, 28]],

[ 7, 35, 1,[ 5, 8, 6, 9]],

[ 89, 65, 0,[ 87, 88, 91, 90]],

[ 84, 65, 0,[ 82, 86, 85, 83]],

[ 40, 45, 1,[ 39, 42, 41, 38]],

[ 3, 85, 0,[ 1, 4, 2, 5]],

[ 31, 35, 0,[ 30, 33, 29, 32]],

[ 72, 75, 0,[ 74, 73, 70, 71]],

[ 81, 65, 1,[ 83, 80, 79, 82]],

[ 85, 65, 0,[ 83, 87, 84, 86]],

[ 82, 65, 0,[ 84, 81, 83, 80]],

[ 0, 85, 0,[ 98, 99, 2, 1]],

[ 67, 75, 1,[ 65, 69, 68, 66]],

[ 1, 85, 0,[ 2, 99, 3, 0]],

[ 59, 85, 0,[ 60, 58, 61, 57]],

[ 96, 85, 0,[ 95, 98, 94, 97]],

[ 18, 35, 0,[ 19, 17, 16, 20]],

[ 98, 85, 0,[ 0, 99, 96, 97]],

[ 79, 65, 0,[ 80, 81, 77, 78]],

[ 88, 65, 0,[ 90, 89, 86, 87]],

[ 22, 35, 0,[ 24, 20, 21, 23]],

[ 65, 85, 0,[ 64, 63, 66, 67]],

[ 71, 75, 0,[ 72, 73, 70, 69]],

[ 43, 85, 0,[ 41, 45, 44, 42]],

[ 78, 65, 0,[ 79, 77, 80, 76]],

[ 28, 35, 0,[ 27, 30, 26, 29]],

[ 48, 85, 0,[ 47, 46, 50, 49]],

[ 45, 85, 0,[ 43, 44, 46, 47]],

[ 74, 65, 0,[ 72, 76, 75, 73]],

[ 24, 35, 0,[ 25, 26, 23, 22]],

[ 95, 85, 0,[ 97, 96, 94, 93]],

[ 66, 85, 0,[ 65, 67, 68, 64]],

[ 38, 55, 0,[ 39, 37, 36, 40]],

[ 14, 35, 0,[ 12, 16, 13, 15]],

[ 20, 35, 0,[ 18, 22, 21, 19]],

[ 46, 85, 0,[ 48, 44, 45, 47]],

[ 47, 85, 0,[ 48, 45, 46, 49]],

[ 12, 35, 0,[ 10, 14, 11, 13]],

[ 10, 35, 0,[ 9, 8, 12, 11]],

[ 61, 85, 0,[ 60, 62, 63, 59]],

[ 16, 35, 0,[ 15, 17, 14, 18]],

[ 39, 55, 0,[ 41, 38, 37, 40]],

[ 80, 65, 0,[ 81, 82, 79, 78]],

[ 57, 85, 1,[ 58, 56, 59, 55]],

[ 50, 85, 0,[ 48, 52, 51, 49]],

[ 11, 35, 0,[ 9, 10, 13, 12]],

[ 41, 85, 0,[ 39, 43, 42, 40]],

[ 25, 35, 0,[ 27, 26, 24, 23]],

[ 92, 85, 0,[ 91, 90, 93, 94]],

[ 32, 35, 0,[ 33, 30, 31, 34]],

[ 17, 35, 0,[ 15, 18, 16, 19]],

[ 76, 65, 0,[ 77, 74, 75, 78]],

[ 23, 35, 0,[ 25, 22, 24, 21]],

[ 69, 75, 0,[ 68, 71, 70, 67]],

[ 62, 85, 0,[ 61, 64, 60, 63]],

[ 49, 85, 0,[ 48, 47, 51, 50]],

[ 60, 85, 0,[ 61, 59, 58, 62]],

[ 34, 35, 0,[ 32, 35, 33, 36]],

[ 27, 35, 0,[ 28, 29, 26, 25]],

[ 2, 85, 1,[ 4, 1, 3, 0]],

[ 53, 85, 0,[ 54, 51, 52, 55]],

[ 56, 85, 0,[ 55, 57, 58, 54]],

[ 86, 65, 0,[ 88, 84, 85, 87]],

[ 21, 35, 0,[ 22, 19, 23, 20]],

[ 97, 85, 0,[ 99, 95, 96, 98]],

[ 87, 65, 0,[ 85, 89, 86, 88]],

[ 64, 85, 0,[ 66, 62, 65, 63]],

[ 29, 35, 0,[ 30, 27, 28, 31]],

[ 4, 85, 0,[ 5, 2, 6, 3]],

[ 42, 85, 0,[ 43, 44, 41, 40]],

[ 68, 75, 0,[ 67, 69, 70, 66]],

[ 5, 85, 0,[ 3, 4, 7, 6]],

[ 13, 35, 0,[ 12, 15, 11, 14]],

[ 77, 65, 0,[ 76, 75, 78, 79]],

[ 33, 35, 0,[ 32, 35, 31, 34]],

[ 55, 85, 0,[ 56, 53, 57, 54]],

[ 83, 65, 0,[ 85, 84, 82, 81]],

[ 94, 85, 1,[ 93, 95, 96, 92]],

[ 51, 85, 0,[ 52, 49, 50, 53]],

[ 58, 85, 0,[ 59, 56, 57, 60]],

[ 15, 35, 0,[ 17, 14, 13, 16]],

[ 93, 85, 0,[ 92, 94, 95, 91]],

[ 37, 55, 0,[ 36, 38, 35, 39]],

[ 9, 5, 1,[ 7, 11, 8, 10]],

[ 44, 85, 0,[ 46, 43, 45, 42]],

[ 73, 75, 0,[ 75, 71, 72, 74]],

[ 70, 75, 0,[ 71, 72, 69, 68]],

[ 75, 65, 0,[ 74, 76, 77, 73]],

[ 54, 85, 0,[ 56, 52, 53, 55]],

[ 30, 35, 0,[ 29, 28, 32, 31]],

[ 19, 35, 1,[ 21, 20, 18, 17]],

[ 8, 35, 0,[ 6, 9, 10, 7]],

[ 63, 85, 0,[ 64, 61, 65, 62]],

[ 36, 25, 1,[ 35, 37, 34, 38]],

[ 91, 85, 0,[ 89, 90, 93, 92]],

[ 90, 85, 0,[ 89, 92, 91, 88]],

[ 6, 85, 0,[ 8, 7, 4, 5]],

[ 35, 35, 0,[ 37, 34, 36, 33]],

[ 99, 85, 0,[ 0, 97, 98, 1]],

