[ 75, 5, 0,[ 77, 73, 76, 74]],

[ 61, 5, 0,[ 63, 60, 62, 59]],

[ 39, 35, 0,[ 38, 40, 41, 37]],

[ 23, 45, 0,[ 24, 25, 21, 22]],

[ 7, 65, 0,[ 5, 6, 8, 9]],

[ 32, 45, 0,[ 34, 30, 33, 31]],

[ 96, 45, 0,[ 94, 95, 97, 98]],

[ 85, 25, 1,[ 86, 83, 84, 87]],

[ 50, 65, 0,[ 52, 48, 51, 49]],

[ 56, 5, 1,[ 58, 57, 54, 55]],

[ 94, 45, 0,[ 95, 96, 93, 92]],

[ 46, 35, 0,[ 47, 45, 48, 44]],

[ 57, 5, 0,[ 55, 56, 59, 58]],

[ 42, 35, 0,[ 41, 44, 40, 43]],

[ 86, 45, 0,[ 84, 88, 85, 87]],

[ 53, 65, 0,[ 52, 55, 54, 51]],

[ 81, 5, 0,[ 82, 83, 80, 79]],

[ 36, 35, 0,[ 38, 37, 34, 35]],

[ 22, 45, 0,[ 24, 23, 20, 21]],

[ 51, 65, 0,[ 49, 52, 53, 50]],

[ 20, 65, 0,[ 19, 21, 18, 22]],

[ 54, 35, 1,[ 55, 53, 56, 52]],

[ 43, 35, 0,[ 42, 41, 45, 44]],

[ 97, 45, 0,[ 95, 98, 96, 99]],

[ 78, 5, 0,[ 76, 79, 77, 80]],

[ 55, 25, 1,[ 53, 54, 56, 57]],

[ 72, 5, 0,[ 70, 71, 74, 73]],

[ 45, 35, 0,[ 44, 43, 47, 46]],

[ 76, 5, 0,[ 78, 77, 74, 75]],

[ 65, 5, 0,[ 66, 64, 67, 63]],

[ 6, 65, 0,[ 4, 5, 8, 7]],

[ 84, 5, 0,[ 82, 86, 85, 83]],

[ 37, 35, 0,[ 36, 38, 35, 39]],

[ 44, 35, 0,[ 43, 46, 42, 45]],

[ 17, 65, 0,[ 16, 18, 19, 15]],

[ 35, 35, 0,[ 36, 33, 37, 34]],

[ 87, 45, 0,[ 86, 89, 85, 88]],

[ 34, 65, 1,[ 32, 33, 35, 36]],

[ 88, 45, 0,[ 86, 90, 87, 89]],

[ 69, 5, 0,[ 71, 67, 70, 68]],

[ 13, 65, 0,[ 15, 14, 12, 11]],

[ 52, 65, 0,[ 54, 50, 51, 53]],

[ 47, 35, 0,[ 46, 48, 45, 49]],

[ 93, 45, 0,[ 92, 94, 91, 95]],

[ 33, 45, 0,[ 35, 31, 34, 32]],

[ 68, 5, 1,[ 66, 70, 69, 67]],

[ 48, 25, 1,[ 50, 47, 46, 49]],

[ 73, 5, 0,[ 75, 74, 72, 71]],

[ 80, 5, 0,[ 82, 78, 79, 81]],

[ 3, 25, 1,[ 1, 2, 5, 4]],

[ 31, 45, 0,[ 33, 30, 29, 32]],

[ 1, 45, 0,[ 2, 99, 3, 0]],

[ 90, 45, 0,[ 91, 89, 92, 88]],

[ 70, 5, 0,[ 68, 69, 72, 71]],

[ 21, 75, 1,[ 19, 20, 22, 23]],

[ 59, 5, 0,[ 57, 61, 58, 60]],

[ 58, 5, 0,[ 60, 59, 57, 56]],

[ 66, 5, 0,[ 65, 64, 67, 68]],

[ 8, 65, 0,[ 7, 10, 6, 9]],

[ 64, 5, 0,[ 62, 65, 66, 63]],

[ 95, 45, 0,[ 94, 97, 93, 96]],

[ 92, 45, 0,[ 90, 93, 94, 91]],

[ 19, 65, 0,[ 21, 20, 18, 17]],

[ 82, 5, 0,[ 83, 80, 81, 84]],

[ 99, 45, 0,[ 97, 98, 0, 1]],

[ 2, 45, 0,[ 3, 1, 0, 4]],

[ 10, 65, 0,[ 8, 9, 11, 12]],

[ 63, 5, 0,[ 62, 65, 61, 64]],

[ 40, 35, 0,[ 42, 39, 38, 41]],

[ 0, 45, 0,[ 2, 1, 99, 98]],

[ 79, 5, 0,[ 80, 77, 78, 81]],

[ 71, 5, 0,[ 73, 70, 72, 69]],

[ 62, 5, 0,[ 63, 60, 61, 64]],

[ 4, 65, 0,[ 6, 3, 2, 5]],

[ 41, 35, 0,[ 43, 39, 40, 42]],

[ 25, 45, 0,[ 23, 24, 27, 26]],

[ 15, 65, 0,[ 13, 16, 17, 14]],

[ 11, 65, 0,[ 13, 12, 10, 9]],

[ 83, 5, 0,[ 82, 81, 85, 84]],

[ 91, 45, 0,[ 89, 90, 93, 92]],

[ 28, 45, 0,[ 26, 30, 29, 27]],

[ 49, 65, 0,[ 48, 47, 50, 51]],

[ 77, 5, 0,[ 78, 76, 75, 79]],

[ 98, 45, 0,[ 96, 0, 99, 97]],

[ 60, 5, 0,[ 59, 61, 62, 58]],

[ 89, 45, 0,[ 90, 91, 87, 88]],

[ 18, 65, 0,[ 16, 17, 20, 19]],

[ 27, 45, 0,[ 28, 29, 26, 25]],

[ 74, 5, 0,[ 75, 73, 72, 76]],

[ 30, 45, 1,[ 28, 31, 32, 29]],

[ 9, 65, 0,[ 10, 11, 7, 8]],

[ 16, 65, 0,[ 14, 18, 17, 15]],

[ 5, 65, 0,[ 6, 7, 4, 3]],

[ 38, 35, 0,[ 40, 39, 37, 36]],

[ 26, 45, 0,[ 25, 28, 24, 27]],

[ 12, 65, 0,[ 14, 10, 13, 11]],

[ 14, 65, 0,[ 16, 15, 12, 13]],

[ 24, 45, 0,[ 25, 23, 22, 26]],

[ 29, 45, 0,[ 30, 31, 27, 28]],

[ 67, 5, 0,[ 69, 65, 68, 66]],

