[ 46, 35, 0,[ 45, 47, 44, 48]],

[ 61, 95, 0,[ 60, 63, 59, 62]],

[ 40, 35, 0,[ 39, 42, 41, 38]],

[ 27, 25, 0,[ 29, 26, 25, 28]],

[ 20, 25, 0,[ 18, 22, 19, 21]],

[ 17, 25, 0,[ 16, 18, 19, 15]],

[ 67, 95, 0,[ 68, 66, 65, 69]],

[ 62, 95, 1,[ 63, 61, 64, 60]],

[ 26, 25, 0,[ 28, 25, 27, 24]],

[ 39, 35, 0,[ 40, 37, 38, 41]],

[ 72, 25, 0,[ 74, 71, 70, 73]],

[ 91, 35, 0,[ 90, 93, 89, 92]],

[ 2, 35, 0,[ 4, 0, 1, 3]],

[ 6, 35, 0,[ 7, 8, 4, 5]],

[ 1, 35, 0,[ 0, 99, 2, 3]],

[ 28, 25, 1,[ 26, 29, 27, 30]],

[ 13, 25, 0,[ 14, 12, 11, 15]],

[ 55, 95, 1,[ 56, 54, 57, 53]],

[ 90, 35, 0,[ 91, 89, 92, 88]],

[ 85, 35, 0,[ 84, 83, 86, 87]],

[ 52, 35, 0,[ 50, 54, 53, 51]],

[ 50, 35, 0,[ 49, 52, 51, 48]],

[ 7, 35, 0,[ 5, 9, 6, 8]],

[ 93, 35, 0,[ 91, 94, 95, 92]],

[ 45, 35, 0,[ 47, 46, 43, 44]],

[ 18, 25, 0,[ 16, 19, 20, 17]],

[ 4, 35, 0,[ 3, 5, 6, 2]],

[ 43, 35, 0,[ 45, 41, 44, 42]],

[ 29, 25, 0,[ 27, 30, 28, 31]],

[ 8, 25, 0,[ 9, 10, 7, 6]],

[ 51, 35, 0,[ 50, 49, 52, 53]],

[ 10, 25, 0,[ 9, 12, 11, 8]],

[ 94, 35, 0,[ 96, 92, 93, 95]],

[ 69, 95, 0,[ 71, 70, 67, 68]],

[ 63, 95, 0,[ 65, 64, 62, 61]],

[ 54, 55, 1,[ 53, 56, 55, 52]],

[ 3, 35, 0,[ 2, 4, 5, 1]],

[ 70, 25, 0,[ 68, 71, 72, 69]],

[ 44, 35, 0,[ 42, 43, 45, 46]],

[ 41, 35, 0,[ 40, 39, 42, 43]],

[ 78, 25, 1,[ 79, 80, 76, 77]],

[ 81, 25, 0,[ 82, 80, 79, 83]],

[ 33, 55, 0,[ 32, 31, 35, 34]],

[ 84, 25, 0,[ 85, 83, 86, 82]],

[ 80, 25, 0,[ 78, 82, 79, 81]],

[ 15, 25, 0,[ 14, 17, 13, 16]],

[ 37, 55, 0,[ 38, 36, 35, 39]],

[ 14, 25, 0,[ 15, 13, 16, 12]],

[ 57, 95, 0,[ 59, 55, 58, 56]],

[ 77, 25, 0,[ 78, 76, 75, 79]],

[ 21, 25, 0,[ 19, 22, 23, 20]],

[ 66, 95, 0,[ 68, 65, 64, 67]],

[ 11, 25, 0,[ 13, 12, 9, 10]],

[ 83, 25, 0,[ 81, 82, 85, 84]],

[ 79, 25, 0,[ 78, 80, 77, 81]],

[ 35, 55, 0,[ 34, 36, 37, 33]],

[ 47, 35, 0,[ 48, 46, 45, 49]],

[ 99, 35, 0,[ 98, 97, 0, 1]],

[ 89, 35, 0,[ 88, 87, 91, 90]],

[ 56, 65, 1,[ 58, 54, 57, 55]],

[ 38, 25, 1,[ 39, 40, 36, 37]],

[ 30, 25, 0,[ 29, 28, 32, 31]],

[ 64, 95, 0,[ 65, 66, 63, 62]],

[ 53, 35, 0,[ 54, 52, 51, 55]],

[ 76, 25, 0,[ 74, 78, 75, 77]],

[ 96, 35, 0,[ 97, 98, 95, 94]],

[ 9, 25, 0,[ 10, 7, 8, 11]],

[ 86, 35, 0,[ 87, 85, 84, 88]],

[ 31, 95, 1,[ 32, 29, 30, 33]],

[ 98, 35, 0,[ 96, 99, 0, 97]],

[ 42, 35, 0,[ 41, 40, 44, 43]],

[ 16, 25, 0,[ 18, 17, 14, 15]],

[ 73, 25, 0,[ 72, 71, 75, 74]],

[ 19, 25, 0,[ 21, 18, 20, 17]],

[ 34, 55, 0,[ 36, 33, 35, 32]],

[ 65, 95, 0,[ 64, 63, 66, 67]],

[ 95, 35, 0,[ 96, 93, 94, 97]],

[ 48, 35, 0,[ 49, 50, 47, 46]],

[ 87, 35, 0,[ 89, 85, 88, 86]],

[ 97, 35, 0,[ 95, 98, 99, 96]],

[ 49, 35, 0,[ 50, 51, 48, 47]],

[ 58, 95, 0,[ 60, 59, 56, 57]],

[ 71, 25, 0,[ 69, 72, 73, 70]],

[ 25, 25, 0,[ 23, 26, 24, 27]],

[ 60, 95, 0,[ 59, 62, 61, 58]],

[ 68, 95, 0,[ 69, 70, 67, 66]],

[ 24, 25, 0,[ 23, 25, 22, 26]],

[ 23, 25, 0,[ 22, 24, 25, 21]],

[ 74, 25, 0,[ 73, 76, 75, 72]],

[ 5, 35, 0,[ 7, 4, 3, 6]],

[ 82, 25, 0,[ 84, 83, 80, 81]],

[ 36, 55, 1,[ 38, 37, 35, 34]],

[ 0, 35, 0,[ 99, 98, 1, 2]],

[ 12, 25, 0,[ 13, 10, 11, 14]],

[ 32, 55, 0,[ 31, 33, 30, 34]],

[ 75, 25, 0,[ 73, 76, 77, 74]],

[ 22, 25, 0,[ 23, 21, 24, 20]],

[ 88, 35, 1,[ 90, 86, 87, 89]],

[ 92, 35, 0,[ 94, 90, 93, 91]],

[ 59, 95, 0,[ 58, 61, 57, 60]],

