[ 55, 55, 1,[ 54, 57, 53, 56]],

[ 34, 95, 1,[ 33, 32, 36, 35]],

[ 29, 25, 1,[ 27, 30, 28, 31]],

[ 4, 25, 0,[ 6, 3, 5, 2]],

[ 83, 95, 1,[ 85, 81, 84, 82]],

[ 79, 65, 0,[ 81, 78, 77, 80]],

[ 20, 65, 0,[ 19, 21, 22, 18]],

[ 31, 75, 0,[ 33, 29, 30, 32]],

[ 93, 55, 1,[ 95, 94, 91, 92]],

[ 95, 25, 0,[ 96, 94, 93, 97]],

[ 54, 5, 0,[ 52, 55, 53, 56]],

[ 84, 75, 1,[ 82, 86, 85, 83]],

[ 42, 85, 0,[ 43, 44, 41, 40]],

[ 82, 95, 0,[ 84, 80, 81, 83]],

[ 3, 25, 0,[ 4, 5, 1, 2]],

[ 73, 65, 0,[ 71, 74, 72, 75]],

[ 10, 25, 1,[ 8, 12, 11, 9]],

[ 21, 65, 0,[ 23, 20, 19, 22]],

[ 78, 65, 1,[ 79, 80, 77, 76]],

[ 85, 95, 0,[ 86, 84, 87, 83]],

[ 56, 15, 1,[ 54, 57, 55, 58]],

[ 96, 25, 1,[ 98, 95, 94, 97]],

[ 9, 55, 1,[ 11, 7, 8, 10]],

[ 43, 75, 1,[ 42, 41, 45, 44]],

[ 18, 35, 1,[ 16, 20, 19, 17]],

[ 5, 25, 0,[ 7, 4, 6, 3]],

[ 57, 25, 0,[ 55, 58, 56, 59]],

[ 36, 95, 1,[ 38, 37, 35, 34]],

[ 0, 35, 1,[ 2, 98, 1, 99]],

[ 22, 65, 1,[ 20, 21, 24, 23]],

[ 59, 25, 0,[ 60, 57, 61, 58]],

[ 94, 25, 0,[ 93, 96, 95, 92]],

[ 97, 25, 0,[ 95, 98, 99, 96]],

[ 37, 85, 0,[ 35, 36, 38, 39]],

[ 1, 95, 1,[ 99, 3, 2, 0]],

[ 90, 35, 0,[ 91, 92, 88, 89]],

[ 64, 85, 1,[ 62, 63, 66, 65]],

[ 81, 65, 1,[ 80, 79, 82, 83]],

[ 70, 65, 1,[ 71, 72, 68, 69]],

[ 98, 25, 0,[ 97, 0, 99, 96]],

[ 19, 65, 0,[ 20, 17, 21, 18]],

[ 86, 55, 1,[ 88, 85, 84, 87]],

[ 75, 65, 0,[ 76, 77, 73, 74]],

[ 15, 75, 0,[ 16, 17, 14, 13]],

[ 99, 25, 0,[ 0, 98, 97, 1]],

[ 62, 25, 0,[ 64, 60, 63, 61]],

[ 80, 95, 1,[ 82, 78, 79, 81]],

[ 40, 85, 1,[ 41, 42, 38, 39]],

[ 46, 5, 1,[ 44, 47, 48, 45]],

[ 53, 5, 1,[ 52, 54, 51, 55]],

[ 66, 45, 0,[ 68, 64, 65, 67]],

[ 68, 75, 1,[ 67, 70, 66, 69]],

[ 12, 45, 1,[ 10, 14, 13, 11]],

[ 76, 65, 0,[ 74, 75, 78, 77]],

[ 28, 15, 1,[ 27, 30, 26, 29]],

[ 74, 5, 1,[ 73, 72, 76, 75]],

[ 24, 5, 1,[ 23, 25, 22, 26]],

[ 67, 45, 1,[ 66, 69, 68, 65]],

[ 13, 75, 0,[ 15, 14, 11, 12]],

[ 11, 95, 1,[ 12, 9, 10, 13]],

[ 8, 25, 0,[ 9, 7, 6, 10]],

[ 69, 65, 0,[ 70, 67, 68, 71]],

[ 65, 25, 1,[ 67, 64, 63, 66]],

[ 77, 65, 0,[ 76, 79, 78, 75]],

[ 17, 75, 0,[ 15, 16, 18, 19]],

[ 47, 55, 1,[ 46, 49, 48, 45]],

[ 50, 25, 0,[ 52, 49, 48, 51]],

[ 61, 25, 0,[ 63, 62, 59, 60]],

[ 26, 85, 1,[ 27, 24, 25, 28]],

[ 23, 65, 1,[ 22, 25, 24, 21]],

[ 7, 45, 1,[ 5, 9, 8, 6]],

[ 92, 35, 0,[ 91, 93, 94, 90]],

[ 41, 85, 0,[ 42, 43, 40, 39]],

[ 6, 25, 0,[ 7, 8, 5, 4]],

[ 30, 45, 1,[ 28, 29, 31, 32]],

[ 52, 25, 0,[ 51, 53, 50, 54]],

[ 71, 65, 0,[ 72, 70, 73, 69]],

[ 27, 85, 0,[ 28, 26, 25, 29]],

[ 60, 25, 0,[ 61, 59, 58, 62]],

[ 72, 15, 1,[ 74, 73, 71, 70]],

[ 39, 85, 0,[ 40, 37, 41, 38]],

[ 87, 95, 1,[ 86, 85, 89, 88]],

[ 48, 15, 1,[ 46, 47, 50, 49]],

[ 88, 35, 0,[ 89, 90, 86, 87]],

[ 33, 75, 0,[ 32, 35, 34, 31]],

[ 89, 35, 0,[ 87, 88, 91, 90]],

[ 35, 75, 1,[ 37, 33, 34, 36]],

[ 49, 25, 1,[ 47, 50, 51, 48]],

[ 32, 75, 0,[ 30, 31, 33, 34]],

[ 45, 35, 0,[ 46, 47, 43, 44]],

[ 58, 25, 1,[ 57, 60, 56, 59]],

[ 51, 25, 1,[ 53, 52, 50, 49]],

[ 25, 85, 0,[ 24, 27, 23, 26]],

[ 44, 35, 1,[ 42, 45, 46, 43]],

[ 14, 75, 1,[ 13, 15, 16, 12]],

[ 2, 65, 1,[ 1, 4, 3, 0]],

[ 16, 75, 0,[ 14, 17, 18, 15]],

[ 91, 35, 1,[ 92, 89, 90, 93]],

[ 38, 85, 0,[ 39, 37, 36, 40]],

[ 63, 55, 1,[ 65, 61, 62, 64]],

