[ 5, 35, 0,[ 6, 3, 4, 7]],

[ 88, 85, 1,[ 87, 86, 90, 89]],

[ 45, 75, 0,[ 46, 43, 47, 44]],

[ 94, 95, 1,[ 96, 93, 92, 95]],

[ 99, 45, 0,[ 97, 1, 98, 0]],

[ 63, 75, 0,[ 64, 62, 61, 65]],

[ 38, 15, 1,[ 36, 39, 40, 37]],

[ 51, 5, 0,[ 49, 50, 52, 53]],

[ 71, 55, 0,[ 69, 70, 73, 72]],

[ 64, 75, 1,[ 63, 62, 65, 66]],

[ 79, 5, 1,[ 78, 77, 80, 81]],

[ 31, 25, 0,[ 32, 30, 29, 33]],

[ 24, 85, 1,[ 26, 23, 25, 22]],

[ 54, 5, 0,[ 56, 52, 53, 55]],

[ 62, 5, 1,[ 64, 61, 63, 60]],

[ 66, 75, 0,[ 64, 65, 67, 68]],

[ 6, 55, 1,[ 5, 4, 8, 7]],

[ 43, 75, 0,[ 41, 42, 45, 44]],

[ 67, 5, 1,[ 66, 65, 68, 69]],

[ 39, 25, 0,[ 38, 40, 37, 41]],

[ 9, 95, 0,[ 8, 10, 7, 11]],

[ 18, 65, 1,[ 17, 20, 16, 19]],

[ 65, 75, 0,[ 66, 67, 64, 63]],

[ 11, 75, 1,[ 9, 13, 10, 12]],

[ 16, 45, 0,[ 17, 14, 18, 15]],

[ 80, 65, 1,[ 81, 82, 78, 79]],

[ 59, 35, 1,[ 57, 60, 61, 58]],

[ 84, 15, 0,[ 85, 82, 83, 86]],

[ 1, 35, 1,[ 0, 99, 2, 3]],

[ 23, 5, 0,[ 25, 21, 22, 24]],

[ 98, 15, 1,[ 97, 0, 96, 99]],

[ 69, 5, 0,[ 70, 67, 71, 68]],

[ 78, 85, 1,[ 80, 76, 79, 77]],

[ 2, 35, 0,[ 1, 3, 4, 0]],

[ 74, 55, 1,[ 76, 75, 73, 72]],

[ 81, 45, 1,[ 80, 83, 82, 79]],

[ 30, 25, 0,[ 28, 32, 29, 31]],

[ 87, 5, 0,[ 88, 86, 85, 89]],

[ 4, 35, 1,[ 6, 3, 5, 2]],

[ 19, 5, 0,[ 17, 21, 20, 18]],

[ 52, 5, 1,[ 53, 51, 50, 54]],

[ 57, 75, 0,[ 56, 58, 59, 55]],

[ 58, 85, 1,[ 59, 60, 56, 57]],

[ 77, 55, 0,[ 78, 79, 76, 75]],

[ 60, 35, 0,[ 62, 61, 59, 58]],

[ 33, 75, 0,[ 31, 32, 35, 34]],

[ 82, 85, 1,[ 80, 83, 81, 84]],

[ 41, 75, 0,[ 39, 43, 42, 40]],

[ 47, 35, 1,[ 46, 48, 45, 49]],

[ 92, 75, 0,[ 91, 93, 94, 90]],

[ 34, 75, 1,[ 32, 36, 33, 35]],

[ 46, 75, 0,[ 44, 48, 47, 45]],

[ 26, 25, 0,[ 25, 24, 28, 27]],

[ 96, 55, 0,[ 95, 98, 97, 94]],

[ 37, 55, 1,[ 35, 39, 38, 36]],

[ 89, 55, 1,[ 90, 91, 88, 87]],

[ 68, 85, 1,[ 69, 67, 66, 70]],

[ 56, 45, 1,[ 55, 58, 57, 54]],

[ 15, 95, 1,[ 16, 13, 17, 14]],

[ 42, 75, 0,[ 40, 43, 41, 44]],

[ 3, 25, 1,[ 1, 4, 5, 2]],

[ 13, 65, 1,[ 14, 11, 12, 15]],

[ 28, 25, 0,[ 30, 27, 29, 26]],

[ 70, 75, 1,[ 69, 71, 68, 72]],

[ 90, 75, 0,[ 88, 92, 89, 91]],

[ 22, 95, 1,[ 20, 21, 23, 24]],

[ 35, 75, 0,[ 37, 36, 34, 33]],

[ 44, 75, 0,[ 42, 43, 45, 46]],

[ 48, 25, 1,[ 49, 47, 50, 46]],

[ 25, 25, 0,[ 26, 24, 23, 27]],

[ 95, 35, 0,[ 96, 97, 93, 94]],

[ 91, 75, 1,[ 93, 90, 89, 92]],

[ 20, 5, 0,[ 22, 21, 18, 19]],

[ 76, 95, 1,[ 77, 75, 74, 78]],

[ 21, 5, 0,[ 23, 20, 22, 19]],

[ 10, 95, 1,[ 8, 11, 9, 12]],

[ 50, 95, 1,[ 51, 52, 49, 48]],

[ 61, 35, 0,[ 62, 59, 60, 63]],

[ 49, 15, 0,[ 48, 47, 50, 51]],

[ 53, 5, 0,[ 52, 51, 55, 54]],

[ 29, 25, 0,[ 31, 27, 30, 28]],

[ 86, 75, 1,[ 87, 88, 85, 84]],

[ 97, 45, 0,[ 98, 99, 96, 95]],

[ 85, 15, 1,[ 84, 86, 87, 83]],

[ 0, 95, 1,[ 98, 2, 99, 1]],

[ 75, 55, 0,[ 73, 74, 77, 76]],

[ 36, 75, 1,[ 38, 35, 37, 34]],

[ 73, 25, 1,[ 71, 74, 72, 75]],

[ 32, 65, 1,[ 34, 31, 30, 33]],

[ 27, 25, 1,[ 25, 28, 29, 26]],

[ 17, 45, 0,[ 15, 16, 19, 18]],

[ 55, 5, 0,[ 53, 54, 56, 57]],

[ 40, 65, 1,[ 42, 41, 39, 38]],

[ 72, 55, 0,[ 74, 70, 71, 73]],

[ 93, 75, 1,[ 94, 92, 95, 91]],

[ 14, 5, 0,[ 12, 16, 15, 13]],

[ 8, 95, 1,[ 9, 10, 7, 6]],

[ 83, 15, 0,[ 82, 85, 84, 81]],

[ 12, 85, 1,[ 11, 13, 14, 10]],

[ 7, 35, 1,[ 6, 8, 5, 9]],

