[ 57, 55, 1,[ 59, 55, 56, 58]],

[ 72, 95, 0,[ 70, 74, 71, 73]],

[ 93, 55, 1,[ 92, 94, 95, 91]],

[ 98, 25, 0,[ 96, 0, 97, 99]],

[ 32, 65, 1,[ 31, 34, 30, 33]],

[ 25, 55, 0,[ 27, 26, 24, 23]],

[ 41, 75, 0,[ 40, 42, 39, 43]],

[ 49, 75, 0,[ 48, 47, 50, 51]],

[ 46, 65, 0,[ 48, 45, 47, 44]],

[ 20, 55, 0,[ 18, 22, 21, 19]],

[ 37, 45, 1,[ 39, 38, 35, 36]],

[ 29, 45, 1,[ 27, 28, 31, 30]],

[ 92, 35, 1,[ 93, 90, 94, 91]],

[ 52, 5, 0,[ 54, 53, 50, 51]],

[ 23, 55, 0,[ 25, 22, 21, 24]],

[ 45, 5, 1,[ 47, 43, 44, 46]],

[ 90, 75, 0,[ 91, 88, 92, 89]],

[ 27, 65, 1,[ 26, 28, 25, 29]],

[ 34, 85, 1,[ 33, 35, 32, 36]],

[ 81, 85, 0,[ 83, 80, 82, 79]],

[ 31, 85, 1,[ 32, 29, 30, 33]],

[ 58, 75, 1,[ 60, 59, 56, 57]],

[ 24, 55, 1,[ 25, 23, 26, 22]],

[ 75, 95, 0,[ 76, 74, 73, 77]],

[ 53, 35, 1,[ 55, 54, 51, 52]],

[ 42, 75, 0,[ 43, 44, 41, 40]],

[ 82, 5, 1,[ 81, 83, 80, 84]],

[ 33, 85, 0,[ 35, 32, 31, 34]],

[ 84, 85, 1,[ 85, 86, 82, 83]],

[ 99, 25, 0,[ 0, 97, 98, 1]],

[ 55, 95, 0,[ 53, 57, 56, 54]],

[ 19, 95, 1,[ 21, 18, 20, 17]],

[ 39, 75, 0,[ 40, 38, 37, 41]],

[ 47, 75, 0,[ 45, 46, 48, 49]],

[ 80, 35, 1,[ 79, 78, 82, 81]],

[ 4, 65, 0,[ 3, 6, 2, 5]],

[ 11, 75, 0,[ 13, 9, 10, 12]],

[ 64, 45, 0,[ 63, 62, 66, 65]],

[ 10, 75, 0,[ 9, 8, 11, 12]],

[ 36, 85, 0,[ 35, 34, 37, 38]],

[ 95, 25, 1,[ 97, 93, 96, 94]],

[ 15, 75, 1,[ 13, 17, 14, 16]],

[ 76, 15, 1,[ 74, 77, 75, 78]],

[ 5, 65, 0,[ 4, 7, 3, 6]],

[ 85, 85, 0,[ 86, 87, 83, 84]],

[ 6, 65, 1,[ 4, 8, 5, 7]],

[ 69, 45, 0,[ 68, 70, 71, 67]],

[ 71, 95, 1,[ 72, 69, 73, 70]],

[ 50, 75, 1,[ 51, 52, 49, 48]],

[ 79, 15, 1,[ 80, 78, 81, 77]],

[ 48, 35, 1,[ 46, 47, 49, 50]],

[ 97, 25, 0,[ 95, 98, 96, 99]],

[ 89, 75, 0,[ 90, 88, 91, 87]],

[ 78, 15, 0,[ 77, 76, 79, 80]],

[ 3, 65, 0,[ 5, 4, 2, 1]],

[ 54, 95, 1,[ 52, 56, 53, 55]],

[ 2, 95, 1,[ 1, 0, 4, 3]],

[ 38, 75, 1,[ 36, 40, 37, 39]],

[ 56, 95, 0,[ 55, 54, 58, 57]],

[ 14, 25, 1,[ 16, 12, 15, 13]],

[ 18, 55, 1,[ 20, 16, 19, 17]],

[ 73, 95, 0,[ 72, 74, 75, 71]],

[ 28, 55, 1,[ 29, 27, 26, 30]],

[ 66, 45, 0,[ 67, 68, 64, 65]],

[ 40, 75, 0,[ 42, 38, 39, 41]],

[ 68, 45, 1,[ 66, 69, 70, 67]],

[ 94, 55, 0,[ 96, 92, 93, 95]],

[ 77, 95, 1,[ 75, 79, 78, 76]],

[ 44, 85, 1,[ 46, 42, 45, 43]],

[ 9, 75, 1,[ 8, 10, 7, 11]],

[ 12, 15, 1,[ 14, 13, 10, 11]],

[ 91, 95, 1,[ 93, 89, 92, 90]],

[ 16, 85, 0,[ 17, 14, 18, 15]],

[ 22, 55, 0,[ 24, 21, 23, 20]],

[ 63, 45, 0,[ 64, 61, 65, 62]],

[ 96, 55, 1,[ 98, 94, 97, 95]],

[ 67, 45, 0,[ 68, 66, 65, 69]],

[ 13, 75, 0,[ 11, 12, 15, 14]],

[ 1, 55, 0,[ 3, 0, 2, 99]],

[ 0, 75, 1,[ 99, 2, 98, 1]],

[ 70, 45, 1,[ 71, 72, 69, 68]],

[ 83, 45, 1,[ 85, 81, 84, 82]],

[ 62, 5, 1,[ 64, 60, 63, 61]],

[ 61, 45, 1,[ 62, 59, 63, 60]],

[ 30, 25, 0,[ 31, 29, 28, 32]],

[ 7, 65, 0,[ 5, 6, 8, 9]],

[ 51, 15, 1,[ 49, 53, 50, 52]],

[ 8, 95, 1,[ 10, 7, 9, 6]],

[ 43, 75, 0,[ 45, 42, 44, 41]],

[ 17, 15, 0,[ 15, 16, 18, 19]],

[ 26, 55, 0,[ 25, 27, 24, 28]],

[ 65, 45, 0,[ 66, 64, 63, 67]],

[ 86, 75, 1,[ 88, 85, 87, 84]],

[ 87, 55, 1,[ 85, 89, 86, 88]],

[ 35, 85, 1,[ 37, 33, 36, 34]],

[ 74, 95, 0,[ 73, 76, 72, 75]],

[ 88, 75, 1,[ 89, 90, 86, 87]],

[ 59, 45, 0,[ 61, 60, 58, 57]],

[ 60, 45, 0,[ 59, 61, 62, 58]],

[ 21, 25, 1,[ 19, 22, 20, 23]],

