[ 56, 25, 0,[ 58, 55, 57, 54]],

[ 45, 45, 0,[ 46, 43, 44, 47]],

[ 30, 95, 0,[ 29, 31, 32, 28]],

[ 68, 65, 0,[ 67, 66, 69, 70]],

[ 95, 15, 0,[ 93, 94, 96, 97]],

[ 24, 95, 0,[ 23, 26, 22, 25]],

[ 60, 25, 0,[ 58, 59, 61, 62]],

[ 42, 45, 0,[ 40, 43, 44, 41]],

[ 84, 95, 1,[ 83, 86, 82, 85]],

[ 62, 25, 0,[ 64, 60, 63, 61]],

[ 25, 95, 0,[ 23, 27, 26, 24]],

[ 43, 45, 0,[ 45, 41, 44, 42]],

[ 7, 55, 0,[ 9, 5, 6, 8]],

[ 61, 25, 0,[ 62, 59, 63, 60]],

[ 78, 5, 0,[ 77, 80, 79, 76]],

[ 39, 55, 0,[ 38, 41, 37, 40]],

[ 54, 15, 0,[ 53, 56, 52, 55]],

[ 90, 45, 0,[ 91, 92, 89, 88]],

[ 14, 65, 0,[ 13, 16, 12, 15]],

[ 97, 35, 0,[ 99, 95, 96, 98]],

[ 64, 25, 0,[ 65, 63, 66, 62]],

[ 49, 45, 0,[ 48, 51, 47, 50]],

[ 81, 85, 0,[ 79, 83, 80, 82]],

[ 99, 45, 0,[ 1, 98, 97, 0]],

[ 94, 15, 0,[ 92, 95, 96, 93]],

[ 33, 15, 1,[ 34, 31, 35, 32]],

[ 51, 15, 0,[ 53, 49, 52, 50]],

[ 63, 25, 0,[ 61, 64, 65, 62]],

[ 11, 95, 0,[ 9, 12, 13, 10]],

[ 66, 65, 0,[ 64, 67, 65, 68]],

[ 20, 65, 0,[ 22, 18, 19, 21]],

[ 9, 55, 0,[ 8, 10, 11, 7]],

[ 4, 15, 0,[ 3, 2, 6, 5]],

[ 88, 85, 0,[ 89, 90, 86, 87]],

[ 15, 65, 0,[ 14, 16, 17, 13]],

[ 57, 25, 0,[ 59, 55, 58, 56]],

[ 21, 65, 0,[ 19, 22, 23, 20]],

[ 86, 85, 0,[ 88, 85, 87, 84]],

[ 85, 65, 0,[ 84, 87, 83, 86]],

[ 10, 95, 0,[ 9, 8, 11, 12]],

[ 71, 45, 0,[ 72, 73, 70, 69]],

[ 53, 15, 0,[ 52, 54, 51, 55]],

[ 75, 45, 0,[ 74, 73, 76, 77]],

[ 38, 55, 0,[ 40, 37, 39, 36]],

[ 69, 65, 0,[ 71, 67, 70, 68]],

[ 52, 15, 0,[ 50, 54, 51, 53]],

[ 67, 65, 0,[ 68, 65, 66, 69]],

[ 0, 45, 0,[ 2, 98, 1, 99]],

[ 72, 45, 0,[ 74, 73, 71, 70]],

[ 70, 45, 0,[ 72, 68, 69, 71]],

[ 41, 55, 0,[ 42, 39, 43, 40]],

[ 73, 45, 1,[ 74, 75, 71, 72]],

[ 37, 45, 1,[ 35, 36, 39, 38]],

[ 17, 65, 0,[ 19, 18, 16, 15]],

[ 27, 95, 0,[ 28, 26, 25, 29]],

[ 76, 5, 0,[ 77, 78, 74, 75]],

[ 74, 45, 1,[ 76, 73, 75, 72]],

[ 29, 95, 0,[ 28, 27, 31, 30]],

[ 8, 55, 0,[ 6, 10, 7, 9]],

[ 79, 85, 0,[ 78, 81, 80, 77]],

[ 92, 45, 0,[ 90, 91, 94, 93]],

[ 1, 45, 0,[ 3, 99, 2, 0]],

[ 65, 65, 1,[ 64, 66, 67, 63]],

[ 59, 25, 0,[ 61, 60, 58, 57]],

[ 12, 95, 0,[ 14, 11, 10, 13]],

[ 31, 15, 0,[ 29, 33, 30, 32]],

[ 46, 45, 0,[ 44, 48, 45, 47]],

[ 87, 85, 0,[ 89, 88, 86, 85]],

[ 6, 15, 0,[ 5, 8, 4, 7]],

[ 80, 85, 0,[ 82, 79, 81, 78]],

[ 50, 15, 0,[ 49, 48, 52, 51]],

[ 34, 15, 0,[ 35, 33, 36, 32]],

[ 96, 15, 0,[ 97, 94, 95, 98]],

[ 40, 55, 0,[ 38, 42, 39, 41]],

[ 35, 15, 0,[ 37, 33, 36, 34]],

[ 26, 95, 0,[ 25, 27, 24, 28]],

[ 89, 85, 0,[ 91, 90, 88, 87]],

[ 3, 15, 0,[ 1, 5, 4, 2]],

[ 58, 25, 0,[ 60, 57, 59, 56]],

[ 77, 5, 0,[ 78, 75, 79, 76]],

[ 16, 65, 0,[ 17, 18, 14, 15]],

[ 13, 65, 1,[ 11, 15, 14, 12]],

[ 28, 95, 0,[ 26, 30, 27, 29]],

[ 18, 65, 0,[ 16, 17, 19, 20]],

[ 98, 35, 0,[ 99, 0, 97, 96]],

[ 2, 45, 0,[ 3, 1, 0, 4]],

[ 19, 65, 1,[ 21, 18, 17, 20]],

[ 93, 45, 0,[ 94, 91, 92, 95]],

[ 44, 45, 1,[ 43, 45, 46, 42]],

[ 83, 65, 0,[ 82, 81, 85, 84]],

[ 91, 45, 0,[ 90, 93, 92, 89]],

[ 5, 15, 0,[ 7, 3, 4, 6]],

[ 47, 45, 1,[ 48, 46, 49, 45]],

[ 32, 15, 0,[ 34, 31, 30, 33]],

[ 55, 15, 0,[ 57, 53, 54, 56]],

[ 48, 45, 0,[ 47, 49, 46, 50]],

[ 22, 65, 0,[ 21, 20, 23, 24]],

[ 23, 95, 0,[ 25, 21, 22, 24]],

[ 82, 95, 0,[ 81, 84, 80, 83]],

[ 36, 15, 0,[ 38, 37, 35, 34]],

