[ 47, 55, 1,[ 2, 55, 87, 6]],

[ 57, 45, 1,[ 0, 39, 94]],

[ 74, 15, 1,[ 50, 97, 9]],

[ 19, 35, 0,[ 95, 70, 89]],

[ 60, 25, 0,[ 55, 40, 3]],

[ 13, 55, 0,[ 91, 59, 83]],

[ 61, 45, 1,[ 30, 83, 64]],

[ 94, 55, 0,[ 97, 57, 49]],

[ 92, 85, 0,[ 79, 84, 83]],

[ 2, 45, 0,[ 78, 84, 45, 47]],

[ 99, 95, 0,[ 33, 72, 66]],

[ 16, 95, 1,[ 7, 78, 9]],

[ 91, 55, 0,[ 15, 13]],

[ 88, 15, 0,[ 68, 75, 4]],

[ 98, 25, 0,[ 32, 44, 93, 56]],

[ 87, 55, 1,[ 47, 71, 7]],

[ 4, 15, 0,[ 25, 75, 88]],

[ 34, 65, 0,[ 35, 89, 51, 17]],

[ 6, 65, 0,[ 66, 47, 44]],

[ 25, 5, 1,[ 76, 4, 3]],

[ 80, 35, 1,[ 24, 59, 85, 48]],

[ 82, 5, 0,[ 66, 42, 69]],

[ 59, 55, 1,[ 80, 54, 13]],

[ 39, 5, 1,[ 69, 8, 57, 40]],

[ 72, 95, 0,[ 31, 11, 99, 53]],

[ 29, 55, 1,[ 14, 83, 49]],

[ 42, 5, 1,[ 33, 82, 31, 63]],

[ 79, 35, 1,[ 92, 36, 22, 68, 0, 10]],

[ 86, 95, 1,[ 83, 23, 31]],

[ 43, 65, 1,[ 52, 90, 38]],

[ 15, 15, 1,[ 17, 91, 20, 37]],

[ 56, 15, 0,[ 67, 98, 83]],

[ 78, 95, 1,[ 2, 16, 51, 67, 24]],

[ 83, 85, 1,[ 13, 86, 56, 92, 61, 29]],

[ 52, 25, 1,[ 48, 58, 43]],

[ 84, 45, 1,[ 92, 81, 2]],

[ 32, 35, 1,[ 31, 98, 50, 11]],

[ 22, 45, 1,[ 53, 96, 38, 79]],

[ 54, 25, 1,[ 75, 59, 27]],

[ 26, 45, 0,[ 30, 21, 14]],

[ 68, 35, 0,[ 85, 88, 79, 73]],

[ 7, 45, 1,[ 87, 97, 16]],

[ 65, 35, 1,[ 77, 14, 37]],

[ 10, 15, 0,[ 79, 58, 5]],

[ 1, 55, 1,[ 58, 70, 66]],

[ 24, 45, 0,[ 81, 80, 78]],

[ 67, 15, 1,[ 48, 77, 78, 56]],

[ 23, 85, 0,[ 0, 86, 21, 96]],

[ 48, 25, 1,[ 67, 20, 80, 52, 70]],

[ 85, 35, 0,[ 68, 76, 80]],

[ 11, 55, 1,[ 72, 32]],

[ 69, 45, 1,[ 39, 93, 82, 55]],

[ 49, 55, 1,[ 97, 29, 94]],

[ 62, 45, 1,[ 37, 35, 73]],

[ 28, 65, 1,[ 12, 73, 27]],

[ 38, 45, 0,[ 22, 81, 43]],

[ 41, 15, 0,[ 95, 12, 90, 5]],

[ 58, 55, 0,[ 10, 52, 1, 9]],

[ 8, 65, 0,[ 46, 40, 39, 12]],

[ 17, 65, 1,[ 15, 9, 35, 34]],

[ 45, 45, 0,[ 5, 2, 95]],

[ 90, 15, 0,[ 41, 5, 43]],

[ 51, 95, 1,[ 78, 34, 30]],

[ 70, 55, 0,[ 19, 48, 1]],

[ 18, 5, 0,[ 81, 96]],

[ 5, 15, 1,[ 73, 45, 10, 90, 41]],

[ 97, 55, 0,[ 74, 7, 9, 94, 49]],

[ 95, 45, 0,[ 19, 64, 41, 53, 45]],

[ 30, 85, 1,[ 61, 26, 51, 89]],

[ 55, 25, 0,[ 47, 69, 60, 93, 36]],

[ 37, 85, 1,[ 62, 65, 15]],

[ 89, 35, 1,[ 19, 30, 34, 63, 20]],

[ 64, 45, 0,[ 95, 61, 33]],

[ 36, 25, 0,[ 79, 55, 71]],

[ 31, 95, 0,[ 42, 32, 72, 86]],

[ 3, 25, 1,[ 25, 77, 60]],

[ 40, 35, 1,[ 8, 60, 39]],

[ 96, 5, 1,[ 22, 23, 18]],

[ 93, 25, 0,[ 98, 66, 69, 55]],

[ 12, 65, 0,[ 28, 8, 41]],

[ 44, 65, 0,[ 81, 98, 6]],

[ 27, 25, 0,[ 54, 14, 28]],

[ 46, 65, 0,[ 8, 75, 76]],

[ 63, 5, 0,[ 89, 14, 42]],

[ 50, 35, 0,[ 74, 32]],

[ 0, 85, 1,[ 57, 23, 79]],

[ 76, 85, 1,[ 25, 85, 46]],

[ 77, 35, 0,[ 3, 65, 67]],

[ 14, 5, 1,[ 65, 63, 29, 26, 21, 27]],

[ 75, 15, 1,[ 4, 54, 88, 46]],

[ 35, 65, 0,[ 62, 17, 34]],

[ 53, 45, 0,[ 72, 95, 22]],

[ 71, 25, 1,[ 87, 36]],

[ 20, 25, 0,[ 15, 48, 89]],

[ 9, 55, 0,[ 74, 58, 16, 97, 17]],

[ 66, 65, 1,[ 99, 6, 1, 93, 82]],

[ 73, 35, 0,[ 5, 62, 28, 68]],

[ 81, 45, 0,[ 84, 44, 18, 38, 24]],

[ 21, 45, 1,[ 26, 14, 23]],

[ 33, 95, 1,[ 42, 64, 99]],

