[ 96, 45, 1,[ 6, 70, 39]],

[ 75, 15, 1,[ 91, 24, 38]],

[ 12, 75, 1,[ 2, 21, 97]],

[ 48, 5, 0,[ 58, 9, 63]],

[ 3, 55, 1,[ 41, 68, 71]],

[ 34, 85, 1,[ 0, 39, 20]],

[ 56, 15, 1,[ 76, 9, 89, 80]],

[ 30, 45, 1,[ 50, 37, 55, 95, 23]],

[ 45, 15, 1,[ 21, 27, 19]],

[ 65, 85, 1,[ 52, 82, 42, 7]],

[ 4, 85, 0,[ 52, 74, 44]],

[ 8, 65, 1,[ 54, 70, 27, 76, 67]],

[ 90, 75, 0,[ 71, 72, 99]],

[ 50, 65, 1,[ 32, 82, 30]],

[ 1, 75, 0,[ 81, 79, 87]],

[ 32, 85, 0,[ 61, 50, 43]],

[ 44, 75, 1,[ 4, 81, 94]],

[ 23, 5, 1,[ 37, 92, 30]],

[ 80, 55, 1,[ 56, 60, 14, 9]],

[ 89, 35, 0,[ 56, 72, 10]],

[ 92, 55, 1,[ 52, 16, 23, 67]],

[ 37, 95, 1,[ 35, 30, 23, 5, 93, 57]],

[ 33, 55, 0,[ 47, 17, 86]],

[ 58, 5, 0,[ 70, 48, 94]],

[ 93, 95, 0,[ 54, 46, 43, 37]],

[ 27, 65, 0,[ 13, 45, 8, 11, 91]],

[ 60, 65, 0,[ 55, 67, 80]],

[ 26, 75, 1,[ 16, 76, 51]],

[ 85, 65, 1,[ 16, 99, 31]],

[ 54, 65, 0,[ 70, 93, 8]],

[ 79, 75, 0,[ 68, 1]],

[ 36, 95, 0,[ 25, 41, 77]],

[ 41, 95, 0,[ 82, 47, 3, 98, 29, 83, 36]],

[ 78, 15, 1,[ 62, 28, 53]],

[ 99, 75, 1,[ 40, 90, 85]],

[ 40, 75, 1,[ 42, 16, 99]],

[ 16, 85, 1,[ 85, 40, 26, 92, 81]],

[ 17, 35, 1,[ 33, 59, 31, 55]],

[ 66, 95, 0,[ 29, 52, 72]],

[ 49, 45, 1,[ 0, 83, 73]],

[ 22, 75, 0,[ 86, 64, 95]],

[ 91, 65, 0,[ 75, 27, 19]],

[ 7, 95, 1,[ 65, 77, 82]],

[ 18, 35, 1,[ 84, 87, 25]],

[ 57, 65, 0,[ 25, 37, 71]],

[ 13, 45, 1,[ 25, 77, 27]],

[ 82, 95, 0,[ 7, 50, 41, 46, 65]],

[ 42, 65, 0,[ 65, 74, 40]],

[ 59, 85, 0,[ 38, 17, 11]],

[ 53, 85, 0,[ 2, 64, 86, 78]],

[ 68, 55, 0,[ 63, 3, 79]],

[ 74, 65, 1,[ 42, 4, 73]],

[ 64, 25, 0,[ 22, 39, 53]],

[ 43, 5, 1,[ 21, 32, 93, 14, 24]],

[ 24, 15, 0,[ 75, 43, 46]],

[ 61, 85, 0,[ 38, 32, 73]],

[ 98, 95, 0,[ 28, 41, 14]],

[ 28, 15, 0,[ 78, 98, 69]],

[ 55, 45, 1,[ 10, 17, 30, 60, 5]],

[ 72, 95, 1,[ 90, 89, 88, 66]],

[ 87, 75, 1,[ 62, 18, 1, 14, 15]],

[ 88, 25, 0,[ 72, 39, 67]],

[ 38, 85, 0,[ 59, 61, 75]],

[ 11, 85, 0,[ 31, 59, 27]],

[ 94, 5, 1,[ 10, 44, 95, 58, 29]],

[ 39, 25, 1,[ 84, 88, 64, 69, 20, 34, 96]],

[ 73, 45, 0,[ 51, 49, 74, 61]],

[ 69, 55, 1,[ 39, 2, 28]],

[ 21, 55, 0,[ 45, 43, 12, 97]],

[ 71, 65, 1,[ 57, 3, 90]],

[ 46, 55, 1,[ 93, 82, 24]],

[ 52, 85, 1,[ 65, 92, 86, 4, 66]],

[ 31, 55, 1,[ 11, 17, 97, 85]],

[ 84, 85, 1,[ 70, 18, 39]],

[ 19, 75, 0,[ 91, 15, 45]],

[ 77, 95, 0,[ 13, 7, 36]],

[ 5, 95, 1,[ 15, 97, 55, 37]],

[ 2, 65, 1,[ 0, 69, 12, 53]],

[ 62, 75, 0,[ 78, 51, 87, 35]],

[ 86, 85, 0,[ 53, 22, 52, 33]],

[ 0, 85, 1,[ 2, 49, 34]],

[ 81, 25, 1,[ 16, 44, 1]],

[ 67, 65, 0,[ 60, 92, 88, 8]],

[ 76, 65, 0,[ 26, 56, 8]],

[ 15, 75, 0,[ 5, 19, 87]],

[ 25, 65, 0,[ 36, 18, 13, 57]],

[ 83, 75, 0,[ 41, 95, 49]],

[ 14, 55, 0,[ 87, 80, 98, 43]],

[ 51, 85, 1,[ 73, 62, 26]],

[ 97, 55, 0,[ 5, 31, 12, 21]],

[ 29, 95, 0,[ 94, 66, 41]],

[ 95, 75, 0,[ 22, 83, 94, 30, 63]],

[ 47, 55, 0,[ 41, 35, 33]],

[ 63, 5, 1,[ 48, 95, 68]],

[ 9, 65, 1,[ 80, 48, 56]],

[ 35, 55, 1,[ 62, 37, 47]],

[ 70, 25, 1,[ 54, 58, 96, 8, 84]],

[ 6, 15, 0,[ 96, 20]],

[ 20, 15, 1,[ 6, 34, 39]],

[ 10, 35, 0,[ 55, 94, 89]],

