[ 53, 75, 1,[ 88, 4, 23]],

[ 97, 45, 1,[ 93, 72, 43]],

[ 78, 85, 0,[ 95, 45, 35, 2]],

[ 38, 65, 1,[ 81, 40, 5]],

[ 39, 25, 1,[ 26, 70, 30]],

[ 30, 5, 1,[ 39, 17, 91, 73]],

[ 8, 55, 1,[ 36, 86, 85, 6]],

[ 1, 55, 1,[ 18, 51, 14]],

[ 76, 85, 0,[ 75, 2, 41]],

[ 82, 55, 1,[ 26, 21, 18]],

[ 9, 35, 0,[ 10, 13, 65, 72]],

[ 46, 85, 0,[ 23, 44, 70, 16]],

[ 45, 85, 0,[ 78, 75, 77, 6]],

[ 64, 5, 1,[ 91, 99, 77]],

[ 36, 85, 0,[ 26, 35, 8]],

[ 48, 75, 0,[ 13, 44, 28]],

[ 13, 75, 0,[ 68, 48, 9, 69]],

[ 5, 75, 1,[ 38, 68, 66, 94]],

[ 24, 65, 1,[ 21, 99, 56]],

[ 61, 65, 0,[ 54, 34, 79]],

[ 23, 5, 1,[ 72, 53, 46]],

[ 70, 85, 0,[ 39, 22, 46]],

[ 95, 55, 1,[ 0, 69, 78]],

[ 0, 45, 1,[ 31, 95, 40]],

[ 56, 35, 1,[ 24, 57, 50, 27, 7]],

[ 91, 35, 1,[ 30, 35, 64, 90]],

[ 55, 85, 1,[ 43, 25, 51]],

[ 29, 75, 0,[ 19, 73, 28]],

[ 15, 65, 0,[ 34, 49, 33]],

[ 80, 75, 0,[ 20, 26, 19]],

[ 26, 75, 1,[ 80, 39, 82, 85, 36]],

[ 51, 85, 1,[ 1, 55, 37, 50]],

[ 87, 45, 0,[ 60, 42, 28, 16]],

[ 66, 75, 0,[ 28, 5, 84]],

[ 7, 45, 1,[ 57, 56, 79]],

[ 16, 15, 1,[ 87, 83, 46, 85, 67]],

[ 2, 75, 1,[ 78, 76, 34]],

[ 62, 75, 0,[ 74, 14, 47]],

[ 12, 75, 0,[ 19, 49, 11]],

[ 43, 25, 1,[ 97, 72, 55]],

[ 34, 65, 1,[ 2, 84, 61, 31, 15]],

[ 41, 85, 0,[ 76, 17, 88]],

[ 50, 85, 0,[ 56, 94, 51]],

[ 86, 25, 1,[ 8, 99, 89]],

[ 28, 75, 1,[ 48, 32, 3, 87, 29, 66]],

[ 75, 85, 0,[ 89, 93, 76, 45]],

[ 33, 85, 1,[ 15, 21, 11, 83]],

[ 17, 85, 1,[ 63, 41, 30, 37, 20, 49, 18]],

[ 40, 95, 1,[ 38, 4, 68, 0, 52]],

[ 27, 65, 0,[ 52, 56, 74, 42]],

[ 60, 35, 0,[ 10, 59, 87]],

[ 49, 5, 1,[ 71, 15, 32, 12, 17]],

[ 6, 15, 1,[ 45, 8, 84, 93]],

[ 35, 85, 0,[ 91, 36, 78]],

[ 65, 45, 0,[ 9, 99, 90]],

[ 77, 65, 0,[ 93, 64, 45]],

[ 73, 95, 1,[ 71, 29, 30]],

[ 96, 85, 0,[ 32, 59, 69]],

[ 59, 25, 1,[ 3, 96, 60]],

[ 21, 85, 0,[ 54, 33, 82, 24]],

[ 57, 45, 0,[ 92, 7, 56]],

[ 68, 65, 1,[ 5, 40, 13]],

[ 18, 85, 0,[ 17, 10, 1, 82, 81]],

[ 90, 65, 1,[ 84, 65, 91]],

[ 92, 45, 0,[ 99, 22, 3, 57]],

[ 4, 45, 0,[ 42, 72, 53, 40]],

[ 47, 35, 0,[ 58, 62, 67]],

[ 42, 45, 1,[ 87, 27, 4]],

[ 44, 75, 0,[ 48, 84, 46]],

[ 31, 55, 1,[ 25, 34, 0]],

[ 71, 75, 1,[ 73, 49, 98]],

[ 89, 25, 0,[ 75, 86, 81]],

[ 83, 35, 0,[ 22, 16, 33]],

[ 81, 45, 0,[ 89, 18, 38, 25]],

[ 84, 5, 1,[ 44, 90, 34, 6, 66]],

[ 93, 65, 0,[ 97, 77, 75, 6]],

[ 14, 75, 1,[ 25, 62, 1, 58]],

[ 32, 85, 1,[ 96, 28, 49]],

[ 94, 75, 1,[ 50, 25, 5]],

[ 10, 35, 0,[ 60, 9, 18]],

[ 69, 65, 1,[ 98, 95, 13, 96]],

[ 19, 75, 0,[ 12, 29, 80]],

[ 54, 65, 0,[ 61, 21, 20]],

[ 25, 45, 0,[ 14, 81, 94, 55, 31, 74]],

[ 58, 35, 0,[ 11, 14, 47]],

[ 52, 65, 0,[ 27, 67, 40]],

[ 88, 35, 1,[ 79, 41, 53]],

[ 99, 45, 1,[ 92, 64, 24, 65, 86]],

[ 98, 65, 0,[ 63, 69, 37, 71]],

[ 37, 65, 1,[ 17, 51, 98]],

[ 11, 35, 0,[ 72, 33, 58, 12]],

[ 63, 85, 0,[ 17, 98]],

[ 20, 55, 1,[ 54, 17, 80]],

[ 79, 45, 0,[ 88, 7, 61]],

[ 74, 65, 0,[ 62, 25, 27]],

[ 67, 35, 0,[ 16, 47, 52]],

[ 22, 35, 1,[ 70, 92, 83]],

[ 3, 75, 0,[ 59, 92, 28]],

[ 85, 65, 1,[ 8, 26, 16]],

[ 72, 35, 1,[ 9, 4, 11, 23, 43, 97]],

