[ 90, 65, 0,[ 41, 88, 38]],

[ 39, 65, 1,[ 79, 44, 50, 74, 67, 30, 14]],

[ 58, 25, 1,[ 81, 38, 61]],

[ 87, 35, 1,[ 64, 43, 40, 84, 59]],

[ 23, 95, 1,[ 16, 11, 41]],

[ 30, 25, 0,[ 20, 39, 97]],

[ 44, 65, 0,[ 19, 39, 41]],

[ 89, 35, 0,[ 38, 10, 95]],

[ 80, 15, 0,[ 45, 76, 84]],

[ 22, 35, 0,[ 59, 97, 26, 82]],

[ 46, 85, 1,[ 13, 67, 76]],

[ 85, 35, 0,[ 21, 75, 53]],

[ 94, 45, 0,[ 1, 62, 83]],

[ 53, 15, 1,[ 27, 11, 85]],

[ 97, 85, 1,[ 22, 30, 18]],

[ 88, 45, 0,[ 90, 50, 43, 45]],

[ 25, 95, 1,[ 9, 65, 68, 61, 5]],

[ 40, 5, 1,[ 87, 19, 84, 54, 68]],

[ 37, 55, 1,[ 5, 14, 99]],

[ 16, 45, 1,[ 56, 59, 33, 23, 21, 9]],

[ 8, 25, 1,[ 83, 79, 91]],

[ 45, 15, 0,[ 80, 88, 38]],

[ 20, 25, 1,[ 64, 30, 76, 38, 33]],

[ 96, 35, 0,[ 17, 93, 26, 43]],

[ 11, 95, 0,[ 6, 23, 53]],

[ 93, 95, 1,[ 76, 96, 10]],

[ 64, 25, 0,[ 20, 73, 87]],

[ 61, 25, 0,[ 83, 25, 58]],

[ 77, 15, 0,[ 78, 3, 86]],

[ 43, 45, 1,[ 96, 87, 88]],

[ 13, 95, 1,[ 62, 46, 99, 75]],

[ 65, 45, 1,[ 62, 36, 66, 74, 25]],

[ 99, 65, 0,[ 37, 50, 13]],

[ 3, 15, 0,[ 14, 92, 77]],

[ 63, 15, 1,[ 66, 4]],

[ 83, 65, 1,[ 61, 27, 8, 94]],

[ 42, 65, 0,[ 69, 50, 34]],

[ 66, 95, 1,[ 63, 65, 26]],

[ 32, 95, 0,[ 18, 1, 98]],

[ 7, 5, 0,[ 81, 69, 86]],

[ 0, 35, 0,[ 15, 70, 4]],

[ 95, 35, 0,[ 75, 48, 72, 89]],

[ 69, 65, 1,[ 60, 71, 42, 7]],

[ 9, 85, 1,[ 16, 25, 75]],

[ 6, 25, 0,[ 11, 35, 28]],

[ 78, 15, 0,[ 35, 81, 29, 77]],

[ 24, 15, 0,[ 92, 1, 10]],

[ 14, 65, 0,[ 37, 39, 3, 98]],

[ 50, 65, 0,[ 42, 39, 88, 99]],

[ 5, 95, 0,[ 37, 25]],

[ 47, 35, 1,[ 4, 68, 52, 48]],

[ 56, 15, 1,[ 91, 21, 16]],

[ 51, 85, 1,[ 84, 41, 28]],

[ 73, 55, 1,[ 60, 72, 64]],

[ 98, 35, 1,[ 52, 32, 14, 38]],

[ 62, 45, 0,[ 13, 65, 94]],

[ 36, 35, 1,[ 1, 67, 65]],

[ 75, 35, 0,[ 9, 13, 85, 95]],

[ 55, 55, 0,[ 29, 71, 12]],

[ 28, 75, 0,[ 34, 6, 51]],

[ 91, 45, 1,[ 8, 15, 56]],

[ 70, 35, 0,[ 0, 71, 86]],

[ 86, 5, 1,[ 7, 77, 70]],

[ 35, 25, 1,[ 18, 78, 54, 6]],

[ 15, 85, 1,[ 2, 0, 91, 57]],

[ 60, 35, 1,[ 69, 81, 49, 73]],

[ 41, 15, 1,[ 51, 90, 44, 1, 23]],

[ 59, 35, 0,[ 29, 87, 16, 22]],

[ 71, 65, 1,[ 72, 55, 69, 33, 70]],

[ 17, 35, 0,[ 96, 54, 4, 57]],

[ 18, 95, 1,[ 35, 97, 32]],

[ 21, 5, 1,[ 56, 85, 16, 52]],

[ 57, 35, 0,[ 17, 15]],

[ 76, 35, 0,[ 4, 20, 93, 80, 46]],

[ 27, 65, 0,[ 53, 2, 83, 10]],

[ 2, 65, 0,[ 15, 27]],

[ 10, 75, 1,[ 27, 24, 89, 93]],

[ 48, 35, 1,[ 47, 95, 49]],

[ 68, 55, 1,[ 47, 40, 25]],

[ 79, 25, 0,[ 8, 39, 84]],

[ 52, 45, 1,[ 21, 98, 47]],

[ 29, 95, 1,[ 78, 34, 55, 59, 92]],

[ 33, 65, 0,[ 16, 71, 20]],

[ 72, 55, 0,[ 73, 95, 71]],

[ 81, 15, 1,[ 58, 7, 82, 60, 78]],

[ 92, 15, 0,[ 24, 3, 29]],

[ 31, 45, 0,[ 49, 19]],

[ 4, 35, 0,[ 82, 76, 17, 63, 0, 47]],

[ 54, 35, 0,[ 17, 35, 40]],

[ 12, 55, 1,[ 38, 55]],

[ 74, 65, 0,[ 65, 39]],

[ 19, 35, 1,[ 44, 40, 31]],

[ 82, 35, 0,[ 81, 22, 4]],

[ 84, 15, 1,[ 80, 40, 87, 51, 79]],

[ 26, 65, 1,[ 96, 66, 22]],

[ 49, 45, 1,[ 60, 31, 48]],

[ 34, 75, 1,[ 29, 28, 42]],

[ 38, 65, 1,[ 90, 12, 45, 20, 98, 58, 89]],

[ 1, 15, 0,[ 24, 94, 36, 32, 41]],

[ 67, 85, 0,[ 46, 39, 36]],

