[ 34, 45, 0,[ 58, 39, 78, 61, 43]],

[ 10, 45, 0,[ 75, 67, 41]],

[ 95, 45, 0,[ 26, 98, 32, 24]],

[ 57, 45, 0,[ 94, 69, 75]],

[ 82, 45, 0,[ 83, 85, 9]],

[ 63, 45, 0,[ 1, 84, 77, 90]],

[ 54, 45, 0,[ 26, 9, 59, 94]],

[ 3, 45, 0,[ 13, 16, 53]],

[ 58, 45, 0,[ 34, 17]],

[ 12, 45, 0,[ 78, 33, 20]],

[ 67, 45, 0,[ 10, 23, 24]],

[ 20, 45, 0,[ 27, 84, 12]],

[ 69, 45, 0,[ 14, 57, 40, 87, 16]],

[ 42, 45, 0,[ 94, 23, 41]],

[ 30, 45, 0,[ 32, 39, 71]],

[ 56, 45, 0,[ 8, 31, 84]],

[ 98, 45, 0,[ 53, 88, 95]],

[ 61, 45, 0,[ 91, 34, 62]],

[ 11, 45, 0,[ 25, 15, 94, 9]],

[ 86, 45, 0,[ 88, 16, 75]],

[ 21, 45, 0,[ 75, 79, 66]],

[ 72, 45, 0,[ 13, 91]],

[ 31, 45, 0,[ 47, 56, 50]],

[ 68, 45, 0,[ 26, 87, 97]],

[ 55, 45, 0,[ 19, 8, 90]],

[ 45, 45, 0,[ 89, 35, 36]],

[ 59, 45, 0,[ 92, 54, 60]],

[ 36, 45, 0,[ 37, 45, 81]],

[ 28, 45, 0,[ 49, 27, 75]],

[ 47, 45, 0,[ 48, 79, 31, 1]],

[ 71, 45, 0,[ 89, 43, 77, 30]],

[ 49, 45, 0,[ 22, 41, 28]],

[ 33, 45, 0,[ 32, 12, 24]],

[ 5, 45, 0,[ 94, 51]],

[ 17, 45, 0,[ 58, 66, 88]],

[ 73, 45, 0,[ 46, 8, 14]],

[ 62, 45, 0,[ 81, 6, 61]],

[ 99, 45, 0,[ 50, 92, 24]],

[ 0, 45, 0,[ 65, 16, 93]],

[ 74, 45, 0,[ 19, 80, 48, 76]],

[ 66, 45, 0,[ 75, 17, 64, 21]],

[ 90, 45, 0,[ 93, 55, 63]],

[ 2, 45, 0,[ 65, 79, 25]],

[ 23, 45, 0,[ 8, 97, 67, 42]],

[ 79, 45, 0,[ 2, 21, 47, 32]],

[ 16, 35, 1,[ 86, 3, 7, 60, 76, 18, 69, 4, 0]],

[ 24, 15, 1,[ 26, 33, 18, 67, 95, 40, 77, 99]],

[ 80, 45, 0,[ 78, 74, 35]],

[ 8, 55, 1,[ 29, 73, 56, 55, 23]],

[ 48, 45, 0,[ 47, 96, 74]],

[ 83, 45, 0,[ 76, 70, 81, 82]],

[ 70, 45, 0,[ 83, 26, 87, 60, 64]],

[ 15, 45, 0,[ 13, 93, 11]],

[ 22, 45, 0,[ 43, 19, 49]],

[ 35, 45, 0,[ 80, 45, 93]],

[ 97, 45, 0,[ 68, 89, 23, 65]],

[ 38, 45, 0,[ 19, 13, 60]],

[ 84, 45, 0,[ 96, 56, 19, 20, 63, 25]],

[ 94, 5, 1,[ 11, 54, 5, 93, 92, 57, 42]],

[ 75, 55, 1,[ 37, 86, 57, 21, 66, 1, 28, 88, 65, 10]],

[ 7, 45, 0,[ 16, 76, 19]],

[ 39, 45, 0,[ 34, 30, 92]],

[ 1, 45, 0,[ 75, 63, 47]],

[ 50, 45, 0,[ 40, 31, 99, 53]],

[ 92, 95, 1,[ 13, 94, 93, 59, 99, 39, 44, 85]],

[ 78, 45, 0,[ 4, 80, 34, 12]],

[ 9, 45, 0,[ 82, 54, 11]],

[ 65, 45, 0,[ 75, 2, 0, 97]],

[ 46, 45, 0,[ 44, 87, 73]],

[ 26, 45, 1,[ 70, 6, 54, 64, 95, 68, 24]],

[ 29, 45, 0,[ 52, 85, 37, 8]],

[ 51, 45, 0,[ 14, 5, 19]],

[ 93, 85, 1,[ 92, 94, 44, 0, 35, 88, 15, 90]],

[ 60, 45, 0,[ 70, 38, 16, 59]],

[ 32, 45, 0,[ 33, 79, 30, 76, 95]],

[ 14, 45, 0,[ 69, 51, 4, 73]],

[ 76, 45, 0,[ 32, 96, 16, 83, 7, 74]],

[ 91, 45, 0,[ 61, 72, 89, 27]],

[ 13, 45, 0,[ 72, 38, 92, 3, 15]],

[ 52, 45, 0,[ 6, 29]],

[ 64, 45, 0,[ 66, 70, 26]],

[ 6, 45, 0,[ 52, 26, 62]],

[ 37, 45, 0,[ 29, 19, 36, 75]],

[ 40, 55, 1,[ 69, 24, 50]],

[ 41, 45, 0,[ 42, 49, 10, 19]],

[ 77, 45, 0,[ 24, 63, 71]],

[ 19, 15, 1,[ 22, 84, 55, 51, 27, 38, 41, 89, 74, 37, 7]],

[ 53, 45, 0,[ 3, 50, 98]],

[ 88, 45, 0,[ 75, 98, 93, 17, 86]],

[ 85, 45, 0,[ 92, 82, 29]],

[ 25, 45, 0,[ 11, 2, 84]],

[ 96, 45, 0,[ 48, 84, 76]],

[ 27, 45, 0,[ 20, 28, 91, 19]],

[ 43, 45, 0,[ 71, 34, 22]],

[ 44, 45, 0,[ 92, 46, 18, 93]],

[ 87, 45, 0,[ 69, 46, 68, 70]],

[ 18, 45, 0,[ 16, 24, 44]],

[ 89, 45, 0,[ 19, 91, 97, 71, 45]],

[ 4, 45, 0,[ 78, 16, 14]],

[ 81, 45, 0,[ 62, 83, 36]],

