[ 43, 25, 0,[ 90, 77, 31]],

[ 91, 85, 1,[ 59, 98, 95, 25, 24]],

[ 79, 25, 0,[ 25, 6, 58]],

[ 20, 15, 0,[ 66, 46, 80, 11]],

[ 49, 85, 0,[ 45, 21, 46]],

[ 23, 25, 1,[ 81, 72, 47]],

[ 69, 65, 1,[ 85, 60, 34]],

[ 13, 55, 1,[ 22, 45]],

[ 85, 5, 0,[ 69, 64, 93]],

[ 27, 45, 1,[ 82, 3, 31]],

[ 11, 85, 1,[ 54, 20, 8]],

[ 71, 85, 1,[ 33, 55, 19]],

[ 90, 95, 1,[ 42, 43, 94, 54, 65]],

[ 56, 25, 1,[ 37, 88, 78]],

[ 4, 45, 0,[ 88, 0, 34]],

[ 42, 5, 1,[ 88, 90, 64]],

[ 29, 75, 0,[ 48, 89, 52, 86]],

[ 77, 25, 0,[ 43, 87, 65]],

[ 0, 95, 0,[ 4, 58, 81, 76, 41]],

[ 39, 55, 0,[ 32, 8, 60]],

[ 72, 45, 1,[ 21, 57, 23]],

[ 32, 65, 0,[ 86, 84, 39]],

[ 9, 35, 1,[ 37, 22, 24, 47]],

[ 60, 55, 0,[ 39, 69, 26, 5, 57]],

[ 96, 85, 1,[ 12, 6, 74]],

[ 47, 65, 1,[ 9, 75, 23]],

[ 66, 65, 1,[ 20, 41, 48]],

[ 14, 15, 1,[ 62, 26, 53]],

[ 67, 85, 1,[ 40, 41, 2]],

[ 81, 5, 1,[ 0, 61, 86, 23]],

[ 21, 85, 1,[ 72, 38, 49]],

[ 40, 65, 1,[ 86, 67]],

[ 5, 5, 0,[ 60, 54, 70]],

[ 93, 5, 0,[ 75, 85, 82]],

[ 38, 85, 0,[ 88, 21, 73]],

[ 78, 5, 1,[ 87, 56, 99]],

[ 26, 15, 0,[ 75, 14, 48, 60]],

[ 16, 55, 1,[ 50, 7, 31, 52]],

[ 52, 55, 0,[ 97, 16, 29]],

[ 18, 95, 0,[ 35, 46, 41]],

[ 59, 15, 1,[ 28, 91, 37]],

[ 62, 15, 1,[ 14, 28, 12]],

[ 80, 15, 1,[ 36, 20, 15]],

[ 35, 85, 0,[ 18, 68, 17, 58]],

[ 28, 15, 0,[ 59, 64, 62]],

[ 53, 65, 1,[ 37, 14, 45]],

[ 84, 65, 1,[ 32, 65, 1]],

[ 70, 5, 0,[ 30, 75, 44, 5, 10]],

[ 50, 25, 0,[ 16, 31, 44]],

[ 41, 95, 1,[ 67, 92, 0, 66, 83, 18]],

[ 1, 95, 1,[ 84, 61, 63, 51]],

[ 82, 45, 0,[ 27, 10, 46, 93]],

[ 57, 45, 0,[ 72, 60, 76]],

[ 54, 95, 0,[ 73, 11, 5, 90]],

[ 83, 15, 0,[ 41, 36, 19]],

[ 22, 45, 1,[ 68, 13, 95, 9, 75]],

[ 75, 5, 0,[ 22, 93, 26, 47, 70]],

[ 98, 55, 1,[ 99, 61, 91]],

[ 55, 85, 1,[ 7, 71, 19]],

[ 63, 95, 1,[ 65, 1]],

[ 37, 5, 1,[ 56, 59, 9, 53]],

[ 8, 95, 0,[ 11, 15, 39]],

[ 17, 95, 0,[ 61, 94, 35]],

[ 94, 25, 1,[ 24, 17, 90]],

[ 19, 55, 1,[ 83, 97, 71, 12, 55]],

[ 10, 25, 1,[ 92, 70, 82]],

[ 33, 95, 0,[ 36, 71, 61]],

[ 7, 85, 0,[ 55, 16, 51]],

[ 92, 45, 0,[ 10, 41, 88]],

[ 36, 15, 0,[ 80, 44, 83, 33]],

[ 45, 95, 1,[ 53, 49, 13]],

[ 31, 25, 1,[ 43, 2, 27, 50, 16]],

[ 95, 45, 0,[ 89, 91, 22]],

[ 86, 75, 1,[ 81, 29, 32, 40]],

[ 99, 15, 1,[ 98, 3, 78]],

[ 48, 65, 0,[ 29, 26, 66]],

[ 6, 25, 0,[ 79, 74, 96]],

[ 88, 45, 1,[ 42, 92, 56, 4, 2, 38]],

[ 15, 95, 1,[ 80, 24, 8]],

[ 25, 85, 0,[ 79, 91, 64]],

[ 76, 95, 0,[ 57, 0]],

[ 44, 5, 0,[ 68, 36, 50, 70]],

[ 74, 25, 0,[ 89, 6, 96]],

[ 73, 25, 0,[ 54, 38, 51]],

[ 2, 25, 0,[ 67, 88, 31]],

[ 64, 55, 1,[ 42, 28, 25, 85]],

[ 87, 35, 0,[ 97, 30, 78, 77]],

[ 65, 95, 0,[ 90, 84, 77, 63]],

[ 30, 35, 0,[ 70, 87, 34, 3]],

[ 34, 65, 1,[ 30, 69, 4]],

[ 97, 25, 1,[ 19, 52, 87]],

[ 51, 25, 0,[ 1, 73, 7]],

[ 24, 35, 1,[ 94, 9, 91, 15]],

[ 61, 95, 0,[ 98, 81, 1, 33, 17]],

[ 12, 85, 0,[ 62, 19, 96]],

[ 68, 85, 0,[ 35, 44, 22]],

[ 89, 55, 1,[ 95, 29, 74]],

[ 46, 15, 0,[ 82, 49, 18, 20]],

[ 58, 35, 1,[ 35, 79, 0]],

[ 3, 55, 1,[ 27, 30, 99]],

