[ 51, 45, 0,[ 96, 69, 73]],

[ 82, 45, 0,[ 91, 53, 45]],

[ 24, 95, 0,[ 61, 10, 65, 69, 11]],

[ 90, 45, 0,[ 74, 78, 15]],

[ 89, 45, 0,[ 17, 26, 75, 56, 77]],

[ 20, 45, 1,[ 91, 41, 12]],

[ 93, 65, 1,[ 48, 77, 30, 80, 16, 74, 55, 0, 22, 27, 60, 23, 8, 6, 1]],

[ 5, 45, 0,[ 29, 71, 45]],

[ 59, 95, 1,[ 88, 73, 99, 86]],

[ 45, 95, 1,[ 53, 82, 5, 54, 80, 39, 38, 97, 69, 65, 52, 26, 40]],

[ 79, 45, 0,[ 84, 50, 64]],

[ 99, 45, 0,[ 59, 56, 61]],

[ 37, 45, 0,[ 43, 67, 40]],

[ 83, 45, 0,[ 57, 4, 3]],

[ 16, 25, 0,[ 3, 50, 93]],

[ 62, 45, 0,[ 46, 68, 13]],

[ 94, 45, 0,[ 60, 76]],

[ 52, 45, 0,[ 45, 19]],

[ 65, 95, 0,[ 88, 24, 45]],

[ 46, 45, 0,[ 62, 50, 21]],

[ 3, 45, 0,[ 83, 14, 16, 71, 12]],

[ 40, 25, 0,[ 1, 86, 37, 45, 58]],

[ 44, 45, 0,[ 12, 91, 48]],

[ 0, 45, 0,[ 93, 32, 60]],

[ 12, 45, 0,[ 20, 61, 44, 3]],

[ 56, 45, 0,[ 50, 89, 99]],

[ 30, 75, 1,[ 98, 54, 67, 8, 78, 42, 81, 93, 32, 27, 49, 58]],

[ 57, 45, 0,[ 83, 75, 47, 21, 29]],

[ 33, 45, 0,[ 38, 60, 96]],

[ 13, 55, 0,[ 62, 7, 28, 97]],

[ 95, 45, 0,[ 55, 47, 8]],

[ 32, 45, 0,[ 0, 30, 53]],

[ 68, 45, 0,[ 50, 73, 11, 62, 31]],

[ 27, 55, 0,[ 10, 93, 84, 30]],

[ 4, 45, 0,[ 50, 63, 83]],

[ 49, 45, 0,[ 87, 55, 30]],

[ 72, 45, 0,[ 6, 75, 50]],

[ 97, 55, 0,[ 45, 10, 13]],

[ 43, 45, 0,[ 70, 26, 7, 48, 81, 37]],

[ 88, 95, 0,[ 10, 65, 59, 42]],

[ 84, 45, 0,[ 25, 79, 27]],

[ 9, 45, 0,[ 26, 31, 50]],

[ 76, 45, 0,[ 80, 94, 17, 50]],

[ 74, 45, 0,[ 50, 85, 90, 93]],

[ 10, 55, 1,[ 66, 88, 97, 11, 24, 28, 27]],

[ 75, 45, 0,[ 89, 34, 57, 11, 72, 91]],

[ 39, 45, 0,[ 35, 45, 2]],

[ 34, 45, 0,[ 1, 75, 38]],

[ 7, 25, 0,[ 43, 13, 50]],

[ 19, 45, 0,[ 52, 66, 2]],

[ 69, 95, 0,[ 45, 24, 51, 50]],

[ 58, 25, 0,[ 40, 50, 30]],

[ 18, 45, 0,[ 8, 2, 36]],

[ 66, 45, 0,[ 54, 19, 10]],

[ 64, 45, 0,[ 92, 79, 36]],

[ 61, 45, 0,[ 99, 24, 12, 96]],

[ 92, 45, 0,[ 14, 11, 64]],

[ 23, 65, 0,[ 96, 36, 93]],

[ 29, 45, 0,[ 25, 63, 35, 5, 57]],

[ 96, 45, 0,[ 23, 8, 51, 11, 61, 33]],

[ 35, 45, 0,[ 87, 39, 29]],

[ 71, 45, 0,[ 5, 3, 26]],

[ 78, 75, 0,[ 90, 11, 30]],

[ 17, 45, 0,[ 89, 76, 85]],

[ 47, 45, 0,[ 50, 57, 95]],

[ 77, 45, 0,[ 93, 81, 50, 89, 22]],

[ 2, 45, 0,[ 19, 39, 18]],

[ 36, 95, 1,[ 18, 50, 23, 21, 6, 64]],

[ 85, 45, 0,[ 17, 41, 74]],

[ 80, 65, 0,[ 45, 93, 76]],

[ 11, 15, 1,[ 63, 68, 78, 92, 70, 24, 10, 75, 96, 25]],

[ 14, 45, 0,[ 26, 92, 3]],

[ 53, 45, 0,[ 82, 32, 45]],

[ 8, 45, 0,[ 93, 30, 42, 18, 96, 95]],

[ 21, 45, 0,[ 36, 57, 46]],

[ 25, 45, 0,[ 11, 29, 84]],

[ 15, 45, 0,[ 50, 31, 90, 87]],

[ 86, 25, 0,[ 50, 40, 59]],

[ 48, 45, 0,[ 44, 93, 43]],

[ 67, 45, 0,[ 41, 30, 37]],

[ 42, 45, 0,[ 30, 8, 88]],

[ 73, 45, 0,[ 59, 51, 68]],

[ 50, 25, 1,[ 46, 76, 9, 77, 58, 69, 72, 86, 56, 28, 16, 36, 68, 4, 15, 74, 7, 79, 47]],

[ 60, 45, 0,[ 94, 33, 93, 0]],

[ 26, 45, 0,[ 9, 14, 71, 31, 54, 43, 45, 89]],

[ 70, 45, 0,[ 43, 22, 11]],

[ 28, 55, 0,[ 10, 50, 13]],

[ 41, 45, 0,[ 85, 67, 20]],

[ 54, 45, 0,[ 26, 30, 45, 66]],

[ 22, 45, 0,[ 77, 93, 70]],

[ 55, 45, 0,[ 93, 49, 95]],

[ 87, 45, 0,[ 49, 35, 15]],

[ 38, 45, 0,[ 34, 45, 33]],

[ 81, 45, 0,[ 77, 43, 30]],

[ 63, 45, 0,[ 4, 29, 11, 98]],

[ 98, 45, 0,[ 30, 63]],

[ 6, 45, 1,[ 93, 72, 36]],

[ 91, 45, 0,[ 20, 75, 44, 82]],

[ 1, 25, 0,[ 93, 34, 40]],

[ 31, 45, 0,[ 15, 26, 68, 9]],

