[ 63, 5, 1,[ 38, 98, 36]],

[ 74, 5, 0,[ 62, 75]],

[ 38, 5, 0,[ 75, 63, 98]],

[ 72, 5, 0,[ 40, 67, 82, 26]],

[ 15, 5, 0,[ 97, 48, 58, 44]],

[ 61, 5, 0,[ 76, 27, 16]],

[ 69, 5, 0,[ 14, 20]],

[ 50, 5, 0,[ 20, 82, 30]],

[ 49, 5, 0,[ 89, 99, 86]],

[ 23, 35, 0,[ 77, 51, 97]],

[ 41, 45, 1,[ 98, 44, 60, 90, 99]],

[ 30, 5, 0,[ 50, 52, 43, 78]],

[ 68, 35, 0,[ 58, 51, 92]],

[ 22, 5, 0,[ 97, 11, 67]],

[ 39, 45, 0,[ 18, 87]],

[ 46, 45, 0,[ 18]],

[ 42, 85, 0,[ 3, 53]],

[ 26, 5, 0,[ 88, 72, 99]],

[ 17, 35, 0,[]],

[ 83, 5, 0,[ 7, 52, 18]],

[ 77, 5, 0,[ 99, 4, 71, 23, 97, 48]],

[ 57, 5, 0,[ 10, 24, 67]],

[ 82, 5, 0,[ 91, 50, 72]],

[ 60, 5, 0,[ 41, 91, 31]],

[ 43, 45, 0,[ 30, 18]],

[ 29, 5, 0,[ 10, 88, 66]],

[ 16, 85, 0,[ 96, 61, 97, 80]],

[ 3, 85, 0,[ 97, 10, 42]],

[ 62, 5, 0,[ 74, 84, 87]],

[ 14, 35, 0,[ 51, 18, 69, 85]],

[ 31, 5, 0,[ 60, 75, 54, 35]],

[ 79, 95, 0,[ 75]],

[ 85, 35, 0,[ 8, 14, 28, 59]],

[ 89, 5, 0,[ 28, 37, 5, 49, 96]],

[ 78, 5, 0,[ 92, 99, 30]],

[ 88, 5, 0,[ 97, 29, 26]],

[ 97, 85, 1,[ 45, 92, 15, 3, 4, 22, 88, 67, 23, 77, 16, 9, 24, 70, 59, 20, 56, 71, 84]],

[ 36, 5, 0,[ 63, 99, 18]],

[ 54, 5, 0,[ 31, 92, 18, 1]],

[ 70, 85, 0,[ 32, 97]],

[ 20, 5, 0,[ 97, 69, 50, 67]],

[ 51, 35, 1,[ 27, 68, 14, 86, 23, 53]],

[ 92, 5, 0,[ 68, 13, 97, 54, 78]],

[ 47, 5, 0,[ 94, 28, 64, 4]],

[ 73, 5, 0,[ 1, 48, 99]],

[ 5, 5, 0,[ 89, 4]],

[ 95, 5, 0,[ 94, 37, 64, 76, 65]],

[ 48, 5, 0,[ 77, 73, 15, 67]],

[ 37, 5, 0,[ 89, 81, 95, 67]],

[ 4, 5, 0,[ 77, 47, 97, 5]],

[ 55, 5, 0,[ 67, 33, 81, 84]],

[ 58, 35, 0,[ 15, 18, 68, 28]],

[ 81, 5, 0,[ 37, 67, 55]],

[ 53, 85, 0,[ 98, 96, 51, 42]],

[ 76, 5, 0,[ 86, 61, 35, 95]],

[ 24, 5, 0,[ 35, 57, 97]],

[ 66, 5, 0,[ 34, 29]],

[ 52, 5, 0,[ 30, 83, 75]],

[ 45, 85, 0,[ 97, 18, 35]],

[ 33, 5, 0,[ 18, 55, 35]],

[ 65, 5, 0,[ 12, 95, 18]],

[ 99, 95, 1,[ 78, 26, 49, 73, 75, 10, 77, 19, 41, 36]],

[ 34, 5, 0,[ 66, 11, 35, 0, 75]],

[ 6, 5, 0,[ 8, 21, 27]],

[ 28, 35, 1,[ 58, 85, 21, 89, 47]],

[ 75, 95, 1,[ 9, 25, 31, 99, 34, 38, 79, 44, 52, 91, 74]],

[ 9, 85, 0,[ 56, 75, 97]],

[ 10, 5, 0,[ 99, 80, 0, 29, 57, 3]],

[ 94, 5, 0,[ 95, 47]],

[ 56, 85, 0,[ 97, 9, 91]],

[ 90, 85, 0,[ 41, 32, 0]],

[ 80, 65, 0,[ 10, 67, 16]],

[ 96, 85, 0,[ 53, 16, 89]],

[ 98, 5, 0,[ 53, 38, 59, 41, 63]],

[ 71, 5, 0,[ 64, 97, 77]],

[ 27, 5, 0,[ 13, 61, 51, 6]],

[ 12, 5, 0,[ 65, 40, 25]],

[ 32, 85, 0,[ 67, 90, 70]],

[ 93, 65, 0,[ 67, 19]],

[ 11, 5, 0,[ 34, 44, 22]],

[ 19, 65, 0,[ 8, 93, 99]],

[ 67, 65, 1,[ 37, 91, 81, 22, 48, 32, 55, 80, 93, 57, 20, 97, 1, 72]],

[ 8, 65, 0,[ 19, 85, 6]],

[ 84, 5, 0,[ 97, 55, 62]],

[ 64, 5, 0,[ 47, 95, 71]],

[ 1, 5, 0,[ 54, 73, 67]],

[ 59, 35, 0,[ 98, 85, 97]],

[ 0, 5, 0,[ 34, 90, 10]],

[ 2, 5, 0,[ 13, 18, 91]],

[ 7, 5, 0,[ 35, 83]],

[ 44, 5, 0,[ 15, 75, 11, 41]],

[ 21, 5, 0,[ 28, 18, 6]],

[ 25, 95, 0,[ 75, 12]],

[ 18, 45, 1,[ 43, 83, 14, 39, 45, 2, 58, 36, 35, 21, 65, 46, 54, 33]],

[ 13, 5, 0,[ 27, 2, 92]],

[ 86, 5, 0,[ 49, 51, 40, 76]],

[ 87, 5, 0,[ 35, 39, 62]],

[ 91, 5, 0,[ 56, 67, 60, 82, 2, 75]],

[ 35, 5, 1,[ 45, 76, 7, 31, 34, 40, 18, 24, 87, 33]],

[ 40, 5, 0,[ 72, 86, 12, 35]],

