[ 90, 25, 0,[ 59, 12, 23]],

[ 18, 35, 0,[ 82, 35, 6, 56]],

[ 73, 35, 0,[ 25, 27, 51]],

[ 41, 95, 1,[ 43, 62, 25]],

[ 25, 75, 1,[ 73, 41, 32, 62, 12, 20, 80, 67, 31, 95, 81]],

[ 27, 35, 0,[ 22, 73, 72, 60]],

[ 5, 35, 0,[ 92, 9, 32, 37]],

[ 86, 35, 0,[]],

[ 72, 35, 0,[ 47, 39, 27]],

[ 68, 35, 0,[ 75, 85, 77]],

[ 60, 35, 0,[ 69, 59, 0, 99, 27]],

[ 6, 35, 0,[ 66, 18, 58, 10, 3]],

[ 81, 35, 0,[ 54, 25, 53, 45]],

[ 35, 35, 0,[ 18, 64, 99]],

[ 15, 35, 0,[ 93, 66, 96, 22]],

[ 34, 35, 0,[ 65, 59, 13, 96]],

[ 99, 35, 0,[ 60, 22, 35, 36]],

[ 98, 35, 0,[ 71, 61]],

[ 95, 5, 0,[ 22, 25, 65]],

[ 78, 35, 0,[ 65, 91, 53]],

[ 70, 35, 0,[ 66, 37, 17]],

[ 14, 35, 0,[ 24, 46, 31, 97, 65]],

[ 11, 35, 0,[ 76, 43, 7]],

[ 65, 35, 1,[ 45, 54, 14, 34, 17, 85, 87, 69, 7, 93, 95, 42, 78]],

[ 23, 5, 0,[ 90, 22, 71, 33]],

[ 75, 35, 0,[ 64, 68, 76]],

[ 64, 35, 0,[ 36, 35, 75, 51, 79]],

[ 12, 25, 0,[ 90, 49, 25]],

[ 54, 35, 0,[ 65, 81, 51]],

[ 17, 35, 0,[ 70, 8, 65]],

[ 45, 35, 0,[ 32, 59, 81, 65]],

[ 49, 25, 0,[ 12, 59, 52, 55]],

[ 1, 35, 0,[ 21, 10, 44]],

[ 97, 95, 1,[ 89, 36, 14]],

[ 37, 35, 0,[ 5, 70, 59]],

[ 44, 35, 0,[ 1, 55, 93]],

[ 82, 35, 0,[ 18, 77, 31]],

[ 48, 35, 0,[ 16, 43]],

[ 22, 5, 1,[ 33, 8, 95, 99, 38, 23, 88, 55, 47, 30, 27, 2, 36, 46, 50, 62, 15, 10]],

[ 50, 35, 0,[ 53, 22, 84, 47]],

[ 53, 35, 0,[ 78, 81, 50]],

[ 61, 35, 0,[ 98, 2, 89, 29]],

[ 71, 55, 0,[ 77, 98, 23]],

[ 74, 75, 0,[ 36, 24, 28]],

[ 29, 35, 0,[ 0, 16, 61, 63]],

[ 43, 75, 1,[ 48, 63, 41, 84, 11]],

[ 89, 35, 0,[ 97, 88, 80, 59, 56, 61]],

[ 47, 35, 0,[ 13, 72, 50, 22]],

[ 36, 75, 1,[ 99, 46, 97, 74, 26, 64, 22]],

[ 63, 35, 0,[ 29, 43, 13]],

[ 9, 35, 0,[ 46, 5, 85, 4]],

[ 4, 35, 0,[ 88, 9, 42]],

[ 96, 35, 0,[ 77, 15, 34]],

[ 62, 75, 0,[ 28, 22, 57, 25, 41]],

[ 28, 75, 0,[ 39, 30, 74, 92, 62]],

[ 83, 25, 0,[ 21, 59]],

[ 51, 35, 0,[ 73, 64, 54]],

[ 77, 55, 1,[ 71, 3, 30, 93, 38, 87, 82, 96, 52, 68, 40]],

[ 13, 35, 0,[ 47, 34, 63]],

[ 0, 35, 0,[ 29, 8, 60]],

[ 93, 35, 0,[ 65, 44, 15, 77]],

[ 66, 35, 0,[ 6, 15, 70, 33]],

[ 58, 35, 0,[ 57, 59, 6]],

[ 84, 75, 0,[ 43, 52, 50]],

[ 57, 75, 0,[ 62, 58]],

[ 92, 35, 0,[ 5, 28]],

[ 2, 35, 0,[ 94, 61, 22]],

[ 91, 35, 0,[ 59, 19, 78]],

[ 56, 35, 0,[ 18, 19, 89, 59]],

[ 26, 75, 0,[ 36, 42]],

[ 10, 35, 0,[ 1, 6, 22, 3]],

[ 31, 35, 0,[ 25, 82, 14]],

[ 46, 35, 0,[ 36, 22, 9, 14]],

[ 55, 35, 0,[ 44, 22, 49]],

[ 88, 35, 0,[ 22, 89, 4]],

[ 8, 35, 0,[ 22, 59, 17, 0, 20]],

[ 87, 35, 0,[ 24, 77, 65, 40]],

[ 32, 35, 0,[ 80, 5, 25, 45]],

[ 21, 95, 1,[ 59, 83, 1, 39]],

[ 94, 35, 0,[ 2, 67, 16]],

[ 16, 35, 0,[ 94, 69, 48, 29]],

[ 79, 35, 0,[ 20, 38, 64]],

[ 3, 35, 0,[ 77, 6, 10]],

[ 39, 75, 0,[ 28, 21, 72]],

[ 67, 35, 0,[ 25, 59, 94]],

[ 20, 35, 0,[ 59, 79, 25, 8]],

[ 42, 35, 0,[ 65, 26, 4]],

[ 80, 35, 0,[ 89, 25, 32]],

[ 38, 35, 0,[ 79, 22, 77]],

[ 40, 35, 0,[ 59, 77, 87]],

[ 30, 75, 0,[ 22, 77, 28]],

[ 69, 35, 0,[ 16, 65, 60]],

[ 76, 35, 0,[ 75, 59, 11]],

[ 7, 35, 0,[ 65, 11]],

[ 19, 35, 0,[ 59, 56, 91]],

[ 24, 35, 0,[ 14, 74, 87]],

[ 59, 25, 1,[ 89, 37, 34, 20, 45, 76, 56, 21, 49, 58, 19, 83, 8, 67, 90, 40, 60, 91]],

[ 85, 35, 0,[ 68, 9, 65]],

[ 52, 25, 0,[ 49, 84, 77]],

[ 33, 5, 0,[ 22, 23, 66]],

