[ 91, 55, 1,[ 4, 90, 70]],

[ 98, 65, 1,[ 95, 81, 83]],

[ 88, 85, 0,[ 48, 78, 84]],

[ 63, 85, 0,[ 85, 35, 20]],

[ 74, 75, 1,[ 52, 96, 26, 46]],

[ 47, 85, 1,[ 55, 23, 39, 69]],

[ 99, 5, 0,[ 82, 27, 19]],

[ 25, 45, 0,[ 35, 26, 16]],

[ 50, 85, 1,[ 72, 24, 13, 30]],

[ 46, 25, 0,[ 74, 34]],

[ 15, 45, 1,[ 20, 93, 12, 75, 58]],

[ 93, 45, 1,[ 15, 65, 78]],

[ 51, 25, 0,[ 87, 66]],

[ 36, 85, 1,[ 62, 20, 18, 60]],

[ 92, 65, 0,[ 32, 21, 13]],

[ 58, 55, 1,[ 15, 0, 68]],

[ 68, 85, 0,[ 58, 11, 31, 5]],

[ 56, 45, 0,[ 34, 10, 45]],

[ 53, 45, 0,[ 34, 32, 10]],

[ 18, 45, 0,[ 23, 36, 4]],

[ 27, 85, 1,[ 99, 38, 41, 22]],

[ 11, 65, 1,[ 0, 28, 61, 68, 21, 43]],

[ 81, 45, 0,[ 98, 12, 13, 29]],

[ 95, 45, 0,[ 98, 1, 28]],

[ 2, 65, 1,[ 44, 48, 54]],

[ 69, 75, 1,[ 47, 30, 29]],

[ 77, 15, 1,[ 30, 17, 82, 42, 55, 85]],

[ 84, 75, 1,[ 32, 44, 88, 8]],

[ 35, 5, 1,[ 25, 26, 63, 43]],

[ 62, 65, 0,[ 36, 73]],

[ 66, 95, 1,[ 40, 14, 51]],

[ 22, 5, 0,[ 86, 27, 30]],

[ 14, 45, 0,[ 57, 66, 28, 5]],

[ 41, 5, 1,[ 27, 70, 33]],

[ 89, 15, 1,[ 42, 13, 72]],

[ 49, 5, 0,[ 20, 71]],

[ 44, 45, 0,[ 84, 94, 2]],

[ 79, 25, 0,[ 6, 59, 3]],

[ 57, 25, 0,[ 13, 10, 14]],

[ 43, 25, 1,[ 11, 67, 7, 35]],

[ 23, 15, 1,[ 24, 73, 47, 18]],

[ 97, 25, 0,[ 4, 67, 76]],

[ 8, 5, 0,[ 87, 54, 84]],

[ 65, 95, 1,[ 93, 39, 7, 6]],

[ 72, 45, 0,[ 16, 89, 50]],

[ 75, 25, 0,[ 15, 19, 87]],

[ 94, 45, 0,[ 44, 5, 64]],

[ 13, 25, 1,[ 57, 92, 50, 85, 80, 81, 89]],

[ 21, 65, 0,[ 78, 11, 67, 92]],

[ 32, 65, 1,[ 55, 96, 84, 53, 92]],

[ 39, 45, 0,[ 90, 47, 65]],

[ 7, 45, 1,[ 43, 65, 45]],

[ 4, 25, 1,[ 97, 45, 91, 33, 18]],

[ 60, 45, 1,[ 36, 24, 29]],

[ 10, 35, 1,[ 57, 45, 53, 56, 1]],

[ 1, 55, 1,[ 95, 33, 10]],

[ 73, 45, 1,[ 67, 23, 62]],

[ 9, 25, 0,[ 16, 82, 70]],

[ 30, 5, 0,[ 50, 22, 77, 69]],

[ 42, 45, 0,[ 77, 89, 37]],

[ 52, 25, 0,[ 87, 74, 19]],

[ 31, 95, 0,[ 68, 76]],

[ 54, 5, 1,[ 2, 8, 61]],

[ 85, 25, 0,[ 77, 13, 63]],

[ 38, 45, 1,[ 29, 20, 80, 27]],

[ 59, 45, 0,[ 82, 40, 79]],

[ 82, 15, 0,[ 61, 99, 9, 59, 77]],

[ 96, 45, 0,[ 74, 40, 32]],

[ 29, 55, 1,[ 69, 81, 38, 60]],

[ 80, 25, 0,[ 13, 38, 86]],

[ 24, 85, 1,[ 60, 50, 23]],

[ 71, 75, 1,[ 20, 49, 5]],

[ 70, 45, 1,[ 9, 5, 41, 91]],

[ 67, 85, 1,[ 97, 21, 73, 43]],

[ 78, 25, 1,[ 86, 21, 88, 17, 93]],

[ 17, 25, 0,[ 28, 77, 78]],

[ 90, 25, 0,[ 16, 91, 39]],

[ 55, 45, 0,[ 32, 77, 47]],

[ 33, 25, 0,[ 41, 4, 1]],

[ 20, 85, 1,[ 49, 48, 36, 63, 64, 71, 38, 15]],

[ 48, 85, 0,[ 88, 2, 3, 20]],

[ 16, 25, 1,[ 90, 25, 72, 9]],

[ 12, 45, 0,[ 3, 81, 15]],

[ 40, 5, 0,[ 59, 66, 96, 34]],

[ 64, 65, 1,[ 94, 20]],

[ 45, 75, 1,[ 7, 56, 10, 4]],

[ 0, 65, 0,[ 58, 11, 83]],

[ 26, 45, 0,[ 35, 25, 74]],

[ 86, 15, 1,[ 80, 78, 22]],

[ 61, 65, 0,[ 82, 54, 11]],

[ 5, 75, 1,[ 70, 68, 94, 14, 71]],

[ 6, 5, 1,[ 79, 37, 65]],

[ 37, 45, 0,[ 42, 6]],

[ 34, 5, 1,[ 46, 40, 53, 83, 56]],

[ 83, 65, 0,[ 0, 98, 34]],

[ 3, 15, 1,[ 12, 79, 48]],

[ 87, 25, 1,[ 51, 52, 8, 75]],

[ 19, 5, 0,[ 76, 75, 52, 99]],

[ 76, 95, 1,[ 19, 31, 97]],

[ 28, 35, 1,[ 14, 17, 95, 11]],

