[ 77, 45, 1,[ 54, 25, 47, 53, 1, 27]],

[ 61, 65, 0,[ 10, 12, 13]],

[ 27, 5, 1,[ 77, 70, 92, 13, 59, 48]],

[ 38, 45, 0,[ 30, 39, 19]],

[ 59, 55, 1,[ 27, 44, 75]],

[ 74, 15, 0,[ 76, 15, 66]],

[ 6, 65, 0,[ 0, 32, 49]],

[ 99, 15, 1,[ 41, 76, 47, 34]],

[ 21, 65, 0,[ 82, 68, 11]],

[ 55, 45, 1,[ 81, 57, 42, 4]],

[ 44, 65, 0,[ 57, 59, 97]],

[ 37, 15, 0,[ 92, 1, 95]],

[ 32, 15, 0,[ 67, 1, 87, 3, 6]],

[ 66, 15, 0,[ 33, 39, 23, 74]],

[ 53, 45, 1,[ 77, 35, 87]],

[ 41, 45, 0,[ 81, 8, 99]],

[ 24, 75, 1,[ 17, 91, 19]],

[ 78, 65, 0,[ 94, 20, 65]],

[ 68, 65, 0,[ 21, 98, 67]],

[ 50, 45, 1,[ 5, 26, 89]],

[ 80, 35, 0,[ 9, 25, 71, 16]],

[ 25, 65, 1,[ 95, 80, 77]],

[ 93, 35, 0,[ 92, 3, 85]],

[ 17, 95, 1,[ 24, 34, 33]],

[ 16, 35, 1,[ 80, 42, 75]],

[ 42, 85, 1,[ 65, 91, 16, 18, 55]],

[ 62, 85, 0,[ 71, 33, 94]],

[ 76, 15, 0,[ 74, 99, 31]],

[ 69, 15, 0,[ 58, 81, 72, 51]],

[ 51, 15, 1,[ 36, 69, 4]],

[ 90, 55, 1,[ 65, 88, 20, 45]],

[ 0, 65, 0,[ 29, 11, 6]],

[ 95, 65, 1,[ 25, 28, 56, 37, 29]],

[ 94, 65, 1,[ 49, 28, 82, 62, 78]],

[ 72, 35, 0,[ 75, 69, 23]],

[ 49, 65, 0,[ 6, 4, 94]],

[ 46, 15, 0,[ 70, 56]],

[ 45, 45, 1,[ 82, 90, 84]],

[ 47, 15, 1,[ 99, 11, 3, 70, 77, 31]],

[ 83, 65, 0,[ 71, 48, 97]],

[ 26, 45, 0,[ 50, 30, 2]],

[ 39, 95, 1,[ 66, 38, 87]],

[ 88, 75, 0,[ 90, 5, 40, 13]],

[ 11, 65, 0,[ 21, 47, 48, 79, 0]],

[ 8, 45, 0,[ 9, 97, 41]],

[ 89, 55, 0,[ 50, 14]],

[ 91, 45, 0,[ 84, 42, 24]],

[ 15, 45, 0,[ 2, 19, 60, 74]],

[ 12, 65, 1,[ 35, 52, 22, 61]],

[ 7, 25, 1,[ 35, 9, 96]],

[ 10, 65, 1,[ 98, 61, 96]],

[ 73, 15, 1,[ 52, 96, 58]],

[ 43, 85, 1,[ 79, 97, 40]],

[ 97, 65, 1,[ 83, 43, 8, 44, 71]],

[ 29, 65, 1,[ 0, 84, 95, 86]],

[ 81, 45, 0,[ 55, 60, 41, 69]],

[ 9, 45, 0,[ 4, 80, 63, 8, 7]],

[ 86, 25, 1,[ 18, 20, 29]],

[ 5, 75, 1,[ 19, 50, 85, 88]],

[ 65, 75, 1,[ 90, 42, 78]],

[ 31, 15, 0,[ 63, 76, 47, 64]],

[ 4, 45, 0,[ 49, 51, 55, 9]],

[ 56, 15, 1,[ 46, 14, 95]],

[ 40, 85, 0,[ 79, 98, 43, 88]],

[ 54, 45, 0,[ 77, 30, 34]],

[ 33, 15, 1,[ 71, 17, 66, 62]],

[ 96, 65, 1,[ 73, 7, 10]],

[ 36, 45, 1,[ 79, 51, 63]],

[ 23, 5, 1,[ 72, 66, 28]],

[ 52, 15, 0,[ 12, 22, 73]],

[ 2, 5, 1,[ 85, 26, 15, 64]],

[ 64, 85, 1,[ 22, 31, 2]],

[ 34, 35, 1,[ 79, 17, 99, 54]],

[ 14, 55, 1,[ 89, 56, 18]],

[ 22, 35, 1,[ 12, 52, 64]],

[ 3, 35, 1,[ 93, 32, 47]],

[ 84, 45, 1,[ 45, 91, 29]],

[ 35, 45, 0,[ 7, 12, 53]],

[ 60, 45, 0,[ 81, 98, 15]],

[ 19, 45, 1,[ 24, 15, 38, 5]],

[ 85, 45, 1,[ 5, 2, 93]],

[ 92, 15, 0,[ 67, 93, 37, 27]],

[ 79, 85, 0,[ 11, 40, 34, 36, 43]],

[ 87, 45, 0,[ 53, 32, 39]],

[ 30, 25, 1,[ 26, 57, 38, 54]],

[ 1, 15, 0,[ 32, 37, 77]],

[ 48, 65, 0,[ 11, 27, 83]],

[ 18, 25, 0,[ 42, 86, 14]],

[ 63, 45, 0,[ 31, 9, 36]],

[ 58, 65, 1,[ 73, 20, 69]],

[ 67, 15, 1,[ 68, 32, 92]],

[ 75, 35, 0,[ 16, 59, 72]],

[ 57, 45, 0,[ 55, 44, 30]],

[ 28, 65, 1,[ 95, 23, 94]],

[ 98, 75, 1,[ 40, 10, 60, 68]],

[ 70, 15, 0,[ 27, 46, 47]],

[ 13, 65, 0,[ 27, 61, 88]],

[ 20, 65, 0,[ 78, 58, 86, 90]],

[ 82, 85, 1,[ 94, 21, 45]],

[ 71, 85, 1,[ 97, 62, 83, 80, 33]],

