[ 7, 45, 0,[ 79, 73, 13]],

[ 95, 5, 0,[ 82, 94, 98]],

[ 50, 85, 1,[ 61, 20, 42, 77, 85, 75]],

[ 41, 65, 1,[ 23, 74, 87, 19, 3]],

[ 81, 25, 0,[ 73, 88, 68]],

[ 91, 5, 1,[ 34, 36, 75, 28]],

[ 18, 65, 0,[ 31, 8, 23, 30]],

[ 84, 95, 1,[ 11, 55, 12]],

[ 45, 15, 0,[ 42, 21, 31]],

[ 99, 5, 0,[ 61, 78, 97, 93, 10]],

[ 88, 45, 1,[ 58, 26, 35, 81]],

[ 16, 35, 0,[ 85, 38, 86, 9]],

[ 61, 85, 0,[ 99, 50, 68]],

[ 62, 65, 1,[ 63, 25, 93, 49, 0]],

[ 21, 15, 0,[ 15, 45, 11]],

[ 30, 65, 0,[ 18, 46, 58]],

[ 38, 35, 1,[ 57, 10, 16, 24]],

[ 76, 35, 1,[ 27, 6, 66]],

[ 64, 15, 0,[ 14, 22, 44]],

[ 72, 15, 0,[ 59, 1, 65]],

[ 73, 85, 1,[ 81, 33, 7]],

[ 8, 85, 1,[ 6, 18, 68]],

[ 79, 45, 0,[ 78, 28, 7]],

[ 48, 45, 1,[ 31, 94, 90]],

[ 71, 55, 0,[ 43, 77, 9]],

[ 87, 45, 0,[ 51, 41, 4, 36]],

[ 40, 5, 1,[ 20, 86, 97]],

[ 12, 15, 1,[ 98, 36, 84]],

[ 0, 5, 0,[ 34, 26, 62]],

[ 77, 55, 1,[ 32, 71, 50, 44]],

[ 98, 95, 1,[ 60, 95, 15, 12]],

[ 32, 25, 0,[ 77, 70, 96]],

[ 58, 25, 1,[ 43, 88, 30]],

[ 57, 15, 0,[ 38, 19, 1]],

[ 70, 65, 0,[ 31, 32, 29]],

[ 85, 95, 0,[ 16, 50, 29]],

[ 28, 45, 0,[ 79, 74, 91]],

[ 66, 45, 0,[ 36, 76, 23]],

[ 83, 65, 1,[ 5, 39, 68]],

[ 4, 15, 0,[ 87, 78, 19]],

[ 89, 45, 1,[ 13, 2, 37]],

[ 13, 45, 0,[ 89, 69, 7, 96]],

[ 42, 75, 0,[ 46, 53, 45, 50]],

[ 67, 55, 1,[ 82, 65, 22]],

[ 93, 45, 1,[ 99, 62, 96]],

[ 37, 35, 0,[ 89, 9, 46, 52]],

[ 65, 15, 0,[ 14, 72, 67, 47]],

[ 25, 45, 0,[ 54, 52, 62]],

[ 49, 5, 0,[ 62, 60, 96]],

[ 82, 5, 1,[ 14, 67, 60, 80, 95]],

[ 24, 65, 1,[ 31, 44, 38]],

[ 17, 15, 1,[ 92, 56, 26]],

[ 92, 15, 0,[ 94, 11, 17]],

[ 47, 5, 0,[ 10, 65, 75]],

[ 96, 25, 1,[ 32, 35, 13, 29, 93, 55, 3, 49]],

[ 59, 95, 1,[ 2, 5, 72, 3]],

[ 27, 45, 0,[ 97, 74, 76, 6]],

[ 52, 35, 1,[ 25, 37, 90]],

[ 75, 5, 0,[ 50, 47, 91]],

[ 80, 95, 1,[ 34, 82, 68]],

[ 39, 15, 1,[ 63, 83, 26]],

[ 35, 5, 1,[ 46, 96, 88]],

[ 1, 15, 0,[ 72, 20, 57]],

[ 2, 45, 0,[ 89, 59, 54]],

[ 60, 5, 0,[ 82, 49, 98]],

[ 51, 45, 0,[ 87, 44, 54]],

[ 29, 95, 1,[ 85, 53, 96, 94, 70]],

[ 20, 15, 1,[ 50, 40, 1]],

[ 5, 15, 1,[ 59, 78, 83]],

[ 23, 65, 0,[ 41, 18, 66]],

[ 15, 75, 1,[ 21, 98, 22, 97]],

[ 74, 45, 1,[ 33, 27, 28, 41]],

[ 44, 75, 1,[ 77, 64, 24, 51]],

[ 97, 5, 1,[ 99, 40, 15, 27]],

[ 10, 5, 0,[ 99, 38, 47]],

[ 9, 35, 0,[ 71, 16, 37, 34]],

[ 11, 15, 0,[ 84, 92, 21]],

[ 22, 15, 1,[ 15, 64, 67]],

[ 14, 15, 0,[ 64, 82, 65]],

[ 31, 65, 0,[ 24, 48, 70, 18, 45]],

[ 78, 15, 0,[ 99, 5, 79, 4]],

[ 34, 5, 1,[ 9, 0, 80, 90, 91]],

[ 86, 75, 1,[ 16, 55, 40]],

[ 56, 45, 1,[ 43, 63, 17]],

[ 19, 15, 0,[ 57, 4, 41]],

[ 68, 25, 1,[ 80, 83, 61, 8, 81]],

[ 90, 25, 1,[ 48, 34, 52]],

[ 6, 15, 1,[ 94, 69, 27, 76, 8]],

[ 43, 45, 1,[ 56, 58, 71]],

[ 63, 45, 0,[ 62, 56, 39]],

[ 69, 75, 1,[ 53, 6, 13]],

[ 3, 95, 0,[ 59, 41, 96]],

[ 46, 75, 1,[ 35, 37, 30, 42]],

[ 33, 85, 0,[ 74, 73]],

[ 53, 75, 0,[ 42, 29, 69]],

[ 36, 45, 1,[ 12, 87, 91, 66]],

[ 94, 65, 1,[ 29, 6, 95, 48, 92]],

[ 54, 45, 0,[ 51, 25, 2]],

[ 26, 55, 1,[ 39, 88, 0, 17]],

[ 55, 45, 1,[ 86, 96, 84]],

