[ 71, 95, 0,[ 69, 8, 86]],

[ 88, 45, 0,[ 40, 76, 53]],

[ 85, 75, 1,[ 6, 60, 36]],

[ 68, 5, 0,[ 80, 51, 38]],

[ 22, 5, 0,[ 25]],

[ 65, 15, 1,[ 35, 82, 29, 55, 16, 21]],

[ 69, 35, 0,[ 60, 48, 71]],

[ 96, 15, 1,[ 1, 0, 50, 91]],

[ 27, 5, 0,[ 10, 84, 5, 48]],

[ 4, 65, 0,[ 82, 66, 19, 30]],

[ 34, 35, 0,[ 92, 45, 26, 20]],

[ 59, 5, 1,[ 46, 89, 67, 18, 49]],

[ 78, 35, 0,[ 50, 15, 43]],

[ 12, 15, 1,[ 23, 51, 39]],

[ 74, 25, 1,[ 2, 17, 26, 72]],

[ 15, 35, 0,[ 3, 79, 78, 13]],

[ 46, 85, 0,[ 73, 59, 82, 76]],

[ 95, 95, 1,[ 2, 40, 30, 56]],

[ 26, 35, 0,[ 74, 70, 20, 34]],

[ 60, 35, 0,[ 28, 85, 55, 69]],

[ 77, 65, 0,[ 18, 99]],

[ 3, 35, 1,[ 25, 15, 79, 62]],

[ 94, 5, 1,[ 72, 53, 51]],

[ 92, 5, 1,[ 47, 34, 44]],

[ 30, 65, 1,[ 95, 86, 39, 87, 4]],

[ 82, 65, 0,[ 46, 4, 65, 87]],

[ 55, 5, 1,[ 67, 60, 65]],

[ 79, 35, 0,[ 15, 3, 86]],

[ 53, 75, 1,[ 19, 94, 88]],

[ 10, 5, 0,[ 37, 97, 99, 27]],

[ 47, 5, 0,[ 92, 37, 62, 24, 43]],

[ 73, 85, 1,[ 93, 9, 46]],

[ 43, 5, 0,[ 78, 47, 58]],

[ 57, 35, 1,[ 61, 51, 44, 49]],

[ 2, 95, 0,[ 87, 74, 95]],

[ 32, 65, 1,[ 14, 24, 0]],

[ 21, 5, 1,[ 65, 29, 1]],

[ 49, 5, 1,[ 57, 16, 59]],

[ 25, 5, 1,[ 3, 44, 98, 22]],

[ 23, 5, 0,[ 13, 12, 36, 11]],

[ 35, 5, 0,[ 65, 39, 98]],

[ 45, 15, 0,[ 44, 50, 34, 91]],

[ 39, 5, 1,[ 35, 18, 12, 30]],

[ 98, 75, 1,[ 81, 48, 70, 25, 35, 31]],

[ 97, 65, 0,[ 8, 10, 29]],

[ 99, 65, 1,[ 10, 36, 1, 77, 93]],

[ 16, 95, 0,[ 6, 65, 49]],

[ 8, 65, 1,[ 54, 84, 31, 71, 91, 97]],

[ 24, 5, 0,[ 47, 32]],

[ 84, 5, 1,[ 27, 67, 80, 8]],

[ 37, 5, 0,[ 47, 10, 14]],

[ 1, 15, 0,[ 21, 96, 99]],

[ 0, 45, 1,[ 96, 31, 32, 33, 28, 41]],

[ 20, 35, 1,[ 34, 28, 63, 26]],

[ 14, 55, 1,[ 32, 52, 37, 62]],

[ 54, 65, 1,[ 19, 89, 8]],

[ 83, 65, 1,[ 64, 63, 72]],

[ 52, 55, 1,[ 72, 66, 33, 14, 19, 61]],

[ 80, 5, 0,[ 51, 68, 84]],

[ 51, 5, 1,[ 86, 57, 94, 12, 68, 80]],

[ 40, 45, 0,[ 95, 29, 88]],

[ 91, 15, 0,[ 96, 45, 8]],

[ 62, 55, 0,[ 3, 14, 47]],

[ 56, 5, 1,[ 95, 87, 11]],

[ 66, 15, 0,[ 52, 4, 18, 41]],

[ 11, 5, 0,[ 23, 38, 56]],

[ 28, 35, 1,[ 60, 20, 0]],

[ 29, 45, 0,[ 65, 40, 21, 81, 97]],

[ 41, 45, 0,[ 66, 0, 6]],

[ 61, 55, 0,[ 52, 57, 67]],

[ 93, 85, 0,[ 99, 75, 73]],

[ 13, 5, 0,[ 90, 23, 15, 5]],

[ 36, 5, 0,[ 85, 99, 23]],

[ 64, 25, 1,[ 75, 83, 89]],

[ 89, 5, 1,[ 54, 5, 59, 17, 64]],

[ 72, 5, 1,[ 52, 74, 94, 83, 42]],

[ 9, 55, 0,[ 73, 48]],

[ 58, 45, 0,[ 38, 18, 43]],

[ 86, 95, 1,[ 79, 30, 71, 51]],

[ 70, 75, 0,[ 98, 26]],

[ 81, 45, 1,[ 38, 98, 29]],

[ 90, 65, 1,[ 67, 75, 18, 13]],

[ 19, 5, 1,[ 4, 54, 53, 52]],

[ 50, 15, 1,[ 96, 42, 78, 45]],

[ 76, 85, 0,[ 46, 17, 88]],

[ 6, 95, 1,[ 16, 41, 85]],

[ 42, 5, 1,[ 87, 50, 72]],

[ 48, 55, 1,[ 98, 69, 27, 9]],

[ 31, 45, 0,[ 0, 8, 98]],

[ 38, 45, 1,[ 11, 81, 58, 68]],

[ 67, 5, 1,[ 59, 55, 84, 90, 61]],

[ 5, 5, 0,[ 27, 89, 13]],

[ 75, 5, 1,[ 90, 64, 93, 33]],

[ 33, 45, 0,[ 0, 52, 75]],

[ 44, 75, 1,[ 45, 25, 57, 92]],

[ 7, 5, 0,[]],

[ 18, 15, 1,[ 66, 63, 59, 58, 39, 90, 77]],

[ 87, 65, 1,[ 82, 56, 30, 2, 42]],

[ 63, 35, 0,[ 20, 83, 18]],

[ 17, 25, 0,[ 74, 89, 76]],

