[ 82, 55, 1,[ 11, 64]],

[ 63, 95, 0,[ 9, 12, 74]],

[ 78, 85, 0,[ 31, 42, 37]],

[ 13, 35, 1,[ 65, 79, 49, 73]],

[ 16, 45, 1,[ 55, 29, 60]],

[ 21, 25, 1,[ 47, 44, 17]],

[ 46, 85, 0,[ 95, 39, 17]],

[ 76, 5, 1,[ 73, 61, 37]],

[ 15, 15, 0,[ 42, 41, 54, 56]],

[ 75, 15, 0,[ 10, 32, 29]],

[ 64, 35, 1,[ 85, 82, 58]],

[ 47, 95, 0,[ 1, 21, 50]],

[ 26, 95, 0,[ 10, 97, 41]],

[ 61, 95, 0,[ 18, 76, 68, 56]],

[ 36, 5, 0,[ 37, 62, 9]],

[ 32, 15, 1,[ 75, 37, 66]],

[ 62, 85, 0,[ 33, 36, 81]],

[ 37, 75, 1,[ 78, 34, 36, 32, 42, 17, 76]],

[ 70, 85, 1,[ 34, 25, 23, 74]],

[ 79, 15, 1,[ 97, 96, 13]],

[ 39, 95, 0,[ 46, 10, 8]],

[ 48, 85, 1,[ 43, 60, 35]],

[ 19, 95, 1,[ 87, 30, 57, 27, 95, 55, 51, 65]],

[ 41, 15, 1,[ 26, 81, 15, 29, 2, 68]],

[ 56, 35, 1,[ 72, 20, 61, 15]],

[ 30, 95, 1,[ 23, 19, 90, 22]],

[ 43, 25, 1,[ 22, 77, 48]],

[ 1, 95, 0,[ 17, 84, 23, 47]],

[ 87, 35, 0,[ 53, 86, 19]],

[ 59, 95, 0,[ 24, 66, 0]],

[ 90, 25, 1,[ 98, 51, 83, 30]],

[ 53, 85, 0,[ 87, 6, 34, 92]],

[ 65, 95, 0,[ 80, 19, 13]],

[ 92, 85, 0,[ 14, 33, 53]],

[ 5, 25, 1,[ 89, 66, 97]],

[ 45, 55, 1,[ 71, 8]],

[ 20, 55, 1,[ 44, 56, 14]],

[ 73, 85, 0,[ 76, 96, 13]],

[ 17, 85, 1,[ 1, 72, 46, 21, 37]],

[ 14, 35, 0,[ 92, 67, 20]],

[ 77, 85, 0,[ 43, 93, 50]],

[ 0, 95, 0,[ 59, 84, 10]],

[ 68, 95, 1,[ 61, 41, 10]],

[ 11, 85, 0,[ 82, 67, 23]],

[ 80, 95, 0,[ 12, 65, 69]],

[ 60, 85, 0,[ 50, 16, 4, 48]],

[ 52, 95, 0,[ 85, 72, 74]],

[ 34, 75, 1,[ 53, 85, 18, 70, 37]],

[ 7, 85, 1,[ 28, 24, 66]],

[ 24, 95, 1,[ 88, 7, 59, 28]],

[ 69, 85, 0,[ 10, 3, 80, 31]],

[ 9, 5, 1,[ 27, 63, 36, 95]],

[ 8, 35, 0,[ 39, 71, 45]],

[ 74, 45, 1,[ 63, 52, 57, 89, 70, 51]],

[ 12, 75, 1,[ 80, 96, 81, 63, 55]],

[ 95, 15, 1,[ 46, 9, 19]],

[ 88, 95, 0,[ 93, 85, 24]],

[ 97, 95, 0,[ 79, 26, 5]],

[ 33, 65, 1,[ 94, 92, 4, 62]],

[ 49, 35, 0,[ 22, 10, 31, 13]],

[ 51, 45, 0,[ 19, 74, 90]],

[ 66, 35, 1,[ 5, 32, 59, 7, 6]],

[ 94, 25, 0,[ 67, 33, 55]],

[ 42, 85, 0,[ 15, 78, 86, 37]],

[ 6, 95, 1,[ 66, 28, 53]],

[ 93, 75, 1,[ 88, 77, 38, 58, 89, 91]],

[ 58, 85, 1,[ 64, 86, 93]],

[ 91, 85, 0,[ 27, 2, 93]],

[ 10, 5, 1,[ 69, 0, 75, 68, 26, 39, 49]],

[ 44, 95, 0,[ 20, 99, 21]],

[ 23, 65, 1,[ 70, 38, 30, 1, 11]],

[ 85, 95, 0,[ 34, 64, 52, 88]],

[ 22, 85, 1,[ 43, 30, 49]],

[ 98, 85, 0,[ 72, 35, 90]],

[ 29, 95, 1,[ 41, 75, 54, 16]],

[ 40, 75, 1,[ 71, 99, 4]],

[ 84, 95, 1,[ 0, 1, 71]],

[ 31, 45, 1,[ 69, 72, 49, 78]],

[ 4, 85, 0,[ 40, 60, 33]],

[ 71, 85, 0,[ 45, 84, 40, 8]],

[ 83, 95, 0,[ 90, 50, 89]],

[ 35, 85, 1,[ 25, 48, 98, 50]],

[ 81, 85, 0,[ 62, 12, 41]],

[ 67, 5, 1,[ 14, 94, 11]],

[ 3, 85, 1,[ 54, 69, 25]],

[ 54, 45, 1,[ 15, 29, 3]],

[ 2, 85, 0,[ 91, 57, 41]],

[ 99, 95, 0,[ 57, 40, 44]],

[ 57, 85, 0,[ 74, 2, 99, 38, 19]],

[ 18, 95, 0,[ 34, 61, 50]],

[ 72, 35, 1,[ 98, 52, 56, 31, 17]],

[ 50, 95, 1,[ 77, 83, 60, 18, 35, 47]],

[ 28, 85, 1,[ 6, 7, 24]],

[ 55, 25, 0,[ 19, 16, 94, 12]],

[ 27, 85, 0,[ 9, 91, 19]],

[ 89, 85, 0,[ 83, 74, 93, 5]],

[ 25, 15, 1,[ 35, 70, 3]],

[ 38, 85, 0,[ 57, 23, 93]],

[ 86, 35, 1,[ 42, 58, 87]],

[ 96, 85, 0,[ 73, 12, 79]],

