[ 61, 55, 0,[ 13, 39, 29]],

[ 6, 55, 0,[ 92, 51, 93]],

[ 14, 45, 0,[ 46, 20, 99, 4]],

[ 66, 95, 0,[ 18, 17, 89]],

[ 76, 35, 1,[ 58, 56, 15, 97]],

[ 29, 55, 0,[ 50, 61, 45]],

[ 25, 75, 0,[ 21, 73, 81]],

[ 75, 45, 1,[ 89, 99, 30]],

[ 95, 75, 0,[ 22, 7]],

[ 24, 55, 0,[ 8, 93, 42, 4]],

[ 71, 95, 0,[ 53, 26, 94, 92]],

[ 53, 95, 0,[ 99, 51, 71]],

[ 87, 45, 0,[ 90, 74, 38, 99]],

[ 64, 75, 0,[ 16, 96]],

[ 56, 55, 1,[ 70, 67, 76]],

[ 10, 45, 0,[ 20]],

[ 44, 55, 1,[ 93, 97, 34]],

[ 85, 95, 1,[ 3, 55, 77]],

[ 60, 95, 0,[ 47, 16, 67, 2]],

[ 38, 35, 0,[ 50, 87, 63, 91, 49]],

[ 48, 65, 0,[ 78, 19, 84]],

[ 34, 5, 1,[ 44, 20, 99, 40]],

[ 86, 25, 1,[ 32, 99, 70]],

[ 91, 35, 0,[ 37, 5, 38]],

[ 94, 75, 1,[ 71, 33, 83]],

[ 19, 25, 1,[ 78, 48, 51, 21, 88]],

[ 42, 55, 1,[ 62, 24, 99, 81, 31]],

[ 37, 25, 1,[ 1, 36, 91]],

[ 3, 95, 1,[ 85, 72, 32, 77]],

[ 9, 45, 0,[ 17, 23, 0]],

[ 0, 45, 0,[ 49, 9, 26]],

[ 57, 95, 0,[ 27, 18, 79]],

[ 23, 5, 1,[ 35, 72, 12, 9]],

[ 58, 65, 1,[ 43, 82, 98, 76, 5, 90]],

[ 84, 55, 0,[ 63, 36, 8, 48]],

[ 63, 55, 1,[ 38, 36, 84]],

[ 72, 95, 0,[ 3, 7, 23]],

[ 33, 55, 0,[ 94, 79, 50]],

[ 5, 35, 1,[ 91, 58, 30]],

[ 59, 15, 1,[ 80, 35, 28]],

[ 8, 55, 0,[ 84, 70, 24]],

[ 21, 95, 1,[ 19, 80, 25, 46]],

[ 93, 55, 0,[ 44, 24, 45, 82, 6]],

[ 46, 45, 0,[ 16, 14, 21]],

[ 30, 35, 0,[ 22, 75, 5]],

[ 90, 45, 1,[ 77, 58, 87]],

[ 1, 85, 1,[ 83, 37, 79]],

[ 92, 95, 1,[ 71, 39, 6]],

[ 98, 55, 0,[ 58, 77, 49, 40]],

[ 62, 95, 1,[ 42, 78, 13, 4, 97]],

[ 83, 45, 1,[ 16, 1, 94]],

[ 80, 95, 0,[ 21, 59, 96]],

[ 7, 75, 1,[ 72, 95, 68]],

[ 70, 35, 1,[ 8, 86, 52, 56]],

[ 16, 75, 1,[ 46, 64, 60, 83, 81]],

[ 45, 55, 0,[ 29, 93, 49]],

[ 69, 85, 0,[ 51, 11, 17]],

[ 39, 55, 1,[ 15, 92, 54, 61]],

[ 40, 45, 1,[ 98, 2, 34]],

[ 35, 45, 1,[ 59, 27, 23, 67]],

[ 4, 45, 1,[ 62, 24, 14]],

[ 41, 15, 0,[ 65, 55, 74]],

[ 79, 55, 1,[ 57, 1, 96, 33]],

[ 81, 75, 0,[ 16, 42, 25]],

[ 27, 75, 1,[ 88, 35, 54, 57]],

[ 88, 75, 0,[ 47, 27, 19]],

[ 65, 95, 1,[ 41, 18, 22]],

[ 49, 35, 1,[ 98, 0, 38, 45, 89]],

[ 12, 35, 1,[ 23, 77, 28]],

[ 18, 95, 0,[ 65, 66, 57]],

[ 36, 65, 1,[ 37, 84, 63]],

[ 68, 75, 0,[ 73, 7, 11]],

[ 22, 35, 0,[ 65, 30, 95]],

[ 73, 75, 0,[ 25, 68, 28]],

[ 99, 95, 1,[ 42, 14, 75, 86, 87, 34, 43, 53]],

[ 50, 55, 0,[ 33, 38, 29]],

[ 96, 75, 0,[ 80, 11, 64, 79]],

[ 77, 55, 1,[ 3, 52, 98, 90, 43, 85, 12]],

[ 54, 55, 0,[ 39, 26, 27]],

[ 31, 65, 0,[ 2, 42, 89]],

[ 52, 35, 0,[ 47, 77, 70]],

[ 51, 55, 0,[ 19, 6, 53, 69]],

[ 28, 35, 0,[ 59, 12, 73]],

[ 97, 95, 1,[ 76, 62, 44]],

[ 89, 95, 1,[ 66, 31, 49, 11, 75, 74]],

[ 15, 25, 0,[ 32, 39, 76]],

[ 74, 75, 1,[ 89, 41, 87]],

[ 67, 95, 0,[ 56, 35, 60]],

[ 32, 25, 0,[ 3, 15, 86]],

[ 47, 95, 1,[ 52, 88, 60]],

[ 11, 85, 1,[ 89, 96, 68, 69]],

[ 43, 65, 0,[ 99, 58, 77]],

[ 20, 45, 1,[ 34, 10, 14]],

[ 55, 15, 1,[ 85, 41, 2]],

[ 82, 55, 0,[ 93, 58]],

[ 2, 65, 1,[ 40, 31, 55, 60]],

[ 26, 85, 1,[ 54, 71, 0, 13]],

[ 78, 65, 1,[ 62, 19, 48]],

[ 13, 65, 1,[ 62, 61, 26]],

[ 17, 45, 1,[ 69, 9, 66]],

