[ 47, 55, 0,[ 86, 35, 45]],

[ 68, 55, 0,[ 18, 35, 95, 43, 8]],

[ 52, 55, 0,[ 24, 50, 58]],

[ 86, 85, 1,[ 4, 73, 10, 88, 95, 99, 26, 32, 30, 47, 48, 76, 46]],

[ 27, 55, 0,[ 85, 58, 60, 48]],

[ 3, 55, 0,[ 21, 29, 82]],

[ 34, 55, 0,[ 13, 2, 33, 69]],

[ 46, 55, 0,[ 86, 18, 65]],

[ 77, 55, 0,[ 54, 48, 43]],

[ 45, 55, 0,[ 14, 71, 96, 18, 47]],

[ 4, 55, 0,[ 84, 86, 16]],

[ 40, 55, 0,[ 16, 48, 7]],

[ 83, 55, 0,[ 81, 63, 79]],

[ 14, 55, 0,[ 45, 79, 89]],

[ 82, 55, 0,[ 3, 48, 36]],

[ 87, 55, 0,[ 49, 59, 48]],

[ 31, 55, 0,[ 19, 66, 32, 18, 35]],

[ 48, 45, 1,[ 53, 20, 86, 87, 36, 73, 98, 17, 62, 27, 94, 64, 82, 99, 12, 40, 77]],

[ 94, 55, 0,[ 5, 48, 6]],

[ 79, 15, 1,[ 99, 95, 65, 49, 66, 81, 33, 61, 63, 17, 78, 83, 14]],

[ 56, 55, 0,[ 70, 90, 1]],

[ 1, 55, 0,[ 56, 18, 2]],

[ 15, 5, 1,[ 6, 74, 89, 59, 91, 64, 97]],

[ 70, 55, 0,[ 50, 56, 71, 5]],

[ 81, 55, 0,[ 79, 69, 83, 38]],

[ 37, 55, 0,[ 43, 2, 57, 7, 51]],

[ 58, 55, 1,[ 27, 96, 44, 73, 52]],

[ 9, 55, 0,[ 73, 43, 7]],

[ 13, 55, 0,[ 90, 36, 34, 11, 7]],

[ 61, 55, 0,[ 79, 50]],

[ 64, 55, 0,[ 15, 48, 69]],

[ 29, 55, 0,[ 3, 54, 72]],

[ 32, 55, 0,[ 86, 30, 31]],

[ 35, 75, 1,[ 68, 67, 91, 31, 53, 17, 47, 12]],

[ 20, 55, 0,[ 73, 19, 48]],

[ 55, 55, 0,[ 69, 44, 39]],

[ 38, 55, 0,[ 60, 92, 81, 71]],

[ 97, 55, 0,[ 92, 15, 10]],

[ 72, 55, 0,[ 29, 76, 23]],

[ 23, 55, 0,[ 92, 76, 96, 72]],

[ 73, 65, 1,[ 48, 9, 44, 93, 25, 80, 58, 86, 11, 62, 22, 67, 20, 28, 43, 84]],

[ 60, 55, 0,[ 27, 18, 38]],

[ 84, 55, 0,[ 4, 8, 73]],

[ 54, 55, 0,[ 53, 29, 77]],

[ 90, 55, 0,[ 57, 56, 13]],

[ 66, 55, 0,[ 10, 31, 79]],

[ 41, 55, 0,[ 59, 85, 18, 51]],

[ 74, 55, 0,[ 91, 80, 26, 57, 15]],

[ 43, 85, 1,[ 68, 73, 37, 50, 9, 77]],

[ 42, 55, 0,[ 88, 59, 76]],

[ 67, 55, 0,[ 65, 73, 35]],

[ 76, 55, 0,[ 23, 86, 72, 75, 42]],

[ 5, 55, 0,[ 10, 19, 2, 94, 70]],

[ 36, 55, 0,[ 13, 48, 82]],

[ 57, 55, 0,[ 90, 74, 37]],

[ 59, 55, 0,[ 15, 42, 87, 41]],

[ 26, 55, 0,[ 86, 28, 74]],

[ 50, 55, 0,[ 70, 33, 61, 43, 52]],

[ 16, 55, 0,[ 4, 18, 40, 21]],

[ 89, 55, 0,[ 14, 15, 24]],

[ 71, 55, 0,[ 70, 38, 45]],

[ 98, 55, 0,[ 88, 48, 0]],

[ 19, 55, 0,[ 20, 5, 31]],

[ 85, 55, 0,[ 63, 41, 27]],

[ 92, 55, 0,[ 38, 23, 18, 97]],

[ 39, 55, 0,[ 0, 55, 88]],

[ 17, 55, 0,[ 79, 48, 35]],

[ 53, 55, 0,[ 35, 54, 48, 93]],

[ 93, 55, 0,[ 25, 73, 53]],

[ 21, 55, 0,[ 3, 22, 16]],

[ 2, 55, 0,[ 25, 34, 5, 37, 1]],

[ 51, 55, 0,[ 69, 78, 41, 37]],

[ 91, 55, 0,[ 35, 74, 15]],

[ 11, 55, 0,[ 13, 24, 73, 62]],

[ 96, 55, 0,[ 58, 12, 8, 45, 23]],

[ 30, 55, 0,[ 28, 32, 86]],

[ 44, 55, 0,[ 58, 75, 73, 55]],

[ 63, 55, 0,[ 85, 83, 79]],

[ 18, 75, 1,[ 46, 60, 1, 45, 16, 68, 41, 31, 92, 0]],

[ 10, 55, 0,[ 66, 5, 86, 97]],

[ 22, 55, 0,[ 21, 73, 65]],

[ 95, 55, 0,[ 79, 86, 68]],

[ 65, 55, 0,[ 22, 46, 67, 79]],

[ 75, 55, 0,[ 76, 44, 7]],

[ 25, 55, 0,[ 73, 93, 6, 2]],

[ 62, 55, 0,[ 11, 48, 73]],

[ 7, 55, 0,[ 40, 37, 9, 13, 75]],

[ 6, 55, 0,[ 94, 15, 25]],

[ 28, 55, 0,[ 26, 49, 30, 73]],

[ 33, 55, 0,[ 80, 79, 34, 50]],

[ 99, 55, 0,[ 79, 48, 86]],

[ 24, 55, 0,[ 89, 11, 52]],

[ 49, 55, 0,[ 87, 79, 28]],

[ 12, 55, 0,[ 96, 35, 48]],

[ 78, 55, 0,[ 51, 79]],

[ 8, 55, 0,[ 69, 68, 84, 96]],

[ 0, 55, 0,[ 98, 39, 18]],

[ 88, 55, 0,[ 42, 86, 98, 39]],

[ 69, 75, 1,[ 81, 64, 8, 55, 34, 51]],

[ 80, 55, 0,[ 74, 73, 33]],

