[ 5, 75, 0,[ 62, 12, 42]],

[ 91, 5, 0,[ 94, 78, 93, 30]],

[ 23, 65, 0,[ 7, 29, 20]],

[ 42, 15, 0,[ 49, 5, 7]],

[ 39, 65, 0,[ 29, 35, 36, 96]],

[ 81, 75, 0,[ 31, 56, 97]],

[ 76, 5, 0,[ 18, 52, 31, 79, 71, 25]],

[ 45, 45, 0,[ 10, 94, 82]],

[ 41, 45, 1,[ 40, 70, 4, 62, 3, 11]],

[ 61, 5, 0,[ 27, 79, 3]],

[ 93, 5, 0,[ 73, 91, 31, 69, 20]],

[ 59, 5, 0,[ 32, 1]],

[ 3, 5, 0,[ 61, 41, 29]],

[ 14, 5, 0,[ 26, 1, 31]],

[ 38, 5, 0,[ 64, 73, 31]],

[ 25, 65, 0,[ 95, 44, 76]],

[ 8, 75, 1,[ 46, 56, 1, 90]],

[ 34, 65, 0,[ 80, 30, 66]],

[ 20, 5, 0,[ 93, 21, 23, 15]],

[ 9, 65, 0,[ 92, 16, 83, 82]],

[ 31, 5, 1,[ 78, 65, 27, 85, 15, 73, 92, 14, 55, 58, 84, 79, 22, 21, 33, 76, 38, 81, 64, 87, 93]],

[ 27, 5, 0,[ 24, 61, 31, 67]],

[ 86, 5, 0,[ 69, 66, 65, 13, 70, 89]],

[ 74, 65, 0,[ 65, 12, 84, 30, 54, 37]],

[ 96, 75, 1,[ 39, 62, 0, 22, 95]],

[ 57, 5, 0,[ 43]],

[ 85, 5, 0,[ 90, 98, 94, 66, 31]],

[ 71, 5, 0,[ 54, 69, 76]],

[ 99, 15, 0,[ 94, 7, 82]],

[ 73, 5, 0,[ 31, 17, 93, 38, 77]],

[ 68, 5, 0,[ 83, 18, 7, 11]],

[ 32, 5, 0,[ 6, 49, 59, 7]],

[ 49, 5, 0,[ 82, 32, 42, 55, 48]],

[ 87, 5, 0,[ 31, 1, 58]],

[ 46, 75, 0,[ 94, 8, 7]],

[ 90, 5, 0,[ 85, 8, 43]],

[ 67, 5, 0,[ 27, 94, 12]],

[ 95, 65, 0,[ 96, 25, 22, 82]],

[ 54, 65, 0,[ 71, 74, 82, 56]],

[ 92, 65, 0,[ 9, 31]],

[ 36, 65, 0,[ 39]],

[ 21, 5, 0,[ 31, 77, 0, 20]],

[ 55, 5, 0,[ 31, 28, 49]],

[ 84, 5, 0,[ 74, 43, 31]],

[ 51, 65, 0,[ 69, 66, 80]],

[ 28, 5, 0,[ 60, 55, 79, 66]],

[ 97, 65, 0,[ 81, 82, 80]],

[ 6, 15, 0,[ 7, 94, 32]],

[ 7, 15, 1,[ 75, 43, 69, 72, 26, 80, 99, 46, 16, 6, 4, 35, 23, 68, 44, 42, 32]],

[ 43, 5, 0,[ 7, 57, 94, 4, 50, 84, 90, 48]],

[ 33, 5, 0,[ 88, 18, 31, 70]],

[ 56, 75, 0,[ 81, 54, 8]],

[ 24, 5, 0,[ 27]],

[ 66, 65, 1,[ 63, 15, 86, 85, 64, 34, 51, 83, 28, 35, 0, 98]],

[ 94, 45, 1,[ 67, 52, 46, 43, 91, 6, 45, 85, 99, 72]],

[ 12, 75, 0,[ 67, 10, 5, 60, 74]],

[ 70, 5, 0,[ 41, 86, 33]],

[ 40, 5, 0,[ 41, 58, 50]],

[ 53, 75, 0,[]],

[ 0, 65, 0,[ 96, 21, 66]],

[ 13, 75, 0,[ 86, 62, 98]],

[ 16, 65, 0,[ 79, 7, 9]],

[ 88, 5, 0,[ 69, 33, 48]],

[ 47, 5, 0,[ 69]],

[ 58, 5, 0,[ 87, 40, 31, 82]],

[ 63, 65, 0,[ 75, 52, 66]],

[ 82, 65, 1,[ 77, 49, 89, 29, 95, 50, 44, 99, 45, 54, 9, 17, 37, 97, 58]],

[ 69, 5, 0,[ 86, 93, 47, 51, 71, 7, 88]],

[ 18, 5, 0,[ 76, 33, 68]],

[ 62, 75, 1,[ 41, 96, 5, 13, 2]],

[ 22, 75, 0,[ 31, 96, 95]],

[ 50, 5, 0,[ 40, 43, 82]],

[ 80, 65, 0,[ 51, 97, 7, 34, 75]],

[ 17, 5, 0,[ 73, 26, 82]],

[ 83, 65, 0,[ 66, 9, 68]],

[ 29, 65, 0,[ 82, 3, 39, 23]],

[ 4, 45, 0,[ 43, 7, 41]],

[ 75, 65, 0,[ 80, 63, 7]],

[ 98, 75, 0,[ 66, 85, 10, 13]],

[ 44, 65, 0,[ 82, 7, 25]],

[ 89, 5, 0,[ 26, 82, 86]],

[ 11, 5, 0,[ 41, 68, 26]],

[ 64, 5, 0,[ 66, 38, 31]],

[ 79, 5, 0,[ 61, 28, 16, 76, 31]],

[ 72, 45, 0,[ 60, 7, 94]],

[ 19, 75, 0,[]],

[ 10, 75, 1,[ 98, 12, 45]],

[ 35, 65, 0,[ 66, 39, 7, 2]],

[ 52, 65, 0,[ 94, 76, 63]],

[ 77, 5, 0,[ 21, 73, 82]],

[ 78, 5, 0,[ 31, 91]],

[ 26, 5, 0,[ 14, 11, 7, 17, 89]],

[ 60, 45, 0,[ 28, 12, 72]],

[ 15, 5, 0,[ 66, 20, 31]],

[ 1, 5, 0,[ 59, 87, 14, 8]],

[ 2, 65, 0,[ 35, 62, 37]],

[ 65, 5, 0,[ 31, 74, 86]],

[ 30, 65, 0,[ 91, 74, 34]],

[ 37, 65, 0,[ 74, 2, 82]],

[ 48, 5, 0,[ 49, 88, 43]],

