[ 55, 65, 0,[ 31, 97, 81]],

[ 97, 45, 0,[ 55, 44, 49]],

[ 67, 65, 0,[ 96, 61, 41]],

[ 53, 15, 0,[ 80, 74, 56]],

[ 40, 65, 0,[ 48, 78, 9]],

[ 77, 35, 0,[ 45, 43, 12]],

[ 9, 15, 0,[ 34, 17, 44, 84, 40]],

[ 48, 65, 0,[ 31, 13, 40, 54]],

[ 75, 15, 0,[ 12, 74, 45]],

[ 20, 45, 0,[ 89, 92, 49]],

[ 73, 65, 0,[ 81, 39, 17]],

[ 69, 95, 0,[ 66, 74, 45]],

[ 17, 15, 0,[ 2, 9, 73]],

[ 80, 15, 0,[ 54, 2, 53]],

[ 33, 65, 0,[ 0, 70, 54, 45]],

[ 50, 55, 0,[ 76, 82, 96]],

[ 99, 15, 0,[ 84, 6, 98, 54]],

[ 68, 65, 0,[ 30, 12, 57]],

[ 34, 15, 0,[ 9, 62, 93]],

[ 58, 65, 0,[ 28, 24, 74]],

[ 93, 15, 0,[ 34, 76, 6]],

[ 0, 65, 0,[ 39, 74, 61, 33]],

[ 92, 45, 1,[ 72, 57, 20, 87, 6, 63]],

[ 41, 65, 0,[ 96, 67, 65, 54]],

[ 66, 65, 0,[ 4, 51, 69, 54]],

[ 12, 65, 1,[ 77, 90, 75, 86, 16, 26, 42, 31, 78, 68, 56, 46]],

[ 62, 15, 0,[ 34, 2, 85]],

[ 30, 65, 0,[ 1, 65, 64, 83, 76, 68]],

[ 21, 65, 0,[ 4, 45, 57, 42]],

[ 71, 55, 0,[ 8, 76, 86, 83]],

[ 45, 15, 1,[ 91, 77, 2, 46, 16, 38, 21, 83, 44, 10, 25, 39, 49, 33, 69, 75]],

[ 59, 55, 0,[ 54, 76, 37, 8]],

[ 86, 45, 0,[ 12, 87, 10, 71, 96]],

[ 28, 65, 0,[ 36, 6, 58]],

[ 24, 65, 0,[ 79, 47, 58]],

[ 81, 65, 0,[ 14, 73, 55]],

[ 56, 65, 0,[ 53, 12, 11]],

[ 23, 65, 0,[]],

[ 16, 5, 0,[ 6, 12, 45]],

[ 90, 45, 0,[ 12, 89]],

[ 18, 35, 0,[ 63, 54, 78, 6]],

[ 38, 95, 0,[ 45, 14, 74]],

[ 44, 15, 0,[ 76, 97, 9, 45]],

[ 10, 45, 1,[ 86, 46, 4, 45]],

[ 32, 35, 0,[ 54, 94, 11]],

[ 8, 55, 0,[ 1, 59, 71]],

[ 5, 55, 0,[ 85, 91, 76]],

[ 11, 65, 0,[ 56, 32, 76, 65, 7]],

[ 85, 15, 0,[ 96, 5, 62]],

[ 60, 55, 0,[ 76, 82, 51]],

[ 61, 65, 0,[ 67, 0, 39]],

[ 96, 5, 1,[ 50, 41, 67, 47, 22, 86, 89, 85]],

[ 26, 45, 0,[ 12, 83, 39]],

[ 72, 95, 0,[ 92, 35, 74, 15]],

[ 51, 65, 0,[ 66, 91, 60, 35]],

[ 43, 35, 0,[ 54, 52, 77]],

[ 27, 65, 0,[]],

[ 19, 55, 0,[ 82, 36]],

[ 22, 65, 0,[ 54, 1, 14, 36, 96]],

[ 31, 65, 0,[ 88, 12, 48, 84, 55]],

[ 87, 45, 0,[ 92, 49, 86]],

[ 49, 45, 0,[ 45, 87, 97, 20]],

[ 64, 55, 0,[ 30, 37]],

[ 29, 55, 0,[ 3, 39, 70]],

[ 2, 15, 0,[ 17, 80, 62, 95, 45]],

[ 83, 45, 0,[ 45, 6, 71, 26, 30]],

[ 25, 55, 0,[ 45, 98, 3]],

[ 63, 45, 0,[ 92, 18]],

[ 7, 65, 0,[ 47, 11]],

[ 54, 35, 1,[ 59, 18, 80, 66, 48, 33, 43, 99, 35, 32, 22, 41]],

[ 36, 65, 0,[ 22, 28, 19]],

[ 78, 65, 0,[ 70, 40, 18, 12]],

[ 13, 65, 0,[ 48, 88, 6, 79]],

[ 57, 65, 0,[ 92, 68, 21]],

[ 37, 55, 0,[ 59, 64, 76]],

[ 98, 55, 0,[ 25, 99, 76]],

[ 74, 95, 1,[ 15, 72, 6, 75, 89, 38, 69, 0, 58, 53]],

[ 39, 45, 1,[ 0, 29, 6, 45, 73, 61, 26]],

[ 91, 65, 0,[ 42, 5, 45, 51]],

[ 95, 15, 0,[ 2]],

[ 6, 5, 1,[ 52, 92, 13, 94, 39, 74, 16, 83, 93, 18, 28, 99, 15, 79]],

[ 52, 55, 0,[ 76, 43, 6]],

[ 88, 65, 0,[ 76, 31, 13]],

[ 14, 65, 0,[ 81, 76, 38, 22]],

[ 89, 45, 0,[ 96, 90, 74, 20]],

[ 94, 55, 0,[ 32, 6, 76]],

[ 15, 95, 0,[ 6, 74, 72]],

[ 65, 65, 0,[ 11, 41, 30]],

[ 1, 65, 0,[ 30, 8, 22]],

[ 47, 65, 0,[ 96, 24, 7]],

[ 84, 15, 0,[ 9, 99, 31]],

[ 76, 55, 1,[ 88, 14, 60, 50, 52, 3, 59, 94, 71, 11, 30, 98, 37, 5, 44, 93]],

[ 70, 65, 0,[ 78, 33, 29]],

[ 42, 65, 0,[ 91, 21, 12]],

[ 79, 65, 0,[ 6, 13, 24]],

[ 82, 55, 0,[ 19, 50, 60, 3]],

[ 3, 55, 0,[ 25, 29, 82, 76]],

[ 46, 15, 0,[ 12, 10, 45]],

[ 35, 35, 0,[ 51, 54, 72]],

[ 4, 65, 0,[ 66, 21, 10]],

