[ 52, 75, 1,[ 67, 15, 24, 93]],

[ 97, 65, 1,[ 38, 30, 36]],

[ 58, 45, 0,[ 50, 49, 36, 55]],

[ 82, 45, 0,[ 15, 31, 84]],

[ 45, 15, 0,[ 30, 5, 32]],

[ 56, 45, 0,[ 6, 50, 34]],

[ 96, 85, 0,[ 23, 62, 7, 22]],

[ 28, 45, 0,[ 73, 39, 13]],

[ 73, 5, 1,[ 95, 92, 61, 28]],

[ 71, 45, 0,[ 84, 36, 90]],

[ 35, 45, 0,[ 19, 36, 40]],

[ 87, 75, 0,[ 75, 65, 62, 61]],

[ 30, 65, 1,[ 98, 44, 97, 45, 85, 8]],

[ 90, 65, 1,[ 2, 71]],

[ 67, 35, 0,[ 66, 22, 52]],

[ 10, 45, 0,[ 34, 36, 94]],

[ 60, 75, 1,[ 27, 20, 53]],

[ 95, 35, 1,[ 37, 73, 46, 65]],

[ 40, 15, 1,[ 35, 14, 5, 77]],

[ 39, 45, 1,[ 80, 68, 72, 59, 28]],

[ 49, 35, 0,[ 58, 3, 32]],

[ 70, 75, 0,[ 53, 33, 2, 46, 65]],

[ 7, 85, 0,[ 69, 57, 96, 8]],

[ 72, 45, 0,[ 39, 74, 89]],

[ 15, 55, 1,[ 18, 52, 82]],

[ 22, 85, 1,[ 8, 96, 67]],

[ 69, 15, 1,[ 7, 0, 2]],

[ 2, 65, 0,[ 70, 69, 90, 26]],

[ 17, 15, 0,[ 47, 41, 86]],

[ 89, 5, 1,[ 51, 76, 72]],

[ 66, 35, 1,[ 48, 59, 67]],

[ 29, 45, 1,[ 77, 33, 48]],

[ 78, 45, 1,[ 79, 18, 13, 16]],

[ 41, 15, 1,[ 93, 88, 76, 17, 20]],

[ 84, 45, 0,[ 82, 37, 71]],

[ 8, 85, 0,[ 7, 22, 30]],

[ 61, 5, 0,[ 87, 36, 73]],

[ 3, 35, 1,[ 36, 59, 49, 38]],

[ 46, 5, 1,[ 70, 95, 88, 81, 68]],

[ 75, 65, 1,[ 99, 20, 54, 87]],

[ 43, 95, 1,[ 51, 4, 13, 1]],

[ 91, 55, 0,[ 63, 20, 4]],

[ 5, 15, 0,[ 57, 40, 45, 21]],

[ 24, 75, 0,[ 64, 52, 85]],

[ 63, 15, 1,[ 91, 51, 81, 6]],

[ 47, 15, 0,[ 76, 12, 17]],

[ 33, 85, 0,[ 29, 70, 51]],

[ 86, 65, 1,[ 79, 9, 80, 17]],

[ 12, 35, 1,[ 27, 47]],

[ 80, 45, 1,[ 39, 31, 86]],

[ 99, 45, 1,[ 92, 59, 75, 65]],

[ 0, 75, 1,[ 18, 69, 34, 44]],

[ 23, 85, 0,[ 42, 64, 96]],

[ 77, 45, 0,[ 29, 40]],

[ 54, 45, 1,[ 57, 75, 81, 83]],

[ 18, 55, 0,[ 98, 0, 20, 78, 15]],

[ 19, 55, 1,[ 9, 35, 68]],

[ 13, 45, 0,[ 43, 78, 28]],

[ 68, 55, 0,[ 46, 39, 19]],

[ 57, 25, 1,[ 5, 54, 7]],

[ 79, 95, 1,[ 85, 86, 78]],

[ 9, 15, 1,[ 19, 86, 53]],

[ 94, 55, 1,[ 14, 10, 59, 62]],

[ 55, 45, 0,[ 58, 6, 85]],

[ 21, 15, 0,[ 5, 98, 42]],

[ 83, 85, 1,[ 54, 44]],

[ 16, 85, 0,[ 26, 32, 78]],

[ 81, 5, 0,[ 63, 54, 46]],

[ 36, 45, 0,[ 97, 58, 3, 71, 61, 10, 35]],

[ 26, 85, 1,[ 20, 25, 2, 16]],

[ 76, 15, 0,[ 11, 89, 41, 47, 88]],

[ 48, 75, 1,[ 29, 11, 66]],

[ 88, 15, 0,[ 41, 46, 76]],

[ 93, 45, 1,[ 52, 41]],

[ 27, 15, 0,[ 14, 12, 60]],

[ 64, 75, 0,[ 34, 23, 24]],

[ 34, 45, 0,[ 56, 10, 0, 64]],

[ 92, 65, 1,[ 99, 73, 31]],

[ 42, 85, 0,[ 21, 23, 44]],

[ 11, 15, 0,[ 76, 48, 25]],

[ 32, 15, 1,[ 16, 49, 45]],

[ 37, 45, 0,[ 95, 84]],

[ 51, 85, 1,[ 89, 33, 63, 43]],

[ 50, 45, 0,[ 38, 25, 58, 56]],

[ 25, 55, 1,[ 50, 26, 11]],

[ 74, 45, 0,[ 31, 72]],

[ 98, 95, 1,[ 18, 21, 30]],

[ 4, 95, 0,[ 1, 91, 43]],

[ 1, 35, 1,[ 4, 43, 85]],

[ 44, 85, 0,[ 42, 83, 30, 0]],

[ 65, 25, 1,[ 99, 87, 95, 70]],

[ 85, 95, 1,[ 30, 79, 55, 1, 24]],

[ 20, 55, 0,[ 75, 91, 26, 60, 18, 41]],

[ 14, 15, 1,[ 27, 40, 94]],

[ 53, 75, 0,[ 60, 9, 70]],

[ 6, 45, 1,[ 55, 56, 63]],

[ 62, 75, 1,[ 96, 94, 87]],

[ 38, 65, 1,[ 97, 50, 3]],

[ 59, 15, 1,[ 66, 94, 39, 3, 99]],

[ 31, 45, 0,[ 92, 74, 80, 82]],

