[ 72, 35, 0,[ 96, 94, 71, 70]],

[ 24, 35, 0,[ 7, 35, 85, 3, 45]],

[ 71, 35, 0,[ 70, 73, 62, 72]],

[ 69, 35, 0,[ 9, 39, 98]],

[ 96, 35, 0,[ 41, 88, 72, 3]],

[ 90, 35, 0,[ 64, 88, 21]],

[ 63, 35, 0,[ 49, 59, 55]],

[ 80, 85, 1,[ 37, 12, 86, 0, 79, 43, 67, 29, 32]],

[ 0, 35, 0,[ 80, 21, 52]],

[ 34, 35, 0,[ 66, 91, 67]],

[ 29, 35, 0,[ 36, 31, 80]],

[ 52, 35, 0,[ 54, 0, 14, 55]],

[ 41, 35, 0,[ 96, 10, 87, 92]],

[ 74, 35, 0,[ 73, 67, 4]],

[ 40, 35, 0,[ 88, 87, 26]],

[ 62, 35, 0,[ 35, 19, 98, 71]],

[ 44, 35, 0,[ 1, 46, 27, 9]],

[ 97, 35, 0,[ 92, 46, 85]],

[ 17, 35, 0,[ 19, 57, 15]],

[ 39, 35, 0,[ 69, 3, 85, 66, 81]],

[ 20, 35, 0,[ 32, 18, 86]],

[ 31, 95, 1,[ 73, 16, 51, 22, 54, 84, 35, 29]],

[ 75, 35, 0,[ 67, 99, 6]],

[ 50, 35, 0,[ 5, 95, 6]],

[ 26, 35, 0,[ 67, 57, 40]],

[ 45, 35, 0,[ 70, 42, 92, 24, 85]],

[ 89, 75, 1,[ 78, 67, 68, 61, 43, 11]],

[ 67, 85, 1,[ 42, 34, 99, 82, 49, 26, 89, 74, 18, 84, 75, 23, 80, 65]],

[ 64, 35, 0,[ 57, 90, 94]],

[ 35, 15, 1,[ 28, 56, 62, 24, 83, 31]],

[ 18, 35, 0,[ 20, 67, 2]],

[ 99, 35, 0,[ 75, 67, 53]],

[ 4, 35, 0,[ 16, 47, 74]],

[ 60, 35, 0,[ 59, 83, 78]],

[ 79, 35, 0,[ 28, 80, 53]],

[ 11, 35, 0,[ 13, 59, 89]],

[ 30, 35, 0,[ 33, 25]],

[ 68, 35, 0,[ 2, 21, 89]],

[ 48, 35, 0,[ 38, 5, 23]],

[ 84, 35, 0,[ 31, 88, 67]],

[ 42, 35, 0,[ 25, 67, 45]],

[ 54, 35, 0,[ 6, 52, 31]],

[ 86, 35, 0,[ 20, 77, 80]],

[ 98, 35, 0,[ 69, 12, 62]],

[ 16, 95, 1,[ 8, 14, 31, 4]],

[ 9, 35, 0,[ 85, 69, 44, 83]],

[ 70, 35, 0,[ 8, 71, 72, 45]],

[ 2, 35, 0,[ 68, 18, 92]],

[ 82, 35, 0,[ 93, 67, 65, 38]],

[ 8, 35, 0,[ 16, 70]],

[ 77, 35, 0,[ 43, 36, 86]],

[ 58, 35, 0,[ 85, 10, 92]],

[ 38, 35, 0,[ 82, 48, 91, 57, 56]],

[ 91, 35, 0,[ 47, 34, 38]],

[ 22, 35, 0,[ 23, 21, 31]],

[ 56, 35, 0,[ 57, 35, 38]],

[ 5, 35, 0,[ 48, 50, 19, 43]],

[ 57, 35, 0,[ 38, 64, 26, 51, 17, 56]],

[ 49, 35, 0,[ 67, 12, 63]],

[ 78, 35, 0,[ 92, 13, 89, 60]],

[ 33, 35, 0,[ 30, 14, 12]],

[ 43, 35, 0,[ 80, 77, 89, 5]],

[ 81, 35, 0,[ 1, 39, 6]],

[ 88, 35, 0,[ 96, 90, 13, 40, 84]],

[ 47, 35, 1,[ 87, 4, 91, 1]],

[ 37, 35, 0,[ 10, 80, 55]],

[ 36, 35, 0,[ 77, 61, 29]],

[ 32, 35, 0,[ 14, 80, 20]],

[ 94, 35, 0,[ 93, 72, 92, 64]],

[ 27, 35, 0,[ 13, 44, 14]],

[ 53, 35, 0,[ 7, 79, 99]],

[ 25, 35, 0,[ 13, 42, 30]],

[ 15, 35, 0,[ 17, 46, 76]],

[ 93, 35, 0,[ 6, 94, 82]],

[ 7, 35, 0,[ 6, 53, 55, 24]],

[ 76, 35, 0,[ 13, 15, 95]],

[ 65, 35, 0,[ 67, 28, 82]],

[ 92, 35, 0,[ 97, 78, 2, 41, 58, 45, 94]],

[ 95, 35, 0,[ 50, 76, 12]],

[ 28, 35, 0,[ 65, 35, 79]],

[ 61, 35, 0,[ 59, 36, 89]],

[ 73, 35, 0,[ 74, 71, 31]],

[ 1, 35, 0,[ 44, 19, 81, 47]],

[ 46, 35, 0,[ 97, 15, 44]],

[ 23, 35, 0,[ 48, 67, 22]],

[ 83, 35, 0,[ 60, 35, 9]],

[ 85, 85, 1,[ 9, 97, 24, 45, 51, 39, 58]],

[ 19, 35, 0,[ 5, 21, 1, 59, 62, 17]],

[ 12, 35, 0,[ 95, 98, 33, 80, 49]],

[ 6, 35, 0,[ 81, 93, 54, 75, 50, 7]],

[ 14, 75, 1,[ 33, 27, 13, 16, 32, 52]],

[ 55, 35, 0,[ 7, 13, 52, 37, 63, 66]],

[ 10, 35, 0,[ 58, 37, 41]],

[ 21, 35, 0,[ 68, 90, 19, 22, 0]],

[ 13, 85, 1,[ 14, 25, 78, 88, 27, 76, 55, 11]],

[ 3, 35, 0,[ 24, 39, 96]],

[ 59, 35, 0,[ 19, 61, 63, 60, 11]],

[ 51, 35, 0,[ 57, 85, 31]],

[ 87, 35, 0,[ 40, 41, 47]],

[ 66, 35, 0,[ 34, 39, 55]],

