[ 14, 95, 0,[ 20, 9, 44]],

[ 71, 5, 1,[ 17, 98, 65, 16]],

[ 29, 75, 1,[ 27, 69, 40, 28, 38]],

[ 13, 25, 1,[ 10, 87]],

[ 9, 95, 1,[ 14, 90, 23, 24, 63, 81]],

[ 0, 85, 1,[ 39, 36, 22]],

[ 35, 55, 0,[ 68, 45, 52, 72]],

[ 4, 75, 1,[ 80, 19, 31]],

[ 37, 75, 0,[ 41, 59, 65]],

[ 26, 55, 0,[ 87, 90, 46]],

[ 12, 15, 0,[ 18, 33, 57]],

[ 34, 5, 0,[ 77, 16, 76]],

[ 70, 75, 1,[ 41, 47, 1, 22, 17]],

[ 41, 75, 1,[ 70, 64, 37]],

[ 65, 45, 1,[ 71, 37, 95]],

[ 90, 55, 0,[ 96, 9, 3, 26, 72]],

[ 21, 55, 0,[ 62, 64, 68]],

[ 52, 55, 0,[ 79, 35, 1]],

[ 31, 45, 1,[ 56, 4, 19]],

[ 78, 85, 0,[ 2, 62, 54, 42]],

[ 8, 5, 0,[ 32, 53, 20]],

[ 51, 25, 0,[ 33, 18, 96]],

[ 91, 5, 1,[ 74, 92, 54, 7]],

[ 18, 95, 1,[ 12, 51, 87]],

[ 10, 75, 1,[ 39, 13, 28]],

[ 94, 75, 1,[ 84, 82, 22]],

[ 42, 25, 0,[ 84, 96, 78]],

[ 54, 85, 1,[ 78, 91]],

[ 86, 65, 0,[ 58, 46, 61]],

[ 88, 45, 1,[ 25, 66, 28, 89, 85]],

[ 92, 65, 0,[ 53, 91, 76]],

[ 66, 5, 0,[ 88, 50, 24]],

[ 76, 5, 0,[ 34, 92, 33]],

[ 59, 15, 0,[ 37, 33, 79]],

[ 20, 95, 1,[ 14, 43, 8, 25, 27]],

[ 22, 95, 1,[ 11, 70, 0, 93, 94]],

[ 11, 45, 0,[ 22, 56, 30]],

[ 47, 45, 1,[ 63, 61, 70]],

[ 84, 25, 0,[ 42, 7, 94]],

[ 17, 15, 1,[ 70, 71]],

[ 97, 65, 1,[ 85, 75, 60]],

[ 36, 45, 0,[ 15, 49, 40, 6, 0]],

[ 43, 15, 1,[ 20, 83, 56]],

[ 83, 55, 0,[ 50, 98, 43]],

[ 2, 85, 0,[ 53, 30, 78]],

[ 48, 5, 1,[ 75, 95, 44, 49]],

[ 74, 5, 1,[ 55, 5, 99, 91]],

[ 53, 65, 1,[ 79, 7, 2, 8, 46, 69, 92, 93]],

[ 57, 15, 0,[ 12, 1]],

[ 5, 45, 1,[ 45, 74, 75]],

[ 60, 5, 0,[ 24, 77, 97, 1]],

[ 61, 45, 1,[ 50, 47, 86]],

[ 44, 5, 0,[ 14, 82, 48]],

[ 85, 65, 0,[ 97, 46, 88]],

[ 46, 65, 0,[ 85, 53, 86, 26, 82]],

[ 63, 45, 0,[ 47, 55, 9]],

[ 3, 55, 0,[ 75, 90, 99]],

[ 69, 95, 0,[ 29, 53, 58]],

[ 55, 45, 0,[ 67, 63, 74]],

[ 32, 5, 0,[ 16, 8]],

[ 64, 75, 0,[ 41, 73, 21]],

[ 77, 5, 0,[ 60, 34, 89, 40]],

[ 49, 45, 1,[ 36, 48, 58]],

[ 23, 75, 0,[ 6, 62, 9]],

[ 79, 55, 1,[ 53, 52, 59]],

[ 98, 55, 1,[ 83, 95, 71]],

[ 1, 5, 1,[ 89, 57, 70, 52, 60]],

[ 19, 5, 0,[ 31, 4, 50]],

[ 87, 85, 0,[ 18, 13, 26, 99]],

[ 25, 95, 0,[ 24, 20, 88]],

[ 28, 45, 1,[ 88, 29, 10]],

[ 68, 55, 0,[ 58, 35, 21]],

[ 30, 5, 1,[ 2, 11, 80]],

[ 80, 35, 1,[ 30, 67, 4]],

[ 99, 85, 1,[ 87, 3, 74]],

[ 67, 45, 0,[ 80, 55, 16]],

[ 38, 5, 1,[ 73, 29, 45]],

[ 27, 75, 1,[ 20, 29, 24]],

[ 6, 75, 1,[ 36, 23, 33]],

[ 40, 5, 1,[ 29, 77, 36]],

[ 93, 5, 1,[ 22, 53]],

[ 45, 55, 0,[ 5, 38, 35]],

[ 7, 5, 0,[ 84, 91, 53]],

[ 73, 75, 0,[ 64, 38]],

[ 81, 25, 1,[ 39, 9]],

[ 96, 25, 1,[ 72, 42, 15, 90, 51]],

[ 75, 55, 1,[ 48, 97, 5, 15, 3]],

[ 15, 55, 0,[ 75, 36, 96]],

[ 58, 95, 1,[ 49, 69, 68, 86]],

[ 82, 5, 0,[ 46, 94, 44]],

[ 39, 25, 0,[ 0, 81, 10]],

[ 24, 95, 0,[ 60, 27, 9, 25, 66]],

[ 95, 5, 0,[ 98, 48, 65]],

[ 33, 15, 1,[ 59, 12, 51, 6, 76]],

[ 16, 45, 1,[ 34, 32, 71, 67]],

[ 56, 45, 1,[ 43, 11, 31]],

[ 62, 85, 1,[ 21, 23, 78]],

[ 72, 55, 1,[ 96, 35, 90]],

[ 50, 5, 1,[ 83, 66, 61, 19]],

[ 89, 5, 0,[ 88, 1, 77]],

