[ 73, 15, 1,[ 27, 53, 33]],

[ 27, 25, 0,[ 63, 18, 73]],

[ 96, 95, 0,[ 91, 72, 92, 75]],

[ 94, 95, 0,[ 64, 72, 77]],

[ 78, 95, 1,[ 47, 36, 71]],

[ 64, 25, 1,[ 92, 94, 89, 47]],

[ 6, 95, 1,[ 4, 18, 82]],

[ 45, 25, 1,[ 21, 25, 40]],

[ 71, 45, 1,[ 19, 78, 29, 61, 21, 38]],

[ 19, 45, 1,[ 98, 43, 48, 71]],

[ 70, 95, 0,[ 14, 63, 37, 90]],

[ 35, 25, 0,[ 18, 80]],

[ 13, 15, 0,[ 15, 65]],

[ 23, 65, 1,[ 40, 68, 41, 4]],

[ 29, 95, 0,[ 71, 50, 5]],

[ 32, 55, 1,[ 50, 22, 2, 17]],

[ 5, 5, 1,[ 29, 85, 54]],

[ 76, 75, 1,[ 97, 44, 36, 43, 81, 24, 88]],

[ 11, 5, 1,[ 79, 84, 48, 40, 4]],

[ 54, 5, 1,[ 42, 26, 38, 5, 8, 37]],

[ 77, 95, 0,[ 82, 94, 80]],

[ 67, 95, 0,[ 68, 75, 28]],

[ 66, 25, 0,[ 34, 3, 68]],

[ 53, 95, 0,[ 20, 82, 73]],

[ 0, 95, 0,[ 89, 83, 22]],

[ 98, 95, 0,[ 21, 19, 63, 14]],

[ 16, 5, 1,[ 31, 26, 56]],

[ 69, 65, 1,[ 75, 24, 8]],

[ 1, 95, 0,[ 30, 25, 14]],

[ 42, 95, 0,[ 54, 25, 87]],

[ 72, 75, 1,[ 22, 96, 20, 25, 52, 94, 86]],

[ 2, 95, 0,[ 17, 32, 87]],

[ 40, 95, 0,[ 23, 11, 44, 45]],

[ 41, 95, 0,[ 82, 51, 23]],

[ 55, 65, 0,[ 39, 30, 80]],

[ 46, 85, 1,[ 39, 9, 10]],

[ 95, 95, 0,[ 14, 12, 20]],

[ 63, 65, 1,[ 98, 27, 52, 70, 39, 60, 83]],

[ 61, 95, 0,[ 71, 92]],

[ 25, 15, 1,[ 1, 86, 45, 42, 72]],

[ 86, 25, 0,[ 93, 72, 25]],

[ 39, 95, 1,[ 31, 55, 63, 46]],

[ 85, 85, 1,[ 49, 28, 5]],

[ 17, 15, 1,[ 32, 2, 87]],

[ 60, 95, 0,[ 63, 24, 20]],

[ 93, 95, 1,[ 86, 84, 68, 81]],

[ 52, 5, 0,[ 62, 63, 72]],

[ 79, 95, 0,[ 58, 11, 75]],

[ 7, 95, 0,[ 90, 49, 82]],

[ 97, 95, 1,[ 38, 92, 76]],

[ 62, 25, 1,[ 82, 47, 83, 52]],

[ 88, 95, 0,[ 89, 76, 99]],

[ 26, 5, 0,[ 48, 54, 16]],

[ 22, 95, 0,[ 32, 72, 0]],

[ 58, 65, 0,[ 79, 99]],

[ 30, 75, 1,[ 59, 1, 55]],

[ 99, 15, 1,[ 50, 28, 58, 88]],

[ 92, 15, 1,[ 64, 57, 61, 96, 97]],

[ 50, 25, 0,[ 99, 47, 32, 29]],

[ 82, 5, 1,[ 77, 15, 41, 62, 7, 36, 81, 6, 53]],

[ 43, 95, 0,[ 3, 19, 76]],

[ 18, 35, 1,[ 35, 59, 6, 27]],

[ 36, 95, 0,[ 78, 82, 76]],

[ 24, 95, 0,[ 69, 76, 60]],

[ 37, 95, 0,[ 57, 70, 54]],

[ 51, 95, 0,[ 65, 14, 41]],

[ 21, 95, 0,[ 98, 45, 71, 87]],

[ 83, 95, 1,[ 0, 62, 63]],

[ 44, 55, 1,[ 57, 40, 76]],

[ 38, 95, 1,[ 54, 97, 71, 10]],

[ 84, 35, 1,[ 47, 11, 93]],

[ 87, 95, 1,[ 17, 2, 42, 21]],

[ 48, 25, 1,[ 26, 8, 19, 11, 74]],

[ 14, 55, 1,[ 98, 95, 1, 70, 51]],

[ 4, 95, 0,[ 11, 6, 9, 23]],

[ 3, 65, 1,[ 91, 43, 66, 33]],

[ 47, 85, 1,[ 90, 34, 65, 84, 64, 62, 78, 50]],

[ 34, 45, 1,[ 47, 66, 56]],

[ 49, 15, 1,[ 10, 7, 85]],

[ 8, 25, 0,[ 69, 48, 54]],

[ 59, 95, 0,[ 18, 89, 30]],

[ 12, 95, 1,[ 75, 74, 95]],

[ 68, 5, 1,[ 67, 93, 23, 66, 74, 81]],

[ 57, 95, 0,[ 92, 44, 37]],

[ 81, 5, 0,[ 93, 68, 82, 76]],

[ 15, 75, 1,[ 75, 82, 13]],

[ 89, 25, 1,[ 59, 88, 64, 0, 9]],

[ 74, 95, 0,[ 12, 68, 48, 33]],

[ 9, 95, 0,[ 4, 89, 46]],

[ 65, 65, 1,[ 51, 47, 13]],

[ 33, 95, 0,[ 3, 73, 74]],

[ 10, 95, 0,[ 38, 49, 46]],

[ 80, 85, 1,[ 55, 56, 77, 35]],

[ 75, 85, 1,[ 79, 15, 67, 12, 69, 96]],

[ 91, 25, 1,[ 3, 31, 96]],

[ 56, 95, 0,[ 34, 80, 16]],

[ 90, 85, 0,[ 70, 7, 47]],

[ 28, 95, 1,[ 85, 67, 99]],

[ 31, 95, 0,[ 91, 16, 39]],

[ 20, 95, 0,[ 72, 53, 95, 60]],

