[ 61, 45, 0,[ 62, 19, 63, 35, 6]],

[ 15, 45, 0,[ 7, 79, 48]],

[ 79, 45, 0,[ 2, 24, 15, 31]],

[ 73, 45, 0,[ 77, 71, 64]],

[ 56, 45, 0,[ 19, 32, 72]],

[ 6, 45, 0,[ 43, 11, 55, 61, 14]],

[ 48, 45, 0,[ 47, 15, 77]],

[ 81, 45, 1,[ 59, 92, 64]],

[ 50, 45, 0,[ 89, 96, 49]],

[ 65, 45, 0,[ 71, 44, 88]],

[ 87, 45, 0,[ 16, 80, 86]],

[ 92, 45, 0,[ 9, 60, 93, 81]],

[ 69, 45, 0,[ 25, 1, 41]],

[ 47, 45, 0,[ 58, 45, 48]],

[ 76, 45, 0,[ 32, 3, 78, 12]],

[ 93, 45, 0,[ 94, 92, 12]],

[ 14, 45, 1,[ 21, 57, 64, 97, 6]],

[ 11, 45, 0,[ 20, 49, 39, 30, 6, 8]],

[ 71, 45, 0,[ 73, 33, 65, 64]],

[ 5, 45, 0,[ 77, 64, 89]],

[ 97, 45, 0,[ 21, 27, 14, 16]],

[ 21, 5, 1,[ 70, 18, 66, 35, 88, 8, 97, 44, 36, 17, 94, 67, 52, 14]],

[ 29, 45, 0,[ 28, 12, 70, 44]],

[ 85, 45, 0,[ 40, 64, 37]],

[ 18, 45, 0,[ 63, 82, 21]],

[ 88, 45, 0,[ 65, 21, 20]],

[ 43, 45, 0,[ 45, 74, 6]],

[ 58, 45, 0,[ 19, 47, 57]],

[ 99, 45, 0,[ 77, 90, 72]],

[ 41, 45, 0,[ 69, 95, 89, 83, 66]],

[ 67, 45, 0,[ 21, 64, 9]],

[ 55, 45, 0,[ 54, 6, 89]],

[ 82, 45, 0,[ 77, 18, 2]],

[ 4, 45, 0,[ 80, 42, 68, 90]],

[ 68, 45, 0,[ 4, 27, 66]],

[ 52, 45, 0,[ 21, 37, 2]],

[ 42, 45, 0,[ 33, 13, 37, 4]],

[ 20, 45, 0,[ 88, 11, 77]],

[ 45, 45, 0,[ 43, 28, 23, 47, 46]],

[ 95, 45, 0,[ 41, 27, 94]],

[ 37, 65, 1,[ 17, 98, 42, 70, 52, 86, 12, 62, 85]],

[ 62, 45, 0,[ 31, 89, 61, 37]],

[ 32, 45, 0,[ 56, 34, 76]],

[ 25, 45, 0,[ 69, 77, 26]],

[ 53, 45, 0,[ 54, 26, 51]],

[ 7, 45, 0,[ 15, 30, 66]],

[ 22, 45, 0,[ 3, 2, 38]],

[ 17, 45, 0,[ 37, 21, 19]],

[ 72, 45, 0,[ 56, 77, 99]],

[ 39, 45, 0,[ 64, 11, 38]],

[ 51, 45, 0,[ 53, 59, 26]],

[ 80, 45, 0,[ 87, 4, 77]],

[ 31, 45, 0,[ 79, 62, 33]],

[ 38, 45, 0,[ 39, 22, 77]],

[ 26, 45, 0,[ 24, 53, 25, 51]],

[ 33, 45, 0,[ 35, 31, 42, 71]],

[ 90, 45, 0,[ 99, 23, 4, 91]],

[ 77, 25, 1,[ 99, 48, 72, 57, 70, 5, 82, 25, 20, 59, 84, 73, 38, 80]],

[ 66, 45, 0,[ 41, 21, 7, 68]],

[ 0, 45, 1,[ 3, 98, 49]],

[ 57, 45, 0,[ 14, 77, 58]],

[ 13, 45, 0,[ 98, 42, 64]],

[ 59, 45, 0,[ 81, 77, 51]],

[ 8, 45, 0,[ 9, 11, 21]],

[ 9, 45, 0,[ 8, 10, 91, 92, 67]],

[ 40, 45, 0,[ 46, 86, 85]],

[ 10, 45, 0,[ 89, 83, 75, 9]],

[ 84, 45, 0,[ 36, 2, 77, 83]],

[ 16, 45, 0,[ 97, 87, 74]],

[ 63, 45, 0,[ 18, 78, 61]],

[ 98, 45, 0,[ 13, 37, 91, 0]],

[ 86, 45, 0,[ 87, 40, 37]],

[ 64, 35, 1,[ 81, 14, 13, 73, 1, 28, 5, 39, 71, 67, 27, 85, 12]],

[ 83, 45, 0,[ 10, 41, 84]],

[ 78, 45, 0,[ 75, 30, 76, 63]],

[ 1, 45, 0,[ 69, 89, 64]],

[ 28, 45, 0,[ 29, 45, 64]],

[ 3, 45, 0,[ 0, 76, 22]],

[ 75, 45, 0,[ 78, 10, 74, 27, 96]],

[ 24, 45, 0,[ 79, 26, 36, 23]],

[ 74, 45, 0,[ 75, 43, 16]],

[ 36, 45, 0,[ 24, 84, 21]],

[ 49, 45, 0,[ 0, 11, 89, 50]],

[ 23, 45, 0,[ 90, 24, 2, 45]],

[ 30, 45, 0,[ 11, 78, 7]],

[ 34, 45, 1,[ 32, 89]],

[ 35, 45, 0,[ 21, 33, 61]],

[ 89, 5, 1,[ 5, 54, 60, 34, 1, 55, 62, 41, 10, 50, 49]],

[ 19, 45, 0,[ 46, 58, 17, 56, 61]],

[ 46, 45, 0,[ 40, 19, 45]],

[ 94, 45, 0,[ 96, 93, 21, 95]],

[ 70, 45, 0,[ 21, 60, 29, 37, 77]],

[ 2, 45, 0,[ 22, 82, 79, 23, 84, 52]],

[ 96, 45, 0,[ 75, 50, 94]],

[ 12, 45, 0,[ 93, 76, 37, 64, 29]],

[ 60, 45, 1,[ 92, 89, 70]],

[ 91, 45, 0,[ 98, 9, 90]],

[ 54, 45, 0,[ 53, 89, 55]],

[ 44, 45, 0,[ 21, 29, 65]],

[ 27, 45, 0,[ 97, 75, 64, 95, 68]],

