[ 6, 65, 0,[ 35, 39, 98, 86, 32]],

[ 91, 25, 0,[ 94, 56]],

[ 57, 65, 0,[ 69, 25, 93, 68]],

[ 34, 65, 0,[ 26, 35, 54, 62]],

[ 22, 65, 0,[ 5, 94, 25]],

[ 79, 65, 0,[ 14, 73, 15]],

[ 10, 65, 0,[ 3, 72]],

[ 83, 65, 0,[ 84, 95, 15]],

[ 55, 65, 0,[ 48, 14, 23]],

[ 47, 65, 0,[ 17, 54, 35, 24, 95, 36]],

[ 96, 55, 0,[ 24, 35, 74]],

[ 86, 15, 0,[ 90, 6]],

[ 67, 65, 0,[ 16, 98, 14]],

[ 63, 55, 0,[ 35, 15, 37]],

[ 46, 65, 0,[ 15, 68, 35, 41]],

[ 38, 25, 0,[ 36, 60, 35]],

[ 94, 25, 1,[ 53, 22, 82, 76, 85, 42, 73, 29, 91]],

[ 9, 75, 0,[ 15, 24, 62]],

[ 24, 75, 1,[ 8, 21, 27, 23, 72, 48, 9, 17, 15, 92, 96, 47]],

[ 26, 65, 0,[ 7, 34, 35, 70]],

[ 44, 65, 0,[ 30, 13, 0]],

[ 88, 65, 0,[ 90, 71, 97]],

[ 75, 25, 0,[ 68, 65, 15]],

[ 54, 65, 0,[ 34, 15, 30, 47]],

[ 73, 65, 1,[ 79, 70, 71, 17, 94, 50, 72, 43, 98, 80, 8, 85, 89, 92, 58]],

[ 2, 65, 0,[ 35, 87, 29]],

[ 30, 65, 0,[ 44, 25, 54]],

[ 76, 25, 0,[ 94, 90]],

[ 60, 25, 1,[ 27, 23, 93, 49, 80, 8, 38]],

[ 89, 65, 0,[ 35, 61, 73]],

[ 35, 55, 1,[ 77, 82, 89, 53, 96, 59, 19, 36, 34, 38, 6, 1, 26, 2, 43, 46, 13, 65, 3, 47, 63]],

[ 23, 25, 1,[ 60, 24, 28, 55, 16, 65, 64]],

[ 98, 65, 0,[ 73, 6, 52, 67]],

[ 13, 55, 0,[ 35, 44, 43]],

[ 64, 25, 0,[ 11, 23, 0]],

[ 3, 65, 0,[ 10, 35, 90]],

[ 17, 65, 0,[ 24, 47, 73]],

[ 78, 65, 0,[ 4, 59, 70]],

[ 37, 55, 0,[ 63, 20, 74]],

[ 87, 65, 0,[ 40, 2, 65]],

[ 12, 65, 0,[ 41, 32]],

[ 11, 25, 0,[ 64, 81, 49]],

[ 31, 65, 0,[ 15, 20]],

[ 51, 65, 0,[ 21, 84, 42]],

[ 71, 65, 0,[ 73, 18, 1, 88]],

[ 43, 55, 0,[ 73, 35, 13]],

[ 28, 65, 0,[ 23, 80, 20]],

[ 56, 25, 0,[ 85, 15, 91, 42]],

[ 70, 65, 0,[ 26, 73, 78]],

[ 42, 25, 0,[ 90, 51, 56, 94]],

[ 27, 65, 0,[ 24, 39, 60]],

[ 16, 65, 0,[ 67, 90, 23]],

[ 1, 55, 0,[ 71, 35]],

[ 68, 65, 0,[ 46, 57, 75]],

[ 85, 25, 0,[ 73, 56, 94]],

[ 7, 65, 0,[ 26, 21, 90]],

[ 90, 15, 1,[ 97, 86, 76, 88, 16, 7, 40, 3, 69, 42, 81]],

[ 36, 95, 1,[ 38, 47, 35]],

[ 72, 65, 0,[ 24, 73, 10]],

[ 8, 65, 0,[ 60, 73, 59, 24]],

[ 77, 65, 0,[ 35, 84]],

[ 32, 65, 0,[ 15, 6, 4, 12]],

[ 4, 65, 0,[ 40, 78, 32, 50]],

[ 50, 65, 0,[ 74, 73, 4]],

[ 93, 65, 0,[ 57, 60, 58]],

[ 59, 65, 0,[ 35, 8, 78, 14]],

[ 40, 65, 0,[ 87, 4, 90, 18]],

[ 15, 45, 1,[ 46, 61, 52, 24, 54, 32, 99, 18, 79, 56, 9, 75, 33, 0, 63, 31, 83]],

[ 52, 65, 0,[ 0, 15, 20, 98]],

[ 80, 65, 0,[ 28, 60, 73]],

[ 14, 65, 0,[ 67, 66, 99, 55, 41, 79, 59]],

[ 65, 25, 0,[ 23, 35, 87, 75]],

[ 21, 65, 0,[ 51, 7, 24]],

[ 19, 65, 0,[ 35, 69, 39, 95]],

[ 66, 65, 0,[ 14, 45, 81]],

[ 39, 65, 0,[ 6, 19, 27]],

[ 45, 65, 0,[ 58, 53, 66]],

[ 58, 65, 0,[ 62, 93, 45, 73]],

[ 20, 65, 0,[ 31, 28, 37, 52]],

[ 61, 65, 0,[ 89, 48, 15]],

[ 95, 65, 0,[ 83, 19, 47]],

[ 25, 65, 0,[ 30, 22, 57]],

[ 48, 65, 0,[ 97, 61, 55, 24]],

[ 82, 95, 1,[ 49, 94, 35]],

[ 84, 65, 0,[ 51, 77, 33, 83]],

[ 74, 55, 0,[ 50, 37, 96]],

[ 18, 65, 0,[ 15, 71, 40]],

[ 33, 65, 0,[ 99, 84, 15]],

[ 53, 65, 0,[ 45, 94, 35]],

[ 97, 65, 0,[ 90, 48, 88]],

[ 69, 65, 0,[ 90, 19, 57]],

[ 0, 65, 0,[ 52, 64, 15, 44]],

[ 81, 25, 0,[ 90, 11, 66]],

[ 5, 65, 0,[ 22, 29, 49]],

[ 62, 65, 0,[ 34, 58, 9]],

[ 29, 65, 0,[ 2, 5, 94]],

[ 49, 25, 0,[ 60, 11, 5, 82]],

[ 92, 75, 0,[ 24, 73]],

[ 99, 65, 0,[ 14, 15, 33]],

[ 41, 65, 0,[ 46, 14, 12]],

