[ 70, 75, 0,[ 96, 46, 6]],

[ 55, 95, 1,[ 14, 42, 10, 72, 13]],

[ 83, 55, 0,[ 90, 2, 42, 99]],

[ 13, 25, 1,[ 57, 55, 1, 93]],

[ 58, 15, 0,[ 24, 78, 85]],

[ 12, 15, 0,[ 64, 95, 52]],

[ 75, 95, 1,[ 44, 50, 9, 20]],

[ 19, 55, 0,[ 36, 6, 28, 88]],

[ 50, 75, 1,[ 37, 75, 45, 67]],

[ 42, 35, 1,[ 55, 8, 78, 83, 79]],

[ 71, 95, 1,[ 22, 6, 28]],

[ 84, 35, 1,[ 77, 34, 3]],

[ 67, 35, 1,[ 50, 31, 51]],

[ 69, 95, 0,[ 79, 28, 66]],

[ 86, 95, 1,[ 64, 6, 43]],

[ 88, 55, 0,[ 89, 15, 19]],

[ 68, 45, 0,[ 27, 92, 45]],

[ 27, 45, 1,[ 51, 11, 68, 0]],

[ 82, 65, 0,[ 0, 32, 96]],

[ 17, 15, 1,[ 78, 30, 29, 39, 61, 38]],

[ 30, 15, 0,[ 17, 57]],

[ 97, 5, 1,[ 48, 49, 23, 74]],

[ 44, 55, 0,[ 96, 41, 75, 36, 60]],

[ 62, 25, 1,[ 6, 65, 99]],

[ 31, 35, 0,[ 73, 90, 67]],

[ 18, 25, 1,[ 53, 24, 21]],

[ 81, 55, 0,[ 78, 91, 76]],

[ 23, 35, 1,[ 97, 85, 90]],

[ 74, 25, 1,[ 97, 3, 4]],

[ 46, 65, 1,[ 70, 10, 89]],

[ 8, 75, 1,[ 42, 0, 94]],

[ 56, 65, 0,[ 54, 34, 40]],

[ 52, 15, 0,[ 12, 49, 32]],

[ 3, 45, 0,[ 36, 84, 74]],

[ 77, 85, 0,[ 84, 34, 98]],

[ 14, 95, 0,[ 55, 91, 21]],

[ 49, 5, 0,[ 52, 1, 97]],

[ 66, 5, 1,[ 96, 35, 69, 2]],

[ 93, 55, 1,[ 64, 11, 13]],

[ 24, 55, 1,[ 4, 18, 58, 43]],

[ 85, 25, 1,[ 58, 23, 25, 5]],

[ 11, 55, 0,[ 27, 93, 78]],

[ 73, 75, 1,[ 25, 33, 36, 4, 31]],

[ 16, 75, 1,[ 21, 51, 38]],

[ 64, 45, 1,[ 93, 12, 86]],

[ 4, 55, 0,[ 24, 73, 74]],

[ 63, 35, 0,[ 21, 39, 72]],

[ 21, 45, 1,[ 18, 16, 35, 63, 14]],

[ 15, 55, 0,[ 88, 0, 91]],

[ 95, 85, 1,[ 12, 59, 40, 87]],

[ 53, 95, 1,[ 37, 18, 65]],

[ 9, 65, 1,[ 26, 75, 94]],

[ 40, 65, 1,[ 33, 5, 95, 79, 56, 99, 36, 29]],

[ 34, 85, 1,[ 77, 56, 26, 22, 84]],

[ 96, 55, 1,[ 76, 44, 70, 66, 82]],

[ 6, 75, 1,[ 19, 71, 86, 60, 91, 62, 98, 70]],

[ 41, 55, 0,[ 87, 44, 99, 43]],

[ 20, 75, 0,[ 61, 87, 45, 75]],

[ 94, 25, 1,[ 10, 9, 8]],

[ 22, 55, 1,[ 71, 34, 65]],

[ 90, 55, 1,[ 83, 31, 23]],

[ 47, 55, 0,[ 2, 89]],

[ 98, 85, 0,[ 77, 6, 28]],

[ 87, 55, 1,[ 95, 41, 20]],

[ 48, 95, 0,[ 28, 97]],

[ 28, 95, 1,[ 19, 33, 48, 69, 71, 98]],

[ 33, 75, 0,[ 40, 28, 73]],

[ 32, 15, 1,[ 82, 52, 72]],

[ 38, 15, 0,[ 92, 17, 16]],

[ 26, 65, 0,[ 9, 89, 34]],

[ 0, 65, 1,[ 27, 15, 82, 8, 36]],

[ 92, 35, 1,[ 68, 72, 38, 39, 76]],

[ 51, 35, 0,[ 16, 27, 67]],

[ 99, 25, 0,[ 83, 40, 41, 62]],

[ 79, 35, 0,[ 40, 69, 42, 60]],

[ 61, 75, 0,[ 80, 20, 17]],

[ 39, 35, 0,[ 92, 63, 17]],

[ 80, 75, 1,[ 1, 61, 65]],

[ 2, 55, 0,[ 83, 47, 66]],

[ 78, 15, 1,[ 37, 58, 42, 11, 17, 81]],

[ 10, 25, 1,[ 46, 55, 7, 94]],

[ 60, 35, 0,[ 44, 6, 79]],

[ 76, 45, 1,[ 92, 25, 96, 81]],

[ 45, 75, 0,[ 68, 50, 20]],

[ 29, 65, 0,[ 65, 40, 17]],

[ 5, 25, 0,[ 36, 85, 40]],

[ 72, 35, 0,[ 59, 92, 32, 55, 63]],

[ 57, 25, 0,[ 30, 7, 13]],

[ 54, 25, 0,[ 35, 56, 59]],

[ 25, 25, 0,[ 73, 85, 76]],

[ 59, 25, 1,[ 72, 54, 95]],

[ 37, 95, 0,[ 78, 53, 50]],

[ 1, 25, 0,[ 80, 49, 13]],

[ 35, 25, 0,[ 54, 21, 66]],

[ 89, 55, 0,[ 46, 26, 47, 88]],

[ 65, 95, 1,[ 80, 29, 62, 22, 53]],

[ 91, 55, 1,[ 15, 14, 81, 6]],

[ 36, 45, 1,[ 40, 5, 44, 73, 3, 0, 19]],

[ 43, 55, 0,[ 86, 24, 41]],

[ 7, 35, 1,[ 10, 57]],

