[ 10, 35, 0,[ 73, 38, 94]],

[ 80, 5, 0,[ 26, 4, 99, 31, 32]],

[ 24, 5, 0,[ 47, 95, 7]],

[ 73, 95, 0,[ 51, 56, 10, 3]],

[ 95, 65, 0,[ 24, 42, 1, 32]],

[ 34, 5, 0,[ 81, 5, 71]],

[ 48, 65, 1,[ 64, 58, 13, 89, 70]],

[ 68, 95, 0,[ 86, 17, 35]],

[ 51, 5, 0,[ 73, 4, 42]],

[ 37, 95, 0,[ 22, 85, 35]],

[ 6, 95, 0,[ 50, 8, 62]],

[ 3, 95, 0,[ 73, 13, 49]],

[ 17, 35, 0,[ 28, 57, 68, 59]],

[ 49, 55, 0,[ 36, 85, 3]],

[ 70, 5, 0,[ 29, 48, 32]],

[ 77, 95, 1,[ 75, 38, 52, 84]],

[ 41, 5, 0,[ 2, 93, 25]],

[ 15, 5, 0,[ 9, 52, 85, 1]],

[ 23, 45, 1,[ 81, 42, 91, 76, 92]],

[ 38, 65, 0,[ 42, 10, 77]],

[ 20, 95, 0,[ 26, 19, 44]],

[ 61, 95, 0,[ 21, 14, 32, 65]],

[ 53, 95, 0,[ 0, 40, 97]],

[ 82, 95, 0,[ 29, 18, 19]],

[ 26, 95, 0,[ 80, 8, 20]],

[ 97, 95, 0,[ 53, 58, 76, 39, 72]],

[ 7, 5, 1,[ 45, 24, 57, 63, 39]],

[ 9, 95, 0,[ 19, 98, 15]],

[ 56, 35, 0,[ 73, 66, 50]],

[ 12, 5, 0,[ 16, 11, 64]],

[ 60, 95, 0,[ 99, 44, 16]],

[ 2, 5, 0,[ 41, 66, 35, 52]],

[ 87, 95, 0,[ 74, 40, 90]],

[ 91, 35, 0,[ 57, 23, 67]],

[ 78, 5, 0,[ 81, 63, 98]],

[ 55, 95, 0,[ 67, 99, 96, 22]],

[ 1, 65, 0,[ 15, 95, 36]],

[ 0, 5, 0,[ 84, 93, 31, 30, 53]],

[ 94, 35, 0,[ 36, 57, 10, 16]],

[ 58, 65, 0,[ 63, 48, 97, 50]],

[ 22, 95, 0,[ 44, 55, 90, 28, 37]],

[ 85, 5, 0,[ 64, 15, 37, 43, 49]],

[ 90, 95, 0,[ 22, 36, 21, 87]],

[ 72, 95, 0,[ 97, 25, 79]],

[ 36, 55, 1,[ 1, 94, 90, 49]],

[ 16, 95, 0,[ 62, 60, 94, 12]],

[ 86, 5, 0,[ 11, 54, 68, 71]],

[ 76, 95, 0,[ 64, 23, 97, 21]],

[ 81, 5, 0,[ 78, 83, 23, 34]],

[ 98, 95, 0,[ 18, 9, 78]],

[ 57, 35, 0,[ 91, 17, 94, 7]],

[ 33, 5, 0,[ 27, 28, 92, 50]],

[ 29, 95, 0,[ 30, 70, 96, 93, 82]],

[ 83, 5, 0,[ 74, 64, 81, 4]],

[ 39, 95, 0,[ 75, 97, 7]],

[ 43, 95, 0,[ 66, 89, 85]],

[ 96, 95, 0,[ 55, 29, 8]],

[ 64, 5, 0,[ 83, 52, 48, 85, 12, 76]],

[ 65, 95, 0,[ 19, 61, 92]],

[ 14, 95, 0,[ 88, 67, 61]],

[ 62, 95, 0,[ 45, 6, 16, 8]],

[ 89, 95, 0,[ 59, 43, 48]],

[ 84, 35, 0,[ 0, 71, 77]],

[ 63, 5, 0,[ 58, 47, 7, 78]],

[ 28, 5, 0,[ 17, 22, 33]],

[ 30, 5, 0,[ 0, 29, 46]],

[ 93, 5, 0,[ 29, 41, 0]],

[ 11, 5, 0,[ 12, 86]],

[ 52, 5, 0,[ 77, 2, 15, 64]],

[ 47, 95, 0,[ 18, 79, 24, 63]],

[ 13, 95, 0,[ 48, 3, 71]],

[ 42, 65, 0,[ 38, 95, 23, 51]],

[ 59, 35, 0,[ 89, 17]],

[ 40, 95, 0,[ 53, 54, 87, 5]],

[ 25, 95, 0,[ 41, 31, 72]],

[ 71, 35, 1,[ 34, 13, 86, 84]],

[ 45, 95, 0,[ 62, 74, 7]],

[ 79, 95, 0,[ 72, 88, 47, 44]],

[ 46, 65, 0,[ 30, 74, 8, 75]],

[ 50, 5, 0,[ 58, 33, 56, 6]],

[ 74, 65, 1,[ 87, 46, 75, 45, 83]],

[ 21, 95, 0,[ 90, 61, 76]],

[ 44, 95, 0,[ 22, 60, 79, 20]],

[ 75, 65, 1,[ 74, 77, 39, 46]],

[ 27, 95, 0,[ 67, 33, 88]],

[ 66, 35, 1,[ 56, 5, 2, 43]],

[ 5, 5, 0,[ 34, 66, 40]],

[ 88, 95, 0,[ 14, 79, 27]],

[ 18, 95, 0,[ 82, 69, 47, 98]],

[ 32, 5, 0,[ 80, 95, 70, 61]],

[ 35, 95, 0,[ 37, 2, 68]],

[ 69, 95, 0,[ 18, 54, 19]],

[ 31, 5, 0,[ 80, 0, 25]],

[ 67, 95, 0,[ 27, 55, 14, 91]],

[ 92, 45, 0,[ 33, 23, 65]],

[ 19, 95, 0,[ 69, 20, 82, 9, 65]],

[ 4, 5, 1,[ 51, 80, 83]],

[ 99, 95, 0,[ 55, 80, 60]],

[ 54, 5, 0,[ 69, 40, 86]],

[ 8, 95, 0,[ 96, 6, 26, 62, 46]],

