[ 90, 55, 1,[ 96, 11, 75, 34]],

[ 28, 15, 1,[ 53, 59, 27, 87]],

[ 21, 5, 0,[ 38, 44, 60]],

[ 68, 95, 0,[ 98, 20]],

[ 6, 75, 0,[ 8, 96, 77]],

[ 65, 45, 1,[ 79, 26, 4, 55]],

[ 63, 35, 1,[ 45, 1, 32, 36, 48]],

[ 52, 95, 1,[ 83, 46, 40]],

[ 72, 15, 0,[ 8, 27, 17]],

[ 7, 75, 0,[ 84, 95, 26, 97, 32, 45, 10]],

[ 37, 45, 1,[ 78, 94, 0, 1]],

[ 84, 45, 0,[ 69, 91, 83, 7]],

[ 96, 25, 0,[ 87, 90, 46, 6]],

[ 95, 5, 1,[ 2, 7, 4]],

[ 4, 95, 1,[ 61, 65, 30, 95]],

[ 10, 15, 0,[ 7, 2, 62]],

[ 97, 55, 1,[ 23, 3, 35, 25, 7, 12]],

[ 74, 25, 1,[ 31, 41, 19]],

[ 47, 75, 0,[ 66, 67, 80]],

[ 23, 75, 0,[ 0, 97, 99]],

[ 12, 45, 1,[ 48, 97, 67, 32]],

[ 78, 65, 1,[ 43, 37, 61, 8]],

[ 45, 75, 0,[ 7, 2, 63]],

[ 20, 5, 1,[ 56, 68, 36]],

[ 43, 95, 0,[ 78, 66, 54]],

[ 3, 95, 1,[ 97, 13, 86]],

[ 17, 25, 1,[ 94, 86, 72, 60]],

[ 25, 95, 0,[ 22, 53, 97]],

[ 5, 95, 0,[ 79, 27, 0]],

[ 64, 5, 0,[ 44, 35]],

[ 58, 95, 0,[ 85, 81, 61]],

[ 66, 15, 1,[ 47, 43, 82]],

[ 82, 95, 0,[ 77, 66, 44]],

[ 0, 45, 0,[ 5, 23, 39, 37]],

[ 57, 65, 1,[ 14, 13, 99]],

[ 41, 55, 1,[ 99, 85, 76, 74, 86]],

[ 70, 5, 0,[ 24, 88, 8]],

[ 1, 25, 0,[ 9, 37, 63]],

[ 31, 95, 1,[ 74, 75, 30, 67]],

[ 56, 55, 1,[ 15, 20, 42]],

[ 80, 25, 0,[ 47, 93, 92, 62]],

[ 30, 15, 1,[ 11, 4, 31]],

[ 71, 75, 0,[ 89, 39, 2]],

[ 36, 85, 1,[ 81, 20, 63]],

[ 99, 75, 0,[ 19, 50, 57, 41, 23]],

[ 85, 95, 0,[ 41, 24, 58]],

[ 13, 95, 0,[ 73, 57, 3]],

[ 91, 25, 0,[ 84, 76, 81]],

[ 39, 35, 1,[ 51, 71, 0]],

[ 94, 25, 0,[ 17, 37, 11]],

[ 88, 15, 1,[ 86, 69, 70, 67]],

[ 62, 45, 1,[ 10, 50, 38, 80]],

[ 83, 95, 1,[ 11, 34, 52, 84]],

[ 8, 75, 0,[ 78, 70, 6, 72, 60]],

[ 32, 75, 0,[ 7, 12, 63]],

[ 87, 95, 1,[ 96, 46, 28]],

[ 40, 75, 0,[ 49, 52]],

[ 22, 75, 1,[ 25, 16, 49]],

[ 93, 35, 1,[ 80, 77, 42]],

[ 67, 95, 0,[ 12, 31, 88, 47]],

[ 2, 15, 1,[ 9, 45, 95, 10, 71]],

[ 18, 75, 0,[ 16, 77, 53]],

[ 86, 75, 1,[ 41, 3, 88, 17]],

[ 60, 95, 1,[ 21, 8, 17]],

[ 54, 95, 1,[ 43, 24, 49, 46, 9]],

[ 33, 75, 0,[ 38, 89, 42]],

[ 89, 45, 1,[ 33, 24, 71]],

[ 79, 95, 0,[ 16, 65, 5]],

[ 50, 25, 1,[ 62, 34, 99]],

[ 48, 75, 1,[ 75, 63, 59, 12]],

[ 53, 95, 0,[ 28, 18, 25]],

[ 55, 75, 1,[ 92, 59, 65]],

[ 75, 75, 0,[ 31, 48, 90]],

[ 14, 95, 0,[ 51, 57, 35]],

[ 59, 25, 1,[ 73, 55, 28, 48]],

[ 26, 75, 0,[ 7, 65, 38]],

[ 15, 75, 0,[ 56, 35, 77]],

[ 24, 65, 1,[ 85, 54, 89, 70, 98]],

[ 19, 75, 0,[ 99, 74, 92]],

[ 38, 75, 0,[ 62, 33, 26, 21]],

[ 42, 75, 0,[ 33, 93, 56]],

[ 49, 75, 1,[ 54, 40, 22]],

[ 9, 75, 0,[ 54, 1, 2]],

[ 98, 95, 0,[ 68, 24, 76]],

[ 51, 95, 0,[ 39, 35, 14]],

[ 16, 5, 1,[ 22, 35, 18, 79]],

[ 44, 5, 1,[ 64, 82, 21]],

[ 29, 85, 1,[ 73, 27, 34]],

[ 46, 45, 1,[ 87, 96, 52, 54]],

[ 35, 85, 1,[ 14, 64, 97, 51, 15, 16]],

[ 81, 5, 1,[ 76, 91, 69, 58, 36]],

[ 61, 95, 0,[ 58, 78, 4]],

[ 34, 75, 1,[ 29, 50, 83, 90]],

[ 27, 15, 1,[ 5, 11, 72, 28, 29]],

[ 69, 15, 0,[ 81, 88, 84]],

[ 73, 95, 0,[ 59, 13, 29]],

[ 92, 85, 1,[ 19, 80, 55]],

[ 77, 75, 0,[ 82, 15, 93, 18, 6]],

[ 76, 85, 0,[ 98, 41, 91, 81]],

[ 11, 75, 1,[ 94, 83, 30, 90, 27]],

