[ 95, 25, 0,[ 23, 85, 6]],

[ 62, 25, 0,[ 52, 23, 34]],

[ 99, 25, 0,[ 32, 45]],

[ 52, 25, 0,[ 62, 92, 34, 26]],

[ 67, 25, 0,[ 28, 56]],

[ 92, 25, 0,[ 52, 17, 36, 69]],

[ 89, 5, 0,[ 0, 31, 71, 70, 57]],

[ 53, 25, 0,[ 68, 98, 70]],

[ 85, 25, 0,[ 17, 95, 0, 70]],

[ 59, 25, 0,[ 21, 25, 96]],

[ 83, 25, 0,[ 91, 75, 56]],

[ 22, 25, 0,[ 84, 7, 51]],

[ 82, 25, 0,[ 31, 61, 66, 29]],

[ 77, 25, 0,[ 70, 91, 34]],

[ 96, 5, 1,[ 74, 16, 59, 71, 29, 70, 27, 44]],

[ 78, 25, 0,[ 64, 70, 21]],

[ 29, 25, 0,[ 96, 64, 82]],

[ 37, 25, 0,[ 75, 36, 87]],

[ 84, 25, 0,[ 8, 22, 38]],

[ 12, 5, 0,[ 18, 16, 34, 44]],

[ 42, 25, 0,[ 75, 70, 17]],

[ 49, 25, 0,[ 75, 97, 20]],

[ 90, 5, 0,[ 87, 74]],

[ 88, 25, 0,[ 26, 72, 75, 21]],

[ 2, 25, 0,[ 11, 75, 15]],

[ 74, 5, 0,[ 96, 90, 70, 98]],

[ 72, 25, 0,[ 76, 88, 35]],

[ 5, 5, 0,[ 34, 41, 70]],

[ 79, 25, 0,[ 18, 24, 34]],

[ 8, 25, 0,[ 25, 6, 60, 56, 84, 75, 47]],

[ 1, 25, 0,[ 32, 65, 56]],

[ 39, 25, 0,[ 65, 17, 81]],

[ 47, 25, 0,[ 8, 98, 36]],

[ 65, 25, 0,[ 1, 3, 39]],

[ 75, 45, 1,[ 14, 42, 37, 8, 49, 45, 43, 98, 88, 13, 80, 69, 66, 94, 30, 27, 83, 10, 3, 36, 2, 93, 57, 60]],

[ 18, 25, 0,[ 12, 79, 34]],

[ 19, 25, 0,[ 57, 17, 21]],

[ 41, 5, 0,[ 5, 76, 71]],

[ 27, 25, 0,[ 63, 35, 91, 96, 75]],

[ 26, 25, 0,[ 52, 88, 34, 40]],

[ 63, 25, 0,[ 16, 27]],

[ 0, 25, 0,[ 89, 43, 7, 85, 97]],

[ 13, 25, 0,[ 48, 75, 71]],

[ 43, 75, 0,[ 34, 0, 75]],

[ 46, 25, 0,[ 73, 45, 69]],

[ 86, 25, 0,[ 56, 58, 44]],

[ 10, 25, 0,[ 11, 80, 75]],

[ 94, 25, 0,[ 3, 7, 75]],

[ 55, 25, 0,[ 91, 76, 36]],

[ 58, 25, 0,[ 91, 73, 86]],

[ 17, 25, 0,[ 39, 42, 85, 92, 19]],

[ 6, 25, 0,[ 34, 8, 95]],

[ 14, 75, 0,[ 60, 75, 70]],

[ 35, 25, 0,[ 9, 72, 27]],

[ 11, 25, 0,[ 2, 73, 10]],

[ 91, 25, 1,[ 93, 32, 61, 24, 55, 58, 44, 51, 27, 4, 83, 68, 77]],

[ 30, 25, 0,[ 15, 68, 75]],

[ 9, 95, 1,[ 15, 50, 35]],

[ 56, 75, 1,[ 57, 83, 8, 54, 64, 87, 51, 4, 67, 1, 86, 25]],

[ 66, 25, 0,[ 75, 82, 48]],

[ 87, 25, 0,[ 90, 37, 56, 98]],

[ 7, 25, 0,[ 0, 22, 94]],

[ 93, 25, 0,[ 36, 73, 75, 91]],

[ 16, 5, 0,[ 96, 12, 63]],

[ 60, 25, 0,[ 14, 36, 8, 75]],

[ 38, 25, 0,[ 84, 23, 68]],

[ 48, 25, 0,[ 51, 66, 13]],

[ 57, 5, 0,[ 89, 56, 75, 19]],

[ 69, 25, 0,[ 92, 46, 75]],

[ 98, 95, 1,[ 87, 75, 74, 47, 53, 36]],

[ 24, 25, 0,[ 79, 91, 36]],

[ 50, 5, 0,[ 20, 9, 23]],

[ 28, 25, 0,[ 34, 67, 97]],

[ 15, 25, 0,[ 34, 30, 2, 9]],

[ 4, 25, 0,[ 36, 76, 56, 91]],

[ 73, 25, 0,[ 58, 93, 11, 46, 34]],

[ 54, 5, 0,[ 56, 23, 81]],

[ 34, 55, 1,[ 6, 5, 79, 62, 73, 33, 77, 61, 15, 26, 43, 28, 18, 52, 12, 97]],

[ 3, 25, 0,[ 65, 94, 75]],

[ 70, 75, 1,[ 53, 14, 77, 42, 96, 89, 31, 78, 85, 5, 97, 74]],

[ 33, 25, 0,[ 81, 34]],

[ 51, 25, 0,[ 91, 22, 56, 48]],

[ 31, 25, 0,[ 70, 82, 89]],

[ 45, 25, 0,[ 75, 99, 46]],

[ 80, 25, 0,[ 75, 10]],

[ 44, 5, 0,[ 91, 96, 86, 12]],

[ 21, 25, 1,[ 40, 59, 78, 88, 19]],

[ 20, 25, 0,[ 68, 49, 50]],

[ 81, 5, 0,[ 54, 33, 39]],

[ 32, 25, 0,[ 99, 1, 91]],

[ 40, 25, 0,[ 26, 21, 76]],

[ 76, 25, 0,[ 41, 4, 40, 72, 55]],

[ 68, 25, 0,[ 20, 30, 53, 38, 91]],

[ 36, 5, 1,[ 98, 47, 37, 92, 60, 4, 75, 24, 55, 93]],

[ 23, 5, 0,[ 54, 50, 62, 95, 38]],

[ 61, 25, 0,[ 34, 91, 82]],

[ 71, 5, 0,[ 41, 89, 96, 13]],

[ 25, 25, 0,[ 56, 8, 59]],

[ 64, 25, 0,[ 56, 78, 29]],

[ 97, 25, 0,[ 49, 28, 70, 34, 0]],

