[ 22, 5, 0,[ 62, 42, 57]],

[ 84, 35, 1,[ 31, 5, 35, 86]],

[ 33, 25, 1,[ 80, 53, 45]],

[ 1, 55, 0,[ 13, 58, 66]],

[ 34, 45, 0,[ 88, 20, 23]],

[ 97, 35, 0,[ 11, 79, 66]],

[ 80, 75, 1,[ 33, 72, 40, 58]],

[ 29, 85, 1,[ 37, 94, 53, 9, 7]],

[ 50, 5, 0,[ 95, 71, 25]],

[ 71, 75, 1,[ 50, 26, 64]],

[ 32, 75, 1,[ 73, 7, 76, 83, 37, 54]],

[ 3, 5, 1,[ 17, 52, 26, 2]],

[ 27, 95, 0,[ 56, 99, 2]],

[ 9, 45, 1,[ 72, 29, 52]],

[ 85, 95, 0,[ 69, 91, 6]],

[ 74, 95, 0,[ 41, 2, 4]],

[ 19, 95, 1,[ 25, 41, 70]],

[ 30, 35, 1,[ 10, 89, 12, 75]],

[ 37, 25, 1,[ 29, 32, 36]],

[ 73, 15, 0,[ 13, 32, 87]],

[ 61, 5, 0,[ 8, 25, 13]],

[ 31, 75, 1,[ 84, 39, 8, 63]],

[ 15, 5, 0,[ 55, 78, 86]],

[ 70, 75, 1,[ 19, 21, 48, 6]],

[ 44, 55, 1,[ 60, 88, 8]],

[ 8, 5, 1,[ 44, 41, 31, 61, 2]],

[ 2, 95, 1,[ 17, 8, 64, 74, 27, 3, 55]],

[ 17, 95, 0,[ 3, 0, 2]],

[ 86, 35, 1,[ 84, 56, 35, 15]],

[ 60, 5, 0,[ 44, 49, 41, 23]],

[ 90, 25, 1,[ 62, 46, 47]],

[ 5, 35, 0,[ 21, 48, 84]],

[ 35, 55, 1,[ 84, 86, 81]],

[ 48, 45, 0,[ 5, 70, 99]],

[ 78, 95, 1,[ 38, 79, 15, 6, 25]],

[ 24, 45, 0,[ 12, 63, 93]],

[ 40, 65, 0,[ 96, 80, 10, 54]],

[ 41, 5, 0,[ 14, 74, 19, 8, 60]],

[ 72, 85, 1,[ 80, 65, 9]],

[ 11, 35, 1,[ 52, 57, 97]],

[ 75, 5, 0,[ 26, 68, 30]],

[ 83, 45, 1,[ 81, 95, 32]],

[ 53, 55, 1,[ 96, 29, 33, 69]],

[ 7, 75, 0,[ 32, 23, 29]],

[ 59, 15, 0,[ 62, 0, 76]],

[ 20, 95, 1,[ 12, 34]],

[ 69, 55, 1,[ 85, 28, 53]],

[ 4, 35, 1,[ 93, 43, 74]],

[ 96, 65, 1,[ 28, 98, 53, 40]],

[ 12, 85, 1,[ 30, 63, 20, 65, 24]],

[ 13, 55, 0,[ 64, 92, 1, 61, 73]],

[ 43, 15, 0,[ 4, 14, 18]],

[ 16, 95, 0,[ 49, 6, 36]],

[ 95, 5, 1,[ 50, 51, 83, 55]],

[ 62, 15, 1,[ 22, 59, 90, 67]],

[ 52, 45, 0,[ 9, 11, 3]],

[ 64, 95, 0,[ 2, 13, 71]],

[ 0, 45, 0,[ 89, 93, 81, 59, 17]],

[ 49, 75, 1,[ 16, 88, 98, 60]],

[ 14, 15, 0,[ 65, 43, 41]],

[ 65, 15, 1,[ 14, 39, 72, 12]],

[ 87, 15, 0,[ 76, 98, 73]],

[ 10, 65, 1,[ 40, 42, 77, 30, 57]],

[ 26, 5, 0,[ 3, 71, 92, 75]],

[ 67, 45, 0,[ 79, 62, 88]],

[ 58, 65, 1,[ 80, 1, 94]],

[ 81, 65, 1,[ 0, 35, 83]],

[ 76, 15, 0,[ 32, 87, 28, 59]],

[ 88, 45, 1,[ 67, 49, 44, 34, 66]],

[ 55, 5, 0,[ 95, 2, 15]],

[ 82, 15, 0,[ 46, 91, 45]],

[ 18, 15, 1,[ 43, 68, 56]],

[ 38, 85, 1,[ 91, 78, 77]],

[ 93, 45, 0,[ 0, 79, 4, 24]],

[ 77, 85, 0,[ 10, 45, 38, 94]],

[ 89, 45, 0,[ 30, 0, 51]],

[ 47, 45, 0,[ 68, 21, 90]],

[ 39, 15, 0,[ 31, 65]],

[ 98, 75, 0,[ 87, 49, 96]],

[ 23, 35, 1,[ 60, 92, 7, 34]],

[ 21, 45, 0,[ 70, 47, 5, 36]],

[ 54, 65, 0,[ 99, 40, 32]],

[ 66, 35, 0,[ 97, 88, 1]],

[ 51, 5, 0,[ 95, 89, 46]],

[ 36, 25, 1,[ 21, 16, 37]],

[ 57, 5, 0,[ 22, 10, 11]],

[ 6, 95, 1,[ 70, 16, 78, 85]],

[ 68, 5, 0,[ 75, 18, 47]],

[ 91, 25, 1,[ 42, 38, 85, 82]],

[ 92, 15, 1,[ 26, 23, 13]],

[ 28, 65, 0,[ 69, 76, 96]],

[ 45, 45, 1,[ 33, 82, 77]],

[ 94, 45, 1,[ 77, 58, 29]],

[ 63, 45, 0,[ 31, 12, 24]],

[ 79, 25, 1,[ 25, 67, 93, 97, 78]],

[ 99, 45, 0,[ 48, 27, 54]],

[ 42, 25, 0,[ 22, 91, 10]],

[ 25, 15, 1,[ 78, 61, 79, 50, 19]],

[ 46, 15, 1,[ 82, 51, 90]],

[ 56, 5, 1,[ 27, 86, 18]],

