[ 12, 65, 0,[ 44, 62, 49]],

[ 53, 25, 0,[ 29, 21, 31]],

[ 28, 5, 1,[ 40, 63, 9, 69]],

[ 18, 15, 1,[ 68, 92, 16, 22, 11]],

[ 86, 25, 1,[ 88, 33, 23]],

[ 81, 95, 1,[ 47, 65, 92]],

[ 66, 25, 1,[ 89, 62, 45]],

[ 17, 15, 0,[ 25, 91, 51]],

[ 39, 15, 1,[ 97, 55, 57, 75]],

[ 35, 95, 1,[ 78, 95, 82]],

[ 49, 65, 0,[ 0, 12, 19]],

[ 29, 75, 0,[ 41, 71, 80, 53]],

[ 9, 25, 0,[ 64, 13, 28]],

[ 57, 15, 0,[ 39, 5, 33]],

[ 60, 85, 0,[ 50, 96, 54]],

[ 92, 75, 1,[ 81, 18, 77]],

[ 41, 95, 0,[ 29, 33, 19]],

[ 91, 15, 0,[ 45, 17, 22]],

[ 83, 55, 1,[ 23, 10, 58, 61]],

[ 87, 95, 0,[ 3, 59, 30, 73]],

[ 95, 95, 0,[ 20, 35, 89]],

[ 82, 65, 0,[ 70, 40, 35]],

[ 23, 95, 0,[ 83, 24, 51, 54, 2, 86, 4]],

[ 3, 45, 1,[ 93, 88, 87]],

[ 10, 95, 1,[ 83, 40, 50, 33]],

[ 4, 95, 0,[ 79, 42, 23]],

[ 19, 25, 1,[ 34, 49, 24, 41]],

[ 70, 65, 0,[ 94, 82, 97, 75]],

[ 13, 15, 1,[ 9, 69, 89]],

[ 36, 15, 0,[ 85, 67, 5, 64]],

[ 67, 75, 0,[ 61, 11, 36]],

[ 52, 85, 0,[ 47, 71, 15, 45]],

[ 43, 35, 1,[ 2, 98, 56, 0, 96]],

[ 73, 15, 0,[ 54, 87, 56]],

[ 27, 45, 1,[ 94, 32, 72]],

[ 79, 85, 1,[ 4, 7, 38]],

[ 77, 35, 0,[ 93, 92, 89]],

[ 74, 15, 1,[ 1, 40, 84]],

[ 15, 55, 1,[ 76, 85, 52]],

[ 63, 25, 1,[ 28, 64, 7, 37]],

[ 51, 95, 0,[ 46, 23, 17]],

[ 68, 25, 0,[ 18, 31, 25, 76]],

[ 93, 35, 1,[ 3, 77, 56]],

[ 21, 55, 1,[ 2, 8, 78, 53]],

[ 78, 95, 0,[ 35, 64, 21]],

[ 56, 15, 1,[ 93, 43, 73, 44, 99]],

[ 34, 75, 0,[ 1, 59, 2, 19]],

[ 31, 25, 0,[ 68, 62, 53]],

[ 0, 65, 1,[ 42, 47, 24, 49, 96, 43]],

[ 1, 15, 0,[ 34, 88, 74]],

[ 98, 35, 1,[ 43, 84, 69]],

[ 99, 75, 0,[ 56, 65, 80]],

[ 89, 95, 0,[ 13, 95, 14, 77, 66]],

[ 47, 65, 0,[ 0, 81, 52]],

[ 96, 85, 1,[ 6, 43, 0, 45, 60]],

[ 46, 95, 0,[ 76, 51, 64]],

[ 80, 75, 0,[ 76, 48, 99, 29]],

[ 85, 35, 1,[ 90, 36, 16, 15]],

[ 58, 35, 0,[ 90, 84, 83, 38]],

[ 88, 25, 1,[ 86, 3, 1, 26]],

[ 5, 15, 1,[ 48, 36, 57]],

[ 50, 35, 1,[ 60, 22, 20, 10]],

[ 84, 35, 0,[ 58, 98, 74]],

[ 54, 95, 1,[ 73, 23, 60, 26]],

[ 76, 45, 1,[ 68, 46, 80, 15]],

[ 45, 85, 0,[ 66, 96, 91, 52]],

[ 2, 95, 0,[ 43, 21, 34, 23]],

[ 14, 95, 0,[ 48, 89, 61]],

[ 8, 85, 1,[ 61, 38, 21]],

[ 61, 95, 0,[ 83, 14, 8, 67]],

[ 40, 75, 1,[ 10, 82, 74, 28]],

[ 16, 35, 0,[ 85, 18, 90]],

[ 33, 95, 0,[ 86, 10, 57, 41]],

[ 62, 35, 1,[ 66, 7, 12, 31]],

[ 59, 75, 1,[ 34, 87, 65]],

[ 22, 15, 0,[ 72, 50, 18, 91]],

[ 90, 25, 1,[ 85, 58, 20, 16]],

[ 94, 45, 0,[ 27, 32, 70]],

[ 25, 75, 0,[ 68, 17, 55]],

[ 64, 25, 0,[ 9, 63, 78, 46, 36]],

[ 65, 45, 1,[ 81, 59, 99]],

[ 11, 75, 1,[ 97, 18, 67]],

[ 69, 85, 1,[ 55, 28, 13, 98]],

[ 30, 95, 1,[ 37, 87, 6]],

[ 72, 65, 0,[ 27, 22, 44]],

[ 97, 15, 1,[ 70, 71, 11, 39]],

[ 75, 65, 0,[ 70, 39, 6]],

[ 37, 95, 0,[ 63, 30, 32]],

[ 71, 65, 1,[ 29, 52, 97]],

[ 7, 85, 1,[ 63, 62, 6, 79]],

[ 55, 75, 1,[ 39, 69, 25]],

[ 24, 45, 1,[ 23, 0, 19]],

[ 20, 95, 0,[ 50, 95, 90]],

[ 44, 65, 1,[ 12, 72, 56]],

[ 38, 25, 1,[ 79, 58, 8]],

[ 32, 85, 1,[ 27, 94, 37]],

[ 48, 75, 0,[ 14, 80, 5]],

[ 6, 75, 1,[ 75, 30, 7, 96]],

[ 42, 75, 1,[ 26, 0, 4]],

[ 26, 25, 0,[ 54, 88, 42]],

