[ 18, 65, 0,[ 75, 41, 22, 80]],

[ 45, 65, 0,[ 1, 23, 89, 16, 17]],

[ 84, 65, 0,[ 15, 10, 41, 69]],

[ 53, 65, 0,[ 10, 56]],

[ 21, 35, 0,[ 24, 12, 89]],

[ 36, 65, 0,[ 88, 96, 33]],

[ 98, 65, 0,[ 76, 73, 78, 51]],

[ 95, 35, 0,[ 12, 99, 22]],

[ 31, 55, 0,[ 35, 80, 15]],

[ 75, 65, 0,[ 40, 19, 18]],

[ 29, 65, 0,[]],

[ 30, 65, 0,[ 81, 20]],

[ 48, 65, 0,[ 22, 12, 47, 49, 24]],

[ 76, 65, 0,[ 0, 98, 77]],

[ 2, 65, 0,[]],

[ 14, 65, 0,[ 65, 70, 63]],

[ 69, 65, 0,[ 68, 58, 94, 12, 84, 8]],

[ 25, 55, 0,[ 67, 42]],

[ 55, 35, 0,[ 77, 62, 15]],

[ 92, 35, 0,[ 80, 82]],

[ 11, 35, 0,[ 24, 20, 12]],

[ 32, 65, 0,[]],

[ 67, 55, 0,[ 23, 25, 12]],

[ 81, 65, 0,[ 20, 30, 63, 52]],

[ 50, 35, 0,[ 80]],

[ 37, 65, 0,[ 12, 85, 27]],

[ 89, 65, 0,[ 21, 10, 45]],

[ 19, 65, 0,[ 75, 46, 24]],

[ 56, 65, 0,[ 53, 70, 99, 22]],

[ 82, 65, 0,[ 28, 41, 92]],

[ 38, 65, 0,[ 22, 26, 79]],

[ 5, 35, 0,[ 16, 99, 12]],

[ 91, 35, 0,[]],

[ 10, 65, 1,[ 59, 84, 53, 66, 89, 7, 62, 47, 96]],

[ 88, 65, 0,[ 80, 36, 22]],

[ 6, 65, 0,[ 65]],

[ 78, 65, 0,[ 15, 98, 80]],

[ 20, 65, 1,[ 81, 54, 40, 42, 30, 11]],

[ 61, 35, 0,[ 15, 72, 24]],

[ 65, 65, 0,[ 14, 6, 12]],

[ 73, 55, 0,[ 98, 12]],

[ 23, 55, 0,[ 45, 67]],

[ 66, 55, 0,[ 10, 44, 12, 34]],

[ 86, 65, 0,[ 51]],

[ 13, 65, 0,[ 42, 51, 24]],

[ 39, 65, 0,[ 0, 85, 15]],

[ 93, 65, 0,[ 46, 15, 96]],

[ 99, 35, 1,[ 77, 5, 95, 56]],

[ 42, 65, 0,[ 20, 49, 25, 13]],

[ 1, 65, 0,[ 45, 59, 15]],

[ 12, 55, 1,[ 67, 37, 34, 17, 40, 73, 4, 90, 65, 11, 95, 66, 48, 21, 59, 46, 5, 69]],

[ 15, 55, 1,[ 39, 31, 93, 49, 84, 61, 28, 55, 78, 9, 87, 1]],

[ 27, 65, 0,[ 62, 37, 72]],

[ 22, 65, 1,[ 88, 18, 38, 95, 83, 48, 56, 46]],

[ 68, 65, 0,[ 69]],

[ 77, 35, 1,[ 33, 55, 7, 99, 24, 58, 76, 80]],

[ 7, 65, 0,[ 77, 10, 62]],

[ 28, 65, 0,[ 63, 82, 15]],

[ 87, 65, 0,[ 62, 15, 0, 58]],

[ 47, 65, 0,[ 10, 48, 24]],

[ 80, 35, 1,[ 90, 18, 88, 31, 92, 78, 60, 77, 50]],

[ 60, 35, 0,[ 43, 80]],

[ 0, 65, 0,[ 76, 87, 39]],

[ 96, 65, 0,[ 93, 10, 4, 36]],

[ 71, 55, 0,[]],

[ 3, 35, 0,[ 44, 49]],

[ 85, 65, 0,[ 74, 39, 79, 37]],

[ 33, 65, 0,[ 36, 77, 94]],

[ 17, 65, 0,[ 12, 45, 64]],

[ 97, 65, 0,[ 43]],

[ 58, 65, 0,[ 77, 87, 69]],

[ 34, 55, 0,[ 24, 66, 12]],

[ 72, 65, 0,[ 83, 27, 61]],

[ 16, 65, 0,[ 51, 5, 45]],

[ 79, 65, 0,[ 85, 52, 38, 51]],

[ 35, 55, 0,[ 63, 31]],

[ 43, 65, 0,[ 51, 60, 97]],

[ 62, 65, 0,[ 7, 27, 87, 83, 10, 55]],

[ 44, 35, 0,[ 3, 66, 90]],

[ 52, 65, 0,[ 81, 79]],

[ 4, 65, 0,[ 96, 12, 51]],

[ 70, 65, 0,[ 14, 56]],

[ 83, 65, 0,[ 72, 22, 62]],

[ 9, 55, 0,[ 15]],

[ 41, 65, 0,[ 18, 84, 82]],

[ 57, 65, 0,[]],

[ 46, 65, 0,[ 93, 22, 19, 12]],

[ 26, 65, 0,[ 38]],

[ 49, 65, 0,[ 42, 15, 3, 48]],

[ 24, 35, 1,[ 11, 47, 19, 61, 77, 13, 34, 21, 48]],

[ 51, 65, 1,[ 13, 79, 8, 86, 94, 43, 98, 16, 4]],

[ 74, 65, 0,[ 85]],

[ 90, 35, 0,[ 44, 12, 80]],

[ 94, 65, 0,[ 69, 33, 51]],

[ 40, 65, 0,[ 12, 75, 20]],

[ 63, 65, 0,[ 81, 35, 28, 14]],

[ 8, 65, 0,[ 51, 59, 69]],

[ 64, 65, 0,[ 54, 17]],

[ 54, 65, 0,[ 20, 64]],

[ 59, 65, 0,[ 12, 8, 10, 1]],

