[ 55, 25, 0,[ 80, 84, 9]],

[ 66, 25, 0,[ 34, 98, 25, 27]],

[ 40, 25, 0,[ 77, 82, 29, 28]],

[ 1, 25, 0,[ 4, 47, 0]],

[ 27, 25, 0,[ 66, 90, 76]],

[ 7, 25, 0,[ 60, 77, 16]],

[ 92, 25, 0,[ 65, 79, 19]],

[ 25, 25, 0,[ 66, 50, 95]],

[ 29, 25, 0,[ 63, 40, 99, 64]],

[ 12, 25, 1,[ 9, 26, 0, 74, 15]],

[ 10, 25, 0,[ 45, 54, 56]],

[ 13, 25, 0,[ 3, 48, 0]],

[ 5, 25, 0,[ 23, 43, 94]],

[ 35, 25, 0,[ 64, 88, 84, 6]],

[ 19, 25, 0,[ 98, 92, 51]],

[ 41, 65, 1,[ 91, 4, 45, 2, 42, 6, 9, 58]],

[ 73, 25, 0,[ 83, 33, 91, 21]],

[ 14, 25, 0,[ 6, 75, 54, 98]],

[ 94, 25, 0,[ 79, 81, 51, 5]],

[ 30, 25, 0,[ 82, 78, 24]],

[ 37, 25, 0,[ 61, 32, 79, 47]],

[ 53, 55, 0,[ 60, 79, 45]],

[ 62, 25, 0,[ 70, 3, 67]],

[ 84, 55, 1,[ 15, 35, 78, 52, 83, 16, 98, 39, 55]],

[ 8, 25, 0,[ 24, 99, 16]],

[ 33, 25, 0,[ 73, 99, 65]],

[ 57, 55, 0,[ 58, 99, 78]],

[ 69, 25, 0,[ 60, 98, 22]],

[ 46, 25, 0,[ 16, 20, 85, 79]],

[ 91, 25, 0,[ 87, 73, 3, 41, 38]],

[ 90, 35, 0,[ 98, 27, 79]],

[ 16, 25, 0,[ 72, 46, 8, 84, 51, 17, 7]],

[ 61, 25, 0,[ 37, 59, 44]],

[ 63, 25, 0,[ 72, 79, 29]],

[ 34, 25, 0,[ 47, 66, 3]],

[ 70, 25, 0,[ 62, 45, 93]],

[ 56, 25, 0,[ 10, 42, 36]],

[ 31, 75, 0,[ 3, 4]],

[ 44, 25, 0,[ 2, 80, 3, 61, 68]],

[ 0, 25, 0,[ 87, 39, 13, 1, 18, 12]],

[ 85, 25, 0,[ 36, 79, 46]],

[ 83, 25, 0,[ 73, 84, 86]],

[ 72, 25, 0,[ 2, 63, 16]],

[ 99, 45, 1,[ 57, 48, 8, 22, 29, 33]],

[ 77, 25, 0,[ 40, 7, 81]],

[ 97, 5, 0,[ 96, 3, 82]],

[ 18, 25, 0,[ 67, 3, 0]],

[ 49, 25, 0,[ 98, 24]],

[ 68, 25, 0,[ 21, 74, 44]],

[ 39, 35, 0,[ 0, 84, 79]],

[ 2, 25, 0,[ 72, 44, 41]],

[ 54, 25, 0,[ 10, 14, 79]],

[ 82, 25, 0,[ 40, 97, 30, 43]],

[ 24, 25, 0,[ 30, 49, 89, 8]],

[ 47, 25, 0,[ 1, 34, 37]],

[ 6, 25, 0,[ 35, 41, 14, 26]],

[ 9, 25, 0,[ 41, 38, 12, 55, 71]],

[ 93, 25, 0,[ 71, 70, 36]],

[ 11, 25, 0,[ 4, 79, 65]],

[ 15, 55, 0,[ 84, 12]],

[ 52, 55, 0,[ 50, 98, 84]],

[ 58, 25, 0,[ 57, 3, 21, 41]],

[ 80, 25, 0,[ 67, 55, 44]],

[ 28, 25, 0,[ 40, 3, 88]],

[ 79, 35, 1,[ 85, 53, 90, 39, 94, 37, 11, 17, 92, 54, 23, 63, 46]],

[ 67, 25, 0,[ 20, 80, 62, 18, 59]],

[ 78, 55, 1,[ 30, 57, 50, 84]],

[ 48, 55, 0,[ 13, 99, 45]],

[ 74, 25, 0,[ 12, 95, 68]],

[ 60, 25, 0,[ 53, 71, 86, 69, 7]],

[ 50, 55, 0,[ 78, 25, 52]],

[ 65, 25, 0,[ 11, 3, 92, 33]],

[ 32, 25, 0,[ 81, 37, 76]],

[ 81, 25, 0,[ 32, 77, 94]],

[ 75, 25, 0,[ 88, 76, 42, 14]],

[ 20, 25, 0,[ 67, 45, 46]],

[ 76, 25, 0,[ 27, 75, 32]],

[ 21, 25, 0,[ 58, 73, 68]],

[ 98, 5, 1,[ 84, 90, 52, 69, 14, 66, 49, 19]],

[ 3, 75, 1,[ 87, 58, 31, 28, 34, 65, 17, 44, 89, 18, 13, 91, 97, 62]],

[ 59, 25, 0,[ 61, 67, 45]],

[ 88, 25, 0,[ 75, 35, 28]],

[ 36, 25, 0,[ 93, 85, 96, 56]],

[ 64, 25, 0,[ 35, 29, 96]],

[ 45, 55, 1,[ 48, 4, 70, 10, 20, 41, 53, 59]],

[ 17, 75, 0,[ 16, 3, 79]],

[ 23, 35, 0,[ 79, 5]],

[ 51, 25, 0,[ 94, 19, 16]],

[ 71, 25, 0,[ 60, 9, 93]],

[ 26, 25, 0,[ 6, 12, 22]],

[ 89, 25, 0,[ 24, 3, 38]],

[ 86, 25, 0,[ 83, 4, 60]],

[ 42, 25, 0,[ 41, 75, 56]],

[ 4, 25, 0,[ 86, 1, 31, 41, 45, 11]],

[ 96, 5, 1,[ 36, 97, 64]],

[ 43, 25, 0,[ 5, 82]],

[ 38, 25, 0,[ 89, 9, 91]],

[ 22, 25, 0,[ 26, 99, 69]],

[ 95, 25, 0,[ 25, 74]],

[ 87, 25, 0,[ 3, 91, 0]],

