[ 49, 75, 1,[ 78, 28, 95]],

[ 93, 95, 1,[ 53, 97, 91]],

[ 7, 5, 0,[ 76, 82, 63]],

[ 90, 55, 1,[ 18, 1, 16, 88]],

[ 26, 35, 1,[ 96, 64, 4, 47]],

[ 72, 15, 0,[ 73, 16, 29, 59, 88]],

[ 13, 15, 0,[ 29, 32, 46]],

[ 32, 45, 0,[ 8, 13, 9, 48, 39, 62]],

[ 80, 25, 0,[ 69, 60, 51]],

[ 21, 5, 0,[ 31, 82, 24]],

[ 24, 85, 1,[ 21, 12, 10, 25]],

[ 35, 65, 0,[ 88, 94, 82]],

[ 58, 55, 1,[ 74, 33, 46, 3]],

[ 25, 35, 1,[ 11, 51, 52, 54, 8, 24]],

[ 28, 95, 1,[ 49, 98, 67, 82]],

[ 4, 25, 0,[ 55, 99, 30, 26]],

[ 23, 5, 0,[ 70, 81]],

[ 5, 55, 0,[ 91, 3, 86]],

[ 94, 65, 0,[ 35, 17, 52]],

[ 40, 15, 1,[ 73, 42, 63, 52]],

[ 3, 85, 1,[ 58, 5, 0, 84]],

[ 15, 95, 0,[ 6, 22, 89]],

[ 0, 25, 1,[ 33, 3, 98]],

[ 29, 95, 1,[ 31, 72, 13, 99]],

[ 77, 25, 0,[ 91, 64, 9, 66]],

[ 87, 95, 1,[ 61, 11, 76, 20]],

[ 9, 25, 0,[ 77, 32, 78]],

[ 85, 55, 0,[ 2, 65, 42]],

[ 92, 5, 0,[ 62, 81, 56]],

[ 74, 95, 0,[ 37, 53, 58]],

[ 16, 5, 0,[ 61, 72, 90, 18]],

[ 43, 65, 0,[ 47, 71, 10]],

[ 17, 5, 1,[ 97, 18, 39, 54, 94]],

[ 55, 25, 0,[ 4, 37, 41, 6]],

[ 98, 75, 1,[ 0, 36, 28, 89]],

[ 56, 35, 0,[ 92, 59, 22, 36]],

[ 60, 65, 1,[ 62, 47, 80]],

[ 76, 95, 0,[ 66, 7, 87]],

[ 75, 45, 1,[ 64, 6, 18]],

[ 44, 15, 0,[ 70, 71, 52]],

[ 33, 95, 1,[ 52, 58, 0, 81, 2]],

[ 41, 35, 1,[ 55, 38]],

[ 22, 95, 0,[ 56, 83, 15]],

[ 6, 95, 0,[ 55, 15, 75]],

[ 84, 15, 1,[ 89, 86, 3]],

[ 19, 25, 1,[ 78, 50, 82]],

[ 71, 95, 0,[ 44, 83, 1, 43]],

[ 83, 95, 0,[ 57, 22, 66, 71]],

[ 10, 65, 0,[ 24, 30, 43]],

[ 31, 45, 1,[ 29, 21, 27]],

[ 12, 25, 0,[ 68, 67, 24]],

[ 8, 35, 1,[ 86, 25, 32]],

[ 45, 25, 1,[ 47, 66, 68]],

[ 20, 35, 1,[ 97, 61, 87]],

[ 61, 35, 0,[ 20, 16, 87]],

[ 14, 35, 0,[ 42, 46, 59, 70]],

[ 50, 95, 0,[ 19, 63, 42]],

[ 62, 5, 0,[ 95, 60, 92, 32]],

[ 53, 95, 0,[ 27, 74, 93]],

[ 70, 5, 0,[ 14, 44, 23]],

[ 66, 25, 0,[ 30, 83, 77, 45, 76]],

[ 69, 75, 1,[ 65, 59, 80]],

[ 64, 5, 1,[ 26, 75, 77]],

[ 46, 15, 1,[ 65, 48, 14, 58, 13, 34]],

[ 81, 5, 0,[ 92, 33, 23]],

[ 68, 25, 0,[ 45, 12]],

[ 39, 5, 0,[ 1, 17, 32]],

[ 79, 65, 0,[ 38, 30, 27]],

[ 67, 65, 1,[ 12, 28]],

[ 38, 15, 0,[ 27, 57, 79, 41]],

[ 11, 5, 0,[ 25, 18, 87]],

[ 73, 65, 1,[ 95, 72, 40, 34]],

[ 27, 15, 0,[ 31, 38, 79, 53]],

[ 51, 25, 1,[ 80, 25, 2]],

[ 91, 65, 1,[ 77, 5, 93]],

[ 97, 95, 0,[ 20, 93, 17]],

[ 36, 25, 1,[ 96, 98, 56]],

[ 52, 15, 1,[ 94, 44, 25, 33, 40]],

[ 18, 5, 1,[ 90, 17, 75, 16, 11]],

[ 99, 15, 0,[ 29, 4, 63]],

[ 63, 15, 0,[ 99, 40, 7, 50]],

[ 65, 55, 1,[ 85, 59, 46, 69]],

[ 89, 45, 1,[ 98, 84, 57, 15]],

[ 88, 15, 1,[ 35, 90, 72]],

[ 96, 25, 0,[ 26, 36]],

[ 47, 15, 1,[ 43, 45, 26, 60]],

[ 2, 25, 0,[ 33, 51, 85]],

[ 30, 65, 1,[ 10, 66, 79, 1, 4]],

[ 42, 95, 1,[ 37, 85, 50, 48, 40, 14]],

[ 48, 45, 1,[ 42, 46, 32]],

[ 57, 65, 1,[ 83, 89, 38]],

[ 54, 25, 1,[ 25, 17, 95]],

[ 34, 35, 0,[ 59, 73, 46]],

[ 82, 5, 1,[ 35, 21, 7, 19, 28]],

[ 1, 95, 0,[ 71, 30, 90, 39]],

[ 95, 5, 1,[ 54, 62, 86, 73, 49]],

[ 37, 35, 1,[ 74, 55, 42]],

[ 59, 35, 1,[ 65, 69, 72, 34, 56, 14]],

[ 78, 15, 1,[ 9, 49, 19]],

[ 86, 55, 1,[ 5, 8, 84, 95]],

