[ 95, 95, 0,[ 58, 66, 53]],

[ 8, 5, 0,[ 60, 87, 54]],

[ 69, 15, 0,[ 3, 79, 36, 67]],

[ 38, 65, 1,[ 36, 93, 27, 42]],

[ 34, 5, 0,[ 27, 92]],

[ 33, 35, 1,[ 52, 98, 30, 54, 57]],

[ 9, 5, 0,[ 20, 14]],

[ 96, 25, 0,[ 43, 39, 80, 55, 72]],

[ 51, 5, 0,[ 20, 74, 93]],

[ 4, 25, 1,[ 29, 32, 49, 54, 39, 23]],

[ 13, 45, 1,[ 36, 99]],

[ 1, 25, 1,[ 56, 0, 5]],

[ 92, 5, 0,[ 86, 16, 34, 61]],

[ 77, 45, 1,[ 87, 31, 5]],

[ 39, 25, 0,[ 91, 4, 96]],

[ 7, 25, 0,[ 25, 80, 37]],

[ 23, 15, 1,[ 87, 4, 94, 43]],

[ 32, 25, 0,[ 64, 4, 6]],

[ 53, 95, 0,[ 21, 95, 45, 67]],

[ 74, 5, 1,[ 31, 51, 48]],

[ 78, 65, 1,[ 11, 35, 88, 60]],

[ 88, 85, 1,[ 12, 78, 66]],

[ 65, 15, 0,[ 61, 10, 12, 5]],

[ 22, 15, 1,[ 29, 14, 45, 42]],

[ 90, 25, 1,[ 35, 81, 40]],

[ 86, 5, 0,[ 97, 92, 15]],

[ 57, 15, 0,[ 33, 17, 18, 59]],

[ 76, 35, 1,[ 99, 62, 31, 49]],

[ 59, 15, 0,[ 57, 54, 47]],

[ 71, 75, 0,[ 63, 56, 91]],

[ 3, 55, 0,[ 97, 69, 41]],

[ 87, 5, 1,[ 28, 77, 23, 8, 58]],

[ 99, 85, 0,[ 13, 76, 11]],

[ 44, 45, 0,[ 26, 0, 24]],

[ 36, 15, 1,[ 69, 38, 13]],

[ 29, 15, 0,[ 94, 22, 66, 24, 4]],

[ 41, 55, 1,[ 68, 55, 3]],

[ 12, 15, 0,[ 65, 88, 84]],

[ 45, 25, 1,[ 22, 53]],

[ 52, 65, 1,[ 33, 25, 89]],

[ 14, 5, 1,[ 22, 55, 9, 2]],

[ 75, 15, 0,[ 6, 85, 58]],

[ 83, 5, 0,[ 31, 26, 98, 62, 25]],

[ 63, 75, 0,[ 28, 71, 25]],

[ 80, 25, 0,[ 26, 96, 5, 7]],

[ 26, 45, 1,[ 83, 80, 44]],

[ 27, 5, 1,[ 47, 81, 38, 16, 34]],

[ 81, 75, 0,[ 68, 90, 27, 82]],

[ 62, 85, 1,[ 83, 55, 76, 64, 73]],

[ 6, 15, 1,[ 16, 30, 75, 32]],

[ 18, 5, 1,[ 25, 57, 70]],

[ 89, 65, 0,[ 52, 15, 56, 20]],

[ 10, 15, 0,[ 15, 84, 46, 65]],

[ 37, 55, 0,[ 7, 97, 30]],

[ 56, 75, 1,[ 1, 71, 89]],

[ 79, 15, 0,[ 69, 91, 40]],

[ 67, 95, 1,[ 53, 19, 69]],

[ 61, 35, 1,[ 46, 50, 65, 92, 98]],

[ 16, 5, 0,[ 27, 92, 6]],

[ 84, 15, 1,[ 47, 19, 48, 10, 12]],

[ 98, 5, 1,[ 61, 33, 83]],

[ 47, 15, 0,[ 84, 59, 27]],

[ 93, 55, 1,[ 25, 51, 38, 85]],

[ 15, 45, 1,[ 10, 89, 86]],

[ 54, 75, 1,[ 4, 33, 59, 8]],

[ 46, 15, 0,[ 17, 10, 61]],

[ 42, 5, 1,[ 38, 35, 22, 0]],

[ 85, 15, 0,[ 73, 82, 93, 75]],

[ 43, 95, 0,[ 23, 96, 2]],

[ 28, 75, 1,[ 63, 87]],

[ 30, 15, 0,[ 37, 6, 33]],

[ 50, 75, 1,[ 61, 64, 94]],

[ 73, 15, 1,[ 62, 66, 85]],

[ 20, 5, 0,[ 89, 9, 60, 51]],

[ 58, 15, 0,[ 75, 11, 87, 95]],

[ 0, 45, 0,[ 1, 44, 42]],

[ 66, 55, 1,[ 73, 29, 88, 95]],

[ 17, 15, 1,[ 46, 57, 97]],

[ 19, 95, 0,[ 84, 67, 70]],

[ 82, 75, 1,[ 85, 21, 81]],

[ 70, 75, 0,[ 19, 21, 72, 18]],

[ 40, 85, 1,[ 79, 90]],

[ 94, 15, 0,[ 29, 50, 23]],

[ 2, 95, 1,[ 14, 43, 72]],

[ 35, 5, 1,[ 42, 90, 78]],

[ 49, 35, 1,[ 4, 21, 76]],

[ 5, 75, 1,[ 80, 1, 68, 77, 65]],

[ 60, 5, 0,[ 8, 78, 20]],

[ 91, 25, 0,[ 39, 71, 79]],

[ 55, 5, 0,[ 62, 96, 14, 41]],

[ 11, 85, 1,[ 78, 99, 58]],

[ 68, 75, 0,[ 81, 5, 41]],

[ 31, 5, 0,[ 74, 76, 83, 77]],

[ 25, 25, 1,[ 18, 7, 83, 63, 52, 93]],

[ 72, 65, 1,[ 2, 70, 96, 48]],

[ 97, 55, 0,[ 86, 3, 17, 37]],

[ 24, 15, 0,[ 44, 29]],

[ 48, 15, 1,[ 72, 74, 84]],

[ 21, 75, 1,[ 82, 49, 53, 70]],

[ 64, 65, 1,[ 62, 50, 32]],

