[ 22, 25, 0,[ 6, 25, 31]],

[ 73, 15, 1,[ 74, 84, 26]],

[ 11, 15, 1,[ 55, 3, 49, 40]],

[ 93, 55, 0,[ 24, 54, 46]],

[ 9, 55, 0,[ 46, 3, 5]],

[ 95, 55, 1,[ 35, 46, 40]],

[ 67, 35, 0,[ 71, 63, 61]],

[ 8, 5, 1,[ 23, 63, 90]],

[ 61, 15, 0,[ 2, 91, 19, 67]],

[ 16, 15, 1,[ 36, 33, 75]],

[ 83, 75, 1,[ 4, 21, 45]],

[ 25, 25, 0,[ 22, 10, 56]],

[ 52, 55, 0,[ 33, 4, 46]],

[ 58, 75, 0,[ 90, 89, 84, 72]],

[ 92, 95, 0,[ 91, 69, 19, 56]],

[ 51, 25, 0,[ 57, 2, 5]],

[ 47, 5, 1,[ 87, 72, 3]],

[ 60, 95, 0,[ 23, 89, 36]],

[ 56, 95, 0,[ 53, 54, 25, 92]],

[ 97, 55, 1,[ 53, 74, 31]],

[ 71, 35, 0,[ 39, 67, 43]],

[ 34, 25, 0,[ 14, 28, 39]],

[ 79, 5, 0,[ 4, 59, 43]],

[ 33, 85, 1,[ 16, 2, 21, 52]],

[ 0, 55, 1,[ 40, 62, 4, 76]],

[ 99, 55, 0,[ 98, 68, 13]],

[ 32, 25, 1,[ 89, 62, 7]],

[ 10, 75, 1,[ 54, 81, 5, 3, 25]],

[ 75, 65, 1,[ 24, 45, 18, 16, 28]],

[ 18, 65, 0,[ 15, 75]],

[ 39, 75, 0,[ 81, 41, 34, 71]],

[ 96, 45, 1,[ 6, 29, 82, 37]],

[ 6, 25, 1,[ 59, 96, 22]],

[ 70, 55, 0,[ 12, 86, 48, 24, 38, 53]],

[ 44, 95, 0,[ 17, 68, 89]],

[ 38, 45, 0,[ 36, 40, 70]],

[ 36, 95, 1,[ 38, 16, 35, 42, 60]],

[ 2, 85, 1,[ 61, 51, 33]],

[ 13, 55, 1,[ 41, 17, 99, 82, 7]],

[ 40, 45, 1,[ 1, 38, 11, 0, 29, 95]],

[ 24, 65, 1,[ 75, 70, 93]],

[ 4, 45, 1,[ 83, 12, 0, 79, 62, 52]],

[ 29, 25, 1,[ 85, 40, 96]],

[ 76, 25, 1,[ 0, 90, 30, 72]],

[ 23, 75, 1,[ 60, 8, 7]],

[ 66, 5, 0,[ 19, 85, 69]],

[ 53, 25, 1,[ 70, 97, 56]],

[ 15, 95, 1,[ 78, 86, 18]],

[ 46, 55, 0,[ 93, 14, 27, 9, 52, 95]],

[ 30, 55, 1,[ 20, 76, 37, 28]],

[ 94, 25, 1,[ 50, 90, 86]],

[ 88, 5, 0,[ 57, 43, 21, 80]],

[ 78, 55, 0,[ 64, 15, 65]],

[ 26, 65, 1,[ 73, 64, 81, 68]],

[ 28, 25, 0,[ 30, 75, 98, 34]],

[ 49, 55, 0,[ 27, 74, 11]],

[ 82, 55, 0,[ 12, 13, 96]],

[ 21, 5, 1,[ 33, 83, 88]],

[ 27, 55, 0,[ 46, 49, 85]],

[ 64, 65, 0,[ 78, 26, 20, 59]],

[ 68, 95, 0,[ 99, 44, 86, 26]],

[ 42, 95, 0,[ 12, 54, 36]],

[ 14, 25, 0,[ 46, 34, 35]],

[ 19, 15, 1,[ 66, 61, 20, 92, 45]],

[ 85, 95, 1,[ 66, 27, 29, 80]],

[ 90, 75, 1,[ 94, 76, 8, 58]],

[ 41, 55, 0,[ 39, 59, 13]],

[ 48, 55, 0,[ 37, 70, 3]],

[ 45, 5, 1,[ 19, 83, 75]],

[ 50, 15, 1,[ 31, 80, 94]],

[ 74, 45, 1,[ 73, 97, 49]],

[ 91, 95, 0,[ 92, 61]],

[ 86, 95, 1,[ 70, 94, 15, 68]],

[ 63, 35, 1,[ 8, 65, 67]],

[ 54, 75, 0,[ 93, 56, 42, 10]],

[ 37, 45, 1,[ 43, 96, 30, 48]],

[ 77, 15, 0,[ 69, 98, 55]],

[ 55, 15, 0,[ 77, 84, 11]],

[ 17, 55, 0,[ 44, 13, 87]],

[ 84, 15, 0,[ 58, 55, 98, 73]],

[ 80, 5, 1,[ 85, 50, 88]],

[ 87, 25, 1,[ 65, 17, 47]],

[ 1, 45, 0,[ 40, 81]],

[ 98, 15, 0,[ 28, 77, 84, 99]],

[ 65, 55, 1,[ 78, 87, 63, 35]],

[ 72, 45, 1,[ 58, 47, 76]],

[ 35, 25, 1,[ 95, 14, 65, 36]],

[ 3, 75, 0,[ 47, 10, 9, 48, 11]],

[ 59, 5, 1,[ 41, 6, 79, 64]],

[ 62, 55, 1,[ 4, 32, 0]],

[ 7, 55, 0,[ 57, 32, 23, 13]],

[ 20, 85, 1,[ 64, 19, 30]],

[ 31, 25, 0,[ 97, 50, 22]],

[ 69, 5, 1,[ 92, 66, 77]],

[ 43, 35, 0,[ 71, 88, 37, 79]],

[ 57, 55, 0,[ 51, 7, 88]],

[ 12, 55, 0,[ 42, 82, 70, 4]],

[ 89, 55, 1,[ 44, 58, 60, 32]],

[ 81, 75, 1,[ 10, 26, 39, 1]],

[ 5, 25, 0,[ 9, 51, 10]],

