[ 87, 95, 1,[ 88, 99, 18]],

[ 11, 75, 1,[ 44, 54, 85]],

[ 62, 75, 1,[ 16, 49, 6]],

[ 31, 15, 1,[ 44, 40, 75, 54, 22, 19]],

[ 61, 95, 0,[ 86, 37, 77]],

[ 41, 95, 0,[ 60, 71, 46, 85]],

[ 22, 55, 1,[ 7, 53, 40, 31, 96]],

[ 45, 45, 1,[ 76, 33, 34, 52, 42]],

[ 0, 75, 0,[ 49, 70, 17]],

[ 34, 45, 1,[ 47, 3, 45]],

[ 50, 5, 1,[ 52, 14, 97]],

[ 69, 75, 0,[ 91, 76, 13]],

[ 78, 75, 0,[ 90, 57, 74]],

[ 52, 35, 1,[ 45, 18, 50, 5, 79, 33, 32]],

[ 83, 75, 0,[ 7, 47, 60]],

[ 89, 75, 0,[ 43, 56, 71]],

[ 92, 85, 0,[ 75, 33, 8]],

[ 66, 45, 0,[ 93, 57, 12]],

[ 20, 75, 0,[ 68, 2, 51]],

[ 12, 45, 1,[ 66, 37, 27, 17, 80]],

[ 40, 75, 0,[ 58, 31, 22]],

[ 73, 35, 0,[ 81, 49]],

[ 81, 75, 0,[ 33, 48, 73]],

[ 2, 95, 1,[ 84, 74, 38, 59, 20]],

[ 17, 75, 0,[ 0, 12, 72, 5]],

[ 96, 5, 1,[ 38, 47, 99, 22]],

[ 85, 45, 1,[ 41, 14, 3, 11]],

[ 36, 35, 1,[ 80, 90, 30]],

[ 4, 5, 0,[ 91, 29, 54, 44, 15]],

[ 93, 55, 1,[ 7, 21, 55, 66, 98, 27, 82, 35, 94]],

[ 68, 5, 1,[ 49, 20, 75]],

[ 88, 75, 0,[ 87, 67, 54]],

[ 55, 35, 1,[ 6, 37, 93, 86]],

[ 1, 65, 0,[ 9, 79, 76]],

[ 3, 45, 0,[ 85, 34, 95]],

[ 39, 5, 1,[ 77, 23, 56]],

[ 32, 45, 0,[ 52, 65, 82]],

[ 79, 85, 1,[ 1, 57, 52]],

[ 95, 85, 1,[ 3, 28, 15, 13, 49]],

[ 24, 65, 1,[ 38, 18, 76]],

[ 29, 35, 1,[ 54, 25, 4]],

[ 56, 15, 1,[ 39, 89, 9, 13]],

[ 72, 5, 1,[ 53, 94, 30, 17]],

[ 28, 55, 1,[ 58, 8, 95, 5]],

[ 27, 65, 1,[ 93, 14, 12]],

[ 60, 95, 1,[ 83, 41, 43]],

[ 23, 5, 0,[ 86, 39, 91]],

[ 49, 95, 1,[ 62, 0, 68, 95, 75, 16, 73]],

[ 5, 35, 0,[ 54, 28, 52, 17, 53]],

[ 64, 45, 1,[ 54, 65, 26, 48]],

[ 18, 65, 1,[ 42, 19, 63, 52, 58, 87, 70, 24, 67, 99]],

[ 76, 65, 0,[ 91, 70, 45, 24, 69, 1]],

[ 94, 55, 0,[ 93, 72, 25]],

[ 53, 35, 0,[ 86, 22, 5, 72]],

[ 13, 45, 1,[ 21, 95, 56, 69]],

[ 80, 65, 1,[ 12, 91, 36, 35]],

[ 37, 95, 0,[ 12, 55, 61]],

[ 26, 45, 0,[ 71, 51, 64]],

[ 97, 5, 0,[ 50, 54, 71]],

[ 14, 5, 0,[ 85, 50, 27]],

[ 33, 75, 1,[ 92, 45, 52, 81]],

[ 75, 35, 0,[ 31, 68, 92, 49]],

[ 16, 85, 1,[ 90, 49, 62]],

[ 6, 35, 0,[ 62, 55, 54, 90]],

[ 47, 5, 0,[ 91, 83, 34, 96]],

[ 42, 75, 1,[ 45, 90, 18]],

[ 21, 45, 0,[ 93, 10, 13]],

[ 99, 55, 0,[ 30, 87, 18, 96]],

[ 86, 35, 1,[ 61, 67, 9, 53, 55, 23, 98]],

[ 77, 75, 1,[ 61, 9, 39]],

[ 67, 75, 0,[ 18, 86, 88]],

[ 74, 75, 0,[ 2, 82, 78]],

[ 59, 65, 0,[ 2, 84, 51]],

[ 65, 45, 1,[ 30, 32, 64, 48]],

[ 30, 55, 1,[ 36, 99, 72, 65]],

[ 70, 85, 1,[ 98, 18, 0, 76]],

[ 90, 55, 1,[ 6, 42, 16, 78, 36]],

[ 25, 75, 0,[ 29, 63, 94]],

[ 63, 75, 1,[ 25, 18, 46]],

[ 57, 5, 1,[ 78, 79, 66]],

[ 46, 75, 0,[ 41, 63, 84]],

[ 10, 35, 0,[ 8, 71, 21]],

[ 8, 65, 1,[ 92, 28, 10]],

[ 54, 15, 1,[ 4, 11, 64, 29, 31, 5, 97, 88, 6]],

[ 58, 75, 0,[ 28, 40, 18]],

[ 15, 5, 0,[ 95, 4, 43]],

[ 7, 55, 0,[ 83, 22, 93]],

[ 71, 85, 1,[ 97, 19, 10, 41, 89, 26]],

[ 38, 45, 0,[ 35, 96, 2, 24]],

[ 43, 75, 0,[ 15, 60, 89]],

[ 84, 75, 0,[ 51, 2, 59, 46]],

[ 51, 25, 1,[ 20, 26, 59, 84]],

[ 44, 75, 1,[ 11, 31, 4]],

[ 98, 75, 0,[ 93, 86, 70]],

[ 9, 65, 0,[ 56, 77, 86, 1]],

[ 48, 65, 1,[ 81, 65, 64]],

[ 19, 75, 0,[ 71, 31, 18]],

[ 35, 75, 0,[ 80, 93, 38]],

[ 91, 95, 1,[ 4, 69, 47, 23, 76, 80]],

[ 82, 5, 0,[ 32, 74, 93]],

