[ 0, 5, 1,[ 84, 69, 6, 79, 47, 61]],

[ 69, 5, 0,[ 6, 23, 0]],

[ 82, 85, 0,[ 93, 49, 59]],

[ 97, 75, 0,[ 65, 24, 14, 35]],

[ 5, 55, 0,[ 45, 62, 85]],

[ 31, 35, 0,[ 53, 99, 68, 93]],

[ 12, 55, 1,[ 96, 92, 71, 38]],

[ 16, 65, 0,[ 88, 43, 33]],

[ 20, 85, 1,[ 94, 87, 90]],

[ 45, 55, 1,[ 53, 66, 42, 75, 5]],

[ 74, 25, 1,[ 49, 57, 99]],

[ 96, 55, 0,[ 12, 51, 13]],

[ 57, 75, 0,[ 74, 1, 4]],

[ 92, 75, 0,[ 12, 44, 39, 63, 52]],

[ 66, 55, 0,[ 81, 86, 45, 7]],

[ 44, 65, 0,[ 95, 47, 92]],

[ 46, 5, 0,[ 76, 40, 81, 70]],

[ 9, 85, 1,[ 15, 55, 94]],

[ 61, 55, 1,[ 13, 54, 58, 0, 15]],

[ 34, 45, 1,[ 39, 18, 56, 35, 59, 28]],

[ 94, 5, 1,[ 9, 20, 21, 87]],

[ 21, 5, 1,[ 94, 29, 67]],

[ 48, 35, 1,[ 18, 1]],

[ 39, 25, 1,[ 92, 34, 78, 52]],

[ 33, 65, 1,[ 89, 36, 64, 16]],

[ 27, 15, 1,[ 78, 1]],

[ 15, 5, 1,[ 9, 70, 38, 61]],

[ 90, 35, 1,[ 30, 20, 73]],

[ 18, 55, 0,[ 89, 80, 22, 34, 48]],

[ 53, 35, 0,[ 31, 45, 72]],

[ 72, 35, 1,[ 53, 41, 79]],

[ 67, 5, 0,[ 54, 23, 42, 21]],

[ 11, 85, 0,[ 60, 59, 6]],

[ 63, 75, 0,[ 10, 84, 92]],

[ 37, 75, 0,[ 50, 43, 83]],

[ 49, 25, 0,[ 70, 82, 74]],

[ 47, 65, 0,[ 58, 0, 44]],

[ 68, 35, 0,[ 19, 23, 31]],

[ 73, 5, 1,[ 17, 90, 13]],

[ 99, 35, 0,[ 35, 76, 75, 31, 4, 74]],

[ 14, 75, 0,[ 97, 87, 2]],

[ 50, 95, 0,[ 70, 37, 4]],

[ 85, 5, 1,[ 5, 19, 79]],

[ 91, 65, 1,[ 88, 43, 76, 17]],

[ 42, 15, 1,[ 45, 67, 17]],

[ 8, 5, 1,[ 81, 40, 29]],

[ 4, 95, 1,[ 30, 24, 50, 57, 6, 99, 77]],

[ 40, 5, 1,[ 8, 93, 46]],

[ 43, 75, 1,[ 37, 91, 16]],

[ 81, 5, 1,[ 66, 8, 46, 70, 56]],

[ 79, 15, 1,[ 0, 13, 10, 72, 85, 78, 95]],

[ 88, 65, 0,[ 16, 25, 91]],

[ 23, 65, 1,[ 64, 68, 67, 69, 93]],

[ 89, 55, 0,[ 36, 18, 33]],

[ 98, 75, 0,[ 52, 22, 65, 26]],

[ 86, 85, 1,[ 26, 38, 66]],

[ 76, 75, 1,[ 99, 46, 91]],

[ 36, 55, 1,[ 89, 6, 60, 33]],

[ 70, 55, 1,[ 15, 49, 50, 81, 46]],

[ 84, 35, 0,[ 0, 32, 19, 63, 38]],

[ 3, 25, 1,[ 32, 28, 51]],

[ 24, 75, 0,[ 4, 1, 97]],

[ 35, 45, 1,[ 34, 99, 97]],

[ 1, 75, 1,[ 64, 24, 48, 57, 27]],

[ 95, 65, 1,[ 77, 79, 44]],

[ 29, 95, 1,[ 80, 8, 21]],

[ 56, 25, 1,[ 60, 34, 81]],

[ 54, 55, 0,[ 67, 71, 61]],

[ 10, 75, 0,[ 63, 79, 83]],

[ 55, 75, 0,[ 38, 9, 25]],

[ 87, 85, 0,[ 94, 20, 14]],

[ 80, 55, 1,[ 29, 7, 18]],

[ 77, 65, 0,[ 4, 62, 95]],

[ 22, 75, 0,[ 98, 18]],

[ 64, 65, 0,[ 33, 23, 1]],

[ 26, 75, 0,[ 98, 86]],

[ 7, 75, 1,[ 66, 80, 41]],

[ 71, 95, 1,[ 54, 12, 28]],

[ 59, 85, 1,[ 11, 34, 82, 41]],

[ 58, 65, 1,[ 52, 65, 47, 61]],

[ 30, 55, 1,[ 4, 62, 90]],

[ 93, 85, 0,[ 40, 31, 82, 23]],

[ 38, 35, 0,[ 86, 84, 15, 75, 55, 12]],

[ 32, 25, 0,[ 3, 62, 84]],

[ 75, 35, 0,[ 45, 38, 99]],

[ 62, 55, 0,[ 5, 32, 30, 77]],

[ 60, 85, 0,[ 36, 56, 25, 11]],

[ 78, 75, 1,[ 27, 79, 39]],

[ 19, 35, 1,[ 68, 84, 85]],

[ 41, 35, 0,[ 59, 72, 7]],

[ 25, 75, 1,[ 60, 88, 55]],

[ 2, 75, 1,[ 14, 17]],

[ 65, 75, 0,[ 51, 98, 58, 97]],

[ 6, 45, 1,[ 0, 36, 4, 69, 11]],

[ 13, 5, 0,[ 96, 73, 79, 61]],

[ 83, 75, 0,[ 10, 51, 37]],

[ 52, 75, 0,[ 58, 98, 39, 92]],

[ 28, 25, 0,[ 34, 71, 3]],

[ 17, 85, 1,[ 73, 2, 42, 91]],

[ 51, 75, 0,[ 65, 3, 83, 96]],

