[ 37, 95, 0,[ 35, 94, 33]],

[ 49, 95, 0,[ 51, 6, 84]],

[ 83, 95, 0,[ 9, 2, 43]],

[ 67, 95, 1,[ 55, 98, 7, 93, 13]],

[ 34, 95, 0,[ 87]],

[ 35, 15, 1,[ 37, 38, 41, 94, 64, 84, 43, 27, 50, 4, 59]],

[ 88, 95, 0,[ 90, 39, 30, 87, 43, 38, 22]],

[ 0, 95, 0,[ 7, 65, 56, 2]],

[ 10, 95, 0,[ 51, 77, 76, 25]],

[ 92, 95, 0,[ 91, 93, 43]],

[ 32, 55, 1,[ 89, 50, 77, 18, 15, 30, 71, 66, 91, 47, 31, 95]],

[ 17, 95, 0,[ 18, 93, 63, 23, 91]],

[ 42, 95, 0,[ 81, 20, 63]],

[ 5, 95, 0,[ 70, 53, 29]],

[ 72, 95, 0,[ 19, 55, 74]],

[ 78, 95, 0,[ 76, 9, 90]],

[ 69, 95, 0,[ 44, 38, 80, 33]],

[ 68, 95, 0,[ 56, 44, 43]],

[ 19, 95, 0,[ 20, 43, 72]],

[ 39, 95, 0,[ 79, 88, 28, 29]],

[ 4, 25, 1,[ 35, 86, 98, 71, 2, 33, 53, 96, 51, 82]],

[ 91, 95, 0,[ 32, 92, 17]],

[ 79, 95, 0,[ 43, 12, 39, 97]],

[ 44, 95, 0,[ 45, 26, 68, 69, 70, 11]],

[ 66, 95, 0,[ 64, 81, 32]],

[ 13, 95, 0,[ 23, 7, 67]],

[ 14, 65, 1,[ 65, 62, 52, 61, 46, 30, 26]],

[ 98, 95, 0,[ 67, 96, 4]],

[ 41, 95, 0,[ 25, 40, 35, 93, 74]],

[ 28, 95, 0,[ 29, 39, 89, 1]],

[ 16, 95, 0,[ 27, 9, 12]],

[ 97, 95, 0,[ 55, 99, 79, 52]],

[ 12, 95, 0,[ 86, 16, 79]],

[ 36, 95, 0,[ 93, 75]],

[ 71, 95, 0,[ 4, 93, 32]],

[ 1, 95, 0,[ 21, 59, 28]],

[ 27, 95, 0,[ 9, 35, 26, 16]],

[ 33, 95, 0,[ 37, 4, 69]],

[ 18, 95, 0,[ 20, 17, 32]],

[ 29, 95, 0,[ 28, 9, 39, 5]],

[ 57, 95, 0,[ 58, 84, 21]],

[ 46, 95, 0,[ 48, 45, 14]],

[ 73, 95, 0,[ 3, 9]],

[ 86, 95, 0,[ 4, 12, 56]],

[ 45, 95, 0,[ 46, 44, 90]],

[ 89, 95, 0,[ 28, 32, 62]],

[ 74, 95, 0,[ 65, 41, 72]],

[ 24, 95, 0,[ 25, 11, 94]],

[ 90, 95, 0,[ 78, 23, 88, 45]],

[ 43, 15, 1,[ 35, 83, 68, 40, 31, 88, 19, 79, 92]],

[ 30, 95, 0,[ 11, 14, 88, 32]],

[ 11, 95, 0,[ 24, 44, 30]],

[ 55, 95, 0,[ 47, 97, 67, 72]],

[ 59, 95, 0,[ 61, 93, 1, 35]],

[ 63, 95, 0,[ 60, 17, 2, 42]],

[ 70, 95, 0,[ 44, 5, 38]],

[ 2, 5, 1,[ 94, 85, 83, 0, 9, 4, 63, 53]],

[ 31, 95, 0,[ 32, 85, 20, 43]],

[ 87, 95, 0,[ 88, 82, 85, 34]],

[ 7, 95, 0,[ 47, 67, 13, 0]],

[ 64, 95, 0,[ 35, 95, 66]],

[ 76, 95, 0,[ 8, 58, 78, 10, 75]],

[ 21, 95, 0,[ 22, 1, 57]],

[ 50, 95, 0,[ 93, 32, 35]],

[ 81, 95, 0,[ 66, 42]],

[ 52, 95, 0,[ 94, 14, 97]],

[ 23, 95, 0,[ 90, 40, 17, 13, 99]],

[ 77, 95, 0,[ 32, 10, 15]],

[ 56, 95, 0,[ 26, 0, 86, 54, 68, 60]],

[ 80, 95, 0,[ 69, 26, 93]],

[ 47, 95, 0,[ 55, 7, 32]],

[ 9, 35, 1,[ 83, 16, 2, 3, 78, 29, 60, 27, 73, 58]],

[ 99, 95, 0,[ 97, 23, 95]],

[ 61, 95, 0,[ 25, 59, 14]],

[ 48, 95, 0,[ 54, 46, 93]],

[ 6, 95, 0,[ 15, 49, 93, 8]],

[ 85, 95, 0,[ 31, 84, 87, 2]],

[ 75, 95, 0,[ 36, 76, 8]],

[ 38, 95, 0,[ 69, 70, 88, 35]],

[ 15, 95, 0,[ 32, 6, 58, 77]],

[ 25, 95, 0,[ 41, 24, 61, 10]],

[ 54, 95, 0,[ 48, 56, 53]],

[ 8, 95, 0,[ 75, 6, 76, 82]],

[ 58, 95, 0,[ 76, 57, 15, 9]],

[ 20, 95, 1,[ 18, 31, 96, 19, 42, 93]],

[ 93, 75, 1,[ 48, 67, 20, 59, 50, 17, 41, 80, 6, 36, 71, 92]],

[ 82, 95, 0,[ 87, 4, 8]],

[ 3, 95, 0,[ 9, 73]],

[ 26, 95, 0,[ 56, 27, 44, 80, 14]],

[ 51, 95, 0,[ 4, 10, 49]],

[ 95, 95, 0,[ 99, 32, 64]],

[ 94, 95, 0,[ 52, 37, 2, 35, 24]],

[ 60, 95, 0,[ 56, 9, 63]],

[ 22, 95, 0,[ 88, 21]],

[ 65, 95, 0,[ 0, 74, 14]],

[ 40, 95, 0,[ 41, 23, 43]],

[ 84, 95, 0,[ 57, 49, 85, 35]],

[ 62, 95, 0,[ 14, 89]],

[ 53, 95, 0,[ 2, 54, 4, 5]],

[ 96, 95, 0,[ 20, 98, 4]],

