[ 85, 65, 0,[ 56, 89, 46]],

[ 31, 15, 1,[ 45, 20, 18, 23]],

[ 52, 5, 1,[ 62, 32, 12]],

[ 65, 75, 0,[ 78, 87, 83, 55]],

[ 83, 15, 0,[ 48, 23, 65]],

[ 45, 75, 1,[ 62, 66, 31]],

[ 95, 85, 0,[ 35, 38, 94]],

[ 61, 15, 0,[ 22, 8, 0]],

[ 4, 15, 1,[ 24, 56, 13, 94]],

[ 64, 5, 0,[ 22, 49, 87, 74]],

[ 53, 15, 0,[ 75, 60, 1, 28]],

[ 58, 85, 1,[ 34, 44, 10]],

[ 97, 55, 1,[ 6, 37, 67, 92]],

[ 62, 65, 0,[ 49, 52, 14, 45]],

[ 37, 35, 1,[ 73, 97, 0]],

[ 56, 65, 0,[ 4, 51, 85]],

[ 29, 75, 1,[ 43, 47, 2]],

[ 57, 65, 1,[ 88, 98, 11, 19]],

[ 27, 75, 1,[ 10, 32, 8, 26]],

[ 55, 25, 1,[ 35, 65, 3, 24]],

[ 92, 85, 1,[ 97, 94, 74]],

[ 40, 45, 0,[ 86, 44, 77]],

[ 74, 5, 1,[ 42, 92, 64, 21]],

[ 21, 85, 1,[ 5, 30, 74]],

[ 36, 45, 1,[ 42, 24, 50, 90]],

[ 16, 55, 0,[ 15, 67, 6]],

[ 9, 35, 0,[ 84, 34, 41]],

[ 99, 15, 1,[ 13, 7, 69]],

[ 5, 15, 1,[ 0, 34, 21]],

[ 20, 95, 1,[ 96, 66, 31, 71]],

[ 78, 15, 0,[ 15, 35, 32, 65]],

[ 96, 85, 0,[ 89, 79, 8, 20]],

[ 24, 85, 0,[ 86, 36, 55, 4]],

[ 42, 45, 0,[ 74, 36, 8]],

[ 19, 25, 1,[ 57, 93, 87]],

[ 89, 75, 1,[ 26, 85, 96]],

[ 91, 45, 1,[ 12, 22, 70]],

[ 2, 15, 0,[ 29, 0, 75]],

[ 71, 95, 1,[ 20, 3, 50]],

[ 76, 15, 0,[ 30, 68, 47]],

[ 22, 15, 0,[ 61, 91, 72, 64]],

[ 73, 65, 1,[ 81, 33, 37, 98]],

[ 70, 55, 1,[ 90, 91, 43, 39]],

[ 39, 35, 0,[ 10, 70]],

[ 84, 5, 1,[ 9, 32, 60]],

[ 8, 85, 1,[ 42, 51, 27, 41, 96, 61]],

[ 60, 15, 1,[ 84, 53, 38]],

[ 77, 65, 1,[ 47, 40, 59]],

[ 34, 35, 0,[ 58, 9, 7, 5]],

[ 69, 15, 0,[ 99, 33, 90]],

[ 48, 85, 0,[ 83, 94, 54, 17]],

[ 33, 65, 1,[ 30, 67, 69, 73, 25]],

[ 7, 35, 0,[ 34, 51, 99]],

[ 98, 15, 1,[ 79, 57, 73]],

[ 80, 35, 1,[ 3, 82, 1]],

[ 46, 65, 1,[ 93, 26, 85]],

[ 49, 45, 1,[ 43, 82, 64, 62]],

[ 90, 55, 0,[ 69, 36, 70, 86]],

[ 13, 55, 1,[ 51, 99, 4]],

[ 54, 85, 0,[ 48, 11, 26]],

[ 72, 85, 0,[ 11, 22, 88, 81]],

[ 67, 65, 0,[ 16, 33, 35, 97]],

[ 81, 85, 0,[ 72, 73, 11]],

[ 26, 65, 1,[ 46, 54, 27, 89]],

[ 50, 5, 1,[ 71, 59, 36]],

[ 23, 15, 0,[ 83, 18, 93, 31]],

[ 82, 45, 0,[ 80, 49, 47, 15]],

[ 75, 15, 0,[ 59, 6, 2, 68, 53]],

[ 51, 55, 1,[ 8, 56, 13, 7]],

[ 18, 25, 1,[ 10, 23, 31, 68]],

[ 10, 35, 1,[ 27, 66, 58, 39, 18]],

[ 17, 35, 1,[ 88, 48, 11]],

[ 93, 95, 0,[ 66, 46, 63, 23, 19]],

[ 14, 65, 0,[ 79, 62, 28]],

[ 11, 85, 0,[ 72, 81, 41, 57, 17, 54]],

[ 44, 75, 0,[ 40, 58, 87]],

[ 12, 45, 0,[ 91, 63, 52]],

[ 43, 85, 1,[ 49, 29, 70]],

[ 47, 35, 0,[ 82, 76, 29, 77]],

[ 66, 95, 1,[ 93, 45, 20, 10]],

[ 63, 95, 1,[ 59, 1, 12, 25, 93]],

[ 88, 85, 0,[ 17, 57, 72]],

[ 86, 85, 1,[ 90, 24, 40]],

[ 38, 15, 0,[ 95, 60, 6]],

[ 59, 15, 1,[ 75, 63, 77, 50]],

[ 87, 75, 0,[ 65, 64, 19, 44]],

[ 1, 15, 0,[ 80, 25, 53, 63]],

[ 15, 15, 0,[ 82, 16, 78]],

[ 0, 25, 1,[ 37, 2, 5, 61]],

[ 25, 65, 0,[ 33, 1, 63]],

[ 3, 35, 0,[ 55, 80, 71]],

[ 41, 85, 0,[ 11, 9, 8]],

[ 30, 15, 0,[ 33, 21, 76]],

[ 6, 55, 1,[ 75, 16, 97, 38]],

[ 28, 65, 0,[ 14, 53]],

[ 79, 15, 0,[ 14, 96, 98]],

[ 32, 35, 1,[ 78, 52, 84, 27]],

[ 35, 85, 1,[ 67, 95, 55, 78]],

[ 68, 15, 0,[ 18, 75, 76]],

[ 94, 95, 1,[ 95, 48, 92, 4]],

