[ 52, 35, 0,[ 65, 49, 64]],

[ 35, 35, 1,[ 31, 98, 5]],

[ 73, 35, 0,[ 79, 77, 89]],

[ 69, 55, 1,[ 0, 68, 63]],

[ 97, 35, 1,[ 94, 76, 31]],

[ 13, 95, 1,[ 77, 67, 37, 88, 20]],

[ 38, 25, 0,[ 51, 30, 26]],

[ 50, 35, 0,[ 0, 67, 44, 74]],

[ 56, 95, 0,[ 3, 57, 82, 33]],

[ 46, 35, 0,[ 17, 26, 76]],

[ 45, 35, 0,[ 25, 49]],

[ 44, 65, 1,[ 61, 79, 50]],

[ 70, 35, 0,[ 47, 16, 42]],

[ 10, 55, 1,[ 11, 32, 7, 2]],

[ 89, 45, 1,[ 11, 90, 73]],

[ 62, 35, 0,[ 14, 7, 3]],

[ 16, 35, 0,[ 70, 33]],

[ 32, 55, 0,[ 96, 24, 10]],

[ 79, 25, 1,[ 59, 60, 73, 91, 44]],

[ 11, 35, 0,[ 10, 83, 89, 54]],

[ 61, 65, 1,[ 19, 63, 44, 23]],

[ 36, 35, 0,[ 12, 88, 82]],

[ 64, 5, 1,[ 76, 34, 74, 65, 52]],

[ 15, 85, 0,[ 39, 57, 41, 21]],

[ 9, 75, 1,[ 48, 47, 58]],

[ 55, 15, 0,[ 33, 43, 54, 92]],

[ 63, 35, 0,[ 69, 99, 61]],

[ 54, 15, 1,[ 58, 55, 11, 28, 23]],

[ 85, 55, 0,[ 17, 95, 94]],

[ 78, 35, 1,[ 48, 29, 37]],

[ 81, 5, 0,[ 17, 53, 27]],

[ 76, 95, 1,[ 88, 97, 80, 43, 96, 46, 64]],

[ 22, 35, 0,[ 17, 98, 28]],

[ 57, 15, 1,[ 71, 40, 56, 15]],

[ 26, 25, 1,[ 46, 38, 84]],

[ 18, 35, 0,[ 65, 59, 93]],

[ 87, 55, 0,[ 96, 99, 2]],

[ 84, 5, 0,[ 26, 53, 12]],

[ 90, 35, 1,[ 51, 89, 33]],

[ 21, 65, 0,[ 15, 86, 53]],

[ 86, 5, 1,[ 21, 2, 49, 29]],

[ 74, 35, 0,[ 50, 64, 33]],

[ 25, 5, 0,[ 42, 45, 34]],

[ 14, 35, 0,[ 98, 39, 62]],

[ 30, 45, 1,[ 71, 38, 31]],

[ 71, 35, 0,[ 30, 57, 41]],

[ 8, 95, 0,[ 98, 60, 27]],

[ 1, 25, 1,[ 39, 29, 12]],

[ 91, 35, 1,[ 20, 99, 79]],

[ 40, 55, 1,[ 4, 20, 57]],

[ 37, 95, 0,[ 78, 13, 6]],

[ 27, 95, 1,[ 8, 48, 0, 47, 81]],

[ 92, 55, 0,[ 55, 80, 6]],

[ 82, 65, 0,[ 36, 56, 6]],

[ 19, 35, 0,[ 53, 75, 12, 61]],

[ 49, 35, 1,[ 52, 86, 45]],

[ 80, 55, 0,[ 83, 92, 76]],

[ 58, 85, 0,[ 4, 9, 54]],

[ 88, 55, 1,[ 76, 13, 36]],

[ 67, 45, 1,[ 24, 31, 50, 13]],

[ 12, 85, 1,[ 19, 1, 53, 84, 36]],

[ 39, 85, 1,[ 14, 15, 1]],

[ 68, 55, 0,[ 60, 69, 34]],

[ 75, 35, 1,[ 29, 83, 19]],

[ 4, 85, 0,[ 40, 58, 94]],

[ 98, 75, 1,[ 14, 35, 24, 8, 22, 95]],

[ 94, 85, 1,[ 85, 4, 23, 97]],

[ 99, 85, 1,[ 95, 87, 63, 91]],

[ 34, 5, 1,[ 25, 68, 64]],

[ 72, 35, 0,[ 7, 95, 60]],

[ 6, 65, 1,[ 82, 37, 92]],

[ 23, 45, 0,[ 54, 61, 94]],

[ 3, 35, 0,[ 56, 62, 60]],

[ 33, 75, 1,[ 74, 16, 90, 56, 55]],

[ 7, 35, 0,[ 10, 83, 62, 72]],

[ 77, 95, 0,[ 73, 93, 13]],

[ 17, 45, 1,[ 81, 85, 22, 46]],

[ 41, 35, 0,[ 15, 71, 93]],

[ 0, 55, 0,[ 50, 69, 27]],

[ 24, 65, 1,[ 67, 43, 32, 98]],

[ 2, 55, 0,[ 87, 10, 86]],

[ 5, 35, 1,[ 35, 83, 96]],

[ 65, 65, 1,[ 18, 52, 64]],

[ 53, 75, 1,[ 19, 12, 84, 81, 21, 66]],

[ 51, 15, 1,[ 38, 96, 90]],

[ 20, 95, 0,[ 13, 40, 91]],

[ 66, 35, 0,[ 42, 53, 31]],

[ 83, 25, 1,[ 5, 75, 7, 11, 80]],

[ 59, 95, 1,[ 79, 28, 18, 31]],

[ 42, 95, 1,[ 70, 25, 66]],

[ 93, 5, 1,[ 18, 41, 77]],

[ 95, 95, 0,[ 98, 85, 99, 72]],

[ 31, 55, 1,[ 35, 30, 67, 66, 59, 97]],

[ 96, 55, 1,[ 76, 51, 32, 87, 5]],

[ 43, 35, 0,[ 55, 76, 24]],

[ 47, 55, 0,[ 70, 27, 9]],

[ 28, 35, 0,[ 59, 54, 22]],

[ 48, 35, 1,[ 9, 78, 27]],

[ 60, 45, 1,[ 79, 72, 3, 68, 8]],

[ 29, 35, 1,[ 78, 1, 75, 86]],

