[ 39, 95, 0,[ 78, 96, 29, 4]],

[ 43, 25, 1,[ 14, 86, 66]],

[ 16, 35, 1,[ 20, 70, 11, 27, 72]],

[ 54, 15, 1,[ 98, 76, 99, 37, 13]],

[ 87, 35, 0,[ 35, 75, 78]],

[ 18, 5, 1,[ 51, 48, 33]],

[ 52, 15, 1,[ 5, 50, 56, 1, 63]],

[ 81, 5, 0,[ 67, 74, 34]],

[ 24, 15, 0,[ 83, 82, 42]],

[ 23, 25, 1,[ 62, 75, 14]],

[ 22, 95, 1,[ 1, 6, 33]],

[ 62, 25, 1,[ 23, 73, 76]],

[ 63, 35, 0,[ 90, 52, 95]],

[ 35, 65, 0,[ 46, 87, 3, 40]],

[ 91, 35, 0,[ 51, 14, 86]],

[ 84, 65, 1,[ 8, 34, 67]],

[ 9, 95, 0,[ 17, 4]],

[ 98, 65, 1,[ 51, 59, 73, 54]],

[ 55, 15, 0,[ 99, 47, 64]],

[ 28, 85, 1,[ 41, 64]],

[ 96, 35, 0,[ 39, 90]],

[ 26, 75, 1,[ 27, 3, 44]],

[ 99, 15, 0,[ 83, 55, 54, 69, 38]],

[ 44, 15, 1,[ 97, 26, 46]],

[ 68, 75, 1,[ 8, 15, 0]],

[ 60, 55, 1,[ 48, 13, 66, 65]],

[ 4, 95, 0,[ 42, 9, 39, 12]],

[ 77, 55, 1,[ 71, 53, 93]],

[ 88, 55, 1,[ 45, 57, 7]],

[ 97, 5, 0,[ 34, 67, 44]],

[ 94, 95, 1,[ 36, 89, 47]],

[ 47, 15, 0,[ 58, 94, 82, 55]],

[ 53, 5, 0,[ 77, 80, 57]],

[ 65, 45, 0,[ 61, 60, 12]],

[ 30, 65, 0,[ 29, 0, 34]],

[ 40, 65, 0,[ 35, 73, 19]],

[ 2, 95, 0,[ 31, 36, 17]],

[ 38, 25, 1,[ 67, 7, 99]],

[ 46, 95, 1,[ 76, 35, 44]],

[ 14, 35, 0,[ 23, 91, 43]],

[ 3, 65, 0,[ 35, 17, 26]],

[ 32, 5, 1,[ 6, 64, 10]],

[ 57, 5, 0,[ 53, 48, 88]],

[ 1, 35, 0,[ 8, 22, 52, 31]],

[ 10, 65, 0,[ 32, 0, 92]],

[ 61, 5, 1,[ 29, 65]],

[ 6, 55, 1,[ 22, 64, 32]],

[ 48, 95, 1,[ 18, 60, 57]],

[ 69, 15, 1,[ 78, 58, 99]],

[ 33, 35, 0,[ 22, 18, 90]],

[ 49, 35, 0,[ 15, 90]],

[ 78, 95, 1,[ 36, 87, 69, 39]],

[ 72, 55, 1,[ 16, 27]],

[ 29, 95, 1,[ 74, 30, 39, 61]],

[ 58, 25, 1,[ 95, 47, 36, 69]],

[ 51, 15, 0,[ 18, 98, 91]],

[ 75, 85, 1,[ 87, 71, 23, 90, 89, 85]],

[ 70, 5, 1,[ 67, 76, 16]],

[ 67, 65, 1,[ 97, 81, 21, 74, 38, 84, 70]],

[ 8, 55, 1,[ 84, 80, 1, 68]],

[ 85, 25, 0,[ 89, 75, 17]],

[ 56, 25, 1,[ 36, 80, 52]],

[ 95, 45, 0,[ 58, 25, 59, 63]],

[ 74, 85, 1,[ 67, 81, 29]],

[ 66, 45, 0,[ 86, 60, 43]],

[ 92, 65, 0,[ 21, 10, 73]],

[ 15, 5, 1,[ 68, 25, 49]],

[ 31, 95, 0,[ 2, 79, 82, 1]],

[ 89, 25, 0,[ 75, 85, 94]],

[ 79, 15, 1,[ 31, 36, 21]],

[ 34, 5, 0,[ 97, 30, 84, 81]],

[ 13, 65, 1,[ 60, 11, 54]],

[ 11, 25, 0,[ 16, 7, 13]],

[ 86, 45, 0,[ 43, 66, 91, 20]],

[ 64, 15, 0,[ 32, 55, 28, 6]],

[ 42, 15, 1,[ 19, 4, 24]],

[ 41, 65, 0,[ 73, 28, 45]],

[ 59, 45, 0,[ 98, 50, 95]],

[ 7, 35, 1,[ 11, 38, 88]],

[ 19, 15, 1,[ 40, 42, 90]],

[ 17, 95, 0,[ 3, 2, 9, 85]],

[ 71, 45, 0,[ 75, 25, 50, 77]],

[ 90, 55, 1,[ 49, 75, 33, 19, 96, 63]],

[ 25, 45, 0,[ 12, 71, 5, 15, 95, 20]],

[ 50, 45, 0,[ 59, 52, 71]],

[ 0, 65, 0,[ 10, 68, 30]],

[ 73, 65, 0,[ 92, 98, 62, 41, 40]],

[ 45, 85, 1,[ 37, 88, 41]],

[ 80, 65, 1,[ 8, 53, 56]],

[ 21, 5, 1,[ 92, 67, 79]],

[ 76, 45, 0,[ 70, 46, 37, 62, 54]],

[ 37, 15, 1,[ 76, 54, 45]],

[ 5, 5, 1,[ 93, 25, 52]],

[ 82, 15, 0,[ 47, 31, 24]],

[ 20, 45, 0,[ 25, 86, 16]],

[ 83, 15, 1,[ 93, 24, 99]],

[ 93, 55, 1,[ 83, 77, 5]],

[ 27, 75, 1,[ 26, 16, 72]],

[ 12, 45, 0,[ 65, 25, 4]],

[ 36, 95, 0,[ 94, 2, 58, 78, 56, 79]],

