[ 90, 25, 0,[ 31, 26, 46, 45]],

[ 82, 25, 0,[ 60, 13, 75, 87]],

[ 77, 15, 1,[ 29, 48, 7]],

[ 8, 5, 1,[ 10, 54]],

[ 94, 65, 1,[ 43, 28, 79, 93, 78]],

[ 0, 15, 1,[ 28, 19, 78]],

[ 35, 25, 0,[ 98, 70, 31, 80, 66]],

[ 93, 65, 1,[ 16, 91, 87, 94]],

[ 91, 65, 1,[ 93, 39, 9, 4]],

[ 9, 35, 1,[ 59, 49, 91, 20, 92, 70]],

[ 15, 25, 0,[ 72, 11, 47, 23]],

[ 41, 25, 0,[ 52, 27, 19, 69]],

[ 38, 25, 0,[ 69, 76, 58]],

[ 51, 25, 0,[ 72, 83, 26]],

[ 23, 25, 0,[ 15, 56, 95]],

[ 68, 25, 0,[ 27, 71, 85, 84]],

[ 50, 25, 0,[ 89, 97, 92, 57]],

[ 49, 25, 1,[ 46, 9, 18]],

[ 61, 25, 0,[ 39, 26, 56, 80, 3, 12, 29]],

[ 66, 15, 1,[ 86, 85, 35, 74]],

[ 70, 35, 0,[ 35, 9, 85]],

[ 45, 95, 1,[ 43, 90, 17]],

[ 16, 25, 1,[ 63, 44, 93]],

[ 28, 65, 0,[ 94, 55, 0]],

[ 76, 25, 0,[ 84, 22, 36, 38]],

[ 78, 95, 1,[ 0, 94, 53]],

[ 17, 45, 1,[ 45, 98, 36]],

[ 58, 25, 0,[ 38, 89, 95]],

[ 96, 25, 0,[ 12, 86]],

[ 42, 25, 0,[ 12, 19, 30]],

[ 57, 25, 1,[ 64, 34, 86, 50]],

[ 85, 65, 1,[ 68, 70, 66]],

[ 59, 35, 0,[ 73, 63, 48, 7, 9]],

[ 44, 25, 0,[ 13, 21, 25, 16, 60, 40]],

[ 2, 5, 1,[ 83, 32, 65]],

[ 71, 25, 0,[ 68, 13, 21, 52, 32]],

[ 11, 75, 1,[ 15, 67, 6]],

[ 54, 85, 1,[ 30, 89, 8]],

[ 43, 95, 1,[ 94, 40, 20, 64, 34, 45]],

[ 62, 25, 0,[ 14, 56, 75]],

[ 67, 95, 1,[ 87, 22, 11]],

[ 24, 75, 1,[ 55, 14, 33, 69]],

[ 83, 25, 0,[ 40, 25, 2, 51]],

[ 31, 25, 0,[ 36, 90, 35]],

[ 73, 95, 1,[ 59, 46, 81]],

[ 6, 75, 1,[ 3, 11, 97, 53]],

[ 1, 25, 1,[ 88, 19, 39, 95]],

[ 53, 65, 0,[ 72, 6, 99, 78]],

[ 37, 25, 0,[ 5, 32, 30]],

[ 13, 25, 0,[ 82, 71, 44]],

[ 5, 35, 0,[ 37, 3, 20, 99]],

[ 69, 25, 0,[ 41, 24, 38]],

[ 65, 5, 1,[ 79, 64, 52, 2, 14, 33]],

[ 60, 25, 1,[ 47, 44, 80, 82]],

[ 97, 25, 0,[ 4, 50, 6]],

[ 79, 65, 0,[ 65, 94]],

[ 89, 95, 1,[ 58, 98, 54, 50]],

[ 98, 25, 0,[ 35, 17, 89]],

[ 10, 5, 1,[ 7, 8, 81]],

[ 29, 55, 1,[ 4, 77, 61, 33]],

[ 52, 85, 1,[ 71, 65, 41]],

[ 30, 25, 1,[ 42, 54, 18, 72, 37]],

[ 3, 75, 1,[ 61, 6, 5]],

[ 36, 25, 0,[ 31, 17, 76, 74]],

[ 40, 25, 0,[ 18, 83, 43, 44]],

[ 4, 25, 0,[ 29, 91, 75, 97]],

[ 26, 25, 0,[ 75, 61, 90, 51]],

[ 47, 25, 1,[ 27, 15, 60]],

[ 84, 25, 0,[ 68, 25, 76]],

[ 72, 25, 0,[ 30, 51, 53, 15]],

[ 7, 5, 1,[ 77, 10, 59]],

[ 87, 15, 0,[ 93, 82, 67]],

[ 81, 95, 1,[ 10, 99, 88, 73]],

[ 22, 35, 1,[ 33, 67, 76, 48]],

[ 39, 25, 1,[ 91, 61, 1]],

[ 14, 25, 0,[ 65, 24, 62]],

[ 86, 25, 0,[ 96, 66, 57]],

[ 56, 25, 1,[ 61, 62, 23]],

[ 99, 55, 1,[ 5, 63, 81, 53]],

[ 19, 25, 0,[ 0, 1, 42, 41]],

[ 64, 55, 1,[ 43, 65, 57]],

[ 75, 25, 0,[ 82, 26, 62, 4]],

[ 33, 85, 1,[ 22, 65, 24, 88, 29, 55]],

[ 34, 95, 1,[ 43, 57]],

[ 80, 25, 1,[ 61, 35, 92, 60]],

[ 92, 25, 0,[ 80, 50, 9, 74]],

[ 48, 5, 1,[ 22, 59, 77]],

[ 25, 25, 0,[ 83, 44, 84]],

[ 63, 25, 0,[ 99, 16, 59, 21]],

[ 88, 45, 1,[ 1, 33, 81]],

[ 46, 15, 1,[ 73, 49, 90]],

[ 21, 25, 0,[ 44, 71, 63]],

[ 55, 85, 1,[ 28, 24, 33]],

[ 27, 25, 0,[ 47, 68, 41]],

[ 74, 25, 0,[ 66, 92, 36]],

[ 32, 25, 0,[ 71, 95, 2, 37]],

[ 12, 25, 1,[ 96, 61, 42]],

[ 20, 75, 0,[ 43, 9, 5]],

[ 95, 75, 1,[ 23, 58, 1, 32]],

[ 18, 55, 1,[ 40, 30, 49]],

