[ 1, 65, 0,[ 40, 13, 2]],

[ 96, 65, 0,[ 6, 57, 69]],

[ 35, 95, 1,[ 36, 9, 17]],

[ 31, 65, 0,[ 14, 51, 32]],

[ 50, 15, 1,[ 85, 20, 86, 70, 79]],

[ 67, 65, 0,[ 49, 25, 68]],

[ 15, 65, 0,[ 3, 51, 84, 80, 59]],

[ 83, 65, 0,[ 7, 5, 82]],

[ 34, 65, 0,[ 6, 36, 27]],

[ 21, 65, 1,[ 55, 74, 53]],

[ 8, 65, 0,[ 42, 94, 77]],

[ 88, 65, 0,[ 63, 19, 76, 93]],

[ 23, 65, 1,[ 28, 65, 22, 62]],

[ 41, 65, 0,[ 92, 48, 17, 78, 64, 29]],

[ 57, 65, 1,[ 96, 55, 43, 71]],

[ 2, 65, 0,[ 97, 30, 3, 1]],

[ 62, 65, 0,[ 94, 23, 47, 70]],

[ 10, 65, 0,[ 36, 19, 43, 42]],

[ 30, 65, 0,[ 63, 20, 2]],

[ 59, 65, 0,[ 15, 28, 92]],

[ 60, 65, 0,[ 49, 86, 90]],

[ 99, 65, 0,[ 98, 78, 0]],

[ 85, 65, 0,[ 75, 71, 50]],

[ 47, 55, 1,[ 77, 48, 62]],

[ 53, 65, 1,[ 21, 18]],

[ 19, 65, 0,[ 10, 52, 88]],

[ 87, 65, 0,[ 58, 52, 86]],

[ 68, 65, 0,[ 66, 29, 67]],

[ 55, 65, 0,[ 57, 75, 21, 39, 61]],

[ 33, 65, 0,[ 89, 64, 14, 82]],

[ 39, 65, 0,[ 55, 52, 61]],

[ 94, 65, 0,[ 27, 62, 8]],

[ 29, 65, 1,[ 41, 68, 45, 74]],

[ 70, 65, 0,[ 62, 50, 58, 77]],

[ 86, 65, 0,[ 50, 60, 91, 87]],

[ 93, 65, 0,[ 13, 88]],

[ 18, 65, 0,[ 53, 75, 54]],

[ 25, 65, 0,[ 91, 67, 56, 81, 9]],

[ 38, 65, 0,[ 40, 92, 36, 80]],

[ 16, 55, 1,[ 63, 28, 0]],

[ 64, 65, 0,[ 33, 41, 11]],

[ 4, 65, 0,[ 46, 44, 12, 14, 54]],

[ 90, 65, 0,[ 79, 0, 52, 60]],

[ 79, 65, 0,[ 90, 81, 50]],

[ 48, 65, 0,[ 41, 98, 47]],

[ 63, 65, 0,[ 16, 30, 88]],

[ 54, 65, 0,[ 4, 18, 26]],

[ 56, 65, 0,[ 25, 81, 20, 73]],

[ 46, 65, 0,[ 4, 95]],

[ 26, 65, 0,[ 54, 28, 24, 45]],

[ 12, 65, 0,[ 28, 17, 4, 3]],

[ 81, 65, 0,[ 25, 79, 56]],

[ 49, 65, 0,[ 67, 24, 60]],

[ 98, 65, 0,[ 48, 69, 99]],

[ 69, 65, 0,[ 96, 58, 98]],

[ 75, 65, 0,[ 55, 85, 18]],

[ 52, 65, 0,[ 90, 39, 87, 19]],

[ 95, 65, 0,[ 46, 45, 91]],

[ 76, 65, 0,[ 72, 88, 45]],

[ 36, 65, 0,[ 10, 35, 97, 34, 38]],

[ 37, 65, 0,[ 66, 61, 77]],

[ 40, 65, 0,[ 44, 1, 38]],

[ 80, 65, 0,[ 38, 15, 24]],

[ 61, 65, 0,[ 39, 55, 37]],

[ 71, 65, 0,[ 73, 57, 85]],

[ 28, 65, 0,[ 23, 16, 59, 12, 26]],

[ 20, 25, 1,[ 65, 56, 30, 73, 50]],

[ 82, 65, 0,[ 51, 33, 83]],

[ 43, 65, 0,[ 10, 57, 42]],

[ 65, 65, 0,[ 23, 20, 6]],

[ 11, 65, 0,[ 64, 6, 51]],

[ 22, 65, 0,[ 66, 23, 72]],

[ 66, 65, 0,[ 74, 22, 68, 37]],

[ 91, 65, 0,[ 25, 86, 6, 95]],

[ 6, 65, 0,[ 96, 91, 11, 5, 34, 65]],

[ 77, 65, 0,[ 8, 37, 70, 47, 24]],

[ 45, 65, 0,[ 95, 29, 26, 76, 44]],

[ 0, 65, 0,[ 16, 90, 99]],

[ 42, 65, 0,[ 43, 10, 8]],

[ 44, 65, 0,[ 40, 78, 4, 45]],

[ 74, 65, 0,[ 66, 29, 21]],

[ 5, 65, 0,[ 6, 83]],

[ 7, 65, 0,[ 83, 89]],

[ 89, 65, 0,[ 7, 33]],

[ 92, 65, 0,[ 38, 59, 41]],

[ 78, 65, 0,[ 44, 99, 41]],

[ 3, 65, 0,[ 2, 15, 12]],

[ 84, 65, 0,[ 15, 72]],

[ 73, 65, 0,[ 20, 56, 71]],

[ 9, 65, 0,[ 72, 35, 25]],

[ 27, 65, 0,[ 34, 94, 32]],

[ 24, 65, 0,[ 26, 97, 49, 80, 77]],

[ 13, 65, 0,[ 1, 93, 72]],

[ 14, 65, 0,[ 33, 4, 31]],

[ 17, 65, 0,[ 12, 35, 41]],

[ 97, 65, 0,[ 36, 24, 2]],

[ 51, 65, 0,[ 82, 11, 15, 31]],

[ 58, 65, 0,[ 69, 70, 87]],

[ 72, 65, 0,[ 32, 84, 22, 13, 9, 76]],

[ 32, 65, 0,[ 72, 27, 31]],

