[ 36, 15, 0,[ 83, 37, 72]],

[ 75, 15, 0,[ 34, 77, 53, 59]],

[ 68, 15, 0,[ 37, 51, 81, 42]],

[ 29, 15, 0,[ 80, 31, 7, 74]],

[ 53, 15, 0,[ 75, 10, 40]],

[ 60, 15, 1,[ 61, 58, 44, 12]],

[ 46, 15, 0,[ 92, 45, 42]],

[ 85, 15, 0,[ 18, 31, 81]],

[ 41, 15, 0,[ 10, 43, 38, 39, 7]],

[ 19, 15, 0,[ 63, 48]],

[ 30, 15, 0,[ 8, 59, 21]],

[ 84, 15, 0,[ 66, 25, 83]],

[ 7, 75, 1,[ 41, 80, 29]],

[ 83, 45, 1,[ 36, 84, 56, 17]],

[ 33, 15, 0,[ 40, 74, 72]],

[ 65, 15, 0,[ 64, 67, 59]],

[ 86, 15, 0,[ 10, 50, 45, 13]],

[ 52, 15, 0,[ 26, 28, 14]],

[ 70, 15, 0,[ 69, 49, 88]],

[ 25, 15, 0,[ 82, 84, 48, 23, 27]],

[ 48, 15, 0,[ 19, 25, 21]],

[ 76, 25, 1,[ 63, 93, 2]],

[ 66, 15, 0,[ 82, 95, 84]],

[ 16, 15, 0,[ 6, 5, 38, 77]],

[ 35, 45, 1,[ 43, 96, 89]],

[ 55, 15, 0,[ 13, 1, 4, 23, 71]],

[ 63, 15, 0,[ 76, 78, 19, 31]],

[ 27, 15, 0,[ 25, 1, 37]],

[ 1, 15, 1,[ 27, 55, 80]],

[ 97, 15, 0,[ 14, 62, 96]],

[ 17, 15, 0,[ 18, 83, 71]],

[ 99, 15, 0,[ 4, 79, 72]],

[ 20, 15, 0,[ 39, 0, 22]],

[ 73, 15, 0,[ 44, 47, 4]],

[ 26, 15, 0,[ 52, 96, 39]],

[ 31, 15, 0,[ 63, 45, 29, 85]],

[ 39, 15, 0,[ 26, 20, 61, 41]],

[ 23, 15, 0,[ 55, 25, 24]],

[ 28, 15, 1,[ 9, 52, 54, 82]],

[ 64, 15, 0,[ 65, 18, 32]],

[ 74, 15, 0,[ 15, 24, 3, 29, 33]],

[ 22, 15, 0,[ 20, 2, 18, 13]],

[ 13, 15, 0,[ 22, 86, 55]],

[ 11, 15, 0,[ 93, 71]],

[ 88, 15, 0,[ 87, 8, 12, 70, 9]],

[ 72, 15, 0,[ 69, 47, 33, 99, 36, 94]],

[ 62, 15, 0,[ 97, 93, 51]],

[ 69, 15, 0,[ 70, 91, 72]],

[ 5, 15, 0,[ 3, 6, 16]],

[ 50, 15, 0,[ 98, 86, 93]],

[ 77, 15, 0,[ 16, 75, 57]],

[ 90, 15, 0,[ 89, 98, 92]],

[ 51, 15, 0,[ 2, 43, 62, 68]],

[ 6, 15, 0,[ 5, 16]],

[ 45, 15, 0,[ 91, 71, 86, 31, 46]],

[ 96, 15, 0,[ 26, 14, 97, 40, 35]],

[ 67, 15, 0,[ 4, 65, 93]],

[ 24, 15, 0,[ 74, 23, 89, 0]],

[ 40, 15, 0,[ 53, 49, 96, 0, 33]],

[ 93, 15, 0,[ 76, 62, 67, 11, 50, 95]],

[ 10, 15, 0,[ 86, 61, 53, 41]],

[ 59, 45, 1,[ 57, 30, 65, 75, 47]],

[ 34, 75, 1,[ 32, 75, 54]],

[ 43, 15, 0,[ 51, 44, 41, 35]],

[ 57, 15, 0,[ 59, 77, 95]],

[ 80, 15, 0,[ 1, 29, 7]],

[ 89, 15, 0,[ 24, 90, 35]],

[ 94, 15, 0,[ 58, 72, 78]],

[ 8, 15, 0,[ 9, 30, 88, 56]],

[ 37, 15, 0,[ 0, 54, 36, 27, 68]],

[ 98, 15, 0,[ 50, 0, 90]],

[ 2, 15, 0,[ 22, 76, 51]],

[ 32, 15, 0,[ 64, 34]],

[ 38, 15, 0,[ 16, 78, 41]],

[ 9, 15, 0,[ 28, 8, 88]],

[ 14, 15, 0,[ 97, 96, 52, 3]],

[ 3, 15, 0,[ 14, 5, 74]],

[ 87, 15, 0,[ 82, 88, 58]],

[ 18, 15, 0,[ 85, 17, 22, 64]],

[ 44, 15, 0,[ 60, 43, 42, 73]],

[ 81, 15, 0,[ 79, 85, 68]],

[ 12, 15, 0,[ 88, 60, 4]],

[ 21, 15, 0,[ 48, 30, 79, 15]],

[ 78, 15, 0,[ 38, 94, 63]],

[ 15, 15, 0,[ 74, 82, 21]],

[ 91, 15, 0,[ 45, 92, 69]],

[ 92, 15, 0,[ 56, 91, 90, 46]],

[ 54, 15, 1,[ 28, 37, 34]],

[ 82, 15, 0,[ 66, 87, 28, 15, 25]],

[ 49, 15, 0,[ 70, 47, 40]],

[ 56, 15, 0,[ 92, 83, 8]],

[ 58, 15, 0,[ 60, 94, 47, 87]],

[ 71, 15, 0,[ 17, 11, 45, 55]],

[ 0, 15, 0,[ 20, 37, 98, 40, 24]],

[ 95, 15, 0,[ 66, 93, 57]],

[ 4, 15, 0,[ 99, 55, 67, 73, 12]],

[ 61, 15, 0,[ 60, 39, 10]],

[ 47, 15, 0,[ 73, 49, 59, 58, 72]],

[ 79, 15, 0,[ 21, 81, 99]],

[ 42, 15, 0,[ 44, 68, 46]],

