[ 70, 15, 0,[ 71, 35, 56]],

[ 49, 15, 0,[ 27, 51]],

[ 58, 15, 0,[ 24, 8, 59, 95, 62, 89, 25]],

[ 52, 15, 0,[ 62, 81, 53]],

[ 24, 15, 0,[ 2, 0, 58]],

[ 6, 15, 0,[ 20, 30, 92, 68, 72, 54, 4]],

[ 13, 15, 1,[ 42, 44, 0]],

[ 54, 15, 0,[ 88, 18, 6]],

[ 85, 15, 0,[ 41, 80, 37, 50]],

[ 60, 15, 0,[ 40, 47, 94]],

[ 28, 15, 1,[ 97, 98, 73]],

[ 7, 15, 0,[ 94, 42, 64, 1]],

[ 37, 15, 0,[ 86, 11, 85, 78]],

[ 57, 15, 0,[ 59, 47, 46]],

[ 94, 15, 0,[ 60, 7, 65]],

[ 66, 15, 0,[ 36, 51, 65]],

[ 14, 15, 0,[ 9, 31, 15, 36]],

[ 10, 15, 0,[ 11, 80, 45]],

[ 45, 15, 0,[ 5, 67, 10, 34]],

[ 88, 15, 0,[ 54, 86, 50, 82]],

[ 68, 15, 0,[ 50, 6, 84]],

[ 21, 15, 0,[ 26, 55]],

[ 69, 15, 0,[ 82, 51, 30]],

[ 77, 15, 0,[ 12, 41, 90]],

[ 17, 15, 0,[ 18, 95, 1]],

[ 71, 15, 0,[ 70, 84, 27]],

[ 47, 15, 0,[ 38, 60, 57, 39]],

[ 2, 15, 0,[ 44, 67, 24]],

[ 46, 15, 1,[ 57, 39, 56, 40]],

[ 16, 15, 0,[ 76, 65, 23]],

[ 81, 15, 0,[ 52, 31, 42]],

[ 84, 15, 0,[ 83, 71, 68]],

[ 9, 15, 0,[ 14, 29, 72]],

[ 99, 15, 0,[ 42, 26]],

[ 90, 15, 0,[ 97, 4, 3, 77]],

[ 42, 15, 0,[ 81, 99, 7, 22, 13]],

[ 11, 15, 0,[ 10, 37, 91]],

[ 65, 15, 0,[ 16, 94, 66, 41]],

[ 8, 15, 1,[ 33, 58, 74, 53]],

[ 26, 75, 1,[ 21, 99, 27, 18]],

[ 91, 15, 0,[ 12, 93, 11, 89]],

[ 18, 15, 0,[ 26, 54, 17, 15]],

[ 20, 15, 0,[ 19, 6, 35]],

[ 12, 15, 0,[ 61, 91, 77]],

[ 72, 15, 0,[ 48, 38, 6, 9]],

[ 50, 15, 0,[ 88, 68, 85]],

[ 3, 15, 0,[ 4, 90, 35]],

[ 79, 15, 0,[ 64, 93, 29]],

[ 74, 15, 0,[ 23, 8, 76, 96]],

[ 86, 15, 0,[ 34, 88, 37]],

[ 40, 15, 0,[ 60, 93, 39, 46]],

[ 89, 5, 1,[ 58, 64, 91]],

[ 36, 15, 0,[ 14, 66, 97]],

[ 33, 15, 0,[ 35, 87, 8]],

[ 44, 15, 0,[ 78, 5, 35, 13, 2]],

[ 93, 15, 0,[ 91, 79, 40]],

[ 78, 15, 0,[ 44, 37, 97]],

[ 41, 15, 0,[ 65, 77, 85]],

[ 32, 15, 0,[ 19, 80, 27]],

[ 48, 15, 1,[ 72, 73, 43]],

[ 87, 15, 0,[ 33, 67, 23]],

[ 95, 15, 0,[ 17, 62, 58]],

[ 96, 15, 0,[ 63, 59, 74]],

[ 67, 15, 0,[ 87, 29, 2, 45]],

[ 59, 15, 1,[ 96, 61, 58, 57]],

[ 56, 15, 0,[ 55, 80, 46, 70]],

[ 29, 15, 0,[ 67, 79, 9]],

[ 27, 15, 0,[ 26, 71, 49, 32]],

[ 30, 15, 0,[ 6, 69, 31, 73]],

[ 61, 15, 0,[ 12, 63, 59]],

[ 0, 15, 0,[ 13, 38, 83, 24]],

[ 62, 15, 0,[ 58, 52, 95]],

[ 43, 15, 0,[ 63, 73, 48]],

[ 75, 15, 0,[ 25, 98, 97]],

[ 80, 15, 0,[ 85, 32, 56, 10, 82]],

[ 35, 15, 0,[ 44, 33, 70, 3, 20]],

[ 53, 15, 0,[ 64, 52, 8]],

[ 34, 55, 1,[ 92, 86, 45]],

[ 98, 15, 0,[ 75, 83, 28, 97]],

[ 31, 15, 1,[ 81, 30, 14]],

[ 4, 15, 0,[ 3, 73, 92, 6, 90]],

[ 55, 15, 0,[ 21, 76, 56]],

[ 25, 15, 0,[ 75, 58]],

[ 39, 15, 0,[ 19, 40, 46, 47]],

[ 23, 15, 0,[ 74, 16, 87]],

[ 19, 15, 0,[ 39, 32, 20]],

[ 51, 15, 0,[ 69, 49, 66, 22]],

[ 38, 15, 0,[ 47, 72, 0]],

[ 92, 15, 0,[ 4, 34, 6]],

[ 97, 15, 0,[ 28, 78, 98, 36, 75, 90]],

[ 73, 15, 0,[ 28, 4, 43, 48, 30]],

[ 63, 15, 0,[ 43, 1, 61, 96]],

[ 64, 15, 0,[ 79, 7, 53, 89]],

[ 1, 15, 0,[ 7, 63, 17]],

[ 76, 15, 0,[ 74, 16, 55]],

[ 82, 15, 0,[ 69, 88, 80]],

[ 15, 15, 0,[ 18, 14]],

[ 22, 15, 0,[ 5, 42, 51]],

[ 5, 15, 0,[ 45, 22, 44]],

[ 83, 15, 0,[ 0, 98, 84]],

