[ 84, 65, 1,[ 44, 45, 20, 50]],

[ 53, 95, 0,[ 91, 99, 62]],

[ 59, 95, 1,[ 51, 22, 31]],

[ 97, 65, 0,[ 25, 35, 1]],

[ 76, 75, 1,[ 95, 96, 70]],

[ 65, 75, 1,[ 20, 87, 31]],

[ 68, 75, 1,[ 67, 70, 7]],

[ 49, 75, 0,[ 58, 6, 28, 34]],

[ 17, 75, 0,[ 42, 78, 90]],

[ 58, 75, 0,[ 49, 80, 94]],

[ 95, 65, 0,[ 0, 51, 76]],

[ 36, 65, 1,[ 1, 16, 30, 87]],

[ 6, 75, 1,[ 49, 38, 80]],

[ 79, 85, 1,[ 40, 38, 8]],

[ 28, 75, 0,[ 49, 3, 41, 71]],

[ 85, 95, 0,[ 54, 7, 35]],

[ 73, 45, 0,[ 75, 10]],

[ 33, 85, 1,[ 70, 20, 27]],

[ 52, 75, 0,[ 74, 78, 42, 60]],

[ 26, 75, 0,[ 93, 4, 2]],

[ 66, 65, 1,[ 63, 27, 23, 80]],

[ 37, 5, 1,[ 69, 42, 19]],

[ 46, 35, 0,[ 2, 13, 93]],

[ 3, 65, 0,[ 50, 96, 28]],

[ 35, 5, 1,[ 85, 97, 9, 32, 89, 54, 81]],

[ 86, 75, 0,[ 15, 4, 14, 75, 77, 93, 91]],

[ 23, 85, 0,[ 56, 7, 66, 64]],

[ 78, 15, 1,[ 50, 45, 17, 52]],

[ 8, 85, 0,[ 2, 79, 41]],

[ 77, 75, 0,[ 86, 89, 94]],

[ 25, 45, 1,[ 97, 99, 61]],

[ 18, 75, 1,[ 16, 67, 24]],

[ 7, 35, 1,[ 23, 85, 75, 68]],

[ 39, 95, 1,[ 57, 27, 48]],

[ 60, 75, 0,[ 52, 70, 5]],

[ 92, 85, 0,[ 64, 47, 83]],

[ 45, 75, 0,[ 84, 87, 78]],

[ 15, 75, 0,[ 29, 1, 86]],

[ 14, 15, 1,[ 98, 86]],

[ 94, 15, 1,[ 58, 99, 77, 82, 13]],

[ 99, 35, 1,[ 40, 94, 25, 53]],

[ 41, 75, 0,[ 8, 98, 28, 70, 10]],

[ 32, 45, 1,[ 35, 96, 12]],

[ 1, 45, 1,[ 36, 97, 44, 62, 15]],

[ 80, 75, 0,[ 66, 58, 6]],

[ 29, 25, 0,[ 82, 15, 38]],

[ 70, 55, 1,[ 33, 60, 68, 41, 76, 55]],

[ 72, 35, 1,[ 16, 88, 50]],

[ 44, 75, 1,[ 38, 84, 1]],

[ 30, 35, 1,[ 64, 36, 61, 19]],

[ 40, 95, 0,[ 12, 79, 99]],

[ 54, 65, 1,[ 63, 35, 11, 85]],

[ 67, 45, 0,[ 48, 18, 68]],

[ 24, 15, 1,[ 5, 96, 18]],

[ 22, 25, 1,[ 55, 5, 59, 74]],

[ 51, 65, 0,[ 89, 59, 95]],

[ 0, 65, 0,[ 50, 61, 95]],

[ 69, 85, 0,[ 20, 37, 90]],

[ 61, 65, 0,[ 25, 0, 30]],

[ 47, 85, 0,[ 92]],

[ 27, 75, 0,[ 39, 66, 33]],

[ 21, 5, 1,[ 55, 71, 42]],

[ 42, 75, 0,[ 21, 52, 37, 17]],

[ 9, 15, 1,[ 83, 31, 35]],

[ 48, 35, 1,[ 39, 98, 67]],

[ 11, 95, 0,[ 54, 82, 87]],

[ 64, 85, 0,[ 92, 23, 30]],

[ 87, 65, 1,[ 11, 45, 36, 83, 65]],

[ 34, 75, 0,[ 49, 74, 93, 12]],

[ 43, 45, 1,[ 81, 38, 2]],

[ 20, 85, 0,[ 69, 33, 84, 65]],

[ 75, 35, 1,[ 7, 73, 86]],

[ 13, 95, 1,[ 94, 4, 82, 46]],

[ 96, 55, 1,[ 24, 32, 56, 19, 76, 3]],

[ 98, 75, 0,[ 57, 48, 14, 41]],

[ 71, 75, 0,[ 91, 21, 28]],

[ 93, 25, 1,[ 86, 26, 34, 10, 46]],

[ 16, 15, 0,[ 18, 72, 36]],

[ 12, 15, 1,[ 88, 32, 34, 40]],

[ 82, 25, 0,[ 29, 11, 94, 13]],

[ 81, 65, 0,[ 62, 35, 90, 43]],

[ 56, 35, 1,[ 96, 23, 31]],

[ 50, 15, 1,[ 72, 84, 57, 0, 78, 3]],

[ 57, 75, 0,[ 98, 50, 39]],

[ 74, 55, 1,[ 52, 22, 34]],

[ 19, 55, 0,[ 37, 96, 30]],

[ 5, 75, 0,[ 24, 22, 60]],

[ 88, 15, 1,[ 63, 72, 12]],

[ 90, 15, 1,[ 17, 69, 81]],

[ 31, 25, 0,[ 9, 56, 65, 59]],

[ 62, 25, 0,[ 1, 53, 81]],

[ 63, 95, 0,[ 54, 66, 88]],

[ 10, 75, 1,[ 73, 4, 41, 93]],

[ 91, 15, 1,[ 53, 86, 71]],

[ 38, 25, 1,[ 6, 43, 79, 44, 29]],

[ 83, 45, 1,[ 92, 9, 87]],

[ 89, 65, 1,[ 77, 35, 51]],

[ 2, 85, 0,[ 46, 43, 26, 8]],

[ 55, 65, 1,[ 22, 21, 70]],

[ 4, 75, 0,[ 13, 86, 26, 10]],

