[ 28, 45, 0,[ 41, 80, 44]],

[ 57, 45, 0,[ 9, 43, 47]],

[ 53, 45, 0,[ 37, 58, 34]],

[ 94, 35, 1,[ 52, 36, 6, 31]],

[ 47, 45, 0,[ 85, 82, 57, 44, 64, 18, 52]],

[ 50, 45, 0,[ 46, 24, 35, 44]],

[ 92, 45, 0,[ 32, 62, 2]],

[ 54, 65, 1,[ 96, 17, 38]],

[ 78, 45, 0,[ 20, 52, 69, 48]],

[ 75, 45, 0,[ 84, 71, 91]],

[ 36, 45, 0,[ 25, 30, 94]],

[ 72, 45, 0,[ 42, 93, 43, 87, 99]],

[ 22, 45, 0,[ 88, 55, 38, 40]],

[ 13, 45, 0,[ 99, 67, 84]],

[ 77, 45, 0,[ 61, 10, 26]],

[ 27, 45, 0,[ 40, 16, 10]],

[ 49, 45, 0,[ 1, 40, 84]],

[ 59, 45, 0,[ 17, 11, 4]],

[ 87, 45, 0,[ 14, 72, 69]],

[ 0, 45, 0,[ 89, 18, 6]],

[ 26, 45, 0,[ 3, 33, 77]],

[ 91, 45, 0,[ 37, 18, 75]],

[ 32, 45, 0,[ 92, 9, 70, 6]],

[ 25, 45, 0,[ 55, 6, 36]],

[ 35, 45, 1,[ 2, 42, 76, 10, 50]],

[ 79, 45, 0,[ 55, 20, 88]],

[ 42, 45, 0,[ 72, 46, 35]],

[ 4, 45, 0,[ 99, 61, 43, 59]],

[ 70, 45, 0,[ 18, 32, 19]],

[ 3, 45, 0,[ 64, 23, 26]],

[ 46, 45, 0,[ 16, 42, 50]],

[ 67, 45, 0,[ 12, 63, 13]],

[ 30, 45, 0,[ 36, 16, 38, 81]],

[ 29, 45, 0,[ 6, 61, 7]],

[ 96, 45, 0,[ 89, 10, 62, 54]],

[ 71, 45, 0,[ 81, 65, 75, 15, 21]],

[ 33, 45, 0,[ 64, 23, 26, 12]],

[ 88, 45, 0,[ 22, 24, 79]],

[ 24, 45, 0,[ 8, 50, 88]],

[ 6, 45, 0,[ 25, 29, 94, 32, 0]],

[ 74, 45, 0,[ 10, 62, 60]],

[ 97, 35, 1,[ 5, 51, 56]],

[ 9, 45, 0,[ 32, 37, 57]],

[ 17, 45, 0,[ 59, 55, 85, 93, 54]],

[ 60, 45, 0,[ 89, 23, 20, 74]],

[ 73, 45, 0,[ 82, 7]],

[ 14, 45, 0,[ 21, 11, 87, 31]],

[ 43, 45, 0,[ 4, 57, 72]],

[ 21, 5, 1,[ 71, 14, 58]],

[ 20, 45, 0,[ 55, 60, 78, 79]],

[ 66, 45, 0,[ 84, 48, 55, 95]],

[ 7, 45, 0,[ 73, 68, 81, 62, 29]],

[ 41, 45, 0,[ 68, 95, 28, 86]],

[ 56, 45, 0,[ 90, 86, 11, 97]],

[ 52, 45, 0,[ 94, 47, 78]],

[ 19, 45, 1,[ 31, 70, 45, 23]],

[ 11, 45, 0,[ 59, 63, 56, 14]],

[ 12, 45, 0,[ 80, 67, 90, 33]],

[ 55, 25, 1,[ 25, 22, 18, 66, 20, 17, 79]],

[ 2, 45, 0,[ 31, 92, 35]],

[ 83, 45, 0,[ 1, 58, 65]],

[ 62, 45, 0,[ 7, 74, 96, 92, 15]],

[ 40, 45, 0,[ 44, 49, 27, 22]],

[ 64, 45, 0,[ 33, 47, 3]],

[ 48, 45, 0,[ 78, 15, 66]],

[ 98, 45, 0,[ 37, 69]],

[ 8, 45, 0,[ 37, 5, 24]],

[ 82, 45, 0,[ 51, 73, 31, 47]],

[ 18, 45, 0,[ 55, 47, 70, 0, 91]],

[ 93, 45, 0,[ 72, 17, 15, 34]],

[ 76, 45, 0,[ 39, 35, 61]],

[ 86, 45, 0,[ 45, 56, 41]],

[ 69, 75, 1,[ 87, 98, 78]],

[ 68, 45, 0,[ 37, 41, 7]],

[ 51, 45, 0,[ 82, 10, 97]],

[ 63, 45, 0,[ 11, 61, 67]],

[ 39, 45, 0,[ 84, 23, 76]],

[ 34, 45, 0,[ 53, 58, 93]],

[ 38, 45, 0,[ 54, 22, 30]],

[ 89, 45, 0,[ 60, 0, 96]],

[ 16, 45, 0,[ 46, 27, 30]],

[ 65, 45, 0,[ 58, 71, 83]],

[ 15, 45, 0,[ 62, 71, 48, 93]],

[ 31, 45, 0,[ 82, 14, 94, 2, 19]],

[ 45, 45, 0,[ 19, 86]],

[ 84, 45, 0,[ 13, 49, 66, 39, 75]],

[ 37, 45, 0,[ 9, 53, 8, 98, 68, 91]],

[ 99, 45, 0,[ 4, 13, 72]],

[ 95, 45, 0,[ 41, 85, 66]],

[ 81, 85, 1,[ 71, 7, 30]],

[ 90, 45, 0,[ 12, 56]],

[ 5, 45, 0,[ 80, 1, 8, 97]],

[ 10, 45, 0,[ 74, 27, 77, 96, 51, 35]],

[ 44, 5, 1,[ 28, 40, 47, 50]],

[ 61, 45, 0,[ 29, 4, 77, 76, 63]],

[ 58, 45, 0,[ 83, 21, 34, 53, 65]],

[ 85, 45, 0,[ 95, 17, 47]],

[ 80, 45, 0,[ 12, 28, 5]],

[ 23, 45, 0,[ 33, 60, 39, 3, 19]],

[ 1, 45, 0,[ 5, 83, 49]],

