[ 4, 5, 0,[ 3, 71, 9]],

[ 72, 5, 0,[ 15, 33, 70]],

[ 73, 5, 0,[ 82, 74, 91, 75]],

[ 28, 5, 0,[ 26, 37, 29]],

[ 25, 5, 0,[ 23, 59, 16, 27, 67]],

[ 65, 5, 0,[ 63, 67, 42]],

[ 36, 5, 0,[ 35, 46, 86]],

[ 49, 5, 0,[ 88, 74, 90, 3]],

[ 88, 5, 0,[ 49, 79, 33]],

[ 44, 5, 0,[ 45, 39, 43, 42]],

[ 40, 5, 0,[ 95, 71, 38]],

[ 89, 5, 0,[ 83, 84, 30, 91]],

[ 19, 5, 0,[ 82, 64, 18, 17]],

[ 54, 5, 0,[ 53, 1, 78]],

[ 26, 5, 1,[ 27, 93, 28]],

[ 0, 5, 0,[ 2, 97, 14]],

[ 38, 55, 1,[ 40, 59, 96]],

[ 27, 75, 1,[ 25, 15, 26]],

[ 5, 5, 0,[ 23, 7, 1]],

[ 61, 5, 0,[ 92, 63, 46, 60]],

[ 77, 5, 0,[ 6, 79, 76]],

[ 64, 5, 0,[ 19, 62, 80, 99]],

[ 21, 5, 0,[ 68, 94, 20]],

[ 48, 5, 0,[ 29, 47, 7]],

[ 84, 5, 0,[ 7, 89, 95]],

[ 85, 5, 0,[ 67, 37, 53, 2]],

[ 67, 5, 0,[ 25, 65, 85]],

[ 24, 5, 0,[ 87, 22, 78]],

[ 1, 5, 0,[ 5, 68, 54, 76]],

[ 43, 5, 0,[ 41, 44, 83, 42]],

[ 42, 5, 0,[ 44, 43, 13, 65, 94]],

[ 37, 5, 0,[ 34, 85, 28]],

[ 71, 5, 0,[ 41, 76, 4, 40]],

[ 87, 5, 0,[ 24, 69, 98, 39]],

[ 81, 5, 0,[ 75, 34, 55]],

[ 58, 5, 0,[ 3, 56, 13]],

[ 30, 5, 0,[ 89, 50, 39]],

[ 78, 5, 0,[ 24, 35, 80, 54]],

[ 69, 5, 0,[ 16, 87, 66]],

[ 39, 5, 0,[ 30, 44, 87, 59]],

[ 96, 5, 0,[ 38, 95, 63]],

[ 76, 5, 0,[ 77, 57, 1, 71]],

[ 17, 5, 0,[ 19, 31, 86, 18, 70, 52]],

[ 66, 5, 0,[ 69, 6, 32, 2]],

[ 80, 5, 0,[ 79, 64, 78]],

[ 11, 5, 0,[ 59, 12, 10]],

[ 97, 55, 1,[ 0, 29, 82, 6]],

[ 45, 5, 0,[ 44, 92, 95]],

[ 59, 5, 0,[ 51, 39, 25, 10, 38, 62, 11]],

[ 93, 5, 0,[ 60, 26, 53, 41]],

[ 32, 5, 0,[ 55, 66, 2]],

[ 46, 5, 0,[ 50, 52, 36, 61]],

[ 94, 5, 0,[ 52, 42, 13, 21, 34]],

[ 23, 5, 0,[ 5, 22, 25]],

[ 16, 5, 0,[ 90, 69, 25]],

[ 56, 5, 0,[ 82, 58]],

[ 50, 5, 0,[ 46, 60, 30]],

[ 62, 5, 0,[ 10, 59, 8, 64]],

[ 20, 5, 0,[ 18, 35, 14, 21]],

[ 91, 5, 0,[ 31, 89, 73]],

[ 13, 5, 0,[ 42, 94, 58]],

[ 2, 5, 0,[ 85, 66, 32, 0]],

[ 63, 5, 0,[ 65, 61, 96]],

[ 41, 5, 0,[ 43, 93, 71]],

[ 14, 5, 0,[ 0, 20, 12]],

[ 22, 5, 0,[ 24, 23, 12]],

[ 7, 5, 0,[ 5, 84, 48]],

[ 15, 5, 1,[ 29, 72, 27]],

[ 33, 35, 1,[ 72, 75, 88]],

[ 47, 75, 1,[ 51, 48, 83]],

[ 90, 5, 0,[ 49, 92, 16]],

[ 51, 5, 0,[ 59, 57, 47]],

[ 9, 5, 0,[ 68, 53, 4]],

[ 79, 5, 0,[ 80, 77, 75, 88]],

[ 10, 5, 0,[ 11, 62, 59]],

[ 92, 5, 0,[ 90, 45, 61]],

[ 82, 5, 0,[ 73, 19, 97, 56]],

[ 29, 5, 0,[ 97, 15, 48, 28]],

[ 3, 5, 0,[ 49, 4, 58]],

[ 57, 5, 0,[ 51, 76, 55]],

[ 6, 55, 1,[ 77, 66, 97]],

[ 98, 5, 0,[ 99, 55, 87]],

[ 18, 5, 0,[ 19, 17, 20]],

[ 31, 35, 1,[ 91, 17, 8]],

[ 74, 5, 0,[ 49, 8, 60, 73]],

[ 68, 55, 1,[ 9, 1, 21]],

[ 12, 5, 0,[ 22, 60, 14, 11]],

[ 60, 5, 0,[ 61, 12, 50, 93, 74, 70]],

[ 55, 5, 0,[ 32, 57, 98, 81]],

[ 34, 5, 0,[ 94, 81, 37]],

[ 99, 5, 0,[ 8, 98, 64]],

[ 8, 5, 0,[ 62, 31, 99, 74]],

[ 70, 5, 0,[ 60, 72, 17]],

[ 83, 5, 0,[ 89, 47, 43]],

[ 95, 5, 0,[ 96, 45, 40, 84]],

[ 35, 5, 0,[ 78, 36, 20]],

[ 52, 5, 0,[ 46, 17, 94]],

[ 75, 5, 0,[ 33, 81, 79, 73]],

[ 53, 5, 0,[ 9, 54, 85, 93]],

[ 86, 5, 0,[ 36, 17]],

