[ 45, 75, 0,[ 8, 47, 29, 0]],

[ 55, 75, 0,[ 19, 32, 16]],

[ 3, 5, 1,[ 90, 60, 24]],

[ 72, 75, 0,[ 35, 25, 31, 74]],

[ 5, 75, 0,[ 88, 12, 4]],

[ 64, 75, 0,[ 18, 59, 47]],

[ 18, 75, 0,[ 12, 60, 13, 70, 64]],

[ 59, 75, 0,[ 58, 64, 87, 51]],

[ 89, 75, 0,[ 52, 67, 78]],

[ 84, 75, 0,[ 36, 54, 14]],

[ 69, 75, 0,[ 30, 80, 88]],

[ 21, 75, 0,[ 40, 58, 81]],

[ 47, 75, 0,[ 45, 94, 64, 62]],

[ 97, 75, 1,[ 22, 4, 88]],

[ 8, 75, 1,[ 45, 50, 25]],

[ 15, 75, 0,[ 88, 4, 43]],

[ 51, 75, 1,[ 74, 2, 59]],

[ 25, 75, 0,[ 70, 72, 8, 99]],

[ 88, 75, 0,[ 69, 15, 97, 17, 5]],

[ 71, 75, 0,[ 31, 76, 68]],

[ 76, 75, 0,[ 71, 86, 0, 80]],

[ 9, 75, 0,[ 11, 28, 7, 57]],

[ 87, 75, 0,[ 59, 30, 93]],

[ 1, 75, 0,[ 92, 77, 22]],

[ 41, 75, 0,[ 68, 81, 31]],

[ 33, 75, 0,[ 23, 91, 4]],

[ 61, 75, 0,[ 77]],

[ 37, 75, 0,[ 32, 0, 86]],

[ 4, 75, 0,[ 97, 15, 5, 33, 46]],

[ 36, 75, 0,[ 84, 12, 38]],

[ 22, 75, 0,[ 74, 67, 1, 97]],

[ 14, 75, 0,[ 57, 73, 84]],

[ 38, 75, 0,[ 49, 36, 7]],

[ 43, 75, 0,[ 65, 90, 15, 66, 73]],

[ 94, 75, 1,[ 47, 85, 91, 30]],

[ 54, 75, 0,[ 99, 11, 84, 80, 2]],

[ 0, 75, 0,[ 45, 37, 76]],

[ 62, 75, 0,[ 28, 47, 82, 42]],

[ 31, 75, 0,[ 57, 41, 71, 72, 79, 92]],

[ 80, 75, 1,[ 54, 69, 76]],

[ 23, 75, 0,[ 33, 2, 56]],

[ 91, 75, 0,[ 33, 83, 94]],

[ 24, 45, 1,[ 6, 19, 3]],

[ 78, 75, 0,[ 89, 17, 26]],

[ 19, 75, 0,[ 29, 55, 24]],

[ 90, 75, 1,[ 3, 26, 46, 43]],

[ 17, 75, 0,[ 88, 74, 78]],

[ 29, 75, 0,[ 45, 12, 19, 27]],

[ 10, 75, 0,[ 56, 16, 73]],

[ 39, 75, 0,[ 26, 68, 34]],

[ 70, 75, 0,[ 18, 12, 25]],

[ 60, 75, 0,[ 18, 35, 3]],

[ 12, 75, 0,[ 18, 29, 70, 36, 5]],

[ 2, 75, 0,[ 54, 51, 23, 40]],

[ 67, 75, 0,[ 89, 22]],

[ 86, 75, 0,[ 63, 76, 53, 37]],

[ 81, 75, 0,[ 50, 41, 21]],

[ 52, 75, 0,[ 66, 98, 16, 89]],

[ 68, 75, 0,[ 71, 41, 39]],

[ 85, 75, 0,[ 94, 53, 95]],

[ 50, 75, 0,[ 65, 8, 81]],

[ 6, 75, 0,[ 77, 95, 24]],

[ 57, 75, 0,[ 14, 31, 9]],

[ 83, 75, 0,[ 91, 32, 28]],

[ 42, 75, 0,[ 63, 62, 65, 20]],

[ 44, 75, 0,[ 34, 48, 20]],

[ 16, 75, 0,[ 52, 10, 11, 55]],

[ 93, 75, 0,[ 75, 7, 87]],

[ 66, 75, 0,[ 43, 79, 52]],

[ 7, 75, 0,[ 9, 38, 93]],

[ 99, 75, 0,[ 54, 35, 25]],

[ 32, 75, 0,[ 37, 92, 55, 83]],

[ 48, 75, 0,[ 34, 44, 95]],

[ 26, 75, 0,[ 90, 75, 39, 78]],

[ 74, 75, 0,[ 22, 17, 51, 72]],

[ 46, 75, 0,[ 90, 53, 4]],

[ 35, 75, 0,[ 72, 99, 60]],

[ 13, 75, 0,[ 11, 95, 18]],

[ 58, 75, 0,[ 59, 34, 21, 82]],

[ 95, 75, 0,[ 13, 6, 85, 48, 96]],

[ 34, 75, 1,[ 48, 44, 58, 39]],

[ 53, 75, 0,[ 86, 46, 85]],

[ 82, 75, 0,[ 20, 62, 58]],

[ 56, 75, 0,[ 49, 10, 23]],

[ 77, 75, 0,[ 61, 6, 1]],

[ 20, 75, 0,[ 42, 44, 82]],

[ 98, 75, 0,[ 92, 52]],

[ 63, 75, 0,[ 42, 79, 86]],

[ 40, 75, 0,[ 2, 75, 21]],

[ 79, 75, 0,[ 66, 31, 63]],

[ 11, 75, 0,[ 54, 16, 13, 9]],

[ 30, 75, 0,[ 87, 94, 69]],

[ 96, 75, 0,[ 95]],

[ 73, 75, 0,[ 43, 14, 10]],

[ 92, 5, 1,[ 98, 32, 31, 1]],

[ 49, 75, 0,[ 38, 56, 27]],

[ 27, 75, 0,[ 49, 29, 75]],

[ 75, 75, 0,[ 93, 27, 40, 26]],

[ 28, 75, 0,[ 9, 83, 62]],

[ 65, 75, 0,[ 43, 50, 42]],

