[ 27, 15, 0,[ 51, 77, 41, 17]],

[ 94, 15, 0,[ 70, 6, 76, 45]],

[ 63, 15, 0,[ 87, 86, 91]],

[ 9, 15, 0,[ 60, 83, 21]],

[ 30, 15, 0,[ 15, 74, 10, 90]],

[ 3, 15, 0,[ 40, 59, 87]],

[ 57, 15, 0,[ 13, 96, 80, 84, 7]],

[ 44, 15, 0,[ 34, 18, 77]],

[ 75, 15, 0,[ 23, 19, 33]],

[ 59, 15, 0,[ 3, 49, 56, 24]],

[ 26, 15, 0,[ 80, 96, 65, 64, 82]],

[ 10, 15, 0,[ 5, 30, 34]],

[ 53, 15, 0,[ 96, 25, 31]],

[ 77, 15, 0,[ 35, 98, 27, 44]],

[ 68, 15, 0,[ 12, 46, 87]],

[ 67, 15, 0,[ 97, 99, 6, 64]],

[ 80, 15, 0,[ 57, 26, 39]],

[ 19, 15, 0,[ 56, 31, 75]],

[ 56, 15, 0,[ 14, 59, 19]],

[ 90, 75, 1,[ 30, 12, 60]],

[ 25, 15, 0,[ 53, 84, 15, 11, 71]],

[ 6, 15, 0,[ 46, 67, 94]],

[ 92, 15, 0,[ 71, 43]],

[ 93, 35, 1,[ 18, 71, 79, 73]],

[ 31, 15, 0,[ 53, 19, 12, 39]],

[ 38, 45, 1,[ 85, 35, 65, 91]],

[ 7, 15, 0,[ 54, 16, 57]],

[ 91, 15, 0,[ 38, 63, 60]],

[ 82, 15, 0,[ 33, 26, 73]],

[ 85, 15, 0,[ 38, 29, 32, 87]],

[ 20, 15, 0,[ 47, 28, 24]],

[ 8, 15, 0,[ 36, 61, 98]],

[ 1, 15, 0,[ 34, 13, 37, 76]],

[ 21, 15, 0,[ 52, 86, 9]],

[ 58, 15, 0,[ 18, 72, 98]],

[ 78, 15, 0,[ 64, 47, 52]],

[ 14, 15, 0,[ 51, 79, 56, 65]],

[ 18, 15, 0,[ 40, 44, 93, 58]],

[ 88, 15, 0,[ 16, 72, 96]],

[ 89, 15, 0,[ 37, 98, 23]],

[ 60, 15, 0,[ 90, 91, 2, 9]],

[ 42, 15, 0,[ 0, 47, 4, 73]],

[ 22, 15, 0,[ 50, 46, 71]],

[ 0, 15, 0,[ 50, 48, 42]],

[ 74, 85, 1,[ 30, 32, 16, 24]],

[ 81, 15, 0,[ 48, 45, 40]],

[ 41, 25, 1,[ 64, 27, 65]],

[ 61, 15, 0,[ 8, 86, 54]],

[ 23, 15, 0,[ 75, 29, 89, 72]],

[ 72, 15, 0,[ 24, 58, 88, 23]],

[ 64, 15, 0,[ 78, 26, 41, 67]],

[ 33, 15, 0,[ 82, 95, 75]],

[ 17, 15, 0,[ 27, 62, 66]],

[ 29, 15, 0,[ 39, 23, 85]],

[ 24, 15, 0,[ 55, 59, 74, 20, 72]],

[ 97, 15, 0,[ 67, 43, 87]],

[ 98, 15, 0,[ 58, 89, 8, 77]],

[ 95, 15, 0,[ 83, 33, 69]],

[ 47, 15, 0,[ 78, 20, 42]],

[ 15, 15, 0,[ 30, 86, 25]],

[ 69, 15, 0,[ 37, 95, 28]],

[ 83, 25, 1,[ 9, 95, 76]],

[ 13, 15, 0,[ 46, 57, 1]],

[ 43, 15, 0,[ 97, 92, 51]],

[ 96, 15, 0,[ 57, 53, 88, 26]],

[ 79, 15, 0,[ 14, 93, 5, 99]],

[ 65, 15, 0,[ 41, 38, 26, 36, 14]],

[ 54, 15, 0,[ 48, 61, 7]],

[ 84, 55, 1,[ 57, 25, 50]],

[ 73, 15, 0,[ 93, 82, 42, 11]],

[ 62, 15, 0,[ 28, 17, 99, 2]],

[ 2, 15, 1,[ 60, 62, 32]],

[ 36, 15, 0,[ 65, 8, 39]],

[ 87, 15, 0,[ 97, 3, 68, 85, 63]],

[ 28, 15, 0,[ 20, 62, 69]],

[ 70, 15, 0,[ 49, 4, 94]],

[ 55, 15, 0,[ 49, 24, 52]],

[ 86, 15, 0,[ 63, 61, 15, 21]],

[ 16, 15, 0,[ 74, 7, 88]],

[ 99, 15, 0,[ 67, 62, 79]],

[ 50, 15, 0,[ 84, 0, 22]],

[ 76, 15, 0,[ 94, 1, 83, 37]],

[ 37, 15, 0,[ 1, 76, 89, 69]],

[ 11, 15, 0,[ 25, 4, 73]],

[ 39, 15, 0,[ 80, 36, 29, 31]],

[ 32, 15, 0,[ 74, 2, 85]],

[ 45, 95, 1,[ 81, 94, 66]],

[ 51, 15, 0,[ 14, 27, 43]],

[ 40, 15, 0,[ 3, 81, 18]],

[ 35, 15, 0,[ 77, 38]],

[ 48, 15, 0,[ 0, 54, 81]],

[ 46, 15, 0,[ 13, 6, 68, 22]],

[ 4, 15, 0,[ 42, 70, 11]],

[ 5, 15, 0,[ 10, 79, 66]],

[ 52, 65, 1,[ 78, 21, 55]],

[ 34, 15, 0,[ 44, 1, 10]],

[ 71, 15, 0,[ 22, 93, 25, 92]],

[ 66, 15, 0,[ 17, 45, 5]],

[ 49, 15, 0,[ 55, 59, 70]],

[ 12, 15, 0,[ 31, 68, 90]],

