[ 87, 95, 1,[ 2, 57, 82, 97, 19]],

[ 74, 75, 0,[ 44, 35, 79]],

[ 73, 75, 1,[ 95, 43, 83, 53]],

[ 63, 75, 0,[ 29, 18, 93]],

[ 88, 55, 0,[ 47, 79, 31]],

[ 18, 75, 1,[ 76, 63, 17]],

[ 11, 75, 0,[ 67, 86, 8, 48]],

[ 80, 75, 0,[ 76, 92, 72]],

[ 91, 75, 1,[ 26, 14, 40, 36, 82]],

[ 22, 75, 1,[ 4, 89, 7]],

[ 66, 45, 1,[ 36, 6, 20]],

[ 61, 5, 1,[ 93, 67, 79]],

[ 3, 65, 0,[ 72, 69, 51]],

[ 25, 75, 1,[ 67, 71, 46]],

[ 2, 75, 1,[ 39, 87, 10, 12, 62, 17, 43]],

[ 54, 75, 1,[ 83, 85, 81, 6]],

[ 58, 75, 0,[ 93, 30, 15]],

[ 28, 75, 1,[ 4, 78, 43, 92, 19, 85, 7]],

[ 45, 95, 1,[ 20, 76, 30]],

[ 33, 75, 0,[ 10, 29]],

[ 4, 65, 1,[ 22, 28, 34, 68]],

[ 93, 75, 0,[ 30, 63, 58, 61]],

[ 81, 5, 0,[ 54, 57]],

[ 53, 75, 0,[ 73, 86, 38]],

[ 0, 75, 1,[ 41, 77, 32, 85]],

[ 89, 75, 0,[ 22, 76, 94, 27]],

[ 47, 75, 0,[ 88, 40, 41]],

[ 15, 95, 1,[ 48, 62, 27, 58, 52]],

[ 35, 95, 1,[ 75, 74, 79, 95, 48]],

[ 62, 75, 0,[ 15, 42, 2, 94]],

[ 13, 75, 0,[ 26, 17, 37]],

[ 94, 75, 1,[ 62, 89, 8]],

[ 96, 35, 1,[ 14, 10, 65]],

[ 48, 75, 0,[ 35, 15, 11]],

[ 82, 75, 0,[ 87, 91]],

[ 32, 75, 0,[ 0, 84, 97]],

[ 17, 25, 1,[ 18, 2, 13]],

[ 40, 75, 0,[ 47, 91]],

[ 56, 75, 0,[ 65, 44]],

[ 98, 75, 0,[ 24, 29, 20]],

[ 30, 25, 1,[ 16, 93, 86, 58, 45]],

[ 51, 75, 0,[ 65, 71, 3, 75]],

[ 67, 75, 0,[ 37, 61, 25, 11]],

[ 71, 55, 1,[ 25, 70, 51]],

[ 77, 75, 0,[ 21, 86, 60, 0]],

[ 37, 75, 0,[ 67, 59, 5, 13, 23]],

[ 36, 75, 0,[ 27, 91, 66, 76]],

[ 46, 85, 1,[ 68, 25, 19]],

[ 97, 75, 0,[ 32, 49, 7, 87]],

[ 27, 75, 0,[ 15, 36, 89]],

[ 44, 75, 0,[ 99, 74, 56]],

[ 39, 75, 1,[ 31, 2, 85]],

[ 6, 45, 1,[ 52, 69, 95, 54, 66]],

[ 14, 65, 0,[ 91, 96]],

[ 95, 5, 0,[ 6, 73, 35]],

[ 38, 75, 1,[ 23, 1, 53, 65]],

[ 52, 15, 1,[ 6, 15, 5, 90]],

[ 7, 75, 0,[ 97, 22, 28]],

[ 69, 65, 1,[ 90, 6, 3, 12]],

[ 99, 75, 0,[ 44, 8, 83]],

[ 29, 75, 1,[ 98, 33, 50, 1, 63]],

[ 83, 75, 0,[ 78, 54, 99, 73]],

[ 49, 85, 1,[ 97, 64, 34]],

[ 31, 55, 0,[ 70, 88, 39]],

[ 26, 75, 0,[ 21, 91, 13]],

[ 23, 75, 0,[ 38, 90, 37]],

[ 50, 25, 1,[ 5, 79, 29]],

[ 65, 55, 1,[ 96, 38, 51, 56]],

[ 76, 75, 0,[ 84, 80, 45, 89, 18, 36]],

[ 10, 55, 1,[ 2, 33, 96]],

[ 79, 55, 1,[ 35, 61, 74, 88, 50]],

[ 43, 75, 0,[ 2, 73, 28]],

[ 78, 75, 1,[ 83, 28, 64]],

[ 72, 35, 1,[ 3, 9, 80]],

[ 70, 55, 1,[ 24, 71, 31]],

[ 90, 65, 0,[ 23, 52, 69]],

[ 84, 75, 0,[ 32, 34, 76]],

[ 1, 75, 1,[ 75, 29, 38]],

[ 60, 65, 1,[ 41, 34, 77]],

[ 34, 25, 1,[ 84, 60, 4, 49]],

[ 12, 65, 0,[ 2, 69]],

[ 68, 85, 0,[ 4, 55, 46]],

[ 41, 75, 1,[ 9, 21, 47, 0, 60]],

[ 19, 75, 0,[ 87, 28, 46]],

[ 20, 75, 0,[ 45, 59, 64, 66, 98]],

[ 5, 75, 0,[ 50, 37, 52]],

[ 8, 75, 1,[ 94, 99, 11]],

[ 85, 75, 1,[ 39, 28, 0, 54, 16]],

[ 92, 75, 1,[ 80, 75, 28]],

[ 64, 35, 1,[ 78, 20, 49]],

[ 16, 75, 1,[ 24, 55, 85, 30]],

[ 75, 55, 1,[ 35, 1, 51, 92]],

[ 55, 75, 1,[ 59, 68, 16]],

[ 86, 75, 0,[ 30, 53, 77, 11]],

[ 59, 75, 0,[ 55, 37, 20]],

[ 24, 85, 0,[ 70, 16, 98]],

[ 9, 45, 0,[ 41, 42, 72]],

[ 42, 75, 1,[ 9, 62]],

[ 21, 65, 1,[ 26, 77, 41]],

[ 57, 75, 1,[ 81, 87]],

