[ 43, 35, 0,[ 11, 31, 60, 61]],

[ 32, 35, 0,[ 10, 47, 1, 42]],

[ 15, 35, 0,[ 2, 1, 33]],

[ 17, 35, 0,[ 63, 45, 85]],

[ 87, 35, 0,[ 88, 22, 63, 8, 85]],

[ 48, 35, 0,[ 62, 21, 20, 25]],

[ 36, 35, 0,[ 16, 67, 78]],

[ 55, 35, 1,[ 68, 79, 5]],

[ 65, 45, 1,[ 31, 13, 95]],

[ 66, 15, 1,[ 68, 27]],

[ 40, 35, 0,[ 2, 77, 70]],

[ 7, 35, 0,[ 62, 88, 9]],

[ 74, 35, 0,[ 75, 69, 76]],

[ 45, 35, 0,[ 17, 44, 0, 92]],

[ 61, 35, 0,[ 97, 59, 43]],

[ 88, 35, 0,[ 42, 78, 87, 7]],

[ 95, 35, 0,[ 8, 75, 93, 65]],

[ 27, 35, 0,[ 94, 66, 99]],

[ 78, 35, 0,[ 9, 88, 53, 36]],

[ 94, 35, 0,[ 93, 75, 27, 34]],

[ 73, 35, 0,[ 29, 38, 89, 72]],

[ 46, 35, 0,[ 33, 69, 0]],

[ 79, 35, 0,[ 86, 55, 57]],

[ 22, 15, 1,[ 87, 23, 42]],

[ 71, 35, 0,[ 34, 29, 28]],

[ 9, 35, 0,[ 7, 78, 6]],

[ 26, 35, 0,[ 42, 14, 50]],

[ 64, 35, 0,[ 18, 49]],

[ 10, 35, 0,[ 28, 5, 32]],

[ 60, 35, 0,[ 43, 31, 80]],

[ 31, 35, 0,[ 11, 44, 60, 65, 43]],

[ 75, 35, 0,[ 74, 95, 94, 90]],

[ 39, 35, 0,[ 68, 21, 49]],

[ 47, 35, 0,[ 32, 93, 37]],

[ 11, 35, 0,[ 43, 31, 50, 58]],

[ 38, 35, 0,[ 6, 73, 69]],

[ 93, 35, 0,[ 47, 94, 86, 95]],

[ 42, 35, 0,[ 41, 22, 12, 88, 26, 32, 44]],

[ 70, 35, 0,[ 96, 50, 40]],

[ 44, 35, 0,[ 80, 99, 31, 37, 45, 42]],

[ 59, 35, 0,[ 35, 8, 61]],

[ 6, 35, 0,[ 98, 38, 9, 67, 54]],

[ 76, 35, 0,[ 74, 20]],

[ 25, 35, 1,[ 62, 13, 48]],

[ 57, 35, 0,[ 79, 19, 97]],

[ 84, 35, 0,[ 19, 63, 82]],

[ 86, 35, 0,[ 12, 93, 79]],

[ 63, 35, 0,[ 17, 84, 87]],

[ 37, 35, 0,[ 20, 47, 44]],

[ 80, 35, 0,[ 60, 34, 29, 44]],

[ 23, 35, 0,[ 30, 24, 22]],

[ 2, 35, 0,[ 14, 19, 24, 15, 40]],

[ 21, 35, 0,[ 39, 41, 48]],

[ 20, 35, 0,[ 48, 76, 37]],

[ 99, 35, 0,[ 97, 44, 27]],

[ 72, 35, 0,[ 83, 89, 73]],

[ 14, 35, 0,[ 30, 26, 2, 67]],

[ 52, 35, 0,[ 82, 81, 50]],

[ 83, 35, 0,[ 85, 82, 72]],

[ 29, 35, 0,[ 30, 73, 71, 80]],

[ 53, 35, 0,[ 78, 51, 35, 13]],

[ 30, 35, 0,[ 77, 23, 56, 29, 14]],

[ 62, 35, 0,[ 25, 48, 7, 41]],

[ 12, 35, 0,[ 42, 89, 86]],

[ 96, 35, 0,[ 3, 77, 70]],

[ 19, 35, 0,[ 57, 84, 18, 2]],

[ 91, 35, 0,[ 3, 81, 92]],

[ 77, 35, 0,[ 96, 40, 81, 30]],

[ 34, 35, 0,[ 94, 71, 80]],

[ 51, 55, 1,[ 49, 53, 90]],

[ 54, 35, 0,[ 13, 6, 58]],

[ 85, 35, 0,[ 17, 98, 83, 87]],

[ 28, 35, 1,[ 10, 71, 1, 5]],

[ 98, 35, 0,[ 4, 6, 85, 97]],

[ 0, 35, 0,[ 45, 16, 46]],

[ 50, 35, 0,[ 52, 70, 90, 11, 26]],

[ 82, 75, 1,[ 52, 83, 84]],

[ 4, 35, 0,[ 35, 98, 24]],

[ 13, 35, 0,[ 54, 25, 53, 65]],

[ 69, 35, 0,[ 74, 38, 56, 18, 46]],

[ 18, 35, 0,[ 64, 19, 69]],

[ 16, 35, 0,[ 0, 58, 36]],

[ 8, 35, 0,[ 87, 95, 59]],

[ 58, 35, 0,[ 11, 16, 54]],

[ 89, 35, 0,[ 12, 73, 72, 68]],

[ 97, 15, 1,[ 61, 57, 99, 98]],

[ 68, 35, 0,[ 89, 55, 39, 66]],

[ 56, 35, 0,[ 92, 69, 30]],

[ 49, 35, 0,[ 39, 64, 3, 51]],

[ 35, 35, 0,[ 4, 53, 59]],

[ 24, 35, 0,[ 2, 23, 4]],

[ 67, 35, 0,[ 36, 14, 6]],

[ 3, 35, 0,[ 91, 49, 96]],

[ 41, 35, 0,[ 62, 21, 42]],

[ 5, 25, 1,[ 28, 10, 55]],

[ 92, 35, 0,[ 91, 45, 56]],

[ 90, 35, 0,[ 75, 50, 51]],

[ 33, 35, 0,[ 15, 46, 81]],

[ 1, 35, 0,[ 32, 15, 28]],

[ 81, 35, 0,[ 52, 33, 91, 77]],

