[ 67, 85, 0,[ 76, 59, 57]],

[ 63, 55, 0,[ 74, 79, 4, 25]],

[ 13, 15, 0,[ 62, 39, 68]],

[ 61, 45, 1,[ 32, 35, 30]],

[ 54, 25, 1,[ 60, 9, 52]],

[ 75, 55, 1,[ 55, 23, 15, 1, 4, 74]],

[ 37, 65, 1,[ 32, 24, 93, 14]],

[ 68, 5, 1,[ 38, 13, 90]],

[ 90, 85, 1,[ 68, 35, 40, 53, 38]],

[ 18, 65, 0,[ 0, 39, 65]],

[ 2, 85, 1,[ 83, 0, 81]],

[ 21, 25, 1,[ 58, 92, 7, 26]],

[ 51, 65, 0,[ 53, 60, 55, 92]],

[ 25, 55, 0,[ 44, 63, 86]],

[ 94, 5, 1,[ 59, 44, 43]],

[ 89, 25, 1,[ 98, 43, 97, 40]],

[ 9, 65, 1,[ 20, 39, 69, 98, 54, 82, 95]],

[ 1, 35, 1,[ 75, 85, 33]],

[ 24, 15, 1,[ 42, 37, 8, 12]],

[ 73, 55, 0,[ 96, 82, 91]],

[ 30, 55, 0,[ 44, 52, 61]],

[ 4, 25, 1,[ 63, 7, 75]],

[ 28, 25, 1,[ 72, 70, 31, 32]],

[ 77, 65, 1,[ 16, 43, 42]],

[ 98, 5, 0,[ 89, 9, 41]],

[ 10, 35, 0,[ 38, 34, 5]],

[ 11, 55, 0,[ 44, 35, 45]],

[ 81, 55, 0,[ 66, 48, 2]],

[ 72, 55, 0,[ 28, 78, 8]],

[ 64, 35, 1,[ 26, 79, 88]],

[ 34, 35, 1,[ 32, 10, 15, 6]],

[ 33, 75, 0,[ 1, 20, 0]],

[ 14, 15, 1,[ 39, 78, 37]],

[ 95, 45, 0,[ 52, 39, 58, 9]],

[ 7, 5, 0,[ 4, 96, 21]],

[ 20, 45, 0,[ 33, 9, 5]],

[ 48, 55, 0,[ 97, 12, 81]],

[ 5, 25, 0,[ 22, 91, 20, 10]],

[ 47, 25, 1,[ 66, 6, 70]],

[ 50, 55, 0,[ 22, 43]],

[ 44, 55, 0,[ 25, 87, 30, 94, 11]],

[ 29, 15, 1,[ 17, 84, 58]],

[ 57, 75, 0,[ 32, 67, 40]],

[ 91, 85, 0,[ 27, 5, 73]],

[ 17, 95, 0,[ 29, 56, 78, 49]],

[ 31, 45, 1,[ 69, 36, 28]],

[ 96, 5, 0,[ 60, 7, 73]],

[ 3, 25, 1,[ 12, 62]],

[ 92, 35, 1,[ 21, 65, 51]],

[ 45, 55, 0,[ 36, 15, 11, 35]],

[ 19, 5, 0,[ 83, 41, 60]],

[ 85, 55, 0,[ 69, 1, 16]],

[ 88, 45, 1,[ 66, 46, 64]],

[ 53, 5, 1,[ 84, 90, 51]],

[ 6, 85, 0,[ 34, 76, 47]],

[ 86, 45, 0,[ 56, 25, 42, 36]],

[ 55, 45, 1,[ 46, 51, 75]],

[ 41, 5, 1,[ 19, 71, 98]],

[ 23, 45, 1,[ 71, 46, 75]],

[ 97, 75, 0,[ 38, 49, 89, 48]],

[ 52, 65, 1,[ 30, 95, 93, 54]],

[ 42, 65, 1,[ 24, 70, 86, 77]],

[ 56, 95, 0,[ 49, 86, 17]],

[ 69, 55, 0,[ 85, 87, 31, 9]],

[ 26, 45, 0,[ 21, 64, 99]],

[ 43, 55, 0,[ 94, 50, 77, 89, 80]],

[ 74, 85, 1,[ 63, 75, 46]],

[ 84, 5, 0,[ 29, 53, 65]],

[ 66, 55, 0,[ 8, 81, 47, 88]],

[ 70, 45, 0,[ 47, 79, 42, 28]],

[ 79, 55, 0,[ 70, 63, 64, 22]],

[ 27, 35, 1,[ 76, 93, 91]],

[ 36, 95, 1,[ 86, 31, 45]],

[ 80, 55, 0,[ 87, 71, 43]],

[ 58, 5, 1,[ 95, 38, 21, 29]],

[ 78, 85, 1,[ 14, 17, 72]],

[ 0, 55, 1,[ 62, 33, 2, 18]],

[ 83, 5, 0,[ 16, 19, 2]],

[ 22, 55, 0,[ 5, 50, 79]],

[ 71, 45, 1,[ 99, 41, 23, 80]],

[ 15, 15, 1,[ 45, 75, 34]],

[ 46, 45, 1,[ 74, 88, 23, 55]],

[ 12, 95, 1,[ 3, 24, 48]],

[ 60, 15, 1,[ 54, 96, 51, 19]],

[ 8, 65, 1,[ 72, 66, 62, 24]],

[ 93, 85, 1,[ 37, 52, 27]],

[ 16, 55, 0,[ 85, 77, 83]],

[ 65, 65, 0,[ 84, 18, 92]],

[ 76, 85, 0,[ 6, 67, 27]],

[ 32, 75, 0,[ 34, 61, 28, 37, 57]],

[ 39, 55, 1,[ 14, 13, 18, 9, 82, 95]],

[ 82, 55, 0,[ 73, 9, 39]],

[ 38, 85, 1,[ 97, 10, 90, 58, 68]],

[ 35, 65, 1,[ 45, 11, 90, 61]],

[ 40, 65, 1,[ 90, 89, 57]],

[ 49, 95, 0,[ 17, 97, 56]],

[ 59, 45, 1,[ 99, 67, 94]],

[ 99, 95, 1,[ 26, 71, 59]],

[ 62, 15, 0,[ 8, 0, 13, 3]],

[ 87, 55, 0,[ 80, 69, 44]],

