[ 17, 55, 1,[ 90, 52, 18]],

[ 52, 75, 1,[ 93, 18, 17]],

[ 60, 45, 1,[ 56, 1, 77, 86, 15]],

[ 38, 65, 1,[ 12, 15, 57, 71]],

[ 50, 85, 0,[ 80, 13]],

[ 41, 85, 0,[ 8, 4, 6]],

[ 70, 35, 0,[ 97, 74, 54, 94]],

[ 89, 85, 0,[ 44, 2, 7]],

[ 51, 65, 1,[ 62, 57, 42]],

[ 61, 75, 0,[ 54, 31, 8]],

[ 93, 85, 0,[ 87, 52, 4, 13]],

[ 79, 45, 0,[ 7, 11, 55]],

[ 81, 35, 1,[ 72, 43, 68]],

[ 47, 65, 0,[ 9, 21, 85]],

[ 77, 85, 0,[ 31, 60, 68, 4]],

[ 42, 45, 1,[ 26, 51, 75]],

[ 72, 75, 0,[ 2, 81, 88]],

[ 15, 35, 0,[ 38, 60, 0, 94]],

[ 11, 25, 1,[ 59, 83, 79]],

[ 96, 55, 1,[ 80, 44, 18]],

[ 1, 35, 1,[ 39, 24, 37, 48, 60]],

[ 83, 85, 1,[ 11, 87, 63]],

[ 18, 5, 1,[ 96, 17, 98, 52]],

[ 39, 15, 0,[ 28, 25, 1]],

[ 32, 85, 1,[ 13, 57, 40]],

[ 30, 15, 1,[ 63, 66, 2]],

[ 99, 95, 0,[ 76, 34, 90]],

[ 92, 25, 1,[ 33, 24, 0, 65]],

[ 59, 75, 0,[ 19, 11, 82]],

[ 75, 45, 0,[ 20, 42, 7]],

[ 80, 15, 1,[ 9, 96, 50]],

[ 82, 75, 0,[ 16, 59, 29]],

[ 20, 45, 0,[ 75, 91, 95, 62]],

[ 69, 45, 0,[ 36, 95, 35]],

[ 56, 25, 1,[ 6, 60, 31]],

[ 14, 15, 1,[ 40, 26, 46]],

[ 3, 65, 1,[ 45, 9, 29]],

[ 34, 95, 0,[ 24, 76, 99]],

[ 48, 15, 0,[ 10, 1, 94]],

[ 68, 85, 0,[ 21, 81, 2, 40, 77]],

[ 53, 85, 1,[ 45, 87, 97]],

[ 98, 65, 1,[ 73, 18, 84, 0]],

[ 6, 75, 0,[ 56, 41]],

[ 64, 35, 0,[ 16, 19, 54, 10]],

[ 36, 45, 0,[ 69, 23, 10]],

[ 71, 95, 1,[ 29, 38, 66]],

[ 27, 95, 1,[ 86, 76, 45]],

[ 88, 75, 1,[ 72, 76, 26]],

[ 57, 45, 1,[ 51, 32, 49, 38]],

[ 85, 25, 1,[ 47, 25, 67]],

[ 28, 65, 1,[ 7, 78, 39]],

[ 66, 75, 1,[ 5, 71, 30]],

[ 19, 25, 1,[ 59, 2, 64]],

[ 16, 5, 1,[ 64, 82, 63]],

[ 33, 85, 0,[ 12, 92, 78]],

[ 97, 5, 0,[ 44, 53, 70]],

[ 40, 75, 1,[ 14, 32, 91, 68, 37]],

[ 58, 85, 0,[ 13, 21, 46, 35]],

[ 22, 45, 0,[ 5, 95, 90]],

[ 0, 35, 1,[ 15, 31, 98, 92]],

[ 10, 45, 0,[ 62, 36, 64, 48]],

[ 9, 65, 0,[ 47, 46, 80, 3]],

[ 25, 15, 0,[ 85, 26, 39]],

[ 8, 35, 1,[ 61, 12, 41, 43]],

[ 37, 35, 0,[ 40, 54, 1]],

[ 21, 85, 0,[ 68, 58, 47]],

[ 54, 35, 0,[ 64, 70, 37, 61]],

[ 84, 65, 0,[ 98, 46]],

[ 73, 25, 1,[ 5, 23, 98]],

[ 24, 15, 0,[ 34, 1, 92, 94]],

[ 5, 45, 0,[ 73, 66, 22, 49]],

[ 67, 5, 1,[ 86, 85, 23]],

[ 23, 45, 1,[ 36, 67, 73]],

[ 74, 55, 1,[ 70, 91, 65]],

[ 29, 75, 0,[ 3, 71, 82]],

[ 35, 85, 0,[ 69, 58, 49]],

[ 13, 85, 0,[ 93, 32, 58, 50]],

[ 91, 75, 1,[ 74, 20, 40]],

[ 94, 15, 1,[ 70, 24, 48, 15]],

[ 7, 95, 1,[ 89, 75, 79, 28]],

[ 95, 75, 1,[ 22, 20, 69]],

[ 4, 85, 0,[ 77, 41, 93]],

[ 86, 65, 0,[ 67, 60, 43, 12, 27]],

[ 12, 95, 1,[ 38, 33, 86, 8]],

[ 65, 85, 0,[ 92, 44, 74]],

[ 45, 45, 0,[ 27, 3, 53]],

[ 90, 25, 1,[ 87, 22, 99, 17]],

[ 44, 75, 1,[ 96, 89, 65, 97]],

[ 62, 45, 0,[ 20, 51, 10]],

[ 26, 55, 1,[ 88, 25, 42, 14]],

[ 2, 55, 1,[ 68, 30, 72, 89, 19]],

[ 63, 75, 1,[ 83, 30, 16]],

[ 49, 25, 1,[ 5, 57, 35]],

[ 76, 95, 0,[ 99, 27, 88, 34, 87]],

[ 31, 75, 1,[ 0, 61, 56, 77, 46]],

[ 46, 65, 0,[ 14, 43, 31, 58, 9, 84]],

[ 55, 45, 0,[ 43, 79, 78]],

[ 78, 45, 0,[ 33, 55, 28]],

[ 87, 45, 1,[ 76, 93, 83, 53, 90]],

[ 43, 65, 0,[ 8, 81, 86, 55, 46]],

