[ 32, 85, 0,[ 62, 92, 9, 0]],

[ 38, 85, 0,[ 7, 29, 58]],

[ 88, 85, 0,[ 67, 63, 15]],

[ 18, 85, 0,[ 0, 12, 10]],

[ 11, 85, 0,[ 45, 87, 5]],

[ 91, 85, 0,[ 36, 55, 20]],

[ 46, 85, 0,[ 52, 41, 68, 12]],

[ 26, 85, 0,[ 79, 77, 81]],

[ 7, 85, 0,[ 38, 29, 39]],

[ 5, 85, 0,[ 73, 11, 40, 67]],

[ 3, 85, 0,[ 19, 80, 66]],

[ 95, 85, 1,[ 86, 16, 21]],

[ 96, 85, 0,[ 98, 47, 17]],

[ 42, 85, 0,[ 2, 69, 31]],

[ 43, 85, 0,[ 59, 65, 29]],

[ 79, 85, 0,[ 23, 26, 48]],

[ 6, 85, 0,[ 2, 71, 75, 65, 63, 28, 72]],

[ 24, 85, 0,[ 93, 13, 33]],

[ 86, 85, 0,[ 71, 60, 64, 95, 29]],

[ 71, 85, 0,[ 6, 61, 86]],

[ 9, 85, 0,[ 32, 61, 60]],

[ 22, 85, 0,[ 65]],

[ 14, 35, 1,[ 48, 97, 82, 41]],

[ 85, 85, 0,[ 94, 27, 64]],

[ 1, 85, 0,[ 39, 13, 84]],

[ 27, 85, 0,[ 10, 47, 85, 8]],

[ 29, 85, 0,[ 38, 43, 92, 7, 86]],

[ 20, 75, 1,[ 91, 54, 72]],

[ 58, 85, 0,[ 66, 38, 99]],

[ 35, 85, 0,[ 63, 53, 19, 51]],

[ 40, 85, 0,[ 39, 30, 5]],

[ 92, 85, 0,[ 29, 32, 17]],

[ 87, 5, 1,[ 11, 28, 93, 31]],

[ 48, 85, 0,[ 83, 79, 14, 74]],

[ 70, 85, 0,[ 16, 25, 56]],

[ 93, 85, 0,[ 72, 24, 87]],

[ 89, 85, 0,[ 54, 90, 45]],

[ 45, 85, 0,[ 89, 11, 41]],

[ 77, 85, 0,[ 26, 75]],

[ 33, 85, 0,[ 24, 73, 61]],

[ 90, 85, 0,[ 51, 89, 81, 94]],

[ 76, 85, 0,[ 69, 84, 39]],

[ 41, 85, 0,[ 46, 72, 14, 45]],

[ 61, 85, 0,[ 97, 19, 71, 33, 9]],

[ 2, 85, 0,[ 60, 42, 80, 6]],

[ 80, 85, 0,[ 3, 2, 28, 25]],

[ 75, 85, 0,[ 77, 6, 82]],

[ 0, 85, 0,[ 18, 56, 73, 32]],

[ 52, 85, 0,[ 56, 46, 78, 34]],

[ 56, 85, 0,[ 0, 52, 70]],

[ 63, 85, 1,[ 35, 6, 88]],

[ 28, 85, 0,[ 87, 80, 6]],

[ 65, 85, 0,[ 6, 22, 13, 43]],

[ 62, 85, 0,[ 34, 32, 30]],

[ 25, 85, 0,[ 80, 47, 82, 70]],

[ 4, 85, 0,[ 73, 49, 59, 83]],

[ 82, 85, 0,[ 75, 49, 14, 25]],

[ 67, 85, 0,[ 88, 50, 5, 21, 53]],

[ 15, 85, 0,[ 88, 83, 54]],

[ 12, 85, 0,[ 69, 18, 46]],

[ 17, 85, 0,[ 96, 92, 78]],

[ 94, 85, 0,[ 90, 85]],

[ 50, 65, 1,[ 57, 67, 37]],

[ 36, 85, 0,[ 91, 64, 74]],

[ 39, 35, 1,[ 40, 7, 1, 76]],

[ 30, 85, 0,[ 40, 62, 78]],

[ 64, 85, 0,[ 86, 36, 85]],

[ 66, 85, 0,[ 3, 44, 68, 58, 59]],

[ 59, 85, 0,[ 66, 43, 4, 57, 37]],

[ 8, 85, 0,[ 21, 72, 27]],

[ 49, 85, 0,[ 4, 82, 44]],

[ 99, 85, 0,[ 58, 57, 84]],

[ 23, 85, 0,[ 79, 31, 84]],

[ 51, 85, 0,[ 53, 60, 90, 35]],

[ 55, 85, 0,[ 68, 91, 81]],

[ 31, 85, 0,[ 42, 87, 23]],

[ 34, 85, 0,[ 52, 62, 74]],

[ 69, 85, 0,[ 76, 42, 12]],

[ 81, 85, 0,[ 90, 55, 26]],

[ 13, 65, 1,[ 1, 65, 24]],

[ 53, 85, 0,[ 51, 35, 67]],

[ 57, 85, 0,[ 99, 59, 50]],

[ 60, 85, 0,[ 86, 2, 51, 9]],

[ 84, 85, 0,[ 1, 99, 23, 76]],

[ 54, 85, 0,[ 89, 20, 15]],

[ 47, 85, 0,[ 44, 27, 96, 25]],

[ 73, 85, 0,[ 4, 5, 33, 37, 0]],

[ 97, 5, 1,[ 14, 61, 98]],

[ 10, 85, 0,[ 16, 18, 27]],

[ 78, 85, 0,[ 52, 30, 17]],

[ 37, 85, 0,[ 59, 50, 73]],

[ 74, 85, 0,[ 72, 34, 36, 48]],

[ 72, 85, 0,[ 6, 93, 8, 41, 74, 20]],

[ 16, 85, 0,[ 95, 70, 10]],

[ 19, 85, 0,[ 35, 61, 3]],

[ 98, 85, 0,[ 96, 97]],

[ 68, 55, 1,[ 46, 55, 66]],

[ 44, 85, 0,[ 66, 47, 49]],

[ 83, 85, 0,[ 48, 4, 15]],

[ 21, 85, 0,[ 95, 8, 67]],

