[ 62, 95, 0,[ 57, 34, 14, 55]],

[ 11, 95, 0,[ 65, 94, 58]],

[ 90, 85, 1,[ 59, 0, 69]],

[ 95, 95, 0,[ 44, 0, 7, 86]],

[ 69, 95, 0,[ 52, 0, 19, 90]],

[ 13, 95, 0,[ 46, 61, 70]],

[ 67, 65, 1,[ 53, 66, 37]],

[ 20, 95, 0,[ 53, 78, 54]],

[ 82, 95, 0,[ 55, 39, 36, 10]],

[ 14, 95, 0,[ 39, 65, 62]],

[ 81, 95, 0,[ 27, 19, 77]],

[ 64, 95, 0,[ 60, 93, 5]],

[ 97, 95, 0,[ 24, 32, 42]],

[ 1, 95, 0,[ 60, 51, 93]],

[ 34, 95, 0,[ 71, 62]],

[ 22, 95, 0,[ 70, 6, 35]],

[ 71, 95, 0,[ 34, 7, 60]],

[ 12, 95, 0,[ 9, 58, 27, 21, 16, 26, 75, 33]],

[ 0, 95, 0,[ 69, 95, 90]],

[ 24, 95, 0,[ 40, 70, 85, 35, 97]],

[ 92, 95, 0,[ 44, 2, 40]],

[ 83, 95, 0,[ 8, 65, 2, 38]],

[ 36, 95, 0,[ 82, 76, 66]],

[ 72, 95, 0,[ 88, 63, 84]],

[ 32, 95, 0,[ 25, 97, 23]],

[ 25, 95, 0,[ 56, 6, 51, 32]],

[ 23, 95, 0,[ 32, 88, 16]],

[ 80, 95, 0,[ 5, 41, 76]],

[ 75, 95, 0,[ 18, 12, 55]],

[ 27, 95, 0,[ 89, 12, 81, 8]],

[ 55, 95, 0,[ 75, 82, 62]],

[ 85, 95, 0,[ 15, 24, 39, 50]],

[ 63, 95, 0,[ 72, 78, 47, 30]],

[ 78, 95, 0,[ 20, 63, 61]],

[ 91, 95, 0,[ 48, 29, 98]],

[ 99, 95, 0,[ 46, 70, 17]],

[ 58, 95, 0,[ 12, 89, 11]],

[ 38, 35, 1,[ 83, 2, 44]],

[ 65, 95, 0,[ 11, 83, 14]],

[ 19, 75, 1,[ 4, 76, 69, 45, 81]],

[ 15, 95, 0,[ 61, 85, 96]],

[ 47, 95, 0,[ 63, 7, 42]],

[ 37, 95, 0,[ 67, 10, 16, 88]],

[ 57, 95, 0,[ 62, 44, 49]],

[ 49, 95, 0,[ 3, 84, 57]],

[ 88, 95, 0,[ 23, 50, 72, 37]],

[ 93, 95, 0,[ 64, 6, 1]],

[ 3, 95, 0,[ 84, 86, 49]],

[ 16, 95, 0,[ 37, 23, 12]],

[ 42, 95, 0,[ 47, 97]],

[ 76, 95, 0,[ 80, 43, 98, 36, 19, 31, 73]],

[ 28, 95, 0,[ 56, 31, 33]],

[ 29, 95, 0,[ 56, 33, 91, 68]],

[ 35, 95, 0,[ 22, 5, 24]],

[ 46, 95, 0,[ 13, 73, 99]],

[ 7, 95, 0,[ 17, 95, 47, 71]],

[ 8, 95, 0,[ 79, 83, 27]],

[ 6, 45, 1,[ 93, 22, 25, 21]],

[ 68, 95, 0,[ 29, 33, 74]],

[ 56, 95, 0,[ 44, 25, 87, 28, 29]],

[ 31, 95, 0,[ 28, 76]],

[ 50, 95, 0,[ 40, 26, 88, 77, 85]],

[ 98, 95, 0,[ 76, 91]],

[ 4, 95, 0,[ 94, 19, 43]],

[ 10, 95, 0,[ 87, 37, 82]],

[ 33, 95, 0,[ 28, 29, 68, 12]],

[ 52, 95, 0,[ 96, 66, 69, 74]],

[ 45, 75, 0,[ 19, 17]],

[ 9, 95, 0,[ 12, 59, 84]],

[ 40, 95, 0,[ 92, 50, 24]],

[ 43, 95, 0,[ 76, 4, 89]],

[ 41, 95, 0,[ 80, 77, 2]],

[ 96, 95, 0,[ 30, 15, 52]],

[ 26, 95, 0,[ 12, 50, 54, 18]],

[ 79, 45, 1,[ 8, 48, 77]],

[ 51, 95, 0,[ 25, 21, 1]],

[ 77, 25, 1,[ 79, 50, 41, 86, 81]],

[ 39, 55, 1,[ 14, 82, 85]],

[ 89, 95, 0,[ 27, 58, 18, 43]],

[ 5, 95, 0,[ 80, 35, 64]],

[ 2, 65, 1,[ 83, 92, 70, 41, 38]],

[ 74, 95, 0,[ 68, 52, 86]],

[ 84, 95, 0,[ 3, 72, 9, 49, 61]],

[ 60, 95, 0,[ 64, 1, 71]],

[ 53, 95, 0,[ 67, 18, 20]],

[ 66, 95, 0,[ 67, 36, 52]],

[ 61, 95, 0,[ 78, 15, 13, 84]],

[ 59, 95, 0,[ 90, 30, 48, 9, 94]],

[ 70, 95, 0,[ 2, 13, 22, 24, 99]],

[ 17, 95, 0,[ 45, 7, 99]],

[ 87, 95, 0,[ 10, 94, 56]],

[ 21, 95, 0,[ 12, 6, 51]],

[ 54, 95, 0,[ 73, 20, 26]],

[ 18, 95, 0,[ 75, 53, 26, 89]],

[ 73, 95, 0,[ 46, 76, 54]],

[ 44, 95, 0,[ 38, 57, 56, 95, 92]],

[ 86, 75, 1,[ 74, 77, 95, 3]],

[ 94, 95, 0,[ 87, 11, 4, 59]],

[ 48, 95, 0,[ 91, 79, 59]],

[ 30, 95, 0,[ 63, 96, 59]],

