[ 68, 85, 0,[ 7, 78, 66]],

[ 18, 15, 1,[ 91, 47, 29, 48, 17]],

[ 98, 85, 0,[ 90, 8, 88, 14, 20]],

[ 32, 45, 1,[ 72, 76, 57]],

[ 15, 85, 0,[ 20, 30, 42]],

[ 73, 85, 0,[ 89, 36, 34, 24]],

[ 88, 85, 0,[ 98, 5, 87]],

[ 35, 85, 0,[ 49, 44, 78]],

[ 46, 85, 0,[ 64, 43, 76, 7]],

[ 72, 85, 0,[ 32, 48, 90]],

[ 12, 85, 0,[ 51, 36, 39, 49]],

[ 63, 85, 0,[ 38, 94, 51]],

[ 96, 85, 0,[ 25, 2, 11]],

[ 21, 85, 0,[ 76, 20, 28]],

[ 37, 85, 0,[ 56, 71, 8, 13, 39]],

[ 1, 85, 0,[ 89, 6, 58]],

[ 82, 85, 0,[ 59, 83, 74, 27, 80, 6, 23]],

[ 74, 85, 0,[ 0, 91, 82]],

[ 5, 95, 1,[ 88, 70, 4, 38, 65]],

[ 87, 85, 0,[ 88, 59, 47, 58]],

[ 77, 85, 0,[ 61, 10, 34]],

[ 41, 85, 0,[ 84, 86, 16]],

[ 70, 85, 0,[ 22, 31, 5, 65]],

[ 89, 85, 0,[ 1, 73, 56, 33]],

[ 4, 85, 0,[ 5, 54, 26, 40]],

[ 14, 85, 0,[ 50, 85, 98]],

[ 60, 85, 0,[ 61, 6, 67, 26]],

[ 50, 85, 0,[ 80, 78, 14]],

[ 47, 85, 0,[ 87, 18, 22]],

[ 56, 85, 0,[ 30, 6, 37, 89]],

[ 0, 85, 0,[ 22, 74, 7]],

[ 13, 85, 0,[ 66, 37]],

[ 67, 85, 0,[ 60, 22, 9]],

[ 9, 85, 0,[ 36, 79, 53, 67, 55]],

[ 29, 85, 1,[ 71, 39, 18, 19]],

[ 10, 85, 0,[ 77, 27, 76]],

[ 2, 85, 0,[ 94, 93, 83, 96]],

[ 45, 85, 0,[ 52, 90, 43, 81]],

[ 49, 85, 0,[ 12, 35, 57]],

[ 11, 85, 0,[ 48, 59, 96]],

[ 53, 85, 0,[ 3, 9, 62, 97]],

[ 61, 85, 0,[ 69, 60, 71, 77]],

[ 19, 85, 0,[ 28, 29, 78]],

[ 48, 85, 0,[ 18, 72, 11]],

[ 30, 85, 0,[ 40, 56, 15]],

[ 59, 45, 1,[ 11, 82, 87]],

[ 34, 85, 0,[ 77, 73, 31, 69]],

[ 81, 85, 0,[ 93, 84, 83, 45, 99]],

[ 27, 85, 0,[ 10, 82, 79]],

[ 7, 65, 1,[ 46, 92, 68, 0]],

[ 86, 85, 0,[ 69, 22, 41, 42]],

[ 43, 85, 0,[ 76, 46, 45, 20]],

[ 44, 85, 0,[ 62, 24, 35]],

[ 55, 85, 0,[ 75, 9, 6]],

[ 79, 85, 0,[ 27, 9, 91, 25]],

[ 80, 85, 0,[ 99, 69, 82, 50]],

[ 51, 85, 0,[ 12, 94, 63]],

[ 38, 85, 0,[ 66, 5, 63]],

[ 52, 85, 0,[ 45, 85, 95]],

[ 20, 85, 0,[ 21, 98, 43, 15]],

[ 93, 85, 0,[ 62, 81, 2]],

[ 97, 85, 0,[ 17, 85, 53]],

[ 39, 85, 0,[ 29, 37, 12]],

[ 36, 85, 0,[ 9, 73, 78, 64, 12]],

[ 94, 85, 0,[ 63, 51, 25, 84, 2]],

[ 16, 85, 0,[ 62, 40, 41]],

[ 83, 85, 0,[ 2, 82, 81]],

[ 25, 85, 0,[ 94, 79, 96]],

[ 66, 85, 0,[ 38, 68, 13]],

[ 65, 85, 0,[ 70, 42, 5]],

[ 42, 85, 0,[ 75, 65, 15, 86]],

[ 92, 45, 1,[ 54, 7, 99, 75]],

[ 22, 85, 0,[ 67, 70, 0, 47, 86]],

[ 6, 85, 0,[ 60, 55, 82, 1, 56]],

[ 40, 85, 0,[ 16, 33, 30, 4]],

[ 99, 85, 0,[ 92, 80, 81]],

[ 24, 85, 0,[ 73, 44, 58]],

[ 78, 85, 0,[ 35, 68, 23, 19, 36, 50]],

[ 57, 85, 0,[ 32, 28, 49]],

[ 69, 85, 0,[ 86, 61, 80, 34]],

[ 71, 85, 0,[ 29, 61, 37]],

[ 76, 85, 0,[ 46, 21, 10, 43, 32]],

[ 33, 85, 0,[ 54, 40, 89]],

[ 64, 85, 0,[ 36, 31, 46]],

[ 54, 85, 0,[ 84, 4, 33, 92]],

[ 91, 85, 1,[ 18, 79, 74]],

[ 3, 85, 0,[ 8, 17, 53, 95]],

[ 31, 85, 0,[ 70, 64, 34]],

[ 8, 85, 0,[ 98, 3, 37]],

[ 28, 5, 1,[ 19, 95, 57, 21]],

[ 17, 85, 0,[ 97, 3, 18]],

[ 84, 85, 0,[ 54, 81, 94, 41]],

[ 26, 85, 0,[ 23, 4, 60]],

[ 75, 85, 1,[ 42, 55, 92]],

[ 62, 85, 0,[ 16, 93, 44, 53]],

[ 85, 85, 0,[ 52, 14, 97]],

[ 58, 85, 0,[ 87, 24, 1]],

[ 23, 85, 0,[ 78, 82, 26]],

[ 90, 85, 0,[ 98, 72, 95, 45]],

[ 95, 85, 0,[ 52, 3, 28, 90]],

