[ 27, 25, 0,[ 50, 62, 64]],

[ 99, 25, 0,[ 76, 52, 91, 48]],

[ 56, 25, 0,[ 86]],

[ 12, 25, 0,[ 98, 4, 9]],

[ 93, 25, 0,[ 79, 70, 3]],

[ 6, 25, 0,[ 97, 58, 47]],

[ 72, 25, 0,[ 39, 68, 31]],

[ 47, 25, 0,[ 40, 6, 55]],

[ 87, 25, 0,[ 8, 68]],

[ 90, 25, 0,[ 28, 22, 94, 57]],

[ 52, 25, 0,[ 99, 46, 57]],

[ 85, 25, 0,[ 42, 8, 75]],

[ 75, 25, 0,[ 85, 7, 38, 13]],

[ 40, 25, 0,[ 10, 47, 80]],

[ 79, 25, 0,[ 93, 51, 71]],

[ 54, 25, 0,[ 65, 34, 41, 88]],

[ 74, 25, 0,[ 63, 55, 69]],

[ 46, 25, 0,[ 81, 94, 52]],

[ 4, 25, 0,[ 96, 12, 24]],

[ 11, 25, 0,[ 43, 76, 67]],

[ 37, 15, 1,[ 76, 31, 82]],

[ 65, 25, 0,[ 29, 0, 54]],

[ 61, 25, 0,[ 7, 2, 16, 95]],

[ 76, 25, 0,[ 2, 99, 11, 23, 37]],

[ 33, 25, 0,[ 18, 45, 2]],

[ 86, 25, 0,[ 69, 78, 56]],

[ 26, 25, 0,[ 29, 67, 91, 0]],

[ 80, 65, 1,[ 98, 20, 84, 40]],

[ 64, 25, 0,[ 89, 21, 27, 5, 78]],

[ 22, 25, 0,[ 44, 45, 96, 90]],

[ 84, 25, 0,[ 69, 80, 18]],

[ 36, 25, 0,[ 41, 59, 66, 39]],

[ 15, 25, 0,[ 62, 7, 89]],

[ 7, 25, 0,[ 15, 73, 75, 61]],

[ 1, 25, 0,[ 66, 44, 50]],

[ 28, 25, 1,[ 90, 2, 78]],

[ 19, 25, 0,[ 32, 39, 24]],

[ 95, 25, 0,[ 91, 51, 61]],

[ 94, 25, 0,[ 30, 58, 46, 90]],

[ 53, 25, 0,[ 35, 31, 23]],

[ 67, 25, 0,[ 20, 11, 62, 26]],

[ 14, 25, 0,[ 60, 92, 44]],

[ 35, 25, 0,[ 53, 30, 18]],

[ 70, 25, 0,[ 39, 20, 93]],

[ 3, 25, 0,[ 92, 68, 93]],

[ 34, 25, 0,[ 82, 9, 54]],

[ 44, 75, 1,[ 1, 22, 66, 14]],

[ 83, 25, 0,[ 13, 17, 97]],

[ 20, 25, 0,[ 70, 80, 67]],

[ 16, 25, 0,[ 21, 61, 32]],

[ 41, 25, 0,[ 54, 51, 36]],

[ 60, 25, 0,[ 14, 69, 55]],

[ 66, 25, 0,[ 1, 78, 36, 44]],

[ 25, 25, 0,[ 55, 59, 49]],

[ 43, 25, 0,[ 73, 11, 30]],

[ 24, 25, 0,[ 19, 4, 48]],

[ 97, 25, 0,[ 83, 6, 89]],

[ 49, 25, 0,[ 25, 77, 38, 18, 23, 5]],

[ 8, 25, 0,[ 85, 32, 87, 9]],

[ 18, 25, 0,[ 33, 84, 38, 49, 35]],

[ 92, 25, 0,[ 10, 81, 58, 45, 3, 14]],

[ 73, 25, 0,[ 48, 7, 43]],

[ 58, 25, 0,[ 94, 6, 92]],

[ 21, 25, 0,[ 16, 64]],

[ 57, 25, 0,[ 63, 52, 90]],

[ 55, 25, 0,[ 98, 60, 25, 74, 47]],

[ 77, 25, 0,[ 50, 42, 49]],

[ 59, 25, 0,[ 36, 25, 31]],

[ 81, 25, 0,[ 46, 92, 78]],

[ 38, 25, 0,[ 75, 49, 18]],

[ 71, 25, 0,[ 0, 45, 79]],

[ 2, 25, 0,[ 61, 28, 33, 76]],

[ 17, 25, 0,[ 30, 83, 88]],

[ 50, 25, 0,[ 1, 77, 63, 27]],

[ 31, 25, 0,[ 37, 59, 72, 53]],

[ 39, 25, 0,[ 19, 36, 70, 72]],

[ 82, 25, 0,[ 34, 37, 69]],

[ 30, 25, 0,[ 43, 17, 35, 94]],

[ 32, 15, 1,[ 8, 16, 19]],

[ 96, 25, 0,[ 4, 22]],

[ 0, 25, 0,[ 71, 26, 65]],

[ 68, 75, 1,[ 3, 72, 45, 87]],

[ 5, 25, 0,[ 49, 64, 13]],

[ 45, 15, 1,[ 71, 33, 92, 68, 22]],

[ 91, 25, 0,[ 26, 10, 98, 95, 99]],

[ 51, 25, 0,[ 41, 79, 95]],

[ 48, 25, 0,[ 73, 99, 24]],

[ 89, 25, 0,[ 15, 64, 97]],

[ 9, 25, 1,[ 62, 34, 12, 8]],

[ 69, 25, 0,[ 84, 60, 74, 86, 82]],

[ 10, 25, 0,[ 92, 40, 91]],

[ 78, 25, 0,[ 81, 86, 66, 28, 64]],

[ 23, 25, 0,[ 53, 49, 76]],

[ 88, 25, 0,[ 54, 17, 42]],

[ 13, 25, 0,[ 83, 5, 75]],

[ 42, 25, 0,[ 77, 88, 85]],

[ 62, 35, 1,[ 67, 27, 15, 9]],

[ 63, 25, 0,[ 50, 74, 29, 57]],

[ 29, 25, 0,[ 63, 26, 65]],

[ 98, 5, 1,[ 55, 12, 91, 80]],

