[ 99, 45, 1,[ 90, 92, 73]],

[ 85, 45, 0,[ 96, 83, 75, 38]],

[ 55, 5, 0,[ 74, 79, 68, 46]],

[ 7, 35, 1,[ 17, 15, 53]],

[ 45, 95, 0,[ 51, 53, 31, 19, 69]],

[ 0, 15, 1,[ 9, 39, 42, 93]],

[ 68, 75, 1,[ 55, 76, 83]],

[ 40, 45, 0,[ 88, 96, 50, 87]],

[ 73, 25, 1,[ 99, 62, 34]],

[ 86, 55, 0,[ 37, 46, 18]],

[ 35, 5, 0,[ 77, 42, 3]],

[ 50, 85, 0,[ 10, 40, 3]],

[ 90, 65, 0,[ 29, 95, 99, 96]],

[ 24, 5, 0,[ 70, 15, 36]],

[ 4, 95, 0,[ 48, 64, 49, 76]],

[ 76, 95, 0,[ 83, 95, 4, 5, 68]],

[ 78, 95, 0,[ 54, 8, 72]],

[ 82, 35, 0,[ 36, 61, 91, 49]],

[ 64, 25, 1,[ 94, 32, 41, 4]],

[ 11, 25, 1,[ 92, 66, 87, 67]],

[ 2, 5, 1,[ 72, 30, 38]],

[ 91, 95, 0,[ 5, 42, 82]],

[ 23, 5, 1,[ 75, 62, 63]],

[ 21, 5, 0,[ 32, 94, 36, 29]],

[ 38, 5, 0,[ 2, 79, 71, 22, 85]],

[ 22, 45, 0,[ 38, 59, 58]],

[ 77, 95, 1,[ 89, 35]],

[ 15, 5, 0,[ 24, 74, 63, 7]],

[ 28, 95, 0,[ 47, 54, 31]],

[ 98, 95, 1,[ 80, 89, 70, 12]],

[ 92, 5, 0,[ 11, 99, 26]],

[ 47, 95, 0,[ 25, 28, 19]],

[ 41, 85, 0,[ 84, 57, 64, 33]],

[ 34, 45, 0,[ 71, 73, 79, 67]],

[ 87, 45, 0,[ 40, 11, 6]],

[ 27, 95, 0,[ 9, 53, 93, 13, 59]],

[ 36, 5, 0,[ 24, 21, 82]],

[ 95, 25, 1,[ 90, 76, 53]],

[ 97, 65, 1,[ 52, 74, 39]],

[ 62, 95, 1,[ 23, 73, 57, 3]],

[ 13, 45, 0,[ 12, 27, 44]],

[ 70, 45, 1,[ 98, 24, 30]],

[ 30, 5, 0,[ 33, 2, 70]],

[ 32, 65, 0,[ 17, 21, 64, 54]],

[ 59, 95, 1,[ 1, 27, 22]],

[ 5, 95, 0,[ 76, 44, 91]],

[ 79, 5, 0,[ 34, 55, 38]],

[ 8, 95, 0,[ 78, 10]],

[ 63, 5, 0,[ 15, 42, 23]],

[ 43, 35, 1,[ 72, 14, 51]],

[ 39, 75, 1,[ 29, 97, 0]],

[ 69, 95, 0,[ 20, 45, 56]],

[ 93, 85, 1,[ 0, 56, 27]],

[ 57, 55, 0,[ 62, 48, 41]],

[ 37, 85, 0,[ 60, 61, 17, 86]],

[ 14, 15, 1,[ 89, 43, 88]],

[ 12, 65, 1,[ 16, 13, 98, 74]],

[ 1, 45, 0,[ 59, 66, 49]],

[ 67, 45, 0,[ 34, 11, 88]],

[ 49, 85, 1,[ 1, 82, 20, 4]],

[ 72, 15, 1,[ 78, 43, 2, 46]],

[ 26, 5, 0,[ 92, 80, 18]],

[ 66, 45, 0,[ 1, 9, 11, 33]],

[ 46, 55, 0,[ 55, 52, 72, 86]],

[ 56, 95, 0,[ 69, 93]],

[ 74, 55, 1,[ 55, 15, 12, 81, 97]],

[ 60, 35, 1,[ 81, 37, 51]],

[ 52, 35, 1,[ 16, 97, 31, 65, 46]],

[ 71, 65, 1,[ 94, 34, 38]],

[ 80, 95, 1,[ 26, 98, 20]],

[ 9, 75, 1,[ 66, 0, 27]],

[ 81, 5, 1,[ 60, 53, 74]],

[ 51, 95, 0,[ 60, 43, 45]],

[ 6, 45, 0,[ 87, 75, 65]],

[ 94, 25, 1,[ 71, 25, 64, 21]],

[ 16, 75, 1,[ 52, 12]],

[ 83, 15, 1,[ 76, 68, 85]],

[ 54, 85, 1,[ 78, 32, 28]],

[ 42, 5, 0,[ 35, 0, 91, 63]],

[ 33, 85, 1,[ 41, 30, 66]],

[ 10, 35, 1,[ 8, 44, 50, 18]],

[ 19, 45, 1,[ 45, 47, 18]],

[ 88, 75, 1,[ 67, 14, 40]],

[ 17, 25, 1,[ 7, 37, 32]],

[ 65, 45, 0,[ 52, 31, 6]],

[ 48, 95, 1,[ 4, 57, 25]],

[ 75, 45, 0,[ 85, 23, 6]],

[ 29, 5, 1,[ 90, 21, 39]],

[ 31, 95, 1,[ 28, 52, 45, 65]],

[ 84, 35, 1,[ 61, 41, 58]],

[ 89, 15, 0,[ 14, 77, 98]],

[ 3, 85, 0,[ 62, 35, 50]],

[ 96, 75, 1,[ 90, 85, 40]],

[ 61, 15, 1,[ 84, 37, 82]],

[ 44, 95, 1,[ 5, 10, 13]],

[ 25, 85, 1,[ 94, 48, 47]],

[ 53, 55, 1,[ 27, 7, 81, 45, 95]],

[ 18, 5, 1,[ 19, 26, 58, 86, 10]],

[ 20, 95, 0,[ 69, 80, 49]],

[ 58, 45, 1,[ 84, 22, 18]],

