[ 42, 15, 0,[ 31, 26, 49]],

[ 41, 15, 0,[ 47, 26]],

[ 0, 15, 0,[ 81, 13, 7, 89]],

[ 81, 25, 1,[ 0, 30, 36, 82]],

[ 25, 15, 0,[ 64, 97, 65]],

[ 47, 35, 1,[ 43, 41, 70]],

[ 11, 15, 0,[ 55, 45, 31]],

[ 38, 15, 0,[ 59, 62, 21, 57]],

[ 10, 75, 1,[ 88, 34, 90]],

[ 3, 35, 1,[ 60, 56, 17]],

[ 60, 35, 1,[ 34, 52, 3, 82, 39]],

[ 45, 65, 1,[ 2, 11, 90]],

[ 77, 15, 1,[ 44, 86, 30]],

[ 66, 15, 0,[ 19, 87, 93, 21]],

[ 16, 55, 1,[ 30, 43, 96, 20]],

[ 50, 15, 1,[ 86, 27, 15]],

[ 35, 15, 0,[ 98, 14, 99]],

[ 29, 35, 1,[ 8, 18]],

[ 91, 15, 1,[ 52, 75, 2, 67]],

[ 5, 15, 1,[ 62, 23, 79, 58]],

[ 67, 15, 1,[ 89, 24, 82, 91]],

[ 92, 15, 1,[ 84, 79]],

[ 79, 15, 0,[ 5, 92, 53, 36]],

[ 51, 25, 1,[ 27, 73, 90]],

[ 74, 25, 1,[ 30, 43, 56, 80]],

[ 13, 25, 1,[ 8, 7, 0, 61]],

[ 37, 15, 0,[ 17, 8, 78]],

[ 48, 15, 0,[ 63, 86, 85]],

[ 64, 15, 0,[ 25, 20, 36]],

[ 43, 15, 0,[ 47, 16, 74]],

[ 80, 15, 0,[ 71, 74, 53]],

[ 63, 95, 1,[ 48, 78, 40]],

[ 31, 15, 0,[ 42, 96, 11]],

[ 8, 15, 0,[ 37, 13, 29, 9, 70]],

[ 90, 25, 1,[ 87, 10, 51, 45, 18]],

[ 30, 15, 0,[ 77, 74, 16, 15, 81]],

[ 46, 15, 0,[ 95, 44, 2]],

[ 68, 15, 0,[ 22, 94, 28]],

[ 14, 15, 0,[ 59, 98, 33, 35]],

[ 34, 15, 1,[ 10, 73, 60]],

[ 65, 15, 0,[ 25, 49]],

[ 52, 15, 1,[ 60, 53, 91]],

[ 28, 75, 1,[ 94, 6, 4, 68]],

[ 99, 15, 0,[ 58, 69, 35, 96]],

[ 94, 15, 0,[ 68, 40, 18, 28]],

[ 71, 15, 1,[ 83, 80, 55]],

[ 53, 15, 1,[ 80, 79, 52]],

[ 97, 15, 0,[ 23, 27, 25]],

[ 19, 15, 0,[ 62, 66, 58]],

[ 20, 35, 1,[ 76, 24, 64, 16]],

[ 87, 15, 0,[ 90, 72, 66]],

[ 78, 15, 0,[ 85, 70, 37, 63, 32]],

[ 22, 15, 0,[ 27, 68, 75]],

[ 96, 15, 0,[ 16, 31, 99, 84]],

[ 21, 15, 1,[ 38, 66, 15]],

[ 61, 15, 0,[ 86, 13, 98]],

[ 27, 15, 0,[ 51, 50, 97, 22, 57]],

[ 75, 35, 1,[ 24, 22, 91]],

[ 32, 15, 0,[ 72, 78, 54]],

[ 1, 15, 1,[ 17, 26, 23]],

[ 76, 15, 0,[ 20, 55, 69, 83]],

[ 72, 55, 1,[ 6, 87, 95, 32]],

[ 9, 5, 1,[ 15, 8, 57]],

[ 88, 15, 1,[ 89, 10, 40]],

[ 62, 15, 0,[ 19, 38, 5]],

[ 83, 15, 1,[ 76, 58, 71, 82]],

[ 93, 15, 0,[ 66, 23, 85, 39]],

[ 69, 15, 0,[ 58, 76, 99]],

[ 58, 15, 1,[ 19, 5, 99, 83, 69]],

[ 15, 75, 1,[ 9, 21, 50, 30]],

[ 23, 5, 1,[ 1, 5, 97, 93]],

[ 18, 15, 0,[ 94, 29, 90]],

[ 40, 15, 0,[ 88, 94, 63]],

[ 70, 15, 0,[ 78, 47, 8]],

[ 82, 15, 1,[ 81, 60, 67, 83]],

[ 56, 55, 1,[ 74, 3, 59]],

[ 6, 15, 0,[ 72, 28, 33]],

[ 84, 15, 0,[ 49, 92, 54, 96]],

[ 95, 25, 1,[ 46, 12, 72]],

[ 86, 15, 0,[ 73, 50, 77, 48, 61]],

[ 57, 15, 0,[ 38, 27, 9, 54]],

[ 89, 15, 1,[ 88, 0, 67]],

[ 59, 15, 1,[ 14, 56, 38]],

[ 7, 35, 1,[ 13, 0, 44]],

[ 54, 15, 1,[ 33, 57, 4, 84, 32]],

[ 85, 15, 1,[ 48, 78, 93, 12]],

[ 4, 35, 1,[ 54, 28]],

[ 12, 65, 1,[ 85, 95, 26]],

[ 26, 65, 1,[ 41, 1, 12, 49, 42]],

[ 33, 15, 0,[ 6, 54, 14]],

[ 55, 35, 1,[ 76, 71, 44, 11]],

[ 17, 85, 1,[ 37, 3, 1]],

[ 44, 15, 0,[ 7, 77, 55, 46]],

[ 73, 15, 0,[ 34, 51, 86]],

[ 98, 15, 0,[ 35, 61, 14]],

[ 24, 25, 1,[ 75, 20, 67]],

[ 2, 15, 0,[ 91, 46, 45]],

[ 49, 15, 0,[ 84, 42, 26, 65]],

[ 39, 85, 1,[ 93, 60]],

[ 36, 15, 0,[ 64, 81, 79]],

