[ 24, 85, 1,[ 72, 20, 45]],

[ 52, 85, 0,[ 69, 32, 22]],

[ 35, 85, 0,[ 83, 69]],

[ 26, 85, 1,[ 85, 37]],

[ 11, 65, 1,[ 46, 96, 30, 25]],

[ 25, 85, 1,[ 1, 76, 11]],

[ 22, 65, 1,[ 52, 79, 17]],

[ 7, 55, 1,[ 68, 81, 29]],

[ 68, 85, 0,[ 83, 7, 86]],

[ 47, 85, 0,[ 31, 66, 37]],

[ 88, 35, 1,[ 94, 78, 59]],

[ 2, 85, 0,[ 60, 48, 71]],

[ 48, 85, 0,[ 14, 15, 28, 2, 76]],

[ 97, 85, 1,[ 56, 53, 10]],

[ 5, 85, 1,[ 84, 42, 66]],

[ 61, 85, 1,[ 56, 3, 41]],

[ 39, 85, 0,[ 69, 27]],

[ 41, 85, 0,[ 61, 33, 10]],

[ 79, 85, 1,[ 22, 96, 53]],

[ 3, 85, 0,[ 30, 61, 29]],

[ 30, 45, 1,[ 11, 3, 38]],

[ 65, 85, 0,[ 71, 98]],

[ 42, 85, 0,[ 85, 8, 5]],

[ 29, 85, 1,[ 21, 46, 82, 7, 3]],

[ 63, 45, 1,[ 10, 72, 84]],

[ 59, 85, 0,[ 23, 32, 88]],

[ 85, 85, 0,[ 42, 26, 36]],

[ 58, 85, 1,[ 33, 96, 87, 45]],

[ 9, 85, 1,[ 50, 57, 66]],

[ 73, 85, 0,[ 94, 45]],

[ 13, 85, 0,[ 51, 6, 46]],

[ 93, 85, 0,[ 0, 4, 60]],

[ 71, 25, 1,[ 87, 65, 2]],

[ 87, 85, 0,[ 71, 19, 58]],

[ 55, 85, 1,[ 34, 81, 64, 82, 44]],

[ 70, 5, 1,[ 57, 31, 60, 15]],

[ 62, 75, 1,[ 64, 95, 15]],

[ 15, 85, 0,[ 48, 70, 62, 20]],

[ 17, 85, 0,[ 20, 50, 21, 22]],

[ 19, 85, 0,[ 86, 67, 87]],

[ 21, 85, 0,[ 29, 17, 1]],

[ 60, 85, 0,[ 93, 2, 83, 70]],

[ 37, 85, 0,[ 40, 16, 50, 47, 26, 99]],

[ 56, 85, 0,[ 97, 66, 61]],

[ 64, 45, 1,[ 1, 62, 38, 55, 75]],

[ 8, 85, 0,[ 42, 12, 32]],

[ 72, 85, 1,[ 92, 63, 12, 24]],

[ 46, 85, 1,[ 11, 29, 13, 33]],

[ 98, 85, 1,[ 78, 83, 65]],

[ 10, 85, 1,[ 41, 97, 63, 74, 18, 99]],

[ 80, 45, 1,[ 77, 32]],

[ 96, 85, 0,[ 58, 11, 79]],

[ 78, 85, 0,[ 16, 88, 98]],

[ 32, 55, 1,[ 8, 52, 80, 53, 59]],

[ 28, 85, 0,[ 38, 90, 20, 48, 14, 92]],

[ 81, 85, 0,[ 86, 55, 7]],

[ 31, 15, 1,[ 70, 92, 47]],

[ 38, 85, 1,[ 30, 64, 28, 74, 75, 34]],

[ 91, 85, 0,[ 77, 33, 20]],

[ 66, 85, 0,[ 47, 5, 56, 9, 12]],

[ 95, 85, 1,[ 94, 89, 62, 6]],

[ 69, 45, 1,[ 44, 35, 39, 52]],

[ 49, 85, 0,[ 0, 57, 40]],

[ 45, 85, 0,[ 24, 58, 73]],

[ 1, 5, 1,[ 64, 21, 25]],

[ 18, 85, 1,[ 27, 33, 23, 10]],

[ 36, 85, 0,[ 85, 12]],

[ 34, 85, 1,[ 76, 55, 38]],

[ 14, 85, 0,[ 28, 48, 90]],

[ 33, 85, 0,[ 91, 41, 58, 89, 67, 18, 46]],

[ 89, 85, 1,[ 33, 95, 54]],

[ 40, 85, 0,[ 76, 37, 49]],

[ 6, 65, 1,[ 13, 84, 95, 4]],

[ 83, 85, 0,[ 68, 35, 23, 98, 60]],

[ 44, 85, 0,[ 55, 69, 67]],

[ 57, 55, 1,[ 9, 70, 49]],

[ 23, 85, 1,[ 83, 50, 77, 59, 18]],

[ 75, 15, 1,[ 54, 38, 64]],

[ 51, 85, 0,[ 99, 13, 4]],

[ 99, 85, 0,[ 10, 51, 37]],

[ 4, 25, 1,[ 12, 93, 0, 6, 51]],

[ 27, 85, 0,[ 18, 90, 39]],

[ 53, 85, 1,[ 97, 79, 32]],

[ 94, 55, 1,[ 88, 95, 73]],

[ 77, 85, 0,[ 91, 80, 23]],

[ 20, 75, 1,[ 28, 24, 17, 15, 91]],

[ 76, 85, 1,[ 40, 48, 25, 34]],

[ 92, 35, 1,[ 31, 72, 28]],

[ 16, 85, 0,[ 37, 43, 78]],

[ 74, 85, 1,[ 38, 82, 10]],

[ 12, 85, 0,[ 4, 72, 8, 66, 36]],

[ 50, 85, 0,[ 17, 23, 9, 37]],

[ 84, 25, 1,[ 6, 63, 5]],

[ 82, 85, 0,[ 55, 74, 29]],

[ 90, 25, 1,[ 28, 27, 14]],

[ 67, 85, 0,[ 33, 44, 19]],

[ 43, 25, 1,[ 16, 54]],

[ 86, 5, 1,[ 81, 19, 68]],

[ 0, 85, 0,[ 4, 49, 93]],

[ 54, 85, 0,[ 89, 43, 75]],

