[ 75, 45, 0,[ 28, 3, 39]],

[ 31, 45, 0,[ 29, 76, 5, 43, 64, 1]],

[ 74, 45, 0,[ 21, 94, 69, 39]],

[ 97, 45, 0,[ 36, 11, 90]],

[ 95, 45, 0,[ 18, 96, 71]],

[ 5, 45, 0,[ 22, 31, 58]],

[ 45, 45, 0,[ 18, 34, 51, 77]],

[ 41, 15, 1,[ 77, 0, 55]],

[ 96, 15, 1,[ 92, 95, 99]],

[ 93, 45, 0,[ 49, 63, 4]],

[ 4, 45, 0,[ 93, 81, 78, 7]],

[ 84, 45, 0,[ 51, 89, 19, 83, 46]],

[ 81, 45, 0,[ 53, 4, 13]],

[ 8, 45, 0,[ 90, 9, 27]],

[ 92, 45, 0,[ 96, 50, 88]],

[ 32, 45, 0,[ 53, 77, 39]],

[ 61, 45, 0,[ 35, 59, 70]],

[ 26, 45, 0,[ 83, 11, 3]],

[ 33, 45, 0,[ 72, 87, 56]],

[ 98, 45, 0,[ 18, 23, 70]],

[ 25, 45, 0,[ 57, 67, 17]],

[ 79, 45, 0,[ 48, 16, 78]],

[ 11, 45, 0,[ 26, 10, 97, 47]],

[ 64, 45, 0,[ 48, 91, 31]],

[ 63, 45, 0,[ 77, 93, 40, 0]],

[ 24, 45, 0,[ 82, 38, 0, 89, 13]],

[ 44, 45, 0,[ 57, 19, 40]],

[ 72, 45, 0,[ 15, 58, 33]],

[ 28, 45, 0,[ 75, 52, 36]],

[ 10, 45, 0,[ 13, 1, 12, 51, 60, 11]],

[ 94, 45, 0,[ 17, 74, 65]],

[ 9, 45, 0,[ 73, 8, 37, 78]],

[ 22, 95, 1,[ 34, 7, 65, 21, 5]],

[ 83, 45, 0,[ 26, 84, 62]],

[ 29, 85, 1,[ 53, 85, 31]],

[ 59, 45, 0,[ 82, 7, 61]],

[ 67, 45, 0,[ 25, 14, 66]],

[ 71, 45, 0,[ 49, 47, 3, 95]],

[ 86, 45, 0,[ 58, 50, 56, 68, 46, 90]],

[ 70, 45, 0,[ 61, 53, 55, 98]],

[ 90, 85, 1,[ 86, 8, 68, 69, 97]],

[ 37, 45, 0,[ 9, 40, 38]],

[ 48, 45, 0,[ 79, 12, 64]],

[ 7, 45, 0,[ 4, 59, 22, 55]],

[ 58, 85, 1,[ 72, 86, 5, 16]],

[ 66, 45, 1,[ 20, 67, 6]],

[ 2, 45, 0,[ 85, 15, 0]],

[ 56, 45, 0,[ 33, 6, 86]],

[ 36, 45, 0,[ 97, 39, 28, 62, 73]],

[ 50, 45, 0,[ 85, 92, 86]],

[ 23, 45, 0,[ 98, 87, 49, 46, 40]],

[ 80, 45, 0,[ 30]],

[ 99, 45, 0,[ 65, 96, 88]],

[ 18, 45, 0,[ 95, 98, 45, 57]],

[ 46, 45, 0,[ 86, 84, 23]],

[ 51, 45, 0,[ 45, 10, 84]],

[ 16, 45, 0,[ 38, 58, 79]],

[ 43, 45, 0,[ 31, 88, 6]],

[ 34, 45, 0,[ 14, 22, 1, 12, 45]],

[ 65, 45, 0,[ 22, 38, 94, 99]],

[ 12, 45, 0,[ 48, 10, 34]],

[ 69, 45, 0,[ 90, 74, 30]],

[ 0, 45, 0,[ 24, 2, 63, 41]],

[ 77, 45, 0,[ 41, 32, 63, 21, 45]],

[ 62, 45, 0,[ 83, 36, 82]],

[ 47, 45, 0,[ 11, 71, 3]],

[ 57, 45, 0,[ 25, 17, 18, 44]],

[ 30, 45, 0,[ 3, 69, 80]],

[ 49, 45, 0,[ 52, 23, 93, 71]],

[ 91, 45, 0,[ 17, 64, 42]],

[ 87, 45, 0,[ 23, 33]],

[ 68, 45, 0,[ 52, 86, 90]],

[ 42, 45, 0,[ 14, 39, 91]],

[ 54, 45, 0,[ 35, 76, 19]],

[ 73, 15, 1,[ 9, 40, 36]],

[ 21, 45, 0,[ 22, 77, 74]],

[ 35, 45, 0,[ 55, 61, 54]],

[ 27, 45, 0,[ 8, 20, 60, 89]],

[ 85, 75, 1,[ 29, 2, 50]],

[ 88, 45, 0,[ 99, 43, 92]],

[ 3, 45, 0,[ 71, 47, 30, 76, 26, 75]],

[ 40, 45, 0,[ 63, 23, 44, 37, 73]],

[ 60, 45, 0,[ 10, 17, 27]],

[ 76, 45, 0,[ 54, 3, 31]],

[ 15, 45, 0,[ 72, 52, 2]],

[ 19, 45, 0,[ 84, 44, 54]],

[ 55, 45, 0,[ 7, 70, 35, 41]],

[ 6, 45, 0,[ 56, 66, 43]],

[ 52, 45, 0,[ 49, 68, 28, 15]],

[ 14, 45, 0,[ 20, 42, 67, 34]],

[ 38, 45, 0,[ 65, 24, 16, 37]],

[ 13, 45, 0,[ 24, 10, 81]],

[ 17, 45, 0,[ 25, 91, 94, 60, 57]],

[ 89, 45, 0,[ 84, 27, 24]],

[ 78, 45, 0,[ 79, 9, 4]],

[ 1, 45, 0,[ 34, 31, 10]],

[ 39, 45, 0,[ 36, 42, 74, 75, 32]],

[ 82, 95, 1,[ 59, 24, 62]],

[ 20, 45, 0,[ 14, 27, 66]],

[ 53, 45, 0,[ 29, 70, 32, 81]],

