[ 77, 55, 0,[ 13, 50, 24]],

[ 73, 55, 0,[ 18, 8, 41]],

[ 33, 55, 0,[ 8, 38, 82]],

[ 75, 55, 0,[ 76, 10, 3]],

[ 35, 55, 0,[ 39, 79, 48, 12, 46]],

[ 61, 55, 0,[ 27, 26, 66]],

[ 5, 55, 0,[ 47, 13, 23]],

[ 43, 55, 0,[ 71, 87, 2]],

[ 72, 55, 0,[ 37, 69, 85, 89]],

[ 58, 55, 1,[ 83, 56]],

[ 14, 65, 1,[ 7, 62, 80]],

[ 45, 55, 0,[ 1, 39, 78]],

[ 41, 5, 1,[ 92, 9, 73]],

[ 83, 55, 1,[ 3, 58, 81, 85, 69]],

[ 67, 55, 0,[ 71, 22, 16]],

[ 18, 55, 0,[ 20, 46, 73, 28]],

[ 3, 55, 0,[ 55, 75, 93, 83]],

[ 87, 55, 0,[ 10, 43, 65]],

[ 97, 55, 0,[ 98, 10, 20]],

[ 68, 55, 0,[ 63, 1, 57]],

[ 7, 55, 0,[ 39, 14, 22, 42]],

[ 50, 55, 0,[ 64, 77, 10, 11]],

[ 63, 55, 0,[ 68, 95, 1]],

[ 19, 15, 1,[ 25, 86, 38, 89]],

[ 98, 55, 0,[ 17, 76, 97]],

[ 26, 55, 0,[ 61, 99, 59]],

[ 39, 55, 0,[ 45, 35, 7]],

[ 15, 55, 0,[ 42, 25, 4]],

[ 69, 55, 0,[ 53, 40, 72, 83]],

[ 4, 55, 0,[ 15, 79, 2, 12]],

[ 80, 55, 0,[ 88, 31, 14, 30]],

[ 79, 55, 0,[ 94, 81, 35, 4]],

[ 92, 55, 0,[ 23, 49, 41]],

[ 85, 55, 0,[ 72, 28, 83]],

[ 51, 55, 0,[ 70, 32]],

[ 91, 55, 0,[ 88, 0, 52]],

[ 6, 55, 0,[ 71, 48, 52]],

[ 46, 55, 0,[ 18, 54, 35]],

[ 95, 55, 0,[ 63, 93, 9, 82]],

[ 17, 45, 1,[ 86, 98, 48]],

[ 11, 55, 0,[ 9, 50, 65, 28]],

[ 47, 55, 0,[ 20, 71, 5]],

[ 82, 95, 1,[ 34, 95, 33, 55]],

[ 20, 55, 0,[ 18, 97, 54, 47]],

[ 2, 55, 0,[ 43, 56, 4, 66]],

[ 16, 55, 0,[ 34, 67, 30]],

[ 76, 55, 0,[ 98, 75, 44]],

[ 53, 55, 0,[ 55, 54, 69]],

[ 78, 55, 0,[ 45, 70, 94]],

[ 0, 25, 1,[ 49, 91, 32]],

[ 25, 55, 0,[ 15, 19, 55]],

[ 37, 55, 0,[ 70, 36, 72]],

[ 8, 55, 0,[ 13, 33, 99, 73]],

[ 88, 55, 0,[ 80, 91, 66]],

[ 52, 55, 0,[ 91, 84, 6]],

[ 81, 55, 0,[ 21, 65, 83, 79]],

[ 90, 55, 0,[ 30, 60, 13]],

[ 99, 55, 0,[ 8, 62, 26]],

[ 10, 55, 0,[ 87, 97, 75, 50]],

[ 60, 55, 0,[ 24, 90, 59]],

[ 70, 55, 1,[ 51, 27, 78, 96, 37]],

[ 48, 55, 0,[ 6, 17, 35]],

[ 62, 55, 0,[ 14, 99, 27]],

[ 44, 55, 0,[ 23, 56, 57, 76]],

[ 84, 55, 0,[ 64, 74, 52, 42]],

[ 49, 55, 0,[ 0, 92, 74]],

[ 86, 55, 0,[ 31, 17, 19]],

[ 23, 55, 0,[ 5, 36, 44, 92]],

[ 64, 55, 0,[ 31, 50, 84]],

[ 55, 55, 0,[ 82, 3, 24, 25, 53]],

[ 1, 55, 0,[ 45, 68, 63, 12]],

[ 32, 55, 0,[ 0, 51, 21]],

[ 93, 55, 0,[ 3, 74, 95]],

[ 36, 55, 0,[ 40, 37, 23]],

[ 57, 55, 0,[ 44, 68, 22]],

[ 9, 55, 0,[ 38, 11, 41, 95]],

[ 38, 55, 0,[ 9, 19, 33]],

[ 96, 55, 0,[ 34, 13, 70]],

[ 71, 55, 0,[ 6, 67, 47, 43]],

[ 34, 55, 0,[ 82, 96, 16]],

[ 89, 55, 0,[ 72, 19, 29]],

[ 24, 55, 0,[ 77, 60, 55, 59]],

[ 54, 55, 0,[ 46, 53, 20]],

[ 31, 55, 0,[ 29, 64, 86, 80]],

[ 29, 55, 0,[ 31, 30, 89]],

[ 56, 55, 0,[ 2, 58, 44]],

[ 27, 55, 0,[ 61, 62, 70]],

[ 42, 55, 0,[ 7, 84, 15]],

[ 12, 55, 0,[ 94, 4, 1, 35]],

[ 30, 55, 0,[ 16, 29, 22, 90, 80]],

[ 40, 55, 0,[ 69, 36, 21]],

[ 28, 55, 0,[ 85, 11, 18]],

[ 74, 55, 0,[ 93, 84, 49]],

[ 22, 55, 0,[ 67, 30, 7, 57]],

[ 21, 55, 0,[ 32, 81, 40]],

[ 59, 55, 0,[ 60, 26, 24]],

[ 94, 55, 0,[ 12, 79, 78]],

[ 13, 55, 0,[ 90, 96, 8, 5, 77]],

[ 66, 85, 1,[ 88, 61, 2]],

[ 65, 55, 0,[ 11, 87, 81]],

