[ 85, 25, 0,[ 50, 8, 98]],

[ 64, 25, 0,[ 73, 57, 50]],

[ 81, 25, 0,[ 67, 89, 63, 61]],

[ 98, 25, 0,[ 79, 46, 72, 85]],

[ 91, 25, 0,[ 28, 25, 88]],

[ 9, 25, 0,[ 32, 15, 11]],

[ 58, 25, 0,[ 55, 70, 97]],

[ 53, 25, 0,[ 73, 46, 57]],

[ 63, 25, 0,[ 86, 62, 81]],

[ 0, 25, 0,[ 76, 27, 57]],

[ 16, 25, 0,[ 99, 2, 59, 90, 32]],

[ 66, 25, 0,[ 7, 23]],

[ 8, 25, 0,[ 27, 10, 85, 22]],

[ 49, 25, 0,[ 90, 65, 14]],

[ 44, 25, 0,[ 35, 84, 88]],

[ 77, 25, 0,[ 80, 78, 89]],

[ 50, 25, 0,[ 64, 96, 85]],

[ 97, 25, 0,[ 58, 99, 78, 55]],

[ 73, 25, 0,[ 64, 53, 61]],

[ 59, 25, 0,[ 7, 95, 29, 45, 16, 42]],

[ 10, 25, 0,[ 55, 8, 37, 47]],

[ 39, 25, 0,[ 27, 87, 69]],

[ 11, 25, 1,[ 75, 14, 9]],

[ 76, 25, 0,[ 87, 61, 0]],

[ 46, 25, 0,[ 28, 53, 98, 25]],

[ 61, 25, 0,[ 81, 6, 55, 76, 73]],

[ 74, 25, 0,[ 35, 89, 62]],

[ 38, 25, 0,[ 95, 40]],

[ 89, 25, 0,[ 74, 65, 5, 18, 81, 77]],

[ 29, 25, 0,[ 5, 59, 83]],

[ 20, 25, 0,[ 95, 22, 25, 4, 36]],

[ 92, 75, 1,[ 5, 71, 31]],

[ 14, 25, 0,[ 49, 11, 86]],

[ 79, 25, 0,[ 98, 21, 57, 6]],

[ 41, 25, 0,[ 17, 1, 86, 83]],

[ 27, 25, 0,[ 39, 0, 43, 34, 8, 31]],

[ 47, 25, 0,[ 4, 21, 10]],

[ 43, 25, 0,[ 48, 72, 27, 26]],

[ 70, 25, 0,[ 58, 31, 13, 48, 52]],

[ 83, 25, 0,[ 29, 41, 12, 69]],

[ 86, 25, 0,[ 14, 41, 32, 60, 63]],

[ 40, 25, 0,[ 35, 38, 23, 88]],

[ 42, 25, 0,[ 62, 59, 3]],

[ 69, 25, 0,[ 39, 83]],

[ 84, 25, 0,[ 44, 55, 23]],

[ 57, 25, 0,[ 79, 64, 53, 0]],

[ 65, 25, 0,[ 49, 17, 89]],

[ 5, 25, 0,[ 29, 89, 92]],

[ 18, 25, 0,[ 52, 82, 89]],

[ 28, 25, 0,[ 91, 80, 46, 54, 26, 1]],

[ 2, 25, 0,[ 16, 48, 51, 99, 96]],

[ 94, 25, 0,[ 26, 34, 56]],

[ 96, 15, 1,[ 62, 50, 2]],

[ 51, 25, 0,[ 24, 2, 31]],

[ 67, 45, 1,[ 19, 81, 15]],

[ 31, 25, 1,[ 27, 33, 51, 70, 92]],

[ 4, 25, 0,[ 20, 56, 47]],

[ 13, 25, 0,[ 93, 70, 34, 12]],

[ 24, 25, 0,[ 51, 62, 36, 7]],

[ 25, 45, 1,[ 46, 91, 20]],

[ 15, 25, 0,[ 67, 9, 12, 19]],

[ 82, 25, 0,[ 71, 21, 62, 18]],

[ 3, 25, 0,[ 60, 93, 56, 42]],

[ 93, 25, 0,[ 35, 3, 13]],

[ 37, 25, 0,[ 68, 10, 75]],

[ 75, 45, 1,[ 37, 54, 11, 71]],

[ 52, 25, 0,[ 30, 17, 18, 70]],

[ 56, 25, 0,[ 4, 3, 94]],

[ 6, 25, 0,[ 36, 61, 79]],

[ 95, 25, 0,[ 20, 38, 59]],

[ 80, 25, 0,[ 90, 28, 77]],

[ 87, 25, 0,[ 76, 45, 88, 39]],

[ 36, 25, 0,[ 19, 24, 20, 30, 6]],

[ 72, 25, 1,[ 98, 43, 55]],

[ 7, 25, 0,[ 88, 59, 66, 24]],

[ 88, 25, 0,[ 40, 91, 7, 87, 44]],

[ 35, 25, 0,[ 93, 40, 44, 33, 74]],

[ 71, 25, 0,[ 75, 82, 92]],

[ 99, 25, 0,[ 97, 2, 16]],

[ 34, 25, 0,[ 1, 13, 94, 27, 68]],

[ 54, 25, 0,[ 28, 60, 75]],

[ 33, 25, 0,[ 31, 35]],

[ 90, 25, 0,[ 49, 16, 80]],

[ 78, 25, 0,[ 55, 97, 77]],

[ 60, 25, 0,[ 86, 3, 54]],

[ 48, 25, 0,[ 2, 70, 43]],

[ 12, 25, 0,[ 83, 15, 13]],

[ 17, 25, 1,[ 65, 52, 41]],

[ 22, 25, 0,[ 8, 20]],

[ 55, 25, 1,[ 72, 97, 61, 84, 10, 58, 78]],

[ 32, 25, 0,[ 86, 9, 16]],

[ 62, 25, 0,[ 42, 82, 24, 74, 63, 96]],

[ 45, 25, 0,[ 68, 87, 59]],

[ 1, 25, 0,[ 34, 30, 28, 41]],

[ 30, 25, 0,[ 36, 1, 52]],

[ 23, 25, 0,[ 40, 66, 84]],

[ 26, 25, 0,[ 28, 94, 43]],

[ 21, 25, 0,[ 47, 82, 79]],

[ 19, 25, 0,[ 15, 67, 36]],

[ 68, 25, 0,[ 37, 34, 45]],

