[ 55, 35, 0,[ 98, 87, 9, 58, 84]],

[ 61, 35, 0,[ 76, 45, 42]],

[ 81, 35, 0,[ 73, 93, 63, 97]],

[ 6, 85, 1,[ 48, 44, 94, 59]],

[ 85, 35, 0,[ 38, 42, 83]],

[ 82, 35, 0,[ 57, 89, 23]],

[ 34, 35, 0,[ 25, 73, 3, 11]],

[ 69, 35, 0,[ 3, 26, 63]],

[ 84, 35, 0,[ 31, 48, 55]],

[ 13, 35, 0,[ 67, 88, 65]],

[ 65, 35, 0,[ 13, 99]],

[ 11, 35, 0,[ 34, 41, 9, 39]],

[ 12, 35, 0,[ 59, 36, 1]],

[ 3, 65, 1,[ 34, 69, 76]],

[ 42, 35, 0,[ 61, 85, 5, 33]],

[ 76, 35, 0,[ 16, 91, 61, 3, 87, 24]],

[ 31, 35, 0,[ 35, 32, 84]],

[ 79, 35, 0,[ 59, 56, 27, 20, 37, 33]],

[ 71, 35, 0,[ 78, 47, 23, 14, 63, 21]],

[ 98, 35, 0,[ 8, 43, 66, 55, 21]],

[ 68, 55, 1,[ 46, 92, 39, 18]],

[ 91, 65, 1,[ 76, 88, 72, 38]],

[ 94, 35, 0,[ 6, 27, 54]],

[ 35, 35, 0,[ 31, 16, 0]],

[ 16, 35, 0,[ 22, 76, 86, 35]],

[ 74, 25, 1,[ 97, 43, 45, 54]],

[ 46, 35, 0,[ 36, 72, 68]],

[ 21, 35, 0,[ 71, 80, 98]],

[ 8, 35, 0,[ 14, 98, 93]],

[ 26, 35, 0,[ 93, 69]],

[ 17, 35, 0,[ 77, 78, 41]],

[ 89, 35, 0,[ 56, 1, 18, 82, 73]],

[ 4, 35, 0,[ 70, 29, 53]],

[ 44, 35, 0,[ 6, 60]],

[ 22, 35, 0,[ 40, 27, 16, 24]],

[ 96, 35, 0,[ 29, 64, 28, 53, 92, 10]],

[ 7, 35, 0,[ 62, 57, 92]],

[ 37, 35, 0,[ 63, 10, 79]],

[ 73, 35, 0,[ 89, 81, 34]],

[ 38, 35, 0,[ 15, 91, 85]],

[ 5, 35, 0,[ 18, 42, 10]],

[ 45, 35, 0,[ 74, 14, 53, 61]],

[ 20, 35, 0,[ 79, 90]],

[ 53, 35, 0,[ 96, 45, 4, 66]],

[ 33, 35, 0,[ 79, 52, 42, 77, 64]],

[ 41, 35, 0,[ 25, 11, 17]],

[ 80, 35, 0,[ 86, 21, 54]],

[ 50, 35, 0,[ 90, 48, 95]],

[ 9, 35, 0,[ 29, 2, 11, 55, 15]],

[ 49, 35, 0,[ 75, 99, 90]],

[ 23, 35, 0,[ 71, 82, 40]],

[ 30, 35, 0,[ 0, 75, 62]],

[ 99, 35, 0,[ 49, 65]],

[ 67, 35, 0,[ 64, 13, 60]],

[ 10, 35, 0,[ 19, 5, 96, 37, 15]],

[ 19, 35, 0,[ 1, 10, 95]],

[ 43, 35, 1,[ 66, 74, 98]],

[ 27, 35, 0,[ 94, 79, 88, 22]],

[ 28, 35, 0,[ 83, 32, 96]],

[ 47, 35, 0,[ 71, 58, 52, 0]],

[ 32, 35, 0,[ 28, 31, 83]],

[ 64, 35, 0,[ 33, 67, 96]],

[ 48, 35, 0,[ 84, 6, 50]],

[ 95, 35, 0,[ 19, 50, 63]],

[ 25, 35, 0,[ 41, 34, 59]],

[ 15, 35, 0,[ 10, 38, 9]],

[ 66, 75, 1,[ 53, 98, 43]],

[ 36, 35, 0,[ 72, 46, 12]],

[ 58, 35, 0,[ 55, 47]],

[ 51, 35, 0,[ 40]],

[ 77, 35, 0,[ 33, 17, 92, 57]],

[ 52, 35, 0,[ 63, 33, 47]],

[ 60, 35, 0,[ 24, 44, 67, 2]],

[ 59, 35, 0,[ 25, 12, 79, 6, 97]],

[ 56, 35, 0,[ 63, 79, 89]],

[ 75, 35, 0,[ 49, 87, 30]],

[ 93, 35, 0,[ 39, 8, 26, 81]],

[ 83, 35, 0,[ 85, 32, 28]],

[ 24, 35, 0,[ 76, 60, 22, 70]],

[ 86, 35, 0,[ 80, 16]],

[ 70, 5, 1,[ 62, 18, 4, 24]],

[ 90, 35, 0,[ 50, 49, 20]],

[ 29, 35, 0,[ 4, 96, 9]],

[ 40, 35, 0,[ 22, 51, 23]],

[ 2, 65, 1,[ 60, 9]],

[ 14, 15, 1,[ 8, 71, 45]],

[ 1, 35, 0,[ 12, 19, 89, 62]],

[ 0, 35, 0,[ 35, 30, 47]],

[ 97, 35, 0,[ 59, 74, 81]],

[ 57, 35, 0,[ 7, 77, 82]],

[ 18, 35, 0,[ 5, 89, 68, 70]],

[ 88, 35, 0,[ 91, 27, 13]],

[ 92, 35, 0,[ 77, 72, 7, 68, 96]],

[ 72, 35, 0,[ 92, 91, 36, 78, 46]],

[ 78, 35, 0,[ 17, 72, 71]],

[ 39, 35, 0,[ 68, 11, 93]],

[ 87, 35, 0,[ 75, 76, 55]],

[ 62, 35, 0,[ 30, 70, 1, 7]],

[ 63, 35, 0,[ 95, 69, 81, 56, 71, 37, 52]],

[ 54, 35, 0,[ 94, 74, 80]],

