[ 70, 65, 0,[ 2, 78, 40, 15]],

[ 56, 65, 0,[ 96, 4, 94]],

[ 35, 65, 0,[ 22, 59, 63, 5]],

[ 84, 65, 0,[ 32, 96, 95]],

[ 5, 65, 0,[ 44, 82, 35]],

[ 20, 65, 0,[ 47, 68, 1]],

[ 97, 65, 0,[ 42, 17, 11, 7]],

[ 25, 65, 0,[ 18, 91, 93, 55]],

[ 37, 65, 0,[ 33, 6, 51]],

[ 6, 65, 0,[ 85, 66, 82, 27, 37]],

[ 78, 65, 0,[ 59, 38, 70]],

[ 24, 5, 1,[ 3, 43, 47, 41]],

[ 18, 65, 0,[ 57, 61, 2, 22, 25, 80]],

[ 13, 65, 0,[ 90, 77, 15]],

[ 99, 65, 0,[ 62, 30, 34, 45]],

[ 1, 65, 0,[ 48, 20, 51, 29]],

[ 40, 25, 1,[ 87, 70]],

[ 57, 95, 1,[ 18, 79, 61]],

[ 31, 65, 0,[ 46, 98, 4]],

[ 74, 65, 0,[ 12, 64, 90]],

[ 83, 65, 0,[ 16, 73, 76]],

[ 62, 65, 0,[ 99, 68, 81]],

[ 28, 65, 0,[ 48, 51, 23]],

[ 23, 65, 0,[ 38, 53, 28]],

[ 48, 65, 0,[ 87, 1, 12, 28, 43]],

[ 26, 65, 0,[ 58, 34, 14, 65]],

[ 41, 65, 0,[ 64, 85, 24]],

[ 59, 65, 0,[ 12, 35, 78]],

[ 77, 65, 0,[ 96, 13, 52]],

[ 64, 65, 0,[ 76, 82, 0, 74, 50, 41]],

[ 36, 65, 0,[ 16, 98, 8, 68, 39, 91]],

[ 2, 65, 0,[ 18, 19, 70]],

[ 91, 65, 0,[ 25, 36, 63]],

[ 52, 65, 0,[ 54, 60, 29, 77]],

[ 81, 65, 0,[ 61, 62, 55, 30]],

[ 89, 65, 0,[ 49, 96, 72]],

[ 11, 35, 1,[ 97, 49, 38]],

[ 44, 65, 0,[ 46, 39, 8, 5, 63]],

[ 47, 65, 0,[ 72, 24, 20, 69, 16, 93]],

[ 10, 45, 1,[ 42, 46, 71]],

[ 58, 65, 0,[ 45, 30, 26]],

[ 68, 65, 0,[ 62, 36, 20, 65]],

[ 79, 65, 0,[ 57, 30, 94]],

[ 45, 65, 0,[ 99, 7, 58]],

[ 85, 75, 1,[ 41, 49, 6, 42]],

[ 93, 65, 0,[ 47, 25, 9, 22]],

[ 29, 65, 0,[ 52, 69, 1]],

[ 65, 65, 0,[ 26, 46, 68]],

[ 92, 65, 0,[ 69, 21]],

[ 21, 65, 0,[ 92, 32, 14]],

[ 88, 65, 0,[ 19, 61]],

[ 12, 65, 0,[ 48, 59, 74]],

[ 3, 65, 0,[ 95, 27, 24]],

[ 30, 65, 0,[ 58, 99, 81, 79]],

[ 69, 65, 0,[ 47, 29, 92]],

[ 66, 65, 0,[ 6, 54, 46, 55]],

[ 55, 65, 0,[ 81, 66, 25]],

[ 73, 65, 0,[ 9, 98, 17, 83]],

[ 19, 65, 0,[ 88, 2, 15]],

[ 98, 65, 0,[ 36, 31, 73]],

[ 95, 65, 1,[ 84, 3, 34, 8, 39]],

[ 61, 65, 0,[ 57, 88, 81, 18]],

[ 34, 65, 0,[ 95, 99, 26]],

[ 75, 35, 1,[ 50, 46, 71]],

[ 82, 65, 0,[ 64, 5, 60, 6]],

[ 8, 65, 0,[ 36, 95, 44]],

[ 71, 65, 0,[ 43, 10, 60, 75]],

[ 87, 65, 0,[ 46, 48, 40]],

[ 22, 65, 0,[ 93, 67, 27, 35, 18]],

[ 67, 65, 0,[ 76, 22, 17, 0]],

[ 72, 65, 0,[ 89, 47, 96]],

[ 50, 65, 0,[ 75, 64, 53]],

[ 7, 65, 0,[ 86, 97, 45]],

[ 14, 65, 0,[ 54, 21, 26]],

[ 32, 65, 0,[ 84, 42, 21]],

[ 33, 65, 0,[ 37, 94, 49, 86]],

[ 80, 65, 0,[ 18, 60, 4]],

[ 39, 65, 0,[ 36, 44, 95]],

[ 94, 65, 0,[ 56, 33, 79]],

[ 90, 65, 0,[ 74, 13]],

[ 9, 65, 0,[ 73, 93]],

[ 4, 65, 0,[ 80, 31, 56]],

[ 17, 65, 0,[ 73, 97, 67]],

[ 38, 65, 0,[ 11, 78, 23, 86]],

[ 60, 65, 0,[ 80, 52, 71, 82]],

[ 49, 65, 0,[ 89, 33, 85, 11]],

[ 46, 65, 0,[ 65, 87, 10, 66, 75, 31, 44]],

[ 43, 65, 0,[ 71, 48, 24]],

[ 54, 55, 1,[ 14, 52, 66]],

[ 0, 65, 0,[ 63, 67, 64]],

[ 86, 65, 0,[ 33, 38, 7]],

[ 42, 65, 0,[ 10, 97, 85, 32]],

[ 63, 65, 0,[ 91, 35, 44, 0]],

[ 53, 65, 0,[ 96, 23, 50]],

[ 76, 25, 1,[ 83, 64, 67]],

[ 16, 65, 0,[ 83, 47, 36]],

[ 51, 65, 0,[ 28, 1, 37]],

[ 15, 65, 0,[ 70, 19, 13]],

[ 96, 65, 0,[ 56, 84, 53, 77, 89, 72]],

[ 27, 65, 0,[ 6, 3, 22]],

