[ 10, 15, 1,[ 39, 11, 68, 66, 65, 61]],

[ 84, 65, 1,[ 75, 50, 34, 25, 70]],

[ 97, 15, 0,[ 62, 64, 56, 33]],

[ 82, 75, 1,[ 61, 75, 80]],

[ 45, 85, 0,[ 57, 33, 15]],

[ 47, 45, 0,[ 56, 0, 18]],

[ 44, 65, 0,[ 39, 83]],

[ 63, 55, 1,[ 96, 6, 32]],

[ 1, 85, 0,[ 5, 85, 99]],

[ 58, 45, 1,[ 77, 93, 85]],

[ 65, 45, 1,[ 21, 10, 61]],

[ 15, 65, 1,[ 87, 90, 41, 45]],

[ 87, 25, 1,[ 30, 56, 88, 15]],

[ 43, 75, 0,[ 79, 14, 64, 49]],

[ 30, 45, 1,[ 87, 90, 69]],

[ 75, 45, 0,[ 8, 84, 82]],

[ 80, 25, 0,[ 82, 2, 24, 92]],

[ 16, 55, 0,[ 20, 19, 73]],

[ 50, 85, 1,[ 76, 93, 84]],

[ 86, 45, 1,[ 12, 34, 55, 46, 71, 95, 28]],

[ 28, 35, 0,[ 2, 20, 48, 86]],

[ 94, 65, 0,[ 9, 25]],

[ 54, 95, 1,[ 48, 26, 57]],

[ 68, 85, 0,[ 32, 34, 10]],

[ 88, 85, 0,[ 70, 17, 87, 42]],

[ 81, 15, 0,[ 56, 66, 11]],

[ 35, 45, 0,[ 69, 14, 96]],

[ 73, 55, 0,[ 16, 6, 27, 55]],

[ 37, 15, 0,[ 92, 40, 57]],

[ 64, 75, 1,[ 43, 97, 93, 62]],

[ 5, 85, 0,[ 1, 59, 31]],

[ 4, 85, 1,[ 56, 42, 19]],

[ 26, 5, 1,[ 98, 17, 54]],

[ 72, 15, 1,[ 6, 21, 2]],

[ 76, 85, 0,[ 41, 36, 50]],

[ 19, 55, 0,[ 16, 4, 13, 52]],

[ 66, 15, 0,[ 10, 81, 91]],

[ 36, 85, 0,[ 76, 69, 23]],

[ 48, 35, 1,[ 99, 54, 28]],

[ 3, 25, 0,[ 93, 0, 9, 90, 91]],

[ 17, 75, 0,[ 88, 26, 6, 7]],

[ 25, 65, 0,[ 60, 41, 99, 84, 94]],

[ 99, 95, 1,[ 1, 39, 25, 48]],

[ 57, 85, 0,[ 37, 54, 45]],

[ 23, 85, 0,[ 36, 78, 46]],

[ 77, 15, 1,[ 74, 6, 58]],

[ 42, 45, 0,[ 7, 4, 88]],

[ 60, 95, 1,[ 25, 21, 51]],

[ 11, 15, 0,[ 81, 78, 10]],

[ 85, 85, 0,[ 58, 1, 56, 74, 70]],

[ 89, 75, 1,[ 62, 22]],

[ 59, 35, 1,[ 5, 53, 29]],

[ 0, 85, 1,[ 47, 41, 3]],

[ 71, 65, 0,[ 52, 86, 33]],

[ 14, 5, 1,[ 35, 29, 69, 43]],

[ 83, 85, 1,[ 21, 44, 56]],

[ 8, 65, 1,[ 75, 96, 91]],

[ 40, 45, 1,[ 70, 37, 51]],

[ 13, 45, 1,[ 95, 19, 62]],

[ 95, 45, 0,[ 86, 13, 91]],

[ 9, 85, 0,[ 79, 3, 94]],

[ 98, 5, 0,[ 26, 21]],

[ 21, 65, 1,[ 72, 65, 83, 22, 60, 31, 98]],

[ 56, 45, 1,[ 85, 4, 83, 87, 81, 47, 97]],

[ 7, 65, 1,[ 42, 17, 18]],

[ 32, 75, 1,[ 63, 20, 68]],

[ 46, 65, 1,[ 53, 86, 23]],

[ 49, 85, 1,[ 43, 18, 24]],

[ 39, 15, 1,[ 10, 90, 99, 44]],

[ 79, 35, 1,[ 43, 9, 38]],

[ 24, 15, 1,[ 49, 69, 80]],

[ 96, 45, 0,[ 35, 38, 8, 63]],

[ 74, 85, 0,[ 77, 78, 85]],

[ 52, 65, 0,[ 93, 71, 19]],

[ 33, 65, 1,[ 71, 97, 53, 67, 45, 92, 38]],

[ 67, 25, 1,[ 12, 70, 33]],

[ 70, 85, 0,[ 40, 67, 84, 31, 85, 88]],

[ 41, 85, 0,[ 25, 76, 15, 0]],

[ 6, 55, 1,[ 77, 17, 27, 73, 72, 63]],

[ 38, 45, 0,[ 79, 96, 33, 55]],

[ 69, 45, 0,[ 36, 24, 14, 30, 35]],

[ 61, 65, 0,[ 10, 82, 65]],

[ 78, 75, 1,[ 74, 23, 11]],

[ 62, 65, 1,[ 89, 13, 64, 97]],

[ 20, 25, 1,[ 16, 28, 32]],

[ 53, 5, 0,[ 59, 33, 46]],

[ 92, 15, 0,[ 33, 37, 80]],

[ 90, 85, 1,[ 39, 15, 30, 3]],

[ 12, 5, 0,[ 27, 86, 67]],

[ 51, 25, 0,[ 40, 60, 29]],

[ 31, 85, 0,[ 70, 5, 21]],

[ 93, 85, 1,[ 52, 58, 64, 3, 50]],

[ 18, 45, 0,[ 49, 7, 47]],

[ 55, 85, 1,[ 86, 38, 73]],

[ 22, 5, 0,[ 89, 21, 91]],

[ 91, 95, 1,[ 22, 66, 3, 95, 8]],

[ 2, 15, 0,[ 80, 28, 72]],

[ 34, 85, 1,[ 68, 84, 86]],

[ 29, 75, 1,[ 14, 59, 51]],

[ 27, 65, 1,[ 73, 6, 12]],

