[ 73, 65, 1,[ 95, 65, 77, 85]],

[ 32, 75, 0,[ 55, 37, 77]],

[ 54, 45, 0,[ 86, 58, 88]],

[ 82, 45, 1,[ 1, 3, 97]],

[ 24, 15, 1,[ 86, 10, 91, 44]],

[ 33, 75, 0,[ 30, 43, 94]],

[ 40, 45, 1,[ 25, 38, 48, 6]],

[ 52, 55, 1,[ 81, 8, 85, 4]],

[ 25, 15, 1,[ 75, 40, 36]],

[ 98, 75, 0,[ 11, 84, 4, 53]],

[ 37, 75, 0,[ 63, 32, 70, 45, 67]],

[ 77, 75, 1,[ 69, 89, 73, 32]],

[ 58, 95, 1,[ 15, 31, 84, 54, 7]],

[ 81, 75, 0,[ 62, 71, 52, 27, 11]],

[ 56, 65, 1,[ 43, 5, 34]],

[ 67, 75, 0,[ 30, 37, 27]],

[ 35, 75, 0,[ 64, 91, 76]],

[ 96, 75, 0,[ 85, 45, 15]],

[ 34, 15, 0,[ 45, 56, 55, 20]],

[ 48, 75, 0,[ 11, 18, 86, 83, 40]],

[ 89, 25, 1,[ 77, 80, 47, 23]],

[ 4, 75, 0,[ 52, 15, 98]],

[ 36, 85, 1,[ 22, 0, 25, 17]],

[ 75, 45, 1,[ 66, 50, 27, 25]],

[ 66, 5, 0,[ 1, 99, 93, 18, 75]],

[ 59, 55, 1,[ 51, 65, 70, 78, 93]],

[ 88, 65, 1,[ 54, 42, 94, 71]],

[ 99, 75, 1,[ 68, 20, 66]],

[ 61, 55, 1,[ 47, 84, 97]],

[ 93, 35, 1,[ 66, 86, 59]],

[ 53, 75, 0,[ 98, 17, 91]],

[ 46, 85, 0,[ 13, 31]],

[ 2, 75, 0,[ 14, 49, 47]],

[ 18, 25, 1,[ 68, 66, 48, 8]],

[ 86, 75, 0,[ 93, 54, 24, 48]],

[ 92, 65, 1,[ 29, 42, 9, 16, 74]],

[ 44, 5, 0,[ 24, 65, 79]],

[ 11, 75, 0,[ 98, 48, 81]],

[ 71, 55, 1,[ 49, 81, 88]],

[ 1, 25, 1,[ 82, 66, 84]],

[ 20, 15, 0,[ 99, 34, 41]],

[ 94, 75, 0,[ 33, 88, 74]],

[ 51, 35, 0,[ 59, 17, 5]],

[ 72, 75, 0,[ 29, 7]],

[ 76, 5, 1,[ 21, 16, 35, 42, 26, 10]],

[ 74, 55, 1,[ 92, 47, 94]],

[ 31, 5, 1,[ 58, 22, 46]],

[ 10, 5, 1,[ 7, 24, 28, 76]],

[ 9, 45, 1,[ 97, 92]],

[ 79, 25, 1,[ 13, 44, 16]],

[ 23, 35, 1,[ 95, 89, 91]],

[ 7, 75, 0,[ 72, 58, 10]],

[ 85, 75, 0,[ 38, 52, 96, 73]],

[ 0, 75, 0,[ 78, 30, 90, 36]],

[ 91, 75, 0,[ 53, 35, 63, 24, 23]],

[ 50, 15, 0,[ 22, 57, 75, 41]],

[ 87, 65, 1,[ 39, 38, 19]],

[ 69, 75, 1,[ 77, 90, 39]],

[ 26, 95, 1,[ 76, 64, 43]],

[ 30, 75, 0,[ 33, 67, 95, 0]],

[ 41, 15, 0,[ 20, 49, 50]],

[ 47, 75, 0,[ 74, 89, 2, 61]],

[ 38, 75, 0,[ 85, 40, 87]],

[ 43, 75, 0,[ 26, 56, 27, 33]],

[ 19, 5, 1,[ 57, 87, 60]],

[ 29, 75, 0,[ 21, 62, 92, 72]],

[ 90, 75, 0,[ 69, 5, 0]],

[ 21, 45, 1,[ 29, 76, 17]],

[ 39, 75, 0,[ 78, 70, 87, 28, 69]],

[ 13, 85, 0,[ 12, 79, 46]],

[ 60, 75, 1,[ 19, 28, 12]],

[ 55, 85, 1,[ 34, 5, 32]],

[ 22, 65, 1,[ 6, 31, 62, 50, 36]],

[ 64, 75, 0,[ 97, 26, 35]],

[ 49, 75, 0,[ 2, 14, 71, 41]],

[ 28, 35, 1,[ 39, 10, 3, 60]],

[ 68, 75, 0,[ 99, 70, 18]],

[ 83, 95, 1,[ 48, 78]],

[ 16, 65, 0,[ 76, 92, 79]],

[ 14, 75, 0,[ 80, 2, 49]],

[ 80, 55, 1,[ 89, 14]],

[ 15, 85, 1,[ 96, 4, 58]],

[ 3, 95, 0,[ 28, 57, 82, 12]],

[ 17, 85, 1,[ 21, 36, 53, 51]],

[ 70, 35, 1,[ 39, 59, 37, 68]],

[ 12, 95, 1,[ 3, 13, 60]],

[ 45, 75, 0,[ 34, 96, 37]],

[ 95, 5, 1,[ 23, 8, 73, 30]],

[ 62, 75, 0,[ 81, 29, 22]],

[ 65, 75, 0,[ 73, 59, 44]],

[ 42, 65, 1,[ 76, 92, 88]],

[ 63, 45, 1,[ 97, 37, 91]],

[ 6, 55, 1,[ 22, 40, 57]],

[ 5, 15, 1,[ 51, 55, 90, 56]],

[ 57, 75, 1,[ 19, 3, 50, 6]],

[ 84, 55, 1,[ 61, 58, 1, 98]],

[ 27, 75, 0,[ 75, 67, 43, 81]],

[ 8, 45, 0,[ 95, 52, 18]],

[ 78, 75, 0,[ 0, 39, 83, 59]],

[ 97, 75, 0,[ 64, 82, 61, 63, 9]],

