[ 48, 45, 0,[ 86, 89, 88]],

[ 7, 45, 0,[ 2, 8, 90]],

[ 3, 45, 0,[ 30, 0, 34, 18]],

[ 90, 45, 0,[ 58, 7, 5]],

[ 78, 45, 0,[ 51, 16, 15, 30]],

[ 51, 45, 0,[ 54, 60, 78]],

[ 65, 45, 0,[ 42, 52, 53, 10]],

[ 12, 45, 0,[ 71, 10, 62, 14]],

[ 79, 45, 0,[ 25, 83, 28, 84]],

[ 21, 45, 0,[ 75, 26, 50]],

[ 8, 45, 0,[ 7, 50, 16]],

[ 67, 45, 0,[ 2, 52, 19, 27]],

[ 50, 45, 0,[ 21, 43, 68, 86, 8]],

[ 9, 45, 0,[ 2, 73, 99]],

[ 64, 45, 0,[ 0, 36, 85, 13]],

[ 40, 45, 0,[ 93, 42, 38, 19, 97]],

[ 84, 45, 0,[ 71, 85, 79]],

[ 75, 45, 0,[ 77, 53, 21, 74]],

[ 44, 45, 0,[ 89, 2, 47]],

[ 15, 75, 1,[ 16, 78, 14]],

[ 42, 45, 0,[ 11, 55, 24, 40, 65]],

[ 87, 45, 0,[ 37, 18, 39]],

[ 28, 45, 1,[ 99, 27, 79, 59]],

[ 88, 45, 0,[ 49, 48, 89]],

[ 70, 5, 1,[ 60, 25, 92]],

[ 63, 45, 0,[ 41, 33, 59, 68]],

[ 93, 25, 1,[ 61, 16, 40]],

[ 76, 45, 0,[ 77, 60, 2]],

[ 56, 45, 0,[ 1, 18, 43]],

[ 53, 45, 0,[ 75, 65, 17, 6, 92, 61]],

[ 82, 45, 0,[ 94, 45, 20]],

[ 10, 45, 0,[ 12, 5, 65]],

[ 52, 45, 0,[ 67, 11, 65]],

[ 62, 45, 0,[ 12, 20, 14, 46]],

[ 11, 45, 1,[ 85, 52, 42]],

[ 81, 45, 0,[ 37, 83, 38]],

[ 83, 45, 0,[ 79, 45, 81]],

[ 77, 45, 0,[ 41, 75, 76]],

[ 97, 45, 0,[ 98, 40, 31]],

[ 71, 45, 0,[ 84, 99, 1, 12]],

[ 24, 45, 0,[ 42, 54, 66]],

[ 60, 45, 0,[ 51, 29, 76, 70]],

[ 57, 45, 0,[ 31, 49, 23]],

[ 19, 45, 0,[ 67, 40, 29]],

[ 68, 45, 0,[ 50, 49, 63]],

[ 25, 45, 0,[ 70, 49, 79]],

[ 72, 45, 0,[ 80, 99, 14]],

[ 26, 45, 0,[ 5, 92, 21]],

[ 58, 45, 0,[ 17, 23, 90]],

[ 37, 95, 1,[ 87, 66, 81, 17]],

[ 14, 45, 0,[ 12, 15, 62, 72]],

[ 89, 45, 0,[ 88, 48, 66, 91, 44, 94]],

[ 61, 45, 0,[ 93, 4, 53, 38]],

[ 41, 45, 0,[ 39, 63, 96, 77]],

[ 18, 45, 0,[ 3, 87, 56]],

[ 13, 45, 0,[ 80, 95, 22, 64, 45]],

[ 46, 45, 0,[ 91, 62]],

[ 5, 45, 0,[ 74, 10, 90, 26]],

[ 66, 45, 0,[ 24, 89, 37]],

[ 85, 45, 0,[ 36, 64, 84, 11, 49]],

[ 92, 45, 0,[ 70, 53, 26]],

[ 95, 45, 0,[ 22, 13, 20]],

[ 0, 45, 0,[ 35, 3, 64]],

[ 47, 45, 0,[ 32, 30, 44]],

[ 73, 45, 0,[ 9, 96, 32]],

[ 27, 95, 1,[ 30, 67, 28]],

[ 29, 45, 0,[ 34, 19, 60]],

[ 17, 45, 0,[ 58, 37, 69, 53]],

[ 43, 45, 0,[ 50, 33, 56]],

[ 38, 45, 0,[ 61, 40, 81]],

[ 30, 45, 0,[ 47, 55, 27, 3, 78]],

[ 35, 85, 1,[ 80, 34, 0]],

[ 86, 45, 0,[ 54, 50, 48]],

[ 96, 45, 0,[ 41, 73, 59, 80, 98]],

[ 39, 45, 0,[ 41, 87, 49]],

[ 20, 45, 0,[ 6, 82, 62, 95]],

[ 33, 45, 0,[ 43, 32, 63]],

[ 94, 45, 0,[ 59, 82, 89]],

[ 31, 45, 0,[ 57, 97, 45, 32]],

[ 99, 45, 0,[ 71, 9, 28, 72, 55]],

[ 45, 25, 1,[ 83, 13, 82, 31]],

[ 80, 45, 0,[ 96, 35, 72, 13]],

[ 34, 45, 0,[ 3, 35, 36, 29]],

[ 32, 45, 0,[ 73, 33, 47, 31]],

[ 4, 45, 0,[ 6, 61, 2]],

[ 54, 45, 0,[ 69, 74, 86, 24, 51]],

[ 1, 45, 0,[ 56, 71, 49]],

[ 22, 45, 0,[ 13, 95, 91]],

[ 69, 45, 0,[ 17, 54]],

[ 23, 45, 0,[ 59, 58, 57]],

[ 59, 25, 1,[ 28, 63, 96, 23, 94]],

[ 16, 45, 0,[ 8, 15, 93, 78]],

[ 6, 45, 0,[ 53, 4, 20]],

[ 2, 45, 0,[ 7, 76, 44, 4, 67, 9]],

[ 36, 45, 0,[ 64, 34, 85]],

[ 49, 45, 0,[ 57, 39, 88, 25, 85, 1, 68]],

[ 91, 45, 0,[ 22, 46, 89]],

[ 98, 45, 0,[ 96, 97]],

[ 55, 45, 0,[ 30, 42, 99]],

[ 74, 45, 0,[ 5, 54, 75]],

