[ 0, 95, 0,[ 73, 11, 88]],

[ 62, 95, 0,[ 2, 90, 19, 77, 29]],

[ 27, 95, 0,[ 61, 73, 18, 49]],

[ 31, 95, 0,[ 37, 51, 7]],

[ 40, 95, 0,[ 79, 98, 17]],

[ 56, 65, 1,[ 66, 33, 5]],

[ 98, 95, 0,[ 12, 45, 40, 26]],

[ 20, 95, 0,[ 8, 2, 64]],

[ 55, 95, 0,[ 33, 37, 95, 76, 71, 44]],

[ 78, 95, 0,[ 9, 71, 50, 94, 51]],

[ 13, 55, 0,[ 23, 89]],

[ 10, 95, 0,[ 46, 76, 34]],

[ 1, 55, 1,[ 71, 32, 95, 67]],

[ 28, 95, 0,[ 41, 49, 47]],

[ 47, 95, 0,[ 28, 12, 29]],

[ 92, 95, 0,[ 45, 89, 15]],

[ 41, 95, 0,[ 46, 28, 25, 36]],

[ 34, 95, 0,[ 10, 59, 72]],

[ 11, 95, 0,[ 38, 0, 49]],

[ 84, 95, 0,[ 53, 88, 18, 3]],

[ 43, 95, 0,[ 52, 8, 66]],

[ 17, 95, 0,[ 40, 23, 2]],

[ 75, 95, 0,[ 21, 44]],

[ 4, 95, 0,[ 29, 76, 77]],

[ 73, 95, 0,[ 27, 85, 0]],

[ 82, 95, 0,[ 94, 58, 26]],

[ 8, 95, 0,[ 43, 20, 97]],

[ 69, 95, 0,[ 44, 45, 52, 83]],

[ 91, 95, 0,[ 23, 59, 7]],

[ 89, 95, 0,[ 92, 13, 59, 35]],

[ 42, 95, 0,[ 74, 18, 67]],

[ 33, 95, 0,[ 80, 56, 55]],

[ 22, 95, 0,[ 14, 79, 96]],

[ 63, 85, 1,[ 51, 38, 61]],

[ 36, 95, 0,[ 41, 48, 24]],

[ 58, 95, 0,[ 82, 83, 26, 74]],

[ 30, 95, 0,[ 68, 32, 9, 88, 3]],

[ 74, 95, 0,[ 67, 42, 58]],

[ 66, 95, 0,[ 43, 96, 56]],

[ 87, 95, 0,[ 77, 93, 16, 52, 18]],

[ 5, 35, 0,[ 56, 85]],

[ 99, 95, 0,[ 35, 80, 32]],

[ 15, 95, 0,[ 92, 46, 6]],

[ 46, 95, 0,[ 10, 41, 72, 15]],

[ 32, 95, 0,[ 30, 24, 99, 1, 68, 61]],

[ 81, 55, 0,[ 23, 72]],

[ 61, 95, 0,[ 63, 27, 32]],

[ 3, 95, 0,[ 84, 30, 88]],

[ 70, 95, 0,[ 94, 90, 53]],

[ 18, 95, 0,[ 42, 27, 87, 38, 84]],

[ 65, 95, 0,[ 96, 39, 7, 16]],

[ 53, 95, 0,[ 25, 84, 70, 60]],

[ 86, 95, 0,[ 97, 54, 16]],

[ 19, 95, 0,[ 6, 39, 62, 9]],

[ 25, 95, 0,[ 48, 53, 41]],

[ 14, 95, 0,[ 77, 22, 90]],

[ 16, 95, 0,[ 21, 86, 65, 39, 87]],

[ 38, 95, 0,[ 18, 63, 6, 11]],

[ 35, 35, 1,[ 89, 99, 57]],

[ 94, 95, 0,[ 70, 78, 82]],

[ 7, 95, 0,[ 31, 91, 65]],

[ 51, 95, 0,[ 78, 63, 31]],

[ 50, 95, 0,[ 77, 29, 78]],

[ 72, 95, 0,[ 34, 46, 81]],

[ 21, 95, 0,[ 16, 75, 76]],

[ 90, 15, 1,[ 14, 70, 62, 54]],

[ 93, 95, 0,[ 48, 87, 80]],

[ 9, 95, 1,[ 19, 78, 30]],

[ 24, 95, 0,[ 36, 37, 32]],

[ 64, 95, 0,[ 49, 20, 85]],

[ 52, 95, 0,[ 43, 87, 69]],

[ 57, 35, 1,[ 95, 35, 71, 6]],

[ 83, 95, 0,[ 49, 58, 69]],

[ 37, 95, 0,[ 55, 24, 31]],

[ 29, 95, 0,[ 50, 4, 47, 62]],

[ 12, 95, 0,[ 60, 98, 47]],

[ 49, 95, 0,[ 28, 11, 27, 64, 83]],

[ 68, 95, 0,[ 30, 32, 60, 76]],

[ 44, 95, 0,[ 69, 55, 75]],

[ 54, 95, 0,[ 79, 90, 86]],

[ 67, 95, 0,[ 74, 42, 1]],

[ 39, 95, 0,[ 16, 65, 19]],

[ 96, 95, 0,[ 65, 66, 22]],

[ 97, 95, 0,[ 88, 86, 8]],

[ 76, 5, 1,[ 10, 21, 68, 4, 55]],

[ 95, 25, 0,[ 57, 55, 1]],

[ 60, 95, 0,[ 68, 12, 53]],

[ 85, 95, 0,[ 5, 64, 73]],

[ 26, 35, 1,[ 58, 82, 45, 98]],

[ 45, 95, 0,[ 69, 92, 26, 98]],

[ 59, 95, 0,[ 91, 89, 34]],

[ 79, 95, 0,[ 40, 54, 22]],

[ 23, 35, 1,[ 17, 13, 81, 91]],

[ 80, 95, 0,[ 99, 93, 88, 33]],

[ 88, 95, 0,[ 97, 0, 80, 30, 3, 84]],

[ 71, 95, 0,[ 78, 57, 55, 1]],

[ 48, 95, 0,[ 36, 93, 25]],

[ 77, 95, 0,[ 62, 4, 87, 50, 14]],

[ 2, 95, 0,[ 17, 20, 62]],

[ 6, 95, 0,[ 38, 15, 19, 57]],

