[ 78, 55, 0,[ 18, 38, 11]],

[ 42, 55, 0,[ 43, 11, 33, 93, 79]],

[ 83, 55, 0,[ 60, 98, 29]],

[ 85, 55, 0,[ 62, 3, 88]],

[ 98, 55, 0,[ 92, 43, 83]],

[ 90, 55, 0,[ 65, 39, 55]],

[ 57, 55, 0,[ 99, 67, 40, 58, 92]],

[ 59, 55, 0,[ 70, 15, 5]],

[ 47, 55, 0,[ 19, 2, 31, 55]],

[ 64, 55, 0,[ 81, 12, 62]],

[ 25, 55, 0,[ 29, 26, 23]],

[ 61, 55, 0,[ 41, 15, 76]],

[ 15, 55, 0,[ 72, 61, 59]],

[ 5, 55, 0,[ 14, 59, 77]],

[ 33, 55, 0,[ 27, 94, 42]],

[ 1, 55, 0,[ 55, 11, 53]],

[ 21, 55, 1,[ 72, 16]],

[ 24, 55, 0,[ 31, 22, 28]],

[ 16, 55, 0,[ 62, 21, 65]],

[ 58, 55, 0,[ 27, 28, 39, 57]],

[ 62, 55, 0,[ 64, 85, 11, 16]],

[ 49, 55, 0,[ 39, 13, 50]],

[ 77, 55, 0,[ 72, 5, 43]],

[ 56, 55, 0,[ 74, 91, 95]],

[ 82, 55, 0,[ 99, 80, 18]],

[ 14, 55, 0,[ 69, 5]],

[ 0, 55, 0,[ 34, 8, 52, 89, 75]],

[ 40, 55, 0,[ 6, 97, 57]],

[ 53, 55, 0,[ 71, 70, 1]],

[ 37, 55, 0,[ 32, 36, 84]],

[ 87, 55, 0,[ 46, 69, 35]],

[ 30, 55, 0,[ 4, 79]],

[ 79, 55, 0,[ 42, 35, 30]],

[ 72, 55, 0,[ 3, 15, 20, 21, 71, 41, 77]],

[ 26, 55, 0,[ 25, 46, 44, 54]],

[ 65, 55, 0,[ 4, 16, 90, 88, 7]],

[ 43, 55, 0,[ 12, 98, 77, 42, 69]],

[ 34, 55, 0,[ 0, 92, 74]],

[ 94, 55, 0,[ 10, 46, 33]],

[ 9, 55, 0,[ 8, 93, 45, 6, 66]],

[ 51, 55, 0,[ 70, 92, 32]],

[ 71, 55, 1,[ 53, 32, 6, 72]],

[ 60, 55, 0,[ 54, 13, 83, 10]],

[ 17, 35, 1,[ 44, 38, 63]],

[ 67, 55, 1,[ 81, 63, 96, 57, 46]],

[ 20, 55, 0,[ 91, 72, 75]],

[ 96, 55, 0,[ 67, 69, 35]],

[ 84, 55, 0,[ 86, 95, 2, 37, 80]],

[ 38, 55, 0,[ 46, 78, 17]],

[ 23, 55, 0,[ 25, 63, 31]],

[ 3, 55, 0,[ 72, 70, 85]],

[ 2, 55, 0,[ 54, 10, 86, 45, 18, 84, 47]],

[ 18, 55, 0,[ 69, 82, 78, 2]],

[ 31, 65, 1,[ 24, 36, 47, 23]],

[ 93, 55, 0,[ 42, 99, 9]],

[ 97, 55, 0,[ 40, 13, 52]],

[ 70, 55, 0,[ 51, 28, 59, 3, 53]],

[ 91, 55, 0,[ 20, 66, 56]],

[ 75, 55, 0,[ 44, 20, 73, 0]],

[ 8, 55, 0,[ 9, 7, 0, 73]],

[ 92, 55, 0,[ 34, 51, 98, 57, 86]],

[ 12, 55, 0,[ 32, 43, 64]],

[ 13, 55, 0,[ 60, 97, 49]],

[ 88, 55, 0,[ 74, 85, 65, 89]],

[ 81, 55, 0,[ 46, 52, 64, 67]],

[ 55, 55, 0,[ 39, 90, 48, 1, 47]],

[ 39, 55, 0,[ 49, 90, 55, 50, 58]],

[ 44, 75, 1,[ 17, 26, 75]],

[ 7, 55, 0,[ 65, 35, 8]],

[ 95, 55, 0,[ 50, 84, 56]],

[ 35, 55, 0,[ 96, 87, 79, 7]],

[ 19, 55, 0,[ 52, 47, 22]],

[ 52, 55, 0,[ 19, 97, 81, 76, 0]],

[ 86, 55, 0,[ 92, 2, 84]],

[ 4, 55, 0,[ 65, 30, 99]],

[ 36, 55, 0,[ 41, 37, 31, 48, 46]],

[ 80, 55, 0,[ 82, 74, 84]],

[ 27, 55, 0,[ 46, 33, 58]],

[ 48, 55, 0,[ 55, 36, 11]],

[ 6, 55, 0,[ 40, 9, 71]],

[ 10, 55, 0,[ 60, 94, 2]],

[ 89, 55, 0,[ 0, 88, 69]],

[ 22, 55, 0,[ 45, 24, 19]],

[ 41, 45, 1,[ 72, 61, 36]],

[ 68, 55, 0,[ 74, 32, 99]],

[ 54, 55, 0,[ 26, 60, 2]],

[ 69, 55, 0,[ 87, 96, 43, 89, 14, 18]],

[ 32, 55, 0,[ 68, 12, 71, 51, 37]],

[ 73, 55, 0,[ 8, 75]],

[ 99, 55, 0,[ 93, 82, 57, 68, 4]],

[ 50, 5, 1,[ 49, 95, 39]],

[ 29, 75, 1,[ 83, 28, 25]],

[ 66, 55, 0,[ 9, 91]],

[ 63, 55, 0,[ 67, 17, 23]],

[ 76, 55, 0,[ 52, 61]],

[ 11, 55, 0,[ 1, 78, 62, 48, 42]],

[ 45, 55, 1,[ 22, 2, 9]],

[ 74, 55, 0,[ 80, 34, 88, 68, 56]],

[ 46, 55, 0,[ 27, 94, 38, 36, 26, 67, 87, 81]],

[ 28, 55, 0,[ 70, 29, 58, 24]],

