[ 90, 65, 0,[ 9, 55, 18, 50, 4]],

[ 67, 65, 0,[ 37, 78, 16, 85]],

[ 35, 65, 0,[ 45, 27, 82]],

[ 30, 65, 1,[ 54, 50, 43]],

[ 11, 65, 0,[ 42, 40, 33]],

[ 26, 65, 0,[ 56, 95, 38]],

[ 42, 65, 0,[ 72, 85, 11, 18]],

[ 97, 65, 0,[ 94, 10, 72, 17, 68, 76]],

[ 27, 65, 0,[ 35, 45, 44]],

[ 10, 65, 0,[ 97, 92, 8, 34]],

[ 91, 65, 0,[ 32, 80, 38]],

[ 13, 65, 0,[ 70, 40, 2]],

[ 22, 65, 0,[ 53, 28, 68]],

[ 20, 65, 0,[ 8, 56, 25, 79, 86, 62]],

[ 61, 65, 0,[ 56, 29, 93]],

[ 0, 65, 0,[ 47, 77, 52]],

[ 52, 65, 0,[ 12, 0, 32, 72]],

[ 1, 65, 0,[ 59, 43, 9]],

[ 95, 65, 0,[ 24, 26, 66, 55]],

[ 46, 65, 0,[ 98, 21, 96]],

[ 77, 65, 0,[ 0, 16, 69, 39]],

[ 53, 5, 1,[ 58, 22]],

[ 21, 65, 0,[ 71, 46, 2, 31, 39]],

[ 99, 65, 0,[ 98, 75, 89]],

[ 5, 65, 0,[ 87, 82, 36, 75]],

[ 48, 65, 0,[ 70, 19, 69]],

[ 44, 65, 0,[ 41, 65, 27]],

[ 39, 65, 0,[ 77, 14, 21]],

[ 32, 65, 0,[ 52, 91, 3, 75]],

[ 58, 65, 0,[ 53, 12, 71, 73, 23]],

[ 19, 65, 0,[ 47, 48, 60]],

[ 24, 65, 0,[ 37, 60, 93, 95]],

[ 88, 65, 0,[ 54, 33, 83]],

[ 65, 65, 0,[ 29, 2, 31, 6, 44]],

[ 84, 65, 0,[ 45, 63, 62]],

[ 57, 65, 0,[ 40, 33, 38]],

[ 3, 65, 0,[ 32, 6, 49]],

[ 2, 65, 0,[ 21, 13, 65]],

[ 75, 65, 0,[ 5, 32, 99]],

[ 50, 65, 0,[ 30, 76, 90]],

[ 82, 65, 0,[ 5, 93, 35]],

[ 78, 65, 0,[ 54, 67, 12]],

[ 12, 65, 0,[ 58, 52, 78]],

[ 33, 65, 0,[ 88, 11, 57]],

[ 40, 65, 0,[ 49, 94, 86, 13, 11, 57]],

[ 43, 65, 0,[ 1, 30, 8]],

[ 94, 65, 0,[ 60, 40, 97]],

[ 41, 65, 0,[ 66, 44, 34, 98]],

[ 28, 65, 0,[ 66, 22, 92]],

[ 85, 65, 0,[ 67, 42, 25]],

[ 51, 65, 0,[ 86, 38, 7]],

[ 76, 65, 0,[ 97, 50, 49, 31]],

[ 86, 25, 1,[ 40, 20, 51]],

[ 8, 65, 0,[ 43, 10, 79, 20]],

[ 66, 65, 0,[ 28, 37, 95, 41]],

[ 14, 65, 0,[ 7, 36, 39]],

[ 72, 65, 0,[ 52, 42, 97]],

[ 23, 65, 0,[ 18, 17, 58]],

[ 17, 65, 0,[ 97, 71, 23]],

[ 45, 65, 0,[ 84, 27, 35]],

[ 34, 65, 0,[ 7, 41, 10]],

[ 64, 15, 1,[ 62, 49, 4]],

[ 55, 65, 0,[ 4, 90, 95]],

[ 29, 65, 0,[ 65, 61, 79, 15]],

[ 37, 65, 0,[ 24, 66, 67]],

[ 69, 65, 0,[ 77, 81, 48]],

[ 25, 65, 0,[ 36, 85, 20]],

[ 89, 65, 0,[ 99, 98, 59]],

[ 4, 95, 1,[ 64, 55, 63, 90]],

[ 80, 65, 0,[ 15, 91, 70, 56]],

[ 83, 45, 1,[ 16, 63, 88]],

[ 54, 65, 0,[ 30, 78, 49, 88]],

[ 47, 65, 0,[ 0, 9, 19]],

[ 71, 65, 0,[ 17, 21, 58]],

[ 93, 65, 0,[ 18, 61, 82, 24]],

[ 74, 65, 0,[ 96, 70, 68]],

[ 56, 65, 0,[ 61, 26, 20, 80]],

[ 38, 65, 0,[ 57, 18, 91, 81, 51, 26]],

[ 15, 65, 0,[ 80, 29, 79]],

[ 9, 35, 1,[ 90, 1, 47]],

[ 79, 65, 0,[ 20, 8, 29, 15]],

[ 73, 65, 0,[ 59, 58, 49]],

[ 96, 65, 0,[ 87, 74, 46]],

[ 92, 65, 0,[ 28, 16, 10]],

[ 7, 65, 0,[ 34, 51, 14]],

[ 63, 65, 0,[ 4, 83, 84]],

[ 81, 65, 0,[ 16, 38, 69]],

[ 60, 65, 0,[ 19, 24, 94]],

[ 6, 65, 0,[ 98, 65, 87, 3]],

[ 36, 65, 0,[ 14, 5, 25]],

[ 70, 95, 1,[ 48, 74, 18, 87, 80, 13]],

[ 68, 65, 0,[ 22, 74, 97]],

[ 87, 65, 0,[ 6, 70, 96, 5]],

[ 31, 65, 0,[ 21, 76, 65]],

[ 59, 65, 0,[ 1, 73, 89]],

[ 49, 65, 0,[ 64, 73, 40, 54, 3, 76]],

[ 62, 95, 1,[ 20, 64, 84]],

[ 18, 75, 1,[ 90, 42, 93, 70, 23, 38]],

[ 98, 65, 0,[ 46, 99, 41, 6, 89]],

[ 16, 65, 0,[ 77, 67, 83, 81, 92]],

