[ 38, 95, 1,[ 86, 13, 8, 97, 57, 68]],

[ 37, 25, 1,[ 99, 42, 20]],

[ 59, 15, 0,[ 12, 54, 21]],

[ 73, 75, 1,[ 31, 43]],

[ 71, 75, 1,[ 56, 63, 39, 0, 87]],

[ 22, 25, 1,[ 91, 16, 1, 44, 79, 7]],

[ 55, 45, 0,[ 10, 99, 42]],

[ 32, 45, 1,[ 52, 26, 12, 95]],

[ 18, 5, 0,[ 3, 85, 91]],

[ 49, 55, 0,[ 27, 94, 67]],

[ 11, 95, 1,[ 54, 23, 51]],

[ 58, 45, 1,[ 33, 75, 83]],

[ 34, 5, 0,[ 62, 20, 82]],

[ 47, 85, 1,[ 50, 2, 36, 82]],

[ 9, 65, 0,[ 30, 98, 87]],

[ 45, 75, 1,[ 78, 31, 83, 6]],

[ 61, 45, 0,[ 93, 43]],

[ 42, 45, 0,[ 46, 55, 28, 37]],

[ 24, 75, 1,[ 6, 86, 35, 10]],

[ 29, 35, 1,[ 99, 56, 75, 65]],

[ 64, 85, 1,[ 65, 4, 40]],

[ 97, 5, 0,[ 80, 54, 38]],

[ 80, 85, 1,[ 78, 67, 7, 0, 97]],

[ 72, 5, 0,[ 27, 56, 40]],

[ 96, 45, 1,[ 23, 57, 17]],

[ 63, 65, 0,[ 71, 83, 5, 35]],

[ 8, 85, 1,[ 38, 74, 48, 54]],

[ 14, 45, 1,[ 92, 15, 48]],

[ 10, 45, 0,[ 3, 55, 89, 24]],

[ 94, 75, 0,[ 49, 78]],

[ 51, 15, 0,[ 11, 21, 81, 35]],

[ 75, 55, 0,[ 84, 29, 58]],

[ 17, 65, 1,[ 93, 57, 96, 91, 69]],

[ 40, 65, 1,[ 60, 36, 64, 1, 72]],

[ 5, 65, 1,[ 63, 15, 68]],

[ 2, 45, 1,[ 69, 47, 43]],

[ 15, 65, 1,[ 30, 5, 14, 39, 53]],

[ 91, 5, 0,[ 17, 18, 22]],

[ 92, 5, 1,[ 14, 81, 68]],

[ 30, 95, 1,[ 9, 90, 15]],

[ 21, 65, 0,[ 59, 70, 51]],

[ 81, 65, 1,[ 51, 86, 20, 92]],

[ 66, 5, 0,[ 62, 89, 50]],

[ 52, 85, 1,[ 74, 32, 57]],

[ 78, 75, 0,[ 80, 39, 45, 94]],

[ 39, 75, 0,[ 71, 78, 15]],

[ 83, 5, 1,[ 45, 65, 63, 58]],

[ 31, 5, 1,[ 45, 41, 19, 73]],

[ 60, 45, 1,[ 40, 85, 48]],

[ 46, 45, 0,[ 67, 42]],

[ 6, 85, 0,[ 50, 24, 45]],

[ 90, 5, 0,[ 30, 33, 76, 99]],

[ 57, 5, 1,[ 96, 38, 52, 17]],

[ 68, 95, 0,[ 38, 5, 92, 79, 56]],

[ 67, 75, 1,[ 80, 54, 49, 46]],

[ 89, 5, 0,[ 85, 66, 10]],

[ 50, 65, 1,[ 66, 47, 6]],

[ 25, 65, 0,[ 28, 44, 16]],

[ 48, 35, 1,[ 4, 14, 8, 60]],

[ 4, 65, 1,[ 64, 85, 77, 48, 79]],

[ 88, 65, 0,[ 69, 27, 19]],

[ 76, 5, 0,[ 99, 95, 90]],

[ 86, 65, 0,[ 81, 38, 24, 77]],

[ 28, 65, 0,[ 25, 42, 53]],

[ 7, 45, 0,[ 80, 22, 43]],

[ 13, 95, 1,[ 98, 26, 38, 19]],

[ 85, 65, 1,[ 18, 60, 89, 4]],

[ 84, 65, 0,[ 75, 77, 70]],

[ 99, 15, 1,[ 87, 90, 37, 29, 76, 55]],

[ 70, 65, 0,[ 84, 21, 56]],

[ 41, 65, 0,[ 31, 19]],

[ 44, 75, 1,[ 36, 25, 22]],

[ 65, 35, 0,[ 29, 83, 64]],

[ 26, 45, 1,[ 13, 32]],

[ 53, 45, 0,[ 28, 15, 12, 93, 23]],

[ 87, 75, 1,[ 9, 99, 71]],

[ 95, 75, 1,[ 74, 0, 76, 32]],

[ 36, 15, 0,[ 40, 33, 47, 44]],

[ 35, 15, 0,[ 24, 1, 63, 51]],

[ 27, 5, 0,[ 3, 49, 88, 72]],

[ 33, 65, 1,[ 36, 90, 58]],

[ 82, 5, 1,[ 34, 62, 47]],

[ 93, 45, 0,[ 17, 61, 53]],

[ 77, 5, 1,[ 23, 4, 86, 84]],

[ 62, 5, 0,[ 34, 66, 82]],

[ 12, 25, 1,[ 32, 53, 59]],

[ 79, 45, 0,[ 68, 4, 22]],

[ 1, 15, 0,[ 40, 35, 22]],

[ 98, 65, 0,[ 9, 13, 19]],

[ 20, 35, 0,[ 37, 34, 81]],

[ 56, 45, 1,[ 70, 68, 71, 72, 29]],

[ 43, 55, 1,[ 2, 73, 7, 61]],

[ 54, 55, 1,[ 97, 59, 11, 8, 67]],

[ 16, 65, 0,[ 25, 22]],

[ 74, 75, 0,[ 8, 52, 95]],

[ 69, 65, 1,[ 88, 2, 17]],

[ 3, 5, 0,[ 27, 10, 18]],

[ 19, 65, 0,[ 88, 31, 98, 13, 41]],

[ 0, 15, 0,[ 80, 95, 71]],

[ 23, 75, 1,[ 53, 77, 96, 11]],

