[ 61, 15, 0,[ 63, 87]],

[ 24, 15, 0,[ 40, 46, 25]],

[ 27, 15, 0,[ 52, 79, 89, 39]],

[ 21, 15, 0,[ 77, 28, 20]],

[ 73, 15, 0,[ 71, 9, 57, 88, 42]],

[ 64, 15, 0,[ 1, 78, 38]],

[ 5, 15, 0,[ 28, 11, 85]],

[ 81, 15, 0,[ 92, 39, 13]],

[ 50, 25, 1,[ 49, 41, 80, 95, 37]],

[ 60, 15, 0,[ 86, 58, 19, 17, 62]],

[ 65, 15, 0,[ 18, 49, 28]],

[ 45, 15, 0,[ 22, 43, 86, 47]],

[ 31, 15, 0,[ 29, 57, 32]],

[ 39, 15, 0,[ 27, 25, 38, 81, 37]],

[ 46, 15, 0,[ 47, 52, 24, 44]],

[ 41, 15, 0,[ 91, 16, 28, 50]],

[ 91, 15, 0,[ 85, 41, 55]],

[ 29, 15, 0,[ 58, 22, 31]],

[ 35, 15, 0,[ 44, 36]],

[ 17, 15, 0,[ 60, 55, 19]],

[ 3, 15, 0,[ 48, 1]],

[ 38, 15, 0,[ 85, 18, 64, 39]],

[ 99, 15, 0,[ 1, 79]],

[ 68, 15, 0,[ 69, 48]],

[ 30, 15, 0,[ 97, 16, 9, 12, 6]],

[ 74, 15, 0,[ 70, 72, 96]],

[ 53, 15, 1,[ 9, 40, 12]],

[ 16, 15, 0,[ 30, 62, 70, 41]],

[ 96, 5, 1,[ 97, 8, 74]],

[ 79, 15, 0,[ 27, 77, 93, 34, 99]],

[ 11, 35, 1,[ 83, 33, 5]],

[ 15, 15, 0,[ 71, 63, 37]],

[ 88, 15, 0,[ 73, 90, 26]],

[ 32, 15, 0,[ 92, 76, 37, 31, 66]],

[ 54, 55, 1,[ 98, 37, 55]],

[ 95, 65, 1,[ 50, 94, 93]],

[ 33, 15, 0,[ 34, 11, 14]],

[ 55, 15, 0,[ 54, 91, 44, 17]],

[ 82, 15, 0,[ 22, 63, 84, 69]],

[ 93, 15, 0,[ 10, 79, 95]],

[ 87, 15, 0,[ 40, 66, 61, 86]],

[ 70, 15, 0,[ 16, 74, 71]],

[ 6, 15, 0,[ 10, 89, 7, 30]],

[ 47, 15, 0,[ 23, 45, 46, 19, 7]],

[ 2, 15, 0,[ 1, 4]],

[ 12, 15, 0,[ 8, 53, 30]],

[ 94, 15, 0,[ 80, 95, 78]],

[ 83, 15, 0,[ 28, 72, 11]],

[ 37, 15, 0,[ 50, 32, 39, 15, 75, 54, 10]],

[ 4, 15, 0,[ 89, 66, 2]],

[ 63, 15, 0,[ 61, 82, 15, 67]],

[ 98, 25, 1,[ 40, 54]],

[ 80, 15, 0,[ 51, 94, 50]],

[ 9, 65, 1,[ 66, 53, 7, 30, 8, 73]],

[ 76, 15, 0,[ 14, 56, 32, 52]],

[ 40, 15, 0,[ 87, 24, 53, 98]],

[ 42, 15, 0,[ 44, 73, 43]],

[ 25, 15, 0,[ 39, 23, 24]],

[ 44, 15, 0,[ 42, 55, 46, 35]],

[ 26, 15, 0,[ 13, 28, 88]],

[ 48, 15, 0,[ 3, 62, 68]],

[ 10, 15, 0,[ 6, 93, 37]],

[ 92, 15, 0,[ 32, 81, 90]],

[ 66, 15, 0,[ 4, 87, 9, 32]],

[ 69, 15, 0,[ 82, 68, 85, 71]],

[ 51, 15, 0,[ 0, 49, 80]],

[ 56, 15, 0,[ 57, 89, 76]],

[ 36, 15, 0,[ 35, 84, 0]],

[ 84, 15, 0,[ 82, 18, 36]],

[ 13, 15, 0,[ 75, 81, 26]],

[ 34, 15, 0,[ 33, 49, 79]],

[ 57, 15, 0,[ 31, 56, 73]],

[ 59, 15, 0,[ 58, 43]],

[ 0, 15, 0,[ 36, 1, 51]],

[ 75, 15, 0,[ 37, 77, 13]],

[ 72, 15, 0,[ 74, 83, 67]],

[ 89, 65, 1,[ 90, 27, 4, 6, 56]],

[ 52, 15, 0,[ 76, 46, 27]],

[ 14, 15, 0,[ 76, 33]],

[ 19, 15, 0,[ 17, 60, 47]],

[ 49, 15, 0,[ 50, 65, 20, 34, 51]],

[ 85, 15, 0,[ 38, 69, 5, 91]],

[ 18, 15, 0,[ 20, 65, 38, 84]],

[ 7, 15, 0,[ 6, 9, 47]],

[ 97, 15, 0,[ 96, 30, 90]],

[ 90, 15, 0,[ 97, 88, 92, 67, 89]],

[ 86, 15, 0,[ 87, 45, 60]],

[ 43, 15, 0,[ 59, 42, 45]],

[ 71, 15, 0,[ 73, 69, 70, 15]],

[ 23, 15, 0,[ 22, 47, 25]],

[ 1, 15, 0,[ 99, 3, 2, 0, 64]],

[ 67, 15, 0,[ 90, 63, 72]],

[ 58, 15, 0,[ 29, 59, 60]],

[ 22, 15, 0,[ 23, 82, 45, 29]],

[ 28, 15, 0,[ 41, 65, 21, 83, 26, 5]],

[ 8, 95, 1,[ 12, 96, 9]],

[ 62, 15, 0,[ 48, 16, 60, 20]],

[ 78, 15, 0,[ 77, 64, 94]],

[ 20, 15, 0,[ 62, 21, 18, 49]],

[ 77, 15, 0,[ 79, 21, 75, 78]],

