[ 7, 65, 0,[ 22, 71, 60, 62]],

[ 2, 65, 0,[ 36, 42, 40]],

[ 57, 65, 0,[ 79, 30, 34]],

[ 93, 65, 1,[ 66, 38, 26]],

[ 83, 65, 0,[ 63, 58, 54]],

[ 16, 65, 0,[ 41, 43, 77]],

[ 33, 65, 0,[ 77, 23, 8, 59]],

[ 1, 65, 0,[ 48, 73, 31]],

[ 34, 35, 1,[ 6, 4, 5, 57, 69]],

[ 38, 65, 0,[ 93, 72, 74, 48]],

[ 19, 45, 1,[ 8, 54, 49]],

[ 76, 25, 1,[ 20, 75, 24, 56]],

[ 46, 65, 0,[ 9]],

[ 94, 75, 1,[ 37, 86, 70, 60]],

[ 49, 25, 1,[ 63, 71, 19]],

[ 3, 65, 0,[ 59, 43, 32]],

[ 51, 65, 0,[ 48, 97, 80]],

[ 72, 65, 0,[ 85, 28, 87, 8, 38, 81]],

[ 84, 45, 1,[ 73, 4, 97]],

[ 64, 75, 0,[ 81, 59, 68]],

[ 5, 15, 1,[ 28, 34, 61]],

[ 20, 5, 1,[ 99, 88, 6, 76]],

[ 60, 55, 1,[ 40, 94, 7]],

[ 0, 65, 1,[ 53, 80, 95, 27, 44]],

[ 50, 65, 0,[ 59, 18, 21]],

[ 44, 55, 1,[ 71, 0, 91]],

[ 10, 5, 1,[ 21, 56, 36, 13, 27]],

[ 45, 25, 1,[ 8, 79, 61]],

[ 86, 65, 0,[ 68, 96, 94, 61, 31, 78]],

[ 55, 5, 0,[ 71, 21, 25, 89]],

[ 9, 55, 1,[ 79, 12, 67, 32, 46]],

[ 39, 95, 1,[ 65, 48, 26]],

[ 75, 45, 0,[ 29, 53, 76]],

[ 91, 65, 0,[ 66, 40, 44, 41]],

[ 77, 65, 0,[ 37, 16, 33, 42]],

[ 26, 65, 0,[ 47, 62, 93, 39]],

[ 27, 25, 0,[ 0, 90, 10]],

[ 81, 95, 1,[ 13, 72, 64, 68]],

[ 47, 65, 1,[ 26, 12, 87]],

[ 80, 45, 1,[ 78, 51, 0]],

[ 68, 35, 1,[ 86, 48, 81, 64]],

[ 35, 65, 0,[ 42, 11, 17, 21]],

[ 88, 65, 0,[ 20, 98]],

[ 67, 75, 1,[ 9, 82, 90, 70]],

[ 58, 65, 0,[ 24, 83, 15]],

[ 97, 5, 1,[ 84, 69, 51]],

[ 21, 5, 0,[ 35, 10, 55, 50, 92]],

[ 24, 55, 1,[ 52, 25, 58, 65, 76, 30, 99]],

[ 92, 75, 1,[ 21, 41, 12]],

[ 12, 65, 0,[ 63, 47, 9, 92]],

[ 29, 65, 1,[ 6, 82, 75]],

[ 40, 65, 0,[ 25, 91, 2, 60]],

[ 98, 85, 0,[ 8, 54, 88]],

[ 48, 65, 0,[ 68, 1, 38, 51, 39]],

[ 43, 65, 0,[ 3, 16, 87, 78]],

[ 25, 55, 1,[ 24, 40, 55]],

[ 95, 55, 0,[ 28, 14, 0, 23]],

[ 82, 65, 0,[ 67, 29, 31]],

[ 78, 65, 0,[ 43, 86, 80]],

[ 89, 5, 1,[ 4, 55]],

[ 96, 55, 1,[ 86, 90, 54]],

[ 54, 85, 1,[ 53, 19, 83, 96, 98]],

[ 8, 35, 1,[ 72, 33, 19, 98, 45]],

[ 74, 15, 1,[ 66, 38, 22]],

[ 56, 5, 0,[ 32, 10, 76]],

[ 61, 65, 1,[ 86, 5, 45, 17]],

[ 18, 55, 1,[ 50, 4, 99]],

[ 85, 65, 0,[ 53, 30, 72]],

[ 62, 65, 0,[ 66, 26, 7]],

[ 22, 65, 0,[ 52, 74, 7]],

[ 4, 45, 1,[ 18, 84, 89, 34]],

[ 13, 5, 0,[ 32, 10, 81]],

[ 59, 75, 1,[ 3, 64, 50, 33]],

[ 79, 55, 0,[ 45, 9, 57, 73]],

[ 69, 65, 0,[ 97, 34, 11]],

[ 66, 65, 0,[ 93, 62, 91, 74]],

[ 70, 5, 1,[ 67, 42, 94]],

[ 28, 55, 0,[ 5, 95, 72]],

[ 73, 55, 1,[ 1, 84, 79]],

[ 53, 95, 1,[ 54, 85, 0, 14, 75]],

[ 11, 65, 0,[ 69, 35, 31]],

[ 65, 25, 0,[ 39, 14, 24]],

[ 32, 5, 1,[ 3, 9, 56, 13]],

[ 71, 65, 1,[ 55, 7, 49, 44]],

[ 30, 65, 1,[ 57, 85, 24]],

[ 87, 45, 1,[ 47, 72, 43]],

[ 42, 45, 1,[ 70, 35, 77, 2]],

[ 14, 25, 1,[ 95, 53, 65]],

[ 15, 65, 0,[ 17, 58, 52]],

[ 31, 65, 0,[ 86, 1, 82, 11]],

[ 17, 25, 1,[ 15, 35, 61]],

[ 99, 25, 1,[ 18, 20, 24]],

[ 41, 85, 1,[ 91, 92, 16]],

[ 52, 65, 1,[ 22, 24, 15]],

[ 6, 65, 0,[ 29, 34, 20]],

[ 23, 55, 0,[ 95, 33]],

[ 90, 75, 1,[ 96, 67, 27]],

[ 37, 65, 0,[ 94, 77, 36]],

[ 63, 65, 0,[ 12, 49, 83]],

[ 36, 55, 1,[ 2, 37, 10]],

