[ 89, 15, 1,[ 10, 4]],

[ 55, 35, 0,[ 90, 68, 70]],

[ 24, 25, 1,[ 53, 34, 86, 32]],

[ 36, 55, 0,[ 25, 40, 50]],

[ 57, 95, 1,[ 83, 58, 82]],

[ 11, 15, 1,[ 31, 90, 64]],

[ 85, 95, 1,[ 25, 65, 63]],

[ 72, 25, 0,[ 38, 62, 3, 82]],

[ 29, 15, 0,[ 25, 81, 51]],

[ 78, 45, 1,[ 83, 0, 50]],

[ 5, 85, 0,[ 69, 84, 51]],

[ 95, 15, 0,[ 18, 37, 92]],

[ 92, 25, 1,[ 46, 26, 95, 54]],

[ 21, 75, 0,[ 27, 81, 10]],

[ 96, 75, 0,[ 76, 49, 30, 54]],

[ 4, 15, 0,[ 91, 89, 38, 42, 13]],

[ 74, 65, 0,[ 53, 93, 61, 88, 77]],

[ 81, 65, 1,[ 21, 16, 29]],

[ 58, 65, 1,[ 20, 57, 41, 7]],

[ 49, 65, 1,[ 45, 96]],

[ 54, 75, 0,[ 96, 64, 44, 92]],

[ 98, 25, 0,[ 38, 9, 12, 70]],

[ 94, 95, 1,[ 26, 22, 71]],

[ 18, 15, 0,[ 28, 86, 95, 56, 23, 71]],

[ 19, 65, 0,[ 88, 15, 52]],

[ 25, 15, 1,[ 36, 62, 85, 29, 3]],

[ 63, 15, 0,[ 42, 85, 14, 71]],

[ 70, 95, 1,[ 98, 34, 55]],

[ 26, 5, 1,[ 92, 94, 44]],

[ 20, 55, 0,[ 16, 97, 58]],

[ 53, 5, 0,[ 74, 24, 56]],

[ 88, 55, 1,[ 19, 99, 74, 48]],

[ 66, 35, 0,[ 6, 32, 65]],

[ 2, 25, 1,[ 50, 56, 37]],

[ 22, 45, 1,[ 62, 23, 94]],

[ 59, 75, 0,[ 44, 76, 15, 61]],

[ 42, 35, 1,[ 63, 4, 39]],

[ 61, 25, 1,[ 59, 48, 74, 30]],

[ 6, 5, 1,[ 32, 40, 66]],

[ 93, 75, 1,[ 74, 79, 37]],

[ 44, 15, 1,[ 59, 26, 54]],

[ 73, 55, 1,[ 68, 13, 23, 33, 60]],

[ 7, 25, 1,[ 64, 58, 39, 43]],

[ 52, 65, 0,[ 19, 75, 67, 83]],

[ 75, 65, 0,[ 52, 34, 83]],

[ 80, 25, 1,[ 68, 48, 40]],

[ 31, 5, 0,[ 99, 1, 91, 11]],

[ 90, 35, 0,[ 84, 11, 55]],

[ 33, 55, 1,[ 73, 40, 3]],

[ 46, 25, 0,[ 35, 92, 17]],

[ 64, 95, 1,[ 11, 7, 54]],

[ 87, 75, 1,[ 27, 51, 97]],

[ 0, 65, 1,[ 78, 86, 62]],

[ 62, 75, 0,[ 25, 22, 30, 72, 0, 76]],

[ 97, 75, 0,[ 69, 15, 87, 20]],

[ 10, 45, 1,[ 1, 21, 89]],

[ 28, 85, 1,[ 69, 3, 18]],

[ 39, 15, 0,[ 35, 42, 7]],

[ 34, 75, 0,[ 24, 70, 75]],

[ 65, 45, 1,[ 66, 85, 84, 15, 45]],

[ 43, 55, 0,[ 79, 7, 82]],

[ 84, 5, 1,[ 35, 65, 79, 90, 5, 68]],

[ 45, 35, 0,[ 49, 65, 16]],

[ 38, 25, 0,[ 98, 4, 72]],

[ 56, 75, 0,[ 2, 53, 18, 30]],

[ 40, 55, 0,[ 36, 33, 6, 80]],

[ 50, 75, 0,[ 2, 78, 36]],

[ 76, 75, 0,[ 96, 62, 59]],

[ 13, 75, 1,[ 4, 9, 73]],

[ 15, 5, 1,[ 59, 99, 19, 12, 65, 97]],

[ 23, 85, 1,[ 73, 18, 22]],

[ 67, 65, 0,[ 52, 16, 8]],

[ 12, 85, 1,[ 98, 14, 15]],

[ 17, 95, 0,[ 1, 69, 46]],

[ 99, 55, 0,[ 31, 15, 88]],

[ 48, 65, 0,[ 88, 61, 9, 14, 80]],

[ 77, 15, 1,[ 41, 74]],

[ 51, 65, 1,[ 5, 29, 87, 82]],

[ 30, 75, 0,[ 3, 61, 56, 96, 62]],

[ 41, 25, 1,[ 58, 77, 37]],

[ 16, 65, 1,[ 20, 81, 45, 67]],

[ 47, 95, 1,[ 60, 35]],

[ 37, 55, 0,[ 2, 41, 95, 93, 60]],

[ 35, 25, 0,[ 84, 39, 47, 46]],

[ 86, 55, 0,[ 24, 0, 18]],

[ 82, 95, 1,[ 51, 57, 43, 72]],

[ 14, 75, 0,[ 63, 12, 48]],

[ 79, 55, 0,[ 93, 84, 43]],

[ 9, 25, 0,[ 98, 13, 48]],

[ 91, 55, 1,[ 4, 8, 31]],

[ 83, 95, 1,[ 78, 57, 52, 75]],

[ 3, 75, 1,[ 28, 25, 72, 30, 33]],

[ 1, 5, 1,[ 31, 17, 10]],

[ 69, 35, 1,[ 97, 17, 28, 5]],

[ 27, 35, 1,[ 21, 71, 87]],

[ 32, 45, 0,[ 66, 6, 24]],

[ 8, 65, 0,[ 91, 67]],

[ 71, 15, 0,[ 63, 27, 18, 94]],

[ 68, 95, 1,[ 84, 80, 73, 55]],

[ 60, 75, 0,[ 37, 73, 47]],

