[ 42, 35, 1,[ 52, 40, 1, 96, 70]],

[ 48, 95, 1,[ 67, 15, 76, 21]],

[ 97, 55, 0,[ 64, 20, 37]],

[ 19, 45, 0,[ 36, 76, 30]],

[ 63, 35, 1,[ 72, 90, 91]],

[ 54, 5, 1,[ 41, 4, 10, 83]],

[ 64, 55, 0,[ 85, 97, 23]],

[ 95, 35, 0,[ 46, 82, 69]],

[ 55, 45, 1,[ 85, 5, 91, 43]],

[ 0, 75, 0,[ 26, 71, 86]],

[ 84, 85, 0,[ 8, 91, 79]],

[ 1, 75, 0,[ 18, 42, 92]],

[ 52, 5, 1,[ 68, 42, 51, 41]],

[ 71, 75, 0,[ 99, 39, 0]],

[ 13, 25, 1,[ 23, 47, 88, 58, 37]],

[ 61, 35, 0,[ 9, 92, 75]],

[ 4, 5, 0,[ 54, 35, 75, 34]],

[ 51, 85, 0,[ 25, 75, 52]],

[ 68, 85, 1,[ 82, 52, 89, 29]],

[ 11, 25, 0,[ 17, 72, 92]],

[ 53, 85, 1,[ 28, 44, 14, 49]],

[ 31, 25, 1,[ 57, 29, 94, 47, 83]],

[ 10, 5, 0,[ 32, 49, 26, 54]],

[ 18, 75, 1,[ 1, 76, 22, 78, 24]],

[ 79, 85, 1,[ 7, 84, 62]],

[ 41, 5, 0,[ 35, 52, 54]],

[ 45, 85, 0,[ 8, 2, 7]],

[ 99, 15, 0,[ 71, 23]],

[ 33, 25, 1,[ 29, 14, 21]],

[ 39, 5, 1,[ 71, 29, 3, 24]],

[ 25, 85, 0,[ 98, 77, 73, 12, 51]],

[ 27, 55, 0,[ 40, 2, 15]],

[ 6, 15, 0,[ 74, 2, 43]],

[ 23, 15, 1,[ 43, 99, 64, 13]],

[ 34, 85, 0,[ 44, 4, 22]],

[ 87, 75, 1,[ 98, 74, 69, 50]],

[ 96, 55, 0,[ 17, 42, 36]],

[ 38, 55, 0,[ 62, 12, 37]],

[ 7, 85, 1,[ 70, 86, 45, 79]],

[ 35, 5, 0,[ 73, 41, 66, 4]],

[ 46, 35, 0,[ 57, 9, 95, 20]],

[ 37, 45, 1,[ 13, 21, 38, 97, 30]],

[ 3, 65, 0,[ 60, 39, 36]],

[ 47, 85, 1,[ 93, 31, 13]],

[ 85, 55, 1,[ 26, 80, 64, 55, 59]],

[ 60, 65, 1,[ 81, 3, 9]],

[ 2, 15, 1,[ 62, 27, 15, 45, 6]],

[ 75, 15, 1,[ 49, 4, 51, 61]],

[ 88, 75, 1,[ 73, 13, 29]],

[ 28, 85, 0,[ 53, 89, 40]],

[ 16, 85, 1,[ 76, 56, 92]],

[ 65, 85, 0,[ 32, 77, 12]],

[ 15, 25, 1,[ 69, 27, 2, 48]],

[ 69, 25, 0,[ 81, 87, 15, 95]],

[ 78, 5, 0,[ 18, 66, 49]],

[ 8, 85, 0,[ 84, 90, 45]],

[ 94, 25, 0,[ 58, 9, 31]],

[ 81, 25, 0,[ 60, 69, 72]],

[ 86, 75, 1,[ 0, 32, 7, 74]],

[ 76, 45, 0,[ 19, 16, 48, 18, 73, 89]],

[ 12, 85, 0,[ 25, 38, 65, 90]],

[ 89, 65, 1,[ 68, 50, 76, 28, 66]],

[ 80, 45, 1,[ 50, 14, 85]],

[ 22, 45, 1,[ 93, 18, 34]],

[ 67, 55, 0,[ 48, 57, 5]],

[ 59, 55, 0,[ 85, 50, 40]],

[ 91, 35, 0,[ 55, 63, 84]],

[ 24, 85, 1,[ 39, 21, 18]],

[ 66, 5, 0,[ 35, 78, 89]],

[ 70, 45, 0,[ 42, 73, 7]],

[ 44, 85, 1,[ 53, 34, 92]],

[ 74, 75, 0,[ 6, 86, 87]],

[ 30, 45, 0,[ 19, 40, 37]],

[ 72, 25, 1,[ 63, 11, 81]],

[ 32, 5, 0,[ 86, 20, 10, 65]],

[ 21, 35, 1,[ 24, 33, 37, 48, 73]],

[ 5, 55, 1,[ 57, 67, 55]],

[ 92, 85, 0,[ 1, 16, 44, 11, 61]],

[ 56, 35, 1,[ 58, 82, 16]],

[ 98, 95, 1,[ 14, 25, 87]],

[ 9, 35, 1,[ 46, 61, 60, 94]],

[ 20, 5, 1,[ 32, 46, 97]],

[ 50, 45, 0,[ 59, 80, 89, 87]],

[ 58, 25, 1,[ 94, 13, 56, 83]],

[ 29, 55, 1,[ 88, 31, 33, 39, 68]],

[ 83, 95, 1,[ 54, 58, 31]],

[ 49, 5, 0,[ 78, 53, 75, 10]],

[ 36, 55, 1,[ 3, 96, 19]],

[ 77, 85, 1,[ 25, 65, 17]],

[ 62, 55, 1,[ 2, 79, 93, 38]],

[ 90, 85, 0,[ 12, 8, 63]],

[ 17, 75, 1,[ 96, 77, 11]],

[ 82, 35, 0,[ 68, 56, 95]],

[ 26, 85, 1,[ 0, 85, 10]],

[ 40, 55, 1,[ 30, 42, 28, 27, 59]],

[ 93, 55, 0,[ 47, 22, 62]],

[ 73, 45, 1,[ 21, 88, 25, 70, 35, 76]],

[ 57, 55, 0,[ 67, 5, 46, 31]],

[ 14, 75, 1,[ 80, 33, 98, 53]],

[ 43, 15, 0,[ 6, 23, 55]],

