[ 23, 35, 1,[ 45, 6, 2]],

[ 54, 95, 1,[ 22, 21, 99]],

[ 28, 15, 1,[ 53, 94, 51, 58, 13]],

[ 41, 15, 0,[ 56, 2, 85]],

[ 29, 5, 0,[ 44, 62, 4]],

[ 52, 5, 0,[ 69, 95, 4, 25, 66]],

[ 6, 85, 0,[ 23, 9, 83]],

[ 77, 95, 0,[ 5, 20]],

[ 58, 65, 0,[ 51, 28, 35, 87]],

[ 3, 15, 0,[ 47, 73, 70, 91]],

[ 25, 45, 1,[ 55, 52, 64, 87]],

[ 71, 65, 1,[ 79, 60, 10]],

[ 79, 25, 1,[ 63, 5, 71]],

[ 65, 25, 1,[ 24, 67, 70, 10, 37]],

[ 40, 55, 1,[ 12, 26, 37, 33, 2, 30]],

[ 20, 85, 1,[ 48, 77, 95, 1]],

[ 95, 95, 0,[ 20, 52, 98]],

[ 39, 25, 1,[ 31, 98, 24]],

[ 81, 85, 1,[ 51, 96, 76]],

[ 50, 15, 1,[ 84, 98, 49]],

[ 97, 15, 0,[ 44, 18, 49]],

[ 73, 85, 1,[ 3, 51, 63, 44]],

[ 22, 5, 0,[ 54, 15, 55]],

[ 86, 55, 1,[ 21, 56, 98]],

[ 67, 25, 0,[ 65, 49, 1]],

[ 30, 45, 0,[ 72, 40, 10]],

[ 38, 85, 0,[ 47, 11, 33]],

[ 8, 15, 0,[ 19, 91, 96, 78]],

[ 60, 45, 1,[ 71, 59]],

[ 99, 95, 1,[ 46, 54, 24, 85, 43]],

[ 72, 45, 0,[ 88, 7, 94, 30]],

[ 92, 55, 0,[ 2, 78, 48]],

[ 91, 15, 0,[ 66, 8, 3]],

[ 94, 15, 0,[ 28, 72]],

[ 70, 15, 1,[ 3, 65, 69]],

[ 85, 85, 1,[ 31, 41, 99]],

[ 7, 5, 1,[ 64, 72, 76]],

[ 16, 25, 0,[ 19, 36, 26]],

[ 89, 65, 1,[ 82, 2, 88]],

[ 82, 45, 1,[ 4, 89]],

[ 83, 85, 0,[ 90, 62, 6]],

[ 1, 35, 1,[ 53, 20, 67]],

[ 78, 65, 1,[ 8, 35, 92]],

[ 69, 95, 1,[ 26, 52, 15, 70, 51]],

[ 10, 15, 0,[ 30, 71, 2, 17, 65]],

[ 34, 15, 1,[ 68, 36, 0]],

[ 21, 25, 0,[ 64, 86, 54]],

[ 87, 65, 0,[ 25, 74, 58]],

[ 31, 25, 1,[ 55, 85, 39, 74]],

[ 48, 25, 1,[ 90, 92, 20]],

[ 56, 15, 0,[ 36, 76, 41, 86]],

[ 15, 5, 0,[ 57, 22, 69]],

[ 14, 35, 1,[ 17, 90, 42]],

[ 51, 75, 1,[ 81, 69, 28, 58, 73]],

[ 90, 15, 1,[ 48, 83, 80, 14, 26, 9]],

[ 47, 45, 1,[ 57, 38, 3]],

[ 84, 85, 0,[ 50, 42, 75, 9]],

[ 93, 25, 1,[ 12, 45, 63]],

[ 46, 15, 0,[ 96, 99, 68, 57, 12]],

[ 59, 75, 1,[ 60, 88, 27]],

[ 0, 35, 0,[ 13, 42, 34]],

[ 98, 95, 0,[ 53, 39, 50, 86, 95]],

[ 63, 55, 0,[ 93, 73, 79, 75]],

[ 44, 55, 1,[ 29, 73, 97, 33]],

[ 19, 45, 1,[ 8, 80, 16, 35]],

[ 42, 85, 0,[ 0, 84, 14]],

[ 49, 15, 0,[ 67, 76, 97, 50]],

[ 45, 25, 0,[ 23, 93, 11]],

[ 64, 75, 1,[ 25, 7, 32, 21]],

[ 61, 95, 1,[ 88, 11, 5]],

[ 43, 95, 0,[ 99, 75]],

[ 96, 15, 0,[ 81, 8, 46]],

[ 62, 5, 0,[ 27, 29, 83]],

[ 80, 35, 1,[ 33, 19, 90]],

[ 57, 15, 0,[ 47, 15, 46]],

[ 27, 5, 0,[ 62, 33, 59]],

[ 18, 15, 0,[ 32, 97]],

[ 33, 25, 1,[ 80, 27, 38, 40, 44]],

[ 75, 15, 1,[ 43, 63, 84]],

[ 2, 55, 1,[ 89, 40, 41, 10, 92, 23]],

[ 53, 15, 1,[ 1, 28, 98, 37]],

[ 74, 55, 1,[ 13, 31, 87, 32]],

[ 12, 15, 0,[ 93, 40, 46]],

[ 37, 65, 0,[ 53, 40, 65]],

[ 5, 15, 1,[ 77, 79, 61]],

[ 66, 5, 0,[ 52, 91, 24]],

[ 68, 15, 0,[ 34, 9, 46]],

[ 36, 15, 0,[ 34, 16, 56]],

[ 26, 25, 0,[ 16, 90, 69, 40]],

[ 4, 5, 0,[ 52, 29, 82]],

[ 17, 15, 0,[ 14, 10]],

[ 35, 95, 1,[ 19, 78, 58]],

[ 24, 95, 1,[ 99, 39, 66, 65]],

[ 11, 65, 1,[ 61, 38, 45]],

[ 13, 35, 0,[ 74, 28, 0]],

[ 55, 15, 1,[ 22, 31, 25]],

[ 88, 95, 1,[ 72, 61, 59, 89]],

[ 9, 85, 0,[ 68, 84, 6, 90]],

[ 76, 15, 0,[ 56, 81, 49, 7]],

[ 32, 55, 1,[ 74, 64, 18]],

