[ 76, 15, 0,[ 5, 72, 92]],

[ 72, 15, 0,[ 90, 76, 3, 75]],

[ 7, 15, 0,[ 3, 33, 99]],

[ 80, 15, 1,[ 6, 18, 2]],

[ 40, 15, 0,[ 66, 99, 74, 84, 41]],

[ 38, 15, 0,[ 17, 35, 36]],

[ 52, 15, 0,[ 12, 83, 24]],

[ 2, 85, 1,[ 92, 79, 53, 80, 68]],

[ 81, 15, 0,[ 65, 13, 77]],

[ 75, 15, 0,[ 29, 49, 72]],

[ 25, 15, 0,[ 48, 9, 66]],

[ 64, 15, 0,[ 47, 10, 98, 71]],

[ 23, 5, 1,[ 13, 11, 92]],

[ 27, 15, 0,[ 73, 19, 84]],

[ 13, 15, 0,[ 22, 20, 23, 81, 50]],

[ 92, 45, 1,[ 2, 23, 76]],

[ 56, 15, 0,[ 50, 51, 95]],

[ 55, 15, 0,[ 70, 10, 69]],

[ 69, 15, 0,[ 55, 78, 67]],

[ 5, 15, 0,[ 74, 90, 76]],

[ 98, 15, 0,[ 97, 64, 86, 37]],

[ 20, 15, 0,[ 97, 4, 13, 44]],

[ 71, 15, 0,[ 87, 18, 33, 64, 29]],

[ 49, 15, 0,[ 65, 75, 1]],

[ 35, 15, 0,[ 18, 45, 38, 16]],

[ 3, 5, 1,[ 72, 17, 7]],

[ 85, 15, 0,[ 77, 88, 9, 39]],

[ 39, 15, 0,[ 85, 21, 88]],

[ 94, 15, 0,[ 90, 10, 0]],

[ 53, 15, 0,[ 63, 2, 84]],

[ 48, 15, 0,[ 25, 79, 26]],

[ 68, 15, 0,[ 46, 2, 17]],

[ 30, 15, 0,[ 18, 4, 59]],

[ 57, 15, 0,[ 96, 63, 31]],

[ 51, 15, 0,[ 56, 62, 1]],

[ 84, 15, 0,[ 40, 63, 27, 54, 99, 53]],

[ 91, 15, 0,[ 47, 90, 6]],

[ 21, 15, 0,[ 47, 90, 39, 43]],

[ 36, 15, 0,[ 38, 34, 83, 12]],

[ 0, 15, 0,[ 94, 88, 41]],

[ 61, 15, 0,[ 28, 93, 8]],

[ 34, 55, 1,[ 95, 17, 32, 36]],

[ 24, 15, 0,[ 52, 66, 37, 6]],

[ 95, 15, 1,[ 34, 60, 56]],

[ 44, 15, 0,[ 20, 15, 47]],

[ 99, 15, 0,[ 7, 40, 84]],

[ 73, 15, 0,[ 10, 27]],

[ 19, 15, 0,[ 54, 41, 27, 47]],

[ 54, 15, 0,[ 19, 87, 84, 96]],

[ 62, 15, 0,[ 93, 51, 9]],

[ 90, 15, 0,[ 94, 91, 78, 72, 21, 5]],

[ 26, 15, 0,[ 41, 48, 60]],

[ 14, 15, 0,[ 86, 50, 11]],

[ 31, 15, 0,[ 16, 4, 57]],

[ 37, 15, 0,[ 98, 24, 93]],

[ 9, 15, 0,[ 82, 62, 25, 85]],

[ 15, 15, 0,[ 44, 58, 79]],

[ 1, 15, 0,[ 49, 78, 51, 59, 87]],

[ 4, 15, 0,[ 31, 20, 30]],

[ 59, 15, 0,[ 1, 28, 30]],

[ 67, 45, 1,[ 69, 46, 47, 45]],

[ 88, 65, 1,[ 39, 85, 0]],

[ 66, 15, 0,[ 40, 83, 24, 25]],

[ 22, 15, 0,[ 13, 17, 32]],

[ 11, 15, 0,[ 96, 14, 23, 42]],

[ 45, 15, 0,[ 35, 89, 67]],

[ 33, 15, 0,[ 7, 71]],

[ 77, 15, 0,[ 81, 43, 85, 60]],

[ 12, 15, 0,[ 42, 36, 52]],

[ 50, 15, 0,[ 56, 13, 14, 70]],

[ 32, 15, 0,[ 82, 34, 22]],

[ 63, 15, 0,[ 84, 57, 53]],

[ 18, 15, 0,[ 71, 35, 80, 30]],

[ 28, 15, 0,[ 59, 43, 61]],

[ 8, 15, 0,[ 74, 78, 61]],

[ 41, 15, 0,[ 19, 40, 26, 0]],

[ 29, 15, 0,[ 75, 71, 89, 46]],

[ 58, 15, 0,[ 89, 15, 82]],

[ 93, 15, 0,[ 61, 37, 42, 62]],

[ 70, 15, 0,[ 86, 83, 55, 50]],

[ 96, 15, 0,[ 54, 57, 11]],

[ 83, 15, 1,[ 6, 52, 36, 66, 70]],

[ 60, 15, 0,[ 95, 74, 26, 77]],

[ 47, 15, 0,[ 91, 19, 67, 64, 44, 21]],

[ 86, 15, 0,[ 14, 70, 98, 97]],

[ 16, 15, 0,[ 35, 31]],

[ 74, 15, 0,[ 40, 8, 5, 60]],

[ 46, 15, 0,[ 29, 68, 67]],

[ 89, 15, 0,[ 58, 29, 45]],

[ 87, 15, 0,[ 1, 71, 54]],

[ 42, 15, 0,[ 11, 12, 93]],

[ 43, 15, 0,[ 21, 28, 77]],

[ 82, 15, 0,[ 32, 58, 9]],

[ 17, 15, 0,[ 22, 68, 3, 34, 38]],

[ 97, 15, 0,[ 98, 86, 20]],

[ 6, 15, 0,[ 91, 83, 80, 65, 24]],

[ 79, 15, 0,[ 15, 48, 2]],

[ 78, 15, 0,[ 69, 1, 90, 8]],

[ 10, 15, 0,[ 94, 73, 55, 64]],

[ 65, 15, 0,[ 6, 81, 49]],

