[ 24, 95, 0,[ 16, 97, 21, 72, 51]],

[ 1, 95, 0,[ 67, 6, 62]],

[ 92, 95, 0,[ 72, 4, 71]],

[ 89, 95, 0,[ 62, 43]],

[ 0, 95, 0,[ 91, 34, 45, 13, 93, 78, 36, 32]],

[ 75, 95, 0,[ 83, 9]],

[ 52, 95, 0,[ 74, 67, 93, 50]],

[ 94, 95, 0,[ 35, 85]],

[ 39, 95, 0,[ 14]],

[ 38, 95, 0,[ 6, 41, 63]],

[ 63, 95, 0,[ 40, 13, 77, 38]],

[ 70, 95, 0,[ 17, 90, 22]],

[ 68, 95, 0,[ 36, 64, 20]],

[ 88, 95, 0,[ 73, 72, 60]],

[ 46, 55, 1,[ 31, 60, 67]],

[ 8, 95, 0,[ 54, 73, 64]],

[ 35, 95, 0,[ 94, 31, 73]],

[ 13, 95, 0,[ 0, 63, 4]],

[ 98, 95, 0,[ 47, 26, 81, 66]],

[ 21, 95, 0,[ 28, 32, 24]],

[ 76, 95, 0,[ 18, 44, 96]],

[ 50, 95, 0,[ 99, 19, 52]],

[ 79, 95, 0,[ 33, 69, 14]],

[ 27, 95, 0,[ 11, 77, 22]],

[ 2, 95, 0,[ 18, 34, 67, 51, 71]],

[ 85, 95, 0,[ 14, 94, 55, 65]],

[ 12, 95, 0,[ 42, 40, 15]],

[ 10, 95, 0,[ 23, 91, 36, 17]],

[ 11, 95, 0,[ 27, 96, 82, 9]],

[ 44, 95, 0,[ 29, 76, 65]],

[ 93, 5, 1,[ 18, 0, 52, 86, 69]],

[ 65, 95, 0,[ 44, 85, 25]],

[ 66, 95, 0,[ 98, 56, 84]],

[ 59, 25, 1,[ 42, 61, 58, 6]],

[ 64, 95, 0,[ 30, 8, 68, 74, 48]],

[ 83, 95, 0,[ 97, 75, 49, 58]],

[ 77, 95, 0,[ 37, 63, 5, 27]],

[ 34, 95, 0,[ 20, 2, 0]],

[ 9, 95, 0,[ 11, 17, 75, 82]],

[ 72, 95, 0,[ 88, 92, 84, 24]],

[ 33, 95, 0,[ 79, 48, 58, 90]],

[ 42, 95, 0,[ 12, 59, 74]],

[ 18, 95, 0,[ 2, 93, 76]],

[ 17, 95, 0,[ 70, 10, 22, 71, 9]],

[ 31, 75, 1,[ 61, 86, 54, 35, 46]],

[ 73, 95, 1,[ 28, 88, 35, 8]],

[ 48, 95, 0,[ 84, 33, 64, 16]],

[ 96, 95, 0,[ 76, 95, 11, 15, 26]],

[ 84, 95, 0,[ 48, 66, 72, 41]],

[ 6, 95, 0,[ 38, 59, 1]],

[ 99, 95, 0,[ 36, 50, 43]],

[ 82, 95, 0,[ 57, 9, 11]],

[ 57, 95, 0,[ 82, 69, 43]],

[ 80, 95, 1,[ 78, 28, 25, 47]],

[ 41, 65, 1,[ 38, 84, 78]],

[ 29, 95, 0,[ 28, 81, 44]],

[ 25, 95, 0,[ 74, 65, 80]],

[ 81, 95, 0,[ 98, 29, 53]],

[ 55, 95, 0,[ 14, 85]],

[ 95, 95, 0,[ 87, 96, 4]],

[ 56, 95, 0,[ 32, 7, 66]],

[ 23, 95, 0,[ 87, 78, 10]],

[ 90, 95, 0,[ 54, 33, 70]],

[ 60, 95, 0,[ 5, 26, 46, 88]],

[ 4, 95, 0,[ 92, 51, 95, 13, 15]],

[ 74, 95, 0,[ 42, 25, 52, 64, 97]],

[ 32, 95, 0,[ 21, 0, 56, 47]],

[ 43, 95, 0,[ 89, 51, 57, 99]],

[ 7, 95, 0,[ 69, 56, 87]],

[ 58, 95, 0,[ 33, 83, 59]],

[ 69, 5, 1,[ 7, 79, 57, 93]],

[ 49, 95, 0,[ 83, 16, 20]],

[ 54, 95, 0,[ 31, 90, 8, 45]],

[ 51, 95, 0,[ 24, 4, 45, 43, 2]],

[ 45, 95, 0,[ 0, 54, 51]],

[ 26, 95, 0,[ 60, 96, 98]],

[ 19, 95, 0,[ 22, 67, 50]],

[ 71, 95, 0,[ 92, 2, 17]],

[ 5, 95, 0,[ 77, 3, 47, 60]],

[ 16, 95, 0,[ 24, 49, 48]],

[ 53, 95, 0,[ 30, 81, 47]],

[ 61, 95, 0,[ 59, 31, 30]],

[ 30, 95, 0,[ 53, 61, 64, 86]],

[ 47, 95, 0,[ 98, 53, 5, 32, 80]],

[ 87, 95, 0,[ 91, 7, 95, 23]],

[ 97, 95, 0,[ 24, 74, 83]],

[ 40, 95, 0,[ 12, 63, 3]],

[ 28, 15, 1,[ 73, 80, 29, 21]],

[ 22, 95, 0,[ 70, 17, 20, 27, 19]],

[ 37, 95, 0,[ 3, 62, 77]],

[ 62, 95, 0,[ 37, 1, 89]],

[ 67, 95, 0,[ 2, 19, 46, 52, 1]],

[ 3, 95, 0,[ 37, 40, 5]],

[ 36, 95, 0,[ 10, 68, 99, 0]],

[ 20, 95, 0,[ 34, 22, 49, 68]],

[ 91, 95, 0,[ 10, 0, 87]],

[ 15, 95, 0,[ 12, 96, 4]],

[ 78, 55, 1,[ 41, 0, 80, 23]],

[ 86, 95, 0,[ 31, 30, 93]],

[ 14, 95, 0,[ 85, 79, 55, 39]],

