[ 65, 25, 1,[ 90, 21]],

[ 98, 25, 1,[ 46, 84, 77, 61, 25, 54]],

[ 41, 85, 0,[ 4, 40, 5]],

[ 72, 85, 0,[ 37, 11, 22]],

[ 24, 35, 0,[ 68, 76, 84, 36]],

[ 33, 95, 1,[ 31, 71, 64]],

[ 7, 15, 1,[ 6, 0, 36]],

[ 26, 15, 1,[ 91, 19, 53]],

[ 22, 65, 1,[ 47, 13, 56, 72]],

[ 47, 45, 1,[ 62, 22, 99, 29]],

[ 86, 35, 1,[ 46, 6, 76, 12]],

[ 3, 85, 1,[ 57, 75, 87, 89, 18]],

[ 37, 85, 0,[ 59, 72, 48, 63]],

[ 42, 85, 0,[ 11, 48, 14]],

[ 20, 35, 1,[ 0, 93, 10]],

[ 50, 5, 0,[ 15, 51, 70]],

[ 4, 55, 0,[ 89, 63, 73, 41]],

[ 73, 65, 0,[ 56, 4, 80]],

[ 15, 75, 1,[ 50, 58]],

[ 58, 35, 0,[ 85, 90, 15, 45]],

[ 90, 45, 1,[ 65, 58, 21]],

[ 10, 55, 1,[ 16, 0, 20, 2]],

[ 25, 75, 1,[ 98, 29, 83]],

[ 46, 5, 0,[ 51, 86, 66, 98]],

[ 13, 5, 0,[ 68, 55, 78, 22]],

[ 52, 95, 1,[ 88, 2, 94, 74]],

[ 39, 95, 1,[ 66, 17, 34, 97]],

[ 93, 45, 0,[ 20, 51]],

[ 0, 95, 0,[ 20, 7, 10]],

[ 16, 45, 1,[ 60, 94, 27, 10]],

[ 14, 95, 0,[ 30, 42, 40, 80]],

[ 27, 5, 1,[ 2, 16, 11]],

[ 69, 15, 0,[ 43, 83, 59]],

[ 40, 35, 1,[ 41, 31, 1, 14]],

[ 29, 25, 0,[ 82, 47, 25]],

[ 94, 25, 0,[ 52, 82, 2, 16]],

[ 5, 45, 1,[ 87, 41, 79]],

[ 48, 85, 0,[ 42, 31, 37, 2]],

[ 43, 95, 0,[ 63, 69, 96]],

[ 91, 25, 1,[ 83, 26, 63]],

[ 92, 5, 1,[ 9, 63, 12, 11, 1, 28]],

[ 85, 5, 1,[ 62, 77, 32, 58]],

[ 12, 25, 0,[ 86, 92, 8]],

[ 23, 5, 0,[ 62, 35, 38]],

[ 44, 85, 1,[ 84, 70, 71]],

[ 55, 65, 1,[ 64, 13, 61, 18, 30]],

[ 88, 35, 0,[ 52, 81, 77]],

[ 11, 85, 0,[ 27, 42, 92, 72, 99]],

[ 97, 35, 1,[ 39, 60, 32]],

[ 53, 15, 0,[ 26, 34, 83]],

[ 70, 15, 1,[ 89, 44, 50]],

[ 56, 75, 1,[ 83, 73, 22]],

[ 84, 85, 1,[ 44, 98, 24]],

[ 89, 5, 0,[ 3, 70, 4]],

[ 51, 75, 1,[ 50, 93, 46]],

[ 87, 25, 1,[ 78, 5, 3, 34]],

[ 36, 75, 0,[ 79, 45, 7, 24]],

[ 82, 25, 0,[ 35, 94, 29]],

[ 77, 55, 0,[ 98, 85, 88]],

[ 8, 65, 0,[ 21, 12, 78, 76]],

[ 76, 35, 1,[ 24, 8, 86]],

[ 35, 25, 0,[ 82, 9, 23]],

[ 74, 85, 0,[ 52, 68]],

[ 6, 55, 0,[ 7, 28, 83, 86]],

[ 17, 65, 0,[ 99, 49, 39, 83]],

[ 68, 5, 0,[ 13, 24, 74, 60]],

[ 96, 95, 0,[ 9, 67, 43]],

[ 83, 25, 1,[ 17, 56, 53, 91, 25, 69, 19, 6]],

[ 30, 95, 0,[ 55, 14, 81]],

[ 34, 85, 1,[ 53, 87, 39]],

[ 31, 35, 1,[ 40, 33, 48]],

[ 57, 75, 0,[ 45, 19, 3]],

[ 95, 35, 1,[ 75, 28, 21]],

[ 78, 5, 0,[ 13, 8, 87]],

[ 1, 85, 1,[ 38, 92, 40]],

[ 18, 25, 0,[ 55, 2, 3]],

[ 59, 45, 1,[ 69, 37, 49]],

[ 63, 85, 1,[ 91, 92, 37, 4, 43]],

[ 80, 95, 0,[ 73, 14, 67]],

[ 54, 75, 0,[ 98, 19, 75]],

[ 61, 75, 0,[ 79, 55, 98]],

[ 38, 95, 1,[ 23, 1, 49]],

[ 21, 65, 0,[ 95, 65, 90, 8]],

[ 60, 95, 0,[ 16, 68, 97]],

[ 19, 55, 1,[ 54, 26, 83, 57]],

[ 79, 45, 1,[ 61, 36, 5]],

[ 32, 95, 0,[ 85, 64, 97]],

[ 64, 5, 1,[ 55, 33, 32]],

[ 2, 25, 0,[ 10, 94, 27, 18, 48, 52]],

[ 66, 45, 1,[ 39, 46, 49]],

[ 67, 15, 1,[ 96, 80]],

[ 81, 25, 1,[ 88, 30, 71]],

[ 9, 5, 1,[ 96, 35, 92]],

[ 62, 75, 1,[ 47, 85, 23]],

[ 99, 85, 0,[ 47, 11, 17]],

[ 28, 5, 0,[ 92, 95, 6]],

[ 45, 75, 0,[ 58, 36, 57]],

[ 49, 75, 1,[ 66, 17, 38, 59]],

[ 71, 15, 1,[ 81, 44, 33]],

[ 75, 75, 0,[ 3, 54, 95]],

