[ 52, 95, 0,[ 32, 89, 93, 33, 22]],

[ 22, 95, 0,[ 95, 67, 21, 14, 52]],

[ 14, 95, 0,[ 4, 13, 22]],

[ 25, 95, 0,[ 23, 26, 46]],

[ 46, 95, 0,[ 62, 66, 25, 45]],

[ 12, 95, 0,[ 85, 69, 11, 13]],

[ 43, 95, 0,[ 20, 35, 0]],

[ 98, 25, 1,[ 0, 96, 99]],

[ 86, 95, 0,[ 49, 59, 94, 80]],

[ 55, 75, 1,[ 51, 39, 31]],

[ 30, 95, 0,[ 70, 89, 11, 3]],

[ 82, 85, 1,[ 89, 83, 81, 67]],

[ 23, 95, 0,[ 49, 35, 25]],

[ 13, 95, 0,[ 12, 60, 14]],

[ 28, 95, 0,[ 35, 76, 61]],

[ 72, 95, 0,[ 70, 71, 57]],

[ 87, 95, 0,[ 42, 31, 5]],

[ 96, 95, 0,[ 0, 98, 3]],

[ 8, 95, 0,[ 66, 59, 54]],

[ 18, 95, 0,[ 17, 70, 38]],

[ 88, 95, 0,[ 3, 91, 90]],

[ 70, 95, 0,[ 72, 18, 30, 48, 68]],

[ 97, 95, 0,[ 59, 60, 37]],

[ 41, 95, 0,[ 40, 50, 42]],

[ 53, 95, 0,[ 83, 20, 37]],

[ 37, 95, 0,[ 53, 97, 27]],

[ 66, 95, 0,[ 46, 51, 8]],

[ 62, 95, 0,[ 74, 46, 32]],

[ 94, 95, 0,[ 93, 4, 86, 7]],

[ 20, 95, 0,[ 43, 53, 19]],

[ 92, 95, 0,[ 4, 90, 93, 32, 60]],

[ 85, 95, 0,[ 42, 33, 84, 12]],

[ 95, 95, 0,[ 99, 22, 58]],

[ 31, 95, 0,[ 47, 87, 55, 29, 63]],

[ 80, 55, 1,[ 86, 10, 11]],

[ 40, 95, 1,[ 79, 24, 41, 7]],

[ 27, 95, 0,[ 29, 37]],

[ 24, 95, 0,[ 61, 71, 40, 90]],

[ 56, 95, 0,[ 17, 64, 77]],

[ 74, 95, 0,[ 73, 5, 62, 75, 79]],

[ 32, 95, 0,[ 38, 52, 62, 92]],

[ 29, 95, 0,[ 31, 36, 27]],

[ 78, 95, 0,[ 75, 67, 68, 91]],

[ 76, 95, 0,[ 75, 28, 3]],

[ 67, 95, 0,[ 22, 82, 78]],

[ 19, 95, 0,[ 39, 20, 81]],

[ 21, 95, 0,[ 77, 39, 22, 10]],

[ 54, 95, 0,[ 1, 6, 8]],

[ 47, 45, 1,[ 57, 71, 31]],

[ 49, 95, 0,[ 50, 23, 86]],

[ 34, 95, 0,[ 26, 2, 16]],

[ 99, 95, 0,[ 98, 0, 95, 44]],

[ 57, 95, 0,[ 83, 72, 47]],

[ 58, 95, 0,[ 84, 26, 95, 3]],

[ 10, 95, 0,[ 21, 91, 80, 9]],

[ 15, 95, 0,[ 16, 79, 63]],

[ 65, 95, 0,[ 6, 44, 51]],

[ 61, 95, 0,[ 63, 28, 24, 3]],

[ 45, 95, 0,[ 46, 84, 6]],

[ 11, 45, 1,[ 51, 9, 30, 80, 12]],

[ 59, 95, 0,[ 17, 97, 86, 75, 8]],

[ 39, 95, 0,[ 55, 19, 50, 21]],

[ 4, 95, 0,[ 81, 92, 94, 14, 7]],

[ 44, 95, 0,[ 99, 36, 65, 93]],

[ 9, 95, 1,[ 10, 11, 2, 51]],

[ 1, 95, 0,[ 54, 50, 2, 16]],

[ 26, 95, 0,[ 34, 58, 25]],

[ 64, 95, 0,[ 36, 33, 56]],

[ 50, 95, 0,[ 1, 39, 49, 41]],

[ 77, 95, 0,[ 3, 56, 21]],

[ 84, 25, 1,[ 85, 58, 45]],

[ 69, 95, 0,[ 12, 81, 5]],

[ 51, 95, 0,[ 9, 11, 65, 5, 55, 66]],

[ 63, 95, 0,[ 61, 31, 15]],

[ 89, 95, 1,[ 52, 82, 30]],

[ 42, 95, 0,[ 41, 85, 87]],

[ 90, 95, 0,[ 88, 92, 24]],

[ 93, 95, 0,[ 44, 94, 52, 92]],

[ 83, 95, 0,[ 53, 68, 82, 57]],

[ 33, 95, 0,[ 85, 52, 64]],

[ 91, 95, 0,[ 10, 78, 88]],

[ 48, 95, 0,[ 73, 70, 17]],

[ 35, 95, 0,[ 43, 60, 23, 28]],

[ 73, 95, 0,[ 38, 48, 71, 74]],

[ 79, 95, 0,[ 40, 74, 15]],

[ 60, 95, 0,[ 13, 35, 92, 97]],

[ 3, 95, 0,[ 77, 76, 58, 88, 30, 96, 61]],

[ 71, 95, 0,[ 72, 73, 47, 24]],

[ 17, 95, 0,[ 48, 56, 59, 18]],

[ 7, 95, 0,[ 4, 40, 94]],

[ 16, 95, 0,[ 34, 15, 81, 1]],

[ 81, 95, 0,[ 82, 4, 69, 16, 19]],

[ 5, 95, 0,[ 74, 51, 69, 87]],

[ 68, 95, 0,[ 83, 70, 78]],

[ 75, 95, 0,[ 59, 78, 74, 76]],

[ 2, 95, 0,[ 0, 1, 34, 9]],

[ 6, 95, 0,[ 65, 45, 54]],

[ 36, 95, 0,[ 64, 29, 44]],

[ 0, 95, 0,[ 43, 98, 99, 2, 96]],

[ 38, 95, 0,[ 18, 32, 73]],

