[ 62, 85, 0,[ 91, 81, 28]],

[ 86, 45, 1,[ 7, 0, 77, 6]],

[ 19, 55, 1,[ 88, 79, 64, 39]],

[ 1, 15, 1,[ 93, 69, 78]],

[ 35, 5, 1,[ 76, 2, 20, 70]],

[ 73, 5, 1,[ 38, 99, 18, 5]],

[ 67, 25, 0,[ 32, 34, 9]],

[ 57, 25, 1,[ 27, 95, 52]],

[ 20, 5, 0,[ 35, 55, 7]],

[ 34, 25, 1,[ 80, 67, 39, 59]],

[ 77, 85, 0,[ 96, 28, 86, 60]],

[ 95, 75, 1,[ 81, 90, 9, 57]],

[ 33, 95, 0,[ 87, 59, 49, 42]],

[ 90, 35, 1,[ 95, 74, 0, 87]],

[ 61, 15, 1,[ 31, 93, 29]],

[ 36, 35, 1,[ 94, 96, 48, 66]],

[ 46, 95, 0,[ 76, 80, 93]],

[ 69, 35, 0,[ 1, 0, 65, 22]],

[ 94, 5, 1,[ 85, 75, 36]],

[ 80, 75, 1,[ 34, 72, 46, 83]],

[ 31, 45, 0,[ 70, 92, 61, 15]],

[ 92, 45, 0,[ 31, 89, 63, 54]],

[ 79, 25, 0,[ 19, 26, 25, 32]],

[ 16, 45, 0,[ 56, 91, 71]],

[ 43, 45, 0,[ 2, 40, 89]],

[ 60, 95, 0,[ 77, 51, 3, 50]],

[ 65, 35, 1,[ 12, 51, 5, 69]],

[ 22, 95, 0,[ 72, 69, 82]],

[ 10, 35, 1,[ 98, 45]],

[ 51, 95, 0,[ 97, 65, 60, 55]],

[ 32, 25, 0,[ 67, 99, 79]],

[ 0, 35, 0,[ 86, 69, 90, 25, 68]],

[ 98, 35, 0,[ 10, 4, 66, 3]],

[ 38, 95, 1,[ 73, 87, 18]],

[ 25, 25, 1,[ 75, 0, 79, 11]],

[ 85, 95, 1,[ 21, 72, 94]],

[ 30, 5, 1,[ 11, 53, 63]],

[ 97, 75, 1,[ 51, 47, 17, 78]],

[ 2, 45, 0,[ 89, 35, 43]],

[ 50, 95, 0,[ 60, 11, 23]],

[ 76, 35, 1,[ 41, 35, 46]],

[ 47, 75, 0,[ 66, 40, 97, 4]],

[ 71, 85, 1,[ 74, 4, 16, 29, 96, 58]],

[ 59, 25, 0,[ 34, 66, 33]],

[ 40, 65, 1,[ 47, 48, 43]],

[ 72, 95, 0,[ 85, 22, 80]],

[ 63, 45, 0,[ 30, 92, 44]],

[ 70, 45, 0,[ 14, 35, 31]],

[ 45, 65, 0,[ 10, 49, 11]],

[ 13, 25, 0,[ 27, 7, 26]],

[ 88, 35, 1,[ 84, 15, 19, 82]],

[ 12, 75, 1,[ 65, 29, 84, 99]],

[ 29, 25, 1,[ 53, 12, 61, 71]],

[ 21, 95, 0,[ 3, 85, 78]],

[ 14, 45, 0,[ 42, 70]],

[ 28, 85, 1,[ 77, 56, 62, 23]],

[ 8, 25, 0,[ 58, 93, 99]],

[ 6, 35, 1,[ 68, 9, 24, 86]],

[ 87, 95, 0,[ 33, 90, 38]],

[ 3, 95, 0,[ 60, 98, 21]],

[ 39, 25, 0,[ 42, 19, 34]],

[ 4, 5, 1,[ 71, 98, 47]],

[ 83, 5, 1,[ 80, 27, 54]],

[ 74, 65, 1,[ 90, 71]],

[ 99, 25, 0,[ 32, 12, 73, 8]],

[ 11, 25, 0,[ 50, 45, 30, 25]],

[ 78, 15, 1,[ 1, 52, 21, 97]],

[ 64, 65, 1,[ 53, 19, 55]],

[ 66, 75, 0,[ 47, 98, 36, 59]],

[ 44, 85, 0,[ 96, 63]],

[ 96, 85, 0,[ 36, 77, 44, 71]],

[ 93, 95, 1,[ 46, 8, 61, 1]],

[ 37, 55, 1,[ 91, 82]],

[ 56, 15, 1,[ 28, 41, 89, 16]],

[ 53, 25, 0,[ 64, 68, 30, 58, 29]],

[ 54, 25, 1,[ 84, 83, 92]],

[ 24, 75, 1,[ 15, 18, 6]],

[ 27, 25, 0,[ 83, 57, 13]],

[ 55, 95, 1,[ 20, 51, 64]],

[ 26, 25, 0,[ 79, 84, 13]],

[ 52, 5, 1,[ 78, 17, 57]],

[ 41, 55, 1,[ 76, 56, 75]],

[ 82, 25, 1,[ 37, 22, 88]],

[ 91, 45, 1,[ 62, 16, 37]],

[ 17, 75, 0,[ 97, 81, 52]],

[ 81, 75, 0,[ 95, 17, 62]],

[ 5, 75, 1,[ 65, 7, 73]],

[ 49, 65, 1,[ 7, 45, 33]],

[ 23, 75, 1,[ 50, 28, 89]],

[ 9, 45, 1,[ 67, 6, 95]],

[ 7, 45, 1,[ 86, 13, 20, 49, 5]],

[ 15, 35, 0,[ 24, 88, 31]],

[ 68, 35, 0,[ 0, 6, 53]],

[ 58, 25, 0,[ 8, 71, 53]],

[ 48, 95, 0,[ 36, 40, 42]],

[ 42, 95, 1,[ 33, 39, 48, 14]],

[ 18, 95, 1,[ 38, 73, 24]],

[ 75, 5, 0,[ 94, 25, 41]],

[ 84, 25, 0,[ 12, 88, 26, 54]],

[ 89, 45, 0,[ 43, 56, 92, 2, 23]],

