[ 90, 65, 0,[ 83, 75, 89, 0]],

[ 86, 65, 0,[ 71, 44, 88, 49]],

[ 34, 65, 0,[ 70, 65, 24]],

[ 95, 65, 1,[ 20, 98, 69]],

[ 68, 65, 0,[ 14, 20, 91]],

[ 27, 65, 0,[ 54, 57, 94]],

[ 60, 65, 0,[ 14, 93, 49]],

[ 14, 65, 0,[ 68, 60, 10]],

[ 59, 65, 0,[ 55, 52, 24]],

[ 49, 65, 0,[ 60, 17, 71, 64, 86]],

[ 9, 65, 0,[ 46, 72, 36, 13]],

[ 37, 65, 0,[ 78, 2, 41, 36]],

[ 73, 65, 0,[ 50, 5, 77]],

[ 81, 65, 0,[ 33, 29, 31]],

[ 71, 65, 0,[ 6, 86, 49, 33]],

[ 46, 65, 0,[ 51, 80, 9]],

[ 29, 65, 0,[ 40, 81, 44, 30, 21]],

[ 21, 65, 0,[ 62, 79, 29]],

[ 22, 65, 0,[ 74, 10, 57]],

[ 3, 55, 1,[ 80, 38, 40, 66]],

[ 40, 65, 0,[ 29, 82, 3]],

[ 70, 65, 0,[ 34, 31, 72]],

[ 0, 65, 0,[ 90, 97, 63]],

[ 5, 65, 0,[ 42, 78, 1, 15, 76, 73, 4, 7, 32]],

[ 92, 65, 0,[ 39, 28, 77]],

[ 12, 65, 0,[ 84, 98, 11]],

[ 98, 65, 0,[ 12, 16, 95]],

[ 85, 65, 0,[ 7, 36, 84, 4, 2]],

[ 1, 65, 0,[ 62, 5, 94]],

[ 56, 65, 0,[ 39, 69, 20, 35, 87]],

[ 54, 65, 0,[ 67, 27, 10]],

[ 72, 65, 0,[ 9, 70, 16]],

[ 78, 65, 0,[ 37, 26, 94, 5, 67]],

[ 17, 65, 0,[ 49, 79, 64, 23]],

[ 52, 65, 0,[ 91, 59, 94]],

[ 25, 65, 0,[ 99, 26, 84]],

[ 61, 65, 1,[ 97, 10, 58]],

[ 99, 65, 0,[ 43, 16, 25, 7]],

[ 28, 65, 0,[ 47, 16, 92]],

[ 74, 65, 0,[ 45, 53, 22]],

[ 33, 65, 0,[ 71, 87, 81, 63]],

[ 67, 65, 0,[ 78, 8, 54]],

[ 57, 65, 0,[ 27, 22, 48, 65, 23]],

[ 76, 65, 0,[ 89, 5, 55]],

[ 47, 65, 0,[ 66, 28, 10, 19, 88]],

[ 55, 65, 0,[ 59, 53, 76]],

[ 96, 65, 0,[ 77, 13, 65, 32, 20]],

[ 91, 65, 0,[ 93, 89, 68, 52]],

[ 15, 65, 0,[ 80, 5, 51]],

[ 83, 65, 0,[ 39, 90]],

[ 79, 65, 1,[ 7, 17, 21]],

[ 97, 65, 0,[ 61, 36, 0]],

[ 45, 65, 0,[ 36, 65, 74]],

[ 13, 65, 0,[ 38, 96, 9]],

[ 32, 65, 0,[ 96, 5, 19]],

[ 10, 65, 0,[ 14, 54, 22, 61, 47]],

[ 50, 65, 0,[ 73, 11, 62, 42]],

[ 89, 65, 0,[ 90, 76, 91, 16, 41]],

[ 64, 65, 0,[ 17, 49, 16]],

[ 94, 65, 0,[ 27, 78, 52, 1]],

[ 7, 65, 0,[ 5, 99, 85, 79]],

[ 44, 65, 0,[ 86, 63, 29]],

[ 36, 65, 1,[ 37, 45, 97, 85, 9]],

[ 62, 65, 0,[ 21, 50, 1]],

[ 53, 65, 0,[ 55, 24, 74]],

[ 58, 65, 0,[ 4, 61, 30, 88]],

[ 38, 65, 0,[ 3, 13]],

[ 84, 65, 0,[ 41, 12, 25, 85]],

[ 2, 65, 1,[ 20, 37, 85]],

[ 41, 65, 0,[ 84, 37, 89]],

[ 82, 65, 0,[ 40, 75, 16]],

[ 63, 65, 0,[ 44, 33, 35, 0]],

[ 6, 65, 0,[ 93, 71, 43]],

[ 77, 65, 0,[ 92, 35, 96, 73]],

[ 4, 65, 0,[ 5, 58, 85]],

[ 87, 65, 0,[ 56, 33, 75]],

[ 23, 65, 0,[ 17, 66, 57]],

[ 24, 65, 0,[ 53, 59, 34]],

[ 42, 65, 1,[ 50, 48, 5]],

[ 30, 65, 0,[ 51, 58, 29]],

[ 75, 65, 0,[ 18, 87, 90, 82]],

[ 65, 15, 1,[ 96, 34, 18, 45, 57]],

[ 18, 65, 0,[ 75, 65, 8]],

[ 66, 65, 0,[ 23, 69, 3, 47]],

[ 20, 65, 0,[ 96, 2, 19, 56, 95, 68]],

[ 80, 65, 0,[ 15, 46, 3]],

[ 16, 65, 0,[ 89, 82, 64, 72, 99, 98, 28]],

[ 39, 65, 0,[ 92, 56, 83]],

[ 8, 65, 0,[ 67, 48, 18]],

[ 11, 65, 0,[ 48, 12, 50]],

[ 26, 65, 0,[ 25, 78, 88]],

[ 69, 65, 1,[ 95, 56, 66]],

[ 19, 65, 0,[ 20, 31, 47, 32]],

[ 93, 65, 0,[ 60, 91, 6]],

[ 88, 65, 0,[ 58, 86, 47, 26]],

[ 31, 65, 0,[ 70, 19, 81]],

[ 35, 65, 1,[ 63, 56, 77]],

[ 48, 65, 0,[ 57, 11, 43, 42, 8]],

[ 51, 65, 0,[ 15, 46, 30]],

[ 43, 65, 0,[ 99, 48, 6]],

