[ 48, 65, 0,[ 3, 59, 73, 62, 60]],

[ 17, 65, 0,[ 38, 83, 99]],

[ 95, 65, 0,[ 5, 67, 98]],

[ 39, 65, 0,[ 72, 76, 77]],

[ 24, 65, 0,[ 26, 9, 49, 42, 94]],

[ 45, 65, 1,[ 71, 21, 30, 29]],

[ 30, 65, 1,[ 49, 45, 44]],

[ 61, 65, 0,[ 99, 52, 42]],

[ 84, 5, 1,[ 29, 68, 23]],

[ 60, 65, 1,[ 78, 58, 48, 32, 96]],

[ 80, 85, 1,[ 2, 54, 19, 4]],

[ 0, 65, 0,[ 66, 57, 7]],

[ 58, 15, 1,[ 66, 60, 62]],

[ 43, 65, 1,[ 99, 37, 77]],

[ 89, 65, 1,[ 72, 44, 93, 25]],

[ 66, 65, 0,[ 27, 20, 58, 0]],

[ 13, 15, 1,[ 97, 1, 38, 63, 70]],

[ 28, 45, 1,[ 36, 26, 41]],

[ 49, 65, 0,[ 30, 37, 24]],

[ 62, 65, 0,[ 38, 48, 85, 58, 9]],

[ 78, 65, 0,[ 31, 60, 92]],

[ 99, 65, 0,[ 11, 16, 17, 61, 43]],

[ 86, 65, 1,[ 57, 56, 11, 91]],

[ 12, 65, 1,[ 74, 1, 51]],

[ 68, 5, 1,[ 84, 91, 18]],

[ 77, 65, 0,[ 39, 6, 43, 76, 27]],

[ 57, 65, 0,[ 86, 0, 11]],

[ 73, 65, 1,[ 14, 55, 48, 40, 37]],

[ 96, 65, 0,[ 29, 21, 60, 42]],

[ 6, 35, 1,[ 72, 77, 9]],

[ 52, 65, 0,[ 61, 32, 2]],

[ 29, 65, 1,[ 45, 19, 84, 96]],

[ 97, 65, 1,[ 7, 83, 13, 71, 51]],

[ 38, 65, 1,[ 62, 13, 41, 51, 17]],

[ 94, 65, 0,[ 76, 90, 18, 24, 87]],

[ 53, 25, 1,[ 65, 37, 8]],

[ 70, 65, 1,[ 31, 13, 40, 87]],

[ 25, 65, 0,[ 33, 81, 32, 89]],

[ 27, 65, 0,[ 66, 77, 20]],

[ 56, 65, 1,[ 35, 86, 64, 9]],

[ 88, 65, 0,[ 5, 67, 46, 74]],

[ 71, 65, 0,[ 36, 97, 45, 69]],

[ 69, 65, 0,[ 71, 34, 64]],

[ 55, 65, 0,[ 7, 73, 46]],

[ 90, 65, 0,[ 65, 20, 94]],

[ 18, 35, 1,[ 68, 94, 46]],

[ 54, 65, 0,[ 10, 35, 7, 80]],

[ 92, 95, 1,[ 79, 78, 47]],

[ 87, 65, 0,[ 94, 70, 65]],

[ 8, 65, 1,[ 53, 22, 23]],

[ 11, 65, 1,[ 57, 99, 86]],

[ 64, 65, 1,[ 69, 22, 15, 56, 33]],

[ 22, 65, 0,[ 59, 8, 64]],

[ 19, 65, 0,[ 75, 29, 80]],

[ 15, 65, 0,[ 36, 93, 64]],

[ 74, 65, 0,[ 82, 88, 12]],

[ 65, 65, 0,[ 87, 90, 34, 53, 63]],

[ 46, 65, 1,[ 88, 55, 18]],

[ 32, 65, 0,[ 25, 52, 5, 60]],

[ 79, 65, 0,[ 16, 92, 35]],

[ 10, 65, 0,[ 54, 3, 40]],

[ 41, 65, 0,[ 38, 28, 47, 50]],

[ 83, 35, 1,[ 97, 59, 17]],

[ 42, 65, 1,[ 61, 96, 24]],

[ 16, 65, 0,[ 79, 99, 75]],

[ 93, 65, 0,[ 98, 15, 89]],

[ 98, 65, 0,[ 7, 93, 95]],

[ 9, 85, 1,[ 62, 56, 24, 6]],

[ 81, 65, 0,[ 25, 21, 14]],

[ 76, 5, 1,[ 44, 39, 94, 77, 50]],

[ 85, 15, 1,[ 4, 62, 34]],

[ 31, 65, 0,[ 70, 67, 82, 78]],

[ 3, 65, 1,[ 4, 48, 10]],

[ 50, 65, 0,[ 76, 41, 20]],

[ 75, 65, 1,[ 23, 34, 37, 19, 16]],

[ 2, 75, 1,[ 52, 80, 36, 40]],

[ 7, 65, 0,[ 55, 0, 54, 97, 98]],

[ 37, 65, 0,[ 49, 73, 43, 53, 75]],

[ 34, 65, 0,[ 75, 69, 65, 85]],

[ 59, 65, 0,[ 83, 22, 48]],

[ 40, 75, 1,[ 10, 73, 2, 70]],

[ 67, 65, 0,[ 88, 95, 31]],

[ 23, 65, 0,[ 8, 84, 75]],

[ 26, 85, 1,[ 28, 33, 24]],

[ 14, 65, 1,[ 63, 81, 73]],

[ 35, 65, 1,[ 54, 56, 79]],

[ 72, 35, 1,[ 39, 89, 6]],

[ 20, 35, 1,[ 66, 27, 50, 90]],

[ 47, 15, 1,[ 92, 4, 41]],

[ 4, 45, 1,[ 80, 47, 3, 85]],

[ 63, 65, 1,[ 14, 13, 65]],

[ 36, 65, 0,[ 2, 15, 1, 28, 71]],

[ 5, 15, 1,[ 32, 88, 95]],

[ 51, 15, 1,[ 12, 38, 97]],

[ 82, 65, 1,[ 74, 31, 91]],

[ 44, 65, 0,[ 76, 89, 30]],

[ 33, 15, 1,[ 64, 25, 26]],

[ 21, 85, 1,[ 45, 81, 96]],

[ 91, 5, 1,[ 86, 68, 82]],

[ 1, 65, 0,[ 13, 12, 36]],

