[ 47, 65, 1,[ 13, 95, 31]],

[ 11, 95, 0,[ 66, 39, 50]],

[ 53, 95, 1,[ 75, 5, 13, 36]],

[ 68, 55, 1,[ 45, 20, 80, 57]],

[ 81, 95, 1,[ 35, 46, 16]],

[ 44, 95, 0,[ 7, 39, 33, 20]],

[ 80, 55, 1,[ 40, 95, 68]],

[ 87, 95, 1,[ 58, 91, 88]],

[ 34, 95, 0,[ 91, 54, 63]],

[ 94, 95, 0,[ 10, 63, 86]],

[ 76, 95, 1,[ 97, 42, 14]],

[ 12, 15, 1,[ 23, 0, 71, 58]],

[ 92, 95, 0,[ 70, 82, 63, 85, 45]],

[ 97, 95, 0,[ 22, 54, 23, 76]],

[ 20, 95, 0,[ 55, 44, 31, 68]],

[ 23, 95, 1,[ 12, 73, 65, 97]],

[ 77, 25, 1,[ 57, 35, 16]],

[ 86, 95, 1,[ 64, 94, 78]],

[ 57, 95, 0,[ 66, 77, 68]],

[ 46, 85, 1,[ 29, 81, 5, 71]],

[ 14, 95, 0,[ 40, 76, 89, 59, 39]],

[ 52, 95, 1,[ 71, 72, 95]],

[ 33, 95, 0,[ 44, 51, 42]],

[ 13, 95, 0,[ 48, 53, 71, 47]],

[ 59, 95, 0,[ 7, 89, 14]],

[ 4, 95, 1,[ 42, 41, 85, 67]],

[ 71, 95, 1,[ 46, 73, 52, 13, 12]],

[ 45, 95, 0,[ 92, 55, 68, 1]],

[ 17, 95, 0,[ 98, 30, 88]],

[ 84, 95, 1,[ 78, 90, 28, 91]],

[ 15, 95, 0,[ 32, 95, 67]],

[ 41, 95, 1,[ 9, 4, 64]],

[ 74, 95, 0,[ 99, 6, 50, 27]],

[ 7, 45, 1,[ 44, 95, 38, 59]],

[ 16, 95, 0,[ 81, 99, 77]],

[ 30, 95, 0,[ 43, 17, 78]],

[ 19, 95, 0,[ 2, 48, 9]],

[ 58, 95, 0,[ 60, 87, 12]],

[ 78, 15, 1,[ 0, 86, 30, 84]],

[ 31, 95, 0,[ 20, 6, 47]],

[ 24, 55, 1,[ 42, 18, 90, 69]],

[ 96, 5, 1,[ 61, 60, 79]],

[ 39, 95, 0,[ 44, 14, 11]],

[ 40, 95, 0,[ 14, 98, 80]],

[ 63, 95, 0,[ 92, 34, 29, 94]],

[ 51, 95, 0,[ 75, 56, 33, 5]],

[ 0, 95, 0,[ 43, 12, 78]],

[ 5, 95, 0,[ 46, 27, 53, 48, 51]],

[ 56, 95, 1,[ 95, 65, 51]],

[ 90, 95, 1,[ 65, 84, 24, 2]],

[ 37, 35, 1,[ 25, 95]],

[ 28, 5, 1,[ 32, 84, 2, 62]],

[ 64, 95, 0,[ 41, 75, 86]],

[ 85, 95, 0,[ 92, 4, 82, 48]],

[ 22, 95, 1,[ 48, 8, 97]],

[ 91, 95, 0,[ 88, 84, 34, 21, 87]],

[ 43, 95, 1,[ 30, 49, 26, 0, 3]],

[ 70, 45, 1,[ 3, 92, 83]],

[ 82, 95, 1,[ 92, 49, 85]],

[ 38, 45, 1,[ 79, 7, 42]],

[ 29, 95, 0,[ 46, 63, 67]],

[ 42, 55, 1,[ 4, 38, 24, 33, 76]],

[ 67, 55, 1,[ 93, 4, 29, 15]],

[ 83, 95, 0,[ 10, 98, 8, 70]],

[ 88, 95, 1,[ 91, 87, 17]],

[ 99, 95, 1,[ 74, 35, 16]],

[ 75, 95, 0,[ 51, 53, 64]],

[ 6, 95, 0,[ 31, 74, 21]],

[ 95, 95, 0,[ 15, 56, 52, 80, 47, 7, 37]],

[ 32, 95, 0,[ 28, 15, 2]],

[ 9, 95, 1,[ 49, 19, 41]],

[ 55, 95, 0,[ 20, 45, 69]],

[ 18, 25, 1,[ 79, 25, 50, 24]],

[ 66, 95, 0,[ 57, 11, 98, 62, 50]],

[ 1, 95, 0,[ 36, 62, 45]],

[ 73, 95, 0,[ 10, 23, 69, 71]],

[ 25, 95, 0,[ 61, 18, 37]],

[ 65, 95, 1,[ 90, 23, 56]],

[ 50, 95, 0,[ 74, 11, 18, 66]],

[ 36, 5, 1,[ 1, 72, 53]],

[ 3, 95, 0,[ 27, 43, 26, 70]],

[ 10, 95, 1,[ 73, 94, 83]],

[ 26, 25, 1,[ 43, 69, 3]],

[ 49, 95, 0,[ 43, 9, 82]],

[ 27, 25, 1,[ 3, 5, 74]],

[ 2, 95, 1,[ 28, 19, 90, 32]],

[ 35, 65, 1,[ 81, 99, 77]],

[ 69, 95, 1,[ 26, 24, 55, 73]],

[ 89, 45, 1,[ 14, 59, 93]],

[ 62, 95, 1,[ 28, 1, 66]],

[ 60, 95, 0,[ 58, 96, 21, 98]],

[ 72, 95, 0,[ 8, 52, 36]],

[ 79, 95, 1,[ 18, 38, 96]],

[ 98, 95, 0,[ 17, 83, 60, 40, 66]],

[ 8, 95, 0,[ 72, 22, 83]],

[ 21, 15, 1,[ 60, 91, 6]],

[ 93, 95, 0,[ 67, 89]],

[ 54, 95, 1,[ 97, 48, 34]],

[ 48, 95, 0,[ 13, 85, 54, 19, 22, 5]],

[ 61, 5, 1,[ 25, 96]],

