[ 23, 5, 1,[ 58, 44, 47]],

[ 97, 35, 1,[ 82, 75, 98, 71]],

[ 13, 85, 0,[ 81, 69, 41]],

[ 2, 85, 0,[ 52, 48, 95]],

[ 60, 15, 1,[ 63, 98, 85]],

[ 31, 85, 0,[ 20, 63, 55]],

[ 20, 85, 0,[ 53, 31, 96, 83]],

[ 72, 85, 0,[ 85, 27, 54]],

[ 65, 85, 0,[ 47, 24, 70, 21]],

[ 85, 15, 0,[ 94, 72, 43, 60]],

[ 68, 85, 0,[ 12, 70, 32]],

[ 89, 85, 0,[ 82, 86, 1, 58]],

[ 71, 35, 0,[ 46, 75, 97]],

[ 32, 85, 0,[ 52, 73, 68]],

[ 6, 85, 0,[ 15, 37, 62]],

[ 9, 85, 0,[ 88, 5, 34]],

[ 12, 85, 0,[ 49, 64, 25, 68]],

[ 64, 85, 0,[ 80, 86, 12]],

[ 75, 35, 0,[ 71, 97, 70]],

[ 27, 85, 0,[ 72, 95, 41]],

[ 67, 85, 0,[ 58, 99, 50]],

[ 54, 85, 0,[ 30, 72, 95, 81, 14]],

[ 35, 85, 0,[ 53, 86, 1]],

[ 84, 85, 0,[ 74, 42, 38, 66]],

[ 8, 85, 0,[ 28, 22, 17]],

[ 3, 85, 0,[ 69, 44, 87]],

[ 63, 85, 0,[ 60, 31, 29]],

[ 79, 85, 0,[ 50, 21, 4, 91, 45, 33]],

[ 98, 85, 0,[ 43, 10, 77, 60, 97, 40]],

[ 14, 85, 0,[ 4, 78, 54, 92, 0]],

[ 95, 85, 0,[ 18, 2, 54, 27]],

[ 44, 85, 0,[ 23, 3, 96]],

[ 94, 65, 1,[ 85, 87, 33]],

[ 70, 65, 1,[ 90, 68, 62, 65, 75]],

[ 30, 85, 0,[ 99, 86, 54]],

[ 80, 85, 0,[ 64, 15, 56]],

[ 10, 85, 0,[ 74, 98, 58]],

[ 16, 85, 0,[ 93, 87, 61, 57]],

[ 28, 85, 0,[ 8, 40, 47]],

[ 52, 95, 1,[ 32, 41, 2]],

[ 49, 85, 0,[ 56, 12, 81]],

[ 83, 85, 0,[ 17, 78, 20]],

[ 90, 85, 0,[ 0, 70, 36]],

[ 26, 15, 0,[ 76, 43]],

[ 82, 85, 0,[ 89, 29, 97]],

[ 62, 85, 0,[ 70, 57, 6, 39, 48, 69, 93]],

[ 76, 85, 0,[ 37, 26, 34]],

[ 69, 85, 0,[ 77, 62, 3, 5, 40, 13]],

[ 43, 15, 1,[ 85, 22, 98, 26]],

[ 57, 85, 0,[ 62, 16, 51]],

[ 24, 85, 0,[ 65, 51, 15]],

[ 78, 85, 0,[ 25, 14, 83]],

[ 77, 85, 0,[ 98, 69, 92]],

[ 55, 85, 0,[ 39, 31, 11]],

[ 42, 85, 0,[ 84, 66, 37]],

[ 59, 85, 0,[ 11, 15, 48]],

[ 88, 85, 0,[ 9, 7]],

[ 48, 85, 0,[ 62, 2, 59, 40]],

[ 34, 85, 0,[ 51, 40, 9, 76]],

[ 29, 85, 0,[ 82, 22, 63]],

[ 87, 85, 0,[ 46, 16, 3, 94]],

[ 74, 85, 0,[ 39, 84, 10]],

[ 93, 85, 0,[ 36, 16, 62]],

[ 91, 85, 0,[ 50, 38, 79]],

[ 40, 85, 0,[ 69, 98, 28, 34, 48]],

[ 15, 85, 0,[ 24, 80, 59, 6]],

[ 45, 85, 0,[ 79, 51, 92]],

[ 61, 85, 0,[ 41, 16]],

[ 25, 85, 0,[ 78, 12, 47]],

[ 96, 85, 0,[ 44, 33, 20]],

[ 33, 85, 0,[ 79, 94, 96]],

[ 56, 85, 0,[ 49, 46, 80]],

[ 86, 85, 0,[ 64, 89, 30, 53, 35]],

[ 37, 85, 0,[ 6, 76, 42]],

[ 11, 95, 1,[ 59, 55, 66, 36]],

[ 0, 85, 0,[ 7, 21, 90, 14]],

[ 18, 85, 0,[ 81, 95, 7]],

[ 99, 35, 1,[ 4, 67, 30]],

[ 53, 85, 0,[ 86, 20, 35]],

[ 47, 85, 0,[ 28, 25, 65, 23]],

[ 92, 85, 0,[ 73, 77, 66, 14, 45]],

[ 39, 85, 0,[ 74, 62, 55]],

[ 17, 85, 0,[ 51, 8, 83]],

[ 5, 85, 0,[ 9, 19, 46, 69]],

[ 58, 85, 0,[ 23, 89, 10, 67]],

[ 22, 85, 0,[ 29, 43, 8]],

[ 73, 85, 0,[ 46, 92, 32]],

[ 41, 85, 0,[ 13, 52, 1, 61, 27]],

[ 81, 85, 0,[ 13, 18, 49, 54]],

[ 50, 85, 0,[ 67, 91, 79]],

[ 1, 35, 1,[ 35, 41, 89]],

[ 4, 85, 0,[ 14, 99, 19, 79]],

[ 51, 85, 0,[ 17, 45, 57, 34, 24]],

[ 66, 85, 0,[ 92, 42, 11, 84]],

[ 46, 85, 0,[ 87, 71, 73, 5, 56]],

[ 19, 85, 0,[ 36, 5, 4]],

[ 38, 85, 0,[ 84, 91]],

[ 7, 85, 0,[ 88, 0, 18]],

[ 36, 85, 0,[ 90, 93, 11, 19]],

[ 21, 85, 0,[ 0, 79, 65]],

