[ 37, 85, 0,[ 56, 33, 58]],

[ 21, 85, 0,[ 65, 31, 30, 74]],

[ 54, 85, 0,[ 26, 14, 9]],

[ 68, 85, 0,[ 98, 28, 88]],

[ 67, 85, 0,[ 43, 35, 38]],

[ 40, 85, 0,[ 83, 72, 52]],

[ 19, 85, 0,[ 72, 71, 66, 57]],

[ 70, 75, 1,[ 73, 59, 24, 43]],

[ 57, 95, 1,[ 28, 19, 58]],

[ 1, 85, 0,[ 4, 82, 59, 51]],

[ 81, 85, 0,[ 95, 35, 63]],

[ 66, 85, 0,[ 65, 69, 19]],

[ 63, 85, 0,[ 81, 32, 29]],

[ 11, 85, 0,[ 90, 45, 28]],

[ 0, 85, 0,[ 90, 76, 53, 9]],

[ 25, 85, 0,[ 49, 14, 46, 71, 27, 24]],

[ 32, 85, 0,[ 75, 63, 18]],

[ 31, 85, 0,[ 3, 92, 21]],

[ 39, 85, 0,[ 13, 47, 92]],

[ 27, 85, 0,[ 71, 78, 25]],

[ 17, 85, 0,[ 45, 64, 91]],

[ 8, 75, 1,[ 96, 48]],

[ 61, 85, 0,[ 87, 92, 72]],

[ 47, 85, 0,[ 39, 86, 38]],

[ 60, 95, 1,[ 87, 38, 86]],

[ 98, 85, 0,[ 56, 48, 68, 7]],

[ 18, 85, 0,[ 36, 89, 32, 99]],

[ 69, 85, 0,[ 87, 95, 66, 36]],

[ 78, 85, 0,[ 76, 27]],

[ 4, 85, 0,[ 64, 1, 55, 58]],

[ 80, 85, 0,[ 7, 51, 43]],

[ 75, 85, 0,[ 74, 53, 32]],

[ 56, 85, 0,[ 37, 98, 29]],

[ 5, 85, 0,[ 44, 35, 96]],

[ 44, 85, 0,[ 84, 59, 5]],

[ 62, 85, 0,[ 16, 41, 15, 97]],

[ 71, 85, 0,[ 76, 19, 36, 27, 25]],

[ 22, 85, 0,[ 12, 52, 77]],

[ 12, 85, 0,[ 36, 22, 82]],

[ 88, 85, 0,[ 52, 68, 29, 97, 55]],

[ 73, 55, 1,[ 70, 41, 10, 85, 6]],

[ 83, 85, 0,[ 40, 89, 42]],

[ 58, 5, 1,[ 57, 37, 4]],

[ 33, 85, 0,[ 34, 26, 37, 82]],

[ 85, 85, 0,[ 86, 29, 73]],

[ 86, 85, 0,[ 85, 47, 60]],

[ 97, 85, 0,[ 88, 62, 87]],

[ 38, 85, 0,[ 47, 60, 67, 45]],

[ 42, 85, 0,[ 83, 15, 29]],

[ 96, 85, 0,[ 8, 46, 5]],

[ 72, 85, 0,[ 40, 61, 19]],

[ 99, 85, 0,[ 46, 79, 18]],

[ 64, 75, 1,[ 4, 17, 74, 23]],

[ 65, 85, 0,[ 21, 53, 66, 26]],

[ 93, 85, 0,[ 24, 15, 13]],

[ 16, 85, 0,[ 62, 95]],

[ 46, 85, 0,[ 99, 96, 25]],

[ 95, 85, 0,[ 69, 81, 79, 16]],

[ 45, 85, 0,[ 11, 38, 17]],

[ 28, 85, 0,[ 11, 68, 57]],

[ 89, 85, 0,[ 3, 18, 83]],

[ 20, 85, 0,[ 3, 50, 14, 91]],

[ 51, 85, 0,[ 2, 80, 1]],

[ 15, 85, 0,[ 42, 62, 93]],

[ 87, 85, 0,[ 69, 61, 60, 97]],

[ 29, 85, 0,[ 85, 42, 88, 63, 56]],

[ 9, 85, 0,[ 13, 54, 49, 0]],

[ 53, 85, 0,[ 0, 75, 65]],

[ 52, 85, 0,[ 22, 88, 40]],

[ 82, 85, 0,[ 34, 33, 12, 1, 77, 41]],

[ 6, 85, 0,[ 2, 50, 73]],

[ 26, 25, 1,[ 33, 65, 54]],

[ 13, 85, 0,[ 39, 9, 7, 93]],

[ 91, 85, 0,[ 43, 20, 17, 79]],

[ 24, 85, 0,[ 74, 34, 70, 94, 93, 25, 90]],

[ 10, 85, 0,[ 23, 73, 74]],

[ 34, 85, 0,[ 82, 33, 24]],

[ 50, 85, 0,[ 77, 20, 6]],

[ 36, 85, 0,[ 71, 12, 69, 18]],

[ 30, 85, 0,[ 21, 7, 94]],

[ 55, 85, 0,[ 4, 84, 88]],

[ 43, 95, 1,[ 67, 91, 94, 80, 70]],

[ 2, 85, 0,[ 6, 51]],

[ 77, 85, 0,[ 22, 50, 82]],

[ 49, 85, 0,[ 25, 48, 9]],

[ 3, 85, 0,[ 89, 31, 20, 23]],

[ 90, 85, 0,[ 24, 0, 11]],

[ 7, 85, 0,[ 13, 30, 98, 80]],

[ 14, 85, 0,[ 25, 54, 20]],

[ 59, 85, 0,[ 44, 1, 70]],

[ 84, 85, 0,[ 76, 44, 55]],

[ 92, 85, 0,[ 31, 61, 39]],

[ 23, 85, 0,[ 64, 10, 3]],

[ 48, 85, 0,[ 8, 98, 49]],

[ 74, 85, 0,[ 24, 64, 75, 10, 21]],

[ 94, 85, 0,[ 30, 43, 24]],

[ 79, 85, 0,[ 99, 91, 95]],

[ 41, 85, 0,[ 73, 62, 82]],

[ 35, 55, 1,[ 81, 67, 5]],

[ 76, 85, 0,[ 84, 0, 71, 78]],

