[ 65, 75, 0,[ 53, 24, 2]],

[ 27, 45, 1,[ 48, 80, 3]],

[ 96, 85, 1,[ 44, 0, 1]],

[ 81, 95, 1,[ 61, 33, 10, 43, 57, 17]],

[ 64, 45, 0,[ 71, 51, 50]],

[ 48, 75, 0,[ 27, 12, 38]],

[ 49, 75, 0,[ 35, 84, 18]],

[ 22, 35, 0,[ 94, 83, 61]],

[ 53, 35, 0,[ 65, 2, 61, 13]],

[ 3, 35, 0,[ 27, 59, 52]],

[ 59, 45, 0,[ 93, 80, 83, 3]],

[ 50, 45, 1,[ 64, 79, 76]],

[ 14, 5, 1,[ 74, 83, 63]],

[ 11, 25, 0,[ 41, 42, 77]],

[ 78, 5, 0,[ 29, 58, 36, 5]],

[ 20, 45, 1,[ 39, 23, 28]],

[ 72, 65, 1,[ 21, 56, 6]],

[ 45, 75, 0,[ 28]],

[ 97, 75, 0,[ 44, 35, 42]],

[ 6, 85, 1,[ 67, 36, 72]],

[ 91, 55, 1,[ 54, 23, 79]],

[ 10, 85, 1,[ 79, 81]],

[ 75, 55, 0,[ 82, 34, 25, 39]],

[ 46, 35, 1,[ 52, 73, 13, 26, 61]],

[ 37, 15, 0,[ 85, 95, 87]],

[ 23, 55, 0,[ 51, 20, 18, 63, 91]],

[ 35, 25, 1,[ 42, 84, 97, 49]],

[ 56, 35, 0,[ 32, 72, 55, 47, 82, 63]],

[ 16, 25, 1,[ 77, 63, 99, 92]],

[ 55, 45, 1,[ 4, 56, 43]],

[ 32, 45, 1,[ 56, 88, 12]],

[ 95, 35, 0,[ 37, 74, 21]],

[ 4, 15, 1,[ 69, 55, 88]],

[ 76, 55, 0,[ 26, 50, 62, 69]],

[ 67, 55, 1,[ 29, 6, 24]],

[ 38, 75, 1,[ 2, 48, 80]],

[ 40, 75, 0,[ 30, 21, 86]],

[ 94, 75, 0,[ 22, 0, 30]],

[ 19, 15, 1,[ 7, 99, 26]],

[ 36, 55, 1,[ 57, 13, 71, 78, 6, 88]],

[ 7, 55, 0,[ 33, 31, 90, 1, 19]],

[ 63, 35, 1,[ 14, 60, 16, 56, 23, 15]],

[ 68, 65, 1,[ 51, 92, 30]],

[ 62, 5, 1,[ 76, 89, 5]],

[ 17, 75, 1,[ 33, 81, 61, 21]],

[ 93, 25, 1,[ 90, 85, 89, 59]],

[ 82, 85, 1,[ 12, 75, 56]],

[ 88, 55, 0,[ 24, 36, 4, 92, 32]],

[ 54, 85, 0,[ 44, 91, 51]],

[ 25, 5, 0,[ 15, 29, 85, 75]],

[ 30, 75, 1,[ 94, 68, 40]],

[ 80, 45, 1,[ 38, 27, 59]],

[ 92, 25, 0,[ 88, 68, 16]],

[ 33, 55, 0,[ 81, 7, 17]],

[ 90, 5, 0,[ 7, 29, 93, 21]],

[ 47, 5, 1,[ 43, 73, 29, 56]],

[ 51, 85, 1,[ 23, 54, 64, 68]],

[ 12, 35, 1,[ 34, 48, 82, 32, 21, 87]],

[ 1, 55, 1,[ 96, 99, 7]],

[ 98, 35, 1,[ 52, 66, 86, 70]],

[ 21, 35, 0,[ 17, 66, 12, 40, 95, 90, 72]],

[ 69, 55, 0,[ 4, 26, 76]],

[ 31, 55, 1,[ 9, 7, 77]],

[ 39, 55, 0,[ 75, 52, 20]],

[ 0, 85, 0,[ 66, 96, 94]],

[ 24, 5, 0,[ 67, 29, 65, 88]],

[ 58, 75, 1,[ 61, 78, 42]],

[ 79, 85, 0,[ 50, 10, 91]],

[ 83, 65, 1,[ 14, 59, 8, 89, 22]],

[ 18, 55, 0,[ 49, 70, 23]],

[ 43, 75, 1,[ 47, 81, 55]],

[ 73, 55, 1,[ 46, 5, 47]],

[ 77, 25, 0,[ 31, 11, 16]],

[ 34, 85, 1,[ 89, 12, 75]],

[ 8, 75, 1,[ 83, 85, 60]],

[ 13, 55, 1,[ 53, 46, 36]],

[ 87, 5, 0,[ 37, 12, 29]],

[ 71, 55, 0,[ 64, 36, 44]],

[ 41, 45, 0,[ 11, 70]],

[ 52, 35, 0,[ 57, 98, 39, 46, 3, 9]],

[ 61, 35, 1,[ 46, 81, 58, 53, 17, 22]],

[ 60, 5, 1,[ 99, 8, 63]],

[ 84, 75, 0,[ 28, 35, 49]],

[ 28, 75, 0,[ 45, 84, 20]],

[ 26, 55, 0,[ 19, 69, 76, 46]],

[ 9, 35, 0,[ 52, 74, 31]],

[ 85, 15, 1,[ 37, 8, 93, 25]],

[ 42, 75, 0,[ 97, 11, 58, 35]],

[ 89, 95, 1,[ 34, 83, 62, 93]],

[ 99, 55, 1,[ 16, 19, 60, 1]],

[ 5, 5, 0,[ 73, 62, 78]],

[ 66, 95, 1,[ 0, 21, 98]],

[ 86, 75, 0,[ 15, 40, 98]],

[ 70, 45, 1,[ 98, 41, 18]],

[ 2, 75, 0,[ 53, 65, 38]],

[ 74, 5, 0,[ 9, 14, 95]],

[ 29, 5, 0,[ 24, 78, 25, 87, 47, 67, 90]],

[ 15, 75, 0,[ 86, 25, 63]],

[ 44, 5, 1,[ 97, 54, 96, 71]],

[ 57, 55, 1,[ 36, 52, 81]],

