[ 6, 55, 0,[ 20, 38, 95]],

[ 77, 55, 0,[ 12, 57, 61, 19, 84, 7, 46, 74, 97]],

[ 19, 55, 0,[ 63, 44, 77]],

[ 37, 55, 0,[ 4, 68, 31]],

[ 53, 55, 0,[ 9, 99, 24]],

[ 90, 55, 0,[ 70, 45, 97]],

[ 5, 55, 0,[ 87, 76, 70, 80]],

[ 34, 55, 0,[ 4, 18, 79, 16]],

[ 79, 55, 0,[ 66, 72, 0, 34]],

[ 8, 55, 0,[ 14, 89, 45, 11]],

[ 82, 55, 0,[ 61, 87, 23]],

[ 29, 55, 0,[ 81, 80, 70]],

[ 24, 55, 0,[ 27, 53, 71, 60]],

[ 7, 55, 0,[ 77, 50, 95, 81]],

[ 87, 55, 0,[ 46, 93, 82, 23, 5]],

[ 84, 45, 1,[ 77, 91, 95, 56]],

[ 49, 15, 1,[ 9, 40, 55, 89]],

[ 18, 55, 0,[ 32, 34, 65, 26]],

[ 56, 55, 0,[ 84, 48, 10]],

[ 0, 55, 0,[ 31, 50, 79]],

[ 48, 55, 0,[ 52, 22, 56]],

[ 14, 55, 0,[ 21, 62, 8]],

[ 89, 55, 0,[ 73, 49, 8, 3]],

[ 38, 55, 0,[ 6, 10, 54]],

[ 30, 55, 0,[ 41, 46, 17, 35, 36, 68]],

[ 40, 55, 0,[ 26, 98, 49, 85]],

[ 12, 55, 0,[ 42, 77, 16]],

[ 85, 55, 0,[ 35, 94, 1, 42, 40]],

[ 75, 55, 0,[ 27, 86, 66]],

[ 71, 55, 0,[ 92, 24, 26]],

[ 2, 55, 0,[ 78, 11, 59, 62, 43]],

[ 69, 55, 0,[ 35, 58, 28]],

[ 67, 55, 0,[ 52, 21, 83, 81]],

[ 21, 95, 1,[ 67, 36, 44, 14]],

[ 22, 55, 0,[ 48, 58, 45, 10]],

[ 39, 55, 0,[ 66, 13, 15]],

[ 66, 55, 0,[ 79, 39, 75, 41]],

[ 57, 25, 1,[ 1, 11, 31, 77]],

[ 80, 55, 0,[ 46, 29, 5]],

[ 63, 55, 0,[ 28, 51, 19, 47]],

[ 4, 55, 0,[ 37, 34, 72]],

[ 32, 55, 0,[ 17, 88, 18]],

[ 60, 55, 0,[ 83, 24, 99]],

[ 44, 55, 0,[ 19, 21, 54]],

[ 94, 55, 0,[ 85, 28]],

[ 11, 55, 0,[ 57, 2, 8]],

[ 91, 55, 0,[ 20, 27, 84]],

[ 83, 55, 0,[ 60, 70, 67, 17]],

[ 52, 55, 0,[ 67, 48, 78, 73, 16]],

[ 46, 55, 0,[ 77, 87, 30, 80]],

[ 27, 55, 0,[ 65, 75, 24, 91]],

[ 97, 55, 0,[ 77, 88, 90]],

[ 51, 55, 0,[ 63, 86, 23, 58]],

[ 45, 75, 1,[ 22, 92, 72, 8, 90]],

[ 47, 55, 0,[ 33, 63, 25]],

[ 15, 55, 0,[ 39, 36, 64]],

[ 72, 25, 1,[ 45, 4, 79]],

[ 98, 55, 0,[ 76, 61, 64, 40]],

[ 23, 55, 1,[ 51, 87, 82, 55]],

[ 96, 55, 0,[ 13, 74, 9, 3]],

[ 61, 75, 1,[ 82, 3, 77, 98]],

[ 13, 55, 0,[ 33, 59, 86, 96, 39]],

[ 35, 55, 0,[ 30, 85, 69, 88]],

[ 55, 55, 0,[ 49, 70, 23, 59]],

[ 41, 55, 0,[ 30, 66]],

[ 16, 75, 1,[ 34, 12, 52]],

[ 62, 55, 0,[ 14, 2, 17]],

[ 17, 45, 1,[ 83, 30, 62, 32]],

[ 59, 55, 0,[ 55, 2, 13]],

[ 9, 55, 0,[ 53, 49, 96, 25]],

[ 81, 55, 0,[ 29, 67, 7]],

[ 78, 55, 0,[ 52, 93, 2]],

[ 64, 55, 0,[ 15, 92, 98]],

[ 3, 55, 0,[ 89, 61, 96]],

[ 36, 55, 0,[ 86, 15, 21, 30]],

[ 20, 55, 0,[ 6, 43, 91]],

[ 70, 55, 0,[ 5, 90, 29, 83, 55]],

[ 58, 55, 0,[ 69, 22, 51]],

[ 50, 55, 0,[ 0, 43, 7]],

[ 88, 55, 0,[ 32, 97, 35]],

[ 86, 55, 0,[ 75, 13, 36, 51]],

[ 33, 55, 0,[ 47, 13, 92]],

[ 68, 55, 0,[ 37, 30, 28]],

[ 76, 55, 0,[ 54, 5, 98]],

[ 95, 55, 0,[ 6, 84, 7]],

[ 74, 55, 0,[ 96, 54, 77, 1]],

[ 92, 55, 0,[ 71, 33, 64, 45]],

[ 1, 55, 0,[ 85, 74, 57]],

[ 54, 55, 0,[ 38, 76, 44, 74]],

[ 43, 55, 0,[ 2, 50, 20]],

[ 10, 55, 0,[ 56, 22, 38]],

[ 25, 55, 0,[ 47, 99, 9]],

[ 42, 55, 0,[ 85, 65, 12]],

[ 65, 55, 0,[ 42, 18, 27]],

[ 99, 55, 0,[ 53, 60, 25]],

[ 26, 55, 0,[ 71, 18, 40]],

[ 73, 55, 0,[ 93, 52, 89]],

[ 31, 55, 0,[ 0, 57, 37]],

[ 93, 55, 0,[ 78, 73, 87]],

[ 28, 55, 0,[ 94, 69, 68, 63]],

