[ 19, 55, 0,[ 93, 76, 75]],

[ 48, 65, 1,[ 16, 74, 79, 59]],

[ 12, 65, 0,[ 84, 51, 5, 70, 21]],

[ 57, 65, 0,[ 70, 35, 88]],

[ 89, 65, 0,[ 35, 53, 26]],

[ 22, 35, 1,[ 30, 80, 3]],

[ 3, 95, 0,[ 22, 24, 13, 86]],

[ 28, 85, 0,[ 82, 53, 11]],

[ 97, 45, 0,[ 32, 45, 15]],

[ 83, 35, 1,[ 94, 26, 50]],

[ 47, 55, 1,[ 75, 76, 56]],

[ 79, 65, 0,[ 7, 48, 84]],

[ 71, 25, 1,[ 64, 31, 37]],

[ 9, 55, 1,[ 20, 2, 74]],

[ 98, 45, 0,[ 26, 63, 10]],

[ 30, 65, 1,[ 22, 67, 39]],

[ 91, 65, 1,[ 21, 77, 72]],

[ 80, 25, 1,[ 84, 18, 22, 61]],

[ 31, 45, 1,[ 40, 73, 71, 92, 27, 36]],

[ 67, 95, 1,[ 52, 30, 66, 29]],

[ 53, 65, 1,[ 40, 89, 28, 4]],

[ 11, 15, 1,[ 70, 87, 28, 34, 78]],

[ 10, 5, 1,[ 33, 98, 41, 90]],

[ 92, 65, 1,[ 75, 31, 26]],

[ 55, 25, 1,[ 59, 62, 29]],

[ 69, 25, 1,[ 15, 85, 52]],

[ 54, 5, 1,[ 0, 56, 6]],

[ 41, 85, 0,[ 18, 2, 10]],

[ 5, 65, 0,[ 75, 12, 77]],

[ 1, 65, 0,[ 58, 44, 38]],

[ 20, 5, 1,[ 81, 72, 43, 9, 94]],

[ 76, 55, 1,[ 68, 17, 47, 19, 34]],

[ 65, 15, 1,[ 81, 13, 25, 51]],

[ 68, 55, 0,[ 44, 76, 88]],

[ 56, 75, 1,[ 54, 47, 14]],

[ 87, 5, 0,[ 11, 33, 8]],

[ 25, 15, 0,[ 42, 65, 78, 62]],

[ 72, 65, 0,[ 20, 91]],

[ 37, 25, 1,[ 71, 75]],

[ 52, 65, 0,[ 67, 8, 69, 14]],

[ 58, 35, 1,[ 27, 1, 2, 44]],

[ 50, 45, 0,[ 32, 45, 82, 60, 83]],

[ 74, 65, 0,[ 48, 43, 9]],

[ 82, 85, 1,[ 38, 50, 28]],

[ 6, 35, 1,[ 73, 62, 54]],

[ 88, 65, 0,[ 57, 13, 33, 68]],

[ 70, 65, 0,[ 12, 57, 11]],

[ 73, 95, 1,[ 31, 23, 6]],

[ 38, 65, 1,[ 1, 32, 82, 7]],

[ 46, 65, 0,[ 86, 23, 61]],

[ 18, 85, 1,[ 80, 41, 36, 62, 93]],

[ 66, 25, 1,[ 67, 99, 93]],

[ 23, 35, 1,[ 73, 86, 46]],

[ 77, 65, 0,[ 5, 85, 91]],

[ 62, 75, 1,[ 25, 99, 55, 6, 18]],

[ 39, 65, 0,[ 35, 30]],

[ 59, 75, 1,[ 94, 45, 55, 48]],

[ 0, 5, 0,[ 33, 54, 21]],

[ 99, 15, 1,[ 62, 84, 66, 75]],

[ 36, 85, 0,[ 31, 86, 18]],

[ 16, 25, 1,[ 48, 90]],

[ 81, 65, 0,[ 40, 65, 20]],

[ 86, 95, 1,[ 95, 2, 36, 46, 23, 3]],

[ 42, 85, 1,[ 25, 84, 24]],

[ 94, 35, 0,[ 20, 59, 83]],

[ 96, 55, 0,[ 49, 29]],

[ 49, 55, 1,[ 14, 96, 21]],

[ 26, 45, 1,[ 83, 92, 89, 98]],

[ 43, 65, 0,[ 17, 60, 20, 74]],

[ 95, 65, 0,[ 4, 27, 86]],

[ 14, 65, 1,[ 52, 56, 49, 24]],

[ 34, 55, 0,[ 44, 11, 76]],

[ 60, 65, 0,[ 50, 84, 43]],

[ 35, 65, 0,[ 17, 89, 39, 57]],

[ 84, 65, 0,[ 99, 60, 42, 79, 12, 80]],

[ 78, 15, 0,[ 25, 90, 11]],

[ 64, 55, 0,[ 8, 27, 71]],

[ 21, 65, 0,[ 49, 91, 12, 0]],

[ 24, 65, 0,[ 14, 42, 3]],

[ 61, 65, 0,[ 80, 46, 4]],

[ 8, 45, 1,[ 87, 85, 64, 52]],

[ 44, 55, 1,[ 1, 68, 34, 58]],

[ 63, 45, 0,[ 2, 98]],

[ 32, 45, 0,[ 50, 38, 97]],

[ 29, 25, 1,[ 96, 55, 67, 75]],

[ 17, 65, 0,[ 76, 43, 35]],

[ 13, 15, 1,[ 65, 3, 88, 7]],

[ 85, 45, 0,[ 77, 69, 8]],

[ 15, 45, 0,[ 97, 69]],

[ 75, 55, 1,[ 5, 29, 99, 47, 37, 92, 19]],

[ 4, 65, 0,[ 95, 53, 40, 51, 61]],

[ 45, 45, 1,[ 50, 59, 97]],

[ 51, 65, 1,[ 12, 65, 4]],

[ 33, 5, 0,[ 88, 0, 10, 87]],

[ 27, 55, 1,[ 58, 64, 31, 95]],

[ 7, 5, 1,[ 79, 38, 13]],

[ 40, 65, 1,[ 4, 81, 53, 31]],

[ 2, 35, 0,[ 86, 63, 41, 9, 58]],

[ 90, 25, 0,[ 78, 10, 16]],

[ 93, 85, 0,[ 18, 66, 19]],

