[ 21, 45, 0,[ 16, 47, 96]],

[ 29, 25, 1,[ 9, 12, 3]],

[ 40, 45, 0,[ 78, 26, 76]],

[ 28, 45, 0,[ 41, 81, 86]],

[ 26, 45, 0,[ 40, 39, 31, 63]],

[ 68, 45, 0,[ 9, 32, 73]],

[ 31, 45, 0,[ 88, 26]],

[ 33, 45, 0,[ 27, 62, 89]],

[ 24, 45, 0,[ 18, 1, 76]],

[ 57, 45, 0,[ 78, 1, 64]],

[ 15, 45, 0,[ 7, 82, 88]],

[ 51, 45, 0,[ 96, 13, 2]],

[ 45, 45, 0,[ 64, 78, 63]],

[ 88, 45, 0,[ 31, 9, 91, 97, 44, 15]],

[ 91, 45, 0,[ 75, 88, 93]],

[ 11, 45, 0,[ 23, 30, 83]],

[ 17, 45, 0,[ 92, 76]],

[ 67, 45, 0,[ 61, 76, 60]],

[ 18, 45, 0,[ 87, 83, 43, 24]],

[ 93, 45, 0,[ 55, 56, 91]],

[ 37, 45, 0,[ 14, 82, 52, 49, 46]],

[ 41, 45, 0,[ 60, 28, 66, 7]],

[ 43, 85, 1,[ 18, 70, 14]],

[ 85, 45, 0,[ 61, 27, 9]],

[ 2, 45, 0,[ 79, 84, 51]],

[ 34, 45, 0,[ 79, 30, 13]],

[ 80, 45, 0,[ 35, 50, 60]],

[ 1, 45, 0,[ 57, 24, 46]],

[ 79, 45, 0,[ 34, 2, 0]],

[ 8, 45, 0,[ 47, 82, 6, 16]],

[ 35, 45, 0,[ 42, 80, 12]],

[ 74, 45, 0,[ 30, 58, 49]],

[ 38, 45, 0,[ 94, 3, 54]],

[ 10, 45, 0,[ 73, 30, 96]],

[ 99, 45, 0,[ 95, 53, 58]],

[ 25, 45, 0,[ 87, 32, 54]],

[ 12, 45, 0,[ 29, 35, 52, 19]],

[ 30, 45, 0,[ 34, 11, 10, 74]],

[ 13, 65, 1,[ 51, 34, 95]],

[ 73, 45, 0,[ 10, 50, 68]],

[ 96, 45, 0,[ 71, 51, 21, 4, 10]],

[ 42, 45, 0,[ 14, 5, 35]],

[ 78, 45, 0,[ 40, 57, 45, 70]],

[ 86, 45, 0,[ 28, 39, 49]],

[ 61, 25, 1,[ 6, 67, 85]],

[ 5, 45, 0,[ 42, 44, 22, 87]],

[ 55, 45, 0,[ 77, 71, 92, 49, 93]],

[ 92, 45, 0,[ 17, 55]],

[ 77, 45, 0,[ 65, 55, 6]],

[ 94, 45, 0,[ 38, 62, 0]],

[ 54, 45, 0,[ 25, 89, 87, 38]],

[ 48, 45, 0,[ 95, 98, 19, 7, 23]],

[ 0, 45, 0,[ 76, 98, 94, 79]],

[ 98, 45, 0,[ 69, 48, 82, 36, 0]],

[ 50, 45, 0,[ 27, 73, 80, 23]],

[ 90, 95, 1,[ 49, 39, 20, 69]],

[ 69, 45, 0,[ 90, 98, 16]],

[ 56, 65, 1,[ 93, 36, 9]],

[ 87, 45, 0,[ 25, 54, 5, 22, 18]],

[ 59, 45, 0,[ 52, 23, 75]],

[ 14, 45, 0,[ 71, 37, 43, 42]],

[ 65, 45, 0,[ 19, 77, 81]],

[ 7, 45, 0,[ 47, 41, 44, 15, 48]],

[ 89, 45, 0,[ 33, 27, 54]],

[ 47, 45, 0,[ 8, 21, 16, 7, 32]],

[ 66, 45, 0,[ 3, 53, 41]],

[ 23, 45, 0,[ 59, 11, 50, 48]],

[ 95, 45, 0,[ 99, 48, 13]],

[ 9, 45, 0,[ 85, 56, 88, 68, 29]],

[ 84, 45, 0,[ 97, 2, 75]],

[ 4, 45, 0,[ 76, 63, 96]],

[ 71, 45, 0,[ 96, 55, 14]],

[ 36, 45, 0,[ 56, 98]],

[ 3, 45, 0,[ 60, 29, 66, 38]],

[ 64, 45, 0,[ 63, 57, 45]],

[ 53, 45, 0,[ 22, 99, 66]],

[ 62, 45, 0,[ 33, 94, 70]],

[ 75, 45, 0,[ 72, 84, 59, 91]],

[ 49, 45, 0,[ 74, 90, 86, 55, 37]],

[ 83, 45, 0,[ 97, 18, 11]],

[ 20, 45, 0,[ 72, 60, 90]],

[ 76, 45, 0,[ 0, 17, 67, 24, 40, 4]],

[ 82, 45, 0,[ 98, 8, 15, 37]],

[ 72, 45, 0,[ 20, 75, 39]],

[ 52, 45, 1,[ 59, 37, 12]],

[ 39, 45, 0,[ 72, 90, 86, 26]],

[ 16, 45, 0,[ 8, 21, 47, 69]],

[ 70, 45, 0,[ 62, 43, 78]],

[ 81, 45, 0,[ 97, 65, 28]],

[ 63, 95, 1,[ 45, 64, 26, 4]],

[ 60, 45, 0,[ 32, 80, 67, 20, 3, 41]],

[ 6, 85, 1,[ 77, 61, 8]],

[ 32, 45, 0,[ 25, 47, 68, 60]],

[ 58, 45, 0,[ 99, 46, 74]],

[ 46, 45, 0,[ 58, 37, 1]],

[ 27, 45, 0,[ 89, 33, 50, 85]],

[ 97, 45, 0,[ 84, 81, 83, 88]],

[ 44, 45, 0,[ 7, 5, 88]],

[ 22, 15, 1,[ 5, 53, 87]],

[ 19, 45, 0,[ 48, 65, 12]],

