[ 12, 45, 1,[ 87, 22, 82, 46, 19]],

[ 46, 95, 0,[ 62, 12, 45, 44, 71]],

[ 78, 95, 0,[ 52, 97, 49, 39, 11, 44]],

[ 96, 95, 0,[ 0, 17, 29]],

[ 65, 95, 0,[ 8, 60, 47]],

[ 59, 95, 0,[ 94, 2, 74, 83]],

[ 36, 95, 0,[ 94, 72, 10, 79]],

[ 90, 95, 0,[ 63, 13, 60]],

[ 64, 95, 0,[ 61, 81, 50]],

[ 9, 95, 0,[ 20, 75, 2]],

[ 66, 95, 0,[ 93, 41, 37]],

[ 54, 95, 0,[ 43, 18, 42]],

[ 50, 95, 0,[ 92, 64, 10]],

[ 21, 95, 1,[ 13, 44, 26]],

[ 34, 95, 0,[ 57, 26, 16]],

[ 15, 95, 0,[ 42, 16, 40, 77, 3]],

[ 93, 95, 0,[ 66, 56, 47]],

[ 39, 95, 0,[ 53, 82, 78]],

[ 99, 95, 0,[ 70, 62, 5]],

[ 6, 95, 0,[ 81, 5, 76, 7]],

[ 13, 95, 0,[ 49, 21, 90]],

[ 23, 95, 0,[ 61, 87, 44, 79, 86, 70, 95]],

[ 75, 95, 0,[ 38, 9, 19, 14]],

[ 2, 95, 0,[ 59, 9, 98, 1]],

[ 31, 95, 0,[ 1, 22, 55]],

[ 28, 95, 0,[ 14, 91, 86]],

[ 76, 95, 0,[ 6, 74, 56]],

[ 47, 95, 0,[ 65, 63, 93]],

[ 92, 95, 0,[ 50, 69, 38]],

[ 63, 95, 0,[ 86, 62, 47, 90]],

[ 48, 95, 0,[ 33, 60, 91]],

[ 35, 95, 0,[ 32, 25, 49]],

[ 7, 95, 0,[ 6, 43, 26]],

[ 16, 95, 0,[ 15, 34, 58, 74]],

[ 84, 95, 0,[ 85, 61]],

[ 71, 85, 1,[ 46, 3, 72]],

[ 24, 95, 0,[ 4, 72, 97]],

[ 0, 95, 0,[ 32, 22, 17, 96]],

[ 10, 95, 0,[ 77, 45, 50, 36, 8]],

[ 27, 95, 0,[ 37, 94, 61]],

[ 56, 95, 0,[ 25, 76, 93, 87]],

[ 1, 95, 0,[ 85, 2, 18, 31]],

[ 77, 95, 0,[ 10, 15, 30]],

[ 98, 95, 0,[ 58, 73, 2]],

[ 37, 25, 1,[ 91, 68, 27, 66]],

[ 22, 95, 0,[ 0, 31, 12]],

[ 33, 95, 0,[ 48, 11, 70, 30]],

[ 11, 95, 0,[ 78, 33, 70]],

[ 49, 95, 0,[ 13, 35, 78, 69, 8]],

[ 18, 95, 0,[ 29, 54, 1, 8, 19]],

[ 43, 95, 0,[ 7, 55, 54, 72]],

[ 83, 95, 0,[ 80, 73, 59]],

[ 81, 95, 0,[ 6, 64, 26]],

[ 72, 95, 0,[ 71, 24, 36, 43]],

[ 61, 95, 0,[ 64, 84, 27, 4, 23]],

[ 26, 95, 0,[ 34, 81, 7, 25, 21]],

[ 89, 25, 1,[ 88, 4, 25]],

[ 41, 95, 0,[ 66, 3, 25]],

[ 30, 95, 0,[ 77, 33, 38]],

[ 17, 45, 1,[ 80, 0, 51, 96]],

[ 40, 95, 0,[ 51, 15]],

[ 69, 95, 0,[ 68, 49, 67, 92]],

[ 38, 75, 1,[ 92, 30, 3, 75]],

[ 29, 95, 0,[ 96, 91, 18]],

[ 68, 95, 0,[ 69, 37, 85]],

[ 85, 95, 0,[ 68, 1, 84]],

[ 25, 95, 0,[ 89, 42, 56, 26, 35, 41]],

[ 60, 95, 0,[ 14, 90, 58, 65, 48]],

[ 5, 95, 0,[ 6, 99, 4]],

[ 42, 95, 0,[ 15, 54, 55, 25]],

[ 32, 95, 0,[ 80, 35, 0]],

[ 79, 95, 0,[ 52, 23, 36]],

[ 14, 95, 0,[ 75, 28, 60]],

[ 70, 95, 0,[ 11, 33, 23, 99]],

[ 44, 95, 0,[ 73, 78, 21, 23, 46]],

[ 3, 95, 0,[ 15, 51, 38, 41, 71]],

[ 97, 95, 0,[ 24, 67, 78]],

[ 91, 95, 0,[ 29, 37, 48, 28]],

[ 94, 95, 0,[ 82, 88, 27, 59, 36]],

[ 62, 95, 0,[ 99, 46, 63]],

[ 67, 95, 0,[ 97, 74, 69]],

[ 53, 35, 1,[ 20, 52, 39, 57]],

[ 51, 95, 0,[ 40, 17, 3]],

[ 86, 95, 0,[ 63, 23, 28]],

[ 74, 95, 0,[ 76, 59, 57, 67, 16]],

[ 52, 95, 0,[ 79, 53, 78]],

[ 20, 95, 0,[ 53, 45, 9]],

[ 8, 95, 0,[ 10, 65, 49, 18]],

[ 73, 95, 0,[ 44, 98, 83]],

[ 95, 95, 0,[ 23, 4, 55]],

[ 57, 95, 0,[ 74, 53, 34]],

[ 87, 95, 0,[ 23, 56, 12]],

[ 82, 95, 0,[ 94, 39, 12]],

[ 80, 95, 0,[ 83, 88, 32, 17]],

[ 58, 95, 0,[ 16, 60, 98]],

[ 55, 95, 0,[ 31, 95, 43, 42]],

[ 19, 15, 1,[ 12, 75, 18]],

[ 45, 95, 0,[ 20, 46, 10]],

[ 4, 15, 1,[ 89, 95, 61, 5, 24]],

[ 88, 95, 0,[ 94, 80, 89]],

