[ 87, 65, 1,[ 45, 25]],

[ 27, 55, 1,[ 58, 35, 31]],

[ 78, 45, 1,[ 67, 2, 41]],

[ 89, 5, 0,[ 16, 62, 7]],

[ 50, 15, 0,[ 81, 10, 68, 94]],

[ 1, 55, 0,[ 13, 12, 6]],

[ 92, 35, 0,[ 59, 91, 18]],

[ 4, 65, 1,[ 77, 80, 23, 76, 64]],

[ 31, 15, 0,[ 27, 99, 94, 86]],

[ 96, 5, 0,[ 10, 39, 58, 74, 57]],

[ 5, 5, 0,[ 19, 85, 11]],

[ 18, 75, 0,[ 77, 46, 92]],

[ 15, 95, 1,[ 30, 85, 93]],

[ 30, 15, 0,[ 99, 8, 15]],

[ 77, 65, 0,[ 61, 4, 18]],

[ 73, 5, 1,[ 21, 57, 33]],

[ 32, 35, 1,[ 67, 88, 37]],

[ 91, 85, 1,[ 0, 99, 71, 92]],

[ 68, 45, 1,[ 50, 97, 60]],

[ 36, 15, 0,[ 47, 85, 52, 76]],

[ 2, 5, 1,[ 84, 93, 78, 26]],

[ 41, 45, 0,[ 28, 74, 78, 56]],

[ 3, 65, 0,[ 90, 0, 16, 54]],

[ 26, 5, 0,[ 49, 2, 63]],

[ 95, 25, 0,[ 70, 74, 23]],

[ 39, 75, 1,[ 51, 75, 96]],

[ 22, 55, 1,[ 12, 37, 29]],

[ 65, 65, 0,[ 83, 33]],

[ 97, 45, 0,[ 46, 25, 68]],

[ 67, 15, 1,[ 32, 9, 94, 81, 78]],

[ 44, 15, 1,[ 25, 54, 59]],

[ 25, 15, 0,[ 80, 70, 79, 97, 87, 44]],

[ 54, 35, 1,[ 44, 3, 29]],

[ 43, 85, 1,[ 19, 28, 79]],

[ 0, 65, 0,[ 83, 3, 91]],

[ 24, 15, 1,[ 90, 81, 29, 58]],

[ 71, 85, 0,[ 47, 20, 91]],

[ 99, 15, 0,[ 30, 31, 91]],

[ 94, 15, 0,[ 31, 50, 67]],

[ 74, 75, 0,[ 96, 86, 34, 95, 41]],

[ 55, 35, 1,[ 47, 63, 7]],

[ 88, 35, 0,[ 32, 59, 49]],

[ 86, 75, 1,[ 31, 74, 52, 14]],

[ 63, 5, 0,[ 34, 26, 55, 82]],

[ 51, 15, 1,[ 14, 39, 9]],

[ 9, 95, 1,[ 60, 59, 64, 51, 67]],

[ 11, 5, 0,[ 69, 5, 45]],

[ 42, 55, 1,[ 49, 46, 52, 61]],

[ 80, 65, 0,[ 90, 25, 4]],

[ 14, 85, 0,[ 72, 86, 51]],

[ 76, 25, 1,[ 85, 36, 4]],

[ 72, 85, 1,[ 14, 8, 23]],

[ 8, 15, 1,[ 93, 72, 30, 38]],

[ 28, 45, 1,[ 43, 98, 37, 41, 64, 35]],

[ 59, 35, 0,[ 88, 44, 9, 7, 92]],

[ 75, 15, 1,[ 37, 60, 39, 98]],

[ 40, 55, 0,[ 21, 48, 37]],

[ 13, 65, 1,[ 29, 6, 1]],

[ 47, 65, 1,[ 36, 53, 55, 17, 38, 71]],

[ 64, 5, 1,[ 28, 9, 4]],

[ 46, 75, 0,[ 18, 42, 34, 97]],

[ 66, 15, 1,[ 53, 21, 83]],

[ 21, 55, 1,[ 40, 66, 6, 73]],

[ 70, 15, 1,[ 56, 25, 57, 95, 7]],

[ 93, 75, 1,[ 15, 2, 8]],

[ 35, 45, 0,[ 28, 27, 69]],

[ 61, 15, 1,[ 77, 57, 48, 42, 16]],

[ 16, 35, 1,[ 61, 3, 69, 89, 38]],

[ 56, 15, 1,[ 70, 41, 79]],

[ 62, 5, 0,[ 17, 89]],

[ 10, 85, 1,[ 96, 50]],

[ 82, 45, 1,[ 98, 6, 63]],

[ 33, 5, 0,[ 73, 65, 19, 84]],

[ 29, 65, 0,[ 24, 22, 54, 13]],

[ 60, 15, 1,[ 75, 9, 68]],

[ 57, 15, 0,[ 73, 70, 96, 61]],

[ 12, 55, 0,[ 22, 90, 1]],

[ 6, 55, 0,[ 21, 13, 52, 82, 1]],

[ 53, 25, 1,[ 20, 47, 66]],

[ 85, 15, 0,[ 36, 79, 15, 76, 5]],

[ 98, 75, 1,[ 82, 28, 75]],

[ 23, 25, 1,[ 95, 4, 72, 48]],

[ 48, 25, 0,[ 40, 23, 61]],

[ 7, 5, 1,[ 70, 55, 59, 89]],

[ 34, 75, 1,[ 46, 74, 63]],

[ 90, 65, 0,[ 24, 3, 12, 80]],

[ 19, 5, 0,[ 43, 5, 33]],

[ 37, 75, 1,[ 28, 32, 40, 22, 75]],

[ 20, 25, 0,[ 81, 53, 71]],

[ 79, 15, 1,[ 56, 43, 25, 85]],

[ 38, 65, 0,[ 8, 47, 16]],

[ 49, 55, 0,[ 42, 26, 88]],

[ 17, 5, 0,[ 84, 58, 47, 62]],

[ 84, 5, 0,[ 33, 17, 2]],

[ 69, 5, 1,[ 11, 35, 16]],

[ 45, 65, 0,[ 87, 11]],

[ 52, 55, 0,[ 42, 86, 36, 6]],

[ 81, 25, 1,[ 50, 24, 20, 67]],

[ 58, 5, 1,[ 24, 96, 27, 17]],

[ 83, 65, 0,[ 66, 0, 65]],

