[ 55, 55, 0,[ 17, 73, 5]],

[ 51, 55, 0,[ 61, 27, 90, 15, 86]],

[ 87, 55, 0,[ 57, 6, 18, 34]],

[ 40, 55, 0,[ 99, 89]],

[ 37, 55, 0,[ 94, 96, 15]],

[ 43, 55, 0,[ 26, 71, 0]],

[ 93, 55, 0,[ 77, 15, 14]],

[ 12, 55, 0,[ 78, 11, 88, 76]],

[ 76, 65, 1,[ 21, 74, 48, 12, 60]],

[ 39, 55, 0,[ 70, 44, 47]],

[ 85, 55, 0,[ 13, 80, 91]],

[ 9, 55, 0,[ 15, 22, 82]],

[ 86, 55, 0,[ 20, 73, 51]],

[ 78, 55, 0,[ 56, 12, 11, 0]],

[ 73, 55, 0,[ 86, 24, 55]],

[ 70, 55, 0,[ 24, 58, 20, 39, 48]],

[ 82, 55, 0,[ 9, 35, 25, 95]],

[ 99, 55, 0,[ 88, 96, 40]],

[ 8, 55, 0,[ 98, 1, 91]],

[ 56, 45, 1,[ 78, 7, 96]],

[ 84, 55, 0,[ 94, 65, 50]],

[ 67, 55, 0,[ 2, 5, 7, 24]],

[ 5, 55, 0,[ 4, 97, 55, 18, 67]],

[ 21, 55, 0,[ 76, 79, 98]],

[ 50, 55, 0,[ 63, 29, 84, 45]],

[ 52, 95, 1,[ 23, 80, 41]],

[ 29, 55, 0,[ 33, 81, 68, 50]],

[ 36, 55, 0,[ 83, 15, 33]],

[ 92, 55, 0,[ 16, 62, 28]],

[ 17, 55, 0,[ 55, 48, 68]],

[ 31, 55, 0,[ 3, 22, 59, 54]],

[ 30, 25, 1,[ 94, 72]],

[ 62, 55, 0,[ 59, 68, 26, 80, 92]],

[ 57, 55, 0,[ 23, 95, 87]],

[ 45, 55, 0,[ 50, 3, 65]],

[ 1, 55, 0,[ 8, 97, 65]],

[ 69, 55, 0,[ 32, 46, 63]],

[ 20, 5, 1,[ 18, 11, 70, 86]],

[ 47, 65, 1,[ 59, 39, 14]],

[ 19, 55, 0,[ 34, 59]],

[ 98, 55, 0,[ 54, 4, 8, 10, 21]],

[ 7, 85, 1,[ 56, 74, 67, 79]],

[ 23, 55, 0,[ 57, 25, 11, 52]],

[ 49, 55, 0,[ 13, 33, 6, 77, 64]],

[ 81, 55, 0,[ 32, 29, 42]],

[ 14, 55, 0,[ 93, 47, 58, 33]],

[ 42, 55, 0,[ 81, 6, 75]],

[ 83, 55, 0,[ 0, 36, 79, 44]],

[ 33, 55, 0,[ 36, 49, 4, 29, 14]],

[ 0, 55, 0,[ 43, 78, 83]],

[ 53, 55, 0,[ 27, 75, 41]],

[ 88, 55, 0,[ 99, 12, 48]],

[ 64, 55, 0,[ 25, 49, 16]],

[ 63, 55, 0,[ 69, 26, 6, 50]],

[ 27, 55, 0,[ 51, 53]],

[ 18, 75, 1,[ 87, 35, 20, 5, 2]],

[ 66, 55, 0,[ 41, 22, 13]],

[ 41, 55, 0,[ 52, 72, 66, 53]],

[ 3, 55, 0,[ 22, 45, 31]],

[ 79, 55, 0,[ 21, 83, 46, 7]],

[ 89, 55, 0,[ 40, 16, 94, 11]],

[ 10, 55, 0,[ 80, 59, 98]],

[ 97, 55, 0,[ 1, 46, 5]],

[ 60, 25, 1,[ 76, 54, 38]],

[ 58, 55, 0,[ 94, 70, 90, 14]],

[ 16, 15, 1,[ 24, 64, 89, 92]],

[ 77, 55, 0,[ 49, 13, 93]],

[ 54, 55, 0,[ 60, 31, 98]],

[ 48, 55, 0,[ 76, 88, 17, 70]],

[ 28, 55, 0,[ 92, 94, 15]],

[ 94, 55, 0,[ 84, 37, 28, 30, 89, 71, 58]],

[ 61, 55, 0,[ 38, 51, 44]],

[ 71, 55, 0,[ 96, 94, 43]],

[ 13, 55, 0,[ 85, 49, 77, 66]],

[ 65, 55, 0,[ 1, 45, 35, 84]],

[ 38, 55, 0,[ 60, 46, 61]],

[ 72, 55, 0,[ 30, 75, 41]],

[ 75, 55, 0,[ 72, 74, 53, 42]],

[ 59, 55, 0,[ 10, 31, 2, 47, 62, 19]],

[ 11, 55, 0,[ 78, 12, 20, 23, 89]],

[ 74, 55, 0,[ 75, 76, 7]],

[ 80, 55, 0,[ 10, 52, 85, 62]],

[ 32, 55, 0,[ 34, 69, 81]],

[ 90, 55, 0,[ 51, 58]],

[ 15, 55, 0,[ 36, 93, 9, 28, 51, 37]],

[ 95, 55, 0,[ 57, 68, 82]],

[ 34, 55, 0,[ 87, 32, 19]],

[ 96, 55, 0,[ 71, 99, 37, 56]],

[ 22, 55, 0,[ 31, 66, 9, 3]],

[ 91, 55, 0,[ 85, 44, 8]],

[ 6, 55, 0,[ 49, 63, 42, 87]],

[ 46, 55, 0,[ 97, 38, 79, 69]],

[ 44, 55, 0,[ 83, 61, 39, 91]],

[ 4, 55, 0,[ 5, 98, 33]],

[ 25, 55, 0,[ 64, 82, 23]],

[ 68, 55, 0,[ 62, 95, 17, 29]],

[ 35, 55, 0,[ 82, 65, 18]],

[ 24, 55, 0,[ 73, 16, 67, 70]],

[ 26, 55, 0,[ 62, 43, 63]],

[ 2, 55, 0,[ 59, 18, 67]],

