[ 63, 95, 0,[ 14, 0, 33, 28]],

[ 11, 95, 0,[ 64, 94, 61, 59]],

[ 81, 95, 1,[ 59, 78, 29]],

[ 54, 95, 0,[ 62, 72, 96]],

[ 50, 95, 0,[ 13, 84, 71]],

[ 33, 5, 1,[ 6, 37, 63]],

[ 97, 95, 0,[ 13, 85, 76]],

[ 35, 95, 0,[ 76, 38, 47, 77]],

[ 90, 5, 1,[ 57, 29, 0]],

[ 39, 65, 1,[ 84, 65, 78, 79]],

[ 52, 95, 0,[ 2, 3, 21]],

[ 17, 95, 0,[ 7, 93, 51]],

[ 53, 95, 0,[ 69, 23, 24]],

[ 94, 95, 0,[ 23, 11, 60]],

[ 85, 95, 0,[ 68, 97, 28]],

[ 71, 95, 0,[ 50, 87, 96]],

[ 55, 95, 0,[ 95, 6, 80, 18]],

[ 27, 15, 1,[ 86, 47, 40]],

[ 62, 5, 1,[ 54, 95, 1]],

[ 69, 95, 0,[ 92, 10, 53]],

[ 83, 5, 1,[ 41, 2, 25, 70]],

[ 12, 25, 0,[ 7, 68, 60]],

[ 59, 95, 0,[ 31, 11, 81]],

[ 37, 95, 1,[ 49, 33, 22, 48]],

[ 23, 55, 1,[ 94, 87, 57, 76, 34, 53, 32]],

[ 38, 15, 1,[ 56, 65, 35]],

[ 78, 95, 0,[ 99, 81, 92, 74, 39]],

[ 95, 95, 0,[ 62, 0, 25, 55]],

[ 91, 55, 1,[ 16, 74, 26, 44, 67, 57]],

[ 25, 55, 1,[ 83, 95, 4, 3, 58]],

[ 16, 95, 0,[ 91, 30, 80]],

[ 74, 45, 0,[ 91, 60, 78]],

[ 10, 95, 1,[ 64, 69]],

[ 42, 95, 0,[ 4, 70, 9]],

[ 28, 95, 0,[ 63, 68, 85]],

[ 79, 95, 0,[ 1, 70, 39]],

[ 21, 95, 0,[ 67, 32, 52, 66]],

[ 8, 65, 1,[ 88, 45, 98]],

[ 67, 95, 0,[ 96, 21, 91]],

[ 60, 95, 1,[ 26, 94, 74, 82, 12]],

[ 92, 35, 1,[ 6, 78, 69]],

[ 31, 95, 1,[ 48, 77, 66, 59]],

[ 88, 65, 0,[ 8, 13, 6]],

[ 77, 75, 1,[ 43, 84, 35, 31]],

[ 46, 25, 0,[ 73, 22, 7]],

[ 3, 95, 1,[ 52, 68, 25]],

[ 73, 65, 1,[ 89, 46, 61]],

[ 47, 95, 0,[ 27, 35, 96]],

[ 20, 95, 0,[ 86, 0, 82]],

[ 30, 95, 0,[ 19, 75, 16]],

[ 19, 85, 1,[ 58, 30, 4]],

[ 6, 95, 1,[ 33, 51, 92, 88, 55, 45]],

[ 1, 55, 1,[ 62, 89, 79, 80]],

[ 65, 15, 0,[ 44, 39, 38]],

[ 89, 95, 0,[ 73, 1]],

[ 56, 15, 1,[ 38, 40]],

[ 51, 95, 0,[ 80, 17, 6]],

[ 48, 95, 1,[ 15, 31, 37]],

[ 9, 45, 1,[ 99, 93, 42]],

[ 14, 95, 1,[ 66, 4, 63]],

[ 58, 25, 1,[ 15, 25, 19]],

[ 66, 95, 0,[ 14, 21, 31]],

[ 64, 95, 0,[ 61, 10, 11, 5]],

[ 32, 95, 0,[ 68, 23, 21]],

[ 7, 15, 1,[ 17, 46, 12, 70, 49]],

[ 72, 95, 0,[ 98, 54, 43]],

[ 40, 95, 0,[ 82, 56, 27]],

[ 84, 85, 1,[ 50, 39, 77]],

[ 76, 75, 1,[ 23, 35, 97]],

[ 43, 95, 0,[ 5, 77, 72]],

[ 18, 95, 1,[ 22, 55]],

[ 0, 95, 0,[ 90, 63, 20, 49, 95]],

[ 57, 55, 1,[ 91, 23, 90]],

[ 22, 55, 1,[ 75, 46, 18, 37]],

[ 96, 95, 0,[ 47, 15, 67, 71, 54]],

[ 75, 95, 1,[ 2, 30, 22]],

[ 26, 95, 1,[ 60, 91, 68]],

[ 70, 95, 0,[ 42, 7, 79, 83]],

[ 29, 65, 1,[ 81, 90, 45]],

[ 24, 35, 1,[ 36, 53]],

[ 68, 95, 0,[ 26, 28, 12, 85, 3, 32]],

[ 86, 55, 1,[ 20, 27, 98, 93]],

[ 61, 95, 0,[ 73, 11, 64]],

[ 44, 15, 0,[ 65, 34, 91]],

[ 13, 95, 1,[ 97, 88, 50]],

[ 98, 95, 0,[ 72, 86, 8]],

[ 82, 95, 1,[ 93, 20, 40, 60]],

[ 80, 95, 0,[ 55, 16, 51, 1]],

[ 93, 95, 1,[ 9, 82, 17, 86, 36]],

[ 34, 95, 0,[ 44, 41, 87, 23]],

[ 4, 95, 1,[ 25, 14, 19, 42]],

[ 41, 65, 1,[ 34, 5, 83]],

[ 15, 95, 0,[ 48, 99, 58, 96]],

[ 45, 65, 1,[ 6, 29, 8, 36]],

[ 2, 15, 1,[ 52, 83, 75]],

[ 36, 35, 1,[ 45, 24, 93]],

[ 99, 85, 1,[ 15, 78, 9]],

[ 87, 95, 0,[ 71, 34, 23]],

[ 49, 95, 1,[ 0, 7, 37]],

[ 5, 75, 1,[ 43, 64, 41]],

