[ 24, 45, 0,[ 42, 13, 57]],

[ 62, 15, 0,[ 78, 84, 15]],

[ 97, 5, 1,[ 5, 66, 22, 23]],

[ 98, 65, 0,[ 34, 41, 59]],

[ 6, 85, 0,[ 10, 93, 87, 3]],

[ 69, 15, 0,[ 27, 86, 83]],

[ 75, 85, 1,[ 8, 65, 77]],

[ 89, 85, 0,[ 34, 35, 48, 13, 94]],

[ 99, 35, 1,[ 55, 49, 50]],

[ 31, 35, 1,[ 51, 72, 43]],

[ 30, 55, 0,[ 87, 95, 18]],

[ 50, 65, 1,[ 99, 29, 95]],

[ 17, 25, 1,[ 36, 67, 11]],

[ 73, 45, 0,[ 44, 60, 13]],

[ 77, 65, 1,[ 67, 75, 61, 38]],

[ 55, 25, 1,[ 99, 0, 34, 48]],

[ 72, 55, 0,[ 34, 31, 43]],

[ 45, 15, 1,[ 32, 84, 18, 83, 16]],

[ 68, 85, 0,[ 53, 47, 88]],

[ 18, 85, 1,[ 81, 30, 45, 36]],

[ 58, 35, 1,[ 74, 79, 7]],

[ 63, 95, 1,[ 48, 20, 39, 16]],

[ 48, 85, 0,[ 65, 89, 63, 55]],

[ 33, 15, 0,[ 51, 21, 39]],

[ 83, 65, 1,[ 42, 45, 69, 44]],

[ 87, 55, 0,[ 30, 6, 19, 2]],

[ 0, 45, 0,[ 15, 55, 12]],

[ 86, 55, 0,[ 11, 69, 5]],

[ 15, 5, 1,[ 62, 0, 82, 57]],

[ 14, 95, 0,[ 40, 54, 3, 5]],

[ 35, 85, 0,[ 54, 7, 89]],

[ 40, 95, 1,[ 10, 8, 14]],

[ 29, 95, 0,[ 3, 1, 50]],

[ 60, 65, 1,[ 65, 73, 23]],

[ 27, 15, 0,[ 69, 37, 92]],

[ 20, 65, 1,[ 88, 63]],

[ 23, 95, 0,[ 97, 60, 28]],

[ 16, 75, 1,[ 63, 61, 45, 28]],

[ 66, 35, 0,[ 46, 97, 74, 42]],

[ 44, 65, 1,[ 93, 83, 73, 82]],

[ 90, 65, 0,[ 53, 9, 12]],

[ 56, 55, 0,[ 95, 43, 65]],

[ 19, 75, 1,[ 70, 26, 87]],

[ 1, 65, 1,[ 29, 96, 49]],

[ 70, 25, 1,[ 12, 19, 41, 88]],

[ 71, 55, 0,[ 21, 95, 46]],

[ 65, 85, 0,[ 75, 48, 60, 56]],

[ 36, 65, 0,[ 61, 17, 18, 25]],

[ 5, 25, 1,[ 14, 86, 97]],

[ 76, 65, 0,[ 41, 22, 38, 53]],

[ 81, 65, 0,[ 64, 4, 9, 18]],

[ 67, 55, 0,[ 79, 77, 17]],

[ 74, 35, 1,[ 58, 39, 66]],

[ 46, 85, 1,[ 96, 66, 71, 78]],

[ 49, 75, 1,[ 47, 39, 99, 1]],

[ 95, 55, 0,[ 56, 71, 50, 30]],

[ 2, 5, 1,[ 87, 64, 96]],

[ 10, 55, 0,[ 6, 40, 32]],

[ 32, 95, 0,[ 45, 91, 10, 52]],

[ 21, 95, 0,[ 33, 3, 34, 71]],

[ 51, 65, 1,[ 11, 31, 33]],

[ 4, 75, 1,[ 84, 80, 81]],

[ 13, 45, 0,[ 89, 24, 73]],

[ 37, 15, 0,[ 27, 91, 26, 80]],

[ 38, 55, 1,[ 76, 77, 85]],

[ 92, 15, 0,[ 27, 52]],

[ 54, 35, 1,[ 28, 35, 14]],

[ 9, 65, 0,[ 78, 90, 81]],

[ 88, 65, 0,[ 70, 68, 20]],

[ 22, 65, 1,[ 8, 97, 76]],

[ 43, 55, 0,[ 31, 56, 79, 72]],

[ 84, 95, 0,[ 3, 62, 45, 4]],

[ 3, 45, 1,[ 14, 21, 84, 29, 6]],

[ 57, 35, 1,[ 24, 15, 41]],

[ 11, 75, 1,[ 52, 17, 86, 51]],

[ 61, 75, 1,[ 36, 16, 77]],

[ 7, 85, 0,[ 35, 58, 39]],

[ 93, 85, 0,[ 44, 6, 78]],

[ 41, 65, 0,[ 70, 76, 98, 57]],

[ 91, 75, 1,[ 37, 64, 85, 32]],

[ 34, 45, 1,[ 89, 55, 72, 21, 98, 82]],

[ 96, 55, 1,[ 46, 1, 2]],

[ 64, 25, 0,[ 81, 2, 91]],

[ 26, 95, 1,[ 19, 37]],

[ 94, 85, 0,[ 80, 85, 89]],

[ 79, 55, 0,[ 85, 67, 43, 28, 58]],

[ 53, 65, 0,[ 90, 68, 76]],

[ 25, 45, 1,[ 47, 36]],

[ 39, 25, 1,[ 63, 7, 49, 33, 74]],

[ 47, 85, 0,[ 68, 49, 25]],

[ 42, 55, 1,[ 24, 83, 66]],

[ 78, 25, 1,[ 93, 46, 59, 62, 9]],

[ 85, 55, 1,[ 79, 38, 91, 94]],

[ 12, 65, 1,[ 0, 59, 90, 70]],

[ 80, 45, 1,[ 94, 4, 37]],

[ 59, 65, 0,[ 12, 98, 78]],

[ 8, 55, 0,[ 40, 75, 22]],

[ 52, 95, 1,[ 32, 11, 92]],

[ 82, 35, 1,[ 44, 15, 34]],

[ 28, 35, 1,[ 23, 54, 79, 16]],

