[ 44, 55, 0,[ 81, 52, 13]],

[ 22, 5, 1,[ 34, 7, 80]],

[ 4, 65, 0,[ 32, 33, 87]],

[ 94, 95, 1,[ 18, 75, 5, 39, 32]],

[ 37, 55, 1,[ 29, 35, 96, 31, 65]],

[ 14, 45, 1,[ 6, 88]],

[ 16, 35, 1,[ 98, 62, 41]],

[ 36, 15, 0,[ 77, 96, 57, 54, 91]],

[ 32, 65, 0,[ 94, 4, 48, 53]],

[ 93, 15, 0,[ 68, 85, 83]],

[ 91, 15, 0,[ 38, 74, 36, 24]],

[ 98, 35, 1,[ 16, 89, 76]],

[ 81, 55, 1,[ 46, 31, 44]],

[ 43, 15, 0,[ 85, 74, 53, 11]],

[ 11, 15, 1,[ 8, 92, 43, 25]],

[ 75, 25, 0,[ 20, 66, 94]],

[ 84, 5, 1,[ 26, 80, 60, 45]],

[ 61, 25, 0,[ 9, 29, 42]],

[ 23, 85, 1,[ 74, 59, 50]],

[ 0, 95, 1,[ 87, 55, 26]],

[ 99, 15, 1,[ 19, 68]],

[ 64, 65, 0,[ 74, 87, 49]],

[ 28, 55, 0,[ 1, 65, 74]],

[ 47, 15, 0,[ 95, 85, 90, 53]],

[ 9, 15, 0,[ 61, 95, 2]],

[ 24, 15, 1,[ 86, 31, 91]],

[ 42, 25, 0,[ 38, 61, 90]],

[ 92, 15, 1,[ 78, 85, 11]],

[ 34, 25, 1,[ 68, 22, 41, 56, 67]],

[ 8, 45, 1,[ 97, 11]],

[ 82, 15, 0,[ 57, 70, 45]],

[ 95, 15, 0,[ 72, 47, 7, 9]],

[ 2, 35, 0,[ 19, 9, 12, 27]],

[ 52, 55, 0,[ 69, 44, 49]],

[ 1, 35, 0,[ 12, 63, 28]],

[ 17, 65, 0,[ 59, 25, 78]],

[ 20, 25, 1,[ 53, 75, 63]],

[ 78, 55, 1,[ 17, 92, 51]],

[ 21, 85, 1,[ 83, 73, 76, 50]],

[ 67, 95, 1,[ 34, 70, 72]],

[ 77, 45, 1,[ 6, 10, 41, 36]],

[ 97, 45, 0,[ 8, 70]],

[ 48, 65, 0,[ 39, 32, 58]],

[ 86, 25, 0,[ 39, 24, 66]],

[ 25, 65, 1,[ 15, 17, 11]],

[ 72, 15, 0,[ 7, 67, 95]],

[ 80, 75, 1,[ 58, 96, 84, 22]],

[ 68, 15, 0,[ 99, 93, 34]],

[ 71, 55, 0,[ 49, 12, 6]],

[ 26, 25, 1,[ 5, 40, 84, 0]],

[ 27, 25, 1,[ 55, 31, 38, 2]],

[ 57, 15, 0,[ 82, 90, 18, 36]],

[ 79, 95, 1,[ 35, 45, 49]],

[ 31, 55, 0,[ 24, 27, 81, 37]],

[ 6, 95, 1,[ 71, 15, 77, 14]],

[ 58, 65, 1,[ 45, 80, 30, 48]],

[ 90, 25, 1,[ 69, 57, 42, 47, 15]],

[ 19, 35, 1,[ 99, 59, 2, 73, 76]],

[ 10, 85, 0,[ 60, 77, 62]],

[ 3, 55, 1,[ 40]],

[ 40, 85, 1,[ 3, 51, 26]],

[ 60, 25, 0,[ 38, 84, 39, 10]],

[ 74, 15, 0,[ 64, 43, 28, 91, 23]],

[ 35, 55, 0,[ 37, 79]],

[ 41, 55, 1,[ 77, 34, 16]],

[ 39, 25, 0,[ 94, 45, 86, 48, 60]],

[ 13, 15, 1,[ 70, 44]],

[ 49, 55, 1,[ 79, 52, 71, 64]],

[ 76, 75, 1,[ 21, 19, 98]],

[ 56, 25, 1,[ 66, 34, 62]],

[ 70, 15, 0,[ 83, 82, 13, 67, 97]],

[ 87, 65, 1,[ 4, 0, 64, 50]],

[ 53, 15, 0,[ 43, 32, 47, 20]],

[ 33, 85, 1,[ 69, 4, 54]],

[ 30, 65, 0,[ 58, 88, 59]],

[ 65, 55, 0,[ 37, 28, 46]],

[ 5, 25, 0,[ 89, 26, 94]],

[ 62, 85, 1,[ 10, 56, 16]],

[ 63, 35, 1,[ 20, 55, 54, 1]],

[ 73, 15, 1,[ 21, 18, 19]],

[ 69, 65, 1,[ 33, 52, 90]],

[ 85, 15, 0,[ 92, 89, 43, 47, 93]],

[ 15, 25, 0,[ 25, 38, 6, 90]],

[ 18, 15, 0,[ 94, 57, 73]],

[ 46, 55, 0,[ 81, 65, 89]],

[ 38, 25, 1,[ 29, 27, 91, 15, 60, 42]],

[ 45, 25, 1,[ 84, 79, 58, 82, 39]],

[ 66, 25, 0,[ 56, 75, 86]],

[ 96, 55, 0,[ 36, 80, 37]],

[ 12, 35, 0,[ 71, 1, 2]],

[ 29, 25, 0,[ 38, 61, 37]],

[ 88, 45, 1,[ 30, 51, 14]],

[ 50, 95, 1,[ 21, 87, 23]],

[ 7, 15, 0,[ 72, 95, 22]],

[ 83, 15, 0,[ 21, 70, 93]],

[ 59, 65, 1,[ 17, 23, 30, 19]],

[ 89, 85, 1,[ 46, 5, 98, 85]],

[ 51, 45, 0,[ 40, 78, 88]],

[ 54, 55, 1,[ 33, 36, 63]],

[ 55, 95, 0,[ 0, 63, 27]],

