[ 69, 95, 1,[ 35, 70, 30]],

[ 49, 85, 0,[ 19, 99, 3, 13, 51]],

[ 6, 85, 0,[ 78, 22, 31]],

[ 43, 85, 0,[ 21, 78, 45]],

[ 62, 85, 0,[ 36, 42, 5]],

[ 78, 85, 0,[ 36, 6, 43, 66]],

[ 14, 85, 0,[ 7, 48, 82]],

[ 34, 45, 1,[ 1, 74, 35, 40]],

[ 40, 85, 0,[ 34, 68, 87]],

[ 47, 85, 0,[ 39, 80, 7, 77]],

[ 98, 85, 0,[ 99, 96]],

[ 44, 85, 0,[ 23, 36, 12]],

[ 86, 85, 0,[ 70, 54, 10]],

[ 58, 85, 0,[ 19, 3, 45]],

[ 41, 85, 0,[ 57, 17, 37, 30]],

[ 76, 85, 0,[ 4, 2, 68]],

[ 28, 85, 0,[ 46, 21, 75]],

[ 75, 85, 0,[ 66, 74, 28, 73]],

[ 89, 85, 0,[ 79, 33, 15, 88]],

[ 7, 85, 0,[ 14, 47, 50, 8]],

[ 53, 85, 0,[ 38, 25, 59, 52, 20]],

[ 35, 85, 0,[ 77, 34, 11, 95, 69]],

[ 10, 85, 0,[ 3, 86, 46, 92]],

[ 9, 85, 0,[ 32, 96, 54]],

[ 32, 85, 0,[ 73, 9, 68]],

[ 12, 85, 0,[ 44, 2, 85, 38]],

[ 19, 85, 0,[ 58, 71, 49, 50]],

[ 85, 85, 0,[ 1, 12, 0]],

[ 21, 85, 1,[ 28, 80, 43, 16, 42]],

[ 2, 85, 0,[ 26, 76, 12]],

[ 88, 85, 0,[ 87, 63, 89, 65]],

[ 59, 85, 0,[ 53, 23, 56]],

[ 29, 85, 0,[ 54, 36, 27]],

[ 55, 85, 0,[ 4, 8, 13, 25]],

[ 84, 75, 1,[ 82, 72, 91]],

[ 93, 85, 0,[ 95, 94, 17]],

[ 31, 85, 0,[ 18, 5, 6]],

[ 66, 85, 0,[ 24, 78, 75]],

[ 94, 85, 0,[ 48, 93, 57, 64]],

[ 70, 85, 0,[ 86, 69, 22, 71]],

[ 87, 85, 0,[ 40, 88, 52, 4]],

[ 27, 85, 0,[ 29, 26, 38]],

[ 0, 85, 0,[ 20, 61, 45, 85]],

[ 95, 85, 0,[ 52, 35, 93]],

[ 71, 85, 0,[ 19, 18, 70]],

[ 73, 85, 0,[ 32, 75, 17]],

[ 20, 85, 0,[ 53, 16, 50, 22, 0]],

[ 57, 85, 0,[ 41, 94, 51, 60, 26]],

[ 80, 85, 0,[ 17, 83, 21, 47]],

[ 26, 85, 0,[ 27, 64, 13, 2, 57]],

[ 50, 5, 1,[ 7, 20, 48, 19]],

[ 54, 85, 0,[ 77, 29, 9, 52, 86]],

[ 56, 85, 0,[ 1, 68, 39, 59]],

[ 72, 85, 0,[ 84, 46, 51]],

[ 60, 85, 0,[ 81, 24, 57]],

[ 1, 85, 0,[ 56, 85, 15, 45, 34]],

[ 64, 85, 0,[ 26, 94, 22]],

[ 51, 85, 0,[ 57, 72, 49]],

[ 97, 65, 1,[ 46, 90, 99]],

[ 91, 85, 0,[ 90, 42, 37, 84]],

[ 83, 85, 0,[ 82, 80, 96]],

[ 8, 85, 0,[ 55, 17, 7]],

[ 22, 35, 1,[ 20, 6, 70, 64]],

[ 13, 85, 0,[ 5, 49, 55, 26]],

[ 48, 85, 0,[ 94, 50, 14, 92]],

[ 90, 85, 0,[ 74, 67, 18, 97, 91]],

[ 4, 85, 0,[ 55, 87, 76]],

[ 36, 85, 0,[ 29, 78, 44, 62]],

[ 18, 85, 0,[ 90, 71, 31]],

[ 63, 85, 0,[ 88, 65, 61]],

[ 65, 85, 0,[ 88, 92, 63]],

[ 38, 85, 0,[ 27, 12, 37, 53]],

[ 82, 85, 0,[ 14, 83, 84]],

[ 92, 85, 0,[ 65, 10, 48]],

[ 68, 85, 0,[ 76, 56, 40, 32]],

[ 11, 85, 0,[ 46, 23, 35]],

[ 74, 85, 0,[ 34, 96, 75, 90]],

[ 24, 85, 0,[ 79, 66, 60]],

[ 45, 85, 0,[ 43, 58, 1, 0]],

[ 99, 85, 0,[ 98, 97, 49]],

[ 3, 85, 0,[ 10, 49, 58]],

[ 61, 85, 0,[ 30, 63, 0]],

[ 79, 75, 1,[ 81, 89, 24]],

[ 37, 85, 0,[ 91, 38, 39, 33, 41]],

[ 46, 85, 0,[ 72, 10, 11, 97, 28]],

[ 30, 85, 0,[ 61, 41, 69]],

[ 17, 85, 0,[ 73, 80, 93, 41, 8]],

[ 81, 65, 1,[ 23, 79, 60, 67]],

[ 96, 85, 0,[ 74, 98, 83, 9]],

[ 33, 85, 0,[ 37, 89, 16]],

[ 39, 85, 0,[ 56, 37, 47]],

[ 67, 85, 0,[ 90, 81, 5]],

[ 25, 85, 0,[ 55, 53, 15]],

[ 42, 85, 0,[ 91, 21, 62]],

[ 15, 85, 0,[ 1, 25, 89]],

[ 77, 85, 0,[ 47, 54, 35]],

[ 5, 85, 1,[ 13, 31, 67, 62]],

[ 23, 85, 0,[ 44, 11, 59, 81]],

[ 52, 85, 0,[ 53, 87, 54, 95]],

[ 16, 85, 0,[ 20, 21, 33]],

