[ 71, 35, 1,[ 51, 3]],

[ 75, 25, 1,[ 44, 15, 92]],

[ 2, 55, 1,[ 51, 47, 64]],

[ 33, 45, 1,[ 85, 80, 48, 49]],

[ 21, 55, 0,[ 27, 39, 69, 63]],

[ 64, 55, 0,[ 49, 11, 57, 2]],

[ 87, 95, 0,[ 37, 15, 69]],

[ 68, 95, 0,[ 83, 15, 13]],

[ 45, 35, 1,[ 34, 59, 22]],

[ 3, 35, 0,[ 93, 71, 85]],

[ 10, 95, 1,[ 13, 70, 17]],

[ 26, 95, 0,[ 9, 53, 74, 77]],

[ 19, 15, 1,[ 43, 66, 65]],

[ 79, 95, 0,[ 69, 6, 56]],

[ 36, 75, 0,[ 7, 98, 12]],

[ 92, 25, 0,[ 75, 29, 34]],

[ 9, 15, 1,[ 85, 89, 26]],

[ 42, 95, 0,[ 82, 32, 24, 55, 30]],

[ 63, 65, 1,[ 21, 60, 18]],

[ 67, 15, 1,[ 74, 25, 6, 40, 1, 55, 93]],

[ 72, 75, 1,[ 38, 54, 23]],

[ 48, 5, 1,[ 33, 66, 28]],

[ 60, 25, 0,[ 14, 70, 34, 63]],

[ 44, 5, 1,[ 75, 11, 56, 37]],

[ 30, 95, 1,[ 46, 22, 42]],

[ 25, 35, 1,[ 70, 1, 4, 67]],

[ 27, 95, 0,[ 88, 96, 21]],

[ 98, 95, 0,[ 54, 36, 82]],

[ 32, 75, 0,[ 42, 17, 47]],

[ 1, 15, 0,[ 25, 67, 57]],

[ 40, 15, 0,[ 12, 57, 67]],

[ 89, 5, 1,[ 65, 17, 54, 88, 9, 61]],

[ 82, 95, 1,[ 42, 98, 15]],

[ 43, 25, 0,[ 6, 5, 19]],

[ 15, 95, 1,[ 54, 49, 75, 82, 68, 87]],

[ 97, 15, 0,[ 99, 56, 28]],

[ 24, 55, 1,[ 28, 42, 80, 11]],

[ 62, 75, 0,[ 17, 20, 52]],

[ 91, 25, 0,[ 8, 84, 76]],

[ 35, 25, 0,[ 58, 31, 93]],

[ 74, 65, 1,[ 22, 67, 26]],

[ 46, 65, 1,[ 81, 4, 30]],

[ 6, 25, 1,[ 79, 16, 67, 50, 43]],

[ 84, 25, 0,[ 91, 96, 38]],

[ 57, 15, 0,[ 40, 64, 18, 1]],

[ 99, 15, 0,[ 97, 90, 50, 73]],

[ 78, 75, 0,[ 88, 20, 4, 8]],

[ 49, 55, 0,[ 15, 64, 33]],

[ 52, 25, 0,[ 76, 62, 95, 86]],

[ 29, 25, 0,[ 39, 59, 92]],

[ 93, 15, 0,[ 3, 67, 35]],

[ 31, 5, 1,[ 0, 35, 7, 94]],

[ 96, 95, 0,[ 16, 84, 27, 23]],

[ 13, 25, 1,[ 10, 68, 61]],

[ 38, 25, 0,[ 95, 50, 72, 84, 5]],

[ 56, 95, 1,[ 79, 97, 86, 44]],

[ 55, 85, 1,[ 80, 42, 67]],

[ 11, 55, 0,[ 44, 24, 64]],

[ 61, 25, 0,[ 5, 13, 89]],

[ 28, 15, 1,[ 97, 48, 24, 47, 80]],

[ 18, 5, 1,[ 57, 63, 77]],

[ 34, 25, 0,[ 14, 60, 65, 92, 45]],

[ 80, 35, 1,[ 24, 28, 55, 33]],

[ 53, 95, 1,[ 86, 26, 94]],

[ 8, 25, 0,[ 78, 91, 95]],

[ 4, 65, 0,[ 78, 25, 46]],

[ 50, 35, 1,[ 6, 38, 99]],

[ 88, 95, 1,[ 27, 66, 89, 78]],

[ 77, 95, 1,[ 18, 26, 76]],

[ 16, 95, 1,[ 37, 6, 96]],

[ 12, 75, 0,[ 40, 36, 90]],

[ 20, 75, 1,[ 78, 62, 90]],

[ 23, 95, 0,[ 96, 81, 72]],

[ 65, 15, 1,[ 19, 89, 34, 83]],

[ 73, 55, 0,[ 94, 99, 69]],

[ 14, 25, 0,[ 60, 59, 34]],

[ 37, 95, 0,[ 44, 94, 16, 87]],

[ 85, 75, 1,[ 33, 9, 3, 95]],

[ 76, 85, 1,[ 41, 83, 52, 77, 91]],

[ 54, 15, 1,[ 72, 15, 89, 98]],

[ 94, 95, 1,[ 73, 31, 37, 53]],

[ 51, 35, 0,[ 71, 2, 41]],

[ 17, 75, 1,[ 10, 62, 89, 32]],

[ 90, 75, 0,[ 12, 99, 20]],

[ 83, 85, 0,[ 76, 68, 65]],

[ 41, 15, 0,[ 51, 76]],

[ 39, 25, 0,[ 7, 21, 29]],

[ 95, 25, 1,[ 8, 0, 85, 38, 52]],

[ 0, 85, 1,[ 31, 95]],

[ 69, 55, 1,[ 21, 79, 87, 73]],

[ 66, 65, 1,[ 88, 19, 48]],

[ 47, 75, 1,[ 58, 28, 2, 32]],

[ 59, 25, 0,[ 45, 14, 29]],

[ 58, 25, 0,[ 47, 70, 35]],

[ 81, 15, 1,[ 46, 23]],

[ 7, 75, 0,[ 31, 36, 39]],

[ 70, 25, 1,[ 58, 25, 10, 60]],

[ 22, 75, 1,[ 45, 30, 74]],

[ 5, 25, 0,[ 38, 61, 43]],

[ 86, 25, 1,[ 52, 53, 56]],

