[ 21, 5, 0,[ 91, 51, 27, 20, 70]],

[ 96, 5, 0,[ 78, 82, 73]],

[ 0, 5, 0,[ 86, 14, 18]],

[ 98, 5, 0,[ 64, 99, 65]],

[ 1, 5, 0,[ 14, 82, 77]],

[ 99, 5, 0,[ 98, 15, 11]],

[ 85, 5, 0,[ 55, 12, 15]],

[ 26, 15, 1,[ 66, 44, 25]],

[ 81, 5, 0,[ 82, 11, 31]],

[ 97, 5, 0,[ 13, 64, 29]],

[ 38, 5, 0,[ 72, 65, 9]],

[ 59, 5, 0,[ 86, 87, 47]],

[ 36, 5, 0,[ 92, 49, 61]],

[ 15, 5, 0,[ 99, 82, 85, 87]],

[ 17, 85, 1,[ 93, 58]],

[ 19, 5, 0,[ 80, 33, 5]],

[ 25, 5, 0,[ 29, 8, 26, 16]],

[ 9, 5, 0,[ 38, 18, 66, 91, 32]],

[ 67, 5, 0,[ 66, 63, 55]],

[ 89, 5, 0,[ 90, 88, 71]],

[ 39, 5, 0,[ 94, 3, 62]],

[ 22, 45, 1,[ 83, 54, 8]],

[ 75, 5, 0,[ 86, 31, 55]],

[ 45, 5, 0,[ 30, 35, 43, 7, 49]],

[ 27, 5, 0,[ 21, 6, 46]],

[ 34, 5, 0,[ 35, 10, 73, 42]],

[ 16, 5, 0,[ 51, 63, 25, 71]],

[ 31, 5, 0,[ 75, 65, 28, 4, 81]],

[ 62, 5, 0,[ 65, 2, 39]],

[ 33, 5, 0,[ 49, 13, 77, 40, 19]],

[ 86, 5, 0,[ 75, 0, 7, 59]],

[ 79, 5, 0,[ 12, 51, 78, 50]],

[ 88, 5, 0,[ 20, 87, 89]],

[ 77, 5, 0,[ 44, 58, 1, 33]],

[ 10, 5, 0,[ 34, 7, 76]],

[ 2, 5, 0,[ 95, 52, 32, 62]],

[ 64, 5, 0,[ 98, 97, 18, 37]],

[ 28, 5, 0,[ 3, 94, 31]],

[ 37, 5, 0,[ 54, 48, 64]],

[ 46, 5, 0,[ 41, 4, 27, 95]],

[ 76, 5, 0,[ 40, 84, 10]],

[ 41, 5, 0,[ 54, 84, 46, 30]],

[ 42, 5, 0,[ 52, 34, 43]],

[ 90, 35, 1,[ 3, 71, 89]],

[ 20, 5, 0,[ 21, 88, 35, 78]],

[ 8, 5, 0,[ 91, 25, 6, 22]],

[ 66, 5, 0,[ 67, 83, 26, 9]],

[ 63, 5, 0,[ 73, 16, 44, 67]],

[ 43, 5, 1,[ 42, 45, 53]],

[ 68, 5, 0,[ 61, 50, 74]],

[ 65, 5, 0,[ 38, 98, 50, 62, 31]],

[ 74, 5, 0,[ 60, 68, 53]],

[ 54, 5, 0,[ 41, 37, 22, 6]],

[ 48, 5, 0,[ 6, 37, 72]],

[ 14, 5, 0,[ 1, 56, 0]],

[ 12, 5, 0,[ 79, 5, 85]],

[ 13, 15, 1,[ 97, 80, 23, 33]],

[ 11, 5, 0,[ 99, 32, 81]],

[ 29, 5, 0,[ 97, 53, 25]],

[ 40, 5, 0,[ 76, 33, 94, 93]],

[ 70, 5, 0,[ 49, 21, 69]],

[ 61, 5, 0,[ 36, 84, 80, 68]],

[ 18, 5, 0,[ 64, 9, 0]],

[ 3, 5, 0,[ 28, 39, 90]],

[ 93, 5, 0,[ 92, 40, 60, 17]],

[ 91, 5, 0,[ 8, 9, 21]],

[ 72, 5, 0,[ 38, 83, 48]],

[ 30, 5, 1,[ 41, 60, 45]],

[ 73, 5, 0,[ 34, 63, 96]],

[ 47, 5, 0,[ 4, 59, 55, 57]],

[ 92, 5, 0,[ 36, 52, 93]],

[ 56, 5, 0,[ 49, 14]],

[ 50, 5, 0,[ 79, 57, 65, 68]],

[ 32, 5, 0,[ 2, 11, 58, 9]],

[ 52, 95, 1,[ 42, 92, 2]],

[ 94, 5, 0,[ 23, 39, 87, 40, 28]],

[ 58, 5, 0,[ 17, 32, 77]],

[ 4, 5, 0,[ 47, 24, 31, 46]],

[ 55, 5, 0,[ 67, 85, 75, 47]],

[ 83, 5, 0,[ 22, 78, 66, 72]],

[ 78, 95, 1,[ 20, 96, 83, 79]],

[ 35, 5, 0,[ 20, 45, 34]],

[ 5, 5, 0,[ 19, 12, 7]],

[ 49, 5, 0,[ 45, 56, 36, 33, 70]],

[ 82, 5, 0,[ 1, 81, 15, 96]],

[ 57, 5, 0,[ 47, 50]],

[ 95, 5, 0,[ 24, 2, 46]],

[ 84, 5, 0,[ 61, 41, 76]],

[ 6, 5, 0,[ 54, 27, 48, 8]],

[ 24, 35, 1,[ 4, 53, 95]],

[ 87, 5, 0,[ 59, 88, 15, 94]],

[ 23, 5, 0,[ 69, 13, 94]],

[ 51, 5, 0,[ 21, 16, 79]],

[ 80, 5, 0,[ 19, 61, 13]],

[ 7, 5, 0,[ 5, 45, 10, 86]],

[ 44, 5, 0,[ 26, 63, 77]],

[ 53, 5, 0,[ 43, 24, 74, 29]],

[ 71, 5, 0,[ 16, 89, 90]],

[ 60, 5, 0,[ 30, 93, 74]],

[ 69, 5, 0,[ 23, 70]],

