[ 95, 55, 0,[ 27, 9, 35]],

[ 23, 55, 0,[ 53, 63, 15, 35]],

[ 89, 65, 1,[ 74, 87, 92]],

[ 56, 55, 0,[ 46, 65, 69, 70]],

[ 34, 55, 0,[ 26, 81, 53]],

[ 19, 25, 0,[ 97, 67, 49, 11]],

[ 32, 55, 0,[ 64, 3, 45]],

[ 4, 95, 1,[ 20, 27, 10]],

[ 71, 45, 1,[ 9, 91, 99]],

[ 79, 45, 1,[ 72, 8, 2]],

[ 44, 55, 0,[ 77, 18, 33]],

[ 63, 65, 1,[ 45, 62, 23]],

[ 29, 15, 1,[ 8, 85, 53]],

[ 22, 55, 1,[ 94, 0, 18, 10]],

[ 0, 55, 0,[ 22, 59, 13]],

[ 45, 25, 1,[ 69, 63, 21, 32]],

[ 37, 25, 0,[ 88, 98, 47]],

[ 77, 25, 1,[ 50, 70, 44]],

[ 1, 55, 0,[ 47, 58, 42]],

[ 62, 15, 1,[ 70, 43, 63]],

[ 16, 35, 1,[ 54, 49, 90]],

[ 15, 55, 0,[ 60, 52, 86, 23]],

[ 88, 85, 1,[ 93, 14, 37, 51]],

[ 80, 35, 1,[ 27, 76, 31]],

[ 2, 55, 0,[ 25, 24, 79]],

[ 25, 15, 1,[ 94, 2, 13, 92]],

[ 33, 55, 1,[ 75, 44, 93]],

[ 53, 55, 0,[ 36, 8, 34, 97, 29, 23]],

[ 55, 35, 1,[ 85, 64, 18, 54, 13, 38]],

[ 92, 25, 1,[ 74, 66, 25, 8, 89]],

[ 31, 55, 1,[ 80, 35, 97]],

[ 24, 95, 1,[ 51, 2]],

[ 21, 35, 1,[ 61, 40, 45]],

[ 12, 55, 0,[ 49, 41, 28]],

[ 30, 25, 0,[ 99, 96, 74]],

[ 40, 55, 0,[ 50, 65, 82, 21]],

[ 96, 25, 1,[ 83, 30, 66]],

[ 58, 55, 1,[ 78, 1, 61]],

[ 82, 85, 1,[ 65, 40, 36, 26]],

[ 42, 65, 1,[ 26, 1, 81]],

[ 60, 15, 1,[ 43, 99, 75, 15]],

[ 38, 35, 0,[ 47, 20, 55, 43, 90]],

[ 14, 55, 0,[ 18, 73, 88]],

[ 41, 55, 0,[ 87, 12, 93]],

[ 43, 35, 0,[ 62, 38, 60]],

[ 57, 55, 0,[ 78, 74, 52]],

[ 26, 25, 1,[ 68, 52, 86, 82, 59, 34, 42, 64]],

[ 84, 25, 1,[ 76, 17, 64]],

[ 28, 55, 0,[ 6, 35, 12]],

[ 76, 55, 0,[ 10, 80, 84]],

[ 36, 35, 1,[ 39, 82, 53]],

[ 94, 55, 1,[ 22, 25, 9]],

[ 91, 55, 0,[ 46, 5, 71]],

[ 6, 55, 0,[ 98, 3, 28, 67, 20, 48]],

[ 7, 55, 1,[ 61, 70]],

[ 35, 55, 0,[ 23, 95, 28, 31, 17]],

[ 48, 55, 0,[ 61, 6, 72]],

[ 99, 25, 0,[ 71, 60, 30]],

[ 66, 25, 0,[ 86, 96, 92]],

[ 9, 55, 0,[ 71, 39, 95, 94]],

[ 59, 85, 1,[ 26, 0, 87]],

[ 98, 45, 1,[ 11, 6, 37]],

[ 13, 55, 0,[ 55, 0, 25, 46]],

[ 73, 25, 0,[ 8, 14, 11]],

[ 68, 15, 1,[ 87, 26]],

[ 8, 55, 0,[ 92, 81, 29, 75, 73, 53, 67, 79]],

[ 20, 65, 1,[ 4, 38, 6]],

[ 61, 55, 0,[ 21, 7, 58, 48]],

[ 65, 55, 0,[ 40, 82, 56]],

[ 39, 45, 0,[ 36, 72, 9, 67]],

[ 10, 5, 1,[ 4, 76, 22, 5]],

[ 75, 55, 1,[ 60, 33, 8]],

[ 17, 95, 1,[ 35, 84, 18, 86]],

[ 49, 15, 1,[ 19, 16, 12]],

[ 11, 25, 0,[ 73, 19, 98, 47]],

[ 81, 55, 0,[ 8, 42, 34]],

[ 93, 55, 0,[ 41, 88, 33]],

[ 52, 55, 1,[ 57, 15, 26]],

[ 86, 25, 0,[ 17, 66, 90, 15, 26]],

[ 50, 55, 1,[ 77, 40, 85]],

[ 51, 55, 1,[ 88, 78, 24]],

[ 83, 55, 0,[ 96]],

[ 46, 5, 1,[ 91, 13, 56]],

[ 64, 85, 1,[ 26, 84, 32, 55]],

[ 78, 5, 1,[ 51, 58, 57]],

[ 74, 25, 0,[ 92, 30, 89, 57]],

[ 47, 5, 1,[ 1, 37, 11, 70, 38]],

[ 72, 55, 0,[ 39, 79, 48]],

[ 90, 35, 0,[ 38, 16, 86]],

[ 70, 15, 1,[ 62, 7, 47, 77, 56]],

[ 54, 45, 1,[ 55, 3, 16]],

[ 5, 55, 0,[ 10, 91]],

[ 85, 55, 0,[ 55, 29, 50]],

[ 3, 55, 0,[ 32, 6, 54]],

[ 69, 35, 1,[ 45, 97, 56]],

[ 27, 75, 1,[ 95, 4, 80]],

[ 87, 35, 0,[ 59, 89, 41, 68]],

[ 97, 55, 0,[ 69, 19, 31, 53]],

[ 67, 85, 1,[ 8, 39, 19, 6]],

[ 18, 55, 0,[ 44, 17, 55, 22, 14]],

