[ 93, 95, 1,[ 7, 43, 23, 80, 3]],

[ 87, 65, 0,[ 54, 5, 1, 40, 28, 95]],

[ 37, 65, 0,[ 62, 6, 69]],

[ 13, 65, 0,[ 14, 61, 94]],

[ 34, 65, 0,[ 43, 18, 48]],

[ 89, 65, 0,[ 18, 83, 45]],

[ 5, 65, 0,[ 78, 87, 39]],

[ 97, 65, 0,[ 56, 70, 9]],

[ 75, 65, 0,[ 86, 23, 35]],

[ 58, 65, 0,[ 61, 53, 17]],

[ 8, 65, 0,[ 25, 65, 33, 49]],

[ 59, 65, 0,[ 71, 30, 77]],

[ 83, 65, 0,[ 89, 98, 63]],

[ 50, 65, 0,[ 86, 90, 15, 56, 64]],

[ 22, 65, 0,[ 9, 44, 70, 10]],

[ 95, 65, 0,[ 85, 92, 87]],

[ 10, 65, 0,[ 33, 46, 60, 2, 22, 53]],

[ 73, 65, 0,[ 28, 84, 68, 35, 21, 96]],

[ 30, 65, 0,[ 59, 45, 11]],

[ 32, 65, 0,[ 70, 36, 65]],

[ 71, 65, 0,[ 76, 44, 68, 59]],

[ 98, 65, 0,[ 83, 84, 74]],

[ 91, 65, 0,[ 92, 17, 24]],

[ 77, 65, 0,[ 85, 6, 59]],

[ 2, 65, 0,[ 19, 82, 10]],

[ 69, 65, 0,[ 37, 94, 66]],

[ 43, 65, 0,[ 93, 96, 6, 34]],

[ 36, 65, 0,[ 76, 49, 32]],

[ 3, 65, 0,[ 93, 40, 67]],

[ 28, 65, 0,[ 99, 87, 73]],

[ 63, 65, 0,[ 64, 83, 65]],

[ 65, 65, 0,[ 8, 16, 32, 19, 63, 61]],

[ 15, 65, 0,[ 31, 51, 50]],

[ 40, 65, 0,[ 3, 87, 21]],

[ 90, 75, 1,[ 50, 62, 92]],

[ 21, 65, 0,[ 99, 40, 38, 73]],

[ 88, 65, 0,[ 60, 47, 66]],

[ 42, 65, 0,[ 79, 49, 99, 0]],

[ 56, 65, 0,[ 9, 97, 82, 50]],

[ 25, 65, 0,[ 14, 8, 70, 4]],

[ 72, 65, 0,[ 78, 52, 54, 41]],

[ 74, 65, 0,[ 29, 98, 61]],

[ 82, 5, 1,[ 2, 79, 56]],

[ 47, 65, 0,[ 88, 84, 49]],

[ 44, 65, 0,[ 68, 71, 22, 12]],

[ 27, 65, 0,[ 54, 20, 94]],

[ 53, 65, 0,[ 67, 58, 64, 57, 10]],

[ 64, 45, 1,[ 53, 63, 50]],

[ 51, 65, 0,[ 60, 86, 0, 15]],

[ 12, 65, 0,[ 44, 26, 11, 81]],

[ 4, 65, 0,[ 16, 25, 0, 46]],

[ 9, 65, 0,[ 56, 7, 22, 97]],

[ 41, 65, 0,[ 84, 6, 72]],

[ 6, 65, 1,[ 41, 77, 37, 43]],

[ 66, 65, 0,[ 88, 33, 69]],

[ 45, 65, 0,[ 89, 62, 30, 24]],

[ 81, 15, 1,[ 38, 85, 12]],

[ 29, 65, 0,[ 74, 48, 78]],

[ 18, 65, 0,[ 89, 79, 34]],

[ 70, 65, 0,[ 17, 97, 22, 32, 25]],

[ 68, 65, 0,[ 44, 73, 71]],

[ 17, 65, 0,[ 91, 58, 70]],

[ 96, 65, 0,[ 1, 43, 73]],

[ 31, 85, 1,[ 14, 62, 15, 48]],

[ 39, 65, 0,[ 5, 35, 11]],

[ 60, 65, 0,[ 10, 51, 88]],

[ 76, 65, 0,[ 23, 36, 71, 26]],

[ 14, 65, 0,[ 38, 31, 13, 25]],

[ 20, 65, 0,[ 27, 1]],

[ 99, 95, 1,[ 21, 28, 42]],

[ 16, 75, 1,[ 4, 79, 65]],

[ 19, 65, 0,[ 65, 2, 7]],

[ 84, 65, 0,[ 47, 98, 41, 73]],

[ 1, 65, 0,[ 20, 96, 87]],

[ 61, 65, 0,[ 65, 58, 13, 74]],

[ 23, 65, 0,[ 79, 93, 76, 75]],

[ 55, 65, 0,[ 26, 33, 67]],

[ 7, 65, 0,[ 19, 93, 9]],

[ 48, 65, 0,[ 57, 34, 31, 29]],

[ 49, 65, 0,[ 42, 8, 47, 80, 36]],

[ 85, 65, 0,[ 81, 95, 77]],

[ 94, 65, 0,[ 13, 69, 11, 27]],

[ 0, 65, 0,[ 4, 80, 42, 51]],

[ 57, 65, 0,[ 78, 53, 48]],

[ 62, 65, 0,[ 37, 86, 31, 90, 45]],

[ 67, 65, 0,[ 55, 3, 53]],

[ 24, 65, 0,[ 79, 91, 45]],

[ 35, 65, 0,[ 39, 75, 73]],

[ 52, 25, 1,[ 92, 54, 72]],

[ 78, 65, 0,[ 5, 72, 29, 57]],

[ 86, 65, 0,[ 50, 75, 62, 51]],

[ 92, 65, 0,[ 90, 91, 95, 52]],

[ 79, 65, 0,[ 18, 42, 23, 24, 82, 16]],

[ 11, 65, 0,[ 12, 39, 94, 30]],

[ 26, 65, 0,[ 55, 76, 12]],

[ 33, 65, 0,[ 10, 66, 55, 8]],

[ 46, 65, 0,[ 4, 10, 38]],

[ 80, 65, 0,[ 49, 0, 93]],

[ 38, 65, 0,[ 14, 21, 81, 46]],

[ 54, 65, 0,[ 52, 27, 72, 87]],

