[ 82, 35, 0,[ 20, 98, 48]],

[ 22, 35, 0,[ 66, 56, 75, 99]],

[ 37, 35, 0,[ 84, 2, 72]],

[ 62, 35, 0,[ 12, 54, 31, 42]],

[ 96, 35, 0,[ 0, 95, 61, 44]],

[ 97, 35, 0,[ 80, 45, 70]],

[ 50, 35, 0,[ 74, 99, 81]],

[ 2, 35, 0,[ 81, 37, 49]],

[ 61, 35, 0,[ 96, 28, 30, 8]],

[ 35, 35, 0,[ 19, 14, 69]],

[ 63, 35, 0,[ 92, 90, 47]],

[ 90, 35, 0,[ 63, 56, 27]],

[ 74, 35, 0,[ 60, 50, 87, 28, 33]],

[ 3, 35, 0,[ 18, 86, 80]],

[ 91, 35, 0,[ 72, 60, 48, 93, 17]],

[ 0, 35, 0,[ 94, 54, 42, 96]],

[ 44, 35, 0,[ 96, 16, 23]],

[ 56, 35, 0,[ 22, 57, 90, 89]],

[ 75, 35, 0,[ 22, 12, 49]],

[ 65, 35, 0,[ 70, 72, 21]],

[ 13, 35, 0,[ 41, 19, 6]],

[ 23, 35, 0,[ 44, 33]],

[ 83, 35, 0,[ 18, 24, 16]],

[ 85, 35, 0,[ 27, 38, 12, 45]],

[ 71, 35, 0,[ 80, 26, 89]],

[ 86, 35, 0,[ 25, 39, 3, 29]],

[ 64, 35, 0,[ 54, 21, 32, 51]],

[ 58, 35, 0,[ 39, 34, 78, 16]],

[ 7, 75, 1,[ 84, 67, 36]],

[ 94, 35, 0,[ 42, 34, 0, 9]],

[ 53, 35, 0,[ 41, 25, 99]],

[ 41, 35, 0,[ 80, 13, 53]],

[ 26, 35, 0,[ 81, 34, 71]],

[ 48, 35, 0,[ 82, 91, 57]],

[ 78, 35, 0,[ 88, 30, 58]],

[ 93, 35, 0,[ 57, 91, 9]],

[ 43, 35, 0,[ 66, 39, 72]],

[ 45, 95, 1,[ 85, 97, 8]],

[ 69, 35, 0,[ 88, 35, 59, 34]],

[ 84, 35, 0,[ 4, 37, 7, 19]],

[ 32, 55, 1,[ 1, 11, 64]],

[ 89, 35, 0,[ 6, 71, 56, 79]],

[ 57, 35, 0,[ 8, 93, 48, 56, 95, 46]],

[ 10, 35, 0,[ 21, 59, 12, 25]],

[ 99, 85, 1,[ 50, 53, 22, 8, 39]],

[ 42, 35, 0,[ 0, 39, 62, 94]],

[ 5, 35, 0,[ 36, 16]],

[ 14, 35, 0,[ 35, 1, 76]],

[ 47, 35, 0,[ 63, 51, 88]],

[ 60, 35, 1,[ 74, 49, 91]],

[ 11, 35, 0,[ 28, 32, 77]],

[ 38, 35, 0,[ 85, 51]],

[ 9, 35, 0,[ 25, 93, 94]],

[ 59, 35, 0,[ 69, 10]],

[ 12, 35, 0,[ 75, 10, 62, 85]],

[ 27, 35, 0,[ 77, 90, 85]],

[ 95, 35, 0,[ 57, 80, 96]],

[ 24, 35, 0,[ 51, 33, 81, 83]],

[ 67, 35, 0,[ 52, 7, 31]],

[ 19, 35, 0,[ 39, 13, 84, 35, 16]],

[ 29, 5, 1,[ 68, 4, 86, 18]],

[ 92, 35, 0,[ 68, 63, 55, 18]],

[ 28, 35, 0,[ 61, 11, 17, 74]],

[ 36, 35, 0,[ 7, 5, 46]],

[ 1, 35, 0,[ 14, 32, 20]],

[ 15, 35, 0,[ 77, 79, 6]],

[ 98, 35, 0,[ 82, 31, 21, 79]],

[ 40, 15, 1,[ 66, 52, 87, 17, 30]],

[ 17, 35, 0,[ 28, 40, 91]],

[ 8, 35, 0,[ 45, 57, 61, 99]],

[ 55, 35, 0,[ 25, 92, 73]],

[ 49, 55, 1,[ 2, 60, 75]],

[ 79, 35, 0,[ 89, 15, 98]],

[ 20, 35, 0,[ 1, 82, 70]],

[ 66, 35, 0,[ 43, 40, 22]],

[ 87, 35, 0,[ 74, 81, 40]],

[ 51, 35, 0,[ 4, 38, 64, 47, 24]],

[ 54, 35, 0,[ 64, 0, 62]],

[ 52, 35, 0,[ 40, 67, 39]],

[ 33, 35, 0,[ 74, 23, 24]],

[ 16, 35, 0,[ 44, 83, 58, 19, 5]],

[ 88, 35, 0,[ 78, 69, 47]],

[ 76, 35, 0,[ 73, 14, 68]],

[ 6, 35, 0,[ 15, 89, 13]],

[ 25, 35, 0,[ 86, 55, 53, 10, 9]],

[ 73, 85, 1,[ 55, 76]],

[ 80, 35, 0,[ 41, 3, 97, 71, 95]],

[ 30, 35, 0,[ 61, 78, 40]],

[ 39, 75, 1,[ 43, 58, 21, 86, 99, 19, 42, 52]],

[ 18, 35, 0,[ 3, 92, 29, 83]],

[ 31, 35, 0,[ 98, 67, 62]],

[ 70, 35, 0,[ 65, 97, 20]],

[ 21, 35, 0,[ 10, 39, 65, 98, 64]],

[ 77, 35, 0,[ 11, 27, 15]],

[ 46, 35, 0,[ 57, 81, 36]],

[ 4, 35, 0,[ 84, 29, 51]],

[ 81, 35, 0,[ 26, 24, 46, 50, 87, 2]],

[ 68, 35, 0,[ 92, 76, 29]],

[ 72, 35, 0,[ 91, 43, 65, 37]],

[ 34, 35, 0,[ 69, 26, 94, 58]],

