[ 64, 35, 0,[ 13, 78, 60]],

[ 70, 35, 0,[ 57, 51, 82]],

[ 89, 35, 0,[ 71, 35, 56]],

[ 54, 35, 0,[ 46, 72, 77]],

[ 65, 35, 0,[ 58, 42, 19]],

[ 13, 35, 0,[ 16, 17, 64, 11, 53]],

[ 97, 65, 1,[ 84, 59, 31, 34]],

[ 52, 35, 0,[ 9, 75, 29, 69]],

[ 43, 35, 0,[ 36, 48, 22]],

[ 45, 35, 0,[ 57, 87, 36, 71]],

[ 58, 35, 0,[ 65, 88, 26, 2]],

[ 19, 35, 0,[ 91, 59, 65]],

[ 20, 35, 0,[ 59, 49, 8, 66, 12]],

[ 35, 35, 0,[ 94, 89, 46, 79]],

[ 30, 35, 0,[ 76, 4, 99]],

[ 81, 35, 0,[ 80, 4, 53]],

[ 78, 75, 1,[ 66, 56, 0, 3, 64, 25]],

[ 72, 35, 0,[ 83, 71, 54, 39]],

[ 36, 35, 0,[ 44, 45, 25, 37, 43]],

[ 59, 35, 0,[ 93, 63, 82, 19, 20, 97]],

[ 6, 35, 0,[ 7, 41, 87, 2]],

[ 56, 35, 0,[ 78, 89, 11]],

[ 2, 35, 0,[ 58, 6, 21, 3]],

[ 23, 35, 0,[ 69, 1, 29]],

[ 28, 35, 0,[ 50, 41, 77]],

[ 9, 35, 0,[ 27, 63, 93, 52, 44]],

[ 91, 35, 0,[ 14, 17, 19, 38]],

[ 94, 35, 0,[ 31, 35, 42, 33]],

[ 82, 35, 0,[ 51, 59, 70]],

[ 74, 85, 1,[ 63, 39]],

[ 96, 35, 0,[ 38, 53, 0]],

[ 10, 35, 0,[ 67, 7, 26, 99]],

[ 5, 35, 0,[ 40, 51, 4]],

[ 25, 35, 0,[ 78, 36, 55]],

[ 44, 35, 0,[ 36, 62, 9]],

[ 39, 15, 1,[ 50, 72, 74]],

[ 33, 35, 0,[ 15, 85, 94]],

[ 12, 35, 0,[ 47, 31, 20]],

[ 75, 35, 0,[ 26, 21, 52]],

[ 98, 35, 0,[ 37, 99, 69]],

[ 73, 35, 0,[ 46, 86, 62]],

[ 50, 35, 0,[ 62, 88, 67, 28, 95, 39]],

[ 41, 35, 0,[ 60, 28, 6]],

[ 7, 35, 0,[ 24, 10, 6]],

[ 47, 35, 0,[ 12, 95, 42]],

[ 85, 35, 0,[ 26, 33, 53]],

[ 84, 35, 0,[ 77, 97, 3]],

[ 83, 35, 0,[ 55, 8, 72]],

[ 61, 35, 0,[ 40, 14, 57]],

[ 17, 35, 0,[ 91, 13, 69]],

[ 34, 35, 0,[ 97, 86, 15]],

[ 38, 35, 0,[ 90, 96, 95, 91]],

[ 53, 75, 1,[ 13, 85, 76, 96, 81]],

[ 99, 35, 0,[ 98, 10, 30]],

[ 37, 35, 0,[ 98, 55, 36, 67]],

[ 29, 35, 0,[ 23, 0, 52]],

[ 3, 45, 1,[ 78, 40, 2, 80, 84]],

[ 21, 35, 0,[ 49, 75, 2]],

[ 16, 35, 0,[ 1, 8, 13]],

[ 66, 35, 0,[ 78, 55, 20]],

[ 95, 25, 1,[ 38, 47, 50]],

[ 31, 35, 0,[ 51, 22, 97, 12, 94]],

[ 40, 35, 0,[ 61, 5, 3]],

[ 15, 45, 1,[ 33, 34]],

[ 90, 35, 0,[ 14, 76, 51, 38]],

[ 79, 35, 0,[ 35, 71, 24]],

[ 42, 35, 0,[ 18, 94, 88, 65, 47]],

[ 76, 35, 0,[ 53, 90, 30]],

[ 27, 15, 1,[ 11, 9, 71]],

[ 11, 35, 0,[ 27, 13, 56]],

[ 62, 35, 0,[ 44, 73, 92, 50]],

[ 69, 35, 0,[ 52, 17, 98, 23]],

[ 32, 35, 0,[ 68]],

[ 80, 35, 0,[ 68, 3, 81]],

[ 55, 35, 0,[ 83, 66, 25, 37]],

[ 26, 35, 0,[ 92, 58, 75, 10, 85]],

[ 1, 35, 0,[ 92, 16, 23]],

[ 60, 35, 0,[ 41, 92, 64]],

[ 63, 35, 0,[ 9, 74, 59]],

[ 18, 35, 0,[ 86, 42]],

[ 51, 35, 0,[ 31, 5, 90, 82, 70]],

[ 92, 35, 0,[ 26, 60, 62, 1]],

[ 46, 35, 0,[ 48, 35, 73, 54]],

[ 67, 35, 0,[ 50, 10, 37]],

[ 88, 35, 0,[ 50, 58, 42]],

[ 77, 35, 0,[ 84, 28, 54]],

[ 57, 35, 0,[ 49, 45, 70, 61]],

[ 93, 35, 0,[ 86, 9, 59]],

[ 0, 35, 0,[ 96, 29, 78]],

[ 48, 35, 0,[ 46, 68, 43]],

[ 14, 35, 0,[ 61, 90, 91]],

[ 4, 85, 1,[ 81, 5, 30]],

[ 68, 35, 0,[ 80, 48, 24, 32]],

[ 22, 35, 0,[ 31, 71, 43]],

[ 8, 35, 0,[ 20, 83, 16]],

[ 86, 35, 0,[ 73, 34, 18, 87, 93]],

[ 87, 35, 0,[ 86, 45, 6]],

[ 49, 35, 0,[ 21, 57, 20]],

[ 24, 35, 0,[ 7, 68, 79]],

[ 71, 35, 0,[ 22, 89, 27, 79, 45, 72]],

