[ 64, 85, 1,[ 74, 66, 6]],

[ 32, 55, 1,[ 45, 93, 39, 36]],

[ 7, 65, 0,[ 55, 79, 29]],

[ 25, 55, 1,[ 14, 0, 9, 68]],

[ 31, 55, 1,[ 99, 71]],

[ 70, 5, 1,[ 9, 49, 46]],

[ 69, 45, 0,[ 78, 24]],

[ 54, 65, 1,[ 80, 41, 83, 29]],

[ 43, 35, 0,[ 18, 85, 56]],

[ 48, 85, 1,[ 18, 34, 13]],

[ 18, 85, 0,[ 30, 43, 67, 48]],

[ 95, 75, 1,[ 88, 5, 13, 63]],

[ 21, 35, 0,[ 83, 96, 45]],

[ 99, 75, 1,[ 10, 22, 31]],

[ 37, 65, 0,[ 1, 79, 61]],

[ 51, 85, 0,[ 22, 76, 87, 24]],

[ 12, 15, 1,[ 92, 1, 9, 86]],

[ 94, 85, 1,[ 60, 80, 20]],

[ 78, 45, 1,[ 50, 17, 69, 42]],

[ 45, 65, 0,[ 32, 21, 91]],

[ 41, 75, 0,[ 20, 2, 54]],

[ 46, 75, 1,[ 28, 26, 70]],

[ 88, 75, 0,[ 75, 71, 95, 20]],

[ 26, 55, 0,[ 0, 46, 98, 49]],

[ 40, 35, 0,[ 87, 77]],

[ 5, 5, 1,[ 22, 68, 95]],

[ 10, 55, 0,[ 23, 17, 91, 99]],

[ 0, 55, 0,[ 26, 62, 25]],

[ 83, 35, 1,[ 21, 44, 77, 11, 54, 85, 59]],

[ 49, 65, 1,[ 73, 58, 26, 33, 70, 27]],

[ 86, 5, 0,[ 12, 91, 66, 96]],

[ 84, 85, 0,[ 89, 38, 30]],

[ 14, 55, 0,[ 25, 23, 63, 59]],

[ 38, 85, 1,[ 84, 82, 6, 39]],

[ 89, 5, 0,[ 84, 73, 72, 19, 4]],

[ 53, 95, 1,[ 8, 1, 82]],

[ 34, 65, 0,[ 15, 48, 16, 65]],

[ 81, 65, 0,[ 29, 65, 76]],

[ 65, 65, 1,[ 34, 75, 27, 81]],

[ 55, 85, 0,[ 7, 17, 73]],

[ 36, 85, 1,[ 20, 32, 15]],

[ 62, 75, 1,[ 82, 0, 72, 8]],

[ 28, 95, 1,[ 23, 33, 46]],

[ 72, 25, 1,[ 89, 62, 57]],

[ 74, 75, 0,[ 52, 64, 2, 35, 79, 15]],

[ 16, 25, 1,[ 97, 34, 60, 30]],

[ 61, 65, 0,[ 3, 79, 37, 13]],

[ 77, 35, 0,[ 19, 40, 83]],

[ 58, 35, 1,[ 49, 1, 56]],

[ 76, 65, 0,[ 81, 6, 51]],

[ 6, 5, 1,[ 38, 76, 1, 64]],

[ 8, 65, 1,[ 53, 91, 62]],

[ 1, 65, 1,[ 6, 92, 58, 29, 53, 12, 37]],

[ 60, 25, 1,[ 16, 94]],

[ 29, 65, 0,[ 1, 81, 7, 54]],

[ 44, 65, 1,[ 33, 83, 35]],

[ 9, 5, 0,[ 97, 70, 3, 12, 25]],

[ 30, 45, 1,[ 84, 16, 90, 63, 18]],

[ 52, 75, 0,[ 74, 15]],

[ 79, 75, 0,[ 68, 37, 7, 74, 61]],

[ 17, 85, 1,[ 10, 78, 55, 93]],

[ 67, 75, 0,[ 2, 57, 18]],

[ 27, 75, 1,[ 65, 49, 47]],

[ 97, 25, 0,[ 9, 16]],

[ 73, 85, 1,[ 55, 49, 89]],

[ 47, 45, 1,[ 27, 3]],

[ 56, 65, 0,[ 96, 58, 75, 43]],

[ 66, 5, 0,[ 11, 90, 86, 64, 4]],

[ 59, 35, 0,[ 14, 83, 85]],

[ 20, 15, 1,[ 36, 94, 41, 88]],

[ 93, 55, 0,[ 39, 17, 32]],

[ 4, 5, 0,[ 35, 89, 66]],

[ 98, 5, 1,[ 26, 19]],

[ 23, 55, 0,[ 28, 14, 10]],

[ 22, 75, 0,[ 5, 71, 99, 51]],

[ 75, 5, 1,[ 65, 88, 56]],

[ 50, 15, 1,[ 87, 92, 78, 90]],

[ 68, 5, 0,[ 5, 25, 79]],

[ 2, 75, 0,[ 74, 41, 67]],

[ 90, 45, 0,[ 30, 66, 50]],

[ 3, 45, 0,[ 47, 61, 9]],

[ 96, 65, 1,[ 86, 15, 56, 21]],

[ 87, 85, 1,[ 11, 40, 50, 51]],

[ 11, 5, 0,[ 83, 87, 66]],

[ 92, 65, 0,[ 1, 12, 50]],

[ 85, 35, 0,[ 59, 83, 43]],

[ 91, 65, 0,[ 8, 86, 10, 45]],

[ 19, 5, 0,[ 77, 98, 80, 89]],

[ 39, 15, 1,[ 93, 32, 38]],

[ 13, 65, 1,[ 48, 61, 95]],

[ 80, 95, 1,[ 94, 19, 54]],

[ 57, 75, 0,[ 63, 72, 67]],

[ 82, 85, 1,[ 24, 38, 53, 62]],

[ 42, 55, 0,[ 78, 35]],

[ 33, 85, 1,[ 44, 49, 28]],

[ 63, 75, 0,[ 57, 30, 14, 95]],

[ 71, 75, 1,[ 88, 31, 22]],

[ 24, 25, 1,[ 82, 51, 69]],

[ 35, 55, 1,[ 42, 44, 4, 74]],

[ 15, 65, 1,[ 74, 34, 96, 52, 36]],

