[ 69, 95, 0,[ 46, 30, 19]],

[ 94, 95, 0,[ 68, 92]],

[ 65, 95, 0,[ 22, 45, 90]],

[ 49, 95, 0,[ 26, 14, 19, 40]],

[ 16, 95, 0,[ 91, 78, 1]],

[ 85, 45, 1,[ 1, 28, 72, 41, 62]],

[ 15, 95, 0,[ 86, 84, 78]],

[ 48, 95, 0,[ 91, 3, 58]],

[ 13, 95, 0,[ 99, 19, 54]],

[ 33, 95, 0,[ 25, 77, 5, 53, 36, 84]],

[ 60, 95, 0,[ 43, 64, 12, 14]],

[ 79, 95, 0,[ 87, 3, 92]],

[ 72, 95, 0,[ 2, 85, 70]],

[ 18, 95, 0,[ 68, 50, 6]],

[ 17, 95, 0,[ 12, 37, 83]],

[ 89, 95, 0,[ 4, 12, 98, 73]],

[ 35, 95, 0,[ 44, 61, 71]],

[ 31, 95, 0,[ 64, 4, 74]],

[ 76, 95, 0,[ 5, 1, 36]],

[ 77, 85, 1,[ 33, 81, 28]],

[ 83, 75, 1,[ 30, 66, 82, 17]],

[ 95, 95, 0,[ 2, 30, 63, 40]],

[ 54, 95, 0,[ 29, 13, 78]],

[ 2, 95, 0,[ 95, 72, 82]],

[ 91, 95, 0,[ 48, 16, 87, 99]],

[ 29, 95, 0,[ 42, 55, 70, 26, 54]],

[ 32, 95, 0,[ 45, 47, 23]],

[ 43, 95, 0,[ 60, 42, 6]],

[ 67, 95, 0,[ 9, 50, 46]],

[ 26, 95, 0,[ 49, 29, 61]],

[ 84, 95, 0,[ 80, 56, 15, 33]],

[ 87, 95, 0,[ 38, 79, 42, 91, 53, 51]],

[ 86, 95, 0,[ 57, 15, 4, 97, 90]],

[ 73, 95, 0,[ 75, 27, 34, 89]],

[ 22, 95, 0,[ 57, 65, 37, 52]],

[ 37, 95, 0,[ 66, 9, 17, 22]],

[ 11, 95, 0,[ 68, 61, 14]],

[ 68, 95, 0,[ 94, 18, 11]],

[ 40, 55, 1,[ 95, 61, 7, 49]],

[ 3, 95, 0,[ 62, 79, 48]],

[ 66, 95, 0,[ 37, 83, 46, 12]],

[ 8, 95, 0,[ 99, 51, 64, 74]],

[ 38, 95, 0,[ 0, 90, 87]],

[ 92, 95, 0,[ 4, 94, 70, 79]],

[ 24, 95, 0,[ 98, 56, 59]],

[ 42, 85, 1,[ 87, 43, 29]],

[ 9, 95, 0,[ 67, 27, 37, 12]],

[ 12, 95, 0,[ 66, 17, 60, 89, 9]],

[ 39, 95, 0,[ 4, 81, 41, 55]],

[ 47, 65, 1,[ 44, 36, 32]],

[ 4, 95, 0,[ 39, 92, 89, 31, 86, 62]],

[ 19, 95, 0,[ 69, 13, 63, 49]],

[ 23, 95, 0,[ 32, 21, 75]],

[ 80, 95, 0,[ 98, 84, 34, 71]],

[ 78, 95, 0,[ 15, 75, 54, 14, 16]],

[ 0, 95, 0,[ 51, 38, 58, 25, 52]],

[ 62, 95, 0,[ 85, 4, 3]],

[ 82, 95, 0,[ 2, 52, 83]],

[ 44, 95, 0,[ 50, 35, 47]],

[ 41, 25, 1,[ 85, 39, 10]],

[ 5, 95, 0,[ 33, 93, 76]],

[ 20, 95, 0,[ 71, 7, 55]],

[ 58, 95, 0,[ 0, 45, 48, 96]],

[ 64, 95, 0,[ 8, 31, 60]],

[ 7, 95, 0,[ 93, 20, 40]],

[ 27, 95, 0,[ 97, 73, 9]],

[ 45, 95, 0,[ 36, 59, 58, 10, 32, 65]],

[ 51, 95, 0,[ 0, 87, 8]],

[ 88, 95, 0,[ 14, 21, 61]],

[ 14, 95, 0,[ 88, 49, 11, 36, 78, 60]],

[ 57, 95, 0,[ 22, 86, 34]],

[ 71, 95, 0,[ 35, 20, 80]],

[ 75, 95, 0,[ 73, 23, 78]],

[ 56, 95, 0,[ 84, 97, 24]],

[ 70, 95, 0,[ 92, 72, 29]],

[ 50, 55, 1,[ 67, 44, 18]],

[ 28, 95, 0,[ 77, 85]],

[ 96, 95, 0,[ 61, 63, 58]],

[ 63, 95, 0,[ 96, 19, 95]],

[ 61, 95, 0,[ 35, 88, 40, 96, 11, 26]],

[ 93, 95, 0,[ 1, 7, 21, 5]],

[ 90, 95, 1,[ 65, 38, 86]],

[ 52, 95, 0,[ 0, 82, 22]],

[ 6, 95, 0,[ 18, 59, 43]],

[ 97, 95, 0,[ 86, 56, 27]],

[ 81, 95, 0,[ 34, 39, 77]],

[ 55, 95, 0,[ 29, 20, 39]],

[ 30, 95, 0,[ 83, 95, 69]],

[ 99, 95, 0,[ 91, 13, 8]],

[ 21, 45, 1,[ 88, 93, 23, 59]],

[ 34, 95, 0,[ 73, 80, 81, 57]],

[ 59, 95, 0,[ 24, 45, 6, 21]],

[ 46, 95, 0,[ 69, 67, 66]],

[ 53, 95, 0,[ 87, 33, 10]],

[ 1, 95, 0,[ 93, 85, 76, 16]],

[ 74, 95, 0,[ 31, 8, 25]],

[ 10, 95, 0,[ 41, 53, 45]],

[ 25, 95, 0,[ 0, 33, 74]],

[ 98, 95, 0,[ 24, 89, 80]],

[ 36, 95, 0,[ 47, 33, 76, 45, 14]],

