[ 38, 65, 0,[ 78, 17, 43, 68]],

[ 84, 45, 0,[ 24, 30]],

[ 69, 95, 1,[ 41, 48, 10, 53]],

[ 27, 25, 1,[ 49, 16, 65, 0, 89]],

[ 81, 75, 1,[ 88, 16, 80]],

[ 57, 25, 0,[ 17, 59, 64]],

[ 62, 75, 0,[ 42, 45, 71]],

[ 85, 35, 0,[ 34, 80, 41]],

[ 83, 25, 0,[ 59, 56, 74]],

[ 3, 25, 0,[ 19, 60, 26]],

[ 79, 35, 1,[ 39, 50, 58, 15]],

[ 28, 55, 0,[ 5, 97, 0]],

[ 93, 25, 0,[ 12, 9, 26]],

[ 64, 25, 1,[ 53, 7, 70, 9, 57]],

[ 71, 75, 0,[ 47, 62, 29, 40]],

[ 25, 65, 1,[ 1, 6, 91]],

[ 44, 35, 0,[ 24, 8, 99]],

[ 24, 45, 0,[ 44, 4, 84, 47]],

[ 78, 15, 0,[ 38, 33, 82]],

[ 41, 55, 0,[ 69, 46, 5, 85, 51]],

[ 0, 5, 1,[ 54, 18, 28, 7, 27]],

[ 72, 75, 1,[ 54, 75, 52]],

[ 21, 5, 1,[ 31, 89, 49, 73]],

[ 19, 75, 1,[ 53, 55, 3]],

[ 40, 25, 0,[ 71, 92, 95, 13, 87]],

[ 89, 85, 1,[ 45, 21, 27]],

[ 67, 45, 1,[ 13, 2, 23, 42]],

[ 58, 5, 1,[ 79, 96, 55]],

[ 11, 95, 1,[ 8, 59, 36]],

[ 14, 35, 1,[ 50, 73, 30]],

[ 54, 15, 1,[ 72, 0, 4]],

[ 6, 55, 0,[ 37, 70, 86, 15, 25, 82]],

[ 97, 45, 1,[ 28, 20, 33]],

[ 68, 55, 0,[ 63, 38, 88, 22, 99]],

[ 95, 25, 1,[ 40, 5, 74]],

[ 75, 65, 0,[ 94, 1, 72]],

[ 98, 15, 0,[ 91, 77, 2]],

[ 74, 65, 0,[ 83, 95]],

[ 22, 35, 1,[ 87, 68, 2]],

[ 88, 45, 0,[ 81, 4, 68]],

[ 26, 25, 0,[ 63, 3, 29, 93]],

[ 76, 75, 0,[ 45, 66, 60, 30]],

[ 63, 55, 0,[ 68, 26]],

[ 94, 95, 0,[ 87, 33, 75]],

[ 80, 35, 0,[ 34, 85, 10, 81, 13]],

[ 82, 55, 0,[ 12, 6, 78]],

[ 13, 35, 1,[ 67, 40, 80]],

[ 15, 65, 1,[ 6, 79, 56, 55]],

[ 16, 75, 0,[ 27, 52, 4, 81]],

[ 39, 35, 0,[ 34, 90, 79, 35]],

[ 1, 65, 0,[ 25, 96, 77, 75]],

[ 45, 75, 0,[ 89, 62, 56, 76]],

[ 8, 45, 1,[ 11, 44, 17, 4, 23]],

[ 12, 45, 1,[ 56, 93, 82]],

[ 87, 5, 0,[ 40, 49, 22, 94]],

[ 53, 55, 0,[ 64, 69, 19]],

[ 17, 25, 0,[ 38, 57, 8, 86]],

[ 91, 25, 1,[ 25, 98, 35]],

[ 99, 15, 1,[ 68, 65, 44]],

[ 10, 85, 1,[ 20, 69, 31, 80]],

[ 55, 15, 0,[ 19, 58, 15]],

[ 33, 95, 0,[ 97, 94, 78]],

[ 32, 55, 1,[ 48, 66]],

[ 61, 5, 1,[ 5, 60, 18]],

[ 48, 75, 0,[ 32, 66, 69]],

[ 2, 15, 0,[ 22, 98, 67]],

[ 34, 15, 1,[ 85, 80, 51, 39]],

[ 23, 85, 0,[ 8, 67, 46]],

[ 36, 35, 1,[ 90, 11]],

[ 31, 85, 0,[ 35, 10, 21]],

[ 5, 25, 1,[ 61, 95, 41, 28]],

[ 77, 25, 1,[ 1, 98, 52]],

[ 30, 85, 1,[ 14, 76, 84]],

[ 46, 85, 0,[ 65, 41, 23]],

[ 29, 15, 1,[ 26, 20, 71]],

[ 66, 75, 0,[ 76, 48, 32]],

[ 65, 15, 1,[ 27, 99, 86, 4, 46]],

[ 49, 65, 1,[ 27, 87, 21]],

[ 7, 75, 1,[ 64, 70, 0]],

[ 18, 65, 0,[ 61, 96, 0]],

[ 73, 85, 0,[ 14, 21]],

[ 43, 85, 1,[ 38, 47, 35]],

[ 92, 65, 1,[ 40, 52, 96]],

[ 9, 55, 0,[ 93, 37, 64]],

[ 59, 15, 1,[ 57, 83, 11]],

[ 86, 35, 0,[ 6, 17, 65]],

[ 56, 75, 1,[ 37, 83, 12, 15, 45]],

[ 96, 95, 1,[ 92, 58, 1, 18]],

[ 47, 65, 1,[ 71, 24, 43]],

[ 52, 25, 1,[ 77, 72, 92, 16]],

[ 37, 95, 1,[ 9, 6, 56]],

[ 51, 25, 1,[ 60, 41, 34]],

[ 20, 5, 0,[ 29, 10, 97]],

[ 70, 65, 1,[ 6, 7, 64]],

[ 42, 85, 0,[ 90, 67, 62]],

[ 60, 75, 0,[ 51, 76, 61, 3]],

[ 90, 85, 1,[ 39, 42, 36]],

[ 4, 45, 0,[ 24, 8, 50, 65, 88, 54, 16]],

[ 35, 5, 1,[ 31, 43, 91, 39]],

[ 50, 25, 1,[ 4, 79, 14]],

