[ 54, 15, 0,[ 8, 18, 48, 7, 40]],

[ 99, 75, 1,[ 36, 9, 6]],

[ 27, 15, 0,[ 11, 35, 61, 73]],

[ 38, 15, 0,[ 14, 68, 78]],

[ 58, 15, 0,[ 21, 35, 95, 57]],

[ 26, 15, 0,[ 33, 13, 53]],

[ 35, 15, 0,[ 58, 18, 63, 32, 27]],

[ 21, 15, 0,[ 97, 58, 67]],

[ 7, 15, 0,[ 3, 54, 75]],

[ 30, 15, 0,[ 52, 91, 37, 88, 1, 42]],

[ 97, 15, 0,[ 77, 21, 65, 31, 86]],

[ 73, 15, 0,[ 67, 27, 33]],

[ 40, 15, 0,[ 39, 54, 42]],

[ 59, 15, 0,[ 77, 67, 22, 8]],

[ 70, 15, 0,[ 66, 65, 0]],

[ 94, 15, 0,[ 52, 2, 86]],

[ 64, 15, 0,[ 60, 0, 79]],

[ 92, 15, 0,[ 74, 88, 46, 19, 15]],

[ 57, 15, 0,[ 72, 58, 13]],

[ 53, 15, 0,[ 52, 0, 26]],

[ 2, 15, 0,[ 79, 29, 85, 94]],

[ 33, 15, 0,[ 26, 95, 73]],

[ 76, 15, 0,[ 89, 86, 0, 87]],

[ 10, 15, 0,[ 93, 55, 49, 52]],

[ 42, 15, 0,[ 66, 30, 40]],

[ 45, 15, 0,[ 62, 72]],

[ 9, 15, 0,[ 99, 43, 98, 5, 56]],

[ 51, 15, 0,[ 82, 14, 52]],

[ 74, 15, 0,[ 52, 23, 92]],

[ 91, 15, 0,[ 30, 29, 31]],

[ 3, 15, 0,[ 36, 81, 98, 7]],

[ 95, 15, 0,[ 58, 50, 33, 46]],

[ 86, 15, 0,[ 97, 81, 76, 94]],

[ 65, 15, 0,[ 60, 70, 97, 0]],

[ 20, 15, 0,[ 96, 72, 32]],

[ 55, 15, 0,[ 17, 10, 31]],

[ 83, 65, 1,[ 69, 61, 98, 16]],

[ 5, 15, 0,[ 24, 9, 34, 47]],

[ 60, 75, 1,[ 65, 64, 12]],

[ 37, 15, 0,[ 16, 90, 30]],

[ 61, 15, 0,[ 78, 27, 23, 28, 83]],

[ 71, 25, 1,[ 39, 47, 89]],

[ 87, 15, 0,[ 76, 24, 72]],

[ 16, 15, 0,[ 0, 37, 83, 25, 14]],

[ 84, 15, 0,[ 22, 0, 39]],

[ 80, 15, 0,[ 19, 4, 62]],

[ 28, 15, 0,[ 44, 61, 69]],

[ 34, 15, 0,[ 5, 31, 18]],

[ 56, 15, 0,[ 0, 81, 9]],

[ 23, 15, 0,[ 74, 69, 75, 61, 81]],

[ 18, 15, 0,[ 54, 34, 90, 35]],

[ 63, 15, 0,[ 22, 44, 35]],

[ 32, 15, 0,[ 20, 49, 35]],

[ 88, 15, 0,[ 30, 92, 15]],

[ 1, 25, 1,[ 30, 14, 43, 4]],

[ 90, 15, 0,[ 37, 93, 18, 22]],

[ 4, 15, 0,[ 80, 1, 48]],

[ 52, 15, 0,[ 94, 30, 10, 74, 51, 53]],

[ 82, 15, 0,[ 24, 51, 39]],

[ 8, 15, 0,[ 93, 59, 54]],

[ 62, 15, 0,[ 45, 68, 89, 80]],

[ 11, 15, 0,[ 27, 81, 47]],

[ 85, 15, 0,[ 12, 22, 2]],

[ 49, 15, 0,[ 25, 32, 48, 10]],

[ 78, 15, 0,[ 61, 89, 38, 22]],

[ 69, 15, 0,[ 83, 23, 28]],

[ 19, 15, 0,[ 92, 80, 77, 79]],

[ 50, 55, 1,[ 44, 95, 31]],

[ 39, 15, 0,[ 67, 40, 71, 82, 84]],

[ 36, 15, 0,[ 29, 99, 3]],

[ 96, 15, 0,[ 20, 98, 24]],

[ 31, 15, 0,[ 91, 17, 50, 34, 97, 55, 48]],

[ 68, 15, 0,[ 15, 13, 62, 38]],

[ 43, 15, 0,[ 9, 25, 1]],

[ 24, 15, 0,[ 5, 87, 96, 82]],

[ 46, 75, 1,[ 92, 95]],

[ 66, 15, 0,[ 70, 6, 44, 42]],

[ 98, 15, 0,[ 3, 83, 9, 96, 29]],

[ 75, 95, 1,[ 47, 7, 23]],

[ 25, 15, 0,[ 16, 49, 43]],

[ 6, 15, 0,[ 99, 12, 66]],

[ 93, 15, 0,[ 10, 90, 8]],

[ 67, 15, 0,[ 59, 21, 39, 73]],

[ 47, 15, 0,[ 71, 5, 11, 75]],

[ 44, 15, 0,[ 28, 63, 50, 66]],

[ 15, 15, 0,[ 92, 68, 88]],

[ 22, 55, 1,[ 84, 90, 78, 59, 63, 85]],

[ 41, 15, 0,[ 81, 14]],

[ 17, 15, 0,[ 31, 55, 29]],

[ 14, 15, 1,[ 41, 38, 51, 1, 16]],

[ 79, 15, 0,[ 64, 19, 2]],

[ 13, 15, 0,[ 26, 68, 57]],

[ 77, 15, 0,[ 59, 19, 97]],

[ 0, 15, 0,[ 56, 70, 64, 16, 65, 84, 76, 53]],

[ 89, 15, 0,[ 62, 76, 78, 71]],

[ 48, 15, 0,[ 54, 31, 4, 49]],

[ 81, 15, 0,[ 56, 23, 11, 41, 86, 3]],

[ 29, 15, 0,[ 2, 98, 17, 91, 36]],

[ 12, 15, 0,[ 60, 85, 6]],

[ 72, 15, 0,[ 20, 57, 45, 87]],

