[ 37, 85, 1,[ 70, 68, 6, 94]],

[ 97, 55, 1,[ 61, 12, 85, 28]],

[ 72, 35, 1,[ 63, 15, 50, 57, 40]],

[ 22, 75, 0,[ 65, 86, 57, 11, 78, 83]],

[ 18, 85, 1,[ 55, 95, 61, 46]],

[ 24, 85, 1,[ 62, 19, 35]],

[ 87, 45, 0,[ 51, 34, 60]],

[ 46, 35, 0,[ 18, 74, 60]],

[ 81, 45, 1,[ 34, 23, 66]],

[ 9, 15, 0,[ 85, 26, 51, 73]],

[ 76, 75, 1,[ 53, 71, 21]],

[ 35, 15, 1,[ 19, 86, 21, 24]],

[ 60, 45, 0,[ 77, 87, 46, 30]],

[ 54, 35, 0,[ 78, 3, 33]],

[ 47, 35, 0,[ 98, 86, 32]],

[ 45, 75, 1,[ 90, 40, 89]],

[ 13, 75, 0,[ 23, 20, 83]],

[ 86, 75, 0,[ 35, 22, 47]],

[ 56, 75, 1,[ 69, 71, 62]],

[ 63, 5, 1,[ 29, 72, 4]],

[ 20, 25, 1,[ 42, 84, 13]],

[ 27, 55, 1,[ 71, 84, 0]],

[ 65, 95, 1,[ 22, 50, 6, 31]],

[ 94, 95, 1,[ 37, 8, 96, 59, 53]],

[ 52, 65, 0,[ 42, 41, 44]],

[ 88, 25, 1,[ 39, 42, 57]],

[ 58, 85, 0,[ 14, 10, 80]],

[ 30, 45, 0,[ 49, 15, 60, 53]],

[ 34, 75, 0,[ 81, 11, 87]],

[ 99, 5, 0,[ 42, 64, 67, 17]],

[ 64, 75, 1,[ 28, 99, 84]],

[ 19, 75, 0,[ 35, 95, 24]],

[ 57, 55, 1,[ 88, 72, 22]],

[ 98, 15, 1,[ 96, 21, 14, 47]],

[ 42, 65, 0,[ 88, 91, 20, 52, 99]],

[ 33, 35, 0,[ 39, 38, 54]],

[ 75, 35, 0,[ 80, 83, 5]],

[ 77, 15, 1,[ 67, 82, 60]],

[ 55, 55, 0,[ 18, 2, 48]],

[ 16, 55, 1,[ 61, 6]],

[ 74, 55, 1,[ 62, 71, 12, 46]],

[ 50, 95, 0,[ 72, 65, 0]],

[ 93, 15, 0,[ 85, 26, 4, 79]],

[ 84, 85, 1,[ 2, 64, 27, 20, 66]],

[ 12, 45, 0,[ 97, 2, 31, 74, 21, 66]],

[ 96, 55, 1,[ 80, 94, 98]],

[ 89, 75, 0,[ 82, 38, 45]],

[ 23, 5, 1,[ 40, 83, 13, 81]],

[ 78, 55, 1,[ 26, 54, 22]],

[ 53, 65, 0,[ 76, 30, 94, 91]],

[ 82, 35, 1,[ 89, 43, 7, 77, 36]],

[ 31, 65, 1,[ 12, 32, 65]],

[ 3, 5, 1,[ 54, 7, 5]],

[ 62, 75, 0,[ 70, 24, 74, 79, 56]],

[ 36, 45, 1,[ 17, 49, 82]],

[ 10, 15, 0,[ 95, 58, 28]],

[ 69, 15, 1,[ 56, 0]],

[ 85, 15, 0,[ 93, 97, 9]],

[ 83, 25, 1,[ 13, 75, 22, 23]],

[ 8, 75, 1,[ 94, 79, 67]],

[ 11, 75, 0,[ 34, 7, 22]],

[ 2, 45, 0,[ 55, 12, 84]],

[ 1, 75, 1,[ 59, 44, 71, 92]],

[ 7, 85, 0,[ 3, 29, 11, 82]],

[ 66, 45, 0,[ 81, 84, 12]],

[ 80, 45, 1,[ 90, 58, 75, 96]],

[ 70, 25, 1,[ 62, 37, 48]],

[ 32, 25, 1,[ 67, 48, 47, 31]],

[ 48, 85, 1,[ 91, 32, 4, 70, 55]],

[ 40, 75, 1,[ 23, 72, 45, 79]],

[ 6, 95, 0,[ 37, 16, 65]],

[ 41, 65, 0,[ 68, 52, 14]],

[ 5, 15, 1,[ 90, 3, 75]],

[ 25, 5, 1,[ 79, 44, 43]],

[ 43, 85, 1,[ 25, 82, 73]],

[ 71, 75, 0,[ 27, 76, 74, 56, 1]],

[ 91, 25, 1,[ 42, 53, 48]],

[ 38, 95, 1,[ 33, 89]],

[ 28, 15, 0,[ 10, 64, 97]],

[ 29, 65, 1,[ 63, 21, 7]],

[ 73, 5, 0,[ 9, 43, 44]],

[ 21, 5, 1,[ 35, 29, 12, 98, 76]],

[ 4, 55, 0,[ 48, 93, 63]],

[ 17, 5, 0,[ 99, 36, 49, 44]],

[ 49, 65, 1,[ 17, 36, 30]],

[ 68, 45, 0,[ 41, 37, 92]],

[ 92, 45, 0,[ 1, 59, 51, 68]],

[ 90, 85, 0,[ 5, 80, 45]],

[ 79, 75, 0,[ 40, 25, 62, 93, 8]],

[ 26, 15, 0,[ 93, 14, 78, 9]],

[ 51, 45, 0,[ 9, 92, 87]],

[ 59, 45, 0,[ 92, 1, 94]],

[ 39, 75, 0,[ 33, 15, 88]],

[ 15, 75, 0,[ 30, 39, 72]],

[ 61, 95, 0,[ 16, 97, 18]],

[ 67, 5, 0,[ 99, 32, 8, 77]],

[ 0, 5, 0,[ 69, 50, 27]],

[ 95, 35, 1,[ 10, 18, 19]],

[ 44, 45, 1,[ 25, 73, 17, 52, 1]],

[ 14, 25, 1,[ 98, 41, 26, 58]],

