[ 97, 65, 1,[ 21, 31, 1, 40, 5]],

[ 31, 45, 0,[ 3, 25, 97, 73]],

[ 18, 15, 0,[ 28, 88, 37]],

[ 8, 75, 1,[ 14, 43, 57]],

[ 61, 25, 0,[ 95, 56, 0, 49]],

[ 54, 25, 0,[ 9, 17, 36, 60, 3]],

[ 88, 55, 0,[ 4, 5, 22, 18, 83]],

[ 45, 85, 1,[ 48, 20, 7]],

[ 68, 55, 1,[ 9, 62, 76]],

[ 22, 35, 1,[ 29, 7, 56, 14, 88]],

[ 16, 25, 0,[ 70, 93, 67]],

[ 39, 5, 0,[ 71, 59, 47]],

[ 36, 65, 0,[ 54, 94, 78]],

[ 42, 5, 0,[ 0, 41, 59]],

[ 90, 5, 0,[ 35, 79, 99]],

[ 25, 45, 0,[ 44, 65, 76, 31]],

[ 69, 75, 0,[ 41, 19, 52, 20]],

[ 57, 95, 0,[ 66, 8, 32, 17]],

[ 7, 95, 1,[ 99, 62, 22, 45, 24]],

[ 43, 45, 1,[ 21, 89, 8]],

[ 70, 25, 0,[ 16, 9, 17]],

[ 26, 85, 0,[ 95, 79, 12]],

[ 2, 65, 1,[ 0, 34, 71, 85]],

[ 0, 45, 1,[ 11, 61, 2, 80, 42, 27]],

[ 79, 5, 0,[ 90, 26, 91]],

[ 38, 55, 1,[ 65, 94, 55]],

[ 21, 65, 1,[ 97, 33, 43]],

[ 40, 15, 0,[ 44, 97, 92, 12]],

[ 58, 55, 0,[ 3, 5, 4]],

[ 80, 45, 0,[ 37, 0, 13]],

[ 87, 45, 0,[ 73, 3, 13]],

[ 50, 5, 0,[ 81, 76, 91, 47]],

[ 65, 45, 0,[ 63, 38, 25, 55]],

[ 32, 95, 0,[ 82, 89, 57]],

[ 95, 15, 1,[ 6, 98, 67, 26, 61]],

[ 74, 85, 0,[ 83, 98, 93]],

[ 81, 95, 1,[ 50, 46, 72]],

[ 52, 75, 0,[ 78, 19, 69, 56]],

[ 4, 55, 0,[ 29, 88, 66, 49, 58]],

[ 12, 75, 1,[ 86, 26, 55, 40]],

[ 14, 85, 1,[ 86, 8, 22, 33]],

[ 55, 45, 0,[ 38, 12, 65]],

[ 75, 15, 1,[ 37, 60, 71]],

[ 37, 65, 1,[ 59, 80, 75, 76, 18]],

[ 86, 15, 0,[ 12, 14, 64]],

[ 89, 85, 0,[ 60, 32, 43, 96, 48]],

[ 53, 5, 0,[ 10, 48, 92, 6]],

[ 48, 45, 1,[ 45, 53, 33, 89]],

[ 93, 55, 1,[ 92, 16, 74]],

[ 44, 65, 1,[ 40, 25, 46]],

[ 15, 35, 0,[ 77, 85, 60]],

[ 94, 85, 1,[ 36, 63, 29, 38]],

[ 62, 95, 0,[ 68, 77, 7]],

[ 27, 55, 1,[ 0, 84]],

[ 76, 75, 1,[ 25, 37, 68, 50]],

[ 72, 35, 0,[ 81, 6]],

[ 28, 85, 1,[ 34, 18, 24]],

[ 41, 45, 1,[ 96, 42, 69]],

[ 63, 35, 1,[ 94, 96, 65]],

[ 51, 75, 1,[ 35, 49, 30]],

[ 19, 75, 1,[ 69, 52]],

[ 11, 85, 0,[ 33, 98, 0]],

[ 92, 55, 1,[ 53, 82, 93, 40]],

[ 59, 75, 1,[ 39, 37, 42]],

[ 29, 85, 1,[ 22, 4, 94]],

[ 23, 25, 0,[ 99, 77, 49]],

[ 5, 15, 0,[ 97, 64, 58, 88]],

[ 46, 5, 1,[ 44, 91, 35, 81]],

[ 1, 85, 1,[ 97, 85, 49]],

[ 98, 65, 1,[ 95, 74, 11]],

[ 83, 55, 1,[ 74, 24, 88]],

[ 49, 85, 1,[ 61, 1, 23, 4, 51]],

[ 91, 5, 0,[ 50, 79, 84, 46]],

[ 13, 65, 1,[ 80, 87]],

[ 33, 15, 1,[ 21, 66, 14, 11, 48]],

[ 34, 75, 0,[ 28, 73, 2]],

[ 56, 75, 0,[ 61, 52, 22]],

[ 73, 45, 0,[ 31, 34, 87]],

[ 30, 55, 1,[ 51, 20]],

[ 82, 5, 0,[ 67, 32, 92]],

[ 84, 5, 0,[ 91, 27, 10]],

[ 17, 35, 1,[ 70, 57, 54]],

[ 24, 5, 1,[ 60, 83, 28, 7]],

[ 96, 55, 1,[ 63, 89, 41]],

[ 6, 85, 1,[ 72, 95, 53]],

[ 66, 65, 1,[ 4, 33, 57]],

[ 20, 75, 0,[ 69, 30, 45]],

[ 60, 85, 1,[ 54, 75, 15, 89, 24]],

[ 85, 75, 1,[ 1, 2, 78, 15]],

[ 67, 5, 0,[ 95, 16, 82, 10]],

[ 3, 25, 1,[ 54, 87, 58, 31]],

[ 35, 5, 0,[ 46, 51, 90]],

[ 10, 5, 0,[ 67, 53, 84]],

[ 47, 5, 0,[ 50, 39, 99]],

[ 99, 5, 0,[ 23, 7, 90, 47]],

[ 64, 25, 1,[ 5, 86]],

[ 9, 35, 1,[ 54, 68, 70]],

[ 77, 45, 1,[ 23, 15, 62]],

[ 71, 25, 0,[ 39, 75, 2]],

[ 78, 65, 0,[ 52, 85, 36]],

