[ 34, 15, 0,[ 14, 40, 9]],

[ 28, 15, 0,[ 58, 82, 3]],

[ 58, 15, 0,[ 90, 28, 27, 13]],

[ 45, 15, 0,[ 96, 68, 89]],

[ 17, 15, 0,[ 37, 55, 65]],

[ 97, 15, 0,[ 29, 70, 92, 75]],

[ 37, 15, 0,[ 74, 24, 54, 20, 98, 17]],

[ 6, 15, 0,[ 52, 7, 22, 26]],

[ 59, 15, 0,[ 41, 0, 64, 27]],

[ 49, 25, 1,[ 51, 32, 89]],

[ 61, 15, 0,[ 77, 72, 70]],

[ 98, 15, 0,[ 37, 84, 51]],

[ 39, 15, 0,[ 86, 43, 60, 4, 69, 55]],

[ 57, 15, 0,[ 99, 74, 21]],

[ 12, 15, 0,[ 79, 87]],

[ 54, 15, 0,[ 41, 37, 14]],

[ 81, 15, 0,[ 65, 26, 91, 46]],

[ 69, 15, 0,[ 39, 88, 33]],

[ 35, 15, 0,[ 80, 21, 75]],

[ 1, 15, 0,[ 44, 27, 13]],

[ 16, 15, 0,[ 88, 3]],

[ 43, 15, 0,[ 31, 84, 39]],

[ 41, 15, 0,[ 20, 54, 59, 9]],

[ 77, 15, 0,[ 61, 14, 38]],

[ 18, 15, 0,[ 96, 47, 42, 21]],

[ 60, 15, 0,[ 39, 83, 22, 29]],

[ 20, 15, 0,[ 41, 37, 31]],

[ 94, 15, 0,[ 19, 51, 14]],

[ 70, 15, 0,[ 38, 97, 76, 61]],

[ 78, 15, 0,[ 68, 0, 82]],

[ 51, 15, 0,[ 94, 49, 98, 62]],

[ 22, 15, 0,[ 86, 55, 6, 60, 75]],

[ 30, 15, 0,[ 24, 85, 67, 63]],

[ 68, 15, 0,[ 5, 45, 78, 83]],

[ 80, 15, 0,[ 29, 35, 47, 13]],

[ 89, 15, 0,[ 45, 49, 25, 64]],

[ 50, 15, 0,[ 23, 82, 64]],

[ 10, 15, 0,[ 11, 90, 62, 73]],

[ 87, 15, 0,[ 23, 55, 12]],

[ 53, 15, 0,[ 7, 79, 4]],

[ 75, 15, 0,[ 97, 35, 22]],

[ 76, 15, 0,[ 70, 8, 95]],

[ 13, 15, 0,[ 1, 23, 80, 58, 47]],

[ 8, 15, 0,[ 15, 48, 73, 76, 72]],

[ 7, 15, 0,[ 6, 53, 67]],

[ 36, 15, 0,[ 86, 32]],

[ 11, 15, 0,[ 92, 72, 66, 10]],

[ 0, 15, 0,[ 66, 59, 78]],

[ 46, 15, 0,[ 82, 38, 81]],

[ 65, 15, 0,[ 81, 66, 17]],

[ 85, 15, 0,[ 55, 30, 52]],

[ 86, 15, 0,[ 36, 39, 79, 22]],

[ 21, 15, 0,[ 35, 14, 57, 18]],

[ 55, 15, 0,[ 87, 22, 17, 39, 85]],

[ 64, 15, 0,[ 89, 50, 59]],

[ 56, 15, 0,[ 52, 25, 93]],

[ 15, 95, 1,[ 8, 25, 48]],

[ 88, 15, 1,[ 69, 32, 16]],

[ 5, 15, 0,[ 68, 83, 3]],

[ 82, 15, 0,[ 78, 46, 50, 63, 24, 28]],

[ 24, 85, 1,[ 82, 30, 37]],

[ 32, 15, 0,[ 90, 36, 88, 49]],

[ 73, 15, 0,[ 91, 10, 8, 48]],

[ 40, 15, 0,[ 71, 31, 34]],

[ 38, 15, 0,[ 46, 70, 77]],

[ 23, 25, 1,[ 50, 13, 99, 87]],

[ 96, 5, 1,[ 2, 42, 45, 18]],

[ 72, 15, 0,[ 11, 8, 61]],

[ 83, 15, 0,[ 48, 68, 44, 5, 91, 60]],

[ 2, 15, 0,[ 63, 52, 96]],

[ 27, 15, 0,[ 1, 59, 58]],

[ 91, 15, 0,[ 83, 81, 73]],

[ 14, 15, 0,[ 21, 94, 54, 62, 77, 34]],

[ 48, 15, 0,[ 73, 83, 8, 15, 19]],

[ 67, 15, 0,[ 7, 30]],

[ 33, 35, 1,[ 74, 79, 69]],

[ 92, 15, 0,[ 97, 31, 11]],

[ 44, 15, 0,[ 83, 9, 1]],

[ 71, 15, 0,[ 40, 4, 95]],

[ 3, 45, 1,[ 5, 28, 9, 16]],

[ 52, 15, 0,[ 6, 56, 85, 2]],

[ 74, 15, 0,[ 57, 33, 37]],

[ 99, 15, 0,[ 57, 23, 93]],

[ 26, 15, 0,[ 81, 6]],

[ 93, 15, 0,[ 99, 84, 56]],

[ 90, 15, 0,[ 32, 10, 58]],

[ 63, 15, 0,[ 82, 30, 2]],

[ 19, 15, 0,[ 94, 25, 48]],

[ 31, 15, 0,[ 40, 20, 43, 92, 95]],

[ 42, 15, 0,[ 96, 18, 29]],

[ 29, 15, 0,[ 80, 97, 42, 60]],

[ 66, 75, 1,[ 11, 0, 65]],

[ 4, 15, 0,[ 53, 71, 39]],

[ 25, 15, 0,[ 56, 19, 89, 15]],

[ 84, 15, 0,[ 43, 93, 98]],

[ 95, 15, 0,[ 31, 76, 71]],

[ 79, 15, 0,[ 33, 12, 53, 86]],

[ 9, 85, 1,[ 34, 3, 41, 44]],

[ 47, 15, 0,[ 80, 18, 13]],

[ 62, 15, 0,[ 51, 10, 14]],

