[ 70, 45, 0,[ 75, 93, 69, 60]],

[ 48, 45, 1,[ 20, 16, 32]],

[ 51, 45, 0,[ 25, 66, 18]],

[ 62, 45, 0,[ 32, 89, 95]],

[ 81, 45, 0,[ 50, 93, 86, 64, 35]],

[ 94, 45, 0,[ 74, 22, 20, 85]],

[ 28, 35, 1,[ 79, 97, 74, 34]],

[ 63, 45, 0,[ 11, 90, 32]],

[ 33, 45, 0,[ 68, 24, 69]],

[ 66, 45, 0,[ 85, 65, 43, 34, 83, 51]],

[ 60, 45, 0,[ 21, 70, 25]],

[ 3, 45, 0,[ 17, 59, 11]],

[ 98, 45, 0,[ 6, 1, 56]],

[ 68, 45, 0,[ 69, 47, 76, 33, 83]],

[ 85, 45, 0,[ 66, 8, 94]],

[ 64, 45, 0,[ 83, 36, 81]],

[ 15, 65, 1,[ 17, 44, 75]],

[ 34, 45, 0,[ 28, 44, 66]],

[ 10, 45, 0,[ 52, 21, 25, 6]],

[ 71, 45, 0,[ 86, 40]],

[ 40, 45, 0,[ 38, 7, 71, 32, 45]],

[ 55, 45, 0,[ 87, 92, 80]],

[ 67, 45, 0,[ 95, 37, 54]],

[ 92, 45, 0,[ 43, 55, 97, 73]],

[ 35, 45, 0,[ 19, 4, 81, 30]],

[ 95, 45, 0,[ 67, 82, 62, 24]],

[ 36, 45, 1,[ 7, 38, 64]],

[ 45, 45, 0,[ 25, 49, 22, 40]],

[ 88, 45, 0,[ 29, 17, 0]],

[ 93, 45, 0,[ 81, 82, 70]],

[ 87, 45, 0,[ 55, 26]],

[ 13, 45, 0,[ 9, 47, 54]],

[ 18, 45, 0,[ 1, 51, 84, 78]],

[ 89, 45, 0,[ 62, 73, 19]],

[ 5, 45, 0,[ 1, 23, 90]],

[ 73, 45, 0,[ 89, 27, 92]],

[ 65, 45, 0,[ 37, 66, 26]],

[ 21, 45, 0,[ 32, 10, 60]],

[ 84, 45, 0,[ 18, 14, 61]],

[ 83, 45, 0,[ 68, 66, 64]],

[ 20, 45, 0,[ 72, 94, 48]],

[ 44, 45, 0,[ 61, 34, 15]],

[ 56, 45, 0,[ 41, 98, 8]],

[ 53, 45, 0,[ 39, 6, 2]],

[ 4, 45, 0,[ 49, 2, 35, 50]],

[ 29, 45, 0,[ 88, 12, 50]],

[ 90, 45, 0,[ 5, 77, 59, 11, 63, 0]],

[ 82, 45, 0,[ 95, 52, 57, 93, 31]],

[ 8, 45, 0,[ 16, 85, 56, 74]],

[ 80, 95, 1,[ 49, 55, 14, 38]],

[ 61, 45, 0,[ 44, 84, 41]],

[ 86, 45, 0,[ 2, 81, 23, 71, 72]],

[ 17, 45, 0,[ 3, 15, 31, 88]],

[ 32, 95, 1,[ 40, 63, 21, 48, 62]],

[ 41, 45, 0,[ 56, 27, 46, 52, 61]],

[ 97, 45, 0,[ 92, 75, 28]],

[ 7, 45, 0,[ 31, 40, 36]],

[ 11, 45, 0,[ 63, 90, 3]],

[ 72, 45, 0,[ 96, 79, 20, 86]],

[ 99, 45, 0,[ 58, 37, 23, 12]],

[ 50, 45, 0,[ 37, 29, 81, 4]],

[ 26, 45, 0,[ 65, 87, 9, 96]],

[ 77, 45, 0,[ 79, 90, 46, 42]],

[ 9, 65, 1,[ 22, 13, 26]],

[ 96, 45, 1,[ 72, 30, 26]],

[ 46, 45, 0,[ 76, 41, 77]],

[ 76, 45, 0,[ 68, 46]],

[ 91, 45, 0,[ 39, 38, 1]],

[ 37, 45, 0,[ 65, 50, 67, 99]],

[ 47, 45, 1,[ 24, 13, 68]],

[ 14, 45, 0,[ 75, 80, 84]],

[ 38, 45, 0,[ 40, 91, 36, 80]],

[ 58, 45, 0,[ 57, 99]],

[ 42, 45, 0,[ 54, 49, 77]],

[ 23, 45, 0,[ 99, 5, 25, 86]],

[ 78, 45, 0,[ 57, 18]],

[ 16, 45, 0,[ 8, 31, 48]],

[ 57, 45, 0,[ 82, 78, 58]],

[ 12, 45, 0,[ 29, 99]],

[ 25, 45, 0,[ 60, 30, 23, 10, 43, 45, 51]],

[ 49, 45, 0,[ 42, 45, 4, 80]],

[ 24, 25, 1,[ 47, 33, 22, 95]],

[ 69, 45, 0,[ 68, 33, 22, 70]],

[ 27, 45, 0,[ 41, 73, 0]],

[ 79, 45, 0,[ 28, 77, 72]],

[ 43, 45, 0,[ 25, 92, 66]],

[ 74, 45, 0,[ 28, 8, 94]],

[ 1, 45, 0,[ 5, 98, 91, 18]],

[ 2, 45, 0,[ 4, 53, 86]],

[ 39, 45, 0,[ 59, 91, 53, 19]],

[ 30, 45, 0,[ 35, 25, 96]],

[ 54, 45, 0,[ 67, 13, 75, 42]],

[ 0, 45, 0,[ 88, 27, 90]],

[ 52, 45, 0,[ 82, 41, 10]],

[ 19, 45, 0,[ 35, 39, 89]],

[ 6, 45, 0,[ 98, 10, 53]],

[ 22, 45, 0,[ 69, 45, 24, 94, 9]],

[ 31, 45, 0,[ 17, 16, 82, 7]],

[ 59, 45, 0,[ 90, 3, 39]],

[ 75, 45, 0,[ 15, 70, 97, 14, 54]],

