[ 28, 55, 1,[ 94, 41, 11]],

[ 33, 75, 0,[ 19, 90, 45, 57, 77]],

[ 98, 35, 0,[ 4, 26, 83]],

[ 90, 25, 1,[ 69, 33, 71, 81]],

[ 27, 25, 1,[ 24, 48, 29]],

[ 58, 45, 0,[ 66, 69, 1]],

[ 1, 5, 1,[ 62, 76, 32, 58]],

[ 3, 95, 1,[ 54, 35, 99, 11]],

[ 26, 45, 1,[ 68, 98, 50]],

[ 48, 15, 1,[ 27, 9, 62]],

[ 50, 45, 1,[ 73, 74, 26, 91]],

[ 63, 65, 1,[ 87, 65, 40, 68, 52]],

[ 19, 75, 0,[ 24, 84, 73, 42, 33]],

[ 74, 65, 0,[ 50, 71, 64, 97]],

[ 13, 35, 1,[ 0, 55, 60]],

[ 42, 75, 1,[ 32, 94, 12, 19]],

[ 75, 35, 0,[ 35, 88, 52]],

[ 31, 5, 0,[ 0, 78, 89, 36, 85]],

[ 25, 15, 1,[ 66, 29, 39, 67, 18]],

[ 38, 25, 1,[ 95, 57, 21, 77]],

[ 52, 25, 1,[ 63, 54, 75]],

[ 49, 75, 0,[ 79, 83, 96]],

[ 57, 75, 0,[ 5, 33, 38, 61]],

[ 81, 95, 1,[ 11, 90, 35]],

[ 12, 85, 0,[ 17, 34, 42]],

[ 93, 35, 0,[ 15, 24, 35]],

[ 61, 75, 0,[ 79, 43, 57]],

[ 64, 25, 1,[ 74, 87, 88]],

[ 91, 25, 1,[ 94, 50, 22]],

[ 32, 85, 0,[ 42, 1]],

[ 18, 85, 1,[ 60, 25, 73]],

[ 68, 95, 1,[ 26, 63, 36]],

[ 94, 55, 1,[ 28, 91, 99, 42]],

[ 97, 85, 0,[ 47, 74, 11]],

[ 39, 15, 1,[ 86, 11, 25]],

[ 86, 35, 0,[ 39, 9, 20]],

[ 88, 25, 1,[ 21, 71, 75, 64]],

[ 67, 85, 0,[ 25, 9, 6]],

[ 10, 45, 0,[ 20, 85, 43]],

[ 9, 85, 0,[ 86, 48, 67, 95]],

[ 22, 35, 0,[ 56, 16, 91]],

[ 96, 75, 0,[ 49, 55, 5, 79, 47, 6]],

[ 2, 95, 1,[ 55, 59, 15, 89]],

[ 99, 25, 0,[ 94, 3, 73]],

[ 23, 75, 0,[ 44, 14]],

[ 37, 75, 0,[ 4, 14, 83]],

[ 16, 35, 0,[ 29, 22, 89]],

[ 34, 75, 1,[ 92, 12, 65]],

[ 84, 65, 1,[ 53, 19]],

[ 69, 55, 1,[ 55, 90, 58]],

[ 11, 25, 0,[ 81, 28, 39, 3, 97]],

[ 41, 65, 1,[ 62, 28, 70]],

[ 77, 45, 1,[ 60, 38, 33, 66]],

[ 24, 35, 1,[ 15, 19, 27, 93]],

[ 89, 55, 1,[ 47, 16, 2, 31]],

[ 65, 55, 0,[ 73, 63, 21, 34]],

[ 15, 5, 0,[ 93, 2, 24]],

[ 30, 85, 0,[ 20, 51, 8]],

[ 71, 65, 0,[ 88, 40, 74, 90]],

[ 76, 25, 1,[ 70, 29, 1]],

[ 51, 85, 0,[ 30, 7, 62]],

[ 82, 55, 0,[ 60, 44, 40]],

[ 29, 45, 1,[ 27, 76, 25, 16]],

[ 62, 65, 1,[ 51, 41, 48, 1]],

[ 70, 85, 0,[ 41, 85, 76]],

[ 14, 75, 0,[ 53, 23, 4, 37]],

[ 59, 75, 0,[ 43, 72, 2]],

[ 83, 15, 1,[ 37, 49, 98]],

[ 5, 25, 1,[ 47, 57, 96]],

[ 66, 45, 0,[ 25, 77, 58]],

[ 7, 95, 1,[ 80, 51, 78]],

[ 6, 85, 0,[ 67, 17, 96]],

[ 85, 75, 1,[ 31, 10, 70, 87]],

[ 95, 35, 1,[ 45, 9, 73, 38]],

[ 80, 5, 1,[ 36, 0, 7, 45]],

[ 73, 55, 0,[ 18, 19, 95, 99, 65, 50]],

[ 78, 5, 0,[ 40, 31, 35, 7]],

[ 46, 25, 1,[ 92, 40]],

[ 54, 25, 0,[ 60, 52, 3]],

[ 92, 25, 0,[ 46, 55, 34, 44]],

[ 40, 65, 0,[ 63, 71, 46, 82, 78]],

[ 56, 35, 0,[ 44, 22, 20]],

[ 72, 25, 1,[ 35, 8, 59]],

[ 47, 25, 1,[ 89, 5, 96, 97]],

[ 4, 75, 0,[ 14, 98, 37]],

[ 36, 35, 0,[ 31, 68, 80]],

[ 8, 65, 1,[ 53, 72, 30]],

[ 87, 55, 0,[ 85, 63, 64]],

[ 20, 85, 1,[ 17, 56, 10, 30, 86]],

[ 21, 35, 0,[ 65, 38, 88]],

[ 44, 35, 1,[ 56, 82, 23, 92]],

[ 0, 55, 1,[ 80, 31, 13]],

[ 17, 85, 0,[ 6, 20, 12]],

[ 60, 85, 1,[ 82, 13, 54, 18, 77]],

[ 55, 75, 0,[ 2, 92, 69, 13, 96]],

[ 53, 65, 1,[ 14, 8, 84]],

[ 35, 35, 0,[ 75, 81, 3, 78, 93, 72]],

[ 45, 25, 1,[ 95, 80, 33]],

[ 43, 35, 1,[ 59, 61, 10]],

[ 79, 75, 0,[ 61, 96, 49]],

