[ 37, 95, 1,[ 83, 78, 68]],

[ 93, 65, 1,[ 54, 85, 63]],

[ 26, 15, 0,[ 60, 69, 25]],

[ 23, 5, 0,[ 53, 56, 70]],

[ 94, 95, 0,[ 13, 92, 70, 14]],

[ 75, 85, 1,[ 98, 16, 99, 63]],

[ 77, 85, 0,[ 14, 10, 43]],

[ 74, 5, 0,[ 6, 56, 2, 4, 38]],

[ 39, 25, 0,[ 13, 89, 28]],

[ 89, 25, 0,[ 39, 68]],

[ 48, 25, 1,[ 20, 55, 73]],

[ 88, 85, 1,[ 68, 14, 9]],

[ 46, 95, 0,[ 9, 31, 80]],

[ 52, 15, 1,[ 87, 44, 81]],

[ 99, 15, 1,[ 83, 75, 5, 45]],

[ 43, 95, 0,[ 83, 77, 55]],

[ 73, 5, 0,[ 97, 91, 48]],

[ 63, 65, 0,[ 75, 57, 93]],

[ 18, 5, 0,[ 60, 34, 31]],

[ 83, 95, 0,[ 99, 37, 43, 68, 45, 98]],

[ 30, 5, 0,[ 34, 36, 20]],

[ 22, 65, 1,[ 10, 14]],

[ 15, 15, 0,[ 61, 19, 21, 96]],

[ 67, 95, 1,[ 19, 59, 13]],

[ 5, 65, 1,[ 25, 99, 10, 21, 72]],

[ 3, 45, 1,[ 47, 90, 28, 79]],

[ 96, 35, 0,[ 15, 78, 2]],

[ 20, 5, 0,[ 53, 48, 30]],

[ 32, 5, 1,[ 68, 62, 59]],

[ 13, 95, 1,[ 39, 81, 94, 67]],

[ 42, 25, 0,[ 33, 81, 11]],

[ 19, 25, 1,[ 67, 15, 31]],

[ 61, 15, 0,[ 33, 16, 40, 15]],

[ 55, 25, 0,[ 78, 48, 43, 85]],

[ 12, 5, 1,[ 4, 58, 66]],

[ 56, 5, 1,[ 60, 74, 95, 23]],

[ 65, 45, 1,[ 11, 50, 0]],

[ 33, 25, 1,[ 92, 42, 61]],

[ 0, 5, 0,[ 40, 65, 62, 76]],

[ 49, 65, 0,[ 25, 62]],

[ 59, 5, 0,[ 58, 67, 32, 2]],

[ 10, 85, 1,[ 22, 95, 77, 5, 17]],

[ 28, 65, 1,[ 3, 39, 24]],

[ 8, 5, 0,[ 62, 24, 87]],

[ 31, 95, 1,[ 18, 19, 50, 46]],

[ 86, 5, 1,[ 35, 41, 98]],

[ 50, 45, 1,[ 31, 65, 76]],

[ 95, 5, 0,[ 56, 82, 10]],

[ 60, 5, 0,[ 56, 18, 26, 16, 11]],

[ 17, 85, 0,[ 84, 10, 66]],

[ 70, 35, 1,[ 66, 94, 23]],

[ 58, 65, 1,[ 12, 59]],

[ 45, 95, 0,[ 83, 34, 99]],

[ 53, 5, 0,[ 23, 69, 20, 29, 41]],

[ 44, 35, 1,[ 52, 92]],

[ 36, 35, 1,[ 82, 24, 30]],

[ 24, 45, 1,[ 36, 28, 8, 90]],

[ 51, 45, 1,[ 80, 34, 85, 4]],

[ 25, 65, 0,[ 49, 5, 26, 27]],

[ 27, 45, 0,[ 64, 71, 25]],

[ 47, 55, 1,[ 3, 84]],

[ 85, 25, 1,[ 93, 55, 38, 51]],

[ 69, 15, 0,[ 53, 26, 72]],

[ 21, 95, 0,[ 5, 15, 1]],

[ 2, 35, 1,[ 96, 59, 74]],

[ 1, 95, 0,[ 21, 72, 64]],

[ 11, 15, 1,[ 60, 65, 66, 42]],

[ 35, 5, 0,[ 86, 9, 97, 4]],

[ 72, 15, 1,[ 69, 1, 5]],

[ 14, 65, 1,[ 88, 94, 57, 41, 77, 22]],

[ 87, 5, 1,[ 8, 82, 80, 52]],

[ 54, 5, 1,[ 93, 71, 91]],

[ 98, 95, 0,[ 75, 86, 57, 83]],

[ 34, 5, 1,[ 30, 45, 51, 18]],

[ 80, 75, 1,[ 79, 51, 46, 87]],

[ 9, 5, 0,[ 35, 88, 46]],

[ 6, 55, 1,[ 29, 74, 7]],

[ 7, 15, 0,[ 40, 79, 6]],

[ 38, 5, 0,[ 76, 85, 74]],

[ 41, 5, 0,[ 53, 14, 86]],

[ 92, 85, 1,[ 94, 33, 44]],

[ 97, 15, 1,[ 73, 35, 62]],

[ 78, 35, 1,[ 55, 37, 96]],

[ 57, 65, 0,[ 63, 98, 14]],

[ 82, 5, 0,[ 87, 76, 95, 36, 90]],

[ 68, 95, 0,[ 89, 32, 83, 88, 37]],

[ 62, 35, 1,[ 0, 97, 8, 49, 32]],

[ 76, 5, 1,[ 50, 91, 38, 0, 82]],

[ 4, 5, 0,[ 51, 35, 12, 74]],

[ 40, 15, 0,[ 0, 61, 7]],

[ 16, 15, 1,[ 61, 75, 60]],

[ 84, 85, 0,[ 29, 47, 17]],

[ 79, 95, 0,[ 3, 64, 7, 80]],

[ 71, 45, 1,[ 27, 81, 91, 54]],

[ 64, 95, 0,[ 27, 1, 79]],

[ 81, 25, 1,[ 13, 52, 42, 71]],

[ 66, 85, 1,[ 17, 12, 70, 11]],

[ 29, 5, 1,[ 6, 53, 84]],

[ 91, 5, 0,[ 71, 73, 76, 54]],

[ 90, 45, 0,[ 24, 82, 3]],

