[ 59, 45, 1,[ 60, 55, 78]],

[ 70, 15, 0,[ 28]],

[ 42, 95, 0,[ 51, 22, 93]],

[ 41, 15, 0,[ 23, 5, 12]],

[ 90, 75, 1,[ 54, 17, 35, 74, 9]],

[ 33, 55, 0,[ 8, 9, 22]],

[ 28, 15, 1,[ 70, 44, 6, 5]],

[ 54, 95, 0,[ 4, 19, 22, 90]],

[ 82, 35, 0,[ 24, 2, 6]],

[ 77, 45, 1,[ 5, 0, 61]],

[ 35, 75, 0,[ 30, 90, 96]],

[ 47, 45, 0,[ 10, 56, 32]],

[ 96, 5, 0,[ 91, 4, 35, 43]],

[ 73, 45, 0,[ 20, 14, 53, 83]],

[ 67, 45, 0,[ 52, 50, 81, 57]],

[ 79, 65, 0,[ 10, 45, 86]],

[ 48, 35, 1,[ 69, 34, 29]],

[ 30, 75, 0,[ 83, 50, 86, 35]],

[ 31, 15, 0,[ 97, 45, 78]],

[ 87, 85, 1,[ 17, 7, 94, 62]],

[ 65, 5, 1,[ 61, 68, 21]],

[ 76, 15, 0,[ 86, 89, 26, 72, 3]],

[ 34, 65, 1,[ 19, 3, 48, 24, 16]],

[ 25, 55, 1,[ 72, 68, 39]],

[ 88, 5, 0,[ 89, 0, 21]],

[ 61, 75, 0,[ 65, 77, 37]],

[ 68, 5, 1,[ 65, 3, 25]],

[ 10, 15, 0,[ 47, 26, 79]],

[ 52, 25, 1,[ 67, 71, 19]],

[ 14, 35, 1,[ 2, 13, 73]],

[ 26, 15, 0,[ 32, 91, 76, 10]],

[ 50, 75, 0,[ 67, 99, 6, 30]],

[ 0, 75, 1,[ 98, 62, 27, 16, 88, 77]],

[ 17, 5, 0,[ 21, 95, 87, 90]],

[ 63, 75, 0,[ 15, 66, 43]],

[ 51, 75, 1,[ 42, 80]],

[ 72, 5, 1,[ 32, 25, 76]],

[ 78, 45, 0,[ 59, 53, 31, 64]],

[ 98, 35, 1,[ 1, 0, 56]],

[ 7, 75, 0,[ 46, 87, 99]],

[ 44, 95, 1,[ 28, 97, 18]],

[ 75, 55, 1,[ 23, 8, 3]],

[ 40, 55, 0,[ 91, 5, 8]],

[ 20, 45, 0,[ 37, 73, 57]],

[ 43, 75, 0,[ 96, 63, 84]],

[ 1, 35, 1,[ 58, 98, 6]],

[ 64, 45, 0,[ 57, 15, 78]],

[ 85, 75, 0,[ 74, 11]],

[ 66, 75, 0,[ 39, 46, 63]],

[ 71, 25, 1,[ 38, 53, 52]],

[ 60, 45, 1,[ 59, 8, 18]],

[ 74, 75, 1,[ 90, 85, 58]],

[ 2, 35, 0,[ 8, 14, 82]],

[ 99, 75, 1,[ 7, 39, 50]],

[ 86, 65, 1,[ 76, 30, 45, 79]],

[ 36, 75, 0,[ 46, 95, 80]],

[ 91, 55, 1,[ 26, 40, 96, 83]],

[ 49, 15, 1,[ 81, 15, 24]],

[ 53, 45, 0,[ 71, 78, 73, 19]],

[ 58, 65, 1,[ 93, 62, 74, 12, 92, 1]],

[ 81, 45, 0,[ 67, 57, 49]],

[ 39, 75, 1,[ 32, 66, 25, 84, 55, 99, 16]],

[ 22, 5, 1,[ 27, 11, 42, 33, 54, 3, 13]],

[ 3, 5, 1,[ 68, 34, 75, 76, 94, 22]],

[ 15, 45, 1,[ 69, 63, 49, 64]],

[ 27, 55, 1,[ 38, 0, 22]],

[ 37, 15, 0,[ 97, 20, 61]],

[ 55, 95, 1,[ 8, 39, 59]],

[ 12, 15, 1,[ 58, 84, 41]],

[ 80, 75, 0,[ 51, 23, 36, 93]],

[ 84, 55, 1,[ 12, 43, 39]],

[ 21, 85, 1,[ 17, 65, 88]],

[ 18, 95, 0,[ 95, 60, 44]],

[ 89, 55, 1,[ 88, 95, 76]],

[ 69, 45, 1,[ 15, 48, 29]],

[ 13, 35, 1,[ 22, 14, 4]],

[ 92, 65, 1,[ 58, 38, 56]],

[ 46, 75, 0,[ 7, 66, 36]],

[ 94, 15, 0,[ 3, 87, 32, 5]],

[ 83, 45, 0,[ 91, 30, 73]],

[ 4, 5, 0,[ 54, 13, 96]],

[ 5, 15, 0,[ 28, 94, 40, 41, 77]],

[ 45, 65, 1,[ 31, 79, 86]],

[ 9, 45, 1,[ 90, 32, 33]],

[ 38, 75, 0,[ 71, 27, 92]],

[ 32, 45, 1,[ 26, 94, 39, 9, 47, 72]],

[ 8, 55, 1,[ 60, 55, 19, 33, 75, 40, 2]],

[ 6, 15, 1,[ 1, 82, 28, 50]],

[ 95, 65, 1,[ 18, 29, 89, 17, 36]],

[ 97, 5, 1,[ 31, 44, 37]],

[ 62, 75, 0,[ 0, 58, 87]],

[ 11, 95, 0,[ 22, 57, 85]],

[ 19, 35, 1,[ 54, 8, 53, 34, 52]],

[ 57, 45, 0,[ 64, 67, 11, 20, 81]],

[ 93, 75, 0,[ 80, 58, 42]],

[ 16, 25, 0,[ 34, 0, 39]],

[ 56, 45, 0,[ 98, 92, 47]],

[ 23, 95, 1,[ 75, 41, 80]],

[ 29, 45, 1,[ 48, 95, 69]],

[ 24, 65, 0,[ 82, 49, 34]],

