[ 54, 55, 0,[ 31, 9, 7]],

[ 18, 55, 0,[ 0, 64, 4]],

[ 55, 55, 0,[ 7, 5, 50]],

[ 38, 55, 0,[ 30, 62, 25, 78]],

[ 78, 35, 1,[ 39, 10, 2, 51, 38]],

[ 94, 55, 0,[ 97, 7, 46]],

[ 70, 55, 0,[ 74, 63, 43, 26]],

[ 0, 55, 0,[ 11, 18, 48]],

[ 6, 55, 0,[ 72, 84, 40, 27]],

[ 82, 55, 0,[ 61, 8, 50]],

[ 87, 55, 0,[ 86, 46, 45, 36]],

[ 90, 55, 0,[ 58, 2, 81]],

[ 74, 55, 0,[ 61, 70]],

[ 50, 55, 0,[ 93, 82, 55, 49, 14, 20]],

[ 66, 55, 0,[ 25, 88, 1]],

[ 28, 55, 0,[ 91, 80, 58, 45]],

[ 14, 55, 0,[ 57, 4, 50]],

[ 48, 55, 0,[ 96, 21, 95, 0, 68, 23]],

[ 37, 55, 0,[ 60, 44, 71]],

[ 64, 55, 0,[ 16, 46, 18]],

[ 17, 55, 0,[ 4, 89, 65]],

[ 69, 55, 0,[ 92, 65, 26]],

[ 39, 55, 0,[ 83, 31, 78]],

[ 59, 55, 0,[ 22, 75, 83]],

[ 30, 55, 0,[ 38, 61, 5, 34]],

[ 63, 75, 1,[ 19, 23, 70]],

[ 97, 5, 1,[ 84, 92, 94]],

[ 49, 55, 0,[ 1, 50, 72]],

[ 81, 55, 0,[ 79, 90, 23]],

[ 31, 55, 0,[ 83, 39, 54]],

[ 72, 55, 0,[ 49, 27, 10, 6]],

[ 7, 55, 0,[ 55, 36, 10, 94, 84, 54]],

[ 61, 55, 0,[ 24, 82, 30, 74, 10]],

[ 75, 55, 0,[ 59, 29, 57]],

[ 19, 55, 0,[ 88, 79, 63]],

[ 86, 55, 0,[ 52, 12, 87]],

[ 36, 55, 0,[ 7, 35, 87]],

[ 25, 55, 0,[ 66, 38, 71]],

[ 33, 55, 0,[ 98, 44, 88, 67]],

[ 32, 55, 0,[ 12, 4, 79]],

[ 12, 55, 0,[ 86, 32, 80]],

[ 41, 55, 0,[ 24, 11, 27]],

[ 44, 55, 0,[ 98, 37, 33]],

[ 56, 55, 0,[ 22, 93, 34, 20]],

[ 5, 55, 0,[ 89, 30, 55]],

[ 35, 55, 0,[ 1, 36]],

[ 46, 55, 0,[ 87, 92, 64, 94]],

[ 23, 55, 0,[ 81, 47, 63, 48]],

[ 89, 55, 0,[ 5, 17, 13]],

[ 60, 55, 0,[ 24, 37, 53]],

[ 21, 55, 0,[ 62, 48, 26, 99, 73]],

[ 79, 55, 0,[ 32, 19, 15, 81]],

[ 24, 55, 0,[ 61, 85, 60, 41]],

[ 3, 55, 0,[ 52, 9]],

[ 27, 55, 0,[ 41, 72, 6, 76]],

[ 11, 55, 0,[ 22, 0, 41]],

[ 9, 55, 0,[ 54, 3, 47, 40]],

[ 84, 75, 1,[ 97, 52, 7, 6]],

[ 34, 55, 0,[ 93, 30, 68, 56]],

[ 1, 55, 0,[ 91, 35, 66, 49]],

[ 8, 55, 0,[ 82, 4, 99]],

[ 53, 65, 1,[ 76, 60, 83]],

[ 51, 55, 0,[ 78, 98, 26]],

[ 58, 55, 0,[ 90, 13, 28, 71]],

[ 52, 55, 0,[ 3, 99, 84, 86, 16]],

[ 73, 55, 0,[ 45, 95, 21]],

[ 80, 55, 0,[ 12, 28, 91]],

[ 15, 55, 0,[ 88, 79, 2]],

[ 13, 55, 0,[ 58, 26, 89]],

[ 93, 55, 0,[ 34, 50, 56]],

[ 98, 55, 0,[ 33, 51, 44]],

[ 2, 55, 0,[ 90, 15, 78]],

[ 16, 55, 0,[ 64, 57, 52]],

[ 62, 35, 1,[ 38, 21, 67]],

[ 76, 55, 0,[ 27, 53, 29]],

[ 99, 55, 1,[ 8, 52, 77, 21]],

[ 71, 55, 0,[ 85, 58, 37, 25]],

[ 77, 45, 1,[ 4, 10, 99]],

[ 43, 55, 0,[ 70, 85]],

[ 92, 55, 0,[ 67, 46, 97, 69]],

[ 4, 55, 0,[ 18, 14, 17, 77, 32, 8]],

[ 42, 55, 0,[ 96, 47, 57]],

[ 29, 55, 0,[ 57, 96, 95, 76, 75]],

[ 85, 45, 1,[ 71, 26, 43, 24]],

[ 96, 55, 0,[ 29, 48, 42]],

[ 57, 55, 0,[ 42, 40, 20, 14, 16, 29, 75]],

[ 83, 55, 0,[ 31, 53, 39, 59]],

[ 88, 65, 1,[ 66, 33, 19, 15]],

[ 67, 55, 0,[ 92, 33, 62]],

[ 47, 55, 0,[ 9, 23, 42]],

[ 22, 55, 0,[ 11, 56, 59]],

[ 40, 55, 0,[ 6, 57, 9]],

[ 65, 55, 0,[ 17, 91, 69]],

[ 95, 55, 0,[ 29, 73, 48]],

[ 10, 55, 0,[ 7, 72, 78, 61, 77]],

[ 20, 55, 0,[ 50, 57, 56]],

[ 68, 55, 0,[ 48, 26, 34]],

[ 45, 55, 0,[ 73, 28, 87]],

[ 26, 55, 0,[ 69, 13, 70, 68, 85, 51, 21]],

[ 91, 55, 0,[ 1, 65, 28, 80]],

