[ 79, 25, 0,[ 96, 56, 80, 17, 76, 7]],

[ 74, 45, 0,[ 54, 32, 19]],

[ 69, 25, 0,[ 94, 33, 77, 52]],

[ 90, 85, 1,[ 23, 15, 58]],

[ 99, 35, 1,[ 9, 33, 81, 83]],

[ 62, 65, 1,[ 35, 8, 67]],

[ 87, 25, 0,[ 21, 24, 0]],

[ 92, 25, 0,[ 82, 49, 96, 80]],

[ 17, 25, 1,[ 19, 50, 79]],

[ 52, 35, 1,[ 66, 40, 91, 69]],

[ 91, 85, 1,[ 4, 34, 52]],

[ 77, 75, 1,[ 69, 30, 94]],

[ 6, 65, 0,[ 72, 5, 75, 97]],

[ 95, 25, 0,[ 21, 1, 22]],

[ 73, 25, 0,[ 0, 97, 10]],

[ 88, 35, 1,[ 8, 44, 10]],

[ 8, 45, 1,[ 88, 62, 75, 68, 39]],

[ 55, 15, 1,[ 27, 89, 48]],

[ 61, 85, 1,[ 0, 85, 28, 86, 2]],

[ 49, 25, 0,[ 92, 30, 22]],

[ 89, 55, 0,[ 55, 84, 41]],

[ 14, 35, 1,[ 85, 84, 25]],

[ 5, 65, 1,[ 68, 43, 11, 6]],

[ 27, 45, 1,[ 36, 53, 55]],

[ 67, 25, 0,[ 62, 98, 12, 71]],

[ 56, 25, 0,[ 31, 79, 59]],

[ 43, 95, 0,[ 81, 5, 97]],

[ 58, 5, 1,[ 57, 0, 29, 90]],

[ 2, 55, 1,[ 61, 25, 71]],

[ 19, 45, 0,[ 17, 74]],

[ 36, 75, 0,[ 63, 11, 59, 27]],

[ 66, 15, 1,[ 83, 39, 52]],

[ 63, 75, 0,[ 15, 33, 36, 45]],

[ 50, 95, 1,[ 35, 17, 21, 1]],

[ 75, 65, 0,[ 30, 6, 8]],

[ 60, 25, 0,[ 11, 70, 76]],

[ 54, 75, 0,[ 20, 74, 53]],

[ 78, 25, 0,[ 37, 45, 46]],

[ 38, 15, 1,[ 84, 51, 71]],

[ 9, 5, 1,[ 34, 99, 10]],

[ 53, 95, 1,[ 27, 54, 47]],

[ 83, 65, 1,[ 72, 13, 99, 66]],

[ 98, 25, 0,[ 94, 24, 67]],

[ 57, 65, 1,[ 65, 44, 31, 58]],

[ 13, 55, 1,[ 26, 83, 71, 51]],

[ 86, 25, 1,[ 61, 23, 41]],

[ 71, 25, 0,[ 38, 67, 2, 4, 13]],

[ 72, 65, 0,[ 1, 83, 6]],

[ 97, 5, 1,[ 43, 3, 41, 73, 6, 64]],

[ 39, 85, 1,[ 66, 8, 96]],

[ 44, 65, 1,[ 88, 42, 34, 57]],

[ 70, 45, 1,[ 94, 82, 60]],

[ 31, 25, 0,[ 76, 57, 20, 56, 3]],

[ 25, 15, 0,[ 65, 14, 2, 81]],

[ 59, 85, 1,[ 56, 36]],

[ 30, 75, 1,[ 51, 75, 77, 49, 85]],

[ 29, 65, 1,[ 58, 18, 20]],

[ 4, 25, 0,[ 71, 91, 47]],

[ 15, 55, 1,[ 63, 18, 90]],

[ 65, 55, 1,[ 28, 22, 25, 57]],

[ 26, 25, 0,[ 13, 46, 12]],

[ 96, 25, 0,[ 79, 39, 92]],

[ 85, 55, 1,[ 14, 61, 30]],

[ 46, 25, 0,[ 26, 78, 16]],

[ 28, 55, 0,[ 61, 65, 93]],

[ 7, 25, 0,[ 79, 18]],

[ 94, 25, 0,[ 70, 77, 69, 98]],

[ 82, 25, 0,[ 70, 48, 92]],

[ 1, 25, 1,[ 95, 50, 72]],

[ 84, 95, 1,[ 14, 38, 89]],

[ 12, 25, 0,[ 67, 16, 26]],

[ 3, 85, 1,[ 31, 97, 32]],

[ 0, 25, 1,[ 42, 73, 58, 61, 87, 23]],

[ 80, 75, 1,[ 37, 92, 79]],

[ 18, 25, 0,[ 41, 15, 29, 7]],

[ 47, 25, 1,[ 4, 53, 93]],

[ 16, 25, 0,[ 46, 11, 12]],

[ 93, 35, 1,[ 42, 28, 47, 48]],

[ 33, 5, 1,[ 63, 69, 99]],

[ 37, 55, 0,[ 78, 80, 41]],

[ 22, 95, 1,[ 95, 65, 40, 49]],

[ 24, 15, 1,[ 98, 87, 32]],

[ 34, 85, 0,[ 44, 9, 91, 11]],

[ 45, 75, 0,[ 40, 78, 63]],

[ 11, 5, 1,[ 34, 5, 16, 36, 60]],

[ 20, 25, 1,[ 54, 29, 31, 64]],

[ 32, 45, 0,[ 24, 74, 3]],

[ 68, 95, 0,[ 5, 8]],

[ 42, 85, 1,[ 44, 93, 0]],

[ 41, 25, 1,[ 97, 37, 18, 89, 86]],

[ 48, 25, 0,[ 82, 81, 55, 93]],

[ 21, 25, 0,[ 50, 76, 87, 95]],

[ 35, 75, 0,[ 50, 40, 62]],

[ 40, 75, 0,[ 22, 52, 45, 35]],

[ 51, 25, 0,[ 30, 38, 13]],

[ 10, 25, 0,[ 9, 88, 73]],

[ 23, 65, 0,[ 86, 90, 0]],

[ 76, 25, 0,[ 21, 31, 79, 60, 64]],

[ 64, 25, 0,[ 20, 76, 97]],

[ 81, 15, 1,[ 25, 99, 48, 43]],

