[ 70, 95, 1,[ 25, 0, 13]],

[ 21, 65, 0,[ 75, 39, 89]],

[ 11, 25, 0,[ 47, 52, 53]],

[ 46, 65, 1,[ 17, 75, 66]],

[ 2, 35, 1,[ 22, 76, 47]],

[ 17, 25, 1,[ 46, 54, 53]],

[ 72, 75, 1,[ 15, 62, 33, 57]],

[ 7, 95, 1,[ 78, 82, 27, 26]],

[ 81, 35, 0,[ 34, 69]],

[ 78, 95, 0,[ 8, 39, 7]],

[ 27, 35, 1,[ 86, 7, 69]],

[ 90, 75, 0,[ 84, 98]],

[ 93, 95, 0,[ 85, 40, 23]],

[ 86, 35, 1,[ 27, 3, 83]],

[ 60, 45, 1,[ 79, 54]],

[ 45, 25, 0,[ 84, 80, 48, 4]],

[ 82, 25, 1,[ 7, 99, 36]],

[ 98, 95, 1,[ 90, 35, 30, 3]],

[ 40, 95, 0,[ 5, 96, 93]],

[ 22, 35, 0,[ 9, 64, 19, 2]],

[ 35, 95, 1,[ 98, 96, 41]],

[ 10, 65, 0,[ 42, 69, 75]],

[ 48, 25, 0,[ 88, 45, 64]],

[ 99, 25, 1,[ 69, 82, 95, 28, 85]],

[ 12, 5, 1,[ 80, 87, 76]],

[ 26, 95, 0,[ 7, 61, 97, 18]],

[ 23, 95, 1,[ 93, 69, 79]],

[ 65, 95, 0,[ 94, 54, 47, 51, 80, 24]],

[ 76, 35, 0,[ 12, 49, 36, 2]],

[ 96, 95, 0,[ 28, 40, 35]],

[ 31, 55, 1,[ 95, 69, 61, 87, 4]],

[ 36, 35, 0,[ 19, 82, 76]],

[ 29, 95, 0,[ 79, 77, 13]],

[ 24, 95, 0,[ 9, 85, 65]],

[ 55, 35, 1,[ 79, 8]],

[ 51, 95, 1,[ 65, 41]],

[ 68, 25, 1,[ 43, 63, 52]],

[ 9, 95, 0,[ 24, 22]],

[ 85, 95, 0,[ 93, 94, 24, 99]],

[ 13, 95, 0,[ 32, 70, 29]],

[ 80, 5, 1,[ 45, 83, 65, 12]],

[ 54, 5, 1,[ 17, 61, 65, 60]],

[ 57, 95, 0,[ 30, 72, 34, 71]],

[ 25, 95, 0,[ 97, 19, 70]],

[ 37, 95, 0,[ 42, 16, 14]],

[ 63, 5, 1,[ 56, 59, 68]],

[ 95, 35, 0,[ 31, 44, 99]],

[ 97, 55, 1,[ 25, 41, 1, 33, 26]],

[ 91, 25, 0,[ 28, 88, 62, 73]],

[ 14, 95, 0,[ 37, 50, 47, 38, 5]],

[ 56, 5, 1,[ 77, 63, 8]],

[ 71, 95, 1,[ 57, 75, 20]],

[ 8, 95, 1,[ 56, 78, 55]],

[ 39, 45, 1,[ 62, 21, 78, 92]],

[ 6, 35, 1,[ 79, 73, 89]],

[ 79, 95, 1,[ 23, 29, 60, 6, 55]],

[ 20, 95, 1,[ 5, 64, 52, 71]],

[ 47, 95, 0,[ 14, 11, 0, 66, 2, 65, 15]],

[ 58, 75, 1,[ 62, 92, 75]],

[ 61, 95, 0,[ 54, 26, 31, 77]],

[ 94, 95, 0,[ 74, 85, 65]],

[ 69, 35, 1,[ 27, 23, 81, 31, 10, 99]],

[ 15, 75, 1,[ 34, 38, 72, 47]],

[ 42, 95, 0,[ 3, 37, 10]],

[ 33, 95, 0,[ 72, 49, 97]],

[ 3, 95, 0,[ 86, 66, 42, 98]],

[ 66, 95, 0,[ 47, 3, 46]],

[ 64, 25, 0,[ 20, 73, 22, 48]],

[ 59, 5, 1,[ 63, 67, 84]],

[ 30, 95, 0,[ 98, 44, 5, 18, 57]],

[ 19, 35, 0,[ 36, 25, 22]],

[ 16, 25, 1,[ 88, 4, 37, 67, 43]],

[ 41, 95, 0,[ 97, 34, 51, 35]],

[ 49, 65, 0,[ 76, 92, 33]],

[ 34, 95, 0,[ 57, 81, 15, 41]],

[ 1, 95, 0,[ 97, 89, 43]],

[ 92, 75, 1,[ 39, 58, 49]],

[ 44, 95, 0,[ 30, 95, 32]],

[ 73, 5, 1,[ 64, 91, 6]],

[ 84, 5, 1,[ 59, 90, 45]],

[ 32, 95, 0,[ 44, 13]],

[ 5, 95, 0,[ 30, 88, 77, 20, 40, 14]],

[ 18, 45, 1,[ 74, 26, 30]],

[ 77, 25, 1,[ 61, 5, 29, 56]],

[ 0, 65, 1,[ 87, 47, 70]],

[ 43, 25, 0,[ 16, 53, 1, 68]],

[ 38, 75, 1,[ 14, 50, 15]],

[ 4, 65, 1,[ 16, 45, 31]],

[ 67, 5, 1,[ 83, 16, 59]],

[ 50, 75, 1,[ 38, 14, 74]],

[ 28, 25, 0,[ 91, 99, 96]],

[ 75, 95, 1,[ 46, 10, 71, 21, 58]],

[ 62, 55, 0,[ 39, 72, 91, 58]],

[ 52, 15, 0,[ 11, 20, 68]],

[ 53, 25, 0,[ 43, 17, 11]],

[ 83, 5, 1,[ 86, 67, 80]],

[ 87, 85, 1,[ 0, 31, 12]],

[ 88, 25, 0,[ 5, 91, 16, 48]],

[ 89, 95, 1,[ 21, 6, 1]],

[ 74, 95, 1,[ 94, 18, 50]],

