[ 35, 55, 0,[ 30, 10, 9]],

[ 85, 55, 0,[ 74, 28, 3, 13, 67]],

[ 10, 55, 0,[ 40, 20, 62, 35]],

[ 75, 55, 0,[ 44, 57, 15, 32]],

[ 19, 55, 0,[ 38, 27, 48, 60]],

[ 31, 55, 0,[ 94, 57, 84, 39]],

[ 54, 15, 1,[ 34, 49, 86, 23, 42]],

[ 92, 55, 0,[ 89, 55]],

[ 47, 55, 0,[ 16, 50, 6]],

[ 16, 55, 0,[ 73, 47, 13]],

[ 76, 55, 0,[ 44, 87, 11, 25]],

[ 28, 55, 1,[ 12, 85, 96]],

[ 58, 55, 0,[ 50, 66, 33]],

[ 44, 55, 0,[ 76, 75, 24]],

[ 71, 55, 0,[ 7, 4, 1]],

[ 1, 55, 0,[ 50, 71, 6, 42]],

[ 45, 15, 1,[ 56, 30, 53]],

[ 73, 55, 0,[ 16, 12, 83]],

[ 60, 55, 0,[ 19]],

[ 48, 45, 1,[ 55, 97, 41, 19, 62]],

[ 79, 55, 0,[ 8, 37, 65, 0]],

[ 55, 55, 0,[ 92, 4, 48, 26, 43, 5]],

[ 24, 55, 0,[ 30, 99, 5, 44]],

[ 32, 55, 0,[ 75, 63, 51]],

[ 86, 55, 0,[ 57, 54, 61, 2]],

[ 34, 55, 0,[ 54, 63, 96, 68]],

[ 78, 45, 1,[ 23, 46, 67, 93]],

[ 88, 55, 0,[ 53, 4]],

[ 42, 55, 0,[ 1, 70, 54]],

[ 96, 55, 0,[ 28, 34, 6]],

[ 57, 55, 0,[ 31, 86, 75]],

[ 89, 55, 0,[ 68, 92, 59, 66]],

[ 40, 55, 0,[ 69, 74, 10]],

[ 82, 65, 1,[ 81, 49, 36, 94]],

[ 5, 55, 0,[ 53, 55, 24]],

[ 52, 55, 0,[ 20, 18, 63]],

[ 87, 55, 0,[ 67, 39, 76]],

[ 25, 85, 1,[ 91, 99, 72, 20, 76]],

[ 68, 55, 0,[ 46, 89, 34]],

[ 36, 55, 0,[ 95, 82, 21]],

[ 20, 55, 0,[ 10, 52, 25]],

[ 21, 55, 0,[ 36, 69, 66]],

[ 65, 55, 0,[ 14, 29, 79]],

[ 97, 55, 0,[ 48, 11, 74, 62]],

[ 15, 55, 0,[ 75, 11, 29]],

[ 22, 55, 0,[ 7, 17, 30]],

[ 13, 55, 0,[ 16, 85, 95]],

[ 11, 55, 0,[ 97, 15, 76, 39]],

[ 3, 55, 0,[ 64, 63, 72, 85]],

[ 39, 55, 0,[ 31, 87, 11]],

[ 18, 55, 0,[ 52, 41, 77]],

[ 98, 55, 0,[ 64, 43, 8]],

[ 7, 55, 0,[ 74, 71, 91, 22]],

[ 41, 55, 0,[ 0, 48, 18]],

[ 49, 55, 0,[ 54, 50, 82, 61, 70]],

[ 81, 55, 0,[ 70, 99, 82]],

[ 61, 55, 0,[ 49, 86, 66]],

[ 50, 95, 1,[ 49, 1, 47, 63, 58]],

[ 6, 55, 0,[ 96, 14, 1, 47]],

[ 29, 55, 0,[ 15, 46, 65, 84]],

[ 62, 55, 0,[ 10, 48, 97]],

[ 27, 55, 0,[ 95, 19, 83]],

[ 9, 55, 1,[ 91, 35, 14, 38]],

[ 37, 55, 0,[ 69, 79, 26]],

[ 64, 75, 1,[ 33, 3, 98]],

[ 94, 55, 0,[ 31, 17, 82]],

[ 80, 55, 0,[ 91, 67, 56]],

[ 2, 55, 0,[ 77, 67, 86]],

[ 12, 55, 0,[ 69, 73, 28]],

[ 30, 55, 0,[ 35, 24, 45, 22, 8]],

[ 99, 55, 0,[ 24, 81, 25]],

[ 46, 55, 0,[ 29, 17, 68, 78]],

[ 56, 55, 0,[ 51, 80, 45]],

[ 14, 55, 0,[ 9, 6, 65]],

[ 38, 55, 0,[ 63, 9, 19]],

[ 93, 55, 0,[ 26, 83, 78]],

[ 4, 55, 0,[ 88, 90, 55, 71]],

[ 63, 55, 0,[ 52, 38, 50, 34, 32, 3]],

[ 69, 55, 0,[ 12, 40, 37, 21]],

[ 8, 55, 0,[ 30, 79, 98]],

[ 67, 55, 0,[ 80, 85, 87, 2, 78]],

[ 0, 55, 0,[ 84, 41, 79]],

[ 53, 55, 0,[ 5, 88, 45]],

[ 33, 55, 0,[ 66, 58, 64]],

[ 66, 55, 0,[ 89, 58, 61, 33, 21]],

[ 84, 55, 0,[ 0, 31, 29]],

[ 59, 55, 0,[ 51, 23, 89]],

[ 17, 55, 0,[ 22, 94, 46]],

[ 77, 55, 0,[ 91, 2, 18]],

[ 70, 55, 0,[ 42, 49, 81]],

[ 43, 55, 0,[ 55, 72, 98]],

[ 26, 55, 0,[ 37, 55, 93]],

[ 51, 55, 0,[ 32, 95, 59, 56]],

[ 23, 85, 0,[ 78, 59, 54]],

[ 74, 55, 0,[ 85, 40, 97, 7, 90]],

[ 95, 55, 0,[ 51, 13, 36, 27]],

[ 91, 55, 0,[ 80, 77, 25, 9, 7]],

[ 83, 55, 0,[ 73, 27, 93, 90]],

[ 72, 55, 0,[ 25, 43, 3]],

[ 90, 55, 0,[ 74, 4, 83]],

