[ 57, 55, 0,[ 58, 13, 72, 86]],

[ 41, 55, 0,[ 40, 43, 96]],

[ 63, 55, 0,[ 44, 17, 64]],

[ 99, 55, 0,[ 75, 8, 23]],

[ 83, 55, 1,[ 51, 64, 78]],

[ 78, 55, 0,[ 87, 83, 75]],

[ 98, 55, 0,[ 96, 58, 7]],

[ 80, 55, 0,[ 46, 18, 6]],

[ 20, 55, 0,[ 79, 4, 73]],

[ 32, 55, 0,[ 30, 25, 49]],

[ 11, 55, 0,[ 5, 59, 52]],

[ 84, 55, 0,[ 53, 22, 30, 3]],

[ 42, 55, 0,[ 2, 21, 81]],

[ 40, 55, 0,[ 36, 79, 41, 27, 56, 15]],

[ 3, 55, 0,[ 90, 4, 84]],

[ 51, 55, 0,[ 47, 49, 83]],

[ 43, 55, 0,[ 72, 41, 65]],

[ 45, 55, 0,[ 46, 44, 91]],

[ 34, 55, 0,[ 28, 29, 2, 86]],

[ 82, 55, 0,[ 88, 46, 97, 76, 56]],

[ 97, 55, 0,[ 56, 54, 82]],

[ 13, 55, 0,[ 30, 59, 57]],

[ 17, 55, 0,[ 55, 63, 18, 35]],

[ 1, 55, 0,[ 61, 4, 95]],

[ 96, 55, 0,[ 87, 41, 98]],

[ 65, 55, 0,[ 18, 43, 70]],

[ 2, 55, 0,[ 48, 34, 42]],

[ 33, 55, 0,[ 75, 47, 24]],

[ 37, 55, 0,[ 26, 22, 38]],

[ 10, 65, 1,[ 48, 30]],

[ 54, 55, 0,[ 97, 76]],

[ 67, 25, 1,[ 69, 74, 71]],

[ 72, 55, 0,[ 31, 43, 57]],

[ 16, 55, 0,[ 46, 15, 52]],

[ 74, 55, 0,[ 81, 94, 67]],

[ 71, 55, 0,[ 67, 55, 19]],

[ 76, 55, 0,[ 87, 82, 90, 54]],

[ 44, 55, 0,[ 14, 63, 45]],

[ 64, 15, 1,[ 63, 83, 85]],

[ 85, 55, 0,[ 89, 70, 64]],

[ 38, 55, 0,[ 37, 36, 89]],

[ 29, 55, 0,[ 39, 30, 34]],

[ 8, 55, 0,[ 99, 73, 56]],

[ 36, 55, 0,[ 38, 40, 25]],

[ 91, 55, 0,[ 0, 45, 60]],

[ 62, 55, 0,[ 5, 50, 21]],

[ 60, 55, 0,[ 22, 61, 91]],

[ 52, 55, 0,[ 11, 77, 16, 68]],

[ 92, 55, 0,[ 94, 73, 6]],

[ 9, 55, 0,[ 23, 24, 4]],

[ 56, 55, 0,[ 40, 97, 8, 82]],

[ 35, 55, 0,[ 17, 28, 94]],

[ 58, 55, 0,[ 98, 61, 57]],

[ 87, 55, 0,[ 75, 96, 76, 78]],

[ 4, 55, 0,[ 9, 1, 20, 3]],

[ 73, 55, 0,[ 20, 8, 92]],

[ 61, 55, 0,[ 1, 59, 58, 60]],

[ 46, 55, 0,[ 82, 45, 80, 31, 16]],

[ 88, 55, 0,[ 82, 81, 89]],

[ 55, 55, 0,[ 53, 17, 50, 71]],

[ 66, 55, 0,[ 53, 68, 18]],

[ 50, 55, 0,[ 62, 19, 55]],

[ 70, 65, 1,[ 85, 18, 65]],

[ 22, 55, 0,[ 84, 37, 60]],

[ 94, 55, 0,[ 79, 35, 0, 95, 92, 74, 93]],

[ 69, 55, 0,[ 68, 31, 67, 81]],

[ 14, 55, 0,[ 12, 75, 44, 25]],

[ 5, 55, 0,[ 62, 11]],

[ 49, 55, 0,[ 48, 32, 51]],

[ 75, 55, 1,[ 99, 14, 33, 87, 78]],

[ 90, 55, 0,[ 3, 6, 76]],

[ 0, 55, 0,[ 94, 91]],

[ 12, 55, 0,[ 7, 39, 14]],

[ 79, 55, 0,[ 23, 40, 20, 94, 81]],

[ 18, 55, 0,[ 17, 66, 70, 80, 65]],

[ 68, 55, 0,[ 52, 69, 66]],

[ 59, 55, 0,[ 13, 61, 11]],

[ 89, 55, 0,[ 38, 85, 95, 24, 27, 88]],

[ 30, 55, 0,[ 29, 32, 13, 84, 10]],

[ 15, 55, 0,[ 40, 47, 16]],

[ 81, 55, 1,[ 79, 42, 88, 74, 69]],

[ 28, 55, 1,[ 34, 27, 26, 35]],

[ 23, 55, 0,[ 79, 99, 9]],

[ 47, 55, 0,[ 77, 51, 33, 15]],

[ 53, 55, 0,[ 84, 66, 55]],

[ 27, 55, 0,[ 89, 40, 28]],

[ 48, 55, 0,[ 49, 2, 10]],

[ 31, 55, 0,[ 69, 46, 72]],

[ 24, 55, 0,[ 89, 9, 33]],

[ 39, 55, 0,[ 29, 77, 12]],

[ 25, 55, 0,[ 36, 7, 32, 14]],

[ 86, 95, 1,[ 34, 57]],

[ 95, 55, 0,[ 1, 93, 89, 94]],

[ 26, 55, 0,[ 28, 37]],

[ 6, 55, 0,[ 80, 90, 7, 92]],

[ 7, 55, 0,[ 98, 6, 25, 12]],

[ 93, 85, 1,[ 94, 95, 77]],

[ 77, 55, 0,[ 93, 52, 39, 47]],

[ 19, 55, 0,[ 21, 50, 71]],

[ 21, 55, 0,[ 62, 42, 19]],

