[ 50, 95, 1,[ 86, 31]],

[ 5, 35, 1,[ 56, 43, 92]],

[ 4, 15, 1,[ 86, 22, 91]],

[ 11, 15, 0,[ 81, 97, 10]],

[ 52, 85, 1,[ 82, 68, 85, 34, 66]],

[ 3, 45, 1,[ 48, 38, 88, 70]],

[ 32, 35, 0,[ 73, 46, 98]],

[ 1, 5, 1,[ 77, 90, 79, 84]],

[ 35, 55, 1,[ 47, 39, 57]],

[ 31, 15, 0,[ 51, 99, 50]],

[ 89, 65, 0,[ 54, 73, 94]],

[ 13, 25, 0,[ 85, 53, 60, 0]],

[ 34, 5, 0,[ 52, 60, 26]],

[ 99, 55, 1,[ 55, 14, 28, 31]],

[ 17, 85, 0,[ 93, 87, 28]],

[ 7, 95, 1,[ 78, 64, 40]],

[ 96, 65, 1,[ 95, 41, 14]],

[ 19, 5, 1,[ 84, 59, 2, 62]],

[ 94, 85, 0,[ 45, 55, 89, 73, 20, 68]],

[ 71, 85, 1,[ 86, 6, 95, 30]],

[ 33, 45, 0,[ 65, 48, 0, 67]],

[ 67, 5, 1,[ 43, 77, 33, 70, 9, 22]],

[ 6, 85, 0,[ 71, 91, 23]],

[ 76, 35, 0,[ 15, 81, 90]],

[ 58, 75, 0,[ 92, 16, 90]],

[ 81, 15, 0,[ 11, 37, 15, 76]],

[ 91, 5, 1,[ 6, 4, 29, 80]],

[ 69, 65, 1,[ 23, 29, 72]],

[ 84, 85, 0,[ 44, 19, 1]],

[ 21, 45, 0,[ 48, 38, 36]],

[ 92, 55, 1,[ 5, 58, 9]],

[ 0, 85, 0,[ 13, 72, 83, 80, 33]],

[ 93, 35, 1,[ 61, 17, 65]],

[ 66, 65, 1,[ 63, 97, 52, 41, 26]],

[ 62, 55, 1,[ 19, 54, 78]],

[ 23, 85, 0,[ 22, 57, 6, 69]],

[ 65, 85, 1,[ 93, 24, 33]],

[ 70, 25, 0,[ 67, 3, 59]],

[ 16, 75, 0,[ 30, 58, 85]],

[ 30, 75, 0,[ 36, 16, 71, 49]],

[ 77, 5, 1,[ 45, 67, 1]],

[ 74, 25, 1,[ 79, 80, 40]],

[ 85, 95, 1,[ 52, 42, 16, 27, 13]],

[ 97, 35, 1,[ 42, 11, 66]],

[ 86, 35, 0,[ 71, 4, 50]],

[ 15, 85, 1,[ 81, 37, 64, 76]],

[ 54, 65, 1,[ 37, 63, 62, 89]],

[ 40, 75, 0,[ 7, 74]],

[ 82, 45, 0,[ 52, 9, 28, 12, 61]],

[ 56, 75, 0,[ 5, 46, 49]],

[ 46, 65, 1,[ 2, 32, 56, 24]],

[ 63, 35, 0,[ 66, 44, 28, 54]],

[ 51, 15, 0,[ 14, 49, 31, 87]],

[ 44, 85, 0,[ 29, 63, 84, 25]],

[ 59, 35, 0,[ 19, 70, 73]],

[ 87, 5, 1,[ 17, 51, 29]],

[ 24, 15, 1,[ 57, 46, 65]],

[ 98, 95, 1,[ 12, 27, 32]],

[ 60, 5, 0,[ 34, 13, 39]],

[ 29, 85, 0,[ 69, 79, 44, 91, 87]],

[ 38, 45, 0,[ 3, 21, 61]],

[ 18, 65, 1,[ 39, 8]],

[ 61, 95, 1,[ 38, 93, 82]],

[ 22, 45, 1,[ 23, 4, 67]],

[ 80, 85, 0,[ 91, 74, 0]],

[ 14, 15, 0,[ 51, 99, 96]],

[ 10, 35, 1,[ 8, 25, 11]],

[ 41, 5, 1,[ 96, 75, 66]],

[ 43, 95, 0,[ 67, 5]],

[ 72, 65, 1,[ 0, 69, 25]],

[ 75, 65, 0,[ 25, 53, 41]],

[ 88, 65, 1,[ 3, 27, 42]],

[ 45, 85, 1,[ 77, 49, 94]],

[ 20, 65, 0,[ 37, 94, 36]],

[ 95, 5, 0,[ 96, 47, 71]],

[ 36, 45, 1,[ 83, 30, 21, 20]],

[ 28, 85, 0,[ 17, 99, 82, 63]],

[ 9, 45, 0,[ 67, 92, 82]],

[ 37, 75, 1,[ 81, 15, 54, 20]],

[ 90, 95, 1,[ 58, 76, 1]],

[ 73, 35, 1,[ 2, 47, 94, 32, 89, 59]],

[ 39, 25, 1,[ 60, 35, 47, 18]],

[ 48, 45, 0,[ 3, 21, 33, 64]],

[ 47, 35, 0,[ 73, 35, 39, 95]],

[ 55, 75, 1,[ 94, 99]],

[ 26, 5, 0,[ 66, 83, 34]],

[ 64, 45, 0,[ 78, 7, 48, 15]],

[ 8, 65, 0,[ 68, 18, 10]],

[ 49, 75, 0,[ 51, 56, 45, 30]],

[ 53, 45, 1,[ 13, 12, 75]],

[ 27, 85, 0,[ 85, 98, 88]],

[ 25, 85, 0,[ 72, 10, 75, 44]],

[ 12, 25, 1,[ 82, 53, 98]],

[ 42, 85, 1,[ 85, 88, 97]],

[ 78, 5, 0,[ 7, 64, 62]],

[ 79, 15, 1,[ 29, 74, 1]],

[ 68, 65, 0,[ 94, 8, 52]],

[ 2, 35, 0,[ 19, 46, 73]],

[ 83, 25, 1,[ 0, 26, 36]],

[ 57, 65, 1,[ 24, 35, 23]],

