[ 71, 45, 0,[ 81, 2, 91]],

[ 21, 45, 0,[ 77, 2]],

[ 54, 45, 0,[ 68, 39, 80]],

[ 87, 45, 0,[ 10, 14, 18]],

[ 26, 95, 1,[ 75, 72, 86, 88]],

[ 79, 45, 0,[ 48, 94, 39]],

[ 48, 45, 0,[ 35, 56, 79, 58]],

[ 73, 45, 0,[ 76, 33, 32]],

[ 32, 65, 1,[ 47, 30, 23, 98, 73, 84]],

[ 70, 45, 0,[ 53, 16, 31, 43]],

[ 66, 45, 0,[ 38, 52, 60]],

[ 33, 45, 0,[ 20, 92, 40, 73]],

[ 5, 45, 0,[ 95, 20, 18]],

[ 86, 15, 1,[ 39, 6, 12, 26, 2, 10, 0]],

[ 97, 45, 0,[ 35, 15, 52]],

[ 43, 45, 0,[ 49, 50, 27, 70]],

[ 0, 45, 0,[ 6, 7, 63, 86, 61]],

[ 35, 45, 0,[ 50, 48, 97]],

[ 94, 45, 0,[ 12, 61, 79]],

[ 31, 45, 0,[ 70, 8]],

[ 60, 45, 0,[ 95, 66]],

[ 41, 45, 0,[ 89, 45, 82]],

[ 25, 45, 0,[ 18, 22, 11]],

[ 19, 5, 1,[ 4, 15, 46]],

[ 27, 45, 0,[ 43, 49, 72]],

[ 96, 45, 0,[ 90, 91, 16]],

[ 2, 45, 0,[ 86, 71, 75, 56, 21]],

[ 37, 45, 0,[ 83, 28, 30]],

[ 76, 45, 0,[ 73, 52, 83]],

[ 92, 45, 0,[ 81, 69, 33, 13]],

[ 47, 45, 0,[ 32, 23, 30, 50, 57]],

[ 80, 45, 0,[ 58, 13, 54, 67]],

[ 14, 45, 0,[ 59, 17, 88, 99, 87]],

[ 10, 45, 0,[ 87, 72, 86]],

[ 45, 45, 0,[ 41, 93, 91, 24]],

[ 85, 45, 0,[ 81, 12, 49]],

[ 28, 45, 0,[ 37, 59, 9]],

[ 99, 45, 0,[ 11, 84, 14]],

[ 89, 45, 0,[ 83, 41, 72]],

[ 72, 45, 0,[ 29, 89, 1, 26, 10, 27]],

[ 39, 45, 0,[ 79, 9, 16, 64, 86, 54]],

[ 75, 45, 0,[ 26, 51, 2, 36]],

[ 29, 45, 0,[ 72, 62, 83]],

[ 34, 45, 0,[ 4, 53, 18]],

[ 13, 45, 0,[ 92, 67, 44, 80, 93]],

[ 40, 45, 0,[ 93, 1, 51, 33]],

[ 59, 45, 0,[ 52, 14, 28]],

[ 44, 45, 0,[ 17, 22, 13]],

[ 8, 45, 0,[ 65, 68, 42, 11, 15, 31]],

[ 65, 45, 0,[ 78, 8]],

[ 49, 45, 0,[ 38, 95, 78, 43, 85, 27]],

[ 46, 45, 0,[ 36, 55, 19]],

[ 22, 45, 0,[ 44, 25, 77]],

[ 50, 45, 0,[ 35, 43, 47, 7]],

[ 68, 45, 0,[ 55, 57, 8, 54]],

[ 23, 45, 0,[ 32, 77, 47]],

[ 7, 45, 1,[ 50, 55, 0]],

[ 88, 45, 0,[ 14, 62, 26]],

[ 36, 45, 0,[ 75, 46, 63]],

[ 61, 45, 0,[ 94, 24, 0]],

[ 67, 45, 0,[ 13, 77, 80]],

[ 98, 45, 0,[ 24, 32, 42]],

[ 42, 45, 0,[ 98, 8]],

[ 16, 45, 0,[ 70, 51, 81, 96, 39]],

[ 15, 45, 0,[ 63, 74, 8, 19, 97]],

[ 18, 45, 0,[ 5, 87, 25, 34]],

[ 69, 45, 0,[ 92, 91, 93]],

[ 95, 45, 0,[ 5, 60, 49, 17]],

[ 82, 45, 0,[ 64, 41, 12]],

[ 62, 45, 0,[ 29, 52, 88]],

[ 74, 5, 1,[ 20, 15, 84, 90, 3]],

[ 53, 45, 0,[ 34, 70, 6]],

[ 51, 45, 0,[ 75, 16, 40]],

[ 58, 45, 0,[ 80, 78, 48]],

[ 91, 45, 0,[ 69, 71, 96, 45]],

[ 3, 45, 0,[ 56, 84, 74, 9]],

[ 93, 95, 1,[ 69, 45, 40, 13]],

[ 17, 45, 0,[ 52, 14, 95, 44]],

[ 64, 45, 0,[ 9, 39, 82]],

[ 20, 45, 0,[ 5, 74, 33]],

[ 4, 45, 0,[ 34, 19, 1]],

[ 11, 45, 0,[ 99, 25, 8]],

[ 78, 45, 0,[ 58, 49, 65]],

[ 83, 45, 0,[ 29, 76, 37, 89]],

[ 57, 45, 0,[ 47, 68, 90]],

[ 12, 45, 0,[ 85, 86, 94, 82]],

[ 90, 45, 0,[ 96, 74, 57]],

[ 77, 45, 0,[ 23, 22, 67, 21]],

[ 1, 45, 0,[ 40, 72, 4]],

[ 81, 45, 0,[ 16, 85, 71, 92]],

[ 30, 35, 1,[ 32, 47, 37]],

[ 6, 45, 0,[ 0, 38, 53, 86]],

[ 38, 95, 1,[ 49, 6, 66]],

[ 24, 45, 0,[ 55, 61, 45, 98]],

[ 84, 45, 0,[ 3, 74, 99, 32]],

[ 52, 45, 0,[ 63, 97, 62, 66, 76, 59, 17]],

[ 63, 45, 0,[ 0, 52, 15, 36]],

[ 55, 25, 1,[ 7, 68, 46, 24]],

[ 9, 45, 0,[ 3, 64, 28, 39]],

[ 56, 45, 0,[ 3, 2, 48]],

