[ 52, 65, 0,[ 53, 10, 59]],

[ 7, 65, 0,[ 48, 79, 19]],

[ 41, 65, 0,[ 92, 22, 75, 94]],

[ 47, 65, 1,[ 22, 45, 39, 74, 34, 4, 88]],

[ 8, 65, 0,[ 64, 6, 75]],

[ 66, 65, 0,[ 68, 64, 5, 43]],

[ 59, 65, 0,[ 16, 13, 54, 52, 2]],

[ 35, 75, 1,[ 19, 45, 27, 20, 51, 95, 44, 72, 54, 46]],

[ 21, 65, 0,[ 51, 2, 88]],

[ 37, 65, 0,[ 79, 20, 1]],

[ 77, 65, 0,[ 86, 51, 42, 70, 57, 11]],

[ 42, 15, 1,[ 77, 49, 40, 98, 43, 44, 30, 4]],

[ 92, 65, 0,[ 98, 41, 76]],

[ 27, 65, 0,[ 57, 35, 50]],

[ 4, 65, 0,[ 56, 2, 47, 42]],

[ 10, 65, 0,[ 51, 24, 12, 52, 60]],

[ 54, 45, 1,[ 59, 51, 93, 26, 84, 61, 35]],

[ 18, 65, 0,[ 78, 11, 56]],

[ 46, 65, 0,[ 68, 48, 35]],

[ 96, 65, 0,[ 89, 28, 9]],

[ 29, 65, 1,[ 26, 30, 49]],

[ 22, 65, 0,[ 84, 47, 81, 41]],

[ 33, 65, 0,[ 87, 74, 49]],

[ 0, 65, 0,[ 28, 65, 16]],

[ 70, 65, 0,[ 77, 38, 2, 72]],

[ 32, 65, 0,[ 84, 94, 55, 2]],

[ 90, 65, 0,[ 38, 11, 78, 39]],

[ 93, 65, 0,[ 86, 23, 54, 65]],

[ 12, 65, 0,[ 60, 10, 2]],

[ 3, 65, 0,[ 68, 14, 15]],

[ 39, 65, 0,[ 53, 47, 90, 62]],

[ 65, 65, 0,[ 0, 93, 71]],

[ 71, 65, 0,[ 91, 6, 65, 38]],

[ 98, 65, 0,[ 92, 42, 58, 75]],

[ 44, 65, 0,[ 78, 42, 35]],

[ 1, 65, 0,[ 37, 99, 94]],

[ 79, 65, 0,[ 87, 7, 37]],

[ 80, 65, 0,[ 91, 11, 78]],

[ 84, 65, 0,[ 32, 22, 54]],

[ 74, 65, 0,[ 33, 38, 47]],

[ 5, 65, 0,[ 66, 89, 30]],

[ 91, 65, 0,[ 71, 80, 17]],

[ 38, 65, 0,[ 70, 40, 71, 90, 74, 30]],

[ 31, 65, 0,[ 15, 85, 53]],

[ 62, 65, 0,[ 14, 87, 39]],

[ 99, 65, 0,[ 1, 48, 78, 13]],

[ 19, 65, 0,[ 7, 35, 95, 20]],

[ 94, 65, 0,[ 41, 32, 1, 45]],

[ 28, 65, 0,[ 0, 96, 26, 97]],

[ 83, 65, 0,[ 11, 82, 68]],

[ 9, 65, 0,[ 30, 96, 24]],

[ 51, 65, 0,[ 77, 23, 10, 89, 54, 21, 35]],

[ 95, 65, 0,[ 19, 35, 13]],

[ 89, 65, 0,[ 5, 51, 96, 55]],

[ 15, 65, 0,[ 31, 13, 88, 3]],

[ 85, 65, 0,[ 78, 34, 31, 25]],

[ 43, 65, 0,[ 66, 78, 42]],

[ 58, 65, 0,[ 60, 57, 98]],

[ 6, 65, 0,[ 71, 11, 8]],

[ 34, 65, 0,[ 23, 47, 36, 85]],

[ 14, 65, 0,[ 63, 62, 2, 3]],

[ 67, 65, 0,[ 11, 69]],

[ 73, 65, 0,[ 11, 88]],

[ 49, 65, 0,[ 33, 29, 42]],

[ 81, 65, 0,[ 76, 82, 60, 22]],

[ 82, 65, 0,[ 81, 83, 23]],

[ 30, 65, 0,[ 38, 42, 9, 29, 5]],

[ 87, 65, 0,[ 88, 25, 33, 62, 79, 16, 86]],

[ 63, 65, 0,[ 78, 61, 14]],

[ 13, 65, 0,[ 59, 15, 95, 99]],

[ 2, 85, 1,[ 21, 70, 59, 14, 12, 4, 78, 32]],

[ 36, 65, 0,[ 50, 34, 24]],

[ 88, 5, 1,[ 21, 47, 60, 87, 55, 73, 15]],

[ 16, 65, 0,[ 59, 0, 87]],

[ 40, 65, 0,[ 26, 38, 42]],

[ 45, 65, 0,[ 94, 35, 47]],

[ 17, 65, 0,[ 91, 11, 76]],

[ 78, 35, 1,[ 2, 44, 90, 85, 80, 99, 63, 43, 18]],

[ 20, 65, 0,[ 35, 37, 19]],

[ 24, 65, 0,[ 11, 36, 9, 76, 10]],

[ 55, 65, 0,[ 88, 89, 32]],

[ 64, 65, 0,[ 8, 23, 66]],

[ 86, 65, 0,[ 87, 77, 93]],

[ 23, 65, 0,[ 82, 93, 51, 34, 64]],

[ 68, 65, 0,[ 46, 3, 66, 83]],

[ 25, 65, 0,[ 85, 87, 53]],

[ 11, 75, 1,[ 61, 6, 67, 18, 24, 83, 80, 90, 48, 73, 77, 17]],

[ 75, 65, 0,[ 41, 98, 8]],

[ 97, 65, 0,[ 69, 28, 50]],

[ 57, 65, 0,[ 69, 58, 27, 77]],

[ 61, 65, 0,[ 63, 11, 54]],

[ 72, 65, 0,[ 56, 35, 70]],

[ 53, 65, 0,[ 31, 25, 39, 52]],

[ 60, 35, 1,[ 12, 58, 81, 88, 10]],

[ 26, 65, 0,[ 28, 40, 29, 54]],

[ 69, 65, 0,[ 97, 67, 57]],

[ 50, 65, 0,[ 48, 36, 27, 97]],

[ 76, 65, 0,[ 17, 81, 24, 92]],

[ 48, 65, 0,[ 46, 99, 7, 11, 50]],

[ 56, 65, 0,[ 18, 4, 72]],

