[ 82, 15, 0,[ 34, 24, 48, 45, 83]],

[ 54, 15, 0,[ 70, 5, 49]],

[ 30, 15, 0,[ 63, 90, 32, 29]],

[ 66, 15, 0,[ 68, 63, 72, 9, 2]],

[ 64, 15, 0,[ 93, 63, 67]],

[ 11, 15, 0,[ 49, 92, 58]],

[ 92, 75, 1,[ 77, 11, 73, 96, 18, 46, 31, 21, 70, 55]],

[ 91, 15, 0,[ 7, 98, 26, 21, 33, 93, 69]],

[ 24, 35, 1,[ 84, 45, 95, 27, 82, 78, 49, 80, 15, 40, 38, 53, 35, 2]],

[ 70, 15, 0,[ 68, 92, 54, 99]],

[ 58, 25, 1,[ 77, 35, 37, 51, 40, 94, 34, 88, 57, 56, 11, 22, 74, 6, 59]],

[ 26, 15, 0,[ 36, 91, 27]],

[ 4, 15, 0,[ 20, 49, 3]],

[ 44, 15, 0,[ 17, 42, 51]],

[ 60, 15, 0,[ 71, 37, 61, 20]],

[ 3, 15, 0,[ 28, 37, 43, 4]],

[ 2, 15, 0,[ 24, 20, 66, 97]],

[ 35, 15, 0,[ 24, 87, 58]],

[ 61, 15, 0,[ 62, 29, 60]],

[ 78, 15, 0,[ 76, 56, 24]],

[ 16, 15, 0,[ 18, 65, 62, 43]],

[ 23, 15, 0,[ 9, 57, 72]],

[ 43, 15, 0,[ 39, 85, 3, 16]],

[ 76, 15, 0,[ 93, 62, 78, 74]],

[ 62, 15, 0,[ 41, 76, 61, 56, 16]],

[ 7, 15, 0,[ 91, 5, 0]],

[ 96, 15, 0,[ 52, 92, 98]],

[ 45, 15, 0,[ 82, 49, 24]],

[ 97, 15, 0,[ 99, 2, 52]],

[ 33, 15, 0,[ 91, 48, 39]],

[ 71, 15, 0,[ 60, 25]],

[ 99, 15, 0,[ 70, 6, 97]],

[ 18, 15, 1,[ 92, 16, 32, 47, 19, 0, 20, 31]],

[ 93, 15, 0,[ 64, 91, 76, 50]],

[ 19, 15, 0,[ 17, 18, 38, 49]],

[ 98, 15, 0,[ 96, 91, 90]],

[ 10, 15, 0,[ 72, 21, 5, 39]],

[ 72, 15, 0,[ 66, 53, 28, 23, 55, 10]],

[ 67, 15, 0,[ 89, 65, 49, 64]],

[ 27, 15, 0,[ 26, 5, 24, 28]],

[ 81, 15, 0,[ 1, 88, 79, 55]],

[ 46, 15, 0,[ 92, 20, 84]],

[ 15, 15, 0,[ 94, 13, 24]],

[ 69, 65, 1,[ 36, 68, 73, 75, 91, 22]],

[ 49, 65, 1,[ 67, 4, 41, 45, 19, 54, 24, 11, 86, 32]],

[ 80, 15, 0,[ 79, 20, 24]],

[ 87, 15, 0,[ 14, 88, 35]],

[ 51, 15, 0,[ 44, 34, 21, 42, 58]],

[ 75, 15, 0,[ 69, 74, 73]],

[ 17, 15, 0,[ 84, 44, 19, 20]],

[ 40, 15, 0,[ 24, 58, 0]],

[ 12, 15, 0,[ 77, 14, 28]],

[ 63, 15, 0,[ 64, 30, 66]],

[ 29, 15, 0,[ 28, 61, 30]],

[ 68, 15, 0,[ 70, 69, 66]],

[ 32, 15, 0,[ 49, 18, 30]],

[ 5, 15, 0,[ 10, 7, 54, 6, 27]],

[ 37, 15, 0,[ 3, 58, 60, 84]],

[ 48, 15, 0,[ 33, 82, 1, 47, 50]],

[ 13, 15, 0,[ 84, 94, 15]],

[ 9, 15, 0,[ 23, 79, 66, 8]],

[ 28, 15, 0,[ 27, 3, 72, 12, 29]],

[ 42, 15, 0,[ 21, 44, 51]],

[ 25, 15, 0,[ 59, 84, 71]],

[ 59, 15, 1,[ 89, 6, 20, 25, 58]],

[ 52, 15, 0,[ 96, 84, 97]],

[ 79, 15, 0,[ 80, 9, 81]],

[ 89, 15, 0,[ 67, 59, 90]],

[ 56, 15, 1,[ 84, 78, 58, 62]],

[ 53, 15, 0,[ 24, 72, 55]],

[ 34, 15, 0,[ 58, 51, 82]],

[ 38, 15, 0,[ 24, 19]],

[ 74, 15, 0,[ 75, 76, 58]],

[ 55, 15, 0,[ 53, 92, 72, 81, 86]],

[ 8, 15, 0,[ 95, 20, 9]],

[ 84, 95, 1,[ 17, 46, 52, 13, 24, 20, 25, 56, 85, 37, 94, 14]],

[ 36, 15, 0,[ 69, 1, 26]],

[ 73, 15, 0,[ 75, 69, 92]],

[ 14, 15, 0,[ 84, 87, 12]],

[ 22, 15, 0,[ 58, 69, 50]],

[ 21, 15, 0,[ 42, 51, 91, 10, 92]],

[ 85, 15, 0,[ 43, 86, 84]],

[ 20, 85, 1,[ 60, 4, 8, 1, 46, 2, 18, 80, 84, 95, 17, 94, 59, 31, 83]],

[ 95, 15, 0,[ 65, 24, 20, 8]],

[ 90, 15, 0,[ 98, 30, 57, 89, 88]],

[ 31, 15, 0,[ 92, 18, 20]],

[ 0, 15, 0,[ 7, 40, 18]],

[ 65, 15, 0,[ 67, 16, 95]],

[ 94, 15, 0,[ 13, 15, 58, 84, 20]],

[ 1, 15, 0,[ 36, 48, 81, 20]],

[ 41, 15, 0,[ 49, 47, 62]],

[ 88, 15, 0,[ 90, 81, 58, 87]],

[ 50, 15, 0,[ 48, 93, 22]],

[ 39, 15, 0,[ 10, 43, 33]],

[ 47, 15, 0,[ 41, 48, 18]],

[ 77, 15, 0,[ 92, 58, 12]],

[ 83, 15, 0,[ 82, 20]],

[ 86, 15, 0,[ 85, 55, 49]],

[ 6, 15, 0,[ 58, 59, 99, 5]],

[ 57, 15, 0,[ 58, 90, 23]],

