[ 85, 15, 1,[ 17, 51, 41, 83, 50, 74, 86]],

[ 21, 25, 0,[ 65, 13, 83]],

[ 57, 75, 0,[ 18, 58, 83]],

[ 19, 75, 0,[ 79, 87, 86]],

[ 72, 75, 0,[ 10, 48, 12]],

[ 78, 55, 0,[ 98, 56, 60]],

[ 4, 65, 0,[ 96, 10, 43]],

[ 1, 75, 0,[ 36, 61, 24, 0]],

[ 29, 75, 0,[ 73, 24, 39, 10]],

[ 67, 25, 0,[ 13, 83, 91]],

[ 94, 75, 0,[ 35, 44, 75]],

[ 31, 75, 0,[ 10, 32, 9]],

[ 17, 25, 0,[ 59, 65, 85]],

[ 80, 75, 0,[ 64, 87, 88]],

[ 27, 75, 0,[ 26, 28, 10, 54]],

[ 84, 5, 0,[ 76, 7, 49]],

[ 62, 55, 0,[ 18, 32, 98]],

[ 34, 25, 0,[ 14, 45, 32]],

[ 65, 5, 1,[ 66, 0, 45, 99, 75, 26, 58, 21, 16, 63, 24, 17, 76]],

[ 39, 25, 0,[ 10, 7, 29]],

[ 41, 45, 0,[ 85, 18, 15]],

[ 66, 75, 0,[ 16, 20, 65]],

[ 52, 75, 0,[ 35, 25, 10]],

[ 76, 55, 0,[ 65, 50, 98, 43, 84]],

[ 11, 5, 0,[ 74, 70, 83]],

[ 61, 75, 0,[ 79, 63, 36, 1]],

[ 45, 75, 0,[ 2, 18, 34, 40, 65]],

[ 51, 45, 0,[ 18, 43, 85]],

[ 37, 75, 0,[ 38, 83, 2]],

[ 20, 5, 0,[ 69, 74, 66, 38]],

[ 68, 75, 0,[ 10, 18, 83]],

[ 0, 75, 0,[ 1, 53, 64, 65, 83]],

[ 15, 75, 0,[ 82, 44, 43, 41]],

[ 36, 75, 0,[ 1, 61, 6]],

[ 48, 75, 0,[ 89, 47, 72, 18, 56]],

[ 60, 55, 0,[ 10, 98, 78]],

[ 83, 25, 1,[ 85, 11, 44, 68, 58, 57, 63, 96, 21, 77, 55, 37, 81, 67, 0]],

[ 91, 75, 0,[ 67, 35, 18]],

[ 92, 5, 0,[ 33, 26, 47]],

[ 93, 75, 0,[ 9, 5]],

[ 53, 75, 0,[ 97, 18, 22, 0]],

[ 71, 75, 0,[ 82, 18, 81]],

[ 30, 75, 0,[ 12, 10, 9]],

[ 90, 45, 0,[ 40, 99, 44]],

[ 73, 25, 0,[ 54, 29, 13, 99]],

[ 12, 75, 0,[ 72, 30, 95, 32]],

[ 44, 75, 0,[ 90, 83, 94, 15]],

[ 98, 95, 1,[ 62, 60, 23, 3, 78, 76, 49]],

[ 38, 25, 1,[ 33, 20, 37]],

[ 6, 75, 0,[ 36, 22, 18]],

[ 63, 75, 0,[ 83, 61, 65]],

[ 96, 65, 0,[ 4, 83, 13]],

[ 22, 75, 0,[ 10, 53, 6]],

[ 10, 35, 1,[ 22, 39, 59, 77, 60, 14, 72, 40, 31, 54, 52, 4, 29, 68, 30, 47, 27]],

[ 64, 75, 0,[ 43, 0, 80]],

[ 95, 75, 0,[ 12, 32, 69]],

[ 55, 75, 0,[ 50, 83, 18]],

[ 5, 75, 0,[ 46, 93, 58]],

[ 40, 75, 0,[ 90, 10, 45]],

[ 42, 75, 0,[ 43, 2, 54]],

[ 32, 5, 1,[ 12, 81, 62, 34, 31, 46, 95, 69, 33]],

[ 82, 75, 0,[ 71, 15, 3]],

[ 79, 75, 0,[ 61, 58, 28, 19]],

[ 86, 75, 0,[ 99, 85, 19]],

[ 69, 5, 0,[ 20, 32, 95]],

[ 99, 25, 1,[ 89, 65, 90, 46, 7, 86, 13, 97, 73]],

[ 35, 75, 0,[ 8, 91, 52, 94]],

[ 25, 45, 0,[ 52, 7, 70]],

[ 88, 75, 0,[ 18, 80, 75]],

[ 58, 75, 0,[ 79, 83, 65, 57, 5, 56]],

[ 18, 65, 1,[ 45, 23, 71, 91, 57, 7, 6, 33, 16, 41, 53, 51, 68, 48, 55, 62, 88, 49, 56]],

[ 3, 75, 0,[ 98, 82, 70]],

[ 14, 75, 0,[ 34, 28, 10]],

[ 70, 75, 0,[ 3, 25, 11]],

[ 87, 75, 0,[ 19, 89, 80]],

[ 16, 75, 0,[ 66, 65, 18]],

[ 26, 55, 0,[ 92, 65, 27, 43]],

[ 47, 75, 0,[ 10, 48, 92]],

[ 74, 5, 0,[ 11, 20, 85]],

[ 43, 25, 1,[ 76, 97, 42, 8, 4, 89, 23, 64, 15, 26, 51]],

[ 97, 75, 0,[ 53, 99, 43]],

[ 9, 75, 0,[ 77, 93, 31, 30]],

[ 89, 75, 0,[ 48, 43, 99, 87]],

[ 8, 25, 0,[ 54, 43, 35]],

[ 56, 75, 0,[ 48, 58, 18, 78]],

[ 2, 75, 0,[ 45, 42, 37]],

[ 28, 75, 0,[ 79, 14, 27]],

[ 7, 45, 0,[ 99, 25, 18, 39, 84]],

[ 54, 25, 0,[ 27, 10, 8, 73, 42]],

[ 75, 75, 0,[ 88, 94, 65]],

[ 49, 55, 0,[ 84, 98, 77, 18]],

[ 33, 45, 0,[ 18, 38, 59, 32, 92]],

[ 13, 25, 0,[ 21, 73, 96, 67, 99]],

[ 46, 75, 0,[ 99, 32, 5]],

[ 50, 75, 0,[ 76, 55, 85]],

[ 23, 55, 0,[ 18, 98, 43]],

[ 59, 25, 0,[ 17, 33, 10]],

[ 24, 75, 0,[ 65, 1, 29]],

[ 81, 75, 0,[ 83, 71, 32]],

[ 77, 75, 0,[ 83, 49, 9, 10]],

[ 45, 45, 0,[ 21, 43, 99]],

[ 47, 85, 0,[ 55, 46, 68]],

[ 67, 45, 0,[ 3, 28, 10, 4, 59]],

[ 77, 45, 0,[ 52, 46, 40]],

[ 16, 45, 0,[ 14, 44, 76]],

[ 49, 45, 0,[ 87, 69, 91]],

[ 92, 45, 0,[ 87, 48, 10]],

[ 86, 45, 0,[ 24, 27, 41, 7]],

[ 48, 35, 0,[ 2, 55, 92, 82]],

[ 13, 45, 0,[ 66, 38, 65, 33]],

[ 2, 35, 0,[ 48, 89, 98]],

[ 60, 45, 0,[ 55, 78]],

[ 37, 45, 0,[ 10, 55, 57]],

[ 61, 45, 0,[ 14, 25, 87]],

[ 8, 45, 0,[ 32, 38, 65]],

[ 79, 45, 0,[ 55, 56, 96, 35]],

[ 70, 35, 0,[ 46, 50, 3]],

[ 51, 45, 0,[ 33, 10, 52, 6]],

[ 82, 35, 0,[ 48, 46, 50, 34]],

[ 46, 15, 1,[ 82, 17, 77, 32, 70, 47, 97, 0, 21, 6, 9, 12, 11, 5]],

[ 53, 45, 0,[ 7, 29, 98]],

[ 15, 45, 0,[ 63, 54, 68]],

[ 97, 65, 0,[ 43, 87, 46]],

[ 96, 45, 0,[ 27, 36, 79]],

[ 26, 15, 1,[ 72, 42, 95, 39, 81]],

[ 73, 45, 0,[ 89, 71, 87]],

[ 31, 45, 0,[ 7, 38, 84]],

[ 24, 45, 0,[ 3, 38, 86]],

[ 94, 35, 0,[ 98, 50, 27]],

[ 63, 45, 0,[ 23, 14, 15]],

[ 34, 35, 0,[ 82, 91, 55]],

[ 38, 85, 1,[ 81, 88, 62, 89, 31, 24, 54, 6, 4, 8, 13]],

[ 39, 45, 0,[ 42, 26, 3]],

[ 91, 35, 0,[ 34, 88, 49, 3]],

[ 93, 45, 0,[ 28, 74, 41]],

[ 33, 25, 1,[ 11, 32, 13, 7, 85, 22, 35, 51, 42, 64, 57]],

[ 62, 65, 0,[ 38, 43, 50]],

[ 42, 45, 0,[ 33, 99, 22, 26, 39]],

[ 27, 45, 0,[ 96, 94, 86]],

[ 80, 45, 0,[ 72, 22, 14]],

[ 6, 85, 0,[ 46, 38, 51]],

[ 44, 45, 0,[ 9, 14, 16]],

[ 71, 45, 0,[ 3, 29, 73, 10]],

[ 65, 45, 0,[ 13, 40, 8]],

[ 54, 45, 0,[ 38, 74, 15, 30]],

[ 76, 45, 0,[ 59, 29, 16, 89]],

[ 20, 35, 0,[ 12, 3, 41]],

[ 59, 45, 0,[ 23, 76, 67]],

[ 25, 45, 0,[ 61, 56, 83]],

[ 84, 45, 0,[ 31, 21, 3]],

[ 68, 45, 0,[ 69, 47, 98, 15]],

[ 87, 45, 0,[ 73, 61, 49, 97, 92]],

[ 14, 5, 1,[ 63, 16, 80, 17, 74, 5, 40, 90, 61, 44]],

[ 72, 45, 0,[ 80, 26]],

[ 19, 45, 0,[ 29, 3]],

[ 28, 45, 0,[ 3, 93, 67]],

[ 22, 45, 0,[ 42, 33, 10, 80]],

[ 21, 45, 0,[ 45, 46, 84, 43]],

[ 41, 45, 0,[ 20, 93, 86]],

[ 43, 55, 1,[ 50, 45, 62, 35, 52, 97, 29, 58, 21, 90]],

[ 57, 45, 0,[ 98, 37, 78, 33]],

[ 11, 85, 0,[ 56, 46, 33]],

[ 66, 45, 0,[ 30, 7, 13]],

[ 75, 45, 0,[ 9, 78]],

[ 81, 35, 0,[ 38, 98, 26]],

[ 3, 65, 1,[ 58, 67, 0, 24, 20, 39, 71, 84, 91, 70, 28, 19]],

[ 17, 85, 0,[ 46, 14, 1]],

[ 99, 45, 0,[ 42, 45, 18, 95]],

[ 1, 85, 0,[ 12, 17, 55]],

[ 88, 45, 0,[ 23, 91, 38]],

[ 98, 95, 1,[ 7, 81, 94, 68, 78, 57, 53, 64, 2, 83]],

[ 90, 65, 0,[ 64, 43, 14]],

[ 0, 45, 0,[ 46, 78, 3]],

[ 23, 45, 0,[ 88, 63, 55, 59]],

[ 4, 45, 0,[ 67, 38, 74]],

[ 35, 45, 0,[ 79, 33, 43]],

[ 12, 35, 0,[ 20, 30, 1, 46]],

[ 5, 65, 0,[ 46, 85, 14]],

[ 10, 45, 0,[ 51, 92, 67, 37, 71, 22]],

[ 50, 35, 0,[ 56, 70, 43, 95, 82, 62, 94]],

[ 36, 45, 0,[ 74, 58, 96]],

[ 58, 45, 0,[ 3, 36, 43]],

[ 89, 45, 0,[ 2, 76, 38, 73]],

[ 83, 15, 0,[ 98, 55, 25]],

[ 30, 35, 0,[ 55, 12, 66, 54]],

[ 69, 45, 0,[ 49, 68]],

[ 95, 35, 0,[ 26, 99, 50]],

[ 56, 45, 0,[ 25, 50, 79, 11]],

[ 74, 45, 1,[ 54, 14, 36, 4, 93]],

[ 55, 95, 1,[ 37, 83, 34, 1, 23, 79, 47, 7, 18, 30, 60, 48]],

[ 32, 85, 0,[ 46, 8, 33]],

[ 85, 45, 0,[ 33, 5, 9]],

[ 18, 45, 0,[ 55, 99]],

[ 64, 45, 0,[ 90, 98, 33]],

[ 7, 45, 0,[ 86, 66, 31, 33, 55, 98, 53]],

[ 40, 45, 0,[ 77, 14, 65]],

[ 78, 45, 0,[ 57, 0, 60, 75, 98]],

[ 52, 45, 0,[ 43, 77, 51]],

[ 29, 45, 0,[ 76, 53, 43, 71, 19]],

[ 9, 45, 0,[ 44, 75, 85, 46]],

