[ 7, 85, 0,[ 71, 6, 13]],

[ 50, 75, 0,[ 79, 52, 38]],

[ 78, 25, 0,[ 86, 66]],

[ 5, 85, 0,[ 3, 79, 37]],

[ 94, 95, 0,[ 28, 6, 42, 97, 89]],

[ 9, 15, 0,[ 0, 33, 28]],

[ 96, 85, 0,[ 3, 35]],

[ 41, 25, 0,[ 76, 91, 98, 66]],

[ 60, 65, 0,[ 46, 26]],

[ 55, 45, 0,[ 15, 89, 35]],

[ 48, 15, 0,[ 0, 75]],

[ 10, 75, 0,[]],

[ 38, 75, 1,[ 50, 99, 37, 25, 14, 56, 59, 32, 2, 53]],

[ 13, 25, 0,[ 7, 90, 67]],

[ 76, 25, 0,[ 52, 27, 41, 8]],

[ 42, 95, 0,[ 64, 94, 65]],

[ 70, 75, 0,[ 14, 43, 35]],

[ 40, 75, 0,[ 89, 84]],

[ 12, 25, 0,[ 49, 51, 52, 37]],

[ 59, 95, 1,[ 38, 34, 62]],

[ 20, 95, 0,[ 51, 45, 26, 57]],

[ 83, 65, 0,[ 26, 53, 3]],

[ 99, 75, 0,[ 38, 39, 46]],

[ 85, 25, 0,[]],

[ 75, 15, 0,[ 35, 48, 98]],

[ 81, 25, 0,[]],

[ 14, 75, 0,[ 70, 38, 58, 84, 88]],

[ 30, 85, 0,[ 6, 32]],

[ 79, 85, 0,[ 32, 50, 73, 5, 16]],

[ 3, 85, 1,[ 71, 64, 73, 2, 96, 83, 65, 5]],

[ 63, 65, 0,[]],

[ 65, 25, 1,[ 3, 43, 42, 25, 29, 22]],

[ 97, 95, 0,[ 94]],

[ 54, 65, 0,[]],

[ 57, 95, 0,[ 37, 20]],

[ 84, 75, 0,[ 14, 25, 40]],

[ 34, 85, 0,[ 59, 26, 89]],

[ 33, 15, 0,[ 35, 6, 91, 9]],

[ 74, 85, 0,[ 86, 6, 89]],

[ 62, 95, 0,[ 59, 86, 51]],

[ 8, 65, 0,[ 76, 26, 89]],

[ 21, 25, 0,[]],

[ 6, 15, 1,[ 7, 94, 51, 74, 33, 30, 92, 88, 17, 95]],

[ 51, 95, 0,[ 20, 12, 6, 62]],

[ 80, 25, 0,[ 27, 19, 89, 77]],

[ 28, 95, 1,[ 56, 94, 45, 9, 87, 64]],

[ 98, 25, 0,[ 75, 39, 82, 41]],

[ 88, 85, 0,[ 14, 44, 6]],

[ 29, 25, 0,[ 86, 65]],

[ 67, 25, 0,[ 36, 13]],

[ 23, 5, 0,[ 37]],

[ 18, 25, 0,[]],

[ 1, 5, 0,[]],

[ 47, 25, 0,[ 22, 19]],

[ 77, 25, 0,[ 80, 90, 37]],

[ 89, 85, 1,[ 22, 74, 40, 8, 80, 34, 87, 94, 82, 55]],

[ 22, 25, 0,[ 47, 65, 89]],

[ 24, 65, 0,[ 26, 35, 49]],

[ 36, 25, 0,[ 67, 68, 31]],

[ 52, 25, 0,[ 12, 76, 50]],

[ 49, 65, 0,[ 24, 12, 87]],

[ 15, 25, 0,[ 55, 86]],

[ 44, 85, 0,[ 88, 91, 73]],

[ 93, 25, 0,[]],

[ 16, 85, 0,[ 79]],

[ 64, 95, 0,[ 42, 28, 3]],

[ 72, 25, 0,[]],

[ 11, 95, 0,[]],

[ 26, 65, 1,[ 34, 0, 83, 20, 8, 24, 60]],

[ 86, 25, 0,[ 74, 62, 15, 78, 29]],

[ 90, 25, 0,[ 66, 13, 77]],

[ 31, 25, 0,[ 36, 92]],

[ 2, 75, 0,[ 95, 43, 38, 3]],

[ 61, 15, 0,[]],

[ 45, 95, 0,[ 28, 20]],

[ 46, 65, 0,[ 68, 99, 60]],

[ 71, 85, 0,[ 7, 3]],

[ 19, 25, 0,[ 80, 47, 35, 39]],

[ 37, 5, 1,[ 5, 23, 77, 12, 38, 57]],

[ 68, 25, 0,[ 36, 46]],

[ 17, 15, 0,[ 6]],

[ 92, 25, 0,[ 31, 56, 6, 35]],

[ 66, 25, 0,[ 41, 78, 90]],

[ 95, 75, 0,[ 2, 6]],

[ 35, 45, 1,[ 55, 33, 19, 75, 96, 70, 92, 24]],

[ 27, 25, 0,[ 58, 80, 76]],

[ 69, 15, 0,[]],

[ 58, 65, 0,[ 53, 27, 14]],

[ 73, 85, 0,[ 44, 3, 79]],

[ 87, 85, 0,[ 28, 89, 49]],

[ 53, 65, 0,[ 58, 83, 38]],

[ 25, 75, 0,[ 84, 65, 38]],

[ 0, 15, 0,[ 9, 26, 48]],

[ 82, 85, 0,[ 98, 89]],

[ 43, 75, 0,[ 65, 2, 70]],

[ 32, 85, 0,[ 38, 79, 30]],

[ 4, 25, 0,[]],

[ 56, 25, 0,[ 92, 28, 38]],

[ 39, 25, 0,[ 98, 99, 19]],

[ 91, 25, 0,[ 44, 33, 41]],

