[ 15, 25, 1,[ 2, 64, 78, 99, 32]],

[ 78, 85, 1,[ 68, 15]],

[ 47, 45, 0,[ 10, 83, 6]],

[ 31, 25, 0,[ 70, 34, 95]],

[ 98, 65, 0,[ 46, 68]],

[ 20, 85, 0,[ 76, 13, 58]],

[ 57, 25, 0,[ 12, 17, 27, 11]],

[ 17, 25, 0,[ 3, 57, 33]],

[ 34, 25, 0,[ 31, 23]],

[ 56, 5, 0,[ 32]],

[ 29, 65, 0,[ 27, 5, 96, 32]],

[ 12, 15, 1,[ 25, 24, 30, 51, 57]],

[ 24, 15, 0,[ 42, 12, 21]],

[ 51, 65, 1,[ 92, 64, 12, 30, 5]],

[ 61, 25, 0,[ 23, 16]],

[ 54, 85, 0,[ 25, 16, 60]],

[ 95, 25, 0,[ 31, 62, 9]],

[ 7, 65, 0,[ 0, 46]],

[ 13, 85, 0,[ 53, 35, 20, 19, 58]],

[ 50, 5, 0,[ 40, 93, 67]],

[ 1, 85, 0,[ 41, 33]],

[ 32, 5, 1,[ 29, 93, 56, 15, 52, 72]],

[ 4, 85, 0,[ 71, 96, 53]],

[ 35, 45, 0,[ 14, 13, 33]],

[ 60, 25, 0,[ 74, 54, 81]],

[ 5, 65, 1,[ 92, 29, 64, 51]],

[ 72, 5, 0,[ 36, 10, 32]],

[ 92, 25, 1,[ 6, 5, 51, 3]],

[ 90, 25, 0,[ 80, 63, 53, 66]],

[ 52, 5, 0,[ 32]],

[ 36, 25, 0,[ 38, 64, 2, 72]],

[ 42, 45, 0,[ 62, 81, 24]],

[ 26, 85, 0,[ 53, 97, 41]],

[ 10, 45, 0,[ 47, 72, 18]],

[ 64, 55, 1,[ 5, 51, 63, 15, 8, 36]],

[ 93, 5, 0,[ 21, 11, 32, 0, 50]],

[ 44, 25, 0,[ 88, 77]],

[ 23, 25, 0,[ 34, 61]],

[ 68, 65, 0,[ 78, 98]],

[ 94, 25, 0,[ 14, 96]],

[ 88, 85, 0,[ 97, 44]],

[ 62, 45, 0,[ 95, 45, 42]],

[ 30, 65, 0,[ 28, 8, 51, 12]],

[ 73, 15, 0,[ 6, 83]],

[ 59, 25, 0,[ 82, 22, 80]],

[ 41, 85, 0,[ 26, 1, 3, 82]],

[ 37, 15, 0,[ 99, 84]],

[ 86, 25, 0,[ 2, 48]],

[ 67, 85, 0,[ 58, 50, 65]],

[ 75, 45, 0,[ 33, 58, 43]],

[ 14, 25, 0,[ 35, 18, 94]],

[ 38, 25, 0,[ 87, 36, 18]],

[ 76, 25, 0,[ 20, 70, 48]],

[ 48, 25, 0,[ 19, 76, 86, 99]],

[ 96, 65, 0,[ 89, 94, 4, 29]],

[ 77, 25, 0,[ 80, 66, 44]],

[ 65, 25, 0,[ 69, 67]],

[ 89, 65, 0,[ 39, 96, 79]],

[ 84, 15, 0,[ 39, 37, 27, 83, 9]],

[ 74, 25, 0,[ 81, 60, 99]],

[ 81, 65, 0,[ 60, 43, 74, 42]],

[ 18, 25, 0,[ 14, 38, 10, 70]],

[ 3, 25, 1,[ 41, 92, 17]],

[ 9, 15, 0,[ 95, 49, 84]],

[ 69, 25, 0,[ 66, 33, 65]],

[ 97, 85, 0,[ 88, 26, 58]],

[ 11, 25, 0,[ 63, 93, 45, 57]],

[ 55, 25, 0,[]],

[ 80, 25, 0,[ 77, 59, 90]],

[ 40, 25, 0,[ 22, 50]],

[ 58, 85, 0,[ 97, 75, 67, 20, 13]],

[ 63, 25, 0,[ 11, 90, 49, 64]],

[ 79, 85, 0,[ 71, 89, 16]],

[ 71, 85, 0,[ 79, 4]],

[ 70, 25, 0,[ 82, 18, 76, 31]],

[ 27, 15, 0,[ 84, 29, 57]],

[ 43, 65, 0,[ 81, 66, 75]],

[ 46, 65, 0,[ 7, 98, 82]],

[ 66, 25, 0,[ 77, 90, 0, 43, 69]],

[ 82, 85, 0,[ 41, 70, 59, 46]],

[ 2, 45, 1,[ 86, 15, 49, 36]],

[ 25, 15, 0,[ 22, 54, 12]],

[ 39, 65, 0,[ 89, 84]],

[ 22, 25, 0,[ 25, 40, 59]],

[ 83, 15, 0,[ 84, 47, 73]],

[ 87, 55, 0,[ 8, 38]],

[ 91, 5, 0,[]],

[ 8, 55, 0,[ 64, 87, 30]],

[ 6, 45, 0,[ 92, 73, 47]],

[ 28, 65, 0,[ 30]],

[ 45, 45, 0,[ 11, 62]],

[ 53, 85, 0,[ 90, 4, 26, 19, 13]],

[ 0, 25, 0,[ 7, 66, 93]],

[ 49, 45, 0,[ 63, 9, 2]],

[ 33, 45, 0,[ 17, 69, 75, 35, 1]],

[ 21, 5, 0,[ 93, 24]],

[ 85, 85, 0,[]],

[ 19, 85, 0,[ 53, 48, 13]],

[ 99, 25, 0,[ 48, 74, 15, 37]],

[ 16, 85, 0,[ 54, 61, 79]],

