[ 39, 65, 0,[ 20, 82, 29]],

[ 47, 55, 0,[ 50, 73]],

[ 63, 35, 1,[ 14, 58, 18, 38]],

[ 89, 35, 0,[ 15]],

[ 38, 55, 1,[ 73, 7, 63, 83, 8, 3]],

[ 41, 55, 1,[ 48, 18, 64, 87]],

[ 18, 45, 1,[ 81, 83, 63, 13, 16, 20, 41, 5, 70]],

[ 26, 55, 0,[ 75, 20, 29]],

[ 45, 65, 0,[]],

[ 0, 35, 0,[]],

[ 87, 55, 0,[ 98, 41, 42]],

[ 5, 25, 0,[ 64, 18]],

[ 79, 25, 0,[ 64]],

[ 12, 95, 0,[ 29, 8]],

[ 19, 95, 0,[]],

[ 81, 65, 0,[ 20, 14, 18]],

[ 57, 65, 0,[ 43, 21]],

[ 90, 55, 0,[ 75]],

[ 69, 65, 0,[ 54, 9, 2]],

[ 2, 55, 0,[ 56, 69, 75]],

[ 84, 95, 0,[]],

[ 94, 45, 0,[]],

[ 1, 65, 0,[]],

[ 30, 25, 0,[]],

[ 34, 65, 0,[ 28, 16, 32]],

[ 91, 65, 0,[ 32]],

[ 48, 25, 0,[ 64, 29, 41]],

[ 74, 25, 0,[]],

[ 36, 65, 0,[]],

[ 71, 45, 0,[]],

[ 97, 35, 0,[ 3, 58, 86, 64, 13]],

[ 10, 25, 0,[]],

[ 43, 65, 0,[ 29, 50, 57, 64]],

[ 15, 35, 0,[ 58, 89, 42]],

[ 56, 55, 0,[ 8, 2]],

[ 73, 55, 0,[ 68, 38, 47]],

[ 8, 65, 1,[ 28, 38, 12, 66, 17, 75, 56, 68]],

[ 96, 45, 0,[]],

[ 86, 35, 0,[ 16, 97]],

[ 98, 55, 0,[ 7, 87]],

[ 66, 65, 0,[ 8]],

[ 9, 35, 1,[ 78, 29, 75, 69, 13]],

[ 62, 35, 0,[]],

[ 85, 25, 0,[]],

[ 20, 65, 1,[ 39, 76, 26, 50, 81, 18, 51]],

[ 14, 65, 0,[ 63, 50, 81]],

[ 60, 35, 0,[]],

[ 70, 45, 0,[ 18]],

[ 23, 65, 0,[]],

[ 22, 45, 0,[]],

[ 55, 25, 0,[]],

[ 51, 65, 0,[ 20, 92]],

[ 21, 65, 0,[ 11, 57, 54]],

[ 58, 35, 0,[ 50, 15, 97, 63]],

[ 13, 35, 0,[ 9, 97, 18]],

[ 49, 45, 0,[]],

[ 78, 35, 0,[ 9]],

[ 7, 55, 0,[ 38, 64, 98]],

[ 77, 55, 0,[]],

[ 17, 65, 0,[ 95, 8, 54]],

[ 83, 55, 0,[ 64, 38, 18]],

[ 50, 65, 0,[ 33, 14, 20, 67, 47, 43, 58]],

[ 24, 65, 0,[]],

[ 95, 55, 0,[ 17, 75]],

[ 32, 65, 0,[ 91, 34]],

[ 67, 65, 0,[ 50]],

[ 54, 65, 0,[ 69, 21, 17]],

[ 46, 55, 0,[]],

[ 40, 25, 0,[]],

[ 61, 65, 0,[]],

[ 6, 35, 0,[]],

[ 76, 65, 0,[ 20]],

[ 29, 95, 1,[ 26, 9, 12, 43, 48, 39]],

[ 25, 65, 0,[ 82]],

[ 44, 25, 0,[ 64]],

[ 64, 25, 1,[ 83, 43, 79, 82, 7, 5, 48, 44, 41, 97]],

[ 80, 45, 0,[]],

[ 11, 65, 0,[ 21, 28]],

[ 93, 35, 0,[]],

[ 28, 65, 0,[ 3, 34, 11, 8]],

[ 59, 35, 0,[]],

[ 37, 45, 0,[]],

[ 35, 65, 0,[]],

[ 4, 65, 0,[]],

[ 16, 35, 0,[ 34, 86, 18]],

[ 42, 35, 0,[ 15, 87]],

[ 65, 65, 0,[]],

[ 68, 65, 0,[ 73, 8]],

[ 82, 65, 0,[ 39, 64, 25]],

[ 99, 35, 0,[]],

[ 92, 65, 0,[ 51]],

[ 31, 65, 0,[]],

[ 88, 55, 0,[]],

[ 53, 95, 0,[]],

[ 3, 65, 0,[ 38, 28, 97]],

[ 75, 55, 1,[ 90, 26, 2, 8, 9, 95]],

[ 72, 45, 0,[]],

[ 33, 65, 0,[ 50]],

[ 27, 65, 0,[]],

[ 52, 95, 0,[]],

