[ 86, 85, 0,[ 56, 9, 42, 98, 15]],

[ 1, 55, 0,[ 69, 58, 27, 66]],

[ 32, 25, 0,[ 10, 92, 62, 50]],

[ 88, 85, 0,[ 94, 27, 38, 66]],

[ 63, 5, 0,[ 34, 97, 36]],

[ 94, 85, 0,[ 4, 88, 47]],

[ 14, 85, 0,[ 31, 7, 61]],

[ 85, 45, 0,[ 50, 99, 78]],

[ 58, 65, 0,[ 5, 18, 29, 1]],

[ 54, 95, 0,[ 16, 37, 60, 5, 21]],

[ 31, 65, 0,[ 41, 19, 59, 14]],

[ 41, 25, 0,[ 56, 31, 50]],

[ 76, 95, 0,[ 26, 51, 73, 98]],

[ 7, 45, 1,[ 35, 49, 6, 14]],

[ 99, 85, 1,[ 44, 97, 53, 91, 85]],

[ 29, 75, 0,[ 97, 50, 58, 60]],

[ 65, 85, 0,[ 4, 33, 50, 0]],

[ 60, 75, 0,[ 54, 66, 45, 29, 0]],

[ 67, 55, 0,[ 93, 98, 83]],

[ 22, 95, 0,[ 57, 80, 83]],

[ 33, 85, 0,[ 64, 65, 49]],

[ 27, 15, 1,[ 90, 68, 18, 96, 46, 88, 89, 83, 1, 62]],

[ 78, 45, 0,[ 49, 73, 85]],

[ 68, 5, 0,[ 27, 97, 11]],

[ 42, 85, 0,[ 79, 53, 86]],

[ 24, 85, 0,[ 66, 70, 13]],

[ 11, 85, 0,[ 9, 68, 77]],

[ 82, 65, 0,[ 66, 17, 95]],

[ 21, 95, 0,[ 98, 54, 62, 77]],

[ 62, 25, 0,[ 32, 21, 27]],

[ 93, 5, 0,[ 67, 50, 43, 97]],

[ 34, 65, 0,[ 23, 66, 63]],

[ 19, 65, 0,[ 16, 31, 39]],

[ 3, 55, 0,[ 66, 0, 98]],

[ 74, 95, 0,[ 44, 70, 48, 30]],

[ 4, 85, 0,[ 65, 97, 80, 94]],

[ 81, 85, 1,[ 12, 44, 84, 43, 79, 89, 8]],

[ 91, 95, 0,[ 99, 92, 69]],

[ 50, 15, 1,[ 92, 29, 32, 95, 41, 47, 65, 85, 64, 93, 71, 18]],

[ 84, 95, 0,[ 81, 70, 52]],

[ 20, 5, 0,[ 57, 97, 83]],

[ 38, 85, 0,[ 88, 16, 47, 97]],

[ 70, 95, 0,[ 24, 84, 74]],

[ 8, 25, 0,[ 12, 72, 81]],

[ 64, 85, 0,[ 9, 50, 33]],

[ 17, 65, 0,[ 66, 83, 82]],

[ 46, 95, 0,[ 59, 27, 69, 52]],

[ 79, 85, 0,[ 42, 96, 81]],

[ 69, 95, 0,[ 46, 91, 98, 28, 1, 51, 43]],

[ 52, 95, 0,[ 46, 55, 84]],

[ 39, 65, 0,[ 98, 19, 97]],

[ 6, 5, 0,[ 7, 51, 97]],

[ 15, 85, 0,[ 86, 61, 5]],

[ 98, 15, 1,[ 76, 86, 71, 67, 69, 48, 21, 30, 3, 61, 36, 39, 55]],

[ 30, 55, 0,[ 37, 66, 98, 74]],

[ 35, 85, 0,[ 7, 80, 87]],

[ 87, 95, 0,[ 40, 35, 5]],

[ 77, 95, 0,[ 5, 21, 11]],

[ 0, 65, 1,[ 56, 3, 57, 65, 10, 60, 73, 26]],

[ 18, 25, 0,[ 27, 58, 50]],

[ 83, 65, 0,[ 22, 27, 20, 17, 67]],

[ 95, 65, 0,[ 50, 66, 82, 59]],

[ 45, 75, 0,[ 71, 60, 66]],

[ 2, 55, 0,[ 36, 47, 66]],

[ 5, 45, 1,[ 87, 47, 15, 40, 23, 77, 59, 54, 58]],

[ 12, 25, 0,[ 8, 49, 81]],

[ 36, 55, 0,[ 98, 63, 66, 2]],

[ 51, 95, 0,[ 69, 6, 76]],

[ 26, 95, 0,[ 55, 76, 89, 0]],

[ 71, 95, 0,[ 50, 45, 98]],

[ 57, 95, 0,[ 20, 0, 22]],

[ 80, 85, 0,[ 53, 22, 4, 35]],

[ 61, 85, 0,[ 15, 98, 14]],

[ 59, 65, 0,[ 5, 46, 31, 95]],

[ 37, 5, 0,[ 54, 97, 30]],

[ 56, 25, 0,[ 0, 86, 41]],

[ 97, 65, 1,[ 72, 39, 29, 96, 20, 37, 38, 68, 6, 75, 93, 4, 63, 99]],

[ 9, 85, 0,[ 86, 64, 11]],

[ 75, 95, 0,[ 48, 25, 49, 40, 97]],

[ 28, 95, 0,[ 69, 10, 66]],

[ 13, 85, 0,[ 66, 89, 24]],

[ 49, 85, 0,[ 12, 75, 7, 78, 33]],

[ 90, 25, 0,[ 66, 23, 27]],

[ 16, 65, 0,[ 19, 54, 38]],

[ 72, 25, 0,[ 97, 8, 66, 92]],

[ 96, 25, 0,[ 97, 27, 79]],

[ 25, 95, 0,[ 73, 66, 75]],

[ 66, 45, 1,[ 13, 30, 3, 90, 36, 25, 34, 45, 72, 1, 82, 28, 95, 60, 2, 24, 17, 88]],

[ 10, 25, 0,[ 28, 0, 32]],

[ 47, 85, 0,[ 2, 38, 94, 5, 50]],

[ 44, 95, 0,[ 74, 81, 99]],

[ 92, 95, 0,[ 72, 50, 32, 91]],

[ 40, 95, 0,[ 5, 75, 87]],

[ 23, 65, 0,[ 5, 34, 90]],

[ 48, 95, 0,[ 74, 98, 75]],

[ 53, 85, 0,[ 80, 99, 42]],

[ 89, 25, 0,[ 26, 13, 81, 27]],

[ 55, 95, 0,[ 52, 26, 98]],

[ 43, 25, 0,[ 81, 93, 69]],

[ 73, 95, 0,[ 78, 76, 0, 25]],

[ 24, 95, 0,[ 77, 53, 34]],

[ 72, 95, 0,[ 73, 89, 33]],

[ 98, 95, 0,[ 0, 31]],

[ 70, 5, 0,[ 84, 88, 94]],

[ 30, 95, 0,[ 1, 17, 96, 49]],

[ 96, 95, 0,[ 30, 28, 87]],

[ 37, 75, 0,[ 84, 73, 27]],

[ 97, 95, 0,[ 47, 26, 91]],

[ 80, 95, 0,[ 94, 78, 55]],

[ 86, 5, 0,[ 17, 84]],

[ 59, 5, 0,[ 63, 88]],

[ 63, 5, 0,[ 88, 59, 21, 34]],

[ 40, 95, 0,[ 19, 11, 58]],

[ 20, 55, 0,[ 91, 4, 84]],

[ 27, 5, 1,[ 50, 37, 15, 13, 54, 61, 77, 42, 1]],

[ 94, 95, 0,[ 19, 70, 80, 91]],

[ 41, 95, 0,[ 84, 89, 60]],

[ 95, 95, 0,[ 84, 34, 28, 0]],

[ 51, 95, 0,[ 89, 11, 6]],

[ 69, 95, 0,[ 6, 26, 93, 34]],

[ 34, 25, 1,[ 56, 22, 69, 95, 67, 66, 24, 58, 63]],

[ 74, 95, 0,[ 8, 11, 88]],

[ 28, 95, 0,[ 56, 96, 95, 90]],

[ 57, 95, 0,[ 17, 83, 89]],

[ 29, 95, 0,[ 11, 18, 93, 54]],

[ 75, 95, 0,[ 85, 91]],

[ 0, 95, 0,[ 91, 98, 95]],

[ 42, 95, 0,[ 64, 27, 38]],

[ 65, 95, 0,[ 15, 88, 11]],

[ 85, 95, 0,[ 48, 50, 75]],

[ 66, 15, 0,[ 34, 44, 84]],

[ 17, 95, 0,[ 30, 86, 57]],

[ 58, 95, 0,[ 34, 40, 8]],

[ 12, 95, 0,[ 45, 79, 15, 88]],

[ 39, 95, 0,[ 13, 5, 89, 14]],

[ 43, 95, 0,[ 9, 15, 36, 81]],

[ 38, 95, 0,[ 83, 52, 42]],

[ 3, 95, 0,[ 67, 84, 19]],

[ 35, 95, 0,[ 84, 82, 93]],

[ 10, 95, 0,[ 14, 79, 47]],

[ 26, 95, 0,[ 97, 19, 69]],

[ 81, 5, 1,[ 76, 78, 55, 44, 33, 9, 64, 4, 43]],

[ 82, 95, 0,[ 56, 88, 35]],

[ 44, 25, 0,[ 81, 66, 4]],

[ 87, 95, 0,[ 93, 96, 89]],

[ 8, 25, 0,[ 89, 58, 61, 74]],

[ 19, 95, 0,[ 84, 26, 94, 88, 3, 40]],

[ 91, 85, 1,[ 31, 97, 94, 52, 0, 33, 90, 20, 75]],

[ 18, 35, 1,[ 47, 92, 48, 29, 53, 67, 5]],

[ 79, 95, 0,[ 12, 10, 11]],

[ 68, 95, 0,[ 13, 2, 52]],

[ 49, 95, 0,[ 30, 11, 88, 9]],

[ 47, 95, 0,[ 18, 10, 97]],

[ 88, 95, 1,[ 70, 89, 63, 65, 49, 19, 16, 59, 12, 46, 74, 82]],

[ 61, 95, 0,[ 27, 8, 46]],

[ 21, 45, 0,[ 54, 7, 11, 63]],

[ 90, 65, 1,[ 93, 7, 28, 78, 91, 46, 71, 2, 62]],

[ 4, 25, 0,[ 20, 81, 44]],

[ 2, 95, 0,[ 68, 99, 90]],

[ 23, 95, 0,[ 11, 78, 33]],

[ 22, 95, 0,[ 34, 25, 32]],

[ 67, 95, 0,[ 18, 3, 34, 52]],

[ 33, 95, 0,[ 23, 72, 48, 81, 91]],

[ 54, 45, 0,[ 27, 21, 29]],

[ 53, 95, 0,[ 18, 64, 24]],

[ 7, 55, 0,[ 21, 89, 90]],

[ 99, 95, 0,[ 2]],

[ 73, 95, 0,[ 37, 72, 56]],

[ 36, 95, 0,[ 84, 43, 25]],

[ 25, 95, 0,[ 22, 48, 36]],

[ 48, 95, 0,[ 33, 85, 25, 18]],

[ 56, 95, 0,[ 28, 73, 34, 82]],

[ 93, 95, 0,[ 90, 69, 35, 87, 29]],

[ 62, 95, 0,[ 14, 90, 84, 6]],

[ 6, 95, 0,[ 51, 69, 62]],

[ 84, 35, 1,[ 35, 3, 77, 86, 95, 19, 41, 70, 31, 37, 36, 20, 66, 62, 76]],

[ 15, 95, 0,[ 43, 27, 12, 65]],

[ 45, 95, 0,[ 12]],

[ 32, 95, 0,[ 92, 22, 60, 89]],

[ 83, 95, 0,[ 57, 38, 11]],

[ 46, 95, 0,[ 90, 88, 61]],

[ 71, 35, 0,[ 11, 90, 89]],

[ 14, 95, 0,[ 62, 10, 11, 39]],

[ 11, 75, 1,[ 71, 49, 51, 79, 65, 83, 29, 14, 23, 40, 21, 74]],

[ 5, 95, 0,[ 18, 39, 92]],

[ 50, 95, 0,[ 27, 85, 89]],

[ 31, 95, 0,[ 55, 84, 91, 98]],

[ 60, 95, 0,[ 41, 32]],

[ 92, 95, 0,[ 18, 5, 32]],

[ 76, 25, 0,[ 84, 16, 81]],

[ 13, 95, 0,[ 39, 68, 27]],

[ 64, 95, 0,[ 53, 81, 42]],

[ 78, 95, 0,[ 81, 90, 23, 80]],

[ 77, 75, 0,[ 84, 27, 24]],

[ 89, 65, 1,[ 1, 7, 8, 41, 51, 87, 32, 72, 71, 88, 57, 50, 39]],

[ 16, 25, 0,[ 88, 76]],

[ 52, 95, 0,[ 67, 38, 68, 91]],

[ 55, 95, 0,[ 80, 81, 31]],

[ 1, 95, 0,[ 27, 30, 89]],

[ 9, 95, 0,[ 49, 43, 81]],

