[ 22, 25, 0,[ 11, 69, 45]],

[ 77, 25, 0,[]],

[ 70, 95, 0,[ 53, 72, 88]],

[ 35, 35, 0,[ 74, 79]],

[ 91, 45, 0,[ 26, 0, 18]],

[ 57, 45, 0,[ 87, 32]],

[ 73, 5, 1,[ 49, 97, 59, 16]],

[ 96, 45, 0,[ 41]],

[ 20, 35, 0,[ 89, 6, 32, 78, 95]],

[ 37, 95, 0,[ 42, 84, 88, 50]],

[ 95, 35, 0,[ 83, 20, 58, 54]],

[ 42, 25, 0,[ 39, 37, 58]],

[ 67, 25, 0,[ 10]],

[ 55, 25, 0,[ 6, 66]],

[ 4, 25, 0,[ 87, 2, 28, 9]],

[ 18, 45, 1,[ 13, 82, 91, 19, 83, 41]],

[ 33, 25, 0,[ 71, 88, 52, 48]],

[ 25, 35, 0,[ 30, 19, 79, 53]],

[ 36, 45, 0,[ 89, 99, 46, 68]],

[ 85, 25, 0,[ 13, 62]],

[ 99, 45, 1,[ 14, 12, 32, 19, 36]],

[ 52, 45, 0,[ 80, 33, 83]],

[ 71, 25, 0,[ 56, 33, 1, 97]],

[ 38, 45, 0,[ 80]],

[ 62, 25, 0,[ 85, 29]],

[ 54, 95, 0,[ 44, 95, 23]],

[ 6, 25, 0,[ 64, 20, 55]],

[ 86, 25, 0,[ 78, 61]],

[ 49, 5, 0,[ 53, 73, 32]],

[ 64, 25, 0,[ 84, 6, 45, 3]],

[ 19, 35, 1,[ 18, 99, 81, 5, 48, 0, 25, 68, 7]],

[ 61, 25, 0,[ 75, 92, 86]],

[ 97, 5, 1,[ 94, 73, 71, 13]],

[ 90, 25, 0,[ 17]],

[ 69, 5, 1,[ 22, 7, 26]],

[ 60, 25, 0,[ 43, 7, 9]],

[ 15, 95, 0,[ 68, 1]],

[ 50, 95, 0,[ 14, 37, 1]],

[ 59, 25, 1,[ 14, 39, 94, 73]],

[ 94, 95, 0,[ 24, 59, 97]],

[ 28, 25, 0,[ 4]],

[ 88, 95, 1,[ 33, 56, 37, 70]],

[ 39, 25, 0,[ 42, 59, 30, 76]],

[ 8, 25, 0,[ 92, 82, 34]],

[ 23, 95, 0,[ 44, 54]],

[ 63, 35, 0,[ 0]],

[ 12, 45, 0,[ 21, 58, 99]],

[ 46, 45, 0,[ 80, 36, 16]],

[ 92, 25, 0,[ 3, 8, 61]],

[ 65, 95, 0,[ 82, 21, 84]],

[ 51, 25, 0,[]],

[ 87, 95, 0,[ 57, 4, 3, 24]],

[ 10, 25, 0,[ 67]],

[ 44, 95, 0,[ 54, 23]],

[ 78, 25, 0,[ 20, 9, 86, 76]],

[ 72, 35, 0,[ 98, 70, 53]],

[ 41, 45, 0,[ 79, 96, 18]],

[ 21, 95, 1,[ 12, 47, 65]],

[ 58, 35, 0,[ 95, 42, 12]],

[ 76, 45, 0,[ 78, 83, 39, 32]],

[ 0, 35, 0,[ 63, 19, 83, 91]],

[ 14, 25, 0,[ 59, 50, 99]],

[ 40, 35, 0,[ 81]],

[ 66, 95, 0,[ 55, 16, 98]],

[ 53, 35, 0,[ 72, 70, 49, 25]],

[ 84, 95, 0,[ 37, 65, 64]],

[ 13, 25, 1,[ 97, 29, 85, 18]],

[ 27, 45, 0,[ 26, 82]],

[ 74, 35, 0,[ 35]],

[ 75, 95, 0,[ 61, 81, 24]],

[ 47, 35, 0,[ 5, 21]],

[ 45, 25, 0,[ 64, 22, 48]],

[ 17, 25, 0,[ 90]],

[ 93, 5, 0,[]],

[ 30, 35, 0,[ 25, 39]],

[ 98, 95, 0,[ 66, 72]],

[ 83, 45, 0,[ 95, 76, 2, 0, 18, 52]],

[ 16, 5, 0,[ 43, 73, 46, 66, 5]],

[ 81, 35, 0,[ 40, 75, 19]],

[ 5, 35, 0,[ 19, 47, 16]],

[ 24, 95, 0,[ 75, 87, 94]],

[ 9, 25, 0,[ 4, 60, 78]],

[ 31, 5, 0,[]],

[ 82, 45, 0,[ 65, 18, 8, 27]],

[ 7, 35, 0,[ 19, 60, 69]],

[ 11, 25, 0,[ 29, 22]],

[ 56, 95, 0,[ 89, 71, 88]],

[ 34, 25, 0,[ 8]],

[ 80, 45, 0,[ 46, 52, 38, 89]],

[ 29, 25, 0,[ 11, 13, 62]],

[ 68, 35, 0,[ 15, 36, 19]],

[ 3, 25, 0,[ 92, 87, 64]],

[ 48, 25, 0,[ 19, 45, 33]],

[ 43, 25, 0,[ 16, 60]],

[ 32, 45, 0,[ 99, 76, 20, 57, 49]],

[ 26, 5, 0,[ 91, 27, 69]],

[ 89, 35, 0,[ 80, 56, 20, 36]],

[ 1, 95, 0,[ 15, 71, 50]],

[ 2, 45, 0,[ 83, 4]],

[ 79, 35, 0,[ 41, 25, 35]],

