[ 47, 95, 1,[ 46, 36, 70, 27]],

[ 53, 95, 0,[ 0, 1]],

[ 52, 75, 1,[ 83, 34, 48, 50]],

[ 79, 95, 0,[ 65, 77, 88]],

[ 63, 35, 1,[ 0, 72, 18, 13]],

[ 6, 95, 0,[ 24, 93, 78]],

[ 81, 95, 0,[ 66, 31]],

[ 91, 95, 1,[ 61, 48, 8, 13, 89, 90, 94, 99]],

[ 49, 95, 1,[ 50, 45, 90, 43, 16]],

[ 36, 95, 0,[ 24, 47, 3]],

[ 76, 95, 0,[ 30, 97, 72]],

[ 1, 95, 0,[ 58, 98, 0, 35, 53]],

[ 70, 95, 0,[ 57, 88, 47]],

[ 50, 95, 1,[ 38, 49, 92, 35, 96, 60, 52, 83]],

[ 17, 45, 1,[ 93, 56, 37]],

[ 51, 95, 0,[ 93, 57]],

[ 55, 95, 0,[ 26, 71, 39]],

[ 34, 85, 1,[ 52, 23, 87, 32]],

[ 37, 35, 1,[ 17, 29, 11, 39]],

[ 75, 95, 0,[ 46, 94, 23]],

[ 0, 85, 1,[ 8, 63, 1, 53]],

[ 80, 95, 1,[ 15, 61, 56]],

[ 14, 95, 0,[ 12, 68, 97]],

[ 83, 5, 1,[ 26, 50, 52, 99, 20]],

[ 67, 95, 0,[ 28, 26]],

[ 5, 95, 0,[ 90, 23, 16]],

[ 97, 95, 1,[ 76, 87, 54, 77, 9, 14]],

[ 92, 95, 0,[ 25, 12, 50]],

[ 48, 95, 0,[ 91, 39, 52]],

[ 78, 5, 1,[ 95, 6, 68]],

[ 41, 95, 0,[ 93, 9, 18]],

[ 43, 95, 0,[ 49, 10, 72]],

[ 65, 65, 1,[ 79, 66, 87]],

[ 60, 95, 0,[ 50, 8]],

[ 69, 95, 0,[ 12, 46, 93]],

[ 38, 95, 0,[ 50, 85, 19]],

[ 58, 95, 1,[ 56, 73, 39, 1]],

[ 94, 95, 1,[ 57, 75, 91, 22]],

[ 18, 65, 1,[ 16, 41, 63]],

[ 99, 95, 0,[ 96, 91, 83, 3]],

[ 27, 95, 1,[ 93, 28, 47]],

[ 85, 35, 1,[ 66, 54, 38, 93, 11]],

[ 61, 95, 0,[ 80, 91, 40, 13]],

[ 19, 5, 1,[ 26, 38, 21]],

[ 10, 95, 0,[ 33, 43, 90]],

[ 84, 95, 0,[ 16, 23, 3]],

[ 39, 25, 1,[ 58, 40, 37, 55, 48]],

[ 20, 95, 0,[ 28, 83, 4]],

[ 22, 55, 1,[ 94, 44, 21, 42]],

[ 2, 95, 1,[ 4, 11, 3, 64]],

[ 96, 95, 1,[ 45, 50, 99]],

[ 82, 95, 0,[ 42, 93, 66]],

[ 33, 95, 1,[ 29, 10, 71, 74]],

[ 8, 95, 0,[ 91, 0, 60]],

[ 15, 95, 0,[ 80, 23, 4]],

[ 4, 75, 1,[ 2, 44, 12, 15, 20]],

[ 87, 95, 0,[ 65, 34, 97]],

[ 9, 55, 1,[ 41, 72, 97]],

[ 77, 75, 1,[ 79, 24, 74, 97]],

[ 57, 75, 1,[ 86, 70, 51, 94, 28]],

[ 72, 75, 1,[ 63, 9, 76, 71, 43]],

[ 68, 85, 1,[ 78, 59, 31, 14]],

[ 16, 95, 0,[ 18, 49, 5, 84]],

[ 12, 95, 1,[ 92, 69, 30, 14, 4]],

[ 98, 95, 0,[ 1, 90, 21]],

[ 11, 95, 0,[ 37, 2, 85]],

[ 66, 95, 1,[ 95, 65, 82, 81, 32, 85]],

[ 86, 95, 0,[ 56, 24, 57]],

[ 46, 95, 1,[ 59, 47, 75, 69, 7]],

[ 56, 45, 1,[ 86, 17, 80, 58, 54]],

[ 95, 95, 0,[ 66, 78]],

[ 28, 95, 1,[ 20, 67, 27, 57]],

[ 59, 95, 0,[ 40, 46, 68]],

[ 89, 45, 1,[ 64, 23, 91, 62]],

[ 25, 95, 0,[ 3, 40, 92]],

[ 88, 45, 1,[ 79, 7, 35, 70]],

[ 32, 45, 1,[ 34, 66]],

[ 42, 95, 1,[ 22, 82, 73]],

[ 7, 95, 0,[ 88, 46]],

[ 93, 75, 1,[ 17, 85, 27, 6, 51, 69, 82, 41]],

[ 44, 95, 0,[ 21, 22, 4]],

[ 40, 95, 1,[ 59, 25, 61, 39]],

[ 90, 55, 1,[ 10, 98, 91, 49, 5]],

[ 73, 95, 0,[ 71, 58, 42]],

[ 13, 95, 0,[ 91, 63, 61]],

[ 74, 95, 0,[ 21, 77, 33]],

[ 24, 95, 1,[ 77, 36, 86, 6]],

[ 54, 95, 1,[ 97, 85, 56]],

[ 30, 95, 0,[ 31, 76, 12]],

[ 71, 95, 1,[ 55, 33, 62, 73, 72]],

[ 64, 95, 0,[ 89, 2, 23]],

[ 23, 85, 1,[ 64, 15, 5, 89, 84, 75, 34]],

[ 3, 95, 1,[ 62, 36, 25, 2, 84, 99]],

[ 31, 95, 0,[ 30, 81, 68]],

[ 26, 95, 0,[ 55, 19, 67, 83]],

[ 29, 95, 0,[ 33, 37]],

[ 62, 95, 0,[ 71, 3, 89]],

[ 21, 35, 1,[ 19, 98, 44, 22, 74]],

[ 35, 95, 0,[ 50, 1, 88]],

[ 45, 95, 0,[ 49, 96]],

[ 79, 55, 0,[ 34, 28, 94]],

[ 68, 55, 0,[ 74, 75, 58]],

[ 5, 55, 1,[ 22, 88, 12, 89, 42]],

[ 49, 55, 0,[ 61, 96, 9]],

[ 75, 15, 1,[ 93, 68, 95]],

[ 38, 55, 0,[ 69, 56, 46]],

[ 30, 65, 1,[ 61, 64, 58, 11]],

[ 71, 55, 0,[ 20, 2, 46]],

[ 85, 55, 0,[ 82, 35, 54]],

[ 33, 55, 0,[ 57, 48, 95]],

[ 65, 55, 1,[ 15, 58, 16]],

[ 4, 55, 0,[ 86, 28, 34]],

[ 11, 55, 0,[ 28, 30, 72, 58]],

[ 22, 55, 0,[ 70, 5, 99]],

[ 99, 55, 1,[ 40, 44, 27, 22]],

[ 58, 45, 1,[ 63, 30, 65, 68, 11, 84]],

[ 80, 55, 0,[ 98, 2, 9]],

[ 76, 5, 1,[ 16, 31, 87]],

[ 42, 55, 0,[ 19, 72, 5]],

[ 46, 55, 1,[ 1, 38, 71, 98]],

[ 89, 35, 0,[ 51, 5, 18]],

[ 43, 55, 0,[ 25, 9]],

[ 50, 55, 0,[ 74, 81]],

[ 45, 55, 0,[ 56, 0, 91, 82]],

[ 73, 55, 0,[ 18, 57, 96]],

[ 64, 55, 0,[ 67, 0, 30]],

[ 61, 55, 1,[ 49, 30, 77, 55, 6]],

[ 57, 85, 1,[ 83, 33, 14, 73, 25]],

[ 67, 55, 1,[ 36, 28, 17, 69, 64]],

[ 94, 95, 1,[ 41, 79, 32, 48]],

[ 60, 55, 0,[ 10, 62, 18]],

[ 19, 45, 1,[ 52, 13, 42, 86]],

[ 74, 55, 1,[ 83, 68, 55, 50]],

[ 96, 55, 1,[ 77, 73, 29, 7, 49]],

[ 37, 85, 1,[ 35, 7, 63, 13]],

[ 1, 55, 0,[ 2, 46, 78]],

[ 69, 55, 1,[ 67, 6, 38, 15, 41, 62, 39]],

[ 10, 95, 1,[ 52, 23, 60]],

[ 44, 55, 0,[ 99, 51, 3]],

[ 16, 55, 1,[ 65, 76, 47, 15]],

[ 59, 55, 0,[ 14, 13]],

[ 86, 45, 1,[ 4, 19, 8]],

[ 53, 55, 0,[ 82, 28, 29]],

[ 25, 55, 1,[ 57, 43, 88]],

[ 52, 35, 0,[ 10, 19]],

[ 20, 45, 1,[ 35, 21, 71]],

[ 39, 55, 0,[ 66, 69, 70]],

[ 54, 55, 1,[ 18, 9, 85]],

[ 8, 55, 0,[ 86]],

[ 23, 35, 0,[ 35, 66, 10]],

[ 66, 5, 1,[ 39, 55, 23, 78]],

[ 32, 75, 1,[ 14, 94, 82]],

[ 26, 55, 1,[ 40, 91, 83]],

[ 9, 25, 1,[ 95, 43, 49, 54, 80]],

[ 97, 55, 0,[ 29, 92]],

[ 6, 55, 0,[ 69, 36, 61]],

[ 40, 55, 0,[ 99, 87, 26]],

[ 15, 55, 0,[ 65, 16, 69]],

[ 72, 55, 1,[ 42, 12, 11]],

[ 47, 55, 0,[ 93, 16]],

[ 34, 55, 1,[ 79, 90, 82, 4]],

[ 87, 55, 1,[ 51, 40, 76, 35]],

[ 48, 95, 1,[ 33, 3, 94]],

[ 28, 55, 1,[ 4, 79, 53, 67, 11]],

[ 27, 55, 0,[ 13, 99]],

[ 88, 55, 0,[ 5, 25]],

[ 3, 95, 1,[ 44, 48]],

[ 14, 55, 0,[ 93, 35, 32, 57, 59]],

[ 84, 55, 0,[ 81, 62, 58]],

[ 90, 55, 0,[ 36, 34]],

[ 24, 55, 0,[ 2, 92, 78]],

[ 12, 55, 0,[ 5, 72, 70]],

[ 70, 55, 1,[ 39, 12, 22]],

[ 18, 55, 1,[ 60, 89, 73, 92, 54]],

[ 17, 55, 0,[ 0, 67, 92]],

[ 83, 55, 0,[ 57, 74, 26]],

[ 29, 85, 1,[ 97, 53, 96]],

[ 95, 55, 0,[ 33, 9, 75, 62]],

[ 56, 15, 1,[ 45, 38, 78]],

[ 7, 55, 0,[ 37, 96]],

[ 35, 95, 1,[ 23, 20, 14, 87, 37, 85]],

[ 31, 55, 0,[ 21, 76, 93, 81]],

[ 41, 55, 0,[ 36, 94, 69]],

[ 93, 65, 1,[ 14, 47, 31, 75]],

[ 63, 55, 0,[ 37, 0, 58]],

[ 91, 55, 1,[ 45, 77, 26, 0]],

[ 2, 55, 1,[ 24, 80, 71, 1]],

[ 36, 15, 1,[ 67, 6, 41, 90]],

[ 51, 95, 1,[ 44, 89, 98, 87]],

[ 92, 55, 1,[ 24, 17, 18, 97]],

[ 78, 95, 1,[ 24, 56, 66, 1]],

[ 98, 55, 0,[ 80, 46, 51]],

[ 82, 55, 1,[ 45, 85, 53, 34, 32]],

[ 55, 55, 0,[ 61, 66, 74]],

[ 81, 55, 1,[ 50, 84, 31]],

[ 77, 55, 0,[ 91, 61, 96]],

[ 0, 55, 1,[ 17, 91, 64, 63, 45]],

[ 62, 55, 1,[ 84, 69, 95, 60]],

[ 21, 55, 0,[ 20, 31]],

[ 13, 55, 1,[ 19, 37, 59, 27]],

