[ 56, 35, 0,[ 3, 68, 13]],

[ 75, 35, 0,[ 23, 38, 44, 9, 40]],

[ 26, 65, 1,[ 29, 98, 39, 19, 4, 24, 36, 50]],

[ 60, 35, 0,[ 35, 71, 94]],

[ 73, 35, 0,[ 72, 74, 35]],

[ 77, 35, 0,[ 89, 79, 10]],

[ 81, 35, 0,[ 72, 94, 71]],

[ 66, 35, 0,[ 49, 70, 47, 54]],

[ 87, 35, 0,[ 6, 45, 85]],

[ 32, 35, 0,[ 67, 64, 85, 61]],

[ 24, 35, 1,[ 65, 16, 97, 20, 26, 64, 63, 7]],

[ 80, 35, 0,[ 57, 94, 7, 1]],

[ 43, 35, 0,[ 52, 91, 79]],

[ 69, 35, 0,[ 95, 21, 67]],

[ 98, 35, 0,[ 26, 27, 9]],

[ 33, 35, 0,[ 63, 84, 15]],

[ 65, 35, 0,[ 39, 67, 24]],

[ 52, 15, 1,[ 13, 43, 53, 39, 19]],

[ 11, 35, 0,[ 96, 90, 13]],

[ 29, 35, 0,[ 14, 72, 26]],

[ 51, 35, 0,[ 68, 6]],

[ 61, 35, 0,[ 32, 62, 91]],

[ 71, 35, 0,[ 6, 23, 12, 81, 93, 60]],

[ 58, 35, 0,[ 78, 40, 96, 57]],

[ 10, 35, 0,[ 49, 9, 77, 12, 55]],

[ 91, 35, 0,[ 61, 6, 63, 43]],

[ 78, 35, 0,[ 58, 37, 46]],

[ 92, 35, 0,[ 93, 95, 84, 5]],

[ 5, 35, 0,[ 64, 92, 0, 76]],

[ 0, 35, 0,[ 89, 53, 5, 1]],

[ 94, 35, 0,[ 60, 80, 81, 93]],

[ 48, 35, 0,[ 50, 49, 21, 8]],

[ 53, 65, 1,[ 0, 52, 74, 68, 76]],

[ 6, 35, 0,[ 88, 7, 8, 71, 91, 51, 87, 64]],

[ 34, 35, 0,[ 22, 35, 41]],

[ 49, 35, 0,[ 90, 66, 48, 10]],

[ 63, 35, 0,[ 24, 91, 33]],

[ 46, 35, 0,[ 13, 78, 79]],

[ 31, 35, 0,[ 18, 16, 17]],

[ 74, 35, 0,[ 73, 53, 72]],

[ 59, 35, 0,[ 30, 72, 41]],

[ 27, 35, 0,[ 64, 98, 17, 28]],

[ 14, 35, 0,[ 90, 20, 29]],

[ 35, 35, 0,[ 34, 60, 73, 99]],

[ 25, 35, 0,[ 28, 67, 54]],

[ 85, 35, 0,[ 38, 87, 86, 32, 84]],

[ 55, 35, 0,[ 30, 57, 10]],

[ 7, 35, 0,[ 80, 24, 6]],

[ 45, 35, 0,[ 87, 39, 84, 90]],

[ 12, 35, 0,[ 4, 71, 10]],

[ 89, 35, 0,[ 0, 77, 95]],

[ 99, 35, 0,[ 35, 30, 70]],

[ 28, 35, 0,[ 25, 72, 36, 27]],

[ 8, 35, 0,[ 48, 57, 6]],

[ 76, 35, 0,[ 53, 15, 5]],

[ 64, 35, 1,[ 32, 6, 24, 3, 5, 27, 40]],

[ 97, 35, 0,[ 54, 95, 24]],

[ 16, 35, 0,[ 24, 31, 42, 96]],

[ 83, 35, 0,[ 84, 30, 18]],

[ 15, 35, 0,[ 76, 33, 13]],

[ 44, 35, 0,[ 41, 42, 75]],

[ 41, 35, 0,[ 34, 44, 30, 59, 88]],

[ 50, 35, 0,[ 48, 4, 26]],

[ 54, 35, 0,[ 97, 66, 25]],

[ 9, 35, 0,[ 95, 75, 10, 22, 98, 30]],

[ 79, 35, 0,[ 77, 46, 43, 3]],

[ 39, 35, 0,[ 26, 52, 65, 45]],

[ 86, 35, 0,[ 85, 1, 84]],

[ 18, 35, 0,[ 13, 20, 83, 19, 31]],

[ 30, 35, 1,[ 37, 83, 59, 9, 41, 3, 99, 55]],

[ 2, 35, 0,[ 82, 22, 3]],

[ 70, 35, 0,[ 66, 99, 88]],

[ 95, 35, 0,[ 9, 92, 89, 82, 97, 69]],

[ 20, 35, 0,[ 14, 18, 24]],

[ 72, 35, 0,[ 29, 28, 81, 59, 73, 74]],

[ 93, 35, 0,[ 94, 71, 92]],

[ 90, 35, 0,[ 14, 45, 17, 49, 11]],

[ 19, 35, 0,[ 52, 18, 26]],

[ 1, 35, 0,[ 80, 0, 86]],

[ 36, 35, 0,[ 28, 37, 26]],

[ 57, 35, 0,[ 58, 55, 8, 80]],

[ 42, 35, 0,[ 44, 62, 16]],

[ 67, 35, 0,[ 32, 65, 25, 69]],

[ 4, 45, 1,[ 50, 26, 21, 96, 12]],

[ 84, 35, 0,[ 85, 33, 86, 92, 83, 45]],

[ 21, 35, 0,[ 82, 48, 4, 69]],

[ 3, 35, 0,[ 2, 64, 56, 79, 30]],

[ 13, 35, 1,[ 96, 56, 52, 46, 15, 18, 11]],

[ 88, 35, 0,[ 6, 41, 62, 70]],

[ 17, 35, 0,[ 22, 90, 27, 31]],

[ 40, 35, 0,[ 58, 75, 64]],

[ 37, 35, 0,[ 38, 78, 36, 30]],

[ 22, 35, 0,[ 9, 17, 2, 34]],

[ 82, 35, 0,[ 95, 2, 21]],

[ 68, 85, 1,[ 56, 53, 51]],

[ 38, 35, 0,[ 85, 75, 37]],

[ 96, 35, 1,[ 11, 16, 58, 13, 4, 23]],

[ 62, 35, 0,[ 61, 88, 42]],

[ 23, 35, 0,[ 96, 71, 75]],

[ 47, 35, 0,[ 66]],

[ 9, 85, 0,[ 0, 83, 64]],

[ 51, 75, 1,[ 68, 54, 49, 42, 20, 37, 78, 10, 50]],

[ 23, 85, 0,[ 10, 92, 74, 27, 2, 46, 25, 77, 34]],

[ 12, 85, 0,[ 98, 39, 56, 65]],

[ 59, 85, 0,[ 32, 57, 69, 91]],

[ 11, 85, 0,[ 55, 42, 13, 83, 17]],

[ 95, 85, 0,[ 18, 41, 87, 6]],

[ 32, 85, 0,[ 56, 3, 59, 77, 62, 31]],

[ 91, 85, 0,[ 90, 57, 89, 59, 94, 14]],

[ 31, 85, 0,[ 29, 63, 32, 20, 49]],

[ 34, 85, 0,[ 87, 23, 33]],

[ 76, 85, 0,[ 56, 85]],

[ 29, 85, 0,[ 31, 93, 30]],

[ 24, 85, 0,[ 3, 25, 88, 35, 70]],

[ 2, 85, 0,[ 23, 72, 96, 85, 39, 75]],

[ 80, 85, 0,[ 55, 28, 21]],

[ 38, 85, 0,[ 16, 71, 86]],

[ 40, 85, 0,[ 5, 94, 75]],

[ 7, 85, 0,[ 75, 62]],

[ 50, 85, 0,[ 6, 33, 51]],

[ 10, 85, 0,[ 21, 51, 23]],

[ 64, 85, 1,[ 63, 9, 78, 3, 55, 99, 94, 97]],

[ 97, 85, 0,[ 74, 64]],

[ 68, 85, 0,[ 35, 84, 51]],

[ 90, 85, 0,[ 60, 91, 73]],

[ 39, 85, 0,[ 12, 2, 67, 33, 44]],

[ 82, 85, 0,[ 54, 4, 0, 8, 56]],

[ 73, 85, 0,[ 13, 90, 84]],

[ 56, 85, 0,[ 42, 82, 76, 32, 12, 79]],

[ 1, 85, 0,[ 36, 46, 35]],

[ 69, 85, 0,[ 59, 43, 94]],

[ 67, 85, 0,[ 45, 39, 79, 87]],

[ 44, 85, 0,[ 63, 39, 66]],

[ 62, 85, 0,[ 78, 32, 55, 7]],

[ 18, 85, 0,[ 17, 43, 95]],

[ 26, 85, 0,[ 52, 35, 13]],

[ 20, 85, 0,[ 51, 93, 31, 15]],

[ 55, 75, 1,[ 4, 64, 11, 80, 81, 66, 62, 52]],

[ 17, 85, 0,[ 11, 92, 71, 18, 19]],

[ 52, 85, 0,[ 55, 26, 71]],

[ 88, 85, 0,[ 83, 27, 24]],

[ 94, 85, 0,[ 64, 40, 91, 13, 69]],

[ 60, 85, 1,[ 16, 30, 84, 0, 54, 90, 75, 6, 57]],

[ 98, 85, 0,[ 12, 37, 48]],

[ 53, 85, 0,[ 74, 47]],

[ 27, 85, 0,[ 23, 28, 88]],

[ 77, 85, 0,[ 23, 32]],

[ 49, 85, 0,[ 47, 51, 31]],

[ 16, 5, 1,[ 74, 36, 60, 38, 5, 93]],

[ 30, 85, 0,[ 29, 60, 89]],

[ 36, 85, 0,[ 89, 1, 16]],

[ 72, 85, 0,[ 84, 2, 25, 74]],

[ 4, 85, 0,[ 55, 6, 82]],

[ 22, 85, 0,[ 85, 41]],

[ 14, 85, 0,[ 71, 85, 91]],

[ 0, 85, 0,[ 60, 9, 82]],

[ 19, 85, 0,[ 61, 87, 17]],

[ 81, 85, 0,[ 55]],

[ 86, 35, 1,[ 48, 99, 85, 38, 87]],

[ 8, 85, 0,[ 35, 82, 84]],

[ 37, 85, 0,[ 98, 65, 51]],

[ 70, 85, 0,[ 21, 15, 24]],

[ 41, 85, 0,[ 22, 95, 48, 65, 21]],

[ 75, 85, 0,[ 96, 2, 45, 40, 7, 60]],

[ 28, 85, 0,[ 45, 27, 80]],

[ 46, 85, 0,[ 1, 23, 58]],

[ 58, 85, 0,[ 89, 5, 46]],

[ 71, 85, 1,[ 43, 66, 17, 14, 38, 52]],

[ 85, 85, 0,[ 14, 86, 76, 22, 2]],

[ 48, 85, 0,[ 98, 41, 86]],

[ 25, 85, 1,[ 24, 5, 23, 72]],

[ 15, 85, 0,[ 35, 70, 20]],

[ 99, 85, 0,[ 86, 83, 64]],

[ 43, 85, 0,[ 18, 89, 71, 69]],

[ 79, 85, 0,[ 56, 67]],

[ 93, 85, 0,[ 92, 16, 29, 20]],

[ 92, 85, 0,[ 17, 23, 93]],

[ 96, 85, 0,[ 13, 75, 2, 83]],

[ 13, 85, 0,[ 11, 96, 73, 94, 26]],

[ 6, 85, 0,[ 4, 60, 95, 50]],

[ 57, 85, 0,[ 91, 60, 59]],

[ 3, 85, 0,[ 24, 64, 32]],

[ 35, 85, 0,[ 24, 26, 1, 68, 15, 47, 8]],

[ 5, 5, 1,[ 61, 58, 16, 25, 40]],

[ 54, 85, 0,[ 82, 61, 51, 60, 89]],

[ 78, 85, 0,[ 64, 51, 62]],

[ 21, 85, 0,[ 10, 80, 70, 41]],

[ 84, 85, 0,[ 72, 60, 8, 73, 68]],

[ 61, 85, 0,[ 54, 19, 5]],

[ 83, 85, 0,[ 9, 11, 88, 99, 96]],

[ 89, 85, 0,[ 43, 54, 91, 36, 30, 58]],

[ 66, 85, 0,[ 44, 47, 55, 71]],

[ 74, 35, 1,[ 97, 23, 16, 72, 53]],

[ 42, 85, 0,[ 51, 56, 11]],

[ 65, 85, 0,[ 37, 12, 41]],

[ 47, 85, 0,[ 35, 53, 49, 66]],

[ 45, 85, 0,[ 28, 67, 75]],

[ 63, 85, 0,[ 31, 64, 44]],

[ 87, 85, 0,[ 34, 19, 95, 86, 67]],

[ 33, 85, 0,[ 34, 39, 50]],

