[ 13, 75, 1,[ 35, 24, 45, 72]],

[ 83, 55, 0,[ 41, 54, 17, 35]],

[ 30, 45, 1,[ 32, 4, 54]],

[ 56, 85, 0,[ 97, 49, 45]],

[ 94, 85, 0,[ 14, 37, 60]],

[ 28, 25, 1,[ 32, 63, 45]],

[ 84, 75, 0,[ 65, 87, 71, 35]],

[ 25, 5, 0,[ 96, 41, 44, 1]],

[ 12, 85, 0,[ 17, 15, 72]],

[ 75, 75, 0,[ 61, 24, 7]],

[ 22, 15, 0,[ 0, 34, 23, 20]],

[ 14, 85, 0,[ 16, 55, 94, 85]],

[ 26, 55, 0,[ 89, 42, 4]],

[ 35, 75, 0,[ 13, 83, 84, 52]],

[ 33, 75, 0,[ 89, 79, 64]],

[ 49, 5, 0,[ 32, 56, 43, 80]],

[ 15, 85, 0,[ 12, 29, 97]],

[ 86, 85, 0,[ 6]],

[ 38, 75, 0,[ 24, 21, 64]],

[ 39, 25, 0,[ 4, 60, 82]],

[ 66, 25, 0,[ 9, 2, 92]],

[ 76, 15, 0,[ 99, 23]],

[ 19, 45, 0,[ 77, 99, 27]],

[ 27, 25, 0,[ 0, 88, 19]],

[ 32, 5, 1,[ 28, 30, 20, 64, 49]],

[ 64, 5, 0,[ 33, 38, 32]],

[ 43, 5, 0,[ 49, 40]],

[ 31, 25, 0,[ 16, 69]],

[ 90, 45, 0,[ 67, 9, 51, 53]],

[ 79, 25, 0,[ 85, 52, 8, 33]],

[ 40, 5, 0,[ 43]],

[ 47, 5, 0,[ 78, 62, 74]],

[ 57, 75, 0,[ 68]],

[ 74, 25, 0,[ 88, 11, 47]],

[ 52, 25, 0,[ 35, 99, 79]],

[ 82, 75, 0,[ 39, 68]],

[ 45, 85, 1,[ 70, 71, 28, 56, 13]],

[ 44, 25, 0,[ 41, 69, 25]],

[ 9, 45, 1,[ 66, 46, 90, 29]],

[ 48, 85, 0,[ 6, 23, 91]],

[ 5, 45, 0,[ 61, 97]],

[ 98, 75, 0,[ 7, 11]],

[ 53, 45, 0,[ 90, 95, 69]],

[ 61, 45, 0,[ 75, 5, 63]],

[ 4, 45, 0,[ 39, 30, 26]],

[ 59, 55, 0,[ 37, 54]],

[ 46, 75, 0,[ 21, 9]],

[ 67, 75, 0,[ 90, 68]],

[ 68, 75, 0,[ 95, 57, 67, 82, 50]],

[ 85, 55, 0,[ 14, 51, 95, 79, 78]],

[ 18, 85, 0,[ 3, 91]],

[ 23, 85, 0,[ 76, 22, 48]],

[ 17, 15, 0,[ 12, 20, 83]],

[ 95, 75, 0,[ 85, 53, 68]],

[ 42, 55, 0,[ 26, 70, 77]],

[ 55, 25, 0,[ 14, 10]],

[ 1, 55, 0,[ 25, 54, 73]],

[ 41, 5, 0,[ 44, 25, 83]],

[ 58, 85, 0,[ 92, 11]],

[ 51, 45, 0,[ 90, 85]],

[ 24, 75, 0,[ 38, 78, 13, 75]],

[ 91, 85, 0,[ 37, 18, 48]],

[ 97, 85, 0,[ 15, 56, 5]],

[ 34, 25, 0,[ 22, 60, 96]],

[ 63, 55, 0,[ 28, 61, 54]],

[ 93, 5, 0,[ 8, 65, 50]],

[ 88, 25, 0,[ 54, 60, 27, 74, 72]],

[ 54, 55, 1,[ 88, 83, 63, 30, 1, 59]],

[ 78, 5, 0,[ 24, 47, 85]],

[ 92, 25, 0,[ 58, 66, 80, 0]],

[ 6, 85, 0,[ 86, 48, 36]],

[ 16, 25, 0,[ 31, 14]],

[ 80, 25, 0,[ 0, 49, 92]],

[ 37, 85, 0,[ 59, 91, 94]],

[ 36, 85, 0,[ 6]],

[ 89, 75, 0,[ 26, 33, 69]],

[ 0, 25, 0,[ 22, 27, 92, 80]],

[ 72, 85, 0,[ 13, 88, 12]],

[ 29, 25, 0,[ 69, 9, 15]],

[ 73, 55, 0,[ 1, 10]],

[ 3, 85, 0,[ 18, 11]],

[ 50, 75, 0,[ 93, 62, 68]],

[ 96, 5, 0,[ 34, 25, 65]],

[ 77, 45, 0,[ 81, 42, 19]],

[ 99, 15, 0,[ 52, 76, 19]],

[ 65, 5, 0,[ 84, 93, 96]],

[ 81, 25, 0,[ 77, 2]],

[ 69, 25, 1,[ 31, 44, 29, 53, 89, 2]],

[ 7, 75, 0,[ 87, 75, 98]],

[ 71, 75, 1,[ 84, 20, 45]],

[ 20, 15, 1,[ 71, 22, 17, 32]],

[ 8, 25, 0,[ 79, 93, 10]],

[ 10, 25, 0,[ 55, 8, 73]],

[ 21, 75, 0,[ 46, 38]],

[ 87, 75, 0,[ 7, 84]],

[ 60, 25, 0,[ 34, 88, 94, 39]],

[ 11, 85, 0,[ 98, 74, 58, 3]],

[ 62, 75, 0,[ 47, 50]],

[ 2, 25, 0,[ 69, 81, 66]],

[ 70, 85, 0,[ 45, 42]],

