[ 32, 55, 1,[ 50, 44, 62, 52, 24]],

[ 38, 85, 0,[ 72, 7, 92]],

[ 17, 85, 0,[ 33, 1, 26, 25]],

[ 55, 55, 1,[ 35, 77, 67, 69, 56]],

[ 51, 85, 1,[ 28, 36, 76, 94]],

[ 40, 5, 1,[ 41, 2, 75, 1]],

[ 2, 85, 0,[ 48, 66, 40]],

[ 8, 85, 1,[ 26, 4, 6]],

[ 13, 85, 0,[ 44, 54, 31]],

[ 64, 85, 0,[ 86, 6, 11]],

[ 99, 85, 1,[ 47, 39, 98]],

[ 50, 85, 0,[ 49, 32, 66]],

[ 62, 85, 0,[ 31, 32, 48]],

[ 75, 85, 0,[ 40, 85, 7]],

[ 1, 45, 1,[ 61, 17, 40, 57, 89]],

[ 18, 85, 1,[ 36, 87, 29, 45, 46]],

[ 29, 85, 1,[ 30, 25, 18, 68]],

[ 72, 25, 1,[ 70, 74, 38, 24, 71, 34]],

[ 30, 85, 1,[ 29, 36, 91]],

[ 92, 85, 0,[ 15, 90, 77, 38]],

[ 71, 85, 1,[ 70, 72, 79]],

[ 76, 85, 1,[ 42, 51, 87, 52, 77]],

[ 82, 85, 1,[ 33, 81, 21]],

[ 7, 85, 0,[ 38, 22, 75]],

[ 49, 85, 1,[ 88, 69, 63, 50]],

[ 31, 85, 0,[ 13, 62]],

[ 12, 85, 1,[ 20, 74, 10]],

[ 27, 85, 0,[ 39, 44, 91]],

[ 69, 85, 0,[ 44, 55, 49]],

[ 25, 85, 1,[ 29, 57, 17, 58, 23]],

[ 68, 85, 0,[ 29, 39, 83]],

[ 35, 85, 1,[ 9, 84, 73, 55, 60]],

[ 24, 45, 1,[ 72, 66, 32]],

[ 33, 85, 0,[ 85, 17, 82]],

[ 6, 85, 1,[ 64, 8, 5, 83, 84]],

[ 94, 75, 1,[ 4, 42, 51, 96]],

[ 20, 85, 0,[ 3, 39, 12]],

[ 5, 75, 1,[ 97, 85, 6, 3]],

[ 54, 15, 1,[ 48, 21, 13, 86, 36]],

[ 0, 85, 0,[ 70, 97, 90]],

[ 79, 85, 0,[ 43, 71, 44]],

[ 16, 85, 1,[ 67, 28, 37, 42, 11]],

[ 65, 85, 0,[ 56, 81]],

[ 93, 85, 0,[ 80, 70, 37, 86]],

[ 42, 85, 0,[ 16, 76, 94]],

[ 73, 85, 0,[ 15, 60, 23, 35, 46]],

[ 26, 85, 0,[ 17, 15, 8]],

[ 98, 85, 1,[ 99, 86, 52, 95]],

[ 58, 85, 1,[ 41, 59, 25]],

[ 90, 75, 1,[ 14, 92, 0]],

[ 4, 85, 1,[ 48, 8, 94, 80]],

[ 39, 85, 1,[ 27, 99, 74, 84, 68, 20]],

[ 61, 45, 1,[ 63, 74, 1]],

[ 57, 85, 0,[ 43, 1, 25]],

[ 74, 85, 1,[ 39, 72, 12, 61]],

[ 53, 85, 0,[ 66, 3, 22]],

[ 11, 85, 0,[ 88, 64, 16, 14]],

[ 83, 85, 1,[ 6, 68, 97]],

[ 19, 85, 1,[ 96, 3, 10]],

[ 36, 85, 0,[ 30, 18, 43, 54, 51]],

[ 80, 85, 1,[ 4, 89, 93]],

[ 60, 65, 1,[ 44, 73, 35]],

[ 23, 85, 0,[ 73, 25, 46]],

[ 28, 85, 0,[ 9, 51, 16]],

[ 9, 85, 0,[ 35, 28, 97, 41]],

[ 34, 85, 0,[ 45, 86, 72]],

[ 47, 85, 1,[ 63, 99, 48, 45, 10]],

[ 85, 85, 0,[ 5, 75, 33]],

[ 45, 85, 0,[ 18, 34, 47]],

[ 66, 25, 1,[ 14, 50, 2, 53, 24]],

[ 86, 35, 1,[ 34, 95, 98, 54, 64, 93]],

[ 56, 25, 1,[ 37, 55, 65, 78, 44, 81]],

[ 52, 85, 0,[ 76, 32, 98]],

[ 22, 85, 1,[ 53, 10, 78, 7]],

[ 88, 75, 1,[ 11, 89, 49]],

[ 96, 85, 0,[ 95, 94, 19]],

[ 59, 85, 0,[ 58, 78, 14]],

[ 81, 15, 1,[ 65, 82, 56]],

[ 3, 85, 1,[ 5, 20, 19, 53]],

[ 46, 85, 0,[ 18, 23, 73]],

[ 63, 95, 1,[ 49, 37, 61, 47]],

[ 77, 5, 1,[ 76, 55, 92]],

[ 95, 85, 0,[ 86, 98, 96]],

[ 43, 85, 0,[ 79, 36, 57]],

[ 84, 85, 0,[ 39, 6, 35]],

[ 44, 85, 1,[ 60, 69, 27, 79, 56, 13, 32]],

[ 87, 85, 0,[ 18, 70, 76]],

[ 15, 65, 1,[ 73, 92, 26]],

[ 78, 85, 0,[ 56, 59, 22]],

[ 14, 15, 1,[ 11, 66, 90, 59]],

[ 89, 85, 0,[ 80, 88, 1]],

[ 91, 85, 0,[ 27, 30]],

[ 48, 95, 1,[ 2, 47, 54, 4, 62]],

[ 70, 85, 1,[ 72, 93, 0, 87, 71]],

[ 41, 85, 0,[ 58, 40, 9]],

[ 67, 85, 0,[ 55, 16]],

[ 10, 85, 0,[ 22, 47, 19, 12]],

[ 37, 85, 0,[ 63, 16, 56, 93]],

[ 21, 85, 0,[ 54, 82]],

[ 97, 85, 0,[ 83, 9, 0, 5]],

[ 75, 75, 0,[ 64, 71, 61]],

[ 72, 75, 1,[ 73, 8, 49, 61, 70, 71]],

[ 65, 75, 1,[ 76, 48, 37, 1]],

[ 34, 75, 0,[ 92, 74, 54]],

[ 80, 75, 1,[ 82, 97, 9, 78]],

[ 71, 75, 1,[ 91, 30, 75, 70, 72]],

[ 55, 45, 1,[ 25, 85]],

[ 68, 75, 1,[ 57, 26, 14, 36, 69]],

[ 26, 75, 1,[ 57, 68, 73]],

[ 59, 75, 0,[ 47, 54, 16]],

[ 95, 75, 0,[ 93, 67]],

[ 6, 75, 0,[ 64, 17, 84]],

[ 39, 55, 1,[ 20, 31, 24, 32, 89, 15, 41, 54]],

[ 52, 75, 1,[ 45, 51, 79, 17, 24, 54, 97]],

[ 1, 75, 1,[ 2, 81, 61, 99, 65]],

[ 83, 75, 1,[ 58, 38, 70]],

[ 85, 25, 1,[ 51, 31, 46, 73, 55]],

[ 67, 95, 1,[ 29, 69, 95]],

[ 27, 75, 0,[ 57, 21, 29]],

[ 41, 85, 1,[ 0, 93, 39]],

[ 69, 75, 1,[ 87, 67, 68]],

[ 49, 75, 1,[ 79, 72, 50, 45, 51]],

[ 56, 75, 0,[ 16, 96, 77, 54]],

[ 11, 65, 1,[ 63, 32, 44, 13]],

[ 84, 75, 1,[ 6, 30, 82]],

[ 82, 75, 1,[ 93, 0, 91, 84, 80, 64]],

[ 42, 25, 1,[ 22, 18]],

[ 47, 75, 0,[ 86, 98, 59]],

[ 40, 75, 1,[ 99, 87, 4]],

[ 62, 75, 1,[ 43, 60, 38]],

[ 8, 75, 0,[ 33, 57, 72, 77]],

[ 94, 65, 1,[ 28, 92, 24, 10, 96]],

[ 88, 95, 1,[ 87, 96, 16]],

[ 57, 75, 1,[ 26, 27, 68, 19, 8]],

[ 81, 75, 0,[ 1, 79, 14]],

[ 32, 75, 0,[ 11, 39]],

[ 18, 75, 0,[ 87, 42, 5]],

[ 24, 75, 0,[ 94, 35, 52, 39]],

[ 14, 75, 0,[ 68, 96, 81]],

[ 36, 75, 1,[ 97, 31, 17, 46, 68]],

[ 7, 75, 0,[ 3, 15, 33, 51]],

[ 86, 75, 0,[ 35, 47, 21]],

[ 23, 75, 0,[ 50, 22, 64]],

[ 29, 75, 0,[ 33, 27, 67]],

[ 33, 65, 1,[ 7, 29, 8]],

[ 25, 65, 1,[ 60, 55]],

[ 99, 75, 0,[ 28, 1, 40, 22]],

[ 54, 75, 1,[ 34, 5, 52, 59, 56, 39, 78]],

[ 92, 75, 1,[ 94, 53, 34, 48, 10]],

[ 17, 75, 1,[ 52, 6, 36]],

[ 10, 75, 0,[ 12, 92, 94]],

[ 12, 65, 1,[ 20, 10, 37]],

[ 16, 75, 0,[ 56, 91, 59, 88]],

[ 76, 75, 1,[ 9, 65, 78, 15]],

[ 4, 75, 1,[ 53, 0, 40, 2]],

[ 0, 75, 0,[ 4, 41, 82]],

[ 91, 75, 0,[ 82, 60, 16, 71]],

[ 2, 75, 1,[ 1, 90, 74, 4]],

[ 90, 75, 1,[ 2, 66, 20]],

[ 50, 35, 1,[ 51, 23, 49]],

[ 87, 75, 0,[ 18, 88, 40, 69]],

[ 44, 75, 0,[ 38, 11, 51]],

[ 13, 75, 0,[ 11, 61, 5]],

[ 61, 75, 0,[ 1, 72, 75, 13]],

[ 78, 75, 1,[ 54, 19, 80, 76]],

[ 96, 75, 1,[ 56, 98, 94, 14, 88]],

[ 63, 75, 0,[ 98, 5, 11]],

[ 31, 75, 0,[ 36, 39, 85]],

[ 66, 75, 0,[ 79, 58, 90]],

[ 97, 75, 0,[ 80, 52, 36]],

[ 70, 45, 1,[ 83, 72, 71]],

[ 79, 75, 0,[ 49, 66, 52, 81]],

[ 77, 55, 1,[ 8, 20, 56, 58]],

[ 73, 75, 0,[ 85, 26, 72]],

[ 15, 25, 1,[ 76, 39, 7]],

[ 51, 75, 1,[ 52, 50, 9, 49, 85, 7, 44]],

[ 46, 75, 1,[ 85, 74, 36]],

[ 21, 75, 0,[ 86, 27]],

[ 98, 95, 1,[ 47, 63, 43, 96]],

[ 37, 75, 0,[ 28, 12, 65]],

[ 19, 75, 0,[ 78, 57, 30]],

[ 60, 65, 1,[ 25, 62, 91]],

[ 30, 75, 0,[ 19, 84, 71]],

[ 20, 75, 0,[ 39, 90, 12, 77]],

[ 48, 75, 0,[ 93, 92, 65]],

[ 28, 55, 1,[ 99, 37, 94, 35]],

[ 38, 75, 0,[ 44, 62, 83]],

[ 53, 75, 0,[ 92, 4]],

[ 74, 75, 0,[ 34, 2, 46]],

[ 5, 65, 1,[ 63, 13, 18, 54]],

[ 43, 75, 0,[ 62, 98]],

[ 93, 75, 0,[ 48, 82, 41, 95]],

[ 9, 75, 0,[ 89, 76, 51, 80]],

[ 89, 75, 0,[ 9, 39, 22]],

[ 22, 55, 1,[ 42, 89, 23, 99]],

[ 58, 75, 0,[ 77, 45, 66, 83]],

[ 3, 75, 0,[ 7]],

[ 64, 75, 1,[ 6, 82, 23, 75]],

[ 35, 75, 0,[ 86, 28, 24]],

[ 45, 75, 0,[ 58, 52, 49]],

