[ 60, 95, 0,[ 40, 62, 92]],

[ 55, 95, 0,[ 97, 98, 21]],

[ 32, 95, 0,[ 43, 97, 53]],

[ 14, 95, 0,[ 16, 77, 94, 57]],

[ 83, 95, 0,[ 71, 82, 80, 98]],

[ 56, 95, 0,[ 10, 92]],

[ 24, 95, 0,[ 72, 27, 9, 95]],

[ 40, 85, 1,[ 38, 17, 60, 42, 89]],

[ 2, 95, 0,[ 47, 68]],

[ 34, 95, 0,[ 17, 89, 69]],

[ 88, 95, 0,[ 39, 95, 35]],

[ 8, 95, 0,[ 79, 7, 92, 22]],

[ 31, 95, 0,[ 28, 44, 98]],

[ 25, 95, 0,[ 49, 42, 26]],

[ 23, 95, 0,[ 47, 10, 12]],

[ 94, 95, 0,[ 61, 14, 98, 58]],

[ 0, 95, 0,[ 43, 81, 97]],

[ 36, 95, 0,[ 19, 69, 26]],

[ 16, 95, 0,[ 19, 93, 69, 14]],

[ 53, 95, 0,[ 42, 32]],

[ 52, 95, 0,[ 42]],

[ 7, 95, 0,[ 3, 8, 97, 10]],

[ 92, 75, 1,[ 8, 5, 9, 60, 90, 56, 72, 33, 6, 35, 87, 45]],

[ 18, 95, 0,[ 10, 12, 62, 47]],

[ 64, 95, 0,[ 61, 51, 28, 12, 90, 58, 30, 54]],

[ 33, 95, 0,[ 92, 70, 48, 6]],

[ 73, 95, 0,[ 93, 30, 89, 57]],

[ 1, 95, 0,[ 84, 51, 11, 96]],

[ 4, 95, 0,[ 69, 70]],

[ 50, 95, 0,[ 68, 71, 10]],

[ 28, 95, 0,[ 66, 64, 31]],

[ 42, 65, 1,[ 53, 40, 54, 52, 25, 15, 17, 44]],

[ 10, 5, 1,[ 27, 29, 56, 50, 23, 18, 39, 44, 7]],

[ 49, 95, 0,[ 65, 25, 97]],

[ 95, 95, 0,[ 24, 88]],

[ 90, 95, 0,[ 64, 59, 92]],

[ 78, 95, 0,[ 71, 21]],

[ 46, 95, 0,[ 19, 85, 43]],

[ 61, 95, 0,[ 93, 41, 94, 64]],

[ 26, 95, 0,[ 36, 71, 25]],

[ 41, 95, 0,[ 91, 61, 48]],

[ 51, 65, 1,[ 76, 5, 71, 1, 64, 74]],

[ 93, 95, 0,[ 73, 61, 16]],

[ 76, 95, 0,[ 79, 59, 51]],

[ 29, 95, 0,[ 10, 89, 68]],

[ 45, 95, 0,[ 21, 92]],

[ 96, 95, 0,[ 13, 1, 58]],

[ 63, 95, 0,[ 67]],

[ 80, 95, 0,[ 72, 27, 83]],

[ 11, 95, 0,[ 71, 3, 1]],

[ 99, 95, 0,[ 71]],

[ 82, 95, 0,[ 72, 81, 83]],

[ 74, 95, 0,[ 51, 86, 67]],

[ 85, 95, 0,[ 59, 71, 20, 69, 46]],

[ 72, 95, 0,[ 92, 82, 80, 24]],

[ 13, 95, 0,[ 96, 71, 86, 68]],

[ 98, 95, 0,[ 94, 83, 55, 31]],

[ 20, 95, 0,[ 85]],

[ 81, 95, 0,[ 0, 82, 70]],

[ 57, 95, 0,[ 14, 73, 19]],

[ 6, 95, 0,[ 92, 33]],

[ 97, 25, 1,[ 32, 84, 75, 0, 7, 55, 49, 37]],

[ 47, 95, 0,[ 23, 84, 18, 2]],

[ 3, 95, 0,[ 7, 11]],

[ 62, 95, 0,[ 60, 18, 75]],

[ 19, 5, 1,[ 16, 57, 36, 68, 22, 46, 79]],

[ 17, 95, 0,[ 34, 40, 42]],

[ 37, 95, 0,[ 15, 65, 97]],

[ 58, 95, 0,[ 64, 94, 96, 71]],

[ 38, 95, 1,[ 40]],

[ 66, 95, 0,[ 54, 28, 91]],

[ 43, 95, 0,[ 46, 0, 32]],

[ 67, 95, 0,[ 69, 63, 74]],

[ 39, 95, 0,[ 71, 88, 10]],

[ 59, 95, 0,[ 85, 76, 90]],

[ 69, 75, 1,[ 85, 36, 21, 16, 67, 4, 34, 71]],

[ 54, 95, 0,[ 64, 66, 42]],

[ 87, 95, 0,[ 84, 9, 92]],

[ 9, 95, 0,[ 92, 87, 71, 24]],

[ 79, 95, 0,[ 8, 76, 19]],

[ 22, 95, 0,[ 8, 75, 19]],

[ 48, 95, 0,[ 71, 41, 33]],

[ 15, 95, 0,[ 42, 37]],

[ 30, 95, 0,[ 64, 73]],

[ 75, 95, 0,[ 22, 97, 62]],

[ 27, 95, 0,[ 24, 71, 80, 10]],

[ 91, 95, 0,[ 41, 66]],

[ 70, 95, 0,[ 33, 4, 81]],

[ 44, 95, 0,[ 84, 42, 10, 31]],

[ 12, 95, 0,[ 68, 23, 64, 18]],

[ 71, 85, 1,[ 48, 86, 26, 85, 58, 99, 11, 78, 51, 9, 39, 27, 35, 69, 83, 13, 50]],

[ 5, 95, 0,[ 68, 92, 51]],

[ 86, 95, 0,[ 74, 71, 13]],

[ 77, 95, 0,[ 14, 89]],

[ 89, 95, 0,[ 77, 29, 73, 34, 40]],

[ 21, 95, 0,[ 55, 78, 69, 45]],

[ 65, 95, 0,[ 37, 49]],

[ 84, 95, 0,[ 44, 1, 47, 87, 97]],

[ 35, 95, 0,[ 88, 92, 71]],

[ 68, 95, 0,[ 19, 12, 50, 5, 29, 2, 13]],

