[ 62, 65, 0,[ 54, 32, 92]],

[ 23, 95, 0,[ 6, 88]],

[ 97, 15, 0,[ 63, 67, 95]],

[ 20, 95, 1,[ 43, 27, 69, 28, 88, 78, 31]],

[ 75, 65, 0,[ 60, 85, 36, 29]],

[ 29, 35, 1,[ 71, 93, 34, 42, 75]],

[ 63, 15, 0,[ 7, 97, 30]],

[ 8, 45, 0,[ 95, 5, 9]],

[ 31, 95, 0,[ 76, 20, 37]],

[ 54, 65, 1,[ 76, 62, 67, 12]],

[ 24, 65, 0,[ 58, 33, 85]],

[ 60, 85, 0,[ 75, 42, 79]],

[ 61, 15, 0,[ 64, 76, 25]],

[ 30, 15, 1,[ 63, 41, 17, 82]],

[ 87, 65, 1,[ 84, 73, 7]],

[ 53, 55, 0,[ 25, 42, 52]],

[ 57, 15, 1,[ 43, 3, 78]],

[ 47, 65, 0,[ 99, 95, 65, 58]],

[ 50, 85, 1,[ 40, 70, 90, 27]],

[ 26, 35, 0,[ 94, 18, 12]],

[ 17, 65, 0,[ 30, 5, 96]],

[ 49, 35, 1,[ 84, 37, 41, 6, 71]],

[ 70, 95, 0,[ 83, 46, 50]],

[ 11, 35, 0,[ 1, 12, 80]],

[ 9, 65, 1,[ 8, 78, 94]],

[ 82, 65, 1,[ 30, 21, 1, 19]],

[ 41, 95, 1,[ 30, 49, 68, 22]],

[ 28, 35, 0,[ 73, 20, 65]],

[ 21, 85, 0,[ 46, 68, 82]],

[ 5, 95, 1,[ 17, 8, 83, 72, 90]],

[ 94, 5, 1,[ 26, 86, 72, 9]],

[ 19, 45, 1,[ 10, 35, 96, 82]],

[ 79, 45, 1,[ 77, 60, 71, 93, 16]],

[ 32, 95, 0,[ 12, 37, 62]],

[ 67, 75, 1,[ 10, 16, 35, 43, 54, 13, 97]],

[ 85, 55, 1,[ 24, 75, 4, 0]],

[ 81, 95, 0,[ 95, 89, 55, 91]],

[ 76, 25, 1,[ 93, 58, 15, 61, 0, 54, 31]],

[ 66, 95, 0,[ 99, 44, 6]],

[ 18, 25, 1,[ 38, 4, 10, 91, 26]],

[ 37, 15, 1,[ 36, 32, 49, 88, 31, 92]],

[ 6, 15, 1,[ 80, 65, 49, 38, 66, 34, 23]],

[ 88, 95, 1,[ 23, 37, 20]],

[ 27, 85, 0,[ 50, 20, 83]],

[ 68, 85, 0,[ 41, 42, 21]],

[ 13, 95, 1,[ 67, 51, 48]],

[ 55, 95, 0,[ 39, 81]],

[ 58, 45, 1,[ 14, 76, 24, 47]],

[ 22, 45, 0,[ 74, 41, 95]],

[ 42, 35, 1,[ 51, 46, 53, 60, 69, 68, 29]],

[ 51, 75, 1,[ 13, 25, 52, 64, 42, 56]],

[ 77, 65, 1,[ 46, 79, 16]],

[ 91, 65, 0,[ 74, 81, 18]],

[ 3, 85, 0,[ 44, 99, 57]],

[ 80, 65, 1,[ 6, 11, 89]],

[ 0, 65, 0,[ 43, 76, 85]],

[ 12, 95, 1,[ 32, 54, 96, 26, 11]],

[ 43, 35, 0,[ 73, 20, 67, 0, 57]],

[ 34, 65, 0,[ 6, 29]],

[ 93, 95, 0,[ 79, 76, 29]],

[ 44, 35, 1,[ 98, 3, 66]],

[ 95, 5, 1,[ 22, 8, 47, 33, 97, 52, 59, 81]],

[ 15, 45, 0,[ 76, 64, 99]],

[ 14, 85, 0,[ 16, 92, 58]],

[ 10, 65, 0,[ 18, 67, 19]],

[ 86, 65, 0,[ 94, 64, 83]],

[ 99, 55, 1,[ 3, 15, 66, 2, 47]],

[ 74, 35, 0,[ 65, 22, 91]],

[ 40, 65, 1,[ 2, 50, 48, 98]],

[ 38, 95, 0,[ 6, 18, 35]],

[ 78, 35, 1,[ 20, 9, 56, 57]],

[ 36, 95, 0,[ 75, 37, 84]],

[ 46, 45, 1,[ 77, 42, 21, 70]],

[ 73, 45, 1,[ 28, 2, 39, 43, 87]],

[ 89, 15, 0,[ 80, 56, 81]],

[ 33, 35, 0,[ 45, 95, 71, 24]],

[ 2, 95, 0,[ 40, 99, 73]],

[ 16, 95, 0,[ 79, 1, 77, 67, 14]],

[ 52, 15, 0,[ 53, 51, 95, 72]],

[ 25, 65, 1,[ 51, 45, 39, 61, 53]],

[ 96, 35, 1,[ 19, 12, 17]],

[ 71, 85, 1,[ 29, 49, 79, 33]],

[ 45, 95, 1,[ 25, 33]],

[ 84, 85, 1,[ 87, 36, 7, 49]],

[ 59, 95, 0,[ 69, 95, 65]],

[ 83, 15, 1,[ 5, 27, 86, 70]],

[ 35, 95, 0,[ 67, 38, 19]],

[ 39, 85, 1,[ 25, 55, 73]],

[ 48, 15, 0,[ 13, 40, 7]],

[ 90, 65, 0,[ 50, 5, 98]],

[ 92, 15, 1,[ 14, 37, 62, 69]],

[ 72, 85, 0,[ 5, 94, 52]],

[ 4, 95, 0,[ 85, 18, 65]],

[ 56, 85, 1,[ 78, 51, 89]],

[ 64, 35, 1,[ 51, 86, 61, 15]],

[ 7, 55, 1,[ 63, 48, 84, 87]],

[ 65, 85, 1,[ 6, 74, 47, 4, 59, 28]],

[ 1, 35, 0,[ 82, 11, 16]],

[ 98, 15, 1,[ 90, 40, 44]],

[ 69, 35, 1,[ 92, 59, 42, 20]],

