[ 56, 85, 0,[ 62, 24, 75]],

[ 57, 95, 0,[ 4, 30]],

[ 95, 5, 1,[ 46, 17, 91]],

[ 2, 95, 1,[ 79, 27, 16, 70]],

[ 37, 75, 1,[ 91, 55, 71, 5]],

[ 53, 15, 0,[ 66, 34, 25]],

[ 20, 55, 0,[ 93, 66]],

[ 90, 75, 0,[ 8, 77, 32]],

[ 13, 55, 1,[ 3, 61, 4, 44, 80]],

[ 66, 15, 0,[ 20, 53, 96]],

[ 73, 25, 1,[ 63, 35, 69, 26, 76]],

[ 29, 45, 0,[ 19, 99, 96]],

[ 28, 65, 0,[ 89, 62, 31]],

[ 32, 75, 0,[ 92, 90, 22, 65, 34]],

[ 60, 15, 1,[ 48, 84, 38, 43, 34]],

[ 61, 55, 0,[ 62, 30, 13]],

[ 46, 5, 0,[ 35, 11, 95]],

[ 80, 15, 1,[ 49, 13, 10, 38]],

[ 5, 55, 0,[ 52, 37]],

[ 82, 75, 1,[ 34, 54, 40]],

[ 55, 75, 1,[ 19, 37]],

[ 49, 95, 0,[ 80, 44, 81]],

[ 89, 65, 0,[ 41, 33, 72, 28, 67]],

[ 10, 75, 0,[ 31, 80, 38]],

[ 11, 45, 0,[ 79, 46, 68]],

[ 36, 75, 1,[ 79, 21, 92, 25]],

[ 91, 95, 1,[ 37, 77, 95]],

[ 6, 95, 1,[ 17, 52, 79, 47]],

[ 35, 95, 1,[ 46, 0, 73, 33]],

[ 42, 55, 0,[ 1, 63, 94]],

[ 83, 55, 1,[ 72, 93, 63]],

[ 81, 95, 1,[ 45, 98, 50, 49]],

[ 21, 85, 0,[ 70, 99, 36]],

[ 51, 95, 1,[ 74, 40, 75]],

[ 33, 65, 0,[ 88, 44, 35, 4, 89]],

[ 59, 55, 0,[ 63, 86]],

[ 58, 65, 0,[ 68, 24]],

[ 41, 75, 0,[ 93, 25, 97, 89, 92]],

[ 86, 55, 0,[ 59, 74, 39]],

[ 30, 95, 1,[ 57, 67, 16, 61]],

[ 45, 35, 1,[ 39, 81, 84, 75, 78]],

[ 48, 15, 1,[ 85, 68, 60, 9]],

[ 1, 55, 0,[ 84, 42, 76, 16, 24]],

[ 71, 35, 1,[ 94, 52, 37]],

[ 70, 65, 1,[ 12, 2, 21]],

[ 15, 55, 0,[ 54, 94, 87]],

[ 94, 55, 0,[ 71, 42, 15]],

[ 97, 5, 1,[ 12, 41, 88]],

[ 68, 15, 0,[ 48, 58, 11]],

[ 84, 15, 0,[ 60, 45, 1]],

[ 65, 15, 0,[ 32, 75, 12]],

[ 25, 5, 1,[ 41, 36, 22, 53]],

[ 64, 95, 0,[ 43, 78]],

[ 24, 65, 1,[ 1, 58, 56]],

[ 62, 85, 1,[ 28, 56, 38, 98, 61]],

[ 31, 65, 0,[ 28, 10]],

[ 22, 75, 1,[ 18, 25, 32]],

[ 85, 5, 1,[ 4, 77, 19, 48]],

[ 44, 75, 1,[ 49, 33, 13, 17]],

[ 96, 45, 1,[ 29, 88, 66, 12, 72]],

[ 7, 65, 0,[ 18, 54, 3, 67]],

[ 99, 85, 1,[ 14, 29, 21, 34]],

[ 17, 55, 1,[ 6, 95, 44]],

[ 27, 95, 0,[ 98, 2, 88]],

[ 23, 55, 1,[ 39, 9, 40]],

[ 4, 55, 1,[ 57, 85, 13, 33]],

[ 39, 55, 0,[ 23, 45, 86]],

[ 12, 15, 1,[ 96, 65, 97, 70]],

[ 3, 65, 0,[ 7, 13, 50]],

[ 19, 25, 1,[ 29, 85, 55]],

[ 47, 55, 0,[ 6, 88, 52]],

[ 18, 65, 0,[ 78, 7, 22]],

[ 72, 25, 1,[ 96, 83, 89]],

[ 9, 35, 1,[ 48, 75, 23]],

[ 54, 55, 0,[ 15, 82, 7]],

[ 79, 45, 1,[ 0, 69, 36, 2, 11, 74, 6]],

[ 74, 45, 0,[ 86, 51, 79]],

[ 40, 15, 1,[ 23, 51, 82]],

[ 8, 75, 0,[ 26, 78, 90]],

[ 67, 95, 1,[ 30, 7, 89]],

[ 50, 95, 0,[ 3, 81]],

[ 0, 45, 0,[ 26, 79, 35]],

[ 14, 5, 1,[ 76, 43, 99, 69]],

[ 77, 5, 1,[ 90, 85, 91]],

[ 87, 95, 0,[ 78, 43, 15]],

[ 38, 75, 1,[ 60, 62, 80, 10, 43]],

[ 76, 55, 0,[ 14, 1, 73]],

[ 26, 75, 0,[ 73, 0, 8]],

[ 78, 35, 1,[ 18, 8, 45, 87, 64]],

[ 34, 15, 1,[ 82, 53, 60, 32, 99]],

[ 93, 55, 0,[ 20, 41, 83]],

[ 43, 95, 1,[ 14, 38, 87, 60, 64]],

[ 16, 55, 0,[ 1, 2, 30]],

[ 88, 45, 0,[ 33, 97, 96, 47, 27]],

[ 98, 85, 0,[ 81, 27, 62]],

[ 52, 55, 1,[ 6, 71, 47, 5]],

[ 92, 75, 1,[ 41, 36, 32]],

[ 63, 55, 1,[ 42, 83, 73, 59]],

[ 69, 5, 0,[ 14, 73, 79]],

[ 75, 65, 1,[ 51, 65, 56, 9, 45]],

