[ 56, 15, 0,[ 25, 0, 88]],

[ 18, 15, 0,[ 3, 75, 9, 55]],

[ 27, 15, 0,[ 97, 38, 63]],

[ 10, 15, 0,[ 44, 5, 64, 84]],

[ 40, 15, 0,[ 97, 96, 26, 93, 4]],

[ 32, 15, 0,[ 84, 42, 46, 11]],

[ 33, 15, 0,[ 30, 25, 9]],

[ 72, 15, 1,[ 99, 62, 34, 0, 53]],

[ 76, 15, 0,[ 11, 22, 88, 75, 77]],

[ 43, 15, 1,[ 31, 87, 52, 98, 20]],

[ 9, 15, 0,[ 41, 66, 26, 18, 51, 16, 33]],

[ 79, 15, 0,[ 38, 28, 71, 46]],

[ 99, 15, 0,[ 44, 72, 86]],

[ 78, 15, 0,[ 20, 12, 75, 64]],

[ 29, 15, 0,[ 2, 12, 92]],

[ 49, 15, 0,[ 15, 96, 66]],

[ 6, 15, 0,[ 96, 3, 83, 30, 16]],

[ 75, 85, 1,[ 67, 80, 83, 78, 76, 55, 25, 87, 18, 45, 14]],

[ 34, 15, 0,[ 72, 50, 54]],

[ 12, 15, 0,[ 29, 85, 78]],

[ 98, 65, 0,[ 71, 51, 43]],

[ 71, 15, 0,[ 79, 98, 21]],

[ 96, 15, 0,[ 40, 88, 6, 49]],

[ 41, 15, 0,[ 93, 9, 60]],

[ 0, 15, 0,[ 56, 91, 72]],

[ 25, 15, 0,[ 75, 19, 56, 33]],

[ 95, 15, 0,[ 46, 58, 80]],

[ 82, 15, 0,[ 37, 97, 63]],

[ 31, 15, 0,[ 3, 89, 43, 55]],

[ 7, 15, 0,[ 13, 68, 64]],

[ 20, 15, 0,[ 78, 43]],

[ 59, 15, 0,[ 68, 85, 37]],

[ 23, 15, 0,[ 94, 67]],

[ 35, 15, 0,[ 54, 51, 50]],

[ 89, 15, 0,[ 13, 2, 31]],

[ 84, 15, 0,[ 10, 32, 24]],

[ 19, 15, 0,[ 24, 50, 25]],

[ 4, 15, 0,[ 40, 67, 73]],

[ 68, 15, 0,[ 59, 88, 11, 7]],

[ 2, 15, 0,[ 11, 89, 29]],

[ 26, 15, 0,[ 14, 9, 40]],

[ 53, 15, 0,[ 36, 70, 72]],

[ 74, 65, 0,[ 61, 51, 70]],

[ 5, 15, 0,[ 13, 47, 10]],

[ 45, 15, 0,[ 91, 66, 75, 65]],

[ 70, 15, 0,[ 97, 53, 74]],

[ 3, 15, 0,[ 18, 6, 31, 51]],

[ 97, 15, 1,[ 27, 70, 80, 50, 47, 82, 40, 92]],

[ 16, 15, 0,[ 9, 6, 22]],

[ 48, 15, 0,[ 85, 30, 42, 86, 65]],

[ 36, 15, 0,[ 88, 53, 63]],

[ 80, 15, 0,[ 75, 97, 95, 65]],

[ 15, 15, 0,[ 81, 77, 64, 49]],

[ 39, 15, 0,[ 88, 17, 47]],

[ 55, 15, 0,[ 31, 75, 18]],

[ 87, 15, 0,[ 1, 62, 75, 43]],

[ 13, 15, 0,[ 57, 5, 89, 51, 7, 90]],

[ 58, 15, 0,[ 22, 95, 83]],

[ 38, 65, 0,[ 27, 79, 51]],

[ 46, 15, 1,[ 95, 90, 54, 81, 60, 79, 32]],

[ 93, 15, 0,[ 41, 17, 11, 40]],

[ 90, 15, 0,[ 46, 28, 13]],

[ 28, 15, 0,[ 17, 90, 79, 11]],

[ 91, 15, 0,[ 45, 8, 0, 51]],

[ 14, 15, 0,[ 26, 75, 61, 8, 65]],

[ 62, 15, 0,[ 72, 87, 77]],

[ 37, 65, 0,[ 82, 59, 30]],

[ 11, 15, 1,[ 68, 28, 61, 2, 52, 76, 67, 93, 64, 32]],

[ 47, 15, 0,[ 57, 39, 97, 5]],

[ 73, 15, 0,[ 4, 94, 61]],

[ 65, 15, 0,[ 80, 48, 45, 14]],

[ 85, 15, 0,[ 59, 12, 48, 44]],

[ 83, 15, 0,[ 6, 75, 58]],

[ 61, 15, 0,[ 11, 14, 73, 74]],

[ 60, 15, 0,[ 46, 41, 21]],

[ 44, 15, 0,[ 99, 51, 10, 85]],

[ 30, 15, 1,[ 8, 48, 24, 37, 6, 50, 86, 33]],

[ 54, 15, 0,[ 46, 34, 35]],

[ 24, 65, 0,[ 84, 30, 51, 19]],

[ 77, 15, 0,[ 15, 62, 76]],

[ 69, 15, 0,[ 94, 88, 42]],

[ 94, 75, 1,[ 21, 1, 23, 69, 73]],

[ 50, 15, 0,[ 30, 19, 34, 35, 97]],

[ 63, 45, 0,[ 27, 82, 36]],

[ 66, 15, 0,[ 49, 9, 45]],

[ 42, 15, 0,[ 69, 32, 48]],

[ 81, 15, 0,[ 67, 15, 46]],

[ 86, 15, 0,[ 30, 99, 48]],

[ 64, 15, 0,[ 7, 78, 15, 11, 10]],

[ 92, 15, 0,[ 52, 97, 29]],

[ 8, 15, 0,[ 91, 14, 30]],

[ 88, 15, 1,[ 96, 36, 68, 39, 56, 76, 69]],

[ 57, 15, 0,[ 47, 1, 13]],

[ 67, 15, 0,[ 4, 23, 81, 11, 75]],

[ 17, 15, 0,[ 93, 39, 28]],

[ 1, 15, 0,[ 94, 87, 57]],

[ 22, 15, 0,[ 58, 16, 76]],

[ 51, 15, 1,[ 38, 98, 91, 21, 44, 35, 9, 13, 24, 74, 3]],

[ 52, 15, 0,[ 92, 43, 11]],

[ 21, 15, 0,[ 94, 51, 71, 60]],

[ 14, 25, 1,[ 95, 58, 70, 22, 78, 21, 65, 7]],

[ 16, 35, 0,[ 52, 96]],

[ 3, 35, 0,[ 63, 36]],

[ 80, 35, 0,[ 65, 15, 73]],

[ 21, 35, 0,[ 14, 59, 2]],

[ 62, 35, 0,[ 40]],

[ 15, 35, 0,[ 43, 8, 4, 81, 80]],

[ 34, 35, 1,[ 89, 48, 12, 26, 78]],

[ 17, 35, 0,[ 96, 84, 82]],

[ 99, 35, 0,[ 41, 23, 56]],

[ 19, 35, 0,[ 43, 94, 22]],

[ 18, 35, 0,[ 79, 88, 4]],

[ 30, 35, 1,[ 9, 79, 71, 85, 50, 94, 46, 66, 11]],

[ 77, 35, 0,[ 48, 63, 39]],

[ 29, 35, 0,[ 33, 55, 53]],

[ 46, 35, 0,[ 97, 59, 30]],

[ 38, 35, 0,[ 41, 65, 10]],

[ 13, 35, 0,[ 66, 70]],

[ 35, 35, 0,[ 27, 91, 33]],

[ 28, 85, 1,[ 57, 63, 47, 84, 95, 20, 74, 5, 56]],

[ 48, 35, 1,[ 37, 77, 32, 25, 63, 52, 60, 34]],

[ 24, 35, 0,[ 4, 94, 79, 41]],

[ 79, 35, 0,[ 18, 24, 30]],

[ 55, 35, 0,[ 29, 95, 67, 32]],

[ 47, 35, 0,[ 42, 53, 28]],

[ 52, 35, 0,[ 16, 48, 91, 51]],

[ 4, 35, 0,[ 5, 15, 18, 24]],

[ 59, 35, 0,[ 46, 21, 74]],

[ 54, 35, 0,[ 23, 26, 12]],

[ 88, 35, 0,[ 1, 5, 18, 60]],

[ 67, 35, 0,[ 41, 25, 55]],

[ 25, 35, 0,[ 37, 67, 76, 48]],

[ 71, 35, 0,[ 39, 83, 30, 64]],

[ 82, 35, 0,[ 17, 98]],

[ 85, 35, 0,[ 20, 40, 30, 73]],

[ 49, 45, 0,[ 9, 33, 31]],

[ 33, 35, 1,[ 49, 86, 42, 36, 35, 29, 0, 84]],

[ 89, 35, 0,[ 72, 34, 7]],

[ 92, 35, 0,[ 95]],

[ 50, 35, 0,[ 30, 51, 26, 1, 83]],

[ 32, 35, 0,[ 55, 48, 76]],

[ 51, 35, 0,[ 57, 50, 45, 52]],

[ 95, 35, 0,[ 92, 28, 55, 14]],

[ 74, 35, 0,[ 59, 10, 28]],

[ 45, 35, 0,[ 68, 51, 41]],

[ 5, 35, 0,[ 4, 28, 88]],

[ 73, 35, 1,[ 69, 76, 86, 85, 93, 80]],

[ 1, 35, 0,[ 50, 31, 88]],

[ 7, 35, 0,[ 96, 14, 89]],

[ 10, 35, 0,[ 74, 38, 69, 8]],

[ 43, 35, 0,[ 15, 57, 19]],

[ 6, 35, 0,[ 96, 72, 90, 0]],

[ 41, 5, 1,[ 27, 24, 67, 99, 45, 38, 91]],

[ 22, 35, 0,[ 14, 90, 64, 19]],

[ 36, 45, 0,[ 33, 3, 8]],

[ 12, 35, 0,[ 86, 54, 34]],

[ 68, 35, 0,[ 20, 27, 93, 45]],

[ 76, 35, 0,[ 73, 32, 25]],

[ 83, 35, 0,[ 50, 71, 53]],

[ 37, 35, 0,[ 48, 25, 87]],

[ 65, 35, 0,[ 38, 14, 80]],

[ 98, 35, 0,[ 40, 82, 96]],

[ 58, 35, 0,[ 72, 14]],

[ 56, 35, 0,[ 87, 44, 28, 99]],

[ 94, 35, 0,[ 31, 19, 24, 30]],

[ 66, 35, 0,[ 13, 87, 30, 60]],

[ 20, 35, 0,[ 85, 28, 68]],

[ 39, 35, 0,[ 77, 87, 71]],

[ 86, 35, 0,[ 42, 27, 33, 73, 12]],

[ 0, 35, 0,[ 61, 33, 6]],

[ 84, 35, 0,[ 33, 28, 17]],

[ 8, 35, 0,[ 10, 15, 36]],

[ 60, 35, 0,[ 66, 48, 88]],

[ 2, 35, 0,[ 11, 21, 75]],

[ 40, 35, 0,[ 98, 9, 62, 85]],

[ 72, 35, 0,[ 58, 89, 6]],

[ 57, 35, 0,[ 51, 28, 81, 43]],

[ 78, 35, 0,[ 97, 31, 34, 14]],

[ 70, 35, 0,[ 13, 14]],

[ 23, 35, 0,[ 54, 96, 99]],

[ 69, 35, 0,[ 10, 63, 73]],

[ 44, 35, 0,[ 11, 56, 75]],

[ 90, 35, 0,[ 22, 63, 6]],

[ 11, 35, 0,[ 2, 44, 30]],

[ 87, 35, 0,[ 39, 37, 56, 66]],

[ 53, 35, 0,[ 47, 29, 83]],

[ 97, 35, 0,[ 78, 46]],

[ 61, 35, 0,[ 64, 0, 93]],

[ 64, 35, 0,[ 61, 71, 22]],

[ 27, 35, 0,[ 41, 35, 86, 68]],

[ 75, 35, 0,[ 2, 81, 44]],

[ 91, 35, 0,[ 41, 52, 35]],

[ 96, 75, 1,[ 98, 17, 7, 6, 23, 16]],

[ 31, 75, 1,[ 26, 94, 1, 78, 49]],

[ 81, 35, 0,[ 15, 75, 57]],

[ 9, 35, 0,[ 30, 40, 49]],

[ 63, 35, 0,[ 3, 69, 28, 48, 77, 90]],

[ 26, 35, 0,[ 31, 50, 34, 54]],

[ 42, 35, 0,[ 86, 33, 47]],

[ 93, 35, 0,[ 73, 68, 61]],

