[ 5, 65, 0,[ 18, 94, 16, 63]],

[ 72, 25, 0,[ 71, 42, 73]],

[ 10, 35, 1,[ 15, 17, 83, 50, 60, 88]],

[ 21, 15, 0,[ 69, 63, 52]],

[ 92, 35, 1,[ 53, 79, 80]],

[ 88, 35, 0,[ 10, 84, 15]],

[ 80, 15, 1,[ 75, 92, 8]],

[ 37, 65, 0,[ 98, 13, 84]],

[ 2, 15, 0,[ 79, 40, 76]],

[ 51, 65, 1,[ 60, 1, 66, 98]],

[ 19, 85, 0,[ 39, 52, 54]],

[ 25, 65, 1,[ 78, 45, 6, 38, 41]],

[ 66, 35, 1,[ 22, 35, 51]],

[ 26, 85, 0,[ 99, 84, 14]],

[ 98, 55, 1,[ 90, 11, 51, 37, 0]],

[ 3, 15, 0,[ 9, 23, 15]],

[ 79, 5, 1,[ 47, 50, 2, 61, 92]],

[ 42, 25, 1,[ 59, 70, 72, 1, 90, 29]],

[ 62, 35, 0,[ 65, 97, 53]],

[ 94, 15, 0,[ 5, 54, 84]],

[ 35, 15, 1,[ 93, 66, 46]],

[ 24, 65, 1,[ 76, 39, 13]],

[ 54, 35, 1,[ 4, 19, 45, 68, 94, 12, 30]],

[ 69, 85, 1,[ 75, 41, 31, 84, 68, 1, 21]],

[ 87, 15, 0,[ 52, 90, 11, 67]],

[ 56, 85, 0,[ 95, 77, 50]],

[ 30, 45, 1,[ 54, 47]],

[ 0, 35, 0,[ 53, 77, 98]],

[ 15, 5, 1,[ 88, 3, 91, 10, 82]],

[ 52, 95, 1,[ 87, 21, 22, 59, 9, 27, 19]],

[ 78, 35, 0,[ 25, 48, 63, 7]],

[ 82, 5, 0,[ 53, 9, 15]],

[ 53, 75, 1,[ 92, 82, 62, 0, 11]],

[ 20, 15, 0,[ 96, 27, 99]],

[ 12, 15, 0,[ 63, 13, 54]],

[ 93, 45, 1,[ 27, 89, 35]],

[ 90, 15, 0,[ 42, 98, 87]],

[ 45, 35, 0,[ 54, 25]],

[ 46, 15, 1,[ 35, 73, 44, 63, 99]],

[ 40, 95, 1,[ 91, 33, 67, 2, 89]],

[ 43, 65, 0,[ 86, 17, 8]],

[ 70, 35, 1,[ 84, 42, 44]],

[ 55, 55, 0,[ 9, 4, 1]],

[ 31, 5, 0,[ 69, 49, 86]],

[ 14, 45, 1,[ 26, 96, 32, 64, 74]],

[ 34, 5, 1,[ 91, 7, 4]],

[ 77, 15, 0,[ 71, 0, 56]],

[ 13, 25, 1,[ 24, 33, 12, 37]],

[ 75, 15, 0,[ 69, 80, 67]],

[ 1, 15, 0,[ 51, 69, 55, 42]],

[ 76, 85, 1,[ 2, 38, 57, 24, 81]],

[ 83, 15, 1,[ 10, 71, 28]],

[ 61, 15, 0,[ 68, 4, 79]],

[ 91, 35, 1,[ 23, 40, 15, 34]],

[ 57, 85, 0,[ 18, 65, 76]],

[ 28, 15, 1,[ 99, 83, 73, 74]],

[ 63, 75, 1,[ 78, 12, 49, 46, 5, 21, 97]],

[ 44, 95, 1,[ 70, 46, 32, 97]],

[ 29, 5, 1,[ 71, 36, 42]],

[ 23, 45, 0,[ 91, 3, 85, 9]],

[ 8, 85, 1,[ 43, 80, 95, 6, 89, 97]],

[ 9, 55, 1,[ 52, 81, 82, 55, 23, 3]],

[ 49, 5, 0,[ 31, 63, 39]],

[ 85, 65, 1,[ 23, 96, 4]],

[ 17, 25, 1,[ 43, 48, 10]],

[ 7, 85, 1,[ 78, 34]],

[ 32, 15, 0,[ 44, 14, 36, 86]],

[ 73, 15, 1,[ 46, 28, 72]],

[ 58, 85, 0,[ 99, 18]],

[ 84, 75, 1,[ 70, 88, 37, 94, 26, 69]],

[ 65, 55, 1,[ 39, 41, 47, 57, 62]],

[ 4, 75, 1,[ 34, 61, 54, 55, 85, 64]],

[ 81, 15, 0,[ 76, 71, 9]],

[ 89, 15, 0,[ 8, 40, 93]],

[ 47, 55, 0,[ 65, 30, 79]],

[ 50, 35, 0,[ 10, 79, 56]],

[ 74, 15, 1,[ 28, 14, 36]],

[ 27, 15, 0,[ 36, 93, 20, 52]],

[ 6, 5, 0,[ 22, 25, 8]],

[ 68, 95, 0,[ 69, 54, 61]],

[ 11, 35, 1,[ 87, 53, 95, 98]],

[ 41, 15, 0,[ 69, 65, 25]],

[ 33, 15, 0,[ 36, 13, 40]],

[ 71, 75, 1,[ 83, 77, 29, 16, 96, 81, 72]],

[ 39, 15, 0,[ 24, 49, 19, 65]],

[ 95, 45, 1,[ 8, 11, 56]],

[ 99, 5, 1,[ 28, 18, 20, 48, 64, 58, 26, 46]],

[ 16, 35, 0,[ 5, 59, 71]],

[ 36, 55, 1,[ 27, 33, 29, 74, 32]],

[ 59, 35, 0,[ 42, 16, 52]],

[ 22, 15, 1,[ 52, 6, 66]],

[ 60, 15, 0,[ 10, 48, 51]],

[ 97, 35, 0,[ 8, 44, 63, 62]],

[ 64, 35, 0,[ 99, 14, 4]],

[ 67, 15, 0,[ 87, 40, 75]],

[ 96, 15, 0,[ 85, 14, 20, 71]],

[ 48, 95, 1,[ 38, 78, 60, 17, 99]],

[ 86, 5, 1,[ 32, 43, 31]],

[ 18, 95, 1,[ 5, 99, 58, 57]],

[ 38, 15, 0,[ 76, 48, 25]],

