[ 18, 25, 0,[ 74, 33, 50]],

[ 25, 55, 0,[ 34, 96, 5, 21]],

[ 5, 25, 0,[ 25, 30, 49]],

[ 54, 85, 1,[ 62, 88, 95, 28, 93, 56, 83, 9, 37]],

[ 42, 25, 0,[ 51, 35, 26]],

[ 69, 95, 0,[ 94, 43, 51]],

[ 14, 95, 0,[ 72, 95, 0, 11]],

[ 82, 25, 0,[ 26, 19, 53]],

[ 40, 5, 0,[ 85, 21, 94]],

[ 21, 25, 0,[ 40, 50, 25]],

[ 52, 95, 0,[ 26, 93, 43]],

[ 92, 35, 0,[ 28, 4, 59]],

[ 26, 25, 1,[ 98, 12, 44, 57, 82, 77, 50, 30, 42, 52, 49, 78, 1, 33]],

[ 63, 35, 0,[ 85, 84, 51]],

[ 87, 95, 0,[ 78, 51, 41]],

[ 85, 35, 1,[ 98, 40, 32, 97, 90, 80, 89, 15, 76, 84, 51, 63, 31, 20, 10, 65, 48, 59]],

[ 75, 55, 0,[ 51, 94, 99, 12]],

[ 57, 35, 0,[ 26, 38, 84, 72]],

[ 81, 35, 0,[ 80, 91, 36]],

[ 27, 35, 0,[ 94, 72, 15]],

[ 24, 95, 0,[ 0, 68, 76]],

[ 53, 65, 1,[ 96, 78, 29, 97, 35, 36, 82, 45, 55, 39]],

[ 2, 95, 0,[ 64, 41, 37, 0]],

[ 36, 65, 0,[ 81, 53]],

[ 88, 5, 0,[ 94, 54, 12]],

[ 86, 5, 0,[ 74, 94, 32]],

[ 15, 35, 0,[ 27, 44, 85]],

[ 65, 35, 0,[ 85, 22, 44]],

[ 98, 35, 0,[ 26, 85, 45, 28]],

[ 67, 35, 0,[ 59, 0, 66, 90]],

[ 11, 95, 0,[ 14]],

[ 7, 35, 0,[ 79, 78, 19]],

[ 94, 5, 1,[ 3, 60, 27, 75, 31, 91, 88, 86, 40, 17, 62, 69]],

[ 9, 85, 0,[ 39, 54, 47]],

[ 51, 95, 1,[ 69, 63, 87, 42, 70, 85, 75]],

[ 58, 95, 0,[ 0, 20]],

[ 97, 35, 0,[ 61, 85, 53]],

[ 56, 35, 0,[ 8, 76, 54]],

[ 35, 35, 0,[ 42, 53, 72, 60]],

[ 13, 55, 0,[ 55, 76, 0]],

[ 71, 35, 0,[ 89]],

[ 0, 95, 1,[ 48, 80, 14, 13, 55, 67, 49, 24, 23, 41, 58, 73, 2]],

[ 90, 35, 0,[ 67, 4, 85]],

[ 77, 95, 0,[ 3, 16, 41, 26]],

[ 47, 85, 0,[ 70, 9, 6]],

[ 83, 95, 0,[ 64, 3, 54]],

[ 95, 85, 0,[ 14, 54, 17]],

[ 17, 85, 0,[ 94, 73, 95]],

[ 60, 35, 0,[ 38, 94, 35]],

[ 4, 35, 0,[ 92, 72, 90]],

[ 32, 35, 0,[ 79, 86, 68, 29, 85]],

[ 74, 25, 0,[ 86, 18, 44]],

[ 22, 35, 0,[ 65]],

[ 59, 35, 0,[ 92, 67, 85]],

[ 31, 35, 0,[ 94, 23, 46, 85]],

[ 62, 85, 0,[ 73, 54, 94]],

[ 96, 55, 0,[ 16, 25, 53]],

[ 89, 35, 0,[ 71, 19, 85, 34, 29]],

[ 43, 95, 0,[ 69, 52, 70]],

[ 39, 85, 0,[ 9, 53, 10, 46]],

[ 48, 35, 0,[ 19, 0, 85]],

[ 61, 35, 0,[ 20, 78, 97]],

[ 8, 55, 0,[ 91, 56, 16, 99]],

[ 70, 95, 0,[ 64, 47, 43, 51]],

[ 33, 25, 0,[ 18, 80, 26]],

[ 23, 35, 0,[ 1, 31, 0]],

[ 41, 95, 0,[ 87, 2, 77, 46, 0]],

[ 38, 35, 0,[ 34, 60, 57]],

[ 72, 35, 0,[ 4, 57, 27, 14, 35]],

[ 30, 25, 0,[ 26, 5, 46]],

[ 28, 35, 0,[ 54, 92, 98]],

[ 20, 35, 0,[ 61, 85, 58]],

[ 64, 95, 0,[ 83, 70, 2]],

[ 44, 35, 0,[ 15, 26, 65, 74]],

[ 10, 35, 0,[ 85, 1, 39, 99]],

[ 55, 55, 1,[ 13, 0, 53]],

[ 34, 35, 0,[ 89, 25, 38]],

[ 19, 35, 0,[ 50, 7, 89, 82, 48, 37]],

[ 84, 35, 0,[ 63, 76, 85, 57]],

[ 6, 85, 0,[ 45, 47, 91, 46]],

[ 91, 5, 0,[ 8, 94, 81, 6]],

[ 29, 35, 0,[ 53, 89, 32]],

[ 1, 35, 0,[ 10, 23, 26]],

[ 93, 95, 0,[ 54, 68, 52]],

[ 12, 55, 1,[ 26, 75, 88]],

[ 68, 95, 0,[ 93, 32, 24]],

[ 66, 35, 0,[ 46, 78, 67]],

[ 46, 85, 1,[ 66, 30, 6, 41, 39, 79, 31]],

[ 78, 35, 0,[ 7, 66, 87, 26, 53, 61]],

[ 99, 55, 0,[ 10, 8, 75]],

[ 80, 35, 0,[ 85, 0, 33, 81]],

[ 49, 25, 0,[ 26, 5, 0]],

[ 3, 95, 0,[ 83, 77, 94]],

[ 37, 95, 0,[ 19, 2, 54]],

[ 76, 35, 0,[ 13, 84, 56, 85, 24]],

[ 50, 25, 0,[ 26, 19, 21, 18]],

[ 73, 85, 0,[ 17, 0, 62]],

[ 79, 35, 0,[ 32, 46, 7]],

[ 16, 55, 0,[ 77, 8, 96]],

[ 45, 35, 0,[ 53, 98, 6]],

