[ 67, 5, 1,[ 87, 52, 6, 99, 7, 82]],

[ 31, 75, 1,[ 81, 34, 47]],

[ 47, 85, 1,[ 26, 31, 53]],

[ 16, 65, 1,[ 83, 20]],

[ 81, 25, 1,[ 82, 11, 15, 19, 31]],

[ 30, 55, 0,[ 25, 84, 96]],

[ 45, 15, 1,[ 94, 2, 28]],

[ 53, 75, 1,[ 37, 21, 47, 54]],

[ 76, 85, 0,[ 13, 46, 78]],

[ 44, 65, 0,[ 40, 23, 5]],

[ 92, 85, 0,[ 14, 20, 66]],

[ 86, 75, 0,[ 99, 34, 70]],

[ 98, 65, 0,[ 70, 55, 39]],

[ 85, 95, 1,[ 9, 84, 37, 64, 89]],

[ 14, 85, 1,[ 12, 92, 11, 24]],

[ 35, 75, 1,[ 49, 11, 91, 84, 90]],

[ 23, 55, 1,[ 71, 44, 37, 83, 97]],

[ 57, 35, 1,[ 96, 75, 56, 78]],

[ 79, 25, 0,[ 22, 74, 66]],

[ 2, 15, 0,[ 70, 6, 45]],

[ 18, 15, 0,[ 5, 63, 29]],

[ 83, 85, 1,[ 23, 16, 46, 64]],

[ 21, 35, 1,[ 53, 77, 32, 71]],

[ 91, 75, 0,[ 35, 99, 27]],

[ 50, 15, 1,[ 33, 46, 12]],

[ 29, 65, 1,[ 65, 3, 18]],

[ 87, 5, 1,[ 67, 90, 78]],

[ 28, 65, 1,[ 54, 89, 45, 55]],

[ 38, 25, 0,[ 36, 27, 59]],

[ 63, 15, 1,[ 18, 78, 17]],

[ 15, 65, 0,[ 81, 58, 49]],

[ 41, 25, 0,[ 27, 19, 43, 5]],

[ 5, 45, 1,[ 82, 75, 18, 41, 94, 11, 52, 44]],

[ 7, 45, 1,[ 17, 60, 67]],

[ 34, 15, 0,[ 86, 20, 94, 33, 66, 61, 31]],

[ 60, 65, 0,[ 3, 7, 72]],

[ 49, 55, 1,[ 26, 35, 56, 15]],

[ 20, 35, 1,[ 92, 34, 4, 16]],

[ 93, 75, 0,[ 54, 71]],

[ 69, 65, 0,[ 40, 80, 59]],

[ 12, 15, 1,[ 50, 14, 73]],

[ 64, 95, 0,[ 4, 83, 85]],

[ 51, 65, 0,[ 3, 62, 73, 25]],

[ 66, 25, 1,[ 34, 92, 88, 79, 70]],

[ 10, 35, 1,[ 13, 40, 42, 4]],

[ 3, 65, 1,[ 17, 58, 29, 51, 60]],

[ 46, 85, 1,[ 0, 83, 50, 76, 72]],

[ 8, 15, 0,[ 4, 71]],

[ 99, 75, 0,[ 86, 67, 91, 26]],

[ 54, 75, 1,[ 28, 53, 93]],

[ 52, 5, 0,[ 95, 5, 67]],

[ 68, 55, 0,[ 65, 62, 77]],

[ 80, 65, 1,[ 24, 42, 69]],

[ 37, 75, 0,[ 23, 85, 53]],

[ 88, 25, 0,[ 74, 66, 32]],

[ 70, 65, 1,[ 66, 2, 86, 98, 73, 90]],

[ 4, 15, 1,[ 64, 10, 8, 20]],

[ 89, 65, 1,[ 85, 95, 28]],

[ 26, 75, 0,[ 49, 47, 99]],

[ 58, 65, 1,[ 3, 15, 33]],

[ 13, 35, 0,[ 76, 48, 10]],

[ 94, 15, 0,[ 34, 5, 45]],

[ 55, 15, 1,[ 95, 28, 98]],

[ 48, 5, 1,[ 36, 24, 40, 13]],

[ 96, 35, 0,[ 39, 30, 57]],

[ 40, 65, 0,[ 69, 48, 10, 44]],

[ 32, 65, 1,[ 88, 21, 11, 39]],

[ 65, 55, 1,[ 72, 1, 29, 68]],

[ 77, 75, 0,[ 21, 68, 39, 9, 59, 6]],

[ 61, 5, 1,[ 17, 95, 34]],

[ 71, 35, 1,[ 93, 8, 21, 23]],

[ 0, 25, 0,[ 59, 46, 78]],

[ 56, 55, 0,[ 39, 57, 49]],

[ 1, 55, 0,[ 62, 97, 65]],

[ 84, 55, 1,[ 30, 35, 36, 85]],

[ 11, 55, 1,[ 81, 43, 5, 14, 32, 35]],

[ 33, 15, 0,[ 50, 58, 34]],

[ 39, 75, 1,[ 56, 32, 77, 96, 98, 59, 22]],

[ 43, 55, 0,[ 41, 25, 11]],

[ 73, 45, 1,[ 70, 12, 51]],

[ 42, 55, 1,[ 10, 19, 80]],

[ 72, 55, 1,[ 60, 46, 65]],

[ 36, 55, 0,[ 48, 38, 84]],

[ 82, 5, 0,[ 81, 5, 67]],

[ 95, 5, 0,[ 61, 89, 55, 52]],

[ 6, 75, 0,[ 67, 77, 2]],

[ 17, 75, 1,[ 7, 3, 61, 63]],

[ 74, 25, 0,[ 88, 79]],

[ 75, 35, 0,[ 97, 57, 5]],

[ 22, 25, 0,[ 39, 79]],

[ 24, 5, 0,[ 14, 48, 80]],

[ 25, 55, 0,[ 51, 43, 30]],

[ 97, 25, 1,[ 1, 23, 75]],

[ 62, 65, 0,[ 68, 51, 1]],

[ 9, 75, 0,[ 77, 85]],

[ 19, 25, 0,[ 42, 81, 41]],

[ 78, 65, 1,[ 76, 63, 57, 0, 87]],

[ 59, 25, 1,[ 38, 77, 69, 0, 39]],

[ 27, 25, 0,[ 41, 38, 91]],

[ 90, 65, 0,[ 87, 70, 35]],

