[ 84, 45, 0,[ 8, 22, 91, 23]],

[ 15, 45, 0,[ 23, 98, 27]],

[ 94, 95, 0,[ 4, 73]],

[ 79, 55, 0,[]],

[ 71, 45, 0,[]],

[ 99, 55, 0,[]],

[ 66, 45, 0,[ 89, 56, 67]],

[ 70, 45, 0,[ 33]],

[ 19, 55, 0,[]],

[ 0, 85, 0,[ 56, 7, 81]],

[ 93, 45, 0,[]],

[ 47, 45, 0,[ 76, 36, 24]],

[ 33, 45, 0,[ 16, 32, 70, 8]],

[ 21, 75, 0,[ 22, 56, 16]],

[ 54, 55, 0,[ 63]],

[ 55, 55, 0,[]],

[ 91, 95, 1,[ 9, 49, 4, 17, 25, 86, 84, 27, 7]],

[ 86, 55, 0,[ 91, 46, 38]],

[ 16, 75, 1,[ 85, 18, 57, 17, 30, 5, 21, 33, 25]],

[ 56, 15, 1,[ 65, 21, 36, 0, 69, 9, 4, 66, 23, 58, 64]],

[ 34, 55, 0,[]],

[ 42, 5, 1,[ 63, 5, 95, 96]],

[ 95, 5, 0,[ 73, 42]],

[ 41, 45, 0,[]],

[ 67, 95, 0,[ 5, 66, 39]],

[ 96, 5, 0,[ 88, 36, 42]],

[ 68, 45, 0,[]],

[ 77, 95, 0,[ 73, 39, 29]],

[ 59, 45, 0,[ 36, 81, 8]],

[ 9, 15, 0,[ 91, 37, 56]],

[ 28, 45, 0,[]],

[ 43, 55, 0,[]],

[ 98, 45, 0,[ 15, 32, 83]],

[ 58, 15, 0,[ 56]],

[ 80, 55, 0,[]],

[ 29, 95, 0,[ 77, 85, 83, 26]],

[ 11, 45, 0,[]],

[ 73, 95, 0,[ 94, 30, 77, 95, 5]],

[ 48, 55, 0,[]],

[ 74, 85, 0,[]],

[ 52, 95, 0,[]],

[ 26, 95, 0,[ 29, 88]],

[ 13, 45, 0,[]],

[ 60, 55, 0,[]],

[ 24, 55, 1,[ 83, 17, 47]],

[ 46, 55, 0,[ 86, 81, 5]],

[ 35, 45, 0,[]],

[ 17, 95, 0,[ 24, 91, 16]],

[ 1, 45, 0,[]],

[ 57, 45, 0,[ 16, 23, 87]],

[ 76, 85, 0,[ 47, 81, 83]],

[ 40, 85, 0,[ 81]],

[ 36, 45, 1,[ 59, 87, 56, 96, 85, 47]],

[ 63, 55, 0,[ 44, 82, 75, 54, 42, 38]],

[ 37, 45, 0,[ 89, 32, 9]],

[ 61, 85, 0,[ 88, 7]],

[ 78, 15, 0,[]],

[ 27, 95, 0,[ 15, 88, 91, 49]],

[ 64, 15, 0,[ 75, 56]],

[ 75, 55, 0,[ 30, 63, 64]],

[ 50, 95, 0,[]],

[ 22, 75, 0,[ 84, 65, 21]],

[ 23, 45, 0,[ 57, 56, 84, 15]],

[ 88, 95, 0,[ 61, 96, 26, 62, 27]],

[ 32, 45, 0,[ 37, 33, 98]],

[ 44, 55, 0,[ 89, 63]],

[ 97, 45, 0,[]],

[ 8, 45, 0,[ 33, 84, 59]],

[ 10, 55, 0,[]],

[ 92, 55, 0,[]],

[ 89, 45, 1,[ 37, 44, 66]],

[ 72, 45, 0,[]],

[ 20, 85, 0,[]],

[ 85, 95, 0,[ 49, 29, 16, 69, 36]],

[ 7, 85, 0,[ 61, 83, 91, 0]],

[ 12, 15, 0,[]],

[ 87, 45, 1,[ 36, 57]],

[ 82, 55, 0,[ 63]],

[ 25, 75, 0,[ 16, 91]],

[ 51, 15, 0,[]],

[ 69, 95, 0,[ 85, 56]],

[ 30, 95, 0,[ 73, 16, 75]],

[ 81, 85, 0,[ 59, 0, 76, 46, 40]],

[ 2, 5, 0,[]],

[ 3, 85, 0,[]],

[ 18, 95, 0,[ 16, 39]],

[ 65, 15, 0,[ 56, 5, 22]],

[ 4, 95, 0,[ 94, 91, 56]],

[ 38, 55, 0,[ 63, 86]],

[ 14, 55, 0,[]],

[ 83, 85, 1,[ 29, 24, 76, 98, 7]],

[ 53, 55, 0,[]],

[ 5, 55, 1,[ 73, 67, 46, 65, 42, 16]],

[ 39, 95, 0,[ 77, 18, 67]],

[ 62, 95, 0,[ 88]],

[ 31, 95, 0,[]],

[ 90, 55, 0,[]],

[ 45, 5, 0,[]],

[ 6, 15, 0,[]],

[ 49, 95, 0,[ 85, 91, 27]],

