[ 44, 55, 0,[ 63, 5, 15]],

[ 48, 55, 1,[ 49, 43, 83, 18]],

[ 58, 55, 0,[ 81, 27, 51, 59]],

[ 60, 55, 0,[ 81, 75, 59]],

[ 67, 25, 1,[ 24, 35, 29, 17, 18, 77, 89]],

[ 3, 55, 0,[ 51, 50, 45]],

[ 73, 55, 0,[ 79, 26, 63]],

[ 80, 55, 0,[ 86, 38, 65, 76, 4]],

[ 20, 5, 1,[ 77, 53, 0, 12, 11, 34]],

[ 4, 55, 0,[ 36, 80, 9]],

[ 9, 55, 0,[ 85, 47, 4]],

[ 53, 55, 0,[ 24, 20, 32]],

[ 32, 55, 0,[ 53, 39, 35]],

[ 69, 55, 0,[ 72, 26, 13]],

[ 81, 25, 1,[ 60, 33, 58, 64, 49, 61]],

[ 54, 55, 0,[ 41, 87, 24]],

[ 33, 55, 0,[ 68, 25, 81]],

[ 56, 55, 0,[ 16, 1, 17, 11]],

[ 47, 55, 0,[ 51, 40, 9, 22]],

[ 24, 75, 1,[ 66, 43, 67, 31, 54, 88, 75, 1, 25, 53]],

[ 39, 55, 0,[ 0, 23, 32]],

[ 30, 55, 0,[ 83, 29, 89]],

[ 95, 55, 0,[ 94, 35]],

[ 83, 55, 0,[ 51, 30, 72, 48]],

[ 0, 55, 0,[ 61, 20, 36, 39]],

[ 38, 55, 0,[ 70, 8, 80]],

[ 37, 55, 0,[ 35, 28, 34, 85]],

[ 88, 55, 0,[ 49, 24, 18]],

[ 78, 55, 0,[ 87, 97, 75]],

[ 11, 55, 0,[ 93, 56, 84, 20]],

[ 46, 55, 0,[ 87, 10, 51, 14, 91]],

[ 92, 55, 0,[ 72, 6, 55]],

[ 55, 55, 0,[ 49, 92, 8, 1, 65]],

[ 96, 55, 0,[ 23, 79, 1]],

[ 52, 55, 0,[ 84, 82, 51]],

[ 23, 55, 0,[ 96, 6, 39, 63, 5]],

[ 64, 55, 0,[ 10, 81]],

[ 26, 55, 0,[ 50, 69, 73]],

[ 6, 55, 0,[ 7, 23, 72, 92, 82]],

[ 5, 55, 0,[ 44, 23, 85, 42]],

[ 13, 55, 0,[ 59, 71, 69]],

[ 14, 55, 0,[ 68, 46, 85]],

[ 31, 55, 0,[ 24, 91, 94]],

[ 86, 55, 0,[ 63, 1, 80]],

[ 82, 55, 0,[ 6, 52, 94]],

[ 75, 55, 0,[ 24, 59, 16, 60, 78]],

[ 94, 25, 1,[ 99, 51, 31, 95, 82, 65, 74]],

[ 19, 55, 0,[ 7, 97]],

[ 99, 55, 0,[ 51, 94, 71]],

[ 71, 55, 0,[ 13, 70, 42, 99]],

[ 66, 55, 0,[ 41, 24]],

[ 90, 55, 0,[ 25, 43, 62]],

[ 45, 55, 0,[ 3, 51, 43]],

[ 12, 55, 0,[ 62, 98, 20]],

[ 16, 55, 0,[ 56, 75, 10]],

[ 79, 55, 0,[ 96, 98, 73]],

[ 18, 55, 0,[ 88, 48, 67]],

[ 98, 55, 0,[ 22, 12, 28, 79]],

[ 7, 55, 0,[ 21, 27, 6, 19]],

[ 74, 55, 0,[ 94, 28, 25]],

[ 43, 55, 0,[ 45, 90, 24, 50, 48]],

[ 25, 55, 0,[ 90, 74, 33, 24]],

[ 29, 55, 0,[ 67, 30, 91, 63]],

[ 68, 55, 0,[ 33, 14, 57]],

[ 65, 55, 0,[ 94, 55, 80]],

[ 72, 55, 0,[ 70, 92, 6, 69, 83]],

[ 1, 55, 0,[ 24, 96, 56, 86, 55]],

[ 42, 55, 0,[ 71, 5, 76, 2]],

[ 10, 55, 0,[ 51, 64, 16, 46]],

[ 36, 55, 0,[ 0, 35, 4]],

[ 51, 95, 1,[ 77, 83, 58, 3, 94, 99, 47, 45, 91, 10, 46, 52]],

[ 62, 55, 0,[ 90, 12, 22]],

[ 15, 55, 0,[ 49, 28, 44]],

[ 17, 55, 0,[ 41, 67, 56, 2]],

[ 85, 55, 0,[ 14, 37, 5, 9]],

[ 87, 55, 0,[ 89, 78, 54, 46]],

[ 35, 55, 0,[ 32, 67, 95, 36, 37]],

[ 59, 55, 0,[ 60, 58, 75, 13]],

[ 63, 95, 1,[ 86, 44, 23, 73, 29, 22]],

[ 41, 55, 1,[ 54, 66, 17]],

[ 21, 55, 0,[ 84, 7, 89]],

[ 77, 55, 0,[ 51, 20, 67]],

[ 57, 55, 0,[ 93, 76, 68]],

[ 70, 55, 0,[ 71, 72, 38]],

[ 76, 55, 0,[ 57, 42, 80]],

[ 8, 55, 0,[ 55, 84, 38]],

[ 97, 55, 0,[ 61, 19, 2, 78]],

[ 49, 55, 0,[ 15, 48, 81, 88, 55]],

[ 40, 55, 0,[ 91, 84, 47]],

[ 27, 55, 0,[ 58, 7]],

[ 2, 55, 0,[ 97, 42, 17]],

[ 89, 55, 0,[ 30, 21, 87, 67]],

[ 61, 55, 0,[ 81, 0, 91, 97]],

[ 28, 55, 0,[ 74, 15, 37, 98]],

[ 84, 55, 0,[ 40, 21, 52, 8, 11]],

[ 34, 55, 0,[ 20, 91, 37]],

[ 22, 55, 0,[ 47, 63, 98, 62]],

[ 93, 55, 0,[ 57, 11]],

[ 91, 45, 1,[ 40, 34, 29, 61, 31, 51, 46]],

[ 50, 55, 0,[ 43, 26, 3]],

