[ 76, 15, 0,[ 43, 44, 53]],

[ 61, 95, 1,[ 71, 68, 39, 60]],

[ 46, 55, 0,[ 6, 13, 37, 44]],

[ 22, 55, 0,[ 19, 7, 80]],

[ 72, 25, 1,[ 31, 16, 2, 32, 8, 57, 58, 99, 24, 88]],

[ 90, 55, 0,[ 65, 66, 35]],

[ 71, 55, 0,[ 61, 79, 27]],

[ 89, 85, 0,[ 4, 39, 19]],

[ 17, 55, 0,[ 48, 11, 92]],

[ 62, 55, 0,[ 10, 92, 60, 3]],

[ 41, 15, 0,[ 7, 32, 68]],

[ 18, 55, 0,[ 73, 34, 69]],

[ 87, 55, 0,[ 43, 16, 12]],

[ 58, 55, 0,[ 19, 72, 67, 23]],

[ 73, 55, 0,[ 54, 80, 27, 18]],

[ 75, 55, 0,[ 26, 27, 12]],

[ 37, 55, 1,[ 85, 29, 59, 88, 3, 28, 52, 46]],

[ 42, 55, 0,[ 49, 92, 51]],

[ 93, 15, 0,[ 32, 5, 60]],

[ 65, 55, 0,[ 82, 90, 56, 36]],

[ 21, 55, 0,[ 40, 27, 66]],

[ 69, 55, 0,[ 18, 97, 49]],

[ 55, 15, 0,[ 7, 33, 68]],

[ 6, 55, 0,[ 2, 3, 46, 14]],

[ 14, 55, 0,[ 40, 6, 16]],

[ 51, 55, 0,[ 42, 97, 91, 9]],

[ 84, 55, 0,[ 35, 52, 95, 94, 57]],

[ 1, 85, 0,[ 5, 63, 50]],

[ 53, 15, 0,[ 15, 76, 27, 68]],

[ 59, 55, 0,[ 8, 35, 37]],

[ 29, 55, 0,[ 2, 36, 37, 15, 57]],

[ 97, 55, 0,[ 51, 69, 26]],

[ 81, 55, 0,[ 56, 13, 23, 20]],

[ 88, 55, 0,[ 91, 43, 72, 37, 64]],

[ 32, 15, 0,[ 93, 44, 25, 41, 72]],

[ 26, 55, 0,[ 75, 97, 96]],

[ 5, 15, 0,[ 23, 1, 93]],

[ 95, 15, 1,[ 34, 78, 84, 40]],

[ 50, 85, 0,[ 27, 1, 86]],

[ 44, 15, 0,[ 46, 76, 32]],

[ 49, 35, 1,[ 99, 82, 69, 33, 7, 42, 83, 3]],

[ 96, 95, 1,[ 30, 60, 91, 94, 26]],

[ 15, 85, 0,[ 29, 27, 53]],

[ 11, 55, 0,[ 17, 99, 47, 45]],

[ 4, 85, 0,[ 89, 28, 67, 27, 38]],

[ 56, 55, 0,[ 78, 65, 54, 81]],

[ 30, 85, 0,[ 39, 27, 96]],

[ 47, 85, 0,[ 27, 11]],

[ 23, 55, 0,[ 81, 58, 5]],

[ 8, 55, 0,[ 72, 59, 27]],

[ 57, 55, 0,[ 72, 29, 84]],

[ 39, 85, 0,[ 30, 61, 89]],

[ 94, 55, 0,[ 84, 10, 13, 96]],

[ 48, 95, 0,[ 17, 63, 43]],

[ 86, 85, 0,[ 80, 50]],

[ 82, 35, 0,[ 83, 49, 65]],

[ 78, 55, 0,[ 56, 9, 95]],

[ 7, 15, 0,[ 22, 49, 41, 55, 28]],

[ 16, 55, 0,[ 72, 0, 27, 14, 13, 70, 87]],

[ 66, 55, 0,[ 20, 68, 21, 90]],

[ 99, 55, 0,[ 85, 72, 49, 11]],

[ 9, 55, 0,[ 70, 78, 31, 51]],

[ 10, 55, 0,[ 83, 94, 62]],

[ 70, 55, 0,[ 16, 9, 85]],

[ 85, 55, 0,[ 99, 37, 70]],

[ 3, 55, 0,[ 62, 37, 6, 49]],

[ 74, 55, 0,[ 54, 19, 27]],

[ 36, 55, 0,[ 65, 77, 29, 54]],

[ 33, 85, 0,[ 49, 83, 27, 38, 55]],

[ 60, 45, 1,[ 62, 96, 93, 98, 61, 77]],

[ 79, 55, 0,[ 64, 71, 19]],

[ 31, 25, 0,[ 72, 43, 9]],

[ 83, 35, 0,[ 10, 82, 98, 33, 49]],

[ 67, 85, 0,[ 27, 58, 4]],

[ 38, 85, 0,[ 4, 80, 33]],

[ 13, 55, 0,[ 46, 81, 16, 94]],

[ 0, 55, 0,[ 16, 63, 68]],

[ 20, 55, 0,[ 81, 66, 43]],

[ 40, 55, 0,[ 21, 95, 14]],

[ 12, 55, 0,[ 25, 75, 52, 87]],

[ 2, 55, 0,[ 72, 29, 6]],

[ 24, 55, 0,[ 64, 35, 72]],

[ 27, 85, 1,[ 15, 16, 74, 21, 50, 25, 47, 73, 75, 30, 4, 67, 8, 71, 33, 53, 63]],

[ 45, 55, 0,[ 11]],

[ 68, 15, 1,[ 0, 66, 41, 53, 55, 61]],

[ 28, 15, 0,[ 4, 37, 7]],

[ 64, 55, 0,[ 24, 98, 79, 88, 54]],

[ 91, 55, 0,[ 88, 96, 51]],

[ 19, 55, 0,[ 22, 79, 89, 77, 74, 58]],

[ 98, 45, 0,[ 64, 60, 83]],

[ 54, 55, 0,[ 64, 36, 74, 73, 56]],

[ 25, 55, 0,[ 12, 32, 27]],

[ 92, 55, 0,[ 62, 17, 42]],

[ 77, 55, 0,[ 36, 19, 60]],

[ 80, 55, 0,[ 73, 86, 22, 38]],

[ 34, 55, 0,[ 95, 18, 35]],

[ 52, 55, 0,[ 37, 12, 84]],

[ 43, 95, 1,[ 88, 31, 48, 76, 20, 87]],

[ 63, 85, 0,[ 0, 1, 27, 48]],

[ 35, 55, 0,[ 34, 59, 24, 84, 90]],

