[ 96, 65, 0,[ 36, 13, 33]],

[ 62, 25, 1,[ 15, 29, 21, 91]],

[ 48, 95, 0,[ 71, 93]],

[ 36, 5, 1,[ 0, 96, 35]],

[ 37, 15, 0,[ 80, 46, 15]],

[ 82, 95, 1,[ 35, 99, 41, 46]],

[ 85, 85, 0,[ 10, 11, 76]],

[ 65, 65, 1,[ 78, 88, 50]],

[ 72, 45, 1,[ 22, 81, 43, 68, 71, 8]],

[ 42, 5, 1,[ 55, 79, 61, 76, 38, 68]],

[ 60, 95, 0,[ 77, 13, 7]],

[ 29, 95, 0,[ 71, 62, 93]],

[ 41, 5, 0,[ 82, 45, 11]],

[ 54, 55, 1,[ 21, 70, 63]],

[ 64, 55, 0,[ 11, 51, 80]],

[ 56, 95, 1,[ 58, 88, 79, 11]],

[ 79, 25, 1,[ 20, 57, 2, 47, 83, 70, 56, 8, 87, 5, 42]],

[ 0, 35, 1,[ 36, 17, 2, 20, 83]],

[ 89, 95, 1,[ 67, 4, 20]],

[ 35, 95, 1,[ 94, 44, 86, 36, 59, 82]],

[ 19, 15, 1,[ 68, 9, 44, 7]],

[ 50, 5, 1,[ 40, 65, 97, 9, 75]],

[ 80, 15, 1,[ 97, 88, 30, 64, 37]],

[ 93, 15, 1,[ 29, 14, 57, 48, 87]],

[ 53, 15, 0,[ 7, 58, 44]],

[ 66, 85, 1,[ 47, 43, 11, 3, 30]],

[ 52, 75, 0,[ 27, 69, 94, 18]],

[ 12, 65, 0,[ 86, 5, 6, 61]],

[ 10, 75, 1,[ 32, 85, 13]],

[ 59, 95, 1,[ 35, 13, 97]],

[ 74, 95, 0,[ 5, 92, 13]],

[ 63, 95, 0,[ 54, 98, 51]],

[ 11, 85, 1,[ 73, 41, 64, 66, 56, 85]],

[ 88, 65, 0,[ 80, 56, 65]],

[ 24, 95, 0,[ 40, 78, 18]],

[ 55, 95, 0,[ 45, 42, 49]],

[ 27, 85, 0,[ 26, 18, 52]],

[ 90, 5, 1,[ 94, 31, 32, 67, 49, 71]],

[ 58, 55, 1,[ 73, 6, 56, 5, 53, 95]],

[ 43, 15, 0,[ 72, 91, 66]],

[ 78, 65, 1,[ 65, 18, 26, 24, 77]],

[ 30, 15, 0,[ 66, 80, 94]],

[ 26, 65, 1,[ 70, 99, 31, 98, 27, 78]],

[ 2, 95, 0,[ 79, 0, 7]],

[ 45, 55, 0,[ 94, 41, 55]],

[ 86, 65, 0,[ 35, 12, 40]],

[ 5, 85, 1,[ 34, 74, 25, 58, 12, 79]],

[ 33, 75, 1,[ 1, 16, 28, 96, 23]],

[ 73, 95, 0,[ 11, 58, 13]],

[ 71, 95, 0,[ 90, 48, 72, 29]],

[ 32, 95, 0,[ 10, 4, 90]],

[ 8, 95, 0,[ 72, 39, 79]],

[ 25, 95, 0,[ 5, 77, 4, 57]],

[ 83, 95, 0,[ 38, 79, 0]],

[ 28, 95, 0,[ 70, 40, 33]],

[ 15, 95, 0,[ 44, 21, 37, 14, 62]],

[ 68, 95, 0,[ 19, 42, 72]],

[ 7, 45, 1,[ 2, 19, 53, 60]],

[ 20, 55, 0,[ 0, 89, 79]],

[ 47, 25, 0,[ 66, 1, 79]],

[ 49, 95, 0,[ 40, 90, 94, 55]],

[ 51, 65, 1,[ 63, 64, 1]],

[ 4, 45, 1,[ 87, 32, 1, 25, 89, 34]],

[ 21, 95, 1,[ 62, 54, 99, 61, 95, 15]],

[ 13, 25, 1,[ 74, 9, 10, 84, 73, 60, 22, 59, 96]],

[ 94, 75, 1,[ 30, 35, 98, 45, 52, 49, 90]],

[ 76, 55, 1,[ 42, 85, 81]],

[ 61, 95, 1,[ 21, 12, 42]],

[ 84, 85, 0,[ 3, 57, 13]],

[ 14, 75, 1,[ 81, 93, 15]],

[ 31, 85, 1,[ 77, 90, 26]],

[ 44, 5, 1,[ 19, 15, 53, 35]],

[ 40, 15, 1,[ 49, 28, 24, 50, 39, 86]],

[ 98, 5, 1,[ 26, 91, 94, 63]],

[ 3, 85, 1,[ 66, 17, 84]],

[ 95, 65, 1,[ 58, 21, 34]],

[ 18, 55, 1,[ 78, 24, 52, 27]],

[ 87, 95, 0,[ 4, 79, 93]],

[ 70, 55, 0,[ 26, 79, 28, 54]],

[ 81, 95, 0,[ 76, 14, 72]],

[ 38, 95, 0,[ 42, 83, 92]],

[ 67, 95, 1,[ 90, 89, 69]],

[ 6, 15, 0,[ 92, 58, 12]],

[ 17, 55, 0,[ 92, 16, 0, 3]],

[ 57, 65, 0,[ 79, 84, 25, 93]],

[ 1, 95, 0,[ 4, 47, 33, 51]],

[ 46, 85, 1,[ 23, 37, 82]],

[ 99, 55, 1,[ 26, 82, 21]],

[ 92, 75, 1,[ 38, 74, 75, 6, 17, 16]],

[ 22, 55, 0,[ 72, 13]],

[ 9, 5, 0,[ 13, 19, 50]],

[ 23, 5, 0,[ 46, 33]],

[ 97, 65, 0,[ 80, 59, 50]],

[ 75, 75, 0,[ 91, 50, 92]],

[ 16, 95, 1,[ 17, 33, 92]],

[ 34, 95, 0,[ 5, 4, 95]],

[ 91, 15, 0,[ 98, 62, 43, 75]],

[ 77, 5, 1,[ 25, 78, 60, 31]],

[ 39, 75, 1,[ 69, 8, 40]],

[ 69, 65, 1,[ 52, 67, 39]],

