[ 97, 15, 0,[ 43, 96, 50, 77, 17, 20]],

[ 65, 15, 0,[ 77, 90]],

[ 50, 15, 0,[ 97, 56, 45]],

[ 88, 15, 0,[ 11, 20, 98]],

[ 2, 15, 0,[ 20, 79, 6]],

[ 51, 15, 0,[ 96, 12, 67]],

[ 5, 15, 0,[ 57, 53, 63]],

[ 11, 15, 0,[ 78, 88, 82]],

[ 87, 5, 1,[ 96, 61, 49, 7, 27, 15, 20, 74]],

[ 23, 15, 0,[ 3, 79, 14]],

[ 34, 15, 0,[ 19, 31, 64]],

[ 66, 15, 0,[ 83, 59, 84]],

[ 71, 15, 0,[ 92, 1, 83]],

[ 14, 15, 0,[ 23, 91, 48]],

[ 24, 15, 0,[ 45, 72, 37]],

[ 69, 15, 0,[ 75, 70, 45]],

[ 28, 15, 0,[ 26, 85, 25]],

[ 20, 35, 1,[ 88, 97, 76, 96, 2, 54, 87, 57]],

[ 27, 15, 0,[ 87, 85, 16, 96]],

[ 89, 15, 0,[ 59, 35, 68, 98]],

[ 92, 15, 0,[ 62, 71, 22, 91]],

[ 44, 15, 0,[ 82, 12, 36]],

[ 3, 15, 0,[ 23, 79, 82, 73]],

[ 48, 15, 0,[ 64, 14, 7]],

[ 58, 15, 0,[ 90, 82, 47, 93, 10, 42]],

[ 30, 15, 0,[ 77, 53, 67]],

[ 98, 15, 0,[ 89, 88, 79, 52]],

[ 94, 15, 0,[ 84, 64, 82]],

[ 55, 15, 0,[ 49, 10, 33]],

[ 54, 15, 0,[ 20, 29]],

[ 82, 65, 1,[ 38, 52, 83, 35, 21, 94, 44, 11, 58, 3, 68, 67, 10]],

[ 86, 15, 0,[ 84, 13, 41]],

[ 37, 55, 1,[ 61, 32, 93, 46, 24, 15, 40, 36, 53]],

[ 90, 15, 0,[ 40, 65, 58]],

[ 80, 15, 0,[ 46, 29, 70]],

[ 63, 15, 0,[ 7, 9, 5]],

[ 33, 15, 0,[ 0, 18, 55]],

[ 81, 15, 0,[ 31, 74, 43, 59, 75]],

[ 13, 15, 0,[ 25, 86, 15]],

[ 68, 15, 0,[ 82, 89, 15]],

[ 57, 15, 0,[ 20, 5, 18]],

[ 0, 15, 0,[ 35, 84, 33]],

[ 9, 15, 0,[ 60, 35, 63]],

[ 35, 15, 0,[ 9, 89, 0, 82]],

[ 42, 15, 0,[ 58, 6, 46]],

[ 19, 15, 0,[ 93, 34, 99, 73, 18, 67]],

[ 83, 5, 1,[ 26, 8, 32, 71, 66, 82]],

[ 73, 15, 0,[ 99, 3, 91, 19]],

[ 84, 15, 0,[ 94, 0, 66, 86]],

[ 4, 15, 0,[ 91, 16, 72]],

[ 25, 15, 0,[ 49, 13, 28]],

[ 8, 15, 0,[ 46, 72, 83]],

[ 76, 15, 0,[ 20, 61]],

[ 77, 15, 0,[ 65, 30, 78, 97]],

[ 22, 15, 0,[ 95, 92, 60]],

[ 7, 15, 0,[ 63, 99, 87, 48]],

[ 53, 15, 0,[ 37, 1, 30, 5, 95]],

[ 49, 15, 0,[ 55, 87, 25]],

[ 96, 15, 0,[ 39, 20, 97, 95, 87, 27, 62, 51]],

[ 6, 15, 0,[ 21, 42, 2]],

[ 95, 15, 0,[ 96, 53, 17, 22]],

[ 79, 15, 0,[ 98, 47, 3, 23, 2, 12, 36]],

[ 91, 15, 1,[ 21, 14, 4, 40, 73, 92, 56]],

[ 21, 15, 0,[ 6, 91, 82]],

[ 10, 15, 0,[ 55, 29, 82, 58]],

[ 12, 15, 0,[ 79, 44, 74, 51]],

[ 15, 5, 1,[ 41, 68, 37, 16, 87, 13, 31]],

[ 93, 15, 0,[ 37, 19, 40, 58]],

[ 41, 15, 0,[ 15, 16, 86]],

[ 18, 15, 0,[ 33, 19, 57, 38, 56, 43, 1]],

[ 39, 15, 0,[ 78, 26, 96]],

[ 62, 15, 0,[ 75, 96, 92]],

[ 45, 45, 1,[ 50, 24, 69, 38, 70]],

[ 72, 15, 0,[ 16, 24, 8, 4]],

[ 99, 15, 0,[ 73, 19, 7]],

[ 31, 15, 0,[ 15, 81, 34]],

[ 16, 15, 0,[ 4, 27, 41, 72, 15]],

[ 75, 15, 1,[ 17, 81, 69, 62]],

[ 64, 15, 0,[ 34, 94, 48]],

[ 60, 15, 0,[ 22, 9]],

[ 29, 15, 0,[ 80, 32, 54, 10]],

[ 59, 15, 1,[ 81, 89, 66]],

[ 61, 15, 0,[ 76, 87, 37]],

[ 85, 15, 0,[ 27, 28, 52]],

[ 17, 15, 0,[ 95, 97, 75]],

[ 40, 15, 0,[ 93, 90, 91, 37]],

[ 38, 15, 0,[ 82, 18, 45]],

[ 32, 15, 0,[ 29, 83, 37]],

[ 1, 15, 0,[ 53, 18, 71]],

[ 43, 15, 0,[ 18, 97, 81]],

[ 52, 15, 0,[ 82, 85, 98]],

[ 67, 15, 0,[ 19, 30, 51, 82]],

[ 56, 15, 0,[ 91, 18, 50]],

[ 78, 15, 0,[ 77, 39, 11]],

[ 46, 15, 0,[ 42, 37, 8, 80]],

[ 70, 15, 0,[ 45, 69, 80]],

[ 36, 15, 0,[ 37, 44, 79]],

[ 47, 15, 0,[ 79, 58]],

[ 26, 15, 0,[ 83, 39, 28]],

[ 74, 15, 0,[ 81, 12, 87]],

