[ 29, 35, 0,[ 40, 2, 50, 60]],

[ 79, 35, 0,[ 14, 80, 31, 23]],

[ 89, 35, 0,[ 8, 12, 49]],

[ 42, 95, 1,[ 1, 48, 84, 83, 68, 99]],

[ 55, 85, 1,[ 28, 44, 53]],

[ 62, 15, 0,[ 46, 53, 74]],

[ 83, 65, 1,[ 17, 42, 57]],

[ 23, 35, 1,[ 47, 79, 15, 50, 51]],

[ 94, 35, 1,[ 90, 52, 97]],

[ 36, 35, 0,[ 35, 54, 59]],

[ 49, 5, 1,[ 75, 81, 89]],

[ 19, 95, 1,[ 33, 54, 82, 74]],

[ 16, 55, 0,[ 7, 53, 67, 4]],

[ 75, 35, 1,[ 78, 49, 90, 27, 11]],

[ 76, 35, 0,[ 73, 30, 96]],

[ 10, 95, 0,[ 57, 77, 72]],

[ 61, 15, 0,[ 66, 33, 53]],

[ 32, 45, 1,[ 33, 24, 54]],

[ 35, 35, 0,[ 73, 36, 51]],

[ 95, 35, 0,[ 81, 34, 0]],

[ 59, 35, 0,[ 92, 57, 36]],

[ 88, 5, 0,[ 30, 64, 48]],

[ 15, 65, 0,[ 23, 73]],

[ 24, 45, 0,[ 69, 18, 32]],

[ 31, 35, 0,[ 79, 28, 7]],

[ 72, 15, 1,[ 39, 64, 69, 10]],

[ 53, 95, 1,[ 38, 55, 16, 61, 0, 62, 80]],

[ 21, 35, 0,[ 92, 86, 13]],

[ 17, 45, 0,[ 51, 83, 11]],

[ 67, 85, 0,[ 77, 16, 41]],

[ 52, 95, 1,[ 94, 6, 91]],

[ 38, 95, 1,[ 43, 53, 73]],

[ 57, 35, 0,[ 10, 59, 83]],

[ 33, 95, 1,[ 32, 61, 19, 77]],

[ 22, 35, 0,[ 51, 86, 71]],

[ 26, 25, 1,[ 93, 6, 60]],

[ 60, 35, 1,[ 26, 70, 9, 29]],

[ 58, 35, 0,[ 46, 80]],

[ 80, 25, 1,[ 58, 79, 43, 53]],

[ 4, 55, 0,[ 16, 69, 2]],

[ 87, 35, 1,[ 45, 18, 14, 98]],

[ 97, 35, 1,[ 63, 91, 94, 43]],

[ 37, 35, 0,[ 84, 0, 1]],

[ 96, 35, 0,[ 76, 2, 46]],

[ 46, 5, 1,[ 62, 96, 58, 85]],

[ 0, 35, 1,[ 53, 37, 95]],

[ 56, 95, 1,[ 82, 91]],

[ 51, 35, 1,[ 17, 45, 35, 5, 23, 22]],

[ 3, 35, 0,[ 13, 48, 5]],

[ 85, 85, 1,[ 54, 41, 46]],

[ 6, 35, 0,[ 52, 47, 26, 74]],

[ 74, 15, 0,[ 6, 62, 19]],

[ 73, 45, 1,[ 76, 15, 13, 35, 38]],

[ 70, 75, 1,[ 60, 63, 18]],

[ 98, 25, 0,[ 2, 30, 87]],

[ 65, 35, 1,[ 18, 44, 41]],

[ 8, 35, 1,[ 66, 81, 13, 71, 89]],

[ 12, 35, 1,[ 40, 25, 27, 89]],

[ 13, 35, 0,[ 3, 21, 8, 73]],

[ 69, 15, 1,[ 4, 24, 72]],

[ 77, 95, 1,[ 10, 67, 33]],

[ 92, 35, 0,[ 21, 71, 59]],

[ 71, 35, 0,[ 22, 92, 8]],

[ 30, 65, 1,[ 98, 88, 76]],

[ 50, 35, 0,[ 29, 23, 25]],

[ 28, 35, 0,[ 55, 66, 31]],

[ 81, 35, 0,[ 49, 95, 8]],

[ 84, 65, 1,[ 5, 37, 42]],

[ 9, 35, 1,[ 60, 91, 40]],

[ 20, 85, 1,[ 64, 2, 99]],

[ 5, 35, 0,[ 51, 84, 3]],

[ 1, 35, 0,[ 37, 42, 45]],

[ 91, 35, 0,[ 56, 52, 9, 97]],

[ 18, 65, 1,[ 24, 27, 65, 70, 87]],

[ 78, 75, 0,[ 75, 86, 44]],

[ 43, 35, 1,[ 80, 63, 38, 39, 97]],

[ 48, 35, 0,[ 3, 42, 88]],

[ 11, 35, 0,[ 75, 17]],

[ 7, 65, 1,[ 31, 90, 16]],

[ 64, 5, 0,[ 88, 20, 72, 39]],

[ 99, 35, 0,[ 45, 20, 42]],

[ 93, 35, 0,[ 40, 34, 26]],

[ 27, 45, 1,[ 18, 12, 75]],

[ 54, 45, 0,[ 32, 85, 19, 36]],

[ 86, 65, 1,[ 21, 22, 78, 47]],

[ 68, 35, 0,[ 90, 34, 42]],

[ 25, 35, 1,[ 50, 12, 14]],

[ 40, 35, 1,[ 12, 29, 9, 93]],

[ 66, 85, 1,[ 8, 28, 61]],

[ 44, 5, 1,[ 55, 78, 65]],

[ 63, 35, 1,[ 97, 43, 70]],

[ 34, 35, 1,[ 95, 68, 93]],

[ 90, 35, 0,[ 94, 75, 68, 7]],

[ 14, 35, 1,[ 25, 79, 87]],

[ 45, 35, 0,[ 99, 51, 87, 1]],

[ 2, 35, 1,[ 4, 20, 96, 98, 29]],

[ 82, 95, 0,[ 19, 56]],

[ 47, 55, 1,[ 23, 86, 6]],

[ 39, 35, 1,[ 72, 64, 43]],

[ 41, 85, 0,[ 67, 85, 65]],

[ 17, 25, 1,[ 66, 43, 0, 99, 80, 32]],

[ 2, 5, 0,[ 9, 7]],

[ 84, 25, 1,[ 95, 90, 42, 21, 74]],

[ 53, 25, 1,[ 22, 77, 12]],

[ 4, 25, 0,[ 29, 35, 5, 66, 48, 32]],

[ 67, 25, 0,[ 63, 74, 9]],

[ 61, 25, 1,[ 88, 91, 40, 89]],

[ 14, 25, 1,[ 19, 81, 91, 28, 40]],

[ 40, 25, 1,[ 14, 97, 61]],

[ 45, 95, 1,[ 12, 23, 75]],

[ 82, 25, 0,[ 73]],

[ 37, 85, 1,[ 38, 11, 46]],

[ 3, 25, 0,[ 34, 96, 86]],

[ 22, 25, 1,[ 47, 53, 97, 56]],

[ 62, 25, 0,[ 80, 57, 81, 93, 26]],

[ 50, 25, 0,[ 9, 15, 65]],

[ 55, 85, 0,[ 34, 20, 80]],

[ 12, 25, 0,[ 53, 6, 45]],

[ 32, 25, 0,[ 17, 54, 4]],

[ 92, 5, 1,[ 83, 30, 34, 28]],

[ 87, 95, 1,[ 25, 68, 74]],

[ 27, 25, 1,[ 39, 98, 49, 38, 58]],

[ 47, 25, 0,[ 22, 98, 9]],

[ 86, 25, 0,[ 41, 3, 56, 11]],

[ 57, 25, 0,[ 23, 49, 62]],

[ 95, 5, 1,[ 60, 98, 84, 39, 8]],

[ 99, 55, 1,[ 17, 73, 48]],

[ 42, 25, 0,[ 84, 1, 34]],

[ 69, 55, 1,[ 41, 73, 83]],

[ 48, 25, 0,[ 4, 99, 26]],

[ 10, 55, 1,[ 77, 24, 88]],

[ 71, 45, 1,[ 88, 91, 79, 96]],

[ 20, 95, 1,[ 51, 36, 21, 96, 55]],

[ 43, 25, 0,[ 65, 85, 17]],

[ 11, 55, 1,[ 81, 64, 86, 24, 37, 60]],

[ 60, 5, 1,[ 11, 51, 95]],

[ 41, 25, 0,[ 69, 86, 5]],

[ 44, 25, 1,[ 90, 6, 19]],

[ 93, 85, 1,[ 59, 29, 62, 31]],

[ 6, 25, 0,[ 0, 26, 12, 44]],

[ 56, 5, 1,[ 22, 70, 1, 86]],

[ 18, 75, 0,[ 33, 24]],

[ 96, 85, 1,[ 71, 94, 3, 20]],

[ 74, 25, 0,[ 84, 83, 67, 87]],

[ 0, 75, 1,[ 6, 64, 17, 73]],

[ 5, 25, 1,[ 41, 49, 4]],

[ 23, 25, 1,[ 45, 79, 57]],

[ 36, 25, 0,[ 20, 16, 72]],

[ 81, 25, 0,[ 62, 11, 14]],

[ 26, 25, 1,[ 91, 77, 6, 62, 48]],

[ 80, 25, 1,[ 55, 17, 62, 8]],

[ 91, 25, 1,[ 26, 61, 14, 71, 46]],

[ 83, 55, 1,[ 92, 69, 74]],

[ 54, 25, 1,[ 52, 16, 32]],

[ 78, 75, 1,[ 89, 94, 33]],

[ 90, 65, 1,[ 25, 44, 84]],

[ 39, 25, 0,[ 95, 64, 27]],

[ 65, 35, 1,[ 50, 43, 34]],

[ 30, 25, 0,[ 73, 92]],

[ 19, 25, 0,[ 16, 15, 14, 33, 44]],

[ 94, 65, 0,[ 78, 89, 96]],

[ 15, 25, 0,[ 35, 19, 50, 29]],

[ 66, 25, 0,[ 17, 4]],

[ 63, 25, 1,[ 67, 70, 35, 72]],

[ 46, 25, 0,[ 97, 91, 37]],

[ 34, 25, 1,[ 65, 92, 55, 3, 42]],

[ 13, 25, 0,[ 1, 9, 8]],

[ 97, 25, 0,[ 46, 40, 22]],

[ 38, 45, 1,[ 9, 76, 37, 27]],

[ 64, 25, 0,[ 11, 39, 0]],

[ 49, 65, 1,[ 57, 27, 76, 5]],

[ 98, 25, 0,[ 27, 47, 95]],

[ 28, 25, 0,[ 92, 14, 29]],

[ 35, 85, 1,[ 63, 15, 4]],

[ 52, 25, 0,[ 54]],

[ 24, 25, 0,[ 10, 18, 11]],

[ 7, 85, 1,[ 59, 2, 29, 85]],

[ 75, 25, 0,[ 45, 1, 76]],

[ 76, 25, 0,[ 38, 49, 75]],

[ 70, 65, 1,[ 31, 63, 56]],

[ 58, 75, 0,[ 27, 89]],

[ 51, 25, 0,[ 25, 20, 60]],

[ 8, 25, 0,[ 80, 13, 95]],

[ 72, 25, 0,[ 63, 33, 36]],

[ 33, 5, 1,[ 78, 72, 19, 85, 18]],

[ 9, 25, 1,[ 13, 50, 47, 38, 67, 2]],

[ 25, 25, 0,[ 51, 90, 87, 68]],

[ 21, 5, 0,[ 31, 20, 84]],

[ 77, 25, 0,[ 53, 10, 26]],

[ 89, 75, 1,[ 61, 58, 94, 78]],

[ 59, 15, 0,[ 93, 7, 88]],

[ 29, 25, 1,[ 93, 4, 7, 28, 15]],

[ 31, 15, 0,[ 21, 93, 70]],

[ 73, 25, 0,[ 99, 69, 0, 30, 82]],

[ 88, 25, 0,[ 71, 10, 59, 61]],

[ 85, 5, 1,[ 33, 43, 7]],

[ 1, 15, 1,[ 13, 56, 42, 75]],

[ 79, 25, 0,[ 71, 23, 68]],

[ 16, 55, 1,[ 36, 19, 54]],

[ 68, 25, 1,[ 79, 25, 87]],

