[ 52, 75, 1,[ 54, 61, 98, 76]],

[ 74, 75, 0,[]],

[ 15, 35, 0,[]],

[ 3, 75, 0,[]],

[ 64, 95, 0,[]],

[ 12, 75, 0,[]],

[ 26, 65, 0,[ 54, 49]],

[ 13, 35, 0,[]],

[ 66, 95, 0,[]],

[ 47, 35, 0,[]],

[ 54, 65, 1,[ 1, 26, 52, 11, 79]],

[ 16, 75, 0,[]],

[ 45, 75, 0,[]],

[ 6, 15, 0,[ 20, 49, 24]],

[ 33, 95, 0,[ 98, 23, 49]],

[ 37, 75, 0,[]],

[ 10, 95, 0,[]],

[ 21, 35, 0,[]],

[ 24, 15, 1,[ 11, 72, 23, 6]],

[ 63, 65, 0,[]],

[ 48, 95, 0,[]],

[ 56, 35, 0,[]],

[ 35, 95, 0,[ 87, 20, 82]],

[ 90, 65, 0,[]],

[ 51, 75, 0,[]],

[ 72, 15, 0,[ 20, 24, 61]],

[ 86, 35, 0,[]],

[ 0, 35, 0,[]],

[ 67, 35, 0,[ 20]],

[ 93, 95, 0,[]],

[ 68, 75, 0,[]],

[ 53, 35, 0,[]],

[ 73, 15, 0,[]],

[ 98, 75, 1,[ 33, 52]],

[ 70, 15, 0,[]],

[ 19, 75, 0,[]],

[ 39, 35, 0,[]],

[ 75, 95, 0,[]],

[ 85, 95, 0,[]],

[ 36, 75, 0,[ 22]],

[ 95, 95, 0,[]],

[ 65, 35, 0,[]],

[ 99, 65, 0,[]],

[ 14, 15, 0,[]],

[ 2, 95, 0,[ 82, 30, 76]],

[ 11, 95, 0,[ 24, 5, 54]],

[ 91, 35, 0,[]],

[ 28, 95, 0,[]],

[ 8, 75, 0,[]],

[ 1, 65, 0,[ 54, 18]],

[ 60, 75, 0,[]],

[ 80, 75, 0,[]],

[ 41, 15, 0,[]],

[ 49, 95, 1,[ 82, 6, 33, 79, 26]],

[ 61, 15, 0,[ 59, 52, 72]],

[ 76, 75, 0,[ 2, 52]],

[ 5, 95, 1,[ 31, 11, 22]],

[ 34, 95, 0,[]],

[ 94, 95, 0,[]],

[ 55, 35, 0,[]],

[ 92, 35, 0,[]],

[ 89, 95, 0,[]],

[ 30, 95, 0,[ 2]],

[ 31, 35, 1,[ 5, 96]],

[ 20, 35, 1,[ 59, 35, 67, 6, 82, 72]],

[ 87, 75, 0,[ 18, 35]],

[ 88, 35, 0,[]],

[ 77, 95, 0,[]],

[ 44, 95, 0,[]],

[ 4, 75, 0,[]],

[ 22, 75, 0,[ 27, 5, 36]],

[ 58, 95, 0,[]],

[ 7, 95, 0,[]],

[ 82, 95, 1,[ 35, 49, 59, 23, 2, 20]],

[ 18, 75, 0,[ 1, 87, 27]],

[ 23, 95, 0,[ 33, 24, 82]],

[ 29, 75, 0,[]],

[ 78, 75, 0,[]],

[ 50, 75, 0,[]],

[ 81, 75, 0,[]],

[ 96, 35, 0,[ 31, 79]],

[ 9, 75, 0,[]],

[ 83, 65, 0,[ 69]],

[ 25, 75, 0,[]],

[ 97, 15, 0,[]],

[ 84, 35, 0,[]],

[ 43, 75, 0,[]],

[ 27, 75, 0,[ 18, 22]],

[ 38, 15, 0,[]],

[ 57, 75, 0,[]],

[ 17, 75, 0,[]],

[ 69, 65, 0,[ 83]],

[ 79, 35, 0,[ 96, 49, 54]],

[ 32, 95, 0,[]],

[ 59, 35, 1,[ 61, 20, 82]],

[ 40, 95, 0,[]],

[ 71, 95, 0,[]],

[ 46, 35, 0,[]],

[ 62, 75, 0,[]],

[ 42, 35, 0,[]],

