[ 23, 35, 0,[ 54, 24, 34]],

[ 82, 95, 1,[ 80, 37, 26, 92, 64, 66, 93]],

[ 75, 85, 0,[ 37, 91, 57]],

[ 68, 35, 0,[ 1, 44, 38]],

[ 21, 35, 0,[ 91, 19, 5]],

[ 6, 35, 0,[ 26, 94, 10, 39]],

[ 22, 45, 0,[ 56, 77, 17]],

[ 74, 35, 0,[ 29, 88, 59]],

[ 57, 65, 1,[ 98, 72, 41, 12, 13, 75, 85]],

[ 3, 35, 0,[ 95, 0, 15]],

[ 27, 35, 0,[ 39, 24, 73]],

[ 77, 75, 1,[ 96, 53, 88, 39, 92, 30, 22, 83, 94, 44, 54, 16]],

[ 29, 35, 0,[ 40, 37, 74, 71]],

[ 52, 35, 0,[ 67, 60, 25]],

[ 63, 35, 0,[ 14, 51, 44]],

[ 84, 75, 1,[ 61, 58, 42, 97]],

[ 46, 35, 0,[ 79, 89, 32]],

[ 67, 35, 0,[ 64, 52, 48, 36]],

[ 62, 35, 0,[ 28, 34, 58, 19, 59]],

[ 83, 35, 0,[ 8, 77, 97, 60]],

[ 50, 35, 0,[ 47, 28, 44]],

[ 76, 35, 0,[ 47, 92, 78]],

[ 53, 45, 0,[ 99, 47, 77]],

[ 66, 35, 0,[ 49, 82, 43]],

[ 39, 45, 0,[ 27, 6, 77]],

[ 56, 5, 0,[ 45, 16, 22, 95]],

[ 97, 35, 0,[ 7, 98, 84, 10, 83, 31]],

[ 36, 35, 0,[ 67, 34, 41]],

[ 44, 35, 0,[ 42, 16, 50, 77, 63, 68]],

[ 64, 5, 0,[ 95, 82, 67, 13]],

[ 15, 35, 0,[ 34, 5, 12, 8, 3]],

[ 95, 5, 1,[ 41, 64, 17, 70, 86, 56, 40, 3]],

[ 87, 35, 0,[ 89, 5, 4]],

[ 61, 35, 0,[ 20, 84, 13]],

[ 31, 35, 0,[ 0, 97, 72]],

[ 4, 35, 0,[ 70, 87, 79]],

[ 13, 35, 0,[ 61, 57, 64]],

[ 9, 65, 1,[ 49, 88, 43, 85, 90]],

[ 43, 35, 0,[ 66, 9, 33]],

[ 38, 35, 0,[ 73, 68, 5]],

[ 79, 35, 0,[ 4, 46, 94]],

[ 18, 35, 0,[ 55, 89, 1]],

[ 54, 35, 0,[ 77, 23, 5, 81]],

[ 10, 35, 0,[ 97, 6, 34]],

[ 35, 35, 0,[ 99, 14, 90]],

[ 11, 35, 0,[ 73, 81, 25]],

[ 81, 35, 0,[ 54, 11]],

[ 33, 35, 0,[ 78, 43, 49, 2]],

[ 45, 35, 0,[ 56, 48, 24]],

[ 59, 35, 0,[ 74, 58, 89, 62]],

[ 5, 35, 1,[ 87, 20, 15, 86, 96, 30, 54, 21, 38]],

[ 91, 75, 1,[ 75, 24, 21, 2, 32, 80, 89]],

[ 78, 35, 0,[ 76, 33, 1]],

[ 30, 45, 0,[ 98, 94, 5, 77]],

[ 65, 35, 0,[ 69, 25, 86]],

[ 89, 35, 1,[ 55, 14, 87, 59, 91, 25, 7, 46, 18]],

[ 58, 35, 0,[ 62, 84, 59, 71]],

[ 49, 35, 0,[ 9, 33, 66]],

[ 2, 35, 0,[ 33, 92, 91]],

[ 80, 45, 0,[ 82, 91, 7]],

[ 71, 35, 0,[ 29, 0, 58]],

[ 24, 35, 0,[ 45, 27, 91, 23]],

[ 99, 35, 0,[ 28, 53, 60, 35]],

[ 12, 35, 0,[ 15, 57]],

[ 20, 35, 0,[ 5, 61, 55]],

[ 8, 35, 0,[ 83, 85, 15]],

[ 51, 35, 0,[ 40, 73, 63]],

[ 7, 35, 0,[ 97, 80, 89]],

[ 73, 35, 0,[ 38, 34, 27, 51, 11]],

[ 60, 35, 0,[ 83, 99, 52]],

[ 47, 35, 0,[ 76, 50, 53]],

[ 19, 35, 0,[ 16, 62, 21]],

[ 69, 35, 0,[ 34, 96, 65]],

[ 86, 35, 0,[ 95, 93, 5, 65]],

[ 96, 35, 0,[ 69, 77, 5, 48]],

[ 40, 35, 0,[ 51, 29, 95]],

[ 93, 35, 0,[ 92, 86, 82]],

[ 55, 35, 0,[ 18, 20, 89]],

[ 98, 85, 0,[ 57, 30, 97]],

[ 92, 35, 0,[ 2, 93, 77, 76, 82]],

[ 72, 35, 0,[ 57, 88, 31]],

[ 17, 5, 0,[ 26, 95, 22]],

[ 1, 35, 0,[ 18, 68, 78, 41]],

[ 37, 35, 0,[ 82, 29, 75]],

[ 70, 35, 0,[ 4, 95, 90]],

[ 48, 35, 0,[ 67, 45, 96]],

[ 42, 35, 0,[ 44, 84, 88]],

[ 94, 45, 0,[ 6, 77, 79, 30]],

[ 34, 25, 1,[ 10, 73, 15, 69, 62, 36, 23]],

[ 0, 35, 0,[ 3, 71, 31]],

[ 90, 35, 0,[ 35, 70, 9]],

[ 26, 35, 0,[ 82, 17, 6]],

[ 16, 45, 0,[ 44, 56, 19, 77]],

[ 25, 35, 0,[ 52, 89, 65, 11]],

[ 14, 35, 0,[ 89, 35, 32, 63]],

[ 28, 35, 0,[ 50, 99, 62]],

[ 85, 85, 0,[ 8, 9, 57]],

[ 88, 35, 0,[ 77, 42, 9, 72, 74]],

[ 41, 5, 0,[ 57, 1, 95, 36]],

[ 32, 35, 0,[ 46, 14, 91]],

[ 87, 95, 0,[ 45, 12, 9]],

[ 83, 5, 0,[ 72, 58, 20]],

[ 3, 45, 0,[ 96, 79, 49, 67, 80]],

[ 98, 55, 0,[ 13, 27, 60]],

[ 97, 75, 0,[ 50, 73, 34]],

[ 64, 15, 1,[ 38, 41, 43, 54, 25, 69]],

[ 76, 45, 0,[ 1, 63, 49]],

[ 49, 45, 0,[ 3, 60, 76]],

[ 54, 95, 1,[ 64, 51, 12, 60]],

[ 96, 95, 1,[ 68, 24, 63, 3, 29, 46, 59, 89, 40]],

[ 67, 65, 0,[ 16, 3, 66, 23]],

[ 18, 75, 0,[ 42, 73, 69]],

[ 81, 15, 0,[ 74, 41, 82]],

[ 12, 95, 0,[ 54, 6, 90, 87, 48]],

[ 59, 35, 0,[ 7, 96, 82]],

[ 55, 5, 0,[ 9, 13, 6]],

[ 46, 85, 0,[ 66, 78, 19, 96]],

[ 6, 95, 0,[ 12, 27, 71, 55]],

[ 78, 85, 0,[ 84, 10, 92, 17, 46]],

[ 30, 95, 0,[ 11, 48, 34, 82]],

[ 63, 45, 0,[ 96, 17, 53, 76, 52, 85]],

[ 1, 75, 0,[ 73, 76, 75, 60]],

[ 88, 5, 0,[ 74, 92, 13]],

[ 27, 95, 1,[ 98, 6, 82, 99, 70, 86, 17, 93]],

[ 73, 75, 0,[ 18, 97, 1, 66, 74]],

[ 35, 95, 0,[ 99, 29, 0]],

[ 52, 45, 0,[ 72, 28, 63]],

[ 20, 55, 0,[ 60, 83, 53, 43]],

[ 66, 5, 1,[ 48, 26, 7, 95, 56, 73, 4, 67, 46, 50]],

[ 23, 55, 0,[ 67, 93, 11]],

[ 91, 45, 0,[ 53, 89, 71]],

[ 39, 15, 0,[ 40, 26, 5]],

[ 89, 65, 1,[ 2, 28, 94, 96, 91, 16, 69]],

[ 45, 95, 0,[ 10, 9, 87]],

[ 79, 15, 0,[ 3, 71, 14]],

[ 34, 95, 0,[ 97, 99, 56, 30]],

[ 13, 85, 1,[ 9, 98, 32, 33, 80, 88, 62, 55, 58]],

[ 51, 95, 0,[ 70, 15, 54]],

[ 41, 55, 0,[ 7, 64, 81]],

[ 70, 95, 0,[ 37, 5, 51, 27]],

[ 86, 55, 0,[ 57, 27, 4]],

[ 31, 45, 0,[ 33, 80, 9]],

[ 21, 95, 0,[ 40, 22, 0]],

[ 37, 95, 0,[ 28, 95, 60, 56, 70, 10, 48]],

[ 56, 95, 0,[ 37, 66, 94, 34]],

[ 25, 55, 0,[ 94, 64, 2, 60]],

[ 8, 35, 0,[ 53, 68, 65]],

[ 93, 55, 0,[ 19, 27, 23]],

[ 24, 35, 0,[ 44, 96, 15, 33]],

[ 40, 95, 0,[ 21, 39, 48, 96, 0]],

[ 84, 85, 0,[ 58, 78, 4]],

[ 15, 85, 0,[ 51, 24, 17]],

[ 5, 15, 0,[ 39, 61, 70]],

[ 69, 75, 0,[ 89, 75, 18, 64]],

[ 75, 75, 0,[ 69, 14, 1]],

[ 48, 95, 1,[ 37, 12, 30, 40, 77, 66, 36, 65]],

[ 77, 55, 0,[ 38, 60, 16, 48]],

[ 29, 35, 0,[ 96, 35, 72]],

[ 26, 65, 0,[ 39, 38, 44, 66]],

[ 19, 85, 0,[ 4, 93, 46]],

[ 72, 95, 0,[ 83, 29, 52, 99]],

[ 58, 5, 0,[ 0, 83, 95, 84, 13]],

[ 7, 65, 0,[ 59, 66, 9, 41]],

[ 9, 5, 1,[ 31, 87, 55, 14, 13, 45, 7]],

[ 50, 65, 0,[ 97, 90, 82, 66]],

[ 99, 95, 0,[ 35, 34, 72, 14, 27]],

[ 82, 35, 0,[ 50, 59, 30, 27, 81, 42]],

[ 85, 45, 0,[ 47, 63, 22, 62]],

[ 4, 65, 0,[ 66, 19, 84, 90, 86]],

[ 36, 95, 0,[ 14, 48, 68]],

[ 80, 45, 0,[ 13, 31, 3]],

[ 42, 85, 0,[ 82, 92, 18]],

[ 92, 85, 0,[ 78, 88, 42, 44]],

[ 90, 65, 0,[ 50, 12, 4]],

[ 10, 95, 0,[ 78, 37, 45]],

[ 11, 55, 0,[ 30, 23, 60, 47]],

[ 94, 45, 0,[ 25, 56, 89, 61]],

[ 0, 95, 0,[ 40, 58, 35, 21]],

[ 33, 45, 0,[ 13, 24, 57, 31]],

[ 60, 55, 1,[ 37, 20, 49, 1, 11, 54, 25, 98, 77]],

[ 61, 45, 0,[ 5, 22, 94]],

[ 57, 45, 0,[ 33, 68, 86]],

[ 65, 95, 0,[ 43, 48, 8]],

[ 16, 65, 0,[ 62, 77, 89, 67]],

[ 22, 45, 0,[ 85, 61, 21]],

[ 53, 45, 0,[ 20, 63, 91, 8]],

[ 2, 65, 0,[ 25, 32, 89]],

[ 44, 85, 0,[ 92, 24, 47, 26]],

[ 95, 65, 0,[ 37, 66, 58]],

[ 71, 15, 0,[ 6, 79, 91, 32]],

[ 28, 95, 0,[ 52, 37, 89]],

[ 32, 5, 0,[ 71, 13, 2]],

[ 38, 55, 0,[ 64, 26, 77]],

[ 17, 85, 0,[ 27, 63, 78, 15]],

[ 74, 15, 0,[ 81, 73, 88]],

[ 62, 45, 0,[ 16, 85, 13]],

[ 68, 35, 0,[ 8, 36, 96, 57]],

[ 14, 95, 0,[ 79, 75, 36, 99, 9]],

[ 47, 45, 0,[ 44, 11, 85]],

[ 43, 55, 0,[ 64, 65, 20]],

