[ 38, 75, 0,[ 9, 29, 30]],

[ 92, 75, 0,[]],

[ 24, 15, 1,[ 94, 19, 7]],

[ 63, 35, 0,[ 74]],

[ 52, 75, 0,[ 85, 25, 11, 50]],

[ 95, 5, 0,[ 39, 81, 34]],

[ 51, 65, 0,[ 56, 61, 79]],

[ 48, 65, 0,[]],

[ 77, 45, 0,[ 59]],

[ 66, 65, 0,[ 2, 98]],

[ 99, 65, 0,[ 89, 5, 3, 56]],

[ 3, 15, 0,[ 99, 4]],

[ 40, 15, 0,[ 86, 73, 96]],

[ 83, 35, 0,[ 22, 41]],

[ 87, 75, 0,[]],

[ 1, 15, 0,[ 25, 93, 72]],

[ 46, 45, 0,[ 34, 14]],

[ 70, 45, 0,[ 36, 31]],

[ 42, 75, 0,[ 73, 68, 93]],

[ 91, 5, 0,[ 61, 44, 47, 67, 98]],

[ 61, 5, 0,[ 51, 91, 45, 20]],

[ 23, 85, 1,[ 69, 55, 35, 60, 76]],

[ 86, 45, 0,[ 97, 40, 22]],

[ 8, 35, 0,[ 73, 76, 47]],

[ 54, 75, 0,[ 12]],

[ 49, 15, 0,[ 60, 90]],

[ 9, 65, 0,[ 38, 98, 6, 67]],

[ 11, 75, 0,[ 52, 26, 17, 78]],

[ 12, 75, 0,[ 37, 54, 0]],

[ 94, 35, 0,[ 24, 13, 45]],

[ 88, 15, 0,[ 30, 7, 90]],

[ 75, 15, 0,[ 4, 30, 65]],

[ 14, 75, 1,[ 34, 16, 46]],

[ 69, 45, 1,[ 15, 23, 62, 58]],

[ 22, 45, 0,[ 83, 15, 86]],

[ 21, 45, 0,[ 6, 93, 62]],

[ 96, 15, 1,[ 98, 34, 40]],

[ 58, 45, 0,[ 41, 60, 69]],

[ 90, 15, 0,[ 49, 88, 34]],

[ 5, 75, 0,[ 99, 72, 67]],

[ 79, 75, 0,[ 53, 51]],

[ 17, 75, 0,[ 11, 29, 82]],

[ 35, 85, 0,[ 32, 23, 16]],

[ 2, 45, 0,[ 66, 26, 27]],

[ 64, 45, 0,[ 19, 81, 65, 85, 15]],

[ 73, 35, 0,[ 42, 78, 74, 40, 8]],

[ 31, 45, 0,[ 72, 70, 15, 59]],

[ 7, 75, 0,[ 68, 88, 24, 56]],

[ 18, 75, 0,[ 25, 0, 27]],

[ 71, 15, 0,[ 93]],

[ 34, 45, 1,[ 95, 46, 32, 26, 96, 14, 90]],

[ 82, 5, 0,[ 16, 17, 32]],

[ 26, 45, 0,[ 34, 2, 11]],

[ 39, 5, 0,[ 95, 89, 97]],

[ 27, 75, 0,[ 2, 18, 80]],

[ 44, 75, 0,[ 53, 91]],

[ 74, 35, 0,[ 73, 63, 13]],

[ 81, 5, 0,[ 64, 36, 95]],

[ 93, 15, 0,[ 42, 0, 21, 71, 1]],

[ 68, 75, 0,[ 7, 4, 42]],

[ 84, 35, 0,[]],

[ 0, 15, 0,[ 18, 12, 93]],

[ 15, 45, 1,[ 43, 31, 64, 32, 69, 22]],

[ 10, 85, 0,[ 13, 60, 62]],

[ 76, 35, 1,[ 23, 55, 8]],

[ 80, 35, 0,[ 57, 6, 27, 41]],

[ 13, 35, 0,[ 10, 37, 94, 74]],

[ 30, 15, 0,[ 75, 37, 88, 38]],

[ 41, 35, 0,[ 43, 80, 83, 58]],

[ 60, 85, 0,[ 58, 10, 49, 23]],

[ 89, 5, 0,[ 39, 99]],

[ 4, 15, 0,[ 75, 3, 68]],

[ 98, 65, 1,[ 91, 28, 66, 47, 32, 96, 9]],

[ 19, 15, 0,[ 24, 64, 78]],

[ 20, 5, 0,[ 61]],

[ 78, 75, 0,[ 11, 19, 73]],

[ 97, 5, 0,[ 86, 39, 57]],

[ 33, 35, 0,[]],

[ 43, 35, 0,[ 15, 41, 57]],

[ 67, 75, 0,[ 5, 91, 9]],

[ 25, 75, 0,[ 52, 18, 1]],

[ 29, 75, 0,[ 17, 38, 65]],

[ 56, 65, 0,[ 99, 51, 7]],

[ 59, 45, 0,[ 77, 31]],

[ 45, 75, 0,[ 53, 61, 94]],

[ 32, 5, 1,[ 82, 34, 35, 15, 98]],

[ 55, 85, 0,[ 76, 23]],

[ 57, 35, 0,[ 80, 97, 43]],

[ 53, 75, 0,[ 79, 44, 45]],

[ 6, 45, 0,[ 21, 80, 9]],

[ 65, 75, 0,[ 29, 75, 64]],

[ 36, 65, 0,[ 70, 28, 81]],

[ 85, 45, 0,[ 64, 52]],

[ 50, 75, 0,[ 52]],

[ 28, 65, 0,[ 98, 36]],

[ 47, 5, 0,[ 8, 91, 98]],

[ 62, 45, 0,[ 10, 69, 21]],

[ 37, 35, 0,[ 12, 30, 13]],

[ 72, 75, 0,[ 1, 5, 31]],

[ 16, 75, 0,[ 14, 82, 35]],

