[ 30, 95, 0,[ 0, 90]],

[ 50, 95, 0,[ 0]],

[ 92, 95, 0,[ 88, 0, 42]],

[ 4, 55, 0,[ 0, 59, 55]],

[ 77, 25, 0,[ 61, 0]],

[ 64, 95, 0,[ 55, 61, 13]],

[ 90, 55, 0,[ 11, 0, 30]],

[ 3, 95, 0,[ 63, 0]],

[ 63, 95, 0,[ 3, 0, 11]],

[ 70, 95, 0,[ 0, 55, 32]],

[ 31, 95, 0,[ 33, 61, 0]],

[ 38, 95, 0,[ 0, 55, 87]],

[ 35, 95, 0,[ 61, 55, 0]],

[ 34, 55, 0,[ 53]],

[ 22, 25, 0,[ 0, 48, 39]],

[ 53, 95, 1,[ 61, 81, 11, 34]],

[ 21, 55, 0,[ 88, 0]],

[ 8, 95, 0,[ 33]],

[ 51, 95, 0,[ 11, 0, 88]],

[ 65, 55, 0,[ 0, 11, 81]],

[ 10, 55, 0,[ 33, 0]],

[ 7, 55, 0,[ 0, 39, 33]],

[ 2, 95, 0,[ 0]],

[ 81, 95, 1,[ 66, 29, 61, 65, 53, 54]],

[ 54, 95, 0,[ 81, 0]],

[ 80, 95, 0,[ 61]],

[ 79, 55, 0,[ 88, 95, 0, 11]],

[ 72, 95, 0,[ 0, 88, 55]],

[ 86, 95, 0,[ 55, 0]],

[ 87, 95, 0,[ 55, 38]],

[ 83, 65, 0,[ 0, 11, 55]],

[ 15, 95, 0,[ 0, 55, 61]],

[ 44, 95, 0,[ 0]],

[ 82, 95, 0,[ 0, 33]],

[ 33, 25, 1,[ 14, 5, 94, 82, 76, 7, 10, 8, 32, 40, 78, 37, 17, 99, 98, 31]],

[ 45, 95, 0,[ 0]],

[ 78, 55, 0,[ 52, 0, 33]],

[ 93, 95, 0,[ 0, 11]],

[ 28, 95, 0,[ 11]],

[ 84, 95, 0,[ 0, 61, 88]],

[ 59, 55, 0,[ 0, 4, 39]],

[ 0, 45, 1,[ 42, 16, 51, 38, 7, 44, 46, 10, 27, 75, 49, 13, 9, 72, 89, 22, 76, 37, 70, 86, 1, 3, 85, 95, 15, 59, 26, 32, 65, 20, 41, 91, 60, 18, 2, 12, 30, 35, 63, 62, 97, 43, 21, 92, 68, 54, 77, 52, 93, 84, 29, 50, 25, 31, 74, 45, 69, 83, 6, 78, 98, 36, 79, 90, 82, 5, 17, 4, 24, 56, 66]],

[ 27, 95, 0,[ 55, 0]],

[ 19, 95, 0,[ 48]],

[ 14, 95, 0,[ 33]],

[ 37, 95, 0,[ 67, 0, 33]],

[ 68, 95, 0,[ 0]],

[ 61, 55, 1,[ 15, 43, 56, 53, 74, 31, 35, 49, 64, 40, 80, 94, 89, 81, 84, 77, 98, 39, 1]],

[ 17, 95, 0,[ 33, 0, 55]],

[ 94, 95, 0,[ 33, 55, 61]],

[ 85, 95, 0,[ 0]],

[ 46, 95, 0,[ 0, 69]],

[ 20, 95, 0,[ 11, 0]],

[ 25, 95, 0,[ 0, 55]],

[ 40, 95, 0,[ 61, 33, 55]],

[ 69, 95, 0,[ 0, 46, 36]],

[ 57, 25, 0,[ 16, 11, 48]],

[ 49, 95, 0,[ 61, 55, 0]],

[ 89, 95, 0,[ 0, 61]],

[ 16, 95, 0,[ 0, 11, 57]],

[ 95, 95, 0,[ 79, 11, 0]],

[ 60, 55, 0,[ 0, 26, 55]],

[ 66, 55, 0,[ 11, 81, 0]],

[ 48, 55, 1,[ 55, 76, 19, 23, 47, 57, 22]],

[ 99, 95, 0,[ 33]],

[ 23, 95, 0,[ 48, 55]],

[ 91, 95, 0,[ 55, 0]],

[ 11, 65, 1,[ 39, 79, 83, 93, 65, 41, 90, 20, 63, 51, 28, 95, 66, 57, 16, 53]],

[ 26, 95, 0,[ 55, 60, 0]],

[ 98, 95, 0,[ 61, 0, 33]],

[ 41, 95, 0,[ 0, 11]],

[ 88, 25, 1,[ 71, 9, 56, 72, 21, 73, 47, 92, 79, 51, 84, 75]],

[ 47, 95, 0,[ 88, 55, 48]],

[ 13, 95, 0,[ 64, 0]],

[ 24, 95, 0,[ 0]],

[ 29, 25, 0,[ 55, 0, 81]],

[ 97, 95, 0,[ 0]],

[ 5, 95, 0,[ 0, 36, 33]],

[ 32, 95, 0,[ 70, 0, 33]],

[ 55, 65, 1,[ 47, 87, 26, 72, 29, 23, 15, 17, 49, 70, 27, 91, 64, 94, 40, 48, 83, 18, 86, 35, 4, 25, 38, 60]],

[ 62, 25, 0,[ 0]],

[ 75, 95, 0,[ 0, 88]],

[ 74, 95, 0,[ 61, 0]],

[ 6, 95, 0,[ 0]],

[ 56, 95, 0,[ 0, 61, 88]],

[ 9, 95, 0,[ 88, 0]],

[ 36, 95, 0,[ 0, 5, 69]],

[ 43, 95, 0,[ 0, 61]],

[ 71, 25, 0,[ 88]],

[ 1, 95, 0,[ 0, 61]],

[ 76, 95, 0,[ 48, 0, 33]],

[ 96, 95, 0,[]],

[ 52, 55, 0,[ 0, 78]],

[ 42, 95, 0,[ 92, 73, 0]],

[ 73, 65, 0,[ 42, 88]],

[ 39, 95, 1,[ 61, 7, 59, 11, 22]],

[ 67, 55, 0,[ 37]],

[ 12, 95, 0,[ 0]],

[ 18, 95, 0,[ 55, 0]],

[ 58, 25, 0,[]],

