[ 66, 15, 0,[ 53, 20, 92]],

[ 26, 15, 0,[ 58, 93, 18]],

[ 86, 5, 1,[ 62, 30, 71, 53]],

[ 50, 85, 1,[ 20, 6, 14]],

[ 13, 75, 1,[ 83, 4, 23, 77, 70]],

[ 97, 15, 0,[ 32, 76, 17]],

[ 61, 85, 1,[ 67, 77, 57, 39, 2]],

[ 89, 45, 0,[ 59, 81, 69]],

[ 20, 95, 1,[ 66, 68, 99, 82, 50, 12, 90]],

[ 18, 65, 1,[ 95, 4, 26, 27]],

[ 67, 45, 0,[ 7, 61, 85]],

[ 74, 65, 1,[ 45, 90, 44]],

[ 43, 45, 0,[ 14, 99, 92, 44]],

[ 71, 65, 1,[ 28, 63, 6, 86, 87, 77]],

[ 57, 15, 0,[ 2, 61, 10, 99]],

[ 44, 85, 0,[ 55, 74, 43]],

[ 98, 15, 0,[ 37, 9, 85]],

[ 10, 35, 1,[ 57, 45, 79, 91, 56, 35, 82]],

[ 93, 75, 1,[ 22, 26, 62]],

[ 73, 75, 1,[ 19, 11, 37]],

[ 58, 5, 0,[ 37, 85, 26]],

[ 60, 75, 1,[ 84, 2, 54, 8, 31]],

[ 35, 45, 1,[ 69, 96, 10, 28]],

[ 15, 15, 0,[ 21, 40, 0]],

[ 94, 15, 0,[ 3, 29, 85]],

[ 65, 15, 1,[ 76, 19, 17, 72]],

[ 63, 15, 0,[ 64, 36, 71]],

[ 34, 15, 0,[ 72, 75, 37]],

[ 48, 55, 1,[ 38, 28, 52, 51, 46, 23]],

[ 37, 5, 1,[ 95, 98, 73, 34, 58, 4]],

[ 55, 15, 1,[ 44, 47, 81, 62, 24]],

[ 8, 15, 0,[ 60, 24, 22]],

[ 82, 85, 0,[ 11, 20, 10]],

[ 80, 95, 1,[ 42, 87, 79]],

[ 3, 55, 0,[ 92, 36, 94]],

[ 72, 25, 1,[ 34, 53, 5, 42, 65, 78]],

[ 40, 45, 1,[ 96, 15, 85]],

[ 79, 15, 0,[ 14, 80, 10]],

[ 92, 5, 1,[ 66, 21, 3, 43, 81, 54]],

[ 81, 75, 1,[ 30, 92, 89, 55]],

[ 28, 15, 0,[ 35, 71, 48]],

[ 49, 55, 1,[ 88, 17]],

[ 0, 95, 0,[ 87, 76, 15]],

[ 9, 75, 0,[ 98, 22, 21]],

[ 95, 15, 0,[ 18, 29, 37]],

[ 84, 15, 0,[ 14, 60, 22]],

[ 76, 85, 1,[ 33, 65, 97, 0, 41, 25]],

[ 1, 65, 0,[ 7, 85, 69]],

[ 64, 45, 0,[ 63, 85, 22]],

[ 78, 15, 1,[ 75, 72, 62]],

[ 36, 25, 1,[ 63, 46, 11, 31, 27, 12, 3]],

[ 24, 5, 1,[ 16, 55, 8, 56]],

[ 52, 45, 0,[ 83, 48, 62]],

[ 70, 15, 0,[ 13, 75, 45]],

[ 83, 45, 0,[ 52, 13]],

[ 2, 75, 0,[ 57, 60, 61]],

[ 75, 95, 1,[ 78, 70, 34, 27]],

[ 12, 55, 0,[ 5, 20, 36]],

[ 32, 95, 1,[ 97, 21, 56]],

[ 30, 75, 0,[ 81, 86, 68]],

[ 6, 45, 1,[ 50, 14, 71]],

[ 21, 85, 1,[ 32, 47, 15, 16, 9, 92]],

[ 45, 55, 0,[ 70, 74, 10]],

[ 42, 15, 1,[ 68, 72, 80]],

[ 90, 85, 0,[ 74, 20, 29]],

[ 39, 15, 0,[ 59, 61, 7]],

[ 87, 55, 1,[ 80, 33, 0, 71, 91]],

[ 11, 75, 0,[ 36, 73, 82]],

[ 19, 55, 0,[ 73, 14, 65]],

[ 7, 75, 1,[ 1, 67, 39]],

[ 38, 15, 0,[ 25, 29, 48]],

[ 4, 5, 0,[ 18, 37, 13]],

[ 33, 55, 0,[ 87, 76, 29]],

[ 54, 15, 0,[ 59, 92, 60]],

[ 27, 15, 0,[ 68, 18, 75, 36]],

[ 41, 75, 1,[ 51, 46, 76]],

[ 62, 15, 1,[ 96, 93, 55, 86, 52, 91, 78]],

[ 88, 15, 0,[ 49, 5, 85]],

[ 5, 65, 1,[ 12, 22, 51, 88, 72, 68]],

[ 31, 45, 0,[ 36, 60, 96]],

[ 68, 55, 1,[ 5, 42, 30, 20, 27]],

[ 29, 25, 1,[ 94, 95, 33, 38, 90]],

[ 56, 15, 0,[ 10, 24, 32]],

[ 25, 75, 0,[ 38, 76]],

[ 85, 35, 1,[ 98, 64, 40, 94, 99, 88, 1, 58, 67]],

[ 22, 55, 1,[ 8, 64, 9, 5, 93, 84]],

[ 91, 65, 1,[ 10, 87, 62]],

[ 14, 65, 1,[ 79, 84, 43, 6, 50, 19]],

[ 77, 15, 0,[ 13, 71, 61]],

[ 47, 45, 1,[ 59, 21, 55]],

[ 59, 45, 1,[ 23, 89, 39, 54, 47]],

[ 69, 45, 0,[ 1, 99, 89, 35]],

[ 51, 15, 1,[ 5, 41, 16, 48]],

[ 16, 65, 0,[ 24, 21, 51]],

[ 99, 45, 0,[ 20, 57, 43, 69, 85]],

[ 96, 15, 1,[ 62, 31, 35, 40]],

[ 23, 65, 1,[ 48, 13, 59]],

[ 46, 15, 0,[ 41, 36, 48]],

[ 53, 55, 1,[ 86, 72, 66]],

[ 17, 65, 1,[ 97, 65, 49]],

