[ 12, 95, 1,[ 76, 71, 18, 60, 61, 45, 93, 58]],

[ 98, 15, 0,[ 80, 7, 18]],

[ 78, 95, 0,[ 11, 91, 4, 76, 51]],

[ 27, 95, 0,[ 91, 38, 88]],

[ 53, 55, 0,[ 9, 4]],

[ 81, 5, 0,[ 94, 30, 48]],

[ 9, 75, 0,[ 53, 16, 73, 64, 77]],

[ 26, 75, 0,[ 91, 22, 79, 73]],

[ 36, 15, 0,[ 0, 62, 47]],

[ 46, 75, 0,[ 39, 73, 69, 57]],

[ 23, 95, 0,[ 35, 13, 6]],

[ 97, 95, 0,[ 21, 41, 79]],

[ 41, 95, 0,[ 40, 91, 97]],

[ 63, 15, 0,[ 73, 66, 51, 2, 0]],

[ 18, 15, 0,[ 42, 12, 98, 65, 4, 84, 33]],

[ 91, 15, 1,[ 27, 26, 78, 6, 70, 41, 15, 32]],

[ 1, 55, 0,[ 83, 16, 4]],

[ 77, 5, 0,[ 80, 79, 48, 9]],

[ 47, 15, 0,[ 44, 83, 36]],

[ 60, 95, 0,[ 12, 22, 28]],

[ 30, 95, 0,[ 8, 96, 81]],

[ 76, 95, 0,[ 69, 78, 12]],

[ 84, 15, 0,[ 32, 18, 73]],

[ 73, 75, 1,[ 5, 20, 46, 63, 16, 86, 59, 10, 84, 26, 57, 66, 9]],

[ 59, 15, 0,[ 73, 31, 65, 24, 72]],

[ 45, 95, 0,[ 12, 40, 82]],

[ 11, 95, 0,[ 64, 78, 48]],

[ 8, 55, 0,[ 4, 95, 30, 87]],

[ 21, 95, 0,[ 54, 7, 97]],

[ 64, 15, 1,[ 54, 0, 95, 22, 9, 68, 11]],

[ 29, 95, 0,[ 95, 55, 54, 61]],

[ 44, 5, 0,[ 48, 47, 68]],

[ 87, 65, 0,[ 8, 66, 99, 90]],

[ 0, 15, 0,[ 66, 36, 64, 63]],

[ 93, 95, 0,[ 35, 49, 75, 12, 50]],

[ 80, 95, 0,[ 20, 77, 25, 98]],

[ 56, 95, 0,[ 7, 50, 52]],

[ 57, 75, 0,[ 46, 34, 73]],

[ 70, 75, 0,[ 58, 37, 91]],

[ 61, 95, 0,[ 6, 12, 29]],

[ 54, 95, 0,[ 21, 29, 64]],

[ 33, 15, 0,[ 37, 20, 18]],

[ 67, 95, 0,[ 25, 15, 55, 6]],

[ 58, 95, 0,[ 12, 70, 82]],

[ 25, 95, 0,[ 48, 80, 67]],

[ 4, 85, 1,[ 66, 49, 53, 8, 18, 62, 78, 1, 37, 2, 19]],

[ 17, 65, 0,[ 51, 69, 66]],

[ 82, 95, 0,[ 13, 58, 45]],

[ 66, 65, 1,[ 3, 17, 87, 43, 73, 0, 90, 63, 34, 75, 4]],

[ 13, 95, 0,[ 82, 79, 7, 28, 23]],

[ 32, 15, 0,[ 42, 84, 16, 91]],

[ 74, 5, 0,[ 43, 48, 5]],

[ 48, 55, 1,[ 11, 25, 52, 44, 77, 74, 81, 3, 14]],

[ 31, 15, 0,[ 35, 59, 62]],

[ 62, 15, 0,[ 4, 36, 31, 99, 10]],

[ 28, 95, 0,[ 13, 10, 60]],

[ 2, 15, 0,[ 63, 4, 83, 72, 89]],

[ 10, 75, 0,[ 73, 28, 62, 71]],

[ 92, 95, 0,[ 35, 75, 79, 40]],

[ 94, 15, 0,[ 81, 16, 89]],

[ 83, 15, 0,[ 2, 1, 47]],

[ 89, 15, 0,[ 94, 79, 2]],

[ 6, 75, 1,[ 91, 67, 23, 61]],

[ 40, 95, 0,[ 41, 45, 92]],

[ 72, 15, 0,[ 3, 59, 2]],

[ 51, 95, 0,[ 17, 63, 78]],

[ 5, 75, 0,[ 74, 73, 52]],

[ 52, 5, 0,[ 48, 5, 39, 56]],

[ 15, 95, 0,[ 91, 85, 67, 49]],

[ 96, 95, 0,[ 79, 30, 19, 85, 7]],

[ 16, 75, 0,[ 94, 1, 73, 32, 9]],

[ 69, 85, 0,[ 46, 76, 17]],

[ 86, 75, 0,[ 73, 90, 14]],

[ 19, 95, 0,[ 96, 88, 4]],

[ 65, 15, 0,[ 59, 85, 18]],

[ 20, 75, 0,[ 33, 73, 38, 80]],

[ 99, 95, 0,[ 38, 62, 87]],

[ 88, 95, 0,[ 19, 75, 27]],

[ 42, 15, 0,[ 32, 18, 3]],

[ 68, 95, 0,[ 64, 44]],

[ 7, 5, 1,[ 98, 13, 56, 21, 96]],

[ 24, 15, 0,[ 37, 59]],

[ 55, 95, 0,[ 79, 67, 29]],

[ 50, 95, 0,[ 93, 56]],

[ 35, 95, 0,[ 93, 23, 31, 92]],

[ 34, 65, 0,[ 57, 39, 66]],

[ 3, 65, 0,[ 48, 72, 42, 66]],

[ 79, 45, 1,[ 77, 97, 55, 26, 13, 89, 92, 96]],

[ 37, 55, 0,[ 4, 70, 33, 24]],

[ 71, 95, 0,[ 12, 14, 10]],

[ 43, 65, 0,[ 22, 66, 74]],

[ 49, 95, 0,[ 4, 15, 93]],

[ 85, 95, 0,[ 15, 96, 65]],

[ 14, 5, 0,[ 86, 71, 48]],

[ 90, 65, 0,[ 87, 66, 86]],

[ 39, 5, 0,[ 52, 34, 46]],

[ 95, 95, 0,[ 8, 64, 29]],

[ 38, 95, 0,[ 20, 99, 27]],

[ 22, 95, 0,[ 64, 43, 26, 60]],

[ 75, 95, 0,[ 93, 66, 92, 88]],

[ 76, 55, 0,[ 10, 6, 3]],

[ 5, 65, 1,[ 71, 10, 31, 60, 21, 17, 59, 65, 3]],

[ 37, 55, 0,[ 67, 19, 73]],

[ 22, 55, 0,[ 98, 40, 30]],

[ 24, 55, 0,[ 63, 99, 26]],

[ 30, 65, 0,[ 22, 33, 1, 62]],

[ 40, 55, 0,[ 78, 22, 2]],

[ 16, 55, 0,[ 77, 36, 91, 2]],

[ 3, 55, 1,[ 74, 58, 11, 5, 76, 15, 19]],

[ 18, 55, 1,[ 13, 44, 33, 9, 51, 43, 73]],

[ 4, 55, 0,[ 19, 68, 80, 51, 65]],

[ 51, 55, 0,[ 45, 4, 84, 47, 18, 52]],

[ 57, 55, 0,[ 46, 91, 42]],

[ 29, 55, 0,[ 53, 45, 61, 38, 89]],

[ 67, 65, 0,[ 37, 9, 33]],

[ 58, 55, 0,[ 54, 36, 3, 91]],

[ 81, 55, 0,[ 87, 68, 92]],

[ 60, 55, 0,[ 84, 5, 39, 12]],

[ 17, 55, 0,[ 26, 5, 62]],

[ 7, 65, 0,[ 77, 33, 44]],

[ 41, 55, 0,[ 43, 6, 45, 70, 88]],

[ 19, 55, 0,[ 4, 37, 3]],

[ 56, 55, 0,[ 62, 20, 48]],

[ 38, 55, 0,[ 91, 29, 15]],

[ 96, 55, 0,[ 45, 79, 28, 8]],

[ 69, 65, 0,[ 34, 33]],

[ 74, 55, 0,[ 39, 46, 3]],

[ 43, 55, 0,[ 15, 18, 52, 41]],

[ 75, 55, 0,[ 10, 90, 8]],

[ 28, 55, 0,[ 96, 32, 46]],

[ 92, 55, 0,[ 91, 81, 9]],

[ 32, 55, 1,[ 34, 13, 28, 48, 42, 46, 6]],

[ 59, 55, 0,[ 5, 99, 66]],

[ 99, 55, 0,[ 59, 24, 97]],

[ 13, 55, 0,[ 50, 32, 18, 21]],

[ 64, 65, 0,[ 65, 1, 85]],

[ 91, 35, 1,[ 16, 58, 20, 38, 95, 92, 57]],

[ 1, 65, 0,[ 64, 55, 45, 30]],

[ 88, 55, 0,[ 23, 41, 48]],

[ 39, 55, 0,[ 74, 60]],

[ 34, 55, 0,[ 69, 85, 32]],

[ 21, 55, 0,[ 85, 0, 13, 5]],

[ 2, 55, 0,[ 40, 16, 33, 83]],

[ 87, 85, 1,[ 23, 89, 83, 77, 81, 93, 82, 97, 79]],

[ 6, 55, 0,[ 32, 66, 33, 76, 41, 82]],

[ 61, 55, 0,[ 14, 55, 29]],

[ 89, 55, 0,[ 9, 29, 87]],

[ 85, 65, 0,[ 21, 64, 34, 45]],

[ 47, 55, 0,[ 71, 46, 51]],

[ 42, 55, 0,[ 32, 0, 57]],

[ 66, 55, 0,[ 6, 25, 59]],

[ 54, 55, 0,[ 65, 58, 11, 12]],

[ 79, 55, 0,[ 96, 78, 87]],

[ 36, 55, 0,[ 58, 16, 78]],

[ 14, 65, 0,[ 45, 61, 27]],

[ 93, 55, 0,[ 55, 86, 87]],

[ 50, 55, 0,[ 13, 55, 83]],

[ 15, 55, 0,[ 3, 43, 38]],

[ 94, 55, 0,[ 23, 35, 49]],

[ 55, 55, 0,[ 93, 65, 1, 61, 50]],

[ 95, 55, 0,[ 20, 91, 84]],

[ 86, 55, 0,[ 10, 93, 72]],

[ 68, 55, 0,[ 81, 33, 4, 98]],

[ 33, 65, 1,[ 72, 68, 67, 27, 18, 2, 6, 7, 69, 30]],

[ 9, 55, 0,[ 67, 18, 89, 92]],

[ 26, 55, 0,[ 24, 17, 78]],

[ 10, 55, 0,[ 86, 76, 75, 5]],

[ 45, 55, 1,[ 46, 84, 51, 96, 48, 41, 90, 63, 85, 29, 77, 14, 1]],

[ 82, 55, 0,[ 6, 87, 78]],

[ 63, 55, 0,[ 49, 45, 25, 24]],

[ 52, 55, 0,[ 12, 43, 51]],

[ 70, 55, 0,[ 41]],

[ 25, 55, 0,[ 66, 63, 20]],

[ 71, 55, 0,[ 47, 48, 5]],

[ 53, 55, 0,[ 29, 35, 73]],

[ 23, 55, 0,[ 44, 88, 94, 87]],

[ 46, 55, 0,[ 47, 90, 28, 32, 74, 57, 45]],

[ 8, 55, 0,[ 96, 75, 73]],

[ 48, 55, 0,[ 45, 32, 88, 56, 71]],

[ 98, 55, 0,[ 22, 65, 68]],

[ 77, 55, 0,[ 45, 7, 87, 11, 16]],

[ 90, 55, 0,[ 75, 46, 45, 49]],

[ 35, 55, 0,[ 53, 94, 31]],

[ 65, 55, 1,[ 4, 54, 64, 98, 55, 5]],

[ 80, 55, 0,[ 27, 78, 4]],

[ 11, 55, 0,[ 77, 54, 3]],

[ 97, 55, 0,[ 0, 87, 99]],

[ 20, 55, 0,[ 91, 56, 95, 25]],

[ 27, 65, 0,[ 33, 14, 80]],

[ 0, 55, 0,[ 97, 21, 42]],

[ 73, 55, 0,[ 18, 53, 37, 8]],

[ 62, 65, 0,[ 17, 30, 56]],

[ 72, 65, 0,[ 33, 86, 31]],

[ 78, 95, 1,[ 82, 80, 79, 26, 36, 40]],

[ 12, 55, 0,[ 52, 60, 54]],

[ 44, 55, 0,[ 18, 23, 7]],

[ 49, 55, 0,[ 90, 63, 94]],

[ 83, 55, 0,[ 2, 50, 87]],

[ 84, 55, 0,[ 60, 95, 45, 51]],

[ 31, 55, 0,[ 5, 35, 72]],

