[ 8, 75, 0,[ 28, 53, 11, 9]],

[ 70, 75, 0,[ 94, 95, 75, 56, 35, 47]],

[ 47, 75, 0,[ 78, 53, 70, 54]],

[ 90, 75, 0,[ 49, 41, 96, 63, 58]],

[ 42, 75, 0,[ 28, 55, 78]],

[ 61, 75, 0,[ 45, 2, 31]],

[ 89, 75, 0,[ 69, 54, 95]],

[ 71, 75, 0,[ 85, 9, 86]],

[ 96, 75, 0,[ 43, 90, 40]],

[ 83, 75, 0,[ 34, 93, 11]],

[ 57, 75, 0,[ 33, 91, 21]],

[ 86, 35, 1,[ 68, 92, 22, 36, 71]],

[ 97, 75, 0,[ 98, 25, 56, 72, 38, 3]],

[ 60, 75, 0,[ 44, 3, 39]],

[ 35, 75, 0,[ 37, 33, 70]],

[ 78, 75, 0,[ 42, 47, 44, 34]],

[ 17, 75, 0,[ 0, 74, 55]],

[ 91, 75, 0,[ 57, 38, 24, 10]],

[ 79, 75, 0,[ 27, 88, 13, 44]],

[ 80, 75, 0,[ 93, 92]],

[ 85, 75, 0,[ 1, 50, 71, 49]],

[ 77, 75, 0,[ 0, 19, 32]],

[ 51, 75, 0,[ 3, 81, 52]],

[ 30, 75, 0,[ 43, 7, 92]],

[ 63, 75, 0,[ 90, 38, 87]],

[ 2, 75, 0,[ 61, 41, 28]],

[ 69, 75, 0,[ 72, 89, 82]],

[ 20, 75, 0,[ 43, 84, 1]],

[ 37, 75, 0,[ 27, 53, 62, 35, 64]],

[ 53, 75, 0,[ 37, 47, 8, 25]],

[ 87, 75, 1,[ 18, 3, 10, 14, 63, 73]],

[ 99, 75, 0,[ 0, 41, 31, 88, 84]],

[ 40, 75, 0,[ 50, 64, 67, 96, 5]],

[ 48, 75, 0,[ 52, 19, 21]],

[ 16, 75, 1,[ 12, 14, 15]],

[ 66, 75, 0,[ 68, 75, 5]],

[ 22, 75, 0,[ 86, 23, 12, 14]],

[ 56, 75, 0,[ 84, 97, 70]],

[ 64, 75, 0,[ 81, 37, 40, 15, 23]],

[ 31, 75, 0,[ 45, 99, 23, 61]],

[ 0, 75, 0,[ 58, 77, 17, 99, 72, 27]],

[ 7, 75, 0,[ 76, 49, 30, 23]],

[ 59, 75, 0,[ 94, 34, 1]],

[ 1, 75, 0,[ 85, 59, 20, 45]],

[ 88, 75, 0,[ 79, 99]],

[ 14, 75, 1,[ 22, 21, 16, 82, 87]],

[ 33, 75, 0,[ 84, 57, 65, 35]],

[ 36, 75, 0,[ 86, 32, 76]],

[ 44, 75, 0,[ 23, 79, 60, 78]],

[ 41, 35, 1,[ 43, 99, 90, 11, 24, 2]],

[ 93, 75, 0,[ 80, 83, 84, 67]],

[ 82, 75, 0,[ 69, 32, 14]],

[ 65, 75, 0,[ 6, 98, 33, 28]],

[ 46, 75, 0,[ 55, 92, 68]],

[ 27, 75, 0,[ 37, 79, 0]],

[ 11, 75, 0,[ 8, 83, 41]],

[ 67, 75, 0,[ 93, 62, 40]],

[ 29, 75, 0,[ 18, 95, 6]],

[ 23, 75, 0,[ 44, 64, 7, 22, 31]],

[ 3, 15, 1,[ 87, 4, 51, 34, 60, 13, 97]],

[ 92, 75, 0,[ 73, 80, 86, 30, 46, 52, 32]],

[ 13, 75, 0,[ 3, 50, 21, 79]],

[ 18, 75, 0,[ 4, 55, 29, 87]],

[ 39, 75, 0,[ 60, 55, 10, 54]],

[ 21, 75, 0,[ 13, 14, 48, 57]],

[ 9, 75, 0,[ 71, 45, 8]],

[ 45, 75, 0,[ 26, 61, 31, 9, 1, 6]],

[ 28, 75, 0,[ 65, 2, 42, 8, 43]],

[ 5, 75, 0,[ 40, 66, 84]],

[ 68, 75, 0,[ 66, 55, 46, 86]],

[ 54, 75, 1,[ 55, 89, 39, 24, 4, 47]],

[ 25, 75, 0,[ 97, 53, 95]],

[ 84, 75, 0,[ 5, 20, 56, 33, 93, 99]],

[ 58, 75, 0,[ 34, 0, 90, 38, 32]],

[ 49, 75, 0,[ 7, 85, 62, 90]],

[ 32, 75, 0,[ 58, 81, 36, 92, 82, 77]],

[ 98, 75, 0,[ 97, 65, 26]],

[ 4, 75, 0,[ 3, 54, 18]],

[ 74, 75, 0,[ 76, 17, 73]],

[ 73, 75, 0,[ 74, 87, 92]],

[ 62, 75, 0,[ 37, 49, 67]],

[ 34, 75, 1,[ 59, 58, 78, 3, 83]],

[ 95, 75, 0,[ 89, 25, 29, 70, 15]],

[ 15, 75, 0,[ 16, 64, 95]],

[ 50, 75, 0,[ 13, 40, 85]],

[ 12, 75, 0,[ 22, 16, 76]],

[ 43, 75, 1,[ 96, 20, 28, 41, 30]],

[ 26, 75, 0,[ 45, 98, 24]],

[ 52, 75, 0,[ 51, 92, 48]],

[ 10, 75, 0,[ 91, 39, 87]],

[ 19, 75, 0,[ 24, 77, 55, 48]],

[ 24, 75, 0,[ 26, 91, 54, 41, 19]],

[ 94, 75, 0,[ 55, 70, 59]],

[ 76, 75, 0,[ 7, 36, 12, 74]],

[ 55, 75, 1,[ 39, 17, 42, 18, 68, 94, 54, 46, 19]],

[ 81, 75, 0,[ 51, 75, 64, 32]],

[ 72, 75, 0,[ 97, 0, 69]],

[ 75, 75, 0,[ 66, 70, 81]],

[ 38, 75, 0,[ 91, 58, 63, 97]],

[ 6, 75, 0,[ 45, 65, 29]],

[ 76, 65, 0,[ 1, 11, 77, 35]],

[ 51, 65, 0,[ 10, 85, 22]],

[ 31, 65, 0,[ 15, 45, 61]],

[ 57, 65, 0,[ 71, 13, 4]],

[ 56, 65, 0,[ 9, 97, 45, 27, 58]],

[ 11, 65, 0,[ 25, 32, 91, 14, 13, 76, 39, 9]],

[ 18, 65, 1,[ 55, 17, 86, 40, 64, 8, 65, 5]],

[ 35, 65, 0,[ 95, 36, 76]],

[ 61, 65, 0,[ 30, 31, 63]],

[ 66, 65, 0,[ 12, 9, 88]],

[ 85, 65, 0,[ 51, 3, 71, 86]],

[ 53, 65, 0,[ 75, 44, 64]],

[ 59, 65, 0,[ 77, 5, 42, 0]],

[ 42, 65, 1,[ 91, 87, 75, 32, 1, 96, 21, 94, 77, 59, 24]],

[ 75, 85, 1,[ 68, 79, 86, 8, 53, 80, 60, 42, 34]],

[ 15, 65, 0,[ 64, 78, 12, 33, 31]],

[ 24, 65, 0,[ 26, 42, 87]],

[ 88, 85, 1,[ 66, 47, 90, 73, 87, 4]],

[ 94, 65, 0,[ 42, 44, 63]],

[ 64, 65, 0,[ 30, 15, 18, 53]],

[ 21, 65, 0,[ 25, 90, 42, 23]],

[ 16, 65, 0,[ 37, 71, 2, 30]],

[ 14, 65, 0,[ 11, 1, 44, 13]],

[ 70, 65, 0,[ 38, 89, 71]],

[ 67, 65, 0,[ 46, 55, 65]],

[ 79, 65, 0,[ 40, 25, 75]],

[ 26, 65, 0,[ 25, 69, 10, 24]],

[ 19, 65, 0,[ 87, 27, 89]],

[ 65, 65, 0,[ 68, 18, 45, 67]],

[ 69, 65, 0,[ 72, 26, 52, 0]],

[ 1, 65, 0,[ 14, 37, 76, 42]],

[ 17, 65, 0,[ 18, 95, 92]],

[ 33, 65, 0,[ 15, 20]],

[ 40, 65, 0,[ 83, 48, 79, 18]],

[ 3, 65, 0,[ 85, 4, 46]],

[ 6, 65, 0,[ 81, 8, 73]],

[ 90, 65, 1,[ 41, 21, 91, 88, 27, 54, 38]],

[ 54, 65, 0,[ 98, 58, 90]],

[ 96, 65, 0,[ 0, 42, 2]],

[ 20, 65, 0,[ 33, 38, 93, 49]],

[ 62, 65, 0,[ 86, 46, 60, 97]],

[ 5, 35, 1,[ 18, 59, 84, 72, 22, 81]],

[ 83, 65, 0,[ 40, 87, 71, 7]],

[ 28, 65, 0,[ 93, 38, 50]],

[ 95, 65, 1,[ 23, 17, 52, 35, 43, 89, 47]],

[ 50, 65, 0,[ 87, 28, 49, 97, 81]],

[ 98, 65, 0,[ 54, 91, 99, 49, 7]],

[ 71, 65, 0,[ 70, 83, 57, 85, 16]],

[ 32, 65, 0,[ 87, 73, 11, 42, 63]],

[ 58, 65, 0,[ 54, 56, 12]],

[ 78, 65, 0,[ 8, 80, 15]],

[ 91, 65, 0,[ 92, 98, 11, 42, 90]],

[ 4, 65, 0,[ 88, 57, 3, 60]],

[ 45, 65, 0,[ 56, 31, 65, 74]],

[ 9, 65, 0,[ 66, 11, 22, 56]],

[ 97, 65, 0,[ 62, 56, 50]],

[ 46, 65, 0,[ 43, 44, 30, 62, 3, 67]],

[ 47, 65, 0,[ 95, 12, 41, 88]],

[ 82, 65, 0,[ 22, 48]],

[ 52, 15, 1,[ 84, 69, 34, 95, 55]],

[ 93, 65, 0,[ 28, 20, 92]],

[ 7, 65, 0,[ 98, 83, 89]],

[ 84, 65, 0,[ 5, 29, 52]],

[ 72, 65, 0,[ 73, 69, 5]],

[ 13, 65, 0,[ 57, 11, 74, 14]],

[ 22, 15, 1,[ 87, 51, 9, 82, 5]],

[ 55, 65, 0,[ 18, 67, 52]],

[ 49, 65, 0,[ 98, 50, 20]],

[ 74, 65, 0,[ 45, 13, 41, 37]],

[ 12, 65, 0,[ 48, 66, 87, 15, 58, 47]],

[ 60, 65, 0,[ 62, 4, 75]],

[ 63, 65, 0,[ 32, 94, 61]],

[ 89, 65, 0,[ 7, 95, 70, 19]],

[ 77, 65, 0,[ 76, 42, 59]],

[ 99, 65, 0,[ 87, 27, 98]],

[ 38, 65, 0,[ 20, 90, 28, 70]],

[ 43, 65, 0,[ 87, 46, 44, 95]],

[ 68, 65, 0,[ 65, 75]],

[ 39, 65, 0,[ 37, 36, 11]],

[ 86, 65, 0,[ 18, 85, 62, 75]],

[ 8, 65, 0,[ 78, 18, 75, 29, 6]],

[ 29, 65, 0,[ 8, 44, 84]],

[ 10, 65, 0,[ 51, 0, 26]],

[ 0, 65, 0,[ 96, 69, 59, 10]],

[ 81, 65, 0,[ 6, 5, 50, 80]],

[ 36, 65, 0,[ 44, 39, 34, 35]],

[ 44, 65, 0,[ 43, 14, 29, 46, 36, 94, 53]],

[ 30, 65, 0,[ 16, 61, 46, 64]],

[ 41, 65, 0,[ 90, 47, 74]],

[ 73, 65, 0,[ 88, 72, 6, 32]],

[ 37, 65, 0,[ 74, 39, 16, 2, 1]],

[ 27, 65, 0,[ 99, 90, 19, 56]],

[ 80, 65, 0,[ 75, 81, 78]],

[ 34, 65, 0,[ 36, 52, 75]],

[ 2, 65, 0,[ 37, 96, 16]],

[ 92, 65, 0,[ 91, 93, 17]],

[ 25, 65, 0,[ 79, 26, 21, 23, 11]],

[ 48, 65, 0,[ 40, 82, 12]],

[ 23, 65, 0,[ 95, 21, 25]],

[ 87, 65, 1,[ 43, 32, 50, 24, 42, 88, 83, 19, 99, 12, 22]],

