[ 12, 25, 0,[ 59, 52, 92]],

[ 26, 5, 0,[ 54, 20, 18, 96]],

[ 78, 85, 1,[ 87, 80, 42]],

[ 0, 45, 0,[ 46, 39, 21, 73]],

[ 22, 75, 0,[ 61, 94, 51, 28, 2]],

[ 60, 75, 0,[ 51, 70, 38]],

[ 98, 45, 1,[ 13, 10, 42]],

[ 28, 25, 0,[ 22, 9]],

[ 89, 45, 0,[ 5, 15, 34, 75]],

[ 93, 95, 1,[ 74, 37, 2, 25]],

[ 3, 45, 0,[ 86, 49, 46]],

[ 14, 5, 0,[ 31, 71, 45, 92]],

[ 44, 95, 0,[ 33, 31, 73]],

[ 27, 25, 0,[ 84, 9, 75]],

[ 85, 45, 0,[ 30, 80, 43]],

[ 69, 5, 0,[ 52, 38, 17]],

[ 20, 5, 0,[ 26, 4, 56]],

[ 38, 75, 0,[ 60, 47, 69, 1]],

[ 64, 5, 0,[ 16, 52, 19]],

[ 65, 45, 0,[ 32, 13, 59]],

[ 13, 65, 1,[ 30, 55, 65, 98]],

[ 42, 85, 1,[ 78, 98, 43]],

[ 56, 5, 0,[ 11, 20, 24]],

[ 58, 5, 0,[ 61, 99, 79, 36, 37]],

[ 17, 5, 0,[ 94, 69, 73, 62, 83]],

[ 9, 25, 0,[ 28, 27, 52]],

[ 18, 5, 0,[ 26, 87, 61, 54]],

[ 91, 45, 0,[ 57, 32, 34]],

[ 99, 5, 0,[ 81, 32, 58]],

[ 83, 5, 1,[ 43, 17, 82, 61, 76, 49]],

[ 54, 5, 0,[ 71, 26, 18, 49]],

[ 30, 65, 0,[ 13, 24, 85]],

[ 72, 25, 0,[ 84, 66, 35]],

[ 36, 25, 0,[ 55, 15, 68, 58]],

[ 90, 5, 0,[ 8, 7, 10]],

[ 81, 5, 0,[ 53, 99, 61, 79]],

[ 37, 5, 0,[ 93, 23, 58]],

[ 53, 45, 0,[ 8, 94, 80, 81, 40]],

[ 51, 75, 1,[ 82, 22, 60, 97, 74, 84]],

[ 46, 45, 0,[ 50, 2, 0, 3]],

[ 52, 25, 0,[ 69, 64, 15, 9, 12]],

[ 70, 95, 0,[ 48, 63, 7, 40, 60, 92]],

[ 15, 25, 0,[ 36, 75, 52, 89]],

[ 34, 45, 0,[ 91, 61, 89]],

[ 79, 5, 0,[ 81, 25, 58, 1]],

[ 21, 95, 0,[ 40, 86, 0]],

[ 92, 95, 0,[ 12, 96, 70, 14]],

[ 50, 85, 0,[ 47, 11, 46]],

[ 68, 45, 0,[ 36, 97, 19]],

[ 84, 75, 0,[ 72, 71, 27, 51]],

[ 76, 5, 0,[ 8, 40, 83]],

[ 43, 85, 1,[ 63, 42, 83, 85]],

[ 4, 5, 0,[ 77, 20, 5]],

[ 97, 75, 0,[ 45, 51, 88, 68]],

[ 7, 45, 0,[ 70, 90, 41]],

[ 57, 5, 0,[ 91, 67, 71]],

[ 88, 75, 0,[ 11, 97, 6]],

[ 82, 5, 1,[ 62, 51, 83]],

[ 86, 5, 0,[ 61, 3, 21]],

[ 41, 45, 0,[ 7, 35, 32, 23]],

[ 71, 5, 0,[ 57, 84, 54, 14]],

[ 11, 85, 0,[ 88, 56, 50]],

[ 1, 5, 0,[ 16, 79, 38, 77]],

[ 35, 25, 1,[ 41, 87, 62, 72]],

[ 29, 25, 0,[ 10, 40]],

[ 45, 45, 0,[ 97, 14, 96]],

[ 2, 45, 0,[ 93, 22, 46]],

[ 62, 25, 0,[ 80, 17, 35, 82]],

[ 6, 5, 0,[ 48, 16, 88]],

[ 19, 45, 0,[ 95, 68, 64]],

[ 39, 45, 0,[ 16, 0, 40]],

[ 10, 25, 0,[ 29, 66, 90, 98]],

[ 87, 5, 0,[ 35, 78, 18, 63]],

[ 73, 5, 0,[ 0, 44, 95, 17]],

[ 47, 95, 0,[ 50, 33, 38, 95]],

[ 59, 85, 0,[ 31, 65, 12]],

[ 75, 45, 0,[ 89, 55, 15, 27]],

[ 32, 45, 0,[ 91, 41, 48, 99, 65]],

[ 63, 5, 0,[ 70, 43, 87]],

[ 96, 45, 0,[ 92, 45, 26]],

[ 5, 45, 0,[ 4, 8, 89]],

[ 24, 45, 0,[ 56, 30, 80, 67]],

[ 40, 95, 0,[ 70, 76, 21, 39, 53, 29]],

[ 95, 5, 0,[ 47, 19, 73]],

[ 49, 5, 0,[ 3, 83, 54]],

[ 23, 5, 0,[ 41, 37, 33]],

[ 61, 5, 0,[ 22, 83, 34, 81, 86, 58, 18]],

[ 77, 5, 0,[ 1, 4]],

[ 25, 5, 0,[ 80, 79, 93]],

[ 94, 75, 0,[ 17, 22, 53]],

[ 31, 85, 0,[ 59, 14, 44]],

[ 33, 95, 0,[ 44, 47, 67, 23]],

[ 8, 5, 0,[ 53, 76, 5, 90]],

[ 48, 45, 0,[ 32, 6, 70]],

[ 67, 5, 0,[ 33, 24, 57]],

[ 55, 65, 0,[ 36, 13, 75]],

[ 16, 5, 0,[ 1, 39, 64, 6]],

[ 74, 75, 0,[ 93, 66, 51]],

[ 80, 45, 0,[ 62, 25, 85, 78, 24, 53]],

[ 66, 25, 0,[ 10, 74, 72]],

