[ 56, 85, 0,[ 53, 75, 61, 99]],

[ 99, 85, 0,[ 30, 56, 78]],

[ 60, 85, 0,[ 79, 3, 7]],

[ 43, 85, 0,[ 88, 3, 41]],

[ 22, 85, 0,[ 20, 67, 38, 31]],

[ 54, 85, 0,[ 49, 3, 85, 37]],

[ 7, 85, 0,[ 60, 48, 58, 77]],

[ 94, 85, 0,[ 58, 50, 89, 45]],

[ 15, 85, 0,[ 12, 88, 0, 16]],

[ 62, 85, 0,[ 96, 9, 13]],

[ 69, 85, 0,[ 82, 30, 86]],

[ 88, 85, 0,[ 82, 6, 15, 43]],

[ 32, 15, 1,[ 45, 42, 20, 33, 76]],

[ 34, 85, 0,[ 58, 23, 85, 96]],

[ 35, 85, 0,[ 36, 53, 76]],

[ 31, 85, 0,[ 87, 2, 76, 13, 22]],

[ 14, 85, 0,[ 95, 40, 84, 75]],

[ 6, 85, 0,[ 93, 84, 27, 88]],

[ 9, 85, 0,[ 17, 96, 62]],

[ 4, 85, 0,[ 8, 23, 85]],

[ 86, 85, 0,[ 69, 77, 91, 64]],

[ 78, 85, 0,[ 75, 99, 47]],

[ 68, 85, 0,[ 77, 18, 67, 66, 64]],

[ 96, 95, 1,[ 98, 8, 79, 34, 46, 9, 72, 62, 26]],

[ 76, 85, 0,[ 31, 35, 32, 42]],

[ 26, 85, 0,[ 96, 40, 83, 80, 55]],

[ 53, 85, 0,[ 55, 56, 73, 90, 59, 35]],

[ 80, 85, 0,[ 50, 26, 27]],

[ 84, 85, 0,[ 6, 44, 14]],

[ 90, 85, 0,[ 53, 95, 2]],

[ 47, 15, 1,[ 72, 28, 78, 45, 40]],

[ 48, 85, 0,[ 3, 7, 63]],

[ 11, 85, 0,[ 91, 58, 45]],

[ 63, 85, 0,[ 25, 42, 48, 49, 71]],

[ 10, 85, 0,[ 1, 28, 49]],

[ 20, 85, 0,[ 32, 50, 22]],

[ 46, 85, 0,[ 96, 44, 92, 0]],

[ 41, 85, 0,[ 43, 33, 19]],

[ 24, 85, 0,[ 66, 51, 93, 36, 82]],

[ 23, 85, 0,[ 34, 4, 91]],

[ 17, 85, 0,[ 95, 73, 9]],

[ 73, 85, 0,[ 57, 53, 17]],

[ 16, 85, 0,[ 19, 97, 15]],

[ 37, 85, 0,[ 33, 54, 55]],

[ 85, 85, 0,[ 8, 4, 34, 54]],

[ 92, 85, 0,[ 46, 13, 38]],

[ 59, 85, 0,[ 91, 58, 53, 18]],

[ 44, 85, 0,[ 21, 51, 84, 46]],

[ 67, 85, 0,[ 68, 45, 22]],

[ 72, 85, 0,[ 47, 38, 74, 96]],

[ 19, 95, 1,[ 33, 16, 66, 52, 36, 91, 41, 71, 65, 13]],

[ 66, 85, 0,[ 19, 68, 24]],

[ 55, 85, 0,[ 26, 27, 37, 53]],

[ 50, 85, 0,[ 20, 1, 91, 94, 80]],

[ 75, 85, 0,[ 14, 70, 81, 18, 56, 74, 78]],

[ 95, 85, 0,[ 17, 5, 90, 29, 14]],

[ 2, 85, 0,[ 31, 90, 5, 87]],

[ 27, 85, 0,[ 6, 55, 80]],

[ 98, 85, 0,[ 1, 12, 96]],

[ 8, 85, 1,[ 71, 13, 4, 85, 3, 96]],

[ 61, 85, 0,[ 57, 87, 56]],

[ 91, 35, 1,[ 11, 21, 50, 19, 86, 30, 39, 59, 58, 23]],

[ 40, 85, 0,[ 14, 26, 47]],

[ 38, 85, 0,[ 22, 33, 92, 72, 29]],

[ 42, 85, 0,[ 76, 79, 63, 32]],

[ 71, 85, 0,[ 89, 8, 19, 63]],

[ 33, 85, 1,[ 37, 19, 64, 38, 41, 74, 32]],

[ 12, 85, 0,[ 98, 15, 13]],

[ 93, 85, 0,[ 6, 65, 97, 24]],

[ 39, 85, 0,[ 5, 58, 91]],

[ 28, 85, 0,[ 45, 10, 47]],

[ 74, 85, 0,[ 72, 33, 75]],

[ 83, 85, 0,[ 57, 26, 49, 81]],

[ 36, 85, 0,[ 19, 35, 24]],

[ 0, 85, 0,[ 58, 46, 15, 57]],

[ 5, 85, 0,[ 2, 39, 95]],

[ 51, 85, 0,[ 24, 81, 45, 44]],

[ 49, 85, 0,[ 10, 83, 63, 54]],

[ 70, 85, 0,[ 25, 82, 75]],

[ 13, 35, 1,[ 8, 92, 31, 19, 62, 12]],

[ 57, 85, 0,[ 61, 0, 73, 83]],

[ 3, 85, 0,[ 48, 54, 8, 60, 43]],

[ 18, 85, 0,[ 59, 68, 75]],

[ 87, 85, 0,[ 31, 2, 61, 25]],

[ 82, 85, 0,[ 88, 69, 29, 70, 24]],

[ 29, 85, 0,[ 82, 38, 95]],

[ 89, 85, 0,[ 71, 94, 79]],

[ 52, 85, 0,[ 79, 58, 19]],

[ 1, 85, 0,[ 98, 50, 10]],

[ 25, 85, 0,[ 87, 70, 30, 63]],

[ 64, 85, 0,[ 86, 68, 33]],

[ 77, 85, 0,[ 7, 68, 86]],

[ 58, 45, 1,[ 94, 11, 34, 52, 91, 39, 59, 7, 0]],

[ 79, 85, 0,[ 60, 52, 89, 21, 42, 96, 97]],

[ 30, 85, 0,[ 69, 21, 25, 99, 91]],

[ 97, 85, 0,[ 93, 79, 16]],

[ 45, 75, 1,[ 11, 32, 51, 47, 94, 67, 28]],

[ 65, 85, 0,[ 93, 19]],

[ 81, 85, 0,[ 51, 75, 83]],

[ 21, 85, 0,[ 91, 44, 79, 30]],

