[ 51, 75, 1,[ 89, 81, 65, 9, 17, 99]],

[ 68, 55, 0,[ 23, 50, 28]],

[ 86, 75, 0,[ 53, 28, 27]],

[ 64, 55, 1,[ 69, 11]],

[ 32, 25, 1,[ 58, 66, 15, 45, 10, 35, 67]],

[ 20, 75, 1,[ 50, 98, 47, 76, 57]],

[ 87, 65, 0,[ 16, 22, 0]],

[ 59, 55, 1,[ 78, 38, 2]],

[ 92, 95, 1,[ 12, 95, 14]],

[ 10, 65, 0,[ 32, 18, 33]],

[ 54, 65, 0,[ 90, 2, 84, 26]],

[ 28, 95, 1,[ 86, 36, 78, 1, 24, 68, 4]],

[ 55, 35, 1,[ 67, 63, 39]],

[ 74, 55, 0,[ 22, 94, 93, 38]],

[ 78, 35, 1,[ 9, 59, 28, 38]],

[ 40, 55, 0,[ 33, 83, 90]],

[ 29, 45, 0,[ 50, 26]],

[ 12, 55, 0,[ 92, 49, 47]],

[ 94, 25, 1,[ 14, 74, 17, 21]],

[ 93, 5, 1,[ 74, 41, 83]],

[ 36, 55, 0,[ 69, 28, 84, 39]],

[ 60, 85, 0,[ 22, 39]],

[ 81, 55, 1,[ 51, 3, 95, 62, 11]],

[ 50, 5, 1,[ 68, 35, 45, 8, 80, 67, 29, 83, 20]],

[ 62, 35, 1,[ 23, 81, 42]],

[ 52, 75, 0,[ 71, 38, 11]],

[ 23, 65, 1,[ 21, 37, 80, 68, 62]],

[ 47, 85, 1,[ 71, 85, 58, 12, 20]],

[ 19, 55, 0,[ 79, 75, 56]],

[ 58, 55, 0,[ 32, 47, 38]],

[ 69, 35, 1,[ 64, 21, 36]],

[ 66, 85, 0,[ 32, 63, 3]],

[ 46, 25, 0,[ 7, 16]],

[ 17, 25, 0,[ 51, 94]],

[ 61, 65, 0,[ 43, 96, 26, 18]],

[ 65, 85, 1,[ 51, 70, 7]],

[ 31, 85, 0,[ 16, 0, 63]],

[ 7, 25, 1,[ 49, 72, 65, 46, 5]],

[ 34, 45, 0,[ 41, 88, 33, 26]],

[ 3, 95, 1,[ 81, 6, 44, 66]],

[ 45, 85, 0,[ 50, 32, 73]],

[ 44, 75, 0,[ 82, 3, 33]],

[ 6, 55, 1,[ 70, 77, 3]],

[ 43, 25, 1,[ 25, 61, 88]],

[ 57, 15, 0,[ 16, 96, 20]],

[ 48, 95, 0,[ 79, 1, 9]],

[ 97, 65, 0,[ 73, 18]],

[ 16, 5, 1,[ 87, 57, 25, 91, 31, 46]],

[ 33, 65, 1,[ 40, 27, 10, 44, 34]],

[ 11, 55, 1,[ 81, 52, 73, 64]],

[ 18, 65, 0,[ 10, 97, 61]],

[ 13, 75, 0,[ 4, 26, 27, 37]],

[ 49, 25, 1,[ 80, 12, 7, 8]],

[ 22, 35, 1,[ 74, 56, 82, 87, 60]],

[ 38, 45, 1,[ 42, 52, 98, 59, 58, 78, 82, 99, 74]],

[ 70, 85, 1,[ 6, 65, 76, 88]],

[ 0, 85, 1,[ 31, 5, 87]],

[ 72, 75, 0,[ 7, 80, 67]],

[ 89, 75, 0,[ 2, 51]],

[ 1, 75, 1,[ 39, 48, 28]],

[ 4, 75, 0,[ 13, 28, 90]],

[ 24, 5, 0,[ 28, 39, 98]],

[ 75, 85, 0,[ 96, 19, 14]],

[ 99, 85, 0,[ 38, 51]],

[ 53, 55, 0,[ 86, 79, 27, 85]],

[ 25, 55, 1,[ 96, 43, 16, 77]],

[ 82, 75, 0,[ 38, 22, 44]],

[ 30, 55, 0,[ 39, 71, 79]],

[ 95, 75, 1,[ 81, 92, 71, 96]],

[ 96, 15, 1,[ 57, 75, 2, 61, 25, 95]],

[ 83, 75, 1,[ 40, 50, 63, 93]],

[ 26, 95, 1,[ 84, 54, 34, 61, 91, 37, 13, 29]],

[ 73, 65, 1,[ 45, 11, 97]],

[ 84, 75, 0,[ 26, 36, 54]],

[ 63, 85, 0,[ 31, 55, 83, 66]],

[ 9, 85, 1,[ 48, 51, 78]],

[ 88, 45, 0,[ 34, 43, 70, 79]],

[ 41, 75, 0,[ 34, 93, 15]],

[ 71, 85, 1,[ 2, 52, 47, 90, 30, 95]],

[ 27, 15, 1,[ 86, 13, 53, 33]],

[ 42, 25, 0,[ 62, 56, 38, 76]],

[ 14, 65, 1,[ 94, 92, 75]],

[ 77, 35, 1,[ 35, 25, 8, 6]],

[ 98, 45, 0,[ 38, 24, 20]],

[ 85, 5, 1,[ 47, 2, 53]],

[ 80, 55, 0,[ 50, 49, 23, 72]],

[ 91, 55, 1,[ 26, 16, 21]],

[ 67, 75, 0,[ 72, 32, 55, 50]],

[ 2, 65, 1,[ 85, 96, 54, 89, 71, 59]],

[ 15, 15, 0,[ 32, 39, 41]],

[ 37, 65, 1,[ 13, 26, 23]],

[ 8, 85, 0,[ 50, 49, 77]],

[ 79, 45, 1,[ 30, 5, 48, 19, 53, 88]],

[ 21, 55, 1,[ 23, 94, 69, 91]],

[ 35, 85, 0,[ 50, 32, 77]],

[ 56, 65, 0,[ 22, 42, 19]],

[ 39, 15, 1,[ 36, 15, 60, 24, 55, 1, 30]],

[ 5, 75, 0,[ 0, 79, 7]],

[ 76, 85, 0,[ 42, 20, 70]],

[ 90, 85, 1,[ 4, 71, 54, 40]],

