[ 0, 65, 1,[ 60, 29, 89]],

[ 26, 55, 0,[ 45, 97]],

[ 6, 65, 0,[ 75, 45, 60]],

[ 95, 55, 0,[ 97, 45]],

[ 66, 65, 0,[ 60, 75, 39]],

[ 50, 65, 0,[ 45, 60, 97]],

[ 38, 65, 0,[ 75, 39]],

[ 15, 65, 0,[ 45, 39, 60]],

[ 87, 55, 0,[ 75, 45, 52]],

[ 19, 65, 0,[ 45, 60]],

[ 73, 55, 0,[ 75, 45]],

[ 76, 65, 0,[ 45, 75, 60]],

[ 60, 25, 1,[ 78, 47, 10, 68, 9, 51, 92, 42, 48, 59, 50, 64, 71, 53, 40, 67, 36, 33, 19, 55, 20, 8, 0, 34, 84, 70, 58, 37, 57, 35, 76, 66, 13, 99, 3, 32, 17, 98, 15, 7, 6, 61, 25, 49, 83, 94, 2, 21, 74, 23]],

[ 79, 65, 0,[ 89, 39, 45]],

[ 33, 65, 0,[ 60, 75, 39]],

[ 22, 65, 0,[ 45, 16]],

[ 74, 65, 1,[ 60, 89, 45, 46]],

[ 97, 85, 1,[ 5, 42, 64, 99, 26, 46, 50, 53, 56, 88, 21, 11, 49, 91, 10, 90, 41, 95, 43, 14]],

[ 5, 65, 0,[ 97, 16, 45]],

[ 55, 65, 0,[ 89, 60, 45]],

[ 12, 55, 0,[ 45, 4, 39]],

[ 9, 65, 0,[ 89, 60, 45]],

[ 35, 85, 0,[ 60, 57]],

[ 3, 65, 0,[ 60, 16, 45]],

[ 99, 65, 0,[ 75, 47, 60, 97]],

[ 70, 55, 0,[ 45, 75, 60, 25]],

[ 14, 65, 0,[ 97, 45, 37]],

[ 8, 65, 0,[ 16, 60, 45]],

[ 68, 65, 0,[ 60, 45, 39]],

[ 30, 65, 0,[ 29]],

[ 78, 55, 0,[ 60, 45, 36]],

[ 28, 55, 0,[ 45]],

[ 56, 65, 0,[ 97, 45]],

[ 90, 65, 0,[ 45, 97, 75]],

[ 52, 65, 0,[ 45, 87, 75]],

[ 93, 65, 0,[ 45, 39, 29]],

[ 21, 65, 0,[ 29, 97, 60]],

[ 37, 55, 0,[ 14, 60, 75]],

[ 11, 65, 0,[ 97, 45]],

[ 67, 65, 0,[ 75, 45, 60]],

[ 32, 55, 0,[ 75, 60, 16]],

[ 18, 65, 0,[ 45, 39, 75]],

[ 63, 65, 0,[ 45, 75]],

[ 71, 55, 0,[ 60, 75, 89]],

[ 44, 55, 0,[ 20, 75]],

[ 61, 85, 0,[ 60, 98, 45]],

[ 65, 65, 0,[ 16, 75, 39]],

[ 94, 65, 0,[ 45, 29, 60]],

[ 49, 65, 0,[ 60, 97, 45]],

[ 40, 85, 0,[ 2, 45, 60]],

[ 25, 85, 0,[ 60, 13, 70]],

[ 2, 55, 0,[ 88, 40, 60]],

[ 39, 85, 1,[ 20, 12, 18, 93, 29, 54, 7, 33, 27, 66, 15, 79, 65, 68, 38]],

[ 57, 85, 0,[ 60, 80, 75, 35]],

[ 17, 55, 0,[ 60, 45, 75]],

[ 62, 65, 0,[ 29, 45, 75]],

[ 48, 65, 0,[ 69, 60, 45]],

[ 59, 55, 0,[ 60, 1, 45]],

[ 89, 55, 1,[ 85, 80, 58, 79, 29, 0, 74, 55, 9, 71, 86, 84]],

[ 81, 85, 0,[ 45, 75, 72]],

[ 20, 65, 0,[ 60, 44, 39, 75]],

[ 98, 65, 0,[ 61, 45, 60, 16]],

[ 31, 55, 0,[ 45, 75, 29]],

[ 82, 65, 0,[ 29, 4, 75]],

[ 96, 65, 0,[ 75, 45]],

[ 51, 65, 0,[ 75, 60, 45]],

[ 88, 65, 0,[ 45, 97, 75, 2]],

[ 1, 55, 0,[ 92, 16, 59]],

[ 47, 65, 0,[ 75, 99, 60]],

[ 34, 65, 0,[ 16, 45, 60]],

[ 72, 65, 0,[ 45, 81, 29, 75]],

[ 24, 65, 0,[ 29, 45]],

[ 77, 65, 0,[ 75, 45]],

[ 69, 65, 0,[ 48, 45, 75]],

[ 80, 65, 0,[ 89, 45, 75, 57]],

[ 75, 35, 1,[ 81, 71, 17, 38, 4, 70, 20, 47, 91, 63, 13, 82, 73, 72, 85, 99, 76, 37, 96, 54, 53, 43, 92, 32, 27, 83, 7, 6, 52, 66, 62, 36, 44, 65, 69, 90, 31, 80, 57, 77, 86, 84, 18, 10, 67, 87, 88, 41, 33, 46, 51]],

[ 42, 65, 0,[ 97, 60, 45]],

[ 29, 55, 1,[ 39, 24, 72, 94, 30, 82, 0, 89, 93, 31, 62, 21]],

[ 54, 65, 0,[ 75, 45, 39]],

[ 92, 55, 0,[ 60, 75, 1]],

[ 46, 55, 0,[ 97, 75, 74]],

[ 23, 65, 0,[ 60, 45, 16]],

[ 91, 55, 0,[ 97, 75]],

[ 36, 65, 0,[ 60, 75, 78]],

[ 85, 65, 0,[ 45, 89, 75]],

[ 45, 45, 1,[ 3, 59, 67, 5, 74, 85, 48, 80, 72, 56, 40, 73, 62, 19, 26, 83, 49, 18, 15, 31, 58, 24, 55, 14, 86, 95, 54, 90, 28, 52, 77, 96, 6, 68, 51, 88, 42, 69, 43, 70, 61, 79, 81, 12, 63, 93, 22, 87, 94, 34, 78, 76, 9, 23, 50, 98, 8, 17, 11, 64]],

[ 43, 65, 0,[ 45, 75, 97]],

[ 64, 65, 0,[ 60, 97, 45]],

[ 83, 85, 0,[ 45, 60, 75]],

[ 13, 65, 0,[ 25, 75, 60]],

[ 41, 65, 0,[ 16, 97, 75]],

[ 27, 65, 0,[ 39, 75]],

[ 16, 55, 1,[ 3, 8, 23, 41, 32, 65, 5, 1, 34, 98, 22]],

[ 53, 65, 0,[ 97, 75, 60]],

[ 86, 65, 0,[ 89, 45, 75]],

[ 58, 85, 0,[ 60, 89, 45]],

[ 4, 65, 0,[ 12, 82, 75]],

[ 84, 85, 0,[ 89, 60, 75]],

[ 7, 65, 0,[ 39, 60, 75]],

[ 10, 55, 0,[ 97, 75, 60]],

