[ 30, 35, 0,[ 4, 99, 29]],

[ 25, 85, 1,[ 5, 85, 29, 43]],

[ 35, 5, 1,[ 66, 70, 56]],

[ 80, 95, 1,[ 26, 84, 79, 93]],

[ 53, 35, 1,[ 96, 52, 27]],

[ 34, 95, 1,[ 36, 63, 38, 43]],

[ 50, 25, 1,[ 13, 94, 76, 88, 23]],

[ 23, 25, 0,[ 46, 50, 18]],

[ 58, 25, 0,[ 64, 21, 87]],

[ 16, 15, 1,[ 55, 75, 18, 54, 31]],

[ 13, 25, 0,[ 95, 46, 0, 50]],

[ 83, 25, 0,[ 14, 99, 44, 88]],

[ 67, 15, 1,[ 1, 28, 82, 94]],

[ 39, 95, 0,[ 37, 9, 79]],

[ 33, 25, 0,[ 48, 87, 68]],

[ 37, 95, 0,[ 59, 85, 39]],

[ 69, 35, 0,[ 41, 73, 42, 82]],

[ 92, 35, 1,[ 8, 2, 68, 32, 98]],

[ 71, 55, 0,[ 6, 77, 17]],

[ 14, 25, 1,[ 60, 51, 83, 7]],

[ 59, 95, 0,[ 37, 61, 24]],

[ 9, 35, 1,[ 1, 39, 47]],

[ 10, 55, 0,[ 5, 19, 61, 43, 17]],

[ 85, 35, 1,[ 31, 3, 79, 37, 25, 84]],

[ 63, 5, 1,[ 12, 34, 99, 74, 46, 57]],

[ 5, 55, 1,[ 10, 25, 96]],

[ 18, 75, 1,[ 81, 16, 23]],

[ 26, 25, 0,[ 68, 49, 80, 21]],

[ 47, 95, 0,[ 8, 31, 9]],

[ 86, 5, 0,[ 96, 68, 17]],

[ 3, 35, 1,[ 41, 85, 56, 57]],

[ 41, 35, 0,[ 24, 3, 69, 22, 81, 28]],

[ 76, 25, 1,[ 45, 50, 0]],

[ 51, 35, 1,[ 65, 90, 2, 97, 14]],

[ 97, 75, 0,[ 52, 45, 51]],

[ 62, 25, 1,[ 44, 36, 91]],

[ 75, 25, 0,[ 16, 68, 44]],

[ 43, 95, 0,[ 10, 25, 34]],

[ 27, 5, 1,[ 94, 52, 53]],

[ 57, 65, 1,[ 63, 1, 3]],

[ 22, 35, 1,[ 41, 72, 6]],

[ 28, 25, 1,[ 70, 41, 67]],

[ 74, 25, 0,[ 63, 68, 32, 98]],

[ 1, 95, 0,[ 67, 57, 9]],

[ 8, 15, 1,[ 47, 92, 15]],

[ 38, 95, 0,[ 12, 34, 81]],

[ 32, 25, 0,[ 92, 74, 55]],

[ 19, 55, 1,[ 78, 4, 15, 10]],

[ 12, 55, 1,[ 82, 15, 38, 63]],

[ 99, 25, 1,[ 63, 66, 89, 49, 30, 78, 83]],

[ 65, 95, 0,[ 6, 21, 51]],

[ 64, 25, 0,[ 78, 46, 17, 58]],

[ 78, 25, 0,[ 44, 64, 19, 99]],

[ 88, 25, 0,[ 50, 0, 83]],

[ 55, 25, 0,[ 32, 16, 87, 84]],

[ 96, 5, 0,[ 86, 5, 53]],

[ 87, 25, 1,[ 55, 33, 72, 58]],

[ 94, 15, 0,[ 67, 50, 27]],

[ 98, 25, 1,[ 92, 81, 74]],

[ 95, 65, 1,[ 90, 13, 40]],

[ 81, 35, 1,[ 18, 41, 98, 38]],

[ 66, 25, 1,[ 35, 99, 11]],

[ 29, 75, 1,[ 11, 30, 25, 60]],

[ 44, 25, 0,[ 83, 62, 75, 36, 78]],

[ 7, 25, 1,[ 82, 14, 2, 61]],

[ 82, 55, 0,[ 12, 7, 69, 67]],

[ 77, 55, 1,[ 6, 91, 71]],

[ 89, 65, 1,[ 40, 56, 54, 93, 99]],

[ 48, 35, 1,[ 33, 6, 0, 36]],

[ 84, 75, 0,[ 55, 85, 80]],

[ 90, 25, 0,[ 51, 11, 95, 36]],

[ 17, 55, 1,[ 86, 64, 10, 93, 71]],

[ 91, 75, 1,[ 77, 62, 45]],

[ 70, 65, 1,[ 0, 35, 28]],

[ 24, 55, 1,[ 59, 41, 72]],

[ 61, 55, 0,[ 7, 10, 59, 40]],

[ 20, 55, 1,[ 49, 11, 21]],

[ 54, 65, 0,[ 89, 16]],

[ 11, 25, 0,[ 29, 66, 90, 4, 20]],

[ 15, 55, 1,[ 19, 8, 12]],

[ 73, 75, 1,[ 45, 60, 69]],

[ 93, 95, 0,[ 80, 17, 89]],

[ 72, 95, 0,[ 24, 87, 22]],

[ 60, 75, 0,[ 73, 29, 14]],

[ 49, 25, 0,[ 20, 99, 26]],

[ 4, 75, 1,[ 19, 30, 11]],

[ 45, 75, 0,[ 73, 76, 91, 97]],

[ 68, 95, 1,[ 26, 75, 86, 74, 92, 33]],

[ 21, 85, 1,[ 26, 20, 58, 65]],

[ 31, 35, 0,[ 85, 16, 47]],

[ 79, 95, 1,[ 39, 42, 85, 80]],

[ 0, 25, 1,[ 70, 88, 13, 48, 76]],

[ 42, 5, 0,[ 52, 79, 69]],

[ 2, 55, 0,[ 51, 7, 92]],

[ 56, 65, 0,[ 89, 35, 3]],

[ 6, 55, 0,[ 71, 22, 48, 65, 77]],

[ 36, 25, 0,[ 48, 34, 62, 90, 44]],

[ 40, 65, 0,[ 61, 89, 95]],

[ 52, 75, 1,[ 97, 42, 53, 27]],

[ 46, 25, 0,[ 13, 23, 63, 64]],

[ 15, 25, 1,[ 89, 12, 10]],

[ 44, 95, 0,[ 75, 67, 23]],

[ 25, 65, 1,[ 74, 99, 39, 54]],

[ 28, 55, 1,[ 52, 81, 36, 30]],

[ 74, 65, 0,[ 62, 18, 25]],

[ 18, 95, 0,[ 4, 74, 40]],

[ 58, 45, 0,[ 85, 55, 69]],

[ 78, 25, 0,[ 31, 97, 12]],

[ 69, 25, 0,[ 96, 58, 6]],

[ 53, 35, 1,[ 66, 86, 39, 94]],

[ 7, 45, 1,[ 60, 31, 35]],

[ 24, 75, 1,[ 94, 83, 67, 37]],

[ 80, 35, 0,[ 45, 52, 32]],

[ 19, 35, 1,[ 62, 13, 46, 21]],

[ 26, 25, 0,[ 97, 63, 70]],

[ 98, 35, 0,[ 94, 91, 33]],

[ 60, 45, 0,[ 7, 88, 83]],

[ 33, 35, 1,[ 98, 4, 66]],

[ 52, 35, 0,[ 80, 28, 5]],

[ 95, 25, 0,[ 12, 14, 57, 21, 6]],

[ 12, 15, 1,[ 50, 41, 93, 92, 11, 78, 95, 51, 15]],

[ 49, 95, 1,[ 37, 6, 79, 29, 76]],

[ 76, 55, 1,[ 22, 92, 49]],

[ 86, 35, 0,[ 48, 53, 31]],

[ 40, 15, 1,[ 23, 20, 18, 88]],

[ 72, 5, 1,[ 29, 3, 65, 14]],

[ 87, 75, 1,[ 47, 62, 82]],

[ 47, 95, 0,[ 9, 87, 79]],

[ 57, 65, 1,[ 95, 71]],

[ 20, 95, 1,[ 42, 32, 40]],

[ 30, 45, 0,[ 3, 28, 85]],

[ 5, 65, 1,[ 52, 1, 0]],

[ 43, 35, 0,[ 31, 21, 0]],

[ 93, 75, 0,[ 12, 64]],

[ 55, 5, 1,[ 17, 91, 58, 34, 65]],

[ 48, 35, 0,[ 86, 99, 10]],

[ 8, 35, 0,[ 36, 94, 89]],

[ 36, 45, 0,[ 83, 8, 28]],

[ 88, 45, 1,[ 60, 40, 65, 14]],

[ 50, 25, 1,[ 84, 12]],

[ 2, 25, 0,[ 16, 89, 31]],

[ 16, 25, 0,[ 96, 2]],

[ 54, 75, 1,[ 3, 25, 64]],

[ 59, 75, 0,[ 64, 11, 90]],

[ 99, 35, 1,[ 77, 48, 56, 25]],

[ 64, 75, 1,[ 70, 54, 59, 93]],

[ 22, 95, 0,[ 13, 76, 37]],

[ 91, 45, 1,[ 55, 34, 98]],

[ 81, 5, 1,[ 28, 41, 38]],

[ 10, 25, 1,[ 41, 63, 15, 48]],

[ 0, 35, 0,[ 31, 43, 5, 4]],

[ 17, 45, 1,[ 55, 38, 51]],

[ 45, 45, 1,[ 4, 80, 73]],

[ 71, 65, 0,[ 57, 39, 70]],

[ 14, 55, 0,[ 72, 88, 95]],

[ 3, 25, 1,[ 30, 23, 21, 56, 54, 72]],

[ 84, 25, 0,[ 96, 11, 50, 46, 29]],

[ 68, 35, 1,[ 70, 75, 61]],

[ 90, 75, 1,[ 59, 83, 66]],

[ 37, 95, 0,[ 49, 24, 22]],

[ 63, 65, 1,[ 26, 6, 10, 85, 42]],

[ 70, 65, 1,[ 26, 64, 68, 71]],

[ 82, 35, 1,[ 42, 61, 87]],

[ 34, 45, 0,[ 55, 61, 91]],

[ 73, 35, 0,[ 21, 45, 27]],

[ 29, 45, 0,[ 49, 84, 72]],

[ 92, 95, 0,[ 76, 12]],

[ 85, 95, 1,[ 30, 58, 63, 27]],

[ 35, 95, 0,[ 9, 7, 75]],

[ 46, 95, 0,[ 19, 84]],

[ 79, 95, 1,[ 47, 49, 32]],

[ 65, 45, 1,[ 72, 88, 55]],

[ 4, 35, 0,[ 45, 18, 33, 0]],

[ 51, 65, 1,[ 31, 12, 17]],

[ 83, 45, 0,[ 24, 90, 36, 60]],

[ 94, 25, 1,[ 24, 98, 53, 8]],

[ 89, 25, 0,[ 8, 15, 2]],

[ 9, 95, 1,[ 47, 38, 35]],

[ 31, 85, 1,[ 62, 86, 43, 0, 78, 2, 51, 7, 27]],

[ 97, 25, 0,[ 38, 26, 56, 78, 1]],

[ 66, 25, 1,[ 11, 90, 33, 53]],

[ 75, 95, 0,[ 35, 42, 44, 68]],

[ 13, 95, 0,[ 19, 1, 22, 77]],

[ 1, 95, 1,[ 97, 13, 5]],

[ 67, 95, 0,[ 24, 38, 44]],

[ 56, 25, 0,[ 97, 3, 99]],

[ 32, 65, 1,[ 79, 80, 20]],

[ 77, 95, 0,[ 99, 13, 11]],

[ 23, 95, 1,[ 40, 44, 3]],

[ 21, 35, 1,[ 73, 95, 3, 43, 19]],

[ 62, 65, 0,[ 19, 74, 31, 87]],

[ 96, 25, 0,[ 84, 16, 69]],

[ 38, 55, 1,[ 67, 97, 81, 9, 17]],

[ 42, 95, 0,[ 75, 82, 20, 63]],

[ 6, 25, 1,[ 63, 49, 69, 95]],

[ 41, 25, 0,[ 12, 10, 81]],

[ 11, 15, 1,[ 12, 77, 84, 59, 66]],

[ 39, 65, 0,[ 25, 53, 71]],

[ 61, 35, 1,[ 68, 82, 34]],

[ 27, 85, 0,[ 31, 73, 85]],

