[ 90, 75, 0,[ 17, 64, 98]],

[ 60, 25, 0,[ 30, 92, 71]],

[ 4, 75, 0,[ 31, 12, 14]],

[ 0, 15, 0,[ 55, 26, 15]],

[ 43, 75, 0,[ 14, 87, 67, 46, 88, 49]],

[ 72, 45, 0,[ 35, 41, 73, 74]],

[ 31, 75, 0,[ 83, 4, 23, 71, 61]],

[ 41, 45, 0,[ 72, 93, 1, 2]],

[ 81, 75, 0,[ 70, 7, 26]],

[ 84, 35, 0,[ 48, 5, 82]],

[ 52, 25, 0,[ 21, 26, 18, 7]],

[ 27, 75, 0,[ 96, 95, 71]],

[ 20, 45, 0,[ 56, 28, 64]],

[ 32, 75, 0,[ 18, 56, 51]],

[ 47, 75, 0,[ 26, 57, 33]],

[ 10, 95, 0,[ 26, 93, 91]],

[ 91, 95, 0,[ 45, 58, 10, 79]],

[ 98, 15, 1,[ 90, 85, 49, 3, 29, 62, 58]],

[ 48, 35, 0,[ 30, 2, 84]],

[ 97, 75, 0,[ 29, 23, 82]],

[ 96, 75, 0,[ 89, 23, 27]],

[ 65, 25, 0,[ 36, 92, 34]],

[ 82, 55, 1,[ 63, 24, 80, 36, 19, 84, 99, 68, 97, 59]],

[ 45, 95, 0,[ 71, 93, 91, 73]],

[ 51, 75, 0,[ 40, 32, 86, 16, 92]],

[ 40, 75, 0,[ 93, 11, 56, 51]],

[ 34, 25, 0,[ 68, 65, 77]],

[ 18, 25, 0,[ 32, 52, 92, 8]],

[ 69, 75, 0,[ 71, 26, 36]],

[ 59, 25, 0,[ 93, 39, 82]],

[ 42, 25, 0,[ 92, 23, 30]],

[ 74, 45, 0,[ 44, 72, 26, 87]],

[ 16, 75, 0,[ 7, 51, 87]],

[ 85, 95, 0,[ 76, 98, 93]],

[ 77, 45, 0,[ 34, 76, 66, 87]],

[ 58, 75, 0,[ 38, 91, 98, 83]],

[ 92, 55, 1,[ 51, 11, 18, 60, 42, 5, 21, 57, 13, 87, 62, 64, 65, 22, 95]],

[ 50, 45, 0,[ 7, 2]],

[ 8, 45, 0,[ 3, 18, 2]],

[ 37, 25, 0,[ 2, 13, 49]],

[ 64, 45, 0,[ 90, 20, 92, 23]],

[ 2, 15, 1,[ 41, 53, 67, 6, 7, 50, 12, 56, 8, 37, 38, 17, 48, 99, 25]],

[ 35, 45, 0,[ 72, 56, 62]],

[ 88, 75, 0,[ 39, 93, 43]],

[ 39, 75, 0,[ 59, 88, 87]],

[ 79, 85, 0,[ 56, 26, 91]],

[ 25, 75, 0,[ 2, 57, 24, 9]],

[ 19, 75, 0,[ 80, 82, 66, 83]],

[ 28, 45, 0,[ 44, 61, 26, 20]],

[ 80, 75, 0,[ 94, 78, 19, 82, 63, 75]],

[ 53, 45, 0,[ 87, 2, 55]],

[ 75, 75, 0,[ 9, 87, 11, 80]],

[ 55, 15, 0,[ 23, 53, 0, 86]],

[ 9, 75, 0,[ 75, 25, 23]],

[ 76, 95, 0,[ 93, 85, 77]],

[ 24, 95, 0,[ 93, 82, 25]],

[ 54, 75, 0,[ 23, 94, 70]],

[ 86, 15, 0,[ 55, 71, 51]],

[ 67, 75, 0,[ 26, 2, 43]],

[ 70, 75, 0,[ 14, 81, 56, 54]],

[ 61, 85, 0,[ 56, 31, 28]],

[ 13, 25, 0,[ 92, 37, 26]],

[ 33, 75, 0,[ 78, 47, 93, 89]],

[ 99, 45, 0,[ 56, 2, 82, 22]],

[ 78, 75, 0,[ 6, 80, 33]],

[ 46, 75, 0,[ 26, 38, 43]],

[ 30, 25, 0,[ 87, 60, 57, 42, 48, 68]],

[ 89, 75, 0,[ 22, 96, 33]],

[ 12, 5, 0,[ 4, 2, 71]],

[ 71, 15, 1,[ 86, 69, 45, 31, 12, 27, 83, 60, 63]],

[ 11, 75, 0,[ 92, 40, 75]],

[ 21, 25, 0,[ 68, 92, 52]],

[ 5, 35, 0,[ 92, 87, 84]],

[ 49, 75, 0,[ 98, 43, 44, 37]],

[ 3, 65, 0,[ 95, 98, 8]],

[ 57, 25, 0,[ 30, 92, 47, 25]],

[ 38, 75, 0,[ 46, 2, 58]],

[ 68, 25, 0,[ 30, 82, 34, 21]],

[ 63, 25, 0,[ 71, 80, 82]],

[ 95, 65, 0,[ 3, 92, 27]],

[ 1, 45, 0,[ 23, 36, 41]],

[ 62, 45, 0,[ 92, 6, 87, 98, 35]],

[ 87, 25, 1,[ 53, 39, 43, 5, 77, 74, 62, 30, 75, 92, 16]],

[ 7, 75, 0,[ 50, 52, 81, 16, 2]],

[ 66, 45, 0,[ 77, 19]],

[ 93, 55, 1,[ 41, 45, 24, 33, 40, 85, 59, 88, 10, 76, 15]],

[ 23, 65, 1,[ 97, 1, 55, 96, 42, 73, 31, 54, 64, 9]],

[ 17, 75, 0,[ 2, 90, 14]],

[ 6, 45, 0,[ 78, 62, 2]],

[ 83, 75, 0,[ 71, 31, 19, 58]],

[ 36, 75, 0,[ 69, 1, 82, 65]],

[ 15, 75, 0,[ 0, 29, 93]],

[ 44, 45, 0,[ 28, 74, 49]],

[ 94, 75, 0,[ 80, 26, 54]],

[ 29, 75, 0,[ 97, 15, 98]],

[ 22, 35, 0,[ 92, 89, 99]],

[ 73, 15, 0,[ 72, 45, 23, 56]],

[ 14, 75, 0,[ 17, 43, 70, 4]],

[ 26, 35, 1,[ 10, 94, 79, 13, 0, 69, 47, 52, 67, 28, 46, 81, 74]],

[ 56, 95, 1,[ 99, 35, 73, 40, 32, 70, 79, 2, 20, 61]],

[ 76, 5, 0,[ 23, 35, 64]],

[ 39, 5, 0,[ 62, 80, 23]],

[ 85, 55, 0,[ 83, 63, 74, 48, 9]],

[ 1, 45, 0,[ 64, 27, 41]],

[ 38, 5, 0,[ 19, 64, 36]],

[ 61, 5, 0,[ 47, 22]],

[ 50, 75, 0,[ 33, 54, 96, 52, 6]],

[ 90, 15, 0,[ 54, 68, 22]],

[ 28, 75, 0,[ 33, 91, 63, 98]],

[ 80, 75, 1,[ 81, 31, 58, 68, 5, 41, 93, 60, 69, 39, 88, 94]],

[ 40, 5, 0,[ 75, 55, 43, 46]],

[ 72, 5, 0,[ 30, 21, 34]],

[ 51, 5, 0,[ 23, 12, 92, 91]],

[ 83, 55, 0,[ 22, 91, 85]],

[ 8, 5, 0,[ 54, 82, 10, 25, 27]],

[ 34, 5, 0,[ 91, 72, 32, 74]],

[ 41, 45, 0,[ 1, 80, 2]],

[ 14, 95, 0,[ 21, 43, 22]],

[ 84, 5, 0,[ 55, 71, 16, 5]],

[ 81, 15, 0,[ 80, 91, 54]],

[ 70, 5, 0,[ 4, 5, 78]],

[ 2, 55, 0,[ 41, 5, 89]],

[ 11, 5, 0,[ 57, 98]],

[ 87, 5, 0,[ 48, 22, 65]],

[ 36, 5, 0,[ 5, 16, 38, 32]],

[ 64, 85, 1,[ 38, 47, 6, 79, 62, 29, 1, 92, 94, 74, 96, 76, 60, 54]],

[ 33, 75, 0,[ 13, 28, 50]],

[ 99, 45, 0,[ 95, 98, 27]],

[ 45, 5, 0,[ 24, 43, 77]],

[ 95, 45, 0,[ 99, 92, 91]],

[ 58, 25, 0,[ 27, 80, 35]],

[ 7, 45, 0,[ 22, 5, 27]],

[ 26, 15, 0,[ 37, 27, 54]],

[ 10, 15, 0,[ 8, 98, 0]],

[ 35, 5, 0,[ 58, 17, 97, 5, 18, 76]],

[ 44, 45, 0,[ 5, 98, 3]],

[ 31, 5, 0,[ 80, 88, 68, 66, 53]],

[ 82, 5, 0,[ 8, 86, 30, 42]],

[ 4, 5, 0,[ 92, 94, 70, 53]],

[ 79, 5, 0,[ 86, 64, 68, 54]],

[ 59, 5, 0,[ 86, 46, 43]],

[ 67, 45, 0,[ 27, 24, 60]],

[ 78, 5, 0,[ 54, 70, 97]],

[ 55, 5, 0,[ 93, 84, 40]],

[ 62, 5, 0,[ 47, 64, 29, 39]],

[ 97, 5, 0,[ 78, 12, 35, 49]],

[ 75, 15, 0,[ 54, 48, 40]],

[ 23, 5, 0,[ 76, 39, 5, 51]],

[ 60, 45, 0,[ 80, 67, 64]],

[ 98, 35, 1,[ 28, 52, 11, 44, 77, 99, 22, 10]],

[ 5, 55, 1,[ 73, 23, 13, 35, 36, 84, 9, 44, 12, 80, 2, 30, 70, 3, 7]],

[ 89, 55, 0,[ 77, 2, 91]],

[ 49, 5, 0,[ 43, 47, 97]],

[ 37, 55, 0,[ 26, 9, 91]],

[ 15, 95, 0,[ 22, 27, 43]],

[ 77, 55, 0,[ 98, 89, 45, 43]],

[ 12, 5, 0,[ 5, 51, 97]],

[ 0, 95, 0,[ 65, 52, 22, 10]],

[ 30, 5, 0,[ 82, 72, 43, 5]],

[ 24, 5, 0,[ 47, 67, 71, 45]],

[ 93, 5, 0,[ 55, 56, 80]],

[ 96, 25, 0,[ 64, 21, 50]],

[ 53, 5, 0,[ 31, 4, 48]],

[ 57, 5, 0,[ 19, 69, 11, 27]],

[ 69, 25, 0,[ 57, 43, 80]],

[ 66, 5, 0,[ 25, 31, 48]],

[ 27, 75, 1,[ 57, 92, 56, 7, 99, 8, 15, 20, 67, 21, 25, 13, 26, 58, 1]],

[ 94, 45, 0,[ 64, 4, 80]],

[ 86, 5, 0,[ 79, 82, 59]],

[ 19, 5, 0,[ 29, 18, 57, 38]],

[ 6, 75, 0,[ 50, 63, 91, 64]],

[ 42, 5, 0,[ 54, 17, 82]],

[ 29, 5, 0,[ 62, 19, 64]],

[ 47, 5, 0,[ 61, 62, 64, 91, 49, 24]],

[ 16, 5, 0,[ 54, 84, 36]],

[ 3, 45, 0,[ 5, 54, 44]],

[ 18, 5, 0,[ 19, 35, 48]],

[ 32, 5, 0,[ 48, 36, 34]],

[ 48, 75, 1,[ 18, 21, 87, 53, 32, 85, 75, 66]],

[ 9, 55, 0,[ 85, 37, 5]],

[ 92, 45, 0,[ 95, 4, 64, 51, 27]],

[ 54, 25, 1,[ 16, 78, 75, 90, 81, 65, 26, 8, 64, 79, 42, 3, 50]],

[ 22, 65, 1,[ 71, 0, 98, 87, 14, 83, 7, 90, 56, 61, 15]],

[ 88, 5, 0,[ 31, 46, 80]],

[ 91, 55, 1,[ 37, 83, 34, 81, 51, 47, 28, 6, 95, 89, 73]],

[ 43, 95, 1,[ 30, 45, 49, 69, 14, 15, 59, 77, 40]],

[ 56, 5, 0,[ 22, 27, 93]],

[ 63, 75, 0,[ 6, 28, 85]],

[ 52, 75, 0,[ 98, 0, 50]],

[ 74, 5, 0,[ 34, 85, 64]],

[ 20, 45, 0,[ 27, 73, 46]],

[ 65, 5, 0,[ 0, 17, 54, 87]],

[ 68, 5, 0,[ 31, 90, 79, 80]],

[ 17, 5, 0,[ 35, 65, 42]],

[ 13, 45, 0,[ 27, 33, 5]],

[ 21, 45, 0,[ 96, 14, 27, 48, 72]],

[ 71, 5, 0,[ 84, 22, 24]],

[ 73, 45, 0,[ 91, 5, 20]],

[ 46, 5, 0,[ 59, 20, 40, 88]],

[ 25, 5, 0,[ 66, 8, 27]],

