[ 91, 5, 0,[ 34, 66, 49]],

[ 35, 5, 0,[ 77, 14, 58, 34, 59]],

[ 11, 35, 0,[ 89, 29, 33]],

[ 53, 35, 0,[]],

[ 22, 75, 0,[ 50, 26, 13, 29]],

[ 44, 95, 0,[ 96, 43, 67, 37, 14]],

[ 59, 55, 1,[ 32, 52, 70, 23, 62, 16, 67, 35, 87, 92, 18]],

[ 88, 5, 0,[ 38, 85, 71]],

[ 48, 85, 0,[ 66, 55, 76, 68]],

[ 92, 55, 0,[ 4, 56, 59]],

[ 55, 35, 0,[ 81, 4, 48]],

[ 34, 15, 1,[ 74, 76, 35, 93, 32, 81, 40, 5, 24, 87, 72, 91]],

[ 80, 75, 0,[ 15, 0, 50, 54]],

[ 94, 45, 0,[ 97, 7, 6, 8]],

[ 79, 45, 0,[ 8, 5, 66]],

[ 3, 85, 0,[ 47, 60, 61, 20]],

[ 47, 75, 0,[ 3, 82, 24]],

[ 68, 75, 0,[ 23, 50, 48, 25]],

[ 49, 45, 0,[ 19, 91, 8]],

[ 58, 35, 0,[ 99, 25, 35]],

[ 63, 35, 0,[ 89, 46, 81]],

[ 2, 65, 0,[ 98, 56, 9, 32]],

[ 83, 75, 0,[ 78, 32, 50]],

[ 66, 5, 0,[ 0, 21, 79, 48, 91]],

[ 46, 35, 0,[ 28, 7, 63]],

[ 32, 5, 0,[ 2, 59, 34, 83]],

[ 15, 35, 0,[ 30, 8, 73, 80]],

[ 31, 35, 0,[ 98, 54, 13]],

[ 64, 75, 0,[ 67, 51, 14, 75]],

[ 33, 85, 0,[ 11, 76, 19, 72]],

[ 75, 75, 0,[ 57, 64, 16, 8]],

[ 57, 75, 0,[ 37, 75, 95]],

[ 89, 35, 1,[ 7, 69, 5, 95, 63, 11, 42]],

[ 67, 55, 0,[ 44, 64, 59]],

[ 30, 35, 0,[ 15, 73, 77, 13]],

[ 93, 5, 0,[ 34, 85, 21]],

[ 61, 85, 0,[ 14, 54, 3]],

[ 52, 55, 0,[ 59, 19, 1, 20, 65]],

[ 82, 75, 0,[ 73, 76, 47]],

[ 85, 85, 0,[ 54, 93, 88]],

[ 73, 35, 0,[ 13, 82, 15, 30]],

[ 65, 55, 0,[ 13, 52, 45]],

[ 87, 5, 0,[ 59, 34, 8]],

[ 1, 5, 0,[ 12, 52, 21]],

[ 36, 85, 0,[ 14, 19, 38]],

[ 42, 35, 0,[ 6, 89, 13]],

[ 12, 5, 1,[ 40, 56, 1, 70, 90, 14, 96, 60, 43, 16]],

[ 69, 35, 0,[ 89, 72, 54]],

[ 26, 45, 0,[ 90, 22, 8]],

[ 28, 75, 0,[ 9, 50, 46]],

[ 20, 75, 1,[ 3, 52, 96, 60]],

[ 19, 85, 0,[ 49, 33, 36, 14, 52, 41]],

[ 40, 5, 0,[ 99, 34, 12]],

[ 51, 75, 0,[ 97, 45, 64, 39, 6, 50]],

[ 39, 85, 0,[ 51, 14, 9]],

[ 56, 5, 0,[ 92, 12, 2]],

[ 43, 95, 0,[ 12, 29, 44]],

[ 8, 45, 1,[ 94, 95, 79, 62, 15, 87, 75, 26, 49, 27, 99]],

[ 90, 85, 0,[ 26, 9, 14, 12]],

[ 23, 55, 0,[ 81, 68, 59]],

[ 29, 95, 0,[ 22, 11, 43]],

[ 96, 5, 0,[ 20, 12, 44]],

[ 78, 5, 0,[ 83, 27, 74]],

[ 25, 35, 0,[ 72, 58, 68]],

[ 5, 5, 0,[ 34, 89, 79]],

[ 98, 65, 0,[ 31, 71, 2]],

[ 54, 65, 1,[ 80, 61, 31, 10, 69, 85, 97, 41]],

[ 72, 5, 0,[ 25, 86, 69, 33, 34]],

[ 9, 65, 0,[ 2, 39, 90, 10, 28]],

[ 74, 5, 0,[ 0, 78, 17, 38, 34]],

[ 27, 45, 0,[ 78, 13, 95, 8]],

[ 14, 85, 1,[ 39, 61, 12, 71, 19, 64, 36, 35, 90, 44, 13]],

[ 17, 5, 0,[ 74, 84, 70]],

[ 10, 85, 0,[ 9, 81, 54]],

[ 37, 95, 0,[ 84, 44, 57]],

[ 4, 75, 0,[ 50, 92, 55, 86]],

[ 0, 5, 0,[ 80, 66, 74]],

[ 50, 75, 1,[ 28, 45, 18, 80, 83, 21, 51, 22, 77, 4, 68, 84]],

[ 70, 55, 0,[ 12, 17, 59]],

[ 95, 75, 0,[ 8, 27, 89, 57]],

[ 16, 55, 0,[ 12, 59, 75]],

[ 62, 55, 0,[ 8, 59, 18]],

[ 76, 85, 0,[ 33, 48, 34, 82]],

[ 71, 85, 0,[ 98, 88, 14]],

[ 97, 75, 0,[ 51, 94, 54]],

[ 86, 75, 0,[ 4, 72, 99]],

[ 60, 85, 0,[ 3, 12, 20]],

[ 13, 5, 1,[ 30, 22, 27, 31, 14, 65, 42, 73]],

[ 6, 75, 0,[ 94, 42, 51]],

[ 99, 45, 0,[ 86, 8, 58, 40]],

[ 18, 55, 0,[ 50, 59, 62]],

[ 7, 35, 0,[ 94, 46, 89]],

[ 41, 85, 0,[ 24, 54, 19, 38]],

[ 45, 75, 0,[ 65, 51, 21, 50]],

[ 38, 5, 0,[ 74, 88, 36, 41]],

[ 81, 5, 0,[ 63, 34, 55, 10, 23]],

[ 24, 5, 0,[ 34, 47, 41]],

[ 84, 75, 0,[ 37, 50, 17]],

[ 77, 75, 0,[ 50, 35, 30]],

[ 21, 75, 0,[ 66, 45, 50, 93, 1]],

[ 21, 25, 0,[ 96, 70, 93]],

[ 39, 25, 0,[ 2, 33, 40]],

[ 30, 25, 0,[ 75, 61, 45]],

[ 85, 25, 0,[ 4, 9, 13]],

[ 67, 25, 0,[ 95, 14, 97]],

[ 38, 25, 0,[ 2, 34, 27]],

[ 45, 25, 0,[ 30, 49, 22]],

[ 52, 25, 0,[ 37, 76, 15]],

[ 81, 75, 0,[ 4, 43]],

[ 10, 25, 0,[ 72, 43, 97]],

[ 77, 75, 0,[ 43, 15]],

[ 56, 25, 0,[ 4, 95, 74]],

[ 98, 25, 0,[ 51, 47, 28, 16]],

[ 36, 25, 0,[ 63, 46, 69, 19]],

[ 96, 25, 0,[ 95, 21, 6, 24]],

[ 63, 25, 1,[ 36, 41, 44, 54, 61, 99, 47, 53, 8]],

[ 34, 15, 1,[ 88, 32, 37, 7, 38, 62]],

[ 50, 25, 0,[ 66, 14, 47]],

[ 65, 25, 0,[ 55, 31, 68]],

[ 25, 25, 0,[ 37, 28, 94]],

[ 3, 25, 0,[ 76, 20]],

[ 92, 75, 0,[ 7, 32, 43]],

[ 42, 25, 0,[ 32, 75, 86]],

[ 58, 25, 0,[ 13, 87, 97]],

[ 17, 25, 0,[ 94, 46, 35, 0]],

[ 82, 25, 0,[ 93]],

[ 87, 25, 0,[ 18, 58, 54, 31]],

[ 32, 25, 1,[ 34, 69, 42, 84, 60, 92, 22]],

[ 44, 25, 0,[ 9, 43, 51, 63]],

[ 4, 25, 0,[ 85, 66, 56, 81]],

[ 61, 25, 0,[ 0, 30, 63]],

[ 49, 25, 0,[ 73, 45, 97, 41]],

[ 6, 25, 0,[ 96]],

[ 74, 25, 0,[ 56, 88, 11]],

[ 48, 25, 0,[ 89, 95, 75]],

[ 66, 25, 0,[ 50, 4]],

[ 1, 25, 0,[ 53, 43, 16]],

[ 53, 25, 0,[ 13, 63, 1]],

[ 28, 25, 0,[ 43, 98, 25]],

[ 60, 65, 0,[ 51, 32]],

[ 2, 25, 0,[ 38, 39, 93]],

[ 84, 25, 0,[ 33, 20, 32]],

[ 54, 25, 0,[ 87, 63, 23]],

[ 11, 25, 0,[ 91, 88, 74, 76]],

[ 46, 25, 0,[ 95, 36, 17]],

[ 90, 25, 0,[ 14]],

[ 99, 25, 0,[ 63, 0, 43]],

[ 57, 25, 0,[ 24, 83, 27]],

[ 71, 25, 0,[ 86, 94, 75, 41]],

[ 64, 25, 0,[ 8, 37, 94]],

[ 80, 25, 0,[ 33, 18]],

[ 23, 25, 0,[ 31, 9, 40, 54]],

[ 79, 25, 0,[ 24, 78, 68, 18]],

[ 20, 25, 0,[ 93, 84, 26, 3]],

[ 83, 25, 0,[ 57, 76, 22]],

[ 41, 25, 0,[ 63, 71, 49]],

[ 51, 25, 0,[ 60, 98, 44]],

[ 0, 25, 0,[ 61, 99, 18, 17]],

[ 8, 25, 0,[ 94, 63, 64]],

[ 16, 25, 0,[ 1, 98, 9, 5]],

[ 19, 25, 0,[ 59, 36, 78]],

[ 55, 25, 0,[ 95, 31, 65]],

[ 72, 25, 0,[ 76, 10, 89]],

[ 93, 25, 0,[ 22, 2, 21, 82, 20]],

[ 37, 25, 0,[ 18, 34, 25, 52, 64]],

[ 47, 25, 0,[ 98, 63, 50]],

[ 31, 25, 0,[ 23, 87, 65, 55]],

[ 26, 25, 0,[ 12, 20, 70, 91]],

[ 22, 25, 0,[ 93, 83, 32, 45]],

[ 88, 25, 0,[ 74, 34, 11]],

[ 13, 25, 1,[ 53, 12, 89, 73, 85, 14, 58, 78]],

[ 33, 25, 0,[ 80, 39, 84]],

[ 78, 25, 0,[ 19, 62, 13, 79]],

[ 29, 25, 0,[ 95]],

[ 12, 25, 0,[ 13, 35, 26]],

[ 59, 25, 0,[ 43, 19, 94]],

[ 86, 25, 0,[ 71, 76, 42]],

[ 94, 15, 1,[ 17, 25, 64, 73, 5, 8, 59, 71]],

[ 9, 25, 0,[ 16, 44, 23, 85]],

[ 5, 25, 0,[ 94, 16, 76]],

[ 95, 85, 1,[ 46, 29, 69, 48, 55, 96, 67, 56]],

[ 69, 25, 0,[ 32, 36, 95]],

[ 7, 25, 0,[ 92, 40, 34]],

[ 27, 25, 0,[ 57, 38, 91]],

[ 73, 25, 0,[ 94, 49, 13]],

[ 75, 85, 1,[ 71, 42, 48, 30, 15]],

[ 18, 25, 0,[ 79, 37, 80, 0, 87]],

[ 70, 25, 0,[ 26, 62, 21]],

[ 62, 25, 0,[ 78, 34, 70]],

[ 89, 25, 0,[ 72, 13, 48]],

[ 24, 25, 0,[ 79, 96, 15, 57]],

[ 14, 25, 1,[ 67, 90, 13, 50]],

[ 91, 25, 0,[ 11, 26, 27]],

[ 97, 25, 0,[ 67, 58, 10, 49]],

[ 40, 25, 0,[ 39, 7, 23]],

[ 35, 25, 0,[ 17, 12]],

[ 43, 35, 1,[ 44, 59, 28, 1, 77, 81, 92, 99, 10]],

[ 68, 25, 0,[ 76, 79, 65]],

[ 15, 25, 0,[ 77, 75, 24, 52]],

[ 76, 15, 1,[ 86, 52, 3, 11, 72, 68, 5, 83]],

