[ 23, 45, 0,[]],

[ 39, 45, 0,[ 33, 88]],

[ 50, 75, 0,[ 75, 41, 59]],

[ 92, 75, 0,[ 24, 22]],

[ 98, 15, 0,[ 41]],

[ 61, 15, 0,[ 30, 72, 9]],

[ 11, 55, 0,[]],

[ 52, 15, 0,[ 48, 99, 9, 76]],

[ 9, 15, 0,[ 49, 52, 61]],

[ 26, 65, 0,[]],

[ 74, 15, 0,[ 80, 48, 40, 99, 5]],

[ 45, 55, 0,[]],

[ 60, 35, 0,[]],

[ 30, 15, 0,[ 80, 61, 40]],

[ 93, 65, 0,[]],

[ 54, 65, 0,[ 91, 75, 24]],

[ 94, 65, 0,[ 2, 25, 14]],

[ 34, 55, 0,[]],

[ 87, 65, 0,[ 25]],

[ 80, 85, 1,[ 3, 74, 28, 44, 30, 42, 0, 51]],

[ 79, 75, 0,[ 22, 99]],

[ 24, 65, 0,[ 18, 54, 5, 92]],

[ 57, 65, 0,[ 8, 20, 83]],

[ 78, 75, 0,[ 4, 5, 62, 36]],

[ 51, 45, 0,[ 83, 80, 33]],

[ 70, 75, 0,[]],

[ 71, 75, 0,[]],

[ 38, 45, 0,[]],

[ 28, 85, 0,[ 65, 80, 25]],

[ 40, 15, 1,[ 74, 1, 27, 12, 30]],

[ 35, 55, 0,[]],

[ 27, 15, 0,[ 40]],

[ 17, 45, 0,[ 33, 64, 0, 65]],

[ 19, 45, 0,[ 67, 56, 1]],

[ 12, 45, 0,[ 40, 33, 67]],

[ 86, 65, 0,[]],

[ 85, 55, 0,[]],

[ 22, 75, 1,[ 41, 92, 8, 79]],

[ 81, 15, 0,[]],

[ 5, 65, 0,[ 78, 20, 24, 46, 74]],

[ 42, 85, 0,[ 1, 80, 76]],

[ 8, 65, 0,[ 57, 22, 18]],

[ 99, 15, 0,[ 74, 52, 79]],

[ 13, 75, 0,[]],

[ 29, 45, 0,[ 96]],

[ 83, 45, 0,[ 57, 36, 51, 67]],

[ 88, 45, 0,[ 1, 39, 3]],

[ 84, 65, 0,[]],

[ 21, 55, 0,[]],

[ 73, 75, 0,[]],

[ 65, 45, 0,[ 17, 28, 96, 64]],

[ 2, 65, 0,[ 46, 94, 91]],

[ 68, 45, 0,[]],

[ 82, 45, 0,[]],

[ 90, 75, 0,[]],

[ 56, 45, 0,[ 19]],

[ 96, 45, 0,[ 29, 65, 72]],

[ 18, 65, 0,[ 3, 8, 24, 14]],

[ 55, 75, 0,[]],

[ 75, 75, 0,[ 48, 50, 54]],

[ 62, 75, 0,[ 78, 48, 32]],

[ 49, 15, 0,[ 9]],

[ 89, 75, 0,[]],

[ 95, 75, 0,[]],

[ 33, 45, 1,[ 72, 67, 31, 12, 51, 17, 39, 77, 97]],

[ 67, 45, 0,[ 83, 12, 33, 19]],

[ 31, 75, 1,[ 1, 33, 44]],

[ 77, 45, 0,[ 33]],

[ 20, 65, 0,[ 14, 57, 5]],

[ 64, 55, 1,[ 17, 65, 36]],

[ 72, 45, 0,[ 96, 33, 61]],

[ 6, 85, 0,[]],

[ 25, 65, 1,[ 94, 28, 87]],

[ 3, 65, 0,[ 88, 18, 80]],

[ 97, 75, 0,[ 32, 33]],

[ 76, 15, 0,[ 42, 52, 41]],

[ 66, 75, 0,[]],

[ 32, 75, 0,[ 62, 97]],

[ 16, 45, 0,[ 59]],

[ 1, 35, 1,[ 31, 46, 88, 40, 42, 19]],

[ 14, 65, 0,[ 20, 18, 94]],

[ 41, 15, 1,[ 76, 22, 98, 50]],

[ 36, 45, 0,[ 64, 78, 83]],

[ 44, 85, 0,[ 80, 59, 31]],

[ 15, 55, 0,[]],

[ 63, 75, 0,[]],

[ 59, 45, 0,[ 44, 16, 50]],

[ 58, 45, 0,[]],

[ 91, 65, 0,[ 54, 2]],

[ 10, 45, 0,[]],

[ 0, 85, 0,[ 17, 80]],

[ 43, 75, 0,[]],

[ 37, 75, 0,[]],

[ 7, 75, 0,[]],

[ 47, 45, 0,[]],

[ 69, 45, 0,[]],

[ 4, 75, 0,[ 78]],

[ 46, 65, 0,[ 1, 5, 2]],

[ 48, 75, 1,[ 53, 75, 52, 74, 62]],

[ 53, 75, 0,[ 48]],

