[ 59, 95, 1,[ 62, 35, 27]],

[ 90, 35, 0,[ 38, 6, 19]],

[ 17, 35, 0,[ 31, 54, 4]],

[ 79, 95, 1,[ 86, 78, 28, 33]],

[ 95, 45, 1,[ 68, 15, 30]],

[ 30, 95, 0,[ 71, 43, 95, 67]],

[ 87, 35, 0,[ 77, 43, 39]],

[ 60, 95, 1,[ 74, 54, 18]],

[ 5, 95, 0,[ 22, 72, 7]],

[ 54, 85, 1,[ 20, 17, 64, 11, 60]],

[ 38, 55, 1,[ 33, 52, 66, 90, 35]],

[ 63, 35, 0,[ 76, 41, 67, 11]],

[ 6, 35, 0,[ 67, 2, 90]],

[ 96, 35, 0,[ 71, 58, 46]],

[ 84, 35, 0,[ 76, 99, 27]],

[ 56, 35, 1,[ 48, 77, 19, 89]],

[ 37, 95, 0,[ 23, 72, 18]],

[ 25, 5, 1,[ 29, 34, 81]],

[ 1, 95, 0,[ 29, 94, 32]],

[ 41, 15, 1,[ 63, 43, 91, 12]],

[ 76, 25, 1,[ 63, 8, 94, 84, 20]],

[ 93, 35, 0,[ 16, 67, 10]],

[ 73, 5, 1,[ 57, 78, 39, 2, 13]],

[ 69, 15, 1,[ 51, 15, 24, 50]],

[ 81, 75, 0,[ 25, 24, 42]],

[ 12, 15, 0,[ 41, 23, 80]],

[ 48, 95, 0,[ 56, 31, 53, 50]],

[ 28, 85, 1,[ 79, 22, 13]],

[ 98, 95, 0,[ 16, 53, 50]],

[ 27, 45, 1,[ 84, 77, 59]],

[ 52, 95, 0,[ 38, 66, 40]],

[ 34, 35, 0,[ 42, 25, 35]],

[ 50, 5, 1,[ 69, 64, 4, 98, 48]],

[ 0, 95, 0,[ 47, 31, 51, 99]],

[ 18, 25, 1,[ 78, 60, 37]],

[ 53, 65, 1,[ 83, 9, 26, 98, 48]],

[ 82, 25, 0,[ 80, 47, 74]],

[ 67, 55, 1,[ 46, 6, 30, 9, 93, 19, 63, 55, 65]],

[ 45, 95, 1,[ 26, 97, 40]],

[ 40, 25, 1,[ 45, 70, 52, 3]],

[ 33, 95, 0,[ 79, 38, 35]],

[ 65, 95, 0,[ 55, 11, 67]],

[ 14, 45, 0,[ 68]],

[ 83, 5, 0,[ 86, 53, 32]],

[ 77, 65, 1,[ 87, 47, 27, 75, 56]],

[ 62, 75, 1,[ 66, 91, 59, 92]],

[ 35, 95, 0,[ 34, 33, 94, 59, 38]],

[ 15, 35, 0,[ 22, 69, 95]],

[ 49, 15, 0,[ 61, 58]],

[ 68, 45, 0,[ 95, 14, 32]],

[ 51, 95, 0,[ 69, 0, 78]],

[ 42, 85, 1,[ 34, 39, 81]],

[ 8, 5, 1,[ 71, 76, 70]],

[ 89, 45, 0,[ 72, 23, 56]],

[ 44, 35, 0,[ 47, 61, 85]],

[ 94, 75, 1,[ 64, 35, 76, 74, 1, 10]],

[ 9, 45, 0,[ 13, 53, 67]],

[ 74, 25, 1,[ 94, 60, 82]],

[ 11, 95, 0,[ 65, 63, 54]],

[ 3, 35, 0,[ 29, 40, 39]],

[ 78, 35, 1,[ 18, 51, 73, 79]],

[ 75, 85, 0,[ 19, 77, 72]],

[ 66, 95, 1,[ 62, 52, 38]],

[ 61, 25, 0,[ 49, 44, 16]],

[ 46, 95, 0,[ 31, 96, 67]],

[ 64, 95, 0,[ 54, 50, 94]],

[ 2, 95, 1,[ 86, 73, 6]],

[ 20, 75, 0,[ 76, 58, 54]],

[ 19, 35, 0,[ 88, 90, 67, 75, 56]],

[ 22, 25, 1,[ 28, 5, 15, 43]],

[ 97, 35, 1,[ 92, 45, 36]],

[ 16, 75, 1,[ 93, 61, 98, 21]],

[ 80, 15, 0,[ 82, 85, 58, 12]],

[ 71, 5, 1,[ 30, 96, 7, 8]],

[ 88, 45, 1,[ 19, 92]],

[ 39, 35, 1,[ 3, 87, 73, 42]],

[ 72, 85, 1,[ 75, 36, 5, 47, 37, 89]],

[ 47, 85, 1,[ 82, 72, 0, 77, 44]],

[ 26, 95, 1,[ 53, 45, 55, 13]],

[ 91, 85, 0,[ 62, 41, 32]],

[ 70, 95, 0,[ 7, 40, 36, 8]],

[ 92, 25, 0,[ 88, 62, 97]],

[ 43, 35, 0,[ 22, 30, 41, 87]],

[ 55, 95, 0,[ 26, 67, 65]],

[ 32, 85, 1,[ 68, 57, 91, 83, 1]],

[ 86, 35, 1,[ 79, 83, 24, 2]],

[ 13, 95, 1,[ 9, 85, 73, 28, 26]],

[ 57, 95, 1,[ 73, 32, 58]],

[ 21, 85, 1,[ 16, 31, 23]],

[ 99, 35, 1,[ 0, 23, 84]],

[ 85, 45, 1,[ 13, 44, 80]],

[ 29, 35, 0,[ 1, 3, 25]],

[ 4, 25, 0,[ 17, 50]],

[ 24, 45, 1,[ 81, 86, 69, 10]],

[ 7, 35, 1,[ 5, 71, 70]],

[ 36, 85, 0,[ 70, 72, 97]],

[ 10, 35, 0,[ 24, 94, 93]],

[ 23, 65, 1,[ 37, 12, 99, 89, 21]],

[ 31, 45, 1,[ 17, 21, 48, 46, 0]],

[ 58, 15, 1,[ 80, 96, 20, 57, 49]],

