[ 40, 45, 1,[ 87, 71, 74, 35]],

[ 62, 45, 0,[ 85, 69, 71, 90, 83, 19]],

[ 5, 45, 0,[ 43, 36, 96]],

[ 44, 15, 0,[ 82, 50, 30]],

[ 93, 75, 1,[ 95, 50, 81, 57, 31]],

[ 36, 45, 0,[ 47, 7, 5]],

[ 10, 15, 0,[ 54, 31, 75]],

[ 73, 45, 0,[ 34, 20, 4]],

[ 22, 45, 0,[ 89, 76, 14]],

[ 88, 65, 1,[ 87, 60, 15]],

[ 8, 35, 0,[ 30, 90, 35]],

[ 65, 45, 0,[ 48, 38, 71]],

[ 99, 15, 0,[ 98, 74, 75, 16, 72]],

[ 79, 15, 0,[ 45, 64, 17]],

[ 0, 45, 0,[ 91, 12, 78]],

[ 69, 5, 0,[ 89, 92, 30, 62]],

[ 85, 35, 0,[ 80, 62, 45]],

[ 32, 15, 0,[ 19, 30, 74]],

[ 45, 35, 0,[ 79, 57, 66, 72, 85]],

[ 51, 45, 0,[ 41, 83, 21, 92]],

[ 98, 45, 0,[ 64, 99, 24]],

[ 38, 5, 0,[ 77, 37, 26, 65]],

[ 42, 45, 0,[ 52, 83, 53]],

[ 67, 45, 0,[ 29, 84, 33]],

[ 19, 45, 0,[ 70, 32, 66, 62]],

[ 26, 5, 0,[ 38, 55, 72]],

[ 52, 45, 0,[ 42, 53, 95]],

[ 59, 35, 0,[ 82, 46, 1, 58]],

[ 1, 35, 0,[ 59, 17, 90]],

[ 6, 5, 0,[ 3, 55, 46, 7]],

[ 54, 5, 0,[ 11, 4, 10, 87]],

[ 71, 45, 0,[ 62, 58, 40, 50, 65]],

[ 39, 15, 0,[ 78, 13, 20]],

[ 23, 45, 0,[ 94, 87, 91]],

[ 27, 15, 0,[ 7, 78, 24]],

[ 20, 45, 0,[ 87, 73, 3, 39]],

[ 75, 15, 0,[ 99, 90, 10, 25]],

[ 37, 5, 1,[ 14, 38, 96, 64]],

[ 9, 45, 0,[ 60, 84, 55]],

[ 53, 45, 0,[ 46, 42, 24, 52]],

[ 28, 85, 0,[ 34, 66, 81]],

[ 55, 5, 1,[ 61, 26, 13, 9, 6]],

[ 92, 5, 0,[ 61, 51, 69]],

[ 48, 75, 0,[ 65, 31, 14]],

[ 31, 75, 0,[ 15, 21, 56, 93, 70, 48, 10]],

[ 82, 15, 0,[ 44, 78, 97, 59]],

[ 63, 45, 0,[ 94, 12, 17, 68]],

[ 15, 75, 0,[ 4, 31, 94, 29, 88]],

[ 91, 45, 0,[ 33, 86, 23, 0]],

[ 43, 45, 0,[ 2, 33, 5, 35, 95]],

[ 33, 45, 0,[ 43, 91, 41, 13, 67]],

[ 30, 35, 0,[ 32, 44, 69, 8]],

[ 56, 45, 0,[ 31, 76, 95]],

[ 97, 5, 0,[ 25, 82, 87]],

[ 47, 85, 0,[ 34, 61, 36]],

[ 29, 45, 0,[ 15, 49, 67]],

[ 84, 45, 0,[ 9, 67, 41]],

[ 2, 45, 0,[ 86, 43, 7]],

[ 21, 75, 0,[ 31, 51, 16]],

[ 11, 85, 0,[ 54, 70, 34]],

[ 96, 35, 0,[ 18, 37, 5, 7]],

[ 24, 45, 0,[ 27, 53, 98]],

[ 35, 45, 0,[ 80, 8, 43, 40]],

[ 25, 15, 0,[ 4, 97, 75, 17]],

[ 87, 5, 1,[ 54, 20, 97, 40, 88, 23]],

[ 78, 15, 0,[ 27, 82, 0, 39]],

[ 90, 35, 0,[ 75, 8, 62, 1]],

[ 18, 35, 0,[ 74, 96, 60]],

[ 60, 35, 1,[ 88, 9, 18]],

[ 89, 15, 0,[ 22, 16, 69]],

[ 95, 45, 0,[ 52, 93, 43, 56]],

[ 49, 45, 0,[ 3, 29, 81]],

[ 57, 75, 0,[ 12, 93, 45]],

[ 17, 15, 0,[ 63, 79, 25, 58, 1, 77]],

[ 70, 75, 0,[ 11, 31, 19]],

[ 3, 45, 0,[ 49, 20, 6]],

[ 34, 85, 1,[ 47, 11, 28, 77, 73]],

[ 76, 35, 1,[ 22, 68, 56]],

[ 46, 5, 0,[ 53, 6, 59]],

[ 61, 5, 0,[ 92, 55, 47]],

[ 12, 45, 0,[ 63, 0, 57]],

[ 94, 75, 0,[ 23, 63, 15]],

[ 66, 35, 0,[ 28, 45, 19]],

[ 86, 45, 0,[ 14, 91, 2]],

[ 7, 35, 0,[ 2, 96, 27, 6, 36]],

[ 77, 15, 0,[ 17, 34, 38]],

[ 74, 15, 0,[ 32, 18, 99, 40]],

[ 41, 45, 0,[ 84, 33, 51]],

[ 72, 15, 0,[ 99, 26, 45]],

[ 64, 5, 0,[ 98, 37, 80, 79]],

[ 58, 15, 0,[ 71, 59, 17]],

[ 68, 45, 0,[ 76, 63]],

[ 80, 35, 0,[ 64, 85, 35]],

[ 13, 45, 0,[ 33, 39, 55]],

[ 4, 5, 0,[ 15, 54, 25, 73]],

[ 50, 45, 0,[ 71, 44, 93]],

[ 81, 75, 0,[ 28, 49, 93]],

[ 14, 45, 0,[ 86, 48, 37, 22]],

[ 16, 15, 1,[ 89, 99, 21]],

[ 83, 45, 0,[ 42, 62, 51]],

