[ 32, 65, 1,[ 35, 53, 23, 86, 22, 37, 91, 44, 93]],

[ 43, 55, 0,[ 71, 62, 99]],

[ 4, 45, 0,[ 26, 9, 93]],

[ 90, 55, 0,[ 29, 25, 31]],

[ 27, 55, 0,[ 29, 14, 13]],

[ 93, 45, 0,[ 32, 4, 20, 72]],

[ 78, 55, 0,[ 89, 52, 3, 60]],

[ 67, 45, 0,[ 31, 20, 55]],

[ 99, 55, 0,[ 49, 50, 43, 70, 40, 65]],

[ 57, 55, 0,[ 60, 73, 22, 84]],

[ 98, 65, 0,[ 5, 21, 23]],

[ 30, 45, 0,[ 22, 14, 28, 77, 1]],

[ 92, 75, 0,[ 11, 88, 68]],

[ 24, 55, 0,[ 48, 14, 38, 62]],

[ 29, 55, 0,[ 3, 90, 27]],

[ 31, 55, 0,[ 40, 58, 90, 67, 13]],

[ 28, 45, 0,[ 21, 74, 30]],

[ 86, 45, 0,[ 2, 32, 39]],

[ 69, 5, 0,[ 11, 35, 17]],

[ 42, 45, 0,[ 54, 7, 34]],

[ 72, 45, 0,[ 88, 39, 93]],

[ 36, 45, 0,[ 26, 97, 8]],

[ 94, 55, 0,[ 71, 62, 60]],

[ 85, 45, 0,[ 18, 41, 23]],

[ 26, 45, 0,[ 2, 36, 73, 4]],

[ 76, 55, 0,[ 11, 66, 14]],

[ 62, 55, 0,[ 53, 43, 94, 24, 55]],

[ 6, 45, 0,[ 64, 47, 1, 63]],

[ 79, 65, 1,[ 51, 14, 34, 11, 15]],

[ 60, 55, 0,[ 57, 78, 94, 46]],

[ 77, 45, 0,[ 14, 30, 19]],

[ 49, 55, 0,[ 22, 99, 71]],

[ 66, 55, 0,[ 76, 65, 73]],

[ 0, 95, 0,[ 71, 50, 81]],

[ 54, 45, 0,[ 39, 42, 22]],

[ 89, 55, 0,[ 71, 14, 78]],

[ 91, 55, 0,[ 38, 32, 14]],

[ 70, 55, 0,[ 87, 99, 48]],

[ 37, 65, 0,[ 32, 14, 5]],

[ 14, 55, 1,[ 30, 25, 7, 24, 79, 9, 27, 37, 76, 91, 96, 77, 89]],

[ 80, 65, 0,[ 82, 21, 22]],

[ 65, 55, 0,[ 66, 61, 99]],

[ 64, 45, 0,[ 58, 6, 39]],

[ 16, 45, 0,[ 51, 63, 39]],

[ 97, 45, 0,[ 41, 36, 44]],

[ 40, 55, 0,[ 31, 99, 8]],

[ 55, 45, 0,[ 71, 83, 62, 67]],

[ 56, 45, 0,[ 18, 8, 3]],

[ 3, 65, 0,[ 82, 44, 29, 56, 78]],

[ 25, 55, 0,[ 39, 90, 14]],

[ 84, 45, 0,[ 39, 57, 18]],

[ 5, 65, 0,[ 37, 44, 98]],

[ 2, 45, 0,[ 86, 75, 26]],

[ 9, 55, 0,[ 71, 4, 14]],

[ 35, 5, 0,[ 32, 69, 23]],

[ 13, 75, 0,[ 27, 31, 11]],

[ 11, 75, 1,[ 69, 92, 7, 12, 95, 59, 13, 58, 76, 79, 8, 41, 45]],

[ 17, 45, 0,[ 61, 88, 69]],

[ 46, 45, 0,[ 41, 60, 18]],

[ 83, 45, 0,[ 20, 55]],

[ 1, 45, 0,[ 30, 20, 6]],

[ 44, 65, 0,[ 3, 5, 32, 97]],

[ 38, 55, 0,[ 7, 24, 91]],

[ 63, 45, 0,[ 6, 16, 19]],

[ 10, 45, 0,[ 18, 21, 71]],

[ 33, 5, 0,[ 96, 81, 52]],

[ 88, 45, 0,[ 17, 52, 72, 92]],

[ 34, 45, 0,[ 79, 42, 39]],

[ 19, 45, 0,[ 71, 63, 77, 39]],

[ 8, 45, 0,[ 47, 56, 40, 36, 11, 39]],

[ 87, 5, 0,[ 23, 81, 70]],

[ 7, 55, 0,[ 11, 38, 14, 42, 12]],

[ 39, 45, 1,[ 34, 19, 16, 25, 72, 45, 86, 61, 64, 54, 84, 8]],

[ 73, 55, 0,[ 66, 57, 26, 12]],

[ 48, 55, 0,[ 24, 71, 70]],

[ 18, 45, 0,[ 15, 74, 46, 85, 10, 56, 84]],

[ 47, 45, 0,[ 6, 22, 8]],

[ 81, 5, 0,[ 0, 87, 33]],

[ 75, 45, 0,[ 41, 61, 2]],

[ 51, 25, 1,[ 79, 16, 95]],

[ 12, 55, 0,[ 7, 11, 73]],

[ 23, 5, 1,[ 82, 85, 32, 98, 15, 35, 87]],

[ 41, 45, 0,[ 97, 11, 46, 75, 85]],

[ 95, 5, 0,[ 51, 11, 52]],

[ 82, 65, 0,[ 3, 80, 23]],

[ 96, 5, 0,[ 14, 71, 33]],

[ 50, 55, 0,[ 99, 53, 0]],

[ 53, 55, 0,[ 32, 45, 62, 50]],

[ 15, 65, 0,[ 79, 23, 18]],

[ 59, 45, 0,[ 74, 45, 11]],

[ 21, 65, 0,[ 80, 98, 28, 10]],

[ 20, 45, 0,[ 74, 93, 1, 67, 83]],

[ 61, 45, 0,[ 75, 17, 39, 65]],

[ 58, 75, 0,[ 11, 31, 64]],

[ 45, 45, 0,[ 59, 53, 39, 11]],

[ 22, 65, 1,[ 80, 54, 52, 32, 57, 49, 30, 47]],

[ 52, 5, 1,[ 95, 78, 22, 33, 88]],

[ 68, 75, 0,[ 71, 92]],

[ 74, 45, 0,[ 28, 59, 20, 18]],

[ 71, 95, 1,[ 9, 10, 89, 94, 0, 55, 19, 49, 68, 43, 96, 48]],

