[ 78, 55, 1,[ 22, 13, 21, 39, 14, 31, 76, 75, 56, 32, 98, 99]],

[ 35, 5, 0,[ 76]],

[ 84, 15, 0,[ 85, 41, 60]],

[ 97, 15, 0,[ 29, 28]],

[ 54, 5, 0,[ 85, 53, 72, 76]],

[ 49, 5, 0,[ 59]],

[ 2, 5, 0,[ 37, 64, 85]],

[ 32, 15, 0,[ 78]],

[ 62, 5, 0,[ 85]],

[ 7, 5, 1,[ 13, 79, 58, 29, 26, 68, 73, 66, 93, 87, 16, 9, 69, 98, 36, 61, 17]],

[ 40, 15, 0,[ 85, 76]],

[ 60, 55, 1,[ 19, 82, 87, 3, 43, 0, 29, 73, 77, 5, 24, 44, 93, 84, 16, 94, 38, 91, 39, 41, 28, 80]],

[ 53, 5, 0,[ 54, 9, 85]],

[ 22, 65, 0,[ 85, 78, 29]],

[ 3, 15, 0,[ 60]],

[ 29, 15, 1,[ 7, 90, 22, 97, 60]],

[ 99, 5, 0,[ 78, 85]],

[ 76, 5, 1,[ 80, 40, 46, 39, 35, 74, 54, 78, 57, 44, 45, 71]],

[ 23, 5, 0,[ 85, 39]],

[ 19, 5, 0,[ 85, 60]],

[ 34, 15, 0,[ 85, 47]],

[ 16, 65, 0,[ 7, 60, 85]],

[ 17, 15, 0,[ 85, 7]],

[ 82, 5, 0,[ 75, 60, 48]],

[ 88, 15, 0,[ 85]],

[ 90, 65, 0,[ 9, 85, 29]],

[ 51, 55, 0,[ 81]],

[ 14, 15, 0,[ 9, 78, 85]],

[ 48, 15, 0,[ 66, 85, 82]],

[ 6, 5, 0,[ 85]],

[ 81, 65, 0,[ 51, 71, 85]],

[ 24, 5, 0,[ 85, 60]],

[ 47, 65, 1,[ 15, 5, 34, 20, 85, 56, 70, 11]],

[ 73, 15, 0,[ 7, 85, 60]],

[ 94, 15, 0,[ 60, 27, 85]],

[ 1, 65, 1,[ 58, 80, 18, 9, 87, 63]],

[ 9, 5, 1,[ 33, 5, 53, 1, 95, 50, 90, 14, 7, 77]],

[ 56, 15, 0,[ 85, 47, 78]],

[ 63, 15, 0,[ 1, 85, 70]],

[ 58, 5, 0,[ 7, 1, 85]],

[ 70, 5, 0,[ 63, 47]],

[ 77, 15, 0,[ 9, 85, 60]],

[ 71, 15, 0,[ 85, 81, 76]],

[ 64, 5, 0,[ 85, 2]],

[ 50, 15, 0,[ 9]],

[ 27, 5, 0,[ 94, 15, 30]],

[ 55, 15, 0,[ 10]],

[ 74, 65, 0,[ 85, 59, 76]],

[ 79, 15, 0,[ 31, 85, 7]],

[ 10, 55, 0,[ 55]],

[ 42, 5, 0,[ 85]],

[ 87, 15, 0,[ 1, 60, 7]],

[ 18, 65, 0,[ 1, 85]],

[ 8, 15, 0,[ 85]],

[ 33, 15, 0,[ 85, 9]],

[ 57, 65, 0,[ 76, 85]],

[ 72, 5, 0,[ 85, 54, 20]],

[ 11, 5, 0,[ 47, 85]],

[ 12, 5, 0,[ 85]],

[ 45, 65, 0,[ 76, 85]],

[ 15, 5, 0,[ 47, 85, 27]],

[ 21, 15, 0,[ 65, 85, 78]],

[ 37, 5, 0,[ 2, 85, 65]],

[ 39, 15, 1,[ 78, 76, 68, 60, 23]],

[ 30, 65, 0,[ 85, 27]],

[ 67, 15, 0,[ 85]],

[ 41, 65, 0,[ 60, 84]],

[ 38, 15, 0,[ 60, 85]],

[ 44, 5, 0,[ 85, 4, 60, 76]],

[ 52, 15, 0,[ 43, 85]],

[ 31, 65, 0,[ 85, 79, 78]],

[ 13, 15, 0,[ 85, 7, 78]],

[ 91, 15, 0,[ 60]],

[ 59, 55, 0,[ 74, 49]],

[ 26, 15, 0,[ 7, 85]],

[ 65, 5, 0,[ 21, 85, 37]],

[ 43, 5, 0,[ 52, 60, 85]],

[ 69, 15, 0,[ 85, 7, 36]],

[ 5, 55, 0,[ 60, 47, 9]],

[ 36, 15, 0,[ 7, 85, 69]],

[ 80, 15, 0,[ 60, 1, 76]],

[ 95, 65, 0,[ 85, 9, 61]],

[ 4, 5, 0,[ 44, 86]],

[ 68, 65, 0,[ 7, 39]],

[ 92, 65, 0,[]],

[ 0, 5, 0,[ 60, 85]],

[ 86, 55, 0,[ 4, 85]],

[ 75, 65, 0,[ 78, 82, 85]],

[ 98, 65, 0,[ 7, 78]],

[ 61, 15, 0,[ 95, 7, 85]],

[ 89, 15, 0,[ 83, 85]],

[ 25, 65, 0,[ 83]],

[ 85, 45, 1,[ 37, 94, 54, 12, 99, 64, 72, 83, 31, 65, 96, 14, 36, 75, 47, 18, 19, 79, 20, 6, 74, 28, 48, 95, 77, 15, 57, 23, 42, 62, 34, 88, 73, 81, 43, 21, 56, 30, 17, 69, 38, 26, 40, 53, 33, 24, 11, 46, 84, 90, 58, 8, 67, 52, 71, 86, 22, 63, 0, 2, 13, 44, 89, 16, 45, 61]],

[ 93, 15, 0,[ 60, 7]],

[ 83, 5, 0,[ 25, 85, 89]],

[ 96, 5, 0,[ 85]],

[ 46, 15, 0,[ 76, 85]],

[ 66, 65, 0,[ 48, 7]],

[ 28, 15, 0,[ 85, 97, 60]],

[ 20, 5, 0,[ 85, 72, 47]],

