[ 49, 45, 0,[ 50, 45, 22]],

[ 3, 45, 0,[ 90]],

[ 12, 45, 0,[ 77, 43]],

[ 26, 45, 0,[ 34, 28, 63]],

[ 92, 45, 0,[ 57, 46, 16]],

[ 60, 25, 1,[ 13, 63, 64, 83]],

[ 89, 45, 0,[ 81, 79, 31, 51, 38]],

[ 96, 45, 0,[ 69, 86, 39]],

[ 95, 45, 0,[ 72, 9, 16]],

[ 71, 45, 0,[ 73, 11, 70]],

[ 29, 45, 0,[ 30, 35, 31]],

[ 64, 45, 0,[ 60, 74, 32]],

[ 78, 45, 0,[ 77, 85]],

[ 79, 45, 1,[ 4, 35, 59, 89]],

[ 47, 45, 0,[ 85, 83]],

[ 69, 45, 0,[ 62, 81, 96]],

[ 37, 45, 0,[ 1, 35, 34, 70]],

[ 19, 45, 0,[ 35]],

[ 5, 45, 0,[ 52, 7]],

[ 90, 45, 0,[ 3, 61]],

[ 9, 45, 0,[ 91, 95, 28]],

[ 61, 45, 0,[ 39, 90, 32]],

[ 85, 45, 1,[ 47, 16, 83, 14, 78, 57, 88, 81]],

[ 75, 45, 0,[ 42, 21, 35, 76, 11]],

[ 88, 45, 0,[ 85, 67, 73]],

[ 98, 45, 0,[ 97, 87, 86]],

[ 41, 45, 0,[ 84, 73]],

[ 16, 45, 1,[ 39, 95, 24, 54, 85, 92]],

[ 25, 45, 0,[ 72, 53]],

[ 46, 45, 0,[ 70, 92]],

[ 18, 45, 0,[ 17]],

[ 4, 45, 0,[ 79]],

[ 0, 45, 0,[ 15, 10]],

[ 35, 55, 1,[ 23, 19, 52, 29, 75, 37, 93, 79]],

[ 44, 45, 1,[ 1, 33, 40, 80, 6, 56]],

[ 31, 45, 0,[ 27, 91, 22, 29, 89]],

[ 66, 45, 0,[ 48, 63, 67]],

[ 8, 45, 0,[ 33, 6, 10]],

[ 42, 45, 0,[ 58, 80, 75]],

[ 34, 45, 0,[ 37, 40, 39, 26, 14]],

[ 83, 45, 1,[ 30, 47, 60, 85]],

[ 94, 45, 0,[ 30, 93, 11, 72]],

[ 13, 35, 1,[ 91, 60, 59, 65]],

[ 77, 45, 0,[ 78, 12, 17]],

[ 40, 45, 0,[ 34, 44]],

[ 30, 45, 0,[ 29, 28, 94, 74, 83]],

[ 84, 45, 0,[ 86, 38, 41, 56]],

[ 33, 45, 0,[ 8, 15, 44]],

[ 97, 45, 0,[ 98, 76, 59]],

[ 28, 45, 0,[ 26, 30, 9]],

[ 87, 45, 0,[ 98, 57, 59, 43]],

[ 93, 45, 0,[ 36, 35, 94]],

[ 45, 45, 0,[ 43, 17, 49]],

[ 72, 45, 0,[ 38, 25, 95, 32, 94]],

[ 70, 45, 0,[ 37, 71, 46]],

[ 53, 45, 0,[ 55, 59, 25]],

[ 7, 45, 0,[ 58, 6, 5]],

[ 74, 45, 0,[ 30, 64, 48]],

[ 62, 45, 0,[ 21, 69, 55, 50]],

[ 68, 45, 0,[ 50]],

[ 2, 45, 0,[ 67]],

[ 57, 45, 0,[ 87, 92, 85]],

[ 99, 45, 0,[ 51, 54, 65, 15]],

[ 50, 45, 0,[ 68, 62, 49]],

[ 52, 45, 0,[ 35, 5]],

[ 59, 45, 0,[ 79, 97, 87, 53, 13]],

[ 80, 45, 0,[ 44, 42, 82]],

[ 10, 45, 0,[ 8, 0]],

[ 22, 45, 0,[ 65, 49, 31]],

[ 21, 45, 0,[ 23, 65, 75, 62]],

[ 14, 45, 0,[ 34, 85, 48]],

[ 36, 45, 0,[ 56, 24, 93]],

[ 1, 45, 0,[ 37, 39, 44]],

[ 67, 45, 0,[ 88, 2, 66]],

[ 73, 45, 0,[ 27, 86, 41, 88, 71]],

[ 54, 45, 0,[ 99, 55, 16]],

[ 20, 45, 0,[ 39, 32]],

[ 23, 45, 0,[ 24, 35, 21]],

[ 24, 45, 0,[ 23, 16, 36]],

[ 63, 45, 0,[ 60, 66, 58, 26]],

[ 56, 15, 1,[ 36, 32, 11, 76, 44, 84]],

[ 51, 45, 0,[ 99, 89]],

[ 76, 45, 0,[ 75, 56, 97]],

[ 91, 45, 0,[ 9, 13, 31]],

[ 15, 45, 0,[ 0, 33, 99]],

[ 6, 45, 0,[ 8, 7, 44, 58]],

[ 82, 45, 0,[ 80]],

[ 55, 45, 0,[ 53, 54, 62]],

[ 11, 45, 0,[ 71, 75, 94, 56]],

[ 17, 45, 0,[ 77, 45, 18]],

[ 48, 45, 0,[ 66, 74, 14]],

[ 38, 45, 0,[ 72, 89, 84]],

[ 39, 45, 1,[ 1, 34, 96, 20, 61, 16]],

[ 86, 45, 0,[ 96, 98, 84, 73]],

[ 32, 45, 0,[ 61, 64, 72, 56, 20]],

[ 27, 45, 0,[ 31, 73]],

[ 65, 45, 0,[ 21, 13, 99, 22]],

[ 43, 45, 0,[ 45, 12, 87]],

[ 81, 45, 0,[ 85, 89, 69]],

[ 58, 45, 0,[ 42, 63, 6, 7]],

[ 46, 75, 0,[ 28, 4, 85, 42, 49, 57, 61]],

[ 44, 75, 0,[ 31, 37, 79]],

[ 45, 75, 0,[ 38, 32, 62, 65]],

[ 30, 75, 0,[ 29, 43, 63]],

[ 50, 75, 0,[ 10, 52, 17]],

[ 15, 75, 0,[ 31, 13, 38]],

[ 41, 75, 0,[ 40, 33, 90]],

[ 87, 75, 0,[ 7, 86, 61]],

[ 76, 75, 0,[ 75, 51, 6, 36]],

[ 59, 75, 0,[ 31, 60, 38]],

[ 56, 75, 0,[ 55, 5, 17]],

[ 27, 75, 0,[ 2, 68, 71, 90, 6]],

[ 81, 75, 1,[ 97, 63, 0, 39, 22]],

[ 96, 75, 0,[ 17, 58, 29]],

[ 91, 75, 0,[ 92, 82, 31]],

[ 33, 75, 0,[ 41, 12, 90]],

[ 69, 75, 0,[ 7, 48, 4, 79]],

[ 90, 75, 0,[ 27, 95, 51, 89, 41, 33]],

[ 43, 75, 1,[ 85, 55, 18, 0, 30, 67, 38, 61]],

[ 52, 75, 0,[ 79, 95, 50]],

[ 0, 75, 0,[ 43, 81, 74, 83]],

[ 82, 75, 0,[ 73, 92, 31, 91]],

[ 14, 75, 0,[ 57, 18, 89]],

[ 51, 75, 0,[ 57, 76, 90]],

[ 94, 75, 0,[ 49]],

[ 55, 75, 0,[ 43, 56, 63, 54]],

[ 40, 75, 0,[ 65, 37, 35, 41]],

[ 34, 15, 1,[ 77, 23, 95, 54, 20, 12, 92, 58]],

[ 98, 75, 0,[ 42, 47, 84]],

[ 38, 75, 1,[ 15, 59, 31, 57, 13, 45, 2, 43]],

[ 53, 75, 0,[ 65, 99, 10]],

[ 19, 75, 0,[ 20, 57]],

[ 74, 75, 0,[ 0, 3, 24, 9]],

[ 24, 75, 0,[ 97, 74, 20, 66]],

[ 63, 65, 1,[ 30, 11, 66, 32, 72, 81, 79, 55, 83, 28]],

[ 3, 75, 0,[ 74, 70, 47, 8]],

[ 26, 75, 0,[ 57, 77, 92, 25]],

[ 17, 75, 0,[ 56, 12, 50, 96]],

[ 86, 75, 0,[ 5, 78, 87, 22, 48]],

[ 28, 75, 0,[ 63, 46, 99, 29]],

[ 29, 75, 0,[ 96, 5, 30, 28]],

[ 85, 75, 0,[ 8, 43, 46]],

[ 83, 75, 0,[ 0, 63]],

[ 70, 75, 0,[ 31, 3, 65]],

[ 73, 75, 0,[ 42, 82, 84]],

[ 95, 75, 0,[ 52, 34, 90]],

[ 80, 75, 0,[ 67, 5, 64, 75]],

[ 37, 75, 0,[ 40, 39, 48, 44]],

[ 79, 75, 0,[ 1, 69, 44, 63, 52]],

[ 54, 75, 0,[ 55, 34, 88]],

[ 62, 75, 0,[ 45, 61, 60]],

[ 60, 75, 0,[ 59, 2, 62, 67]],

[ 72, 75, 0,[ 48, 71, 63]],

[ 31, 35, 1,[ 15, 38, 44, 70, 93, 82, 59, 66, 91]],

[ 71, 75, 0,[ 84, 99, 72, 27, 89, 49]],

[ 6, 65, 1,[ 4, 47, 27, 76, 78, 23]],

[ 20, 75, 0,[ 21, 34, 1, 36, 24, 19]],

[ 23, 75, 0,[ 11, 6, 34]],

[ 88, 75, 0,[ 32, 75, 54]],

[ 49, 75, 0,[ 94, 21, 71, 57, 46]],

[ 13, 75, 0,[ 15, 38, 1]],

[ 67, 75, 0,[ 43, 80, 60]],

[ 75, 75, 0,[ 76, 9, 16, 88, 80, 4]],

[ 61, 75, 0,[ 43, 46, 87, 62]],

[ 8, 75, 0,[ 84, 85, 10, 3, 93]],

[ 39, 75, 0,[ 81, 18, 37]],

[ 11, 75, 0,[ 36, 63, 23]],

[ 18, 75, 0,[ 93, 43, 39, 14]],

[ 16, 75, 0,[ 75, 4, 78]],

[ 36, 75, 0,[ 77, 76, 20, 11]],

[ 84, 75, 0,[ 98, 71, 64, 8, 73]],

[ 7, 75, 0,[ 69, 87, 92]],

[ 10, 75, 0,[ 50, 8, 53, 97]],

[ 25, 75, 0,[ 5, 26, 57]],

[ 5, 35, 1,[ 99, 25, 56, 80, 29, 86]],

[ 48, 75, 1,[ 9, 64, 72, 69, 35, 37, 86]],

[ 89, 75, 0,[ 14, 71, 90]],

[ 2, 75, 0,[ 38, 27, 60]],

[ 57, 15, 1,[ 26, 19, 46, 51, 38, 25, 49, 14]],

[ 92, 75, 0,[ 26, 82, 34, 91, 7]],

[ 58, 75, 0,[ 97, 34, 96]],

[ 78, 75, 0,[ 6, 16, 86]],

[ 35, 75, 0,[ 68, 48, 40]],

[ 65, 75, 0,[ 70, 45, 40, 53]],

[ 93, 75, 0,[ 8, 31, 18]],

[ 32, 75, 0,[ 63, 45, 88]],

[ 1, 75, 0,[ 79, 20, 13]],

[ 47, 75, 0,[ 3, 98, 6]],

[ 66, 75, 0,[ 24, 63, 31]],

[ 21, 75, 0,[ 22, 49, 20]],

[ 99, 75, 0,[ 28, 53, 71, 5]],

[ 77, 75, 0,[ 34, 36, 26]],

[ 9, 75, 0,[ 75, 74, 48]],

[ 97, 75, 0,[ 10, 58, 24, 81]],

[ 42, 75, 0,[ 73, 46, 68, 98]],

[ 68, 75, 0,[ 35, 27, 42]],

[ 22, 75, 0,[ 81, 21, 86]],

[ 4, 75, 0,[ 16, 69, 46, 6, 75]],

[ 12, 75, 0,[ 33, 17, 34]],

[ 64, 75, 0,[ 84, 80, 48]],

