[ 17, 55, 0,[ 87, 22, 86]],

[ 0, 55, 0,[ 22, 87, 57]],

[ 94, 25, 0,[ 87, 67, 14]],

[ 24, 55, 0,[ 86, 14, 22]],

[ 51, 25, 0,[ 14, 22, 86]],

[ 63, 55, 0,[ 14, 86, 22]],

[ 58, 55, 0,[ 86, 22]],

[ 41, 25, 1,[ 78, 55, 60, 90, 23, 25, 86, 40, 48]],

[ 87, 65, 1,[ 49, 69, 80, 46, 3, 13, 11, 35, 17, 77, 96, 61, 42, 23, 65, 27, 26, 74, 85, 34, 16, 4, 52, 29, 47, 44, 83, 98, 7, 21, 39, 67, 81, 59, 0, 2, 5, 12, 37, 33, 62, 76, 94, 32, 54, 45, 88, 86, 97, 6, 56, 25, 66, 20, 31]],

[ 99, 55, 0,[ 14, 90, 86]],

[ 31, 55, 0,[ 87, 75, 22]],

[ 85, 55, 0,[ 87, 14]],

[ 35, 55, 0,[ 86, 87, 14]],

[ 4, 25, 0,[ 14, 87, 13]],

[ 54, 55, 0,[ 87, 86]],

[ 8, 55, 0,[ 57, 14, 86]],

[ 69, 55, 0,[ 87, 22, 86]],

[ 15, 55, 1,[ 14, 86, 25]],

[ 44, 55, 0,[ 86, 87, 57]],

[ 71, 55, 0,[ 14, 22]],

[ 32, 55, 0,[ 86, 14, 87]],

[ 14, 75, 1,[ 60, 78, 97, 35, 3, 37, 18, 71, 24, 59, 29, 63, 85, 79, 93, 40, 16, 61, 43, 48, 36, 15, 5, 42, 94, 32, 10, 26, 83, 20, 70, 88, 8, 19, 73, 9, 89, 91, 98, 34, 53, 4, 51, 13, 95, 82, 77, 81, 1, 99, 49, 64, 92]],

[ 50, 55, 0,[ 22, 57, 86, 81]],

[ 22, 95, 1,[ 67, 24, 58, 91, 50, 69, 48, 96, 72, 65, 31, 36, 76, 18, 59, 39, 92, 61, 11, 79, 42, 19, 56, 60, 28, 80, 73, 70, 30, 33, 5, 63, 78, 17, 16, 89, 0, 62, 1, 2, 51, 10, 88, 68, 45, 27, 52, 12, 66, 84, 71]],

[ 2, 55, 0,[ 87, 22, 86]],

[ 61, 55, 0,[ 22, 14, 87]],

[ 64, 55, 0,[ 57, 6, 14]],

[ 33, 55, 0,[ 87, 75, 22]],

[ 48, 55, 0,[ 14, 22, 41]],

[ 34, 55, 0,[ 87, 86, 14]],

[ 75, 25, 1,[ 33, 29, 31, 93, 97, 55]],

[ 57, 85, 1,[ 79, 55, 50, 64, 19, 0, 84, 8, 38, 82, 47, 44, 40, 92, 12, 74, 11, 20]],

[ 16, 55, 0,[ 22, 87, 14]],

[ 73, 55, 0,[ 14, 22]],

[ 97, 55, 0,[ 75, 87, 14]],

[ 60, 55, 0,[ 14, 22, 41]],

[ 72, 55, 0,[ 86, 83, 22]],

[ 30, 55, 0,[ 22, 86]],

[ 62, 55, 0,[ 96, 22, 87]],

[ 81, 25, 0,[ 50, 14, 87]],

[ 67, 55, 0,[ 87, 94, 22]],

[ 92, 55, 0,[ 14, 22, 57]],

[ 70, 55, 0,[ 86, 22, 14]],

[ 39, 55, 0,[ 86, 87, 22]],

[ 84, 55, 0,[ 22, 86, 57]],

[ 5, 55, 0,[ 14, 87, 22]],

[ 43, 55, 0,[ 14, 3, 66, 86]],

[ 52, 55, 0,[ 22, 87]],

[ 45, 55, 0,[ 22, 87]],

[ 96, 25, 0,[ 87, 62, 22]],

[ 80, 55, 0,[ 22, 86, 87]],

[ 93, 55, 0,[ 14, 75, 86]],

[ 20, 55, 0,[ 57, 87, 14]],

[ 46, 55, 0,[ 87]],

[ 42, 55, 0,[ 14, 22, 87]],

[ 66, 55, 0,[ 87, 43, 22]],

[ 47, 55, 0,[ 86, 87, 57]],

[ 78, 55, 0,[ 14, 41, 22]],

[ 10, 55, 0,[ 14, 86, 22]],

[ 90, 55, 1,[ 99, 41, 86]],

[ 29, 55, 0,[ 14, 87, 75]],

[ 38, 55, 0,[ 86, 57]],

[ 83, 25, 0,[ 87, 86, 14, 72]],

[ 88, 55, 0,[ 87, 22, 14]],

[ 76, 55, 0,[ 22, 87, 86]],

[ 28, 55, 0,[ 22, 86]],

[ 13, 55, 0,[ 14, 87, 86, 4]],

[ 86, 5, 1,[ 10, 95, 99, 8, 83, 58, 68, 51, 24, 17, 15, 82, 18, 21, 39, 1, 38, 6, 69, 70, 54, 35, 7, 76, 41, 80, 9, 34, 2, 37, 90, 47, 63, 3, 28, 32, 50, 84, 49, 30, 26, 36, 93, 44, 23, 13, 25, 87, 43, 72]],

[ 65, 55, 0,[ 87, 22]],

[ 18, 55, 0,[ 86, 22, 14]],

[ 7, 55, 0,[ 87, 86]],

[ 1, 55, 0,[ 86, 22, 14]],

[ 68, 55, 0,[ 22, 86]],

[ 91, 55, 0,[ 26, 14, 22]],

[ 49, 55, 0,[ 14, 87, 86]],

[ 9, 55, 0,[ 14, 86]],

[ 95, 55, 0,[ 14, 86]],

[ 89, 55, 0,[ 14, 22]],

[ 19, 55, 0,[ 22, 14, 57]],

[ 37, 55, 0,[ 87, 14, 86]],

[ 3, 55, 0,[ 43, 86, 14, 87]],

[ 36, 55, 0,[ 86, 14, 22]],

[ 59, 55, 0,[ 22, 87, 14]],

[ 27, 55, 0,[ 22, 87]],

[ 11, 55, 0,[ 57, 22, 87]],

[ 26, 55, 0,[ 14, 91, 86, 87]],

[ 23, 55, 0,[ 41, 87, 86]],

[ 21, 55, 0,[ 86, 87]],

[ 77, 55, 0,[ 14, 87]],

[ 56, 55, 0,[ 22, 87]],

[ 74, 55, 0,[ 87, 57]],

[ 12, 25, 0,[ 87, 57, 22]],

[ 55, 55, 1,[ 57, 75, 41]],

[ 6, 55, 0,[ 64, 86, 87]],

[ 98, 55, 0,[ 87, 14]],

[ 79, 55, 0,[ 22, 57, 14]],

[ 53, 55, 0,[ 14]],

[ 82, 55, 0,[ 86, 57, 14]],

[ 25, 55, 0,[ 86, 41, 87, 15]],

[ 40, 55, 0,[ 14, 57, 41]],

