[ 12, 75, 0,[ 72, 75, 50]],

[ 33, 85, 1,[ 36, 78, 44, 18, 89, 42]],

[ 18, 65, 1,[ 33, 26, 48]],

[ 9, 75, 1,[ 41, 32, 19, 35, 64, 79]],

[ 56, 75, 1,[ 96, 57, 30]],

[ 72, 75, 0,[ 48, 12, 49, 61, 97]],

[ 21, 75, 0,[ 90, 95, 36]],

[ 92, 75, 0,[ 19, 10, 71]],

[ 73, 75, 0,[ 71, 82, 15]],

[ 85, 45, 1,[ 80, 78, 27]],

[ 49, 55, 1,[ 42, 72, 54]],

[ 71, 75, 1,[ 68, 92, 70, 73, 58]],

[ 96, 5, 1,[ 14, 25, 56]],

[ 16, 45, 1,[ 63, 66, 65]],

[ 43, 55, 1,[ 55, 74, 13, 7]],

[ 63, 85, 1,[ 28, 1, 44, 14, 16, 78]],

[ 19, 75, 1,[ 9, 92, 69]],

[ 46, 75, 1,[ 15, 86, 97, 76]],

[ 70, 85, 0,[ 71, 59, 57]],

[ 44, 75, 0,[ 33, 22, 63]],

[ 65, 85, 1,[ 77, 34, 3, 16]],

[ 26, 75, 0,[ 18, 64]],

[ 42, 55, 1,[ 49, 38, 33]],

[ 38, 35, 1,[ 68, 82, 42]],

[ 55, 55, 0,[ 34, 43, 88]],

[ 91, 75, 1,[ 52, 25, 4]],

[ 41, 75, 1,[ 69, 9, 79]],

[ 83, 75, 0,[ 36, 4, 48]],

[ 11, 75, 0,[ 7, 3, 76]],

[ 35, 45, 1,[ 74, 9, 50]],

[ 95, 75, 0,[ 20, 94, 21]],

[ 93, 75, 0,[ 34, 36, 67]],

[ 10, 75, 0,[ 89, 92, 8]],

[ 13, 75, 0,[ 64, 74, 43]],

[ 78, 75, 0,[ 85, 88, 33, 63]],

[ 66, 75, 0,[ 7, 87, 16]],

[ 14, 65, 0,[ 59, 63, 96]],

[ 94, 95, 1,[ 95, 1, 15, 74]],

[ 68, 75, 1,[ 38, 71, 32]],

[ 3, 75, 0,[ 8, 11, 65]],

[ 74, 55, 1,[ 13, 54, 43, 94, 35]],

[ 82, 75, 1,[ 38, 17, 89, 61, 50, 73]],

[ 5, 75, 0,[ 98, 32, 22]],

[ 29, 75, 0,[ 28, 60, 15]],

[ 54, 75, 0,[ 57, 74, 49]],

[ 51, 75, 0,[ 22, 36, 81]],

[ 81, 75, 0,[ 51, 76, 8]],

[ 15, 55, 1,[ 77, 94, 73, 40, 29, 46, 52]],

[ 58, 75, 1,[ 62, 4, 71]],

[ 30, 75, 0,[ 56, 24, 76]],

[ 53, 25, 1,[ 50, 23, 86]],

[ 86, 75, 0,[ 53, 46, 7]],

[ 2, 35, 1,[ 1, 39, 0]],

[ 17, 75, 0,[ 25, 67, 82]],

[ 27, 75, 0,[ 4, 22, 85]],

[ 48, 95, 1,[ 83, 18, 72]],

[ 89, 75, 0,[ 82, 33, 10]],

[ 97, 75, 0,[ 72, 46, 61]],

[ 59, 75, 1,[ 50, 14, 77, 70]],

[ 37, 75, 0,[ 88, 25, 47]],

[ 8, 25, 1,[ 81, 90, 10, 3]],

[ 87, 75, 0,[ 66, 7, 28]],

[ 76, 75, 1,[ 99, 46, 11, 81, 30]],

[ 4, 75, 1,[ 58, 83, 90, 27, 91]],

[ 40, 75, 0,[ 90, 34, 15]],

[ 20, 75, 0,[ 84, 95, 31]],

[ 23, 75, 0,[ 53, 7, 47]],

[ 62, 75, 0,[ 6, 90, 58]],

[ 60, 95, 1,[ 67, 29, 90]],

[ 32, 75, 0,[ 5, 9, 68]],

[ 67, 5, 1,[ 60, 17, 93]],

[ 61, 55, 1,[ 97, 72, 82]],

[ 64, 75, 1,[ 9, 13, 57, 26]],

[ 22, 35, 1,[ 5, 98, 51, 27, 44]],

[ 98, 75, 0,[ 22, 5, 80]],

[ 79, 75, 0,[ 84, 41, 9]],

[ 7, 75, 1,[ 11, 86, 43, 80, 23, 87, 66]],

[ 77, 75, 0,[ 15, 59, 24, 65]],

[ 36, 45, 1,[ 51, 45, 33, 83, 93, 21]],

[ 45, 75, 0,[ 75, 36, 99]],

[ 31, 75, 1,[ 34, 75, 20]],

[ 90, 75, 0,[ 62, 40, 60, 4, 21, 8]],

[ 69, 75, 0,[ 41, 19, 1]],

[ 50, 75, 1,[ 24, 35, 53, 12, 82, 59]],

[ 1, 75, 0,[ 94, 69, 63, 2]],

[ 39, 25, 1,[ 6, 2]],

[ 24, 75, 0,[ 77, 50, 30]],

[ 6, 5, 1,[ 62, 39]],

[ 47, 75, 0,[ 37, 23]],

[ 84, 75, 0,[ 75, 20, 79]],

[ 57, 35, 1,[ 54, 56, 70, 64]],

[ 88, 35, 1,[ 37, 52, 78, 55]],

[ 25, 75, 1,[ 91, 37, 17, 96]],

[ 52, 75, 0,[ 91, 15, 88]],

[ 0, 75, 0,[ 99, 2, 34]],

[ 75, 45, 1,[ 31, 12, 45, 84]],

[ 80, 75, 0,[ 85, 98, 7]],

[ 99, 75, 1,[ 0, 45, 76]],

[ 28, 75, 1,[ 87, 29, 63]],

[ 34, 45, 1,[ 31, 55, 65, 40, 93, 0]],

[ 58, 45, 0,[ 24, 53, 56]],

[ 39, 85, 1,[ 86, 98, 46]],

[ 87, 45, 0,[ 26, 94, 38]],

[ 74, 55, 1,[ 26, 96, 15, 68, 44, 18, 65]],

[ 36, 45, 0,[ 27, 71, 9]],

[ 75, 45, 0,[ 55, 60, 3]],

[ 7, 45, 1,[ 55, 85, 30, 60]],

[ 45, 45, 0,[ 66, 10, 2, 64, 60]],

[ 50, 45, 0,[ 65, 56, 52]],

[ 92, 45, 1,[ 51, 41, 88, 84]],

[ 64, 65, 1,[ 45, 51, 57]],

[ 44, 45, 0,[ 25, 88, 74]],

[ 4, 45, 0,[ 67, 73]],

[ 96, 45, 0,[ 99, 37, 74, 22]],

[ 89, 85, 1,[ 35, 93, 28, 52]],

[ 40, 45, 1,[ 97, 62, 67]],

[ 67, 45, 1,[ 69, 4, 40, 29, 93, 63, 35]],

[ 84, 45, 1,[ 92, 14, 38]],

[ 41, 65, 1,[ 92, 24, 18, 88]],

[ 99, 45, 0,[ 96, 11, 37]],

[ 73, 85, 1,[ 33, 23, 4]],

[ 82, 55, 1,[ 29, 5, 48]],

[ 57, 45, 0,[ 24, 64]],

[ 8, 95, 1,[ 78, 49, 46]],

[ 20, 85, 1,[ 46, 6, 78, 16, 25]],

[ 24, 65, 1,[ 10, 58, 41, 77, 57]],

[ 79, 45, 0,[ 6, 90, 76]],

[ 76, 75, 1,[ 16, 71, 3, 79, 28]],

[ 98, 85, 1,[ 97, 54, 26, 39]],

[ 86, 15, 1,[ 72, 39, 27]],

[ 18, 45, 1,[ 41, 74, 9, 78]],

[ 42, 45, 0,[ 14, 12, 3]],

[ 22, 45, 1,[ 91, 96, 35]],

[ 52, 25, 1,[ 10, 89, 50]],

[ 69, 45, 0,[ 67, 0, 91]],

[ 90, 45, 0,[ 5, 79, 71]],

[ 59, 5, 1,[ 15, 68, 81]],

[ 15, 75, 1,[ 74, 59, 55]],

[ 60, 45, 0,[ 7, 45, 75]],

[ 30, 15, 1,[ 7, 83, 66, 72]],

[ 46, 95, 1,[ 20, 8, 39]],

[ 65, 45, 0,[ 74, 50, 32, 5]],

[ 14, 45, 0,[ 42, 55, 84]],

[ 38, 45, 0,[ 87, 84, 17]],

[ 25, 45, 0,[ 44, 11, 20]],

[ 80, 45, 0,[ 12, 16]],

[ 37, 45, 1,[ 99, 91, 96, 63]],

[ 91, 85, 1,[ 78, 69, 22, 37]],

[ 35, 45, 0,[ 22, 67, 89]],

[ 68, 55, 1,[ 11, 74, 59, 54]],

[ 32, 45, 0,[ 31, 61, 95, 94, 65, 11]],

[ 62, 45, 0,[ 70, 40, 48]],

[ 95, 45, 0,[ 32, 49, 26]],

[ 63, 45, 0,[ 37, 67]],

[ 97, 45, 0,[ 31, 98, 40]],

[ 85, 45, 1,[ 12, 7, 2]],

[ 53, 45, 1,[ 61, 3, 58, 13, 21]],

[ 51, 45, 0,[ 49, 64, 92, 17]],

[ 88, 15, 0,[ 41, 92, 1, 44]],

[ 6, 45, 1,[ 20, 79, 11]],

[ 66, 45, 0,[ 30, 33, 45]],

[ 26, 45, 0,[ 95, 98, 87, 74]],

[ 13, 45, 0,[ 72, 53, 83]],

[ 16, 45, 0,[ 76, 80, 20]],

[ 47, 45, 1,[ 81, 48]],

[ 71, 45, 1,[ 36, 76, 90, 19]],

[ 48, 45, 0,[ 62, 31, 47, 82]],

[ 34, 45, 0,[ 0, 55, 83]],

[ 11, 35, 1,[ 99, 25, 32, 68, 6]],

[ 12, 45, 1,[ 42, 70, 80, 85, 19]],

[ 31, 45, 0,[ 48, 32, 97]],

[ 77, 45, 0,[ 49, 1, 24]],

[ 17, 35, 1,[ 38, 81, 51, 61]],

[ 70, 65, 1,[ 12, 62]],

[ 21, 45, 0,[ 43, 54, 53]],

[ 19, 45, 0,[ 71, 55, 5, 12]],

[ 81, 5, 1,[ 17, 47, 59]],

[ 1, 75, 1,[ 27, 88, 77, 83]],

[ 27, 15, 0,[ 36, 86, 1]],

[ 0, 5, 1,[ 69, 34, 2]],

[ 78, 45, 0,[ 20, 18, 91, 8]],

[ 5, 55, 1,[ 90, 65, 82, 19]],

[ 83, 45, 0,[ 1, 34, 30, 13]],

[ 9, 95, 1,[ 36, 18, 28, 56]],

[ 49, 45, 1,[ 95, 51, 8, 10, 77]],

[ 2, 45, 0,[ 45, 85, 0]],

[ 33, 45, 0,[ 66, 73, 3]],

[ 94, 45, 0,[ 32, 87]],

[ 93, 45, 0,[ 67, 43, 89]],

[ 29, 35, 1,[ 82, 43, 67]],

[ 72, 65, 1,[ 86, 13, 30]],

[ 10, 15, 1,[ 52, 24, 45, 49]],

[ 54, 55, 1,[ 68, 98, 21]],

[ 61, 55, 1,[ 53, 32, 17]],

[ 43, 45, 0,[ 93, 21, 29]],

[ 56, 45, 0,[ 58, 9, 50]],

[ 3, 35, 1,[ 76, 53, 75, 42, 33]],

[ 55, 95, 1,[ 7, 14, 75, 19, 15, 34]],

[ 23, 45, 0,[ 28, 73]],

[ 28, 45, 0,[ 89, 23, 76, 9]],

