[ 31, 75, 0,[ 0, 2, 81]],

[ 38, 25, 0,[ 14, 59, 62]],

[ 0, 65, 1,[ 16, 31, 71]],

[ 94, 5, 0,[ 42, 34, 81, 19]],

[ 5, 45, 1,[ 37, 90]],

[ 11, 25, 0,[ 33, 53, 98, 27]],

[ 80, 55, 0,[ 16, 83, 4]],

[ 43, 75, 1,[ 93, 72, 88, 53, 74]],

[ 68, 45, 1,[ 9, 63, 77, 82]],

[ 22, 75, 0,[ 99, 95, 87]],

[ 66, 55, 0,[ 67, 26, 81]],

[ 19, 35, 1,[ 34, 99, 94]],

[ 67, 35, 1,[ 55, 61, 66, 60]],

[ 39, 85, 1,[ 34, 73, 47]],

[ 24, 5, 1,[ 71, 13, 1]],

[ 55, 65, 1,[ 32, 67]],

[ 73, 65, 1,[ 29, 21, 56, 39, 92]],

[ 12, 15, 1,[ 46, 84, 36]],

[ 92, 25, 0,[ 54, 2, 73]],

[ 46, 25, 0,[ 57, 86, 37, 12]],

[ 36, 25, 1,[ 20, 12, 37, 1]],

[ 74, 95, 1,[ 81, 9, 4, 43]],

[ 23, 25, 0,[ 15, 33, 28]],

[ 71, 5, 1,[ 86, 24, 81, 0, 93]],

[ 63, 45, 0,[ 68, 1, 91]],

[ 26, 35, 1,[ 59, 3, 28, 66, 98]],

[ 82, 45, 0,[ 68, 49, 7]],

[ 1, 75, 1,[ 24, 36, 93, 63, 64, 58, 48]],

[ 59, 75, 1,[ 38, 20, 26, 52, 69]],

[ 6, 45, 1,[ 3, 25, 99]],

[ 13, 35, 1,[ 64, 24, 70, 8, 89]],

[ 72, 5, 0,[ 43, 87, 15]],

[ 64, 15, 0,[ 13, 1]],

[ 62, 85, 1,[ 85, 38, 50, 58]],

[ 91, 55, 1,[ 63, 7, 78]],

[ 10, 45, 1,[ 77, 30, 90]],

[ 90, 85, 0,[ 5, 35, 10, 70]],

[ 99, 45, 0,[ 25, 6, 19, 22]],

[ 51, 45, 0,[ 96, 86, 57, 75]],

[ 60, 25, 0,[ 14, 67, 57]],

[ 56, 55, 0,[ 73, 18, 47]],

[ 15, 5, 0,[ 16, 23, 72]],

[ 96, 45, 1,[ 87, 51, 49]],

[ 45, 5, 1,[ 95, 79, 41]],

[ 77, 95, 0,[ 10, 17, 68]],

[ 44, 25, 1,[ 2, 98, 35]],

[ 32, 55, 0,[ 76, 49, 55]],

[ 76, 55, 0,[ 32, 97, 52]],

[ 86, 25, 1,[ 51, 46, 71]],

[ 42, 35, 0,[ 50, 37, 94]],

[ 84, 55, 0,[ 53, 12, 17, 14]],

[ 49, 45, 1,[ 96, 32, 47, 82, 69]],

[ 37, 85, 0,[ 46, 42, 36, 5]],

[ 35, 25, 0,[ 44, 90, 2, 78]],

[ 18, 55, 0,[ 29, 56, 75]],

[ 58, 75, 0,[ 1, 9, 62]],

[ 14, 95, 1,[ 89, 84, 60, 38]],

[ 69, 45, 1,[ 30, 49, 59]],

[ 79, 25, 1,[ 45, 27, 52]],

[ 7, 45, 0,[ 82, 78, 91]],

[ 2, 65, 1,[ 35, 92, 70, 31, 40, 44]],

[ 27, 25, 0,[ 8, 11, 79, 53]],

[ 53, 25, 1,[ 11, 27, 88, 43, 84]],

[ 83, 55, 0,[ 85, 20, 80]],

[ 98, 5, 1,[ 11, 44, 26]],

[ 89, 45, 0,[ 14, 13, 29]],

[ 52, 25, 1,[ 61, 79, 59, 57, 76]],

[ 54, 25, 0,[ 88, 33, 75, 92]],

[ 20, 25, 0,[ 83, 36, 59]],

[ 16, 5, 0,[ 15, 0, 80]],

[ 47, 85, 1,[ 56, 49, 39]],

[ 29, 55, 0,[ 89, 18, 73]],

[ 88, 75, 1,[ 54, 43, 53]],

[ 48, 25, 0,[ 3, 61, 1]],

[ 28, 25, 0,[ 26, 85, 23]],

[ 61, 25, 0,[ 52, 67, 33, 48]],

[ 81, 85, 1,[ 74, 66, 31, 71, 94]],

[ 75, 85, 1,[ 54, 51, 18]],

[ 87, 45, 1,[ 22, 96, 72]],

[ 78, 25, 1,[ 35, 17, 91, 7]],

[ 95, 75, 0,[ 65, 22, 45]],

[ 8, 25, 0,[ 27, 50, 13]],

[ 57, 25, 0,[ 51, 46, 52, 60]],

[ 34, 5, 1,[ 19, 94, 39]],

[ 4, 55, 0,[ 21, 80, 74]],

[ 3, 65, 1,[ 26, 48, 6]],

[ 50, 85, 1,[ 62, 42, 8]],

[ 70, 95, 1,[ 90, 13, 2]],

[ 40, 25, 0,[ 65, 33, 2]],

[ 17, 5, 1,[ 77, 84, 78]],

[ 85, 85, 1,[ 83, 62, 28, 65]],

[ 33, 25, 1,[ 11, 61, 54, 23, 40]],

[ 30, 55, 0,[ 65, 10, 69]],

[ 97, 55, 0,[ 76, 21]],

[ 93, 15, 0,[ 43, 71, 1]],

[ 41, 75, 0,[ 45, 25]],

[ 25, 45, 1,[ 41, 6, 99]],

[ 65, 15, 1,[ 40, 95, 30, 85]],

[ 9, 75, 1,[ 68, 58, 74]],

[ 21, 55, 0,[ 4, 97, 73]],

[ 28, 5, 1,[ 24, 43]],

[ 76, 75, 1,[ 34, 70, 8]],

[ 33, 5, 0,[ 66, 60, 13]],

[ 31, 5, 1,[ 97, 15, 8, 4]],

[ 88, 25, 0,[ 44]],

[ 18, 5, 0,[ 5, 26, 59, 46]],

[ 38, 95, 0,[ 7, 74, 29]],

[ 56, 35, 0,[ 1, 98, 92]],

[ 3, 35, 0,[ 51, 97, 24]],

[ 37, 35, 1,[ 4, 11, 51, 85]],

[ 42, 65, 0,[ 52, 6, 61]],

[ 92, 5, 1,[ 67, 56, 81, 47, 53]],

[ 14, 25, 0,[ 25, 69, 66]],

[ 16, 35, 0,[ 79, 48, 17]],

[ 25, 65, 1,[ 7, 14, 87]],

[ 47, 45, 0,[ 92, 24, 98]],

[ 67, 5, 0,[ 45, 92, 71]],

[ 2, 75, 0,[ 30, 1, 62]],

[ 15, 5, 0,[ 44, 31, 79]],

[ 5, 65, 1,[ 39, 87, 60, 18]],

[ 74, 65, 1,[ 84, 38, 30, 11]],

[ 70, 45, 0,[ 44, 95, 76, 0]],

[ 78, 25, 1,[ 10, 58, 66]],

[ 48, 35, 1,[ 50, 72, 75, 16]],

[ 17, 35, 0,[ 16, 9, 22]],

[ 22, 15, 1,[ 17, 41, 96]],

[ 24, 5, 1,[ 3, 81, 29, 47, 28]],

[ 80, 5, 1,[ 52, 77, 90]],

[ 44, 65, 1,[ 88, 70, 45, 90, 15, 59]],

[ 53, 75, 0,[ 62, 92, 85]],

[ 62, 75, 0,[ 75, 53, 23, 2]],

[ 23, 25, 1,[ 93, 34, 62]],

[ 51, 95, 1,[ 30, 37, 3, 50, 41, 43]],

[ 57, 45, 0,[ 45, 96, 84]],

[ 10, 85, 1,[ 78, 87, 1, 95, 73]],

[ 9, 95, 0,[ 4, 66, 17]],

[ 63, 5, 0,[ 12, 21, 99]],

[ 21, 55, 1,[ 60, 63, 46, 54, 49, 65]],

[ 61, 35, 1,[ 20, 42, 89]],

[ 0, 85, 0,[ 8, 12, 70]],

[ 86, 5, 0,[ 49, 99, 73]],

[ 41, 35, 0,[ 82, 51, 46, 52, 22]],

[ 49, 15, 1,[ 68, 97, 99, 86, 21]],

[ 1, 45, 1,[ 2, 10, 56]],

[ 79, 35, 1,[ 15, 27, 16, 95]],

[ 43, 5, 0,[ 51, 28, 68]],

[ 71, 5, 1,[ 45, 90, 67]],

[ 64, 5, 0,[ 89, 20]],

[ 30, 75, 0,[ 2, 51, 74, 32]],

[ 46, 35, 1,[ 7, 21, 41, 18]],

[ 27, 35, 1,[ 79, 29, 82]],

[ 20, 5, 1,[ 64, 54, 61]],

[ 84, 45, 0,[ 57, 81, 74, 50]],

[ 93, 5, 1,[ 40, 23]],

[ 45, 5, 1,[ 71, 57, 19, 67, 44, 99]],

[ 19, 5, 0,[ 35, 26, 45]],

[ 59, 5, 0,[ 18, 44, 4]],

[ 97, 5, 0,[ 3, 49, 31]],

[ 65, 85, 1,[ 32, 55, 21]],

[ 26, 5, 1,[ 11, 18, 19]],

[ 29, 5, 1,[ 24, 38, 27]],

[ 94, 95, 1,[ 13, 77, 95]],

[ 89, 5, 1,[ 39, 54, 61, 64]],

[ 77, 95, 1,[ 55, 36, 80, 94]],

[ 12, 85, 1,[ 0, 96, 63, 8, 91]],

[ 99, 15, 1,[ 49, 45, 86, 63]],

[ 85, 35, 0,[ 32, 37, 53]],

[ 98, 95, 1,[ 47, 34, 56]],

[ 13, 95, 0,[ 40, 33, 94]],

[ 8, 5, 1,[ 0, 31, 76, 12]],

[ 75, 35, 1,[ 62, 66, 48]],

[ 40, 5, 1,[ 13, 81, 93]],

[ 52, 35, 0,[ 42, 41, 80]],

[ 69, 65, 0,[ 54, 6, 14]],

[ 83, 5, 0,[ 35, 72, 68]],

[ 34, 45, 0,[ 76, 23, 98]],

[ 81, 5, 1,[ 24, 84, 40, 92]],

[ 66, 25, 1,[ 9, 14, 33, 75, 78]],

[ 35, 5, 1,[ 36, 19, 83]],

[ 87, 15, 0,[ 58, 25, 10, 5]],

[ 7, 95, 1,[ 46, 38, 36, 25]],

[ 50, 35, 0,[ 48, 51, 84]],

[ 39, 5, 0,[ 5, 4, 89]],

[ 32, 75, 1,[ 85, 65, 30]],

[ 91, 15, 1,[ 73, 12, 90]],

[ 90, 5, 0,[ 44, 80, 71, 91]],

[ 73, 15, 0,[ 11, 86, 10, 91]],

[ 4, 5, 1,[ 59, 31, 9, 37, 39]],

[ 36, 95, 1,[ 7, 77, 35]],

[ 82, 35, 0,[ 27, 41]],

[ 6, 65, 0,[ 42, 72, 69, 55]],

[ 96, 85, 0,[ 22, 57, 12]],

[ 95, 35, 1,[ 70, 94, 79, 10]],

[ 72, 65, 0,[ 83, 6, 48]],

[ 11, 45, 0,[ 74, 26, 73, 37]],

[ 68, 5, 0,[ 43, 49, 83]],

[ 54, 65, 1,[ 69, 20, 89, 21]],

[ 58, 65, 0,[ 78, 87]],

[ 55, 65, 0,[ 65, 77, 6]],

[ 60, 5, 0,[ 5, 33, 21]],

