[ 47, 85, 0,[]],

[ 23, 45, 0,[ 42, 14]],

[ 93, 45, 0,[ 39]],

[ 67, 45, 0,[]],

[ 0, 85, 0,[ 6, 94, 7]],

[ 74, 5, 1,[ 8, 81, 9, 77, 89, 75, 28]],

[ 36, 65, 0,[ 70, 21]],

[ 56, 45, 0,[ 81, 66]],

[ 72, 95, 0,[ 60, 40]],

[ 43, 45, 0,[ 39, 40]],

[ 3, 25, 1,[ 24, 52, 30, 1, 54, 85, 65, 78]],

[ 73, 35, 0,[]],

[ 96, 45, 0,[ 97]],

[ 66, 45, 0,[ 56, 53, 55]],

[ 48, 65, 0,[]],

[ 29, 45, 0,[]],

[ 53, 45, 0,[ 78, 66, 17]],

[ 7, 85, 0,[ 58, 68, 0]],

[ 82, 45, 0,[]],

[ 41, 85, 0,[ 6, 65]],

[ 17, 45, 0,[ 53, 68, 22, 51, 40]],

[ 37, 55, 0,[ 57]],

[ 55, 45, 0,[ 66]],

[ 90, 85, 1,[ 39, 28, 6, 40, 62]],

[ 44, 95, 0,[]],

[ 57, 55, 0,[ 21, 35, 37]],

[ 8, 45, 0,[ 13, 74, 21]],

[ 11, 85, 0,[ 65]],

[ 59, 25, 0,[ 54]],

[ 49, 85, 0,[]],

[ 86, 65, 0,[ 81, 35, 75, 70]],

[ 84, 55, 0,[ 79, 35, 38, 50]],

[ 25, 85, 0,[]],

[ 71, 55, 0,[ 35, 34]],

[ 14, 45, 0,[ 23, 20, 40, 4]],

[ 63, 25, 0,[ 54, 35, 51]],

[ 58, 85, 0,[ 21, 81, 7]],

[ 13, 45, 0,[ 87, 10, 8]],

[ 87, 45, 0,[ 75, 13, 39, 85, 50]],

[ 81, 65, 1,[ 56, 86, 58, 79, 5, 61, 74, 4]],

[ 95, 45, 0,[ 52, 31, 77]],

[ 85, 25, 0,[ 87, 3]],

[ 64, 45, 0,[ 50, 6, 77, 1, 97, 31]],

[ 24, 25, 0,[ 3, 34]],

[ 75, 35, 1,[ 30, 42, 86, 89, 1, 74, 31, 87, 97, 61]],

[ 39, 45, 0,[ 87, 93, 22, 43, 90]],

[ 80, 55, 0,[]],

[ 69, 45, 0,[ 20, 32, 45]],

[ 5, 95, 0,[ 81, 40, 60]],

[ 21, 15, 1,[ 9, 58, 46, 8, 36, 57, 6]],

[ 18, 45, 0,[ 12]],

[ 38, 55, 0,[ 84]],

[ 2, 45, 0,[ 76]],

[ 62, 45, 0,[ 35, 91, 90]],

[ 60, 95, 0,[ 5, 88, 72]],

[ 76, 45, 0,[ 12, 10, 2]],

[ 83, 45, 0,[ 51, 26, 20]],

[ 97, 45, 0,[ 64, 34, 75, 96]],

[ 30, 25, 0,[ 27, 3, 75, 54]],

[ 52, 25, 0,[ 54, 3, 95]],

[ 46, 45, 0,[ 45, 21]],

[ 78, 45, 0,[ 3, 53]],

[ 65, 85, 0,[ 26, 3, 41, 11]],

[ 50, 45, 0,[ 87, 64, 84]],

[ 16, 45, 0,[ 12]],

[ 51, 45, 0,[ 63, 17, 83]],

[ 40, 95, 1,[ 32, 43, 72, 17, 34, 5, 14, 26, 90]],

[ 68, 45, 0,[ 7, 17]],

[ 54, 25, 0,[ 30, 52, 59, 3, 63]],

[ 32, 45, 0,[ 40, 69, 45]],

[ 9, 5, 0,[ 21, 74, 6]],

[ 10, 45, 0,[ 4, 76, 13, 35, 19]],

[ 92, 85, 0,[]],

[ 1, 35, 0,[ 75, 3, 64]],

[ 31, 45, 0,[ 95, 75, 64]],

[ 94, 85, 0,[ 28, 0]],

[ 15, 25, 0,[]],

[ 89, 35, 0,[ 75, 74, 61]],

[ 20, 45, 0,[ 83, 70, 88, 14, 69]],

[ 79, 45, 0,[ 12, 84, 81]],

[ 12, 45, 1,[ 45, 79, 18, 76, 16]],

[ 4, 45, 0,[ 10, 81, 14]],

[ 61, 35, 0,[ 89, 75, 81]],

[ 6, 85, 1,[ 0, 9, 41, 90, 21, 64]],

[ 98, 55, 0,[]],

[ 33, 35, 0,[]],

[ 99, 85, 0,[]],

[ 45, 45, 0,[ 46, 32, 12, 69]],

[ 19, 45, 0,[ 10]],

[ 35, 55, 1,[ 10, 63, 86, 42, 62, 71, 84, 34, 57]],

[ 42, 55, 0,[ 75, 35, 23]],

[ 27, 45, 0,[ 22, 88, 30]],

[ 88, 45, 0,[ 60, 20, 27]],

[ 34, 55, 0,[ 71, 40, 24, 35, 97]],

[ 77, 45, 0,[ 64, 74, 95]],

[ 26, 45, 0,[ 65, 40, 83]],

[ 28, 85, 0,[ 94, 74, 90]],

[ 91, 45, 0,[ 62]],

[ 22, 45, 0,[ 17, 39, 27]],

[ 70, 65, 0,[ 36, 20, 86]],

