[ 45, 55, 0,[ 19, 81, 18, 3]],

[ 77, 75, 1,[ 61, 68, 83, 60]],

[ 71, 85, 1,[ 37, 91, 99]],

[ 75, 45, 0,[ 80, 29, 57]],

[ 72, 65, 0,[ 40, 61, 1]],

[ 52, 35, 1,[ 76, 7, 13, 60, 84, 18]],

[ 28, 15, 0,[ 23, 42]],

[ 16, 55, 0,[ 92, 18, 73]],

[ 54, 25, 1,[ 4, 61, 6]],

[ 98, 25, 1,[ 32, 64, 78, 58, 85]],

[ 96, 45, 0,[ 2, 29, 59]],

[ 81, 55, 0,[ 11, 45, 88, 25]],

[ 68, 15, 1,[ 77, 51, 24]],

[ 93, 85, 1,[ 97, 30, 42, 79]],

[ 42, 15, 1,[ 93, 60, 28, 27]],

[ 11, 35, 0,[ 81, 30]],

[ 48, 75, 0,[ 70, 85, 8]],

[ 20, 15, 0,[ 69, 82]],

[ 62, 45, 0,[ 9, 39, 3]],

[ 14, 55, 1,[ 1, 21, 91]],

[ 21, 55, 0,[ 4, 49, 14]],

[ 46, 85, 1,[ 65, 91, 92]],

[ 31, 55, 0,[ 23]],

[ 33, 55, 0,[ 70, 40, 36]],

[ 30, 35, 1,[ 66, 93, 43, 11, 59, 79, 97]],

[ 97, 85, 0,[ 30, 93, 17, 8]],

[ 3, 55, 1,[ 45, 56, 62, 53, 26]],

[ 90, 45, 0,[ 85, 63, 50]],

[ 49, 45, 1,[ 69, 21, 91]],

[ 63, 45, 1,[ 90, 47, 12, 95]],

[ 17, 25, 1,[ 80, 39, 0, 44, 97]],

[ 26, 85, 0,[ 55, 73, 3, 38]],

[ 9, 45, 1,[ 65, 62, 36]],

[ 99, 65, 1,[ 8, 71, 66]],

[ 19, 15, 1,[ 25, 5, 45]],

[ 61, 75, 0,[ 54, 72, 77]],

[ 13, 85, 0,[ 40, 52, 87]],

[ 76, 45, 1,[ 52, 53, 70]],

[ 79, 65, 0,[ 93, 91, 30]],

[ 53, 85, 1,[ 3, 41, 32, 76]],

[ 58, 85, 1,[ 89, 98, 95]],

[ 0, 25, 0,[ 17, 57, 27]],

[ 91, 65, 1,[ 71, 14, 70, 92, 46, 22, 29, 79, 49]],

[ 15, 45, 0,[ 35, 57, 29, 4]],

[ 69, 45, 1,[ 87, 20, 49, 34]],

[ 24, 25, 0,[ 56, 68, 39]],

[ 40, 55, 0,[ 33, 82, 72, 13]],

[ 7, 75, 0,[ 65, 52, 4]],

[ 1, 65, 1,[ 14, 72, 43]],

[ 87, 85, 1,[ 69, 13, 44]],

[ 60, 75, 1,[ 47, 52, 51, 42, 77]],

[ 64, 25, 0,[ 98, 12]],

[ 29, 45, 0,[ 96, 91, 15, 75]],

[ 55, 75, 1,[ 26, 2, 57]],

[ 2, 45, 0,[ 96, 55]],

[ 10, 75, 1,[ 38, 94, 88]],

[ 65, 45, 1,[ 9, 46, 23, 7, 35]],

[ 50, 45, 0,[ 90, 57]],

[ 92, 55, 1,[ 57, 84, 88, 46, 91, 16, 6]],

[ 41, 25, 0,[ 43, 27, 53]],

[ 57, 45, 1,[ 55, 0, 50, 75, 15, 92]],

[ 84, 55, 0,[ 12, 52, 92]],

[ 82, 15, 1,[ 37, 40, 47, 20]],

[ 35, 45, 0,[ 15, 12, 65]],

[ 95, 85, 1,[ 63, 86, 58]],

[ 38, 85, 1,[ 10, 36, 26]],

[ 43, 65, 0,[ 30, 41, 1]],

[ 32, 25, 0,[ 98, 39, 53]],

[ 25, 45, 0,[ 19, 81, 56]],

[ 94, 5, 0,[ 73, 44, 10]],

[ 56, 45, 1,[ 25, 83, 67, 3, 24]],

[ 44, 5, 0,[ 87, 17, 94, 73, 67]],

[ 37, 35, 1,[ 66, 71, 82]],

[ 8, 75, 1,[ 80, 99, 48, 18, 97]],

[ 70, 55, 1,[ 91, 74, 33, 76, 48]],

[ 67, 65, 1,[ 56, 44, 85]],

[ 83, 55, 1,[ 18, 56, 77]],

[ 78, 75, 0,[ 51, 22, 98]],

[ 66, 35, 0,[ 30, 99, 5, 37]],

[ 27, 25, 0,[ 0, 41, 42]],

[ 47, 85, 1,[ 82, 60, 63]],

[ 34, 65, 1,[ 23, 69, 74]],

[ 88, 55, 0,[ 92, 10, 81]],

[ 12, 15, 1,[ 84, 63, 86, 64, 35]],

[ 85, 85, 0,[ 98, 48, 67, 90]],

[ 22, 75, 1,[ 78, 59, 91]],

[ 4, 75, 1,[ 15, 7, 54, 21]],

[ 80, 75, 0,[ 17, 75, 8]],

[ 59, 15, 1,[ 96, 6, 30, 22]],

[ 36, 55, 0,[ 9, 33, 38]],

[ 18, 55, 0,[ 52, 83, 8, 16, 45]],

[ 73, 5, 1,[ 94, 89, 44, 86, 16, 26, 5]],

[ 89, 25, 0,[ 73, 39, 58]],

[ 5, 55, 1,[ 66, 73, 19]],

[ 6, 55, 0,[ 59, 54, 92]],

[ 86, 15, 0,[ 12, 73, 95]],

[ 23, 55, 1,[ 28, 34, 65, 31]],

[ 39, 25, 0,[ 17, 89, 32, 24, 62]],

[ 51, 85, 1,[ 68, 78, 60]],

[ 74, 55, 0,[ 34, 70]],

