[ 5, 15, 0,[ 72, 94, 26]],

[ 28, 5, 0,[ 24, 93, 48]],

[ 24, 5, 1,[ 62, 71, 46, 20, 28, 3]],

[ 85, 5, 0,[ 74, 73]],

[ 17, 95, 1,[ 19, 50, 38]],

[ 90, 55, 1,[ 19, 58, 83]],

[ 77, 25, 0,[ 69, 96, 66, 4]],

[ 45, 55, 1,[ 14, 88, 8, 34, 22, 59]],

[ 71, 85, 0,[ 24, 47, 72]],

[ 10, 25, 1,[ 2, 40, 65]],

[ 47, 85, 0,[ 9, 19, 87, 71, 12]],

[ 26, 45, 1,[ 79, 62, 41, 5, 72]],

[ 13, 35, 1,[ 58, 7, 18, 22, 97]],

[ 1, 5, 0,[ 30, 33, 48]],

[ 41, 45, 0,[ 6, 0, 26]],

[ 73, 5, 1,[ 85, 16, 86]],

[ 2, 85, 1,[ 95, 98, 10]],

[ 69, 55, 1,[ 75, 77, 39, 53]],

[ 76, 85, 0,[ 16, 55, 29]],

[ 64, 55, 0,[ 59, 29, 82]],

[ 74, 5, 0,[ 94, 85, 27]],

[ 88, 55, 1,[ 54, 32, 84, 45]],

[ 0, 45, 0,[ 30, 41, 94]],

[ 57, 15, 1,[ 98, 50, 75, 53]],

[ 99, 25, 0,[ 83, 23, 38]],

[ 39, 15, 1,[ 49, 69, 46]],

[ 62, 5, 0,[ 51, 26, 24]],

[ 36, 65, 1,[ 7, 93, 15, 72]],

[ 81, 5, 1,[ 20, 52, 50]],

[ 29, 65, 1,[ 42, 64, 76]],

[ 38, 95, 1,[ 17, 30, 61, 99]],

[ 48, 5, 0,[ 28, 1, 14]],

[ 30, 25, 1,[ 1, 38, 0, 92]],

[ 42, 35, 1,[ 3, 29, 19, 70, 55, 46]],

[ 27, 75, 0,[ 84, 52, 74, 63]],

[ 59, 55, 0,[ 64, 45, 18]],

[ 16, 85, 1,[ 21, 72, 76, 33, 73, 31]],

[ 46, 85, 1,[ 24, 66, 42, 89, 49, 39]],

[ 86, 95, 1,[ 11, 93, 73]],

[ 52, 75, 1,[ 27, 21, 81, 3]],

[ 34, 75, 0,[ 51, 45, 49]],

[ 53, 5, 1,[ 57, 92, 69]],

[ 8, 35, 1,[ 45, 79, 54]],

[ 43, 15, 0,[ 72, 23, 97]],

[ 15, 65, 0,[ 89, 36, 4, 94]],

[ 7, 35, 1,[ 36, 51, 13]],

[ 82, 95, 0,[ 20, 64, 44]],

[ 95, 35, 1,[ 98, 2, 87]],

[ 75, 15, 0,[ 69, 57]],

[ 63, 35, 0,[ 3, 93, 27]],

[ 49, 15, 0,[ 34, 39, 80, 46]],

[ 94, 35, 1,[ 74, 0, 5, 4, 15]],

[ 72, 15, 1,[ 5, 16, 67, 36, 43, 26, 71]],

[ 98, 35, 0,[ 95, 2, 57]],

[ 18, 75, 1,[ 91, 22, 13, 59]],

[ 9, 65, 0,[ 96, 47, 61]],

[ 84, 65, 1,[ 27, 12, 88]],

[ 80, 45, 1,[ 49, 56, 96]],

[ 20, 95, 1,[ 81, 24, 82]],

[ 6, 5, 1,[ 25, 41, 44]],

[ 51, 75, 1,[ 25, 34, 62, 7]],

[ 11, 85, 0,[ 12, 86]],

[ 70, 35, 0,[ 42]],

[ 25, 45, 1,[ 79, 91, 6, 51]],

[ 65, 25, 0,[ 66, 10, 19]],

[ 21, 85, 0,[ 16, 52]],

[ 93, 85, 1,[ 68, 63, 86, 36, 28]],

[ 61, 15, 1,[ 9, 68, 38]],

[ 14, 5, 0,[ 48, 45, 66]],

[ 44, 45, 1,[ 82, 6, 87]],

[ 56, 15, 1,[ 91, 23, 80]],

[ 3, 35, 0,[ 24, 52, 42, 63]],

[ 87, 85, 0,[ 47, 44, 95]],

[ 68, 15, 0,[ 91, 93, 61]],

[ 23, 25, 1,[ 35, 60, 43, 56, 99]],

[ 50, 95, 0,[ 89, 57, 17, 83, 81]],

[ 37, 95, 1,[ 60, 55, 89]],

[ 60, 25, 0,[ 54, 23, 37]],

[ 96, 65, 1,[ 9, 31, 40, 80, 77]],

[ 19, 55, 1,[ 65, 12, 17, 42, 47, 91, 90]],

[ 66, 25, 0,[ 46, 65, 14, 77]],

[ 78, 65, 0,[ 67, 58, 35]],

[ 40, 65, 0,[ 10, 96, 67]],

[ 89, 95, 0,[ 50, 37, 15, 46]],

[ 91, 15, 0,[ 19, 56, 18, 68, 25]],

[ 32, 65, 1,[ 35, 88, 58]],

[ 35, 65, 0,[ 78, 23, 32]],

[ 92, 5, 0,[ 30, 33, 53]],

[ 54, 25, 0,[ 60, 8, 88]],

[ 97, 5, 1,[ 13, 31, 43]],

[ 55, 35, 0,[ 42, 76, 37]],

[ 79, 5, 1,[ 8, 25, 26]],

[ 33, 5, 0,[ 92, 1, 16]],

[ 4, 25, 0,[ 94, 15, 77]],

[ 12, 85, 1,[ 11, 19, 84, 47]],

[ 67, 65, 0,[ 72, 40, 78]],

[ 22, 55, 0,[ 45, 13, 18]],

[ 31, 95, 1,[ 97, 96, 16]],

[ 83, 25, 0,[ 50, 99, 90]],

[ 58, 35, 1,[ 32, 13, 90, 78]],

