[ 71, 35, 0,[ 28, 67, 45]],

[ 36, 45, 0,[ 24, 85, 52]],

[ 20, 65, 0,[ 22, 37, 98]],

[ 31, 65, 1,[ 50, 96, 45]],

[ 96, 95, 1,[ 31, 14, 57, 91, 62]],

[ 46, 15, 1,[ 68, 87, 88]],

[ 53, 5, 1,[ 82, 14, 77]],

[ 99, 55, 1,[ 85, 35, 33, 32]],

[ 49, 85, 1,[ 79, 8, 55, 45]],

[ 0, 95, 1,[ 33, 93, 25, 81, 79]],

[ 8, 65, 1,[ 47, 49, 37, 24, 93]],

[ 43, 95, 0,[ 63, 77, 51]],

[ 65, 75, 0,[ 83, 35, 88]],

[ 24, 65, 0,[ 8, 36, 7, 12]],

[ 15, 75, 1,[ 57, 90, 34, 45]],

[ 78, 25, 0,[ 28, 48, 12]],

[ 56, 75, 1,[ 64, 4, 21, 67]],

[ 50, 5, 0,[ 83, 66, 31, 40]],

[ 90, 15, 1,[ 48, 62, 70, 15]],

[ 94, 35, 1,[ 38, 61, 86, 19]],

[ 33, 95, 0,[ 0, 99, 45]],

[ 34, 75, 0,[ 86, 15, 13]],

[ 6, 55, 0,[ 10, 57, 23]],

[ 47, 85, 1,[ 8, 87, 18]],

[ 74, 45, 1,[ 91, 39, 27, 93]],

[ 28, 25, 1,[ 72, 4, 71, 78]],

[ 58, 45, 0,[ 3, 85, 97, 2]],

[ 73, 5, 0,[ 16, 25]],

[ 64, 35, 1,[ 56, 68, 93]],

[ 9, 15, 1,[ 89, 22, 30]],

[ 44, 5, 0,[ 54, 10, 87]],

[ 5, 85, 1,[ 4, 54, 41, 30, 80]],

[ 80, 35, 0,[ 5, 18, 38, 19]],

[ 52, 5, 1,[ 36, 89, 17]],

[ 29, 35, 0,[ 7, 62]],

[ 63, 35, 0,[ 48, 32, 61, 43]],

[ 79, 85, 0,[ 49, 21, 0]],

[ 1, 95, 1,[ 60, 72, 27]],

[ 48, 55, 1,[ 60, 55, 88, 78, 90, 63]],

[ 77, 95, 0,[ 53, 43, 4]],

[ 17, 95, 1,[ 75, 83, 87, 52]],

[ 2, 55, 1,[ 85, 58, 45]],

[ 84, 45, 0,[ 26, 67, 86]],

[ 16, 5, 0,[ 73, 11, 97]],

[ 35, 55, 0,[ 26, 99, 65]],

[ 23, 55, 0,[ 95, 76, 6, 40]],

[ 12, 65, 0,[ 95, 78, 24]],

[ 37, 65, 0,[ 20, 8, 75]],

[ 22, 75, 1,[ 20, 9, 81, 7, 41]],

[ 68, 35, 0,[ 42, 64, 46]],

[ 72, 75, 0,[ 28, 1, 88]],

[ 95, 45, 1,[ 92, 12, 23, 70]],

[ 14, 95, 0,[ 53, 96, 59]],

[ 98, 65, 0,[ 85, 20, 92, 3]],

[ 26, 45, 1,[ 84, 35, 62]],

[ 25, 5, 1,[ 73, 0, 27]],

[ 38, 35, 0,[ 80, 83, 94]],

[ 41, 75, 0,[ 22, 82, 5]],

[ 88, 75, 1,[ 65, 48, 72, 46, 39]],

[ 87, 5, 1,[ 47, 81, 17, 46, 44]],

[ 32, 15, 1,[ 11, 99, 63]],

[ 13, 15, 1,[ 34, 51, 40, 27]],

[ 42, 55, 0,[ 68, 45, 91]],

[ 45, 45, 1,[ 2, 31, 42, 33, 71, 49, 15]],

[ 62, 95, 1,[ 96, 26, 29, 90]],

[ 10, 35, 1,[ 67, 30, 44, 6]],

[ 18, 45, 0,[ 85, 80, 47]],

[ 81, 95, 0,[ 0, 22, 87]],

[ 57, 75, 1,[ 6, 61, 96, 15]],

[ 97, 95, 0,[ 16, 51, 58]],

[ 69, 55, 0,[]],

[ 7, 35, 1,[ 29, 24, 22]],

[ 11, 5, 0,[ 32, 16, 66]],

[ 76, 55, 0,[ 86, 83, 23]],

[ 40, 55, 0,[ 23, 13, 50]],

[ 86, 55, 1,[ 76, 94, 84, 34]],

[ 85, 45, 1,[ 18, 99, 58, 98, 36, 54, 2, 21]],

[ 89, 5, 0,[ 52, 9]],

[ 92, 65, 1,[ 98, 95, 39]],

[ 3, 45, 0,[ 58, 98]],

[ 54, 85, 0,[ 27, 85, 44, 5]],

[ 66, 5, 0,[ 50, 4, 11]],

[ 61, 35, 1,[ 94, 63, 57]],

[ 60, 35, 1,[ 1, 48, 75]],

[ 82, 75, 0,[ 53, 55, 41]],

[ 83, 5, 1,[ 50, 65, 17, 38, 76]],

[ 67, 35, 1,[ 71, 56, 10, 84]],

[ 59, 15, 1,[ 39, 14]],

[ 55, 55, 0,[ 49, 48, 82]],

[ 51, 95, 0,[ 13, 97, 43]],

[ 27, 15, 1,[ 13, 1, 54, 25, 74]],

[ 93, 45, 0,[ 74, 0, 64, 8]],

[ 30, 95, 1,[ 9, 10, 5]],

[ 19, 35, 0,[ 94, 80, 4]],

[ 4, 25, 1,[ 77, 70, 5, 19, 56, 28, 66]],

[ 21, 5, 1,[ 79, 56, 85]],

[ 75, 65, 0,[ 17, 37, 60]],

[ 91, 55, 1,[ 74, 42, 96]],

[ 70, 45, 0,[ 4, 95, 90]],

[ 39, 55, 1,[ 59, 92, 88, 74]],

