[ 99, 35, 0,[ 78, 67, 69]],

[ 15, 15, 0,[ 57, 87, 97]],

[ 77, 65, 0,[ 59, 26, 28, 35]],

[ 18, 55, 0,[ 68, 22, 8]],

[ 81, 65, 0,[ 46]],

[ 98, 55, 0,[ 54, 52, 59]],

[ 48, 15, 0,[ 37, 82]],

[ 26, 65, 0,[ 63, 77, 19]],

[ 59, 65, 0,[ 77, 98, 68]],

[ 52, 45, 0,[ 93, 98, 3]],

[ 25, 65, 0,[]],

[ 85, 65, 0,[ 19]],

[ 1, 55, 0,[ 66, 90]],

[ 88, 45, 0,[ 62, 24, 38]],

[ 11, 45, 0,[ 13, 86, 5]],

[ 38, 45, 0,[ 4, 88, 29, 42]],

[ 22, 55, 0,[ 66, 10, 18, 84]],

[ 70, 35, 1,[ 73, 69, 90]],

[ 83, 85, 1,[ 54, 95, 21, 69]],

[ 20, 65, 0,[ 80, 46, 55]],

[ 8, 55, 0,[ 74, 18, 92]],

[ 36, 45, 0,[ 39, 14]],

[ 49, 65, 0,[ 96, 9, 61]],

[ 14, 55, 0,[ 89, 36, 66]],

[ 72, 15, 0,[ 9, 76, 51]],

[ 57, 45, 0,[ 92, 15, 23]],

[ 86, 65, 0,[ 10, 58, 11]],

[ 13, 65, 0,[ 4, 11]],

[ 39, 45, 0,[ 5, 36, 35, 64]],

[ 60, 45, 0,[ 2, 95]],

[ 58, 65, 0,[ 30, 33, 86]],

[ 5, 45, 0,[ 39, 11, 67]],

[ 64, 45, 0,[ 39, 41, 27, 61, 62]],

[ 37, 15, 0,[ 3, 48, 51]],

[ 80, 65, 0,[ 20]],

[ 84, 55, 0,[ 35, 22, 54, 32]],

[ 94, 15, 0,[]],

[ 19, 65, 0,[ 85, 26, 41, 69]],

[ 89, 65, 0,[ 14, 47, 76]],

[ 31, 65, 0,[ 75]],

[ 2, 65, 0,[ 60, 87]],

[ 68, 65, 0,[ 59, 18]],

[ 28, 65, 0,[ 10, 77]],

[ 23, 55, 0,[ 55, 73, 57]],

[ 63, 55, 0,[ 26, 97, 73, 0]],

[ 3, 45, 0,[ 37, 52]],

[ 54, 55, 0,[ 98, 83, 84]],

[ 69, 35, 0,[ 70, 16, 19, 83, 99]],

[ 0, 35, 0,[ 41, 61, 63, 24]],

[ 53, 45, 0,[ 6, 34]],

[ 6, 45, 0,[ 53]],

[ 91, 15, 0,[]],

[ 7, 45, 0,[]],

[ 95, 45, 1,[ 90, 16, 60, 83, 21]],

[ 21, 15, 1,[ 83, 40, 42, 51, 95]],

[ 34, 55, 0,[ 53, 73]],

[ 24, 35, 0,[ 0, 88, 82, 43]],

[ 46, 65, 0,[ 96, 81, 20]],

[ 93, 45, 0,[ 62, 52, 73]],

[ 27, 45, 0,[ 64, 56]],

[ 92, 45, 0,[ 57, 8, 29]],

[ 79, 45, 0,[]],

[ 44, 15, 0,[]],

[ 30, 65, 0,[ 58]],

[ 78, 45, 0,[ 99]],

[ 12, 35, 0,[]],

[ 35, 45, 0,[ 77, 39, 84]],

[ 62, 45, 0,[ 93, 64, 88]],

[ 4, 65, 0,[ 13, 38, 76]],

[ 16, 45, 0,[ 69, 47, 95]],

[ 51, 15, 0,[ 55, 72, 21, 37]],

[ 67, 65, 1,[ 99, 55, 90, 5]],

[ 17, 45, 0,[ 42]],

[ 9, 65, 0,[ 72, 49]],

[ 76, 65, 0,[ 89, 72, 4]],

[ 71, 45, 0,[ 50]],

[ 32, 55, 0,[ 42, 84]],

[ 82, 15, 0,[ 97, 24, 48]],

[ 96, 65, 0,[ 46, 49]],

[ 29, 55, 0,[ 66, 38, 92]],

[ 87, 65, 0,[ 15, 2]],

[ 65, 15, 0,[]],

[ 66, 55, 0,[ 14, 1, 29, 22]],

[ 73, 55, 1,[ 33, 34, 23, 93, 70, 63]],

[ 47, 65, 0,[ 89, 16]],

[ 33, 55, 0,[ 73, 97, 58]],

[ 97, 15, 0,[ 33, 15, 63, 82]],

[ 55, 65, 1,[ 51, 20, 23, 40, 67]],

[ 10, 55, 0,[ 28, 86, 22]],

[ 56, 65, 1,[ 27, 43, 90]],

[ 41, 35, 0,[ 0, 64, 19]],

[ 61, 45, 0,[ 64, 0, 49]],

[ 42, 45, 1,[ 38, 17, 21, 32, 40]],

[ 74, 55, 0,[ 8]],

[ 43, 35, 0,[ 24, 56]],

[ 90, 45, 1,[ 70, 95, 56, 1, 67]],

[ 50, 45, 0,[ 71]],

[ 45, 45, 0,[]],

[ 75, 65, 0,[ 31]],

[ 40, 15, 0,[ 55, 42, 21]],

