[ 73, 75, 0,[ 99, 92, 95, 47]],

[ 78, 75, 0,[ 92, 4, 8]],

[ 80, 75, 0,[ 69, 76, 42]],

[ 21, 75, 0,[ 42, 10, 29]],

[ 5, 75, 0,[ 88, 69, 16]],

[ 59, 95, 0,[ 9, 48, 83, 16]],

[ 41, 75, 0,[ 71, 94, 15]],

[ 8, 75, 0,[ 53, 78, 2]],

[ 86, 75, 0,[ 1, 94, 14, 15]],

[ 47, 75, 0,[ 74, 73, 68]],

[ 61, 35, 0,[ 36, 10, 11, 30]],

[ 40, 35, 0,[ 14, 42]],

[ 11, 35, 1,[ 61, 27, 84, 66, 13, 25]],

[ 68, 75, 0,[ 47, 19, 77, 57]],

[ 87, 75, 0,[ 22, 69, 95]],

[ 56, 75, 0,[ 82, 36, 1]],

[ 75, 95, 0,[ 25, 33, 67]],

[ 6, 25, 0,[ 91, 49, 82, 98]],

[ 43, 95, 0,[ 7, 2]],

[ 36, 25, 0,[ 89, 61, 56]],

[ 77, 75, 0,[ 38, 17, 85, 68]],

[ 2, 95, 1,[ 62, 8, 25, 43]],

[ 26, 75, 0,[ 35, 24, 57]],

[ 22, 5, 1,[ 74, 54, 87, 1]],

[ 37, 95, 0,[ 0, 95, 82, 66]],

[ 54, 25, 1,[ 89, 55, 22]],

[ 81, 95, 0,[ 35, 29, 89, 57]],

[ 12, 75, 0,[ 88, 4, 32]],

[ 97, 75, 0,[ 92, 71, 53, 4]],

[ 74, 5, 0,[ 22, 89, 62, 47]],

[ 7, 75, 0,[ 44, 24, 43, 27, 38]],

[ 15, 85, 1,[ 83, 86, 13, 20, 41]],

[ 58, 75, 0,[ 46, 65, 33]],

[ 71, 75, 0,[ 70, 4, 41, 97, 90]],

[ 95, 65, 0,[ 37, 73, 87, 19]],

[ 96, 95, 0,[ 28, 63, 93, 34]],

[ 9, 95, 0,[ 59, 84, 53]],

[ 69, 75, 0,[ 5, 20, 87, 80]],

[ 28, 35, 0,[ 96, 52, 14]],

[ 46, 85, 1,[ 65, 58, 44]],

[ 85, 75, 0,[ 10, 77, 63]],

[ 1, 75, 0,[ 56, 86, 22]],

[ 33, 95, 0,[ 53, 90, 75, 58, 66]],

[ 76, 75, 0,[ 51, 63, 80]],

[ 18, 95, 0,[ 0, 34, 51, 52]],

[ 67, 25, 0,[ 91, 98, 51, 24, 75]],

[ 98, 25, 0,[ 67, 6, 52]],

[ 55, 75, 0,[ 93, 64, 54]],

[ 65, 75, 0,[ 31, 46, 58]],

[ 79, 75, 0,[ 64, 29, 25]],

[ 63, 75, 0,[ 96, 85, 76]],

[ 89, 25, 0,[ 81, 54, 74, 36, 31]],

[ 16, 95, 0,[ 59, 5, 35]],

[ 38, 75, 0,[ 72, 7, 77]],

[ 44, 25, 1,[ 7, 19, 46, 60]],

[ 34, 95, 0,[ 50, 18, 96]],

[ 23, 95, 0,[ 60, 3]],

[ 90, 95, 0,[ 71, 33, 3]],

[ 3, 95, 0,[ 90, 94, 23]],

[ 84, 35, 0,[ 9, 31, 11]],

[ 13, 85, 0,[ 15, 11, 45]],

[ 39, 95, 0,[ 19, 93, 32]],

[ 51, 75, 0,[ 67, 76, 18]],

[ 93, 95, 0,[ 39, 29, 96, 30, 55]],

[ 64, 75, 0,[ 19, 79, 55, 48]],

[ 91, 25, 0,[ 6, 67, 45]],

[ 82, 95, 0,[ 6, 17, 37, 56]],

[ 20, 85, 0,[ 0, 15, 69]],

[ 0, 95, 0,[ 37, 18, 20]],

[ 88, 75, 0,[ 72, 12, 5]],

[ 25, 35, 0,[ 14, 79, 11, 75, 2]],

[ 48, 75, 0,[ 59, 70, 64]],

[ 99, 75, 0,[ 32, 73, 30]],

[ 10, 75, 0,[ 61, 21, 49, 85]],

[ 94, 75, 0,[ 3, 86, 41]],

[ 72, 75, 1,[ 88, 27, 38, 50]],

[ 70, 75, 0,[ 48, 31, 71]],

[ 24, 75, 0,[ 7, 26, 67]],

[ 57, 75, 0,[ 81, 68, 26]],

[ 4, 75, 0,[ 12, 97, 71, 78]],

[ 92, 75, 0,[ 73, 83, 97, 78]],

[ 35, 95, 0,[ 16, 26, 29, 81]],

[ 19, 65, 1,[ 95, 64, 44, 68, 39]],

[ 49, 55, 0,[ 50, 10, 29, 6]],

[ 17, 75, 0,[ 77, 82, 62]],

[ 31, 75, 0,[ 65, 70, 89, 84]],

[ 42, 75, 0,[ 21, 45, 40, 80]],

[ 62, 95, 0,[ 2, 74, 17]],

[ 60, 35, 0,[ 23, 44, 14]],

[ 52, 25, 0,[ 98, 18, 28]],

[ 29, 55, 1,[ 81, 49, 35, 21, 93, 79]],

[ 45, 25, 0,[ 13, 91, 42]],

[ 53, 75, 0,[ 9, 33, 97, 8]],

[ 27, 35, 0,[ 72, 7, 11]],

[ 66, 95, 0,[ 37, 33, 11]],

[ 32, 75, 0,[ 99, 12, 39]],

[ 50, 95, 0,[ 72, 34, 49]],

[ 83, 75, 0,[ 15, 59, 92]],

[ 30, 95, 0,[ 99, 93, 61]],

[ 14, 35, 0,[ 40, 25, 28, 86, 60]],

