[ 94, 25, 0,[ 56, 42, 82]],

[ 39, 25, 0,[ 55, 77, 67]],

[ 73, 65, 1,[ 17, 92, 52, 83, 50, 38, 69, 78, 43, 47, 37, 32, 28]],

[ 93, 25, 0,[ 78, 81, 4, 64]],

[ 28, 25, 0,[ 6, 73, 25, 53, 92, 63]],

[ 50, 65, 0,[ 73, 34]],

[ 35, 85, 1,[ 84, 75, 66, 20, 59, 6, 8, 42, 77, 98, 5, 70, 41, 23, 67, 63]],

[ 91, 25, 0,[ 3, 5, 8, 44, 61]],

[ 67, 25, 0,[ 39, 86, 35]],

[ 71, 95, 0,[ 36, 4]],

[ 2, 25, 0,[ 4, 52, 72]],

[ 48, 25, 0,[ 44, 4, 40]],

[ 23, 85, 0,[ 16, 35, 3]],

[ 90, 25, 0,[ 4, 60]],

[ 69, 25, 0,[ 41, 57, 73]],

[ 6, 25, 0,[ 28, 35, 84]],

[ 53, 25, 0,[ 28, 64, 49, 45]],

[ 83, 65, 0,[ 18, 80, 62, 73]],

[ 27, 95, 0,[ 4, 24, 7, 49]],

[ 66, 45, 1,[ 19, 41, 62, 44, 35, 31]],

[ 34, 25, 0,[ 98, 50, 57]],

[ 9, 25, 0,[ 59, 88, 44]],

[ 58, 25, 0,[ 79, 40]],

[ 22, 25, 0,[ 70, 45, 61]],

[ 20, 25, 0,[ 14, 35, 1]],

[ 44, 15, 1,[ 43, 9, 48, 51, 38, 54, 66, 91, 45, 86]],

[ 10, 25, 0,[ 51, 32, 24]],

[ 84, 25, 0,[ 92, 35, 6]],

[ 82, 25, 0,[ 94, 89, 57]],

[ 86, 25, 0,[ 40, 44, 67]],

[ 77, 25, 0,[ 39, 19, 72, 35]],

[ 0, 25, 0,[ 49, 40]],

[ 61, 25, 0,[ 91, 22]],

[ 96, 25, 0,[ 65, 21, 45]],

[ 3, 85, 0,[ 23, 91, 95]],

[ 18, 65, 0,[ 83, 45, 29]],

[ 72, 25, 0,[ 77, 80, 2, 99]],

[ 87, 25, 0,[ 79, 98, 4]],

[ 49, 25, 0,[ 45, 53, 0, 27, 40]],

[ 19, 25, 0,[ 66, 77, 33]],

[ 15, 25, 0,[ 13, 47, 74]],

[ 46, 25, 0,[ 45, 57, 26]],

[ 45, 65, 1,[ 46, 79, 5, 98, 7, 96, 12, 22, 49, 31, 44, 18, 53]],

[ 8, 25, 0,[ 33, 91, 35]],

[ 99, 25, 0,[ 72, 40, 25]],

[ 12, 25, 0,[ 45, 68, 98]],

[ 42, 25, 0,[ 35, 89, 94]],

[ 54, 15, 0,[ 65, 44]],

[ 43, 65, 0,[ 73, 44, 11]],

[ 76, 25, 0,[ 64, 21, 79]],

[ 21, 25, 1,[ 13, 17, 59, 76, 96, 37]],

[ 81, 25, 0,[ 93]],

[ 55, 25, 0,[ 39, 68, 4]],

[ 16, 25, 0,[ 23, 65, 78]],

[ 29, 25, 0,[ 33, 79, 18]],

[ 38, 25, 0,[ 88, 73, 44]],

[ 64, 25, 0,[ 53, 95, 76, 93]],

[ 63, 25, 0,[ 35, 28, 30]],

[ 4, 95, 1,[ 55, 87, 90, 48, 2, 85, 78, 24, 27, 57, 97, 93, 71, 11]],

[ 17, 25, 0,[ 73, 32, 21]],

[ 75, 85, 0,[ 35, 5, 11]],

[ 65, 25, 0,[ 16, 54, 96]],

[ 56, 25, 0,[ 94]],

[ 74, 25, 0,[ 15]],

[ 1, 25, 0,[ 20]],

[ 25, 45, 1,[ 92, 28, 13, 99]],

[ 60, 25, 0,[ 90, 79, 30, 31]],

[ 7, 95, 0,[ 45, 27, 80]],

[ 5, 85, 0,[ 75, 35, 91, 45]],

[ 95, 85, 0,[ 64, 3]],

[ 57, 25, 0,[ 46, 14, 4, 69, 34, 82]],

[ 24, 95, 0,[ 13, 10, 4, 27]],

[ 37, 65, 0,[ 21, 73, 13]],

[ 30, 25, 0,[ 52, 63, 60]],

[ 41, 25, 0,[ 69, 66, 35]],

[ 14, 25, 0,[ 20, 57, 33]],

[ 85, 95, 0,[ 4, 92]],

[ 97, 25, 0,[ 89, 4, 79]],

[ 89, 25, 0,[ 42, 82, 97, 80]],

[ 79, 25, 0,[ 60, 76, 29, 45, 87, 58, 36, 97]],

[ 92, 25, 0,[ 25, 70, 84, 28, 85, 73]],

[ 51, 15, 0,[ 44, 47, 10]],

[ 31, 65, 0,[ 45, 60, 66]],

[ 70, 25, 0,[ 22, 92, 35]],

[ 52, 65, 0,[ 30, 73, 2, 62]],

[ 36, 95, 0,[ 79, 71]],

[ 62, 65, 0,[ 52, 66, 83]],

[ 59, 25, 0,[ 35, 9, 21]],

[ 40, 25, 1,[ 49, 86, 48, 58, 99, 0]],

[ 98, 25, 0,[ 87, 35, 34, 45, 12]],

[ 47, 15, 0,[ 51, 73, 15]],

[ 26, 25, 0,[ 78, 46]],

[ 68, 25, 0,[ 12, 55]],

[ 80, 25, 0,[ 83, 72, 89, 7]],

[ 88, 25, 0,[ 9, 38]],

[ 33, 25, 0,[ 19, 14, 29, 8]],

[ 78, 25, 0,[ 93, 16, 73, 26, 4]],

[ 32, 25, 0,[ 17, 10, 73]],

[ 11, 65, 0,[ 75, 4, 43]],

[ 13, 45, 1,[ 21, 25, 15, 37, 24]],

