[ 25, 15, 0,[ 99, 19, 29]],

[ 77, 15, 0,[ 10, 11, 17]],

[ 4, 25, 0,[ 44, 99, 23]],

[ 52, 25, 0,[ 92, 54, 13]],

[ 97, 45, 0,[ 20, 81, 22]],

[ 12, 25, 0,[ 87, 82, 86]],

[ 49, 25, 0,[ 51, 48, 68]],

[ 80, 65, 1,[ 14, 34, 55]],

[ 5, 45, 0,[ 28, 0, 71, 24]],

[ 29, 15, 0,[ 9, 57, 25]],

[ 18, 45, 0,[ 50, 90, 13, 35]],

[ 61, 25, 0,[ 79, 38, 13]],

[ 64, 15, 0,[ 42, 3, 24, 8]],

[ 31, 25, 0,[ 67, 40, 93]],

[ 23, 45, 0,[ 70, 96, 4]],

[ 82, 25, 0,[ 99, 12, 50]],

[ 11, 45, 0,[ 87, 77, 22]],

[ 37, 45, 0,[ 58, 62, 70, 40]],

[ 40, 45, 0,[ 88, 37, 31]],

[ 86, 15, 1,[ 32, 12, 0, 7, 45]],

[ 27, 25, 0,[ 58, 47, 43]],

[ 73, 25, 0,[ 62, 21, 22]],

[ 93, 25, 0,[ 21, 31, 79, 10]],

[ 63, 15, 0,[ 17, 56, 15, 66, 57]],

[ 58, 45, 0,[ 59, 37, 27]],

[ 67, 15, 0,[ 62, 14, 69, 31]],

[ 17, 25, 0,[ 63, 77, 43, 33, 50, 34]],

[ 50, 25, 0,[ 62, 18, 82, 17]],

[ 32, 25, 0,[ 70, 86, 99]],

[ 87, 45, 0,[ 12, 16, 89, 11]],

[ 88, 25, 0,[ 81, 8, 40, 59]],

[ 79, 25, 0,[ 48, 93, 59, 61]],

[ 78, 15, 0,[ 72, 51, 94, 89]],

[ 24, 15, 0,[ 64, 33, 5]],

[ 43, 25, 0,[ 17, 69, 27, 7, 57]],

[ 62, 15, 1,[ 50, 37, 73, 67]],

[ 2, 25, 1,[ 28, 21, 55]],

[ 89, 15, 0,[ 78, 87, 38]],

[ 36, 45, 0,[ 98, 28, 19]],

[ 68, 45, 0,[ 49, 22, 98]],

[ 16, 45, 0,[ 84, 70, 87, 92]],

[ 56, 15, 0,[ 75, 63, 45]],

[ 66, 15, 0,[ 6, 94, 63]],

[ 98, 45, 0,[ 95, 36, 68, 0]],

[ 9, 15, 0,[ 44, 20, 29, 1]],

[ 10, 15, 0,[ 93, 77, 75]],

[ 71, 45, 0,[ 95, 72, 5, 91]],

[ 41, 45, 0,[ 21, 39, 74]],

[ 65, 45, 0,[ 15, 47, 84, 13]],

[ 19, 45, 0,[ 55, 22, 30, 36, 25]],

[ 94, 15, 0,[ 7, 66, 60, 78]],

[ 75, 35, 1,[ 39, 1, 55, 56, 10]],

[ 92, 15, 0,[ 52, 16, 83]],

[ 53, 25, 0,[ 46, 47, 72]],

[ 28, 45, 0,[ 3, 2, 5, 36]],

[ 39, 35, 1,[ 55, 95, 75, 41]],

[ 72, 25, 0,[ 78, 44, 71, 53]],

[ 8, 25, 0,[ 88, 76, 64]],

[ 30, 25, 0,[ 76, 20, 19]],

[ 59, 25, 0,[ 83, 88, 79, 58]],

[ 46, 25, 0,[ 22, 53, 85]],

[ 20, 25, 0,[ 9, 30, 97]],

[ 74, 45, 0,[ 90, 41, 6]],

[ 81, 25, 0,[ 88, 7, 97, 14]],

[ 96, 45, 0,[ 23, 22, 76]],

[ 90, 45, 0,[ 6, 74, 18]],

[ 76, 25, 0,[ 8, 96, 30]],

[ 38, 15, 0,[ 95, 61, 89]],

[ 44, 15, 0,[ 9, 4, 72]],

[ 57, 15, 0,[ 29, 63, 43]],

[ 51, 25, 0,[ 26, 49, 78]],

[ 35, 25, 0,[ 18, 26, 1]],

[ 95, 45, 0,[ 38, 39, 71, 98]],

[ 21, 25, 0,[ 93, 2, 85, 73, 41]],

[ 84, 45, 0,[ 16, 65, 33]],

[ 91, 45, 0,[ 13, 83, 71]],

[ 85, 25, 0,[ 21, 46, 60]],

[ 70, 45, 0,[ 16, 32, 23, 37]],

[ 14, 25, 0,[ 81, 80, 67]],

[ 7, 25, 0,[ 81, 43, 94, 86]],

[ 54, 25, 0,[ 52, 60, 6]],

[ 15, 25, 0,[ 63, 65, 34]],

[ 34, 25, 0,[ 15, 17, 80]],

[ 45, 15, 0,[ 86, 56, 13]],

[ 99, 25, 0,[ 4, 32, 25, 82]],

[ 3, 45, 0,[ 6, 28, 64, 42, 69, 48]],

[ 69, 15, 0,[ 67, 3, 43]],

[ 22, 45, 1,[ 96, 97, 46, 68, 73, 19, 11]],

[ 48, 45, 0,[ 79, 3, 49]],

[ 26, 25, 0,[ 35, 42, 51]],

[ 13, 45, 0,[ 61, 45, 65, 18, 91, 52]],

[ 83, 15, 0,[ 91, 92, 59]],

[ 42, 25, 0,[ 26, 3, 64]],

[ 60, 25, 0,[ 85, 94, 54]],

[ 33, 15, 0,[ 84, 17, 24]],

[ 47, 25, 0,[ 27, 65, 53]],

[ 1, 25, 1,[ 9, 75, 35]],

[ 55, 15, 1,[ 80, 2, 39, 75, 19]],

[ 6, 45, 0,[ 66, 54, 3, 90, 74]],

[ 0, 45, 1,[ 86, 98, 5]],

