[ 44, 25, 0,[ 48, 11]],

[ 67, 65, 0,[ 16, 15, 23]],

[ 71, 15, 0,[ 25, 22, 93, 55]],

[ 88, 45, 0,[]],

[ 3, 15, 0,[]],

[ 22, 15, 0,[ 71, 7]],

[ 11, 45, 0,[ 44, 55, 72, 94]],

[ 86, 75, 0,[ 62]],

[ 31, 65, 0,[]],

[ 43, 45, 0,[]],

[ 30, 85, 0,[ 55, 28]],

[ 66, 15, 1,[ 26, 8, 28, 39]],

[ 14, 65, 0,[ 12, 29, 25]],

[ 8, 25, 0,[ 66, 45, 12]],

[ 90, 45, 0,[]],

[ 68, 25, 0,[ 48, 96]],

[ 9, 65, 1,[ 33, 0, 75, 79, 93, 42]],

[ 51, 45, 0,[]],

[ 6, 25, 0,[]],

[ 36, 45, 0,[ 63]],

[ 46, 15, 0,[]],

[ 1, 45, 0,[]],

[ 37, 15, 0,[]],

[ 54, 45, 0,[]],

[ 58, 75, 1,[ 62, 91, 47, 98, 99]],

[ 48, 25, 0,[ 44, 33, 4, 68]],

[ 55, 85, 1,[ 35, 30, 89, 11, 71]],

[ 23, 65, 0,[ 60, 67, 57]],

[ 91, 15, 1,[ 81, 10, 76, 58, 24]],

[ 81, 15, 0,[ 91, 25]],

[ 32, 65, 0,[ 78, 98]],

[ 21, 15, 0,[]],

[ 10, 15, 0,[ 91, 89]],

[ 47, 45, 1,[ 58, 76, 26]],

[ 12, 25, 1,[ 82, 16, 42, 63, 65, 8, 96, 35, 14, 24, 49, 60, 98, 7]],

[ 59, 45, 0,[]],

[ 53, 75, 0,[ 69]],

[ 33, 65, 0,[ 48, 9]],

[ 2, 65, 0,[]],

[ 78, 65, 1,[ 60, 74, 19, 73, 28, 26, 32, 39]],

[ 98, 25, 0,[ 58, 12, 32]],

[ 84, 45, 0,[]],

[ 94, 45, 0,[ 63, 19, 11]],

[ 82, 25, 0,[ 12, 83, 35]],

[ 24, 15, 0,[ 91, 12, 76]],

[ 50, 25, 0,[]],

[ 16, 65, 0,[ 67, 12]],

[ 19, 45, 0,[ 78, 94]],

[ 0, 25, 0,[ 4, 79, 9]],

[ 18, 25, 0,[]],

[ 49, 65, 0,[ 12, 57]],

[ 57, 65, 0,[ 23, 93, 49]],

[ 20, 25, 0,[]],

[ 63, 45, 0,[ 36, 76, 94, 12]],

[ 77, 65, 0,[]],

[ 65, 25, 0,[ 13, 12, 42]],

[ 35, 25, 0,[ 12, 82, 55, 75]],

[ 39, 65, 0,[ 66, 29, 78, 73]],

[ 96, 25, 0,[ 99, 12, 68]],

[ 40, 45, 0,[]],

[ 69, 75, 0,[ 42, 53]],

[ 79, 45, 0,[ 0, 9, 56]],

[ 29, 65, 0,[ 41, 14, 39]],

[ 75, 45, 0,[ 9, 80, 34, 35]],

[ 42, 75, 0,[ 62, 9, 69, 12, 65]],

[ 7, 45, 0,[ 28, 22, 12]],

[ 26, 65, 0,[ 78, 47, 66]],

[ 41, 65, 0,[ 29, 74, 45]],

[ 45, 65, 0,[ 41, 8]],

[ 28, 45, 0,[ 80, 7, 66, 30, 78, 34, 92]],

[ 70, 65, 0,[]],

[ 76, 45, 1,[ 91, 63, 47, 24]],

[ 85, 25, 0,[]],

[ 83, 25, 0,[ 74, 82]],

[ 17, 25, 0,[]],

[ 73, 65, 0,[ 39, 78]],

[ 56, 45, 0,[ 72, 79]],

[ 34, 45, 1,[ 75, 74, 28]],

[ 99, 25, 0,[ 58, 96]],

[ 60, 65, 0,[ 78, 23, 12]],

[ 80, 45, 0,[ 28, 75]],

[ 4, 25, 0,[ 0, 48, 25]],

[ 62, 75, 0,[ 86, 42, 58]],

[ 64, 65, 0,[]],

[ 27, 45, 0,[]],

[ 61, 45, 0,[]],

[ 5, 45, 0,[]],

[ 72, 45, 0,[ 92, 11, 56]],

[ 97, 65, 0,[]],

[ 13, 25, 0,[ 65]],

[ 15, 65, 0,[ 67]],

[ 74, 65, 0,[ 34, 83, 41, 78]],

[ 38, 45, 0,[]],

[ 87, 85, 0,[]],

[ 52, 65, 0,[]],

[ 89, 15, 0,[ 10, 25, 55]],

[ 25, 15, 0,[ 71, 89, 14, 4, 81]],

[ 95, 45, 0,[]],

[ 93, 65, 0,[ 71, 57, 9]],

[ 92, 45, 0,[ 72, 28]],

