[ 77, 85, 1,[ 42, 43, 33, 54, 67, 94, 60, 45, 84, 17, 4, 44, 65, 97, 83, 90, 2, 10, 13, 50, 28, 75, 78, 7, 36, 26, 23, 27, 21, 1, 95, 25]],

[ 50, 5, 0,[ 28, 66, 77]],

[ 30, 5, 0,[ 66, 18, 34]],

[ 54, 5, 0,[ 66, 28, 77]],

[ 68, 5, 0,[ 28, 34, 18]],

[ 71, 5, 0,[ 28, 66, 18]],

[ 25, 5, 0,[ 28, 34, 77]],

[ 72, 5, 0,[ 47, 34, 66]],

[ 47, 95, 1,[ 51, 16, 7, 80, 13, 20, 3, 32, 29, 81, 59, 57, 95, 67, 43, 48, 41, 42, 21, 99, 33, 73, 49, 5, 4, 88, 93, 72, 40, 22, 58, 63, 31, 18, 75, 37, 39, 83, 11, 38, 1]],

[ 15, 5, 0,[ 28, 34]],

[ 27, 5, 0,[ 77, 34, 66]],

[ 45, 5, 0,[ 66, 77, 28]],

[ 93, 5, 0,[ 34, 18, 47]],

[ 69, 5, 0,[ 34, 66]],

[ 21, 5, 0,[ 77, 34, 47]],

[ 80, 5, 0,[ 47, 28, 34]],

[ 33, 5, 0,[ 77, 18, 47]],

[ 35, 5, 0,[ 83]],

[ 13, 5, 0,[ 18, 47, 77]],

[ 39, 5, 0,[ 18, 34, 47]],

[ 78, 5, 0,[ 66, 77, 28]],

[ 66, 15, 1,[ 69, 19, 78, 36, 45, 74, 51, 30, 89, 84, 16, 99, 65, 27, 71, 31, 50, 72, 97, 61, 52, 44, 57, 64, 46, 9, 82, 11, 79, 83, 17, 94, 60, 54, 20, 88, 55]],

[ 97, 5, 0,[ 66, 77, 14]],

[ 34, 65, 1,[ 20, 76, 3, 80, 5, 91, 40, 38, 93, 1, 62, 19, 68, 92, 30, 79, 37, 58, 64, 89, 7, 2, 9, 15, 42, 23, 24, 59, 95, 70, 39, 53, 32, 25, 27, 85, 4, 21, 72, 69, 81, 12]],

[ 75, 5, 0,[ 77, 47]],

[ 89, 5, 0,[ 66, 34, 28]],

[ 31, 5, 0,[ 18, 66, 47]],

[ 6, 5, 0,[ 28, 18]],

[ 59, 5, 0,[ 34, 47]],

[ 64, 5, 0,[ 66, 34, 28]],

[ 42, 5, 1,[ 34, 77, 47]],

[ 81, 5, 0,[ 47, 34]],

[ 9, 5, 0,[ 28, 34, 66]],

[ 63, 5, 0,[ 18, 47]],

[ 23, 5, 0,[ 34, 77]],

[ 11, 5, 0,[ 47, 66]],

[ 92, 5, 0,[ 18, 34]],

[ 48, 5, 0,[ 47]],

[ 70, 5, 0,[ 28, 34, 18]],

[ 98, 5, 0,[ 28, 18]],

[ 90, 5, 1,[ 77, 18, 96]],

[ 49, 5, 0,[ 47, 18]],

[ 43, 5, 0,[ 77, 47]],

[ 52, 5, 0,[ 28, 18, 66]],

[ 22, 5, 0,[ 47, 18, 28]],

[ 61, 5, 0,[ 28, 66]],

[ 8, 5, 0,[ 18]],

[ 12, 5, 0,[ 34, 28]],

[ 99, 5, 0,[ 47, 66, 18]],

[ 36, 5, 0,[ 66, 77]],

[ 79, 5, 0,[ 66, 56, 34]],

[ 29, 5, 0,[ 18, 47]],

[ 58, 5, 0,[ 47, 34, 28]],

[ 46, 5, 0,[ 28, 66, 18]],

[ 88, 5, 0,[ 47, 18, 66]],

[ 3, 5, 0,[ 47, 34]],

[ 16, 5, 0,[ 66, 47]],

[ 60, 5, 0,[ 66, 18, 77]],

[ 17, 5, 0,[ 77, 66]],

[ 87, 5, 0,[ 28, 18, 53]],

[ 57, 5, 0,[ 66, 47, 28]],

[ 5, 5, 0,[ 47, 34]],

[ 4, 5, 0,[ 34, 47, 77]],

[ 74, 5, 0,[ 66, 20, 28]],

[ 95, 5, 0,[ 34, 47, 77]],

[ 7, 5, 0,[ 77, 41, 34, 47]],

[ 38, 5, 0,[ 47, 34, 18, 56]],

[ 20, 5, 0,[ 66, 34, 47, 74]],

[ 65, 5, 0,[ 77, 66]],

[ 37, 5, 0,[ 34, 47, 18]],

[ 85, 5, 0,[ 73, 28, 34]],

[ 84, 5, 0,[ 77, 28, 66]],

[ 14, 5, 0,[ 28, 97]],

[ 56, 5, 0,[ 38, 79]],

[ 94, 5, 0,[ 77, 66]],

[ 2, 5, 0,[ 77, 28, 34]],

[ 40, 5, 0,[ 18, 47, 34]],

[ 73, 5, 0,[ 28, 85, 47]],

[ 51, 5, 0,[ 66, 47]],

[ 82, 5, 0,[ 18, 28, 66]],

[ 32, 5, 0,[ 34, 47]],

[ 44, 5, 0,[ 18, 77, 66]],

[ 76, 5, 0,[ 34]],

[ 62, 5, 0,[ 34, 28, 18]],

[ 24, 5, 0,[ 34]],

[ 28, 45, 1,[ 12, 77, 41, 70, 46, 87, 25, 52, 14, 68, 62, 73, 84, 57, 22, 26, 80, 18, 74, 50, 9, 85, 82, 15, 10, 58, 98, 54, 2, 71, 86, 78, 61, 6, 64, 89, 45]],

[ 83, 5, 0,[ 47, 77, 66, 35]],

[ 67, 5, 0,[ 47, 77, 18]],

[ 55, 5, 0,[ 66, 18]],

[ 96, 5, 1,[ 90, 53, 18]],

[ 86, 5, 0,[ 28, 18]],

[ 1, 5, 0,[ 47, 77, 34]],

[ 18, 25, 1,[ 13, 19, 53, 33, 98, 6, 37, 67, 46, 62, 28, 91, 99, 38, 49, 93, 22, 31, 92, 87, 88, 82, 44, 86, 63, 10, 55, 90, 47, 68, 60, 8, 30, 52, 96, 39, 29, 70, 71, 40, 0]],

[ 53, 5, 1,[ 87, 34, 18, 96]],

[ 41, 5, 0,[ 7, 28, 47]],

[ 0, 5, 0,[ 18]],

[ 26, 5, 0,[ 28, 77]],

[ 19, 5, 0,[ 18, 34, 66]],

[ 10, 5, 0,[ 28, 77, 18]],

[ 91, 5, 0,[ 18, 34]],

