[ 83, 35, 0,[ 31, 15, 97]],

[ 91, 15, 0,[ 2, 64, 18]],

[ 11, 35, 0,[ 90, 51, 84, 67]],

[ 20, 55, 0,[ 0, 90, 50]],

[ 34, 35, 0,[ 76, 44, 71, 60]],

[ 69, 25, 0,[ 81, 48, 8]],

[ 73, 55, 0,[ 8, 60, 63]],

[ 16, 25, 0,[ 92, 7, 23]],

[ 6, 5, 0,[ 9, 45, 1]],

[ 23, 25, 0,[ 12, 16, 85, 49]],

[ 3, 35, 0,[ 52, 53, 14, 57, 46]],

[ 63, 55, 0,[ 59, 47, 73]],

[ 77, 55, 1,[ 39, 76, 46]],

[ 53, 35, 1,[ 99, 49, 3, 94]],

[ 99, 35, 0,[ 13, 44, 98, 53]],

[ 28, 15, 0,[ 13, 27, 32]],

[ 84, 25, 0,[ 50, 65, 11]],

[ 44, 35, 0,[ 71, 99, 34]],

[ 29, 35, 0,[ 55, 70, 61]],

[ 60, 35, 0,[ 34, 35, 73]],

[ 21, 15, 0,[ 27, 72, 13]],

[ 87, 35, 0,[ 67, 81]],

[ 98, 35, 0,[ 4, 99, 35]],

[ 62, 65, 1,[ 18, 38, 39]],

[ 95, 35, 0,[ 93, 10, 30, 50]],

[ 14, 25, 0,[ 3, 57, 54]],

[ 93, 35, 0,[ 2, 25, 58, 95, 68]],

[ 52, 35, 0,[ 1, 3, 59, 10]],

[ 48, 25, 1,[ 47, 22, 69, 49, 37]],

[ 81, 25, 0,[ 75, 87, 69]],

[ 54, 25, 0,[ 75, 94, 14, 19]],

[ 79, 25, 0,[ 41, 43, 35, 4]],

[ 37, 15, 0,[ 48, 82, 27]],

[ 50, 25, 0,[ 58, 61, 84, 95, 20]],

[ 35, 35, 0,[ 98, 60, 79]],

[ 68, 35, 0,[ 40, 38, 93]],

[ 2, 15, 0,[ 64, 93, 91]],

[ 40, 5, 0,[ 70, 56, 68]],

[ 27, 15, 1,[ 21, 37, 12, 28, 18, 66]],

[ 65, 25, 0,[ 61, 39, 96, 84]],

[ 64, 5, 0,[ 38, 91, 25, 76, 2]],

[ 8, 55, 0,[ 73, 69, 7, 66]],

[ 4, 25, 0,[ 79, 92, 98]],

[ 76, 5, 1,[ 34, 64, 77, 75]],

[ 88, 25, 0,[ 46, 94, 74]],

[ 31, 35, 0,[ 41, 83, 74]],

[ 17, 35, 0,[ 10, 36]],

[ 32, 35, 0,[ 55, 28, 49]],

[ 70, 5, 0,[ 40, 49, 29]],

[ 56, 5, 1,[ 40, 89, 45]],

[ 33, 5, 0,[ 36, 45, 80]],

[ 80, 5, 0,[ 57, 22, 33]],

[ 39, 65, 0,[ 77, 62, 65]],

[ 13, 35, 0,[ 21, 28, 22, 99]],

[ 18, 15, 0,[ 91, 62, 30, 27]],

[ 75, 25, 0,[ 81, 54, 76]],

[ 1, 35, 0,[ 6, 22, 52, 30]],

[ 0, 15, 0,[ 51, 5, 20, 86]],

[ 24, 35, 0,[ 41, 82, 74]],

[ 66, 15, 0,[ 27, 25, 8]],

[ 36, 35, 0,[ 85, 33, 17, 67]],

[ 89, 15, 0,[ 5, 59, 56, 92]],

[ 5, 15, 1,[ 43, 89, 78, 26, 9, 0]],

[ 43, 15, 0,[ 79, 92, 5]],

[ 41, 35, 0,[ 79, 24, 31]],

[ 72, 35, 0,[ 21, 51, 15]],

[ 38, 65, 0,[ 68, 62, 64, 71]],

[ 59, 35, 0,[ 63, 52, 89]],

[ 12, 15, 0,[ 23, 47, 27]],

[ 96, 25, 0,[ 65, 46, 22]],

[ 46, 25, 0,[ 88, 3, 86, 96, 77]],

[ 55, 35, 0,[ 67, 29, 32, 82]],

[ 45, 5, 0,[ 33, 6, 97, 56]],

[ 9, 15, 0,[ 6, 58, 5]],

[ 25, 15, 0,[ 66, 64, 93]],

[ 97, 15, 0,[ 45, 26, 83]],

[ 7, 55, 0,[ 16, 8, 26]],

[ 26, 15, 0,[ 5, 97, 19, 7]],

[ 15, 35, 0,[ 72, 51, 61, 83]],

[ 22, 5, 0,[ 48, 13, 1, 96, 80]],

[ 90, 55, 0,[ 11, 20, 78, 42]],

[ 51, 35, 0,[ 0, 11, 15, 72]],

[ 30, 35, 0,[ 1, 18, 95]],

[ 49, 25, 1,[ 32, 53, 23, 48, 70]],

[ 82, 35, 0,[ 55, 24, 37]],

[ 67, 35, 0,[ 11, 55, 36, 87]],

[ 92, 25, 0,[ 43, 4, 89, 16]],

[ 57, 25, 0,[ 3, 14, 80]],

[ 74, 55, 0,[ 31, 47, 88, 24]],

[ 58, 25, 0,[ 93, 50, 9]],

[ 78, 15, 0,[ 5, 90, 42]],

[ 10, 35, 0,[ 17, 95, 52]],

[ 19, 25, 0,[ 54, 85, 26]],

[ 94, 35, 0,[ 53, 88, 54]],

[ 86, 55, 0,[ 46, 42, 0]],

[ 47, 55, 1,[ 63, 74, 48, 12]],

[ 71, 35, 0,[ 34, 38, 44]],

[ 61, 25, 0,[ 50, 29, 15, 65]],

[ 42, 55, 0,[ 86, 90, 78]],

[ 85, 25, 0,[ 23, 36, 19]],

