[ 1, 35, 0,[ 29, 43]],

[ 21, 35, 0,[ 43, 42, 77]],

[ 53, 35, 0,[ 95, 43, 29]],

[ 19, 15, 0,[ 77, 42]],

[ 33, 35, 0,[ 42, 43, 77]],

[ 20, 35, 0,[ 42, 29, 43]],

[ 85, 35, 0,[ 43, 42, 77]],

[ 47, 35, 0,[ 60, 42, 43]],

[ 50, 35, 0,[ 60, 42]],

[ 7, 35, 0,[ 43, 77, 3]],

[ 18, 35, 0,[ 12, 42, 43]],

[ 81, 35, 0,[ 42, 3, 43]],

[ 39, 35, 0,[ 43, 12, 29]],

[ 25, 35, 0,[ 12, 3, 42]],

[ 71, 35, 0,[ 42, 29, 60]],

[ 35, 45, 0,[ 43, 45, 42]],

[ 88, 45, 0,[ 76, 42]],

[ 78, 35, 0,[ 42, 43, 29]],

[ 96, 35, 0,[ 42, 43, 83]],

[ 26, 35, 0,[ 42, 77, 13]],

[ 37, 35, 0,[ 46]],

[ 91, 35, 0,[ 43, 3, 29]],

[ 48, 35, 0,[ 77, 42]],

[ 17, 35, 0,[ 43, 46, 42]],

[ 66, 35, 0,[ 82, 43, 3]],

[ 90, 35, 0,[ 29, 43, 60]],

[ 3, 5, 1,[ 79, 22, 36, 82, 45, 56, 24, 83, 64, 38, 25, 68, 44, 76, 7, 52, 91, 62, 87, 97, 16, 67, 81, 60, 66]],

[ 74, 35, 0,[ 29, 43, 42]],

[ 94, 35, 0,[ 6, 42]],

[ 69, 35, 0,[ 42, 12, 43]],

[ 40, 5, 0,[ 43, 42, 60]],

[ 80, 35, 0,[ 29, 46, 43]],

[ 44, 35, 0,[ 3, 42]],

[ 57, 35, 0,[ 43, 42]],

[ 27, 35, 0,[ 60, 43, 29]],

[ 30, 35, 0,[ 42, 43]],

[ 49, 35, 0,[ 43, 77]],

[ 70, 45, 0,[ 43, 42]],

[ 82, 35, 0,[ 43, 66, 42, 3]],

[ 22, 35, 0,[ 42, 29, 3]],

[ 59, 35, 0,[ 77, 43]],

[ 2, 45, 0,[ 12, 99, 43, 42]],

[ 93, 35, 0,[ 43]],

[ 54, 35, 0,[]],

[ 72, 35, 0,[ 43, 77, 42]],

[ 55, 35, 0,[ 43]],

[ 65, 35, 0,[ 42, 43]],

[ 6, 45, 0,[ 43, 77, 94]],

[ 5, 45, 0,[ 43, 60]],

[ 29, 15, 1,[ 10, 39, 53, 71, 84, 67, 80, 99, 97, 87, 20, 90, 86, 22, 73, 64, 1, 38, 91, 27, 78, 41, 74, 62]],

[ 13, 5, 0,[ 77, 43, 26]],

[ 99, 35, 0,[ 42, 29, 2]],

[ 45, 35, 0,[ 35, 3, 43, 77]],

[ 12, 45, 1,[ 18, 11, 64, 2, 0, 23, 31, 25, 69, 63, 39]],

[ 11, 35, 1,[ 12, 43, 42]],

[ 98, 35, 0,[ 76, 42]],

[ 83, 45, 0,[ 42, 96, 3]],

[ 16, 35, 0,[ 77, 3, 42]],

[ 68, 35, 0,[ 3, 77]],

[ 0, 15, 0,[ 42, 12, 43]],

[ 77, 15, 1,[ 32, 56, 21, 6, 48, 19, 85, 26, 72, 59, 7, 49, 95, 8, 33, 13, 24, 45, 61, 16, 34, 68]],

[ 87, 45, 0,[ 29, 43, 3]],

[ 73, 35, 0,[ 29, 42, 43]],

[ 38, 35, 0,[ 3, 29]],

[ 76, 35, 1,[ 60, 88, 3, 52, 98, 43]],

[ 31, 35, 0,[ 60, 12, 43]],

[ 62, 35, 0,[ 29, 3]],

[ 95, 45, 0,[ 53, 43, 77]],

[ 23, 35, 0,[ 43, 42, 12]],

[ 41, 35, 0,[ 43, 29]],

[ 67, 35, 0,[ 29, 3, 42]],

[ 92, 35, 0,[ 43, 42]],

[ 34, 35, 0,[ 77, 43, 60]],

[ 28, 35, 0,[ 42, 60]],

[ 52, 45, 0,[ 3, 76, 43]],

[ 42, 55, 1,[ 4, 96, 50, 72, 83, 99, 11, 19, 92, 22, 2, 65, 74, 20, 81, 75, 86, 82, 26, 48, 47, 35, 0, 40, 84, 71, 16, 14, 10, 21, 24, 30, 33, 73, 28, 78, 89, 17, 23, 15, 88, 25, 18, 69, 97, 67, 94, 44, 98, 70, 57, 85]],

[ 51, 45, 0,[ 60, 43]],

[ 4, 35, 0,[ 42, 46]],

[ 8, 35, 0,[ 43, 77, 46]],

[ 89, 35, 0,[ 42, 43]],

[ 84, 35, 0,[ 29, 42, 43]],

[ 43, 25, 1,[ 10, 7, 45, 34, 57, 59, 91, 1, 55, 20, 87, 56, 95, 90, 78, 76, 2, 33, 35, 6, 82, 84, 47, 52, 58, 30, 61, 31, 81, 11, 79, 63, 66, 53, 18, 27, 70, 13, 0, 51, 5, 69, 32, 8, 89, 39, 15, 21, 85, 36, 9, 73, 96, 74, 23, 92, 65, 41, 80, 40, 72, 17, 49, 93]],

[ 32, 35, 0,[ 77, 60, 43]],

[ 64, 35, 0,[ 12, 3, 29]],

[ 63, 35, 0,[ 43, 60, 12]],

[ 58, 35, 0,[ 43, 36]],

[ 10, 35, 0,[ 43, 29, 42]],

[ 46, 45, 1,[ 17, 80, 61, 75, 4, 8, 37]],

[ 24, 35, 0,[ 42, 77, 3]],

[ 79, 45, 0,[ 3, 86, 43]],

[ 14, 35, 0,[ 42]],

[ 9, 35, 0,[ 43, 60]],

[ 36, 45, 0,[ 43, 58, 3]],

[ 86, 35, 0,[ 29, 42, 79]],

[ 15, 35, 0,[ 42, 43]],

[ 60, 5, 1,[ 63, 40, 90, 28, 3, 47, 9, 76, 50, 71, 32, 51, 27, 5, 34, 31]],

[ 97, 35, 0,[ 29, 42, 3]],

[ 61, 35, 0,[ 46, 77, 43]],

[ 75, 5, 0,[ 46, 42]],

[ 56, 35, 0,[ 3, 77, 43]],

