[ 71, 95, 0,[ 54, 2]],

[ 67, 15, 0,[]],

[ 32, 95, 1,[ 96, 68, 91, 74, 94, 36, 47, 88, 30]],

[ 20, 95, 0,[ 30, 97, 23]],

[ 46, 75, 0,[ 50, 15, 8, 76, 11]],

[ 94, 55, 1,[ 74, 53, 96, 32]],

[ 34, 55, 1,[ 75, 90, 36]],

[ 56, 45, 0,[ 26, 29]],

[ 40, 55, 0,[]],

[ 64, 55, 0,[]],

[ 80, 95, 0,[ 25, 43]],

[ 30, 95, 0,[ 38, 20, 32, 87]],

[ 44, 55, 0,[]],

[ 48, 55, 0,[ 28, 33]],

[ 50, 35, 1,[ 70, 12, 57, 46, 25]],

[ 13, 55, 0,[ 79]],

[ 72, 85, 0,[ 88, 90, 91]],

[ 90, 85, 0,[ 34, 72]],

[ 49, 55, 0,[ 79, 3, 89]],

[ 23, 95, 0,[ 20, 29, 68, 39]],

[ 60, 55, 0,[ 63, 79]],

[ 92, 85, 0,[ 91, 76, 33]],

[ 4, 55, 0,[ 33]],

[ 7, 55, 0,[]],

[ 18, 55, 0,[ 57, 76, 42]],

[ 25, 35, 0,[ 50, 80]],

[ 69, 45, 0,[ 81, 12, 70]],

[ 51, 95, 0,[ 54]],

[ 31, 55, 0,[]],

[ 26, 45, 0,[ 79, 39, 56]],

[ 19, 55, 0,[]],

[ 16, 55, 0,[]],

[ 15, 75, 0,[ 96, 46]],

[ 77, 45, 0,[ 29]],

[ 11, 45, 0,[ 46, 81]],

[ 78, 95, 0,[ 29, 10]],

[ 36, 95, 0,[ 32, 76, 34]],

[ 57, 35, 0,[ 18, 50]],

[ 79, 55, 0,[ 33, 13, 60, 55, 26, 22, 49]],

[ 41, 55, 0,[ 3, 8]],

[ 70, 45, 0,[ 50, 69, 59]],

[ 8, 15, 1,[ 63, 46, 3, 87, 47, 85, 10, 41, 17]],

[ 2, 95, 0,[ 68, 71, 45, 38]],

[ 63, 55, 0,[ 0, 60, 8]],

[ 59, 45, 0,[ 70]],

[ 52, 85, 0,[]],

[ 95, 55, 0,[]],

[ 6, 75, 0,[]],

[ 81, 45, 0,[ 69, 29, 11, 66]],

[ 12, 45, 0,[ 69, 22, 50]],

[ 84, 55, 0,[]],

[ 91, 85, 1,[ 92, 54, 98, 32, 97, 72, 39, 9]],

[ 62, 15, 0,[]],

[ 97, 95, 0,[ 85, 20, 91]],

[ 53, 55, 0,[ 42, 94]],

[ 86, 15, 0,[]],

[ 66, 45, 0,[ 81]],

[ 27, 15, 0,[ 33, 17]],

[ 93, 55, 0,[]],

[ 73, 55, 0,[]],

[ 98, 55, 0,[ 91, 3, 1]],

[ 39, 45, 0,[ 29, 26, 23, 91]],

[ 17, 15, 0,[ 27, 74, 8]],

[ 85, 15, 0,[ 8, 97]],

[ 5, 95, 0,[]],

[ 42, 55, 0,[ 18, 75, 87, 53, 55, 76]],

[ 33, 55, 0,[ 4, 92, 79, 27, 48]],

[ 35, 45, 0,[]],

[ 29, 45, 1,[ 56, 22, 74, 28, 39, 37, 77, 78, 81, 23]],

[ 83, 95, 0,[]],

[ 88, 95, 1,[ 32, 72, 54]],

[ 61, 55, 0,[]],

[ 22, 45, 0,[ 12, 79, 29]],

[ 14, 55, 0,[]],

[ 47, 95, 0,[ 32, 8, 1]],

[ 89, 55, 0,[ 49, 0]],

[ 45, 95, 0,[ 2, 28]],

[ 37, 45, 0,[ 29]],

[ 38, 95, 0,[ 2, 30, 24]],

[ 21, 95, 0,[ 24]],

[ 99, 55, 0,[]],

[ 74, 45, 0,[ 17, 32, 94, 29]],

[ 28, 95, 0,[ 29, 45, 48, 54]],

[ 65, 45, 0,[]],

[ 3, 55, 0,[ 55, 8, 98, 49, 41]],

[ 9, 85, 0,[ 91]],

[ 1, 55, 0,[ 98, 47]],

[ 82, 55, 0,[]],

[ 0, 55, 0,[ 63, 89]],

[ 55, 55, 0,[ 3, 42, 79]],

[ 68, 95, 0,[ 32, 23, 2]],

[ 24, 95, 0,[ 10, 38, 21]],

[ 54, 95, 0,[ 71, 91, 28, 51, 88]],

[ 96, 95, 1,[ 32, 94, 15, 43]],

[ 43, 95, 0,[ 80, 96]],

[ 58, 55, 0,[]],

[ 75, 55, 0,[ 42, 34]],

[ 76, 75, 1,[ 46, 36, 92, 18, 42]],

[ 87, 95, 0,[ 8, 42, 30]],

[ 10, 95, 0,[ 78, 8, 24]],

