[ 40, 35, 1,[ 45, 85, 79]],

[ 34, 5, 1,[ 2, 47, 28, 4]],

[ 96, 95, 1,[ 31, 46, 14, 7]],

[ 23, 15, 1,[ 90, 22, 38, 68]],

[ 1, 5, 0,[ 56, 91, 43]],

[ 80, 25, 1,[ 89, 66, 16, 18, 78]],

[ 65, 5, 0,[ 82, 43, 62]],

[ 4, 5, 1,[ 17, 60, 21, 34, 7, 98]],

[ 50, 5, 1,[ 54, 57, 56, 94]],

[ 15, 5, 1,[ 62, 53, 44]],

[ 99, 95, 1,[ 19, 42, 2, 52, 9]],

[ 36, 5, 0,[ 47, 59, 10]],

[ 77, 5, 0,[ 8, 6, 70]],

[ 91, 5, 1,[ 14, 1, 52, 5, 21, 16]],

[ 82, 5, 1,[ 74, 44, 65, 64, 20]],

[ 86, 25, 0,[ 43, 89, 69, 55]],

[ 59, 5, 0,[ 66, 78, 36]],

[ 60, 85, 1,[ 4, 58, 8, 18]],

[ 12, 5, 0,[ 54, 43, 93, 95]],

[ 98, 5, 0,[ 4, 38, 43]],

[ 76, 5, 0,[ 39, 88, 13]],

[ 6, 5, 0,[ 77, 22, 68]],

[ 56, 5, 1,[ 50, 1, 92]],

[ 14, 5, 0,[ 69, 91, 96]],

[ 5, 5, 0,[ 43, 91, 9]],

[ 74, 35, 1,[ 22, 37, 63, 82, 29]],

[ 0, 5, 0,[ 2, 49, 39]],

[ 33, 25, 1,[ 87, 75, 30, 2, 7]],

[ 11, 25, 0,[ 92, 90, 46]],

[ 63, 15, 0,[ 57, 74, 48, 67]],

[ 21, 5, 0,[ 91, 10, 4, 35, 41]],

[ 93, 5, 0,[ 62, 57, 12]],

[ 8, 5, 0,[ 54, 85, 48, 60, 77]],

[ 78, 25, 0,[ 59, 49, 80]],

[ 66, 35, 1,[ 80, 69, 59]],

[ 44, 5, 0,[ 82, 15, 24, 51]],

[ 18, 55, 1,[ 60, 80, 29, 20]],

[ 13, 5, 0,[ 24, 79, 16, 76]],

[ 37, 35, 0,[ 74, 20, 19]],

[ 62, 5, 1,[ 42, 58, 15, 27, 65, 93]],

[ 67, 25, 0,[ 63, 95, 64]],

[ 92, 25, 0,[ 56, 57, 11, 55]],

[ 49, 35, 1,[ 95, 29, 78, 0]],

[ 71, 45, 1,[ 64, 30, 10, 48]],

[ 73, 25, 1,[ 22, 90, 70]],

[ 57, 15, 1,[ 63, 84, 50, 88, 54, 97, 93, 92]],

[ 47, 5, 0,[ 34, 36, 61]],

[ 38, 35, 1,[ 98, 23, 28, 94, 27]],

[ 29, 25, 0,[ 49, 74, 18]],

[ 39, 5, 1,[ 28, 9, 76, 0]],

[ 9, 5, 0,[ 39, 5, 99]],

[ 75, 75, 1,[ 46, 33, 51]],

[ 89, 25, 1,[ 80, 22, 86]],

[ 45, 5, 1,[ 70, 40, 94]],

[ 10, 95, 1,[ 36, 84, 51, 69, 21, 71]],

[ 24, 35, 1,[ 51, 13, 3, 44]],

[ 26, 25, 0,[ 19, 61]],

[ 19, 25, 1,[ 37, 30, 99, 26]],

[ 52, 85, 1,[ 91, 83, 99]],

[ 28, 5, 1,[ 34, 39, 38]],

[ 95, 55, 1,[ 12, 49, 35, 67]],

[ 88, 15, 1,[ 87, 76, 57]],

[ 79, 5, 1,[ 13, 58, 40]],

[ 64, 25, 0,[ 71, 82, 67]],

[ 25, 5, 0,[ 83, 85]],

[ 97, 5, 0,[ 87, 35, 57, 54]],

[ 17, 15, 1,[ 84, 4, 31]],

[ 3, 5, 0,[ 41, 81, 24, 72]],

[ 55, 25, 0,[ 86, 92, 61]],

[ 46, 95, 0,[ 11, 75, 96]],

[ 53, 5, 0,[ 61, 41, 15]],

[ 87, 75, 0,[ 88, 97, 33]],

[ 41, 85, 1,[ 21, 32, 3, 53]],

[ 68, 5, 1,[ 42, 83, 23, 6]],

[ 58, 5, 0,[ 60, 62, 79]],

[ 22, 25, 0,[ 74, 73, 6, 23, 89]],

[ 48, 95, 1,[ 8, 63, 71]],

[ 7, 95, 1,[ 4, 96, 33]],

[ 30, 25, 1,[ 71, 33, 19]],

[ 31, 65, 0,[ 17, 27, 96]],

[ 83, 5, 0,[ 52, 25, 68]],

[ 94, 5, 0,[ 38, 45, 50]],

[ 2, 5, 0,[ 0, 34, 33, 99]],

[ 81, 5, 0,[ 61, 32, 3]],

[ 27, 5, 1,[ 31, 62, 72, 38]],

[ 16, 5, 0,[ 13, 80, 91]],

[ 84, 15, 0,[ 57, 10, 17]],

[ 72, 5, 0,[ 3, 27]],

[ 85, 5, 0,[ 40, 25, 8]],

[ 32, 55, 1,[ 41, 81, 51]],

[ 43, 35, 1,[ 5, 65, 1, 98, 86, 12]],

[ 51, 5, 0,[ 24, 32, 75, 10, 44]],

[ 69, 25, 1,[ 10, 14, 86, 66]],

[ 70, 5, 0,[ 73, 45, 77]],

[ 20, 35, 1,[ 18, 37, 82]],

[ 90, 25, 1,[ 23, 11, 73]],

[ 42, 5, 0,[ 99, 68, 62]],

[ 35, 5, 1,[ 97, 95, 21]],

[ 61, 5, 1,[ 26, 55, 81, 53, 47]],

[ 54, 5, 1,[ 8, 97, 57, 12, 50]],

[ 35, 25, 0,[ 58, 13, 44]],

[ 49, 15, 0,[ 84, 63, 69]],

[ 29, 95, 0,[ 96, 28, 45]],

[ 53, 5, 0,[ 98, 52, 68]],

[ 13, 25, 1,[ 66, 35, 57]],

[ 3, 25, 0,[ 12, 95, 39]],

[ 81, 25, 1,[ 10, 31, 85]],

[ 19, 15, 1,[ 69, 5, 62, 56]],

[ 91, 15, 1,[ 95, 94, 46]],

[ 38, 65, 1,[ 68, 61]],

[ 20, 25, 1,[ 14, 61, 9, 1]],

[ 18, 25, 0,[ 87, 45, 30]],

[ 2, 85, 1,[ 23, 0, 42]],

[ 62, 85, 1,[ 43, 17, 19]],

[ 52, 65, 1,[ 80, 53, 48, 78, 56, 26]],

[ 58, 5, 0,[ 93, 35, 88]],

[ 31, 25, 0,[ 37, 34, 10, 81]],

[ 47, 45, 0,[ 99, 24, 46]],

[ 4, 25, 0,[ 74, 34, 84]],

[ 57, 25, 0,[ 13, 1, 90, 26]],

[ 96, 25, 1,[ 93, 11, 77, 82, 29]],

[ 85, 25, 0,[ 68, 81]],

[ 60, 5, 1,[ 15, 94, 65, 79]],

[ 25, 25, 0,[ 33, 45, 69, 50]],

[ 66, 25, 0,[ 84, 10, 13]],

[ 24, 65, 1,[ 47, 39, 8]],

[ 87, 85, 1,[ 71, 21, 50, 39, 70, 6, 18]],

[ 72, 85, 1,[ 75, 63, 5, 36]],

[ 75, 35, 0,[ 72, 89, 77]],

[ 61, 25, 0,[ 6, 20, 92, 38]],

[ 45, 45, 1,[ 40, 36, 29, 18, 25, 67]],

[ 15, 25, 0,[ 95, 51, 60]],

[ 54, 5, 0,[ 90, 83]],

[ 48, 25, 0,[ 8, 52, 92]],

[ 71, 5, 0,[ 39, 98, 87, 40]],

[ 9, 25, 0,[ 22, 20]],

[ 34, 25, 1,[ 4, 51, 69, 31]],

[ 7, 45, 0,[ 30, 11, 12]],

[ 46, 45, 1,[ 0, 6, 47, 91]],

[ 33, 25, 0,[ 84, 14, 25]],

[ 8, 95, 1,[ 48, 98, 97, 24]],

[ 69, 15, 1,[ 25, 49, 19, 34, 76, 82]],

[ 16, 35, 1,[ 41, 21, 67, 50, 64, 40]],

[ 23, 25, 0,[ 21, 50, 2]],

[ 36, 45, 1,[ 45, 72]],

[ 30, 45, 1,[ 18, 7, 41, 32, 59]],

[ 43, 35, 1,[ 62, 98, 14]],

[ 6, 25, 1,[ 87, 61, 46]],

[ 63, 85, 1,[ 72, 73, 49]],

[ 89, 5, 1,[ 32, 75, 21]],

[ 83, 95, 1,[ 86, 54, 32]],

[ 98, 15, 1,[ 71, 88, 82, 8, 53, 74, 43]],

[ 99, 25, 0,[ 47, 59]],

[ 21, 25, 0,[ 87, 23, 16, 89]],

[ 26, 25, 1,[ 52, 57, 97]],

[ 84, 25, 1,[ 4, 76, 49, 66, 33]],

[ 44, 25, 1,[ 55, 90, 35]],

[ 76, 55, 1,[ 84, 69, 42]],

[ 39, 25, 1,[ 71, 24, 87, 3]],

[ 79, 45, 0,[ 93, 60]],

[ 92, 25, 1,[ 61, 48, 0]],

[ 97, 55, 1,[ 26, 55, 86, 8]],

[ 77, 5, 1,[ 96, 88, 75, 11]],

[ 11, 5, 1,[ 7, 96, 77, 28]],

[ 68, 65, 1,[ 53, 85, 38]],

[ 41, 45, 0,[ 30, 17, 16]],

[ 93, 35, 1,[ 58, 79, 51, 42, 96]],

[ 0, 45, 0,[ 92, 46, 2]],

[ 67, 25, 0,[ 74, 16, 45]],

[ 1, 25, 0,[ 65, 20, 57]],

[ 37, 45, 1,[ 64, 31, 78]],

[ 10, 25, 0,[ 66, 31, 81]],

[ 70, 25, 0,[ 22, 56, 87]],

[ 74, 25, 0,[ 4, 67, 98]],

[ 5, 45, 0,[ 17, 72, 19]],

[ 59, 25, 0,[ 30, 27, 22, 99]],

[ 56, 15, 1,[ 52, 19, 70]],

[ 90, 25, 0,[ 57, 44, 54]],

[ 51, 25, 0,[ 15, 93, 34]],

[ 12, 25, 0,[ 3, 7]],

[ 40, 25, 0,[ 71, 45, 16]],

[ 94, 15, 1,[ 65, 91, 78, 60]],

[ 86, 95, 0,[ 83, 27, 97]],

[ 80, 65, 1,[ 64, 73, 52]],

[ 14, 75, 0,[ 43, 20, 33]],

[ 32, 45, 0,[ 30, 83, 89]],

[ 65, 25, 0,[ 94, 60, 1]],

[ 64, 25, 0,[ 16, 37, 80]],

[ 73, 85, 0,[ 80, 63]],

[ 95, 25, 1,[ 27, 15, 91, 3]],

[ 27, 45, 1,[ 59, 86, 95]],

[ 50, 5, 1,[ 25, 23, 16, 87]],

[ 42, 95, 1,[ 76, 93, 2]],

[ 78, 65, 0,[ 94, 37, 52]],

[ 82, 15, 1,[ 69, 96, 98]],

[ 88, 5, 0,[ 77, 58, 98]],

[ 28, 5, 1,[ 11, 29, 17]],

[ 17, 45, 1,[ 28, 62, 5, 41]],

[ 55, 45, 0,[ 97, 44]],

[ 22, 25, 0,[ 59, 9, 70]],

