[ 50, 75, 0,[ 42, 59, 97]],

[ 25, 65, 1,[ 96, 20, 89, 95, 2, 87, 23]],

[ 99, 75, 0,[ 47, 21, 77]],

[ 96, 75, 0,[ 25, 15, 72]],

[ 70, 75, 0,[ 9, 30, 69]],

[ 3, 75, 1,[ 57, 39, 93, 2]],

[ 51, 25, 1,[ 16, 54, 88, 97, 41]],

[ 92, 75, 0,[ 16, 54, 48, 32]],

[ 44, 75, 0,[ 73, 42, 81]],

[ 64, 75, 0,[ 5, 89, 22]],

[ 9, 25, 1,[ 70, 88, 86, 66, 10, 8, 26, 7]],

[ 13, 85, 0,[ 63, 11]],

[ 94, 75, 1,[ 21, 84, 38, 76, 90]],

[ 36, 25, 0,[ 61, 32, 11]],

[ 87, 85, 1,[ 34, 83, 25]],

[ 34, 95, 0,[ 43, 19, 87]],

[ 89, 75, 1,[ 31, 25, 64]],

[ 69, 45, 0,[ 56, 30, 70]],

[ 0, 75, 0,[ 17, 62, 1]],

[ 22, 75, 1,[ 60, 16, 1, 64]],

[ 77, 75, 1,[ 99, 47, 12]],

[ 53, 25, 1,[ 67, 79, 85, 31, 82]],

[ 57, 75, 0,[ 47, 49, 3]],

[ 98, 75, 1,[ 29, 8, 4]],

[ 59, 75, 1,[ 21, 50, 52]],

[ 19, 15, 1,[ 71, 34, 67]],

[ 40, 75, 0,[ 71, 35, 56]],

[ 66, 75, 0,[ 45, 63, 37, 9]],

[ 71, 15, 1,[ 40, 4, 37, 19]],

[ 72, 75, 0,[ 96, 82, 12]],

[ 2, 75, 0,[ 61, 3, 25]],

[ 48, 75, 1,[ 18, 79, 47, 14, 92]],

[ 29, 15, 1,[ 75, 98, 14]],

[ 8, 75, 0,[ 47, 9, 98]],

[ 31, 75, 0,[ 47, 53, 89]],

[ 84, 85, 1,[ 58, 94, 60, 33, 93, 27]],

[ 74, 95, 1,[ 95, 39, 33, 45]],

[ 26, 75, 0,[ 28, 9, 73]],

[ 4, 75, 0,[ 98, 71]],

[ 52, 75, 1,[ 15, 80, 78, 59, 79]],

[ 16, 75, 0,[ 22, 51, 92]],

[ 6, 75, 0,[ 35, 62, 83]],

[ 1, 45, 1,[ 0, 45, 56, 22]],

[ 11, 85, 1,[ 36, 24, 13]],

[ 20, 75, 0,[ 32, 83, 25]],

[ 17, 35, 1,[ 23, 68, 24, 0]],

[ 14, 75, 0,[ 86, 35, 48, 29]],

[ 45, 75, 0,[ 66, 1, 74]],

[ 81, 75, 1,[ 43, 44, 83]],

[ 32, 75, 1,[ 20, 92, 36, 75]],

[ 85, 75, 1,[ 12, 7, 53, 76]],

[ 39, 75, 0,[ 62, 3, 74, 28]],

[ 58, 75, 0,[ 84, 83, 61]],

[ 27, 75, 0,[ 35, 12, 84]],

[ 97, 95, 1,[ 51, 61, 50, 15]],

[ 18, 75, 1,[ 93, 41, 48]],

[ 61, 15, 1,[ 58, 36, 5, 97, 2]],

[ 65, 75, 0,[ 5, 78, 42]],

[ 68, 75, 0,[ 28, 17, 83]],

[ 78, 75, 1,[ 52, 63, 38, 55, 65]],

[ 79, 75, 0,[ 52, 48, 53]],

[ 15, 75, 1,[ 52, 96, 97]],

[ 86, 75, 0,[ 14, 9, 95]],

[ 60, 75, 0,[ 22, 28, 84]],

[ 83, 15, 1,[ 87, 58, 91, 6, 81, 55, 68, 20]],

[ 90, 75, 0,[ 47, 42, 94]],

[ 7, 65, 0,[ 9, 85, 5]],

[ 37, 25, 1,[ 66, 43, 71]],

[ 75, 75, 0,[ 46, 32, 29]],

[ 63, 85, 1,[ 66, 78, 13]],

[ 23, 75, 0,[ 30, 25, 17]],

[ 55, 75, 0,[ 78, 83, 54]],

[ 67, 75, 0,[ 53, 54, 19]],

[ 46, 15, 1,[ 24, 82, 75]],

[ 49, 65, 1,[ 43, 33, 88, 57, 91]],

[ 5, 85, 1,[ 64, 65, 41, 7, 24, 61]],

[ 95, 65, 1,[ 74, 86, 25]],

[ 21, 45, 1,[ 99, 59, 94]],

[ 35, 25, 1,[ 76, 6, 40, 14, 27]],

[ 73, 35, 1,[ 26, 28, 44]],

[ 76, 45, 0,[ 94, 35, 85]],

[ 10, 75, 0,[ 62, 47, 9]],

[ 93, 75, 0,[ 18, 3, 84]],

[ 88, 75, 0,[ 9, 51, 49]],

[ 43, 75, 1,[ 81, 49, 37, 34, 91]],

[ 47, 75, 1,[ 48, 77, 42, 8, 99, 10, 90, 57, 31]],

[ 91, 75, 0,[ 43, 49, 83]],

[ 33, 75, 0,[ 49, 74, 84]],

[ 41, 75, 0,[ 18, 5, 51]],

[ 24, 75, 0,[ 46, 5, 17, 11]],

[ 82, 95, 1,[ 53, 46, 72]],

[ 38, 75, 0,[ 78, 56, 94]],

[ 62, 45, 1,[ 6, 0, 10, 39]],

[ 80, 25, 0,[ 12, 52]],

[ 56, 75, 1,[ 69, 40, 1, 38]],

[ 28, 75, 1,[ 39, 60, 26, 73, 68]],

[ 54, 75, 1,[ 67, 92, 55, 51]],

[ 42, 75, 1,[ 47, 90, 50, 65, 44]],

[ 30, 85, 1,[ 70, 69, 23]],

[ 12, 75, 1,[ 85, 80, 72, 77, 27]],

[ 41, 95, 0,[ 85, 10, 13]],

[ 31, 95, 0,[ 12, 35, 2]],

[ 26, 95, 0,[ 3, 22, 47]],

[ 99, 5, 1,[ 65, 57, 1]],

[ 63, 95, 0,[ 49, 46, 24]],

[ 68, 95, 0,[ 35, 56, 90, 44]],

[ 83, 95, 1,[ 1, 69, 33]],

[ 73, 95, 1,[ 65, 6, 90]],

[ 67, 95, 1,[ 94, 18, 90, 65, 30, 66]],

[ 35, 95, 0,[ 43, 31, 68, 23]],

[ 42, 95, 1,[ 32, 48, 91, 96, 30]],

[ 84, 95, 0,[ 79, 74, 82]],

[ 24, 85, 1,[ 63, 32, 56, 65, 25, 74]],

[ 90, 95, 0,[ 49, 73, 68, 67]],

[ 74, 95, 0,[ 70, 84, 24]],

[ 57, 65, 1,[ 99, 28, 97, 81]],

[ 64, 45, 1,[ 27, 65, 75, 89]],

[ 10, 15, 1,[ 41, 9]],

[ 76, 95, 0,[ 66, 79, 97]],

[ 80, 95, 0,[ 54, 32, 50]],

[ 71, 95, 0,[ 52, 22, 95, 66]],

[ 45, 95, 0,[ 88, 59, 77]],

[ 32, 95, 0,[ 24, 42, 80]],

[ 52, 35, 1,[ 71, 1, 53]],

[ 70, 5, 1,[ 50, 74, 94, 56, 98]],

[ 6, 95, 1,[ 4, 73, 29]],

[ 23, 95, 0,[ 25, 58, 35]],

[ 29, 95, 0,[ 48, 36, 6]],

[ 30, 95, 0,[ 67, 42, 95]],

[ 78, 95, 1,[ 4, 62, 87]],

[ 20, 95, 0,[ 33, 54, 22]],

[ 65, 15, 1,[ 67, 24, 73, 64, 27, 99]],

[ 28, 95, 0,[ 57, 11, 27]],

[ 66, 95, 1,[ 71, 67, 76, 54]],

[ 7, 95, 0,[ 0, 13, 47]],

[ 77, 95, 0,[ 51, 45, 48]],

[ 50, 95, 0,[ 80, 70, 19, 16]],

[ 91, 95, 0,[ 42, 89, 93, 61]],

[ 86, 25, 1,[ 5, 87, 21]],

[ 46, 45, 1,[ 47, 40, 44, 63, 37]],

[ 1, 95, 1,[ 83, 99, 0, 37, 59, 52]],

[ 25, 65, 1,[ 24, 75, 23]],

[ 14, 35, 1,[ 19, 13, 16, 12]],

[ 38, 95, 1,[ 36, 43, 98]],

[ 62, 95, 0,[ 40, 53, 78]],

[ 0, 65, 1,[ 2, 1, 21, 7]],

[ 3, 85, 1,[ 5, 59, 26]],

[ 79, 65, 1,[ 21, 43, 27, 76, 87, 84]],

[ 11, 95, 0,[ 28, 88, 89, 39]],

[ 43, 95, 0,[ 79, 38, 35]],

[ 53, 95, 1,[ 55, 52, 48, 62, 51]],

[ 87, 85, 1,[ 79, 86, 72, 78, 85]],

[ 98, 95, 0,[ 38, 36, 70]],

[ 37, 95, 0,[ 94, 46, 1]],

[ 82, 95, 0,[ 84, 36, 34]],

[ 19, 95, 0,[ 14, 50, 17]],

[ 55, 95, 1,[ 54, 97, 53]],

[ 89, 95, 0,[ 11, 64, 91]],

[ 48, 95, 0,[ 53, 29, 42, 77]],

[ 97, 95, 0,[ 92, 76, 55, 57]],

[ 60, 95, 0,[ 69, 58, 16, 81]],

[ 22, 95, 0,[ 26, 71, 20]],

[ 96, 95, 0,[ 21, 36, 42]],

[ 9, 95, 1,[ 10, 92, 85, 49, 33]],

[ 56, 95, 0,[ 24, 68, 70]],

[ 75, 95, 1,[ 64, 25, 4]],

[ 81, 95, 0,[ 60, 57, 58]],

[ 34, 45, 1,[ 82, 33, 18, 40, 36]],

[ 92, 95, 0,[ 94, 9, 97]],

[ 16, 45, 1,[ 50, 60, 14, 17]],

[ 88, 25, 1,[ 85, 11, 15, 45]],

[ 85, 95, 0,[ 88, 87, 9, 41]],

[ 15, 15, 1,[ 13, 17, 88]],

[ 47, 95, 1,[ 7, 46, 26, 8, 49, 61]],

[ 94, 75, 1,[ 33, 92, 67, 95, 70, 37]],

[ 4, 95, 0,[ 78, 6, 75]],

[ 21, 15, 1,[ 96, 86, 39, 8, 0, 79]],

[ 39, 95, 0,[ 21, 44, 11]],

[ 44, 95, 1,[ 39, 68, 46]],

[ 58, 95, 0,[ 23, 81, 60]],

[ 59, 95, 0,[ 45, 3, 72, 1]],

[ 17, 75, 1,[ 19, 16, 15]],

[ 5, 55, 1,[ 86, 93, 3]],

[ 93, 95, 1,[ 95, 91, 5]],

[ 40, 95, 0,[ 46, 34, 62]],

[ 12, 95, 0,[ 14, 51, 31]],

[ 8, 95, 0,[ 47, 21]],

[ 36, 5, 1,[ 96, 38, 98, 29, 34, 82]],

[ 18, 95, 0,[ 67, 34]],

[ 49, 15, 1,[ 51, 9, 90, 47, 63]],

[ 54, 95, 1,[ 20, 66, 55, 80]],

[ 2, 95, 1,[ 61, 31, 0]],

[ 51, 95, 1,[ 49, 53, 12, 77]],

[ 95, 35, 1,[ 93, 94, 71, 30]],

[ 33, 45, 1,[ 20, 34, 94, 83, 9]],

[ 72, 25, 1,[ 59, 61, 87]],

[ 61, 95, 0,[ 91, 72, 47, 2]],

[ 27, 15, 1,[ 64, 79, 28, 65]],

[ 13, 25, 1,[ 41, 7, 15, 14]],

[ 69, 95, 0,[ 60, 83]],

