[ 16, 25, 0,[ 88, 22, 8]],

[ 86, 45, 0,[ 9, 4, 26]],

[ 28, 75, 0,[ 61, 47, 9, 49, 27, 42]],

[ 46, 15, 0,[ 51, 20, 5, 77, 26]],

[ 63, 15, 0,[ 79, 34, 98]],

[ 94, 25, 0,[ 64, 70, 43]],

[ 23, 25, 0,[ 91, 76, 55]],

[ 25, 25, 0,[ 54, 71, 6, 30]],

[ 33, 75, 0,[ 85, 15, 97]],

[ 51, 15, 0,[ 4, 46, 99]],

[ 49, 15, 0,[ 67, 28, 53, 40]],

[ 59, 85, 1,[ 95, 10, 75, 54]],

[ 75, 25, 0,[ 32, 82, 12, 59]],

[ 90, 95, 0,[ 14, 96, 69, 93]],

[ 19, 15, 1,[ 36, 70, 43, 21, 97, 31]],

[ 0, 45, 0,[ 77, 64, 88, 32]],

[ 48, 25, 0,[ 87, 66, 42, 36]],

[ 39, 25, 0,[ 17, 37, 60, 85]],

[ 72, 25, 0,[ 89, 85, 40]],

[ 21, 15, 0,[ 3, 22, 83, 13, 19, 62]],

[ 80, 85, 0,[ 38, 24, 82, 1, 22, 6, 68, 83]],

[ 53, 25, 0,[ 49, 88, 85]],

[ 77, 15, 0,[ 0, 46, 37]],

[ 13, 15, 0,[ 50, 5, 21]],

[ 47, 75, 0,[ 31, 65, 28]],

[ 70, 25, 1,[ 19, 94, 81]],

[ 91, 25, 0,[ 3, 69, 23, 62, 74]],

[ 82, 85, 0,[ 66, 75, 80]],

[ 95, 75, 0,[ 15, 74, 59]],

[ 18, 25, 0,[ 10, 66, 68]],

[ 41, 45, 0,[ 88, 97, 69, 85]],

[ 96, 95, 0,[ 6, 90, 35]],

[ 69, 25, 0,[ 35, 90, 91, 41]],

[ 93, 25, 1,[ 9, 29, 90]],

[ 61, 25, 0,[ 56, 28]],

[ 56, 25, 0,[ 50, 73, 15, 61]],

[ 35, 25, 0,[ 96, 69, 8]],

[ 11, 25, 0,[ 31, 30, 32]],

[ 52, 25, 0,[ 65, 60, 58, 31]],

[ 5, 55, 0,[ 73, 13, 92, 46, 78]],

[ 37, 75, 0,[ 64, 39, 77, 57]],

[ 65, 25, 0,[ 52, 47, 1]],

[ 17, 75, 0,[ 39, 76, 40]],

[ 84, 45, 0,[ 76, 67, 88]],

[ 54, 25, 0,[ 25, 7, 59]],

[ 36, 15, 0,[ 19, 14, 48]],

[ 92, 55, 0,[ 58, 30, 5]],

[ 15, 75, 1,[ 85, 95, 24, 14, 56, 33]],

[ 45, 15, 0,[ 31, 55, 57]],

[ 26, 45, 0,[ 88, 86, 46]],

[ 60, 25, 0,[ 34, 52, 39]],

[ 83, 15, 0,[ 21, 71, 80]],

[ 66, 25, 0,[ 82, 48, 18]],

[ 10, 25, 0,[ 59, 42, 18]],

[ 30, 25, 0,[ 11, 25, 44, 92]],

[ 97, 15, 0,[ 33, 41, 19]],

[ 20, 75, 0,[ 46, 58, 57]],

[ 6, 85, 0,[ 9, 96, 25, 80]],

[ 42, 25, 0,[ 78, 48, 28, 10, 68]],

[ 81, 25, 1,[ 89, 7, 70]],

[ 32, 25, 0,[ 27, 75, 11, 0]],

[ 12, 25, 0,[ 22, 75, 2, 44]],

[ 55, 45, 0,[ 23, 45, 2]],

[ 98, 15, 0,[ 68, 63, 22]],

[ 74, 25, 0,[ 91, 9, 95]],

[ 3, 25, 0,[ 34, 91, 21]],

[ 57, 75, 0,[ 45, 37, 20]],

[ 68, 25, 0,[ 24, 98, 18, 42, 80]],

[ 24, 85, 0,[ 80, 15, 78, 68]],

[ 34, 85, 0,[ 9, 3, 1, 63, 60]],

[ 22, 85, 0,[ 80, 12, 98, 21, 16]],

[ 76, 75, 0,[ 17, 23, 84]],

[ 2, 45, 0,[ 55, 12, 43]],

[ 40, 15, 0,[ 72, 17, 49]],

[ 44, 25, 0,[ 38, 12, 87, 30]],

[ 71, 25, 0,[ 38, 83, 25]],

[ 64, 75, 1,[ 0, 37, 94]],

[ 89, 25, 0,[ 29, 72, 81]],

[ 58, 45, 0,[ 52, 20, 88, 92]],

[ 85, 25, 0,[ 33, 15, 41, 53, 72, 39]],

[ 99, 15, 0,[ 29, 8, 79, 7, 51]],

[ 67, 25, 0,[ 84, 49, 8]],

[ 8, 25, 0,[ 35, 67, 16, 99, 88]],

[ 14, 95, 1,[ 4, 36, 90, 15]],

[ 78, 25, 0,[ 5, 42, 24]],

[ 7, 15, 0,[ 81, 54, 99]],

[ 50, 25, 0,[ 4, 13, 56]],

[ 9, 45, 1,[ 34, 93, 28, 86, 6, 74]],

[ 43, 15, 0,[ 19, 2, 94, 62]],

[ 38, 55, 1,[ 80, 79, 44, 71]],

[ 4, 25, 0,[ 51, 14, 50, 27, 86]],

[ 62, 15, 0,[ 43, 91, 21]],

[ 79, 15, 0,[ 63, 99, 38]],

[ 27, 75, 0,[ 28, 32, 4]],

[ 31, 15, 0,[ 45, 52, 47, 19, 11]],

[ 87, 25, 0,[ 48, 44]],

[ 73, 55, 0,[ 56, 5, 1]],

[ 88, 45, 0,[ 84, 41, 26, 53, 0, 58, 16, 8]],

[ 29, 25, 0,[ 93, 99, 89]],

[ 1, 85, 0,[ 80, 34, 65, 73]],

