[ 24, 5, 0,[ 19, 80, 63, 90]],

[ 3, 65, 0,[ 9, 20, 13]],

[ 60, 5, 0,[ 15, 14, 13, 69]],

[ 90, 5, 0,[ 25, 24, 14]],

[ 62, 65, 0,[ 55, 11, 97]],

[ 63, 5, 0,[ 23, 24, 41, 98]],

[ 54, 5, 0,[ 68, 82, 7]],

[ 8, 15, 0,[ 55, 59, 83]],

[ 96, 35, 0,[ 2, 56, 86]],

[ 41, 5, 1,[ 23, 84, 53, 93, 19, 63, 79, 37, 67]],

[ 28, 65, 0,[ 57]],

[ 17, 15, 0,[ 18, 73, 21]],

[ 70, 85, 0,[ 11, 78, 18, 29]],

[ 22, 15, 1,[ 81, 5, 18, 30, 94]],

[ 89, 35, 0,[ 43, 25, 48]],

[ 92, 65, 0,[ 11, 25, 10]],

[ 0, 35, 0,[ 35, 14, 12]],

[ 45, 35, 0,[ 65, 42, 25]],

[ 21, 85, 1,[ 20, 17, 61]],

[ 42, 35, 0,[ 45, 14, 27]],

[ 85, 85, 0,[ 49, 64, 71]],

[ 61, 5, 0,[ 21, 93, 74]],

[ 44, 35, 0,[ 43]],

[ 12, 35, 0,[ 0, 29, 86, 20]],

[ 80, 5, 0,[ 59, 97, 24]],

[ 37, 5, 0,[ 4, 50, 1, 41]],

[ 99, 5, 0,[ 84, 20, 79]],

[ 10, 65, 0,[ 73, 20, 92]],

[ 35, 35, 0,[ 14, 72, 88, 0]],

[ 25, 75, 1,[ 45, 7, 89, 92, 31, 90, 13, 2, 49, 26]],

[ 98, 35, 0,[ 63, 76, 66]],

[ 50, 5, 0,[ 37, 33, 71]],

[ 38, 5, 0,[ 75, 72, 34]],

[ 15, 5, 0,[ 60, 58, 23]],

[ 29, 85, 1,[ 12, 6, 67, 70]],

[ 68, 35, 0,[ 54, 39, 88]],

[ 9, 35, 0,[ 3, 14, 59]],

[ 36, 35, 0,[ 64, 30, 59, 5]],

[ 75, 5, 0,[ 6, 78, 38]],

[ 88, 35, 0,[ 68, 76, 59, 35]],

[ 18, 15, 0,[ 70, 17, 22]],

[ 16, 5, 0,[ 33, 52]],

[ 13, 5, 0,[ 3, 25, 6, 60]],

[ 39, 35, 0,[ 14, 65, 68]],

[ 47, 35, 0,[ 81, 14, 66]],

[ 49, 85, 0,[ 27, 25, 85]],

[ 20, 65, 1,[ 31, 99, 12, 10, 21, 57, 56, 52, 27, 11, 3]],

[ 32, 5, 0,[ 53, 30, 6, 77]],

[ 86, 35, 0,[ 12, 96, 14, 40]],

[ 30, 35, 0,[ 14, 22, 36, 32, 46]],

[ 67, 85, 0,[ 14, 41, 29]],

[ 53, 5, 0,[ 32, 26, 34, 41]],

[ 55, 15, 0,[ 8, 59, 62, 19, 4]],

[ 48, 35, 0,[ 89, 6, 1]],

[ 7, 5, 0,[ 25, 54, 6, 83, 40]],

[ 69, 5, 0,[ 11, 52, 60]],

[ 97, 5, 0,[ 82, 80, 62, 6]],

[ 91, 35, 0,[ 19, 14, 11]],

[ 74, 5, 0,[ 6, 14, 61, 52]],

[ 57, 65, 0,[ 93, 20, 28]],

[ 27, 85, 0,[ 20, 64, 49, 42]],

[ 83, 5, 0,[ 65, 7, 8]],

[ 81, 35, 0,[ 22, 51, 76, 47, 40]],

[ 34, 5, 0,[ 53, 11, 38]],

[ 43, 35, 0,[ 14, 89, 44]],

[ 93, 5, 0,[ 41, 14, 61, 57]],

[ 56, 35, 0,[ 59, 96, 4, 20]],

[ 65, 35, 0,[ 6, 83, 39, 45, 5]],

[ 40, 35, 0,[ 81, 7, 86]],

[ 11, 65, 1,[ 34, 70, 69, 20, 66, 91, 62, 92]],

[ 14, 35, 1,[ 67, 91, 77, 86, 47, 0, 93, 90, 43, 9, 5, 42, 51, 35, 46, 95, 87, 30, 60, 1, 74, 82, 39]],

[ 52, 5, 0,[ 16, 69, 74, 20, 6]],

[ 26, 5, 0,[ 25, 58, 53]],

[ 95, 35, 0,[ 84, 66, 14]],

[ 58, 5, 0,[ 26, 6, 15, 87]],

[ 59, 15, 1,[ 36, 23, 8, 33, 9, 71, 55, 78, 88, 56, 80]],

[ 78, 5, 0,[ 59, 70, 79, 75]],

[ 79, 5, 0,[ 78, 99, 41]],

[ 87, 5, 0,[ 77, 58, 14]],

[ 84, 5, 0,[ 99, 41, 95]],

[ 6, 5, 1,[ 75, 13, 58, 65, 94, 74, 32, 7, 48, 52, 97, 29]],

[ 72, 5, 0,[ 35, 38, 23]],

[ 5, 35, 0,[ 36, 14, 22, 65]],

[ 46, 35, 0,[ 30, 14, 76]],

[ 77, 5, 0,[ 32, 14, 87]],

[ 71, 85, 0,[ 59, 85, 50]],

[ 76, 35, 0,[ 46, 81, 98, 88]],

[ 94, 5, 0,[ 6, 31, 22, 33]],

[ 1, 35, 0,[ 14, 48, 37]],

[ 33, 5, 0,[ 59, 50, 94, 16]],

[ 82, 5, 0,[ 54, 97, 14]],

[ 66, 35, 0,[ 47, 11, 98, 95]],

[ 19, 5, 0,[ 91, 55, 24, 41]],

[ 4, 35, 0,[ 37, 56, 55]],

[ 31, 75, 0,[ 25, 20, 94]],

[ 23, 5, 0,[ 72, 59, 15, 41, 63]],

[ 73, 65, 0,[ 10, 51, 17]],

[ 64, 85, 0,[ 27, 85, 36]],

[ 51, 35, 0,[ 2, 81, 14, 73]],

[ 2, 35, 0,[ 96, 51, 25]],

