[ 17, 15, 0,[ 7, 43, 76]],

[ 47, 75, 1,[ 84, 29, 30]],

[ 73, 5, 1,[ 26, 70, 31, 59]],

[ 69, 45, 0,[ 30, 19, 42, 49]],

[ 89, 55, 1,[ 92, 0, 66, 9, 56, 36]],

[ 5, 55, 1,[ 53, 77, 16, 98]],

[ 99, 95, 1,[ 0, 41, 36, 1, 43]],

[ 6, 25, 1,[ 23, 60, 38]],

[ 32, 35, 0,[ 76, 97, 26, 80]],

[ 97, 95, 1,[ 88, 32, 19, 34]],

[ 96, 85, 1,[ 82, 85, 18]],

[ 81, 35, 1,[ 75, 77, 51]],

[ 8, 35, 0,[ 43, 76, 35]],

[ 31, 25, 1,[ 78, 73, 51]],

[ 19, 45, 0,[ 59, 97, 84, 69]],

[ 59, 45, 0,[ 19, 73, 27, 44, 64]],

[ 45, 95, 1,[ 87, 1, 28]],

[ 55, 15, 0,[ 79, 61, 3]],

[ 38, 5, 0,[ 67, 50, 6]],

[ 76, 35, 0,[ 17, 24, 87, 32, 8]],

[ 72, 35, 0,[ 52, 79, 25, 98]],

[ 82, 65, 0,[ 71, 96, 43]],

[ 87, 45, 0,[ 29, 45, 76, 41, 12, 80]],

[ 37, 85, 1,[ 61, 29, 94]],

[ 67, 15, 1,[ 38, 36, 7, 90]],

[ 68, 45, 1,[ 4, 83, 23, 2, 85, 25]],

[ 79, 15, 0,[ 43, 55, 72]],

[ 24, 35, 0,[ 20, 34, 76]],

[ 83, 25, 0,[ 68, 85, 36]],

[ 53, 65, 0,[ 48, 5, 88]],

[ 14, 75, 1,[ 2, 13, 60]],

[ 35, 35, 0,[ 13, 11, 33, 40, 8]],

[ 25, 25, 0,[ 68, 72, 36]],

[ 9, 35, 1,[ 57, 89, 94]],

[ 57, 75, 1,[ 13, 9, 84, 44]],

[ 28, 95, 1,[ 63, 45, 20]],

[ 36, 35, 1,[ 92, 83, 25, 99, 89, 67]],

[ 54, 85, 1,[ 18, 15, 91, 41]],

[ 40, 35, 0,[ 50, 93, 35]],

[ 20, 15, 1,[ 24, 28, 94]],

[ 46, 75, 1,[ 29, 11, 94]],

[ 12, 85, 1,[ 23, 63, 87]],

[ 21, 25, 0,[ 58, 78, 60]],

[ 93, 35, 0,[ 40, 22, 71]],

[ 51, 85, 1,[ 26, 31, 81, 7]],

[ 88, 65, 1,[ 53, 97, 71]],

[ 10, 95, 1,[ 77, 84, 49]],

[ 78, 45, 1,[ 21, 66, 63, 31]],

[ 94, 65, 1,[ 20, 37, 9, 22, 70, 46]],

[ 50, 35, 1,[ 52, 58, 40, 38]],

[ 39, 25, 1,[ 15, 43, 2, 95]],

[ 52, 35, 0,[ 16, 50, 72]],

[ 29, 5, 1,[ 87, 46, 74, 11, 47, 37, 65]],

[ 16, 35, 0,[ 52, 5, 22]],

[ 58, 35, 1,[ 50, 21, 65]],

[ 66, 35, 1,[ 91, 92, 89, 78]],

[ 61, 5, 0,[ 34, 37, 90, 55, 56]],

[ 30, 85, 1,[ 69, 47, 95]],

[ 15, 75, 1,[ 54, 86, 39]],

[ 71, 65, 0,[ 33, 93, 82, 88]],

[ 3, 45, 0,[ 60, 56, 55]],

[ 48, 95, 0,[ 33, 53, 60]],

[ 49, 45, 0,[ 69, 10, 70]],

[ 91, 35, 0,[ 66, 42, 54]],

[ 34, 35, 0,[ 61, 24, 97]],

[ 43, 45, 1,[ 8, 39, 79, 17, 82, 99]],

[ 95, 45, 0,[ 30, 27, 39]],

[ 85, 45, 0,[ 96, 83, 68]],

[ 84, 45, 0,[ 19, 47, 10, 57]],

[ 0, 95, 0,[ 18, 99, 89]],

[ 80, 45, 1,[ 32, 77, 87]],

[ 90, 55, 1,[ 75, 61, 67]],

[ 27, 15, 1,[ 95, 63, 59]],

[ 60, 55, 1,[ 3, 74, 48, 21, 14, 6]],

[ 65, 25, 0,[ 29, 4, 58]],

[ 64, 45, 0,[ 59, 86, 75]],

[ 23, 45, 0,[ 6, 68, 12, 11]],

[ 22, 35, 0,[ 93, 94, 16]],

[ 56, 75, 1,[ 89, 61, 3]],

[ 98, 95, 1,[ 72, 5, 62]],

[ 2, 55, 0,[ 68, 39, 14]],

[ 7, 15, 1,[ 17, 51, 67]],

[ 77, 5, 0,[ 81, 5, 10, 62, 80]],

[ 86, 5, 0,[ 42, 64, 15]],

[ 63, 5, 1,[ 28, 78, 27, 12]],

[ 62, 15, 1,[ 33, 98, 77]],

[ 92, 75, 0,[ 36, 89, 66]],

[ 42, 55, 1,[ 69, 91, 86]],

[ 4, 25, 0,[ 65, 1, 68]],

[ 11, 55, 0,[ 23, 29, 35, 46]],

[ 70, 25, 1,[ 73, 49, 94]],

[ 1, 25, 0,[ 4, 45, 99]],

[ 44, 45, 0,[ 74, 57, 59]],

[ 18, 45, 0,[ 54, 96, 0]],

[ 26, 65, 0,[ 51, 32, 73]],

[ 74, 65, 1,[ 29, 60, 44]],

[ 41, 75, 1,[ 54, 87, 99]],

[ 13, 35, 0,[ 57, 35, 14]],

[ 33, 85, 1,[ 71, 48, 62, 35]],

[ 75, 45, 0,[ 81, 64, 90]],

[ 50, 15, 1,[ 29, 25, 44]],

[ 36, 35, 1,[ 66, 52, 64, 0, 23]],

[ 5, 75, 0,[ 45, 15, 78]],

[ 71, 55, 0,[ 6, 4, 40]],

[ 88, 75, 0,[ 78, 47, 14, 91, 95]],

[ 9, 95, 1,[ 49, 95, 99]],

[ 11, 65, 1,[ 56, 78, 2]],

[ 97, 25, 1,[ 61, 32, 92]],

[ 37, 65, 1,[ 40, 70, 77]],

[ 17, 5, 1,[ 33, 82, 56, 1]],

[ 20, 85, 0,[ 26, 78, 65]],

[ 46, 15, 0,[ 47, 77, 68]],

[ 93, 25, 0,[ 58, 29, 22]],

[ 7, 45, 1,[ 40, 1, 75]],

[ 59, 45, 0,[ 44, 18, 91]],

[ 35, 25, 1,[ 99, 24, 77]],

[ 62, 5, 1,[ 60, 21, 53]],

[ 79, 55, 1,[ 16, 18]],

[ 30, 95, 0,[ 76, 41, 52]],

[ 38, 15, 1,[ 31, 98, 1]],

[ 47, 25, 1,[ 31, 88, 46, 28]],

[ 12, 35, 1,[ 76, 74, 28, 98]],

[ 78, 95, 1,[ 11, 20, 5, 88]],

[ 61, 75, 1,[ 43, 70, 97, 87, 53]],

[ 39, 75, 1,[ 54, 84, 23, 0]],

[ 15, 15, 1,[ 44, 73, 5, 34, 27]],

[ 26, 5, 1,[ 8, 55, 20]],

[ 67, 85, 0,[ 92, 32, 51]],

[ 86, 25, 1,[ 92, 48]],

[ 58, 5, 1,[ 93, 91, 69]],

[ 76, 25, 0,[ 30, 65, 12]],

[ 51, 85, 1,[ 33, 67, 41, 16]],

[ 53, 15, 0,[ 61, 60, 62]],

[ 23, 65, 0,[ 8, 36, 16, 49, 39]],

[ 75, 85, 0,[ 52, 49, 60, 7]],

[ 70, 45, 0,[ 37, 61, 65]],

[ 52, 65, 1,[ 75, 74, 36, 19, 30]],

[ 68, 5, 1,[ 56, 42, 46]],

[ 21, 55, 1,[ 62, 33, 85]],

[ 42, 25, 0,[ 54, 91, 65, 85, 68]],

[ 48, 35, 0,[ 27, 89, 29, 86]],

[ 92, 85, 0,[ 8, 67, 86, 97]],

[ 45, 5, 1,[ 5, 3, 32]],

[ 41, 5, 1,[ 51, 30, 19]],

[ 29, 5, 1,[ 48, 93, 85, 50, 10]],

[ 72, 55, 0,[ 69, 1]],

[ 31, 75, 0,[ 38, 63, 47]],

[ 96, 35, 1,[ 4, 28, 27]],

[ 24, 5, 0,[ 82, 6, 35]],

[ 3, 65, 0,[ 45, 63, 44, 73]],

[ 77, 15, 0,[ 46, 37, 35]],

[ 65, 65, 1,[ 20, 70, 76, 80, 42, 28]],

[ 69, 65, 1,[ 19, 58, 80, 72]],

[ 4, 95, 1,[ 96, 71, 74]],

[ 49, 45, 0,[ 23, 9, 75]],

[ 16, 25, 1,[ 79, 51, 23]],

[ 25, 45, 1,[ 1, 90, 50]],

[ 95, 65, 0,[ 88, 84, 9, 90]],

[ 10, 25, 0,[ 29, 18, 91]],

[ 89, 45, 0,[ 32, 48, 66]],

[ 87, 65, 0,[ 90, 61, 64, 94]],

[ 43, 65, 1,[ 99, 55, 61]],

[ 2, 65, 0,[ 11, 19, 55]],

[ 80, 25, 0,[ 99, 63, 69, 65, 60]],

[ 27, 25, 0,[ 15, 96, 48]],

[ 60, 5, 1,[ 75, 53, 62, 80]],

[ 6, 45, 1,[ 24, 71, 13]],

[ 85, 35, 0,[ 29, 42, 21]],

[ 63, 45, 1,[ 3, 31, 80]],

[ 14, 75, 0,[ 19, 34, 88]],

[ 90, 85, 1,[ 87, 25, 95, 81]],

[ 56, 25, 0,[ 17, 68, 81, 11]],

[ 22, 95, 1,[ 93, 84]],

[ 1, 25, 1,[ 38, 72, 17, 7, 25]],

[ 73, 65, 0,[ 0, 3, 15]],

[ 19, 75, 1,[ 69, 13, 2, 41, 52, 14]],

[ 32, 65, 1,[ 67, 45, 81, 89, 97]],

[ 28, 85, 1,[ 96, 64, 12, 65, 47]],

[ 99, 75, 0,[ 9, 43, 35, 80]],

[ 57, 85, 0,[ 33, 82, 94]],

[ 82, 85, 0,[ 24, 17, 57]],

[ 98, 25, 0,[ 12, 38, 83]],

[ 64, 75, 1,[ 28, 36, 87]],

[ 44, 25, 1,[ 59, 50, 15, 3]],

[ 55, 85, 0,[ 43, 2, 26]],

[ 84, 65, 0,[ 39, 95, 22]],

[ 94, 45, 0,[ 18, 87, 57, 13]],

[ 83, 15, 0,[ 8, 98, 74]],

[ 18, 45, 0,[ 94, 79, 10, 59]],

[ 40, 85, 0,[ 7, 71, 37]],

[ 0, 65, 0,[ 36, 39, 34, 73]],

[ 54, 85, 0,[ 39, 42, 33]],

[ 91, 5, 1,[ 58, 59, 88, 42, 10]],

[ 13, 75, 0,[ 6, 94, 19]],

[ 66, 65, 0,[ 36, 89]],

[ 33, 85, 0,[ 17, 21, 54, 57, 51]],

[ 8, 35, 1,[ 83, 23, 26, 92]],

[ 34, 45, 1,[ 0, 15, 14]],

[ 74, 75, 1,[ 52, 12, 83, 4]],

[ 81, 65, 0,[ 32, 56, 90]],

