[ 10, 5, 1,[ 2, 51, 71]],

[ 12, 95, 0,[ 83, 67, 73]],

[ 23, 85, 1,[ 84, 57, 91]],

[ 45, 55, 0,[ 86, 6, 4]],

[ 32, 95, 1,[ 91, 61, 11]],

[ 55, 5, 0,[ 17, 86, 94]],

[ 39, 15, 0,[ 52, 63, 79]],

[ 84, 85, 0,[ 16, 43, 23]],

[ 24, 25, 0,[ 56, 47]],

[ 8, 45, 1,[ 28, 74, 47]],

[ 96, 35, 1,[ 60, 18, 95, 5, 49]],

[ 11, 35, 0,[ 33, 46, 65, 32]],

[ 20, 95, 1,[ 91, 71, 29]],

[ 19, 45, 1,[ 9, 21, 27]],

[ 40, 65, 0,[ 5, 68, 7]],

[ 75, 5, 1,[ 41, 3, 37]],

[ 62, 65, 0,[ 50, 99, 49]],

[ 49, 35, 1,[ 77, 62, 43, 25, 96]],

[ 66, 15, 1,[ 60, 74, 35, 42]],

[ 29, 5, 1,[ 61, 20, 53]],

[ 87, 35, 0,[ 6, 92, 69]],

[ 61, 65, 1,[ 83, 29, 32]],

[ 25, 35, 0,[ 92, 49, 51]],

[ 91, 65, 1,[ 23, 32, 20, 93]],

[ 63, 15, 0,[ 27, 39, 94]],

[ 0, 85, 0,[ 95, 68]],

[ 79, 15, 0,[ 39, 1]],

[ 1, 15, 0,[ 70, 79]],

[ 36, 95, 1,[ 95, 80, 51]],

[ 6, 25, 0,[ 45, 78, 22, 87]],

[ 16, 85, 1,[ 35, 84, 89, 73]],

[ 31, 15, 1,[ 54, 53, 3]],

[ 41, 65, 1,[ 56, 2, 75]],

[ 34, 5, 1,[ 92, 78, 77]],

[ 50, 65, 1,[ 18, 62, 81]],

[ 13, 85, 1,[ 26, 57, 5]],

[ 38, 5, 0,[ 68, 14, 42]],

[ 80, 35, 0,[ 51, 98, 36]],

[ 92, 5, 1,[ 59, 99, 34, 25, 87]],

[ 77, 5, 0,[ 49, 14, 34]],

[ 97, 15, 1,[ 22, 18, 65, 48]],

[ 42, 5, 1,[ 66, 38, 30]],

[ 47, 25, 1,[ 24, 8, 37]],

[ 90, 55, 0,[ 22, 54, 56]],

[ 70, 15, 1,[ 74, 1, 53]],

[ 56, 55, 0,[ 17, 24, 90, 41]],

[ 64, 25, 1,[ 7, 2, 28]],

[ 14, 25, 0,[ 58, 38, 77, 2]],

[ 43, 35, 0,[ 76, 49, 84]],

[ 89, 85, 1,[ 76, 5, 16]],

[ 98, 35, 0,[ 73, 80]],

[ 86, 95, 0,[ 45, 55, 83, 28]],

[ 73, 85, 0,[ 12, 16, 98]],

[ 22, 5, 1,[ 57, 6, 97, 90]],

[ 95, 85, 1,[ 36, 88, 96, 4, 0, 59]],

[ 60, 25, 0,[ 96, 85, 66]],

[ 93, 65, 0,[ 91]],

[ 17, 5, 0,[ 69, 56, 55]],

[ 5, 65, 1,[ 40, 13, 89, 96]],

[ 54, 65, 1,[ 33, 90, 31]],

[ 78, 25, 0,[ 4, 34, 6]],

[ 48, 35, 1,[ 99, 97]],

[ 83, 95, 0,[ 12, 35, 65, 61, 86]],

[ 74, 55, 1,[ 66, 57, 70, 9, 8, 82]],

[ 72, 65, 1,[ 30, 67, 26]],

[ 52, 35, 0,[ 15, 81, 39, 69]],

[ 44, 55, 1,[ 85, 30, 21]],

[ 59, 85, 0,[ 88, 95, 92]],

[ 35, 15, 1,[ 46, 16, 66, 83]],

[ 65, 15, 0,[ 97, 83, 11]],

[ 67, 65, 0,[ 12, 72]],

[ 28, 35, 1,[ 64, 8, 71, 86]],

[ 57, 45, 1,[ 23, 13, 58, 22, 74]],

[ 18, 35, 0,[ 96, 97, 50]],

[ 58, 45, 0,[ 14, 81, 57]],

[ 53, 85, 1,[ 31, 29, 70]],

[ 30, 5, 0,[ 72, 44, 42]],

[ 33, 35, 0,[ 11, 54, 88]],

[ 9, 55, 0,[ 74, 51, 19]],

[ 7, 55, 1,[ 27, 40, 64]],

[ 15, 55, 1,[ 52, 37]],

[ 85, 25, 0,[ 82, 44, 60]],

[ 21, 55, 1,[ 26, 44, 19]],

[ 46, 15, 0,[ 11, 35]],

[ 88, 85, 0,[ 33, 95, 59]],

[ 37, 85, 1,[ 75, 47, 76, 15]],

[ 81, 95, 1,[ 50, 58, 52, 94]],

[ 4, 55, 1,[ 78, 45, 95]],

[ 3, 65, 1,[ 75, 31, 27]],

[ 76, 85, 0,[ 89, 43, 37]],

[ 2, 25, 1,[ 41, 10, 64, 14]],

[ 99, 25, 1,[ 92, 48, 62]],

[ 27, 25, 1,[ 63, 19, 7, 3]],

[ 94, 5, 0,[ 55, 81, 63]],

[ 69, 35, 0,[ 17, 52, 87]],

[ 71, 5, 0,[ 20, 10, 28]],

[ 26, 15, 1,[ 72, 21, 13]],

[ 51, 35, 0,[ 25, 80, 9, 10, 36]],

[ 68, 5, 0,[ 38, 0, 40]],

[ 82, 55, 0,[ 85, 74]],

