[ 98, 45, 0,[ 54, 66, 82]],

[ 94, 75, 0,[ 21, 44, 45]],

[ 95, 25, 0,[ 12, 66, 92]],

[ 9, 75, 1,[ 45, 10, 22, 55, 8, 26, 44, 27]],

[ 62, 75, 0,[ 21, 22, 39]],

[ 7, 45, 0,[ 78, 93, 81]],

[ 52, 75, 0,[ 14, 40, 39, 42]],

[ 13, 75, 0,[ 19, 31, 43, 81]],

[ 31, 45, 0,[ 61, 57, 13]],

[ 0, 25, 0,[ 81, 92, 67, 90]],

[ 72, 75, 0,[ 89, 21, 64, 82]],

[ 26, 75, 0,[ 9, 46, 63]],

[ 11, 75, 0,[ 21, 27, 89]],

[ 81, 15, 1,[ 53, 50, 0, 17, 19, 8, 59, 7, 96, 39, 76, 77, 24, 33, 34, 13]],

[ 28, 75, 0,[ 12, 82, 19]],

[ 34, 75, 0,[ 63, 15, 5, 32, 81, 47]],

[ 45, 75, 0,[ 79, 9, 94, 91]],

[ 59, 45, 0,[ 81, 66, 57]],

[ 5, 75, 1,[ 34, 75, 24, 56, 23, 46, 29, 1, 4, 20, 51]],

[ 44, 75, 0,[ 9, 12, 94]],

[ 77, 75, 0,[ 88, 84, 81]],

[ 56, 75, 0,[ 61, 5, 65, 20, 23]],

[ 70, 75, 0,[ 33, 25, 83]],

[ 39, 75, 0,[ 43, 81, 62, 85, 52]],

[ 87, 75, 0,[ 41, 10]],

[ 27, 75, 0,[ 9, 11, 49]],

[ 3, 75, 0,[ 29, 18]],

[ 79, 75, 0,[ 88, 53, 45]],

[ 33, 75, 0,[ 70, 17, 81]],

[ 46, 75, 0,[ 50, 26, 78, 5, 96]],

[ 99, 95, 0,[ 21, 29, 61]],

[ 10, 75, 0,[ 1, 87, 37, 9]],

[ 30, 75, 0,[ 21, 17]],

[ 66, 45, 1,[ 67, 25, 95, 48, 83, 6, 59, 86, 98, 80, 40]],

[ 2, 35, 0,[ 90, 91]],

[ 22, 75, 0,[ 61, 9, 62]],

[ 84, 75, 0,[ 61, 32, 77]],

[ 74, 45, 0,[ 21, 97, 8]],

[ 4, 75, 0,[ 24, 5, 8]],

[ 42, 75, 0,[ 48, 52, 71, 15]],

[ 55, 75, 0,[ 53, 9, 91]],

[ 83, 45, 0,[ 70, 80, 66]],

[ 63, 45, 1,[ 16, 47, 26, 68, 34, 57, 37, 18, 69]],

[ 43, 75, 0,[ 57, 39, 91, 13, 36]],

[ 18, 75, 0,[ 63, 35, 3]],

[ 90, 75, 0,[ 69, 2, 0]],

[ 14, 75, 0,[ 8, 50, 52, 92]],

[ 71, 75, 0,[ 75, 8, 42]],

[ 91, 35, 1,[ 85, 2, 43, 45, 55]],

[ 50, 75, 0,[ 14, 81, 46]],

[ 89, 75, 0,[ 72, 20, 11]],

[ 73, 75, 0,[ 23]],

[ 15, 75, 0,[ 75, 42, 34]],

[ 20, 75, 0,[ 89, 56, 5]],

[ 49, 75, 0,[ 27, 61]],

[ 85, 75, 0,[ 91, 21, 39]],

[ 57, 45, 0,[ 63, 59, 31, 43]],

[ 40, 45, 0,[ 52, 66, 21]],

[ 54, 45, 0,[ 60, 98, 97]],

[ 32, 75, 0,[ 8, 84, 34]],

[ 75, 75, 0,[ 15, 71, 5]],

[ 25, 75, 0,[ 35, 70, 21, 66]],

[ 80, 45, 0,[ 66, 61, 83]],

[ 41, 75, 0,[ 68, 76, 16, 87]],

[ 36, 95, 0,[ 92, 21, 43]],

[ 76, 75, 0,[ 41, 81, 64]],

[ 8, 45, 1,[ 9, 81, 32, 71, 14, 74, 53, 4]],

[ 88, 75, 0,[ 79, 77, 61]],

[ 21, 95, 1,[ 94, 96, 25, 6, 86, 30, 62, 74, 85, 60, 11, 99, 40, 36, 72]],

[ 82, 75, 0,[ 35, 98, 28, 72]],

[ 19, 75, 0,[ 81, 13, 28]],

[ 35, 75, 0,[ 25, 18, 82]],

[ 92, 25, 1,[ 78, 95, 14, 65, 0, 36, 60]],

[ 1, 75, 0,[ 10, 17, 5]],

[ 51, 75, 0,[ 61, 5]],

[ 65, 25, 0,[ 92, 56]],

[ 68, 45, 0,[ 41, 63]],

[ 6, 75, 0,[ 21, 64, 66, 38]],

[ 96, 15, 0,[ 21, 81, 46]],

[ 93, 45, 0,[ 7, 86]],

[ 78, 75, 0,[ 7, 46, 92]],

[ 16, 75, 0,[ 41, 38, 63]],

[ 24, 75, 0,[ 5, 53, 4, 81]],

[ 29, 75, 0,[ 5, 3, 99]],

[ 23, 75, 0,[ 5, 12, 73, 56]],

[ 69, 75, 0,[ 38, 90, 63]],

[ 47, 75, 0,[ 63, 34]],

[ 64, 75, 0,[ 76, 6, 72]],

[ 53, 75, 0,[ 55, 24, 79, 81, 8]],

[ 58, 75, 0,[]],

[ 37, 75, 0,[ 63, 48, 10]],

[ 17, 75, 0,[ 1, 33, 30, 81]],

[ 61, 35, 1,[ 22, 56, 99, 49, 88, 84, 80, 51, 31]],

[ 67, 25, 0,[ 66, 0]],

[ 86, 45, 0,[ 93, 66, 21, 97]],

[ 60, 95, 0,[ 92, 21, 54]],

[ 38, 75, 0,[ 16, 6, 69]],

[ 12, 75, 0,[ 23, 28, 44, 95]],

[ 97, 45, 0,[ 54, 86, 74]],

[ 48, 75, 0,[ 66, 42, 37]],

