[ 62, 45, 0,[ 6, 30, 83]],

[ 46, 65, 0,[ 79, 7, 57, 61]],

[ 40, 5, 1,[ 37, 38, 20, 63, 66]],

[ 84, 35, 0,[ 69, 63, 29]],

[ 54, 75, 1,[ 77, 49, 92]],

[ 74, 45, 0,[ 22, 26, 23, 92, 55]],

[ 37, 55, 0,[ 2, 65, 64, 40]],

[ 23, 25, 1,[ 98, 82, 74]],

[ 92, 45, 0,[ 54, 35, 74]],

[ 10, 35, 0,[ 22, 53, 69, 90]],

[ 82, 45, 0,[ 19, 23, 79]],

[ 30, 95, 0,[ 77, 19, 62]],

[ 70, 95, 0,[ 51, 13, 47]],

[ 28, 95, 1,[ 0, 15, 4]],

[ 4, 35, 0,[ 11, 29, 28]],

[ 17, 65, 0,[ 73, 53, 95]],

[ 60, 75, 1,[ 88, 52, 72]],

[ 67, 15, 1,[ 29, 72, 8]],

[ 43, 95, 1,[ 86, 38, 59]],

[ 73, 65, 1,[ 57, 17, 56, 36, 66]],

[ 29, 25, 1,[ 2, 4, 20, 84, 67]],

[ 27, 45, 1,[ 72, 26, 64, 52, 20, 71]],

[ 87, 15, 1,[ 3, 49, 65]],

[ 64, 55, 0,[ 27, 37, 97]],

[ 9, 55, 0,[ 81, 36, 65]],

[ 93, 35, 0,[ 1, 41]],

[ 58, 55, 1,[ 24, 14, 48, 72]],

[ 48, 95, 1,[ 52, 58, 50, 91]],

[ 53, 35, 0,[ 78, 10, 17]],

[ 72, 45, 0,[ 7, 66, 27, 67, 58, 97, 60]],

[ 86, 95, 0,[ 96, 43, 31]],

[ 57, 65, 0,[ 16, 73, 46]],

[ 35, 55, 1,[ 80, 76, 18, 92]],

[ 80, 55, 1,[ 79, 35, 18]],

[ 78, 75, 1,[ 6, 96, 12, 53]],

[ 59, 95, 1,[ 18, 75, 43]],

[ 56, 75, 1,[ 85, 73, 8, 83]],

[ 26, 35, 1,[ 27, 69, 74]],

[ 39, 75, 0,[ 79, 98, 38]],

[ 99, 45, 0,[ 5, 16]],

[ 90, 5, 1,[ 10, 42]],

[ 21, 55, 1,[ 42, 95, 75, 96]],

[ 95, 55, 1,[ 18, 3, 17, 91, 21]],

[ 55, 45, 0,[ 68, 89, 74]],

[ 31, 45, 1,[ 34, 81, 86]],

[ 77, 35, 1,[ 54, 30, 89]],

[ 79, 75, 1,[ 82, 20, 46, 80, 39]],

[ 89, 15, 1,[ 77, 81, 55]],

[ 24, 45, 0,[ 91, 75, 58]],

[ 50, 35, 0,[ 12, 48, 33]],

[ 5, 45, 0,[ 96, 99, 6]],

[ 7, 15, 1,[ 72, 46, 41]],

[ 63, 35, 0,[ 40, 84, 25]],

[ 49, 65, 0,[ 69, 87, 54, 2]],

[ 19, 35, 1,[ 82, 30, 42, 8]],

[ 41, 5, 1,[ 7, 45, 93, 3]],

[ 12, 35, 0,[ 88, 44, 78, 50]],

[ 61, 85, 1,[ 46, 6, 45, 98, 8]],

[ 34, 75, 0,[ 31, 33, 85]],

[ 66, 75, 0,[ 72, 40, 73]],

[ 6, 95, 1,[ 62, 78, 5, 61]],

[ 88, 55, 1,[ 12, 60, 69]],

[ 75, 25, 0,[ 21, 24, 59]],

[ 44, 85, 1,[ 12, 71, 94]],

[ 22, 35, 0,[ 11, 10, 74]],

[ 3, 75, 1,[ 87, 41, 95]],

[ 38, 75, 0,[ 39, 40, 43]],

[ 65, 55, 0,[ 37, 9, 87]],

[ 71, 85, 0,[ 44, 27, 13]],

[ 33, 85, 1,[ 34, 50, 15, 13, 20]],

[ 83, 75, 1,[ 62, 94, 56]],

[ 0, 95, 1,[ 42, 28]],

[ 14, 45, 0,[ 25, 11, 58]],

[ 98, 65, 0,[ 94, 61, 39, 23]],

[ 45, 45, 0,[ 51, 61, 41]],

[ 97, 45, 0,[ 64, 72, 25]],

[ 42, 85, 1,[ 0, 21, 19, 90]],

[ 16, 65, 1,[ 11, 68, 99, 32, 57]],

[ 96, 25, 1,[ 21, 78, 5, 86]],

[ 8, 65, 0,[ 67, 56, 19, 61]],

[ 20, 75, 1,[ 33, 40, 79, 27, 29]],

[ 51, 85, 1,[ 70, 45]],

[ 47, 95, 0,[ 32, 70, 68]],

[ 81, 95, 0,[ 31, 9, 1, 89]],

[ 18, 5, 0,[ 59, 95, 80, 35]],

[ 25, 15, 1,[ 97, 63, 14]],

[ 2, 45, 0,[ 37, 29, 49]],

[ 91, 65, 0,[ 48, 24, 95]],

[ 1, 25, 1,[ 81, 76, 93]],

[ 11, 65, 1,[ 14, 4, 16, 22]],

[ 85, 75, 0,[ 56, 15, 34]],

[ 52, 35, 1,[ 48, 27, 60]],

[ 36, 55, 1,[ 69, 9, 73]],

[ 32, 45, 0,[ 47, 16]],

[ 76, 5, 0,[ 1, 35]],

[ 15, 95, 1,[ 85, 33, 28]],

[ 13, 65, 1,[ 33, 70, 71]],

[ 68, 45, 0,[ 55, 16, 47]],

[ 69, 35, 0,[ 84, 10, 36, 49, 26, 88]],

[ 94, 75, 1,[ 98, 83, 44]],

[ 78, 65, 1,[ 32, 51, 23, 40]],

[ 44, 15, 0,[ 90, 74, 13, 83]],

[ 87, 35, 1,[ 2, 15, 98, 42]],

[ 85, 75, 0,[ 6, 5, 65]],

[ 42, 5, 1,[ 24, 74, 87, 95, 57, 5, 94]],

[ 12, 45, 1,[ 20, 29, 89]],

[ 19, 65, 0,[ 0, 27, 46]],

[ 96, 15, 0,[ 23, 1, 30, 92]],

[ 37, 85, 1,[ 53, 28, 8]],

[ 36, 5, 0,[ 7, 84, 92]],

[ 54, 5, 0,[ 84, 60, 43]],

[ 76, 85, 0,[ 74, 69, 62]],

[ 56, 75, 0,[ 57, 23, 77]],

[ 0, 85, 1,[ 38, 61, 19, 63]],

[ 70, 75, 1,[ 25, 58, 43]],

[ 2, 65, 0,[ 33, 87, 63]],

[ 26, 75, 0,[ 65, 50, 13, 6, 32, 67]],

[ 3, 25, 1,[ 21, 80, 40]],

[ 55, 45, 0,[ 35, 17, 11]],

[ 32, 75, 1,[ 78, 15, 26]],

[ 72, 15, 0,[ 11, 24]],

[ 95, 65, 0,[ 46, 93, 42, 92]],

[ 64, 25, 0,[ 88, 77, 53, 25]],

[ 63, 85, 1,[ 21, 2, 0]],

[ 43, 35, 1,[ 17, 91, 54, 89, 70]],

[ 62, 35, 1,[ 73, 90, 76, 16, 81, 99]],

[ 10, 95, 0,[ 21, 11, 18]],

[ 16, 85, 0,[ 62, 80, 97]],

[ 11, 85, 1,[ 72, 48, 4, 10, 38, 55]],

[ 25, 35, 1,[ 70, 39, 64]],

[ 50, 75, 0,[ 35, 45, 48, 26]],

[ 59, 15, 0,[ 66, 46, 31]],

[ 83, 55, 1,[ 44, 82, 30, 28]],

[ 93, 45, 1,[ 51, 95]],

[ 39, 45, 1,[ 25, 13, 29, 75]],

[ 80, 45, 1,[ 16, 3, 41, 22]],

[ 7, 25, 1,[ 36, 27, 29]],

[ 52, 25, 0,[ 86, 89, 31, 69, 1]],

[ 40, 15, 0,[ 74, 3, 78]],

[ 1, 35, 1,[ 31, 52, 96, 66]],

[ 65, 75, 0,[ 85, 68, 26]],

[ 17, 45, 0,[ 55, 43, 97]],

[ 66, 15, 0,[ 1, 59, 57]],

[ 41, 25, 1,[ 80, 57, 99]],

[ 4, 15, 1,[ 61, 11, 49, 45]],

[ 91, 85, 0,[ 18, 43, 75]],

[ 51, 75, 0,[ 93, 86, 78]],

[ 15, 5, 0,[ 32, 87, 5]],

[ 29, 85, 0,[ 12, 7, 73, 74, 39]],

[ 13, 5, 1,[ 9, 39, 26, 44]],

[ 75, 45, 0,[ 39, 22, 91]],

[ 97, 5, 1,[ 90, 16, 17]],

[ 8, 45, 1,[ 37, 30, 77]],

[ 22, 75, 1,[ 75, 80, 82, 71]],

[ 86, 5, 1,[ 51, 88, 52]],

[ 33, 85, 1,[ 31, 53, 2]],

[ 89, 85, 0,[ 52, 43, 12]],

[ 90, 35, 0,[ 44, 97, 62]],

[ 28, 35, 0,[ 68, 30, 83, 37]],

[ 53, 25, 1,[ 37, 33, 64, 99, 92]],

[ 67, 35, 1,[ 26, 14]],

[ 38, 85, 0,[ 0, 11, 6, 34]],

[ 31, 65, 1,[ 14, 33, 52, 59, 5, 1]],

[ 61, 65, 1,[ 4, 98, 0]],

[ 88, 65, 0,[ 92, 64, 86]],

[ 30, 85, 1,[ 8, 28, 83, 96, 35]],

[ 27, 5, 0,[ 19, 7, 58]],

[ 9, 75, 0,[ 5, 13, 68]],

[ 69, 85, 1,[ 60, 52, 76]],

[ 6, 45, 1,[ 85, 38, 26]],

[ 47, 75, 0,[ 5, 79]],

[ 45, 15, 1,[ 50, 49, 4]],

[ 94, 5, 0,[ 42, 60, 58]],

[ 58, 5, 0,[ 94, 70, 27]],

[ 74, 95, 1,[ 40, 29, 73, 42, 76, 44]],

[ 60, 15, 1,[ 94, 48, 18, 20, 54, 69]],

[ 35, 75, 0,[ 30, 55, 50]],

[ 98, 55, 0,[ 61, 34, 87]],

[ 57, 15, 1,[ 42, 66, 56, 41]],

[ 99, 25, 0,[ 62, 53, 41]],

[ 82, 45, 0,[ 22, 83]],

[ 5, 25, 1,[ 85, 47, 42, 9, 15, 31]],

[ 21, 25, 0,[ 46, 3, 71, 63, 10]],

[ 49, 75, 1,[ 4, 45, 81]],

[ 92, 25, 1,[ 88, 36, 95, 96, 53]],

[ 48, 75, 0,[ 11, 60, 50]],

[ 81, 35, 0,[ 14, 49, 62]],

[ 23, 55, 1,[ 96, 78, 56]],

[ 73, 85, 1,[ 74, 62, 29]],

[ 18, 55, 1,[ 10, 60, 91]],

[ 84, 75, 1,[ 34, 36, 54]],

[ 14, 5, 1,[ 31, 67, 81]],

[ 34, 65, 1,[ 98, 38, 79, 84]],

[ 77, 65, 0,[ 8, 56, 64]],

[ 79, 35, 0,[ 47, 20, 34]],

[ 20, 85, 1,[ 79, 12, 71, 60]],

[ 71, 25, 0,[ 22, 20, 21]],

[ 24, 15, 0,[ 42, 72]],

[ 46, 75, 1,[ 95, 19, 59, 21]],

[ 68, 75, 0,[ 28, 9, 65]],

