[ 90, 25, 1,[ 44, 96, 8, 6, 97, 50, 17, 25, 24]],

[ 23, 55, 0,[ 48, 2, 30]],

[ 37, 55, 0,[ 2, 57, 48]],

[ 57, 95, 1,[ 67, 9, 19, 32, 43, 98, 14, 18, 83, 66, 27, 30, 96, 36, 76, 22, 52, 21, 7, 99, 62, 20, 38, 37, 73, 54, 61, 92, 64, 15, 60, 3, 13, 87, 97, 69, 79, 45, 68, 85, 71, 8, 16, 70, 4]],

[ 83, 55, 0,[ 57, 48, 2]],

[ 43, 55, 0,[ 2, 57, 48]],

[ 69, 55, 0,[ 48, 57, 2]],

[ 87, 55, 0,[ 48, 57]],

[ 24, 55, 0,[ 2, 90, 30]],

[ 29, 55, 0,[ 30, 48, 2]],

[ 19, 55, 0,[ 57]],

[ 39, 55, 0,[ 48, 59, 2]],

[ 18, 55, 0,[ 57, 30, 48]],

[ 17, 55, 0,[ 30, 90]],

[ 31, 55, 0,[ 48, 2, 95]],

[ 79, 55, 0,[ 48, 2, 57]],

[ 67, 55, 0,[ 57, 76]],

[ 60, 55, 0,[ 95, 57, 48]],

[ 62, 55, 0,[ 57, 2, 30]],

[ 44, 55, 0,[ 2, 90, 30]],

[ 88, 55, 0,[ 72, 48, 30]],

[ 27, 55, 0,[ 76, 57, 2]],

[ 85, 55, 0,[ 48, 57, 2]],

[ 66, 55, 0,[ 48, 57, 30]],

[ 76, 55, 0,[ 95, 52, 1, 27, 26, 67, 72, 57]],

[ 59, 55, 0,[ 48, 39]],

[ 96, 55, 0,[ 57, 30, 90]],

[ 71, 55, 0,[ 48, 2, 57]],

[ 92, 55, 0,[ 30, 57]],

[ 11, 55, 0,[ 48, 30]],

[ 98, 55, 0,[ 57, 30]],

[ 20, 55, 0,[ 57, 2, 30]],

[ 84, 55, 0,[ 42, 30, 2]],

[ 8, 55, 0,[ 90, 57, 91]],

[ 28, 55, 0,[ 72, 30, 48]],

[ 68, 55, 0,[ 2, 57]],

[ 25, 55, 0,[ 2, 90, 30]],

[ 77, 55, 0,[ 42, 2, 48]],

[ 5, 55, 0,[ 42, 48]],

[ 81, 55, 0,[ 48, 2, 30]],

[ 38, 55, 0,[ 2, 57, 30]],

[ 64, 55, 0,[ 57, 48, 95]],

[ 70, 55, 0,[ 2, 48, 57]],

[ 30, 5, 1,[ 25, 88, 11, 57, 17, 35, 24, 26, 80, 96, 82, 65, 44, 55, 94, 0, 75, 38, 4, 50, 16, 95, 45, 51, 40, 53, 62, 33, 78, 18, 23, 66, 1, 29, 46, 93, 49, 97, 98, 74, 81, 84, 92, 10, 20, 28]],

[ 91, 55, 0,[ 8, 2, 48]],

[ 93, 55, 0,[ 95, 30, 2]],

[ 7, 55, 0,[ 57, 2, 72]],

[ 99, 55, 0,[ 57, 48]],

[ 95, 25, 1,[ 76, 73, 93, 14, 64, 60, 31, 12, 30, 47, 0, 75, 22, 86]],

[ 82, 55, 0,[ 48, 30, 2]],

[ 0, 55, 0,[ 30, 48, 95]],

[ 58, 55, 0,[ 48, 2]],

[ 74, 55, 0,[ 30, 2]],

[ 45, 55, 0,[ 57, 72, 30]],

[ 26, 55, 0,[ 30, 2, 76]],

[ 78, 55, 0,[ 42, 48, 30]],

[ 49, 55, 0,[ 2, 30, 48]],

[ 4, 55, 0,[ 57, 30]],

[ 52, 55, 0,[ 2, 76, 57]],

[ 89, 55, 0,[ 2, 48, 72]],

[ 48, 15, 1,[ 80, 28, 47, 66, 75, 70, 13, 65, 60, 29, 42, 89, 64, 53, 10, 39, 63, 6, 32, 71, 55, 9, 49, 22, 15, 83, 88, 58, 23, 69, 31, 85, 0, 82, 56, 37, 3, 18, 78, 79, 59, 36, 14, 87, 5, 77, 35, 94, 99, 81, 91, 51, 11, 43, 34]],

[ 9, 55, 0,[ 57, 2, 48]],

[ 13, 55, 0,[ 48, 57, 2]],

[ 35, 55, 0,[ 48, 30, 2]],

[ 94, 55, 0,[ 48, 30]],

[ 61, 55, 0,[ 57, 2, 72]],

[ 36, 55, 0,[ 2, 57, 48]],

[ 21, 55, 0,[ 57, 2, 72]],

[ 3, 55, 0,[ 48, 57, 42]],

[ 46, 55, 0,[ 2, 30, 72]],

[ 32, 55, 0,[ 57, 48, 2]],

[ 14, 55, 0,[ 57, 48, 95, 12]],

[ 75, 55, 0,[ 48, 95, 30]],

[ 40, 55, 0,[ 2, 30]],

[ 1, 55, 0,[ 76, 2, 30]],

[ 41, 55, 0,[ 2]],

[ 33, 55, 0,[ 72, 30, 2]],

[ 86, 55, 1,[ 95, 72, 42]],

[ 47, 55, 0,[ 48, 95, 2]],

[ 51, 55, 0,[ 2, 30, 48]],

[ 63, 55, 1,[ 72, 48, 42]],

[ 34, 55, 0,[ 2, 42, 48]],

[ 42, 25, 1,[ 84, 5, 86, 48, 77, 3, 63, 34, 78]],

[ 6, 55, 0,[ 2, 90, 48]],

[ 65, 55, 0,[ 30, 2, 48]],

[ 12, 55, 0,[ 2, 14, 95]],

[ 56, 55, 0,[ 48, 2]],

[ 55, 55, 0,[ 48, 2, 30]],

[ 10, 55, 0,[ 30, 48, 2]],

[ 15, 55, 0,[ 48, 2, 57]],

[ 72, 25, 1,[ 46, 88, 33, 61, 86, 54, 80, 28, 76, 53, 45, 7, 21, 89, 63]],

[ 16, 55, 0,[ 30, 57]],

[ 50, 55, 0,[ 2, 30, 90]],

[ 54, 55, 0,[ 2, 72, 57]],

[ 97, 55, 0,[ 90, 57, 30]],

[ 2, 75, 1,[ 35, 32, 46, 55, 6, 25, 36, 33, 58, 74, 26, 79, 41, 31, 68, 73, 13, 43, 65, 27, 69, 85, 9, 71, 29, 84, 52, 54, 49, 91, 56, 62, 89, 40, 70, 1, 50, 82, 10, 38, 61, 39, 81, 77, 83, 47, 44, 23, 20, 24, 93, 51, 21, 15, 7, 12, 34, 37]],

[ 53, 55, 0,[ 72, 48, 30]],

[ 22, 55, 0,[ 48, 57, 95]],

[ 73, 55, 0,[ 2, 57, 95]],

[ 80, 55, 0,[ 48, 72, 30]],

