[ 66, 95, 0,[ 94, 88, 76]],

[ 51, 95, 0,[ 48, 50, 5, 60]],

[ 74, 95, 0,[ 41, 23, 69]],

[ 10, 95, 1,[ 8, 27, 87, 3, 83, 99, 37, 14, 79, 25, 24, 12, 71]],

[ 47, 95, 0,[ 8, 43, 31]],

[ 82, 95, 0,[ 48, 54, 64]],

[ 95, 95, 0,[ 60, 73, 29, 70]],

[ 11, 95, 0,[ 31, 39, 96]],

[ 4, 75, 1,[ 86, 64, 68, 75, 83, 99, 50, 34, 21, 80, 63, 88, 61]],

[ 71, 95, 0,[ 35, 55, 22, 10, 77]],

[ 76, 95, 0,[ 57, 31, 66]],

[ 46, 95, 0,[ 73, 16, 94]],

[ 73, 95, 1,[ 33, 12, 29, 26, 95, 46, 72, 98, 22, 38, 2]],

[ 13, 95, 0,[ 90, 84, 14, 99]],

[ 53, 5, 0,[ 81]],

[ 48, 15, 1,[ 67, 18, 49, 97, 82, 34, 40, 69, 51, 7, 29, 19, 62, 32, 28, 45, 93]],

[ 62, 95, 0,[ 43, 48, 25]],

[ 16, 95, 1,[ 45, 54, 46, 83, 18, 65, 63, 85, 55, 33, 81, 78, 44, 70, 39, 28]],

[ 36, 95, 0,[ 55, 30, 69]],

[ 17, 95, 0,[ 84, 27, 34]],

[ 23, 95, 0,[ 60, 92, 74]],

[ 69, 95, 0,[ 48, 74, 36, 28]],

[ 88, 95, 0,[ 57, 4, 66]],

[ 8, 95, 0,[ 84, 47, 10]],

[ 43, 95, 0,[ 27, 47, 62]],

[ 55, 95, 0,[ 87, 7, 36, 71, 16]],

[ 84, 95, 0,[ 8, 13, 17, 90]],

[ 24, 95, 0,[ 20, 10, 57]],

[ 63, 15, 0,[ 4, 98, 16]],

[ 14, 95, 0,[ 27, 10, 13]],

[ 60, 95, 1,[ 23, 9, 21, 95, 51, 42, 90, 58, 0, 1]],

[ 7, 95, 0,[ 55, 48, 57]],

[ 38, 95, 0,[ 73, 68, 15, 30]],

[ 99, 95, 0,[ 42, 10, 4, 13]],

[ 20, 95, 0,[ 41, 80, 31, 24]],

[ 87, 95, 0,[ 57, 10, 55]],

[ 75, 95, 0,[ 1, 4]],

[ 33, 95, 0,[ 40, 73, 16]],

[ 81, 5, 0,[ 85, 53, 16]],

[ 56, 95, 0,[ 57, 67, 30]],

[ 92, 95, 1,[ 89, 65, 96, 23, 37, 97, 67, 77]],

[ 41, 95, 0,[ 20, 27, 74]],

[ 0, 95, 0,[ 77, 60, 27]],

[ 45, 95, 0,[ 48, 26, 16]],

[ 39, 95, 0,[ 19, 11, 16]],

[ 80, 95, 0,[ 4, 31, 20]],

[ 34, 95, 0,[ 48, 17, 4]],

[ 64, 95, 0,[ 82, 27, 4]],

[ 97, 95, 0,[ 48, 92, 44]],

[ 57, 95, 1,[ 3, 76, 7, 85, 87, 88, 56, 59, 24, 9]],

[ 21, 95, 0,[ 4, 60, 27]],

[ 90, 95, 0,[ 31, 84, 60, 13]],

[ 93, 95, 0,[ 89, 27, 48]],

[ 9, 95, 0,[ 2, 60, 57]],

[ 58, 95, 0,[ 31, 60, 32]],

[ 27, 85, 1,[ 89, 14, 41, 10, 94, 0, 43, 5, 72, 93, 86, 17, 64, 21, 52]],

[ 96, 95, 0,[ 12, 11, 92]],

[ 42, 95, 0,[ 60, 22, 99]],

[ 52, 95, 0,[ 50, 27]],

[ 30, 95, 0,[ 56, 36, 38]],

[ 54, 95, 0,[ 6, 82, 16]],

[ 98, 95, 0,[ 73, 63]],

[ 67, 95, 0,[ 48, 92, 56, 68]],

[ 35, 95, 0,[ 40, 71]],

[ 49, 95, 0,[ 48, 1, 31, 2]],

[ 86, 95, 0,[ 31, 27, 4]],

[ 83, 5, 0,[ 16, 10, 4]],

[ 12, 95, 0,[ 73, 10, 96]],

[ 72, 95, 0,[ 89, 27, 73]],

[ 89, 95, 0,[ 27, 18, 92, 72, 93]],

[ 15, 95, 0,[ 26, 38, 31]],

[ 5, 95, 0,[ 31, 51, 27]],

[ 94, 95, 0,[ 27, 66, 46]],

[ 79, 95, 0,[ 10, 70, 78]],

[ 2, 95, 0,[ 49, 73, 9]],

[ 19, 95, 0,[ 39, 65, 48]],

[ 78, 95, 0,[ 16, 79, 40]],

[ 25, 95, 0,[ 3, 10, 62]],

[ 91, 95, 0,[ 32]],

[ 85, 5, 0,[ 57, 81, 16]],

[ 28, 95, 0,[ 48, 16, 69]],

[ 1, 95, 0,[ 49, 75, 60]],

[ 3, 95, 0,[ 57, 25, 10]],

[ 77, 95, 0,[ 92, 0, 71]],

[ 50, 95, 0,[ 52, 51, 4]],

[ 18, 95, 0,[ 48, 89, 16]],

[ 6, 95, 0,[ 31, 61, 54]],

[ 29, 95, 0,[ 73, 48, 95]],

[ 61, 95, 0,[ 31, 4, 6]],

[ 37, 95, 0,[ 92, 59, 10]],

[ 26, 95, 0,[ 73, 45, 15]],

[ 44, 95, 0,[ 97, 16, 59]],

[ 31, 15, 1,[ 61, 90, 76, 58, 6, 20, 11, 5, 86, 59, 15, 47, 49, 80]],

[ 70, 95, 0,[ 95, 79, 16]],

[ 22, 95, 0,[ 73, 42, 71]],

[ 68, 95, 0,[ 4, 67, 38]],

[ 59, 95, 0,[ 57, 37, 31, 44]],

[ 32, 95, 0,[ 58, 48, 91]],

[ 40, 95, 0,[ 33, 35, 48, 78]],

[ 65, 95, 0,[ 92, 19, 16]],

[ 87, 55, 0,[ 51, 22]],

[ 83, 55, 0,[ 59, 8, 49]],

[ 23, 55, 0,[ 98, 44, 34]],

[ 26, 55, 0,[ 82, 44, 84]],

[ 18, 55, 0,[ 19, 94, 45, 21, 12, 82]],

[ 1, 55, 0,[ 3, 30]],

[ 35, 55, 0,[ 89, 48, 37, 67, 29]],

[ 57, 55, 0,[ 58, 4, 89]],

[ 20, 55, 0,[ 11, 60, 21, 64]],

[ 17, 55, 0,[ 46, 86, 33, 30, 65]],

[ 65, 55, 1,[ 28, 78, 24, 17, 61, 85]],

[ 37, 55, 0,[ 67, 42, 35, 36]],

[ 73, 55, 0,[ 31, 95, 77, 49]],

[ 96, 55, 0,[ 44, 92, 98]],

[ 85, 55, 0,[ 68, 59, 65, 61]],

[ 58, 5, 1,[ 8, 24, 57, 59, 43, 39, 79, 50]],

[ 55, 55, 0,[ 84, 27, 44]],

[ 86, 55, 0,[ 17, 66, 88]],

[ 68, 55, 0,[ 92, 14, 85, 70]],

[ 56, 55, 0,[ 97, 27, 13]],

[ 91, 55, 0,[ 31, 47, 88]],

[ 77, 55, 1,[ 71, 73, 88, 15, 61, 53]],

[ 74, 55, 0,[ 90, 44, 29]],

[ 19, 55, 0,[ 18]],

[ 76, 55, 0,[ 16, 60, 92, 33, 42]],

[ 97, 55, 0,[ 56, 32, 9]],

[ 28, 55, 0,[ 65, 34, 66]],

[ 49, 55, 0,[ 73, 7, 83]],

[ 32, 55, 0,[ 94, 97, 11, 39]],

[ 3, 55, 0,[ 7, 1, 51]],

[ 46, 55, 0,[ 7, 8, 17, 0]],

[ 41, 55, 0,[ 39, 40, 67, 10]],

[ 59, 85, 1,[ 58, 83, 61, 69, 85]],

[ 51, 55, 0,[ 3, 33, 5, 54, 95, 87]],

[ 52, 55, 0,[ 67, 75, 30]],

[ 39, 55, 0,[ 32, 41, 58]],

[ 50, 55, 0,[ 58, 15]],

[ 30, 55, 0,[ 1, 90, 52, 17, 22]],

[ 70, 55, 0,[ 98, 62, 68]],

[ 62, 55, 0,[ 70, 36, 4, 80]],

[ 22, 55, 0,[ 12, 30, 87]],

[ 4, 5, 1,[ 57, 33, 62, 66]],

[ 29, 55, 0,[ 74, 35, 53]],

[ 63, 55, 0,[ 64]],

[ 15, 55, 0,[ 50, 72, 77]],

[ 43, 55, 0,[ 58, 45]],

[ 45, 55, 0,[ 25, 43, 18]],

[ 2, 55, 0,[ 66, 48, 53]],

[ 48, 55, 0,[ 7, 47, 35, 2]],

[ 69, 55, 0,[ 78, 67, 59]],

[ 0, 55, 0,[ 80, 61, 46]],

[ 92, 55, 0,[ 76, 68, 96]],

[ 13, 55, 0,[ 56]],

[ 31, 55, 0,[ 73, 91, 80]],

[ 47, 55, 0,[ 91, 60, 48]],

[ 40, 55, 0,[ 9, 42, 41]],

[ 7, 15, 1,[ 48, 3, 9, 46, 11, 49]],

[ 64, 55, 0,[ 99, 63, 34, 20, 84]],

[ 99, 55, 0,[ 27, 64, 79]],

[ 11, 55, 0,[ 32, 7, 20]],

[ 79, 55, 0,[ 10, 99, 58]],

[ 9, 55, 0,[ 97, 40, 7]],

[ 5, 55, 0,[ 89, 24, 51]],

[ 8, 55, 0,[ 6, 46, 83, 58]],

[ 24, 55, 0,[ 58, 5, 65]],

[ 67, 55, 0,[ 35, 41, 52, 37, 69, 34]],

[ 54, 55, 0,[ 88, 14, 27, 51]],

[ 10, 55, 0,[ 27, 79, 41]],

[ 94, 55, 0,[ 18, 32, 81]],

[ 93, 55, 0,[ 27, 82, 75, 6]],

[ 12, 55, 0,[ 18, 14, 22]],

[ 66, 55, 0,[ 4, 28, 86, 2]],

[ 14, 55, 0,[ 54, 12, 68]],

[ 84, 55, 0,[ 27, 26, 64, 55]],

[ 16, 55, 0,[ 76]],

[ 25, 55, 1,[ 75, 72, 45, 27]],

[ 71, 85, 1,[ 6, 77, 44, 33]],

[ 36, 55, 0,[ 62, 37]],

[ 27, 55, 1,[ 56, 84, 99, 54, 34, 25, 90, 10, 55, 93, 95]],

[ 98, 55, 0,[ 96, 81, 70, 23]],

[ 60, 55, 0,[ 20, 76, 47]],

[ 89, 55, 0,[ 35, 57, 5]],

[ 88, 55, 0,[ 86, 54, 91, 77, 38]],

[ 75, 55, 0,[ 93, 52, 25]],

[ 53, 55, 0,[ 2, 29, 77]],

[ 81, 55, 0,[ 94, 72, 78, 98]],

[ 61, 55, 1,[ 59, 77, 65, 85, 0]],

[ 38, 55, 0,[ 88, 21, 34]],

[ 80, 55, 0,[ 0, 62, 82, 31]],

[ 6, 55, 0,[ 93, 71, 8]],

[ 82, 55, 0,[ 26, 18, 93, 80]],

[ 72, 55, 0,[ 81, 25, 15]],

[ 34, 55, 0,[ 67, 64, 23, 27, 38, 28]],

[ 95, 55, 0,[ 27, 73, 51]],

[ 33, 55, 0,[ 51, 71, 17, 4, 76]],

[ 21, 55, 0,[ 20, 18, 38]],

[ 78, 55, 0,[ 69, 65, 81]],

[ 42, 55, 0,[ 37, 40, 76]],

[ 90, 55, 0,[ 74, 27, 30]],

[ 44, 55, 0,[ 71, 96, 74, 23, 26, 55]],

