[ 41, 45, 0,[ 74, 23, 53, 13]],

[ 45, 45, 0,[ 94, 38, 66]],

[ 36, 5, 0,[ 24, 87, 81]],

[ 16, 65, 0,[ 60, 62, 4]],

[ 54, 5, 0,[ 70, 93, 83]],

[ 67, 5, 0,[ 39, 56, 57]],

[ 89, 5, 0,[ 26, 74, 25, 32]],

[ 62, 65, 0,[ 48, 0, 16, 96]],

[ 3, 65, 0,[ 35, 88, 29]],

[ 24, 95, 1,[ 91, 63, 30, 85, 36]],

[ 7, 65, 0,[ 73, 82, 34]],

[ 22, 45, 0,[ 94, 97, 40]],

[ 28, 45, 0,[ 63, 59, 5]],

[ 53, 65, 0,[ 41, 18, 35, 42]],

[ 37, 5, 0,[ 35, 21, 15]],

[ 52, 45, 0,[ 72, 60, 19, 74]],

[ 26, 5, 0,[ 68, 12, 89, 29]],

[ 12, 45, 0,[ 14, 64, 5, 26]],

[ 78, 65, 0,[ 20, 2, 43]],

[ 58, 95, 1,[ 2, 15, 49]],

[ 75, 35, 0,[ 35, 50, 69, 13]],

[ 84, 65, 0,[ 82, 86, 49]],

[ 73, 65, 0,[ 7, 90, 44]],

[ 27, 65, 0,[ 76, 95, 33]],

[ 99, 5, 0,[ 87, 59, 11]],

[ 55, 55, 0,[ 64, 72, 10]],

[ 96, 15, 1,[ 25, 80, 69, 62, 48]],

[ 46, 45, 0,[ 42, 92, 74]],

[ 81, 35, 0,[ 34, 36, 79]],

[ 20, 45, 0,[ 74, 6, 78]],

[ 18, 65, 0,[ 90, 74, 70, 53]],

[ 83, 5, 0,[ 74, 87, 21, 33, 54]],

[ 5, 95, 1,[ 1, 2, 12, 31, 28]],

[ 86, 5, 0,[ 50, 84, 39]],

[ 97, 95, 0,[ 15, 35, 22]],

[ 49, 65, 0,[ 84, 90, 58]],

[ 30, 45, 0,[ 24, 23, 76]],

[ 10, 45, 0,[ 85, 34, 55]],

[ 17, 65, 0,[ 74, 57, 19, 60, 6]],

[ 33, 65, 0,[ 27, 83, 9, 6]],

[ 98, 5, 0,[ 39, 87, 65, 31]],

[ 77, 55, 0,[ 72, 61, 19]],

[ 21, 5, 0,[ 37, 87, 83]],

[ 44, 55, 0,[ 1, 4, 73]],

[ 59, 65, 0,[ 88, 28, 99]],

[ 60, 65, 0,[ 17, 52, 16]],

[ 34, 85, 1,[ 7, 72, 81, 10, 35, 92]],

[ 14, 45, 0,[ 93, 95, 68, 12]],

[ 72, 55, 0,[ 77, 52, 34, 29, 55]],

[ 71, 65, 0,[ 43, 57, 76]],

[ 61, 35, 0,[ 40, 50, 77]],

[ 4, 55, 0,[ 16, 44, 15]],

[ 90, 65, 0,[ 18, 73, 49]],

[ 91, 45, 0,[ 79, 80, 24]],

[ 23, 45, 0,[ 11, 30, 41, 94]],

[ 80, 45, 0,[ 96, 63, 94, 91, 64, 39]],

[ 13, 35, 0,[ 88, 75, 41]],

[ 48, 65, 0,[ 96, 95, 62]],

[ 94, 45, 0,[ 45, 80, 39, 22, 23]],

[ 8, 5, 0,[ 9, 38, 31]],

[ 11, 45, 0,[ 99, 74, 23, 0]],

[ 42, 65, 0,[ 53, 47, 46]],

[ 66, 5, 0,[ 45, 39, 1, 32]],

[ 63, 45, 0,[ 28, 24, 80, 85]],

[ 74, 15, 1,[ 52, 18, 41, 93, 17, 46, 20, 11, 83, 89, 9]],

[ 76, 65, 0,[ 30, 71, 27]],

[ 50, 35, 0,[ 75, 86, 61, 40]],

[ 85, 45, 0,[ 63, 10, 24]],

[ 6, 65, 0,[ 43, 17, 20, 33]],

[ 39, 35, 1,[ 94, 82, 68, 67, 43, 86, 98, 66, 80]],

[ 0, 65, 0,[ 70, 62, 11]],

[ 29, 65, 0,[ 3, 72, 26]],

[ 65, 5, 0,[ 68, 25, 98]],

[ 82, 65, 0,[ 7, 84, 39]],

[ 47, 5, 0,[ 42, 68, 31]],

[ 43, 65, 0,[ 78, 39, 6, 71]],

[ 57, 65, 0,[ 17, 67, 71]],

[ 19, 65, 0,[ 77, 17, 52]],

[ 69, 35, 0,[ 32, 96, 75]],

[ 35, 5, 1,[ 75, 34, 37, 38, 53, 3, 68, 97]],

[ 38, 95, 0,[ 35, 8, 45, 79]],

[ 2, 65, 0,[ 5, 78, 58, 51]],

[ 9, 45, 0,[ 74, 8, 51, 33]],

[ 51, 65, 0,[ 56, 2, 9]],

[ 1, 55, 0,[ 5, 66, 44]],

[ 32, 5, 0,[ 69, 68, 89, 66]],

[ 93, 45, 0,[ 14, 54, 74]],

[ 68, 65, 1,[ 26, 14, 65, 35, 32, 39, 47]],

[ 40, 35, 0,[ 22, 61, 50]],

[ 25, 5, 0,[ 65, 96, 89]],

[ 64, 45, 0,[ 12, 80, 55]],

[ 56, 65, 1,[ 67, 51, 92]],

[ 88, 65, 0,[ 59, 13, 3]],

[ 92, 75, 0,[ 34, 46, 56]],

[ 70, 65, 0,[ 0, 18, 54]],

[ 95, 45, 0,[ 48, 14, 27]],

[ 15, 5, 0,[ 4, 97, 58, 37]],

[ 79, 35, 0,[ 91, 81, 38]],

[ 31, 5, 0,[ 47, 8, 98, 5]],

[ 87, 5, 0,[ 83, 21, 36, 98, 99]],

[ 19, 75, 0,[ 74, 87, 12]],

[ 63, 75, 0,[ 35, 83, 47]],

[ 0, 65, 0,[ 11, 61, 42, 32]],

[ 39, 95, 0,[ 45, 68, 24, 91]],

[ 66, 95, 0,[ 90, 73, 94]],

[ 70, 95, 0,[ 40, 88, 22]],

[ 60, 95, 0,[ 24, 90, 30]],

[ 50, 75, 0,[ 65, 62, 4, 42]],

[ 55, 95, 0,[ 22, 29, 14]],

[ 83, 75, 0,[ 45, 62, 63]],

[ 41, 95, 0,[ 12, 18, 57]],

[ 16, 95, 0,[ 10, 61, 49, 82, 23]],

[ 73, 75, 1,[ 23, 11, 56, 34, 43, 3, 1, 66]],

[ 97, 75, 0,[ 26, 62, 9]],

[ 90, 95, 0,[ 66, 38, 57, 60]],

[ 25, 85, 0,[ 77, 44, 38]],

[ 3, 55, 0,[ 73, 85, 77]],

[ 59, 75, 0,[ 67, 87, 88]],

[ 38, 75, 1,[ 68, 99, 25, 74, 90, 86, 22, 9, 69]],

[ 17, 95, 0,[ 43, 32, 65, 72]],

[ 4, 75, 0,[ 76, 50, 68]],

[ 95, 95, 0,[ 10, 82, 48, 56]],

[ 58, 95, 0,[ 92, 6, 1, 72]],

[ 57, 5, 1,[ 2, 7, 88, 28, 90, 41]],

[ 47, 95, 0,[ 84, 20, 63]],

[ 68, 85, 0,[ 38, 46, 39, 4]],

[ 12, 75, 0,[ 93, 19, 86, 41]],

[ 26, 75, 0,[ 64, 5, 97]],

[ 99, 95, 0,[ 10, 33, 38, 2]],

[ 81, 95, 0,[ 88, 28, 96]],

[ 7, 75, 0,[ 30, 57, 62, 36]],

[ 33, 95, 0,[ 77, 99, 20]],

[ 1, 55, 0,[ 73, 76, 58]],

[ 62, 85, 1,[ 10, 97, 91, 37, 5, 78, 7, 46, 36, 13, 50, 83, 29, 21]],

[ 46, 75, 0,[ 68, 84, 62]],

[ 40, 95, 0,[ 30, 70, 87]],

[ 75, 95, 0,[ 48, 8, 18]],

[ 24, 95, 0,[ 53, 60, 39, 80]],

[ 86, 85, 0,[ 12, 38]],

[ 43, 55, 0,[ 17, 73, 36]],

[ 88, 95, 0,[ 81, 57, 27, 59, 70]],

[ 32, 65, 0,[ 17, 0, 36]],

[ 13, 75, 0,[ 31, 62, 8, 56]],

[ 15, 95, 0,[ 92, 74, 22]],

[ 92, 95, 0,[ 36, 15, 58]],

[ 5, 75, 0,[ 26, 62, 52, 84]],

[ 76, 75, 0,[ 1, 4, 69, 78]],

[ 67, 75, 0,[ 59, 35, 27]],

[ 6, 5, 0,[ 64, 58, 79, 61]],

[ 51, 95, 0,[ 98, 71, 28]],

[ 72, 95, 0,[ 17, 44, 58]],

[ 10, 95, 0,[ 95, 16, 99, 62]],

[ 49, 95, 0,[ 16, 53, 21]],

[ 80, 95, 0,[ 65, 48, 24]],

[ 18, 25, 1,[ 75, 27, 14, 41, 98]],

[ 82, 95, 0,[ 79, 95, 16]],

[ 64, 5, 1,[ 79, 6, 53, 26]],

[ 98, 95, 0,[ 18, 51, 89]],

[ 48, 5, 1,[ 80, 75, 71, 95, 22, 28]],

[ 54, 95, 0,[ 11, 96, 78]],

[ 21, 75, 0,[ 52, 62, 49]],

[ 36, 75, 0,[ 7, 92, 32, 43, 62]],

[ 8, 95, 0,[ 89, 85, 13, 75]],

[ 34, 55, 0,[ 73, 69, 71]],

[ 22, 95, 0,[ 48, 70, 55, 38, 15]],

[ 20, 5, 1,[ 47, 96, 33]],

[ 61, 25, 1,[ 85, 89, 78, 0, 6, 77, 65, 35, 16]],

[ 9, 85, 0,[ 97, 38, 94]],

[ 84, 75, 0,[ 47, 5, 46]],

[ 28, 95, 0,[ 81, 51, 57, 48]],

[ 56, 55, 0,[ 73, 13, 95]],

[ 35, 75, 0,[ 61, 67, 31, 63]],

[ 23, 95, 0,[ 29, 16, 73]],

[ 96, 95, 0,[ 81, 54, 20]],

[ 11, 55, 0,[ 0, 54, 73]],

[ 45, 95, 0,[ 39, 83]],

[ 91, 75, 0,[ 62, 39, 79]],

[ 53, 95, 0,[ 24, 85, 64, 49]],

[ 74, 85, 0,[ 38, 19, 15]],

[ 71, 95, 0,[ 34, 48, 51]],

[ 29, 75, 0,[ 55, 23, 94, 62]],

[ 31, 75, 0,[ 93, 35, 13]],

[ 69, 85, 0,[ 34, 76, 38]],

[ 42, 65, 0,[ 52, 50, 0]],

[ 89, 5, 0,[ 61, 8, 98]],

[ 94, 95, 0,[ 9, 29, 66]],

[ 52, 75, 0,[ 21, 93, 42, 5]],

[ 79, 95, 0,[ 82, 6, 91, 64]],

[ 65, 5, 0,[ 61, 17, 50, 80]],

[ 2, 95, 0,[ 99, 87, 57]],

[ 87, 45, 1,[ 59, 2, 40, 19]],

[ 78, 75, 0,[ 61, 76, 54, 62]],

[ 93, 75, 0,[ 12, 52, 31]],

[ 30, 95, 0,[ 7, 40, 60]],

[ 14, 95, 0,[ 18, 55, 37]],

[ 44, 95, 0,[ 72, 25, 37]],

[ 27, 95, 0,[ 88, 67, 18]],

[ 37, 75, 0,[ 44, 62, 14]],

[ 85, 95, 0,[ 8, 3, 61, 53]],

[ 77, 5, 0,[ 33, 61, 25, 3]],

