[ 4, 65, 0,[ 61, 53, 30]],

[ 72, 65, 0,[ 74, 98, 38]],

[ 38, 65, 1,[ 40, 91, 41, 56, 72, 48, 31, 18, 88, 86, 20, 54, 97, 47, 68, 69]],

[ 44, 65, 0,[ 92, 73]],

[ 69, 65, 0,[ 38, 32, 43, 22]],

[ 82, 25, 1,[ 73, 99, 3, 37, 40, 19, 50, 79, 47, 0]],

[ 47, 85, 0,[ 82, 92, 38]],

[ 0, 75, 0,[ 30, 68, 82]],

[ 92, 15, 1,[ 50, 87, 37, 47, 89, 70, 67, 94, 57, 93, 39, 7, 44, 62, 51]],

[ 76, 65, 0,[ 98, 74, 27]],

[ 71, 75, 0,[ 75, 53, 78]],

[ 66, 65, 0,[ 98, 11, 65]],

[ 75, 65, 1,[ 9, 36, 34, 27, 90, 60, 71, 43, 50, 51, 81, 83]],

[ 85, 85, 0,[ 91, 27, 29, 62]],

[ 45, 85, 0,[ 53, 29, 30]],

[ 99, 15, 0,[ 94, 59, 82]],

[ 16, 65, 0,[ 3, 28, 59]],

[ 96, 65, 0,[ 98, 10, 53]],

[ 29, 85, 0,[ 65, 85, 45]],

[ 3, 65, 0,[ 16, 82]],

[ 73, 15, 0,[ 82, 63, 44, 88]],

[ 35, 65, 0,[ 12, 64, 59]],

[ 59, 15, 1,[ 48, 63, 23, 8, 22, 90, 35, 74, 78, 68, 16, 14, 56, 32, 80, 15, 99]],

[ 9, 65, 0,[ 98, 75, 19, 25]],

[ 11, 85, 0,[ 2, 66, 98]],

[ 77, 65, 0,[ 51, 10, 95, 15]],

[ 19, 5, 0,[ 82, 9, 30]],

[ 64, 65, 0,[ 98, 27, 35]],

[ 88, 15, 0,[ 38, 73, 48]],

[ 13, 45, 0,[ 27, 54, 65]],

[ 18, 65, 0,[ 38, 98, 28]],

[ 32, 85, 0,[ 59, 27, 69]],

[ 86, 45, 0,[ 65, 38, 26]],

[ 61, 65, 0,[ 20, 81, 4, 60]],

[ 25, 65, 0,[ 9, 23, 27]],

[ 80, 65, 0,[ 65, 67, 59]],

[ 48, 15, 0,[ 70, 38, 59, 88]],

[ 51, 65, 0,[ 75, 92, 77]],

[ 40, 65, 0,[ 82, 52, 33, 38]],

[ 2, 75, 0,[ 90, 11]],

[ 79, 5, 0,[ 30, 82, 14]],

[ 60, 85, 0,[ 75, 36, 61]],

[ 7, 65, 0,[ 34, 92, 65]],

[ 52, 65, 0,[ 93, 40, 30]],

[ 37, 85, 0,[ 92, 82, 90]],

[ 26, 65, 0,[ 86, 56, 53]],

[ 87, 65, 0,[ 92, 1]],

[ 27, 65, 1,[ 64, 32, 13, 76, 12, 39, 75, 98, 85, 25, 67]],

[ 24, 65, 0,[ 97, 31, 91, 98, 65]],

[ 43, 65, 0,[ 69, 75, 98]],

[ 84, 65, 0,[ 31, 98, 65]],

[ 56, 15, 0,[ 59, 26, 38]],

[ 65, 65, 1,[ 17, 62, 29, 84, 13, 80, 49, 57, 66, 86, 7, 6, 24]],

[ 20, 95, 0,[ 38, 58, 61]],

[ 1, 5, 0,[ 87, 8, 30]],

[ 42, 65, 0,[ 49, 98, 41]],

[ 63, 15, 0,[ 53, 73, 59]],

[ 97, 95, 0,[ 24, 38, 30]],

[ 68, 75, 0,[ 38, 59, 0, 78]],

[ 93, 65, 0,[ 92, 52, 49]],

[ 5, 65, 0,[ 8, 98]],

[ 98, 65, 1,[ 96, 39, 24, 18, 58, 42, 9, 64, 89, 11, 72, 84, 55, 54, 27, 76, 5, 43, 66]],

[ 55, 65, 0,[ 98, 41, 53]],

[ 17, 85, 0,[ 83, 53, 65]],

[ 6, 65, 0,[ 65, 74, 53]],

[ 54, 65, 0,[ 13, 38, 98]],

[ 12, 65, 0,[ 81, 35, 27]],

[ 90, 85, 0,[ 2, 75, 59, 37]],

[ 21, 65, 0,[ 94, 53, 23]],

[ 8, 5, 0,[ 5, 59, 89, 1]],

[ 10, 65, 0,[ 53, 77, 96]],

[ 41, 65, 0,[ 55, 30, 42, 38]],

[ 83, 85, 0,[ 30, 17, 75]],

[ 89, 65, 0,[ 98, 8, 92]],

[ 50, 85, 0,[ 75, 82, 92]],

[ 78, 75, 0,[ 59, 68, 71]],

[ 39, 65, 0,[ 98, 92, 27]],

[ 46, 95, 0,[]],

[ 31, 65, 0,[ 38, 84, 24]],

[ 81, 65, 0,[ 12, 61, 53, 75]],

[ 15, 65, 0,[ 77, 22, 59]],

[ 70, 65, 0,[ 30, 48, 92]],

[ 53, 55, 1,[ 63, 81, 45, 55, 21, 96, 10, 26, 71, 17, 6, 4]],

[ 23, 65, 0,[ 21, 59, 25]],

[ 36, 5, 0,[ 75, 60, 57, 30]],

[ 62, 45, 0,[ 85, 65, 92]],

[ 58, 5, 0,[ 30, 20, 98]],

[ 28, 65, 0,[ 18, 30, 16, 95]],

[ 95, 65, 0,[ 77, 28]],

[ 34, 85, 0,[ 7, 30, 75]],

[ 22, 65, 0,[ 15, 59, 69]],

[ 57, 45, 0,[ 36, 65, 92]],

[ 67, 65, 0,[ 80, 92, 27]],

[ 33, 65, 0,[ 40]],

[ 14, 5, 0,[ 79, 59, 30]],

[ 94, 65, 0,[ 99, 92, 21]],

[ 49, 65, 0,[ 42, 93, 65]],

[ 74, 65, 0,[ 59, 76, 6, 72]],

[ 30, 55, 1,[ 36, 14, 70, 83, 34, 79, 28, 45, 4, 58, 52, 1, 0, 97, 19, 41]],

[ 91, 65, 0,[ 38, 85, 24]],

[ 9, 85, 0,[ 70, 93, 78]],

[ 53, 85, 0,[ 60, 42, 37]],

[ 32, 85, 0,[ 51, 34, 57]],

[ 81, 85, 0,[ 71, 46, 6, 57]],

[ 68, 85, 0,[ 2, 61, 91]],

[ 52, 85, 0,[ 26, 58, 42]],

[ 44, 85, 0,[ 28, 12, 51]],

[ 55, 85, 0,[ 26, 88, 56]],

[ 41, 85, 0,[ 95, 20, 0, 80]],

[ 45, 85, 0,[ 42, 73, 29]],

[ 3, 85, 0,[ 33, 60]],

[ 36, 85, 0,[ 60, 73, 17]],

[ 8, 85, 0,[ 61, 58, 73]],

[ 24, 35, 0,[ 2, 58, 26]],

[ 63, 85, 0,[ 73, 51, 82]],

[ 79, 85, 0,[ 27, 42]],

[ 92, 85, 0,[ 42, 10, 60]],

[ 42, 85, 1,[ 90, 54, 53, 67, 87, 70, 79, 39, 35, 52, 45, 57, 92, 84]],

[ 27, 25, 0,[ 1, 79, 51]],

[ 77, 85, 0,[ 51, 12, 60]],

[ 83, 55, 0,[ 54, 98, 2]],

[ 15, 85, 0,[ 58, 75, 91, 26]],

[ 13, 85, 0,[ 91, 18]],

[ 28, 85, 0,[ 78, 33, 44, 96]],

[ 95, 85, 0,[ 1, 7, 78, 41, 97]],

[ 39, 85, 0,[ 43, 69, 42]],

[ 51, 85, 1,[ 7, 62, 99, 63, 12, 47, 88, 77, 27, 26, 94, 43, 32, 50, 44]],

[ 10, 85, 0,[ 26, 92, 6]],

[ 47, 85, 0,[ 2, 76, 51]],

[ 22, 85, 0,[ 35, 75, 76, 2]],

[ 58, 95, 1,[ 48, 62, 38, 29, 40, 33, 24, 59, 17, 21, 34, 56, 60, 8, 25, 52, 15, 75, 23]],

[ 33, 85, 0,[ 28, 3, 58]],

[ 16, 45, 0,[ 60, 76, 26]],

[ 20, 45, 1,[ 23, 1, 72, 41, 98, 93, 74, 86, 30, 90]],

[ 86, 85, 0,[ 20, 26, 85]],

[ 38, 85, 0,[ 58, 59, 2]],

[ 19, 85, 0,[ 78, 26, 61]],

[ 93, 55, 0,[ 9, 20, 60]],

[ 5, 85, 0,[ 73, 18]],

[ 70, 85, 0,[ 46, 42, 78, 9]],

[ 69, 85, 0,[ 73, 67, 14, 39]],

[ 2, 75, 1,[ 96, 74, 83, 68, 24, 47, 29, 76, 98, 22, 40, 38, 6]],

[ 82, 85, 0,[ 60, 56, 63]],

[ 87, 85, 0,[ 42, 34, 26]],

[ 97, 85, 0,[ 78, 89, 95]],

[ 80, 85, 0,[ 37, 60, 41]],

[ 64, 85, 0,[ 29, 90, 31, 73]],

[ 1, 25, 0,[ 27, 95, 20]],

[ 56, 85, 0,[ 55, 58, 82]],

[ 84, 85, 0,[ 91, 42, 61]],

[ 66, 85, 0,[ 73, 18, 65]],

[ 65, 85, 0,[ 89, 66, 62, 40]],

[ 90, 85, 0,[ 64, 20, 42]],

[ 91, 85, 1,[ 25, 34, 46, 15, 71, 23, 4, 84, 14, 68, 13, 50]],

[ 7, 85, 0,[ 95, 51, 73]],

[ 6, 85, 0,[ 10, 81, 2]],

[ 34, 85, 0,[ 87, 58, 32, 91]],

[ 72, 85, 0,[ 17, 20, 71]],

[ 40, 85, 0,[ 65, 58, 2]],

[ 78, 85, 1,[ 14, 70, 28, 18, 48, 9, 19, 31, 85, 71, 97, 95, 89, 67, 11]],

[ 73, 45, 1,[ 45, 37, 66, 64, 63, 7, 8, 36, 5, 69]],

[ 76, 85, 0,[ 48, 22, 16, 2, 47]],

[ 88, 85, 0,[ 94, 51, 60, 55]],

[ 12, 85, 0,[ 30, 77, 51, 44, 43, 50]],

[ 49, 85, 0,[ 94, 60, 29]],

[ 67, 85, 0,[ 69, 78, 42]],

[ 71, 85, 0,[ 91, 26, 72, 81, 78, 11]],

[ 60, 85, 1,[ 77, 53, 4, 92, 82, 88, 49, 85, 93, 74, 11, 16, 80, 46, 54, 36, 58, 3]],

[ 4, 45, 0,[ 60, 91, 59]],

[ 17, 85, 0,[ 36, 58, 72]],

[ 30, 85, 0,[ 12, 20]],

[ 43, 15, 0,[ 12, 51, 39]],

[ 48, 85, 0,[ 78, 58, 76, 0]],

[ 37, 85, 0,[ 80, 73, 31, 53]],

[ 54, 85, 0,[ 42, 60, 83, 21]],

[ 0, 85, 0,[ 48, 41, 25]],

[ 98, 55, 0,[ 2, 20, 83]],

[ 23, 15, 0,[ 20, 58, 91]],

[ 96, 85, 0,[ 2, 28]],

[ 94, 85, 0,[ 51, 88, 49]],

[ 61, 85, 0,[ 84, 19, 68, 8]],

[ 35, 85, 0,[ 26, 22, 42]],

[ 62, 85, 0,[ 58, 65, 51]],

[ 99, 25, 0,[ 51]],

[ 18, 85, 0,[ 5, 78, 66, 13]],

[ 59, 85, 0,[ 38, 4, 58]],

[ 75, 85, 0,[ 15, 58, 22]],

[ 25, 85, 0,[ 91, 0, 58]],

[ 14, 85, 0,[ 69, 78, 91]],

[ 50, 25, 0,[ 12, 51, 91]],

[ 26, 85, 1,[ 87, 19, 55, 71, 51, 35, 16, 52, 10, 86, 24, 15]],

[ 85, 85, 0,[ 60, 86, 78]],

[ 89, 85, 0,[ 78, 97, 65]],

[ 11, 85, 0,[ 71, 60, 78]],

[ 74, 55, 0,[ 20, 60, 2]],

[ 31, 85, 0,[ 64, 37, 78]],

[ 46, 85, 0,[ 91, 81, 70, 60]],

[ 21, 85, 0,[ 58, 54]],

[ 57, 85, 0,[ 81, 42, 32]],

[ 29, 85, 0,[ 58, 45, 49, 2, 64]],

