[ 55, 45, 0,[ 9, 53, 15]],

[ 32, 95, 0,[ 25, 64, 63]],

[ 11, 25, 0,[ 18, 64, 93]],

[ 1, 55, 0,[ 79, 16, 94]],

[ 23, 85, 1,[ 3, 87, 58]],

[ 64, 25, 0,[ 11, 32, 80]],

[ 95, 85, 1,[ 81, 24, 91]],

[ 29, 15, 0,[ 38, 98, 31]],

[ 8, 55, 0,[ 35, 93, 36, 7]],

[ 13, 65, 0,[ 2, 70, 57]],

[ 20, 15, 1,[ 21, 97, 83]],

[ 31, 15, 0,[ 33, 6, 29]],

[ 92, 65, 1,[ 18, 85, 51, 34, 15]],

[ 19, 15, 0,[ 34, 88, 5]],

[ 9, 85, 0,[ 63, 55, 83, 71]],

[ 94, 55, 1,[ 79, 44, 1, 27, 24]],

[ 24, 55, 0,[ 94, 95, 52]],

[ 58, 75, 1,[ 23, 12]],

[ 12, 35, 1,[ 65, 42, 58]],

[ 25, 35, 1,[ 89, 32, 61]],

[ 63, 95, 1,[ 77, 9, 32, 97]],

[ 97, 25, 1,[ 96, 0, 63, 20]],

[ 22, 55, 0,[ 53, 83, 10, 28]],

[ 17, 55, 1,[ 5, 66, 48, 2]],

[ 71, 85, 0,[ 26, 9, 2]],

[ 7, 35, 0,[ 87, 99, 8]],

[ 44, 55, 0,[ 90, 94, 43]],

[ 59, 45, 0,[ 52, 14, 60]],

[ 62, 75, 1,[ 73, 98, 78, 33, 30, 74, 4]],

[ 79, 65, 1,[ 54, 94, 1, 41]],

[ 50, 15, 0,[ 81, 78, 65]],

[ 21, 5, 0,[ 35, 20, 14, 67]],

[ 99, 35, 1,[ 18, 7, 14, 40]],

[ 6, 15, 1,[ 31, 35, 91]],

[ 26, 35, 1,[ 84, 71, 70]],

[ 82, 25, 1,[ 4, 3, 61, 30]],

[ 14, 35, 1,[ 39, 59, 99, 2, 21, 43, 90]],

[ 78, 15, 0,[ 62, 68, 50]],

[ 57, 65, 0,[ 13]],

[ 2, 45, 1,[ 71, 13, 17, 14, 47]],

[ 67, 5, 1,[ 54, 43, 77, 21]],

[ 68, 15, 0,[ 78, 42, 35]],

[ 66, 55, 0,[ 17, 72]],

[ 93, 65, 0,[ 40, 11, 70, 51, 86, 8]],

[ 89, 35, 1,[ 86, 47, 25, 76]],

[ 83, 85, 0,[ 22, 20, 9]],

[ 96, 15, 0,[ 72, 69, 97]],

[ 70, 65, 1,[ 13, 77, 93, 85, 26, 47]],

[ 37, 55, 1,[ 33, 65, 0, 88, 10]],

[ 77, 25, 1,[ 70, 67, 63]],

[ 69, 15, 0,[ 38, 65, 96]],

[ 76, 15, 1,[ 45, 89, 35, 28]],

[ 35, 95, 1,[ 8, 68, 76, 6, 21]],

[ 73, 75, 0,[ 84, 62, 90]],

[ 27, 45, 1,[ 36, 94]],

[ 16, 55, 0,[ 40, 1, 28]],

[ 65, 15, 0,[ 12, 69, 37, 50, 48]],

[ 84, 15, 0,[ 15, 38, 26, 73, 72, 56]],

[ 47, 45, 0,[ 89, 2, 70]],

[ 34, 45, 1,[ 19, 88, 92]],

[ 81, 85, 0,[ 33, 95, 50]],

[ 33, 55, 1,[ 31, 62, 81, 37]],

[ 91, 25, 1,[ 39, 95, 6]],

[ 38, 15, 0,[ 29, 69, 84]],

[ 43, 5, 0,[ 67, 14, 44]],

[ 5, 15, 1,[ 56, 17, 19, 36]],

[ 3, 45, 1,[ 23, 82, 0]],

[ 54, 5, 0,[ 52, 79, 67]],

[ 80, 5, 1,[ 56, 64, 42]],

[ 30, 85, 1,[ 62, 75, 45, 82]],

[ 74, 95, 1,[ 62, 51, 85]],

[ 42, 5, 1,[ 68, 49, 80, 12]],

[ 61, 25, 1,[ 25, 90, 82]],

[ 48, 15, 1,[ 65, 17, 40]],

[ 0, 15, 1,[ 37, 3, 97]],

[ 28, 55, 0,[ 22, 76, 16]],

[ 53, 45, 0,[ 22, 55, 45]],

[ 87, 35, 1,[ 46, 23, 7]],

[ 90, 35, 1,[ 61, 44, 73, 14]],

[ 4, 25, 0,[ 82, 62, 39]],

[ 40, 45, 1,[ 48, 99, 16, 93]],

[ 60, 15, 0,[ 59, 41, 72]],

[ 41, 65, 0,[ 79, 75, 60]],

[ 46, 15, 0,[ 87, 45, 10]],

[ 10, 55, 0,[ 46, 22, 37]],

[ 18, 35, 0,[ 11, 99, 92]],

[ 51, 75, 1,[ 93, 49, 92, 74]],

[ 15, 45, 0,[ 84, 92, 55]],

[ 49, 65, 1,[ 86, 51, 42]],

[ 85, 35, 1,[ 70, 74, 92, 88]],

[ 52, 45, 1,[ 75, 54, 59, 24]],

[ 45, 15, 0,[ 30, 76, 53, 46]],

[ 39, 25, 0,[ 4, 91, 14]],

[ 72, 15, 0,[ 60, 84, 96, 66]],

[ 56, 35, 1,[ 5, 80, 98, 84]],

[ 88, 5, 1,[ 37, 85, 34, 19]],

[ 86, 15, 1,[ 89, 93, 49]],

[ 98, 45, 1,[ 62, 29, 56]],

[ 75, 45, 0,[ 30, 41, 52]],

[ 36, 55, 0,[ 27, 5, 8]],

