[ 83, 95, 0,[ 47, 17, 26, 99]],

[ 17, 95, 0,[ 88, 83, 68, 12]],

[ 90, 25, 1,[ 41, 16, 13, 66, 95, 89, 1, 51, 81, 62, 84, 11]],

[ 96, 75, 1,[ 42, 9, 3, 62, 68, 18, 58, 12, 97, 34, 38, 21, 95, 46]],

[ 39, 65, 0,[ 76, 10, 59]],

[ 65, 95, 0,[ 15, 82, 1]],

[ 59, 5, 1,[ 25, 23, 51, 0, 60, 40, 88, 4, 35, 39, 15]],

[ 44, 25, 1,[ 4, 55, 41, 48, 70, 14, 72, 33, 42]],

[ 10, 95, 0,[ 26, 45, 39]],

[ 32, 95, 0,[ 89, 38, 79]],

[ 5, 65, 0,[ 49, 54, 58, 81, 57, 74]],

[ 75, 65, 0,[ 74, 36, 19, 20]],

[ 31, 45, 0,[ 40, 86, 72]],

[ 45, 45, 0,[ 34, 92, 10]],

[ 50, 95, 0,[ 85, 25, 15]],

[ 35, 65, 0,[ 20, 59, 48]],

[ 21, 65, 0,[ 96, 27, 76, 24]],

[ 82, 95, 0,[ 27, 65, 85]],

[ 78, 45, 0,[ 72, 8, 67, 23]],

[ 76, 65, 0,[ 21, 20, 39]],

[ 64, 65, 0,[ 41, 15, 36]],

[ 92, 45, 0,[ 40, 45, 94]],

[ 91, 55, 0,[ 77, 79, 40, 43, 7]],

[ 27, 95, 0,[ 37, 82, 18, 86, 21]],

[ 73, 95, 0,[ 79, 67, 57]],

[ 16, 95, 0,[ 81, 90, 69]],

[ 71, 45, 0,[ 79, 60, 46, 98]],

[ 20, 65, 0,[ 76, 85, 75, 35]],

[ 18, 95, 0,[ 72, 27, 96]],

[ 94, 45, 0,[ 86, 92, 30]],

[ 57, 65, 0,[ 63, 5, 73]],

[ 80, 65, 0,[ 15, 36]],

[ 25, 95, 0,[ 79, 59, 50]],

[ 30, 45, 0,[ 22, 61, 1, 94]],

[ 26, 95, 0,[ 69, 83, 10]],

[ 24, 25, 1,[ 81, 28, 38, 21, 74, 14, 51, 9, 88, 6]],

[ 51, 45, 0,[ 59, 29, 90, 24]],

[ 9, 45, 0,[ 24, 96, 8]],

[ 66, 65, 0,[ 90, 53, 54]],

[ 52, 65, 0,[ 86, 3, 37]],

[ 58, 55, 0,[ 5, 96, 36]],

[ 61, 45, 0,[ 30, 84, 22, 72, 15]],

[ 15, 95, 0,[ 61, 2, 64, 59, 80, 50, 65]],

[ 85, 95, 0,[ 50, 68, 36, 20, 82]],

[ 99, 45, 0,[ 60, 72, 83]],

[ 40, 45, 0,[ 87, 59, 92, 31, 62, 91]],

[ 89, 45, 0,[ 32, 90, 0]],

[ 98, 45, 0,[ 63, 79, 6, 71]],

[ 97, 65, 0,[ 68, 96]],

[ 43, 65, 0,[ 91, 53, 79]],

[ 3, 65, 0,[ 52, 53, 96]],

[ 53, 65, 0,[ 3, 66, 43]],

[ 86, 55, 1,[ 52, 34, 14, 27, 94, 31, 47, 29, 0, 22, 84]],

[ 84, 45, 0,[ 86, 90, 61]],

[ 81, 95, 0,[ 16, 5, 24, 90]],

[ 62, 45, 0,[ 96, 90, 40]],

[ 60, 45, 0,[ 71, 99, 59]],

[ 41, 65, 0,[ 64, 55, 44, 70, 90]],

[ 46, 45, 0,[ 71, 96, 72]],

[ 48, 65, 0,[ 95, 63, 35, 44]],

[ 19, 15, 0,[ 63, 75, 36]],

[ 6, 45, 0,[ 98, 24, 69]],

[ 87, 45, 0,[ 34, 40, 28]],

[ 47, 65, 0,[ 86, 2, 83]],

[ 88, 95, 0,[ 24, 17, 59, 42]],

[ 56, 65, 0,[ 72, 2, 33]],

[ 36, 55, 1,[ 85, 64, 55, 11, 93, 13, 80, 58, 19, 7, 75]],

[ 2, 65, 0,[ 56, 47, 15]],

[ 38, 95, 0,[ 32, 24, 96]],

[ 37, 65, 0,[ 27, 52, 77]],

[ 14, 45, 0,[ 24, 86, 44, 67]],

[ 70, 65, 0,[ 41, 44, 4, 33]],

[ 0, 45, 0,[ 86, 89, 59]],

[ 79, 5, 1,[ 71, 32, 25, 91, 73, 11, 98, 43]],

[ 11, 55, 0,[ 90, 79, 36]],

[ 4, 65, 0,[ 59, 70, 44]],

[ 49, 65, 0,[ 95, 28, 5]],

[ 67, 95, 0,[ 73, 78, 14]],

[ 12, 95, 0,[ 93, 96, 8, 17, 23]],

[ 22, 45, 0,[ 86, 30, 61]],

[ 77, 65, 0,[ 37, 28, 91]],

[ 23, 95, 0,[ 78, 12, 59]],

[ 1, 45, 0,[ 90, 30, 68, 65]],

[ 42, 25, 0,[ 96, 44, 88]],

[ 72, 45, 1,[ 56, 31, 46, 18, 99, 78, 61, 44, 7]],

[ 55, 65, 0,[ 44, 41, 36]],

[ 28, 65, 0,[ 24, 87, 77, 49]],

[ 29, 45, 0,[ 51, 93, 86, 54]],

[ 74, 65, 0,[ 5, 75, 24]],

[ 69, 95, 0,[ 6, 16, 26]],

[ 68, 95, 0,[ 85, 17, 97, 96, 1]],

[ 7, 45, 0,[ 36, 91, 72]],

[ 54, 65, 0,[ 5, 29, 66]],

[ 95, 65, 0,[ 48, 49, 96, 90]],

[ 33, 65, 0,[ 56, 44, 70]],

[ 63, 75, 1,[ 98, 57, 19, 13, 48]],

[ 13, 15, 0,[ 63, 90, 36]],

[ 34, 45, 0,[ 86, 87, 96, 45]],

[ 93, 45, 0,[ 29, 36, 12]],

[ 8, 45, 0,[ 12, 78, 9]],

[ 37, 75, 0,[ 49, 93, 10]],

[ 23, 55, 0,[ 5, 10, 94]],

[ 49, 75, 0,[ 96, 14, 82, 4, 37]],

[ 61, 95, 0,[ 42, 96, 73]],

[ 58, 55, 0,[ 67, 73, 80]],

[ 95, 75, 0,[ 98, 19, 59, 90, 43]],

[ 70, 5, 0,[ 50, 89, 24]],

[ 42, 25, 0,[ 61, 93, 8, 2]],

[ 82, 5, 0,[ 45, 49, 96, 56]],

[ 60, 95, 0,[ 7, 96, 86]],

[ 89, 5, 0,[ 70, 45, 86]],

[ 7, 45, 0,[ 93, 60, 24, 25]],

[ 52, 75, 0,[ 96, 44, 86]],

[ 48, 5, 0,[ 81, 4, 10, 93]],

[ 13, 75, 0,[ 74, 92, 93]],

[ 98, 35, 1,[ 96, 78, 43, 74, 95, 35, 47, 69, 17, 84, 53, 46]],

[ 24, 65, 1,[ 31, 7, 57, 70, 97, 78, 54, 33, 11, 34, 16, 83]],

[ 0, 25, 0,[ 96, 2]],

[ 44, 75, 0,[ 52, 80, 12]],

[ 63, 5, 0,[ 92, 86, 32]],

[ 51, 35, 0,[ 29, 35, 34]],

[ 83, 25, 0,[ 24, 1, 85]],

[ 64, 5, 0,[ 74, 73, 96]],

[ 92, 75, 0,[ 13, 63, 36, 73]],

[ 11, 95, 0,[ 24, 96, 75]],

[ 20, 25, 0,[ 36, 1, 96]],

[ 25, 95, 0,[ 7, 93, 72, 76]],

[ 40, 95, 0,[ 27, 73, 93]],

[ 10, 25, 1,[ 55, 34, 30, 48, 28, 54, 85, 76, 5, 19, 37, 23]],

[ 31, 45, 0,[ 65, 24, 93]],

[ 94, 95, 0,[ 87, 23, 65]],

[ 88, 75, 0,[ 15, 93, 96]],

[ 71, 75, 0,[ 86, 93, 43]],

[ 68, 75, 0,[ 93, 15, 30]],

[ 66, 5, 0,[ 67, 96]],

[ 5, 55, 0,[ 73, 14, 23, 10]],

[ 79, 55, 0,[ 80, 50, 99]],

[ 99, 55, 0,[ 29, 73, 79]],

[ 41, 75, 0,[ 93, 30, 91]],

[ 3, 75, 0,[ 80, 39, 96]],

[ 90, 85, 0,[ 95, 18, 73]],

[ 1, 25, 0,[ 83, 20, 96, 39]],

[ 77, 75, 0,[ 96, 43, 73]],

[ 65, 95, 0,[ 6, 31, 94, 87]],

[ 19, 75, 0,[ 95, 21, 10]],

[ 85, 25, 0,[ 93, 83, 10]],

[ 81, 5, 0,[ 67, 87, 48]],

[ 59, 75, 0,[ 33, 80, 95]],

[ 18, 5, 0,[ 50, 56, 90, 46]],

[ 2, 25, 0,[ 42, 35, 0, 69]],

[ 76, 25, 0,[ 57, 10, 25]],

[ 34, 35, 0,[ 10, 24, 51, 96, 22]],

[ 15, 75, 0,[ 68, 88, 62, 96, 93]],

[ 78, 85, 0,[ 24, 98, 75]],

[ 96, 55, 1,[ 52, 38, 82, 64, 77, 61, 20, 3, 49, 1, 11, 98, 15, 27, 0, 88, 60, 34, 66]],

[ 84, 75, 0,[ 98, 35, 47, 62]],

[ 26, 55, 0,[ 80, 93, 87]],

[ 74, 5, 0,[ 13, 98, 64]],

[ 97, 5, 0,[ 32, 43, 24]],

[ 29, 55, 0,[ 51, 14, 93, 99, 80, 72]],

[ 21, 85, 0,[ 73, 35, 19]],

[ 75, 85, 0,[ 11, 78, 87]],

[ 33, 75, 0,[ 39, 24, 59]],

[ 45, 5, 0,[ 82, 89, 86]],

[ 9, 5, 0,[ 17, 22, 55]],

[ 38, 75, 0,[ 53, 96, 35]],

[ 22, 35, 0,[ 34, 35, 9]],

[ 47, 65, 0,[ 35, 84, 98]],

[ 28, 35, 0,[ 10, 43, 87]],

[ 39, 75, 0,[ 1, 33, 3]],

[ 69, 25, 0,[ 87, 98, 80, 2]],

[ 36, 25, 0,[ 92, 20, 87, 57]],

[ 17, 65, 0,[ 98, 9, 93, 35, 32]],

[ 73, 15, 1,[ 46, 27, 99, 58, 64, 40, 92, 77, 5, 72, 90, 21, 16, 61]],

[ 53, 75, 0,[ 98, 38]],

[ 50, 5, 0,[ 79, 86, 91, 70, 18]],

[ 56, 5, 0,[ 18, 80, 82]],

[ 16, 95, 0,[ 24, 73, 87]],

[ 12, 75, 0,[ 44, 62, 93]],

[ 55, 5, 0,[ 6, 9, 10]],

[ 72, 95, 0,[ 86, 4, 73, 29, 25]],

[ 8, 25, 0,[ 42, 35, 57]],

[ 35, 25, 1,[ 8, 98, 2, 87, 21, 22, 47, 84, 51, 38, 17]],

[ 87, 5, 1,[ 36, 65, 94, 26, 16, 69, 75, 81, 28, 35]],

[ 30, 75, 0,[ 10, 41, 80, 68]],

[ 80, 35, 1,[ 3, 30, 29, 79, 44, 69, 58, 59, 56, 26]],

[ 57, 25, 0,[ 8, 76, 24, 36]],

[ 46, 5, 0,[ 18, 98, 73]],

[ 14, 75, 0,[ 29, 49, 5]],

[ 91, 5, 0,[ 41, 50]],

[ 67, 5, 0,[ 81, 58, 66, 86]],

[ 86, 65, 1,[ 71, 67, 52, 72, 50, 60, 89, 63, 45]],

[ 54, 45, 0,[ 10, 93, 24]],

[ 43, 75, 0,[ 97, 28, 98, 95, 71, 77]],

[ 6, 5, 0,[ 93, 65, 55]],

[ 4, 75, 0,[ 48, 72, 49]],

[ 93, 55, 1,[ 6, 85, 71, 42, 13, 40, 37, 88, 25, 12, 41, 17, 68, 26, 31, 54, 7, 15, 48, 29]],

[ 27, 95, 0,[ 73, 96, 40]],

[ 32, 5, 0,[ 17, 63, 97]],

[ 62, 75, 0,[ 84, 12, 15]],

