[ 38, 5, 0,[ 22, 78]],

[ 19, 55, 0,[ 62, 63]],

[ 91, 55, 0,[ 77, 10, 18, 63]],

[ 28, 65, 0,[ 29]],

[ 92, 5, 0,[ 4]],

[ 74, 55, 0,[ 16, 90, 64, 13]],

[ 67, 45, 0,[ 9, 63, 17]],

[ 18, 55, 0,[ 29, 10, 91, 7]],

[ 10, 55, 0,[ 75, 18, 91]],

[ 16, 55, 0,[ 0, 49, 74, 95]],

[ 42, 35, 0,[ 50, 82, 72]],

[ 85, 15, 1,[ 5, 40, 50]],

[ 68, 5, 0,[ 83, 52, 75]],

[ 60, 65, 0,[ 76, 13, 97, 63]],

[ 33, 5, 0,[ 96, 52, 45]],

[ 0, 55, 0,[ 90, 16]],

[ 58, 5, 0,[ 88, 84, 26]],

[ 97, 35, 1,[ 90, 77, 60]],

[ 82, 35, 0,[ 65, 42]],

[ 55, 5, 0,[ 93, 63, 41]],

[ 80, 35, 0,[ 45, 36, 52]],

[ 70, 65, 0,[ 36, 40, 66]],

[ 22, 5, 0,[ 3, 38, 51]],

[ 2, 45, 0,[ 53, 15]],

[ 84, 5, 0,[ 34, 58, 98]],

[ 83, 5, 1,[ 56, 73, 86, 4, 59, 93, 68, 95]],

[ 94, 65, 0,[ 73, 86, 29]],

[ 32, 75, 0,[ 8, 37, 26]],

[ 96, 5, 0,[ 87, 95, 66, 33]],

[ 31, 65, 0,[ 65, 59, 12, 34]],

[ 51, 5, 0,[ 22, 45]],

[ 7, 55, 0,[ 34, 18, 88]],

[ 90, 55, 1,[ 0, 74, 97, 62, 47]],

[ 26, 5, 0,[ 77, 58, 32, 20]],

[ 88, 5, 0,[ 7, 58, 41]],

[ 43, 45, 0,[ 72]],

[ 75, 65, 0,[ 10, 68, 81]],

[ 35, 35, 0,[ 5, 17, 61, 87]],

[ 27, 45, 0,[ 72, 73]],

[ 3, 5, 0,[ 15, 22]],

[ 53, 15, 0,[ 61, 21, 2, 98, 37]],

[ 17, 45, 0,[ 5, 35, 67]],

[ 15, 45, 0,[ 2, 3, 1]],

[ 57, 5, 0,[ 79, 39, 49]],

[ 29, 65, 0,[ 28, 18, 36, 94]],

[ 69, 5, 0,[ 99, 45]],

[ 49, 5, 0,[ 79, 57, 16]],

[ 79, 15, 0,[ 71, 23, 20, 57, 49]],

[ 59, 75, 1,[ 87, 31, 21, 83]],

[ 99, 45, 1,[ 1, 25, 62, 69, 71]],

[ 1, 15, 0,[ 15, 30, 93, 99, 14]],

[ 23, 15, 0,[ 5, 21, 79]],

[ 12, 65, 0,[ 37, 54, 31]],

[ 98, 15, 0,[ 53, 84]],

[ 6, 65, 0,[ 81, 24]],

[ 30, 15, 0,[ 9, 25, 1]],

[ 93, 5, 0,[ 55, 1, 83]],

[ 44, 65, 0,[ 81]],

[ 54, 5, 0,[ 12, 76, 8]],

[ 48, 15, 0,[ 20, 78, 11]],

[ 87, 75, 0,[ 96, 59, 35]],

[ 21, 15, 0,[ 23, 53, 59]],

[ 45, 5, 0,[ 69, 51, 80, 11, 33]],

[ 5, 15, 0,[ 17, 35, 23, 85]],

[ 50, 15, 0,[ 85, 42]],

[ 36, 65, 0,[ 29, 80, 70]],

[ 64, 55, 0,[ 61, 20, 74]],

[ 63, 65, 0,[ 67, 91, 55, 19, 60]],

[ 13, 65, 0,[ 60, 74]],

[ 65, 65, 0,[ 31, 82]],

[ 76, 5, 0,[ 60, 39, 54]],

[ 41, 5, 0,[ 24, 55, 88]],

[ 77, 55, 0,[ 14, 97, 26, 91]],

[ 14, 55, 0,[ 77, 1]],

[ 66, 55, 0,[ 70, 96, 62]],

[ 11, 35, 0,[ 48, 45, 46]],

[ 37, 15, 0,[ 32, 12, 53]],

[ 56, 65, 1,[ 47, 89, 83]],

[ 81, 65, 0,[ 44, 75, 6]],

[ 40, 45, 1,[ 85, 86, 70]],

[ 8, 75, 0,[ 54, 32, 89]],

[ 86, 35, 1,[ 40, 94, 25, 83]],

[ 61, 35, 0,[ 35, 53, 64]],

[ 72, 45, 0,[ 27, 43, 42]],

[ 39, 5, 0,[ 57, 76, 71]],

[ 34, 55, 0,[ 7, 31, 84]],

[ 20, 15, 0,[ 48, 79, 26, 64]],

[ 73, 5, 0,[ 83, 27, 94]],

[ 71, 15, 0,[ 99, 79, 39]],

[ 52, 35, 0,[ 33, 68, 80]],

[ 25, 35, 0,[ 86, 99, 30]],

[ 9, 35, 0,[ 30, 67, 46]],

[ 78, 5, 0,[ 38, 48]],

[ 62, 55, 1,[ 19, 90, 99, 66]],

[ 4, 5, 0,[ 83, 92]],

[ 95, 5, 0,[ 16, 83, 96]],

[ 89, 75, 0,[ 56, 8]],

[ 46, 35, 0,[ 9, 11]],

[ 47, 55, 0,[ 56, 90]],

[ 24, 5, 0,[ 41, 6]],

