[ 17, 35, 1,[ 10, 99, 80, 40]],

[ 47, 85, 0,[ 82, 26, 53, 37]],

[ 88, 25, 1,[ 89, 60, 54, 49, 75]],

[ 58, 25, 1,[ 45, 33, 46]],

[ 95, 85, 0,[ 89, 0, 94, 34]],

[ 11, 5, 0,[ 63, 20, 77]],

[ 31, 25, 0,[ 59, 5, 73]],

[ 34, 65, 0,[ 48, 95, 80]],

[ 38, 25, 0,[ 79, 3]],

[ 72, 95, 0,[ 36, 26, 70, 18]],

[ 54, 25, 0,[ 88, 0]],

[ 55, 25, 0,[ 41, 67]],

[ 28, 85, 0,[ 23]],

[ 61, 45, 0,[ 43, 91, 78]],

[ 30, 85, 1,[ 65, 67, 64, 8]],

[ 20, 75, 1,[ 11, 25, 33, 29, 18]],

[ 57, 85, 0,[ 83, 22, 66]],

[ 18, 45, 1,[ 29, 92, 72, 20]],

[ 0, 85, 1,[ 54, 77, 98, 95]],

[ 16, 15, 0,[ 97]],

[ 96, 45, 1,[ 75, 51, 86, 3]],

[ 48, 25, 0,[ 34, 73, 52]],

[ 7, 85, 0,[ 82, 97, 26]],

[ 2, 95, 0,[ 19, 63, 56]],

[ 98, 85, 0,[ 76, 35, 0]],

[ 66, 15, 1,[ 52, 32, 57]],

[ 41, 25, 0,[ 55, 92, 50]],

[ 65, 45, 1,[ 30, 32, 4]],

[ 90, 55, 1,[ 22, 40, 64, 27, 25]],

[ 52, 5, 0,[ 66, 48, 14, 77]],

[ 64, 55, 0,[ 30, 90]],

[ 68, 75, 1,[ 71, 21, 44]],

[ 9, 15, 0,[ 8, 42, 29]],

[ 10, 45, 1,[ 17, 42, 27]],

[ 27, 95, 1,[ 10, 90, 91]],

[ 51, 95, 1,[ 43, 62, 96, 39, 8]],

[ 45, 25, 1,[ 24, 80, 58, 13]],

[ 60, 85, 1,[ 40, 92, 88]],

[ 83, 85, 0,[ 93, 8, 57]],

[ 44, 85, 0,[ 37, 87, 68]],

[ 26, 75, 1,[ 47, 73, 7, 72]],

[ 5, 75, 1,[ 22, 31, 85, 40, 77]],

[ 37, 85, 0,[ 47, 44]],

[ 85, 35, 0,[ 29, 5, 1]],

[ 1, 35, 1,[ 43, 85, 63, 62]],

[ 46, 75, 1,[ 58, 53, 49]],

[ 73, 25, 0,[ 31, 26, 48]],

[ 13, 5, 0,[ 45, 99, 12]],

[ 8, 15, 1,[ 9, 83, 30, 51, 86, 32]],

[ 24, 25, 0,[ 45, 42, 93]],

[ 63, 25, 1,[ 2, 1, 69, 11]],

[ 75, 75, 1,[ 88, 50, 96, 91]],

[ 50, 75, 0,[ 75, 41, 78]],

[ 84, 45, 0,[ 76, 71, 78]],

[ 53, 85, 0,[ 94, 47, 46]],

[ 32, 65, 1,[ 66, 8, 22, 65]],

[ 82, 85, 0,[ 62, 94, 79, 47, 7]],

[ 77, 5, 1,[ 52, 0, 11, 3, 5]],

[ 81, 85, 0,[ 12, 23]],

[ 36, 65, 0,[ 29, 40, 72]],

[ 86, 45, 1,[ 35, 8, 96]],

[ 33, 55, 1,[ 58, 20, 69]],

[ 12, 75, 1,[ 99, 81, 13]],

[ 76, 45, 0,[ 84, 98]],

[ 19, 95, 1,[ 59, 94, 2]],

[ 67, 95, 1,[ 55, 30, 22]],

[ 59, 85, 0,[ 31, 93, 19]],

[ 49, 45, 1,[ 6, 88, 46]],

[ 78, 45, 0,[ 50, 61, 84]],

[ 89, 25, 0,[ 88, 95, 14]],

[ 14, 45, 1,[ 52, 69, 89]],

[ 97, 15, 0,[ 7, 70, 29, 16]],

[ 3, 75, 1,[ 96, 39, 77, 6, 38]],

[ 93, 85, 1,[ 59, 83, 69, 24]],

[ 23, 85, 0,[ 28, 81, 87]],

[ 80, 65, 1,[ 17, 34, 45]],

[ 92, 95, 1,[ 41, 18, 91, 60]],

[ 62, 95, 0,[ 1, 51, 82]],

[ 35, 65, 0,[ 40, 98, 86]],

[ 70, 95, 1,[ 39, 22, 72, 97]],

[ 94, 95, 1,[ 95, 53, 19, 82]],

[ 6, 45, 0,[ 49, 3]],

[ 79, 25, 1,[ 38, 4, 82]],

[ 56, 15, 0,[ 99, 2, 29]],

[ 39, 95, 1,[ 3, 51, 70]],

[ 87, 85, 0,[ 23, 44, 99, 21]],

[ 29, 15, 1,[ 97, 9, 56, 20, 85, 18, 36]],

[ 71, 45, 0,[ 84, 68, 15]],

[ 91, 85, 1,[ 27, 92, 75, 61]],

[ 21, 5, 1,[ 74, 68, 87]],

[ 22, 25, 1,[ 90, 57, 5, 70, 32, 67]],

[ 42, 25, 1,[ 24, 9, 10]],

[ 99, 5, 1,[ 56, 87, 13, 17, 12]],

[ 40, 65, 1,[ 60, 36, 5, 15, 90, 35, 17]],

[ 43, 35, 0,[ 1, 51, 61]],

[ 74, 5, 0,[ 21, 4]],

[ 69, 15, 1,[ 63, 33, 93, 14]],

[ 15, 65, 0,[ 40, 71, 25]],

[ 4, 45, 1,[ 79, 65, 74]],

[ 25, 75, 0,[ 90, 15, 20]],

