[ 73, 45, 1,[ 62, 52, 49]],

[ 14, 15, 0,[ 64, 62, 89]],

[ 84, 55, 1,[ 4, 26, 71]],

[ 85, 25, 1,[ 88, 11, 29]],

[ 3, 25, 0,[ 92, 79, 37]],

[ 50, 35, 0,[ 81, 32, 97]],

[ 39, 85, 0,[ 18, 5, 70, 89, 41]],

[ 74, 95, 0,[ 24, 44, 70]],

[ 79, 25, 1,[ 70, 33, 43, 3]],

[ 56, 45, 0,[ 11, 69]],

[ 16, 85, 1,[ 30, 76, 40, 34, 26, 15]],

[ 86, 85, 0,[ 5, 97]],

[ 15, 55, 1,[ 16, 62, 36, 49, 90]],

[ 46, 65, 1,[ 22, 57, 27]],

[ 12, 45, 1,[ 31, 59, 23, 32, 83]],

[ 34, 85, 0,[ 78, 13, 16]],

[ 2, 45, 0,[ 81, 9, 68]],

[ 61, 15, 1,[ 57, 47, 69, 96]],

[ 19, 45, 0,[ 27, 45, 87]],

[ 77, 65, 1,[ 58, 43, 17]],

[ 83, 85, 0,[ 12, 40]],

[ 5, 85, 0,[ 95, 86, 39]],

[ 22, 65, 0,[ 76, 46, 68, 25]],

[ 28, 35, 1,[ 7, 54]],

[ 92, 85, 1,[ 72, 3, 47, 66]],

[ 80, 35, 0,[ 53, 47, 93]],

[ 70, 85, 1,[ 79, 39, 55, 27, 74, 45]],

[ 55, 25, 1,[ 51, 36, 70]],

[ 4, 35, 1,[ 30, 84, 43]],

[ 72, 75, 1,[ 93, 87, 89, 11, 92]],

[ 42, 5, 1,[ 90, 11, 45]],

[ 37, 95, 1,[ 63, 8, 93, 3]],

[ 89, 5, 1,[ 54, 60, 72, 14, 39]],

[ 65, 65, 0,[ 21, 30, 48]],

[ 27, 25, 1,[ 70, 24, 51, 46, 19, 90]],

[ 81, 35, 1,[ 50, 64, 2]],

[ 1, 5, 0,[ 69, 82, 20]],

[ 24, 25, 1,[ 74, 25, 82, 99, 27]],

[ 13, 25, 0,[ 34, 35, 25]],

[ 47, 35, 1,[ 61, 92, 63, 6, 80]],

[ 29, 35, 0,[ 85, 6]],

[ 49, 55, 0,[ 73, 45, 15]],

[ 87, 45, 0,[ 93, 19, 72]],

[ 9, 45, 0,[ 53, 64, 2]],

[ 36, 55, 0,[ 63, 55, 8, 15, 71]],

[ 63, 75, 1,[ 37, 68, 36, 47]],

[ 90, 55, 0,[ 42, 15, 27]],

[ 32, 35, 0,[ 64, 50, 12]],

[ 53, 35, 0,[ 9, 10, 80]],

[ 91, 95, 0,[ 99, 44]],

[ 69, 15, 0,[ 1, 56, 61]],

[ 7, 45, 1,[ 28, 99, 64]],

[ 52, 35, 0,[ 17, 94, 73]],

[ 45, 95, 1,[ 70, 42, 49, 19]],

[ 41, 5, 1,[ 39, 66, 71]],

[ 66, 15, 1,[ 41, 11, 92, 54]],

[ 78, 75, 0,[ 60, 35, 34, 67]],

[ 26, 25, 1,[ 84, 95, 16, 58]],

[ 48, 65, 0,[ 62, 21, 65]],

[ 21, 65, 1,[ 48, 33, 65, 38]],

[ 94, 25, 0,[ 52, 30, 71]],

[ 71, 55, 0,[ 36, 94, 97, 84, 41]],

[ 0, 65, 1,[ 54, 98, 33]],

[ 43, 35, 1,[ 77, 4, 79, 67, 99]],

[ 93, 5, 1,[ 37, 87, 72, 80]],

[ 17, 35, 0,[ 52, 77]],

[ 40, 85, 0,[ 10, 83, 16]],

[ 8, 55, 0,[ 37, 36]],

[ 54, 15, 0,[ 66, 28, 0, 89]],

[ 59, 45, 1,[ 38, 95, 12]],

[ 44, 95, 0,[ 74, 91, 64]],

[ 67, 5, 1,[ 78, 43, 88]],

[ 95, 25, 0,[ 5, 26, 59]],

[ 31, 85, 1,[ 57, 96, 12]],

[ 97, 35, 0,[ 86, 50, 71]],

[ 99, 95, 1,[ 7, 91, 43, 24]],

[ 51, 95, 1,[ 88, 27, 55]],

[ 33, 55, 1,[ 79, 0, 21, 25]],

[ 96, 85, 1,[ 75, 61, 31, 38, 20]],

[ 76, 85, 0,[ 16, 22, 35]],

[ 98, 35, 0,[ 18, 88, 0]],

[ 60, 35, 0,[ 88, 89, 78]],

[ 68, 75, 0,[ 22, 2, 63]],

[ 57, 55, 1,[ 75, 25, 61, 46, 31]],

[ 88, 35, 1,[ 67, 51, 98, 60, 85]],

[ 25, 25, 1,[ 13, 57, 22, 24, 33]],

[ 18, 85, 0,[ 39, 98]],

[ 75, 85, 0,[ 11, 57, 96]],

[ 20, 5, 0,[ 1, 96]],

[ 11, 45, 1,[ 42, 56, 72, 85, 75, 66]],

[ 82, 5, 1,[ 1, 24]],

[ 23, 45, 0,[ 12, 30]],

[ 64, 95, 1,[ 9, 32, 81, 44, 7, 14]],

[ 10, 35, 1,[ 62, 53, 58, 40]],

[ 35, 75, 1,[ 78, 76, 13, 6]],

[ 30, 25, 1,[ 16, 94, 65, 4, 23]],

[ 62, 15, 1,[ 48, 73, 14, 10, 15]],

[ 38, 65, 0,[ 21, 96, 59]],

[ 6, 35, 0,[ 35, 47, 29]],

[ 58, 35, 0,[ 10, 26, 77]],

