[ 82, 35, 0,[ 57, 73, 51, 83, 97, 80, 31, 27]],

[ 35, 35, 0,[ 11, 80, 10]],

[ 21, 35, 0,[ 72, 20, 16, 46]],

[ 60, 35, 0,[ 78]],

[ 84, 35, 0,[ 12, 65, 6]],

[ 17, 35, 0,[ 65, 16, 23, 9]],

[ 81, 35, 1,[ 32, 38, 77, 18, 13, 48, 46]],

[ 70, 35, 0,[ 39, 69, 47, 6, 68]],

[ 98, 35, 0,[ 9, 96]],

[ 39, 35, 0,[ 70, 38, 33, 54]],

[ 3, 35, 1,[ 26, 77, 64, 24]],

[ 72, 35, 0,[ 79, 67, 14, 21]],

[ 9, 35, 0,[ 1, 17, 98, 6, 11]],

[ 73, 35, 0,[ 74, 82, 23]],

[ 12, 35, 0,[ 19, 84, 78]],

[ 66, 35, 0,[ 1]],

[ 36, 35, 0,[ 99, 94, 22]],

[ 64, 35, 0,[ 46, 3]],

[ 1, 35, 0,[ 9, 86, 66, 0]],

[ 90, 35, 0,[ 89, 76, 19, 56]],

[ 80, 35, 0,[ 35, 82, 4, 15]],

[ 88, 35, 0,[ 87, 57, 85]],

[ 53, 35, 0,[ 58, 65, 92]],

[ 85, 35, 0,[ 88]],

[ 41, 35, 0,[ 42, 76, 18]],

[ 2, 35, 0,[ 68, 40, 15]],

[ 37, 35, 0,[ 74]],

[ 42, 35, 0,[ 26, 68, 41]],

[ 92, 35, 0,[ 49, 53, 24]],

[ 58, 35, 0,[ 16, 53]],

[ 50, 35, 0,[ 48, 49, 38]],

[ 87, 35, 0,[ 88, 26, 47]],

[ 15, 5, 1,[ 91, 80, 99, 13, 28, 62, 45, 2]],

[ 65, 35, 1,[ 14, 67, 84, 52, 86, 53, 17, 91, 94]],

[ 13, 35, 0,[ 14, 15, 81, 27, 33]],

[ 52, 35, 0,[ 51, 93, 65]],

[ 44, 35, 0,[ 26, 59]],

[ 28, 35, 0,[ 15, 4, 45]],

[ 57, 95, 1,[ 51, 5, 20, 82, 88, 43, 79]],

[ 45, 35, 0,[ 28, 46, 93, 15]],

[ 99, 35, 0,[ 15, 93, 36, 63]],

[ 5, 35, 0,[ 4, 57, 75, 89]],

[ 22, 35, 0,[ 24, 36, 94]],

[ 16, 35, 0,[ 20, 17, 58, 21]],

[ 61, 35, 0,[ 96, 59]],

[ 79, 35, 0,[ 26, 72, 57]],

[ 7, 35, 0,[ 29, 77, 71]],

[ 97, 35, 0,[ 95, 25, 82]],

[ 29, 35, 0,[ 30, 63, 7]],

[ 14, 35, 0,[ 72, 65, 13]],

[ 8, 15, 1,[ 68, 46, 75, 43]],

[ 94, 35, 0,[ 95, 36, 55, 65, 26, 22]],

[ 89, 35, 0,[ 26, 90, 23, 5]],

[ 10, 35, 0,[ 86, 35, 11]],

[ 38, 35, 0,[ 81, 50, 39]],

[ 31, 35, 0,[ 82, 32, 30, 24]],

[ 69, 35, 0,[ 70, 83, 46]],

[ 93, 35, 0,[ 45, 52, 99, 95]],

[ 77, 35, 0,[ 7, 3, 81]],

[ 6, 35, 0,[ 25, 63, 84, 9, 70]],

[ 71, 35, 0,[ 7, 46, 25, 49]],

[ 43, 35, 0,[ 8, 57]],

[ 62, 35, 0,[ 34, 54, 15]],

[ 0, 35, 0,[ 33, 56, 1]],

[ 51, 35, 0,[ 40, 82, 57, 52]],

[ 23, 35, 0,[ 73, 17, 89]],

[ 25, 35, 1,[ 27, 26, 6, 71, 24, 97]],

[ 95, 35, 0,[ 93, 97, 94]],

[ 86, 35, 0,[ 65, 10, 1]],

[ 68, 35, 0,[ 42, 8, 70, 2]],

[ 40, 35, 0,[ 2, 51]],

[ 27, 35, 0,[ 13, 82, 25]],

[ 54, 35, 0,[ 55, 18, 39, 62]],

[ 78, 35, 0,[ 91, 12, 60]],

[ 59, 35, 0,[ 44, 47, 61]],

[ 11, 35, 0,[ 75, 10, 35, 9]],

[ 74, 35, 0,[ 83, 37, 73]],

[ 33, 35, 0,[ 0, 13, 34, 39]],

[ 30, 35, 0,[ 29, 31]],

[ 75, 35, 0,[ 8, 11, 5]],

[ 67, 35, 0,[ 46, 72, 65]],

[ 18, 35, 0,[ 41, 81, 54]],

[ 48, 35, 0,[ 81, 56, 50]],

[ 19, 35, 0,[ 26, 90, 12]],

[ 83, 35, 0,[ 69, 24, 74, 82]],

[ 34, 35, 0,[ 33, 62, 46]],

[ 76, 35, 0,[ 90, 32, 41]],

[ 91, 35, 0,[ 78, 65, 15]],

[ 26, 35, 1,[ 3, 19, 42, 89, 94, 25, 24, 79, 44, 55, 87]],

[ 32, 35, 0,[ 81, 76, 31]],

[ 96, 35, 0,[ 98, 61, 20]],

[ 46, 5, 1,[ 67, 71, 69, 21, 81, 64, 8, 45, 34]],

[ 4, 35, 0,[ 28, 80, 5]],

[ 20, 35, 0,[ 16, 57, 96, 21]],

[ 56, 35, 0,[ 48, 0, 90]],

[ 24, 35, 1,[ 31, 25, 92, 83, 3, 26, 22]],

[ 55, 35, 0,[ 94, 26, 54]],

[ 63, 35, 0,[ 99, 6, 29]],

[ 49, 35, 0,[ 50, 92, 71]],

[ 47, 35, 0,[ 59, 87, 70]],

[ 15, 75, 1,[ 54, 55, 72, 10, 14, 91]],

[ 17, 25, 0,[ 9, 10, 46, 19]],

[ 2, 25, 0,[ 78, 3, 1, 98]],

[ 73, 25, 0,[ 7, 98, 35]],

[ 36, 25, 0,[ 37, 87, 1, 76, 38]],

[ 31, 25, 0,[ 51, 52, 49, 33]],

[ 4, 25, 0,[ 48, 14, 6, 83, 41]],

[ 32, 25, 0,[ 30, 40, 34]],

[ 94, 25, 0,[ 61, 96, 93]],

[ 50, 25, 0,[ 28, 51, 18]],

[ 62, 25, 0,[ 63, 64, 89, 30]],

[ 92, 25, 0,[ 51, 90, 46, 37]],

[ 81, 25, 0,[ 60, 74, 80]],

[ 75, 25, 0,[ 97, 22, 89]],

[ 68, 15, 1,[ 13, 35, 23, 57]],

[ 12, 25, 0,[ 52, 14]],

[ 11, 25, 0,[ 13, 61, 89]],

[ 35, 25, 0,[ 73, 18, 68]],

[ 86, 25, 0,[ 87, 84, 88]],

[ 80, 25, 0,[ 29, 93, 81]],

[ 82, 25, 0,[ 29, 14, 22, 6]],

[ 7, 25, 0,[ 55, 73, 72]],

[ 91, 25, 0,[ 41, 15]],

[ 6, 25, 0,[ 82, 65, 0, 4]],

[ 63, 25, 0,[ 45, 18, 62]],

[ 90, 25, 0,[ 97, 59, 92, 88]],

[ 20, 25, 0,[ 22, 23, 37]],

[ 3, 25, 0,[ 1, 59, 2]],

[ 24, 25, 0,[ 22, 67, 95]],

[ 87, 25, 0,[ 36, 52, 85, 97, 86]],

[ 70, 25, 0,[ 43, 76, 71]],

[ 49, 25, 0,[ 31, 18, 51]],

[ 97, 25, 1,[ 84, 87, 75, 53, 61, 74, 90, 5, 1, 42]],

[ 9, 25, 0,[ 8, 0, 10, 17]],

[ 0, 25, 0,[ 9, 85, 89, 6, 72]],

[ 26, 25, 0,[ 95, 71, 27]],

[ 55, 25, 0,[ 7, 15, 52, 56]],

[ 48, 25, 0,[ 8, 47, 4]],

[ 57, 25, 0,[ 47, 68, 44]],

[ 39, 25, 0,[ 72, 38]],

[ 10, 25, 0,[ 67, 15, 99, 17, 9]],

[ 56, 25, 0,[ 55, 67, 89]],

[ 22, 25, 0,[ 24, 75, 82, 20]],

[ 45, 25, 0,[ 63, 46, 60]],

[ 37, 25, 0,[ 36, 54, 20, 92]],

[ 25, 25, 0,[ 67, 23, 1]],

[ 47, 25, 0,[ 52, 48, 57]],

[ 61, 25, 0,[ 67, 11, 97, 94]],

[ 44, 25, 0,[ 43, 42, 57, 40]],

[ 85, 25, 0,[ 87, 0, 93]],

[ 19, 25, 0,[ 89, 17, 18]],

[ 67, 25, 1,[ 25, 69, 56, 61, 10, 65, 24, 54]],

[ 40, 25, 0,[ 44, 38, 32]],

[ 98, 25, 0,[ 73, 2, 74]],

[ 84, 25, 0,[ 77, 97, 86]],

[ 96, 25, 0,[ 94, 46]],

[ 46, 85, 1,[ 99, 96, 17, 28, 83, 34, 92, 76, 88, 66, 45]],

[ 99, 25, 0,[ 10, 60, 46]],

[ 58, 25, 0,[ 60, 83, 34]],

[ 74, 25, 0,[ 81, 98, 97]],

[ 5, 25, 0,[ 78, 1, 97]],

[ 16, 25, 0,[ 33, 89, 51]],

[ 79, 25, 0,[ 95, 77, 78]],

[ 52, 75, 1,[ 55, 53, 87, 31, 47, 72, 12, 27]],

[ 27, 25, 0,[ 26, 89, 52]],

[ 41, 25, 0,[ 78, 4, 30, 91]],

[ 95, 25, 0,[ 79, 65, 26, 24]],

[ 71, 25, 0,[ 78, 26, 70]],

[ 28, 25, 0,[ 46, 21, 50]],

[ 66, 25, 0,[ 33, 46]],

[ 14, 25, 0,[ 12, 15, 82, 4]],

[ 30, 25, 0,[ 32, 62, 41]],

[ 34, 25, 0,[ 32, 58, 46, 29]],

[ 88, 25, 0,[ 90, 86, 46]],

[ 33, 25, 0,[ 16, 66, 31]],

[ 65, 25, 0,[ 67, 6, 95]],

[ 18, 25, 0,[ 19, 50, 35, 63, 49]],

[ 54, 25, 0,[ 37, 15, 67]],

[ 29, 25, 0,[ 34, 59, 80, 82]],

[ 42, 25, 0,[ 97, 44, 60]],

[ 64, 25, 0,[ 1, 62, 89]],

[ 76, 25, 0,[ 36, 46, 70]],

[ 59, 25, 0,[ 3, 29, 90]],

[ 51, 25, 0,[ 49, 16, 92, 8, 31, 50]],

[ 43, 25, 0,[ 70, 44, 77]],

[ 8, 25, 0,[ 9, 51, 48]],

[ 69, 25, 0,[ 67, 78]],

[ 78, 25, 1,[ 69, 79, 2, 41, 5, 71]],

[ 21, 25, 0,[ 23, 28]],

[ 1, 45, 1,[ 5, 25, 2, 64, 3, 36, 97]],

[ 83, 25, 0,[ 4, 46, 58]],

[ 93, 25, 0,[ 85, 94, 80]],

[ 23, 25, 0,[ 21, 25, 20, 68]],

[ 72, 25, 0,[ 15, 39, 0, 52, 7]],

[ 38, 25, 0,[ 39, 40, 36]],

[ 60, 25, 1,[ 13, 99, 42, 45, 81, 58]],

[ 13, 25, 0,[ 11, 68, 60]],

[ 89, 25, 1,[ 75, 62, 19, 64, 0, 16, 11, 27, 56]],

[ 53, 25, 0,[ 97, 52]],

[ 77, 25, 0,[ 79, 43, 84]],

