[ 60, 95, 1,[ 47, 32, 79, 8, 15]],

[ 67, 75, 0,[ 72, 99, 6]],

[ 86, 65, 0,[ 96, 64]],

[ 30, 45, 1,[ 77, 14, 73]],

[ 85, 95, 1,[ 95, 80, 82, 70, 41]],

[ 75, 5, 1,[ 90, 69, 44, 97]],

[ 10, 25, 0,[ 81, 48]],

[ 40, 95, 1,[ 13, 94, 50, 3, 27]],

[ 65, 65, 1,[ 25, 98, 2]],

[ 82, 55, 0,[ 92, 14, 85]],

[ 94, 75, 1,[ 54, 17, 40, 0]],

[ 87, 65, 0,[ 13, 73, 50]],

[ 44, 35, 1,[ 61, 5, 75]],

[ 80, 95, 0,[ 85, 45, 42]],

[ 11, 75, 1,[ 35, 69, 66]],

[ 49, 65, 0,[ 19, 93, 26, 56]],

[ 8, 5, 1,[ 60, 55, 69]],

[ 63, 65, 0,[ 45, 43, 74]],

[ 5, 35, 1,[ 84, 22, 44, 17, 4]],

[ 47, 65, 1,[ 52, 60, 19, 9, 81]],

[ 59, 35, 0,[ 24, 46, 61]],

[ 32, 95, 0,[ 48, 60]],

[ 0, 75, 0,[ 25, 94]],

[ 50, 65, 0,[ 87, 40]],

[ 14, 65, 0,[ 30, 82, 1]],

[ 68, 35, 0,[ 84]],

[ 41, 65, 0,[ 85, 57, 89]],

[ 79, 95, 0,[ 58, 76, 60, 26]],

[ 62, 65, 0,[ 51, 56, 99]],

[ 37, 35, 0,[ 76, 20, 72]],

[ 28, 95, 1,[ 98, 36, 46, 77]],

[ 6, 75, 1,[ 92, 12, 72, 83, 67]],

[ 98, 95, 0,[ 28, 99, 65]],

[ 4, 95, 1,[ 90, 5, 55, 89]],

[ 83, 5, 1,[ 6, 35, 93]],

[ 93, 65, 0,[ 83, 49]],

[ 39, 65, 1,[ 69, 97, 66]],

[ 84, 35, 1,[ 76, 5, 68]],

[ 21, 55, 0,[ 16, 48, 45, 23, 13]],

[ 16, 35, 1,[ 21, 64, 99, 13]],

[ 25, 85, 1,[ 57, 65, 0, 42, 88]],

[ 96, 65, 0,[ 86, 64, 9]],

[ 92, 55, 1,[ 2, 23, 6, 82]],

[ 56, 65, 0,[ 52, 62, 49]],

[ 61, 35, 1,[ 3, 22, 97, 88, 44, 59, 18]],

[ 42, 35, 1,[ 26, 25, 80]],

[ 77, 95, 0,[ 28, 30, 54]],

[ 1, 65, 0,[ 78, 38, 14]],

[ 29, 5, 1,[ 52, 97, 18]],

[ 66, 65, 0,[ 22, 39, 70, 11]],

[ 72, 5, 1,[ 34, 6, 37, 67]],

[ 9, 5, 1,[ 96, 33, 47]],

[ 69, 45, 1,[ 39, 8, 75, 70, 3, 11]],

[ 52, 65, 0,[ 54, 56, 47, 29]],

[ 18, 35, 0,[ 89, 29, 61]],

[ 95, 95, 0,[ 85, 90, 36]],

[ 88, 85, 0,[ 25, 74, 61]],

[ 53, 65, 0,[ 31]],

[ 7, 65, 1,[ 27, 91, 99]],

[ 43, 55, 1,[ 57, 63, 13]],

[ 73, 95, 1,[ 30, 17, 87]],

[ 81, 65, 0,[ 47, 2, 10]],

[ 57, 65, 0,[ 41, 25, 43]],

[ 51, 85, 0,[ 99, 62, 55]],

[ 22, 65, 1,[ 61, 12, 5, 66]],

[ 19, 65, 0,[ 49, 47, 12]],

[ 70, 5, 1,[ 69, 66, 85, 3]],

[ 36, 5, 1,[ 35, 27, 95, 28]],

[ 38, 65, 0,[ 1, 46, 78]],

[ 58, 35, 0,[ 79, 20, 55]],

[ 23, 85, 1,[ 64, 92, 21]],

[ 31, 95, 0,[ 53]],

[ 99, 55, 1,[ 16, 98, 51, 7, 62, 67]],

[ 89, 65, 1,[ 4, 41, 18]],

[ 13, 55, 1,[ 16, 21, 43, 87, 40]],

[ 76, 75, 1,[ 79, 84, 37]],

[ 97, 55, 1,[ 29, 61, 39, 75]],

[ 45, 65, 0,[ 80, 63, 21]],

[ 27, 95, 0,[ 36, 7, 40]],

[ 17, 95, 0,[ 94, 73, 5]],

[ 34, 5, 1,[ 20, 72, 33, 78]],

[ 91, 65, 0,[ 7]],

[ 35, 15, 1,[ 83, 11, 64, 36]],

[ 54, 95, 0,[ 94, 77, 52]],

[ 33, 75, 1,[ 9, 15, 34]],

[ 2, 5, 1,[ 81, 65, 92]],

[ 46, 95, 0,[ 59, 28, 38]],

[ 78, 65, 0,[ 38, 34, 1]],

[ 71, 65, 0,[]],

[ 90, 35, 1,[ 4, 75, 95]],

[ 48, 25, 1,[ 10, 32, 21]],

[ 15, 95, 0,[ 60, 64, 33]],

[ 64, 65, 1,[ 86, 23, 15, 35, 16, 96]],

[ 20, 35, 1,[ 34, 37, 58]],

[ 12, 15, 1,[ 6, 19, 22]],

[ 74, 65, 0,[ 88, 63, 24]],

[ 3, 65, 1,[ 69, 40, 70, 61]],

[ 26, 65, 0,[ 79, 42, 49]],

[ 55, 85, 1,[ 51, 4, 8, 58]],

[ 24, 65, 0,[ 59, 74]],

