[ 63, 75, 0,[ 35, 93, 87, 43]],

[ 96, 75, 0,[ 4, 70]],

[ 94, 35, 0,[ 76, 38, 71]],

[ 93, 25, 0,[ 39, 58, 63]],

[ 12, 45, 0,[ 86, 79, 45]],

[ 70, 75, 0,[ 96, 77]],

[ 16, 55, 0,[ 89, 64, 87]],

[ 31, 5, 0,[ 6, 17, 46]],

[ 42, 35, 0,[ 7, 50]],

[ 51, 75, 0,[ 59, 66, 76]],

[ 19, 45, 0,[ 79, 34, 80]],

[ 60, 55, 0,[ 55, 81, 1]],

[ 46, 5, 1,[ 49, 90, 31, 68, 11, 83, 82]],

[ 43, 75, 0,[ 2, 63, 40]],

[ 10, 55, 0,[ 33, 50, 82, 55]],

[ 99, 75, 0,[ 54, 65, 28]],

[ 82, 5, 0,[ 41, 74, 46, 10]],

[ 77, 75, 0,[ 32, 70, 87]],

[ 26, 55, 1,[ 57, 56, 11]],

[ 72, 75, 0,[ 55, 36, 37]],

[ 53, 5, 0,[]],

[ 95, 35, 0,[ 0, 71, 59]],

[ 36, 75, 0,[ 72, 80, 78]],

[ 3, 75, 0,[ 1, 91]],

[ 40, 75, 0,[ 43, 85]],

[ 1, 75, 0,[ 15, 3, 60]],

[ 52, 75, 0,[ 49]],

[ 34, 45, 0,[ 19, 79, 97]],

[ 8, 45, 0,[ 74, 9, 73]],

[ 68, 5, 1,[ 0, 47, 9, 46]],

[ 29, 35, 0,[ 41, 50, 9]],

[ 66, 45, 0,[ 0, 86, 6, 51]],

[ 62, 75, 0,[ 25, 38, 61]],

[ 58, 25, 0,[ 93, 81]],

[ 59, 75, 0,[ 51, 44, 95]],

[ 15, 45, 0,[ 39, 1, 75, 0]],

[ 44, 75, 0,[ 59, 56, 22]],

[ 92, 35, 0,[ 48, 71, 24]],

[ 48, 5, 0,[ 92, 27]],

[ 74, 5, 0,[ 82, 87, 8]],

[ 6, 75, 0,[ 66, 65, 54, 31]],

[ 21, 35, 0,[ 91, 50, 22]],

[ 32, 5, 0,[ 77, 23, 80]],

[ 13, 25, 0,[ 35, 69]],

[ 7, 25, 0,[ 64, 42, 88]],

[ 56, 55, 0,[ 73, 26, 44]],

[ 98, 35, 0,[ 54]],

[ 50, 35, 0,[ 42, 57, 18, 10, 21, 29]],

[ 55, 55, 0,[ 10, 86, 60, 72]],

[ 79, 45, 1,[ 19, 12, 34, 17]],

[ 23, 5, 0,[ 69, 32]],

[ 97, 75, 0,[ 67, 34, 2]],

[ 69, 75, 0,[ 23, 84, 89, 13]],

[ 86, 55, 0,[ 66, 55, 12]],

[ 18, 35, 0,[ 17, 85, 50]],

[ 2, 25, 0,[ 73, 97, 35, 81, 43]],

[ 35, 25, 1,[ 37, 88, 13, 2, 63]],

[ 0, 45, 1,[ 20, 71, 95, 66, 68, 15]],

[ 27, 5, 0,[ 48, 24, 76]],

[ 45, 55, 0,[ 81, 64, 12]],

[ 14, 5, 0,[ 11]],

[ 71, 35, 1,[ 95, 94, 92, 54, 0]],

[ 57, 55, 0,[ 4, 26, 50]],

[ 11, 5, 0,[ 26, 46, 14]],

[ 89, 55, 0,[ 39, 69, 16]],

[ 30, 55, 0,[]],

[ 54, 35, 0,[ 99, 71, 98, 6]],

[ 80, 5, 0,[ 32, 19, 36]],

[ 5, 55, 0,[ 38]],

[ 76, 75, 0,[ 27, 94, 51]],

[ 38, 55, 0,[ 47, 5, 65, 94, 62]],

[ 75, 75, 0,[ 20, 61, 67, 15]],

[ 28, 75, 0,[ 67, 83, 99]],

[ 83, 5, 0,[ 28, 46]],

[ 24, 5, 0,[ 92, 27, 39]],

[ 61, 75, 0,[ 62, 78, 75]],

[ 33, 55, 0,[ 10, 84]],

[ 9, 45, 1,[ 68, 39, 29, 37, 8]],

[ 49, 75, 0,[ 20, 46, 52]],

[ 47, 55, 0,[ 68, 38]],

[ 67, 75, 0,[ 97, 28, 75]],

[ 84, 75, 0,[ 69, 33]],

[ 20, 75, 0,[ 49, 75, 0, 4]],

[ 64, 55, 0,[ 7, 16, 45]],

[ 90, 5, 0,[ 46, 17, 88]],

[ 17, 35, 0,[ 18, 90, 31, 79]],

[ 88, 25, 0,[ 35, 90, 7, 25]],

[ 81, 25, 0,[ 58, 60, 45, 2]],

[ 39, 55, 1,[ 89, 15, 24, 9, 93]],

[ 4, 55, 0,[ 57, 20, 96]],

[ 91, 75, 0,[ 21, 3]],

[ 87, 75, 0,[ 74, 77, 63, 16]],

[ 65, 75, 0,[ 38, 99, 6]],

[ 41, 5, 0,[ 82, 29]],

[ 25, 25, 0,[ 62, 88]],

[ 37, 75, 1,[ 35, 72, 9]],

[ 78, 45, 0,[ 22, 61, 36]],

[ 73, 45, 0,[ 56, 8, 2]],

[ 22, 45, 0,[ 78, 44, 21]],

[ 85, 75, 0,[ 40, 18]],

