[ 52, 95, 0,[ 77, 27, 17]],

[ 99, 35, 0,[ 67, 40, 10, 35]],

[ 45, 35, 0,[ 26, 37, 41, 36]],

[ 84, 35, 0,[ 92, 10, 21]],

[ 94, 35, 0,[ 8, 34, 0]],

[ 4, 35, 0,[ 82, 87, 40, 57]],

[ 68, 55, 1,[ 35, 44, 95, 13, 24, 72, 42, 18, 61, 36]],

[ 88, 55, 0,[ 16, 62, 18]],

[ 7, 35, 0,[ 3, 12, 30]],

[ 41, 35, 0,[ 75, 73, 91, 45]],

[ 70, 35, 0,[ 20]],

[ 21, 35, 0,[ 40, 84, 85, 6]],

[ 74, 35, 0,[ 53, 48, 33]],

[ 22, 65, 0,[ 96, 9, 40]],

[ 78, 35, 0,[ 15, 42]],

[ 1, 95, 0,[ 34, 43]],

[ 6, 35, 0,[ 66, 21, 55, 31]],

[ 24, 35, 0,[ 97, 67, 68]],

[ 79, 35, 0,[ 12, 83, 64, 20]],

[ 48, 35, 0,[ 74, 40, 30]],

[ 50, 35, 0,[ 37, 34, 90, 31]],

[ 64, 35, 0,[ 40, 79, 38]],

[ 16, 35, 0,[ 88, 27, 5, 56]],

[ 46, 95, 0,[ 17, 51, 96]],

[ 73, 45, 0,[ 65, 41, 58]],

[ 54, 35, 0,[ 72, 15, 5]],

[ 85, 75, 0,[ 21, 62, 40]],

[ 80, 55, 0,[ 38, 59, 11, 65]],

[ 43, 35, 0,[ 83, 27, 1]],

[ 11, 35, 0,[ 51, 80, 58]],

[ 77, 95, 0,[ 52, 34, 36]],

[ 35, 35, 0,[ 27, 68, 99]],

[ 58, 45, 1,[ 17, 92, 73, 11, 49, 44, 26, 0, 98]],

[ 36, 35, 0,[ 77, 56, 17, 68, 45, 89]],

[ 62, 55, 0,[ 88, 85, 14]],

[ 5, 35, 0,[ 54, 82, 16, 13]],

[ 49, 55, 0,[ 32, 61, 65, 58]],

[ 71, 55, 0,[ 2, 14, 96]],

[ 20, 35, 0,[ 70, 95, 79]],

[ 61, 55, 0,[ 68, 10, 49]],

[ 26, 35, 0,[ 39, 45, 58]],

[ 95, 35, 0,[ 20, 68, 17]],

[ 37, 35, 1,[ 3, 50, 0, 51, 29, 45]],

[ 44, 45, 0,[ 58, 68, 9]],

[ 30, 35, 0,[ 48, 96, 7, 91]],

[ 56, 35, 0,[ 16, 36, 10]],

[ 29, 35, 0,[ 3, 37, 27]],

[ 89, 35, 0,[ 14, 60, 36]],

[ 63, 35, 0,[ 39, 9, 23]],

[ 28, 55, 0,[ 60, 14, 34]],

[ 40, 75, 1,[ 66, 22, 59, 39, 85, 4, 99, 21, 48, 19, 13, 64, 83]],

[ 66, 35, 0,[ 6, 12, 14, 40]],

[ 98, 35, 0,[ 97, 75, 58]],

[ 18, 55, 0,[ 17, 88, 59, 68]],

[ 55, 35, 0,[ 6, 83, 96]],

[ 19, 35, 0,[ 40, 33, 69]],

[ 39, 35, 0,[ 25, 76, 63, 40, 26]],

[ 31, 35, 0,[ 14, 6, 50]],

[ 65, 55, 0,[ 73, 49, 14, 80]],

[ 81, 35, 0,[ 14, 2, 60]],

[ 91, 35, 0,[ 53, 30, 41]],

[ 10, 35, 0,[ 56, 53, 61, 84, 99]],

[ 69, 35, 0,[ 23, 53, 19]],

[ 82, 35, 0,[ 5, 60, 4]],

[ 59, 55, 0,[ 80, 18, 40]],

[ 38, 35, 0,[ 64, 3, 80]],

[ 92, 35, 0,[ 58, 9, 84]],

[ 75, 35, 0,[ 14, 98, 25, 41]],

[ 57, 5, 0,[ 53, 13, 4]],

[ 33, 35, 0,[ 19, 74]],

[ 17, 95, 1,[ 95, 18, 36, 46, 52, 58]],

[ 60, 35, 0,[ 28, 82, 47, 81, 89]],

[ 97, 35, 0,[ 24, 98, 53]],

[ 25, 35, 0,[ 75, 39, 47, 87]],

[ 32, 5, 0,[ 49, 34, 27]],

[ 8, 35, 0,[ 14, 86, 94, 51]],

[ 15, 35, 0,[ 78, 54]],

[ 2, 35, 0,[ 67, 71, 9, 81]],

[ 51, 35, 0,[ 11, 46, 37, 8]],

[ 87, 35, 0,[ 4, 72, 25]],

[ 90, 55, 0,[ 14, 50]],

[ 53, 5, 1,[ 57, 69, 47, 97, 74, 10, 91]],

[ 9, 35, 0,[ 63, 44, 22, 92, 2, 34]],

[ 42, 35, 0,[ 78, 3, 68]],

[ 76, 35, 0,[ 34, 39, 27]],

[ 96, 65, 1,[ 22, 46, 71, 30, 55]],

[ 23, 35, 0,[ 63, 69]],

[ 14, 55, 1,[ 65, 62, 75, 66, 8, 81, 71, 89, 90, 28, 31]],

[ 27, 5, 1,[ 43, 35, 3, 29, 32, 76, 52, 16]],

[ 13, 5, 0,[ 40, 5, 68, 57]],

[ 34, 95, 1,[ 76, 28, 1, 77, 50, 94, 9, 32]],

[ 72, 35, 0,[ 87, 54, 86, 68]],

[ 3, 35, 0,[ 42, 29, 38, 7, 27, 37]],

[ 86, 35, 0,[ 8, 72, 93]],

[ 12, 35, 0,[ 66, 79, 7]],

[ 67, 35, 0,[ 99, 24, 2]],

[ 93, 35, 0,[ 86]],

[ 83, 35, 0,[ 79, 43, 40, 55]],

[ 0, 35, 0,[ 37, 94, 58]],

[ 47, 35, 0,[ 53, 60, 25]],

