[ 58, 15, 1,[ 12, 94, 51]],

[ 45, 85, 0,[ 88, 84, 42, 23]],

[ 54, 85, 1,[ 20, 18, 95]],

[ 75, 75, 0,[ 44, 66, 11]],

[ 5, 75, 1,[ 80, 61, 28, 47]],

[ 66, 5, 0,[ 75, 7, 70, 95, 12]],

[ 99, 75, 0,[ 6, 94, 78]],

[ 12, 65, 1,[ 58, 69, 66, 15]],

[ 94, 35, 1,[ 18, 89, 99, 58, 0, 82]],

[ 92, 65, 1,[ 18, 8, 84]],

[ 36, 55, 0,[ 15, 82, 46, 13]],

[ 50, 65, 0,[ 63, 85, 93]],

[ 86, 65, 0,[ 57, 4, 85, 97]],

[ 82, 15, 1,[ 36, 78, 94, 72, 76]],

[ 28, 25, 0,[ 5, 27, 6]],

[ 24, 65, 1,[ 51, 30, 57]],

[ 77, 75, 0,[ 93, 76, 40]],

[ 44, 75, 0,[ 75, 32, 4]],

[ 34, 35, 1,[ 22, 35, 13]],

[ 32, 95, 1,[ 3, 85, 44]],

[ 52, 25, 0,[ 46, 90, 97, 60]],

[ 17, 25, 0,[ 80, 64, 90, 96, 93]],

[ 22, 15, 1,[ 53, 34]],

[ 2, 5, 1,[ 96, 1, 67]],

[ 39, 65, 1,[ 38, 49, 74, 59, 10, 48, 33, 40, 27]],

[ 95, 95, 1,[ 79, 54, 96, 66]],

[ 19, 95, 0,[ 37, 60, 31, 33, 84]],

[ 15, 85, 1,[ 98, 12, 36]],

[ 97, 5, 1,[ 86, 52, 62]],

[ 0, 5, 1,[ 94, 21, 41]],

[ 62, 15, 1,[ 97, 55, 23, 14]],

[ 9, 15, 0,[ 71, 81, 25]],

[ 13, 75, 0,[ 69, 34, 36]],

[ 49, 35, 0,[ 39, 6, 76]],

[ 46, 55, 0,[ 52, 36, 27]],

[ 7, 55, 1,[ 8, 91, 47, 72, 66]],

[ 31, 65, 0,[ 69, 19, 83]],

[ 74, 35, 1,[ 30, 39, 27]],

[ 25, 15, 0,[ 68, 41, 9]],

[ 81, 95, 0,[ 91, 9, 84, 20]],

[ 37, 95, 0,[ 19, 43, 80]],

[ 73, 5, 0,[ 70, 91, 27]],

[ 41, 75, 0,[ 0, 20, 68, 25]],

[ 83, 85, 0,[ 11, 56, 31, 71]],

[ 56, 85, 1,[ 16, 83, 88, 93]],

[ 55, 75, 1,[ 62, 16, 4, 21]],

[ 27, 75, 1,[ 73, 74, 35, 39, 46, 63, 28]],

[ 38, 85, 0,[ 48, 89, 71, 39]],

[ 23, 15, 1,[ 45, 62, 57]],

[ 93, 25, 1,[ 77, 56, 88, 17, 50]],

[ 84, 95, 0,[ 81, 45, 19, 92, 98]],

[ 20, 75, 0,[ 54, 4, 35, 41, 81]],

[ 11, 95, 1,[ 83, 21, 75]],

[ 26, 65, 0,[ 87, 42, 8, 3]],

[ 42, 75, 1,[ 71, 45, 26]],

[ 3, 95, 1,[ 90, 26, 32, 18]],

[ 30, 65, 0,[ 24, 65, 74]],

[ 21, 5, 0,[ 55, 14, 11, 0]],

[ 16, 15, 0,[ 55, 14, 56]],

[ 40, 75, 0,[ 70, 39, 77]],

[ 43, 15, 1,[ 37, 64, 60]],

[ 29, 5, 1,[ 65, 80]],

[ 60, 55, 1,[ 19, 43, 52, 57]],

[ 6, 75, 1,[ 49, 51, 99, 28]],

[ 85, 85, 1,[ 32, 50, 35, 86]],

[ 8, 85, 0,[ 92, 26, 7]],

[ 61, 95, 0,[ 14, 5, 57]],

[ 1, 45, 0,[ 65, 79, 2]],

[ 10, 55, 0,[ 4, 39, 67]],

[ 14, 25, 1,[ 21, 16, 62, 61]],

[ 70, 35, 1,[ 66, 40, 47, 73]],

[ 53, 5, 0,[ 87, 22, 78]],

[ 89, 25, 1,[ 94, 38, 59]],

[ 69, 65, 0,[ 13, 98, 31, 12]],

[ 64, 5, 1,[ 17, 80, 43]],

[ 71, 65, 1,[ 83, 33, 42, 38, 9]],

[ 91, 25, 1,[ 7, 73, 81]],

[ 67, 55, 0,[ 2, 76, 10]],

[ 18, 15, 0,[ 94, 92, 3, 54]],

[ 51, 45, 0,[ 6, 58, 24]],

[ 4, 5, 1,[ 55, 86, 10, 20, 44]],

[ 90, 45, 1,[ 17, 52, 3]],

[ 76, 35, 0,[ 77, 67, 82, 49, 79]],

[ 33, 95, 0,[ 19, 39, 71]],

[ 57, 95, 1,[ 24, 61, 23, 86, 60]],

[ 87, 55, 1,[ 53, 78, 26]],

[ 68, 85, 1,[ 41, 25, 98]],

[ 96, 65, 1,[ 95, 2, 17]],

[ 35, 5, 0,[ 27, 34, 85, 20]],

[ 88, 95, 1,[ 45, 93, 56]],

[ 65, 35, 1,[ 1, 30, 29]],

[ 47, 35, 0,[ 5, 70, 7]],

[ 72, 25, 1,[ 82, 59, 7]],

[ 78, 5, 0,[ 53, 82, 87, 99]],

[ 80, 45, 0,[ 17, 64, 37, 29, 5]],

[ 63, 65, 0,[ 50, 27, 48]],

[ 59, 25, 0,[ 89, 72, 39]],

[ 48, 35, 1,[ 63, 39, 38]],

[ 98, 95, 0,[ 15, 84, 69, 68]],

[ 79, 55, 1,[ 1, 95, 76]],

[ 94, 95, 0,[ 73, 43, 64]],

[ 42, 45, 1,[ 39, 16, 92, 9]],

[ 31, 35, 1,[ 48, 4, 21]],

[ 55, 85, 0,[ 58, 39, 76]],

[ 86, 95, 1,[ 45, 15, 24, 99, 33, 47]],

[ 52, 45, 1,[ 30, 95, 24]],

[ 4, 65, 0,[ 31, 63, 57]],

[ 30, 25, 1,[ 56, 35, 52, 41]],

[ 29, 5, 0,[ 69, 34, 60, 19]],

[ 98, 5, 0,[ 45, 33, 92]],

[ 7, 95, 0,[ 70, 78, 69]],

[ 84, 45, 0,[ 76, 99, 15]],

[ 90, 5, 1,[ 48, 62, 49]],

[ 21, 25, 1,[ 31, 40, 85, 99, 41, 48]],

[ 25, 15, 1,[ 32, 27, 13]],

[ 20, 85, 1,[ 85, 40, 2, 63]],

[ 68, 35, 1,[ 71, 61, 51]],

[ 89, 45, 1,[ 87, 13, 32]],

[ 82, 95, 0,[ 66, 46, 2]],

[ 51, 25, 1,[ 76, 0, 68]],

[ 43, 45, 1,[ 74, 94, 53, 39]],

[ 53, 15, 1,[ 5, 10, 43]],

[ 61, 5, 0,[ 68, 50, 6]],

[ 16, 75, 0,[ 9, 12, 42]],

[ 66, 45, 1,[ 54, 82, 72]],

[ 37, 95, 0,[ 40, 73, 83]],

[ 0, 45, 1,[ 72, 10, 51, 96]],

[ 41, 95, 0,[ 30, 65, 21]],

[ 91, 75, 0,[ 5, 23, 81]],

[ 62, 35, 0,[ 34, 90, 9]],

[ 26, 55, 1,[ 50, 8, 75, 39]],

[ 38, 25, 0,[ 92, 79, 58]],

[ 77, 5, 0,[ 3, 5, 8]],

[ 8, 65, 0,[ 40, 26, 77]],

[ 92, 5, 1,[ 42, 38, 98]],

[ 81, 95, 1,[ 49, 47, 91]],

[ 35, 85, 1,[ 30, 76, 28, 85]],

[ 45, 55, 1,[ 98, 22, 86]],

[ 12, 5, 0,[ 69, 16, 87]],

[ 3, 15, 0,[ 9, 28, 77]],

[ 17, 15, 0,[ 70, 28, 87, 10]],

[ 95, 65, 0,[ 52, 88, 14]],

[ 83, 95, 0,[ 37, 97, 11]],

[ 15, 45, 0,[ 84, 6, 86]],

[ 47, 45, 1,[ 14, 86, 81]],

[ 5, 45, 1,[ 53, 77, 54, 91]],

[ 80, 65, 0,[ 34, 23]],

[ 65, 15, 1,[ 1, 41, 70, 71]],

[ 73, 95, 0,[ 33, 37, 94]],

[ 23, 95, 1,[ 79, 80, 91]],

[ 39, 75, 0,[ 42, 43, 55, 26]],

[ 32, 45, 1,[ 24, 89, 25]],

[ 44, 95, 0,[ 11, 28, 27, 2]],

[ 59, 95, 0,[ 56, 78]],

[ 49, 75, 1,[ 81, 90, 60]],

[ 56, 65, 1,[ 88, 75, 74, 30, 58, 59]],

[ 69, 5, 1,[ 7, 29, 12]],

[ 75, 65, 0,[ 56, 26, 67]],

[ 58, 75, 1,[ 36, 56, 33, 38, 55]],

[ 10, 25, 1,[ 0, 53, 17, 96]],

[ 6, 65, 1,[ 61, 60, 15]],

[ 19, 45, 1,[ 63, 18, 46, 29]],

[ 57, 95, 0,[ 97, 11, 4, 78]],

[ 9, 95, 1,[ 16, 3, 62, 42]],

[ 14, 65, 0,[ 63, 95, 47, 40]],

[ 54, 65, 1,[ 5, 93, 66]],

[ 79, 75, 0,[ 60, 38, 23]],

[ 46, 35, 1,[ 67, 82, 19, 1]],

[ 13, 65, 1,[ 25, 27, 89]],

[ 97, 35, 1,[ 57, 83, 63]],

[ 71, 5, 0,[ 65, 68]],

[ 27, 95, 0,[ 44, 13, 25]],

[ 50, 85, 1,[ 61, 26, 72]],

[ 70, 95, 0,[ 65, 7, 17]],

[ 36, 5, 0,[ 63, 58, 22]],

[ 1, 95, 0,[ 46, 65]],

[ 40, 65, 0,[ 20, 21, 14, 37, 8]],

[ 78, 95, 0,[ 57, 7, 59]],

[ 96, 15, 0,[ 28, 0, 10]],

[ 33, 95, 0,[ 73, 58, 98, 86]],

[ 18, 35, 1,[ 19, 88, 67]],

[ 24, 65, 0,[ 86, 52, 32]],

[ 64, 55, 1,[ 48, 72, 94]],

[ 28, 15, 0,[ 17, 96, 44, 3, 35]],

[ 22, 55, 0,[ 45, 76, 36]],

[ 87, 75, 1,[ 17, 12, 89]],

[ 88, 65, 1,[ 18, 56, 95]],

[ 11, 95, 0,[ 57, 44, 83]],

[ 34, 45, 1,[ 29, 63, 62, 80]],

[ 60, 95, 1,[ 49, 79, 6, 29]],

[ 2, 75, 1,[ 82, 44, 20]],

[ 48, 75, 0,[ 64, 90, 21, 31]],

[ 85, 75, 0,[ 20, 35, 21]],

[ 93, 45, 1,[ 54, 74]],

[ 74, 15, 1,[ 56, 43, 93]],

[ 63, 65, 0,[ 20, 36, 14, 34, 19, 97, 4]],

[ 67, 85, 1,[ 46, 75, 18]],

[ 99, 95, 0,[ 84, 21, 86]],

[ 76, 5, 1,[ 55, 51, 22, 35, 84]],

[ 72, 15, 0,[ 66, 50, 0, 64]],

