[ 64, 25, 0,[ 98, 78, 74, 0]],

[ 77, 55, 1,[ 26, 9, 87]],

[ 10, 95, 0,[ 85, 29, 54, 21]],

[ 32, 95, 0,[ 36, 59, 65]],

[ 55, 15, 1,[ 7, 25, 71, 11]],

[ 48, 45, 0,[ 61, 75, 40]],

[ 6, 55, 0,[ 0, 70, 26]],

[ 20, 95, 1,[ 89, 16, 57, 43]],

[ 22, 55, 0,[ 0, 28, 60, 14]],

[ 70, 55, 0,[ 5, 6, 15]],

[ 13, 75, 0,[ 98, 67, 24, 81]],

[ 14, 55, 0,[ 39, 22, 58, 95]],

[ 0, 15, 1,[ 74, 64, 6, 22, 65]],

[ 2, 35, 1,[ 63, 18, 30]],

[ 53, 15, 0,[ 65, 16, 67, 73]],

[ 31, 5, 0,[ 88, 99, 75]],

[ 87, 55, 1,[ 30, 63, 85, 99, 89, 43, 77, 3]],

[ 44, 55, 0,[ 45, 9, 99]],

[ 26, 25, 1,[ 90, 77, 6, 85, 12]],

[ 75, 65, 1,[ 31, 46, 48]],

[ 36, 95, 0,[ 68, 97, 32]],

[ 83, 85, 0,[ 37, 76]],

[ 4, 55, 0,[ 85, 42, 1, 18]],

[ 84, 95, 1,[ 33, 91, 82]],

[ 25, 85, 1,[ 47, 11, 97, 73, 55]],

[ 49, 5, 0,[ 92, 61, 37]],

[ 76, 45, 1,[ 60, 46, 83]],

[ 94, 45, 1,[ 38, 34, 66, 56]],

[ 17, 5, 1,[ 24, 3, 72, 95, 89]],

[ 24, 35, 1,[ 9, 17, 13]],

[ 56, 65, 1,[ 94, 19, 72, 78]],

[ 1, 55, 0,[ 27, 4, 52]],

[ 92, 5, 1,[ 49, 80, 18]],

[ 68, 75, 0,[ 9, 82, 36]],

[ 93, 25, 0,[ 82, 38, 23]],

[ 43, 15, 0,[ 20, 87, 45]],

[ 38, 5, 1,[ 79, 93, 94]],

[ 78, 5, 1,[ 64, 69, 56, 73]],

[ 33, 35, 1,[ 40, 61, 84]],

[ 90, 15, 0,[ 62, 26, 67]],

[ 34, 65, 0,[ 21, 58, 94]],

[ 7, 75, 1,[ 47, 12, 55]],

[ 8, 75, 0,[ 40, 27, 98]],

[ 62, 35, 1,[ 96, 66, 90, 58, 51]],

[ 3, 15, 1,[ 85, 87, 17, 86]],

[ 37, 55, 1,[ 15, 49, 83, 39]],

[ 51, 75, 0,[ 62, 57, 82]],

[ 27, 75, 0,[ 15, 1, 8]],

[ 23, 25, 0,[ 18, 41, 12, 93]],

[ 71, 5, 1,[ 55, 59, 81]],

[ 66, 95, 1,[ 62, 94, 35]],

[ 95, 55, 0,[ 17, 88, 14]],

[ 80, 5, 0,[ 19, 79, 92]],

[ 54, 45, 1,[ 86, 29, 10]],

[ 99, 55, 1,[ 87, 44, 31]],

[ 11, 65, 0,[ 59, 39, 55, 25]],

[ 67, 35, 1,[ 53, 13, 90]],

[ 59, 75, 1,[ 11, 71, 32]],

[ 82, 25, 1,[ 93, 51, 68, 84]],

[ 29, 35, 1,[ 28, 10, 50, 54]],

[ 58, 65, 0,[ 14, 34, 62]],

[ 12, 25, 0,[ 26, 23, 7]],

[ 63, 15, 0,[ 35, 2, 87]],

[ 47, 15, 1,[ 7, 97, 25]],

[ 52, 95, 1,[ 1, 74, 45]],

[ 91, 55, 0,[ 84, 69, 41]],

[ 81, 75, 0,[ 71, 28, 13]],

[ 98, 55, 1,[ 64, 8, 13]],

[ 16, 5, 1,[ 88, 20, 5, 53]],

[ 50, 35, 1,[ 60, 57, 29]],

[ 45, 55, 0,[ 52, 44, 43, 28]],

[ 73, 65, 1,[ 78, 25, 53, 96]],

[ 89, 15, 0,[ 87, 20, 17]],

[ 5, 15, 1,[ 16, 28, 70]],

[ 19, 5, 0,[ 56, 79, 80, 46]],

[ 42, 55, 0,[ 72, 4, 69]],

[ 85, 5, 1,[ 4, 10, 26, 87, 3]],

[ 60, 55, 0,[ 22, 76, 50]],

[ 35, 25, 1,[ 66, 63, 74]],

[ 72, 55, 0,[ 56, 17, 42]],

[ 97, 75, 0,[ 36, 25, 47]],

[ 21, 95, 0,[ 30, 10, 34]],

[ 65, 45, 1,[ 32, 0, 53]],

[ 96, 15, 0,[ 62, 40, 73]],

[ 46, 45, 1,[ 76, 19, 75]],

[ 86, 55, 0,[ 54, 3, 41]],

[ 30, 15, 1,[ 2, 21, 87]],

[ 9, 5, 1,[ 44, 68, 24, 77]],

[ 40, 45, 1,[ 33, 8, 48, 96]],

[ 39, 65, 0,[ 11, 37, 14]],

[ 57, 75, 0,[ 28, 50, 20, 51]],

[ 28, 35, 1,[ 5, 57, 81, 45, 29, 22]],

[ 18, 55, 0,[ 23, 92, 2, 4]],

[ 88, 5, 0,[ 16, 79, 31, 95]],

[ 41, 55, 0,[ 86, 91, 23]],

[ 61, 75, 1,[ 49, 33, 48]],

[ 79, 85, 1,[ 88, 38, 80, 19]],

[ 15, 75, 0,[ 27, 37, 70]],

[ 69, 55, 1,[ 91, 78, 42]],

[ 74, 5, 1,[ 52, 64, 0, 35]],

[ 33, 5, 1,[ 73, 25, 78]],

[ 75, 55, 1,[ 57, 10, 54, 30]],

[ 42, 5, 1,[ 41, 84, 21]],

[ 22, 25, 1,[ 49, 40, 67, 79, 35, 43]],

[ 27, 25, 1,[ 30, 53, 66]],

[ 93, 5, 0,[ 56, 34, 94]],

[ 91, 25, 1,[ 48, 92, 96, 32]],

[ 73, 95, 0,[ 90, 33, 77]],

[ 54, 95, 0,[ 45, 7, 75]],

[ 59, 15, 0,[ 43, 66, 86, 37]],

[ 71, 25, 1,[ 78, 4, 44]],

[ 34, 5, 0,[ 93, 2, 39]],

[ 16, 95, 0,[ 45, 19, 85]],

[ 78, 5, 0,[ 33, 87, 71, 58]],

[ 57, 15, 0,[ 12, 75, 5]],

[ 36, 85, 1,[ 43, 1, 44]],

[ 67, 85, 0,[ 22, 13, 95]],

[ 37, 15, 0,[ 59, 83, 31]],

[ 44, 25, 1,[ 10, 36, 71]],

[ 19, 65, 1,[ 23, 16, 53, 58]],

[ 13, 75, 1,[ 85, 97, 55, 67]],

[ 98, 85, 1,[ 29, 51, 3]],

[ 92, 75, 0,[ 91, 80, 64]],

[ 95, 85, 1,[ 45, 67, 69]],

[ 86, 15, 0,[ 50, 59, 39]],

[ 50, 15, 0,[ 24, 77, 86]],

[ 18, 55, 0,[ 9, 2, 31]],

[ 97, 95, 1,[ 69, 12, 13, 14]],

[ 96, 25, 1,[ 91, 53, 17]],

[ 3, 5, 0,[ 82, 21, 98]],

[ 12, 55, 1,[ 21, 57, 97]],

[ 8, 75, 1,[ 48, 56, 25]],

[ 1, 95, 1,[ 9, 36, 5]],

[ 47, 5, 0,[ 82, 21, 32]],

[ 17, 95, 0,[ 14, 6, 85, 96]],

[ 90, 75, 1,[ 61, 87, 73]],

[ 65, 75, 1,[ 20, 38, 76, 83]],

[ 5, 5, 1,[ 20, 15, 57, 1]],

[ 23, 15, 0,[ 38, 19, 40]],

[ 58, 5, 0,[ 19, 84, 78]],

[ 26, 35, 0,[ 83, 41, 62]],

[ 21, 5, 0,[ 12, 47, 3, 42, 74, 88]],

[ 45, 95, 0,[ 95, 70, 55, 80, 16, 54]],

[ 88, 75, 1,[ 21, 2, 31]],

[ 9, 85, 1,[ 79, 18, 1]],

[ 28, 75, 0,[ 81, 63, 72, 79]],

[ 32, 5, 0,[ 74, 38, 91, 47]],

[ 43, 75, 1,[ 46, 59, 36, 22]],

[ 29, 95, 0,[ 64, 98, 89]],

[ 76, 15, 0,[ 94, 38, 65]],

[ 83, 35, 0,[ 26, 65, 70, 37]],

[ 79, 5, 1,[ 9, 22, 28, 51, 72]],

[ 2, 95, 1,[ 18, 68, 88, 81, 34]],

[ 72, 5, 1,[ 79, 61, 28, 24]],

[ 40, 75, 1,[ 22, 23, 99]],

[ 56, 95, 1,[ 93, 15, 8]],

[ 53, 35, 0,[ 27, 96, 19]],

[ 85, 25, 1,[ 16, 17, 13]],

[ 6, 95, 0,[ 31, 17, 39]],

[ 11, 85, 1,[ 63, 4, 68]],

[ 60, 45, 0,[ 74, 52, 69]],

[ 74, 35, 1,[ 32, 60, 21]],

[ 15, 25, 0,[ 56, 5, 38]],

[ 55, 95, 0,[ 13, 80, 45]],

[ 51, 75, 0,[ 98, 79, 81]],

[ 94, 75, 1,[ 76, 25, 52, 93]],

[ 20, 5, 0,[ 5, 65, 84]],

[ 61, 95, 1,[ 30, 90, 72]],

[ 46, 85, 0,[ 52, 43, 66, 24]],

[ 48, 25, 0,[ 49, 91, 8]],

[ 63, 75, 0,[ 28, 82, 11]],

[ 87, 95, 0,[ 90, 78, 89]],

[ 80, 5, 1,[ 92, 45, 55]],

[ 49, 35, 1,[ 22, 48, 10, 64]],

[ 24, 85, 0,[ 72, 46, 50]],

[ 69, 75, 0,[ 95, 82, 97, 60]],

[ 68, 15, 0,[ 2, 11, 38]],

[ 64, 45, 1,[ 92, 29, 49]],

[ 41, 35, 0,[ 4, 26, 42]],

[ 31, 45, 1,[ 88, 6, 37, 18]],

[ 70, 35, 0,[ 83, 25, 45]],

[ 89, 95, 0,[ 87, 62, 0, 29]],

[ 39, 5, 1,[ 34, 86, 6]],

[ 38, 5, 1,[ 15, 68, 23, 32, 76, 65]],

[ 30, 15, 0,[ 27, 75, 61]],

[ 66, 45, 1,[ 46, 27, 59]],

[ 77, 55, 1,[ 50, 73, 99]],

[ 14, 65, 1,[ 17, 97, 99]],

[ 4, 25, 1,[ 71, 11, 41]],

[ 82, 85, 1,[ 63, 47, 69, 3]],

[ 62, 75, 1,[ 0, 89, 7, 26]],

[ 84, 5, 0,[ 20, 42, 58]],

[ 99, 45, 0,[ 40, 77, 14]],

[ 25, 55, 1,[ 94, 70, 33, 8]],

[ 81, 75, 0,[ 28, 2, 51, 35]],

[ 0, 95, 0,[ 89, 35, 62]],

[ 7, 75, 1,[ 54, 35, 62]],

[ 35, 85, 1,[ 7, 0, 81, 22]],

[ 52, 75, 1,[ 60, 94, 46]],

[ 10, 15, 0,[ 49, 75, 44]],

