[ 57, 5, 1,[ 77, 37, 58, 88]],

[ 91, 45, 1,[ 92, 39, 84]],

[ 42, 35, 1,[ 71, 82, 25]],

[ 0, 45, 0,[ 65, 85, 29]],

[ 97, 95, 0,[ 52, 63, 76]],

[ 5, 35, 1,[ 96, 47, 3]],

[ 67, 25, 0,[ 50, 59]],

[ 8, 45, 0,[ 31, 1, 26]],

[ 14, 85, 0,[ 41, 60, 83]],

[ 39, 45, 1,[ 10, 91, 7, 22]],

[ 25, 55, 1,[ 64, 68, 6, 42]],

[ 23, 75, 0,[ 61, 16, 79, 45, 17]],

[ 93, 75, 0,[ 51, 88, 98]],

[ 98, 5, 1,[ 93, 28, 21, 52]],

[ 34, 5, 1,[ 32, 27, 12, 85, 54]],

[ 19, 55, 0,[ 56, 51, 64]],

[ 43, 25, 0,[ 27, 63, 40]],

[ 6, 55, 0,[ 52, 44, 25]],

[ 37, 65, 0,[ 57, 77, 68, 96]],

[ 89, 75, 0,[ 1, 86, 20]],

[ 66, 85, 1,[ 36, 81, 65]],

[ 74, 75, 0,[ 27, 12, 51, 44]],

[ 29, 65, 1,[ 55, 50, 0, 88]],

[ 38, 5, 1,[ 45, 70, 60, 9, 49]],

[ 27, 45, 1,[ 69, 34, 43, 74]],

[ 95, 75, 1,[ 48, 55, 7]],

[ 47, 35, 0,[ 78, 41, 5]],

[ 56, 55, 0,[ 58, 53, 69, 19]],

[ 75, 5, 0,[ 50, 94, 85]],

[ 99, 45, 0,[ 9, 3, 80]],

[ 76, 95, 0,[ 33, 97, 30]],

[ 85, 45, 1,[ 75, 34, 87, 0]],

[ 81, 95, 1,[ 59, 66, 46, 32, 52]],

[ 15, 25, 0,[ 78, 63, 72]],

[ 26, 5, 1,[ 8, 86, 71]],

[ 65, 25, 1,[ 0, 66, 70]],

[ 35, 65, 1,[ 49, 13, 51]],

[ 16, 25, 0,[ 88, 78, 23]],

[ 58, 95, 0,[ 57, 56, 63]],

[ 40, 25, 1,[ 43, 12, 83, 33, 84, 22]],

[ 96, 95, 1,[ 86, 37, 5]],

[ 92, 45, 0,[ 33, 55, 91]],

[ 84, 85, 1,[ 11, 83, 91, 40]],

[ 24, 55, 1,[ 53, 31, 10]],

[ 12, 95, 1,[ 74, 40, 34]],

[ 80, 45, 1,[ 3, 31, 62, 99]],

[ 70, 75, 0,[ 65, 82, 38]],

[ 11, 75, 0,[ 48, 84, 7]],

[ 36, 35, 1,[ 28, 78, 66]],

[ 45, 55, 0,[ 23, 64, 38]],

[ 62, 45, 1,[ 9, 4, 80, 54]],

[ 18, 25, 1,[ 10, 63, 77]],

[ 13, 55, 0,[ 82, 77, 35]],

[ 69, 55, 0,[ 56, 27, 4]],

[ 41, 55, 1,[ 50, 14, 47]],

[ 88, 35, 1,[ 29, 93, 16, 57]],

[ 68, 65, 1,[ 25, 94, 37]],

[ 49, 35, 0,[ 2, 38, 35, 4]],

[ 82, 75, 1,[ 42, 70, 13, 90, 2]],

[ 50, 5, 0,[ 41, 29, 75, 21, 67]],

[ 90, 75, 0,[ 1, 82, 73, 22, 78]],

[ 21, 5, 1,[ 50, 44, 98]],

[ 33, 75, 1,[ 76, 40, 92, 71, 60]],

[ 30, 25, 1,[ 7, 76, 71]],

[ 44, 25, 1,[ 4, 74, 1, 6, 21]],

[ 83, 85, 0,[ 14, 84, 40]],

[ 3, 65, 1,[ 79, 5, 99, 80]],

[ 32, 25, 1,[ 81, 34, 46, 51]],

[ 2, 35, 1,[ 94, 82, 49]],

[ 7, 35, 1,[ 11, 30, 39, 20, 95]],

[ 73, 75, 0,[ 17, 90, 48, 64]],

[ 78, 25, 1,[ 47, 90, 15, 36, 16]],

[ 94, 5, 1,[ 2, 68, 75]],

[ 54, 25, 1,[ 79, 62, 34]],

[ 28, 65, 1,[ 98, 53, 36]],

[ 10, 95, 1,[ 24, 18, 39]],

[ 52, 95, 0,[ 97, 98, 6, 81]],

[ 72, 25, 0,[ 15]],

[ 17, 75, 0,[ 23, 73]],

[ 71, 25, 1,[ 30, 33, 42, 26]],

[ 31, 45, 0,[ 8, 80, 24]],

[ 9, 45, 0,[ 99, 62, 38]],

[ 64, 55, 0,[ 73, 45, 19, 25]],

[ 77, 55, 1,[ 13, 18, 57, 37]],

[ 87, 45, 0,[ 85]],

[ 20, 75, 0,[ 89, 7, 48]],

[ 61, 75, 0,[ 1, 23]],

[ 46, 25, 0,[ 81, 32]],

[ 59, 25, 0,[ 81, 67]],

[ 48, 75, 0,[ 20, 11, 73, 95]],

[ 4, 25, 0,[ 49, 62, 69, 44]],

[ 55, 65, 0,[ 29, 95, 92]],

[ 22, 25, 0,[ 40, 90, 39]],

[ 53, 55, 0,[ 56, 24, 28]],

[ 1, 95, 1,[ 90, 44, 89, 61, 8]],

[ 63, 95, 1,[ 97, 58, 43, 15, 18]],

[ 79, 25, 0,[ 54, 3, 23]],

[ 60, 85, 0,[ 14, 38, 33]],

[ 86, 65, 1,[ 96, 26, 89]],

[ 51, 75, 1,[ 32, 74, 35, 93, 19]],

