[ 19, 35, 0,[ 10]],

[ 12, 25, 0,[ 33, 53, 10]],

[ 74, 65, 0,[ 33]],

[ 39, 25, 0,[ 33, 10, 57]],

[ 4, 25, 0,[ 34, 33, 48]],

[ 50, 35, 0,[ 33]],

[ 78, 25, 0,[ 10, 33, 76]],

[ 13, 35, 0,[ 33, 10, 18]],

[ 98, 65, 0,[ 40, 10, 33]],

[ 57, 35, 0,[ 33, 39, 10]],

[ 44, 65, 0,[ 88]],

[ 90, 25, 0,[ 10, 48, 33]],

[ 77, 35, 0,[ 10, 93, 33]],

[ 49, 25, 0,[ 33, 47, 10]],

[ 35, 25, 0,[ 33, 10]],

[ 23, 25, 0,[ 33, 10, 41]],

[ 91, 65, 1,[ 11, 20, 33, 65, 2, 59, 99]],

[ 84, 25, 0,[ 33, 10]],

[ 33, 5, 1,[ 49, 67, 46, 35, 80, 83, 23, 68, 24, 59, 29, 51, 37, 40, 14, 13, 85, 75, 55, 84, 99, 22, 26, 21, 4, 32, 70, 42, 38, 78, 3, 50, 16, 61, 25, 31, 5, 73, 98, 74, 53, 91, 90, 87, 20, 1, 36, 28, 94, 77, 82, 6, 89, 15, 64, 12, 17, 81, 63, 57, 7, 72, 97, 54, 34, 39, 96]],

[ 31, 65, 0,[ 48, 75, 33]],

[ 86, 25, 0,[ 48, 10, 61]],

[ 17, 25, 0,[ 33, 71]],

[ 97, 25, 0,[ 33, 10]],

[ 37, 25, 0,[ 33, 30, 10]],

[ 15, 35, 0,[ 33, 25, 10]],

[ 67, 35, 0,[ 46, 33]],

[ 81, 25, 0,[ 10, 33]],

[ 71, 35, 0,[ 10, 17]],

[ 5, 25, 0,[ 10, 33]],

[ 8, 25, 0,[ 10, 95]],

[ 32, 25, 0,[ 33, 48, 10]],

[ 14, 25, 0,[ 33, 10, 48]],

[ 65, 25, 0,[ 91, 88, 10]],

[ 22, 25, 0,[ 33, 10, 88]],

[ 73, 25, 0,[ 33, 10]],

[ 72, 65, 0,[ 33, 88, 7, 10]],

[ 69, 35, 0,[ 10, 16]],

[ 66, 25, 0,[ 21, 10]],

[ 59, 25, 0,[ 91, 33, 88]],

[ 94, 25, 0,[ 10, 55, 33]],

[ 55, 35, 0,[ 33, 10, 30, 94]],

[ 30, 65, 1,[ 93, 37, 0, 55]],

[ 85, 25, 0,[ 48, 33, 10]],

[ 43, 65, 0,[ 10]],

[ 25, 25, 0,[ 15, 10, 33]],

[ 27, 25, 0,[ 10]],

[ 42, 35, 0,[ 33, 88]],

[ 0, 25, 0,[ 30]],

[ 96, 35, 0,[ 10, 51, 33]],

[ 83, 25, 0,[ 33, 10]],

[ 34, 65, 0,[ 10, 33, 48, 4]],

[ 70, 25, 0,[ 33]],

[ 87, 25, 0,[ 41, 33]],

[ 56, 35, 0,[ 18]],

[ 9, 25, 0,[ 68]],

[ 45, 25, 0,[ 92, 10]],

[ 58, 25, 0,[ 10, 92]],

[ 61, 65, 0,[ 33, 86, 10]],

[ 29, 65, 0,[ 64, 33, 18]],

[ 53, 25, 0,[ 10, 33, 12]],

[ 79, 25, 0,[ 48, 10]],

[ 89, 25, 0,[ 48, 33, 10]],

[ 36, 25, 0,[ 33]],

[ 3, 25, 0,[ 33, 10]],

[ 11, 25, 1,[ 64, 91, 48]],

[ 1, 25, 0,[ 33, 10, 48]],

[ 40, 25, 0,[ 33, 98]],

[ 92, 35, 1,[ 21, 95, 18, 58, 45]],

[ 18, 25, 1,[ 60, 29, 92, 13, 56, 2]],

[ 99, 25, 0,[ 33, 91, 10]],

[ 20, 25, 0,[ 10, 91, 33]],

[ 24, 25, 0,[ 33, 10]],

[ 95, 25, 0,[ 92, 8]],

[ 75, 25, 0,[ 10, 33, 31]],

[ 21, 25, 0,[ 92, 66, 33]],

[ 68, 65, 0,[ 88, 10, 9, 33]],

[ 6, 25, 0,[ 48, 33]],

[ 63, 25, 0,[ 10, 33]],

[ 93, 25, 0,[ 10, 30, 77]],

[ 2, 25, 1,[ 91, 18]],

[ 46, 25, 0,[ 33, 67, 10]],

[ 41, 25, 0,[ 23, 88, 87, 10]],

[ 54, 25, 0,[ 33]],

[ 28, 25, 0,[ 33, 10]],

[ 48, 35, 1,[ 11, 79, 89, 86, 14, 31, 34, 6, 90, 4, 32, 88, 85, 1]],

[ 16, 65, 0,[ 69, 33, 10]],

[ 10, 15, 1,[ 71, 22, 19, 58, 14, 45, 41, 61, 98, 88, 53, 3, 94, 34, 52, 35, 39, 72, 75, 77, 16, 63, 23, 25, 83, 27, 12, 89, 7, 78, 13, 80, 57, 96, 38, 5, 8, 73, 26, 81, 79, 37, 43, 51, 99, 93, 15, 69, 20, 85, 1, 24, 68, 47, 49, 32, 66, 97, 90, 86, 65, 62, 84, 60, 28, 55, 46]],

[ 76, 65, 0,[ 88, 78]],

[ 7, 25, 0,[ 72, 10, 33]],

[ 26, 25, 0,[ 10, 33]],

[ 60, 65, 0,[ 10, 18]],

[ 62, 35, 0,[ 10]],

[ 52, 25, 0,[ 10]],

[ 47, 25, 0,[ 49, 10]],

[ 82, 25, 0,[ 88, 33]],

[ 80, 35, 0,[ 33, 10]],

[ 88, 35, 1,[ 59, 44, 41, 42, 10, 65, 82, 72, 48, 22, 68, 76]],

[ 51, 25, 0,[ 96, 33, 10]],

[ 38, 35, 0,[ 10, 33]],

[ 64, 35, 0,[ 33, 11, 29]],

