[ 85, 15, 0,[ 13, 77, 35, 49]],

[ 54, 5, 0,[ 73, 92, 16]],

[ 63, 15, 0,[ 53, 40, 27, 81, 78]],

[ 30, 15, 0,[ 88, 25]],

[ 72, 55, 0,[ 99, 26, 73]],

[ 13, 85, 0,[ 3, 20, 16, 52, 85]],

[ 27, 85, 0,[ 97, 31, 99, 63]],

[ 64, 85, 0,[ 52, 75]],

[ 6, 5, 0,[ 8, 59, 91, 28, 34]],

[ 10, 75, 0,[ 0, 21, 36, 99, 39]],

[ 80, 15, 0,[ 42, 74, 55]],

[ 0, 5, 0,[ 10, 89, 92]],

[ 37, 15, 0,[ 53, 67, 1]],

[ 66, 15, 0,[ 70, 25, 88]],

[ 74, 15, 1,[ 79, 80, 75, 3, 61, 47]],

[ 45, 15, 0,[]],

[ 23, 15, 0,[ 60]],

[ 2, 5, 0,[ 32, 3, 69]],

[ 21, 75, 0,[ 10, 48]],

[ 93, 55, 0,[ 84, 44, 50]],

[ 70, 55, 0,[ 83, 24, 66]],

[ 53, 15, 0,[ 37, 63]],

[ 84, 55, 0,[ 71, 55, 93]],

[ 19, 75, 0,[ 43, 32]],

[ 68, 5, 0,[ 90]],

[ 51, 75, 0,[ 43, 87]],

[ 55, 55, 0,[ 80, 84, 97]],

[ 7, 15, 0,[ 40, 60, 98, 41]],

[ 1, 75, 0,[ 17, 37]],

[ 22, 5, 0,[ 48, 91, 29]],

[ 58, 35, 0,[ 18, 89, 82, 79]],

[ 79, 65, 1,[ 74, 58, 95]],

[ 50, 55, 0,[ 93]],

[ 26, 15, 0,[ 49, 73, 88, 72]],

[ 12, 55, 0,[ 78, 35, 57, 69]],

[ 4, 15, 0,[ 47, 87]],

[ 81, 15, 0,[ 63, 52, 11]],

[ 42, 5, 0,[ 16, 80]],

[ 94, 55, 0,[ 25, 73, 61, 33]],

[ 75, 5, 1,[ 82, 74, 64]],

[ 43, 75, 0,[ 19, 24, 51, 31]],

[ 17, 75, 0,[ 49, 20, 1]],

[ 59, 5, 0,[ 35, 6, 65, 41]],

[ 14, 85, 0,[ 52]],

[ 29, 5, 0,[ 65, 97, 22]],

[ 60, 15, 0,[ 7, 40, 23]],

[ 16, 5, 0,[ 89, 54, 13, 42]],

[ 56, 15, 0,[ 67, 31]],

[ 24, 55, 0,[ 44, 70, 43]],

[ 87, 15, 0,[ 4, 51, 83, 61]],

[ 8, 95, 1,[ 6, 62, 96, 89]],

[ 57, 15, 0,[ 62, 67, 12]],

[ 15, 55, 0,[ 89, 83, 62]],

[ 92, 5, 0,[ 54, 98, 0]],

[ 48, 75, 0,[ 21, 22, 99]],

[ 52, 85, 0,[ 81, 14, 13, 64]],

[ 62, 15, 0,[ 15, 88, 8, 57]],

[ 61, 15, 0,[ 94, 65, 74, 87]],

[ 91, 5, 0,[ 22, 6, 95]],

[ 47, 15, 0,[ 74, 83, 4]],

[ 71, 75, 0,[ 84]],

[ 98, 75, 0,[ 7, 95, 92]],

[ 25, 55, 0,[ 30, 36, 94, 66]],

[ 90, 75, 0,[ 68]],

[ 73, 55, 0,[ 26, 94, 54, 72]],

[ 96, 95, 0,[ 8]],

[ 5, 5, 0,[ 28, 39, 65]],

[ 11, 15, 0,[ 81]],

[ 86, 75, 0,[ 20, 34]],

[ 78, 55, 0,[ 82, 63, 18, 83, 12]],

[ 69, 5, 0,[ 76, 2, 39, 12]],

[ 34, 5, 1,[ 6, 31, 86]],

[ 18, 15, 0,[ 58, 33, 78]],

[ 83, 55, 1,[ 47, 70, 15, 78, 87, 38]],

[ 31, 85, 1,[ 56, 27, 43, 34]],

[ 9, 75, 0,[ 28, 36]],

[ 38, 55, 0,[ 83]],

[ 82, 55, 0,[ 58, 78, 75]],

[ 28, 5, 0,[ 6, 5, 9]],

[ 99, 75, 0,[ 10, 77, 72, 48, 27]],

[ 77, 15, 0,[ 99, 85, 67]],

[ 89, 35, 1,[ 15, 16, 58, 0, 8]],

[ 44, 55, 0,[ 24, 93]],

[ 76, 15, 0,[ 88, 69]],

[ 41, 15, 0,[ 95, 7, 59]],

[ 33, 15, 0,[ 18, 40, 94]],

[ 65, 5, 0,[ 5, 59, 29, 61]],

[ 36, 75, 0,[ 10, 9, 25]],

[ 35, 55, 1,[ 59, 85, 12]],

[ 3, 15, 0,[ 13, 2, 74]],

[ 88, 15, 0,[ 62, 30, 66, 32, 76, 26]],

[ 20, 75, 0,[ 17, 86, 13]],

[ 40, 15, 0,[ 7, 60, 33, 63]],

[ 32, 5, 0,[ 19, 2, 88]],

[ 67, 15, 0,[ 77, 37, 56, 57]],

[ 49, 15, 0,[ 26, 17, 85]],

[ 39, 75, 0,[ 10, 5, 69]],

[ 95, 75, 1,[ 79, 41, 91, 98]],

[ 46, 15, 0,[]],

[ 97, 55, 0,[ 55, 27, 29]],

