[ 95, 45, 1,[ 14, 77, 27]],

[ 17, 55, 1,[ 4, 99, 84]],

[ 68, 35, 1,[ 5, 60, 1, 76]],

[ 59, 85, 0,[ 33, 77]],

[ 22, 65, 1,[ 80, 34, 91, 5]],

[ 36, 15, 1,[ 78, 7, 25]],

[ 74, 5, 1,[ 1, 32, 97]],

[ 62, 95, 1,[ 67, 56, 4, 45]],

[ 77, 85, 0,[ 59, 95, 67]],

[ 72, 35, 0,[ 58, 13]],

[ 83, 25, 1,[ 1, 33, 91]],

[ 96, 15, 1,[ 23, 4, 67, 60]],

[ 10, 25, 0,[ 97, 54, 13, 75]],

[ 14, 65, 0,[ 41, 5, 95]],

[ 32, 25, 1,[ 38, 74, 46]],

[ 33, 25, 0,[ 59, 83, 38]],

[ 12, 35, 0,[ 69, 89, 66]],

[ 88, 35, 0,[ 49, 52, 76]],

[ 0, 35, 0,[ 29, 54, 3, 48]],

[ 27, 55, 1,[ 42, 49, 23, 95]],

[ 87, 25, 0,[ 94, 66, 20, 61]],

[ 38, 35, 1,[ 32, 33, 1]],

[ 71, 75, 0,[ 24, 66, 7, 42]],

[ 31, 35, 0,[ 92, 13, 26]],

[ 47, 5, 0,[ 41, 52]],

[ 24, 25, 0,[ 15, 71, 79]],

[ 48, 55, 1,[ 65, 3, 39, 0]],

[ 63, 5, 1,[ 56, 91, 29]],

[ 29, 35, 0,[ 63, 7, 66, 18, 0]],

[ 4, 85, 1,[ 96, 17, 11, 62]],

[ 30, 95, 1,[ 70, 58, 50, 20, 79]],

[ 21, 55, 0,[ 37, 34, 85]],

[ 37, 55, 1,[ 6, 93, 21]],

[ 61, 25, 0,[ 67, 87]],

[ 91, 5, 1,[ 63, 43, 49, 83, 22, 41]],

[ 56, 55, 1,[ 63, 62, 82, 92, 35]],

[ 70, 75, 1,[ 30, 73, 85, 3]],

[ 28, 15, 1,[ 86, 82]],

[ 25, 15, 1,[ 35, 84, 57, 36]],

[ 66, 75, 0,[ 90, 71, 12, 87, 29]],

[ 64, 55, 0,[ 39, 94]],

[ 39, 55, 0,[ 48, 90, 64, 42, 41]],

[ 75, 5, 0,[ 1, 10, 11]],

[ 98, 25, 1,[ 53, 6, 8]],

[ 41, 5, 0,[ 47, 91, 14, 39]],

[ 34, 65, 0,[ 76, 21, 22]],

[ 7, 35, 1,[ 35, 71, 29, 36, 45]],

[ 92, 65, 1,[ 56, 53, 76, 31]],

[ 13, 35, 0,[ 85, 72, 31, 81, 43, 10]],

[ 55, 25, 1,[ 58, 44, 35]],

[ 9, 5, 0,[ 86, 99, 52]],

[ 18, 25, 1,[ 50, 29]],

[ 85, 35, 1,[ 13, 53, 21, 70]],

[ 97, 25, 0,[ 76, 10, 74]],

[ 65, 55, 0,[ 48]],

[ 19, 75, 0,[ 82, 94]],

[ 8, 25, 1,[ 53, 78, 98, 93]],

[ 58, 95, 0,[ 72, 30, 55, 80]],

[ 1, 5, 1,[ 38, 52, 68, 50, 74, 75, 83]],

[ 60, 35, 1,[ 68, 99, 89, 96]],

[ 67, 85, 1,[ 62, 96, 61, 77]],

[ 5, 35, 0,[ 14, 68, 22, 69]],

[ 82, 75, 1,[ 49, 56, 28, 40, 19]],

[ 26, 65, 1,[ 46, 31, 84, 40]],

[ 79, 25, 0,[ 16, 24, 30]],

[ 45, 65, 1,[ 89, 7, 62]],

[ 44, 25, 0,[ 51, 23, 55]],

[ 50, 5, 0,[ 30, 1, 18]],

[ 86, 5, 0,[ 28, 9]],

[ 40, 65, 0,[ 20, 82, 26]],

[ 90, 75, 0,[ 39, 66]],

[ 2, 35, 0,[ 81, 16, 46]],

[ 6, 35, 0,[ 76, 98, 37]],

[ 93, 65, 1,[ 8, 69, 37]],

[ 73, 55, 1,[ 84, 70, 43]],

[ 51, 25, 0,[ 44, 57, 54]],

[ 53, 65, 1,[ 92, 98, 85, 8]],

[ 81, 35, 0,[ 2, 13]],

[ 80, 95, 0,[ 58, 22]],

[ 57, 45, 1,[ 25, 51, 15]],

[ 69, 35, 0,[ 5, 12, 93]],

[ 42, 55, 0,[ 39, 27, 71]],

[ 84, 35, 1,[ 17, 73, 26, 25]],

[ 35, 45, 1,[ 7, 56, 55, 25]],

[ 54, 25, 0,[ 51, 0, 10]],

[ 16, 35, 1,[ 78, 79, 2]],

[ 94, 25, 0,[ 19, 87, 64]],

[ 20, 95, 0,[ 30, 40, 87]],

[ 78, 75, 1,[ 8, 16, 36]],

[ 52, 5, 0,[ 76, 9, 1, 88, 47]],

[ 89, 25, 1,[ 45, 60, 12]],

[ 3, 65, 1,[ 0, 48, 70]],

[ 11, 35, 1,[ 15, 4, 75]],

[ 23, 35, 1,[ 96, 44, 27]],

[ 99, 35, 0,[ 17, 9, 60]],

[ 43, 65, 1,[ 91, 13, 73]],

[ 76, 35, 0,[ 52, 97, 92, 68, 6, 88, 34]],

[ 46, 45, 1,[ 2, 26, 32]],

[ 49, 25, 1,[ 27, 88, 91, 82]],

[ 15, 25, 0,[ 57, 11, 24]],

