[ 35, 95, 0,[ 90, 58, 55]],

[ 14, 55, 1,[ 31, 28, 64, 73]],

[ 30, 35, 0,[]],

[ 88, 45, 0,[]],

[ 5, 35, 0,[]],

[ 85, 45, 0,[]],

[ 55, 45, 0,[ 35, 76, 13]],

[ 8, 35, 0,[]],

[ 49, 95, 0,[ 22]],

[ 52, 65, 0,[]],

[ 25, 35, 0,[]],

[ 97, 95, 0,[ 9]],

[ 23, 55, 0,[]],

[ 53, 95, 0,[ 92, 84]],

[ 70, 35, 0,[]],

[ 46, 65, 0,[]],

[ 2, 35, 1,[ 68, 32, 60, 72]],

[ 6, 95, 0,[]],

[ 89, 55, 0,[]],

[ 32, 95, 0,[ 68, 2]],

[ 37, 95, 0,[ 56, 84, 58]],

[ 4, 95, 0,[]],

[ 96, 95, 0,[ 7]],

[ 11, 45, 0,[]],

[ 33, 55, 0,[ 56, 60]],

[ 67, 65, 0,[]],

[ 17, 95, 0,[]],

[ 81, 95, 0,[]],

[ 80, 95, 0,[ 98, 1]],

[ 48, 95, 0,[]],

[ 51, 95, 0,[]],

[ 28, 95, 0,[ 98, 14, 94]],

[ 73, 55, 0,[ 14, 68]],

[ 12, 95, 0,[]],

[ 86, 55, 0,[]],

[ 3, 45, 0,[ 60]],

[ 20, 35, 0,[]],

[ 10, 95, 0,[]],

[ 69, 95, 0,[]],

[ 71, 95, 0,[]],

[ 57, 55, 0,[]],

[ 45, 35, 0,[]],

[ 27, 45, 0,[]],

[ 75, 35, 0,[]],

[ 90, 65, 1,[ 56, 94, 35]],

[ 34, 95, 0,[]],

[ 66, 95, 0,[]],

[ 56, 55, 1,[ 37, 63, 90, 33]],

[ 7, 95, 0,[ 96]],

[ 29, 55, 0,[]],

[ 87, 55, 0,[]],

[ 84, 95, 0,[ 1, 37, 53]],

[ 91, 55, 0,[]],

[ 24, 45, 0,[]],

[ 40, 65, 0,[]],

[ 99, 35, 0,[]],

[ 79, 55, 0,[]],

[ 21, 95, 0,[]],

[ 16, 95, 0,[]],

[ 94, 95, 0,[ 28, 9, 90]],

[ 22, 95, 0,[ 49]],

[ 50, 45, 0,[]],

[ 42, 65, 0,[]],

[ 38, 95, 0,[]],

[ 15, 55, 0,[]],

[ 31, 55, 0,[ 58, 14, 72]],

[ 98, 95, 0,[ 80, 28]],

[ 72, 35, 1,[ 76, 31, 2, 78]],

[ 74, 35, 0,[]],

[ 82, 55, 0,[]],

[ 39, 65, 0,[]],

[ 54, 35, 0,[]],

[ 44, 65, 0,[]],

[ 92, 95, 0,[ 78, 53]],

[ 83, 95, 0,[]],

[ 78, 35, 1,[ 92, 68, 72]],

[ 93, 95, 0,[ 64, 13]],

[ 68, 95, 1,[ 73, 32, 2, 78]],

[ 13, 35, 1,[ 60, 93, 63, 55]],

[ 26, 95, 0,[]],

[ 62, 45, 0,[]],

[ 58, 95, 1,[ 1, 37, 63, 31, 35]],

[ 64, 95, 0,[ 14, 93]],

[ 77, 55, 0,[]],

[ 60, 45, 1,[ 3, 2, 33, 13, 76]],

[ 18, 55, 0,[]],

[ 0, 65, 0,[]],

[ 36, 35, 0,[]],

[ 47, 95, 0,[]],

[ 19, 55, 0,[]],

[ 76, 45, 0,[ 60, 55, 72]],

[ 95, 35, 0,[]],

[ 65, 55, 0,[]],

[ 1, 95, 0,[ 80, 84, 58]],

[ 61, 95, 0,[]],

[ 43, 35, 0,[]],

[ 9, 95, 0,[ 94, 97]],

[ 59, 95, 0,[]],

[ 63, 55, 0,[ 58, 56, 13]],

[ 41, 95, 0,[]],

