[ 82, 55, 0,[ 41]],

[ 6, 55, 0,[ 30, 76]],

[ 0, 65, 0,[]],

[ 71, 65, 0,[ 37, 64]],

[ 33, 55, 0,[]],

[ 67, 15, 0,[ 92]],

[ 94, 65, 0,[ 39, 29]],

[ 19, 45, 0,[]],

[ 77, 15, 0,[ 97, 1, 41, 42, 62]],

[ 8, 65, 0,[]],

[ 34, 35, 0,[ 69, 44]],

[ 54, 65, 0,[ 93, 29]],

[ 53, 55, 0,[ 80, 50, 75, 38]],

[ 72, 45, 0,[ 59, 97, 27]],

[ 39, 65, 0,[ 79, 94]],

[ 10, 65, 1,[ 61, 49, 59, 58, 24]],

[ 81, 65, 0,[ 24, 30, 60, 3]],

[ 30, 35, 1,[ 26, 92, 81, 44, 6, 35, 1]],

[ 29, 65, 0,[ 94, 27, 54]],

[ 11, 45, 0,[]],

[ 87, 65, 0,[]],

[ 47, 55, 0,[]],

[ 58, 15, 1,[ 10, 91, 64]],

[ 35, 35, 0,[ 97, 45, 30]],

[ 9, 15, 0,[]],

[ 41, 55, 1,[ 55, 77, 85, 82, 26]],

[ 74, 15, 0,[ 62]],

[ 15, 35, 0,[]],

[ 51, 35, 0,[]],

[ 5, 55, 0,[]],

[ 22, 15, 0,[]],

[ 80, 55, 0,[ 53, 97, 14]],

[ 95, 65, 0,[]],

[ 84, 15, 0,[ 92]],

[ 32, 65, 0,[]],

[ 18, 15, 0,[]],

[ 7, 15, 0,[ 75, 57]],

[ 21, 65, 0,[]],

[ 59, 95, 0,[ 72, 31, 10]],

[ 93, 55, 0,[ 65, 54]],

[ 37, 65, 0,[ 71]],

[ 24, 65, 0,[ 10, 50, 81]],

[ 20, 55, 0,[]],

[ 49, 65, 0,[ 4, 10, 60]],

[ 97, 45, 1,[ 1, 35, 72, 55, 48, 77, 80, 61, 70]],

[ 64, 65, 1,[ 27, 71, 58, 85, 75]],

[ 86, 95, 0,[ 70, 50]],

[ 91, 15, 0,[ 58, 66, 14, 36]],

[ 90, 15, 0,[ 75]],

[ 96, 55, 0,[]],

[ 83, 35, 0,[]],

[ 48, 45, 0,[ 97, 44, 75]],

[ 89, 95, 0,[ 50, 92]],

[ 57, 35, 0,[ 73, 45, 7]],

[ 17, 15, 0,[]],

[ 76, 55, 0,[ 4, 1, 6]],

[ 40, 15, 0,[]],

[ 88, 55, 0,[]],

[ 14, 55, 0,[ 80, 26, 91]],

[ 62, 15, 0,[ 74, 77]],

[ 1, 15, 1,[ 76, 30, 77, 97]],

[ 66, 15, 0,[ 98, 91]],

[ 25, 65, 0,[]],

[ 16, 65, 0,[]],

[ 73, 95, 0,[ 31, 57]],

[ 63, 35, 0,[]],

[ 61, 45, 0,[ 50, 10, 97]],

[ 43, 65, 0,[]],

[ 60, 65, 0,[ 49, 81, 75]],

[ 99, 95, 0,[]],

[ 42, 15, 0,[ 77, 50, 78]],

[ 44, 35, 0,[ 48, 34, 30]],

[ 45, 35, 0,[ 35, 57, 4]],

[ 70, 95, 0,[ 2, 86, 97]],

[ 36, 15, 0,[ 91]],

[ 56, 35, 0,[]],

[ 92, 15, 0,[ 84, 67, 30, 89]],

[ 50, 95, 1,[ 89, 61, 3, 42, 78, 86, 24, 53]],

[ 78, 55, 0,[ 4, 42, 50]],

[ 75, 15, 1,[ 7, 48, 60, 90, 53, 64]],

[ 27, 65, 0,[ 29, 64, 72]],

[ 52, 15, 0,[]],

[ 23, 65, 0,[]],

[ 69, 35, 0,[ 31, 34]],

[ 13, 35, 0,[]],

[ 85, 65, 0,[ 41, 64]],

[ 65, 55, 0,[ 31, 93, 55]],

[ 79, 65, 0,[ 39]],

[ 26, 55, 0,[ 30, 41, 14]],

[ 28, 95, 0,[]],

[ 12, 95, 0,[]],

[ 55, 55, 0,[ 97, 41, 65]],

[ 46, 35, 0,[]],

[ 31, 95, 0,[ 69, 65, 59, 73]],

[ 3, 65, 0,[ 50, 81]],

[ 4, 55, 1,[ 76, 45, 49, 78]],

[ 2, 95, 0,[ 70]],

[ 38, 55, 0,[ 53]],

[ 98, 15, 0,[ 66]],

[ 68, 95, 0,[]],

