[ 48, 85, 0,[ 88, 95, 43, 27]],

[ 63, 85, 0,[ 65, 88, 5]],

[ 27, 25, 0,[ 48, 37]],

[ 36, 85, 0,[ 52, 54, 79]],

[ 93, 35, 1,[ 34, 22, 52, 96]],

[ 59, 85, 0,[ 26]],

[ 69, 85, 0,[ 54, 90, 26]],

[ 61, 85, 0,[ 82, 89, 86]],

[ 10, 55, 0,[ 88, 80, 77]],

[ 87, 85, 0,[ 91, 53, 32]],

[ 88, 55, 1,[ 9, 99, 10, 23, 73, 66, 58, 46, 63, 83, 25, 97, 48, 17, 65]],

[ 13, 85, 0,[ 9, 89, 42, 31]],

[ 70, 85, 0,[ 83, 2, 41]],

[ 45, 85, 0,[ 32, 33, 11, 6]],

[ 77, 75, 1,[ 95, 62, 41, 4, 57, 37, 7, 68, 78, 21, 10, 56, 3, 43]],

[ 40, 85, 0,[ 34, 16, 94]],

[ 46, 25, 0,[ 89, 37, 88]],

[ 26, 85, 0,[ 8, 69, 59]],

[ 38, 85, 0,[ 60, 16, 54]],

[ 2, 85, 0,[ 70, 66, 33]],

[ 97, 85, 0,[ 96, 88, 57]],

[ 6, 85, 0,[ 45]],

[ 43, 85, 0,[ 77, 75, 48, 29, 91]],

[ 94, 85, 0,[ 50, 22, 40]],

[ 90, 85, 0,[ 53, 74, 69, 84, 54]],

[ 12, 85, 0,[ 72, 44]],

[ 49, 5, 1,[ 35, 51, 52, 31, 83, 67, 11, 68, 71]],

[ 34, 85, 0,[ 40, 53, 41, 93]],

[ 72, 85, 0,[ 12, 71, 54]],

[ 19, 25, 0,[ 56, 53, 14]],

[ 14, 25, 0,[ 35, 19, 53]],

[ 50, 85, 0,[ 9, 94, 53]],

[ 60, 85, 0,[ 95, 84, 38, 30]],

[ 66, 85, 0,[ 53, 2, 88]],

[ 20, 75, 0,[ 7, 78, 51, 53, 76]],

[ 89, 85, 0,[ 61, 13, 80, 46]],

[ 82, 5, 0,[ 61, 11]],

[ 56, 75, 0,[ 22, 19, 42, 77]],

[ 28, 15, 0,[ 91, 99, 54]],

[ 51, 5, 0,[ 8, 20, 49]],

[ 41, 85, 0,[ 34, 0, 70, 77]],

[ 85, 85, 0,[ 54, 22, 17, 80]],

[ 3, 85, 0,[ 15, 77, 62]],

[ 65, 85, 0,[ 88, 64, 63, 22]],

[ 78, 75, 0,[ 77, 54, 20]],

[ 33, 85, 0,[ 57, 45, 2, 25, 54]],

[ 92, 35, 0,[ 96, 39]],

[ 62, 85, 0,[ 3, 77]],

[ 24, 85, 0,[ 17]],

[ 30, 85, 0,[ 60, 79, 71]],

[ 0, 85, 0,[ 41, 71, 39]],

[ 32, 85, 0,[ 87, 79, 45]],

[ 86, 85, 0,[ 54, 61, 44, 18]],

[ 76, 15, 0,[ 35, 20, 73]],

[ 71, 85, 0,[ 0, 49, 83, 72, 30]],

[ 15, 85, 0,[ 22, 3, 17, 55]],

[ 79, 85, 0,[ 31, 36, 32, 75, 30]],

[ 64, 85, 0,[ 23, 65]],

[ 83, 85, 0,[ 88, 70, 44, 71, 49]],

[ 23, 85, 0,[ 64, 8, 88]],

[ 67, 5, 0,[ 49]],

[ 7, 75, 0,[ 77, 39, 20]],

[ 4, 75, 0,[ 99, 77]],

[ 22, 35, 1,[ 94, 56, 15, 85, 65, 1, 29, 93, 47]],

[ 54, 15, 1,[ 28, 86, 39, 69, 47, 85, 90, 38, 72, 33, 78, 91, 36, 55, 73, 75]],

[ 1, 25, 0,[ 53, 22, 37]],

[ 95, 85, 0,[ 60, 77, 48]],

[ 73, 15, 0,[ 88, 76, 54]],

[ 5, 85, 1,[ 25, 63]],

[ 52, 85, 0,[ 29, 36, 49, 93, 57]],

[ 98, 85, 0,[ 29]],

[ 39, 35, 0,[ 54, 92, 7, 0]],

[ 16, 85, 0,[ 40, 58, 38]],

[ 55, 85, 0,[ 80, 54, 15]],

[ 91, 85, 0,[ 54, 43, 28, 87]],

[ 99, 55, 0,[ 4, 28, 88]],

[ 44, 85, 0,[ 86, 12, 83]],

[ 80, 85, 1,[ 85, 89, 55, 10]],

[ 8, 85, 1,[ 51, 26, 23, 74]],

[ 29, 85, 0,[ 22, 98, 43, 52]],

[ 96, 35, 0,[ 97, 93, 92]],

[ 53, 25, 1,[ 14, 66, 81, 90, 87, 34, 19, 1, 20, 50, 74]],

[ 58, 85, 0,[ 88, 16, 35]],

[ 75, 85, 0,[ 79, 43, 54]],

[ 18, 85, 0,[ 86, 47]],

[ 37, 25, 0,[ 46, 27, 1, 77]],

[ 74, 85, 0,[ 90, 8, 53]],

[ 84, 85, 0,[ 60, 81, 90]],

[ 47, 15, 0,[ 54, 18, 22]],

[ 17, 85, 0,[ 85, 24, 88, 15]],

[ 25, 85, 0,[ 5, 33, 88]],

[ 35, 85, 0,[ 14, 76, 58, 49]],

[ 9, 85, 0,[ 50, 88, 13]],

[ 21, 75, 0,[ 77, 31]],

[ 11, 5, 0,[ 49, 82, 45]],

[ 81, 85, 0,[ 53, 57, 84]],

[ 68, 5, 0,[ 49, 77]],

[ 57, 85, 0,[ 81, 77, 97, 52, 33]],

[ 42, 85, 0,[ 13, 56]],

[ 31, 85, 0,[ 49, 13, 21, 79]],

