[ 74, 85, 0,[ 58, 30, 4]],

[ 52, 85, 1,[ 27, 84, 89]],

[ 11, 35, 1,[ 57, 40, 83, 75]],

[ 43, 75, 0,[ 95, 16, 96, 81]],

[ 38, 55, 0,[ 73, 5, 57, 3, 63]],

[ 42, 25, 1,[ 21, 0, 87]],

[ 34, 65, 1,[ 48, 92, 17]],

[ 7, 5, 0,[ 97, 73, 46]],

[ 88, 45, 0,[ 53, 84, 19, 4]],

[ 75, 65, 0,[ 57, 13, 11]],

[ 5, 65, 0,[ 38, 60, 51, 39, 19]],

[ 68, 95, 1,[ 90, 89, 70]],

[ 91, 15, 1,[ 20, 14, 77]],

[ 10, 95, 1,[ 63, 15, 50]],

[ 86, 45, 0,[ 35, 70, 36]],

[ 81, 75, 0,[ 14, 6, 43, 61]],

[ 49, 75, 0,[ 65, 20, 14]],

[ 99, 65, 0,[ 8, 67, 55]],

[ 32, 85, 1,[ 76, 56, 62, 71]],

[ 70, 85, 1,[ 21, 86, 97, 68]],

[ 71, 45, 0,[ 83, 32, 58]],

[ 8, 15, 1,[ 53, 99, 61, 15]],

[ 87, 25, 0,[ 66, 42, 61, 16]],

[ 54, 85, 1,[ 40, 65, 62]],

[ 37, 65, 0,[ 24, 27, 3]],

[ 80, 75, 0,[ 18, 67, 27]],

[ 95, 95, 1,[ 12, 3, 92, 43]],

[ 51, 45, 1,[ 31, 33, 5]],

[ 73, 75, 1,[ 20, 57, 89, 38, 7]],

[ 56, 5, 0,[ 64, 17, 32, 77]],

[ 89, 85, 0,[ 68, 53, 73, 52]],

[ 77, 45, 1,[ 24, 91, 56]],

[ 85, 75, 1,[ 69, 50, 36, 64]],

[ 3, 75, 1,[ 38, 95, 37, 22]],

[ 83, 15, 1,[ 71, 11, 92]],

[ 1, 5, 0,[ 78, 29]],

[ 63, 15, 1,[ 26, 10, 4, 38]],

[ 90, 65, 1,[ 72, 68, 27, 60, 2]],

[ 98, 95, 0,[ 24, 17, 23]],

[ 46, 5, 0,[ 14, 6, 7]],

[ 93, 25, 1,[ 55, 82, 44]],

[ 45, 35, 1,[ 22, 24, 82, 79]],

[ 61, 45, 0,[ 8, 87, 81]],

[ 17, 75, 0,[ 34, 56, 98, 30]],

[ 79, 15, 1,[ 33, 45, 19]],

[ 6, 35, 1,[ 22, 81, 46]],

[ 47, 85, 0,[ 66, 18, 31, 23]],

[ 69, 15, 0,[ 18, 25, 85]],

[ 64, 95, 0,[ 28, 56, 85]],

[ 97, 5, 0,[ 70, 29, 7]],

[ 96, 95, 0,[ 43, 76, 28]],

[ 26, 25, 1,[ 63, 28, 55, 94]],

[ 30, 45, 1,[ 24, 74, 17]],

[ 31, 75, 0,[ 19, 58, 51, 47]],

[ 9, 25, 1,[ 4, 36]],

[ 76, 55, 0,[ 96, 66, 32]],

[ 41, 5, 0,[ 25, 72, 44]],

[ 53, 95, 1,[ 8, 15, 88, 89]],

[ 29, 5, 0,[ 1, 97, 39]],

[ 21, 95, 0,[ 12, 42, 70]],

[ 60, 65, 0,[ 72, 90, 5]],

[ 44, 75, 1,[ 55, 41, 93, 78]],

[ 62, 15, 1,[ 35, 54, 58, 32]],

[ 82, 25, 0,[ 93, 45]],

[ 84, 15, 1,[ 88, 52, 94]],

[ 13, 95, 0,[ 59, 75, 0]],

[ 23, 85, 0,[ 12, 98, 47]],

[ 25, 75, 1,[ 69, 41, 59]],

[ 94, 45, 0,[ 84, 28, 26]],

[ 27, 65, 0,[ 90, 37, 80, 52]],

[ 14, 75, 0,[ 46, 91, 81, 49]],

[ 33, 65, 0,[ 79, 92, 72, 51]],

[ 2, 25, 1,[ 90, 57, 65]],

[ 78, 85, 1,[ 44, 67, 1]],

[ 12, 95, 1,[ 95, 23, 21]],

[ 0, 25, 1,[ 13, 42]],

[ 57, 55, 1,[ 11, 38, 73, 2, 75]],

[ 15, 45, 0,[ 10, 53, 8]],

[ 24, 85, 1,[ 77, 30, 37, 92, 45, 59, 98]],

[ 48, 75, 0,[ 67, 34]],

[ 50, 95, 0,[ 85, 72, 10]],

[ 72, 65, 0,[ 50, 41, 33, 90, 60]],

[ 66, 55, 1,[ 87, 76, 47]],

[ 59, 95, 0,[ 24, 25, 13]],

[ 92, 95, 1,[ 24, 95, 33, 34, 35, 83]],

[ 22, 85, 1,[ 3, 45, 6]],

[ 65, 75, 0,[ 54, 2, 49]],

[ 35, 95, 1,[ 92, 86, 62, 67]],

[ 58, 75, 1,[ 74, 62, 31, 71, 16]],

[ 28, 15, 1,[ 26, 40, 94, 39, 96, 64]],

[ 4, 65, 1,[ 74, 9, 88, 63]],

[ 18, 25, 1,[ 69, 80, 36, 47]],

[ 55, 65, 0,[ 44, 93, 26, 99]],

[ 20, 95, 1,[ 49, 91, 73]],

[ 40, 65, 0,[ 54, 11, 28]],

[ 16, 65, 1,[ 58, 43, 87]],

[ 19, 5, 1,[ 5, 88, 79, 31]],

[ 39, 5, 0,[ 29, 5, 28]],

[ 36, 45, 0,[ 85, 9, 18, 86]],

[ 67, 45, 1,[ 99, 48, 80, 35, 78]],

[ 39, 35, 1,[ 20, 55, 16, 82, 28]],

[ 41, 5, 0,[ 52, 95, 53]],

[ 31, 5, 1,[ 99, 77, 60]],

[ 23, 5, 1,[ 4, 70, 16, 90]],

[ 53, 65, 1,[ 34, 58, 41, 73]],

[ 11, 85, 0,[ 74, 21]],

[ 26, 95, 1,[ 28, 13, 16]],

[ 20, 45, 0,[ 39, 38, 44]],

[ 78, 45, 1,[ 73, 96, 90]],

[ 91, 95, 0,[ 72, 17, 92]],

[ 87, 5, 1,[ 45, 56, 82]],

[ 14, 35, 0,[ 76, 29, 77]],

[ 81, 75, 0,[ 35, 66, 75]],

[ 92, 85, 1,[ 48, 47, 91, 10, 93, 71, 33]],

[ 89, 25, 0,[ 45, 40, 70]],

[ 59, 75, 0,[ 17, 22, 52, 97]],

[ 44, 5, 0,[ 64, 83, 20, 24]],

[ 96, 75, 1,[ 78, 13, 74]],

[ 55, 45, 0,[ 80, 50, 39]],

[ 94, 65, 1,[ 97, 9, 17]],

[ 35, 35, 1,[ 81, 6, 98, 7]],

[ 42, 85, 1,[ 47, 48, 28]],

[ 90, 75, 1,[ 78, 23, 54]],

[ 63, 35, 1,[ 36, 88, 74]],

[ 33, 95, 0,[ 54, 51, 92]],

[ 36, 25, 0,[ 47, 28, 63]],

[ 38, 75, 1,[ 20, 64, 76]],

[ 56, 35, 0,[ 87, 85, 17]],

[ 25, 35, 1,[ 6, 67, 43]],

[ 32, 95, 0,[ 13, 58, 24]],

[ 52, 5, 0,[ 59, 41, 30]],

[ 60, 25, 0,[ 31, 10, 47]],

[ 15, 85, 1,[ 69, 9, 54, 57]],

[ 27, 85, 1,[ 3, 76, 79, 0]],

[ 6, 45, 1,[ 25, 68, 35]],

[ 1, 45, 0,[ 73, 79, 86]],

[ 17, 65, 1,[ 94, 56, 4, 18, 59, 91]],

[ 18, 15, 1,[ 62, 71, 17]],

[ 97, 25, 0,[ 2, 94, 57, 59]],

[ 37, 85, 0,[ 24, 84, 75]],

[ 9, 75, 0,[ 94, 93, 15]],

[ 7, 95, 0,[ 22, 35, 95]],

[ 70, 5, 1,[ 65, 23, 89, 3]],

[ 50, 15, 1,[ 40, 55, 4]],

[ 64, 95, 0,[ 44, 86, 19, 38]],

[ 83, 95, 1,[ 44, 79, 2]],

[ 72, 95, 1,[ 51, 91]],

[ 0, 45, 1,[ 27, 61, 8]],

[ 77, 15, 1,[ 14, 21, 31, 5]],

[ 57, 25, 1,[ 15, 97, 66]],

[ 61, 65, 0,[ 67, 0, 43, 95]],

[ 19, 5, 1,[ 43, 30, 46, 64]],

[ 3, 95, 0,[ 27, 10, 46, 70]],

[ 82, 45, 0,[ 49, 39, 87]],

[ 2, 25, 1,[ 95, 97, 83]],

[ 84, 85, 1,[ 24, 37, 12]],

[ 51, 55, 1,[ 72, 33, 86, 10]],

[ 58, 95, 0,[ 46, 53, 32]],

[ 71, 5, 1,[ 92, 18, 69, 62]],

[ 47, 45, 1,[ 60, 42, 36, 92]],

[ 80, 55, 0,[ 49, 55]],

[ 67, 95, 1,[ 28, 61, 25]],

[ 45, 5, 1,[ 29, 87, 89]],

[ 68, 35, 0,[ 62, 29, 6]],

[ 62, 35, 0,[ 18, 71, 68, 54]],

[ 29, 35, 0,[ 65, 68, 45, 14]],

[ 43, 65, 0,[ 61, 19, 25]],

[ 10, 15, 1,[ 92, 60, 51, 3]],

[ 24, 45, 1,[ 37, 84, 44, 32]],

[ 66, 75, 0,[ 81, 34, 57, 5]],

[ 93, 95, 0,[ 8, 92, 9]],

[ 73, 65, 1,[ 30, 78, 1, 99, 53]],

[ 8, 65, 1,[ 0, 22, 30, 93]],

[ 99, 45, 1,[ 31, 73, 88]],

[ 34, 75, 0,[ 88, 66, 53]],

[ 88, 85, 0,[ 63, 99, 85, 21, 34]],

[ 79, 45, 0,[ 83, 1, 65, 27]],

[ 85, 15, 1,[ 56, 88, 49, 98]],

[ 69, 75, 0,[ 71, 95, 15]],

[ 75, 25, 1,[ 81, 37, 12, 98]],

[ 65, 45, 0,[ 29, 79, 70]],

[ 21, 65, 1,[ 77, 88, 11]],

[ 12, 45, 1,[ 84, 40, 75]],

[ 95, 85, 1,[ 69, 7, 2, 61, 41]],

[ 48, 85, 0,[ 40, 92, 42]],

[ 16, 75, 0,[ 39, 23, 26]],

[ 13, 95, 0,[ 96, 26, 32]],

[ 5, 85, 1,[ 77, 28, 66]],

[ 28, 5, 0,[ 39, 26, 67, 5, 36, 42]],

[ 46, 5, 1,[ 3, 19, 58]],

[ 86, 45, 0,[ 51, 1, 64]],

[ 22, 75, 0,[ 7, 8, 59]],

[ 49, 85, 0,[ 85, 80, 82]],

[ 4, 95, 1,[ 17, 23, 50]],

[ 30, 15, 1,[ 52, 19, 8, 73]],

[ 74, 85, 0,[ 96, 11, 63]],

[ 54, 35, 0,[ 62, 33, 90, 15]],

[ 98, 15, 0,[ 35, 75, 85]],

[ 40, 75, 0,[ 89, 48, 12, 50]],

[ 76, 35, 0,[ 14, 27, 38]],

