[ 30, 15, 1,[ 1, 4, 24, 73]],

[ 37, 55, 0,[ 87, 5, 69]],

[ 66, 45, 0,[ 22, 27]],

[ 8, 15, 1,[ 81, 10, 32, 59, 9]],

[ 90, 15, 0,[ 40, 75, 79, 28, 99]],

[ 28, 15, 0,[ 45, 35, 90]],

[ 22, 45, 1,[ 52, 66, 10]],

[ 42, 45, 0,[ 17, 11, 89]],

[ 26, 85, 1,[ 7, 5, 55, 15]],

[ 47, 55, 1,[ 33, 97, 24, 19]],

[ 10, 85, 1,[ 67, 3, 78, 94, 8, 22]],

[ 68, 95, 1,[ 44, 13, 34]],

[ 88, 75, 0,[ 72, 18, 58]],

[ 94, 15, 0,[ 10, 41, 59]],

[ 54, 75, 1,[ 86, 83, 18, 95]],

[ 52, 55, 0,[ 2, 17, 19, 22]],

[ 78, 15, 0,[ 10, 55, 39]],

[ 7, 85, 1,[ 61, 76, 26]],

[ 3, 5, 1,[ 72, 87, 10]],

[ 97, 55, 0,[ 47, 27, 67]],

[ 57, 55, 0,[ 67, 92, 21]],

[ 48, 55, 0,[ 33, 67, 70]],

[ 89, 55, 0,[ 2, 82, 42, 14]],

[ 87, 55, 1,[ 19, 37, 53, 85, 3, 29]],

[ 86, 95, 0,[ 93, 54, 95]],

[ 96, 95, 1,[ 76, 21, 43, 59]],

[ 61, 85, 0,[ 39, 0, 7]],

[ 92, 45, 1,[ 57, 27, 20]],

[ 85, 55, 0,[ 71, 87, 93]],

[ 23, 25, 1,[ 44, 21, 46]],

[ 12, 15, 1,[ 55, 18, 75]],

[ 20, 15, 1,[ 56, 1, 15, 92, 79, 13]],

[ 76, 95, 1,[ 7, 96, 29, 1, 24, 27, 49]],

[ 93, 55, 1,[ 99, 82, 86, 85]],

[ 67, 55, 1,[ 10, 57, 97, 48]],

[ 41, 95, 1,[ 65, 73, 94]],

[ 4, 45, 1,[ 77, 64, 40, 30]],

[ 0, 65, 1,[ 75, 61, 14, 44]],

[ 77, 15, 0,[ 4, 74, 98, 50]],

[ 65, 15, 0,[ 41, 43, 60]],

[ 53, 95, 0,[ 80, 95, 87]],

[ 91, 15, 0,[ 45, 40, 6]],

[ 29, 75, 0,[ 76, 87, 74]],

[ 69, 55, 0,[ 71, 49, 63, 18, 37]],

[ 5, 55, 1,[ 71, 74, 37, 26]],

[ 44, 45, 1,[ 23, 11, 68, 84, 0]],

[ 74, 55, 1,[ 64, 29, 77, 9, 5]],

[ 51, 35, 0,[ 15, 56, 58]],

[ 49, 55, 0,[ 81, 69, 76]],

[ 17, 5, 1,[ 42, 19, 38, 52, 84]],

[ 79, 15, 0,[ 33, 90, 20, 31]],

[ 21, 65, 0,[ 23, 96, 57]],

[ 45, 15, 0,[ 50, 60, 28, 91]],

[ 56, 65, 1,[ 38, 40, 51, 20]],

[ 36, 55, 0,[ 33, 16, 50]],

[ 2, 55, 0,[ 18, 89, 52]],

[ 99, 15, 0,[ 93, 90, 81]],

[ 9, 55, 0,[ 74, 46, 8]],

[ 46, 45, 0,[ 9, 18, 23]],

[ 31, 15, 1,[ 95, 73, 79]],

[ 40, 15, 0,[ 56, 4, 91, 90]],

[ 16, 55, 0,[ 64, 33, 36]],

[ 71, 55, 0,[ 85, 69, 5]],

[ 64, 35, 1,[ 74, 4, 16]],

[ 55, 45, 1,[ 12, 78, 83, 26]],

[ 63, 25, 1,[ 11, 82, 69]],

[ 75, 15, 1,[ 12, 0, 90, 39]],

[ 34, 95, 1,[ 68, 35]],

[ 18, 75, 1,[ 88, 54, 33, 2, 69, 12, 70, 46]],

[ 70, 45, 0,[ 48, 11, 18]],

[ 82, 55, 0,[ 63, 13, 89, 93]],

[ 98, 95, 0,[ 77, 60, 95]],

[ 95, 5, 1,[ 14, 53, 86, 31, 54, 98, 84]],

[ 32, 15, 0,[ 43, 8, 81]],

[ 24, 25, 1,[ 76, 30, 47]],

[ 6, 15, 1,[ 83, 80, 73, 91]],

[ 62, 75, 0,[ 25, 72, 38]],

[ 83, 25, 0,[ 54, 55, 6]],

[ 25, 75, 0,[ 62, 35, 58]],

[ 60, 15, 1,[ 98, 65, 45, 19]],

[ 84, 5, 1,[ 44, 80, 17, 95]],

[ 80, 85, 0,[ 84, 6, 53]],

[ 72, 75, 1,[ 62, 88, 3]],

[ 27, 5, 1,[ 76, 66, 92, 97]],

[ 33, 15, 1,[ 16, 47, 79, 36, 18, 48]],

[ 58, 65, 1,[ 25, 50, 88, 51]],

[ 59, 65, 0,[ 96, 94, 8]],

[ 1, 15, 0,[ 20, 30, 76]],

[ 15, 25, 1,[ 26, 20, 51]],

[ 50, 15, 1,[ 77, 36, 58, 45]],

[ 14, 95, 0,[ 89, 95, 0]],

[ 19, 55, 1,[ 17, 87, 47, 60, 52]],

[ 11, 95, 1,[ 42, 63, 44, 70]],

[ 35, 35, 1,[ 25, 34, 28]],

[ 38, 35, 1,[ 62, 17, 56]],

[ 39, 15, 0,[ 75, 78, 61]],

[ 13, 55, 1,[ 20, 68, 82]],

[ 81, 15, 0,[ 8, 32, 49, 99]],

[ 43, 15, 0,[ 96, 32, 65]],

[ 73, 15, 0,[ 30, 6, 31, 41]],

[ 40, 65, 0,[ 46, 50, 56, 12]],

[ 72, 65, 1,[ 79, 78, 0]],

[ 45, 65, 0,[ 85, 2, 65]],

[ 68, 65, 0,[ 2, 7, 54]],

[ 6, 85, 0,[ 36, 91, 22]],

[ 57, 75, 1,[ 26, 59, 2]],

[ 20, 85, 0,[ 43, 17, 1]],

[ 27, 65, 1,[ 79, 85, 37]],

[ 42, 65, 0,[ 82, 10, 23, 32]],

[ 50, 65, 0,[ 55, 49, 40]],

[ 58, 5, 1,[ 92, 12, 21, 13]],

[ 51, 65, 0,[ 53, 37, 15]],

[ 67, 35, 1,[ 73, 15, 84, 24]],

[ 81, 5, 0,[ 22, 88]],

[ 88, 55, 1,[ 77, 81, 35, 16]],

[ 93, 25, 1,[ 80, 48, 7]],

[ 92, 65, 0,[ 30, 75, 53, 58]],

[ 95, 15, 0,[ 83, 69, 73]],

[ 0, 65, 0,[ 72, 29, 79]],

[ 63, 65, 0,[ 25, 9, 66, 31, 24, 99]],

[ 89, 5, 1,[ 35, 52, 65, 23, 38, 10]],

[ 47, 65, 1,[ 83, 38, 59, 79, 26, 91, 12, 98]],

[ 15, 65, 1,[ 67, 61, 51]],

[ 97, 65, 1,[ 21, 76, 4]],

[ 28, 65, 1,[ 70, 44, 5, 9]],

[ 85, 5, 1,[ 37, 27, 45, 70]],

[ 34, 65, 0,[ 11, 38, 76, 37]],

[ 76, 65, 0,[ 62, 34, 97]],

[ 46, 65, 1,[ 40, 1, 18, 52]],

[ 61, 95, 1,[ 15, 62, 48]],

[ 86, 65, 0,[ 41, 2]],

[ 74, 25, 1,[ 54, 55, 21]],

[ 65, 65, 1,[ 45, 54, 89]],

[ 91, 15, 1,[ 6, 18, 47]],

[ 14, 45, 1,[ 33, 36, 49]],

[ 43, 85, 0,[ 53, 20]],

[ 54, 25, 1,[ 77, 74, 68, 65]],

[ 9, 65, 0,[ 28, 25, 63]],

[ 71, 35, 0,[ 38, 80, 37]],

[ 22, 5, 1,[ 8, 81, 53, 24, 4, 6]],

[ 83, 45, 1,[ 95, 98, 47]],

[ 21, 85, 1,[ 90, 60, 97, 74, 58, 66]],

[ 23, 65, 0,[ 66, 78, 89, 42]],

[ 16, 45, 0,[ 49, 88, 70]],

[ 98, 15, 0,[ 39, 47, 44, 83]],

[ 73, 75, 0,[ 95, 48, 67]],

[ 32, 65, 0,[ 3, 42, 2]],

[ 17, 5, 1,[ 20, 31, 24]],

[ 82, 65, 0,[ 37, 42, 36]],

[ 60, 25, 0,[ 84, 21, 33]],

[ 87, 65, 0,[ 35, 94, 78]],

[ 94, 65, 1,[ 87, 53, 99]],

[ 33, 95, 0,[ 69, 64, 60, 14, 11]],

[ 13, 65, 1,[ 58, 84, 64]],

[ 70, 45, 0,[ 85, 28, 16]],

[ 64, 95, 0,[ 13, 33]],

[ 90, 25, 0,[ 56, 21]],

[ 78, 65, 1,[ 75, 87, 38, 10, 23, 72]],

[ 41, 65, 1,[ 59, 99, 84, 86]],

[ 62, 95, 1,[ 76, 96, 61, 84]],

[ 59, 15, 0,[ 47, 41, 69, 57]],

[ 39, 65, 0,[ 19, 98, 79]],

[ 2, 75, 1,[ 5, 31, 45, 57, 68, 86, 32]],

[ 79, 65, 1,[ 39, 0, 47, 27, 72]],

[ 44, 75, 1,[ 96, 28, 98, 19, 75]],

[ 96, 55, 1,[ 44, 62, 30]],

[ 7, 65, 0,[ 68, 93, 55]],

[ 5, 65, 0,[ 2, 24, 28]],

[ 53, 75, 1,[ 92, 22, 94, 43, 51, 3]],

[ 56, 25, 1,[ 40, 3, 90]],

[ 48, 5, 0,[ 93, 73, 61]],

[ 31, 65, 1,[ 4, 2, 29, 63, 17]],

[ 29, 25, 1,[ 25, 0, 31]],

[ 4, 65, 1,[ 97, 31, 22, 19]],

[ 99, 65, 1,[ 94, 41, 63]],

[ 38, 85, 1,[ 47, 78, 34, 1, 89, 71, 26]],

[ 37, 65, 1,[ 85, 27, 51, 34, 82, 71]],

[ 75, 65, 0,[ 44, 78, 92]],

[ 30, 65, 1,[ 96, 36, 52, 92]],

[ 55, 65, 0,[ 7, 74, 50]],

[ 52, 65, 0,[ 46, 30, 89]],

[ 66, 65, 0,[ 21, 23, 63]],

[ 10, 65, 0,[ 78, 42, 89]],

[ 12, 15, 1,[ 40, 58, 47]],

[ 84, 95, 1,[ 13, 67, 41, 62, 60]],

[ 80, 15, 1,[ 71, 8, 93, 49]],

[ 18, 45, 0,[ 91, 11, 46]],

[ 3, 25, 1,[ 53, 8, 32, 56]],

[ 11, 55, 1,[ 34, 33, 18]],

[ 24, 65, 0,[ 5, 17, 67, 22, 63]],

[ 1, 15, 0,[ 46, 38, 20]],

[ 49, 45, 0,[ 16, 80, 14, 50]],

[ 25, 65, 0,[ 9, 29, 63]],

[ 35, 55, 1,[ 88, 87, 89, 77]],

[ 77, 75, 0,[ 88, 35, 54]],

[ 26, 15, 0,[ 57, 38, 47]],

[ 36, 65, 0,[ 82, 6, 30, 14]],

[ 19, 65, 1,[ 44, 4, 39]],

[ 8, 45, 0,[ 80, 3, 22]],

[ 69, 15, 1,[ 95, 59, 33]],

