[ 94, 15, 0,[ 78, 20, 14]],

[ 41, 15, 0,[ 17, 82, 96]],

[ 28, 15, 0,[ 88, 92, 24]],

[ 39, 95, 0,[ 76, 21, 37, 34]],

[ 46, 15, 0,[ 85, 96, 30, 53, 21]],

[ 58, 65, 0,[ 8, 83, 26]],

[ 15, 15, 0,[ 8, 61, 98]],

[ 16, 15, 0,[ 24, 3, 96, 62]],

[ 2, 95, 0,[ 45, 47, 91]],

[ 13, 15, 0,[ 10, 1, 43, 56]],

[ 89, 15, 0,[ 87, 92, 24]],

[ 51, 15, 0,[ 63, 19, 38]],

[ 93, 15, 0,[ 81, 66, 79]],

[ 43, 15, 0,[ 40, 97, 38, 13]],

[ 52, 95, 0,[ 44, 24, 81]],

[ 4, 15, 0,[ 50, 85, 76]],

[ 67, 15, 0,[ 35, 90, 49]],

[ 49, 95, 0,[ 81, 47, 67, 30]],

[ 7, 15, 0,[ 35, 80, 81]],

[ 10, 15, 0,[ 68, 13, 54]],

[ 34, 95, 0,[ 45, 65, 39]],

[ 33, 15, 0,[ 19, 20, 97, 81]],

[ 54, 15, 0,[ 99, 97, 10]],

[ 31, 25, 0,[ 29, 40, 90]],

[ 99, 15, 0,[ 77, 27, 63, 54]],

[ 62, 95, 0,[ 37, 16, 81]],

[ 45, 95, 0,[ 34, 55, 2]],

[ 87, 15, 0,[ 89, 60, 88, 47]],

[ 9, 95, 0,[ 25, 96, 8, 24]],

[ 37, 95, 0,[ 39, 25, 62, 5]],

[ 82, 15, 0,[ 86, 29, 88, 41]],

[ 91, 25, 0,[ 2, 32, 8, 70]],

[ 55, 65, 0,[ 47, 45, 17]],

[ 74, 5, 0,[ 8, 5, 69]],

[ 60, 75, 0,[ 81, 69, 87]],

[ 0, 15, 0,[ 75, 61, 85]],

[ 5, 95, 0,[ 74, 64, 37]],

[ 36, 25, 0,[ 53, 29, 17]],

[ 40, 15, 0,[ 85, 43, 31]],

[ 6, 15, 0,[ 23, 86, 48]],

[ 88, 15, 0,[ 28, 82, 87]],

[ 18, 15, 0,[ 17, 61, 47]],

[ 68, 95, 0,[ 24, 10, 81]],

[ 25, 95, 0,[ 9, 76, 37]],

[ 78, 65, 0,[ 76, 69, 94]],

[ 77, 15, 0,[ 99, 17, 1]],

[ 29, 25, 0,[ 31, 85, 36, 70, 82]],

[ 65, 95, 0,[ 64, 34, 11]],

[ 47, 45, 1,[ 87, 50, 18, 59, 49, 55, 2, 32]],

[ 66, 15, 0,[ 84, 97, 17, 93]],

[ 56, 15, 0,[ 13, 17, 97]],

[ 92, 5, 1,[ 28, 23, 32, 90, 89, 38, 64, 14]],

[ 48, 15, 0,[ 17, 6, 27]],

[ 22, 5, 0,[ 85, 8, 79]],

[ 90, 15, 0,[ 31, 92, 67]],

[ 30, 95, 0,[ 46, 49, 81]],

[ 1, 15, 0,[ 13, 77, 97]],

[ 53, 15, 0,[ 3, 50, 36, 46]],

[ 26, 65, 0,[ 59, 58]],

[ 80, 15, 0,[ 85, 72, 7]],

[ 95, 65, 0,[ 24, 97, 8]],

[ 97, 5, 1,[ 43, 76, 24, 57, 56, 71, 35, 54, 33, 59, 84, 1, 66, 44, 95]],

[ 35, 15, 0,[ 76, 8, 7, 12, 97, 67]],

[ 44, 25, 0,[ 97, 86, 52]],

[ 24, 85, 1,[ 68, 28, 16, 52, 97, 89, 20, 95, 83, 9]],

[ 81, 45, 1,[ 93, 62, 76, 70, 7, 21, 60, 30, 49, 61, 73, 68, 33, 52]],

[ 50, 15, 0,[ 47, 4, 53]],

[ 59, 15, 0,[ 47, 97, 26, 72]],

[ 83, 15, 0,[ 85, 84, 58, 24]],

[ 12, 15, 0,[ 35, 96]],

[ 3, 15, 0,[ 16, 53, 76]],

[ 96, 15, 0,[ 76, 46, 16, 12, 41, 9]],

[ 79, 5, 0,[ 8, 93, 22, 69]],

[ 19, 15, 0,[ 51, 33, 8]],

[ 38, 15, 0,[ 43, 92, 51]],

[ 76, 55, 1,[ 3, 25, 78, 97, 96, 4, 81, 35, 39]],

[ 23, 15, 0,[ 17, 6, 92]],

[ 14, 15, 0,[ 94, 92, 73]],

[ 32, 85, 0,[ 92, 91, 47]],

[ 86, 15, 0,[ 44, 71, 6, 42, 82]],

[ 71, 95, 0,[ 11, 97, 86]],

[ 17, 65, 1,[ 77, 23, 98, 41, 56, 18, 48, 55, 36, 75, 66]],

[ 98, 75, 0,[ 69, 15, 17]],

[ 84, 15, 0,[ 64, 83, 66, 97]],

[ 70, 25, 0,[ 81, 91, 75, 29]],

[ 57, 15, 0,[ 85, 72, 97]],

[ 27, 15, 0,[ 8, 99, 48]],

[ 75, 15, 0,[ 17, 0, 70]],

[ 21, 95, 0,[ 81, 46, 39]],

[ 72, 15, 0,[ 57, 80, 59]],

[ 20, 15, 0,[ 33, 24, 94]],

[ 69, 35, 1,[ 63, 42, 98, 11, 60, 78, 74, 79]],

[ 64, 95, 0,[ 92, 84, 65, 5]],

[ 73, 15, 0,[ 81, 85, 14]],

[ 11, 95, 0,[ 65, 69, 71]],

[ 63, 15, 0,[ 99, 69, 51]],

[ 42, 5, 0,[ 86, 69, 8]],

[ 85, 65, 1,[ 4, 40, 73, 83, 80, 22, 29, 57, 0, 46]],

[ 8, 25, 1,[ 22, 27, 74, 95, 35, 15, 79, 9, 91, 42, 19, 58]],

[ 61, 15, 0,[ 0, 81, 15, 18]],

[ 99, 5, 0,[ 21, 75, 68, 33, 85]],

[ 76, 5, 0,[ 52, 92, 41]],

[ 74, 5, 0,[ 23, 41, 11]],

[ 55, 5, 0,[ 70, 19, 80]],

[ 4, 5, 0,[ 91, 23, 53]],

[ 94, 75, 0,[ 75, 29, 82]],

[ 69, 5, 0,[ 45, 43, 71]],

[ 88, 5, 0,[ 24, 25, 52, 82]],

[ 15, 5, 0,[ 89, 3, 40]],

[ 38, 5, 0,[ 23, 19, 72]],

[ 14, 5, 0,[ 32, 23, 11]],

[ 91, 5, 0,[ 42, 4, 82, 24]],

[ 13, 85, 0,[ 85, 49, 89, 82]],

[ 96, 95, 0,[ 97, 28, 89]],

[ 29, 5, 0,[ 94, 63, 35, 77]],

[ 56, 95, 0,[ 95, 52, 3]],

[ 17, 5, 0,[ 6, 83, 87]],

[ 6, 65, 1,[ 72, 70, 1, 51, 57, 50, 17, 19, 10, 84]],

[ 57, 5, 0,[ 79, 6, 18]],

[ 21, 5, 0,[ 28, 2, 99, 66, 30]],

[ 34, 75, 0,[ 75, 97, 82]],

[ 78, 95, 0,[ 28, 3, 43, 11]],

[ 28, 25, 1,[ 0, 50, 61, 71, 95, 60, 90, 96, 92, 37, 79, 33, 9, 36, 46, 21, 78, 83, 66]],

[ 83, 5, 0,[ 28, 85, 17]],

[ 48, 75, 0,[ 75, 61, 89]],

[ 43, 5, 0,[ 79, 69, 78]],

[ 90, 5, 0,[ 28, 67, 30, 31]],

[ 95, 5, 0,[ 65, 28, 41, 56]],

[ 93, 5, 0,[ 3, 58, 75, 35]],

[ 59, 85, 0,[ 62, 89, 82]],

[ 40, 5, 0,[ 15, 19, 32]],

[ 53, 5, 0,[ 4, 31, 89]],

[ 0, 5, 0,[ 28, 71, 27]],

[ 50, 55, 0,[ 28, 6, 66]],

[ 87, 5, 0,[ 17, 3, 62]],

[ 11, 5, 0,[ 75, 78, 14, 74]],

[ 86, 5, 0,[ 68, 3]],

[ 63, 5, 0,[ 29, 89, 52]],

[ 30, 35, 0,[ 90, 23, 3, 21]],

[ 64, 5, 0,[ 89, 16, 24]],

[ 61, 95, 0,[ 52, 48, 9, 28]],

[ 84, 5, 0,[ 8, 3, 6]],

[ 5, 95, 0,[ 41, 51]],

[ 36, 5, 0,[ 18, 28, 20]],

[ 32, 5, 0,[ 14, 40, 46, 82]],

[ 82, 75, 1,[ 97, 94, 2, 44, 34, 46, 60, 59, 88, 32, 91, 8, 13, 16, 18]],

[ 39, 5, 0,[ 73, 47, 10]],

[ 75, 95, 1,[ 47, 48, 93, 7, 11, 99, 80, 94, 34]],

[ 68, 5, 0,[ 51, 99, 70, 86]],

[ 65, 5, 0,[ 44, 95, 3]],

[ 19, 45, 0,[ 38, 6, 55, 40, 41]],

[ 33, 5, 0,[ 99, 8, 28]],

[ 35, 5, 0,[ 73, 93, 41, 29]],

[ 70, 5, 0,[ 85, 6, 68, 55, 72]],

[ 66, 15, 0,[ 21, 50, 28, 23, 98]],

[ 20, 5, 0,[ 85, 36, 67]],

[ 72, 5, 0,[ 38, 6, 70]],

[ 49, 5, 0,[ 58, 1, 13, 3]],

[ 7, 5, 0,[ 45, 75, 62]],

[ 10, 5, 0,[ 6, 39, 98]],

[ 60, 95, 0,[ 12, 54, 28, 82]],

[ 67, 5, 0,[ 8, 90, 23, 20]],

[ 92, 5, 0,[ 9, 76, 81, 28]],

[ 79, 5, 0,[ 43, 28, 41, 57]],

[ 89, 75, 1,[ 64, 25, 53, 63, 1, 15, 96, 48, 59, 41, 13]],

[ 85, 95, 1,[ 20, 27, 45, 99, 23, 77, 12, 70, 24, 13, 83, 22, 80]],

[ 51, 5, 0,[ 37, 6, 68, 5]],

[ 80, 45, 0,[ 75, 85, 55]],

[ 44, 5, 0,[ 82, 52, 65]],

[ 8, 5, 0,[ 67, 84, 82, 33]],

[ 23, 65, 1,[ 30, 71, 67, 85, 14, 16, 74, 66, 12, 4, 38, 77, 98]],

[ 77, 45, 0,[ 85, 42, 29, 23]],

[ 58, 5, 0,[ 81, 49, 93]],

[ 18, 5, 0,[ 52, 82, 57, 36]],

[ 62, 5, 0,[ 87, 59, 7, 22]],

[ 31, 5, 0,[ 53, 90]],

[ 12, 45, 0,[ 85, 23, 60]],

[ 97, 95, 0,[ 54, 34, 82, 96, 27]],

[ 27, 5, 0,[ 85, 0, 97]],

[ 24, 5, 0,[ 85, 64, 91, 88]],

[ 98, 15, 0,[ 66, 23, 10]],

[ 2, 5, 0,[ 21, 82]],

[ 52, 45, 1,[ 88, 63, 56, 37, 76, 26, 44, 61, 18]],

[ 25, 5, 0,[ 22, 89, 88, 3, 26]],

[ 41, 85, 1,[ 76, 74, 47, 89, 5, 79, 19, 35, 54, 95]],

[ 47, 5, 0,[ 39, 41, 75]],

[ 54, 95, 0,[ 41, 60, 97]],

[ 22, 5, 0,[ 85, 62, 25]],

[ 16, 35, 0,[ 3, 82, 64, 23]],

[ 1, 5, 0,[ 6, 3, 89, 49]],

[ 42, 5, 0,[ 91, 77, 3]],

[ 45, 5, 0,[ 7, 69, 85, 81]],

[ 3, 65, 1,[ 87, 65, 93, 15, 30, 78, 16, 56, 73, 42, 1, 25, 49, 86, 84]],

[ 26, 5, 0,[ 73, 25, 52]],

[ 71, 5, 0,[ 28, 69, 23, 9, 0]],

[ 73, 5, 0,[ 35, 39, 3, 26]],

[ 9, 5, 0,[ 61, 28, 71, 92]],

[ 81, 5, 0,[ 58, 45, 92]],

[ 46, 5, 0,[ 32, 28, 82]],

[ 37, 95, 0,[ 28, 52, 51]],

