[ 45, 85, 0,[ 84, 23, 18]],

[ 24, 5, 1,[ 71, 41, 53, 95]],

[ 62, 65, 1,[ 52, 83, 34]],

[ 52, 65, 0,[ 83, 78, 62]],

[ 40, 85, 1,[ 20, 6, 86]],

[ 2, 85, 1,[ 35, 80, 61, 59]],

[ 88, 65, 1,[ 49, 21, 89]],

[ 89, 35, 1,[ 88, 31, 65]],

[ 94, 85, 0,[ 97, 99, 58]],

[ 8, 85, 0,[ 81, 3, 5, 25]],

[ 54, 5, 0,[ 11, 34, 82, 10]],

[ 0, 85, 0,[ 97, 42, 90]],

[ 31, 65, 1,[ 12, 57, 89]],

[ 42, 95, 0,[ 49, 70, 0]],

[ 33, 85, 1,[ 22, 97, 34, 51]],

[ 57, 85, 0,[ 97, 31, 68]],

[ 72, 75, 1,[ 68, 95, 1, 39]],

[ 41, 35, 1,[ 68, 53, 48, 24]],

[ 69, 85, 0,[ 44, 75, 4, 37]],

[ 92, 85, 1,[ 87, 73, 6]],

[ 5, 85, 1,[ 8, 73, 74, 23]],

[ 71, 5, 0,[ 11, 14, 24]],

[ 29, 5, 1,[ 59, 47, 55]],

[ 6, 85, 1,[ 92, 40, 35]],

[ 47, 95, 1,[ 46, 27, 66, 29]],

[ 36, 85, 1,[ 17, 91, 30]],

[ 46, 75, 0,[ 85, 47, 59]],

[ 61, 25, 1,[ 2, 64, 63, 9, 97, 35]],

[ 95, 15, 1,[ 91, 72, 24]],

[ 3, 85, 1,[ 8, 18, 87]],

[ 17, 85, 0,[ 76, 34, 75, 85, 36]],

[ 38, 85, 0,[ 65, 74, 56]],

[ 90, 85, 0,[ 16, 0, 56, 44]],

[ 26, 65, 0,[ 28, 86, 99]],

[ 23, 85, 0,[ 5, 45, 82]],

[ 76, 85, 0,[ 4, 58, 17, 27]],

[ 9, 85, 0,[ 21, 61, 75]],

[ 83, 75, 1,[ 52, 93, 51, 62]],

[ 44, 85, 0,[ 69, 39, 90]],

[ 78, 35, 0,[ 52, 20, 64]],

[ 59, 45, 0,[ 46, 29, 2]],

[ 30, 35, 1,[ 63, 36, 64]],

[ 7, 85, 0,[ 73, 51, 25]],

[ 93, 15, 1,[ 81, 10, 83]],

[ 84, 85, 0,[ 37, 45, 55]],

[ 66, 75, 1,[ 60, 91, 47]],

[ 65, 85, 1,[ 73, 98, 13, 89, 86, 38]],

[ 77, 35, 0,[ 15, 60, 10]],

[ 67, 85, 1,[ 63, 56, 12]],

[ 22, 45, 1,[ 33, 32, 37]],

[ 49, 95, 1,[ 88, 53, 34, 42]],

[ 82, 15, 1,[ 51, 79, 54, 23]],

[ 97, 85, 0,[ 0, 94, 33, 18, 57, 61]],

[ 25, 85, 1,[ 79, 7, 13, 8, 21, 39]],

[ 16, 15, 1,[ 90, 50, 80, 11]],

[ 79, 85, 0,[ 1, 70, 25, 82]],

[ 27, 85, 1,[ 37, 76, 47]],

[ 56, 85, 0,[ 90, 38, 67]],

[ 1, 45, 1,[ 43, 81, 72, 79]],

[ 68, 35, 0,[ 41, 72, 99, 57]],

[ 34, 5, 1,[ 62, 17, 54, 49, 98, 33]],

[ 64, 35, 1,[ 10, 30, 78, 61, 21]],

[ 75, 85, 0,[ 17, 9, 69]],

[ 87, 5, 0,[ 92, 63, 3]],

[ 98, 5, 0,[ 15, 65, 34]],

[ 10, 35, 0,[ 54, 77, 64, 28, 93]],

[ 50, 85, 0,[ 15, 16, 85]],

[ 51, 55, 1,[ 82, 83, 32, 33, 7, 48]],

[ 60, 75, 0,[ 4, 66, 77]],

[ 63, 5, 1,[ 87, 61, 30, 67]],

[ 37, 15, 1,[ 84, 22, 27, 69]],

[ 13, 85, 0,[ 65, 28, 25]],

[ 80, 85, 0,[ 48, 16, 2]],

[ 48, 85, 0,[ 51, 41, 80]],

[ 20, 35, 1,[ 99, 40, 78, 96]],

[ 86, 85, 0,[ 40, 65, 26, 19]],

[ 21, 85, 0,[ 9, 25, 88, 64]],

[ 15, 5, 1,[ 98, 77, 74, 50]],

[ 11, 15, 1,[ 32, 16, 71, 54, 43]],

[ 53, 95, 1,[ 24, 49, 70, 41]],

[ 85, 85, 1,[ 46, 17, 50]],

[ 81, 85, 0,[ 1, 93, 8]],

[ 14, 25, 1,[ 96, 58, 71]],

[ 70, 95, 0,[ 79, 53, 42]],

[ 19, 95, 1,[ 86, 55, 43]],

[ 12, 85, 0,[ 18, 31, 67]],

[ 18, 85, 0,[ 97, 12, 45, 3]],

[ 58, 85, 0,[ 14, 76, 94]],

[ 43, 85, 0,[ 11, 1, 19]],

[ 73, 85, 0,[ 65, 7, 92, 5]],

[ 28, 35, 1,[ 13, 26, 10]],

[ 74, 5, 0,[ 15, 38, 5]],

[ 91, 75, 1,[ 95, 66, 36]],

[ 55, 85, 0,[ 84, 19, 29]],

[ 39, 85, 0,[ 25, 44, 72]],

[ 4, 85, 1,[ 60, 76, 69]],

[ 32, 95, 1,[ 22, 11, 51]],

[ 35, 85, 0,[ 2, 61, 6]],

[ 99, 35, 1,[ 26, 94, 20, 68]],

[ 96, 35, 1,[ 20, 14]],

[ 1, 85, 1,[ 85, 62, 45, 28, 73]],

[ 26, 85, 1,[ 2, 55, 46, 90, 47, 35]],

[ 0, 65, 1,[ 7, 8, 5, 35]],

[ 55, 85, 1,[ 57, 26]],

[ 31, 65, 1,[ 79, 64, 94, 46, 19]],

[ 74, 65, 0,[ 22, 42, 66, 45]],

[ 40, 85, 0,[ 57, 95, 66]],

[ 68, 85, 0,[ 16, 72, 95]],

[ 61, 85, 1,[ 88, 92, 7, 43]],

[ 16, 85, 0,[ 68, 83, 3]],

[ 24, 85, 1,[ 51, 20, 33, 50]],

[ 64, 95, 1,[ 83, 31, 92, 49, 22, 5]],

[ 35, 85, 1,[ 71, 4, 26, 0]],

[ 67, 35, 0,[ 60, 80, 42]],

[ 97, 85, 0,[ 51, 73, 62]],

[ 43, 85, 1,[ 86, 61, 71]],

[ 11, 65, 1,[ 77, 99, 28, 81, 60, 3, 79]],

[ 47, 85, 0,[ 5, 9, 26]],

[ 8, 85, 0,[ 59, 0, 2]],

[ 37, 15, 1,[ 14, 13, 49]],

[ 38, 15, 0,[ 18, 58, 99]],

[ 84, 85, 1,[ 27, 28, 98, 4, 78]],

[ 91, 75, 1,[ 88, 23]],

[ 52, 65, 1,[ 86, 53, 79, 54, 99, 65]],

[ 87, 85, 0,[ 85, 57, 83]],

[ 92, 65, 1,[ 82, 61, 64, 12, 75, 70]],

[ 90, 75, 0,[ 42, 26, 54]],

[ 69, 85, 0,[ 12, 39, 76, 34, 30]],

[ 34, 15, 1,[ 42, 69, 60]],

[ 95, 85, 0,[ 40, 68, 98]],

[ 3, 85, 0,[ 14, 16, 11]],

[ 75, 85, 1,[ 72, 88, 12, 92]],

[ 70, 85, 0,[ 92, 18, 12]],

[ 57, 85, 0,[ 14, 40, 18, 87, 55, 20]],

[ 56, 85, 0,[ 21, 50, 9, 19, 73]],

[ 15, 95, 1,[ 96, 51, 41, 23, 98]],

[ 29, 85, 0,[ 65, 80, 88, 5, 6]],

[ 62, 85, 0,[ 6, 1, 97]],

[ 81, 85, 0,[ 9, 11, 63]],

[ 6, 45, 1,[ 29, 62, 22, 49]],

[ 77, 45, 0,[ 11, 48, 17]],

[ 9, 65, 1,[ 81, 56, 47]],

[ 27, 85, 0,[ 54, 84, 53]],

[ 7, 45, 0,[ 0, 61]],

[ 33, 45, 1,[ 71, 24, 12]],

[ 18, 85, 0,[ 70, 94, 57, 38]],

[ 28, 85, 0,[ 84, 1, 11, 86]],

[ 88, 85, 0,[ 61, 29, 91, 75]],

[ 36, 85, 0,[ 48, 23, 4]],

[ 22, 85, 0,[ 6, 64, 74]],

[ 10, 85, 1,[ 63, 65, 25]],

[ 85, 85, 0,[ 87, 17, 99, 1]],

[ 93, 85, 0,[ 99, 49, 78]],

[ 17, 25, 1,[ 32, 77, 85]],

[ 89, 85, 0,[ 71, 20, 25]],

[ 94, 85, 0,[ 18, 76, 31]],

[ 73, 95, 1,[ 56, 1, 97]],

[ 4, 85, 0,[ 35, 84, 72, 36]],

[ 48, 85, 1,[ 44, 36, 25, 77]],

[ 71, 55, 1,[ 89, 35, 33, 43]],

[ 50, 85, 0,[ 24, 56, 42]],

[ 53, 25, 0,[ 27, 52, 60]],

[ 86, 85, 1,[ 43, 28, 52]],

[ 72, 85, 0,[ 75, 4, 68]],

[ 25, 85, 1,[ 10, 89, 48, 39, 44]],

[ 39, 85, 1,[ 46, 69, 25]],

[ 46, 85, 0,[ 26, 31, 39]],

[ 21, 75, 1,[ 42, 82, 56]],

[ 83, 15, 1,[ 64, 96, 87, 16]],

[ 2, 65, 0,[ 8, 26, 66]],

[ 66, 85, 1,[ 2, 74, 40, 59, 49]],

[ 12, 5, 1,[ 70, 19, 33, 69, 75, 92]],

[ 51, 55, 1,[ 54, 24, 97, 15]],

[ 13, 95, 0,[ 96, 37, 80]],

[ 98, 85, 0,[ 45, 84, 15, 95]],

[ 54, 75, 1,[ 90, 51, 27, 52]],

[ 78, 65, 1,[ 93, 84, 59]],

[ 32, 25, 0,[ 17, 65]],

[ 45, 45, 1,[ 1, 98, 74]],

[ 44, 25, 0,[ 42, 25, 48]],

[ 76, 85, 1,[ 94, 69, 23]],

[ 30, 85, 1,[ 19, 69]],

[ 63, 55, 1,[ 10, 58, 81]],

[ 65, 95, 1,[ 52, 10, 29, 32]],

[ 58, 15, 0,[ 38, 63]],

[ 49, 85, 0,[ 93, 37, 66, 6, 64]],

[ 80, 5, 1,[ 13, 29, 67]],

[ 99, 65, 1,[ 11, 38, 93, 52, 85]],

[ 20, 85, 0,[ 24, 57, 89]],

[ 60, 35, 0,[ 34, 11, 67, 53]],

[ 19, 85, 0,[ 12, 30, 31, 56]],

[ 82, 55, 1,[ 21, 23, 92]],

[ 23, 45, 1,[ 15, 82, 91, 76, 36]],

[ 42, 75, 1,[ 74, 67, 44, 90, 34, 21, 50]],

[ 41, 95, 0,[ 15]],

[ 96, 75, 1,[ 13, 83, 15]],

[ 59, 85, 1,[ 8, 78, 66]],

[ 5, 85, 0,[ 0, 47, 64, 29]],

[ 79, 45, 0,[ 11, 52, 31]],

[ 14, 85, 1,[ 57, 37, 3]],

