[ 85, 5, 0,[ 86, 18, 75]],

[ 25, 5, 0,[ 4, 80, 70]],

[ 88, 35, 1,[ 18, 57, 56, 3]],

[ 96, 5, 1,[ 47, 58, 29, 32, 71]],

[ 35, 5, 1,[ 60, 46, 32, 10, 1]],

[ 66, 5, 0,[ 99, 97, 19]],

[ 15, 5, 0,[ 63, 42, 28]],

[ 27, 5, 1,[ 93, 72, 73, 84, 30]],

[ 65, 5, 0,[ 17, 59, 90]],

[ 7, 5, 1,[ 10, 21, 72]],

[ 0, 5, 0,[ 36, 23, 64]],

[ 14, 5, 0,[ 31, 44, 55]],

[ 13, 5, 0,[ 47, 86, 31]],

[ 41, 5, 0,[ 2, 6, 36]],

[ 75, 5, 1,[ 85, 55, 36]],

[ 6, 5, 1,[ 39, 58, 41, 70]],

[ 24, 5, 0,[ 47, 59, 23]],

[ 71, 5, 1,[ 21, 96, 87, 1, 42]],

[ 62, 5, 0,[ 70, 86, 30]],

[ 59, 5, 1,[ 72, 24, 65, 79]],

[ 91, 5, 0,[ 90, 26, 68]],

[ 36, 65, 1,[ 95, 84, 75, 41, 76, 58, 0]],

[ 23, 5, 1,[ 2, 33, 24, 0]],

[ 29, 5, 0,[ 11, 70, 96]],

[ 82, 5, 0,[ 11, 26, 99]],

[ 67, 5, 0,[ 63]],

[ 18, 5, 1,[ 9, 37, 85, 3, 88, 68, 83, 64]],

[ 56, 5, 0,[ 34, 88]],

[ 40, 5, 0,[ 63, 60, 11]],

[ 43, 5, 1,[ 74, 52, 49, 76]],

[ 4, 55, 1,[ 53, 39, 25]],

[ 52, 5, 0,[ 43, 97, 99]],

[ 32, 5, 0,[ 96, 35, 86]],

[ 94, 5, 0,[ 44, 47, 74, 5]],

[ 77, 5, 0,[ 50]],

[ 11, 5, 1,[ 40, 93, 29, 82]],

[ 19, 5, 1,[ 78, 97, 17, 33, 66]],

[ 39, 5, 0,[ 4, 6, 93, 26]],

[ 73, 5, 0,[ 63, 27, 17]],

[ 78, 5, 0,[ 19, 28, 20]],

[ 87, 5, 0,[ 71, 64, 63]],

[ 33, 65, 1,[ 47, 19, 23]],

[ 97, 25, 1,[ 28, 19, 52, 1, 66, 95]],

[ 92, 5, 0,[ 54, 44, 64]],

[ 8, 5, 0,[ 22, 12, 63]],

[ 26, 5, 1,[ 82, 91, 39]],

[ 48, 5, 0,[ 16, 50, 93]],

[ 80, 5, 0,[ 25, 60]],

[ 9, 5, 0,[ 86, 18, 81]],

[ 86, 5, 1,[ 32, 13, 85, 62, 9]],

[ 21, 95, 1,[ 54, 71, 7]],

[ 84, 5, 0,[ 22, 27, 36]],

[ 20, 5, 1,[ 99, 95, 42, 76, 78]],

[ 68, 5, 1,[ 91, 18]],

[ 72, 5, 0,[ 54, 59, 27, 7, 57]],

[ 28, 65, 1,[ 15, 97, 78]],

[ 30, 35, 1,[ 27, 62, 10]],

[ 63, 5, 1,[ 8, 73, 40, 15, 87, 67]],

[ 31, 5, 1,[ 13, 14, 61, 38]],

[ 46, 5, 0,[ 12, 35, 50]],

[ 70, 5, 1,[ 29, 62, 25, 6]],

[ 17, 5, 1,[ 19, 73, 65]],

[ 60, 5, 1,[ 35, 80, 90, 40]],

[ 54, 5, 1,[ 92, 21, 72, 37, 81, 89]],

[ 45, 85, 1,[ 79, 83, 12]],

[ 93, 5, 1,[ 11, 39, 89, 69, 48, 27]],

[ 61, 5, 0,[ 31, 79]],

[ 69, 5, 0,[ 93, 12]],

[ 10, 5, 0,[ 74, 30, 35, 7]],

[ 53, 5, 0,[ 5, 4, 34]],

[ 64, 5, 1,[ 49, 92, 18, 0, 47, 87]],

[ 2, 5, 1,[ 98, 38, 89, 23, 41]],

[ 98, 5, 0,[ 2, 90]],

[ 50, 75, 1,[ 46, 77, 48]],

[ 22, 45, 1,[ 84, 57, 8]],

[ 74, 5, 1,[ 94, 43, 10]],

[ 16, 5, 1,[ 47, 37, 48]],

[ 49, 5, 0,[ 99, 64, 43]],

[ 58, 5, 0,[ 6, 36, 96]],

[ 12, 75, 1,[ 69, 5, 44, 46, 45, 8]],

[ 79, 85, 1,[ 59, 45, 61, 83, 51]],

[ 44, 45, 1,[ 92, 81, 14, 94, 12]],

[ 95, 5, 0,[ 97, 36, 20]],

[ 51, 5, 0,[ 79, 55, 47]],

[ 55, 55, 1,[ 75, 14, 51, 34]],

[ 38, 5, 0,[ 2, 81, 31]],

[ 47, 5, 1,[ 64, 16, 94, 13, 24, 96, 51, 33]],

[ 3, 5, 0,[ 88, 18]],

[ 1, 5, 0,[ 71, 35, 97]],

[ 81, 5, 1,[ 44, 9, 38, 54]],

[ 42, 5, 1,[ 20, 15, 71]],

[ 90, 5, 1,[ 98, 60, 91, 65]],

[ 34, 65, 1,[ 56, 53, 55]],

[ 57, 5, 0,[ 72, 22, 88]],

[ 83, 5, 0,[ 45, 79, 18]],

[ 99, 15, 1,[ 49, 20, 82, 66, 52]],

[ 5, 5, 0,[ 12, 53, 94]],

[ 76, 5, 0,[ 36, 20, 43]],

[ 89, 5, 0,[ 54, 93, 2]],

[ 37, 5, 1,[ 16, 18, 54]],

[ 59, 85, 1,[ 43, 73, 46]],

[ 66, 85, 1,[ 90, 68, 81]],

[ 70, 25, 1,[ 92, 26, 24, 40]],

[ 25, 85, 0,[ 32, 18, 17, 62]],

[ 86, 85, 1,[ 83, 32, 10]],

[ 88, 85, 0,[ 69, 0, 89]],

[ 82, 45, 1,[ 63, 41, 54]],

[ 35, 85, 0,[ 22, 72, 18]],

[ 23, 45, 1,[ 74, 60, 65, 24, 22]],

[ 6, 85, 0,[ 39, 16, 79]],

[ 68, 85, 0,[ 78, 66, 15]],

[ 81, 85, 0,[ 32, 21, 66]],

[ 77, 85, 1,[ 78, 75, 36, 97]],

[ 83, 85, 0,[ 94, 86, 49]],

[ 3, 85, 0,[ 84, 20, 22]],

[ 32, 85, 1,[ 53, 86, 81, 25]],

[ 78, 45, 1,[ 77, 51, 99, 68]],

[ 95, 85, 0,[ 41]],

[ 80, 85, 0,[ 85, 90, 94]],

[ 60, 85, 0,[ 23, 72]],

[ 47, 85, 0,[ 49, 14, 13]],

[ 94, 85, 1,[ 74, 83, 80, 41, 39, 55]],

[ 18, 75, 1,[ 35, 25, 20]],

[ 30, 85, 1,[ 31, 96, 10]],

[ 42, 85, 1,[ 13, 26, 41]],

[ 38, 85, 0,[ 1, 92, 51]],

[ 76, 85, 1,[ 31, 45, 44]],

[ 84, 85, 0,[ 31, 85, 3]],

[ 34, 85, 0,[ 48, 27, 29]],

[ 53, 85, 0,[ 14, 32]],

[ 46, 85, 1,[ 59, 0, 10]],

[ 50, 85, 0,[ 29]],

[ 54, 85, 0,[ 92, 82, 93]],

[ 69, 75, 1,[ 88, 79, 98]],

[ 21, 85, 1,[ 8, 81, 36]],

[ 48, 85, 1,[ 34, 56, 2]],

[ 67, 85, 0,[ 4, 96, 24, 41]],

[ 10, 85, 0,[ 86, 46, 30, 87]],

[ 74, 85, 0,[ 55, 23, 94, 2]],

[ 96, 85, 0,[ 17, 67, 30]],

[ 91, 85, 0,[ 87, 17, 39]],

[ 87, 75, 1,[ 99, 91, 19, 89, 13, 10]],

[ 24, 95, 1,[ 51, 67, 70, 23]],

[ 0, 85, 0,[ 46, 56, 88]],

[ 1, 85, 1,[ 45, 73, 44, 7, 38, 9, 40]],

[ 28, 85, 0,[ 73, 93, 20]],

[ 2, 85, 0,[ 16, 48, 74]],

[ 31, 85, 0,[ 30, 84, 76]],

[ 26, 85, 0,[ 70, 42]],

[ 17, 85, 1,[ 91, 37, 40, 57, 71, 25, 96]],

[ 57, 85, 0,[ 17, 44, 4]],

[ 44, 85, 1,[ 57, 1, 63, 76]],

[ 97, 85, 0,[ 51, 77]],

[ 92, 35, 1,[ 38, 90, 61, 70, 75, 54, 7]],

[ 39, 55, 1,[ 6, 12, 91, 94]],

[ 56, 85, 1,[ 85, 5, 52, 4, 0, 48, 27, 29]],

[ 8, 85, 0,[ 21, 41, 71]],

[ 15, 65, 1,[ 19, 64, 40, 68]],

[ 5, 85, 0,[ 72, 16, 56]],

[ 7, 85, 0,[ 92, 89, 1]],

[ 98, 85, 0,[ 49, 69, 62]],

[ 85, 85, 1,[ 84, 80, 56, 71]],

[ 71, 85, 0,[ 8, 85, 17]],

[ 22, 85, 1,[ 23, 61, 35, 45, 9, 3]],

[ 13, 85, 1,[ 47, 42, 52, 87]],

[ 33, 85, 1,[ 62, 93, 65]],

[ 58, 85, 0,[ 43, 20, 90]],

[ 51, 65, 1,[ 24, 78, 38, 41, 97]],

[ 37, 85, 0,[ 43, 17]],

[ 40, 85, 0,[ 1, 17, 15, 70]],

[ 90, 95, 1,[ 66, 89, 58, 80, 92]],

[ 72, 85, 1,[ 55, 5, 35, 9, 60]],

[ 64, 85, 0,[ 75, 15, 4]],

[ 45, 85, 0,[ 1, 76, 22]],

[ 89, 5, 1,[ 7, 90, 87, 88]],

[ 55, 85, 0,[ 94, 72, 74]],

[ 9, 85, 0,[ 22, 1, 14, 72]],

[ 29, 75, 1,[ 50, 34, 27, 56, 11]],

[ 49, 85, 1,[ 98, 79, 83, 47]],

[ 14, 75, 1,[ 47, 53, 9]],

[ 12, 85, 0,[ 39, 11, 36]],

[ 65, 85, 1,[ 20, 33, 23]],

[ 73, 85, 0,[ 1, 28, 59]],

[ 43, 35, 1,[ 59, 37, 63, 58]],

[ 61, 85, 0,[ 92, 22, 41]],

[ 27, 55, 1,[ 56, 34, 29]],

[ 75, 85, 1,[ 77, 92, 64]],

[ 36, 85, 0,[ 21, 12, 77]],

[ 16, 85, 0,[ 5, 6, 2, 20]],

[ 99, 85, 0,[ 63, 78, 87]],

[ 11, 65, 1,[ 12, 29]],

[ 20, 85, 1,[ 28, 65, 58, 18, 3, 16]],

[ 62, 85, 1,[ 98, 25, 33]],

[ 19, 85, 0,[ 41, 87, 15]],

[ 52, 85, 0,[ 63, 13, 56]],

[ 63, 35, 1,[ 82, 43, 79, 52, 99, 44]],

[ 41, 25, 1,[ 61, 95, 8, 82, 94, 51, 19, 67, 42]],

[ 93, 85, 1,[ 4, 33, 54, 79, 28]],

[ 4, 85, 1,[ 67, 56, 57, 64, 93]],

[ 79, 35, 1,[ 69, 63, 93, 6, 49]],

