[ 13, 25, 0,[]],

[ 32, 15, 0,[ 21, 48, 98, 47]],

[ 67, 55, 0,[ 34, 23, 27]],

[ 83, 15, 0,[ 24, 68]],

[ 12, 25, 1,[ 42, 68, 44, 20, 82]],

[ 44, 25, 0,[ 59, 84, 12]],

[ 27, 55, 0,[ 30, 79, 31, 67, 76]],

[ 77, 15, 0,[ 56]],

[ 90, 5, 0,[ 63, 65, 11]],

[ 84, 25, 0,[ 22, 44, 5, 88]],

[ 33, 5, 0,[ 52]],

[ 55, 5, 1,[ 62, 99, 45, 89]],

[ 31, 55, 0,[ 27, 9, 74]],

[ 35, 55, 0,[]],

[ 91, 15, 0,[ 4, 89, 36, 42]],

[ 25, 15, 0,[ 40, 43, 80]],

[ 5, 55, 0,[ 84, 20]],

[ 19, 85, 0,[ 63]],

[ 26, 15, 1,[ 45, 61, 39, 20]],

[ 3, 25, 0,[ 0, 42]],

[ 8, 25, 0,[ 51, 59, 10]],

[ 82, 15, 1,[ 30, 29, 12]],

[ 36, 85, 0,[ 20, 16, 91, 29, 9]],

[ 89, 85, 0,[ 91, 29, 55]],

[ 79, 55, 0,[ 10, 95, 27]],

[ 10, 25, 1,[ 58, 79, 8, 99]],

[ 75, 15, 0,[ 7, 80, 18]],

[ 73, 25, 0,[ 59, 46, 14]],

[ 22, 25, 0,[ 74, 84]],

[ 60, 15, 0,[ 97]],

[ 11, 5, 0,[ 90, 4]],

[ 92, 15, 0,[ 2, 57, 20]],

[ 17, 15, 0,[]],

[ 64, 5, 0,[ 23, 53]],

[ 42, 25, 0,[ 3, 12, 98, 91, 20]],

[ 40, 65, 1,[ 45, 18, 99, 96, 65, 25, 87, 59]],

[ 28, 25, 0,[]],

[ 37, 15, 0,[ 34]],

[ 69, 15, 0,[ 2, 48, 53]],

[ 93, 85, 0,[ 85, 24, 16, 4, 39]],

[ 63, 85, 0,[ 90, 72, 19]],

[ 76, 55, 0,[ 27, 14]],

[ 24, 15, 0,[ 93, 99, 83]],

[ 16, 85, 0,[ 0, 36, 93, 87]],

[ 87, 65, 0,[ 50, 40, 16, 88]],

[ 72, 85, 0,[ 41, 63]],

[ 53, 15, 0,[ 69, 49, 64]],

[ 95, 5, 0,[ 79, 1]],

[ 80, 15, 0,[ 25, 75]],

[ 39, 5, 0,[ 26, 65, 93, 23]],

[ 96, 15, 0,[ 99, 50, 40]],

[ 23, 5, 0,[ 51, 39, 64, 67]],

[ 6, 15, 0,[ 57, 66, 34]],

[ 46, 25, 0,[ 57, 73, 85, 58]],

[ 99, 15, 1,[ 96, 24, 10, 40, 55]],

[ 50, 15, 0,[ 87, 96]],

[ 71, 55, 0,[ 81, 78]],

[ 61, 15, 0,[ 26, 54, 14]],

[ 68, 25, 0,[ 83, 12]],

[ 38, 5, 0,[]],

[ 98, 25, 0,[ 42, 32]],

[ 86, 15, 0,[ 48]],

[ 21, 15, 0,[ 32]],

[ 81, 55, 0,[ 71]],

[ 30, 55, 0,[ 27, 82]],

[ 59, 25, 0,[ 15, 73, 40, 44, 8]],

[ 62, 15, 0,[ 1, 57, 55]],

[ 97, 15, 0,[ 60, 14, 57]],

[ 74, 15, 0,[ 18, 31, 22]],

[ 4, 15, 0,[ 70, 11, 91, 93]],

[ 48, 15, 0,[ 69, 86, 32]],

[ 66, 15, 0,[ 41, 6]],

[ 29, 85, 0,[ 36, 89, 82]],

[ 41, 15, 0,[ 72, 66]],

[ 78, 55, 0,[ 71]],

[ 54, 15, 0,[ 58, 61]],

[ 88, 15, 0,[ 43, 87, 56, 84]],

[ 7, 85, 0,[ 75, 85, 45]],

[ 43, 15, 0,[ 45, 25, 88]],

[ 18, 15, 0,[ 40, 74, 75]],

[ 34, 15, 0,[ 67, 37, 6]],

[ 9, 85, 0,[ 57, 36, 31]],

[ 20, 55, 1,[ 42, 36, 12, 5, 92, 26]],

[ 58, 85, 1,[ 54, 10, 46, 45]],

[ 70, 15, 0,[ 4]],

[ 57, 15, 0,[ 46, 6, 9, 97, 92, 62]],

[ 51, 5, 0,[ 23, 8]],

[ 65, 5, 0,[ 39, 90, 40]],

[ 52, 5, 0,[ 33]],

[ 56, 15, 0,[ 77, 88]],

[ 45, 85, 1,[ 26, 58, 7, 40, 43, 55]],

[ 49, 15, 0,[ 53, 1]],

[ 1, 5, 0,[ 62, 95, 49]],

[ 15, 25, 0,[ 59]],

[ 0, 85, 0,[ 3, 16]],

[ 14, 25, 0,[ 61, 73, 97, 76]],

[ 2, 15, 0,[ 69, 47, 92]],

[ 94, 15, 0,[]],

[ 47, 15, 0,[ 32, 2]],

[ 85, 85, 0,[ 7, 46, 93]],

