[ 62, 45, 0,[ 19, 94, 47]],

[ 69, 35, 0,[ 72, 7, 27]],

[ 74, 85, 0,[ 38, 94, 14]],

[ 65, 15, 0,[ 48, 59, 72]],

[ 7, 25, 1,[ 29, 9, 2, 69]],

[ 15, 45, 0,[ 73, 35, 26, 61]],

[ 5, 45, 1,[ 33, 52, 48, 34, 78]],

[ 87, 15, 1,[ 79, 86, 60]],

[ 9, 65, 0,[ 41, 7, 1]],

[ 23, 45, 0,[ 47, 98, 26]],

[ 64, 45, 0,[ 83, 50, 85]],

[ 24, 5, 0,[ 97, 37, 40]],

[ 26, 45, 0,[ 30, 23, 57, 15]],

[ 17, 45, 0,[ 0, 36, 43]],

[ 53, 65, 0,[ 71, 57, 75]],

[ 72, 35, 0,[ 77, 42, 65, 69]],

[ 22, 55, 1,[ 41, 66, 70]],

[ 34, 45, 0,[ 43, 48, 5]],

[ 19, 95, 0,[ 58, 89, 91, 62, 28]],

[ 10, 35, 1,[ 93, 80, 4]],

[ 85, 15, 0,[ 58, 64, 94]],

[ 84, 65, 0,[ 55, 60, 80]],

[ 38, 35, 1,[ 59, 12, 32, 74, 14]],

[ 59, 15, 0,[ 65, 38, 51]],

[ 68, 45, 1,[ 40, 20, 75]],

[ 29, 15, 1,[ 99, 7, 94]],

[ 70, 25, 0,[ 22, 99, 3]],

[ 92, 45, 0,[ 3, 56, 12, 95]],

[ 46, 45, 0,[ 61, 66, 20, 67]],

[ 49, 55, 1,[ 50, 44, 18]],

[ 47, 45, 0,[ 62, 23, 52, 35]],

[ 60, 75, 1,[ 2, 84, 87, 54]],

[ 82, 65, 0,[ 45, 20, 98, 57]],

[ 66, 75, 1,[ 16, 22, 46]],

[ 14, 15, 1,[ 63, 36, 38, 74, 6]],

[ 55, 65, 0,[ 1, 84, 3]],

[ 97, 35, 1,[ 83, 50, 24]],

[ 35, 95, 1,[ 47, 33, 15]],

[ 99, 5, 1,[ 6, 29, 70]],

[ 40, 5, 0,[ 68, 21, 24]],

[ 78, 35, 0,[ 51, 83, 5, 90]],

[ 1, 65, 0,[ 9, 32, 55]],

[ 77, 35, 0,[ 88, 72, 73]],

[ 39, 65, 0,[ 13, 52, 98, 30]],

[ 67, 15, 1,[ 33, 46]],

[ 94, 75, 1,[ 62, 85, 42, 74, 29, 81]],

[ 25, 15, 1,[ 21, 96, 54, 95]],

[ 71, 5, 1,[ 31, 53, 95]],

[ 83, 35, 0,[ 97, 78, 88, 64, 76]],

[ 37, 45, 0,[ 24, 93, 28]],

[ 76, 65, 1,[ 83, 43, 75]],

[ 95, 5, 1,[ 71, 92, 25]],

[ 36, 45, 0,[ 2, 12, 14, 17]],

[ 20, 95, 1,[ 68, 46, 82, 98]],

[ 27, 35, 0,[ 69, 91, 86, 56]],

[ 18, 45, 0,[ 93, 49, 13]],

[ 11, 75, 1,[ 96, 43, 44]],

[ 54, 15, 1,[ 25, 91, 60]],

[ 42, 5, 1,[ 94, 90, 72]],

[ 12, 55, 1,[ 38, 8, 36, 92]],

[ 61, 45, 0,[ 81, 15, 46]],

[ 13, 45, 0,[ 30, 39, 81, 18]],

[ 43, 45, 0,[ 17, 11, 34, 76]],

[ 41, 45, 1,[ 22, 9, 33]],

[ 63, 15, 0,[ 14, 80, 44]],

[ 89, 45, 0,[ 8, 58, 19]],

[ 8, 5, 1,[ 12, 89, 4, 45]],

[ 48, 75, 1,[ 34, 93, 65, 5]],

[ 45, 65, 1,[ 31, 8, 0, 82, 79]],

[ 90, 85, 0,[ 78, 42, 0]],

[ 32, 65, 0,[ 38, 1, 52]],

[ 98, 85, 1,[ 82, 23, 4, 20, 39]],

[ 33, 95, 1,[ 35, 41, 5, 79, 67]],

[ 4, 65, 0,[ 86, 8, 98, 10]],

[ 6, 15, 0,[ 16, 14, 99]],

[ 93, 45, 0,[ 48, 37, 10, 18]],

[ 57, 15, 1,[ 26, 53, 82, 58, 56]],

[ 3, 25, 1,[ 55, 92, 70]],

[ 50, 65, 1,[ 97, 49, 64]],

[ 30, 25, 1,[ 39, 13, 26]],

[ 79, 15, 1,[ 33, 87, 45]],

[ 0, 85, 1,[ 17, 45, 90]],

[ 80, 5, 1,[ 63, 58, 84, 10]],

[ 31, 65, 0,[ 71, 45, 73]],

[ 52, 55, 1,[ 39, 5, 32, 47]],

[ 16, 15, 1,[ 6, 66, 51]],

[ 56, 5, 1,[ 92, 57, 27]],

[ 28, 65, 1,[ 21, 37, 19]],

[ 86, 5, 1,[ 4, 87, 27]],

[ 73, 35, 1,[ 44, 77, 15, 31]],

[ 96, 35, 0,[ 91, 25, 11]],

[ 91, 95, 0,[ 96, 27, 54, 19]],

[ 88, 25, 1,[ 77, 83]],

[ 44, 65, 0,[ 49, 11, 73, 63]],

[ 51, 25, 1,[ 59, 16, 78]],

[ 58, 75, 1,[ 19, 80, 57, 85, 89]],

[ 2, 85, 1,[ 60, 7, 36]],

[ 75, 15, 0,[ 53, 68, 76]],

[ 81, 95, 1,[ 13, 94, 61]],

[ 21, 15, 0,[ 25, 40, 28]],

[ 6, 25, 1,[ 51, 12, 79]],

[ 99, 5, 0,[ 45, 32, 86]],

[ 50, 15, 0,[ 20, 74, 58]],

[ 70, 65, 1,[ 44, 75, 72, 24, 4]],

[ 92, 45, 1,[ 11, 67, 95, 22, 36, 78, 28]],

[ 65, 95, 0,[ 98, 68, 7]],

[ 35, 45, 1,[ 5, 33, 11]],

[ 75, 95, 1,[ 89, 55, 70]],

[ 91, 95, 0,[ 24, 49, 64]],

[ 69, 85, 1,[ 21, 23, 97]],

[ 31, 5, 0,[ 79, 67, 76, 97]],

[ 7, 15, 1,[ 27, 77, 65]],

[ 21, 15, 0,[ 63, 69, 76, 38, 79]],

[ 29, 85, 0,[ 71, 96, 39]],

[ 48, 15, 0,[ 87, 12, 5]],

[ 93, 55, 1,[ 68, 0, 39, 26]],

[ 47, 95, 1,[ 56, 20, 22]],

[ 38, 15, 0,[ 20, 40, 21]],

[ 82, 55, 1,[ 71, 88, 25]],

[ 0, 5, 0,[ 34, 93, 4]],

[ 2, 35, 1,[ 18, 34, 25]],

[ 20, 15, 1,[ 25, 42, 47, 50, 98, 38, 37, 61]],

[ 36, 45, 0,[ 92, 80, 32, 13]],

[ 33, 85, 1,[ 35, 39, 19, 88]],

[ 85, 15, 1,[ 96, 54, 40]],

[ 83, 95, 1,[ 19, 72, 27]],

[ 89, 85, 1,[ 76, 15, 75, 56]],

[ 49, 5, 0,[ 91, 45, 3, 18]],

[ 57, 55, 0,[ 54, 30, 8]],

[ 42, 15, 0,[ 15, 20, 43, 17]],

[ 63, 55, 1,[ 21, 44, 12]],

[ 56, 5, 0,[ 89, 47, 66, 10, 94]],

[ 22, 15, 0,[ 47, 52, 92]],

[ 34, 5, 0,[ 12, 2, 0]],

[ 15, 15, 0,[ 79, 89, 27, 42]],

[ 95, 5, 1,[ 60, 64, 92]],

[ 28, 85, 0,[ 73, 43, 92]],

[ 59, 5, 0,[ 84, 26, 16]],

[ 24, 75, 1,[ 70, 61, 91]],

[ 54, 5, 1,[ 85, 3, 57]],

[ 64, 95, 0,[ 95, 94, 91]],

[ 67, 95, 1,[ 14, 31, 68, 92]],

[ 25, 5, 1,[ 82, 2, 23, 87, 20]],

[ 13, 45, 0,[ 36, 10, 17]],

[ 10, 75, 1,[ 13, 62, 56, 16]],

[ 80, 75, 1,[ 62, 78, 36]],

[ 74, 15, 0,[ 76, 87, 50]],

[ 5, 15, 0,[ 35, 53, 48]],

[ 96, 85, 0,[ 85, 29, 8]],

[ 78, 65, 0,[ 80, 92, 32]],

[ 41, 75, 0,[ 1, 14, 62, 53, 84]],

[ 46, 55, 0,[ 27, 9]],

[ 44, 5, 1,[ 70, 9, 90, 63]],

[ 81, 5, 1,[ 1, 17, 19, 94]],

[ 45, 5, 0,[ 99, 58, 49, 1]],

[ 66, 85, 1,[ 11, 94, 56]],

[ 72, 75, 0,[ 83, 70, 8]],

[ 16, 15, 1,[ 59, 94, 10]],

[ 53, 35, 1,[ 5, 41, 17]],

[ 94, 75, 1,[ 81, 64, 56, 66, 16]],

[ 58, 15, 0,[ 40, 45, 50]],

[ 32, 25, 1,[ 78, 99, 36, 77, 37]],

[ 11, 45, 0,[ 35, 66, 92]],

[ 37, 45, 1,[ 32, 20, 60]],

[ 30, 55, 0,[ 90, 57, 3, 55]],

[ 79, 5, 1,[ 6, 51, 21, 15, 31]],

[ 62, 5, 0,[ 80, 41, 10]],

[ 77, 45, 0,[ 32, 7, 4]],

[ 3, 95, 1,[ 49, 30, 54]],

[ 40, 15, 0,[ 38, 58, 85]],

[ 90, 45, 0,[ 84, 44, 30]],

[ 18, 95, 0,[ 2, 49, 43]],

[ 14, 45, 1,[ 26, 41, 67]],

[ 71, 55, 0,[ 88, 82, 29]],

[ 26, 45, 1,[ 59, 14, 93]],

[ 12, 15, 0,[ 63, 6, 48, 34]],

[ 8, 75, 1,[ 57, 51, 96, 72]],

[ 55, 65, 1,[ 30, 51, 75]],

[ 61, 5, 1,[ 98, 24, 20]],

[ 86, 85, 1,[ 99, 23, 52]],

[ 68, 55, 1,[ 65, 93, 67]],

[ 4, 85, 1,[ 70, 0, 77, 9]],

[ 97, 5, 0,[ 23, 69, 31]],

[ 17, 45, 0,[ 13, 42, 81, 53]],

[ 51, 5, 0,[ 55, 6, 8, 79]],

[ 9, 55, 0,[ 4, 44, 46, 43]],

[ 1, 25, 1,[ 45, 41, 81]],

[ 84, 55, 1,[ 60, 59, 90, 41]],

[ 52, 25, 1,[ 73, 98, 86, 22]],

[ 27, 35, 1,[ 15, 7, 46, 83, 73]],

[ 73, 85, 0,[ 28, 52, 27]],

[ 60, 5, 0,[ 95, 37, 84]],

[ 19, 25, 0,[ 83, 81, 33]],

[ 76, 85, 1,[ 21, 74, 89, 31]],

[ 39, 75, 1,[ 93, 29, 33]],

[ 98, 15, 1,[ 65, 61, 52, 20]],

[ 88, 55, 0,[ 71, 33, 82]],

[ 23, 5, 0,[ 25, 69, 86, 97]],

[ 87, 15, 0,[ 48, 74, 25]],

[ 43, 75, 1,[ 42, 18, 28, 9]],

