[ 4, 65, 0,[ 57, 60, 9, 21]],

[ 5, 65, 0,[ 77, 54, 83, 55, 15]],

[ 72, 65, 1,[ 16, 74, 71, 70, 9, 81, 29, 73]],

[ 80, 65, 0,[ 8, 79, 14]],

[ 24, 65, 0,[ 70, 22]],

[ 95, 65, 0,[ 10, 30, 52]],

[ 77, 65, 0,[ 5, 46, 76]],

[ 41, 65, 0,[ 63, 36, 71, 16, 43]],

[ 88, 65, 0,[ 90, 50, 45]],

[ 87, 65, 0,[ 86, 85, 78, 45]],

[ 25, 65, 0,[ 73, 82, 52, 40, 10]],

[ 15, 65, 0,[ 90, 5, 2]],

[ 19, 65, 0,[ 44, 0, 64]],

[ 57, 65, 0,[ 62, 4, 49]],

[ 36, 55, 1,[ 37, 41, 38, 75, 96]],

[ 76, 65, 0,[ 70, 77, 94]],

[ 53, 65, 0,[ 21]],

[ 10, 65, 0,[ 95, 25, 44]],

[ 43, 65, 0,[ 74, 67, 41]],

[ 12, 65, 0,[ 40, 81, 99, 18]],

[ 63, 65, 0,[ 61, 41, 65]],

[ 14, 65, 0,[ 80, 13]],

[ 74, 65, 1,[ 72, 43, 1, 93, 73]],

[ 8, 65, 0,[ 90, 49, 80]],

[ 20, 65, 0,[ 70, 91, 11]],

[ 61, 65, 0,[ 62, 63, 7]],

[ 64, 65, 0,[ 13, 19, 94, 97]],

[ 89, 65, 0,[ 3, 54]],

[ 78, 65, 0,[ 98, 75, 87]],

[ 85, 65, 0,[ 87, 75, 6]],

[ 7, 65, 0,[ 61, 93, 79]],

[ 6, 65, 0,[ 11, 46, 85, 37]],

[ 47, 65, 0,[ 0, 70, 3]],

[ 84, 65, 0,[ 51]],

[ 83, 65, 0,[ 5, 39, 34, 29]],

[ 91, 65, 0,[ 35, 70, 20, 97]],

[ 94, 65, 0,[ 54, 13, 64, 76]],

[ 3, 65, 0,[ 2, 81, 52, 89, 47]],

[ 59, 65, 0,[ 58]],

[ 42, 65, 0,[ 23, 45, 38]],

[ 17, 65, 0,[ 92, 98, 58]],

[ 75, 65, 0,[ 36, 30, 78, 85, 98, 33]],

[ 27, 45, 1,[ 96, 56, 16, 45, 0, 55]],

[ 35, 65, 1,[ 37, 45, 91, 33, 2]],

[ 81, 65, 0,[ 72, 97, 12, 3]],

[ 16, 65, 1,[ 99, 27, 72, 37, 41]],

[ 37, 65, 0,[ 35, 6, 36, 16]],

[ 98, 65, 1,[ 13, 17, 75, 48, 78]],

[ 40, 65, 0,[ 13, 12, 25]],

[ 86, 65, 0,[ 31, 87, 45]],

[ 54, 65, 0,[ 89, 94, 5, 28, 70]],

[ 46, 65, 0,[ 92, 77, 38, 6]],

[ 68, 65, 0,[ 69, 70]],

[ 50, 65, 0,[ 88, 48, 62]],

[ 67, 65, 0,[ 52, 31, 22, 43]],

[ 73, 65, 1,[ 25, 74, 72, 60, 56]],

[ 39, 65, 0,[ 83, 29, 48]],

[ 60, 65, 0,[ 66, 73, 4, 56]],

[ 96, 65, 0,[ 27, 36, 23]],

[ 58, 65, 0,[ 69, 17, 59]],

[ 21, 65, 0,[ 4, 26, 53, 55]],

[ 34, 65, 0,[ 33, 83]],

[ 18, 65, 0,[ 12]],

[ 49, 65, 0,[ 70, 57, 8, 45, 48]],

[ 30, 65, 0,[ 95, 75, 9]],

[ 26, 65, 0,[ 21]],

[ 52, 65, 0,[ 25, 65, 82, 3, 95, 67]],

[ 51, 65, 0,[ 84, 31, 56, 2]],

[ 70, 95, 1,[ 66, 68, 76, 20, 91, 47, 72, 24, 49, 54]],

[ 9, 65, 0,[ 30, 72, 82, 33, 4]],

[ 28, 65, 0,[ 54]],

[ 11, 65, 0,[ 6, 13, 20, 22]],

[ 32, 65, 0,[ 79, 99, 69]],

[ 13, 65, 0,[ 64, 40, 11, 94, 98, 14]],

[ 2, 65, 0,[ 15, 51, 22, 3, 1, 35]],

[ 97, 65, 0,[ 91, 81, 64]],

[ 90, 65, 0,[ 15, 88, 92, 8]],

[ 62, 65, 0,[ 61, 50, 57, 23]],

[ 22, 65, 0,[ 2, 67, 24, 11]],

[ 55, 65, 0,[ 27, 21, 5]],

[ 56, 65, 0,[ 73, 27, 60, 51]],

[ 82, 65, 0,[ 52, 25, 9]],

[ 99, 65, 0,[ 16, 32, 12, 1]],

[ 44, 65, 0,[ 66, 10, 19]],

[ 33, 65, 0,[ 9, 34, 75, 35]],

[ 65, 65, 0,[ 63, 69, 52]],

[ 71, 65, 0,[ 41, 72]],

[ 66, 65, 0,[ 44, 70, 60]],

[ 69, 65, 0,[ 32, 58, 65, 68]],

[ 38, 65, 0,[ 42, 46, 36]],

[ 23, 65, 0,[ 96, 42, 62]],

[ 29, 65, 0,[ 72, 83, 39]],

[ 48, 65, 0,[ 50, 49, 98, 39]],

[ 1, 65, 0,[ 2, 99, 74]],

[ 45, 55, 1,[ 27, 42, 49, 35, 86, 88, 87]],

[ 93, 65, 0,[ 74, 92, 7]],

[ 79, 65, 0,[ 80, 32, 7]],

[ 31, 65, 0,[ 67, 0, 51, 86]],

[ 92, 65, 0,[ 46, 90, 17, 93]],

[ 0, 65, 0,[ 27, 47, 19, 31]],

[ 27, 65, 0,[ 20, 22, 63]],

[ 26, 65, 0,[ 93, 67, 76, 44]],

[ 69, 65, 0,[ 41, 61, 46, 35]],

[ 2, 65, 0,[ 66, 99, 3]],

[ 95, 65, 0,[ 59, 76, 16, 5, 7]],

[ 72, 65, 0,[ 5, 53, 24, 41]],

[ 10, 65, 1,[ 84, 67, 54, 97, 11]],

[ 99, 65, 0,[ 78, 2, 31]],

[ 34, 25, 1,[ 45, 50, 5, 36, 91, 71]],

[ 55, 65, 0,[ 49, 11, 81]],

[ 53, 65, 0,[ 72, 81, 84, 51]],

[ 89, 65, 0,[ 13, 42, 15]],

[ 30, 65, 0,[ 82, 39, 36]],

[ 93, 65, 1,[ 26, 5, 88, 38, 75]],

[ 35, 65, 0,[ 69, 36, 33]],

[ 46, 65, 0,[ 65, 69, 86]],

[ 37, 65, 0,[ 18, 14, 32]],

[ 97, 65, 0,[ 28, 19, 10]],

[ 82, 65, 0,[ 30, 61, 85]],

[ 79, 65, 0,[ 13, 28, 41]],

[ 58, 65, 0,[ 59, 49, 38]],

[ 75, 65, 0,[ 64, 70, 93]],

[ 92, 65, 0,[ 47, 71, 86]],

[ 44, 65, 0,[ 31, 26, 13]],

[ 94, 65, 0,[ 96, 77, 62]],

[ 87, 65, 0,[ 68, 0, 16, 1]],

[ 20, 65, 0,[ 27, 65, 9]],

[ 65, 65, 0,[ 20, 9, 70, 46]],

[ 14, 65, 1,[ 42, 91, 98, 59, 37, 40, 56]],

[ 83, 45, 1,[ 8, 33, 67, 88, 84]],

[ 52, 65, 0,[ 33, 15, 1]],

[ 61, 65, 0,[ 28, 82, 69]],

[ 13, 65, 0,[ 44, 79, 90, 89]],

[ 57, 65, 0,[ 1, 47, 4]],

[ 40, 65, 0,[ 39, 88, 14]],

[ 6, 65, 0,[ 54, 41, 0]],

[ 36, 65, 0,[ 86, 96, 34, 35, 30]],

[ 68, 65, 0,[ 87, 9, 62]],

[ 51, 65, 0,[ 70, 90, 53]],

[ 74, 65, 0,[ 9, 77, 76]],

[ 63, 65, 0,[ 38, 56, 78, 27]],

[ 28, 65, 0,[ 61, 79, 97]],

[ 42, 65, 0,[ 76, 14, 89]],

[ 45, 65, 0,[ 22, 11, 90, 34]],

[ 25, 65, 0,[ 5, 11, 18]],

[ 66, 35, 1,[ 17, 4, 47, 38, 19, 2]],

[ 18, 65, 0,[ 37, 49, 25, 16]],

[ 9, 65, 0,[ 21, 24, 74, 98, 20, 65, 68, 80]],

[ 73, 65, 0,[ 24, 49, 23]],

[ 23, 65, 0,[ 12, 73, 33, 78]],

[ 62, 65, 0,[ 94, 68]],

[ 1, 65, 0,[ 64, 57, 52, 87]],

[ 56, 65, 0,[ 88, 14, 63]],

[ 47, 65, 0,[ 92, 66, 57]],

[ 43, 65, 0,[ 71, 39, 29]],

[ 96, 65, 0,[ 36, 29, 48, 94]],

[ 67, 65, 0,[ 83, 26, 10]],

[ 22, 65, 0,[ 15, 45, 27]],

[ 49, 15, 1,[ 50, 81, 55, 73, 18, 33, 58]],

[ 12, 65, 0,[ 85, 88, 23]],

[ 84, 65, 0,[ 53, 10, 76, 83, 85]],

[ 91, 65, 0,[ 7, 34, 21, 14]],

[ 39, 65, 0,[ 30, 43, 48, 40, 31]],

[ 54, 65, 0,[ 6, 4, 70, 10]],

[ 17, 65, 0,[ 77, 76, 66]],

[ 90, 65, 0,[ 51, 13, 86, 45]],

[ 19, 15, 1,[ 66, 29, 97]],

[ 98, 65, 0,[ 9, 76, 14]],

[ 32, 65, 0,[ 60, 37, 41, 29]],

[ 15, 65, 0,[ 89, 52, 48, 22]],

[ 80, 65, 0,[ 9, 8, 60]],

[ 21, 65, 0,[ 91, 7, 9]],

[ 16, 65, 0,[ 87, 18, 95]],

[ 77, 65, 0,[ 17, 74, 94]],

[ 76, 85, 1,[ 98, 8, 84, 88, 74, 60, 95, 42, 26, 17]],

[ 64, 65, 0,[ 1, 75, 0]],

[ 4, 65, 0,[ 66, 54, 57]],

[ 88, 65, 1,[ 12, 83, 31, 40, 56, 93, 76, 50]],

[ 59, 65, 0,[ 58, 95, 14]],

[ 41, 65, 0,[ 6, 72, 79, 69, 32]],

[ 24, 65, 0,[ 9, 73, 72]],

[ 60, 65, 0,[ 80, 32, 76]],

[ 3, 65, 0,[ 2, 78, 71]],

[ 85, 65, 0,[ 82, 84, 12]],

[ 50, 65, 0,[ 34, 49, 88]],

[ 5, 65, 0,[ 95, 34, 72, 93, 25]],

[ 7, 65, 0,[ 21, 95, 91]],

[ 70, 65, 0,[ 31, 51, 75, 54, 65]],

[ 78, 65, 0,[ 99, 23, 3, 63]],

[ 0, 65, 0,[ 64, 87, 6]],

[ 33, 65, 0,[ 83, 49, 35, 23, 52]],

[ 71, 65, 0,[ 92, 3, 34, 43]],

[ 86, 65, 0,[ 92, 90, 46, 36]],

[ 38, 65, 0,[ 63, 58, 93, 66]],

[ 31, 65, 0,[ 70, 99, 39, 44, 88]],

[ 81, 65, 0,[ 55, 53, 49]],

[ 8, 65, 0,[ 76, 80, 83]],

[ 29, 65, 0,[ 96, 19, 32, 43]],

[ 48, 65, 0,[ 96, 15, 39]],

[ 11, 65, 0,[ 25, 45, 55, 10]],

