[ 81, 95, 1,[ 1, 5, 53]],

[ 93, 15, 1,[ 1, 77, 43]],

[ 44, 25, 1,[ 43, 57, 49, 84]],

[ 48, 25, 1,[ 2, 57, 79, 46]],

[ 65, 55, 0,[ 55, 36, 82, 73]],

[ 9, 15, 0,[ 59, 95, 88, 86, 74, 72]],

[ 29, 15, 1,[ 35, 30, 84, 4]],

[ 32, 85, 1,[ 15, 13, 75]],

[ 36, 25, 0,[ 58, 11, 65, 30, 78]],

[ 70, 85, 1,[ 99, 60, 10, 11]],

[ 55, 55, 0,[ 19, 65, 99]],

[ 99, 55, 1,[ 55, 70, 23, 49, 1, 67]],

[ 22, 45, 0,[ 85, 58, 38]],

[ 31, 55, 1,[ 24, 41, 35]],

[ 61, 35, 1,[ 12, 64, 90, 87]],

[ 0, 45, 0,[ 98, 25, 10]],

[ 89, 15, 1,[ 76, 97, 1]],

[ 16, 65, 1,[ 98, 71]],

[ 66, 35, 0,[ 34, 7, 87]],

[ 26, 85, 0,[ 53, 42, 60]],

[ 2, 55, 0,[ 48, 71, 8, 92]],

[ 92, 95, 1,[ 2, 38, 87]],

[ 75, 55, 1,[ 60, 32, 43]],

[ 83, 55, 0,[ 3, 37, 51]],

[ 63, 65, 0,[ 74, 10, 82]],

[ 97, 65, 0,[ 5, 89, 34]],

[ 11, 25, 0,[ 36, 70, 20]],

[ 40, 25, 0,[ 27, 8, 91]],

[ 1, 95, 0,[ 99, 93, 81, 89]],

[ 91, 55, 1,[ 40, 5, 30, 64]],

[ 57, 55, 1,[ 76, 67, 48, 44]],

[ 12, 65, 0,[ 90, 61, 52]],

[ 76, 5, 1,[ 89, 62, 73, 57]],

[ 74, 15, 0,[ 9, 56, 77, 63]],

[ 18, 5, 1,[ 51, 42, 14, 79]],

[ 94, 95, 0,[ 19, 46, 47]],

[ 6, 65, 0,[ 72, 15, 47, 78]],

[ 86, 95, 0,[ 52, 50, 9]],

[ 35, 25, 0,[ 29, 52, 31]],

[ 13, 75, 0,[ 96, 32, 58]],

[ 80, 95, 1,[ 95, 41, 90, 37]],

[ 10, 75, 1,[ 70, 62, 63, 79, 77, 0]],

[ 38, 95, 1,[ 28, 24, 22, 92]],

[ 96, 75, 0,[ 20, 13]],

[ 33, 65, 0,[ 78, 58, 56]],

[ 45, 75, 0,[ 25, 68, 42, 84]],

[ 68, 35, 1,[ 15, 7, 45]],

[ 17, 55, 0,[ 82, 37, 71]],

[ 88, 75, 1,[ 9, 19, 20]],

[ 64, 65, 0,[ 7, 61, 91, 21]],

[ 77, 15, 0,[ 10, 93, 74, 82]],

[ 14, 95, 0,[ 18, 19, 7]],

[ 69, 95, 0,[ 19, 4, 20]],

[ 87, 95, 1,[ 61, 66, 92]],

[ 60, 85, 0,[ 75, 26, 70]],

[ 85, 75, 1,[ 22, 72, 53]],

[ 47, 95, 0,[ 39, 94, 6]],

[ 67, 15, 0,[ 3, 99, 57]],

[ 24, 15, 1,[ 78, 31, 38]],

[ 42, 65, 1,[ 18, 45, 26]],

[ 50, 35, 1,[ 15, 23, 86]],

[ 4, 75, 1,[ 69, 39, 29, 54]],

[ 84, 75, 1,[ 44, 29, 45]],

[ 59, 65, 1,[ 8, 9, 56]],

[ 37, 55, 0,[ 80, 17, 83]],

[ 30, 25, 0,[ 29, 36, 91]],

[ 79, 85, 0,[ 10, 18, 48]],

[ 46, 95, 0,[ 7, 48, 94]],

[ 98, 85, 1,[ 0, 56, 16, 21, 62, 51]],

[ 53, 95, 0,[ 73, 85, 26, 81]],

[ 28, 95, 0,[ 58, 38]],

[ 25, 65, 1,[ 45, 0, 41]],

[ 54, 45, 0,[ 4, 49, 82]],

[ 43, 45, 0,[ 93, 75, 44]],

[ 82, 25, 1,[ 63, 17, 77, 65, 54]],

[ 7, 15, 1,[ 66, 64, 46, 68, 14]],

[ 5, 35, 1,[ 91, 97, 81]],

[ 72, 65, 0,[ 9, 6, 85]],

[ 8, 95, 1,[ 40, 2, 59]],

[ 62, 75, 0,[ 98, 27, 76, 10]],

[ 27, 75, 0,[ 62, 40]],

[ 41, 95, 1,[ 52, 25, 31, 80]],

[ 34, 65, 0,[ 97, 15, 66]],

[ 21, 45, 0,[ 3, 64, 98]],

[ 90, 95, 1,[ 12, 80, 61]],

[ 73, 35, 1,[ 56, 53, 76, 65]],

[ 58, 25, 1,[ 28, 22, 33, 36, 13]],

[ 23, 25, 1,[ 99, 50]],

[ 51, 85, 1,[ 83, 98, 18]],

[ 49, 95, 1,[ 99, 54, 3, 44]],

[ 95, 85, 1,[ 80, 9, 39]],

[ 52, 95, 0,[ 41, 35, 12, 86]],

[ 15, 65, 0,[ 34, 50, 32, 68, 6]],

[ 56, 15, 0,[ 73, 59, 33, 98, 74]],

[ 71, 75, 1,[ 17, 2, 16]],

[ 39, 95, 0,[ 47, 95, 4]],

[ 78, 15, 1,[ 36, 6, 24, 33]],

[ 20, 85, 1,[ 11, 69, 96, 88]],

[ 3, 95, 1,[ 21, 83, 49, 67]],

[ 19, 25, 1,[ 94, 55, 14, 69, 88]],

[ 97, 25, 0,[ 94, 4, 35]],

[ 70, 15, 1,[ 40, 23, 91]],

[ 10, 55, 0,[ 36, 61, 21]],

[ 3, 95, 1,[ 16, 96, 90, 25, 63, 93]],

[ 45, 75, 1,[ 68, 60, 34]],

[ 50, 55, 0,[ 68, 34, 7, 32]],

[ 8, 45, 0,[ 31, 7, 64]],

[ 14, 5, 1,[ 33, 96, 54, 24]],

[ 37, 55, 1,[ 95, 75, 52]],

[ 31, 35, 1,[ 15, 46, 8, 66]],

[ 78, 35, 0,[ 93, 16, 27]],

[ 1, 5, 1,[ 12, 88, 55]],

[ 0, 45, 0,[ 7, 94, 59]],

[ 90, 35, 0,[ 3, 19, 64]],

[ 89, 55, 1,[ 47, 87, 63, 12]],

[ 71, 95, 0,[ 51, 48, 5]],

[ 21, 85, 1,[ 83, 62, 10]],

[ 73, 75, 0,[ 72, 61, 24, 49]],

[ 51, 35, 1,[ 71, 44, 91]],

[ 41, 65, 1,[ 49, 43, 18, 66]],

[ 57, 55, 1,[ 29, 86, 76, 52]],

[ 48, 75, 1,[ 71, 38, 87, 95]],

[ 76, 25, 0,[ 11, 57, 86]],

[ 74, 65, 1,[ 80, 40, 15]],

[ 42, 25, 1,[ 67, 15, 58, 92]],

[ 5, 95, 0,[ 67, 65, 71]],

[ 13, 5, 0,[ 62, 99, 35]],

[ 65, 55, 1,[ 5, 63, 46]],

[ 36, 45, 0,[ 59, 10, 64]],

[ 79, 55, 0,[ 35, 85, 18]],

[ 92, 95, 1,[ 7, 42, 61]],

[ 47, 75, 0,[ 55, 89, 62]],

[ 83, 85, 0,[ 4, 33, 21]],

[ 69, 45, 0,[ 4, 59, 20]],

[ 4, 75, 1,[ 97, 83, 69, 85]],

[ 94, 75, 1,[ 0, 97, 61]],

[ 20, 45, 0,[ 9, 69, 32, 7]],

[ 66, 55, 1,[ 31, 55, 2, 41]],

[ 67, 65, 1,[ 42, 5, 56, 26, 93]],

[ 75, 85, 0,[ 58, 37, 80]],

[ 91, 65, 0,[ 70, 95, 51]],

[ 46, 45, 1,[ 31, 33, 65, 81, 84]],

[ 68, 45, 1,[ 50, 45, 6]],

[ 87, 75, 0,[ 48, 39, 89]],

[ 19, 85, 1,[ 30, 27, 90]],

[ 55, 65, 1,[ 34, 60, 1, 66, 47]],

[ 30, 25, 1,[ 54, 80, 19]],

[ 7, 45, 1,[ 0, 49, 8, 50, 20, 92]],

[ 27, 5, 0,[ 78, 23, 86, 19, 99]],

[ 99, 55, 1,[ 27, 53, 13]],

[ 95, 75, 0,[ 52, 37, 48, 91]],

[ 39, 5, 0,[ 22, 87, 82]],

[ 38, 25, 1,[ 54, 48, 60]],

[ 64, 15, 1,[ 36, 90, 8]],

[ 59, 85, 1,[ 0, 36, 69, 11]],

[ 25, 55, 0,[ 85, 3, 53]],

[ 29, 35, 1,[ 57, 61, 82]],

[ 85, 55, 0,[ 25, 79, 4]],

[ 56, 85, 0,[ 12, 67, 17]],

[ 26, 25, 1,[ 82, 35, 67]],

[ 40, 75, 1,[ 70, 28, 44, 74]],

[ 18, 35, 0,[ 79, 52, 41]],

[ 34, 95, 0,[ 45, 55, 50]],

[ 24, 75, 0,[ 14, 17, 73]],

[ 98, 25, 0,[ 72, 96, 80]],

[ 43, 5, 1,[ 84, 41, 82]],

[ 96, 85, 1,[ 11, 14, 88, 3, 86, 98]],

[ 28, 95, 1,[ 80, 6, 40]],

[ 77, 65, 1,[ 93, 44, 54]],

[ 23, 35, 0,[ 70, 53, 27]],

[ 81, 65, 0,[ 32, 46, 82]],

[ 52, 75, 0,[ 95, 57, 37, 18]],

[ 93, 55, 0,[ 3, 78, 77, 67]],

[ 58, 85, 0,[ 84, 42, 75]],

[ 61, 45, 1,[ 22, 73, 29, 10, 92, 94]],

[ 9, 85, 0,[ 62, 6, 20]],

[ 32, 85, 1,[ 20, 81, 50]],

[ 54, 85, 0,[ 77, 2, 14, 30, 38]],

[ 86, 45, 1,[ 27, 96, 76, 57]],

[ 12, 45, 1,[ 89, 1, 56]],

[ 62, 15, 1,[ 47, 2, 13, 9, 21]],

[ 35, 5, 1,[ 26, 13, 79, 97]],

[ 16, 35, 0,[ 22, 3, 78]],

[ 72, 25, 1,[ 98, 73, 6]],

[ 6, 35, 1,[ 9, 72, 68, 17, 28]],

[ 88, 85, 0,[ 84, 1, 96]],

[ 2, 75, 1,[ 54, 62, 66]],

[ 53, 55, 0,[ 25, 99, 23]],

[ 15, 75, 0,[ 42, 31, 74]],

[ 63, 45, 0,[ 89, 3, 65]],

[ 80, 75, 1,[ 98, 74, 28, 30, 75]],

[ 33, 65, 0,[ 46, 14, 83]],

[ 11, 25, 0,[ 76, 59, 96]],

[ 82, 35, 0,[ 43, 39, 81, 29, 26]],

[ 22, 5, 1,[ 16, 61, 39]],

[ 84, 85, 0,[ 88, 43, 58, 46]],

[ 60, 75, 0,[ 55, 45, 38]],

[ 49, 15, 0,[ 7, 41, 73]],

[ 17, 85, 0,[ 24, 6, 56]],

[ 44, 95, 1,[ 51, 77, 40]],

