[ 69, 65, 0,[ 11, 9, 31]],

[ 47, 85, 0,[ 58, 96, 51]],

[ 30, 75, 1,[ 76, 29, 4, 87]],

[ 64, 65, 0,[ 22, 91, 73]],

[ 5, 65, 0,[ 75, 88, 46]],

[ 88, 55, 1,[ 80, 42, 85, 5, 36, 7]],

[ 71, 45, 0,[ 0, 24, 73]],

[ 90, 5, 1,[ 89, 37, 21]],

[ 37, 85, 0,[ 90, 91, 68]],

[ 79, 45, 0,[ 74, 58, 86, 31]],

[ 48, 85, 1,[ 63, 35, 85, 1]],

[ 82, 25, 1,[ 99, 55, 15, 39]],

[ 28, 75, 0,[ 14, 68, 62]],

[ 65, 75, 0,[ 55, 52, 68]],

[ 97, 75, 0,[ 67, 26, 43]],

[ 31, 95, 1,[ 77, 78, 36, 79, 69]],

[ 51, 85, 1,[ 47, 54, 2, 18, 20, 61, 12, 43]],

[ 12, 45, 0,[ 89, 51, 13]],

[ 4, 45, 0,[ 30, 60, 0]],

[ 36, 75, 0,[ 31, 88, 3]],

[ 87, 5, 1,[ 95, 93, 30, 2]],

[ 44, 85, 0,[ 70, 25, 60]],

[ 40, 95, 1,[ 56, 19, 23, 73, 76]],

[ 68, 55, 1,[ 93, 28, 65, 37, 57]],

[ 0, 5, 1,[ 14, 16, 4, 71, 89, 72, 63]],

[ 93, 65, 0,[ 68, 87]],

[ 13, 45, 1,[ 12, 23, 83, 8, 15]],

[ 23, 75, 0,[ 70, 13, 40]],

[ 35, 45, 0,[ 45, 1, 48]],

[ 66, 45, 0,[ 95, 18, 67, 58, 92]],

[ 3, 45, 1,[ 17, 81, 36]],

[ 98, 5, 1,[ 99, 94, 26]],

[ 19, 45, 0,[ 34, 40, 56]],

[ 18, 45, 0,[ 92, 66, 51]],

[ 2, 65, 1,[ 52, 87, 50, 51]],

[ 96, 5, 0,[ 47, 86, 52]],

[ 7, 65, 0,[ 70, 88, 9]],

[ 78, 35, 1,[ 31, 10, 1]],

[ 56, 85, 0,[ 40, 19, 33, 29]],

[ 77, 45, 0,[ 17, 31, 24]],

[ 34, 75, 1,[ 19, 21, 39, 60]],

[ 38, 45, 0,[ 58, 57, 62]],

[ 21, 45, 0,[ 34, 90, 74]],

[ 86, 5, 0,[ 73, 96, 79]],

[ 70, 25, 1,[ 62, 54, 44, 85, 23, 7]],

[ 24, 45, 1,[ 71, 77, 91, 83]],

[ 85, 65, 0,[ 52, 88, 70, 48]],

[ 73, 25, 1,[ 55, 64, 40, 86, 15, 71]],

[ 26, 85, 1,[ 98, 80, 97, 14, 11]],

[ 25, 75, 0,[ 44, 67, 6]],

[ 80, 65, 0,[ 26, 88, 84]],

[ 92, 35, 1,[ 66, 15, 18]],

[ 89, 55, 1,[ 14, 16, 55, 0, 12, 90]],

[ 10, 75, 0,[ 9, 78, 52]],

[ 54, 85, 0,[ 51, 52, 70]],

[ 50, 45, 0,[ 2, 32, 63]],

[ 43, 45, 1,[ 51, 27, 97, 42, 9]],

[ 99, 75, 0,[ 98, 20, 82]],

[ 39, 5, 1,[ 82, 34, 57]],

[ 32, 55, 1,[ 50, 83, 9, 16]],

[ 29, 55, 0,[ 56, 30, 83]],

[ 74, 65, 1,[ 79, 67, 94, 21]],

[ 53, 95, 1,[ 84, 76, 45]],

[ 83, 5, 1,[ 32, 24, 29, 13]],

[ 20, 65, 0,[ 94, 51, 99]],

[ 46, 45, 0,[ 55, 5, 33]],

[ 6, 45, 0,[ 25, 22, 94, 52]],

[ 60, 65, 0,[ 34, 44, 4]],

[ 27, 85, 1,[ 43, 45, 42]],

[ 1, 75, 0,[ 78, 35, 48]],

[ 14, 65, 0,[ 26, 89, 0, 28]],

[ 95, 85, 1,[ 66, 49, 33, 87, 72]],

[ 22, 65, 1,[ 75, 6, 84, 64]],

[ 42, 55, 0,[ 88, 43, 27]],

[ 84, 5, 1,[ 53, 80, 22, 61]],

[ 33, 75, 1,[ 72, 56, 95, 46]],

[ 52, 45, 1,[ 2, 96, 85, 6, 54, 65, 10]],

[ 41, 75, 0,[ 63, 81, 57]],

[ 76, 75, 1,[ 30, 53, 40]],

[ 81, 85, 1,[ 59, 3, 9, 41]],

[ 55, 35, 1,[ 65, 46, 89, 73, 82]],

[ 16, 65, 1,[ 0, 32, 89]],

[ 8, 75, 1,[ 94, 13, 59]],

[ 91, 15, 1,[ 37, 61, 24, 64]],

[ 72, 45, 0,[ 95, 33, 0]],

[ 94, 25, 1,[ 20, 98, 8, 74, 6]],

[ 17, 65, 1,[ 62, 3, 77]],

[ 11, 35, 1,[ 69, 26, 49]],

[ 57, 55, 0,[ 68, 41, 38, 39]],

[ 15, 95, 1,[ 82, 92, 13, 73]],

[ 9, 15, 1,[ 69, 81, 7, 32, 43, 10]],

[ 49, 65, 0,[ 95, 11]],

[ 67, 65, 0,[ 66, 74, 97, 25]],

[ 75, 65, 1,[ 22, 63, 5]],

[ 61, 85, 0,[ 51, 91, 84]],

[ 58, 15, 1,[ 47, 66, 79, 38]],

[ 63, 45, 1,[ 59, 75, 48, 0, 41, 50]],

[ 59, 45, 1,[ 81, 8, 63]],

[ 45, 65, 0,[ 27, 35, 53]],

[ 62, 5, 0,[ 17, 38, 70, 28]],

