[ 56, 45, 0,[ 37, 35]],

[ 40, 25, 1,[ 38, 68, 34]],

[ 62, 55, 1,[ 55, 91, 18, 71]],

[ 86, 5, 1,[ 65, 22, 58]],

[ 3, 95, 0,[ 99, 19, 8]],

[ 9, 75, 0,[ 19, 22, 14, 44, 64]],

[ 42, 95, 1,[ 92, 8, 33]],

[ 72, 15, 0,[ 98, 94, 22, 75, 20]],

[ 27, 75, 1,[ 29, 6, 0, 97]],

[ 1, 5, 1,[ 12, 75, 60, 99]],

[ 23, 55, 0,[ 63, 78, 30, 60]],

[ 43, 35, 1,[ 0, 2, 34, 46]],

[ 88, 35, 1,[ 51, 94, 90, 25, 34]],

[ 34, 85, 0,[ 40, 43, 88]],

[ 67, 75, 1,[ 85, 82, 4]],

[ 92, 75, 1,[ 95, 0, 42, 76, 11, 12]],

[ 11, 55, 0,[ 66, 92, 79]],

[ 28, 75, 1,[ 55, 4, 13, 87]],

[ 17, 15, 0,[ 76, 77, 83, 18]],

[ 36, 55, 1,[ 25, 20, 4, 68]],

[ 33, 75, 1,[ 98, 66, 42]],

[ 71, 55, 1,[ 78, 69, 62]],

[ 2, 85, 0,[ 52, 43, 12]],

[ 83, 85, 1,[ 7, 17, 21]],

[ 73, 65, 0,[ 41, 84, 16, 59, 14]],

[ 22, 55, 1,[ 15, 9, 72, 86]],

[ 21, 65, 0,[ 83, 19, 6]],

[ 30, 25, 1,[ 35, 37, 23, 39, 96]],

[ 15, 55, 0,[ 22, 78, 61, 8]],

[ 41, 65, 0,[ 79, 73, 84]],

[ 70, 65, 1,[ 97, 5, 7]],

[ 61, 55, 0,[ 75, 24, 85, 15]],

[ 90, 65, 1,[ 79, 88, 18]],

[ 60, 55, 0,[ 23, 24, 1]],

[ 57, 15, 1,[ 24, 16, 53]],

[ 91, 95, 0,[ 81, 62, 65]],

[ 53, 15, 0,[ 25, 89, 20, 57, 45]],

[ 99, 45, 1,[ 3, 1, 58]],

[ 59, 55, 0,[ 84, 73, 79]],

[ 32, 95, 0,[ 63, 45, 96]],

[ 45, 75, 1,[ 53, 81, 32]],

[ 46, 15, 1,[ 82, 43, 89]],

[ 82, 45, 0,[ 46, 6, 67]],

[ 85, 15, 1,[ 69, 67, 61]],

[ 8, 55, 1,[ 42, 3, 15]],

[ 55, 35, 0,[ 62, 28, 48]],

[ 48, 65, 1,[ 54, 65, 55, 26]],

[ 98, 25, 0,[ 80, 72, 33]],

[ 95, 65, 0,[ 47, 51, 92]],

[ 37, 45, 0,[ 56, 50, 30]],

[ 80, 55, 1,[ 94, 98, 97]],

[ 4, 35, 0,[ 89, 28, 54, 67, 36]],

[ 66, 35, 0,[ 33, 11, 54]],

[ 65, 35, 0,[ 86, 91, 48]],

[ 87, 35, 0,[ 52, 28, 0, 47]],

[ 74, 75, 0,[ 97, 77, 96]],

[ 35, 95, 1,[ 58, 30, 56]],

[ 24, 55, 0,[ 60, 61, 57]],

[ 44, 75, 1,[ 9, 54]],

[ 89, 15, 0,[ 46, 53, 4]],

[ 84, 5, 1,[ 7, 41, 59, 73, 13]],

[ 7, 95, 0,[ 70, 31, 84, 83]],

[ 68, 75, 0,[ 36, 40, 51]],

[ 81, 95, 0,[ 45, 91]],

[ 96, 25, 0,[ 74, 32, 30]],

[ 13, 15, 0,[ 28, 29, 84, 49]],

[ 38, 75, 0,[ 50, 5, 18, 40]],

[ 76, 55, 1,[ 92, 17, 6]],

[ 51, 5, 1,[ 68, 95, 39, 88]],

[ 64, 75, 1,[ 9]],

[ 94, 45, 1,[ 88, 80, 72]],

[ 78, 55, 0,[ 23, 15, 14, 71]],

[ 79, 25, 1,[ 90, 11, 59, 41]],

[ 97, 85, 1,[ 49, 80, 74, 27, 70]],

[ 14, 5, 1,[ 9, 73, 78]],

[ 26, 15, 1,[ 48, 63, 93, 10]],

[ 75, 55, 1,[ 1, 72, 61]],

[ 93, 45, 1,[ 26, 20, 29]],

[ 29, 55, 0,[ 13, 27, 93]],

[ 12, 85, 1,[ 92, 1, 2]],

[ 0, 75, 1,[ 87, 27, 92, 43, 16]],

[ 39, 45, 0,[ 50, 5, 30, 51]],

[ 19, 65, 0,[ 3, 21, 9]],

[ 69, 45, 1,[ 71, 49, 85]],

[ 25, 15, 0,[ 36, 53, 88]],

[ 54, 35, 0,[ 4, 66, 48, 44]],

[ 77, 65, 1,[ 10, 74, 17]],

[ 16, 65, 0,[ 57, 73, 47, 0]],

[ 63, 15, 1,[ 10, 32, 31, 47, 23, 26]],

[ 5, 25, 1,[ 38, 70, 39]],

[ 50, 35, 1,[ 37, 38, 39]],

[ 49, 15, 0,[ 97, 69, 13]],

[ 10, 25, 1,[ 77, 26, 63]],

[ 47, 65, 0,[ 87, 16, 95, 63]],

[ 31, 95, 0,[ 63, 52, 7]],

[ 18, 45, 0,[ 38, 90, 62, 17]],

[ 20, 55, 1,[ 53, 93, 72, 36]],

[ 6, 45, 0,[ 82, 76, 27, 21]],

[ 52, 95, 0,[ 87, 31, 2]],

[ 58, 55, 1,[ 35, 99, 86]],

[ 40, 65, 1,[ 30, 54, 57, 23]],

[ 48, 35, 1,[ 9, 58, 81]],

[ 20, 5, 1,[ 63, 17, 34]],

[ 27, 5, 0,[ 63, 91, 22, 71, 29]],

[ 81, 15, 0,[ 13, 48, 80, 18]],

[ 39, 15, 0,[ 13, 1, 10]],

[ 78, 65, 0,[ 68, 72, 30, 60, 91, 87, 99]],

[ 37, 95, 0,[ 43, 22, 1]],

[ 10, 15, 0,[ 23, 73, 88, 26, 39]],

[ 28, 85, 1,[ 90, 4, 18]],

[ 12, 75, 0,[ 56, 61, 93, 82]],

[ 32, 55, 1,[ 26, 42, 50]],

[ 3, 25, 1,[ 9, 83, 15]],

[ 72, 75, 0,[ 78, 47]],

[ 98, 85, 0,[ 64, 89, 69]],

[ 43, 95, 0,[ 33, 37, 79, 42]],

[ 11, 65, 1,[ 33, 36, 52]],

[ 90, 25, 0,[ 96, 31, 28]],

[ 60, 95, 1,[ 96, 8, 0, 83, 78, 41]],

[ 19, 95, 1,[ 17, 22, 99, 58]],

[ 79, 15, 1,[ 88, 57, 43]],

[ 42, 15, 1,[ 32, 71, 88, 43]],

[ 34, 25, 0,[ 13, 51, 83, 66, 20]],

[ 31, 5, 0,[ 23, 38, 90]],

[ 69, 75, 0,[ 95, 98, 56]],

[ 87, 95, 1,[ 13, 96, 78]],

[ 84, 65, 0,[ 7, 5, 95]],

[ 74, 75, 1,[ 77, 50]],

[ 26, 25, 0,[ 32, 45, 13, 10]],

[ 33, 55, 0,[ 47, 75, 43, 11]],

[ 8, 65, 0,[ 66, 60, 76]],

[ 15, 25, 0,[ 35, 85, 93, 3]],

[ 85, 95, 1,[ 25, 15, 50, 94, 46, 21, 45]],

[ 44, 55, 0,[ 52, 95, 21, 14, 24]],

[ 80, 75, 1,[ 35, 73, 81]],

[ 9, 55, 0,[ 75, 86, 68, 3, 48]],

[ 94, 55, 0,[ 85, 53, 0]],

[ 35, 85, 0,[ 80, 16, 63, 15, 22]],

[ 88, 45, 1,[ 79, 10, 42]],

[ 18, 35, 1,[ 6, 28, 55, 81, 4]],

[ 17, 65, 1,[ 95, 20, 61, 21, 19]],

[ 89, 85, 0,[ 67, 98, 82]],

[ 63, 95, 1,[ 20, 35, 27]],

[ 6, 15, 1,[ 82, 18]],

[ 47, 75, 0,[ 61, 53, 33, 72]],

[ 1, 95, 1,[ 37, 39, 51]],

[ 24, 55, 0,[ 44, 62, 71, 29]],

[ 92, 85, 0,[ 22, 65, 55]],

[ 86, 45, 0,[ 54, 9, 52]],

[ 61, 75, 0,[ 12, 47, 17]],

[ 41, 65, 0,[ 59, 60, 73, 36]],

[ 77, 45, 0,[ 73, 74, 22]],

[ 4, 15, 0,[ 18, 67, 28]],

[ 22, 25, 1,[ 37, 77, 27, 58, 19, 35, 92]],

[ 71, 45, 1,[ 75, 42, 24, 27]],

[ 55, 95, 1,[ 62, 18, 14, 92]],

[ 99, 55, 1,[ 23, 78, 19]],

[ 30, 85, 0,[ 78, 64, 40]],

[ 57, 25, 1,[ 40, 68, 79]],

[ 5, 25, 1,[ 13, 84]],

[ 23, 85, 0,[ 10, 31, 40, 99]],

[ 73, 25, 1,[ 77, 80, 58, 41, 10]],

[ 65, 85, 0,[ 92, 82, 49]],

[ 54, 55, 1,[ 2, 40, 49, 86]],

[ 97, 85, 0,[ 49, 70, 45]],

[ 13, 75, 1,[ 34, 26, 87, 39, 5, 7, 81, 46]],

[ 0, 65, 1,[ 94, 60, 29]],

[ 93, 65, 1,[ 70, 15, 51, 91, 12]],

[ 36, 5, 1,[ 38, 41, 11]],

[ 58, 15, 0,[ 73, 22, 48, 19]],

[ 21, 15, 1,[ 17, 85, 44]],

[ 50, 25, 0,[ 85, 74, 32]],

[ 82, 45, 1,[ 12, 89, 65, 6, 49, 16, 38]],

[ 62, 25, 0,[ 55, 24, 67]],

[ 14, 25, 1,[ 16, 55, 44]],

[ 25, 65, 0,[ 85, 70, 76]],

[ 70, 95, 1,[ 97, 25, 93]],

[ 45, 85, 0,[ 85, 97, 26]],

[ 83, 5, 1,[ 34, 60, 3]],

[ 16, 85, 0,[ 14, 82, 67, 35]],

[ 66, 45, 1,[ 34, 68, 8]],

[ 29, 55, 0,[ 24, 0, 27]],

[ 2, 55, 1,[ 54, 59, 64]],

[ 49, 15, 1,[ 54, 65, 82, 97]],

[ 51, 95, 0,[ 34, 93, 1]],

[ 7, 65, 0,[ 84, 13, 68]],

[ 91, 85, 1,[ 27, 93, 78]],

[ 52, 75, 1,[ 86, 44, 11, 64]],

[ 67, 35, 1,[ 4, 16, 62, 89]],

[ 76, 65, 1,[ 8, 46, 25]],

[ 75, 55, 0,[ 9, 33, 71]],

[ 95, 15, 1,[ 96, 17, 44, 69, 84]],

[ 68, 65, 0,[ 78, 66, 9, 7, 57]],

[ 96, 65, 0,[ 90, 60, 87, 95]],

[ 38, 55, 1,[ 36, 82, 31]],

[ 56, 75, 0,[ 69, 12]],

[ 59, 45, 1,[ 2, 41, 53]],

[ 53, 55, 1,[ 94, 59, 47]],

[ 46, 5, 0,[ 13, 76, 85]],

[ 64, 35, 1,[ 98, 2, 52, 30]],

